23
n236_237   0.0000000 0.3393808 0.0587161 0.0658962 0.3567020 0.0622503 0.3341702 0.0734230 0.3299669 0.0623028 0.3402751 0.3394500 0.0622781 0.0659625 0.3462807 0.3295899 0.0624125 0.3336248 0.0660004 0.0771741 0.3692470 0.3462490 0.1345953 
n266_267   0.3393808 0.0000000 0.3289061 0.3288297 0.3570091 0.3283499 0.1193175 0.3304757 0.2839295 0.3339871 0.2796162 0.0134619 0.3338360 0.3344083 0.2992074 0.2836106 0.3296957 0.1191397 0.3297794 0.3353812 0.3675517 0.3519970 0.2952372 
n296_297   0.0587161 0.3289061 0.0000000 0.0134046 0.3518438 0.0033265 0.3390653 0.0271323 0.3141507 0.0100347 0.3184764 0.3289755 0.0100306 0.0202114 0.3300950 0.3137941 0.0168229 0.3385115 0.0202227 0.0306212 0.3699293 0.3414495 0.1427171 
n290_291   0.0658962 0.3288297 0.0134046 0.0000000 0.3682857 0.0167758 0.3389866 0.0340506 0.3299034 0.0100273 0.3342852 0.3288991 0.0033255 0.0270548 0.3462127 0.3295266 0.0236447 0.3280268 0.0270701 0.0375758 0.3805985 0.3576626 0.1508226 
n255_256   0.3567020 0.3570091 0.3518438 0.3682857 0.0000000 0.3567146 0.3662328 0.3647913 0.3396699 0.3629978 0.3449214 0.3624045 0.3628308 0.3634591 0.3561721 0.3392812 0.3585670 0.3656283 0.3586558 0.3755348 0.2698895 0.0339510 0.3212348 
n295_296   0.0622503 0.3283499 0.0033265 0.0167758 0.3567146 0.0000000 0.3384900 0.0305612 0.3188665 0.0133955 0.3232033 0.3284192 0.0133901 0.0236083 0.3348984 0.3185043 0.0202117 0.3379379 0.0236216 0.0340654 0.3748615 0.3462664 0.1465866 
n286_287   0.3341702 0.1193175 0.3390653 0.3389866 0.3662328 0.3384900 0.0000000 0.3406871 0.2782515 0.3442089 0.2833724 0.1113339 0.3440527 0.3446430 0.2933666 0.2779404 0.3398823 0.0067023 0.3399677 0.3456469 0.3944767 0.3611832 0.2952021 
n298_299   0.0734230 0.3304757 0.0271323 0.0340506 0.3647913 0.0305612 0.3406871 0.0000000 0.3161395 0.0305869 0.3256366 0.3305454 0.0305744 0.0202330 0.3322020 0.3157788 0.0168408 0.3401284 0.0202443 0.0100673 0.3611446 0.3439281 0.1551532 
n299_300   0.3299669 0.2839295 0.3141507 0.3299034 0.3396699 0.3188665 0.2782515 0.3161395 0.0000000 0.3248213 0.0636884 0.2839962 0.3246726 0.3252375 0.0136079 0.0067750 0.3204994 0.2778024 0.3205829 0.3210381 0.3828027 0.3241990 0.2947371 
n287_288   0.0623028 0.3339871 0.0100347 0.0100273 0.3629978 0.0133955 0.3442089 0.0305869 0.3248213 0.0000000 0.3291871 0.3340568 0.0066697 0.0236281 0.3410198 0.3244509 0.0202286 0.3331678 0.0236414 0.0340941 0.3752736 0.3524440 0.1549054 
n278_279   0.3402751 0.2796162 0.3184764 0.3342852 0.3449214 0.3232033 0.2833724 0.3256366 0.0636884 0.3291871 0.0000000 0.2796826 0.3290365 0.3296079 0.0786437 0.0636201 0.3248589 0.2829139 0.3249430 0.3305774 0.3933307 0.3345405 0.3101174 
n265_266   0.3394500 0.0134619 0.3289755 0.3288991 0.3624045 0.3284192 0.1113339 0.3305454 0.2839962 0.3340568 0.2796826 0.0000000 0.3339057 0.3344782 0.2992756 0.2836773 0.3297652 0.1111694 0.3298488 0.3354512 0.3784463 0.3573601 0.2953043 
n289_290   0.0622781 0.3338360 0.0100306 0.0033255 0.3628308 0.0133901 0.3440527 0.0305744 0.3246726 0.0066697 0.3290365 0.3339057 0.0000000 0.0236185 0.3408626 0.3243025 0.0202204 0.3330174 0.0236318 0.0340801 0.3751016 0.3522825 0.1548394 
n293_294   0.0659625 0.3344083 0.0202114 0.0270548 0.3634591 0.0236083 0.3446430 0.0202330 0.3252375 0.0236281 0.3296079 0.3344782 0.0236185 0.0000000 0.3414572 0.3248663 0.0100366 0.3440786 0.0066786 0.0236799 0.3755476 0.3528919 0.1466500 
n280_281   0.3462807 0.2992074 0.3300950 0.3462127 0.3561721 0.3348984 0.2933666 0.3322020 0.0136079 0.3410198 0.0786437 0.2992756 0.3408626 0.3414572 0.0000000 0.0205247 0.3366317 0.2928898 0.3367180 0.3371988 0.3833338 0.3403591 0.3102874 
n274_275   0.3295899 0.2836106 0.3137941 0.3295266 0.3392812 0.3185043 0.2779404 0.3157788 0.0067750 0.3244509 0.0636201 0.2836773 0.3243025 0.3248663 0.0205247 0.0000000 0.3201338 0.2774923 0.3202172 0.3206714 0.3823579 0.3238300 0.2944041 
n275_276   0.0624125 0.3296957 0.0168229 0.0236447 0.3585670 0.0202117 0.3398823 0.0168408 0.3204994 0.0202286 0.3248589 0.3297652 0.0202204 0.0100366 0.3366317 0.3201338 0.0000000 0.3393261 0.0100422 0.0202729 0.3706355 0.3480536 0.1427843 
n285_286   0.3336248 0.1191397 0.3385115 0.3280268 0.3656283 0.3379379 0.0067023 0.3401284 0.2778024 0.3331678 0.2829139 0.1111694 0.3330174 0.3440786 0.2928898 0.2774923 0.3393261 0.0000000 0.3394102 0.3450802 0.3938175 0.3605873 0.2947257 
n294_295   0.0660004 0.3297794 0.0202227 0.0270701 0.3586558 0.0236216 0.3399677 0.0202443 0.3205829 0.0236414 0.3249430 0.3298488 0.0236318 0.0066786 0.3367180 0.3202172 0.0100422 0.3394102 0.0000000 0.0236932 0.3707253 0.3481408 0.1467366 
n297_298   0.0771741 0.3353812 0.0306212 0.0375758 0.3755348 0.0340654 0.3456469 0.0100673 0.3210381 0.0340941 0.3305774 0.3354512 0.0340801 0.0236799 0.3371988 0.3206714 0.0202729 0.3450802 0.0236932 0.0000000 0.3717543 0.3544045 0.1594122 
n244_245   0.3692470 0.3675517 0.3699293 0.3805985 0.2698895 0.3748615 0.3944767 0.3611446 0.3828027 0.3752736 0.3933307 0.3784463 0.3751016 0.3755476 0.3833338 0.3823579 0.3706355 0.3938175 0.3707253 0.3717543 0.0000000 0.2611442 0.3547473 
n251_252   0.3462490 0.3519970 0.3414495 0.3576626 0.0339510 0.3462664 0.3611832 0.3439281 0.3241990 0.3524440 0.3345405 0.3573601 0.3522825 0.3528919 0.3403591 0.3238300 0.3480536 0.3605873 0.3481408 0.3544045 0.2611442 0.0000000 0.3112205 
n200_201   0.1345953 0.2952372 0.1427171 0.1508226 0.3212348 0.1465866 0.2952021 0.1551532 0.2947371 0.1549054 0.3101174 0.2953043 0.1548394 0.1466500 0.3102874 0.2944041 0.1427843 0.2947257 0.1467366 0.1594122 0.3547473 0.3112205 0.0000000 
