7
n292_35    0.0000000 0.0134378 0.0236086 0.0134598 0.0627390 0.0134305 0.0700384 
n300_37    0.0134378 0.0000000 0.0236634 0.0134908 0.0702418 0.0067074 0.0776346 
n274_27    0.0236086 0.0236634 0.0000000 0.0168710 0.0737928 0.0236503 0.0812077 
n280_31    0.0134598 0.0134908 0.0168710 0.0000000 0.0630884 0.0134836 0.0704297 
n278_29    0.0627390 0.0702418 0.0737928 0.0630884 0.0000000 0.0701992 0.0134756 
n299_36    0.0134305 0.0067074 0.0236503 0.0134836 0.0701992 0.0000000 0.0775868 
n277_28    0.0700384 0.0776346 0.0812077 0.0704297 0.0134756 0.0775868 0.0000000 
