20
n236_237   0.0000000 0.2853098 0.1042346 0.0850747 0.1737827 0.0926489 0.3057577 0.1042350 0.2751672 0.3315929 0.0888654 0.2853295 0.3210122 0.3003370 0.1003689 0.3006648 0.2952948 0.4568932 0.3321580 0.3715627 
n292_291   0.2853098 0.0000000 0.2654773 0.2507879 0.2806115 0.2508265 0.2181512 0.2654887 0.0519883 0.2226362 0.2556136 0.0033408 0.2135316 0.0100673 0.2606114 0.0100755 0.0066965 0.3839288 0.2273469 0.3015434 
n294_293   0.1042346 0.2654773 0.0000000 0.0237680 0.1485904 0.0100846 0.2511693 0.0134824 0.2804041 0.2702178 0.0272340 0.2654954 0.2654431 0.2751642 0.0033450 0.2803975 0.2702917 0.4129870 0.2755884 0.3328450 
n296_295   0.0850747 0.2507879 0.0237680 0.0000000 0.1362576 0.0134747 0.2462208 0.0237678 0.2653940 0.2750383 0.0033440 0.2508048 0.2652505 0.2651079 0.0203224 0.2653889 0.2603044 0.4011737 0.2704544 0.3116211 
n200_201   0.1737827 0.2806115 0.1485904 0.1362576 0.0000000 0.1402801 0.3061500 0.1485924 0.2805738 0.2903872 0.1403515 0.2806308 0.2904399 0.2955542 0.1444644 0.2958758 0.2905406 0.4642824 0.3271803 0.3334876 
n297_296   0.0926489 0.2508265 0.0100846 0.0134747 0.1402801 0.0000000 0.2368017 0.0100844 0.2654343 0.2652426 0.0168866 0.2508434 0.2555860 0.2603177 0.0067067 0.2654291 0.2555445 0.4068804 0.2607104 0.3167010 
n265_264   0.3057577 0.2181512 0.2511693 0.2462208 0.3061500 0.2368017 0.0000000 0.2462793 0.2227007 0.1277714 0.2510192 0.2226897 0.1198190 0.2318496 0.2463959 0.2320889 0.2272557 0.4014443 0.0237143 0.2808332 
n275_274   0.1042350 0.2654887 0.0134824 0.0237678 0.1485924 0.0100844 0.2462793 0.0000000 0.2804173 0.2653287 0.0272337 0.2655067 0.2556685 0.2751767 0.0100872 0.2804106 0.2703036 0.4252881 0.2705187 0.3275718 
n278_277   0.2751672 0.0519883 0.2804041 0.2653940 0.2805738 0.2654343 0.2227007 0.2804173 0.0000000 0.2272125 0.2703228 0.0555872 0.2180511 0.0628375 0.2754338 0.0628941 0.0592035 0.3840071 0.2319916 0.3066410 
n286_285   0.3315929 0.2226362 0.2702178 0.2750383 0.2903872 0.2652426 0.1277714 0.2653287 0.2272125 0.0000000 0.2800331 0.2272012 0.0066848 0.2364152 0.2703058 0.2366600 0.2317941 0.4193143 0.1440686 0.3328243 
n289_288   0.0888654 0.2556136 0.0272340 0.0033440 0.1403515 0.0168866 0.2510192 0.0272337 0.2703228 0.2800331 0.0000000 0.2556309 0.2701769 0.2700299 0.0237708 0.2703172 0.2651939 0.4071544 0.2754222 0.3168944 
n280_279   0.2853295 0.0033408 0.2654954 0.2508048 0.2806308 0.2508434 0.2226897 0.2655067 0.0555872 0.2272012 0.2556309 0.0000000 0.2180403 0.0134533 0.2606291 0.0134647 0.0100673 0.3896375 0.2319432 0.3066456 
n285_284   0.3210122 0.2135316 0.2654431 0.2652505 0.2904399 0.2555860 0.1198190 0.2556685 0.2180511 0.0066848 0.2701769 0.2180403 0.0000000 0.2271396 0.2605769 0.2273731 0.2225762 0.4195162 0.1359274 0.3221916 
n300_299   0.3003370 0.0100673 0.2751642 0.2651079 0.2955542 0.2603177 0.2318496 0.2751767 0.0628375 0.2364152 0.2700299 0.0134533 0.2271396 0.0000000 0.2702343 0.0202897 0.0033408 0.4011836 0.2412210 0.3118041 
n293_292   0.1003689 0.2606114 0.0033450 0.0203224 0.1444644 0.0067067 0.2463959 0.0100872 0.2754338 0.2703058 0.0237708 0.2606291 0.2605769 0.2702343 0.0000000 0.2754277 0.2653943 0.4191630 0.2706480 0.3274899 
n274_273   0.3006648 0.0100755 0.2803975 0.2653889 0.2958758 0.2654291 0.2320889 0.2804106 0.0628941 0.2366600 0.2703172 0.0134647 0.2273731 0.0202897 0.2754277 0.0000000 0.0168694 0.4016611 0.2414719 0.3173056 
n299_298   0.2952948 0.0066965 0.2702917 0.2603044 0.2905406 0.2555445 0.2272557 0.2703036 0.0592035 0.2317941 0.2651939 0.0100673 0.2225762 0.0033408 0.2653943 0.0168694 0.0000000 0.3953888 0.2365678 0.3066670 
n244_245   0.4568932 0.3839288 0.4129870 0.4011737 0.4642824 0.4068804 0.4014443 0.4252881 0.3840071 0.4193143 0.4071544 0.3896375 0.4195162 0.4011836 0.4191630 0.4016611 0.3953888 0.0000000 0.4196080 0.3443305 
n266_265   0.3321580 0.2273469 0.2755884 0.2704544 0.3271803 0.2607104 0.0237143 0.2705187 0.2319916 0.1440686 0.2754222 0.2319432 0.1359274 0.2412210 0.2706480 0.2414719 0.2365678 0.4196080 0.0000000 0.3115716 
n251_252   0.3715627 0.3015434 0.3328450 0.3116211 0.3334876 0.3167010 0.2808332 0.3275718 0.3066410 0.3328243 0.3168944 0.3066456 0.3221916 0.3118041 0.3274899 0.3173056 0.3066670 0.3443305 0.3115716 0.0000000 
