24
n244_243   0.0000000 0.3366339 0.3141510 0.3422793 0.3370428 0.3650661 0.3085344 0.3547566 0.3422638 0.3672574 0.3194621 0.3035135 0.3034008 0.3031425 0.3145333 0.3037800 0.3089074 0.3144485 0.3202186 0.3530360 0.3250396 0.3192936 0.3416679 0.3194772 
n300_293   0.3366339 0.0000000 0.3554182 0.0033378 0.2933364 0.0202903 0.2521837 0.0413727 0.0033378 0.0486280 0.2371080 0.2520337 0.2423539 0.2421538 0.2622058 0.2522492 0.2570243 0.3615425 0.2674430 0.0237312 0.2371938 0.2569101 0.2567731 0.2570524 
n255_250   0.3141510 0.3554182 0.0000000 0.3612410 0.3664339 0.3669731 0.3851324 0.3568077 0.3612233 0.3690309 0.3319289 0.3672837 0.3611417 0.3610743 0.3730110 0.3732622 0.3726787 0.0307666 0.3790178 0.3548219 0.3428599 0.3907931 0.3771657 0.3910281 
n292_285   0.3422793 0.0033378 0.3612410 0.0000000 0.2986332 0.0237353 0.2571611 0.0449439 0.0066932 0.0522464 0.2419672 0.2570074 0.2472583 0.2470545 0.2672592 0.2572277 0.2620359 0.3674211 0.2725385 0.0271943 0.2420552 0.2619191 0.2617789 0.2620646 
n236_235   0.3370428 0.2933364 0.3664339 0.2986332 0.0000000 0.3201871 0.1012767 0.3209498 0.2986220 0.3159566 0.2723153 0.0973988 0.0973605 0.1012865 0.0973829 0.0935542 0.0934460 0.3668136 0.1053330 0.3145116 0.2720978 0.0972898 0.1420034 0.1051668 
n280_275   0.3650661 0.0202903 0.3669731 0.0237353 0.3201871 0.0000000 0.2722701 0.0630919 0.0237353 0.0706365 0.2418689 0.2721053 0.2621456 0.2619277 0.2774818 0.2723404 0.2772489 0.3732062 0.2880065 0.0447881 0.2419568 0.2771241 0.2821407 0.2772795 
n293_286   0.3085344 0.2521837 0.3851324 0.2571611 0.1012767 0.2722701 0.0000000 0.2884117 0.2571532 0.2889844 0.2617711 0.0413875 0.0203671 0.0238305 0.0413805 0.0378492 0.0378065 0.3740107 0.0485975 0.2721004 0.2567751 0.0237993 0.1296774 0.0100984 
n277_272   0.3547566 0.0413727 0.3568077 0.0449439 0.3209498 0.0630919 0.2884117 0.0000000 0.0413552 0.0203801 0.2724405 0.2778840 0.2780270 0.2777933 0.2884906 0.2781251 0.2830815 0.3629609 0.2939575 0.0594158 0.2725428 0.2933793 0.2883003 0.2935457 
n299_292   0.3422638 0.0033378 0.3612233 0.0066932 0.2986220 0.0237353 0.2571532 0.0413552 0.0000000 0.0486073 0.2419604 0.2569996 0.2472511 0.2470473 0.2672506 0.2572198 0.2620277 0.3674027 0.2725295 0.0271943 0.2420484 0.2619109 0.2617708 0.2620564 
n278_273   0.3672574 0.0486280 0.3690309 0.0522464 0.3159566 0.0706365 0.2889844 0.0203801 0.0486073 0.0000000 0.2833587 0.2731572 0.2785762 0.2783416 0.2836980 0.2733939 0.2783236 0.3753073 0.2891300 0.0669101 0.2834666 0.2939628 0.2889396 0.2941299 
n265_260   0.3194621 0.2371080 0.3319289 0.2419672 0.2723153 0.2418689 0.2617711 0.2724405 0.2419604 0.2833587 0.0000000 0.2518487 0.2518115 0.2516026 0.2568812 0.2520639 0.2566684 0.3324528 0.2672462 0.2567485 0.0134901 0.2665533 0.2822099 0.2667016 
n290_283   0.3035135 0.2520337 0.3672837 0.2570074 0.0973988 0.2721053 0.0413875 0.2778840 0.2569996 0.2731572 0.2518487 0.0000000 0.0413842 0.0449662 0.0238057 0.0033432 0.0169032 0.3676764 0.0134861 0.2719358 0.2469238 0.0485147 0.1214224 0.0485378 
n297_290   0.3034008 0.2423539 0.3611417 0.2472583 0.0973605 0.2621456 0.0203671 0.2780270 0.2472511 0.2785762 0.2518115 0.0413842 0.0000000 0.0033469 0.0413772 0.0378462 0.0378035 0.3615262 0.0485935 0.2619830 0.2468872 0.0238065 0.1255730 0.0238175 
n298_291   0.3031425 0.2421538 0.3610743 0.2470545 0.1012865 0.2619277 0.0238305 0.2777933 0.2470473 0.2783416 0.2516026 0.0449662 0.0033469 0.0000000 0.0449586 0.0414090 0.0413622 0.3614587 0.0522206 0.2617654 0.2466840 0.0272866 0.1296899 0.0272992 
n295_288   0.3145333 0.2622058 0.3730110 0.2672592 0.0973829 0.2774818 0.0413805 0.2884906 0.2672506 0.2836980 0.2568812 0.0238057 0.0413772 0.0449586 0.0000000 0.0203579 0.0067076 0.3734110 0.0308018 0.2824220 0.2519194 0.0485065 0.1296790 0.0485296 
n287_280   0.3037800 0.2522492 0.3732622 0.2572277 0.0935542 0.2723404 0.0378492 0.2781251 0.2572198 0.2733939 0.2520639 0.0033432 0.0378462 0.0414090 0.0203579 0.0000000 0.0134917 0.3736627 0.0100916 0.2721706 0.2471352 0.0449424 0.1174359 0.0449637 
n296_289   0.3089074 0.2570243 0.3726787 0.2620359 0.0934460 0.2772489 0.0378065 0.2830815 0.2620277 0.2783236 0.2566684 0.0169032 0.0378035 0.0413622 0.0067076 0.0134917 0.0000000 0.3730780 0.0238129 0.2770757 0.2517104 0.0448916 0.1255140 0.0449128 
n251_246   0.3144485 0.3615425 0.0307666 0.3674211 0.3668136 0.3732062 0.3740107 0.3629609 0.3674027 0.3753073 0.3324528 0.3676764 0.3615262 0.3614587 0.3734110 0.3736627 0.3730780 0.0000000 0.3794257 0.3609330 0.3434040 0.3912164 0.3896901 0.3798248 
n289_282   0.3202186 0.2674430 0.3790178 0.2725385 0.1053330 0.2880065 0.0485975 0.2939575 0.2725295 0.2891300 0.2672462 0.0134861 0.0485935 0.0522206 0.0308018 0.0100916 0.0238129 0.3794257 0.0000000 0.2878254 0.2622039 0.0558062 0.1296916 0.0558329 
n274_269   0.3530360 0.0237312 0.3548219 0.0271943 0.3145116 0.0447881 0.2721004 0.0594158 0.0271943 0.0669101 0.2567485 0.2719358 0.2619830 0.2617654 0.2824220 0.2721706 0.2770757 0.3609330 0.2878254 0.0000000 0.2568433 0.2769510 0.2717359 0.2771063 
n266_261   0.3250396 0.2371938 0.3428599 0.2420552 0.2720978 0.2419568 0.2567751 0.2725428 0.2420484 0.2834666 0.0134901 0.2469238 0.2468872 0.2466840 0.2519194 0.2471352 0.2517104 0.3434040 0.2622039 0.2568433 0.0000000 0.2615258 0.2717536 0.2616709 
n275_270   0.3192936 0.2569101 0.3907931 0.2619191 0.0972898 0.2771241 0.0237993 0.2933793 0.2619109 0.2939628 0.2665533 0.0485147 0.0238065 0.0272866 0.0485065 0.0449424 0.0448916 0.3912164 0.0558062 0.2769510 0.2615258 0.0000000 0.1336747 0.0272635 
n200_199   0.3416679 0.2567731 0.3771657 0.2617789 0.1420034 0.2821407 0.1296774 0.2883003 0.2617708 0.2889396 0.2822099 0.1214224 0.1255730 0.1296899 0.1296790 0.1174359 0.1255140 0.3896901 0.1296916 0.2717359 0.2717536 0.1336747 0.0000000 0.1337426 
n294_287   0.3194772 0.2570524 0.3910281 0.2620646 0.1051668 0.2772795 0.0100984 0.2935457 0.2620564 0.2941299 0.2667016 0.0485378 0.0238175 0.0272992 0.0485296 0.0449637 0.0449128 0.3798248 0.0558329 0.2771063 0.2616709 0.0272635 0.1337426 0.0000000 
