26
n298_301   0.0000000 0.0482721 0.1437156 0.3094671 0.2333167 0.2707740 0.2386334 0.0377717 0.2294637 0.0307291 0.3042773 0.2295806 0.0168717 0.2755766 0.3193263 0.3499172 0.2659695 0.2387680 0.0342399 0.0482346 0.0134794 0.0033457 0.2520439 0.2341667 0.2243230 0.0168822 
n296_299   0.0482721 0.0000000 0.1435923 0.3101981 0.2380784 0.2856132 0.2483842 0.0237109 0.2390817 0.0168418 0.3148687 0.2392045 0.0517653 0.2810160 0.3300458 0.3603339 0.2807080 0.2485258 0.0202664 0.0134394 0.0482475 0.0518273 0.2667840 0.2438577 0.2338466 0.0447166 
n200_201   0.1437156 0.1435923 0.0000000 0.3046860 0.2560069 0.2841921 0.2569222 0.1319250 0.2520967 0.1238194 0.3079576 0.2522267 0.1475512 0.2698059 0.3194059 0.3318271 0.2793157 0.2479446 0.1278587 0.1354091 0.1436368 0.1477429 0.2607612 0.2523763 0.2467583 0.1476533 
n251_254   0.3094671 0.3101981 0.3046860 0.0000000 0.2640185 0.3177353 0.2888403 0.3059337 0.2790997 0.2955840 0.2975499 0.2792458 0.3193170 0.3041270 0.0444305 0.2385548 0.3126479 0.2890106 0.3007413 0.2998979 0.3146055 0.3144144 0.2939054 0.2841220 0.2547119 0.3195603 
n277_280   0.2333167 0.2380784 0.2560069 0.2640185 0.0000000 0.1970020 0.0699111 0.2479733 0.0626132 0.2384319 0.2642624 0.0626416 0.2466995 0.2060139 0.2687563 0.3213608 0.1926651 0.0699446 0.2388360 0.2427600 0.2423521 0.2378133 0.1886488 0.0662851 0.0134387 0.2468812 
n286_289   0.2707740 0.2856132 0.2841921 0.3177353 0.1970020 0.0000000 0.2107707 0.2805203 0.2019579 0.2807516 0.2881954 0.2020587 0.2847900 0.1393426 0.3327618 0.3580746 0.0033458 0.2108862 0.2857987 0.2710664 0.2758220 0.2754906 0.1233885 0.2064645 0.1925347 0.2760223 
n280_283   0.2386334 0.2483842 0.2569222 0.2888403 0.0699111 0.2107707 0.0000000 0.2534450 0.0134562 0.2438068 0.2601117 0.0134621 0.2521368 0.2109378 0.2891690 0.3266938 0.2063414 0.0202875 0.2442222 0.2481713 0.2477524 0.2431713 0.1934261 0.0168671 0.0626399 0.2523230 
n289_292   0.0377717 0.0237109 0.1319250 0.3059337 0.2479733 0.2805203 0.2534450 0.0000000 0.2440688 0.0067102 0.3158231 0.2441947 0.0412413 0.2763909 0.3257170 0.3558548 0.2756510 0.2535903 0.0100932 0.0236926 0.0342867 0.0412902 0.2622303 0.2488852 0.2387821 0.0377908 
n274_277   0.2294637 0.2390817 0.2520967 0.2790997 0.0626132 0.2019579 0.0134562 0.2440688 0.0000000 0.2345579 0.2507323 0.0067001 0.2428152 0.2021168 0.2794161 0.3160467 0.1975810 0.0134623 0.2349555 0.2388776 0.2384759 0.2339489 0.1848077 0.0100735 0.0554105 0.2429936 
n287_290   0.0307291 0.0168418 0.1238194 0.2955840 0.2384319 0.2807516 0.2438068 0.0067102 0.2345579 0.0000000 0.3099136 0.2346780 0.0341726 0.2713905 0.3150934 0.3446860 0.2758779 0.2439453 0.0033458 0.0168289 0.0307136 0.0342129 0.2573265 0.2393041 0.2293623 0.0341942 
n236_239   0.3042773 0.3148687 0.3079576 0.2975499 0.2642624 0.2881954 0.2601117 0.3158231 0.2507323 0.3099136 0.0000000 0.2508612 0.3136348 0.2603453 0.3126089 0.3725690 0.2833038 0.2602608 0.3151659 0.3045145 0.3092625 0.3091886 0.2504950 0.2555540 0.2549482 0.3044213 
n292_295   0.2295806 0.2392045 0.2522267 0.2792458 0.0626416 0.2020587 0.0134621 0.2441947 0.0067001 0.2346780 0.2508612 0.0000000 0.2429398 0.2022178 0.2795621 0.3217338 0.1976794 0.0066995 0.2350760 0.2390001 0.2385980 0.2340684 0.1848991 0.0033421 0.0554355 0.2431183 
n275_278   0.0168717 0.0517653 0.1475512 0.3193170 0.2466995 0.2847900 0.2521368 0.0412413 0.2428152 0.0341726 0.3136348 0.2429398 0.0000000 0.2799214 0.3292911 0.3490945 0.2799010 0.2522806 0.0376964 0.0517249 0.0168633 0.0202865 0.2657511 0.2476029 0.2375609 0.0202755 
n266_269   0.2755766 0.2810160 0.2698059 0.3041270 0.2060139 0.1393426 0.2109378 0.2763909 0.2021168 0.2713905 0.2603453 0.2022178 0.2799214 0.0000000 0.3143431 0.3418668 0.1353125 0.2110534 0.2763749 0.2664589 0.2754107 0.2803221 0.0202333 0.2066277 0.1973472 0.2756104 
n255_258   0.3193263 0.3300458 0.3194059 0.0444305 0.2687563 0.3327618 0.2891690 0.3257170 0.2794161 0.3150934 0.3126089 0.2795621 0.3292911 0.3143431 0.0000000 0.2337960 0.3275749 0.2893392 0.3203873 0.3194783 0.3245309 0.3243322 0.3085264 0.2844445 0.2593924 0.3295436 
n244_247   0.3499172 0.3603339 0.3318271 0.2385548 0.3213608 0.3580746 0.3266938 0.3558548 0.3160467 0.3446860 0.3725690 0.3217338 0.3490945 0.3418668 0.2337960 0.0000000 0.3526580 0.3321430 0.3502514 0.3492302 0.3545248 0.3551742 0.3164079 0.3269339 0.3057353 0.3597715 
n285_288   0.2659695 0.2807080 0.2793157 0.3126479 0.1926651 0.0033458 0.2063414 0.2756510 0.1975810 0.2758779 0.2833038 0.1976794 0.2799010 0.1353125 0.3275749 0.3526580 0.0000000 0.2064540 0.2808894 0.2662565 0.2709816 0.2706568 0.1194443 0.2020587 0.1882268 0.2711781 
n299_302   0.2387680 0.2485258 0.2479446 0.2890106 0.0699446 0.2108862 0.0202875 0.2535903 0.0134623 0.2439453 0.2602608 0.0066995 0.2522806 0.2110534 0.2893392 0.3321430 0.2064540 0.0000000 0.2443612 0.2483127 0.2478932 0.2433090 0.1935304 0.0033408 0.0626697 0.2524670 
n290_293   0.0342399 0.0202664 0.1278587 0.3007413 0.2388360 0.2857987 0.2442222 0.0100932 0.2349555 0.0033458 0.3151659 0.2350760 0.0376964 0.2763749 0.3203873 0.3502514 0.2808894 0.2443612 0.0000000 0.0202508 0.0342227 0.0377410 0.2622155 0.2397111 0.2297492 0.0377203 
n295_298   0.0482346 0.0134394 0.1354091 0.2998979 0.2427600 0.2710664 0.2481713 0.0236926 0.2388776 0.0168289 0.3045145 0.2390001 0.0517249 0.2664589 0.3194783 0.3492302 0.2662565 0.2483127 0.0202508 0.0000000 0.0482100 0.0517869 0.2524891 0.2436490 0.2336478 0.0446819 
n294_297   0.0134794 0.0482475 0.1436368 0.3146055 0.2423521 0.2758220 0.2477524 0.0342867 0.2384759 0.0307136 0.3092625 0.2385980 0.0168633 0.2754107 0.3245309 0.3545248 0.2709816 0.2478932 0.0342227 0.0482100 0.0000000 0.0168829 0.2613067 0.2432382 0.2332566 0.0033470 
n297_300   0.0033457 0.0518273 0.1477429 0.3144144 0.2378133 0.2754906 0.2431713 0.0412902 0.2339489 0.0342129 0.3091886 0.2340684 0.0202865 0.2803221 0.3243322 0.3551742 0.2706568 0.2433090 0.0377410 0.0517869 0.0168829 0.0000000 0.2566529 0.2386812 0.2287693 0.0202992 
n265_268   0.2520439 0.2667840 0.2607612 0.2939054 0.1886488 0.1233885 0.1934261 0.2622303 0.1848077 0.2573265 0.2504950 0.1848991 0.2657511 0.0202333 0.3085264 0.3164079 0.1194443 0.1935304 0.2622155 0.2524891 0.2613067 0.2566529 0.0000000 0.1892066 0.1801754 0.2614955 
n300_303   0.2341667 0.2438577 0.2523763 0.2841220 0.0662851 0.2064645 0.0168671 0.2488852 0.0100735 0.2393041 0.2555540 0.0033421 0.2476029 0.2066277 0.2844445 0.3269339 0.2020587 0.0033408 0.2397111 0.2436490 0.2432382 0.2386812 0.1892066 0.0000000 0.0590446 0.2477854 
n278_281   0.2243230 0.2338466 0.2467583 0.2547119 0.0134387 0.1925347 0.0626399 0.2387821 0.0554105 0.2293623 0.2549482 0.0554355 0.2375609 0.1973472 0.2593924 0.3057353 0.1882268 0.0626697 0.2297492 0.2336478 0.2332566 0.2287693 0.1801754 0.0590446 0.0000000 0.2377352 
n293_296   0.0168822 0.0447166 0.1476533 0.3195603 0.2468812 0.2760223 0.2523230 0.0377908 0.2429936 0.0341942 0.3044213 0.2431183 0.0202755 0.2756104 0.3295436 0.3597715 0.2711781 0.2524670 0.0377203 0.0446819 0.0033470 0.0202992 0.2614955 0.2477854 0.2377352 0.0000000 
