26
n236_237   0.0000000 0.2606254 0.0846667 0.2975254 0.0884162 0.3589629 0.0922147 0.2669066 0.0921344 0.2768995 0.0921880 0.3021225 0.2728052 0.2519234 0.0847227 0.0960216 0.2824467 0.3117372 0.0846899 0.2620954 0.0998643 0.0959020 0.3217938 0.3643145 0.1637781 0.2772975 
n266_267   0.2606254 0.0000000 0.2193642 0.2866888 0.2238605 0.3981830 0.2284693 0.1352155 0.2194724 0.2817325 0.2283855 0.3007277 0.2771979 0.0168620 0.2238374 0.2286946 0.2819219 0.3009017 0.2194259 0.1311966 0.2290696 0.2241648 0.3299134 0.3766020 0.2808773 0.2767865 
n296_297   0.0846667 0.2193642 0.0000000 0.2528406 0.0100597 0.2959712 0.0066993 0.2199850 0.0202317 0.2340082 0.0134446 0.2572087 0.2297120 0.2105147 0.0100586 0.0202550 0.2341587 0.2524315 0.0100548 0.2154769 0.0236935 0.0236544 0.2967718 0.3064437 0.1194990 0.2293815 
n277_278   0.2975254 0.2866888 0.2528406 0.0000000 0.2531689 0.4415403 0.2624289 0.2776316 0.2479642 0.0736419 0.2623263 0.0202885 0.0700396 0.2864379 0.2575421 0.2574318 0.0736827 0.0997560 0.2482678 0.2727364 0.2622845 0.2482340 0.3461377 0.4488195 0.3136188 0.0699484 
n290_291   0.0884162 0.2238605 0.0100597 0.2531689 0.0000000 0.3009746 0.0168490 0.2244963 0.0236588 0.2343087 0.0100689 0.2575431 0.2300066 0.2149586 0.0066965 0.0236861 0.2344596 0.2527588 0.0134374 0.2199606 0.0271419 0.0270969 0.2968589 0.3115242 0.1234422 0.2296753 
n255_256   0.3589629 0.3981830 0.2959712 0.4415403 0.3009746 0.0000000 0.3061377 0.4106401 0.3010255 0.4295119 0.2959550 0.4469225 0.4241318 0.3978016 0.3009451 0.3105454 0.4298444 0.4479460 0.3007841 0.4048052 0.3157629 0.3059991 0.3135828 0.0590456 0.3927778 0.4234336 
n295_296   0.0922147 0.2284693 0.0066993 0.2624289 0.0168490 0.3061377 0.0000000 0.2291213 0.0271102 0.2433411 0.0202669 0.2668440 0.2389983 0.2195102 0.0168471 0.0271416 0.2434990 0.2620018 0.0168408 0.2245554 0.0306165 0.0305651 0.3069710 0.3167716 0.1274494 0.2386523 
n286_287   0.2669066 0.1352155 0.2199850 0.2776316 0.2244963 0.4106401 0.2291213 0.0000000 0.2200941 0.2634735 0.2290366 0.2970333 0.2590151 0.1312693 0.2244731 0.2337154 0.2636483 0.2922814 0.2200472 0.0100619 0.2341006 0.2248019 0.3299792 0.3833790 0.2722188 0.2586338 
n298_299   0.0921344 0.2194724 0.0202317 0.2479642 0.0236588 0.3010255 0.0271102 0.2200941 0.0000000 0.2292686 0.0271032 0.2523067 0.2249977 0.2106179 0.0236562 0.0202276 0.2294153 0.2475644 0.0134333 0.2155835 0.0236613 0.0100486 0.2923096 0.3115760 0.1234796 0.2246751 
n299_300   0.2768995 0.2817325 0.2340082 0.0736419 0.2343087 0.4295119 0.2433411 0.2634735 0.2292686 0.0000000 0.2386658 0.0772485 0.0100628 0.2814868 0.2385892 0.2384900 0.0134407 0.0374917 0.2295446 0.2586649 0.2338845 0.2295152 0.3511098 0.4307686 0.2876064 0.0033376 
n287_288   0.0921880 0.2283855 0.0134446 0.2623263 0.0100689 0.2959550 0.0202669 0.2290366 0.0271032 0.2386658 0.0000000 0.2667390 0.2343463 0.2194309 0.0100673 0.0271346 0.2388200 0.2572076 0.0168366 0.2244731 0.0306080 0.0305572 0.3068420 0.3064260 0.1274098 0.2340081 
n278_279   0.3021225 0.3007277 0.2572087 0.0202885 0.2575431 0.4469225 0.2668440 0.2970333 0.2523067 0.0772485 0.2667390 0.0000000 0.0736364 0.3004623 0.2619321 0.2618193 0.0772915 0.1034563 0.2526164 0.2920151 0.2666964 0.2525816 0.3680575 0.4410715 0.3183051 0.0735403 
n292_293   0.2728052 0.2771979 0.2297120 0.0700396 0.2300066 0.4241318 0.2389983 0.2590151 0.2249977 0.0100628 0.2343463 0.0736364 0.0000000 0.2769567 0.2342712 0.2341744 0.0100673 0.0340400 0.2252678 0.2542304 0.2295912 0.2252393 0.3461765 0.4253685 0.2830291 0.0066918 
n265_266   0.2519234 0.0168620 0.2105147 0.2864379 0.2149586 0.3978016 0.2195102 0.1312693 0.2106179 0.2814868 0.2194309 0.3004623 0.2769567 0.0000000 0.2149363 0.2197268 0.2816759 0.3006360 0.2105737 0.1272707 0.2200853 0.2152500 0.3296130 0.3762472 0.2712658 0.2765461 
n289_290   0.0847227 0.2238374 0.0100586 0.2575421 0.0066965 0.3009451 0.0168471 0.2244731 0.0236562 0.2385892 0.0100673 0.2619321 0.2342712 0.2149363 0.0000000 0.0236835 0.2387433 0.2571243 0.0134360 0.2199378 0.0271389 0.0270940 0.3017614 0.3114938 0.1234289 0.2339332 
n293_294   0.0960216 0.2286946 0.0202550 0.2574318 0.0236861 0.3105454 0.0271416 0.2337154 0.0202276 0.2384900 0.0271346 0.2618193 0.2341744 0.2197268 0.0236835 0.0000000 0.2386439 0.2570144 0.0134487 0.2291213 0.0033408 0.0236495 0.3016230 0.3212272 0.1314581 0.2338367 
n280_281   0.2824467 0.2819219 0.2341587 0.0736827 0.2344596 0.4298444 0.2434990 0.2636483 0.2294153 0.0134407 0.2388200 0.0772915 0.0100673 0.2816759 0.2387433 0.2386439 0.0000000 0.0375120 0.2296917 0.2588357 0.2340349 0.2296622 0.3513630 0.4311033 0.2878014 0.0100553 
n274_275   0.3117372 0.3009017 0.2524315 0.0997560 0.2527588 0.4479460 0.2620018 0.2922814 0.2475644 0.0374917 0.2572076 0.1034563 0.0340400 0.3006360 0.2571243 0.2570144 0.0375120 0.0000000 0.2478670 0.2872915 0.2522948 0.2478334 0.3784025 0.4611335 0.3173206 0.0339963 
n275_276   0.0846899 0.2194259 0.0100548 0.2482678 0.0134374 0.3007841 0.0168408 0.2200472 0.0134333 0.2295446 0.0168366 0.2526164 0.2252678 0.2105737 0.0134360 0.0134487 0.2296917 0.2478670 0.0000000 0.2155378 0.0168546 0.0168275 0.2872305 0.3113248 0.1195322 0.2249444 
n285_286   0.2620954 0.1311966 0.2154769 0.2727364 0.2199606 0.4048052 0.2245554 0.0100619 0.2155835 0.2586649 0.2244731 0.2920151 0.2542304 0.1272707 0.2199378 0.2291213 0.2588357 0.2872915 0.2155378 0.0000000 0.2294978 0.2202595 0.3247084 0.3777334 0.2718504 0.2538574 
n294_295   0.0998643 0.2290696 0.0236935 0.2622845 0.0271419 0.3157629 0.0306165 0.2341006 0.0236613 0.2338845 0.0306080 0.2666964 0.2295912 0.2200853 0.0271389 0.0033408 0.2340349 0.2522948 0.0168546 0.2294978 0.0000000 0.0270999 0.3021422 0.3265299 0.1355137 0.2292611 
n297_298   0.0959020 0.2241648 0.0236544 0.2482340 0.0270969 0.3059991 0.0305651 0.2248019 0.0100486 0.2295152 0.0305572 0.2525816 0.2252393 0.2152500 0.0270940 0.0236495 0.2296622 0.2478334 0.0168275 0.2202595 0.0270999 0.0000000 0.2972435 0.3166251 0.1196261 0.2249161 
n244_245   0.3217938 0.3299134 0.2967718 0.3461377 0.2968589 0.3135828 0.3069710 0.3299792 0.2923096 0.3511098 0.3068420 0.3680575 0.3461765 0.3296130 0.3017614 0.3016230 0.3513630 0.3784025 0.2872305 0.3247084 0.3021422 0.2972435 0.0000000 0.3294367 0.3557858 0.3456354 
n251_252   0.3643145 0.3766020 0.3064437 0.4488195 0.3115242 0.0590456 0.3167716 0.3833790 0.3115760 0.4307686 0.3064260 0.4410715 0.4253685 0.3762472 0.3114938 0.3212272 0.4311033 0.4611335 0.3113248 0.3777334 0.3265299 0.3166251 0.3294367 0.0000000 0.3830112 0.4246660 
n200_201   0.1637781 0.2808773 0.1194990 0.3136188 0.1234422 0.3927778 0.1274494 0.2722188 0.1234796 0.2876064 0.1274098 0.3183051 0.2830291 0.2712658 0.1234289 0.1314581 0.2878014 0.3173206 0.1195322 0.2718504 0.1355137 0.1196261 0.3557858 0.3830112 0.0000000 0.2826063 
n300_301   0.2772975 0.2767865 0.2293815 0.0699484 0.2296753 0.4234336 0.2386523 0.2586338 0.2246751 0.0033376 0.2340081 0.0735403 0.0066918 0.2765461 0.2339332 0.2338367 0.0100553 0.0339963 0.2249444 0.2538574 0.2292611 0.2249161 0.3456354 0.4246660 0.2826063 0.0000000 
