35
n299_396   0.0000000 0.3134056 0.3015110 0.3985641 0.3109932 0.2783338 0.2715792 0.2882426 0.2832080 0.2879623 0.2718635 0.3076500 0.3381370 0.3028509 0.2718478 0.0203465 0.2687109 0.2917373 0.3474719 0.2835535 0.4089438 0.3923348 0.3175390 0.3278648 0.2587499 0.0135126 0.0629349 0.3422940 0.0067167 0.2813050 0.2881202 0.0237602 0.0851318 0.3078916 0.2735307 
n265_348   0.3134056 0.0000000 0.3335944 0.4291201 0.3330214 0.3134722 0.2592368 0.3280916 0.3283214 0.3333459 0.2595063 0.0340568 0.3726892 0.1198037 0.2594927 0.3032894 0.3141655 0.2728321 0.3553986 0.3231825 0.4300257 0.4228842 0.2923989 0.3618982 0.3143090 0.3087755 0.2828036 0.3501365 0.3130460 0.2688716 0.3335417 0.2836221 0.2981116 0.1197147 0.3084438 
n236_305   0.3015110 0.3335944 0.0000000 0.3764376 0.1637549 0.0888096 0.2939239 0.1040962 0.1002099 0.1039963 0.2942383 0.3230119 0.3420341 0.3327527 0.2942182 0.2915979 0.0850768 0.3150817 0.3368853 0.1003274 0.4372779 0.3821812 0.3464702 0.3317402 0.0851164 0.2966280 0.2715373 0.3217750 0.2958490 0.2992142 0.1040393 0.2768837 0.2812102 0.3379897 0.0850605 
n255_330   0.3985641 0.4291201 0.3764376 0.0000000 0.3942362 0.3770758 0.4004403 0.3869263 0.3812707 0.3865586 0.4009267 0.4223962 0.4060641 0.4097348 0.4008755 0.3929120 0.3662584 0.4128264 0.3994817 0.3817339 0.2668802 0.0409127 0.4371255 0.3888695 0.3667951 0.3926627 0.3796455 0.3939882 0.3919514 0.4119442 0.3868016 0.3760848 0.3970680 0.4155451 0.3716948 
n200_253   0.3109932 0.3330214 0.1637549 0.3942362 0.0000000 0.1768859 0.2837664 0.1900147 0.1940823 0.1983289 0.2793650 0.3224626 0.3573633 0.3172269 0.2840474 0.3009761 0.1727087 0.2999665 0.3568019 0.1943147 0.4360917 0.3940607 0.3258666 0.3468856 0.1727888 0.3060608 0.2855419 0.3515794 0.3006647 0.2889707 0.1984234 0.2861049 0.2952415 0.3223570 0.1726844 
n297_394   0.2783338 0.3134722 0.0888096 0.3770758 0.1768859 0.0000000 0.2809981 0.0555995 0.0519765 0.0555456 0.2812955 0.3031545 0.3435298 0.3184353 0.2812780 0.2686677 0.0169116 0.2968484 0.3223902 0.0520366 0.4309141 0.3828348 0.3276357 0.3331768 0.0169194 0.2735682 0.2491430 0.3121536 0.2683955 0.2862143 0.0555678 0.2543262 0.2630074 0.3235897 0.0033503 
n299_398   0.2715792 0.2592368 0.2939239 0.4004403 0.2837664 0.2809981 0.0000000 0.3050998 0.2999918 0.3048057 0.0066785 0.2399697 0.2842696 0.2530151 0.0066788 0.2620551 0.2762275 0.0733150 0.3040600 0.3003556 0.3968425 0.3894558 0.0957328 0.2848326 0.2663621 0.2570247 0.2566292 0.2991855 0.2617927 0.0066757 0.3049758 0.2570351 0.2757129 0.2577151 0.2762079 
n296_393   0.2882426 0.3280916 0.1040962 0.3869263 0.1900147 0.0555995 0.3050998 0.0000000 0.0100887 0.0134758 0.3054311 0.3178364 0.3753276 0.3384663 0.3054084 0.2784541 0.0520192 0.3215234 0.3591373 0.0033466 0.4239109 0.3927489 0.3532894 0.3645724 0.0520435 0.2834185 0.2628619 0.3484152 0.2781697 0.3104950 0.0134806 0.2639284 0.2769430 0.3437487 0.0520084 
n289_384   0.2832080 0.3283214 0.1002099 0.3812707 0.1940823 0.0519765 0.2999918 0.0100887 0.0000000 0.0033461 0.3003157 0.3126016 0.3696972 0.3330944 0.3002942 0.2734836 0.0484138 0.3113535 0.3536224 0.0067151 0.4179484 0.3870467 0.3426878 0.3590181 0.0484364 0.2784146 0.2580102 0.3429764 0.2732055 0.3053459 0.0033473 0.2590543 0.2720029 0.3383387 0.0484036 
n287_382   0.2879623 0.3333459 0.1039963 0.3865586 0.1983289 0.0555456 0.3048057 0.0134758 0.0033461 0.0000000 0.3051364 0.3175279 0.3749665 0.3381389 0.3051138 0.2781832 0.0519687 0.3162537 0.3587909 0.0100907 0.4235081 0.3923758 0.3477818 0.3642210 0.0519939 0.2831428 0.2626068 0.3480787 0.2778992 0.3101956 0.0067066 0.2636715 0.2766746 0.3434163 0.0519579 
n280_371   0.2718635 0.2595063 0.2942383 0.4009267 0.2793650 0.2812955 0.0066785 0.3054311 0.3003157 0.3051364 0.0000000 0.2402134 0.2845701 0.2532750 0.0066840 0.2623265 0.2765183 0.0733763 0.3090146 0.3006803 0.3973240 0.3899226 0.0958147 0.2851354 0.2666391 0.2572891 0.2568928 0.3041095 0.2620636 0.0134201 0.3053070 0.2572996 0.2760024 0.2579812 0.2764987 
n266_349   0.3076500 0.0340568 0.3230119 0.4223962 0.3224626 0.3031545 0.2399697 0.3178364 0.3126016 0.3175279 0.2402134 0.0000000 0.3669792 0.1195346 0.2402030 0.2976231 0.3038203 0.2584366 0.3498346 0.3129842 0.4296014 0.4162227 0.2776402 0.3562702 0.2934806 0.3030542 0.2773263 0.3446113 0.3072985 0.2493447 0.3177100 0.2781261 0.2970686 0.1234609 0.2981930 
n266_347   0.3381370 0.3726892 0.3420341 0.4060641 0.3573633 0.3435298 0.2842696 0.3753276 0.3696972 0.3749665 0.2845701 0.3669792 0.0000000 0.3488459 0.2845521 0.3277209 0.3332391 0.3004016 0.1149740 0.3701508 0.4031853 0.4185008 0.3259374 0.0134092 0.3384811 0.3221501 0.3066778 0.1111332 0.3377457 0.2941201 0.3752006 0.3221539 0.3217776 0.3542043 0.3383199 
n286_381   0.3028509 0.1198037 0.3327527 0.4097348 0.3172269 0.3184353 0.2530151 0.3384663 0.3330944 0.3381389 0.2532750 0.1195346 0.3488459 0.0000000 0.2532626 0.2928834 0.3133937 0.2631530 0.3273045 0.3335024 0.4038007 0.4095537 0.2824698 0.3434711 0.3084355 0.3032795 0.2977183 0.3222486 0.3025055 0.2625230 0.3383387 0.2780894 0.3081654 0.0033408 0.3133800 
n274_361   0.2718478 0.2594927 0.2942182 0.4008755 0.2840474 0.2812780 0.0066788 0.3054084 0.3002942 0.3051138 0.0066840 0.2402030 0.2845521 0.2532626 0.0000000 0.2623126 0.2765017 0.0733779 0.3089911 0.3006587 0.3972738 0.3898753 0.0958162 0.2851172 0.2666244 0.2572761 0.2568799 0.3040872 0.2620497 0.0134206 0.3052843 0.2572865 0.2759860 0.2579680 0.2764821 
n280_369   0.0203465 0.3032894 0.2915979 0.3929120 0.3009761 0.2686677 0.2620551 0.2784541 0.2734836 0.2781832 0.2623265 0.2976231 0.3277209 0.2928834 0.2623126 0.0000000 0.2591622 0.2819397 0.3369591 0.2738169 0.3975775 0.3867332 0.3073970 0.3175806 0.2493368 0.0203703 0.0593546 0.3318478 0.0203260 0.2716603 0.2783335 0.0168931 0.0814668 0.2978585 0.2639219 
n275_362   0.2687109 0.3141655 0.0850768 0.3662584 0.1727087 0.0169116 0.2762275 0.0520192 0.0484138 0.0519687 0.2765183 0.3038203 0.3332391 0.3133937 0.2765017 0.2591622 0.0000000 0.2919607 0.3123814 0.0484698 0.4251083 0.3719290 0.3170352 0.3230187 0.0135096 0.2640014 0.2398887 0.3022747 0.2589017 0.2814069 0.0519895 0.2449966 0.2535934 0.3185134 0.0135003 
n278_367   0.2917373 0.2728321 0.3150817 0.4128264 0.2999665 0.2968484 0.0733150 0.3215234 0.3113535 0.3162537 0.0733763 0.2584366 0.3004016 0.2631530 0.0733779 0.2819397 0.2919607 0.0000000 0.3204491 0.3166694 0.4204523 0.4016468 0.0201874 0.3010038 0.2818417 0.2869094 0.2763121 0.3154542 0.2816519 0.0807037 0.3164340 0.2767536 0.2907859 0.2632771 0.2919433 
n285_378   0.3474719 0.3553986 0.3368853 0.3994817 0.3568019 0.3223902 0.3040600 0.3591373 0.3536224 0.3587909 0.3090146 0.3498346 0.1149740 0.3273045 0.3089911 0.3369591 0.3123814 0.3204491 0.0000000 0.3540559 0.3943609 0.4171178 0.3466734 0.1147922 0.3174772 0.3423022 0.3056543 0.0100439 0.3470691 0.3141728 0.3590095 0.3313294 0.3261000 0.3325013 0.3173202 
n295_392   0.2835535 0.3231825 0.1003274 0.3817339 0.1943147 0.0520366 0.3003556 0.0033466 0.0067151 0.0100907 0.3006803 0.3129842 0.3701508 0.3335024 0.3006587 0.2738169 0.0484698 0.3166694 0.3540559 0.0000000 0.4184596 0.3875174 0.3482491 0.3594584 0.0484924 0.2787542 0.2583229 0.3433966 0.2735381 0.3057168 0.0100943 0.2593693 0.2723329 0.3387533 0.0484596 
n244_313   0.4089438 0.4300257 0.4372779 0.2668802 0.4360917 0.4309141 0.3968425 0.4239109 0.4179484 0.4235081 0.3973240 0.4296014 0.4031853 0.4038007 0.3972738 0.3975775 0.4251083 0.4204523 0.3943609 0.4184596 0.0000000 0.2813699 0.4505421 0.3920529 0.4198799 0.4033670 0.3792029 0.3888975 0.4084560 0.4083437 0.4237917 0.3806804 0.3900339 0.4095635 0.4251292 
n251_324   0.3923348 0.4228842 0.3821812 0.0409127 0.3940607 0.3828348 0.3894558 0.3927489 0.3870467 0.3923758 0.3899226 0.4162227 0.4185008 0.4095537 0.3898753 0.3867332 0.3719290 0.4016468 0.4171178 0.3875174 0.2813699 0.0000000 0.4255966 0.4009901 0.3724740 0.3864907 0.3795668 0.4114950 0.3857919 0.4008051 0.3926248 0.3758755 0.3969855 0.4153623 0.3774109 
n277_366   0.3175390 0.2923989 0.3464702 0.4371255 0.3258666 0.3276357 0.0957328 0.3532894 0.3426878 0.3477818 0.0958147 0.2776402 0.3259374 0.2824698 0.0958162 0.3073970 0.3170352 0.0201874 0.3466734 0.3482491 0.4505421 0.4255966 0.0000000 0.3265978 0.3119824 0.3125463 0.3015121 0.3415087 0.3070761 0.1033566 0.3479899 0.3019994 0.3164910 0.2826034 0.3225330 
n265_346   0.3278648 0.3618982 0.3317402 0.3888695 0.3468856 0.3331768 0.2848326 0.3645724 0.3590181 0.3642210 0.2851354 0.3562702 0.0134092 0.3434711 0.2851172 0.3175806 0.3230187 0.3010038 0.1147922 0.3594584 0.3920529 0.4009901 0.3265978 0.0000000 0.3281919 0.3120905 0.2968164 0.1109579 0.3274869 0.2947059 0.3644447 0.3120958 0.3117292 0.3487901 0.3280325 
n293_390   0.2587499 0.3143090 0.0851164 0.3667951 0.1727888 0.0169194 0.2663621 0.0520435 0.0484364 0.0519939 0.2666391 0.2934806 0.3384811 0.3084355 0.2666244 0.2493368 0.0135096 0.2818417 0.3174772 0.0484924 0.4198799 0.3724740 0.3119824 0.3281919 0.0000000 0.2541055 0.2397426 0.3073030 0.2490888 0.2714615 0.0520137 0.2353739 0.2534358 0.3135228 0.0135065 
n292_387   0.0135126 0.3087755 0.2966280 0.3926627 0.3060608 0.2735682 0.2570247 0.2834185 0.2784146 0.2831428 0.2572891 0.3030542 0.3221501 0.3032795 0.2572761 0.0203703 0.2640014 0.2869094 0.3423022 0.2787542 0.4033670 0.3864907 0.3125463 0.3120905 0.2541055 0.0000000 0.0630175 0.3371561 0.0134990 0.2665563 0.2832970 0.0237880 0.0852448 0.3083289 0.2687924 
n278_365   0.0629349 0.2828036 0.2715373 0.3796455 0.2855419 0.2491430 0.2566292 0.2628619 0.2580102 0.2626068 0.2568928 0.2773263 0.3066778 0.2977183 0.2568799 0.0593546 0.2398887 0.2763121 0.3056543 0.2583229 0.3792029 0.3795668 0.3015121 0.2968164 0.2397426 0.0630175 0.0000000 0.3061096 0.0665899 0.2661436 0.2627450 0.0557006 0.0203289 0.3027233 0.2445203 
n286_379   0.3422940 0.3501365 0.3217750 0.3939882 0.3515794 0.3121536 0.2991855 0.3484152 0.3429764 0.3480787 0.3041095 0.3446113 0.1111332 0.3222486 0.3040872 0.3318478 0.3022747 0.3154542 0.0100439 0.3433966 0.3888975 0.4114950 0.3415087 0.1109579 0.3073030 0.3371561 0.3061096 0.0000000 0.3418980 0.3092354 0.3482873 0.3262597 0.3265916 0.3274116 0.3071482 
n300_397   0.0067167 0.3130460 0.2958490 0.3919514 0.3006647 0.2683955 0.2617927 0.2781697 0.2732055 0.2778992 0.2620636 0.3072985 0.3377457 0.3025055 0.2620497 0.0203260 0.2589017 0.2816519 0.3470691 0.2735381 0.4084560 0.3857919 0.3070761 0.3274869 0.2490888 0.0134990 0.0665899 0.3418980 0.0000000 0.2713861 0.2780492 0.0237362 0.0888960 0.3075397 0.2636555 
n292_389   0.2813050 0.2688716 0.2992142 0.4119442 0.2889707 0.2862143 0.0066757 0.3104950 0.3053459 0.3101956 0.0134201 0.2493447 0.2941201 0.2625230 0.0134206 0.2716603 0.2814069 0.0807037 0.3141728 0.3057168 0.4083437 0.4008051 0.1033566 0.2947059 0.2714615 0.2665563 0.2661436 0.3092354 0.2713861 0.0000000 0.3103703 0.2665661 0.2854755 0.2672838 0.2813880 
n290_385   0.2881202 0.3335417 0.1040393 0.3868016 0.1984234 0.0555678 0.3049758 0.0134806 0.0033473 0.0067066 0.3053070 0.3177100 0.3752006 0.3383387 0.3052843 0.2783335 0.0519895 0.3164340 0.3590095 0.0100943 0.4237917 0.3926248 0.3479899 0.3644447 0.0520137 0.2832970 0.2627450 0.3482873 0.2780492 0.3103703 0.0000000 0.2638109 0.2768231 0.3436208 0.0519787 
n274_359   0.0237602 0.2836221 0.2768837 0.3760848 0.2861049 0.2543262 0.2570351 0.2639284 0.2590543 0.2636715 0.2572996 0.2781261 0.3221539 0.2780894 0.2572865 0.0168931 0.2449966 0.2767536 0.3313294 0.2593693 0.3806804 0.3758755 0.3019994 0.3120958 0.2353739 0.0237880 0.0557006 0.3262597 0.0237362 0.2665661 0.2638109 0.0000000 0.0776929 0.2829662 0.2496665 
n277_364   0.0851318 0.2981116 0.2812102 0.3970680 0.2952415 0.2630074 0.2757129 0.2769430 0.2720029 0.2766746 0.2760024 0.2970686 0.3217776 0.3081654 0.2759860 0.0814668 0.2535934 0.2907859 0.3261000 0.2723329 0.3900339 0.3969855 0.3164910 0.3117292 0.2534358 0.0852448 0.0203289 0.3265916 0.0888960 0.2854755 0.2768231 0.0776929 0.0000000 0.3132475 0.2583066 
n285_380   0.3078916 0.1197147 0.3379897 0.4155451 0.3223570 0.3235897 0.2577151 0.3437487 0.3383387 0.3434163 0.2579812 0.1234609 0.3542043 0.0033408 0.2579680 0.2978585 0.3185134 0.2632771 0.3325013 0.3387533 0.4095635 0.4153623 0.2826034 0.3487901 0.3135228 0.3083289 0.3027233 0.3274116 0.3075397 0.2672838 0.3436208 0.2829662 0.3132475 0.0000000 0.3185007 
n298_395   0.2735307 0.3084438 0.0850605 0.3716948 0.1726844 0.0033503 0.2762079 0.0520084 0.0484036 0.0519579 0.2764987 0.2981930 0.3383199 0.3133800 0.2764821 0.2639219 0.0135003 0.2919433 0.3173202 0.0484596 0.4251292 0.3774109 0.3225330 0.3280325 0.0135065 0.2687924 0.2445203 0.3071482 0.2636555 0.2813880 0.0519787 0.2496665 0.2583066 0.3185007 0.0000000 
