24
n236_237   0.0000000 0.3058704 0.0925606 0.2040090 0.0848834 0.3417589 0.0925442 0.2747253 0.0811806 0.2041294 0.2129715 0.2086554 0.2952371 0.0886570 0.0773709 0.2129796 0.2085640 0.0886431 0.2748248 0.0849189 0.4367326 0.3530846 0.1439571 0.2085200 
n266_267   0.3058704 0.0000000 0.3322492 0.2368167 0.3313809 0.4042774 0.3321423 0.1121779 0.3319803 0.2323269 0.2415440 0.2370587 0.0307035 0.3367467 0.3159147 0.2415489 0.2369500 0.3321588 0.1043264 0.3319641 0.4603886 0.4163955 0.3212965 0.2277239 
n296_297   0.0925606 0.3322492 0.0000000 0.2268673 0.0341514 0.3698285 0.0134591 0.3051773 0.0519381 0.2270016 0.2361286 0.2316846 0.3266471 0.0376617 0.0518913 0.2361342 0.2315795 0.0627884 0.3052899 0.0555326 0.4627831 0.3875960 0.1690825 0.2315298 
n277_278   0.2040090 0.2368167 0.2268673 0.0000000 0.2218496 0.3205696 0.2222466 0.1999568 0.2130607 0.0412791 0.0168780 0.0448387 0.2365982 0.2264412 0.2083196 0.0483754 0.0448233 0.2266855 0.1910259 0.2130508 0.3938758 0.3155343 0.2264592 0.0448151 
n290_291   0.0848834 0.3313809 0.0341514 0.2218496 0.0000000 0.3747638 0.0341463 0.3044034 0.0447331 0.2219806 0.2310295 0.2266212 0.3257989 0.0033394 0.0446930 0.2310357 0.2265194 0.0554599 0.3045154 0.0482878 0.4553226 0.3866460 0.1645549 0.2264710 
n255_256   0.3417589 0.4042774 0.3698285 0.3205696 0.3747638 0.0000000 0.3755384 0.3922295 0.3471343 0.3103325 0.3365726 0.3156251 0.4035719 0.3804534 0.3470781 0.3205534 0.3154629 0.3583048 0.3804718 0.3471172 0.2946078 0.0663912 0.3914951 0.3102526 
n295_296   0.0925442 0.3321423 0.0134591 0.2222466 0.0341463 0.3755384 0.0000000 0.2947840 0.0519299 0.2223781 0.2314463 0.2270288 0.3265434 0.0376560 0.0518832 0.2314525 0.2269265 0.0627773 0.2948921 0.0555239 0.4621423 0.3818840 0.1690460 0.2268779 
n286_287   0.2747253 0.1121779 0.3051773 0.1999568 0.3044034 0.3922295 0.2947840 0.0000000 0.3049420 0.1955617 0.2044345 0.2000380 0.1159936 0.3095618 0.2994454 0.2043235 0.1999513 0.3097212 0.0067045 0.3100436 0.4350025 0.3866233 0.3046881 0.1911913 
n298_299   0.0811806 0.3319803 0.0519381 0.2130607 0.0447331 0.3471343 0.0519299 0.3049420 0.0000000 0.2176840 0.2221393 0.2223005 0.3263854 0.0482975 0.0134545 0.2266966 0.2222011 0.0237329 0.3050544 0.0033380 0.4236686 0.3585447 0.1689267 0.2221537 
n299_300   0.2041294 0.2323269 0.2270016 0.0412791 0.2219806 0.3103325 0.2223781 0.1955617 0.2176840 0.0000000 0.0448335 0.0033468 0.2229994 0.2265751 0.2129063 0.0067052 0.0033457 0.2314004 0.1866865 0.2176739 0.3591258 0.3053595 0.2405083 0.0033451 
n278_279   0.2129715 0.2415440 0.2361286 0.0168780 0.2310295 0.3365726 0.2314463 0.2044345 0.2221393 0.0448335 0.0000000 0.0484131 0.2413206 0.2356805 0.2173286 0.0519645 0.0483953 0.2359375 0.1954442 0.2221290 0.3997983 0.3314336 0.2356989 0.0483864 
n292_293   0.2086554 0.2370587 0.2316846 0.0448387 0.2266212 0.3156251 0.2270288 0.2000380 0.2223005 0.0033468 0.0484131 0.0000000 0.2276663 0.2312469 0.2174859 0.0100837 0.0067086 0.2361091 0.1911028 0.2222901 0.3648082 0.3106171 0.2452754 0.0067074 
n265_266   0.2952371 0.0307035 0.3266471 0.2365982 0.3257989 0.4035719 0.3265434 0.1159936 0.3263854 0.2229994 0.2413206 0.2276663 0.0000000 0.3311205 0.3104539 0.2321049 0.2275634 0.3263513 0.1081054 0.3263695 0.4597019 0.4097923 0.3313713 0.2184553 
n289_290   0.0886570 0.3367467 0.0376617 0.2264412 0.0033394 0.3804534 0.0376560 0.3095618 0.0482975 0.2265751 0.2356805 0.2312469 0.3311205 0.0000000 0.0482540 0.2356862 0.2311422 0.0590787 0.3096761 0.0518699 0.4617035 0.3924351 0.1687852 0.2310926 
n293_294   0.0773709 0.3159147 0.0518913 0.2083196 0.0446930 0.3470781 0.0518832 0.2994454 0.0134545 0.2129063 0.2173286 0.2174859 0.3104539 0.0482540 0.0000000 0.2218519 0.2173895 0.0168632 0.2995553 0.0168564 0.4363065 0.3584858 0.1645205 0.2173434 
n280_281   0.2129796 0.2415489 0.2361342 0.0483754 0.2310357 0.3205534 0.2314525 0.2043235 0.2266966 0.0067052 0.0519645 0.0100837 0.2321049 0.2356862 0.2218519 0.0000000 0.0100804 0.2405783 0.1953399 0.2266860 0.3700365 0.3155189 0.2497899 0.0100785 
n274_275   0.2085640 0.2369500 0.2315795 0.0448233 0.2265194 0.3154629 0.2269265 0.1999513 0.2222011 0.0033457 0.0483953 0.0067086 0.2275634 0.2311422 0.2173895 0.0100804 0.0000000 0.2360014 0.1910211 0.2221907 0.3646065 0.3104586 0.2451621 0.0067052 
n275_276   0.0886431 0.3321588 0.0627884 0.2266855 0.0554599 0.3583048 0.0627773 0.3097212 0.0237329 0.2314004 0.2359375 0.2361091 0.3263513 0.0590787 0.0168632 0.2405783 0.2360014 0.0000000 0.3098356 0.0271858 0.4553862 0.3699121 0.1817134 0.2359505 
n285_286   0.2748248 0.1043264 0.3052899 0.1910259 0.3045154 0.3804718 0.2948921 0.0067045 0.3050544 0.1866865 0.1954442 0.1911028 0.1081054 0.3096761 0.2995553 0.1953399 0.1910211 0.3098356 0.0000000 0.3050397 0.4225054 0.3749524 0.3048003 0.1823708 
n297_298   0.0849189 0.3319641 0.0555326 0.2130508 0.0482878 0.3471172 0.0555239 0.3100436 0.0033380 0.2176739 0.2221290 0.2222901 0.3263695 0.0518699 0.0168564 0.2266860 0.2221907 0.0271858 0.3050397 0.0000000 0.4236470 0.3585270 0.1731502 0.2221433 
n244_245   0.4367326 0.4603886 0.4627831 0.3938758 0.4553226 0.2946078 0.4621423 0.4350025 0.4236686 0.3591258 0.3997983 0.3648082 0.4597019 0.4617035 0.4363065 0.3700365 0.3646065 0.4553862 0.4225054 0.4236470 0.0000000 0.3259582 0.4733000 0.3645184 
n251_252   0.3530846 0.4163955 0.3875960 0.3155343 0.3866460 0.0663912 0.3818840 0.3866233 0.3585447 0.3053595 0.3314336 0.3106171 0.4097923 0.3924351 0.3584858 0.3155189 0.3104586 0.3699121 0.3749524 0.3585270 0.3259582 0.0000000 0.3978615 0.3052811 
n200_201   0.1439571 0.3212965 0.1690825 0.2264592 0.1645549 0.3914951 0.1690460 0.3046881 0.1689267 0.2405083 0.2356989 0.2452754 0.3313713 0.1687852 0.1645205 0.2497899 0.2451621 0.1817134 0.3048003 0.1731502 0.4733000 0.3978615 0.0000000 0.2358747 
n300_301   0.2085200 0.2277239 0.2315298 0.0448151 0.2264710 0.3102526 0.2268779 0.1911913 0.2221537 0.0033451 0.0483864 0.0067074 0.2184553 0.2310926 0.2173434 0.0100785 0.0067052 0.2359505 0.1823708 0.2221433 0.3645184 0.3052811 0.2358747 0.0000000 
