25
n236_237   0.0000000 0.3347691 0.0858794 0.3487566 0.0820464 0.4856038 0.0820669 0.3176117 0.0745785 0.3548716 0.0857792 0.3430096 0.3667829 0.3518336 0.0897110 0.0784075 0.3543796 0.3592485 0.0860124 0.3124631 0.0745205 0.0708275 0.4231870 0.4977731 0.1625674 
n266_267   0.3347691 0.0000000 0.2825654 0.2549877 0.2862108 0.3879133 0.2818696 0.1260630 0.2867448 0.2856695 0.2910856 0.2502735 0.2964308 0.0238190 0.2914126 0.2809783 0.2797004 0.2898099 0.2912571 0.1219257 0.2754350 0.2815728 0.3786743 0.4402129 0.3471999 
n296_297   0.0858794 0.2825654 0.0000000 0.3205641 0.0238776 0.4314674 0.0033516 0.2713957 0.0308775 0.3434390 0.0273375 0.3150535 0.3551393 0.3041242 0.0308711 0.0344264 0.3485827 0.3534177 0.0415304 0.2665442 0.0308548 0.0273735 0.3916405 0.4357986 0.1662619 
n277_278   0.3487566 0.2549877 0.3205641 0.0000000 0.3139421 0.4432088 0.3197717 0.2595326 0.3037893 0.0810830 0.3189455 0.0202678 0.0887376 0.2803260 0.3093793 0.3092473 0.0809740 0.0845797 0.3198598 0.2597483 0.3034927 0.2985410 0.4216072 0.4818378 0.3757623 
n290_291   0.0820464 0.2862108 0.0238776 0.3139421 0.0000000 0.4496482 0.0204109 0.2699362 0.0273661 0.3416193 0.0033552 0.3134040 0.3532497 0.3078035 0.0067352 0.0308926 0.3467342 0.3515439 0.0379566 0.2651131 0.0273461 0.0238818 0.3977199 0.4364636 0.1619417 
n255_256   0.4856038 0.3879133 0.4314674 0.4432088 0.4496482 0.0000000 0.4303396 0.4198042 0.4232962 0.4509572 0.4497393 0.4315266 0.4646850 0.4121742 0.4628623 0.4242531 0.4430971 0.4557296 0.4297130 0.4132941 0.4172894 0.4239973 0.3387627 0.0661793 0.4936277 
n295_296   0.0820669 0.2818696 0.0033516 0.3197717 0.0204109 0.4303396 0.0000000 0.2707313 0.0273728 0.3425804 0.0238552 0.3142765 0.3542464 0.3033679 0.0273672 0.0309001 0.3477101 0.3525327 0.0379659 0.2658926 0.0273528 0.0238876 0.3857208 0.4295111 0.1619847 
n286_287   0.3176117 0.1260630 0.2713957 0.2595326 0.2699362 0.4198042 0.2707313 0.0000000 0.2653582 0.2859349 0.2746964 0.2600968 0.2967018 0.1469303 0.2702933 0.2598185 0.2855353 0.2900766 0.2697547 0.0168886 0.2544839 0.2603628 0.3931792 0.4690570 0.3232841 
n298_299   0.0745785 0.2867448 0.0308775 0.3037893 0.0273661 0.4232962 0.0273728 0.2653582 0.0000000 0.3315261 0.0308423 0.2984197 0.3429987 0.3083934 0.0343996 0.0169967 0.3310661 0.3358047 0.0101250 0.2605583 0.0135409 0.0033562 0.3817853 0.4224794 0.1536624 
n299_300   0.3548716 0.2856695 0.3434390 0.0810830 0.3416193 0.4509572 0.3425804 0.2859349 0.3315261 0.0000000 0.3468092 0.0737410 0.0066846 0.3122439 0.3369100 0.3372244 0.0066779 0.0100257 0.3482885 0.2861736 0.3311942 0.3260506 0.4365851 0.4832801 0.3821310 
n287_288   0.0857792 0.2910856 0.0273375 0.3189455 0.0033552 0.4497393 0.0238552 0.2746964 0.0308423 0.3468092 0.0000000 0.3183989 0.3585220 0.3128225 0.0101206 0.0273862 0.3519539 0.3567868 0.0344125 0.2698465 0.0238637 0.0273423 0.3977997 0.4365519 0.1660619 
n278_279   0.3430096 0.2502735 0.3150535 0.0202678 0.3134040 0.4315266 0.3142765 0.2600968 0.2984197 0.0737410 0.3183989 0.0000000 0.0813149 0.2754511 0.3088485 0.3038334 0.0736420 0.0772259 0.3143630 0.2603134 0.2981297 0.2932131 0.4170033 0.4696104 0.3650310 
n292_293   0.3667829 0.2964308 0.3551393 0.0887376 0.3532497 0.4646850 0.3542464 0.2967018 0.3429987 0.0066846 0.3585220 0.0813149 0.0000000 0.3175142 0.3484734 0.3487992 0.0134414 0.0168168 0.3600554 0.2969497 0.3426518 0.3374263 0.4499989 0.4976521 0.3878745 
n265_266   0.3518336 0.0238190 0.3041242 0.2803260 0.3078035 0.4121742 0.3033679 0.1469303 0.3083934 0.3122439 0.3128225 0.2754511 0.3175142 0.0000000 0.3131808 0.3024021 0.3059808 0.3164831 0.3130178 0.1426500 0.2966541 0.3030470 0.4036179 0.4662162 0.3641046 
n289_290   0.0897110 0.2914126 0.0308711 0.3093793 0.0067352 0.4628623 0.0273672 0.2702933 0.0343996 0.3369100 0.0101206 0.3088485 0.3484734 0.3131808 0.0000000 0.0379701 0.3420015 0.3467928 0.0451123 0.2654629 0.0343742 0.0308767 0.4099844 0.4494357 0.1705647 
n293_294   0.0784075 0.2809783 0.0344264 0.3092473 0.0308926 0.4242531 0.0309001 0.2598185 0.0169967 0.3372244 0.0273862 0.3038334 0.3487992 0.3024021 0.0379701 0.0000000 0.3367575 0.3415250 0.0135448 0.2550615 0.0033553 0.0135608 0.3815749 0.4234329 0.1580007 
n280_281   0.3543796 0.2797004 0.3485827 0.0809740 0.3467342 0.4430971 0.3477101 0.2855353 0.3310661 0.0066779 0.3519539 0.0736420 0.0134414 0.3059808 0.3420015 0.3367575 0.0000000 0.0100122 0.3478065 0.2857745 0.3307351 0.3255983 0.4301152 0.4817359 0.3816041 
n274_275   0.3592485 0.2898099 0.3534177 0.0845797 0.3515439 0.4557296 0.3525327 0.2900766 0.3358047 0.0100257 0.3567868 0.0772259 0.0168168 0.3164831 0.3467928 0.3415250 0.0100122 0.0000000 0.3526304 0.2903181 0.3354682 0.3303085 0.4355232 0.4950320 0.3753611 
n275_276   0.0860124 0.2912571 0.0415304 0.3198598 0.0379566 0.4297130 0.0379659 0.2697547 0.0101250 0.3482885 0.0344125 0.3143630 0.3600554 0.3130178 0.0451123 0.0135448 0.3478065 0.3526304 0.0000000 0.2649350 0.0101172 0.0135387 0.3878566 0.4288816 0.1665305 
n285_286   0.3124631 0.1219257 0.2665442 0.2597483 0.2651131 0.4132941 0.2658926 0.0168886 0.2605583 0.2861736 0.2698465 0.2603134 0.2969497 0.1426500 0.2654629 0.2550615 0.2857745 0.2903181 0.2649350 0.0000000 0.2497659 0.2555954 0.3744152 0.4620826 0.3181019 
n294_295   0.0745205 0.2754350 0.0308548 0.3034927 0.0273461 0.4172894 0.0273528 0.2544839 0.0135409 0.3311942 0.0238637 0.2981297 0.3426518 0.2966541 0.0343742 0.0033553 0.3307351 0.3354682 0.0101172 0.2497659 0.0000000 0.0101292 0.3750514 0.4164858 0.1535320 
n297_298   0.0708275 0.2815728 0.0273735 0.2985410 0.0238818 0.4239973 0.0238876 0.2603628 0.0033562 0.3260506 0.0273423 0.2932131 0.3374263 0.3030470 0.0308767 0.0135608 0.3255983 0.3303085 0.0135387 0.2555954 0.0101292 0.0000000 0.3813508 0.4231780 0.1494538 
n244_245   0.4231870 0.3786743 0.3916405 0.4216072 0.3977199 0.3387627 0.3857208 0.3931792 0.3817853 0.4365851 0.3977997 0.4170033 0.4499989 0.4036179 0.4099844 0.3815749 0.4301152 0.4355232 0.3878566 0.3744152 0.3750514 0.3813508 0.0000000 0.3650435 0.4567109 
n251_252   0.4977731 0.4402129 0.4357986 0.4818378 0.4364636 0.0661793 0.4295111 0.4690570 0.4224794 0.4832801 0.4365519 0.4696104 0.4976521 0.4662162 0.4494357 0.4234329 0.4817359 0.4950320 0.4288816 0.4620826 0.4164858 0.4231780 0.3650435 0.0000000 0.5059272 
n200_201   0.1625674 0.3471999 0.1662619 0.3757623 0.1619417 0.4936277 0.1619847 0.3232841 0.1536624 0.3821310 0.1660619 0.3650310 0.3878745 0.3641046 0.1705647 0.1580007 0.3816041 0.3753611 0.1665305 0.3181019 0.1535320 0.1494538 0.4567109 0.5059272 0.0000000 
