26
n236_237   0.0000000 0.2306596 0.1124791 0.2497351 0.1205993 0.3506989 0.1165018 0.2851803 0.1165491 0.2346637 0.1124820 0.2499335 0.2491819 0.2261665 0.1046259 0.1165133 0.2397382 0.2494214 0.1085880 0.2853599 0.1125001 0.1125035 0.4024700 0.3443350 0.1581201 0.2395731 
n266_267   0.2306596 0.0000000 0.2405720 0.2311756 0.2356345 0.4064928 0.2455458 0.1171049 0.2455556 0.2118643 0.2405942 0.2263809 0.2259305 0.0273372 0.2310258 0.2503833 0.2167632 0.2261486 0.2406375 0.1171837 0.2453955 0.2405263 0.4290274 0.3992648 0.2509460 0.2166123 
n296_297   0.1124791 0.2405720 0.0000000 0.2400436 0.0307466 0.3451040 0.0033408 0.2649372 0.0412856 0.2348654 0.0237585 0.2402323 0.2395156 0.2262532 0.0168834 0.0412749 0.2255120 0.2397460 0.0342102 0.2651059 0.0377210 0.0377213 0.4079002 0.3558840 0.1412200 0.2300397 
n277_278   0.2497351 0.2311756 0.2400436 0.0000000 0.2401532 0.3346951 0.2351738 0.2548521 0.2498869 0.0666916 0.2400657 0.0100750 0.0667061 0.2217613 0.2305231 0.2499250 0.0593469 0.0667025 0.2449458 0.2451262 0.2449490 0.2448325 0.4327996 0.3561067 0.2604958 0.0629867 
n290_291   0.1205993 0.2356345 0.0307466 0.2401532 0.0000000 0.3628190 0.0342687 0.2601727 0.0448891 0.2349720 0.0203362 0.2403422 0.2301783 0.2214237 0.0134882 0.0448773 0.2303029 0.2398553 0.0377661 0.2603388 0.0412982 0.0412986 0.4023838 0.3682730 0.1455227 0.2301436 
n255_256   0.3506989 0.4064928 0.3451040 0.3346951 0.3628190 0.0000000 0.3509633 0.4258050 0.3510147 0.3452309 0.3565315 0.3346955 0.3506592 0.3882460 0.3451921 0.3566226 0.3457374 0.3571040 0.3452303 0.4326822 0.3507472 0.3450611 0.3383352 0.0593516 0.3642686 0.3395112 
n295_296   0.1165018 0.2455458 0.0033408 0.2351738 0.0342687 0.3509633 0.0000000 0.2701046 0.0448674 0.2300397 0.0272361 0.2353578 0.2346585 0.2311171 0.0203219 0.0448557 0.2207524 0.2348842 0.0377482 0.2702761 0.0412786 0.0412790 0.4143107 0.3618309 0.1454467 0.2252501 
n286_287   0.2851803 0.1171049 0.2649372 0.2548521 0.2601727 0.4258050 0.2701046 0.0000000 0.2702970 0.2497809 0.2551230 0.2498892 0.2545382 0.1212720 0.2550505 0.2804578 0.2450023 0.2547833 0.2702668 0.0101010 0.2752305 0.2701398 0.4561312 0.4307924 0.2807841 0.2448335 
n298_299   0.1165491 0.2455556 0.0412856 0.2498869 0.0448891 0.3510147 0.0448674 0.2702970 0.0000000 0.2446174 0.0377314 0.2500855 0.2493330 0.2264587 0.0307102 0.0134648 0.2398823 0.2495727 0.0066965 0.2704687 0.0100689 0.0033408 0.4141789 0.3618881 0.1330544 0.2397170 
n299_300   0.2346637 0.2118643 0.2348654 0.0666916 0.2349720 0.3452309 0.2300397 0.2497809 0.2446174 0.0000000 0.2348863 0.0666591 0.0100622 0.2027249 0.2254279 0.2398241 0.0168682 0.0237422 0.2397223 0.2499410 0.2349312 0.2396119 0.4385692 0.3610545 0.2551158 0.0033372 
n287_288   0.1124820 0.2405942 0.0237585 0.2400657 0.0203362 0.3565315 0.0272361 0.2551230 0.0377314 0.2348863 0.0000000 0.2402545 0.2300942 0.2262723 0.0067010 0.0377218 0.2302187 0.2397680 0.0306973 0.2552863 0.0341893 0.0341895 0.3903498 0.3674770 0.1328987 0.2300596 
n278_279   0.2499335 0.2263809 0.2402323 0.0100750 0.2403422 0.3346955 0.2353578 0.2498892 0.2500855 0.0666591 0.2402545 0.0000000 0.0666736 0.2170325 0.2307026 0.2501237 0.0593183 0.0666701 0.2451394 0.2402357 0.2451427 0.2450260 0.4200123 0.3446106 0.2607057 0.0629562 
n292_293   0.2491819 0.2259305 0.2395156 0.0667061 0.2301783 0.3506592 0.2346585 0.2545382 0.2493330 0.0100622 0.2300942 0.0666736 0.0000000 0.2166035 0.2207037 0.2445094 0.0202860 0.0271936 0.2444049 0.2547009 0.2395836 0.2442922 0.4326138 0.3665814 0.2599123 0.0066886 
n265_266   0.2261665 0.0273372 0.2262532 0.2217613 0.2214237 0.3882460 0.2311171 0.1212720 0.2264587 0.2027249 0.2262723 0.2170325 0.2166035 0.0000000 0.2169010 0.2311591 0.2075513 0.2168127 0.2216804 0.1213537 0.2263151 0.2215790 0.4164351 0.3812468 0.2461120 0.2074062 
n289_290   0.1046259 0.2310258 0.0168834 0.2305231 0.0134882 0.3451921 0.0203219 0.2550505 0.0307102 0.2254279 0.0067010 0.2307026 0.2207037 0.2169010 0.0000000 0.0307025 0.2208229 0.2302409 0.0237523 0.2552137 0.0272096 0.0272097 0.3963017 0.3559773 0.1288754 0.2206697 
n293_294   0.1165133 0.2503833 0.0412749 0.2499250 0.0448773 0.3566226 0.0448557 0.2804578 0.0134648 0.2398241 0.0377218 0.2501237 0.2445094 0.2311591 0.0307025 0.0000000 0.2351207 0.2447447 0.0066965 0.2806351 0.0033390 0.0100673 0.4202575 0.3675715 0.1371669 0.2349584 
n280_281   0.2397382 0.2167632 0.2255120 0.0593469 0.2303029 0.3457374 0.2207524 0.2450023 0.2398823 0.0168682 0.2302187 0.0593183 0.0202860 0.2075513 0.2208229 0.2351207 0.0000000 0.0134507 0.2350217 0.2451597 0.2302624 0.2349137 0.4323436 0.3615873 0.2502959 0.0134551 
n274_275   0.2494214 0.2261486 0.2397460 0.0667025 0.2398553 0.3571040 0.2348842 0.2547833 0.2495727 0.0237422 0.2397680 0.0666701 0.0271936 0.2168127 0.2302409 0.2447447 0.0134507 0.0000000 0.2446400 0.2549462 0.2398141 0.2445270 0.4450766 0.3675034 0.2601627 0.0202906 
n275_276   0.1085880 0.2406375 0.0342102 0.2449458 0.0377661 0.3452303 0.0377482 0.2702668 0.0066965 0.2397223 0.0306973 0.2451394 0.2444049 0.2216804 0.0237523 0.0066965 0.2350217 0.2446400 0.0000000 0.2704385 0.0033380 0.0033380 0.4078587 0.3560178 0.1289669 0.2348595 
n285_286   0.2853599 0.1171837 0.2651059 0.2451262 0.2603388 0.4326822 0.2702761 0.0101010 0.2704687 0.2499410 0.2552863 0.2402357 0.2547009 0.1213537 0.2552137 0.2806351 0.2451597 0.2549462 0.2704385 0.0000000 0.2754049 0.2703114 0.4632861 0.4377004 0.2809508 0.2449908 
n294_295   0.1125001 0.2453955 0.0377210 0.2449490 0.0412982 0.3507472 0.0412786 0.2752305 0.0100689 0.2349312 0.0341893 0.2451427 0.2395836 0.2263151 0.0272096 0.0033390 0.2302624 0.2398141 0.0033380 0.2754049 0.0000000 0.0066914 0.4138355 0.3616084 0.1330075 0.2301032 
n297_298   0.1125035 0.2405263 0.0377213 0.2448325 0.0412986 0.3450611 0.0412790 0.2701398 0.0033408 0.2396119 0.0341895 0.2450260 0.2442922 0.2215790 0.0272097 0.0100673 0.2349137 0.2445270 0.0033380 0.2703114 0.0066914 0.0000000 0.4076530 0.3558425 0.1288858 0.2347517 
n244_245   0.4024700 0.4290274 0.4079002 0.4327996 0.4023838 0.3383352 0.4143107 0.4561312 0.4141789 0.4385692 0.3903498 0.4200123 0.4326138 0.4164351 0.3963017 0.4202575 0.4323436 0.4450766 0.4078587 0.4632861 0.4138355 0.4076530 0.0000000 0.3317609 0.4346828 0.4320740 
n251_252   0.3443350 0.3992648 0.3558840 0.3561067 0.3682730 0.0593516 0.3618309 0.4307924 0.3618881 0.3610545 0.3674770 0.3446106 0.3665814 0.3812468 0.3559773 0.3675715 0.3615873 0.3675034 0.3560178 0.4377004 0.3616084 0.3558425 0.3317609 0.0000000 0.3811465 0.3552187 
n200_201   0.1581201 0.2509460 0.1412200 0.2604958 0.1455227 0.3642686 0.1454467 0.2807841 0.1330544 0.2551158 0.1328987 0.2607057 0.2599123 0.2461120 0.1288754 0.1371669 0.2502959 0.2601627 0.1289669 0.2809508 0.1330075 0.1288858 0.4346828 0.3811465 0.0000000 0.2501237 
n300_301   0.2395731 0.2166123 0.2300397 0.0629867 0.2301436 0.3395112 0.2252501 0.2448335 0.2397170 0.0033372 0.2300596 0.0629562 0.0066886 0.2074062 0.2206697 0.2349584 0.0134551 0.0202906 0.2348595 0.2449908 0.2301032 0.2347517 0.4320740 0.3552187 0.2501237 0.0000000 
