26
n236_237   0.0000000 0.2415907 0.0698885 0.2446003 0.0773481 0.3380127 0.0735840 0.2650234 0.0663836 0.2584054 0.0811711 0.2400705 0.2490248 0.2370466 0.0811094 0.0701542 0.2490651 0.2582433 0.0700300 0.2553251 0.0627558 0.0701095 0.3416214 0.3448273 0.1439095 0.2585328 
n266_267   0.2415907 0.0000000 0.2409586 0.2275315 0.2413186 0.3621041 0.2364423 0.1325924 0.2322056 0.2414165 0.2463712 0.2275315 0.2321865 0.0135389 0.2368767 0.2372469 0.2322245 0.2412645 0.2462693 0.1245164 0.2276845 0.2370683 0.3502855 0.3581485 0.2177602 0.2415339 
n296_297   0.0698885 0.2409586 0.0000000 0.2438627 0.0271370 0.3532492 0.0033363 0.2692188 0.0237092 0.2625519 0.0306394 0.2441565 0.2531381 0.2364278 0.0306165 0.0237384 0.2531789 0.2623875 0.0306245 0.2594832 0.0202810 0.0271820 0.3248784 0.3546486 0.1517400 0.2626818 
n277_278   0.2446003 0.2275315 0.2438627 0.0000000 0.2349458 0.3758582 0.2393571 0.2505343 0.2303971 0.0446066 0.2444443 0.0066884 0.0375735 0.2230698 0.2350353 0.2353904 0.0340765 0.0410442 0.2491684 0.2410336 0.2259157 0.2352147 0.3360193 0.3719353 0.2260432 0.0446232 
n290_291   0.0773481 0.2413186 0.0271370 0.2349458 0.0000000 0.3533696 0.0306089 0.2693193 0.0237194 0.2534363 0.0100707 0.2352277 0.2441231 0.2367809 0.0100633 0.0237486 0.2441626 0.2532775 0.0376507 0.2595810 0.0202897 0.0271937 0.3199817 0.3547697 0.1477745 0.2535605 
n255_256   0.3380127 0.3621041 0.3532492 0.3758582 0.3533696 0.0000000 0.3535529 0.3800268 0.3376496 0.3808131 0.3534171 0.3758582 0.3754196 0.3567758 0.3538145 0.3380570 0.3816850 0.3868260 0.3377690 0.3685558 0.3324647 0.3433674 0.3433882 0.0521303 0.3652339 0.3810314 
n295_296   0.0735840 0.2364423 0.0033363 0.2393571 0.0306089 0.3535529 0.0000000 0.2645439 0.0271669 0.2579425 0.0341332 0.2396448 0.2485813 0.2319350 0.0271655 0.0272004 0.2486214 0.2577810 0.0341167 0.2548661 0.0237227 0.0306598 0.3251527 0.3549547 0.1477248 0.2580695 
n286_287   0.2650234 0.1325924 0.2692188 0.2505343 0.2693193 0.3800268 0.2645439 0.0000000 0.2552492 0.2599723 0.2745937 0.2505343 0.2505275 0.1286326 0.2647372 0.2558468 0.2505934 0.2598085 0.2698544 0.0067128 0.2506006 0.2602777 0.3778861 0.3755674 0.2359543 0.2601014 
n298_299   0.0663836 0.2322056 0.0237092 0.2303971 0.0237194 0.3376496 0.0271669 0.2552492 0.0000000 0.2487772 0.0272055 0.2306728 0.2395199 0.2277160 0.0271854 0.0100832 0.2395587 0.2486214 0.0202912 0.2456857 0.0033420 0.0033434 0.3101739 0.3389746 0.1397371 0.2488984 
n299_300   0.2584054 0.2414165 0.2625519 0.0446066 0.2534363 0.3808131 0.2579425 0.2599723 0.2487772 0.0000000 0.2583723 0.0446066 0.0066751 0.2321874 0.2535331 0.2539209 0.0134235 0.0168091 0.2680309 0.2503502 0.2441931 0.2537279 0.3407869 0.3769284 0.2303704 0.0066775 
n287_288   0.0811711 0.2463712 0.0306394 0.2444443 0.0100707 0.3534171 0.0341332 0.2745937 0.0272055 0.2583723 0.0000000 0.2447395 0.2537448 0.2417991 0.0134654 0.0272391 0.2537858 0.2630192 0.0412234 0.2647729 0.0237563 0.0307034 0.3147639 0.3492659 0.1561378 0.2584997 
n278_279   0.2400705 0.2275315 0.2441565 0.0066884 0.2352277 0.3758582 0.2396448 0.2505343 0.2306728 0.0446066 0.2447395 0.0000000 0.0375735 0.2230698 0.2353174 0.2356733 0.0340765 0.0410442 0.2494703 0.2410336 0.2261854 0.2354972 0.3360193 0.3719353 0.2216174 0.0446232 
n292_293   0.2490248 0.2321865 0.2531381 0.0375735 0.2441231 0.3754196 0.2485813 0.2505275 0.2395199 0.0066751 0.2537448 0.0375735 0.0000000 0.2230658 0.2442162 0.2445874 0.0066825 0.0100413 0.2585294 0.2410258 0.2349878 0.2444033 0.3356308 0.3715001 0.2213282 0.0066775 
n265_266   0.2370466 0.0135389 0.2364278 0.2230698 0.2367809 0.3567758 0.2319350 0.1286326 0.2277160 0.2321874 0.2417991 0.2230698 0.2230658 0.0000000 0.2323605 0.2327223 0.2231025 0.2320412 0.2416986 0.1205974 0.2232186 0.2325479 0.3450428 0.3528281 0.2180022 0.2322991 
n289_290   0.0811094 0.2368767 0.0306165 0.2350353 0.0100633 0.3538145 0.0271655 0.2647372 0.0271854 0.2535331 0.0134654 0.2353174 0.2442162 0.2323605 0.0000000 0.0272189 0.2442558 0.2533742 0.0411929 0.2550521 0.0237388 0.0306807 0.3203736 0.3552181 0.1478297 0.2536573 
n293_294   0.0701542 0.2372469 0.0237384 0.2353904 0.0237486 0.3380570 0.0272004 0.2558468 0.0100832 0.2539209 0.0272391 0.2356733 0.2445874 0.2327223 0.0272189 0.0000000 0.2446270 0.2537615 0.0237622 0.2462568 0.0067087 0.0134862 0.3155139 0.3393853 0.1440236 0.2540455 
n280_281   0.2490651 0.2322245 0.2531789 0.0340765 0.2441626 0.3816850 0.2486214 0.2505934 0.2395587 0.0134235 0.2537858 0.0340765 0.0066825 0.2231025 0.2442558 0.2446270 0.0000000 0.0100364 0.2585710 0.2410892 0.2350259 0.2444428 0.3415060 0.3777499 0.2213644 0.0134283 
n274_275   0.2582433 0.2412645 0.2623875 0.0410442 0.2532775 0.3868260 0.2577810 0.2598085 0.2486214 0.0168091 0.2630192 0.0410442 0.0100413 0.2320412 0.2533742 0.2537615 0.0100364 0.0000000 0.2678626 0.2501926 0.2440402 0.2535688 0.3518954 0.3828859 0.2211875 0.0168151 
n275_276   0.0700300 0.2462693 0.0306245 0.2491684 0.0376507 0.3377690 0.0341167 0.2698544 0.0202912 0.2680309 0.0412234 0.2494703 0.2585294 0.2416986 0.0411929 0.0237622 0.2585710 0.2678626 0.0000000 0.2600916 0.0168751 0.0237477 0.3259797 0.3390952 0.1562333 0.2681646 
n285_286   0.2553251 0.1245164 0.2594832 0.2410336 0.2595810 0.3685558 0.2548661 0.0067128 0.2456857 0.2503502 0.2647729 0.2410336 0.2410258 0.1205974 0.2550521 0.2462568 0.2410892 0.2501926 0.2600916 0.0000000 0.2410943 0.2506408 0.3718554 0.3641372 0.2266553 0.2504730 
n294_295   0.0627558 0.2276845 0.0202810 0.2259157 0.0202897 0.3324647 0.0237227 0.2506006 0.0033420 0.2441931 0.0237563 0.2261854 0.2349878 0.2232186 0.0237388 0.0067087 0.2350259 0.2440402 0.0168751 0.2410943 0.0000000 0.0067046 0.3101213 0.3337654 0.1357459 0.2443114 
n297_298   0.0701095 0.2370683 0.0271820 0.2352147 0.0271937 0.3433674 0.0306598 0.2602777 0.0033434 0.2537279 0.0307034 0.2354972 0.2444033 0.2325479 0.0306807 0.0134862 0.2444428 0.2535688 0.0237477 0.2506408 0.0067046 0.0000000 0.3156456 0.3447212 0.1439253 0.2538524 
n244_245   0.3416214 0.3502855 0.3248784 0.3360193 0.3199817 0.3433882 0.3251527 0.3778861 0.3101739 0.3407869 0.3147639 0.3360193 0.3356308 0.3450428 0.3203736 0.3155139 0.3415060 0.3518954 0.3259797 0.3718554 0.3101213 0.3156456 0.0000000 0.3286480 0.3309243 0.3303420 
n251_252   0.3448273 0.3581485 0.3546486 0.3719353 0.3547697 0.0521303 0.3549547 0.3755674 0.3389746 0.3769284 0.3492659 0.3719353 0.3715001 0.3528281 0.3552181 0.3393853 0.3777499 0.3828859 0.3390952 0.3641372 0.3337654 0.3447212 0.3286480 0.0000000 0.3666948 0.3771443 
n200_201   0.1439095 0.2177602 0.1517400 0.2260432 0.1477745 0.3652339 0.1477248 0.2359543 0.1397371 0.2303704 0.1561378 0.2216174 0.2213282 0.2180022 0.1478297 0.1440236 0.2213644 0.2211875 0.1562333 0.2266553 0.1357459 0.1439253 0.3309243 0.3666948 0.0000000 0.2304802 
n300_301   0.2585328 0.2415339 0.2626818 0.0446232 0.2535605 0.3810314 0.2580695 0.2601014 0.2488984 0.0066775 0.2584997 0.0446232 0.0066775 0.2322991 0.2536573 0.2540455 0.0134283 0.0168151 0.2681646 0.2504730 0.2443114 0.2538524 0.3303420 0.3771443 0.2304802 0.0000000 
