24
n265_272   0.0000000 0.1273134 0.1234073 0.0134492 0.2113922 0.2442688 0.2116900 0.2208119 0.3824454 0.2297466 0.3670153 0.2202455 0.2398962 0.2117357 0.2305509 0.2156549 0.3618171 0.2303522 0.2344579 0.2303190 0.2073086 0.2156744 0.2344118 0.2338044 
n285_292   0.1273134 0.0000000 0.0033383 0.1394058 0.2468018 0.2766554 0.2471609 0.2474931 0.4219912 0.2567045 0.3946673 0.2469324 0.2721295 0.2472084 0.2623964 0.2514086 0.3893112 0.2621597 0.2615859 0.2621269 0.2425880 0.2422014 0.2615331 0.2562132 
n286_293   0.1234073 0.0033383 0.0000000 0.1354387 0.2422914 0.2719560 0.2426418 0.2429685 0.4163742 0.2521317 0.3892131 0.2424203 0.2674526 0.2426892 0.2577762 0.2468755 0.3838867 0.2575453 0.2569835 0.2575123 0.2380936 0.2377174 0.2569319 0.2516504 
n266_273   0.0134492 0.1394058 0.1354387 0.0000000 0.2200868 0.2533660 0.2203992 0.2296273 0.3820394 0.2386554 0.3666302 0.2290323 0.2489506 0.2204455 0.2394967 0.2243867 0.3614389 0.2392876 0.2434239 0.2392544 0.2159715 0.2244087 0.2433756 0.2335881 
n300_307   0.2113922 0.2468018 0.2422914 0.2200868 0.0000000 0.2525948 0.0134446 0.2333396 0.3879352 0.2423847 0.3837436 0.0445991 0.2481941 0.0066897 0.2480144 0.2335761 0.3671607 0.2429763 0.2517501 0.2385320 0.0134506 0.0481539 0.2471163 0.2328050 
n287_294   0.2442688 0.2766554 0.2719560 0.2533660 0.2525948 0.0000000 0.2578129 0.0377302 0.3595247 0.0447819 0.3555778 0.2578301 0.0169286 0.2578608 0.0307496 0.1353961 0.3504511 0.0307305 0.0519334 0.0100962 0.2578937 0.2530011 0.0483591 0.0772240 
n280_287   0.2116900 0.2471609 0.2426418 0.2203992 0.0134446 0.2578129 0.0000000 0.2383793 0.3778044 0.2474983 0.3843839 0.0518008 0.2533778 0.0134645 0.2531949 0.2339117 0.3677645 0.2481058 0.2569454 0.2436262 0.0134662 0.0482117 0.2522723 0.2378293 
n298_305   0.2208119 0.2474931 0.2429685 0.2296273 0.2333396 0.0377302 0.2383793 0.0000000 0.3480116 0.0066945 0.3221533 0.2384041 0.0342589 0.2384266 0.0272636 0.1113101 0.3172397 0.0272467 0.0134543 0.0272402 0.2384567 0.2337150 0.0100684 0.0515921 
n244_251   0.3824454 0.4219912 0.4163742 0.3820394 0.3879352 0.3595247 0.3778044 0.3480116 0.0000000 0.3474582 0.2929873 0.3885952 0.3655722 0.3772170 0.3547353 0.3487941 0.2927476 0.3595487 0.3590155 0.3541112 0.3833424 0.3769343 0.3536746 0.3415066 
n275_282   0.2297466 0.2567045 0.2521317 0.2386554 0.2423847 0.0447819 0.2474983 0.0066945 0.3474582 0.0000000 0.3216565 0.2475197 0.0412868 0.2475459 0.0342244 0.1190389 0.3167530 0.0342030 0.0202656 0.0341949 0.2475772 0.2379969 0.0168504 0.0587243 
n251_258   0.3670153 0.3946673 0.3892131 0.3666302 0.3837436 0.3555778 0.3843839 0.3221533 0.2929873 0.3216565 0.0000000 0.3675883 0.3499590 0.3844190 0.3447994 0.3281794 0.0340853 0.3444455 0.3325605 0.3444200 0.3791520 0.3562219 0.3328489 0.3320406 
n278_285   0.2202455 0.2469324 0.2424203 0.2290323 0.0445991 0.2578301 0.0518008 0.2384041 0.3885952 0.2475197 0.3675883 0.0000000 0.2533969 0.0446660 0.2487905 0.2248457 0.3513309 0.2437348 0.2569629 0.2436491 0.0518230 0.0100766 0.2522918 0.2422991 
n290_297   0.2398962 0.2721295 0.2674526 0.2489506 0.2481941 0.0169286 0.2533778 0.0342589 0.3655722 0.0412868 0.3499590 0.2533969 0.0000000 0.2534256 0.0273005 0.1315438 0.3448673 0.0272837 0.0484123 0.0067232 0.2534579 0.2485939 0.0448508 0.0736180 
n292_299   0.2117357 0.2472084 0.2426892 0.2204455 0.0066897 0.2578608 0.0134645 0.2384266 0.3772170 0.2475459 0.3844190 0.0446660 0.2534256 0.0000000 0.2532427 0.2339588 0.3678031 0.2481534 0.2569932 0.2436737 0.0134705 0.0482262 0.2523199 0.2378764 
n296_303   0.2305509 0.2623964 0.2577762 0.2394967 0.2480144 0.0307496 0.2531949 0.0272636 0.3547353 0.0342244 0.3447994 0.2487905 0.0273005 0.2532427 0.0000000 0.1235231 0.3397353 0.0067113 0.0412753 0.0203513 0.2532749 0.2440151 0.0377492 0.0662457 
n200_207   0.2156549 0.2514086 0.2468755 0.2243867 0.2335761 0.1353961 0.2339117 0.1113101 0.3487941 0.1190389 0.3281794 0.2248457 0.1315438 0.2339588 0.1235231 0.0000000 0.3281756 0.1234333 0.1269403 0.1234087 0.2339883 0.2202434 0.1230070 0.1304928 
n255_262   0.3618171 0.3893112 0.3838867 0.3614389 0.3671607 0.3504511 0.3677645 0.3172397 0.2927476 0.3167530 0.0340853 0.3513309 0.3448673 0.3678031 0.3397353 0.3281756 0.0000000 0.3393889 0.3273287 0.3393627 0.3626342 0.3402099 0.3276117 0.3270766 
n295_302   0.2303522 0.2621597 0.2575453 0.2392876 0.2429763 0.0307305 0.2481058 0.0272467 0.3595487 0.0342030 0.3444455 0.2437348 0.0272837 0.2481534 0.0067113 0.1234333 0.3393889 0.0000000 0.0412493 0.0203389 0.2481849 0.2389996 0.0377255 0.0662020 
n293_300   0.2344579 0.2615859 0.2569835 0.2434239 0.2517501 0.0519334 0.2569454 0.0134543 0.3590155 0.0202656 0.3325605 0.2569629 0.0484123 0.2569932 0.0412753 0.1269403 0.3273287 0.0412493 0.0000000 0.0412395 0.2570258 0.2521540 0.0033363 0.0659688 
n289_296   0.2303190 0.2621269 0.2575123 0.2392544 0.2385320 0.0100962 0.2436262 0.0272402 0.3541112 0.0341949 0.3444200 0.2436491 0.0067232 0.2436737 0.0203513 0.1234087 0.3393627 0.0203389 0.0412395 0.0000000 0.2437046 0.2389163 0.0377165 0.0661871 
n274_281   0.2073086 0.2425880 0.2380936 0.2159715 0.0134506 0.2578937 0.0134662 0.2384567 0.3833424 0.2475772 0.3791520 0.0518230 0.2534579 0.0134705 0.2532749 0.2339883 0.3626342 0.2481849 0.2570258 0.2437046 0.0000000 0.0482325 0.2523519 0.2379064 
n277_284   0.2156744 0.2422014 0.2377174 0.2244087 0.0481539 0.2530011 0.0482117 0.2337150 0.3769343 0.2379969 0.3562219 0.0100766 0.2485939 0.0482262 0.2440151 0.2202434 0.3402099 0.2389996 0.2521540 0.2389163 0.0482325 0.0000000 0.2475130 0.2375964 
n294_301   0.2344118 0.2615331 0.2569319 0.2433756 0.2471163 0.0483591 0.2522723 0.0100684 0.3536746 0.0168504 0.3328489 0.2522918 0.0448508 0.2523199 0.0377492 0.1230070 0.3276117 0.0377255 0.0033363 0.0377165 0.2523519 0.2475130 0.0000000 0.0623510 
n236_243   0.2338044 0.2562132 0.2516504 0.2335881 0.2328050 0.0772240 0.2378293 0.0515921 0.3415066 0.0587243 0.3320406 0.2422991 0.0736180 0.2378764 0.0662457 0.1304928 0.3270766 0.0662020 0.0659688 0.0661871 0.2379064 0.2375964 0.0623510 0.0000000 
