25
n236_237   0.0000000 0.3288589 0.0975386 0.3237828 0.0937337 0.4251105 0.0975207 0.3025951 0.0898515 0.2961997 0.0937535 0.3076436 0.2912277 0.3344894 0.0898035 0.0898574 0.3072663 0.2861460 0.0898822 0.3025361 0.0860099 0.0937291 0.3746744 0.4116976 0.1757144 
n266_267   0.3288589 0.0000000 0.2644941 0.2798586 0.2745260 0.4754043 0.2642157 0.1413867 0.2798900 0.2538738 0.2796262 0.2697721 0.2538970 0.0306652 0.2742409 0.2699320 0.2586907 0.2588428 0.2646975 0.1497660 0.2649088 0.2850833 0.3776945 0.4682570 0.3110602 
n296_297   0.0975386 0.2644941 0.0000000 0.2803590 0.0307602 0.4045357 0.0067149 0.2802001 0.0448858 0.2647446 0.0307655 0.2652346 0.2599826 0.2647042 0.0272503 0.0413430 0.2748722 0.2600796 0.0413540 0.2905612 0.0377924 0.0484767 0.3617664 0.4041353 0.1452315 
n277_278   0.3237828 0.2798586 0.2803590 0.0000000 0.2705312 0.4107868 0.2802982 0.2646944 0.2758736 0.0593721 0.2703189 0.0307765 0.0630290 0.2960594 0.2702501 0.2611347 0.0705074 0.0703924 0.2607326 0.2748085 0.2609401 0.2810476 0.3554954 0.4231514 0.2802321 
n290_291   0.0937337 0.2745260 0.0307602 0.2705312 0.0000000 0.3987215 0.0307549 0.2755181 0.0413545 0.2551359 0.0135061 0.2556051 0.2504289 0.2747478 0.0100943 0.0378262 0.2603389 0.2553690 0.0378362 0.2858201 0.0342922 0.0449282 0.3562961 0.3983302 0.1371038 
n255_256   0.4251105 0.4754043 0.4045357 0.4107868 0.3987215 0.0000000 0.4044354 0.4491435 0.3810606 0.4101898 0.4048959 0.4048878 0.4163076 0.4903949 0.3923485 0.3867628 0.4165573 0.4104826 0.3687374 0.4490663 0.3808058 0.3871449 0.2640109 0.0412209 0.3995445 
n295_296   0.0975207 0.2642157 0.0067149 0.2802982 0.0307549 0.4044354 0.0000000 0.2750174 0.0448780 0.2546783 0.0307602 0.2651780 0.2499806 0.2644253 0.0272456 0.0413358 0.2646531 0.2500740 0.0413468 0.2852965 0.0377859 0.0484682 0.3555134 0.4040353 0.1410914 
n286_287   0.3025951 0.1413867 0.2802001 0.2646944 0.2755181 0.4491435 0.2750174 0.0000000 0.2809055 0.2395862 0.2806398 0.2598704 0.2396079 0.1498956 0.2752313 0.2709085 0.2397583 0.2444531 0.2656516 0.0067027 0.2658645 0.2861199 0.3716011 0.4422820 0.3012906 
n298_299   0.0898515 0.2798900 0.0448858 0.2758736 0.0413545 0.3810606 0.0448780 0.2809055 0.0000000 0.2502325 0.0413619 0.2608171 0.2455544 0.2801184 0.0377779 0.0237964 0.2601587 0.2456464 0.0238026 0.2912999 0.0203412 0.0033483 0.3561299 0.3806962 0.1495689 
n299_300   0.2961997 0.2538738 0.2647446 0.0593721 0.2551359 0.4101898 0.2546783 0.2395862 0.2502325 0.0000000 0.2600947 0.0485031 0.0033386 0.2693636 0.2548727 0.2360315 0.0168750 0.0168480 0.2356777 0.2493072 0.2358589 0.2551981 0.3203077 0.4162590 0.2597178 
n287_288   0.0937535 0.2796262 0.0307655 0.2703189 0.0135061 0.4048959 0.0307602 0.2806398 0.0413619 0.2600947 0.0000000 0.2605749 0.2553564 0.2798542 0.0100959 0.0378328 0.2653397 0.2554518 0.0378429 0.2910217 0.0342982 0.0449363 0.3620785 0.4044948 0.1412346 
n278_279   0.3076436 0.2697721 0.2652346 0.0307765 0.2556051 0.4048878 0.2651780 0.2598704 0.2608171 0.0485031 0.2605749 0.0000000 0.0521019 0.2857154 0.2553410 0.2463771 0.0594456 0.0593489 0.2460032 0.2699159 0.2461952 0.2658747 0.3271479 0.4171584 0.2651102 
n292_293   0.2912277 0.2538970 0.2599826 0.0630290 0.2504289 0.4163076 0.2499806 0.2396079 0.2455544 0.0033386 0.2553564 0.0521019 0.0000000 0.2693884 0.2501708 0.2314341 0.0203001 0.0202677 0.2310886 0.2493299 0.2312652 0.2504884 0.3256592 0.4224241 0.2549864 
n265_266   0.3344894 0.0306652 0.2647042 0.2960594 0.2747478 0.4903949 0.2644253 0.1498956 0.2801184 0.2693636 0.2798542 0.2857154 0.2693884 0.0000000 0.2744623 0.2701487 0.2742937 0.2744580 0.2649080 0.1583934 0.2651197 0.2853181 0.3905546 0.4830613 0.3221235 
n289_290   0.0898035 0.2742409 0.0272503 0.2702501 0.0100943 0.3923485 0.0272456 0.2752313 0.0377779 0.2548727 0.0100959 0.2553410 0.2501708 0.2744623 0.0000000 0.0342694 0.2600696 0.2502643 0.0342784 0.2855202 0.0307575 0.0413300 0.3504312 0.3919674 0.1369692 
n293_294   0.0898574 0.2699320 0.0413430 0.2611347 0.0378262 0.3867628 0.0413358 0.2709085 0.0237964 0.2360315 0.0378328 0.2463771 0.2314341 0.2701487 0.0342694 0.0000000 0.2457641 0.2315211 0.0134920 0.2811552 0.0033459 0.0272716 0.3450405 0.3863899 0.1454725 
n280_281   0.3072663 0.2586907 0.2748722 0.0705074 0.2603389 0.4165573 0.2646531 0.2397583 0.2601587 0.0168750 0.2653397 0.0594456 0.0203001 0.2742937 0.2600696 0.2457641 0.0000000 0.0271993 0.2453921 0.2494853 0.2455831 0.2651996 0.3317290 0.4226750 0.2750040 
n274_275   0.2861460 0.2588428 0.2600796 0.0703924 0.2553690 0.4104826 0.2500740 0.2444531 0.2456464 0.0168480 0.2554518 0.0593489 0.0202677 0.2744580 0.2502643 0.2315211 0.0271993 0.0000000 0.2311753 0.2542458 0.2313521 0.2505821 0.3151368 0.4165573 0.2647424 
n275_276   0.0898822 0.2646975 0.0413540 0.2607326 0.0378362 0.3687374 0.0413468 0.2656516 0.0238026 0.2356777 0.0378429 0.2460032 0.2310886 0.2649080 0.0342784 0.0134920 0.2453921 0.2311753 0.0000000 0.2758121 0.0100917 0.0272787 0.3391379 0.3683918 0.1414418 
n285_286   0.3025361 0.1497660 0.2905612 0.2748085 0.2858201 0.4490663 0.2852965 0.0067027 0.2912999 0.2493072 0.2910217 0.2699159 0.2493299 0.1583934 0.2855202 0.2811552 0.2494853 0.2542458 0.2758121 0.0000000 0.2760362 0.2965982 0.3770674 0.4422056 0.3119883 
n294_295   0.0860099 0.2649088 0.0377924 0.2609401 0.0342922 0.3808058 0.0377859 0.2658645 0.0203412 0.2358589 0.0342982 0.2461952 0.2312652 0.2651197 0.0307575 0.0033459 0.2455831 0.2313521 0.0100917 0.2760362 0.0000000 0.0237973 0.3394371 0.3804420 0.1413047 
n297_298   0.0937291 0.2850833 0.0484767 0.2810476 0.0449282 0.3871449 0.0484682 0.2861199 0.0033483 0.2551981 0.0449363 0.2658747 0.2504884 0.2853181 0.0413300 0.0272716 0.2651996 0.2505821 0.0272787 0.2965982 0.0237973 0.0000000 0.3619690 0.3867710 0.1538048 
n244_245   0.3746744 0.3776945 0.3617664 0.3554954 0.3562961 0.2640109 0.3555134 0.3716011 0.3561299 0.3203077 0.3620785 0.3271479 0.3256592 0.3905546 0.3504312 0.3450405 0.3317290 0.3151368 0.3391379 0.3770674 0.3394371 0.3619690 0.0000000 0.2687990 0.3500434 
n251_252   0.4116976 0.4682570 0.4041353 0.4231514 0.3983302 0.0412209 0.4040353 0.4422820 0.3806962 0.4162590 0.4044948 0.4171584 0.4224241 0.4830613 0.3919674 0.3863899 0.4226750 0.4165573 0.3683918 0.4422056 0.3804420 0.3867710 0.2687990 0.0000000 0.3875021 
n200_201   0.1757144 0.3110602 0.1452315 0.2802321 0.1371038 0.3995445 0.1410914 0.3012906 0.1495689 0.2597178 0.1412346 0.2651102 0.2549864 0.3221235 0.1369692 0.1454725 0.2750040 0.2647424 0.1414418 0.3119883 0.1413047 0.1538048 0.3500434 0.3875021 0.0000000 
