25
n236_237   0.0000000 0.2519299 0.0979054 0.3241725 0.0900491 0.4135616 0.1056867 0.2675051 0.0783669 0.3133282 0.0938884 0.3180837 0.3190066 0.2626773 0.0939735 0.0859526 0.3190523 0.3127702 0.0745252 0.0820956 0.0860750 0.4099060 0.4753119 0.1419205 0.3078567 
n266_267   0.2519299 0.0000000 0.2779535 0.3174671 0.2779659 0.4086248 0.2835437 0.0898952 0.2567793 0.2956099 0.2830046 0.3169085 0.3011127 0.0134956 0.2832970 0.2613195 0.2957040 0.3003964 0.2515559 0.2614971 0.2671097 0.3605991 0.4223928 0.2423713 0.2902998 
n296_297   0.0979054 0.2779535 0.0000000 0.3705914 0.0204336 0.4772591 0.0135236 0.2945719 0.0344280 0.3472983 0.0238946 0.3699260 0.3532812 0.2892101 0.0239151 0.0415255 0.3478225 0.3407121 0.0308749 0.0379441 0.0415829 0.4441384 0.5212877 0.1682508 0.3415484 
n277_278   0.3241725 0.3174671 0.3705914 0.0000000 0.3584612 0.5064104 0.3704984 0.3123262 0.3399210 0.0524750 0.3641374 0.0067224 0.0561574 0.3288216 0.3645369 0.3449563 0.0562217 0.0597725 0.3338978 0.3451995 0.3395081 0.4707306 0.5591372 0.3819080 0.0488367 
n290_291   0.0900491 0.2779659 0.0204336 0.3584612 0.0000000 0.4555598 0.0273687 0.2888159 0.0273714 0.3355707 0.0033471 0.3578204 0.3414443 0.2892245 0.0033500 0.0343883 0.3360746 0.3291179 0.0238655 0.0308520 0.0344356 0.4430333 0.5048548 0.1636485 0.3299208 
n255_256   0.4135616 0.4086248 0.4772591 0.5064104 0.4555598 0.0000000 0.4771281 0.3903259 0.4473615 0.4713259 0.4484798 0.4982945 0.4784971 0.4281727 0.4565219 0.4465156 0.4794899 0.4707648 0.4402530 0.4462163 0.4542584 0.3747827 0.0627440 0.3936955 0.4644918 
n295_296   0.1056867 0.2835437 0.0135236 0.3704984 0.0273687 0.4771281 0.0000000 0.2945026 0.0415050 0.3472127 0.0308619 0.3698333 0.3531936 0.2949201 0.0308885 0.0486728 0.3477366 0.3406286 0.0379098 0.0450514 0.0487403 0.4440201 0.5211385 0.1679924 0.3414646 
n286_287   0.2675051 0.0898952 0.2945719 0.3123262 0.2888159 0.3903259 0.2945026 0.0000000 0.2672364 0.2906150 0.2939384 0.3117771 0.2960798 0.1016775 0.2942448 0.2669288 0.2907073 0.2953770 0.2619164 0.2720236 0.2777514 0.3426608 0.4233801 0.2469669 0.2853394 
n298_299   0.0783669 0.2567793 0.0344280 0.3399210 0.0273714 0.4473615 0.0415050 0.2672364 0.0000000 0.3347133 0.0308650 0.3393183 0.3405694 0.2676119 0.0308917 0.0134879 0.3352149 0.3282806 0.0100896 0.0100850 0.0067140 0.4090993 0.5047250 0.1504162 0.3290798 
n299_300   0.3133282 0.2956099 0.3472983 0.0524750 0.3355707 0.4713259 0.3472127 0.2906150 0.3347133 0.0000000 0.3410752 0.0523914 0.0101014 0.3065848 0.3414443 0.3397264 0.0135192 0.0134909 0.3287310 0.3399659 0.3343081 0.4505852 0.5284760 0.3641144 0.0033476 
n287_288   0.0938884 0.2830046 0.0238946 0.3641374 0.0033471 0.4484798 0.0308619 0.2939384 0.0308650 0.3410752 0.0000000 0.3634855 0.3469957 0.2943544 0.0067151 0.0379165 0.3415883 0.3345646 0.0273384 0.0343606 0.0379687 0.4493822 0.4972301 0.1679168 0.3353826 
n278_279   0.3180837 0.3169085 0.3699260 0.0067224 0.3578204 0.4982945 0.3698333 0.3117771 0.3393183 0.0523914 0.3634855 0.0000000 0.0560677 0.3282405 0.3638837 0.3443446 0.0561318 0.0596771 0.3333075 0.3445871 0.3389068 0.4698629 0.5503453 0.3812206 0.0487590 
n292_293   0.3190066 0.3011127 0.3532812 0.0561574 0.3414443 0.4784971 0.3531936 0.2960798 0.3405694 0.0101014 0.3469957 0.0560677 0.0000000 0.3121858 0.3473727 0.3456182 0.0169520 0.0169164 0.3345286 0.3458624 0.3401547 0.4515339 0.5362633 0.3702427 0.0067160 
n265_266   0.2626773 0.0134956 0.2892101 0.3288216 0.2892245 0.4281727 0.2949201 0.1016775 0.2676119 0.3065848 0.2943544 0.3282405 0.3121858 0.0000000 0.2946616 0.2722197 0.3066829 0.3114378 0.2622838 0.2724058 0.2781428 0.3726122 0.4289172 0.2525172 0.3011848 
n289_290   0.0939735 0.2832970 0.0239151 0.3645369 0.0033500 0.4565219 0.0308885 0.2942448 0.0308917 0.3414443 0.0067151 0.3638837 0.3473727 0.2946616 0.0000000 0.0379494 0.3419583 0.3349245 0.0273619 0.0343903 0.0380017 0.4499006 0.5059503 0.1680768 0.3357442 
n293_294   0.0859526 0.2613195 0.0415255 0.3449563 0.0343883 0.4465156 0.0486728 0.2669288 0.0134879 0.3397264 0.0379165 0.3443446 0.3456182 0.2722197 0.0379494 0.0000000 0.3402357 0.3332488 0.0100925 0.0033408 0.0203602 0.4151994 0.4973675 0.1544902 0.3340607 
n280_281   0.3190523 0.2957040 0.3478225 0.0562217 0.3360746 0.4794899 0.3477366 0.2907073 0.3352149 0.0135192 0.3415883 0.0561318 0.0169520 0.3066829 0.3419583 0.3402357 0.0000000 0.0203764 0.3292221 0.3404758 0.3348085 0.4575925 0.5374051 0.3644037 0.0101118 
n274_275   0.3127702 0.3003964 0.3407121 0.0597725 0.3291179 0.4707648 0.3406286 0.2953770 0.3282806 0.0134909 0.3345646 0.0596771 0.0169164 0.3114378 0.3349245 0.3332488 0.0203764 0.0000000 0.3223694 0.3334827 0.3278861 0.4500576 0.5278213 0.3634504 0.0100906 
n275_276   0.0745252 0.2515559 0.0308749 0.3338978 0.0238655 0.4402530 0.0379098 0.2619164 0.0100896 0.3287310 0.0273384 0.3333075 0.3345286 0.2622838 0.0273619 0.0100925 0.3292221 0.3223694 0.0000000 0.0067078 0.0169223 0.4030528 0.4906439 0.1460634 0.3231512 
n294_295   0.0820956 0.2614971 0.0379441 0.3451995 0.0308520 0.4462163 0.0450514 0.2720236 0.0100850 0.3399659 0.0343606 0.3445871 0.3458624 0.2724058 0.0343903 0.0033408 0.3404758 0.3334827 0.0067078 0.0000000 0.0169145 0.4154988 0.4970249 0.1501770 0.3342957 
n297_298   0.0860750 0.2671097 0.0415829 0.3395081 0.0344356 0.4542584 0.0487403 0.2777514 0.0067140 0.3343081 0.0379687 0.3389068 0.3401547 0.2781428 0.0380017 0.0203602 0.3348085 0.3278861 0.0169223 0.0169145 0.0000000 0.4221865 0.5122450 0.1590989 0.3286834 
n244_245   0.4099060 0.3605991 0.4441384 0.4707306 0.4430333 0.3747827 0.4440201 0.3426608 0.4090993 0.4505852 0.4493822 0.4698629 0.4515339 0.3726122 0.4499006 0.4151994 0.4575925 0.4500576 0.4030528 0.4154988 0.4221865 0.0000000 0.4148314 0.3882776 0.4439591 
n251_252   0.4753119 0.4223928 0.5212877 0.5591372 0.5048548 0.0627440 0.5211385 0.4233801 0.5047250 0.5284760 0.4972301 0.5503453 0.5362633 0.4289172 0.5059503 0.4973675 0.5374051 0.5278213 0.4906439 0.4970249 0.5122450 0.4148314 0.0000000 0.4336144 0.5210801 
n200_201   0.1419205 0.2423713 0.1682508 0.3819080 0.1636485 0.3936955 0.1679924 0.2469669 0.1504162 0.3641144 0.1679168 0.3812206 0.3702427 0.2525172 0.1680768 0.1544902 0.3644037 0.3634504 0.1460634 0.1501770 0.1590989 0.3882776 0.4336144 0.0000000 0.3582319 
n300_301   0.3078567 0.2902998 0.3415484 0.0488367 0.3299208 0.4644918 0.3414646 0.2853394 0.3290798 0.0033476 0.3353826 0.0487590 0.0067160 0.3011848 0.3357442 0.3340607 0.0101118 0.0100906 0.3231512 0.3342957 0.3286834 0.4439591 0.5210801 0.3582319 0.0000000 
