26
n236_237   0.0000000 0.2539378 0.0892214 0.3456104 0.0740682 0.3586893 0.0930761 0.2577907 0.1007960 0.3427958 0.0815476 0.3300662 0.3364727 0.2434916 0.0816614 0.1124473 0.3461132 0.3467412 0.0968028 0.2621816 0.1006486 0.0968802 0.3882106 0.3530216 0.1497535 0.3363938 
n266_267   0.2539378 0.0000000 0.2822263 0.3179182 0.2623010 0.3483722 0.2873967 0.1286743 0.3083322 0.3255253 0.2721218 0.3081353 0.3244318 0.0204419 0.2677733 0.3136247 0.3453431 0.3401745 0.3026490 0.1325005 0.3078070 0.3029332 0.4009401 0.3373500 0.3133741 0.3299366 
n296_297   0.0892214 0.2822263 0.0000000 0.3437087 0.0202946 0.3518453 0.0066926 0.2708800 0.0592717 0.3460559 0.0271931 0.3282572 0.3397280 0.2713194 0.0272288 0.0739489 0.3493607 0.3499924 0.0555687 0.2759137 0.0628358 0.0556119 0.3567749 0.3408091 0.1696708 0.3396486 
n277_278   0.3456104 0.3179182 0.3437087 0.0000000 0.3270958 0.4346794 0.3491109 0.3278167 0.3781680 0.0857321 0.3378011 0.0101077 0.0779510 0.3074572 0.3331754 0.3952637 0.0853724 0.0816589 0.3718314 0.3332865 0.3774940 0.3722014 0.4749055 0.4284077 0.3965701 0.0817423 
n290_291   0.0740682 0.2623010 0.0202946 0.3270958 0.0000000 0.3351232 0.0271931 0.2559328 0.0448107 0.3293121 0.0066921 0.3119813 0.3231625 0.2517498 0.0067007 0.0591742 0.3326091 0.3332072 0.0412061 0.2608531 0.0483164 0.0412376 0.3452518 0.3243522 0.1569848 0.3230878 
n255_256   0.3586893 0.3483722 0.3518453 0.4346794 0.3351232 0.0000000 0.3575208 0.3645986 0.3695655 0.4639482 0.3404670 0.4234579 0.4496405 0.3362873 0.3412524 0.3751827 0.4673077 0.4622841 0.3577112 0.3642248 0.3631933 0.3688914 0.3031447 0.0302441 0.4103735 0.4437697 
n295_296   0.0930761 0.2873967 0.0066926 0.3491109 0.0271931 0.3575208 0.0000000 0.2807823 0.0665869 0.3571094 0.0341604 0.3335568 0.3506666 0.2763928 0.0342055 0.0814165 0.3604173 0.3610707 0.0628358 0.2808644 0.0701790 0.0628848 0.3679882 0.3463932 0.1782435 0.3505841 
n286_287   0.2577907 0.1286743 0.2708800 0.3278167 0.2559328 0.3645986 0.2807823 0.0000000 0.2862517 0.3291867 0.2602544 0.3229258 0.3336739 0.1204218 0.2660517 0.2913581 0.3490168 0.3387925 0.2807909 0.0066979 0.2857735 0.2810487 0.3832889 0.3533329 0.3117041 0.3335963 
n298_299   0.1007960 0.3083322 0.0592717 0.3781680 0.0448107 0.3695655 0.0665869 0.2862517 0.0000000 0.3807934 0.0519668 0.3619984 0.3740850 0.2969345 0.0520382 0.0271562 0.3728085 0.3848169 0.0100509 0.2863360 0.0168331 0.0033317 0.4094563 0.3582315 0.1832256 0.3739956 
n299_300   0.3427958 0.3255253 0.3460559 0.0857321 0.3293121 0.4639482 0.3571094 0.3291867 0.3807934 0.0000000 0.3400998 0.0745609 0.0135653 0.3149018 0.3349979 0.3980252 0.0238813 0.0204332 0.3744025 0.3346812 0.3801104 0.3747777 0.4759204 0.4641660 0.3926084 0.0101382 
n287_288   0.0815476 0.2721218 0.0271931 0.3378011 0.0066921 0.3404670 0.0341604 0.2602544 0.0519668 0.3400998 0.0000000 0.3224815 0.3338404 0.2613985 0.0134667 0.0664767 0.3433992 0.3440185 0.0483164 0.2651978 0.0554994 0.0483534 0.3507214 0.3296156 0.1654038 0.3337627 
n278_279   0.3300662 0.3081353 0.3282572 0.0101077 0.3119813 0.4234579 0.3335568 0.3229258 0.3619984 0.0745609 0.3224815 0.0000000 0.0669176 0.2977979 0.3179194 0.3787528 0.0742497 0.0705805 0.3558119 0.3283621 0.3613592 0.3561615 0.4690070 0.4236407 0.3800034 0.0706520 
n292_293   0.3364727 0.3244318 0.3397280 0.0779510 0.3231625 0.4496405 0.3506666 0.3336739 0.3740850 0.0135653 0.3338404 0.0669176 0.0000000 0.3138499 0.3292199 0.3911354 0.0238497 0.0204061 0.3677718 0.3391934 0.3734184 0.3681375 0.4681193 0.4498455 0.3857766 0.0101255 
n265_266   0.2434916 0.0204419 0.2713194 0.3074572 0.2517498 0.3362873 0.2763928 0.1204218 0.2969345 0.3149018 0.2613985 0.2977979 0.3138499 0.0000000 0.2571083 0.3021262 0.3344674 0.3293703 0.2913712 0.1242091 0.2964341 0.2916414 0.4000365 0.3254794 0.3122161 0.3192699 
n289_290   0.0816614 0.2677733 0.0272288 0.3331754 0.0067007 0.3412524 0.0342055 0.2660517 0.0520382 0.3349979 0.0134667 0.3179194 0.3292199 0.2571083 0.0000000 0.0665679 0.3382983 0.3389080 0.0483810 0.2710514 0.0555753 0.0484192 0.3568956 0.3303714 0.1656523 0.3287101 
n293_294   0.1124473 0.3136247 0.0739489 0.3952637 0.0591742 0.3751827 0.0814165 0.2913581 0.0271562 0.3980252 0.0664767 0.3787528 0.3911354 0.3021262 0.0665679 0.0000000 0.3897873 0.4020876 0.0168362 0.2914443 0.0100458 0.0236906 0.4159948 0.3694270 0.1963085 0.3910409 
n280_281   0.3461132 0.3453431 0.3493607 0.0853724 0.3326091 0.4673077 0.3604173 0.3490168 0.3728085 0.0238813 0.3433992 0.0742497 0.0238497 0.3344674 0.3382983 0.3897873 0.0000000 0.0169204 0.3665230 0.3546468 0.3721462 0.3668862 0.4793088 0.4675276 0.3959336 0.0203702 
n274_275   0.3467412 0.3401745 0.3499924 0.0816589 0.3332072 0.4622841 0.3610707 0.3387925 0.3848169 0.0204332 0.3440185 0.0705805 0.0204061 0.3293703 0.3389080 0.4020876 0.0169204 0.0000000 0.3784057 0.3443482 0.3841272 0.3787850 0.4802004 0.4624999 0.3966591 0.0169451 
n275_276   0.0968028 0.3026490 0.0555687 0.3718314 0.0412061 0.3577112 0.0628358 0.2807909 0.0100509 0.3744025 0.0483164 0.3558119 0.3677718 0.2913712 0.0483810 0.0168362 0.3665230 0.3784057 0.0000000 0.2808730 0.0066797 0.0066809 0.3913794 0.3465753 0.1786201 0.3676844 
n285_286   0.2621816 0.1325005 0.2759137 0.3332865 0.2608531 0.3642248 0.2808644 0.0066979 0.2863360 0.3346812 0.2651978 0.3283621 0.3391934 0.1242091 0.2710514 0.2914443 0.3546468 0.3443482 0.2808730 0.0000000 0.2858575 0.2811310 0.3892729 0.3529731 0.3117980 0.3391142 
n294_295   0.1006486 0.3078070 0.0628358 0.3774940 0.0483164 0.3631933 0.0701790 0.2857735 0.0168331 0.3801104 0.0554994 0.3613592 0.3734184 0.2964341 0.0555753 0.0100458 0.3721462 0.3841272 0.0066797 0.2858575 0.0000000 0.0134266 0.4031494 0.3575390 0.1829408 0.3733292 
n297_298   0.0968802 0.3029332 0.0556119 0.3722014 0.0412376 0.3688914 0.0628848 0.2810487 0.0033317 0.3747777 0.0483534 0.3561615 0.3681375 0.2916414 0.0484192 0.0236906 0.3668862 0.3787850 0.0066809 0.2811310 0.0134266 0.0000000 0.4031942 0.3575822 0.1787715 0.3680498 
n244_245   0.3882106 0.4009401 0.3567749 0.4749055 0.3452518 0.3031447 0.3679882 0.3832889 0.4094563 0.4759204 0.3507214 0.4690070 0.4681193 0.4000365 0.3568956 0.4159948 0.4793088 0.4802004 0.3913794 0.3892729 0.4031494 0.4031942 0.0000000 0.2933890 0.3929655 0.4680004 
n251_252   0.3530216 0.3373500 0.3408091 0.4284077 0.3243522 0.0302441 0.3463932 0.3533329 0.3582315 0.4641660 0.3296156 0.4236407 0.4498455 0.3254794 0.3303714 0.3694270 0.4675276 0.4624999 0.3465753 0.3529731 0.3575390 0.3575822 0.2933890 0.0000000 0.3983930 0.4439698 
n200_201   0.1497535 0.3133741 0.1696708 0.3965701 0.1569848 0.4103735 0.1782435 0.3117041 0.1832256 0.3926084 0.1654038 0.3800034 0.3857766 0.3122161 0.1656523 0.1963085 0.3959336 0.3966591 0.1786201 0.3117980 0.1829408 0.1787715 0.3929655 0.3983930 0.0000000 0.3856837 
n300_301   0.3363938 0.3299366 0.3396486 0.0817423 0.3230878 0.4437697 0.3505841 0.3335963 0.3739956 0.0101382 0.3337627 0.0706520 0.0101255 0.3192699 0.3287101 0.3910409 0.0203702 0.0169451 0.3676844 0.3391142 0.3733292 0.3680498 0.4680004 0.4439698 0.3856837 0.0000000 
