22
n200_209   0.0000000 0.4243685 0.3624892 0.3974872 0.1654748 0.4024717 0.3986253 0.3627664 0.4307568 0.3836869 0.1696396 0.1657929 0.1656835 0.3919876 0.3973793 0.1655164 0.1573422 0.1612748 0.1700957 0.3915997 0.4040455 0.1735722 
n255_268   0.4243685 0.0000000 0.4149561 0.4327918 0.3493092 0.4001100 0.4334724 0.4024906 0.0338093 0.2553203 0.3434877 0.3495866 0.3331163 0.4202857 0.4070188 0.3552608 0.3333877 0.3549886 0.3442893 0.4266230 0.4397026 0.3486176 
n277_290   0.3624892 0.4149561 0.0000000 0.0706339 0.2884248 0.3459503 0.3827025 0.0101079 0.4146429 0.3926966 0.2935222 0.2938135 0.2836412 0.3699947 0.3471167 0.2833549 0.2737954 0.2834128 0.2888568 0.0781277 0.0781675 0.2826877 
n292_305   0.3974872 0.4327918 0.0706339 0.0000000 0.3140113 0.3682844 0.4063581 0.0668740 0.4450982 0.4097319 0.3303020 0.3251414 0.3199333 0.4115625 0.3635261 0.3252094 0.3096013 0.3088255 0.3199795 0.0135099 0.0067197 0.3242175 
n295_308   0.1654748 0.3493092 0.2884248 0.3140113 0.0000000 0.3622848 0.3814509 0.2833091 0.3605251 0.3130674 0.0413093 0.0203647 0.0342820 0.3806612 0.3519144 0.0377990 0.0307982 0.0033465 0.0169361 0.3087606 0.3197730 0.0888637 
n266_279   0.4024717 0.4001100 0.3459503 0.3682844 0.3622848 0.0000000 0.2014119 0.3346644 0.3942927 0.4017027 0.3563878 0.3459748 0.3515345 0.1920219 0.0307181 0.3570321 0.3350302 0.3567572 0.3515866 0.3740669 0.3745503 0.3444557 
n286_299   0.3986253 0.4334724 0.3827025 0.4063581 0.3814509 0.2014119 0.0000000 0.3768381 0.4455560 0.4350528 0.3753616 0.3759662 0.3703867 0.0101048 0.1972234 0.3760507 0.3593218 0.3757558 0.3704427 0.4124947 0.4130377 0.3570002 
n278_291   0.3627664 0.4024906 0.0101079 0.0668740 0.2833091 0.3346644 0.3768381 0.0000000 0.4021897 0.3864765 0.2883692 0.2886550 0.2785560 0.3642463 0.3357830 0.2782756 0.2687779 0.2783325 0.2837321 0.0743210 0.0743588 0.2776221 
n251_264   0.4307568 0.0338093 0.4146429 0.4450982 0.3605251 0.3942927 0.4455560 0.4021897 0.0000000 0.2700703 0.3546026 0.3724849 0.3496050 0.4321424 0.4130214 0.3607646 0.3443610 0.3662986 0.3670215 0.4388269 0.4521370 0.3486564 
n244_255   0.3836869 0.2553203 0.3926966 0.4097319 0.3130674 0.4017027 0.4350528 0.3864765 0.2700703 0.0000000 0.3179239 0.3242267 0.3130865 0.4342667 0.3904791 0.3183886 0.3081168 0.3184717 0.3190832 0.4037443 0.4103530 0.3118423 
n297_310   0.1696396 0.3434877 0.2935222 0.3303020 0.0413093 0.3563878 0.3753616 0.2883692 0.3546026 0.3179239 0.0000000 0.0413648 0.0272960 0.3745876 0.3404308 0.0100939 0.0238412 0.0377768 0.0378387 0.3249280 0.3362176 0.0850261 
n287_300   0.1657929 0.3495866 0.2938135 0.3251414 0.0203647 0.3459748 0.3759662 0.2886550 0.3724849 0.3242267 0.0413648 0.0000000 0.0308149 0.3751899 0.3358008 0.0378497 0.0308394 0.0169316 0.0033530 0.3198032 0.3310117 0.0889861 
n293_306   0.1656835 0.3331163 0.2836412 0.3199333 0.0342820 0.3515345 0.3703867 0.2785560 0.3496050 0.3130865 0.0272960 0.0308149 0.0000000 0.3696241 0.3412908 0.0238418 0.0169603 0.0307808 0.0273346 0.3146317 0.3257576 0.0814015 
n285_298   0.3919876 0.4202857 0.3699947 0.4115625 0.3806612 0.1920219 0.0101048 0.3642463 0.4321424 0.4342667 0.3745876 0.3751899 0.3696241 0.0000000 0.1924584 0.3752740 0.3585861 0.3749803 0.3696798 0.4177358 0.4182861 0.3507996 
n265_278   0.3973793 0.4070188 0.3471167 0.3635261 0.3519144 0.0307181 0.1972234 0.3357830 0.4130214 0.3904791 0.3404308 0.3358008 0.3412908 0.1924584 0.0000000 0.3410412 0.3249918 0.3464551 0.3413409 0.3692801 0.3697563 0.3343316 
n298_311   0.1655164 0.3552608 0.2833549 0.3252094 0.0377990 0.3570321 0.3760507 0.2782756 0.3607646 0.3183886 0.0100939 0.0378497 0.0238418 0.3752740 0.3410412 0.0000000 0.0203994 0.0342821 0.0343374 0.3198697 0.3310816 0.0813286 
n275_288   0.1573422 0.3333877 0.2737954 0.3096013 0.0307982 0.3350302 0.3593218 0.2687779 0.3443610 0.3081168 0.0238412 0.0308394 0.0169603 0.3585861 0.3249918 0.0203994 0.0000000 0.0273115 0.0273563 0.3043720 0.3153348 0.0777130 
n296_309   0.1612748 0.3549886 0.2834128 0.3088255 0.0033465 0.3567572 0.3757558 0.2783325 0.3662986 0.3184717 0.0377768 0.0169316 0.0307808 0.3749803 0.3464551 0.0342821 0.0273115 0.0000000 0.0135178 0.3036115 0.3145411 0.0850973 
n289_302   0.1700957 0.3442893 0.2888568 0.3199795 0.0169361 0.3515866 0.3704427 0.2837321 0.3670215 0.3190832 0.0378387 0.0033530 0.0273346 0.3696798 0.3413409 0.0343374 0.0273563 0.0135178 0.0000000 0.3146770 0.3258050 0.0852382 
n274_287   0.3915997 0.4266230 0.0781277 0.0135099 0.3087606 0.3740669 0.4124947 0.0743210 0.4388269 0.4037443 0.3249280 0.3198032 0.3146317 0.4177358 0.3692801 0.3198697 0.3043720 0.3036115 0.3146770 0.0000000 0.0203798 0.3188964 
n280_293   0.4040455 0.4397026 0.0781675 0.0067197 0.3197730 0.3745503 0.4130377 0.0743588 0.4521370 0.4103530 0.3362176 0.3310117 0.3257576 0.4182861 0.3697563 0.3310816 0.3153348 0.3145411 0.3258050 0.0203798 0.0000000 0.3300681 
n236_247   0.1735722 0.3486176 0.2826877 0.3242175 0.0888637 0.3444557 0.3570002 0.2776221 0.3486564 0.3118423 0.0850261 0.0889861 0.0814015 0.3507996 0.3343316 0.0813286 0.0777130 0.0850973 0.0852382 0.3188964 0.3300681 0.0000000 
