24
n236_237   0.0000000 0.2663289 0.3171387 0.1042244 0.1042478 0.0738574 0.4010889 0.2659293 0.0926549 0.3229172 0.0665137 0.3118023 0.2713264 0.1041500 0.2964505 0.3120874 0.0813876 0.1003640 0.3011920 0.4074037 0.4139816 0.1364092 0.3010025 0.2709790 
n266_267   0.2663289 0.0000000 0.2611455 0.2859712 0.2911897 0.2564678 0.3657118 0.1405831 0.2759353 0.2664160 0.2468155 0.2709455 0.0033488 0.2959163 0.2661333 0.2711876 0.2613765 0.2809735 0.2711104 0.3956036 0.3777912 0.2515411 0.2709431 0.1447623 
n277_278   0.3171387 0.2611455 0.0000000 0.3380800 0.3328805 0.2912490 0.3539801 0.3276495 0.3167021 0.0168867 0.2861911 0.0483029 0.2661000 0.3325674 0.0518797 0.0555077 0.3017259 0.3327121 0.0483031 0.3949928 0.3601367 0.2761606 0.0483006 0.3276136 
n296_295   0.1042244 0.2859712 0.3380800 0.0000000 0.0411873 0.0518824 0.4132431 0.3014632 0.0306413 0.3384203 0.0411951 0.3328374 0.2911094 0.0446880 0.3170471 0.3331452 0.0555034 0.0033378 0.3219047 0.4316652 0.4138663 0.1611336 0.3216997 0.3067920 
n290_291   0.1042478 0.2911897 0.3328805 0.0411873 0.0000000 0.0518935 0.3897412 0.3015403 0.0100707 0.3332143 0.0412039 0.3222461 0.2963693 0.0237204 0.3066770 0.3225424 0.0555154 0.0376620 0.3114760 0.4321957 0.4024225 0.1611712 0.3112789 0.3068708 
n297_296   0.0738574 0.2564678 0.2912490 0.0518824 0.0518935 0.0000000 0.3780097 0.2711405 0.0411760 0.2915314 0.0100731 0.2860808 0.2613922 0.0554393 0.2712591 0.2863387 0.0237421 0.0483028 0.2758597 0.3902561 0.3904565 0.1282308 0.2756890 0.2762340 
n255_256   0.4010889 0.3657118 0.3539801 0.4132431 0.3897412 0.3780097 0.0000000 0.3718739 0.3776830 0.3545515 0.3610493 0.3486447 0.3714711 0.3891970 0.3431834 0.3489695 0.3671784 0.4072823 0.3430853 0.3384769 0.0306629 0.3607460 0.3486478 0.3773643 
n286_287   0.2659293 0.1405831 0.3276495 0.3014632 0.3015403 0.2711405 0.3718739 0.0000000 0.2860549 0.3335239 0.2565188 0.3276930 0.1447322 0.3012083 0.3225032 0.3279952 0.2616037 0.2963544 0.3279042 0.4263959 0.3900272 0.2911546 0.3276942 0.0100799 
n287_288   0.0926549 0.2759353 0.3167021 0.0306413 0.0100707 0.0411760 0.3776830 0.2860549 0.0000000 0.3170154 0.0306536 0.3063089 0.2809991 0.0134473 0.2910805 0.3065879 0.0447366 0.0271704 0.2957887 0.4135515 0.3901178 0.1485459 0.2956035 0.2912620 
n278_279   0.3229172 0.2664160 0.0168867 0.3384203 0.3332143 0.2915314 0.3545515 0.3335239 0.3170154 0.0000000 0.2864675 0.0483646 0.2714145 0.3329006 0.0519461 0.0555800 0.3020212 0.3330456 0.0483648 0.4015319 0.3662812 0.2964719 0.0483623 0.3334871 
n298_297   0.0665137 0.2468155 0.2861911 0.0411951 0.0412039 0.0100731 0.3610493 0.2565188 0.0306536 0.2864675 0.0000000 0.2810611 0.2516704 0.0447061 0.2663398 0.2813138 0.0134685 0.0376692 0.2709138 0.3900768 0.3731753 0.1202433 0.2707467 0.2615032 
n292_293   0.3118023 0.2709455 0.0483029 0.3328374 0.3222461 0.2860808 0.3486447 0.3276930 0.3063089 0.0483646 0.2810611 0.0000000 0.2759706 0.3219461 0.0168715 0.0203057 0.3014472 0.3275064 0.0168794 0.3953578 0.3659884 0.3061894 0.0134649 0.3279769 
n265_266   0.2713264 0.0033488 0.2661000 0.2911094 0.2963693 0.2613922 0.3714711 0.1447322 0.2809991 0.2714145 0.2516704 0.2759706 0.0000000 0.3011259 0.2711254 0.2762179 0.2663369 0.2860751 0.2761394 0.4016255 0.3836589 0.2564290 0.2759684 0.1489389 
n289_290   0.1041500 0.2959163 0.3325674 0.0446880 0.0237204 0.0554393 0.3891970 0.3012083 0.0134473 0.3329006 0.0447061 0.3219461 0.3011259 0.0000000 0.3063953 0.3222418 0.0590775 0.0411485 0.3111890 0.4256678 0.4136005 0.1652157 0.3109922 0.3065313 
n280_281   0.2964505 0.2661333 0.0518797 0.3170471 0.3066770 0.2712591 0.3431834 0.3225032 0.2910805 0.0519461 0.2663398 0.0168715 0.2711254 0.3063953 0.0000000 0.0237460 0.2863096 0.3118283 0.0203030 0.3953085 0.3659412 0.2909694 0.0168706 0.3227819 
n274_275   0.3120874 0.2711876 0.0555077 0.3331452 0.3225424 0.2863387 0.3489695 0.3279952 0.3065879 0.0555800 0.2813138 0.0203057 0.2762179 0.3222418 0.0237460 0.0000000 0.3017213 0.3278084 0.0237572 0.3957365 0.3663331 0.3064682 0.0203046 0.3282796 
n275_276   0.0813876 0.2613765 0.3017259 0.0555034 0.0555154 0.0237421 0.3671784 0.2616037 0.0447366 0.3020212 0.0134685 0.3014472 0.2663369 0.0590775 0.2863096 0.3017213 0.0000000 0.0519041 0.2909942 0.4081715 0.3794327 0.1323745 0.2908124 0.2763869 
n295_294   0.1003640 0.2809735 0.3327121 0.0033378 0.0376620 0.0483028 0.4072823 0.2963544 0.0271704 0.3330456 0.0376692 0.3275064 0.2860751 0.0411485 0.3118283 0.3278084 0.0519041 0.0000000 0.3166562 0.4378649 0.4078924 0.1569419 0.3164551 0.3016436 
n299_298   0.3011920 0.2711104 0.0483031 0.3219047 0.3114760 0.2758597 0.3430853 0.3279042 0.2957887 0.0483648 0.2709138 0.0168794 0.2761394 0.3111890 0.0203030 0.0237572 0.2909942 0.3166562 0.0000000 0.3839747 0.3602827 0.3010591 0.0033408 0.3225665 
n244_245   0.4074037 0.3956036 0.3949928 0.4316652 0.4321957 0.3902561 0.3384769 0.4263959 0.4135515 0.4015319 0.3900768 0.3953578 0.4016255 0.4256678 0.3953085 0.3957365 0.4081715 0.4378649 0.3839747 0.0000000 0.3277156 0.3661658 0.3837195 0.4268817 
n251_252   0.4139816 0.3777912 0.3601367 0.4138663 0.4024225 0.3904565 0.0306629 0.3900272 0.3901178 0.3662812 0.3731753 0.3659884 0.3836589 0.4136005 0.3659412 0.3663331 0.3794327 0.4078924 0.3602827 0.3277156 0.0000000 0.3670176 0.3659932 0.3956574 
n200_201   0.1364092 0.2515411 0.2761606 0.1611336 0.1611712 0.1282308 0.3607460 0.2911546 0.1485459 0.2964719 0.1202433 0.3061894 0.2564290 0.1652157 0.2909694 0.3064682 0.1323745 0.1569419 0.3010591 0.3661658 0.3670176 0.0000000 0.3008698 0.2913474 
n300_299   0.3010025 0.2709431 0.0483006 0.3216997 0.3112789 0.2756890 0.3486478 0.3276942 0.2956035 0.0483623 0.2707467 0.0134649 0.2759684 0.3109922 0.0168706 0.0203046 0.2908124 0.3164551 0.0033408 0.3837195 0.3659932 0.3008698 0.0000000 0.3279781 
n285_286   0.2709790 0.1447623 0.3276136 0.3067920 0.3068708 0.2762340 0.3773643 0.0100799 0.2912620 0.3334871 0.2615032 0.3279769 0.1489389 0.3065313 0.3227819 0.3282796 0.2763869 0.3016436 0.3225665 0.4268817 0.3956574 0.2913474 0.3279781 0.0000000 
