31
n300_349   0.0000000 0.2995151 0.1741918 0.1205411 0.1921569 0.2995132 0.1698312 0.2929763 0.2774398 0.0700784 0.1654206 0.3812558 0.3043975 0.3524251 0.0591270 0.1700228 0.3574533 0.0100404 0.1921226 0.3049656 0.3807726 0.2718827 0.2891764 0.0168255 0.1832841 0.3684849 0.1783716 0.1654341 0.2992399 0.2766635 0.2992580 
n300_347   0.2995151 0.0000000 0.2943231 0.2598301 0.3378098 0.0523160 0.3045563 0.2545915 0.2545061 0.3050453 0.2834758 0.3678629 0.0169517 0.3742858 0.2896914 0.3049463 0.3732276 0.2940187 0.3377538 0.0559864 0.4204430 0.2641148 0.0169597 0.2996239 0.3267857 0.3676538 0.3149564 0.3043133 0.0033549 0.2688759 0.0101162 
n297_344   0.1741918 0.2943231 0.0000000 0.1242071 0.0519915 0.3001819 0.0271431 0.3092140 0.2982914 0.1787140 0.0305922 0.3749411 0.3045876 0.3634051 0.1659067 0.0411832 0.3684970 0.1697256 0.0519819 0.3000534 0.4048208 0.2874083 0.2891456 0.1873400 0.0448095 0.3797662 0.0340884 0.1043566 0.2940535 0.2922953 0.2940712 
n200_207   0.1205411 0.2598301 0.1242071 0.0000000 0.1449165 0.2504162 0.1201713 0.2637025 0.2487809 0.1409298 0.1121531 0.3361604 0.2596933 0.3145689 0.1287627 0.1203013 0.3193828 0.1164458 0.1448902 0.2554870 0.3585734 0.2530018 0.2548941 0.1326962 0.1366442 0.3298488 0.1281262 0.1162852 0.2595970 0.2576752 0.2596121 
n289_334   0.1921569 0.3378098 0.0519915 0.1449165 0.0000000 0.3387638 0.0483824 0.3251651 0.3139790 0.2058373 0.0519370 0.3937914 0.3487326 0.3819119 0.1925093 0.0271816 0.3871283 0.1875484 0.0134509 0.3386166 0.4173678 0.3136685 0.3322886 0.2056895 0.0066911 0.3805627 0.0555625 0.1202863 0.3374907 0.3187314 0.3375121 
n277_316   0.2995132 0.0523160 0.3001819 0.2504162 0.3387638 0.0000000 0.3105143 0.2697382 0.2646588 0.3050428 0.2892165 0.3856518 0.0559350 0.3860480 0.2896905 0.3057903 0.3794997 0.2940174 0.3387076 0.0101482 0.4214160 0.2799108 0.0559624 0.2996220 0.3277023 0.3732869 0.3210196 0.3102654 0.0486655 0.2847823 0.0486676 
n293_340   0.1698312 0.3045563 0.0271431 0.1201713 0.0483824 0.3105143 0.0000000 0.3034471 0.2926359 0.1743194 0.0236753 0.3690002 0.3149613 0.3461646 0.1615951 0.0341459 0.3511502 0.1653983 0.0483735 0.3103811 0.3983500 0.2922220 0.2993052 0.1828891 0.0412426 0.3621348 0.0066757 0.1004457 0.3042756 0.2971355 0.3042941 
n265_300   0.2929763 0.2545915 0.3092140 0.2637025 0.3251651 0.2697382 0.3034471 0.0000000 0.0168974 0.3090788 0.3086162 0.3729077 0.2546187 0.3400201 0.3038874 0.3040505 0.3615412 0.2875543 0.3254529 0.2749558 0.4272988 0.1244547 0.2448823 0.3034783 0.3254326 0.3486945 0.3138029 0.3088003 0.2495191 0.1325653 0.2495334 
n266_301   0.2774398 0.2545061 0.2982914 0.2487809 0.3139790 0.2646588 0.2926359 0.0168974 0.0000000 0.2931579 0.2977209 0.3610168 0.2545333 0.3286663 0.2880839 0.2932130 0.3498473 0.2721531 0.3142533 0.2698338 0.4203196 0.1203447 0.2448013 0.2876982 0.3142340 0.3317706 0.3028234 0.2978975 0.2494361 0.1283991 0.2494503 
n277_318   0.0700784 0.3050453 0.1787140 0.1409298 0.2058373 0.3050428 0.1743194 0.3090788 0.2931579 0.0000000 0.1698733 0.3993273 0.3099639 0.3638655 0.0100607 0.1832288 0.3748813 0.0663354 0.2058007 0.3105445 0.3924288 0.2823651 0.3053741 0.0812813 0.1967776 0.3747996 0.1784727 0.1785253 0.3047638 0.2872175 0.3047824 
n275_314   0.1654206 0.2834758 0.0305922 0.1121531 0.0519370 0.2892165 0.0236753 0.3086162 0.2977209 0.1698733 0.0000000 0.3462965 0.2935683 0.3352357 0.1572364 0.0376305 0.3401593 0.1610228 0.0519275 0.2890933 0.3920738 0.2868646 0.2733357 0.1783838 0.0447637 0.3509788 0.0305822 0.1042455 0.2832184 0.2917402 0.2832352 
n251_276   0.3812558 0.3678629 0.3749411 0.3361604 0.3937914 0.3856518 0.3690002 0.3729077 0.3610168 0.3993273 0.3462965 0.0000000 0.3615450 0.0782950 0.3819174 0.3529099 0.0857243 0.3810337 0.3937294 0.3857783 0.2623787 0.3594484 0.3564129 0.3940843 0.3818917 0.0594692 0.3803449 0.3864365 0.3618005 0.3591486 0.3556979 
n274_311   0.3043975 0.0169517 0.3045876 0.2596933 0.3487326 0.0559350 0.3149613 0.2546187 0.2545333 0.3099639 0.2935683 0.3615450 0.0000000 0.3678983 0.2945198 0.3153684 0.3668639 0.2988637 0.3486753 0.0596262 0.4264607 0.2689783 0.0203976 0.3045079 0.3375412 0.3613403 0.3255096 0.2985846 0.0135179 0.2737683 0.0101036 
n255_286   0.3524251 0.3742858 0.3634051 0.3145689 0.3819119 0.3860480 0.3461646 0.3400201 0.3286663 0.3638655 0.3352357 0.0782950 0.3678983 0.0000000 0.3472894 0.3417175 0.0522179 0.3522249 0.3818511 0.3861748 0.2773622 0.3489161 0.3627245 0.3646766 0.3702154 0.0781876 0.3571435 0.3574283 0.3681603 0.3486262 0.3619936 
n278_319   0.0591270 0.2896914 0.1659067 0.1287627 0.1925093 0.2896905 0.1615951 0.3038874 0.2880839 0.0100607 0.1572364 0.3819174 0.2945198 0.3472894 0.0000000 0.1703317 0.3580711 0.0554519 0.1924748 0.2950670 0.3752059 0.2875045 0.2900012 0.0701519 0.1836191 0.3579864 0.1700483 0.1657337 0.2894266 0.2923911 0.2894440 
n296_343   0.1700228 0.3049463 0.0411832 0.1203013 0.0271816 0.3057903 0.0341459 0.3040505 0.2932130 0.1832288 0.0376305 0.3529099 0.3153684 0.3417175 0.1703317 0.0000000 0.3466896 0.1655840 0.0271766 0.3056591 0.3984887 0.2925903 0.2996866 0.1830978 0.0202767 0.3576332 0.0411696 0.0966019 0.3046649 0.2975115 0.3046835 
n251_278   0.3574533 0.3732276 0.3684970 0.3193828 0.3871283 0.3794997 0.3511502 0.3615412 0.3498473 0.3748813 0.3401593 0.0857243 0.3668639 0.0522179 0.3580711 0.3466896 0.0000000 0.3572505 0.3870670 0.3796232 0.2821078 0.3598279 0.3617069 0.3697878 0.3753599 0.0856065 0.3621923 0.3624810 0.3671243 0.3595277 0.3609799 
n274_313   0.0100404 0.2940187 0.1697256 0.1164458 0.1875484 0.2940174 0.1653983 0.2875543 0.2721531 0.0663354 0.1610228 0.3810337 0.2988637 0.3522249 0.0554519 0.1655840 0.3572505 0.0000000 0.1875149 0.2994193 0.3805511 0.2666497 0.2837688 0.0202419 0.1787426 0.3682736 0.1738781 0.1610359 0.2937497 0.2713936 0.2937674 
n290_335   0.1921226 0.3377538 0.0519819 0.1448902 0.0134509 0.3387076 0.0483735 0.3254529 0.3142533 0.2058007 0.0519275 0.3937294 0.3486753 0.3818511 0.1924748 0.0271766 0.3870670 0.1875149 0.0000000 0.3385604 0.4173037 0.3139423 0.3322333 0.2056529 0.0066898 0.3805022 0.0555513 0.1202644 0.3374347 0.3190110 0.3374561 
n278_317   0.3049656 0.0559864 0.3000534 0.2554870 0.3386166 0.0101482 0.3103811 0.2749558 0.2698338 0.3105445 0.2890933 0.3857783 0.0596262 0.3861748 0.2950670 0.3056591 0.3796232 0.2994193 0.3385604 0.0000000 0.4280143 0.2852139 0.0596555 0.3050764 0.3275604 0.3734074 0.3208813 0.3101323 0.0523115 0.2901227 0.0523138 
n244_269   0.3807726 0.4204430 0.4048208 0.3585734 0.4173678 0.4214160 0.3983500 0.4272988 0.4203196 0.3924288 0.3920738 0.2623787 0.4264607 0.2773622 0.3752059 0.3984887 0.2821078 0.3805511 0.4173037 0.4280143 0.0000000 0.4070204 0.4145116 0.4111240 0.4050760 0.2765264 0.4041144 0.4046886 0.4138943 0.4066723 0.4139229 
n285_330   0.2718827 0.2641148 0.2874083 0.2530018 0.3136685 0.2799108 0.2922220 0.1244547 0.1203447 0.2823651 0.2868646 0.3594484 0.2689783 0.3489161 0.2875045 0.2925903 0.3598279 0.2666497 0.3139423 0.2852139 0.4070204 0.0000000 0.2494101 0.2718395 0.3139230 0.3530227 0.2970489 0.2919711 0.2589708 0.0066965 0.2589858 
n280_321   0.2891764 0.0169597 0.2891456 0.2548941 0.3322886 0.0559624 0.2993052 0.2448823 0.2448013 0.3053741 0.2733357 0.3564129 0.0203976 0.3627245 0.2900012 0.2996866 0.3617069 0.2837688 0.3322333 0.0596555 0.4145116 0.2494101 0.0000000 0.2892816 0.3213520 0.3562113 0.3096279 0.2990671 0.0135243 0.2540791 0.0135249 
n280_323   0.0168255 0.2996239 0.1873400 0.1326962 0.2056895 0.2996220 0.1828891 0.3034783 0.2876982 0.0812813 0.1783838 0.3940843 0.3045079 0.3646766 0.0701519 0.1830978 0.3697878 0.0202419 0.2056529 0.3050764 0.4111240 0.2718395 0.2892816 0.0000000 0.1966364 0.3810319 0.1915917 0.1783980 0.2993485 0.2766188 0.2993667 
n287_332   0.1832841 0.3267857 0.0448095 0.1366442 0.0066911 0.3277023 0.0412426 0.3254326 0.3142340 0.1967776 0.0447637 0.3818917 0.3375412 0.3702154 0.1836191 0.0202767 0.3753599 0.1787426 0.0066898 0.3275604 0.4050760 0.3139230 0.3213520 0.1966364 0.0000000 0.3689149 0.0483470 0.1123237 0.3264793 0.3189913 0.3264998 
n255_284   0.3684849 0.3676538 0.3797662 0.3298488 0.3805627 0.3732869 0.3621348 0.3486945 0.3317706 0.3747996 0.3509788 0.0594692 0.3613403 0.0781876 0.3579864 0.3576332 0.0856065 0.3682736 0.3805022 0.3734074 0.2765264 0.3530227 0.3562113 0.3810319 0.3689149 0.0000000 0.3733457 0.3682544 0.3615955 0.3527296 0.3554970 
n294_341   0.1783716 0.3149564 0.0340884 0.1281262 0.0555625 0.3210196 0.0066757 0.3138029 0.3028234 0.1784727 0.0305822 0.3803449 0.3255096 0.3571435 0.1700483 0.0411696 0.3621923 0.1738781 0.0555513 0.3208813 0.4041144 0.2970489 0.3096279 0.1915917 0.0483470 0.3733457 0.0000000 0.1081743 0.3146642 0.3019901 0.3146836 
n236_259   0.1654341 0.3043133 0.1043566 0.1162852 0.1202863 0.3102654 0.1004457 0.3088003 0.2978975 0.1785253 0.1042455 0.3864365 0.2985846 0.3574283 0.1657337 0.0966019 0.3624810 0.1610359 0.1202644 0.3101323 0.4046886 0.2919711 0.2990671 0.1783980 0.1123237 0.3682544 0.1081743 0.0000000 0.3040330 0.2968799 0.2934740 
n299_346   0.2992399 0.0033549 0.2940535 0.2595970 0.3374907 0.0486655 0.3042756 0.2495191 0.2494361 0.3047638 0.2832184 0.3618005 0.0135179 0.3681603 0.2894266 0.3046649 0.3671243 0.2937497 0.3374347 0.0523115 0.4138943 0.2589708 0.0135243 0.2993485 0.3264793 0.3615955 0.3146642 0.3040330 0.0000000 0.2636965 0.0067227 
n286_331   0.2766635 0.2688759 0.2922953 0.2576752 0.3187314 0.2847823 0.2971355 0.1325653 0.1283991 0.2872175 0.2917402 0.3591486 0.2737683 0.3486262 0.2923911 0.2975115 0.3595277 0.2713936 0.3190110 0.2901227 0.4066723 0.0066965 0.2540791 0.2766188 0.3189913 0.3527296 0.3019901 0.2968799 0.2636965 0.0000000 0.2637118 
n292_337   0.2992580 0.0101162 0.2940712 0.2596121 0.3375121 0.0486676 0.3042941 0.2495334 0.2494503 0.3047824 0.2832352 0.3556979 0.0101036 0.3619936 0.2894440 0.3046835 0.3609799 0.2937674 0.3374561 0.0523138 0.4139229 0.2589858 0.0135249 0.2993667 0.3264998 0.3554970 0.3146836 0.2934740 0.0067227 0.2637118 0.0000000 
