24
n236_237   0.0000000 0.3300002 0.1006167 0.3574873 0.1202509 0.4603418 0.1005421 0.2928336 0.0967014 0.3186893 0.1162811 0.3401251 0.3295266 0.3525094 0.1202268 0.1245385 0.3294714 0.3240374 0.1044914 0.1165646 0.1005452 0.4220091 0.4661208 0.1961153 
n266_267   0.3300002 0.0000000 0.3359729 0.3246838 0.3584223 0.4306628 0.3304868 0.1455516 0.3251558 0.2927871 0.3528476 0.3135799 0.3032350 0.0307954 0.3583409 0.3589138 0.3031849 0.3029828 0.3416599 0.3477601 0.3197527 0.3803959 0.4244193 0.3136688 
n296_297   0.1006167 0.3359729 0.0000000 0.3577019 0.0341891 0.4415593 0.0033408 0.2932175 0.0272126 0.3188733 0.0306917 0.3403255 0.3297189 0.3643226 0.0341827 0.0556942 0.3296637 0.3187164 0.0377233 0.0484831 0.0306875 0.4042790 0.4536931 0.1743613 
n277_278   0.3574873 0.3246838 0.3577019 0.0000000 0.3633757 0.5020579 0.3520532 0.3038577 0.3356175 0.0449582 0.3693368 0.0238146 0.0521658 0.3251372 0.3749437 0.3758159 0.0485312 0.0521280 0.3467705 0.3644111 0.3301406 0.3983500 0.5156372 0.3511684 
n290_291   0.1202509 0.3584223 0.0341891 0.3633757 0.0000000 0.4550709 0.0306878 0.3035786 0.0307041 0.3242315 0.0100745 0.3458488 0.3295405 0.3877438 0.0134638 0.0630131 0.3351065 0.3296253 0.0412749 0.0557226 0.0341977 0.4351987 0.4674416 0.1874011 
n255_256   0.4603418 0.4306628 0.4415593 0.5020579 0.4550709 0.0000000 0.4352075 0.4314246 0.4230156 0.4748695 0.4549050 0.4944928 0.4745226 0.4567169 0.4544191 0.4490824 0.4883571 0.4809607 0.4294036 0.4427208 0.4168218 0.2661532 0.0518384 0.4036556 
n295_296   0.1005421 0.3304868 0.0033408 0.3520532 0.0306878 0.4352075 0.0000000 0.2880602 0.0237477 0.3135318 0.0272087 0.3348226 0.3242935 0.3586054 0.0306820 0.0520697 0.3242394 0.3133781 0.0342017 0.0448971 0.0272049 0.3982472 0.4472385 0.1742267 
n286_287   0.2928336 0.1455516 0.2932175 0.3038577 0.3035786 0.4314246 0.2880602 0.0000000 0.2728245 0.2727230 0.3036243 0.2930895 0.2726701 0.1624816 0.3087589 0.3147071 0.2828279 0.2826414 0.2881008 0.3042257 0.2678171 0.3756837 0.4186412 0.2774691 
n298_299   0.0967014 0.3251558 0.0272126 0.3356175 0.0307041 0.4230156 0.0237477 0.2728245 0.0000000 0.2979618 0.0272230 0.3187976 0.2979030 0.3530576 0.0306983 0.0307449 0.3084359 0.3031585 0.0100757 0.0237938 0.0033408 0.3924047 0.4348581 0.1700341 
n299_300   0.3186893 0.2927871 0.3188733 0.0449582 0.3242315 0.4748695 0.3135318 0.2727230 0.2979618 0.0000000 0.3298421 0.0342777 0.0067140 0.3035422 0.3351553 0.3359173 0.0067131 0.0067093 0.3085115 0.3251337 0.2927757 0.3806694 0.4807716 0.3182109 
n287_288   0.1162811 0.3528476 0.0306917 0.3693368 0.0100745 0.4549050 0.0272087 0.3036243 0.0272230 0.3298421 0.0000000 0.3516436 0.3351955 0.3819369 0.0100726 0.0593554 0.3408114 0.3352822 0.0377380 0.0521032 0.0306993 0.4290284 0.4672729 0.1830273 
n278_279   0.3401251 0.3135799 0.3403255 0.0238146 0.3458488 0.4944928 0.3348226 0.2930895 0.3187976 0.0342777 0.3516436 0.0000000 0.0413622 0.3246818 0.3571108 0.3579329 0.0413563 0.0413324 0.3244464 0.3468226 0.3134585 0.3859467 0.5079116 0.3341950 
n292_293   0.3295266 0.3032350 0.3297189 0.0521658 0.3295405 0.4745226 0.3242935 0.2726701 0.2979030 0.0067140 0.3351955 0.0413622 0.0000000 0.3141672 0.3405459 0.3358493 0.0134982 0.0134906 0.3084502 0.3250684 0.2927182 0.3804194 0.4804183 0.3235775 
n265_266   0.3525094 0.0307954 0.3643226 0.3251372 0.3877438 0.4567169 0.3586054 0.1624816 0.3530576 0.3035422 0.3819369 0.3246818 0.3141672 0.0000000 0.3876546 0.3882850 0.3141150 0.3139040 0.3702600 0.3766567 0.3474299 0.4042439 0.4567932 0.3301229 
n289_290   0.1202268 0.3583409 0.0341827 0.3749437 0.0134638 0.4544191 0.0306820 0.3087589 0.0306983 0.3351553 0.0100726 0.3571108 0.3405459 0.3876546 0.0000000 0.0630009 0.3462038 0.3406344 0.0412671 0.0557118 0.0341912 0.4285827 0.4667675 0.1873621 
n293_294   0.1245385 0.3589138 0.0556942 0.3758159 0.0630131 0.4490824 0.0520697 0.3147071 0.0307449 0.3359173 0.0593554 0.3579329 0.3358493 0.3882850 0.0630009 0.0000000 0.3469957 0.3414111 0.0272588 0.0067100 0.0342432 0.4113705 0.4745175 0.2057003 
n280_281   0.3294714 0.3031849 0.3296637 0.0485312 0.3351065 0.4883571 0.3242394 0.2828279 0.3084359 0.0067131 0.3408114 0.0413563 0.0134982 0.3141150 0.3462038 0.3469957 0.0000000 0.0134887 0.3191484 0.3360449 0.3031713 0.3924710 0.4943611 0.3289759 
n274_275   0.3240374 0.3029828 0.3187164 0.0521280 0.3296253 0.4809607 0.3133781 0.2826414 0.3031585 0.0067093 0.3352822 0.0413324 0.0134906 0.3139040 0.3406344 0.3414111 0.0134887 0.0000000 0.3137882 0.3305454 0.2979338 0.3860768 0.4869036 0.3232176 
n275_276   0.1044914 0.3416599 0.0377233 0.3467705 0.0412749 0.4294036 0.0342017 0.2881008 0.0100757 0.3085115 0.0377380 0.3244464 0.3084502 0.3702600 0.0412671 0.0272588 0.3191484 0.3137882 0.0000000 0.0203429 0.0134657 0.4105578 0.4541279 0.1831092 
n294_295   0.1165646 0.3477601 0.0484831 0.3644111 0.0557226 0.4427208 0.0448971 0.3042257 0.0237938 0.3251337 0.0521032 0.3468226 0.3250684 0.3766567 0.0557118 0.0067100 0.3360449 0.3305454 0.0203429 0.0000000 0.0272578 0.4114570 0.4679361 0.1967403 
n297_298   0.1005452 0.3197527 0.0306875 0.3301406 0.0341977 0.4168218 0.0272049 0.2678171 0.0033408 0.2927757 0.0306993 0.3134585 0.2927182 0.3474299 0.0341912 0.0342432 0.3031713 0.2979338 0.0134657 0.0272578 0.0000000 0.3983027 0.4285663 0.1657379 
n244_245   0.4220091 0.3803959 0.4042790 0.3983500 0.4351987 0.2661532 0.3982472 0.3756837 0.3924047 0.3806694 0.4290284 0.3859467 0.3804194 0.4042439 0.4285827 0.4113705 0.3924710 0.3860768 0.4105578 0.4114570 0.3983027 0.0000000 0.2858123 0.3909650 
n251_252   0.4661208 0.4244193 0.4536931 0.5156372 0.4674416 0.0518384 0.4472385 0.4186412 0.4348581 0.4807716 0.4672729 0.5079116 0.4804183 0.4567932 0.4667675 0.4745175 0.4943611 0.4869036 0.4541279 0.4679361 0.4285663 0.2858123 0.0000000 0.4218415 
n200_201   0.1961153 0.3136688 0.1743613 0.3511684 0.1874011 0.4036556 0.1742267 0.2774691 0.1700341 0.3182109 0.1830273 0.3341950 0.3235775 0.3301229 0.1873621 0.2057003 0.3289759 0.3232176 0.1831092 0.1967403 0.1657379 0.3909650 0.4218415 0.0000000 
