25
n236_237   0.0000000 0.3071498 0.1197849 0.2764380 0.1317781 0.4128133 0.1119211 0.3282056 0.1279287 0.3174337 0.1237660 0.2714684 0.3015966 0.3069859 0.1277028 0.1318835 0.3017081 0.2864906 0.1318219 0.3335036 0.1359142 0.4765383 0.4238265 0.1737515 0.3120285 
n266_267   0.3071498 0.0000000 0.2710916 0.2336275 0.2709693 0.4339836 0.2613176 0.1407274 0.2714067 0.2876941 0.2711629 0.2289376 0.2724600 0.0203753 0.2759732 0.2761968 0.2725577 0.2727641 0.2612332 0.1490399 0.2811583 0.4396464 0.4210594 0.2810496 0.2825015 
n296_297   0.1197849 0.2710916 0.0000000 0.2276848 0.0236647 0.3768992 0.0066792 0.2658078 0.0341056 0.2712625 0.0168200 0.2230544 0.2660085 0.2660158 0.0202253 0.0375933 0.2661028 0.2614753 0.0446591 0.2757720 0.0411094 0.4242773 0.3703026 0.1561591 0.2662127 
n277_278   0.2764380 0.2336275 0.2276848 0.0000000 0.2228206 0.3961511 0.2184943 0.2096598 0.2373574 0.0740255 0.2229732 0.0033408 0.0702947 0.2194454 0.2274802 0.2373106 0.0703148 0.0703604 0.2418204 0.2188558 0.2420072 0.4074315 0.3778569 0.2517404 0.0702844 
n290_291   0.1317781 0.2709693 0.0236647 0.2228206 0.0000000 0.3824614 0.0168223 0.2705897 0.0482233 0.2660385 0.0066819 0.2182264 0.2608330 0.2658969 0.0033332 0.0517750 0.2609249 0.2563313 0.0589888 0.2806179 0.0553625 0.4297081 0.3697424 0.1687820 0.2610323 
n255_256   0.4128133 0.4339836 0.3768992 0.3961511 0.3824614 0.0000000 0.3716372 0.4459884 0.3892363 0.4146120 0.3827625 0.3902719 0.4021563 0.4334800 0.3883285 0.3834433 0.4023249 0.4027431 0.3775842 0.4522235 0.3779021 0.3445617 0.0556711 0.4248301 0.4083780 
n295_296   0.1119211 0.2613176 0.0066792 0.2184943 0.0168223 0.3716372 0.0000000 0.2609535 0.0306133 0.2614804 0.0100440 0.2139234 0.2563070 0.2563148 0.0134192 0.0340839 0.2563969 0.2518240 0.0411129 0.2708486 0.0375826 0.4182335 0.3591190 0.1478911 0.2565025 
n286_287   0.3282056 0.1407274 0.2658078 0.2096598 0.2705897 0.4459884 0.2609535 0.0000000 0.2760373 0.2571300 0.2707827 0.2051411 0.2522107 0.1283980 0.2755853 0.2759551 0.2522989 0.2524868 0.2807147 0.0067182 0.2809114 0.4467182 0.4385760 0.3013906 0.2521765 
n298_299   0.1279287 0.2714067 0.0341056 0.2373574 0.0482233 0.3892363 0.0306133 0.2760373 0.0000000 0.2816206 0.0411248 0.2326580 0.2762739 0.2762804 0.0446458 0.0100540 0.2763731 0.2716815 0.0168413 0.2861604 0.0134367 0.4249838 0.3707659 0.1605987 0.2764876 
n299_300   0.3174337 0.2876941 0.2712625 0.0740255 0.2660385 0.4146120 0.2614804 0.2571300 0.2816206 0.0000000 0.2662277 0.0703124 0.0100969 0.2723411 0.2710072 0.2815616 0.0169069 0.0307578 0.2863383 0.2670023 0.2865661 0.4399758 0.3958019 0.2865702 0.0033505 
n287_288   0.1237660 0.2711629 0.0168200 0.2229732 0.0066819 0.3827625 0.0100440 0.2707827 0.0411248 0.2662277 0.0000000 0.2183753 0.2610176 0.2660859 0.0033314 0.0446435 0.2611096 0.2565122 0.0517822 0.2808198 0.0481950 0.4300609 0.3700294 0.1603494 0.2612172 
n278_279   0.2714684 0.2289376 0.2230544 0.0033408 0.2182264 0.3902719 0.2139234 0.2051411 0.2326580 0.0703124 0.2183753 0.0000000 0.0666026 0.2148522 0.2228550 0.2326124 0.0666215 0.0666647 0.2370956 0.2142766 0.2372782 0.4014686 0.3721342 0.2469427 0.0665928 
n292_293   0.3015966 0.2724600 0.2660085 0.0702947 0.2608330 0.4021563 0.2563070 0.2522107 0.2762739 0.0100969 0.2610176 0.0666026 0.0000000 0.2574473 0.2657598 0.2762164 0.0067094 0.0203411 0.2809564 0.2620104 0.2811790 0.4330922 0.3837001 0.2763031 0.0067120 
n265_266   0.3069859 0.0203753 0.2660158 0.2194454 0.2658969 0.4334800 0.2563148 0.1283980 0.2762804 0.2723411 0.2660859 0.2148522 0.2574473 0.0000000 0.2708621 0.2810996 0.2575380 0.2577308 0.2660348 0.1365538 0.2860939 0.4330249 0.4205763 0.2758974 0.2672681 
n289_290   0.1277028 0.2759732 0.0202253 0.2274802 0.0033332 0.3883285 0.0134192 0.2755853 0.0446458 0.2710072 0.0033314 0.2228550 0.2657598 0.2708621 0.0000000 0.0481793 0.2658539 0.2612317 0.0553522 0.2856877 0.0517472 0.4359765 0.3754881 0.1644770 0.2659635 
n293_294   0.1318835 0.2761968 0.0375933 0.2373106 0.0517750 0.3834433 0.0340839 0.2759551 0.0100540 0.2815616 0.0446435 0.2326124 0.2762164 0.2810996 0.0481793 0.0000000 0.2763156 0.2716254 0.0134367 0.2860741 0.0033356 0.4308152 0.3651336 0.1647219 0.2764300 
n280_281   0.3017081 0.2725577 0.2661028 0.0703148 0.2609249 0.4023249 0.2563969 0.2522989 0.2763731 0.0169069 0.2611096 0.0666215 0.0067094 0.2575380 0.2658539 0.2763156 0.0000000 0.0203465 0.2810577 0.2621031 0.2812805 0.4332795 0.3838562 0.2764023 0.0134865 
n274_275   0.2864906 0.2727641 0.2614753 0.0703604 0.2563313 0.4027431 0.2518240 0.2524868 0.2716815 0.0307578 0.2565122 0.0666647 0.0203411 0.2577308 0.2612317 0.2716254 0.0203465 0.0000000 0.2763433 0.2622997 0.2765619 0.4398853 0.3842493 0.2717098 0.0272602 
n275_276   0.1318219 0.2612332 0.0446591 0.2418204 0.0589888 0.3775842 0.0411129 0.2807147 0.0168413 0.2863383 0.0517822 0.2370956 0.2809564 0.2660348 0.0553522 0.0134367 0.2810577 0.2763433 0.0000000 0.2908970 0.0168353 0.4305985 0.3594382 0.1732465 0.2811742 
n285_286   0.3335036 0.1490399 0.2757720 0.2188558 0.2806179 0.4522235 0.2708486 0.0067182 0.2861604 0.2670023 0.2808198 0.2142766 0.2620104 0.1365538 0.2856877 0.2860741 0.2621031 0.2622997 0.2908970 0.0000000 0.2911022 0.4529199 0.4447374 0.3118923 0.2619750 
n294_295   0.1359142 0.2811583 0.0411094 0.2420072 0.0553625 0.3779021 0.0375826 0.2809114 0.0134367 0.2865661 0.0481950 0.2372782 0.2811790 0.2860939 0.0517472 0.0033356 0.2812805 0.2765619 0.0168353 0.2911022 0.0000000 0.4369598 0.3597367 0.1689397 0.2813971 
n244_245   0.4765383 0.4396464 0.4242773 0.4074315 0.4297081 0.3445617 0.4182335 0.4467182 0.4249838 0.4399758 0.4300609 0.4014686 0.4330922 0.4330249 0.4359765 0.4308152 0.4332795 0.4398853 0.4305985 0.4529199 0.4369598 0.0000000 0.3330472 0.4435646 0.4335077 
n251_252   0.4238265 0.4210594 0.3703026 0.3778569 0.3697424 0.0556711 0.3591190 0.4385760 0.3707659 0.3958019 0.3700294 0.3721342 0.3837001 0.4205763 0.3754881 0.3651336 0.3838562 0.3842493 0.3594382 0.4447374 0.3597367 0.3330472 0.0000000 0.4116264 0.3897438 
n200_201   0.1737515 0.2810496 0.1561591 0.2517404 0.1687820 0.4248301 0.1478911 0.3013906 0.1605987 0.2865702 0.1603494 0.2469427 0.2763031 0.2758974 0.1644770 0.1647219 0.2764023 0.2717098 0.1732465 0.3118923 0.1689397 0.4435646 0.4116264 0.0000000 0.2814006 
n300_301   0.3120285 0.2825015 0.2662127 0.0702844 0.2610323 0.4083780 0.2565025 0.2521765 0.2764876 0.0033505 0.2612172 0.0665928 0.0067120 0.2672681 0.2659635 0.2764300 0.0134865 0.0272602 0.2811742 0.2619750 0.2813971 0.4335077 0.3897438 0.2814006 0.0000000 
