24
n294_297   0.0000000 0.4661628 0.0134790 0.3148606 0.3298889 0.3087030 0.0449826 0.0857137 0.1585992 0.0414155 0.0100858 0.2964763 0.4376967 0.3133829 0.3249662 0.0414155 0.3253580 0.3302753 0.0449944 0.0168988 0.4855976 0.3071990 0.3091341 0.0033430 
n251_254   0.4661628 0.0000000 0.4530011 0.4208362 0.4270555 0.4411967 0.4614328 0.4612006 0.4660573 0.4615240 0.4465938 0.4060566 0.2751478 0.4143513 0.4277957 0.4684167 0.4541799 0.4339357 0.4616935 0.4527364 0.0341957 0.3997977 0.4268206 0.4595132 
n298_301   0.0134790 0.4530011 0.0000000 0.3093389 0.3190563 0.3032430 0.0450145 0.0781564 0.1461339 0.0414449 0.0033458 0.2861717 0.4250891 0.3082285 0.3193696 0.0414449 0.3197532 0.3246359 0.0450263 0.0033456 0.4720939 0.2967325 0.3036644 0.0100829 
n277_280   0.3148606 0.4208362 0.3093389 0.0000000 0.2753899 0.0415888 0.3039472 0.3039660 0.3083863 0.3098376 0.3040912 0.2600653 0.3808039 0.2652680 0.0415218 0.3043969 0.0523797 0.0450804 0.2990828 0.3148539 0.4391762 0.2648158 0.0135229 0.3146304 
n286_289   0.3298889 0.4270555 0.3190563 0.2753899 0.0000000 0.3071816 0.3304067 0.2973009 0.3299740 0.3365556 0.3137497 0.1451488 0.4365398 0.0134462 0.3066309 0.3309019 0.3231512 0.3064091 0.3253898 0.3188870 0.4518276 0.1492081 0.2854579 0.3244095 
n274_277   0.3087030 0.4411967 0.3032430 0.0415888 0.3071816 0.0000000 0.2926705 0.2979272 0.3191379 0.3037284 0.2980495 0.2752919 0.4065269 0.2965643 0.0169428 0.2931002 0.0273514 0.0203744 0.2878811 0.3086976 0.4600899 0.2856648 0.0487618 0.3084785 
n287_290   0.0449826 0.4614328 0.0450145 0.3039472 0.3304067 0.2926705 0.0000000 0.0858468 0.1546045 0.0100987 0.0414514 0.2917633 0.4193083 0.3193888 0.3085494 0.0033484 0.3089177 0.3137382 0.0067150 0.0486266 0.4808023 0.3024255 0.2983211 0.0414102 
n236_239   0.0857137 0.4612006 0.0781564 0.3039660 0.2973009 0.2979272 0.0858468 0.0000000 0.1634038 0.0820463 0.0744160 0.2915547 0.4196766 0.2868171 0.3139286 0.0820463 0.3142277 0.3191558 0.0858695 0.0819698 0.4800357 0.3022080 0.3145144 0.0819099 
n200_203   0.1585992 0.4660573 0.1461339 0.3083863 0.3299740 0.3191379 0.1546045 0.1634038 0.0000000 0.1419737 0.1504087 0.3073764 0.4056994 0.3189674 0.3296702 0.1503862 0.3468348 0.3350073 0.1461784 0.1503960 0.4791512 0.3074651 0.3134699 0.1543484 
n296_299   0.0414155 0.4615240 0.0414449 0.3098376 0.3365556 0.3037284 0.0100987 0.0820463 0.1419737 0.0000000 0.0378996 0.2975119 0.4193984 0.3254247 0.3198879 0.0067159 0.3202727 0.3251648 0.0101013 0.0450364 0.4808928 0.3082807 0.3041513 0.0378620 
n275_278   0.0100858 0.4465938 0.0033458 0.3040912 0.3137497 0.2980495 0.0414514 0.0744160 0.1504087 0.0378996 0.0000000 0.2811164 0.4189430 0.3030021 0.3140579 0.0378996 0.3144341 0.3192873 0.0414622 0.0067113 0.4655259 0.2916001 0.2984621 0.0067064 
n266_269   0.2964763 0.4060566 0.2861717 0.2600653 0.1451488 0.2752919 0.2917633 0.2915547 0.3073764 0.2975119 0.2811164 0.0000000 0.3987839 0.1408886 0.2751145 0.2921906 0.2857325 0.2800437 0.2921795 0.2860238 0.4306188 0.0236722 0.2699086 0.2912645 
n244_247   0.4376967 0.2751478 0.4250891 0.3808039 0.4365398 0.4065269 0.4193083 0.4196766 0.4056994 0.4193984 0.4189430 0.3987839 0.0000000 0.4237372 0.4057699 0.4258436 0.4124334 0.4116947 0.4195405 0.4248463 0.3006749 0.3987503 0.3864493 0.4313243 
n285_288   0.3133829 0.4143513 0.3082285 0.2652680 0.0134462 0.2965643 0.3193888 0.2868171 0.3189674 0.3254247 0.3030021 0.1408886 0.4237372 0.0000000 0.2960348 0.3198646 0.3122882 0.2958216 0.3144395 0.3080662 0.4386883 0.1449220 0.2751911 0.3080321 
n299_302   0.3249662 0.4277957 0.3193696 0.0415218 0.3066309 0.0169428 0.3085494 0.3139286 0.3296702 0.3198879 0.3140579 0.2751145 0.4057699 0.2960348 0.0000000 0.3090062 0.0169218 0.0033461 0.3036662 0.3249577 0.4463345 0.2802580 0.0486831 0.3247281 
n290_293   0.0414155 0.4684167 0.0414449 0.3043969 0.3309019 0.2931002 0.0033484 0.0820463 0.1503862 0.0067159 0.0378996 0.2921906 0.4258436 0.3198646 0.3090062 0.0000000 0.3093755 0.3142039 0.0033493 0.0450364 0.4879747 0.3028711 0.2987608 0.0378620 
n280_283   0.3253580 0.4541799 0.3197532 0.0523797 0.3231512 0.0273514 0.3089177 0.3142277 0.3468348 0.3202727 0.3144341 0.2857325 0.4124334 0.3122882 0.0169218 0.3093755 0.0000000 0.0203491 0.3040280 0.3253494 0.4734164 0.3012496 0.0596630 0.3251194 
n292_295   0.3302753 0.4339357 0.3246359 0.0450804 0.3064091 0.0203744 0.3137382 0.3191558 0.3350073 0.3251648 0.3192873 0.2800437 0.4116947 0.2958216 0.0033461 0.3142039 0.0203491 0.0000000 0.3088261 0.3302657 0.4526260 0.2852230 0.0522756 0.3300328 
n289_292   0.0449944 0.4616935 0.0450263 0.2990828 0.3253898 0.2878811 0.0067150 0.0858695 0.1461784 0.0101013 0.0414622 0.2921795 0.4195405 0.3144395 0.3036662 0.0033493 0.3040280 0.3088261 0.0000000 0.0486393 0.4810753 0.3028596 0.2934936 0.0414210 
n297_300   0.0168988 0.4527364 0.0033456 0.3148539 0.3188870 0.3086976 0.0486266 0.0819698 0.1503960 0.0450364 0.0067113 0.2860238 0.4248463 0.3080662 0.3249577 0.0450364 0.3253494 0.3302657 0.0486393 0.0000000 0.4718147 0.2965779 0.3091286 0.0134837 
n255_258   0.4855976 0.0341957 0.4720939 0.4391762 0.4518276 0.4600899 0.4808023 0.4800357 0.4791512 0.4808928 0.4655259 0.4306188 0.3006749 0.4386883 0.4463345 0.4879747 0.4734164 0.4526260 0.4810753 0.4718147 0.0000000 0.4241337 0.4452996 0.4787776 
n265_268   0.3071990 0.3997977 0.2967325 0.2648158 0.1492081 0.2856648 0.3024255 0.3022080 0.3074651 0.3082807 0.2916001 0.0236722 0.3987503 0.1449220 0.2802580 0.3028711 0.3012496 0.2852230 0.3028596 0.2965779 0.4241337 0.0000000 0.2747183 0.3019050 
n278_281   0.3091341 0.4268206 0.3036644 0.0135229 0.2854579 0.0487618 0.2983211 0.3145144 0.3134699 0.3041513 0.2984621 0.2699086 0.3864493 0.2751911 0.0486831 0.2987608 0.0596630 0.0522756 0.2934936 0.3091286 0.4452996 0.2747183 0.0000000 0.3089090 
n293_296   0.0033430 0.4595132 0.0100829 0.3146304 0.3244095 0.3084785 0.0414102 0.0819099 0.1543484 0.0378620 0.0067064 0.2912645 0.4313243 0.3080321 0.3247281 0.0378620 0.3251194 0.3300328 0.0414210 0.0134837 0.4787776 0.3019050 0.3089090 0.0000000 
