25
n236_237   0.0000000 0.3041725 0.0774812 0.2312260 0.0887650 0.4153605 0.0774454 0.2940325 0.0738750 0.2357992 0.0850342 0.2402196 0.2357992 0.3098250 0.0887180 0.0887965 0.2355418 0.2358437 0.0849515 0.3039707 0.0887965 0.4355094 0.4277977 0.1566695 0.2311372 
n266_267   0.3041725 0.0000000 0.3090356 0.2743341 0.3096072 0.4338095 0.3140537 0.1569972 0.3253947 0.2893523 0.3041761 0.2791917 0.2993417 0.0273142 0.3094253 0.3469606 0.2990147 0.2993998 0.3253761 0.1652871 0.3469606 0.4867263 0.4465726 0.3479134 0.2942521 
n296_297   0.0774812 0.3090356 0.0000000 0.2443688 0.0376401 0.4138703 0.0202519 0.3086985 0.0447176 0.2492788 0.0341504 0.2441298 0.2492788 0.3248337 0.0376207 0.0554633 0.2490071 0.2493260 0.0553676 0.3188205 0.0554633 0.4535468 0.4262529 0.1562383 0.2445389 
n277_278   0.2312260 0.2743341 0.2443688 0.0000000 0.2588851 0.3852488 0.2442579 0.2593665 0.2496884 0.0517911 0.2494063 0.0202331 0.0517911 0.2742525 0.2587370 0.2639005 0.0553570 0.0482439 0.2635189 0.2737554 0.2639005 0.4230942 0.3971760 0.2654076 0.0482108 
n290_291   0.0887650 0.3096072 0.0376401 0.2588851 0.0000000 0.4205498 0.0376228 0.3094706 0.0554699 0.2639097 0.0168673 0.2586292 0.2639097 0.3203724 0.0134591 0.0590851 0.2636217 0.2639600 0.0625864 0.3196240 0.0590851 0.4606994 0.4330639 0.1731736 0.2590687 
n255_256   0.4153605 0.4338095 0.4138703 0.3852488 0.4205498 0.0000000 0.3962445 0.3926625 0.4326988 0.3921096 0.4031202 0.4023307 0.3974154 0.4279045 0.4202883 0.4392366 0.3911009 0.3974964 0.4268362 0.4099979 0.4334046 0.3645712 0.0413954 0.4295995 0.3916025 
n295_296   0.0774454 0.3140537 0.0202519 0.2442579 0.0376228 0.3962445 0.0000000 0.3036004 0.0446971 0.2444356 0.0341347 0.2440191 0.2444356 0.3299596 0.0376034 0.0554378 0.2441693 0.2444817 0.0553421 0.3136548 0.0554378 0.4289190 0.4083352 0.1479438 0.2397287 
n286_287   0.2940325 0.1569972 0.3086985 0.2593665 0.3094706 0.3926625 0.3036004 0.0000000 0.3301483 0.2642484 0.3040413 0.2686832 0.2738972 0.1569471 0.3092888 0.3461807 0.2735981 0.2739497 0.3297336 0.0100639 0.3461807 0.4680833 0.4051282 0.3262363 0.2689855 
n298_299   0.0738750 0.3253947 0.0447176 0.2496884 0.0554699 0.4326988 0.0446971 0.3301483 0.0000000 0.2641719 0.0447909 0.2494429 0.2641719 0.3415937 0.0554411 0.0341508 0.2638834 0.2642223 0.0237311 0.3405823 0.0341508 0.4667461 0.4454181 0.1648453 0.2593258 
n299_300   0.2357992 0.2893523 0.2492788 0.0517911 0.2639097 0.3921096 0.2444356 0.2642484 0.2641719 0.0000000 0.2543591 0.0589266 0.0066855 0.2892674 0.2637583 0.2740540 0.0100474 0.0100494 0.2685739 0.2787350 0.2786661 0.4236591 0.4041775 0.2905160 0.0033343 
n287_288   0.0850342 0.3041761 0.0341504 0.2494063 0.0168673 0.4031202 0.0341347 0.3040413 0.0447909 0.2543591 0.0000000 0.2491613 0.2543591 0.3148424 0.0168587 0.0591488 0.2540816 0.2544074 0.0554591 0.3141093 0.0591488 0.4482035 0.4153467 0.1690099 0.2495812 
n278_279   0.2402196 0.2791917 0.2441298 0.0202331 0.2586292 0.4023307 0.2440191 0.2686832 0.2494429 0.0589266 0.2491613 0.0000000 0.0589266 0.2837515 0.2584814 0.2636387 0.0625220 0.0553514 0.2632580 0.2832398 0.2636387 0.4346147 0.4145355 0.2651428 0.0553132 
n292_293   0.2357992 0.2993417 0.2492788 0.0517911 0.2639097 0.3974154 0.2444356 0.2738972 0.2641719 0.0066855 0.2543591 0.0589266 0.0000000 0.2992547 0.2637583 0.2740540 0.0100474 0.0100494 0.2782576 0.2885710 0.2786661 0.4236591 0.4095583 0.2806026 0.0033343 
n265_266   0.3098250 0.0273142 0.3248337 0.2742525 0.3203724 0.4279045 0.3299596 0.1569471 0.3415937 0.2892674 0.3148424 0.2837515 0.2992547 0.0000000 0.3201829 0.3523575 0.2989278 0.2993128 0.3415721 0.1694852 0.3523575 0.4804144 0.4405772 0.3591010 0.2941662 
n289_290   0.0887180 0.3094253 0.0376207 0.2587370 0.0134591 0.4202883 0.0376034 0.3092888 0.0554411 0.2637583 0.0168587 0.2584814 0.2637583 0.3201829 0.0000000 0.0627241 0.2634706 0.2638086 0.0662363 0.3194353 0.0627241 0.4604051 0.4327929 0.1730784 0.2589204 
n293_294   0.0887965 0.3469606 0.0554633 0.2639005 0.0590851 0.4392366 0.0554378 0.3461807 0.0341508 0.2740540 0.0591488 0.2636387 0.2740540 0.3523575 0.0627241 0.0000000 0.2737547 0.2741065 0.0306151 0.3568374 0.0066870 0.4935116 0.4520740 0.1817381 0.2691409 
n280_281   0.2355418 0.2990147 0.2490071 0.0553570 0.2636217 0.3911009 0.2441693 0.2735981 0.2638834 0.0100474 0.2540816 0.0625220 0.0100474 0.2989278 0.2634706 0.2737547 0.0000000 0.0134249 0.2779544 0.2882560 0.2783621 0.4107349 0.4031289 0.2901972 0.0066813 
n274_275   0.2358437 0.2993998 0.2493260 0.0482439 0.2639600 0.3974964 0.2444817 0.2739497 0.2642223 0.0100494 0.2544074 0.0553514 0.0100494 0.2993128 0.2638086 0.2741065 0.0134249 0.0000000 0.2783109 0.2886266 0.2787196 0.4237470 0.4096422 0.2905724 0.0066826 
n275_276   0.0849515 0.3253761 0.0553676 0.2635189 0.0625864 0.4268362 0.0553421 0.3297336 0.0237311 0.2685739 0.0554591 0.2632580 0.2782576 0.3415721 0.0662363 0.0306151 0.2779544 0.2783109 0.0000000 0.3401486 0.0306151 0.4985706 0.4394562 0.1772838 0.2733275 
n285_286   0.3039707 0.1652871 0.3188205 0.2737554 0.3196240 0.4099979 0.3136548 0.0100639 0.3405823 0.2787350 0.3141093 0.2832398 0.2885710 0.1694852 0.3194353 0.3568374 0.2882560 0.2886266 0.3401486 0.0000000 0.3568374 0.4738662 0.4227815 0.3366522 0.2835613 
n294_295   0.0887965 0.3469606 0.0554633 0.2639005 0.0590851 0.4334046 0.0554378 0.3461807 0.0341508 0.2786661 0.0591488 0.2636387 0.2786661 0.3523575 0.0627241 0.0066870 0.2783621 0.2787196 0.0306151 0.3568374 0.0000000 0.4935116 0.4461509 0.1817381 0.2737269 
n244_245   0.4355094 0.4867263 0.4535468 0.4230942 0.4606994 0.3645712 0.4289190 0.4680833 0.4667461 0.4236591 0.4482035 0.4346147 0.4236591 0.4804144 0.4604051 0.4935116 0.4107349 0.4237470 0.4985706 0.4738662 0.4935116 0.0000000 0.3595072 0.4832440 0.4176051 
n251_252   0.4277977 0.4465726 0.4262529 0.3971760 0.4330639 0.0413954 0.4083352 0.4051282 0.4454181 0.4041775 0.4153467 0.4145355 0.4095583 0.4405772 0.4327929 0.4520740 0.4031289 0.4096422 0.4394562 0.4227815 0.4461509 0.3595072 0.0000000 0.4423432 0.4036506 
n200_201   0.1566695 0.3479134 0.1562383 0.2654076 0.1731736 0.4295995 0.1479438 0.3262363 0.1648453 0.2905160 0.1690099 0.2651428 0.2806026 0.3591010 0.1730784 0.1817381 0.2901972 0.2905724 0.1772838 0.3366522 0.1817381 0.4832440 0.4423432 0.0000000 0.2854665 
n300_301   0.2311372 0.2942521 0.2445389 0.0482108 0.2590687 0.3916025 0.2397287 0.2689855 0.2593258 0.0033343 0.2495812 0.0553132 0.0033343 0.2941662 0.2589204 0.2691409 0.0066813 0.0066826 0.2733275 0.2835613 0.2737269 0.4176051 0.4036506 0.2854665 0.0000000 
