25
n280_301   0.0000000 0.3653285 0.0705678 0.2756660 0.0168695 0.2963501 0.0819141 0.2806657 0.2918562 0.2697482 0.3005641 0.2905434 0.2755457 0.0100757 0.2902028 0.4056683 0.0134600 0.3671682 0.2709589 0.2805652 0.2913981 0.0168546 0.3017704 0.3016276 0.2710259 
n255_276   0.3653285 0.0000000 0.4013823 0.3289764 0.3711776 0.3565248 0.3955460 0.3660846 0.3248944 0.3059810 0.3384632 0.3338363 0.3178635 0.3600835 0.3334312 0.3257524 0.3654616 0.0306399 0.3239233 0.3232168 0.3409114 0.3707589 0.3902254 0.3842981 0.3550395 
n277_298   0.0705678 0.4013823 0.0000000 0.3062908 0.0705828 0.3331289 0.0238366 0.3226279 0.3233008 0.2797761 0.3212904 0.3112998 0.3007461 0.0669167 0.3159017 0.4507122 0.0668654 0.4034637 0.3013985 0.3059492 0.3227841 0.0705165 0.3341195 0.3339595 0.3067357 
n287_308   0.2756660 0.3289764 0.3062908 0.0000000 0.2807889 0.1410927 0.3012331 0.3281325 0.0238591 0.0966989 0.0630377 0.0630314 0.0449677 0.2709703 0.0629682 0.3185319 0.2757543 0.3351972 0.0033479 0.0485563 0.0238265 0.2804881 0.3284687 0.3224708 0.3170717 
n292_313   0.0168695 0.3711776 0.0705828 0.2807889 0.0000000 0.3066454 0.0857418 0.2957600 0.2971205 0.2748120 0.2958097 0.2858425 0.2806665 0.0134727 0.2855081 0.4059822 0.0033418 0.3730556 0.2760494 0.2857255 0.2966526 0.0066951 0.3123066 0.3121582 0.2859295 
n200_213   0.2963501 0.3565248 0.3331289 0.1410927 0.3066454 0.0000000 0.3388824 0.3059740 0.1541080 0.1526820 0.1530353 0.1448108 0.1325495 0.2964639 0.1446571 0.3789510 0.3014170 0.3512212 0.1370986 0.1366341 0.1538839 0.3063116 0.2955924 0.3003687 0.2904766 
n278_299   0.0819141 0.3955460 0.0238366 0.3012331 0.0857418 0.3388824 0.0000000 0.3282895 0.3181117 0.2798181 0.3111908 0.3013176 0.2909033 0.0782068 0.3058754 0.4379110 0.0819344 0.3975887 0.2963700 0.2960384 0.3176047 0.0856603 0.3398934 0.3397302 0.3122577 
n286_307   0.2806657 0.3660846 0.3226279 0.3281325 0.2957600 0.3059740 0.3282895 0.0000000 0.3293977 0.3158106 0.3430139 0.3270758 0.3165181 0.2857460 0.3163517 0.4356520 0.2906207 0.3560424 0.3230956 0.3218430 0.3400254 0.2855194 0.1436612 0.1519465 0.0100107 
n295_316   0.2918562 0.3248944 0.3233008 0.0238591 0.2971205 0.1541080 0.3181117 0.3293977 0.0000000 0.1087060 0.0743815 0.0743741 0.0559645 0.2870506 0.0742987 0.3248795 0.2919521 0.3310902 0.0204146 0.0596237 0.0135525 0.2967982 0.3297746 0.3237461 0.3182846 
n236_253   0.2697482 0.3059810 0.2797761 0.0966989 0.2748120 0.1526820 0.2798181 0.3158106 0.1087060 0.0000000 0.1043881 0.0967098 0.0852813 0.2650996 0.0966107 0.3277177 0.2698337 0.3222376 0.0929379 0.0890829 0.1085528 0.2745195 0.3061459 0.3003807 0.3001219 
n275_296   0.3005641 0.3384632 0.3212904 0.0630377 0.2958097 0.1530353 0.3111908 0.3430139 0.0743815 0.1043881 0.0000000 0.0272537 0.0237951 0.2957253 0.0272273 0.3388004 0.3006638 0.3332961 0.0594254 0.0272652 0.0742786 0.3055441 0.3227005 0.3167644 0.3266974 
n293_314   0.2905434 0.3338363 0.3112998 0.0630314 0.2858425 0.1448108 0.3013176 0.3270758 0.0743741 0.0967098 0.0272537 0.0000000 0.0237927 0.2857620 0.0067173 0.3342183 0.2906385 0.3286901 0.0594195 0.0272625 0.0742712 0.2954601 0.3123484 0.3065095 0.3111099 
n298_319   0.2755457 0.3178635 0.3007461 0.0449677 0.2806665 0.1325495 0.2909033 0.3165181 0.0559645 0.0852813 0.0237951 0.0237927 0.0000000 0.2708517 0.0237696 0.3234990 0.2756339 0.3128193 0.0414335 0.0033533 0.0558879 0.2803660 0.2968487 0.2911568 0.3007857 
n274_295   0.0100757 0.3600835 0.0669167 0.2709703 0.0134727 0.2964639 0.0782068 0.2857460 0.2870506 0.2650996 0.2957253 0.2857620 0.2708517 0.0000000 0.2854278 0.4001551 0.0100779 0.3618913 0.2662872 0.2758411 0.2866010 0.0134606 0.3020374 0.3018943 0.2760404 
n294_315   0.2902028 0.3334312 0.3159017 0.0629682 0.2855081 0.1446571 0.3058754 0.3163517 0.0742987 0.0966107 0.0272273 0.0067173 0.0237696 0.2854278 0.0000000 0.3338124 0.2902976 0.3282926 0.0593600 0.0272360 0.0741960 0.2951126 0.3119754 0.3061455 0.3006297 
n244_263   0.4056683 0.3257524 0.4507122 0.3185319 0.4059822 0.3789510 0.4379110 0.4356520 0.3248795 0.3277177 0.3388004 0.3342183 0.3234990 0.4001551 0.3338124 0.0000000 0.3999819 0.3265346 0.3239083 0.3289007 0.3355112 0.4055153 0.4624858 0.4491320 0.4171115 
n299_320   0.0134600 0.3654616 0.0668654 0.2757543 0.0033418 0.3014170 0.0819344 0.2906207 0.2919521 0.2698337 0.3006638 0.2906385 0.2756339 0.0100779 0.2902976 0.3999819 0.0000000 0.3673029 0.2710452 0.2806557 0.2914938 0.0033388 0.3070314 0.3068858 0.2808572 
n251_272   0.3671682 0.0306399 0.4034637 0.3351972 0.3730556 0.3512212 0.3975887 0.3560424 0.3310902 0.3222376 0.3332961 0.3286901 0.3128193 0.3618913 0.3282926 0.3265346 0.3673029 0.0000000 0.3300948 0.3181375 0.3472771 0.3726327 0.3798818 0.3733431 0.3451186 
n289_310   0.2709589 0.3239233 0.3013985 0.0033479 0.2760494 0.1370986 0.2963700 0.3230956 0.0204146 0.0929379 0.0594254 0.0594195 0.0414335 0.2662872 0.0593600 0.3239083 0.2710452 0.3300948 0.0000000 0.0450060 0.0203866 0.2757543 0.3234254 0.3174728 0.3121090 
n297_318   0.2805652 0.3232168 0.3059492 0.0485563 0.2857255 0.1366341 0.2960384 0.3218430 0.0596237 0.0890829 0.0272652 0.0272625 0.0033533 0.2758411 0.0272360 0.3289007 0.2806557 0.3181375 0.0450060 0.0000000 0.0595419 0.2854185 0.3020398 0.2962977 0.3059899 
n296_317   0.2913981 0.3409114 0.3227841 0.0238265 0.2966526 0.1538839 0.3176047 0.3400254 0.0135525 0.1085528 0.0742786 0.0742712 0.0558879 0.2866010 0.0741960 0.3355112 0.2914938 0.3472771 0.0203866 0.0595419 0.0000000 0.2963312 0.3403782 0.3342477 0.3287418 
n300_321   0.0168546 0.3707589 0.0705165 0.2804881 0.0066951 0.3063116 0.0856603 0.2855194 0.2967982 0.2745195 0.3055441 0.2954601 0.2803660 0.0134606 0.2951126 0.4055153 0.0033388 0.3726327 0.2757543 0.2854185 0.2963312 0.0000000 0.3017961 0.3016532 0.2758220 
n266_287   0.3017704 0.3902254 0.3341195 0.3284687 0.3123066 0.2955924 0.3398934 0.1436612 0.3297746 0.3061459 0.3227005 0.3123484 0.2968487 0.3020374 0.3119754 0.4624858 0.3070314 0.3798818 0.3234254 0.3020398 0.3403782 0.3017961 0.0000000 0.0168305 0.1314378 
n265_286   0.3016276 0.3842981 0.3339595 0.3224708 0.3121582 0.3003687 0.3397302 0.1519465 0.3237461 0.3003807 0.3167644 0.3065095 0.2911568 0.3018943 0.3061455 0.4491320 0.3068858 0.3733431 0.3174728 0.2962977 0.3342477 0.3016532 0.0168305 0.0000000 0.1395719 
n285_306   0.2710259 0.3550395 0.3067357 0.3170717 0.2859295 0.2904766 0.3122577 0.0100107 0.3182846 0.3001219 0.3266974 0.3111099 0.3007857 0.2760404 0.3006297 0.4171115 0.2808572 0.3451186 0.3121090 0.3059899 0.3287418 0.2758220 0.1314378 0.1395719 0.0000000 
