25
n274_265   0.0000000 0.2965427 0.3164176 0.2763386 0.4006397 0.2909799 0.2661280 0.3014577 0.2660827 0.3217645 0.0662457 0.2864273 0.3172145 0.2962352 0.2665633 0.0100735 0.3798642 0.4186983 0.2915480 0.0134650 0.3010660 0.2521140 0.0168438 0.3118954 0.0481758 
n295_286   0.2965427 0.0000000 0.0482937 0.3457515 0.4274918 0.3619413 0.3342813 0.0237565 0.1432029 0.0518949 0.3228612 0.0203165 0.0484565 0.0100762 0.0885550 0.3018592 0.4034335 0.4573082 0.0203117 0.3069817 0.0341538 0.3188610 0.3115095 0.0448639 0.3126109 
n293_284   0.3164176 0.0482937 0.0000000 0.3455773 0.4451715 0.3617603 0.3447509 0.0518786 0.1513502 0.0033472 0.3276228 0.0483068 0.0412981 0.0447132 0.1036954 0.3218901 0.4269164 0.4569305 0.0482952 0.3271522 0.0134766 0.3291224 0.3266834 0.0377470 0.3173167 
n265_256   0.2763386 0.3457515 0.3455773 0.0000000 0.4581995 0.0168786 0.1598224 0.3457667 0.2918769 0.3461158 0.3020681 0.3404558 0.3346238 0.3401616 0.3126068 0.2813524 0.4630964 0.4708318 0.3403424 0.2863238 0.3293326 0.1518774 0.2907554 0.3291473 0.2767500 
n255_246   0.4006397 0.4274918 0.4451715 0.4581995 0.0000000 0.4646807 0.4442595 0.4459401 0.3962712 0.4516032 0.4192527 0.4399173 0.4515002 0.4279245 0.4144043 0.4010449 0.3098543 0.0445848 0.4341802 0.4013466 0.4326928 0.4208590 0.4009043 0.4450709 0.4126981 
n266_257   0.2909799 0.3619413 0.3617603 0.0168786 0.4646807 0.0000000 0.1723500 0.3619567 0.3020760 0.3623297 0.3172632 0.3565336 0.3505583 0.3562212 0.3335956 0.2960987 0.4696057 0.4774292 0.3564127 0.3011709 0.3451556 0.1642941 0.3056716 0.3449577 0.2914162 
n286_277   0.2661280 0.3342813 0.3447509 0.1598224 0.4442595 0.1723500 0.0000000 0.3342962 0.3059524 0.3503493 0.2819248 0.3290742 0.3397963 0.3287931 0.3015685 0.2613623 0.4439209 0.4694066 0.3289661 0.2661879 0.3287169 0.0202715 0.2709864 0.3342805 0.2576494 
n287_278   0.3014577 0.0237565 0.0518786 0.3457667 0.4459401 0.3619567 0.3342962 0.0000000 0.1432122 0.0554999 0.3228759 0.0134709 0.0520539 0.0203048 0.0885614 0.3068119 0.4212511 0.4765174 0.0134678 0.3119681 0.0376661 0.3188757 0.3165186 0.0484412 0.3126255 
n200_191   0.2660827 0.1432029 0.1513502 0.2918769 0.3962712 0.3020760 0.3059524 0.1432122 0.0000000 0.1555469 0.2859868 0.1391815 0.1473610 0.1390800 0.1112414 0.2806301 0.3964447 0.4142621 0.1391446 0.2808236 0.1350739 0.2911778 0.2804165 0.1432142 0.2762606 
n294_285   0.3217645 0.0518949 0.0033472 0.3461158 0.4516032 0.3623297 0.3503493 0.0554999 0.1555469 0.0000000 0.3330674 0.0519090 0.0448712 0.0482933 0.1076040 0.3272835 0.4331804 0.4634655 0.0518965 0.3325874 0.0168934 0.3345991 0.3321094 0.0412981 0.3226820 
n278_269   0.0662457 0.3228612 0.3276228 0.3020681 0.4192527 0.3172632 0.2819248 0.3228759 0.2859868 0.3330674 0.0000000 0.3073702 0.3227839 0.3174763 0.2769309 0.0699659 0.4153838 0.4378394 0.3126602 0.0736605 0.3120058 0.2675693 0.0735678 0.3174175 0.0237718 
n290_281   0.2864273 0.0203165 0.0483068 0.3404558 0.4399173 0.3565336 0.3290742 0.0134709 0.1391815 0.0519090 0.3073702 0.0000000 0.0484698 0.0168824 0.0848124 0.2916613 0.4154277 0.4702551 0.0067059 0.2967098 0.0341631 0.3137557 0.3011865 0.0448762 0.2973291 
n297_288   0.3172145 0.0484565 0.0412981 0.3346238 0.4515002 0.3505583 0.3397963 0.0520539 0.1473610 0.0448712 0.3227839 0.0484698 0.0000000 0.0448636 0.1000831 0.3227034 0.4330204 0.4700756 0.0484580 0.3174631 0.0272610 0.3242569 0.3273653 0.0033474 0.3125359 
n296_287   0.2962352 0.0100762 0.0447132 0.3401616 0.4279245 0.3562212 0.3287931 0.0203048 0.1390800 0.0482933 0.3174763 0.0168824 0.0448636 0.0000000 0.0847538 0.3015447 0.4150465 0.4577835 0.0168785 0.3066606 0.0306501 0.3134911 0.3111829 0.0412912 0.3073044 
n236_227   0.2665633 0.0885550 0.1036954 0.3126068 0.4144043 0.3335956 0.3015685 0.0885614 0.1112414 0.1076040 0.2769309 0.0848124 0.1000831 0.0847538 0.0000000 0.2664622 0.3855803 0.4320418 0.0847912 0.2713272 0.0884531 0.2868506 0.2761692 0.0962119 0.2672989 
n300_291   0.0100735 0.3018592 0.3218901 0.2813524 0.4010449 0.2960987 0.2613623 0.3068119 0.2806301 0.3272835 0.0699659 0.2916613 0.3227034 0.3015447 0.2664622 0.0000000 0.3802429 0.4191287 0.2968248 0.0033408 0.3064124 0.2474343 0.0202773 0.3173383 0.0517870 
n244_235   0.3798642 0.4034335 0.4269164 0.4630964 0.3098543 0.4696057 0.4439209 0.4212511 0.3964447 0.4331804 0.4153838 0.4154277 0.4330204 0.4150465 0.3855803 0.3802429 0.0000000 0.3249411 0.4098719 0.3859332 0.4090886 0.4205488 0.3855615 0.4267607 0.3976915 
n251_242   0.4186983 0.4573082 0.4569305 0.4708318 0.0445848 0.4774292 0.4694066 0.4765174 0.4142621 0.4634655 0.4378394 0.4702551 0.4700756 0.4577835 0.4320418 0.4191287 0.3249411 0.0000000 0.4643005 0.4194489 0.4507858 0.4452175 0.4247022 0.4634769 0.4190532 
n289_280   0.2915480 0.0203117 0.0482952 0.3403424 0.4341802 0.3564127 0.3289661 0.0134678 0.1391446 0.0518965 0.3126602 0.0067059 0.0484580 0.0168785 0.0847912 0.2968248 0.4098719 0.4643005 0.0000000 0.3019117 0.0341550 0.3136543 0.3064151 0.0448653 0.3025442 
n292_283   0.0134650 0.3069817 0.3271522 0.2863238 0.4013466 0.3011709 0.2661879 0.3119681 0.2808236 0.3325874 0.0736605 0.2967098 0.3174631 0.3066606 0.2713272 0.0033408 0.3859332 0.4194489 0.3019117 0.0000000 0.3115613 0.2521703 0.0237169 0.3121390 0.0553842 
n275_266   0.3010660 0.0341538 0.0134766 0.3293326 0.4326928 0.3451556 0.3287169 0.0376661 0.1350739 0.0168934 0.3120058 0.0341631 0.0272610 0.0306501 0.0884531 0.3064124 0.4090886 0.4507858 0.0341550 0.3115613 0.0000000 0.3134163 0.3111182 0.0237853 0.3019137 
n285_276   0.2521140 0.3188610 0.3291224 0.1518774 0.4208590 0.1642941 0.0202715 0.3188757 0.2911778 0.3345991 0.2675693 0.3137557 0.3242569 0.3134911 0.2868506 0.2474343 0.4205488 0.4452175 0.3136543 0.2521703 0.3134163 0.0000000 0.2568807 0.3188593 0.2437443 
n280_271   0.0168438 0.3115095 0.3266834 0.2907554 0.4009043 0.3056716 0.2709864 0.3165186 0.2804165 0.3321094 0.0735678 0.3011865 0.3273653 0.3111829 0.2761692 0.0202773 0.3855615 0.4247022 0.3064151 0.0237169 0.3111182 0.2568807 0.0000000 0.3219703 0.0553148 
n298_289   0.3118954 0.0448639 0.0377470 0.3291473 0.4450709 0.3449577 0.3342805 0.0484412 0.1432142 0.0412981 0.3174175 0.0448762 0.0033474 0.0412912 0.0962119 0.3173383 0.4267607 0.4634769 0.0448653 0.3121390 0.0237853 0.3188593 0.3219703 0.0000000 0.3072467 
n277_268   0.0481758 0.3126109 0.3173167 0.2767500 0.4126981 0.2914162 0.2576494 0.3126255 0.2762606 0.3226820 0.0237718 0.2973291 0.3125359 0.3073044 0.2672989 0.0517870 0.3976915 0.4190532 0.3025442 0.0553842 0.3019137 0.2437443 0.0553148 0.3072467 0.0000000 
