24
n236_237   0.0000000 0.2963446 0.0780136 0.3185221 0.0818654 0.4596742 0.2701967 0.0779341 0.3642867 0.0780536 0.3077213 0.3702802 0.2803728 0.0704643 0.3702192 0.3584076 0.0667433 0.2754400 0.0779798 0.0741761 0.3517185 0.4458731 0.1500903 0.3701562 
n266_267   0.2963446 0.0000000 0.3173742 0.2656657 0.3342058 0.4312763 0.1209558 0.3227071 0.2969672 0.3285207 0.2708603 0.3022581 0.0271869 0.3227955 0.2968739 0.2916621 0.3228146 0.1168988 0.3339275 0.3282518 0.3453137 0.4247245 0.2857754 0.2916936 
n296_297   0.0780136 0.3173742 0.0000000 0.3408791 0.0168952 0.4800206 0.3012138 0.0448902 0.3697618 0.0134758 0.3297237 0.3757961 0.3012816 0.0377856 0.3757341 0.3638435 0.0342520 0.3067174 0.0449158 0.0413212 0.3691297 0.4658722 0.1672242 0.3756688 
n277_278   0.3185221 0.2656657 0.3408791 0.0000000 0.3471741 0.4662427 0.2914938 0.3296197 0.0782841 0.3469723 0.0135129 0.0820733 0.2456214 0.3295933 0.0820874 0.0745038 0.3297304 0.2969276 0.3408723 0.3352407 0.3761411 0.4877857 0.3081959 0.0820864 
n290_291   0.0818654 0.3342058 0.0168952 0.3471741 0.0000000 0.4876480 0.3068732 0.0485173 0.3763741 0.0033419 0.3359003 0.3824782 0.3177017 0.0413678 0.3824147 0.3703887 0.0378120 0.3124317 0.0485450 0.0449251 0.3754742 0.4733237 0.1717363 0.3823464 
n255_256   0.4596742 0.4312763 0.4800206 0.4662427 0.4876480 0.0000000 0.4312486 0.4519422 0.4949575 0.4804473 0.4528465 0.5022756 0.4182778 0.4522370 0.4880090 0.4878069 0.4326069 0.4380102 0.4657909 0.4454153 0.2914740 0.0378355 0.3813593 0.5020495 
n286_287   0.2701967 0.1209558 0.3012138 0.2914938 0.3068732 0.4312486 0.0000000 0.2799576 0.3078644 0.3014234 0.2811251 0.3132444 0.1168398 0.2904691 0.3133050 0.3024691 0.2852521 0.0033375 0.3010614 0.2851464 0.3508895 0.4246995 0.2651232 0.3132634 
n298_299   0.0779341 0.3227071 0.0448902 0.3296197 0.0485173 0.4519422 0.2799576 0.0000000 0.3640084 0.0449123 0.3186458 0.3699921 0.2956108 0.0203119 0.3699313 0.3581387 0.0168794 0.2852740 0.0272368 0.0100728 0.3512084 0.4383869 0.1626515 0.3698684 
n299_300   0.3642867 0.2969672 0.3697618 0.0782841 0.3763741 0.4949575 0.3078644 0.3640084 0.0000000 0.3761518 0.0783190 0.0067234 0.2812125 0.3639769 0.0033516 0.0033513 0.3641330 0.3134482 0.3758540 0.3699313 0.4132857 0.5168970 0.3471186 0.0033517 
n287_288   0.0780536 0.3285207 0.0134758 0.3469723 0.0033419 0.4804473 0.3014234 0.0449123 0.3761518 0.0000000 0.3357063 0.3822515 0.3121572 0.0378040 0.3821881 0.3701707 0.0342684 0.3069326 0.0449378 0.0413414 0.3694117 0.4662784 0.1673214 0.3821199 
n278_279   0.3077213 0.2708603 0.3297237 0.0135129 0.3359003 0.4528465 0.2811251 0.3186458 0.0783190 0.3357063 0.0000000 0.0821101 0.2506500 0.3186209 0.0821242 0.0745368 0.3187522 0.2864707 0.3297172 0.3241747 0.3703108 0.4806038 0.3027319 0.0821231 
n292_293   0.3702802 0.3022581 0.3757961 0.0820733 0.3824782 0.5022756 0.3132444 0.3699921 0.0067234 0.3822515 0.0821101 0.0000000 0.2863790 0.3699597 0.0101128 0.0101118 0.3701192 0.3188760 0.3819463 0.3759703 0.4197439 0.5244577 0.3471609 0.0101129 
n265_266   0.2803728 0.0271869 0.3012816 0.2456214 0.3177017 0.4182778 0.1168398 0.2956108 0.2812125 0.3121572 0.2506500 0.2863790 0.0000000 0.2956916 0.2811249 0.2760333 0.2957079 0.1128125 0.3063730 0.3009289 0.3227824 0.4118543 0.2651386 0.2864003 
n293_294   0.0704643 0.3227955 0.0377856 0.3295933 0.0413678 0.4522370 0.2904691 0.0203119 0.3639769 0.0378040 0.3186209 0.3699597 0.2956916 0.0000000 0.3698989 0.3581081 0.0100764 0.2958773 0.0066965 0.0168804 0.3456514 0.4386682 0.1541614 0.3698360 
n280_281   0.3702192 0.2968739 0.3757341 0.0820874 0.3824147 0.4880090 0.3133050 0.3699313 0.0033516 0.3821881 0.0821242 0.0101128 0.2811249 0.3698989 0.0000000 0.0067209 0.3700583 0.3189379 0.3818830 0.3759082 0.4196725 0.5097352 0.3528988 0.0067217 
n274_275   0.3584076 0.2916621 0.3638435 0.0745038 0.3703887 0.4878069 0.3024691 0.3581387 0.0033513 0.3701707 0.0745368 0.0101118 0.2760333 0.3581081 0.0067209 0.0000000 0.3582608 0.3080046 0.3698799 0.3640084 0.4069602 0.5095140 0.3413891 0.0067210 
n275_276   0.0667433 0.3228146 0.0342520 0.3297304 0.0378120 0.4326069 0.2852521 0.0168794 0.3641330 0.0342684 0.3187522 0.3701192 0.2957079 0.0100764 0.3700583 0.3582608 0.0000000 0.2906166 0.0168887 0.0134668 0.3343204 0.4194252 0.1499152 0.3699954 
n285_286   0.2754400 0.1168988 0.3067174 0.2969276 0.3124317 0.4380102 0.0033375 0.2852740 0.3134482 0.3069326 0.2864707 0.3188760 0.1128125 0.2958773 0.3189379 0.3080046 0.2906166 0.0000000 0.3065616 0.2905086 0.3509393 0.4313903 0.2703218 0.3188944 
n294_295   0.0779798 0.3339275 0.0449158 0.3408723 0.0485450 0.4657909 0.3010614 0.0272368 0.3758540 0.0449378 0.3297172 0.3819463 0.3063730 0.0066965 0.3818830 0.3698799 0.0168887 0.3065616 0.0000000 0.0237668 0.3571798 0.4519469 0.1627549 0.3818149 
n297_298   0.0741761 0.3282518 0.0413212 0.3352407 0.0449251 0.4454153 0.2851464 0.0100728 0.3699313 0.0413414 0.3241747 0.3759703 0.3009289 0.0168804 0.3759082 0.3640084 0.0134668 0.2905086 0.0237668 0.0000000 0.3455625 0.4319854 0.1583683 0.3758428 
n244_245   0.3517185 0.3453137 0.3691297 0.3761411 0.3754742 0.2914740 0.3508895 0.3512084 0.4132857 0.3694117 0.3703108 0.4197439 0.3227824 0.3456514 0.4196725 0.4069602 0.3343204 0.3509393 0.3571798 0.3455625 0.0000000 0.2913590 0.3125746 0.4195863 
n251_252   0.4458731 0.4247245 0.4658722 0.4877857 0.4733237 0.0378355 0.4246995 0.4383869 0.5168970 0.4662784 0.4806038 0.5244577 0.4118543 0.4386682 0.5097352 0.5095140 0.4194252 0.4313903 0.4519469 0.4319854 0.2913590 0.0000000 0.3695142 0.5242105 
n200_201   0.1500903 0.2857754 0.1672242 0.3081959 0.1717363 0.3813593 0.2651232 0.1626515 0.3471186 0.1673214 0.3027319 0.3471609 0.2651386 0.1541614 0.3528988 0.3413891 0.1499152 0.2703218 0.1627549 0.1583683 0.3125746 0.3695142 0.0000000 0.3528429 
n300_301   0.3701562 0.2916936 0.3756688 0.0820864 0.3823464 0.5020495 0.3132634 0.3698684 0.0033517 0.3821199 0.0821231 0.0101129 0.2864003 0.3698360 0.0067217 0.0067210 0.3699954 0.3188944 0.3818149 0.3758428 0.4195863 0.5242105 0.3528429 0.0000000 
