26
n236_237   0.0000000 0.3421039 0.1158968 0.2666141 0.1117586 0.4881742 0.1159854 0.3328886 0.1079513 0.2907234 0.0963971 0.2667795 0.2956069 0.3421823 0.1040690 0.1002401 0.2908983 0.3008530 0.1000915 0.3272337 0.0963646 0.1079201 0.4241102 0.4865836 0.1990430 0.2908974 
n266_267   0.3421039 0.0000000 0.3066630 0.2238554 0.3333972 0.4724199 0.3069199 0.1615279 0.3128292 0.2424365 0.3231496 0.2283709 0.2470357 0.0168822 0.3230107 0.3179029 0.2475288 0.2470626 0.3173378 0.1571888 0.3124949 0.3071557 0.4569619 0.4787967 0.3210044 0.2474470 
n296_297   0.1158968 0.3066630 0.0000000 0.2583546 0.0237847 0.4644772 0.0033470 0.3248528 0.0448587 0.2625824 0.0237910 0.2631039 0.2673168 0.3011789 0.0169187 0.0342891 0.2678556 0.2625265 0.0342400 0.3192309 0.0307714 0.0448454 0.4532699 0.4574288 0.1696239 0.2627380 
n277_278   0.2666141 0.2238554 0.2583546 0.0000000 0.2633220 0.3899056 0.2585674 0.2338154 0.2438093 0.0519405 0.2586663 0.0100807 0.0555154 0.2239082 0.2585678 0.2439661 0.0628461 0.0591572 0.2435561 0.2289339 0.2390970 0.2387110 0.3906591 0.3901959 0.2760167 0.0555945 
n290_291   0.1117586 0.3333972 0.0237847 0.2633220 0.0000000 0.4567093 0.0272440 0.3240036 0.0483815 0.2675699 0.0134557 0.2681035 0.2723354 0.3276796 0.0066986 0.0377734 0.2779180 0.2675123 0.0377203 0.3184001 0.0342414 0.0483673 0.4387376 0.4561294 0.1737010 0.2677289 
n255_256   0.4881742 0.4724199 0.4644772 0.3899056 0.4567093 0.0000000 0.4648999 0.4452692 0.4456387 0.4066992 0.4447307 0.4079947 0.4123794 0.4534168 0.4444911 0.4389651 0.4189435 0.4122785 0.4446594 0.4518121 0.4325035 0.4386672 0.4388970 0.0306451 0.4486670 0.4012336 
n295_296   0.1159854 0.3069199 0.0033470 0.2585674 0.0272440 0.4648999 0.0000000 0.3251291 0.0484212 0.2627986 0.0272513 0.2633210 0.2675373 0.3014304 0.0203480 0.0378044 0.2680769 0.2627426 0.0377502 0.3195015 0.0342684 0.0484069 0.4536808 0.4578434 0.1697569 0.2629545 
n286_287   0.3328886 0.1615279 0.3248528 0.2338154 0.3240036 0.4452692 0.3251291 0.0000000 0.2985138 0.2383013 0.3138402 0.2384043 0.2382757 0.1658124 0.3137072 0.2982391 0.2481973 0.2477685 0.3029815 0.0033391 0.2982018 0.2929462 0.4262067 0.4578148 0.3063923 0.2432919 
n298_299   0.1079513 0.3128292 0.0448587 0.2438093 0.0483815 0.4456387 0.0484212 0.2985138 0.0000000 0.2625544 0.0413028 0.2484673 0.2672890 0.3072779 0.0412929 0.0237491 0.2728246 0.2624985 0.0237159 0.2931115 0.0202991 0.0066990 0.4408228 0.4382168 0.1692734 0.2579432 
n299_300   0.2907234 0.2424365 0.2625824 0.0519405 0.2675699 0.4066992 0.2627986 0.2383013 0.2625544 0.0000000 0.2628998 0.0555164 0.0033419 0.2424934 0.2627989 0.2482596 0.0168859 0.0168781 0.2528145 0.2333898 0.2433669 0.2573097 0.4030395 0.4196541 0.2814739 0.0067071 
n287_288   0.0963971 0.3231496 0.0237910 0.2586663 0.0134557 0.4447307 0.0272513 0.3138402 0.0413028 0.2628998 0.0000000 0.2634226 0.2676411 0.3175144 0.0067004 0.0307824 0.2731853 0.2628437 0.0307394 0.3083159 0.0272845 0.0412907 0.4203454 0.4441624 0.1653783 0.2630558 
n278_279   0.2667795 0.2283709 0.2631039 0.0100807 0.2681035 0.4079947 0.2633210 0.2384043 0.2484673 0.0555164 0.2634226 0.0000000 0.0591061 0.2284247 0.2633213 0.2486266 0.0664748 0.0627662 0.2482074 0.2334897 0.2437255 0.2433322 0.4087804 0.4083098 0.2808474 0.0591905 
n292_293   0.2956069 0.2470357 0.2673168 0.0555154 0.2723354 0.4123794 0.2675373 0.2382757 0.2672890 0.0033419 0.2676411 0.0591061 0.0000000 0.2470936 0.2675376 0.2529113 0.0203024 0.0202930 0.2574891 0.2333649 0.2479873 0.2620072 0.4087131 0.4254409 0.2863103 0.0100799 
n265_266   0.3421823 0.0168822 0.3011789 0.2239082 0.3276796 0.4534168 0.3014304 0.1658124 0.3072779 0.2424934 0.3175144 0.2284247 0.2470936 0.0000000 0.3173795 0.3123124 0.2475870 0.2471205 0.3117602 0.1614429 0.3069531 0.3016585 0.4444025 0.4596339 0.3154183 0.2475051 
n289_290   0.1040690 0.3230107 0.0169187 0.2585678 0.0066986 0.4444911 0.0203480 0.3137072 0.0412929 0.2627989 0.0067004 0.2633213 0.2675376 0.3173795 0.0000000 0.0307753 0.2730783 0.2627429 0.0307322 0.3081868 0.0272782 0.0412808 0.4267887 0.4439233 0.1653265 0.2629549 
n293_294   0.1002401 0.3179029 0.0342891 0.2439661 0.0377734 0.4389651 0.0378044 0.2982391 0.0237491 0.2482596 0.0307824 0.2486266 0.2529113 0.3123124 0.0307753 0.0000000 0.2583184 0.2482082 0.0134689 0.2928447 0.0033433 0.0237421 0.4407300 0.4316246 0.1568371 0.2484058 
n280_281   0.2908983 0.2475288 0.2678556 0.0628461 0.2779180 0.4189435 0.2680769 0.2481973 0.2728246 0.0168859 0.2731853 0.0664748 0.0203024 0.2475870 0.2730783 0.2583184 0.0000000 0.0272210 0.2629329 0.2432051 0.2533472 0.2674879 0.4219270 0.4318155 0.2815260 0.0237700 
n274_275   0.3008530 0.2470626 0.2625265 0.0591572 0.2675123 0.4122785 0.2627426 0.2477685 0.2624985 0.0168781 0.2628437 0.0627662 0.0202930 0.2471205 0.2627429 0.2482082 0.0272210 0.0000000 0.2527618 0.2427858 0.2433170 0.2572555 0.4024330 0.4317804 0.2811285 0.0237590 
n275_276   0.1000915 0.3173378 0.0342400 0.2435561 0.0377203 0.4446594 0.0377502 0.3029815 0.0237159 0.2528145 0.0307394 0.2482074 0.2574891 0.3117602 0.0307322 0.0134689 0.2629329 0.2527618 0.0000000 0.2975541 0.0100736 0.0237089 0.4398577 0.4372634 0.1565936 0.2529637 
n285_286   0.3272337 0.1571888 0.3192309 0.2289339 0.3184001 0.4518121 0.3195015 0.0033391 0.2931115 0.2333898 0.3083159 0.2334897 0.2333649 0.1614429 0.3081868 0.2928447 0.2432051 0.2427858 0.2975541 0.0000000 0.2928084 0.2875954 0.4196882 0.4644747 0.3009623 0.2383380 
n294_295   0.0963646 0.3124949 0.0307714 0.2390970 0.0342414 0.4325035 0.0342684 0.2982018 0.0202991 0.2433669 0.0272845 0.2437255 0.2479873 0.3069531 0.0272782 0.0033433 0.2533472 0.2433170 0.0100736 0.2928084 0.0000000 0.0202931 0.4342375 0.4252385 0.1526039 0.2435098 
n297_298   0.1079201 0.3071557 0.0448454 0.2387110 0.0483673 0.4386672 0.0484069 0.2929462 0.0066990 0.2573097 0.0412907 0.2433322 0.2620072 0.3016585 0.0412808 0.0237421 0.2674879 0.2572555 0.0237089 0.2875954 0.0202931 0.0000000 0.4398494 0.4381048 0.1648092 0.2527326 
n244_245   0.4241102 0.4569619 0.4532699 0.3906591 0.4387376 0.4388970 0.4536808 0.4262067 0.4408228 0.4030395 0.4203454 0.4087804 0.4087131 0.4444025 0.4267887 0.4407300 0.4219270 0.4024330 0.4398577 0.4196882 0.4342375 0.4398494 0.0000000 0.4573838 0.4766295 0.4094954 
n251_252   0.4865836 0.4787967 0.4574288 0.3901959 0.4561294 0.0306451 0.4578434 0.4578148 0.4382168 0.4196541 0.4441624 0.4083098 0.4254409 0.4596339 0.4439233 0.4316246 0.4318155 0.4317804 0.4372634 0.4644747 0.4252385 0.4381048 0.4573838 0.0000000 0.4605503 0.4140923 
n200_201   0.1990430 0.3210044 0.1696239 0.2760167 0.1737010 0.4486670 0.1697569 0.3063923 0.1692734 0.2814739 0.1653783 0.2808474 0.2863103 0.3154183 0.1653265 0.1568371 0.2815260 0.2811285 0.1565936 0.3009623 0.1526039 0.1648092 0.4766295 0.4605503 0.0000000 0.2816419 
n300_301   0.2908974 0.2474470 0.2627380 0.0555945 0.2677289 0.4012336 0.2629545 0.2432919 0.2579432 0.0067071 0.2630558 0.0591905 0.0100799 0.2475051 0.2629549 0.2484058 0.0237700 0.0237590 0.2529637 0.2383380 0.2435098 0.2527326 0.4094954 0.4140923 0.2816419 0.0000000 
