24
n236_237   0.0000000 0.2441378 0.1047095 0.2881404 0.0968358 0.3889677 0.1085497 0.2726796 0.1005162 0.2946889 0.1007001 0.2995822 0.2997269 0.2300478 0.1084733 0.2889281 0.2787203 0.1163319 0.2727167 0.1083929 0.3433874 0.4319133 0.1444883 0.2896338 
n266_267   0.2441378 0.0000000 0.2210791 0.2259505 0.2064944 0.3603076 0.2255727 0.1044298 0.2108485 0.2461070 0.2020479 0.2408292 0.2508420 0.0202924 0.2204374 0.2407680 0.2312015 0.2249267 0.1083581 0.2156146 0.3330860 0.3947420 0.2009827 0.2413533 
n296_297   0.1047095 0.2210791 0.0000000 0.2543070 0.0168976 0.3666748 0.0100809 0.2633340 0.0341744 0.2704535 0.0203283 0.2651490 0.2753441 0.2119140 0.0377174 0.2648981 0.2550024 0.0412936 0.2633696 0.0376909 0.3167430 0.4083503 0.1204430 0.2655444 
n277_278   0.2881404 0.2259505 0.2543070 0.0000000 0.2491597 0.3669503 0.2587531 0.2305695 0.2482944 0.0523661 0.2540102 0.0101153 0.0559773 0.2167193 0.2584681 0.0450768 0.0379411 0.2683040 0.2305998 0.2582559 0.3919279 0.4028475 0.2382072 0.0487579 
n290_291   0.0968358 0.2064944 0.0168976 0.2491597 0.0000000 0.3491829 0.0203159 0.2477573 0.0237108 0.2599967 0.0033360 0.2598969 0.2648112 0.1975405 0.0271875 0.2545446 0.2448090 0.0377037 0.2477902 0.0271684 0.3004680 0.3897796 0.1084339 0.2551636 
n255_256   0.3889677 0.3603076 0.3666748 0.3669503 0.3491829 0.0000000 0.3720870 0.3832094 0.3422541 0.3797319 0.3437824 0.3798720 0.3854170 0.3550948 0.3540781 0.3786749 0.3670318 0.3597754 0.3772981 0.3537678 0.3391130 0.0272606 0.3524338 0.3740420 
n295_296   0.1085497 0.2255727 0.0100809 0.2587531 0.0203159 0.3720870 0.0000000 0.2680656 0.0376651 0.2749965 0.0237618 0.2696623 0.2799106 0.2163567 0.0412269 0.2694071 0.2594611 0.0448228 0.2681019 0.0411979 0.3218269 0.4140528 0.1243598 0.2700641 
n286_287   0.2726796 0.1044298 0.2633340 0.2305695 0.2477573 0.3832094 0.2680656 0.0000000 0.2523427 0.2508862 0.2430681 0.2455638 0.2556544 0.0967223 0.2625662 0.2455017 0.2358661 0.2723392 0.0033256 0.2623504 0.3642204 0.4068047 0.2467569 0.2460994 
n298_299   0.1005162 0.2108485 0.0341744 0.2482944 0.0237108 0.3422541 0.0376651 0.2523427 0.0000000 0.2590873 0.0271667 0.2589880 0.2638834 0.2018455 0.0100582 0.2536573 0.2439590 0.0202864 0.2523763 0.0100512 0.2891542 0.3823385 0.1120812 0.2542725 
n299_300   0.2946889 0.2461070 0.2704535 0.0523661 0.2599967 0.3797319 0.2749965 0.2508862 0.2590873 0.0000000 0.2649380 0.0560478 0.0101144 0.2365816 0.2694687 0.0204143 0.0135395 0.2847932 0.2509199 0.2692453 0.4051619 0.4163597 0.2487882 0.0033571 
n287_288   0.1007001 0.2020479 0.0203283 0.2540102 0.0033360 0.3437824 0.0237618 0.2430681 0.0271667 0.2649380 0.0000000 0.2648366 0.2697850 0.1931459 0.0306639 0.2594410 0.2496367 0.0412374 0.2431002 0.0306423 0.3057017 0.3840808 0.1123617 0.2600725 
n278_279   0.2995822 0.2408292 0.2651490 0.0101153 0.2598969 0.3798720 0.2696623 0.2455638 0.2589880 0.0560478 0.2648366 0.0000000 0.0596795 0.2313856 0.2693660 0.0487086 0.0415294 0.2793826 0.2455965 0.2691428 0.4112700 0.4165358 0.2532733 0.0524183 
n292_293   0.2997269 0.2508420 0.2753441 0.0559773 0.2648112 0.3854170 0.2799106 0.2556544 0.2638834 0.0101144 0.2697850 0.0596795 0.0000000 0.2412570 0.2743409 0.0238656 0.0169588 0.2897696 0.2556889 0.2741128 0.4110703 0.4223423 0.2535061 0.0067276 
n265_266   0.2300478 0.0202924 0.2119140 0.2167193 0.1975405 0.3550948 0.2163567 0.0967223 0.2018455 0.2365816 0.1931459 0.2313856 0.2412570 0.0000000 0.2112996 0.2313258 0.2218855 0.2157398 0.1006060 0.2111312 0.3223624 0.3832907 0.1921341 0.2318874 
n293_294   0.1084733 0.2204374 0.0377174 0.2584681 0.0271875 0.3540781 0.0412269 0.2625662 0.0100582 0.2694687 0.0306639 0.2693660 0.2743409 0.2112996 0.0000000 0.2639358 0.2540781 0.0237452 0.2626015 0.0066887 0.2893208 0.3949237 0.1201821 0.2645781 
n280_281   0.2889281 0.2407680 0.2648981 0.0450768 0.2545446 0.3786749 0.2694071 0.2455017 0.2536573 0.0204143 0.2594410 0.0487086 0.0238656 0.2313258 0.2639358 0.0000000 0.0067257 0.2791178 0.2455345 0.2637181 0.3988477 0.4151896 0.2434634 0.0169718 
n274_275   0.2787203 0.2312015 0.2550024 0.0379411 0.2448090 0.3670318 0.2594611 0.2358661 0.2439590 0.0135395 0.2496367 0.0415294 0.0169588 0.2218855 0.2540781 0.0067257 0.0000000 0.2690406 0.2358973 0.2538699 0.3868066 0.4029216 0.2339283 0.0101314 
n275_276   0.1163319 0.2249267 0.0412936 0.2683040 0.0377037 0.3597754 0.0448228 0.2723392 0.0202864 0.2847932 0.0412374 0.2793826 0.2897696 0.2157398 0.0237452 0.2791178 0.2690406 0.0000000 0.2723762 0.0237286 0.2997398 0.4009465 0.1323405 0.2797991 
n285_286   0.2727167 0.1083581 0.2633696 0.2305998 0.2477902 0.3772981 0.2681019 0.0033256 0.2523763 0.2509199 0.2431002 0.2455965 0.2556889 0.1006060 0.2626015 0.2455345 0.2358973 0.2723762 0.0000000 0.2623858 0.3700370 0.4007006 0.2467895 0.2461323 
n294_295   0.1083929 0.2156146 0.0376909 0.2582559 0.0271684 0.3537678 0.0411979 0.2623504 0.0100512 0.2692453 0.0306423 0.2691428 0.2741128 0.2111312 0.0066887 0.2637181 0.2538699 0.0237286 0.2623858 0.0000000 0.2997862 0.3945679 0.1200925 0.2643594 
n244_245   0.3433874 0.3330860 0.3167430 0.3919279 0.3004680 0.3391130 0.3218269 0.3642204 0.2891542 0.4051619 0.3057017 0.4112700 0.4110703 0.3223624 0.2893208 0.3988477 0.3868066 0.2997398 0.3700370 0.2997862 0.0000000 0.3792104 0.2995206 0.3992554 
n251_252   0.4319133 0.3947420 0.4083503 0.4028475 0.3897796 0.0272606 0.4140528 0.4068047 0.3823385 0.4163597 0.3840808 0.4165358 0.4223423 0.3832907 0.3949237 0.4151896 0.4029216 0.4009465 0.4007006 0.3945679 0.3792104 0.0000000 0.3869559 0.4103819 
n200_201   0.1444883 0.2009827 0.1204430 0.2382072 0.1084339 0.3524338 0.1243598 0.2467569 0.1120812 0.2487882 0.1123617 0.2532733 0.2535061 0.1921341 0.1201821 0.2434634 0.2339283 0.1323405 0.2467895 0.1200925 0.2995206 0.3869559 0.0000000 0.2440514 
n300_301   0.2896338 0.2413533 0.2655444 0.0487579 0.2551636 0.3740420 0.2700641 0.2460994 0.2542725 0.0033571 0.2600725 0.0524183 0.0067276 0.2318874 0.2645781 0.0169718 0.0101314 0.2797991 0.2461323 0.2643594 0.3992554 0.4103819 0.2440514 0.0000000 
