28
n236_237   0.0000000 0.2945321 0.1162170 0.1958975 0.3884754 0.3100372 0.1323007 0.1202257 0.3835963 0.1084125 0.3599992 0.3654732 0.3956110 0.1242031 0.2996854 0.3156131 0.3151556 0.4016598 0.4079516 0.3948210 0.4015860 0.3651048 0.3047742 0.1282067 0.1123896 0.3708407 0.4131213 0.1202776 
n277_282   0.2945321 0.0000000 0.2795642 0.3047350 0.2951512 0.0588822 0.3153173 0.2846605 0.3428030 0.2747220 0.2792095 0.2689666 0.3488030 0.2998965 0.0100390 0.0661929 0.0624908 0.3544589 0.3603230 0.3262463 0.3543947 0.2838319 0.0552574 0.3050344 0.2798403 0.2736965 0.3652172 0.3047815 
n296_307   0.1162170 0.2795642 0.0000000 0.1870365 0.3673163 0.2897372 0.0521348 0.0033534 0.3895432 0.0135085 0.3657617 0.3654192 0.4016684 0.0413998 0.2846110 0.2951352 0.2947180 0.4077717 0.4141241 0.3785761 0.4076966 0.3709048 0.2846209 0.0449613 0.0169351 0.3707868 0.4193318 0.0449354 
n200_201   0.1958975 0.3047350 0.1870365 0.0000000 0.3890219 0.3311092 0.2000817 0.1914984 0.4014852 0.1827378 0.3548549 0.3377287 0.4138429 0.1913971 0.3099662 0.3368834 0.3363813 0.4200608 0.4265371 0.4069405 0.4199830 0.3599391 0.3256834 0.1958071 0.1872011 0.3429149 0.4318287 0.1956683 
n255_256   0.3884754 0.2951512 0.3673163 0.3890219 0.0000000 0.3373561 0.3958507 0.3731343 0.3226641 0.3562880 0.4180032 0.4000263 0.3176094 0.3729062 0.2904864 0.3485699 0.3426853 0.3230291 0.3286353 0.0554857 0.3282106 0.4171794 0.3318706 0.3786416 0.3621107 0.4056372 0.3337555 0.3839672 
n299_310   0.3100372 0.0588822 0.2897372 0.3311092 0.3373561 0.0000000 0.3154812 0.2949108 0.3597067 0.2848286 0.2996471 0.2936519 0.3713026 0.3103775 0.0661710 0.0134246 0.0033280 0.3715611 0.3775809 0.3595498 0.3770766 0.2995074 0.0033286 0.3155944 0.2900271 0.2985297 0.3820801 0.3153286 
n293_304   0.1323007 0.3153173 0.0521348 0.2000817 0.3958507 0.3154812 0.0000000 0.0485460 0.4193052 0.0449729 0.4062838 0.3880475 0.4319707 0.0238334 0.3206269 0.3211109 0.3206418 0.4383387 0.4449793 0.4129311 0.4382573 0.4116818 0.3101737 0.0307802 0.0485796 0.3935672 0.4503761 0.0135179 
n295_306   0.1202257 0.2846605 0.0033534 0.1914984 0.3731343 0.2949108 0.0485460 0.0000000 0.3955384 0.0169337 0.3715437 0.3711946 0.4077717 0.0378627 0.2897449 0.3003555 0.2999280 0.4139291 0.4203385 0.3844868 0.4138527 0.3767229 0.2897557 0.0414071 0.0203801 0.3766019 0.4255847 0.0413833 
n244_266   0.3835963 0.3428030 0.3895432 0.4014852 0.3226641 0.3597067 0.4193052 0.3955384 0.0000000 0.3726081 0.4180482 0.4001090 0.0168464 0.3896863 0.3373769 0.3713213 0.3652115 0.0202734 0.0237280 0.3123753 0.0202702 0.4176662 0.3540365 0.3955562 0.3785675 0.4057242 0.0341274 0.4070256 
n287_296   0.1084125 0.2747220 0.0135085 0.1827378 0.3562880 0.2848286 0.0449729 0.0169337 0.3726081 0.0000000 0.3603331 0.3599965 0.3844495 0.0343407 0.2797365 0.2901863 0.2897784 0.3904135 0.3966135 0.3727360 0.3903418 0.3654459 0.2797456 0.0378681 0.0033532 0.3653307 0.4017243 0.0378464 
n266_269   0.3599992 0.2792095 0.3657617 0.3548549 0.4180032 0.2996471 0.4062838 0.3715437 0.4180482 0.3603331 0.0000000 0.1482979 0.4241023 0.3948932 0.2842502 0.3102197 0.3046948 0.4303827 0.4369283 0.4431524 0.4303032 0.0168834 0.2944596 0.4007936 0.3661667 0.1482355 0.4303753 0.4004091 
n285_294   0.3654732 0.2689666 0.3654192 0.3377287 0.4000263 0.2936519 0.3880475 0.3711946 0.4001090 0.3599965 0.1482979 0.0000000 0.4060156 0.3824922 0.2739286 0.3041024 0.2986451 0.4121394 0.4185139 0.4123198 0.4120637 0.1607296 0.2885218 0.3882802 0.3658234 0.0067065 0.4237345 0.3879153 
n280_287   0.3956110 0.3488030 0.4016684 0.4138429 0.3176094 0.3713026 0.4319707 0.4077717 0.0168464 0.3844495 0.4241023 0.4060156 0.0000000 0.4018179 0.3433232 0.3831300 0.3769005 0.0033351 0.0066912 0.3021583 0.0066842 0.4302694 0.3655345 0.4077949 0.3905194 0.4116723 0.0168390 0.4194580 
n297_308   0.1242031 0.2998965 0.0413998 0.1913971 0.3729062 0.3103775 0.0238334 0.0378627 0.3896863 0.0343407 0.3948932 0.3824922 0.4018179 0.0000000 0.3050931 0.3159621 0.3155035 0.4079244 0.4142802 0.3894865 0.4078492 0.4002227 0.3051067 0.0067196 0.0378884 0.3879755 0.4194904 0.0169334 
n278_283   0.2996854 0.0100390 0.2846110 0.3099662 0.2904864 0.0661710 0.3206269 0.2897449 0.3373769 0.2797365 0.2842502 0.2739286 0.3433232 0.3050931 0.0000000 0.0735659 0.0698178 0.3489342 0.3547492 0.3264461 0.3488710 0.2889008 0.0625047 0.3102694 0.2848938 0.2786889 0.3596119 0.3100102 
n280_285   0.3156131 0.0661929 0.2951352 0.3368834 0.3485699 0.0134246 0.3211109 0.3003555 0.3713213 0.2901863 0.3102197 0.3041024 0.3831300 0.3159621 0.0735659 0.0000000 0.0168178 0.3890782 0.3952606 0.3711512 0.3890069 0.3100750 0.0100404 0.3212272 0.2954330 0.3090499 0.3940814 0.3209541 
n300_311   0.3151556 0.0624908 0.2947180 0.3363813 0.3426853 0.0033280 0.3206418 0.2999280 0.3652115 0.2897784 0.3046948 0.2986451 0.3769005 0.3155035 0.0698178 0.0168178 0.0000000 0.3771638 0.3832332 0.3650485 0.3827194 0.3045528 0.0066716 0.3207577 0.2950148 0.3035532 0.3877531 0.3204855 
n299_312   0.4016598 0.3544589 0.4077717 0.4200608 0.3230291 0.3715611 0.4383387 0.4139291 0.0202734 0.3904135 0.4303827 0.4121394 0.0033351 0.4079244 0.3489342 0.3890782 0.3771638 0.0000000 0.0033382 0.3074641 0.0100547 0.4366069 0.3713292 0.4139551 0.3965379 0.4178403 0.0202645 0.4257131 
n300_313   0.4079516 0.3603230 0.4141241 0.4265371 0.3286353 0.3775809 0.4449793 0.4203385 0.0237280 0.3966135 0.4369283 0.4185139 0.0066912 0.4142802 0.3547492 0.3952606 0.3832332 0.0033382 0.0000000 0.3129464 0.0134487 0.4432148 0.3773443 0.4203676 0.4027975 0.4242631 0.0237176 0.4322294 
n251_252   0.3948210 0.3262463 0.3785761 0.4069405 0.0554857 0.3595498 0.4129311 0.3844868 0.3123753 0.3727360 0.4431524 0.4123198 0.3021583 0.3894865 0.3264461 0.3711512 0.3650485 0.3074641 0.3129464 0.0000000 0.3125459 0.4422610 0.3538857 0.3953509 0.3786971 0.4180247 0.3179663 0.4007729 
n292_303   0.4015860 0.3543947 0.4076966 0.4199830 0.3282106 0.3770766 0.4382573 0.4138527 0.0202702 0.3903418 0.4303032 0.4120637 0.0066842 0.4078492 0.3488710 0.3890069 0.3827194 0.0100547 0.0134487 0.3125459 0.0000000 0.4365261 0.3712615 0.4138787 0.3964650 0.4177634 0.0202672 0.4256344 
n265_268   0.3651048 0.2838319 0.3709048 0.3599391 0.4171794 0.2995074 0.4116818 0.3767229 0.4176662 0.3654459 0.0168834 0.1607296 0.4302694 0.4002227 0.2889008 0.3100750 0.3045528 0.4366069 0.4432148 0.4422610 0.4365261 0.0000000 0.2943223 0.4061619 0.3713178 0.1606612 0.4366018 0.4057695 
n274_277   0.3047742 0.0552574 0.2846209 0.3256834 0.3318706 0.0033286 0.3101737 0.2897557 0.3540365 0.2797456 0.2944596 0.2885218 0.3655345 0.3051067 0.0625047 0.0100404 0.0066716 0.3713292 0.3773443 0.3538857 0.3712615 0.2943223 0.0000000 0.3102840 0.2849038 0.2933672 0.3762330 0.3100247 
n298_309   0.1282067 0.3050344 0.0449613 0.1958071 0.3786416 0.3155944 0.0307802 0.0414071 0.3955562 0.0378681 0.4007936 0.3882802 0.4077949 0.0067196 0.3102694 0.3212272 0.3207577 0.4139551 0.4203676 0.3953509 0.4138787 0.4061619 0.3102840 0.0000000 0.0414353 0.3938044 0.4256164 0.0238119 
n290_299   0.1123896 0.2798403 0.0169351 0.1872011 0.3621107 0.2900271 0.0485796 0.0203801 0.3785675 0.0033532 0.3661667 0.3658234 0.3905194 0.0378884 0.2848938 0.2954330 0.2950148 0.3965379 0.4027975 0.3786971 0.3964650 0.3713178 0.2849038 0.0414353 0.0000000 0.3711995 0.4079470 0.0414115 
n286_295   0.3708407 0.2736965 0.3707868 0.3429149 0.4056372 0.2985297 0.3935672 0.3766019 0.4057242 0.3653307 0.1482355 0.0067065 0.4116723 0.3879755 0.2786889 0.3090499 0.3035532 0.4178403 0.4242631 0.4180247 0.4177634 0.1606612 0.2933672 0.3938044 0.3711995 0.0000000 0.4295143 0.3934315 
n274_279   0.4131213 0.3652172 0.4193318 0.4318287 0.3337555 0.3820801 0.4503761 0.4255847 0.0341274 0.4017243 0.4303753 0.4237345 0.0168390 0.4194904 0.3596119 0.3940814 0.3877531 0.0202645 0.0237176 0.3179663 0.0202672 0.4366018 0.3762330 0.4256164 0.4079470 0.4295143 0.0000000 0.4375443 
n275_280   0.1202776 0.3047815 0.0449354 0.1956683 0.3839672 0.3153286 0.0135179 0.0413833 0.4070256 0.0378464 0.4004091 0.3879153 0.4194580 0.0169334 0.3100102 0.3209541 0.3204855 0.4257131 0.4322294 0.4007729 0.4256344 0.4057695 0.3100247 0.0238119 0.0414115 0.3934315 0.4375443 0.0000000 
