23
n236_237   0.0000000 0.2815681 0.0965987 0.3284386 0.0965786 0.3885551 0.0889823 0.2960036 0.1040998 0.3445591 0.1004543 0.3337970 0.2765719 0.1004701 0.1080350 0.3555044 0.3618118 0.1042087 0.2857058 0.1042123 0.4749771 0.3658275 0.1528930 
n266_267   0.2815681 0.0000000 0.2781260 0.2288054 0.2729301 0.3943403 0.2728860 0.1083477 0.2527146 0.2285384 0.2780075 0.2385753 0.0100748 0.2780465 0.2672173 0.2331823 0.2383289 0.2626081 0.1123161 0.2624922 0.3621017 0.3659952 0.2374747 
n296_297   0.0965987 0.2781260 0.0000000 0.3179772 0.0203467 0.3910097 0.0067123 0.2919300 0.0702597 0.3286769 0.0238031 0.3181369 0.2731317 0.0238069 0.0740013 0.3393969 0.3455468 0.0778812 0.2920963 0.0703334 0.4209436 0.3738603 0.1366258 
n277_278   0.3284386 0.2288054 0.3179772 0.0000000 0.3124783 0.4074453 0.3124264 0.2373378 0.2863967 0.0593695 0.3178408 0.0203929 0.2197883 0.3178832 0.2963850 0.0630183 0.0668066 0.2967733 0.2468013 0.2914907 0.4006667 0.3839654 0.2609065 
n290_291   0.0965786 0.2729301 0.0203467 0.3124783 0.0000000 0.3907770 0.0135000 0.2866460 0.0629259 0.3230886 0.0033489 0.3017619 0.2679752 0.0033495 0.0666259 0.3337209 0.3344227 0.0704525 0.2868086 0.0629914 0.4204121 0.3736383 0.1405390 
n255_256   0.3885551 0.3943403 0.3910097 0.4074453 0.3907770 0.0000000 0.3848170 0.3750261 0.3885344 0.4186894 0.3967829 0.4076534 0.3884885 0.3968296 0.3946273 0.4315200 0.4258110 0.3892831 0.3864521 0.3890912 0.3260871 0.0305430 0.3591598 
n295_296   0.0889823 0.2728860 0.0067123 0.3124264 0.0135000 0.3848170 0.0000000 0.2865994 0.0629165 0.3230345 0.0169211 0.3125830 0.2679320 0.0169238 0.0666159 0.3336645 0.3397528 0.0704419 0.2867620 0.0629819 0.4144727 0.3678218 0.1324475 
n286_287   0.2960036 0.1083477 0.2919300 0.2373378 0.2866460 0.3750261 0.2865994 0.0000000 0.2660989 0.2423134 0.2918057 0.2472064 0.1044571 0.2918459 0.2808169 0.2470413 0.2523040 0.2761504 0.0100459 0.2760275 0.3822687 0.3475187 0.2412475 
n298_299   0.1040998 0.2527146 0.0702597 0.2863967 0.0629259 0.3885344 0.0629165 0.2660989 0.0000000 0.2966112 0.0666133 0.2865397 0.2479083 0.0666239 0.0168725 0.2968559 0.3126761 0.0203347 0.2662473 0.0134723 0.4182482 0.3715181 0.1361465 
n299_300   0.3445591 0.2285384 0.3286769 0.0593695 0.3230886 0.4186894 0.3230345 0.2423134 0.2966112 0.0000000 0.3285355 0.0667967 0.2195334 0.3285788 0.3067409 0.0168784 0.0203377 0.3071471 0.2518528 0.3017804 0.4295962 0.3948772 0.2710791 
n287_288   0.1004543 0.2780075 0.0238031 0.3178408 0.0033489 0.3967829 0.0169211 0.2918057 0.0666133 0.3285355 0.0000000 0.3070376 0.2730155 0.0067170 0.0703357 0.3392507 0.3399673 0.0741907 0.2919719 0.0666829 0.4208036 0.3794996 0.1446896 
n278_279   0.3337970 0.2385753 0.3181369 0.0203929 0.3017619 0.4076534 0.3125830 0.2472064 0.2865397 0.0667967 0.3070376 0.0000000 0.2294301 0.3070791 0.2965331 0.0704891 0.0743357 0.2969218 0.2568161 0.2916364 0.4133412 0.3841604 0.2610361 
n265_266   0.2765719 0.0100748 0.2731317 0.2197883 0.2679752 0.3884885 0.2679320 0.1044571 0.2479083 0.2195334 0.2730155 0.2294301 0.0000000 0.2730540 0.2623127 0.2241232 0.2291949 0.2577309 0.1084019 0.2576176 0.3674966 0.3603705 0.2375092 
n289_290   0.1004701 0.2780465 0.0238069 0.3178832 0.0033495 0.3968296 0.0169238 0.2918459 0.0666239 0.3285788 0.0067170 0.3070791 0.2730540 0.0000000 0.0703469 0.3392946 0.3400114 0.0742025 0.2920121 0.0666935 0.4267212 0.3795457 0.1447120 
n293_294   0.1080350 0.2672173 0.0740013 0.2963850 0.0666259 0.3946273 0.0666159 0.2808169 0.0168725 0.3067409 0.0703357 0.2965331 0.2623127 0.0703469 0.0000000 0.3069958 0.3230411 0.0169070 0.2809752 0.0033408 0.4307850 0.3774604 0.1402924 
n280_281   0.3555044 0.2331823 0.3393969 0.0630183 0.3337209 0.4315200 0.3336645 0.2470413 0.2968559 0.0168784 0.3392507 0.0704891 0.2241232 0.3392946 0.3069958 0.0000000 0.0237837 0.3074027 0.2566441 0.3020303 0.4304685 0.4072659 0.2911058 
n274_275   0.3618118 0.2383289 0.3455468 0.0668066 0.3344227 0.4258110 0.3397528 0.2523040 0.3126761 0.0203377 0.3399673 0.0743357 0.2291949 0.3400114 0.3230411 0.0237837 0.0000000 0.3234765 0.2619933 0.3179701 0.4365849 0.4134289 0.2967715 
n275_276   0.1042087 0.2626081 0.0778812 0.2967733 0.0704525 0.3892831 0.0704419 0.2761504 0.0203347 0.3071471 0.0741907 0.2969218 0.2577309 0.0742025 0.0169070 0.3074027 0.3234765 0.0000000 0.2763056 0.0134997 0.4190349 0.3722225 0.1446891 
n285_286   0.2857058 0.1123161 0.2920963 0.2468013 0.2868086 0.3864521 0.2867620 0.0100459 0.2662473 0.2518528 0.2919719 0.2568161 0.1084019 0.2920121 0.2809752 0.2566441 0.2619933 0.2763056 0.0000000 0.2761826 0.3824998 0.3585208 0.2413792 
n294_295   0.1042123 0.2624922 0.0703334 0.2914907 0.0629914 0.3890912 0.0629819 0.2760275 0.0134723 0.3017804 0.0666829 0.2916364 0.2576176 0.0666935 0.0033408 0.3020303 0.3179701 0.0134997 0.2761826 0.0000000 0.4249883 0.3720420 0.1362987 
n244_245   0.4749771 0.3621017 0.4209436 0.4006667 0.4204121 0.3260871 0.4144727 0.3822687 0.4182482 0.4295962 0.4208036 0.4133412 0.3674966 0.4267212 0.4307850 0.4304685 0.4365849 0.4190349 0.3824998 0.4249883 0.0000000 0.3000891 0.3983061 
n251_252   0.3658275 0.3659952 0.3738603 0.3839654 0.3736383 0.0305430 0.3678218 0.3475187 0.3715181 0.3948772 0.3794996 0.3841604 0.3603705 0.3795457 0.3774604 0.4072659 0.4134289 0.3722225 0.3585208 0.3720420 0.3000891 0.0000000 0.3373628 
n200_201   0.1528930 0.2374747 0.1366258 0.2609065 0.1405390 0.3591598 0.1324475 0.2412475 0.1361465 0.2710791 0.1446896 0.2610361 0.2375092 0.1447120 0.1402924 0.2911058 0.2967715 0.1446891 0.2413792 0.1362987 0.3983061 0.3373628 0.0000000 
