24
n251_254   0.0000000 0.3618349 0.4276411 0.3561949 0.3527839 0.3614529 0.3903952 0.3614529 0.3674421 0.3505916 0.3625228 0.3959325 0.3503537 0.3722782 0.3180171 0.3358014 0.3960984 0.4070006 0.3668601 0.0305901 0.3677518 0.3959325 0.4211030 0.3392639 
n298_301   0.3618349 0.0000000 0.3580307 0.0168809 0.2973637 0.0483956 0.3353215 0.0412477 0.1005808 0.1445710 0.0413508 0.3458168 0.0376452 0.3093107 0.3036160 0.2816176 0.3510794 0.3562222 0.0447857 0.3718704 0.0033469 0.3508817 0.3584316 0.2930356 
n277_280   0.4276411 0.3580307 0.0000000 0.3523958 0.3350527 0.3584743 0.0667314 0.3472472 0.3427659 0.3351377 0.3587139 0.0740927 0.3628800 0.3539619 0.2269670 0.3183279 0.0777953 0.0814823 0.3525853 0.4503666 0.3639408 0.0814673 0.0170042 0.3314953 
n294_297   0.3561949 0.0168809 0.3523958 0.0000000 0.2968658 0.0447659 0.3298782 0.0376658 0.0889094 0.1404265 0.0377586 0.3402945 0.0271225 0.3087861 0.2984211 0.2811524 0.3455180 0.3506239 0.0411821 0.3661613 0.0134603 0.3453237 0.3527886 0.2925457 
n286_289   0.3527839 0.2973637 0.3350527 0.2968658 0.0000000 0.3121635 0.2928264 0.3017374 0.2867215 0.2828292 0.3025963 0.2978335 0.3065789 0.1244277 0.2478256 0.0134474 0.3027689 0.3076029 0.3067200 0.3576635 0.3027210 0.3075170 0.3293947 0.1083696 
n289_292   0.3614529 0.0483956 0.3584743 0.0447659 0.3121635 0.0000000 0.3409593 0.0066863 0.1080102 0.1440083 0.0202932 0.3515382 0.0553998 0.3354318 0.3196819 0.2960870 0.3568422 0.3620243 0.0100511 0.3714734 0.0447873 0.3566410 0.3588761 0.3233731 
n274_277   0.3903952 0.3353215 0.0667314 0.3298782 0.2928264 0.3409593 0.0000000 0.3300331 0.3028552 0.3189668 0.3359575 0.0067011 0.3400511 0.2997703 0.1947600 0.2771624 0.0100724 0.0134533 0.3352380 0.4120281 0.3410201 0.0134505 0.0630139 0.2988116 
n287_290   0.3614529 0.0412477 0.3472472 0.0376658 0.3017374 0.0066863 0.3300331 0.0000000 0.1002055 0.1440083 0.0134546 0.3404542 0.0481999 0.3245992 0.3090852 0.2859190 0.3456802 0.3507884 0.0033322 0.3714734 0.0376837 0.3454857 0.3476331 0.3127606 
n236_239   0.3674421 0.1005808 0.3427659 0.0889094 0.2867215 0.1080102 0.3028552 0.1002055 0.0000000 0.1325707 0.1004620 0.3128756 0.1039914 0.3096126 0.3043631 0.2712547 0.3179029 0.3228232 0.1040333 0.3775448 0.0966453 0.3177253 0.3318707 0.2981838 
n200_203   0.3505916 0.1445710 0.3351377 0.1404265 0.2828292 0.1440083 0.3189668 0.1440083 0.1325707 0.0000000 0.1443861 0.3241625 0.1565728 0.2999563 0.3083345 0.2627447 0.3242919 0.3342752 0.1480738 0.3554949 0.1488314 0.3290900 0.3303960 0.2838728 
n296_299   0.3625228 0.0413508 0.3587139 0.0377586 0.3025963 0.0202932 0.3359575 0.0134546 0.1004620 0.1443861 0.0000000 0.3464734 0.0483193 0.3304682 0.3048766 0.2867236 0.3517463 0.3568991 0.0168546 0.3725775 0.0377765 0.3515480 0.3591162 0.3136585 
n292_295   0.3959325 0.3458168 0.0740927 0.3402945 0.2978335 0.3515382 0.0067011 0.3404542 0.3128756 0.3241625 0.3464734 0.0000000 0.3505937 0.3048506 0.2034583 0.2820515 0.0100547 0.0066899 0.3457282 0.4177080 0.3516030 0.0066889 0.0703332 0.3038721 
n275_278   0.3503537 0.0376452 0.3628800 0.0271225 0.3065789 0.0553998 0.3400511 0.0481999 0.1039914 0.1565728 0.0483193 0.3505937 0.0000000 0.3184588 0.3090109 0.2906556 0.3558794 0.3506996 0.0517595 0.3602425 0.0341087 0.3453989 0.3632871 0.3020074 
n266_269   0.3722782 0.3093107 0.3539619 0.3087861 0.1244277 0.3354318 0.2997703 0.3245992 0.3096126 0.2999563 0.3304682 0.3048506 0.3184588 0.0000000 0.2880260 0.1164039 0.3098559 0.3147568 0.3297627 0.3773001 0.3147895 0.3146673 0.3419520 0.0203517 
n244_247   0.3180171 0.3036160 0.2269670 0.2984211 0.2478256 0.3196819 0.1947600 0.3090852 0.3043631 0.3083345 0.3048766 0.2034583 0.3090109 0.2880260 0.0000000 0.2427898 0.2078289 0.2121347 0.3141450 0.3327353 0.3090402 0.2120848 0.2177331 0.2677324 
n285_288   0.3358014 0.2816176 0.3183279 0.2811524 0.0134474 0.2960870 0.2771624 0.2859190 0.2712547 0.2627447 0.2867236 0.2820515 0.2906556 0.1164039 0.2427898 0.0000000 0.2868754 0.2916043 0.2907871 0.3405742 0.2868356 0.2915253 0.3128283 0.1005476 
n280_283   0.3960984 0.3510794 0.0777953 0.3455180 0.3027689 0.3568422 0.0100724 0.3456802 0.3179029 0.3242919 0.3517463 0.0100547 0.3558794 0.3098559 0.2078289 0.2868754 0.0000000 0.0168211 0.3509883 0.4237684 0.3569090 0.0168184 0.0740148 0.3088583 
n299_302   0.4070006 0.3562222 0.0814823 0.3506239 0.3076029 0.3620243 0.0134533 0.3507884 0.3228232 0.3342752 0.3568991 0.0066899 0.3506996 0.3147568 0.2121347 0.2916043 0.0168211 0.0000000 0.3561287 0.4290501 0.3620930 0.0066899 0.0776821 0.3137405 
n290_293   0.3668601 0.0447857 0.3525853 0.0411821 0.3067200 0.0100511 0.3352380 0.0033322 0.1040333 0.1480738 0.0168546 0.3457282 0.0517595 0.3297627 0.3141450 0.2907871 0.3509883 0.3561287 0.0000000 0.3769412 0.0412017 0.3507907 0.3529785 0.3178259 
n255_258   0.0305901 0.3718704 0.4503666 0.3661613 0.3576635 0.3714734 0.4120281 0.3714734 0.3775448 0.3554949 0.3725775 0.4177080 0.3602425 0.3773001 0.3327353 0.3405742 0.4237684 0.4290501 0.3769412 0.0000000 0.3778647 0.4177080 0.4436183 0.3440953 
n297_300   0.3677518 0.0033469 0.3639408 0.0134603 0.3027210 0.0447873 0.3410201 0.0376837 0.0966453 0.1488314 0.0377765 0.3516030 0.0341087 0.3147895 0.3090402 0.2868356 0.3569090 0.3620930 0.0412017 0.3778647 0.0000000 0.3567077 0.3643504 0.2983668 
n300_303   0.3959325 0.3508817 0.0814673 0.3453237 0.3075170 0.3566410 0.0134505 0.3454857 0.3177253 0.3290900 0.3515480 0.0066889 0.3453989 0.3146673 0.2120848 0.2915253 0.0168184 0.0066899 0.3507907 0.4177080 0.3567077 0.0000000 0.0776679 0.3136517 
n278_281   0.4211030 0.3584316 0.0170042 0.3527886 0.3293947 0.3588761 0.0630139 0.3476331 0.3318707 0.3303960 0.3591162 0.0703332 0.3632871 0.3419520 0.2177331 0.3128283 0.0740148 0.0776821 0.3529785 0.4436183 0.3643504 0.0776679 0.0000000 0.3258466 
n265_268   0.3392639 0.2930356 0.3314953 0.2925457 0.1083696 0.3233731 0.2988116 0.3127606 0.2981838 0.2838728 0.3136585 0.3038721 0.3020074 0.0203517 0.2677324 0.1005476 0.3088583 0.3137405 0.3178259 0.3440953 0.2983668 0.3136517 0.3258466 0.0000000 
