24
n236_237   0.0000000 0.3313174 0.0937713 0.3951570 0.1014391 0.4957984 0.0898528 0.3670895 0.1094109 0.3996764 0.1014003 0.4070767 0.3877449 0.3147304 0.1014429 0.1015844 0.4003235 0.3880990 0.1094876 0.3732832 0.1215292 0.4921021 0.4861039 0.1723137 
n266_267   0.3313174 0.0000000 0.3266490 0.3354229 0.3262583 0.4032897 0.3208962 0.1501342 0.3488723 0.3454598 0.3209146 0.3300032 0.3344204 0.0134866 0.3262828 0.3377627 0.3459753 0.3289785 0.3545248 0.1544588 0.3604427 0.4306566 0.4211142 0.3157917 
n296_297   0.0937713 0.3266490 0.0000000 0.3580025 0.0203106 0.4874063 0.0033439 0.3325552 0.0342299 0.3569559 0.0203037 0.3700048 0.3457341 0.3157158 0.0203111 0.0272548 0.3574977 0.3460385 0.0413148 0.3384232 0.0485052 0.4771679 0.4708301 0.1592874 
n277_278   0.3951570 0.3354229 0.3580025 0.0000000 0.3629816 0.4626148 0.3520012 0.3195972 0.3635509 0.0592485 0.3634052 0.0272463 0.0520061 0.3359036 0.3690970 0.3636164 0.0593063 0.0556928 0.3753847 0.3253175 0.3814503 0.4741275 0.4818614 0.3528519 
n290_291   0.1014391 0.3262583 0.0203106 0.3629816 0.0000000 0.4932577 0.0168720 0.3380294 0.0341978 0.3619220 0.0066947 0.3634558 0.3506398 0.3153409 0.0066965 0.0342091 0.3624745 0.3509494 0.0484028 0.3439472 0.0484588 0.4975671 0.4836391 0.1632520 
n255_256   0.4957984 0.4032897 0.4874063 0.4626148 0.4932577 0.0000000 0.4800645 0.4285238 0.5154018 0.4754622 0.4865175 0.4633492 0.4622814 0.4097663 0.4933101 0.5088989 0.4763179 0.4697257 0.5301055 0.4481643 0.5070754 0.3018553 0.0488405 0.4755827 
n295_296   0.0898528 0.3208962 0.0033439 0.3520012 0.0168720 0.4800645 0.0000000 0.3325697 0.0307081 0.3509731 0.0168663 0.3638858 0.3398522 0.3100596 0.0168724 0.0237721 0.3515009 0.3401498 0.0377485 0.3384381 0.0448934 0.4771582 0.4637043 0.1549153 
n286_287   0.3670895 0.1501342 0.3325552 0.3195972 0.3380294 0.4285238 0.3325697 0.0000000 0.3610510 0.3294585 0.3325899 0.3142856 0.3186433 0.1503167 0.3380555 0.3497335 0.3241453 0.3245729 0.3668091 0.0203228 0.3790268 0.4309580 0.4401944 0.3268202 
n298_299   0.1094109 0.3488723 0.0342299 0.3635509 0.0341978 0.5154018 0.0307081 0.3610510 0.0000000 0.3678998 0.0341860 0.3640266 0.3565208 0.3375970 0.0341987 0.0066965 0.3684665 0.3568371 0.0202982 0.3671869 0.0134802 0.4983120 0.4979646 0.1765658 
n299_300   0.3996764 0.3454598 0.3569559 0.0592485 0.3619220 0.4754622 0.3509731 0.3294585 0.3678998 0.0000000 0.3677764 0.0665505 0.0066850 0.3459584 0.3680186 0.3565866 0.0134486 0.0168594 0.3682113 0.3352556 0.3858731 0.4726555 0.4813999 0.3518198 
n287_288   0.1014003 0.3209146 0.0203037 0.3634052 0.0066947 0.4865175 0.0168663 0.3325899 0.0341860 0.3677764 0.0000000 0.3638805 0.3564030 0.3100765 0.0066949 0.0341974 0.3683427 0.3567190 0.0483848 0.3384591 0.0484417 0.4972137 0.4770176 0.1676149 
n278_279   0.4070767 0.3300032 0.3700048 0.0272463 0.3634558 0.4633492 0.3638858 0.3142856 0.3640266 0.0665505 0.3638805 0.0000000 0.0592331 0.3304740 0.3695823 0.3640921 0.0666161 0.0629673 0.3813699 0.3199597 0.3819581 0.4809967 0.4825638 0.3533096 
n292_293   0.3877449 0.3344204 0.3457341 0.0520061 0.3506398 0.4622814 0.3398522 0.3186433 0.3565208 0.0066850 0.3564030 0.0592331 0.0000000 0.3348985 0.3566333 0.3453821 0.0066910 0.0100654 0.3568199 0.3243447 0.3742027 0.4726555 0.4743362 0.3406694 
n265_266   0.3147304 0.0134866 0.3157158 0.3359036 0.3153409 0.4097663 0.3100596 0.1503167 0.3375970 0.3459584 0.3100765 0.3304740 0.3348985 0.0000000 0.3153639 0.3266601 0.3464756 0.3294466 0.3431617 0.1546473 0.3489824 0.4373671 0.4277531 0.3050285 
n289_290   0.1014429 0.3262828 0.0203111 0.3690970 0.0066965 0.4933101 0.0168724 0.3380555 0.0341987 0.3680186 0.0066949 0.3695823 0.3566333 0.3153639 0.0000000 0.0342101 0.3685858 0.3569499 0.0484042 0.3439742 0.0484602 0.4976203 0.4836893 0.1676937 
n293_294   0.1015844 0.3377627 0.0272548 0.3636164 0.0342091 0.5088989 0.0237721 0.3497335 0.0066965 0.3565866 0.0341974 0.3640921 0.3453821 0.3266601 0.0342101 0.0000000 0.3571270 0.3456858 0.0134696 0.3557633 0.0203280 0.5122543 0.4916392 0.1679311 
n280_281   0.4003235 0.3459753 0.3574977 0.0593063 0.3624745 0.4763179 0.3515009 0.3241453 0.3684665 0.0134486 0.3683427 0.0666161 0.0066910 0.3464756 0.3685858 0.3571270 0.0000000 0.0168748 0.3687791 0.3298980 0.3864834 0.4868674 0.4885887 0.3523502 
n274_275   0.3880990 0.3289785 0.3460385 0.0556928 0.3509494 0.4697257 0.3401498 0.3245729 0.3568371 0.0168594 0.3567190 0.0629673 0.0100654 0.3294466 0.3569499 0.3456858 0.0168748 0.0000000 0.3571367 0.3303344 0.3745397 0.4731154 0.4819000 0.3468127 
n275_276   0.1094876 0.3545248 0.0413148 0.3753847 0.0484028 0.5301055 0.0377485 0.3668091 0.0202982 0.3682113 0.0483848 0.3813699 0.3568199 0.3431617 0.0484042 0.0134696 0.3687791 0.3571367 0.0000000 0.3729989 0.0307096 0.5335697 0.5122351 0.1809508 
n285_286   0.3732832 0.1544588 0.3384232 0.3253175 0.3439472 0.4481643 0.3384381 0.0203228 0.3671869 0.3352556 0.3384591 0.3199597 0.3243447 0.1546473 0.3439742 0.3557633 0.3298980 0.3303344 0.3729989 0.0000000 0.3853396 0.4445365 0.4601110 0.3326301 
n297_298   0.1215292 0.3604427 0.0485052 0.3814503 0.0484588 0.5070754 0.0448934 0.3790268 0.0134802 0.3858731 0.0484417 0.3819581 0.3742027 0.3489824 0.0484602 0.0203280 0.3864834 0.3745397 0.0307096 0.3853396 0.0000000 0.5201163 0.4836550 0.1946541 
n244_245   0.4921021 0.4306566 0.4771679 0.4741275 0.4975671 0.3018553 0.4771582 0.4309580 0.4983120 0.4726555 0.4972137 0.4809967 0.4726555 0.4373671 0.4976203 0.5122543 0.4868674 0.4731154 0.5335697 0.4445365 0.5201163 0.0000000 0.2853872 0.4781375 
n251_252   0.4861039 0.4211142 0.4708301 0.4818614 0.4836391 0.0488405 0.4637043 0.4401944 0.4979646 0.4813999 0.4770176 0.4825638 0.4743362 0.4277531 0.4836893 0.4916392 0.4885887 0.4819000 0.5122351 0.4601110 0.4836550 0.2853872 0.0000000 0.4733502 
n200_201   0.1723137 0.3157917 0.1592874 0.3528519 0.1632520 0.4755827 0.1549153 0.3268202 0.1765658 0.3518198 0.1676149 0.3533096 0.3406694 0.3050285 0.1676937 0.1679311 0.3523502 0.3468127 0.1809508 0.3326301 0.1946541 0.4781375 0.4733502 0.0000000 
