23
n236_237   0.0000000 0.2799590 0.0969526 0.2423856 0.0967992 0.3889622 0.3063000 0.0890266 0.2519697 0.0890540 0.2327142 0.2613640 0.2802508 0.0966358 0.0815338 0.2613640 0.2567401 0.0967020 0.3064097 0.0890777 0.4457197 0.4074670 0.1283542 
n266_267   0.2799590 0.0000000 0.2958681 0.2555226 0.3002103 0.4037957 0.1395969 0.2795260 0.2651099 0.2896847 0.2506745 0.2697970 0.0167766 0.2894704 0.2850313 0.2648358 0.2602108 0.3002061 0.1437641 0.2950664 0.5004849 0.4283579 0.2456232 
n296_297   0.0969526 0.2958681 0.0000000 0.2619782 0.0272453 0.3547942 0.3281134 0.0448495 0.2718482 0.0203122 0.2520090 0.2867930 0.2962874 0.0272014 0.0377869 0.2815048 0.2767559 0.0484399 0.3282312 0.0448748 0.4333610 0.3781136 0.1533056 
n277_278   0.2423856 0.2555226 0.2619782 0.0000000 0.2618309 0.3439392 0.2711069 0.2612312 0.0449348 0.2564724 0.0135289 0.0557202 0.2510039 0.2660238 0.2517826 0.0448935 0.0343007 0.2711199 0.2712038 0.2613930 0.4383306 0.3722564 0.2328147 
n290_291   0.0967992 0.3002103 0.0272453 0.2618309 0.0000000 0.3541273 0.3275038 0.0447808 0.2716941 0.0066952 0.2518685 0.2866286 0.3006358 0.0134480 0.0377292 0.2813442 0.2765985 0.0519534 0.3276211 0.0448058 0.4324934 0.3773916 0.1528414 
n255_256   0.3889622 0.4037957 0.3547942 0.3439392 0.3541273 0.0000000 0.4301925 0.3819199 0.3603825 0.3427203 0.3494532 0.3658925 0.4165028 0.3476804 0.3768976 0.3599442 0.3547107 0.3998630 0.4366437 0.3883136 0.3488231 0.0377302 0.3587041 
n286_287   0.3063000 0.1395969 0.3281134 0.2711069 0.3275038 0.4301925 0.0000000 0.3006434 0.2809319 0.3165185 0.2661355 0.2807083 0.1356810 0.3162804 0.3063573 0.2756548 0.2709529 0.3272035 0.0100893 0.3167180 0.5165584 0.4560080 0.2906064 
n298_299   0.0890266 0.2795260 0.0448495 0.2612312 0.0447808 0.3819199 0.3006434 0.0000000 0.2612372 0.0376618 0.2512949 0.2759264 0.2799174 0.0447080 0.0134622 0.2707374 0.2660634 0.0271809 0.2957326 0.0202886 0.4385599 0.4001972 0.1444409 
n299_300   0.2519697 0.2651099 0.2718482 0.0449348 0.2716941 0.3603825 0.2809319 0.2612372 0.0000000 0.2662450 0.0521589 0.0100861 0.2605398 0.2759258 0.2663887 0.0134847 0.0169179 0.2861275 0.2811335 0.2761988 0.4261013 0.3893708 0.2374324 
n287_288   0.0890540 0.2896847 0.0203122 0.2564724 0.0066952 0.3427203 0.3165185 0.0376618 0.2662450 0.0000000 0.2466039 0.2810427 0.2900927 0.0066845 0.0306835 0.2758113 0.2711057 0.0447514 0.3166318 0.0376827 0.4196652 0.3655773 0.1443988 
n278_279   0.2327142 0.2506745 0.2520090 0.0135289 0.2518685 0.3494532 0.2661355 0.2512949 0.0521589 0.2466039 0.0000000 0.0630655 0.2461827 0.2560201 0.2419781 0.0521108 0.0414052 0.2610358 0.2662306 0.2514498 0.4320334 0.3779965 0.2232855 
n292_293   0.2613640 0.2697970 0.2867930 0.0557202 0.2866286 0.3658925 0.2807083 0.2759264 0.0100861 0.2810427 0.0630655 0.0000000 0.2652038 0.2909183 0.2811964 0.0168936 0.0203471 0.3013432 0.2809096 0.2912092 0.4321976 0.3951057 0.2419722 
n265_266   0.2802508 0.0167766 0.2962874 0.2510039 0.3006358 0.4165028 0.1356810 0.2799174 0.2605398 0.2900927 0.2461827 0.2652038 0.0000000 0.2898778 0.2854321 0.2602710 0.2556683 0.3006316 0.1398267 0.2954835 0.5005692 0.4415463 0.2361769 
n289_290   0.0966358 0.2894704 0.0272014 0.2660238 0.0134480 0.3476804 0.3162804 0.0447080 0.2759258 0.0066845 0.2560201 0.2909183 0.2898778 0.0000000 0.0376681 0.2856099 0.2808483 0.0518687 0.3163936 0.0447330 0.4251258 0.3706811 0.1525750 
n293_294   0.0815338 0.2850313 0.0377869 0.2517826 0.0377292 0.3768976 0.3063573 0.0134622 0.2663887 0.0306835 0.2419781 0.2811964 0.2854321 0.0376681 0.0000000 0.2759613 0.2712526 0.0203004 0.3064671 0.0067022 0.4392552 0.3950643 0.1405669 
n280_281   0.2613640 0.2648358 0.2815048 0.0448935 0.2813442 0.3599442 0.2756548 0.2707374 0.0134847 0.2758113 0.0521108 0.0168936 0.2602710 0.2856099 0.2759613 0.0000000 0.0100917 0.2959473 0.2758522 0.2858943 0.4256165 0.3888879 0.2466394 
n274_275   0.2567401 0.2602108 0.2767559 0.0343007 0.2765985 0.3547107 0.2709529 0.2660634 0.0169179 0.2711057 0.0414052 0.0203471 0.2556683 0.2808483 0.2712526 0.0100917 0.0000000 0.2860586 0.2711468 0.2811271 0.4321318 0.3834544 0.2421047 
n275_276   0.0967020 0.3002061 0.0484399 0.2711199 0.0519534 0.3998630 0.3272035 0.0271809 0.2861275 0.0447514 0.2610358 0.3013432 0.3006316 0.0518687 0.0203004 0.2959473 0.2860586 0.0000000 0.3273207 0.0271960 0.4575879 0.4186388 0.1529556 
n285_286   0.3064097 0.1437641 0.3282312 0.2712038 0.3276211 0.4366437 0.0100893 0.2957326 0.2811335 0.3166318 0.2662306 0.2809096 0.1398267 0.3163936 0.3064671 0.2758522 0.2711468 0.3273207 0.0000000 0.3168314 0.5172150 0.4627044 0.2958734 
n294_295   0.0890777 0.2950664 0.0448748 0.2613930 0.0448058 0.3883136 0.3167180 0.0202886 0.2761988 0.0376827 0.2514498 0.2912092 0.2954835 0.0447330 0.0067022 0.2858943 0.2811271 0.0271960 0.3168314 0.0000000 0.4517489 0.4067841 0.1487763 
n244_245   0.4457197 0.5004849 0.4333610 0.4383306 0.4324934 0.3488231 0.5165584 0.4385599 0.4261013 0.4196652 0.4320334 0.4321976 0.5005692 0.4251258 0.4392552 0.4256165 0.4321318 0.4575879 0.5172150 0.4517489 0.0000000 0.3659962 0.4314901 
n251_252   0.4074670 0.4283579 0.3781136 0.3722564 0.3773916 0.0377302 0.4560080 0.4001972 0.3893708 0.3655773 0.3779965 0.3951057 0.4415463 0.3706811 0.3950643 0.3888879 0.3834544 0.4186388 0.4627044 0.4067841 0.3659962 0.0000000 0.3763373 
n200_201   0.1283542 0.2456232 0.1533056 0.2328147 0.1528414 0.3587041 0.2906064 0.1444409 0.2374324 0.1443988 0.2232855 0.2419722 0.2361769 0.1525750 0.1405669 0.2466394 0.2421047 0.1529556 0.2958734 0.1487763 0.4314901 0.3763373 0.0000000 
