26
n236_237   0.0000000 0.2840938 0.1105283 0.2572997 0.0943718 0.3984223 0.1023936 0.3058598 0.1021771 0.2576300 0.0983623 0.2472219 0.2576889 0.3002065 0.0984310 0.1103016 0.2576326 0.2573461 0.1103669 0.3004144 0.1022616 0.1061444 0.3863402 0.3981740 0.1742340 0.2524025 
n266_267   0.2840938 0.0000000 0.2625141 0.2269286 0.2520189 0.4218501 0.2625563 0.1221902 0.2570659 0.2220513 0.2572995 0.2220703 0.2220950 0.0344154 0.2575276 0.2675539 0.2120334 0.2168746 0.2571838 0.1181268 0.2570964 0.2519685 0.3592438 0.4018264 0.2830834 0.2171256 
n296_297   0.1105283 0.2625141 0.0000000 0.2845977 0.0203851 0.3914738 0.0067051 0.3002862 0.0308431 0.2742347 0.0169268 0.2740529 0.2743017 0.2727741 0.0238440 0.0343688 0.2742409 0.2791254 0.0343881 0.2948822 0.0273289 0.0343644 0.3670551 0.3979834 0.1653749 0.2688471 
n277_278   0.2572997 0.2269286 0.2845977 0.0000000 0.2575225 0.4153973 0.2735644 0.2729051 0.2624089 0.0635961 0.2628586 0.0169391 0.0636010 0.2468037 0.2630937 0.2625003 0.0561763 0.0561272 0.2627399 0.2677300 0.2626491 0.2675444 0.3471165 0.4220843 0.2617845 0.0598576 
n290_291   0.0943718 0.2520189 0.0203851 0.2575225 0.0000000 0.3782986 0.0135008 0.2891151 0.0238316 0.2475953 0.0033427 0.2474304 0.2476497 0.2621092 0.0100889 0.0273136 0.2475960 0.2523038 0.0273298 0.2838063 0.0203631 0.0273101 0.3670960 0.3846676 0.1476207 0.2424464 
n255_256   0.3984223 0.4218501 0.3914738 0.4153973 0.3782986 0.0000000 0.3915001 0.4423724 0.3845267 0.4021375 0.3848526 0.4088574 0.4022872 0.4358450 0.3916398 0.3846442 0.4089589 0.3883869 0.3847732 0.4357150 0.3784271 0.3907285 0.2964584 0.0309081 0.4296480 0.3955782 
n295_296   0.1023936 0.2625563 0.0067051 0.2735644 0.0135008 0.3915001 0.0000000 0.3003269 0.0238281 0.2633838 0.0100896 0.2632089 0.2634455 0.2728161 0.0169190 0.0273096 0.2633876 0.2681982 0.0273258 0.2949233 0.0203601 0.0273062 0.3800898 0.3980081 0.1564307 0.2580959 
n286_287   0.3058598 0.1221902 0.3002862 0.2729051 0.2891151 0.4423724 0.3003269 0.0000000 0.2886373 0.2673866 0.2947405 0.2676784 0.2674499 0.1389574 0.2950160 0.3056091 0.2673913 0.2670913 0.2946054 0.0033395 0.2944938 0.2832888 0.3784358 0.4354006 0.3052681 0.2620884 
n298_299   0.1021771 0.2570659 0.0308431 0.2624089 0.0238316 0.3845267 0.0238281 0.2886373 0.0000000 0.2524172 0.0203538 0.2522494 0.2524737 0.2672320 0.0273067 0.0238024 0.2524188 0.2571520 0.0238155 0.2833388 0.0169008 0.0033387 0.3668517 0.3909567 0.1474490 0.2472324 
n299_300   0.2576300 0.2220513 0.2742347 0.0635961 0.2475953 0.4021375 0.2633838 0.2673866 0.2524172 0.0000000 0.2528457 0.0673285 0.0067141 0.2317545 0.2581037 0.2630474 0.0203960 0.0273499 0.2473092 0.2622608 0.2526470 0.2574778 0.3592315 0.4021727 0.2465917 0.0033462 
n287_288   0.0983623 0.2572995 0.0169268 0.2628586 0.0033427 0.3848526 0.0100896 0.2947405 0.0203538 0.2528457 0.0000000 0.2526773 0.2529024 0.2674765 0.0067021 0.0238134 0.2528473 0.2575901 0.0238265 0.2893831 0.0169086 0.0238104 0.3735460 0.3912911 0.1520015 0.2476497 
n278_279   0.2472219 0.2220703 0.2740529 0.0169391 0.2474304 0.4088574 0.2632089 0.2676784 0.2522494 0.0673285 0.2526773 0.0000000 0.0673339 0.2417916 0.2529001 0.2628729 0.0598634 0.0598108 0.2525638 0.2625445 0.2524790 0.2573070 0.3412236 0.4154768 0.2618335 0.0635660 
n292_293   0.2576889 0.2220950 0.2743017 0.0636010 0.2476497 0.4022872 0.2634455 0.2674499 0.2524737 0.0067141 0.2529024 0.0673339 0.0000000 0.2367823 0.2581630 0.2631089 0.0203970 0.0273514 0.2473635 0.2623217 0.2527037 0.2575367 0.3593492 0.4023225 0.2466455 0.0033464 
n265_266   0.3002065 0.0344154 0.2727741 0.2468037 0.2621092 0.4358450 0.2728161 0.1389574 0.2672320 0.2317545 0.2674765 0.2417916 0.2367823 0.0000000 0.2729992 0.2778846 0.2314099 0.2364040 0.2673557 0.1347821 0.2672621 0.2620581 0.3714456 0.4153809 0.2992488 0.2316902 
n289_290   0.0984310 0.2575276 0.0238440 0.2630937 0.0100889 0.3916398 0.0169190 0.2950160 0.0273067 0.2581037 0.0067021 0.2529001 0.2581630 0.2729992 0.0000000 0.0308091 0.2530704 0.2578187 0.0308263 0.2896517 0.0238181 0.0308051 0.3739383 0.3981523 0.1607749 0.2528610 
n293_294   0.1103016 0.2675539 0.0343688 0.2625003 0.0273136 0.3846442 0.0273096 0.3056091 0.0238024 0.2630474 0.0238134 0.2628729 0.2631089 0.2778846 0.0308091 0.0000000 0.2630511 0.2678551 0.0203578 0.3001657 0.0066997 0.0272767 0.3793953 0.3972742 0.1562448 0.2577673 
n280_281   0.2576326 0.2120334 0.2742409 0.0561763 0.2475960 0.4089589 0.2633876 0.2673913 0.2524188 0.0203960 0.2528473 0.0598634 0.0203970 0.2314099 0.2530704 0.2630511 0.0000000 0.0203888 0.2473098 0.2622643 0.2526487 0.2574804 0.3468046 0.4089953 0.2465026 0.0169417 
n274_275   0.2573461 0.2168746 0.2791254 0.0561272 0.2523038 0.3883869 0.2681982 0.2670913 0.2571520 0.0273499 0.2575901 0.0598108 0.0273514 0.2364040 0.2578187 0.2678551 0.0203888 0.0000000 0.2520118 0.2619718 0.2573865 0.2622436 0.3347926 0.3884199 0.2511863 0.0238519 
n275_276   0.1103669 0.2571838 0.0343881 0.2627399 0.0273298 0.3847732 0.0273258 0.2946054 0.0238155 0.2473092 0.0238265 0.2525638 0.2473635 0.2673557 0.0308263 0.0203578 0.2473098 0.2520118 0.0000000 0.2892508 0.0134916 0.0272917 0.3668507 0.3971475 0.1519106 0.2421672 
n285_286   0.3004144 0.1181268 0.2948822 0.2677300 0.2838063 0.4357150 0.2949233 0.0033395 0.2833388 0.2622608 0.2893831 0.2625445 0.2623217 0.1347821 0.2896517 0.3001657 0.2622643 0.2619718 0.2892508 0.0000000 0.2891429 0.2780322 0.3723490 0.4288100 0.2998334 0.2570046 
n294_295   0.1022616 0.2570964 0.0273289 0.2626491 0.0203631 0.3784271 0.0203601 0.2944938 0.0169008 0.2526470 0.0169086 0.2524790 0.2527037 0.2672621 0.0238181 0.0066997 0.2526487 0.2573865 0.0134916 0.2891429 0.0000000 0.0203356 0.3668346 0.3909370 0.1475742 0.2474568 
n297_298   0.1061444 0.2519685 0.0343644 0.2675444 0.0273101 0.3907285 0.0273062 0.2832888 0.0033387 0.2574778 0.0238104 0.2573070 0.2575367 0.2620581 0.0308051 0.0272767 0.2574804 0.2622436 0.0272917 0.2780322 0.0203356 0.0000000 0.3729056 0.3972184 0.1517097 0.2522518 
n244_245   0.3863402 0.3592438 0.3670551 0.3471165 0.3670960 0.2964584 0.3800898 0.3784358 0.3668517 0.3592315 0.3735460 0.3412236 0.3593492 0.3714456 0.3739383 0.3793953 0.3468046 0.3347926 0.3668507 0.3723490 0.3668346 0.3729056 0.0000000 0.2959419 0.4047215 0.3530794 
n251_252   0.3981740 0.4018264 0.3979834 0.4220843 0.3846676 0.0309081 0.3980081 0.4354006 0.3909567 0.4021727 0.3912911 0.4154768 0.4023225 0.4153809 0.3981523 0.3972742 0.4089953 0.3884199 0.3971475 0.4288100 0.3909370 0.3972184 0.2959419 0.0000000 0.4433243 0.3956124 
n200_201   0.1742340 0.2830834 0.1653749 0.2617845 0.1476207 0.4296480 0.1564307 0.3052681 0.1474490 0.2465917 0.1520015 0.2618335 0.2466455 0.2992488 0.1607749 0.1562448 0.2465026 0.2511863 0.1519106 0.2998334 0.1475742 0.1517097 0.4047215 0.4433243 0.0000000 0.2414686 
n300_301   0.2524025 0.2171256 0.2688471 0.0598576 0.2424464 0.3955782 0.2580959 0.2620884 0.2472324 0.0033462 0.2476497 0.0635660 0.0033464 0.2316902 0.2528610 0.2577673 0.0169417 0.0238519 0.2421672 0.2570046 0.2474568 0.2522518 0.3530794 0.3956124 0.2414686 0.0000000 
