24
n236_237   0.0000000 0.2483989 0.0743395 0.2627446 0.0706111 0.4273864 0.0780392 0.2774892 0.0669343 0.2667859 0.0818678 0.2579110 0.2719358 0.2577684 0.0818796 0.0707041 0.2566747 0.2566747 0.0856915 0.2826386 0.0669401 0.4001675 0.4523972 0.1012598 
n266_267   0.2483989 0.0000000 0.2428090 0.2581224 0.2379845 0.3838481 0.2427217 0.1385318 0.2380189 0.2480091 0.2479153 0.2479517 0.2530277 0.0273356 0.2474802 0.2481223 0.2433528 0.2429576 0.2676876 0.1342563 0.2430593 0.3707651 0.4073495 0.2533334 
n296_297   0.0743395 0.2428090 0.0000000 0.2667778 0.0100840 0.4274368 0.0100673 0.2714283 0.0342893 0.2718754 0.0203210 0.2568756 0.2770646 0.2520886 0.0203236 0.0378456 0.2616894 0.2616894 0.0484835 0.2765178 0.0342920 0.4258370 0.4524429 0.0894524 
n277_278   0.2627446 0.2581224 0.2667778 0.0000000 0.2721124 0.4276851 0.2615578 0.3158073 0.2620735 0.0896657 0.2770557 0.0237620 0.0935469 0.2574160 0.2770210 0.2725531 0.0781708 0.0781708 0.2877089 0.2990874 0.2673026 0.4310659 0.4527074 0.2618635 
n290_291   0.0706111 0.2379845 0.0100840 0.2721124 0.0000000 0.4211521 0.0134706 0.2715404 0.0307814 0.2668554 0.0100631 0.2621273 0.2720058 0.2472073 0.0100644 0.0343177 0.2567434 0.2567434 0.0485012 0.2766323 0.0307838 0.4195853 0.4459419 0.0856417 
n255_256   0.4273864 0.3838481 0.4274368 0.4276851 0.4211521 0.0000000 0.4082742 0.4295365 0.4028672 0.4078540 0.4211189 0.3899066 0.4077927 0.3891697 0.4213250 0.4030606 0.3954118 0.3954118 0.4213708 0.4355577 0.4029452 0.3352538 0.0630159 0.3956556 
n295_296   0.0780392 0.2427217 0.0100673 0.2615578 0.0134706 0.4082742 0.0000000 0.2712943 0.0377914 0.2666138 0.0237529 0.2517335 0.2717590 0.2422270 0.0237560 0.0413666 0.2565119 0.2565119 0.0484611 0.2763812 0.0377944 0.4067750 0.4326093 0.0894242 
n286_287   0.2774892 0.1385318 0.2714283 0.3158073 0.2715404 0.4295365 0.2712943 0.0000000 0.2668456 0.3043949 0.2868315 0.2991851 0.3098630 0.1552675 0.2766645 0.2773949 0.2887815 0.2883027 0.2873008 0.0169847 0.2721097 0.4154563 0.4750459 0.2778473 
n298_299   0.0669343 0.2380189 0.0342893 0.2620735 0.0307814 0.4028672 0.0377914 0.2668456 0.0000000 0.2667933 0.0413630 0.2522270 0.2719431 0.2472453 0.0342931 0.0100945 0.2566825 0.2566825 0.0237708 0.2719092 0.0067082 0.4013539 0.4270542 0.0780423 
n299_300   0.2667859 0.2480091 0.2718754 0.0896657 0.2668554 0.4078540 0.2666138 0.3043949 0.2667933 0.0000000 0.2717599 0.0820075 0.0033408 0.2427310 0.2717257 0.2720715 0.0168868 0.0168868 0.2871949 0.2987465 0.2668324 0.4375394 0.4394006 0.2667215 
n287_288   0.0818678 0.2479153 0.0203210 0.2770557 0.0100631 0.4211189 0.0237529 0.2868315 0.0413630 0.2717599 0.0000000 0.2719733 0.2769466 0.2619853 0.0202813 0.0449623 0.2615789 0.2615789 0.0593631 0.2920358 0.0413663 0.4385807 0.4459058 0.0971498 
n278_279   0.2579110 0.2479517 0.2568756 0.0237620 0.2621273 0.3899066 0.2517335 0.2991851 0.2522270 0.0820075 0.2719733 0.0000000 0.0858410 0.2476298 0.2669706 0.2625479 0.0706521 0.0706521 0.2774929 0.2829029 0.2573765 0.4185830 0.4265716 0.2619612 
n292_293   0.2719358 0.2530277 0.2770646 0.0935469 0.2720058 0.4077927 0.2717590 0.3098630 0.2719431 0.0033408 0.2769466 0.0858410 0.0000000 0.2477030 0.2769119 0.2772660 0.0203229 0.0203229 0.2925061 0.3041629 0.2719834 0.4382507 0.4393334 0.2718696 
n265_266   0.2577684 0.0273356 0.2520886 0.2574160 0.2472073 0.3891697 0.2422270 0.1552675 0.2472453 0.2427310 0.2619853 0.2476298 0.2477030 0.0000000 0.2568108 0.2574802 0.2426924 0.2422983 0.2671363 0.1508727 0.2523517 0.3699634 0.4068304 0.2528143 
n289_290   0.0818796 0.2474802 0.0203236 0.2770210 0.0100644 0.4213250 0.0237560 0.2766645 0.0342931 0.2717257 0.0202813 0.2669706 0.2769119 0.2568108 0.0000000 0.0378498 0.2615456 0.2615456 0.0521060 0.2817950 0.0342958 0.4191556 0.4461301 0.0971642 
n293_294   0.0707041 0.2481223 0.0378456 0.2725531 0.0343177 0.4030606 0.0413666 0.2773949 0.0100945 0.2720715 0.0449623 0.2625479 0.2772660 0.2574802 0.0378498 0.0000000 0.2618753 0.2618753 0.0272571 0.2825415 0.0067112 0.4014546 0.4272647 0.0818788 
n280_281   0.2566747 0.2433528 0.2616894 0.0781708 0.2567434 0.3954118 0.2565119 0.2887815 0.2566825 0.0168868 0.2615789 0.0706521 0.0203229 0.2426924 0.2615456 0.2618753 0.0000000 0.0066965 0.2767772 0.2832707 0.2567192 0.4188257 0.4263889 0.2467656 
n274_275   0.2566747 0.2429576 0.2616894 0.0781708 0.2567434 0.3954118 0.2565119 0.2883027 0.2566825 0.0168868 0.2615789 0.0706521 0.0203229 0.2422983 0.2615456 0.2618753 0.0066965 0.0000000 0.2767772 0.2828027 0.2567192 0.4246077 0.4263889 0.2566137 
n275_276   0.0856915 0.2676876 0.0484835 0.2877089 0.0485012 0.4213708 0.0484611 0.2873008 0.0237708 0.2871949 0.0593631 0.2774929 0.2925061 0.2671363 0.0521060 0.0272571 0.2767772 0.2767772 0.0000000 0.2925153 0.0237726 0.4072757 0.4461909 0.0970905 
n285_286   0.2826386 0.1342563 0.2765178 0.2990874 0.2766323 0.4355577 0.2763812 0.0169847 0.2719092 0.2987465 0.2920358 0.2829029 0.3041629 0.1508727 0.2817950 0.2825415 0.2832707 0.2828027 0.2925153 0.0000000 0.2772149 0.4341993 0.4814181 0.2830027 
n294_295   0.0669401 0.2430593 0.0342920 0.2673026 0.0307838 0.4029452 0.0377944 0.2721097 0.0067082 0.2668324 0.0413663 0.2573765 0.2719834 0.2523517 0.0342958 0.0067112 0.2567192 0.2567192 0.0237726 0.2772149 0.0000000 0.4014311 0.4271405 0.0780493 
n244_245   0.4001675 0.3707651 0.4258370 0.4310659 0.4195853 0.3352538 0.4067750 0.4154563 0.4013539 0.4375394 0.4385807 0.4185830 0.4382507 0.3699634 0.4191556 0.4014546 0.4188257 0.4246077 0.4072757 0.4341993 0.4014311 0.0000000 0.3456982 0.4199415 
n251_252   0.4523972 0.4073495 0.4524429 0.4527074 0.4459419 0.0630159 0.4326093 0.4750459 0.4270542 0.4394006 0.4459058 0.4265716 0.4393334 0.4068304 0.4461301 0.4272647 0.4263889 0.4263889 0.4461909 0.4814181 0.4271405 0.3456982 0.0000000 0.4202807 
n200_201   0.1012598 0.2533334 0.0894524 0.2618635 0.0856417 0.3956556 0.0894242 0.2778473 0.0780423 0.2667215 0.0971498 0.2619612 0.2718696 0.2528143 0.0971642 0.0818788 0.2467656 0.2566137 0.0970905 0.2830027 0.0780493 0.4199415 0.4202807 0.0000000 
