24
n236_237   0.0000000 0.2946171 0.1152982 0.3000667 0.1191248 0.4629261 0.1230946 0.2954249 0.1154825 0.2901123 0.1152477 0.2898689 0.2852244 0.2993376 0.1230857 0.1154134 0.2854957 0.2903674 0.0999182 0.2903236 0.1233221 0.4659461 0.4505462 0.1935492 
n266_267   0.2946171 0.0000000 0.2943572 0.2511651 0.2794398 0.4133531 0.2994396 0.1151460 0.2895767 0.2193977 0.2845245 0.2419714 0.2194569 0.0100498 0.2843934 0.2991989 0.2151444 0.2105686 0.2889985 0.1112139 0.3094038 0.4425338 0.4248116 0.3407058 
n296_297   0.1152982 0.2943572 0.0000000 0.2948419 0.0100528 0.4686229 0.0066901 0.2951098 0.0411196 0.3001134 0.0066881 0.2944889 0.2951602 0.2990718 0.0134379 0.0481628 0.2954426 0.3003794 0.0410516 0.2900163 0.0553326 0.4290847 0.4560759 0.2064797 
n277_278   0.3000667 0.2511651 0.2948419 0.0000000 0.2898057 0.4318845 0.3047024 0.2332878 0.3057249 0.0552665 0.2849885 0.0134177 0.0552803 0.2649686 0.2948409 0.3104017 0.0517340 0.0553067 0.3051042 0.2286219 0.3260564 0.4420237 0.4315558 0.3577094 
n290_291   0.1191248 0.2794398 0.0100528 0.2898057 0.0000000 0.4680994 0.0168262 0.2801458 0.0375974 0.2950355 0.0033359 0.2894605 0.2901171 0.2840684 0.0033346 0.0446083 0.2903938 0.2952959 0.0375354 0.2751619 0.0517406 0.4347208 0.4555725 0.2020299 
n255_256   0.4629261 0.4133531 0.4686229 0.4318845 0.4680994 0.0000000 0.4810387 0.3588897 0.4504526 0.4144725 0.4620462 0.4376139 0.4145983 0.4133233 0.4745714 0.4623047 0.4091233 0.4094313 0.4494243 0.3640407 0.4751714 0.3482137 0.0412513 0.4215446 
n295_296   0.1230946 0.2994396 0.0066901 0.3047024 0.0168262 0.4810387 0.0000000 0.3002086 0.0481852 0.3100504 0.0134331 0.2944477 0.3050339 0.3041843 0.0202432 0.0552885 0.3053273 0.3103272 0.0481051 0.2950765 0.0625290 0.4346954 0.4682892 0.2152679 
n286_287   0.2954249 0.1151460 0.2951098 0.2332878 0.2801458 0.3588897 0.3002086 0.0000000 0.2856231 0.2109045 0.2852466 0.2242873 0.2109614 0.1151474 0.2851148 0.2952234 0.2066847 0.2110788 0.2850528 0.0100844 0.3054003 0.4371181 0.3582613 0.3106226 
n298_299   0.1154825 0.2895767 0.0411196 0.3057249 0.0375974 0.4504526 0.0481852 0.2856231 0.0000000 0.2908008 0.0341071 0.3053553 0.2858999 0.2942670 0.0411229 0.0202754 0.2959952 0.3009425 0.0134435 0.2805924 0.0237131 0.4356132 0.4381952 0.1981451 
n299_300   0.2901123 0.2193977 0.3001134 0.0552665 0.2950355 0.4144725 0.3100504 0.2109045 0.2908008 0.0000000 0.2901823 0.0552727 0.0066985 0.2326665 0.3001119 0.3053254 0.0100747 0.0134617 0.3000676 0.2063836 0.3208672 0.4072130 0.4141602 0.3314568 
n287_288   0.1152477 0.2845245 0.0066881 0.2849885 0.0033359 0.4620462 0.0134331 0.2852466 0.0341071 0.2901823 0.0000000 0.2846501 0.2852936 0.2891843 0.0066887 0.0410891 0.2855650 0.2904375 0.0340510 0.2802242 0.0481874 0.4289440 0.4496147 0.1977181 
n278_279   0.2898689 0.2419714 0.2944889 0.0134177 0.2894605 0.4376139 0.2944477 0.2242873 0.3053553 0.0552727 0.2846501 0.0000000 0.0552865 0.2556187 0.2944880 0.3100255 0.0517398 0.0553128 0.3047362 0.2196797 0.3256559 0.4358135 0.4372798 0.3521751 
n292_293   0.2852244 0.2194569 0.2951602 0.0552803 0.2901171 0.4145983 0.3050339 0.2109614 0.2858999 0.0066985 0.2852936 0.0552865 0.0000000 0.2327298 0.2951592 0.3003363 0.0100772 0.0134650 0.2951161 0.2064391 0.3157716 0.4073357 0.4142858 0.3262866 
n265_266   0.2993376 0.0100498 0.2990718 0.2649686 0.2840684 0.4133233 0.3041843 0.1151474 0.2942670 0.2326665 0.2891843 0.2556187 0.2327298 0.0000000 0.2890506 0.3039385 0.2283523 0.2236942 0.2936765 0.1150176 0.3142038 0.4601859 0.4247797 0.3406880 
n289_290   0.1230857 0.2843934 0.0134379 0.2948409 0.0033346 0.4745714 0.0202432 0.2851148 0.0411229 0.3001119 0.0066887 0.2944880 0.2951592 0.2890506 0.0000000 0.0481665 0.2954416 0.3003778 0.0410549 0.2800951 0.0553368 0.4408716 0.4619326 0.2064850 
n293_294   0.1154134 0.2991989 0.0481628 0.3104017 0.0446083 0.4623047 0.0552885 0.2952234 0.0202754 0.3053254 0.0410891 0.3100255 0.3003363 0.3039385 0.0481665 0.0000000 0.3006246 0.3055972 0.0134359 0.2901276 0.0134590 0.4471918 0.4498641 0.2067491 
n280_281   0.2854957 0.2151444 0.2954426 0.0517340 0.2903938 0.4091233 0.3053273 0.2066847 0.2959952 0.0100747 0.2855650 0.0517398 0.0100772 0.2283523 0.2954416 0.3006246 0.0000000 0.0100818 0.2953984 0.2021872 0.3160776 0.4019223 0.4088158 0.3161422 
n274_275   0.2903674 0.2105686 0.3003794 0.0553067 0.2952959 0.4094313 0.3103272 0.2110788 0.3009425 0.0134617 0.2904375 0.0553128 0.0134650 0.2236942 0.3003778 0.3055972 0.0100818 0.0000000 0.3003334 0.2065535 0.3211564 0.4022227 0.4091233 0.3317582 
n275_276   0.0999182 0.2889985 0.0410516 0.3051042 0.0375354 0.4494243 0.0481051 0.2850528 0.0134435 0.3000676 0.0340510 0.3047362 0.2951161 0.2936765 0.0410549 0.0134359 0.2953984 0.3003334 0.0000000 0.2800345 0.0202559 0.4346349 0.4372048 0.1977752 
n285_286   0.2903236 0.1112139 0.2900163 0.2286219 0.2751619 0.3640407 0.2950765 0.0100844 0.2805924 0.2063836 0.2802242 0.2196797 0.2064391 0.1150176 0.2800951 0.2901276 0.2021872 0.2065535 0.2800345 0.0000000 0.3002277 0.4308900 0.3634018 0.3054092 
n294_295   0.1233221 0.3094038 0.0553326 0.3260564 0.0517406 0.4751714 0.0625290 0.3054003 0.0237131 0.3208672 0.0481874 0.3256559 0.3157716 0.3142038 0.0553368 0.0134590 0.3160776 0.3211564 0.0202559 0.3002277 0.0000000 0.4472711 0.4625102 0.2157471 
n244_245   0.4659461 0.4425338 0.4290847 0.4420237 0.4347208 0.3482137 0.4346954 0.4371181 0.4356132 0.4072130 0.4289440 0.4358135 0.4073357 0.4601859 0.4408716 0.4471918 0.4019223 0.4022227 0.4346349 0.4308900 0.4472711 0.0000000 0.3425125 0.4553096 
n251_252   0.4505462 0.4248116 0.4560759 0.4315558 0.4555725 0.0412513 0.4682892 0.3582613 0.4381952 0.4141602 0.4496147 0.4372798 0.4142858 0.4247797 0.4619326 0.4498641 0.4088158 0.4091233 0.4372048 0.3634018 0.4625102 0.3425125 0.0000000 0.4092758 
n200_201   0.1935492 0.3407058 0.2064797 0.3577094 0.2020299 0.4215446 0.2152679 0.3106226 0.1981451 0.3314568 0.1977181 0.3521751 0.3262866 0.3406880 0.2064850 0.2067491 0.3161422 0.3317582 0.1977752 0.3054092 0.2157471 0.4553096 0.4092758 0.0000000 
