25
n236_237   0.0000000 0.2283839 0.0883591 0.2849334 0.0882867 0.4493011 0.0921368 0.2796607 0.1036822 0.2560943 0.0882720 0.2848472 0.2608451 0.2423068 0.0996475 0.0959409 0.2514173 0.2562306 0.0959861 0.2747375 0.0997297 0.0998693 0.4029131 0.4253504 0.1269959 
n266_267   0.2283839 0.0000000 0.2196771 0.2247600 0.2285108 0.3702607 0.2242150 0.1272786 0.2289974 0.2203670 0.2194456 0.2201605 0.2249084 0.0237699 0.2331085 0.2107693 0.2158901 0.2204818 0.2242766 0.1193165 0.2151807 0.2244999 0.3278338 0.3701170 0.2515513 
n296_297   0.0883591 0.2196771 0.0000000 0.2757241 0.0271349 0.4082800 0.0100581 0.2611433 0.0446726 0.2517599 0.0202531 0.2806300 0.2564880 0.2334462 0.0306030 0.0375817 0.2471045 0.2518930 0.0411079 0.2471272 0.0410889 0.0411447 0.3981534 0.3965896 0.1270220 
n277_278   0.2849334 0.2247600 0.2757241 0.0000000 0.2852202 0.3910578 0.2708616 0.2809370 0.2858470 0.0518609 0.2754262 0.0168873 0.0554568 0.2386586 0.2805439 0.2757523 0.0482903 0.0518850 0.2759542 0.2807436 0.2805618 0.2809986 0.3493576 0.3688452 0.3100093 
n290_291   0.0882867 0.2285108 0.0271349 0.2852202 0.0000000 0.4018877 0.0306022 0.2704585 0.0517518 0.2609638 0.0066777 0.2901871 0.2657488 0.2424433 0.0168149 0.0445908 0.2562541 0.2611024 0.0481503 0.2562790 0.0481280 0.0481936 0.4093119 0.3903113 0.1348755 
n255_256   0.4493011 0.3702607 0.4082800 0.3910578 0.4018877 0.0000000 0.4141684 0.4389993 0.4322395 0.3971630 0.3904148 0.4087333 0.4029453 0.3872332 0.3964831 0.4198039 0.3915005 0.3973899 0.4080553 0.4268368 0.4256311 0.4263547 0.3159472 0.0481521 0.4552619 
n295_296   0.0921368 0.2242150 0.0100581 0.2708616 0.0306022 0.4141684 0.0000000 0.2564476 0.0482304 0.2470561 0.0236865 0.2757345 0.2517534 0.2380743 0.0340878 0.0411008 0.2424304 0.2471864 0.0446455 0.2425165 0.0446248 0.0446855 0.4039725 0.4023826 0.1310126 
n286_287   0.2796607 0.1272786 0.2611433 0.2809370 0.2704585 0.4389993 0.2564476 0.0000000 0.2710475 0.2712660 0.2608624 0.2711752 0.2761302 0.1313212 0.2705712 0.2519003 0.2664804 0.2714113 0.2613730 0.0134802 0.2565605 0.2662950 0.4163354 0.4267880 0.3148355 
n298_299   0.1036822 0.2289974 0.0446726 0.2858470 0.0517518 0.4322395 0.0482304 0.2710475 0.0000000 0.2615290 0.0446295 0.2908267 0.2568356 0.2429631 0.0553437 0.0341068 0.2568076 0.2616682 0.0376175 0.2661681 0.0376002 0.0033437 0.4045113 0.4144935 0.1432480 
n299_300   0.2560943 0.2203670 0.2517599 0.0518609 0.2609638 0.3971630 0.2470561 0.2712660 0.2615290 0.0000000 0.2514902 0.0554608 0.0033455 0.2341865 0.2610578 0.2517852 0.0033457 0.0067093 0.2519667 0.2710806 0.2564421 0.2568356 0.3441294 0.3691075 0.2902070 
n287_288   0.0882720 0.2194456 0.0202531 0.2754262 0.0066777 0.3904148 0.0236865 0.2608624 0.0446295 0.2514902 0.0000000 0.2803261 0.2562136 0.2331991 0.0100409 0.0375455 0.2468404 0.2516241 0.0410683 0.2468640 0.0410493 0.0411051 0.3976952 0.3790205 0.1268947 
n278_279   0.2848472 0.2201605 0.2806300 0.0168873 0.2901871 0.4087333 0.2757345 0.2711752 0.2908267 0.0554608 0.2803261 0.0000000 0.0590752 0.2339649 0.2854818 0.2806588 0.0518723 0.0554867 0.2808650 0.2709900 0.2855001 0.2859460 0.3493238 0.3802433 0.3151454 
n292_293   0.2608451 0.2249084 0.2564880 0.0554568 0.2657488 0.4029453 0.2517534 0.2761302 0.2568356 0.0033455 0.2562136 0.0590752 0.0000000 0.2388176 0.2658448 0.2565139 0.0067073 0.0100880 0.2566994 0.2759408 0.2612005 0.2521705 0.3388689 0.3746719 0.2951910 
n265_266   0.2423068 0.0237699 0.2334462 0.2386586 0.2424433 0.3872332 0.2380743 0.1313212 0.2429631 0.2341865 0.2331991 0.2339649 0.2388176 0.0000000 0.2471327 0.2243679 0.2296236 0.2298871 0.2381405 0.1233103 0.2288620 0.2383796 0.3225297 0.3758372 0.2659398 
n289_290   0.0996475 0.2331085 0.0306030 0.2805439 0.0168149 0.3964831 0.0340878 0.2705712 0.0553437 0.2610578 0.0100409 0.2854818 0.2658448 0.2471327 0.0000000 0.0481432 0.2563462 0.2611965 0.0517216 0.2563845 0.0516975 0.0517682 0.4038436 0.3849862 0.1389106 
n293_294   0.0959409 0.2107693 0.0375817 0.2757523 0.0445908 0.4198039 0.0411008 0.2519003 0.0341068 0.2517852 0.0375455 0.2806588 0.2565139 0.2243679 0.0481432 0.0000000 0.2471292 0.2519183 0.0306015 0.2471519 0.0033408 0.0306288 0.4039548 0.4023652 0.1231648 
n280_281   0.2514173 0.2158901 0.2471045 0.0482903 0.2562541 0.3915005 0.2424304 0.2664804 0.2568076 0.0033457 0.2468404 0.0518723 0.0067073 0.2296236 0.2563462 0.2471292 0.0000000 0.0033472 0.2473069 0.2662989 0.2517578 0.2521431 0.3388311 0.3636529 0.2853069 
n274_275   0.2562306 0.2204818 0.2518930 0.0518850 0.2611024 0.3973899 0.2471864 0.2714113 0.2616682 0.0067093 0.2516241 0.0554867 0.0100880 0.2298871 0.2611965 0.2519183 0.0033472 0.0000000 0.2521001 0.2712257 0.2565781 0.2569720 0.3443218 0.3693156 0.2903637 
n275_276   0.0959861 0.2242766 0.0411079 0.2759542 0.0481503 0.4080553 0.0446455 0.2613730 0.0376175 0.2519667 0.0410683 0.2808650 0.2566994 0.2381405 0.0517216 0.0306015 0.2473069 0.2521001 0.0000000 0.2565607 0.0340764 0.0341225 0.4039138 0.3967617 0.1390951 
n285_286   0.2747375 0.1193165 0.2471272 0.2807436 0.2562790 0.4268368 0.2425165 0.0134802 0.2661681 0.2710806 0.2468640 0.2709900 0.2759408 0.1233103 0.2563845 0.2471519 0.2662989 0.2712257 0.2565607 0.0000000 0.2517816 0.2614473 0.3986232 0.4148292 0.3096597 
n294_295   0.0997297 0.2151807 0.0410889 0.2805618 0.0481280 0.4256311 0.0446248 0.2565605 0.0376002 0.2564421 0.0410493 0.2855001 0.2612005 0.2288620 0.0516975 0.0033408 0.2517578 0.2565781 0.0340764 0.2517816 0.0000000 0.0341068 0.4096738 0.4080588 0.1270973 
n297_298   0.0998693 0.2244999 0.0411447 0.2809986 0.0481936 0.4263547 0.0446855 0.2662950 0.0033437 0.2568356 0.0411051 0.2859460 0.2521705 0.2383796 0.0517682 0.0306288 0.2521431 0.2569720 0.0341225 0.2614473 0.0341068 0.0000000 0.3988250 0.4087450 0.1392280 
n244_245   0.4029131 0.3278338 0.3981534 0.3493576 0.4093119 0.3159472 0.4039725 0.4163354 0.4045113 0.3441294 0.3976952 0.3493238 0.3388689 0.3225297 0.4038436 0.4039548 0.3388311 0.3443218 0.4039138 0.3986232 0.4096738 0.3988250 0.0000000 0.3057458 0.4319766 
n251_252   0.4253504 0.3701170 0.3965896 0.3688452 0.3903113 0.0481521 0.4023826 0.4267880 0.4144935 0.3691075 0.3790205 0.3802433 0.3746719 0.3758372 0.3849862 0.4023652 0.3636529 0.3693156 0.3967617 0.4148292 0.4080588 0.4087450 0.3057458 0.0000000 0.4311314 
n200_201   0.1269959 0.2515513 0.1270220 0.3100093 0.1348755 0.4552619 0.1310126 0.3148355 0.1432480 0.2902070 0.1268947 0.3151454 0.2951910 0.2659398 0.1389106 0.1231648 0.2853069 0.2903637 0.1390951 0.3096597 0.1270973 0.1392280 0.4319766 0.4311314 0.0000000 
