23
n236_237   0.0000000 0.3464727 0.1046141 0.3191542 0.0930185 0.4230811 0.0968798 0.3402854 0.0815126 0.3141875 0.3139132 0.3692904 0.0778190 0.3303472 0.3191684 0.0777877 0.3514406 0.0740613 0.0852839 0.4480109 0.4547327 0.1366502 0.3194777 
n266_267   0.3464727 0.0000000 0.3632807 0.2776783 0.3411098 0.3811322 0.3521022 0.1878559 0.3574835 0.2532068 0.2727283 0.0237533 0.3522292 0.2629820 0.2628676 0.3520091 0.1879706 0.3465429 0.3631228 0.3983863 0.4289889 0.3464660 0.2580591 
n296_297   0.1046141 0.3632807 0.0000000 0.3689822 0.0134663 0.4819700 0.0067001 0.3514205 0.0665677 0.3523718 0.3633704 0.3751886 0.0629455 0.3636767 0.3522070 0.0703183 0.3627595 0.0592750 0.0702552 0.5153048 0.5164182 0.1449120 0.3579540 
n277_278   0.3191542 0.2776783 0.3689822 0.0000000 0.3576687 0.3465598 0.3689099 0.3032888 0.3517927 0.0520463 0.0033438 0.2933110 0.3578070 0.0629713 0.0629623 0.3633393 0.2981661 0.3520763 0.3573832 0.3689733 0.3805691 0.3300438 0.0556593 
n290_291   0.0930185 0.3411098 0.0134663 0.3576687 0.0000000 0.4558645 0.0067009 0.3405507 0.0520201 0.3305219 0.3521425 0.3526351 0.0484624 0.3414863 0.3303679 0.0556810 0.3517168 0.0448715 0.0556313 0.4880419 0.4890854 0.1409243 0.3359384 
n255_256   0.4230811 0.3811322 0.4819700 0.3465598 0.4558645 0.0000000 0.4687829 0.3866571 0.4421243 0.3699220 0.3411158 0.3993944 0.4362751 0.3814752 0.3813223 0.4424354 0.3923695 0.4298421 0.4421115 0.3241646 0.0376487 0.4108087 0.3756483 
n295_296   0.0968798 0.3521022 0.0067001 0.3689099 0.0067009 0.4687829 0.0000000 0.3404432 0.0592567 0.3413571 0.3633000 0.3638157 0.0556671 0.3524895 0.3411982 0.0629620 0.3516041 0.0520367 0.0629057 0.5015249 0.5026027 0.1408907 0.3468548 
n286_287   0.3402854 0.1878559 0.3514205 0.3032888 0.3405507 0.3866571 0.3404432 0.0000000 0.3515184 0.2726845 0.2981613 0.1925024 0.3463078 0.2878904 0.2826076 0.3349332 0.0342311 0.3406753 0.3571052 0.4044793 0.4291756 0.3404382 0.2727819 
n298_299   0.0815126 0.3574835 0.0665677 0.3517927 0.0520201 0.4421243 0.0592567 0.3515184 0.0000000 0.3194004 0.3463134 0.3692859 0.0237696 0.3356785 0.3244137 0.0307193 0.3628643 0.0203171 0.0033408 0.4742409 0.4679900 0.1448453 0.3247285 
n299_300   0.3141875 0.2532068 0.3523718 0.0520463 0.3305219 0.3699220 0.3413571 0.2726845 0.3194004 0.0000000 0.0484570 0.2682826 0.3306441 0.0100848 0.0100832 0.3359832 0.2677717 0.3251301 0.3247438 0.3690912 0.3989854 0.3195959 0.0033437 
n278_279   0.3139132 0.2727283 0.3633704 0.0033438 0.3521425 0.3411158 0.3633000 0.2981613 0.3463134 0.0484570 0.0000000 0.2882482 0.3522766 0.0593247 0.0593161 0.3577700 0.2930731 0.3465915 0.3518619 0.3633616 0.3748692 0.3247210 0.0520516 
n265_266   0.3692904 0.0237533 0.3751886 0.2933110 0.3526351 0.3993944 0.3638157 0.1925024 0.3692859 0.2682826 0.2882482 0.0000000 0.3639490 0.2782809 0.2680288 0.3637189 0.1926207 0.3581600 0.3750255 0.4168280 0.4485560 0.3692907 0.2732446 
n293_294   0.0778190 0.3522292 0.0629455 0.3578070 0.0484624 0.4362751 0.0556671 0.3463078 0.0237696 0.3306441 0.3522766 0.3639490 0.0000000 0.3472084 0.3357362 0.0272569 0.3575770 0.0033408 0.0272330 0.4675857 0.4685792 0.1366462 0.3360635 
n280_281   0.3303472 0.2629820 0.3636767 0.0629713 0.3414863 0.3814752 0.3524895 0.2878904 0.3356785 0.0100848 0.0593247 0.2782809 0.3472084 0.0000000 0.0203251 0.3526688 0.2828738 0.3415583 0.3411475 0.3749189 0.4110098 0.3358901 0.0134795 
n274_275   0.3191684 0.2628676 0.3522070 0.0629623 0.3303679 0.3813223 0.3411982 0.2826076 0.3244137 0.0100832 0.0593161 0.2680288 0.3357362 0.0203251 0.0000000 0.3411084 0.2776289 0.3301850 0.3297915 0.3804593 0.4108494 0.3250040 0.0134773 
n275_276   0.0777877 0.3520091 0.0703183 0.3633393 0.0556810 0.4424354 0.0629620 0.3349332 0.0307193 0.3359832 0.3577700 0.3637189 0.0272569 0.3526688 0.3411084 0.0000000 0.3460071 0.0237830 0.0342183 0.4745804 0.4750077 0.1491257 0.3414415 
n285_286   0.3514406 0.1879706 0.3627595 0.2981661 0.3517168 0.3923695 0.3516041 0.0342311 0.3628643 0.2677717 0.2930731 0.1926207 0.3575770 0.2828738 0.2776289 0.3460071 0.0000000 0.3518491 0.3685442 0.4289099 0.4352348 0.3457879 0.2727231 
n294_295   0.0740613 0.3465429 0.0592750 0.3520763 0.0448715 0.4298421 0.0520367 0.3406753 0.0203171 0.3251301 0.3465915 0.3581600 0.0033408 0.3415583 0.3301850 0.0237830 0.3518491 0.0000000 0.0237621 0.4677306 0.4618429 0.1325320 0.3305063 
n297_298   0.0852839 0.3631228 0.0702552 0.3573832 0.0556313 0.4421115 0.0629057 0.3571052 0.0033408 0.3247438 0.3518619 0.3750255 0.0272330 0.3411475 0.3297915 0.0342183 0.3685442 0.0237621 0.0000000 0.4742266 0.4679760 0.1489877 0.3301121 
n244_245   0.4480109 0.3983863 0.5153048 0.3689733 0.4880419 0.3241646 0.5015249 0.4044793 0.4742409 0.3690912 0.3633616 0.4168280 0.4675857 0.3749189 0.3804593 0.4745804 0.4289099 0.4677306 0.4742266 0.0000000 0.3401916 0.4813864 0.3692310 
n251_252   0.4547327 0.4289889 0.5164182 0.3805691 0.4890854 0.0376487 0.5026027 0.4291756 0.4679900 0.3989854 0.3748692 0.4485560 0.4685792 0.4110098 0.4108494 0.4750077 0.4352348 0.4618429 0.4679760 0.3401916 0.0000000 0.4483769 0.4049433 
n200_201   0.1366502 0.3464660 0.1449120 0.3300438 0.1409243 0.4108087 0.1408907 0.3404382 0.1448453 0.3195959 0.3247210 0.3692907 0.1366462 0.3358901 0.3250040 0.1491257 0.3457879 0.1325320 0.1489877 0.4813864 0.4483769 0.0000000 0.3249291 
n300_301   0.3194777 0.2580591 0.3579540 0.0556593 0.3359384 0.3756483 0.3468548 0.2727819 0.3247285 0.0033437 0.0520516 0.2732446 0.3360635 0.0134795 0.0134773 0.3414415 0.2727231 0.3305063 0.3301121 0.3692310 0.4049433 0.3249291 0.0000000 
