24
n286_283   0.0000000 0.2671968 0.2721181 0.1394417 0.3166621 0.3644167 0.2578526 0.2815036 0.3063698 0.2480988 0.2623182 0.2766780 0.2864853 0.3652383 0.2672786 0.1394443 0.2864529 0.3069132 0.0134629 0.2964335 0.3823251 0.3117092 0.2912403 0.2766984 
n300_297   0.2671968 0.0000000 0.0134321 0.2916858 0.3698659 0.4389069 0.0625737 0.3374877 0.3698753 0.0625274 0.3220865 0.3269185 0.3479542 0.3870812 0.0066839 0.3018272 0.3428581 0.3595636 0.2719462 0.3587736 0.3988107 0.3590969 0.3483099 0.3323213 
n274_271   0.2721181 0.0134321 0.0000000 0.2967849 0.3811385 0.4452225 0.0662280 0.3375109 0.3699046 0.0661789 0.3221071 0.3269399 0.3479792 0.3986972 0.0134346 0.3070027 0.3428822 0.3595909 0.2768998 0.3588007 0.4106252 0.3702074 0.3538375 0.3323436 
n265_262   0.1394417 0.2916858 0.2967849 0.0000000 0.3114590 0.3426861 0.2819419 0.2765493 0.3012407 0.2670868 0.2672550 0.2764706 0.2767171 0.3278185 0.2917763 0.0202979 0.2814625 0.3017728 0.1434631 0.2865347 0.3492150 0.3065385 0.2815914 0.2717755 
n289_286   0.3166621 0.3698659 0.3811385 0.3114590 0.0000000 0.4033727 0.3810815 0.0447341 0.0134654 0.3868511 0.1078773 0.0518390 0.0554679 0.3807653 0.3699858 0.3221631 0.0306496 0.0447493 0.3217189 0.0627097 0.3923909 0.0100799 0.1770897 0.0412020 
n244_241   0.3644167 0.4389069 0.4452225 0.3426861 0.4033727 0.0000000 0.4453392 0.3979493 0.4031432 0.4390116 0.4096311 0.3978286 0.3923295 0.2860785 0.4390550 0.3535480 0.3865162 0.4101131 0.3697951 0.3922392 0.3013157 0.4034563 0.4032134 0.3923714 
n277_274   0.2578526 0.0625737 0.0662280 0.2819419 0.3810815 0.4453392 0.0000000 0.3484239 0.3698522 0.0271424 0.3379215 0.3376899 0.3590509 0.4284872 0.0662300 0.2919521 0.3428400 0.3595425 0.2625483 0.3700432 0.4409262 0.3701549 0.3484904 0.3431810 
n293_290   0.2815036 0.3374877 0.3375109 0.2765493 0.0447341 0.3979493 0.3484239 0.0000000 0.0376593 0.3428820 0.0812527 0.0134612 0.0168769 0.3700262 0.3375950 0.2866101 0.0203044 0.0307165 0.2863341 0.0237394 0.3814862 0.0412077 0.1478569 0.0033444 
n287_284   0.3063698 0.3698753 0.3699046 0.3012407 0.0134654 0.4031432 0.3698522 0.0376593 0.0000000 0.3755273 0.1001380 0.0446969 0.0482845 0.3751346 0.3699951 0.3117849 0.0237190 0.0376719 0.3113593 0.0554528 0.3866699 0.0100788 0.1685642 0.0341608 
n278_275   0.2480988 0.0625274 0.0661789 0.2670868 0.3868511 0.4390116 0.0271424 0.3428820 0.3755273 0.0000000 0.3324587 0.3322313 0.3534280 0.4222922 0.0661809 0.2768854 0.3482970 0.3651410 0.2527310 0.3643333 0.4346228 0.3758361 0.3429473 0.3376777 
n236_233   0.2623182 0.3220865 0.3221071 0.2672550 0.1078773 0.4096311 0.3379215 0.0812527 0.1001380 0.3324587 0.0000000 0.0812324 0.0925658 0.3708853 0.3221881 0.2772973 0.0812385 0.0964576 0.2670332 0.1002002 0.3823832 0.1040519 0.1478411 0.0775417 
n275_272   0.2766780 0.3269185 0.3269399 0.2764706 0.0518390 0.3978286 0.3376899 0.0134612 0.0446969 0.3322313 0.0812324 0.0000000 0.0237263 0.3699155 0.3270218 0.2865280 0.0271860 0.0377022 0.2814797 0.0306506 0.3813714 0.0482824 0.1478181 0.0100744 
n297_294   0.2864853 0.3479542 0.3479792 0.2767171 0.0554679 0.3923295 0.3590509 0.0168769 0.0482845 0.3534280 0.0925658 0.0237263 0.0000000 0.3756694 0.3480654 0.2867865 0.0306774 0.0412565 0.2913483 0.0067041 0.3817526 0.0518925 0.1561808 0.0134727 
n251_248   0.3652383 0.3870812 0.3986972 0.3278185 0.3807653 0.2860785 0.4284872 0.3700262 0.3751346 0.4222922 0.3708853 0.3699155 0.3756694 0.0000000 0.3872080 0.3384832 0.3756529 0.3988905 0.3706307 0.3755837 0.0202902 0.3754171 0.3876159 0.3646448 
n280_277   0.2672786 0.0066839 0.0134346 0.2917763 0.3699858 0.4390550 0.0662300 0.3375950 0.3699951 0.0661809 0.3221881 0.3270218 0.3480654 0.3872080 0.0000000 0.3019214 0.3429675 0.3596796 0.2720297 0.3588891 0.3989422 0.3592126 0.3484214 0.3324267 
n266_263   0.1394443 0.3018272 0.3070027 0.0202979 0.3221631 0.3535480 0.2919521 0.2866101 0.3117849 0.2768854 0.2772973 0.2865280 0.2867865 0.3384832 0.3019214 0.0000000 0.2917069 0.3123406 0.1434656 0.2967479 0.3601995 0.3171723 0.2818400 0.2817704 
n295_292   0.2864529 0.3428581 0.3428822 0.2814625 0.0306496 0.3865162 0.3428400 0.0203044 0.0237190 0.3482970 0.0812385 0.0271860 0.0306774 0.3756529 0.3429675 0.2917069 0.0000000 0.0134773 0.2913164 0.0376749 0.3872103 0.0271886 0.1478367 0.0168840 
n296_293   0.3069132 0.3595636 0.3595909 0.3017728 0.0447493 0.4101131 0.3595425 0.0307165 0.0376719 0.3651410 0.0964576 0.0377022 0.0412565 0.3988905 0.3596796 0.3123406 0.0134773 0.0000000 0.3119135 0.0483672 0.4108414 0.0341660 0.1646224 0.0272441 
n285_282   0.0134629 0.2719462 0.2768998 0.1434631 0.3217189 0.3697951 0.2625483 0.2863341 0.3113593 0.2527310 0.2670332 0.2814797 0.2913483 0.3706307 0.2720297 0.1434656 0.2913164 0.3119135 0.0000000 0.3013597 0.3878407 0.3167368 0.2961300 0.2815004 
n298_295   0.2964335 0.3587736 0.3588007 0.2865347 0.0627097 0.3922392 0.3700432 0.0237394 0.0554528 0.3643333 0.1002002 0.0306506 0.0067041 0.3755837 0.3588891 0.2967479 0.0376749 0.0483672 0.3013597 0.0000000 0.3816652 0.0591011 0.1645244 0.0203042 
n255_252   0.3823251 0.3988107 0.4106252 0.3492150 0.3923909 0.3013157 0.4409262 0.3814862 0.3866699 0.4346228 0.3823832 0.3813714 0.3817526 0.0202902 0.3989422 0.3601995 0.3872103 0.4108414 0.3878407 0.3816652 0.0000000 0.3869649 0.3938703 0.3760237 
n290_287   0.3117092 0.3590969 0.3702074 0.3065385 0.0100799 0.4034563 0.3701549 0.0412077 0.0100788 0.3758361 0.1040519 0.0482824 0.0518925 0.3754171 0.3592126 0.3171723 0.0271886 0.0341660 0.3167368 0.0591011 0.3869649 0.0000000 0.1729134 0.0376907 
n200_199   0.2912403 0.3483099 0.3538375 0.2815914 0.1770897 0.4032134 0.3484904 0.1478569 0.1685642 0.3429473 0.1478411 0.1478181 0.1561808 0.3876159 0.3484214 0.2818400 0.1478367 0.1646224 0.2961300 0.1645244 0.3938703 0.1729134 0.0000000 0.1438053 
n294_291   0.2766984 0.3323213 0.3323436 0.2717755 0.0412020 0.3923714 0.3431810 0.0033444 0.0341608 0.3376777 0.0775417 0.0100744 0.0134727 0.3646448 0.3324267 0.2817704 0.0168840 0.0272441 0.2815004 0.0203042 0.3760237 0.0376907 0.1438053 0.0000000 
