23
n236_237   0.0000000 0.3315098 0.0812674 0.3268186 0.0887792 0.3924306 0.2992339 0.1002337 0.3053117 0.0850201 0.3317755 0.3104381 0.3258855 0.1118524 0.3000478 0.3155230 0.0964157 0.3095447 0.1079813 0.1040875 0.4172780 0.3925376 0.1773260 
n266_267   0.3315098 0.0000000 0.3327008 0.2665388 0.3324814 0.3984720 0.1358296 0.3434487 0.2372063 0.3325270 0.2711610 0.2466404 0.0271680 0.3544736 0.2371181 0.2513186 0.3434882 0.1317702 0.3490751 0.3488789 0.4242913 0.3862855 0.3100239 
n296_297   0.0812674 0.3327008 0.0000000 0.3545712 0.0067015 0.3988426 0.2896273 0.0306954 0.3320153 0.0033433 0.3597038 0.3373386 0.3270514 0.0412274 0.3265404 0.3426159 0.0341813 0.2998137 0.0377073 0.0341895 0.4181877 0.3882127 0.1738095 
n277_278   0.3268186 0.2665388 0.3545712 0.0000000 0.3655829 0.3650784 0.2963903 0.3604221 0.0813511 0.3600844 0.0100789 0.0813809 0.2862187 0.3603625 0.0738979 0.0851113 0.3658971 0.3013159 0.3549189 0.3659820 0.4129592 0.3539687 0.3119675 
n290_291   0.0887792 0.3324814 0.0067015 0.3655829 0.0000000 0.4050113 0.2895826 0.0376952 0.3426813 0.0033429 0.3707826 0.3480813 0.3268365 0.0483302 0.3371241 0.3534336 0.0412135 0.2997669 0.0447769 0.0412234 0.4245405 0.3942984 0.1737855 
n255_256   0.3924306 0.3984720 0.3988426 0.3650784 0.4050113 0.0000000 0.4029274 0.4231933 0.3817754 0.3992215 0.3758978 0.3819605 0.3986525 0.4232873 0.3704566 0.3875724 0.4172598 0.4085655 0.4173745 0.4236016 0.2650342 0.0590720 0.3880101 
n286_287   0.2992339 0.1358296 0.2896273 0.2963903 0.2895826 0.4029274 0.0000000 0.3099755 0.2563115 0.2894810 0.3011782 0.2660011 0.1358929 0.3255835 0.2562156 0.2660126 0.3150684 0.0100746 0.3204121 0.3151425 0.3943416 0.3800050 0.2995632 
n298_299   0.1002337 0.3434487 0.0306954 0.3604221 0.0376952 0.4231933 0.3099755 0.0000000 0.3376673 0.0341895 0.3655939 0.3430349 0.3377091 0.0237604 0.3321450 0.3483556 0.0168869 0.3204563 0.0203214 0.0033437 0.4302028 0.4118328 0.1868311 
n299_300   0.3053117 0.2372063 0.3320153 0.0813511 0.3426813 0.3817754 0.2563115 0.3376673 0.0000000 0.3373551 0.0850296 0.0066965 0.2563307 0.3424964 0.0100625 0.0134533 0.3372204 0.2561309 0.3371942 0.3430512 0.4006409 0.3649489 0.3114552 
n287_288   0.0850201 0.3325270 0.0033433 0.3600844 0.0033429 0.3992215 0.2894810 0.0341895 0.3373551 0.0000000 0.3652506 0.3427169 0.3268813 0.0447735 0.3318389 0.3480318 0.0376918 0.2996611 0.0412366 0.0377008 0.4185902 0.3885798 0.1695502 
n278_279   0.3317755 0.2711610 0.3597038 0.0100789 0.3707826 0.3758978 0.3011782 0.3655939 0.0850296 0.3652506 0.0000000 0.0850609 0.2909493 0.3655330 0.0775447 0.0888063 0.3711021 0.3061304 0.3600566 0.3711879 0.4126515 0.3646325 0.3168482 
n292_293   0.3104381 0.2466404 0.3373386 0.0813809 0.3480813 0.3819605 0.2660011 0.3430349 0.0066965 0.3427169 0.0850609 0.0000000 0.2611353 0.3478923 0.0100660 0.0134582 0.3425793 0.2658134 0.3425522 0.3484579 0.4008390 0.3651230 0.3166385 
n265_266   0.3258855 0.0271680 0.3270514 0.2862187 0.3268365 0.3986525 0.1358929 0.3377091 0.2563307 0.3268813 0.2909493 0.2611353 0.0000000 0.3486394 0.2514141 0.2659068 0.3377478 0.1318313 0.3432863 0.3430936 0.4495968 0.3984412 0.3154888 
n293_294   0.1118524 0.3544736 0.0412274 0.3603625 0.0483302 0.4232873 0.3255835 0.0237604 0.3424964 0.0447735 0.3655330 0.3478923 0.3486394 0.0000000 0.3369433 0.3532407 0.0134714 0.3310930 0.0033448 0.0272207 0.4305685 0.4119254 0.2000029 
n280_281   0.3000478 0.2371181 0.3265404 0.0738979 0.3371241 0.3704566 0.2562156 0.3321450 0.0100625 0.3318389 0.0775447 0.0100660 0.2514141 0.3369433 0.0000000 0.0100660 0.3317071 0.2560352 0.3316819 0.3374870 0.3890131 0.3537053 0.3061310 
n274_275   0.3155230 0.2513186 0.3426159 0.0851113 0.3534336 0.3875724 0.2660126 0.3483556 0.0134533 0.3480318 0.0888063 0.0134582 0.2659068 0.3532407 0.0100660 0.0000000 0.3478914 0.2658248 0.3478634 0.3538168 0.4066038 0.3704218 0.3217792 
n275_276   0.0964157 0.3434882 0.0341813 0.3658971 0.0412135 0.4172598 0.3150684 0.0168869 0.3372204 0.0376918 0.3711021 0.3425793 0.3377478 0.0134714 0.3317071 0.3478914 0.0000000 0.3204929 0.0100817 0.0203131 0.4242128 0.4059815 0.1911512 
n285_286   0.3095447 0.1317702 0.2998137 0.3013159 0.2997669 0.4085655 0.0100746 0.3204563 0.2561309 0.2996611 0.3061304 0.2658134 0.1318313 0.3310930 0.2560352 0.2658248 0.3204929 0.0000000 0.3258806 0.3256988 0.3999405 0.3854758 0.2993430 
n294_295   0.1079813 0.3490751 0.0377073 0.3549189 0.0447769 0.4173745 0.3204121 0.0203214 0.3371942 0.0412366 0.3600566 0.3425522 0.3432863 0.0033448 0.3316819 0.3478634 0.0100817 0.3258806 0.0000000 0.0237657 0.4245938 0.4060946 0.1956273 
n297_298   0.1040875 0.3488789 0.0341895 0.3659820 0.0412234 0.4236016 0.3151425 0.0033437 0.3430512 0.0377008 0.3711879 0.3484579 0.3430936 0.0272207 0.3374870 0.3538168 0.0203131 0.3256988 0.0237657 0.0000000 0.4306197 0.4122278 0.1911975 
n244_245   0.4172780 0.4242913 0.4181877 0.4129592 0.4245405 0.2650342 0.3943416 0.4302028 0.4006409 0.4185902 0.4126515 0.4008390 0.4495968 0.4305685 0.3890131 0.4066038 0.4242128 0.3999405 0.4245938 0.4306197 0.0000000 0.2552606 0.3944303 
n251_252   0.3925376 0.3862855 0.3882127 0.3539687 0.3942984 0.0590720 0.3800050 0.4118328 0.3649489 0.3885798 0.3646325 0.3651230 0.3984412 0.4119254 0.3537053 0.3704218 0.4059815 0.3854758 0.4060946 0.4122278 0.2552606 0.0000000 0.3707046 
n200_201   0.1773260 0.3100239 0.1738095 0.3119675 0.1737855 0.3880101 0.2995632 0.1868311 0.3114552 0.1695502 0.3168482 0.3166385 0.3154888 0.2000029 0.3061310 0.3217792 0.1911512 0.2993430 0.1956273 0.1911975 0.3944303 0.3707046 0.0000000 
