23
n236_237   0.0000000 0.2522689 0.0774810 0.3073212 0.0812219 0.3875007 0.2809617 0.0925548 0.3131924 0.0737507 0.3238436 0.2380901 0.0737507 0.0926267 0.3182823 0.3284868 0.0924981 0.2904307 0.0925617 0.0963343 0.3884026 0.4160857 0.1399236 
n266_267   0.2522689 0.0000000 0.2392698 0.2337580 0.2439825 0.3751538 0.1468903 0.2632287 0.2203793 0.2438711 0.2532804 0.0168183 0.2390081 0.2634829 0.2248662 0.2340332 0.2630471 0.1466959 0.2632571 0.2679573 0.3481659 0.3979170 0.2435072 
n296_297   0.0774810 0.2392698 0.0000000 0.3031370 0.0168737 0.3945040 0.2921778 0.0412502 0.3041414 0.0168678 0.3195905 0.2253465 0.0168678 0.0412799 0.3038718 0.3087490 0.0412259 0.2917372 0.0412528 0.0447842 0.3835029 0.4120817 0.1528169 
n277_278   0.3073212 0.2337580 0.3031370 0.0000000 0.3083069 0.3994439 0.3024756 0.3190224 0.0773393 0.3081550 0.0203224 0.2336830 0.3033343 0.3193533 0.0810482 0.0847181 0.3187930 0.3020152 0.3190603 0.3241180 0.3607003 0.4165252 0.3129067 
n290_291   0.0812219 0.2439825 0.0168737 0.3083069 0.0000000 0.4067711 0.2972565 0.0519578 0.3093338 0.0066952 0.3248961 0.2299646 0.0066952 0.0519970 0.3090584 0.3139693 0.0519270 0.3069583 0.0519612 0.0555428 0.3955848 0.4246778 0.1528343 
n255_256   0.3875007 0.3751538 0.3945040 0.3994439 0.4067711 0.0000000 0.4106891 0.4244393 0.4057684 0.4065462 0.4245968 0.3583445 0.4003477 0.4249402 0.4115008 0.4172861 0.4241099 0.4038031 0.4244975 0.4302793 0.2668188 0.0237934 0.3826968 
n286_287   0.2809617 0.1468903 0.2921778 0.3024756 0.2972565 0.4106891 0.0000000 0.2978383 0.2932060 0.2871035 0.3242319 0.1428316 0.2918484 0.3031465 0.2981662 0.3029629 0.3026244 0.0134178 0.2981555 0.3027866 0.3713126 0.4346475 0.2916066 
n298_299   0.0925548 0.2632287 0.0412502 0.3190224 0.0519578 0.4244393 0.2978383 0.0000000 0.3253495 0.0519388 0.3306585 0.2488191 0.0519388 0.0134945 0.3305429 0.3300734 0.0134773 0.3075624 0.0134859 0.0033457 0.4187043 0.4427838 0.1697075 
n299_300   0.3131924 0.2203793 0.3041414 0.0773393 0.3093338 0.4057684 0.2932060 0.3253495 0.0000000 0.3091808 0.0926380 0.2203094 0.3043401 0.3256907 0.0066940 0.0202917 0.3251138 0.2927623 0.3253887 0.3305024 0.3609648 0.4230204 0.3191502 
n287_288   0.0737507 0.2438711 0.0168678 0.3081550 0.0066952 0.4065462 0.2871035 0.0519388 0.3091808 0.0000000 0.3247325 0.2298614 0.0066928 0.0519778 0.3089057 0.3138134 0.0519081 0.2966776 0.0519422 0.0555225 0.3838889 0.4244379 0.1527710 
n278_279   0.3238436 0.2532804 0.3195905 0.0203224 0.3248961 0.4245968 0.3242319 0.3306585 0.0926380 0.3247325 0.0000000 0.2531975 0.3198013 0.3310075 0.0964353 0.1001838 0.3304180 0.3237272 0.3306986 0.3358467 0.3844649 0.4423031 0.3295949 
n265_266   0.2380901 0.0168183 0.2253465 0.2336830 0.2299646 0.3583445 0.1428316 0.2488191 0.2203094 0.2298614 0.2531975 0.0000000 0.2251021 0.2490549 0.2247946 0.2339580 0.2486492 0.1426432 0.2488453 0.2534574 0.3319520 0.3805678 0.2294703 
n289_290   0.0737507 0.2390081 0.0168678 0.3033343 0.0066952 0.4003477 0.2918484 0.0519388 0.3043401 0.0066928 0.3198013 0.2251021 0.0000000 0.0519778 0.3040701 0.3089511 0.0519081 0.3014738 0.0519422 0.0555225 0.3953687 0.4180740 0.1445089 
n293_294   0.0926267 0.2634829 0.0412799 0.3193533 0.0519970 0.4249402 0.3031465 0.0134945 0.3256907 0.0519778 0.3310075 0.2490549 0.0519778 0.0000000 0.3308916 0.3304211 0.0134867 0.3129424 0.0067081 0.0169034 0.4254652 0.4433183 0.1698538 
n280_281   0.3182823 0.2248662 0.3038718 0.0810482 0.3090584 0.4115008 0.2981662 0.3305429 0.0066940 0.3089057 0.0964353 0.2247946 0.3040701 0.3308916 0.0000000 0.0271683 0.3303025 0.2977131 0.3305829 0.3357292 0.3663772 0.4288772 0.3242908 
n274_275   0.3284868 0.2340332 0.3087490 0.0847181 0.3139693 0.4172861 0.3029629 0.3300734 0.0202917 0.3138134 0.1001838 0.2339580 0.3089511 0.3304211 0.0271683 0.0000000 0.3298337 0.3025008 0.3301133 0.3352521 0.3774300 0.4347942 0.3345987 
n275_276   0.0924981 0.2630471 0.0412259 0.3187930 0.0519270 0.4241099 0.3026244 0.0134773 0.3251138 0.0519081 0.3304180 0.2486492 0.0519081 0.0134867 0.3303025 0.3298337 0.0000000 0.3123986 0.0134781 0.0168818 0.4246323 0.4424353 0.1695972 
n285_286   0.2904307 0.1466959 0.2917372 0.3020152 0.3069583 0.4038031 0.0134178 0.3075624 0.2927623 0.2966776 0.3237272 0.1426432 0.3014738 0.3129424 0.2977131 0.3025008 0.3123986 0.0000000 0.3078915 0.3125680 0.3648499 0.4274846 0.3012257 
n294_295   0.0925617 0.2632571 0.0412528 0.3190603 0.0519612 0.4244975 0.2981555 0.0134859 0.3253887 0.0519422 0.3306986 0.2488453 0.0519422 0.0067081 0.3305829 0.3301133 0.0134781 0.3078915 0.0000000 0.0168926 0.4250210 0.4428458 0.1697228 
n297_298   0.0963343 0.2679573 0.0447842 0.3241180 0.0555428 0.4302793 0.3027866 0.0033457 0.3305024 0.0555225 0.3358467 0.2534574 0.0555225 0.0169034 0.3357292 0.3352521 0.0168818 0.3125680 0.0168926 0.0000000 0.4245067 0.4487671 0.1739144 
n244_245   0.3884026 0.3481659 0.3835029 0.3607003 0.3955848 0.2668188 0.3713126 0.4187043 0.3609648 0.3838889 0.3844649 0.3319520 0.3953687 0.4254652 0.3663772 0.3774300 0.4246323 0.3648499 0.4250210 0.4245067 0.0000000 0.2720057 0.3954676 
n251_252   0.4160857 0.3979170 0.4120817 0.4165252 0.4246778 0.0237934 0.4346475 0.4427838 0.4230204 0.4244379 0.4423031 0.3805678 0.4180740 0.4433183 0.4288772 0.4347942 0.4424353 0.4274846 0.4428458 0.4487671 0.2720057 0.0000000 0.4058120 
n200_201   0.1399236 0.2435072 0.1528169 0.3129067 0.1528343 0.3826968 0.2916066 0.1697075 0.3191502 0.1527710 0.3295949 0.2294703 0.1445089 0.1698538 0.3242908 0.3345987 0.1695972 0.3012257 0.1697228 0.1739144 0.3954676 0.4058120 0.0000000 
