24
n287_282   0.0000000 0.0168406 0.3100619 0.0376184 0.0066895 0.2842227 0.3858444 0.0376083 0.0202715 0.3043684 0.0411335 0.3152048 0.0446922 0.3041154 0.0341150 0.2742924 0.2843249 0.3107252 0.3855040 0.2798301 0.2841462 0.0887994 0.0168453 0.1564249 
n290_285   0.0168406 0.0000000 0.3150127 0.0411144 0.0100521 0.2890079 0.4029342 0.0411034 0.0236923 0.3092772 0.0446442 0.3201867 0.0482202 0.3090195 0.0446572 0.2790203 0.2842326 0.3105362 0.4025789 0.2845983 0.2889309 0.0964473 0.0202509 0.1564731 
n285_280   0.3100619 0.3150127 0.0000000 0.2895339 0.2996918 0.2653511 0.4525607 0.2894585 0.2899048 0.2901302 0.2945197 0.0033459 0.2997412 0.2849156 0.2946345 0.1281867 0.2654442 0.3763845 0.4463062 0.1324863 0.2652771 0.2907761 0.2949203 0.2955667 
n294_289   0.0376184 0.0411144 0.2895339 0.0000000 0.0306165 0.2692486 0.3743903 0.0066943 0.0341379 0.2936754 0.0100673 0.2945356 0.0134606 0.2934332 0.0100695 0.2595190 0.2693433 0.3048874 0.3795691 0.2649189 0.2691742 0.0851128 0.0306372 0.1400043 
n289_284   0.0066895 0.0100521 0.2996918 0.0306165 0.0000000 0.2742305 0.3857520 0.0306078 0.0134437 0.2940931 0.0340968 0.3047631 0.0376153 0.2938502 0.0341059 0.2644328 0.2743277 0.3053270 0.3854117 0.2698792 0.2741554 0.0887757 0.0100549 0.1480888 
n292_287   0.2842227 0.2890079 0.2653511 0.2692486 0.2742305 0.0000000 0.4340425 0.2691780 0.2792772 0.0554470 0.2740915 0.2702003 0.2693033 0.0518215 0.2741958 0.2270587 0.0134612 0.3597934 0.4289477 0.2414585 0.0134533 0.2748478 0.2742154 0.3001047 
n255_250   0.3858444 0.4029342 0.4525607 0.3743903 0.3857520 0.4340425 0.0000000 0.3684862 0.3807278 0.4328581 0.3747533 0.4587764 0.3806064 0.4325114 0.3579313 0.3972422 0.4458239 0.3201882 0.0626622 0.4039977 0.4390932 0.3748554 0.3748598 0.3750126 
n275_270   0.0376083 0.0411034 0.2894585 0.0066943 0.0306078 0.2691780 0.3684862 0.0000000 0.0341288 0.2935993 0.0100640 0.2944591 0.0134570 0.2933572 0.0100673 0.2594507 0.2692726 0.3048087 0.3736259 0.2648491 0.2691036 0.0850898 0.0306290 0.1399665 
n295_290   0.0202715 0.0236923 0.2899048 0.0341379 0.0134437 0.2792772 0.3807278 0.0341288 0.0000000 0.2992891 0.0376386 0.2949148 0.0411808 0.2990411 0.0376495 0.2648247 0.2793769 0.3002229 0.3860495 0.2702816 0.2792014 0.0888888 0.0033387 0.1482870 
n277_272   0.3043684 0.3092772 0.2901302 0.2936754 0.2940931 0.0554470 0.4328581 0.2935993 0.2992891 0.0000000 0.2986770 0.2951457 0.2937357 0.0168636 0.2987937 0.2456254 0.0554615 0.3763070 0.4277774 0.2604279 0.0554283 0.3047803 0.2940771 0.3153391 
n298_293   0.0411335 0.0446442 0.2945197 0.0100673 0.0340968 0.2740915 0.3747533 0.0100640 0.0376386 0.2986770 0.0000000 0.2995543 0.0033408 0.2984300 0.0134562 0.2643003 0.2741885 0.2998205 0.3851868 0.2697428 0.2740164 0.0888765 0.0341198 0.1400201 
n286_281   0.3152048 0.3201867 0.0033459 0.2945356 0.3047631 0.2702003 0.4587764 0.2944591 0.2949148 0.2951457 0.2995543 0.0000000 0.3048128 0.2898932 0.2996717 0.1322022 0.2702957 0.3820239 0.4524719 0.1365330 0.2701256 0.2958022 0.2999638 0.3006191 
n297_292   0.0446922 0.0482202 0.2997412 0.0134606 0.0376153 0.2693033 0.3806064 0.0134570 0.0411808 0.2937357 0.0033408 0.3048128 0.0000000 0.2934934 0.0168685 0.2692923 0.2693980 0.3000926 0.3911158 0.2747823 0.2692289 0.0927171 0.0376414 0.1441715 
n278_273   0.3041154 0.3090195 0.2849156 0.2934332 0.2938502 0.0518215 0.4325114 0.2933572 0.2990411 0.0168636 0.2984300 0.2898932 0.2934934 0.0000000 0.2985465 0.2407530 0.0518350 0.3593231 0.4155402 0.2554398 0.0518039 0.3045267 0.2938343 0.3150748 
n293_288   0.0341150 0.0446572 0.2946345 0.0100695 0.0341059 0.2741958 0.3579313 0.0100673 0.0376495 0.2987937 0.0134562 0.2996717 0.0168685 0.2985465 0.0000000 0.2643998 0.2742929 0.3050784 0.3630123 0.2698451 0.2741207 0.0775831 0.0341295 0.1360331 
n265_260   0.2742924 0.2790203 0.1281867 0.2595190 0.2644328 0.2270587 0.3972422 0.2594507 0.2648247 0.2456254 0.2643003 0.1322022 0.2692923 0.2407530 0.2643998 0.0000000 0.2271339 0.3261781 0.4093788 0.0237659 0.2269916 0.2652998 0.2598621 0.2748915 
n274_269   0.2843249 0.2842326 0.2654442 0.2693433 0.2743277 0.0134612 0.4458239 0.2692726 0.2793769 0.0554615 0.2741885 0.2702957 0.2693980 0.0518350 0.2742929 0.2271339 0.0000000 0.3599397 0.4406798 0.2415402 0.0134565 0.2798278 0.2743126 0.3002154 
n244_239   0.3107252 0.3105362 0.3763845 0.3048874 0.3053270 0.3597934 0.3201882 0.3048087 0.3002229 0.3763070 0.2998205 0.3820239 0.3000926 0.3593231 0.3050784 0.3261781 0.3599397 0.0000000 0.3147324 0.3430287 0.3593461 0.3385645 0.2949927 0.3370197 
n251_246   0.3855040 0.4025789 0.4463062 0.3795691 0.3854117 0.4289477 0.0626622 0.3736259 0.3860495 0.4277774 0.3851868 0.4524719 0.3911158 0.4155402 0.3630123 0.4093788 0.4406798 0.3147324 0.0000000 0.4162701 0.4339836 0.3800098 0.3801395 0.3856905 
n266_261   0.2798301 0.2845983 0.1324863 0.2649189 0.2698792 0.2414585 0.4039977 0.2648491 0.2702816 0.2604279 0.2697428 0.1365330 0.2747823 0.2554398 0.2698451 0.0237659 0.2415402 0.3430287 0.4162701 0.0000000 0.2413885 0.2707666 0.2652716 0.2804419 
n280_275   0.2841462 0.2889309 0.2652771 0.2691742 0.2741554 0.0134533 0.4390932 0.2691036 0.2792014 0.0554283 0.2740164 0.2701256 0.2692289 0.0518039 0.2741207 0.2269916 0.0134565 0.3593461 0.4339836 0.2413885 0.0000000 0.2845292 0.2741403 0.3000263 
n236_233   0.0887994 0.0964473 0.2907761 0.0851128 0.0887757 0.2748478 0.3748554 0.0850898 0.0888888 0.3047803 0.0888765 0.2958022 0.0927171 0.3045267 0.0775831 0.2652998 0.2798278 0.3385645 0.3800098 0.2707666 0.2845292 0.0000000 0.0850769 0.1322004 
n296_291   0.0168453 0.0202509 0.2949203 0.0306372 0.0100549 0.2742154 0.3748598 0.0306290 0.0033387 0.2940771 0.0341198 0.2999638 0.0376414 0.2938343 0.0341295 0.2598621 0.2743126 0.2949927 0.3801395 0.2652716 0.2741403 0.0850769 0.0000000 0.1441172 
n200_199   0.1564249 0.1564731 0.2955667 0.1400043 0.1480888 0.3001047 0.3750126 0.1399665 0.1482870 0.3153391 0.1400201 0.3006191 0.1441715 0.3150748 0.1360331 0.2748915 0.3002154 0.3370197 0.3856905 0.2804419 0.3000263 0.1322004 0.1441172 0.0000000 
