24
n298_301   0.0000000 0.4606460 0.2819956 0.3089647 0.3071807 0.0518220 0.1273716 0.1558289 0.0590552 0.2969956 0.0305992 0.3380938 0.4797476 0.4375035 0.3038615 0.3122273 0.3018365 0.0482579 0.0518441 0.0590335 0.2823728 0.0236862 0.3379141 0.0236963 
n251_254   0.4606460 0.0000000 0.3823625 0.4383295 0.3997719 0.4426269 0.4616884 0.4243546 0.4423433 0.4056429 0.4609385 0.4298719 0.0519438 0.3454354 0.4385034 0.4233629 0.4112018 0.4365815 0.4365687 0.4550250 0.3826661 0.4548984 0.4355671 0.4427891 
n277_280   0.2819956 0.3823625 0.0000000 0.2542859 0.0517526 0.2678061 0.3022696 0.2479962 0.2676638 0.0446223 0.2676133 0.2773065 0.4174971 0.3778522 0.2496877 0.0517430 0.0481456 0.2630384 0.2679293 0.2775652 0.0134426 0.2580246 0.2771641 0.2581599 
n286_289   0.3089647 0.4383295 0.2542859 0.0000000 0.2883600 0.3091930 0.3510894 0.2832533 0.3090208 0.2832625 0.3088452 0.1685963 0.4694411 0.4026273 0.0067239 0.2982611 0.2880374 0.3041289 0.3093370 0.3195695 0.2546213 0.3038676 0.1685146 0.3040342 
n274_277   0.3071807 0.3997719 0.0517526 0.2883600 0.0000000 0.2976677 0.3283315 0.2769552 0.2975045 0.0134389 0.3022982 0.3178582 0.4361422 0.4067361 0.2835612 0.0271420 0.0168292 0.2927008 0.2978055 0.3078421 0.0518122 0.2922443 0.3176909 0.2924022 
n287_290   0.0518220 0.4426269 0.2678061 0.3091930 0.2976677 0.0000000 0.1158436 0.1356109 0.0134653 0.2875982 0.0482764 0.3227704 0.4612804 0.4017993 0.3040855 0.3026569 0.2923897 0.0033408 0.0067002 0.0134606 0.2681614 0.0411789 0.3226002 0.0411966 
n236_239   0.1273716 0.4616884 0.3022696 0.3510894 0.3283315 0.1158436 0.0000000 0.1686916 0.1238096 0.3178382 0.1234758 0.3822396 0.4945490 0.4136586 0.3512053 0.3335322 0.3228131 0.1119491 0.1158946 0.1237606 0.2973314 0.1155997 0.3820311 0.1117146 
n200_203   0.1558289 0.4243546 0.2479962 0.2832533 0.2769552 0.1356109 0.1686916 0.0000000 0.1396808 0.2671903 0.1517918 0.3071418 0.4612435 0.3954862 0.2882337 0.2819004 0.2718490 0.1316160 0.1356711 0.1437420 0.2483203 0.1436026 0.3069813 0.1396403 
n296_299   0.0590552 0.4423433 0.2676638 0.3090208 0.2975045 0.0134653 0.1238096 0.1396808 0.0000000 0.2874421 0.0554760 0.3225889 0.4609788 0.3954632 0.3039170 0.3024901 0.2922303 0.0100772 0.0134709 0.0067012 0.2680188 0.0483040 0.3224189 0.0483248 
n292_295   0.2969956 0.4056429 0.0446223 0.2832625 0.0134389 0.2875982 0.3178382 0.2671903 0.2874421 0.0000000 0.2921758 0.3024118 0.4423273 0.3950540 0.2784958 0.0134423 0.0033343 0.2826984 0.2877311 0.2976328 0.0518010 0.2822600 0.3022541 0.2824112 
n275_278   0.0305992 0.4609385 0.2676133 0.3088452 0.3022982 0.0482764 0.1234758 0.1517918 0.0554760 0.2921758 0.0000000 0.3380838 0.4800566 0.4196870 0.3037443 0.3073136 0.2969898 0.0447272 0.0482970 0.0554557 0.2679681 0.0134497 0.3379041 0.0134553 
n266_269   0.3380938 0.4298719 0.2773065 0.1685963 0.3178582 0.3227704 0.3822396 0.3071418 0.3225889 0.3024118 0.3380838 0.0000000 0.4670130 0.4552873 0.1602473 0.3177761 0.3072914 0.3176376 0.3229203 0.3332898 0.2776767 0.3329414 0.0202634 0.3331276 
n255_258   0.4797476 0.0519438 0.4174971 0.4694411 0.4361422 0.4612804 0.4945490 0.4612435 0.4609788 0.4423273 0.4800566 0.4670130 0.0000000 0.3510262 0.4696331 0.4609942 0.4481591 0.4550811 0.4550672 0.4739927 0.4178342 0.4738662 0.4729801 0.4614563 
n244_247   0.4375035 0.3454354 0.3778522 0.4026273 0.4067361 0.4017993 0.4136586 0.3954862 0.3954632 0.3950540 0.4196870 0.4552873 0.3510262 0.0000000 0.4027813 0.4125385 0.4005458 0.3960672 0.4019877 0.4073590 0.3783924 0.4078462 0.4547698 0.4080907 
n285_288   0.3038615 0.4385034 0.2496877 0.0067239 0.2835612 0.3040855 0.3512053 0.2882337 0.3039170 0.2784958 0.3037443 0.1602473 0.4696331 0.4027813 0.0000000 0.2934034 0.2832446 0.2990558 0.3042270 0.3143905 0.2500163 0.2987989 0.1601700 0.2989620 
n280_283   0.3122273 0.4233629 0.0517430 0.2982611 0.0271420 0.3026569 0.3335322 0.2819004 0.3024901 0.0134423 0.3073136 0.3177761 0.4609942 0.4125385 0.2934034 0.0000000 0.0168334 0.2976566 0.3027971 0.3129009 0.0662883 0.2971912 0.3176089 0.2973524 
n299_302   0.3018365 0.4112018 0.0481456 0.2880374 0.0168292 0.2923897 0.3228131 0.2718490 0.2922303 0.0033343 0.2969898 0.3072914 0.4481591 0.4005458 0.2832446 0.0168334 0.0000000 0.2874609 0.2925249 0.3024848 0.0553598 0.2870142 0.3071308 0.2871684 
n290_293   0.0482579 0.4365815 0.2630384 0.3041289 0.2927008 0.0033408 0.1119491 0.1316160 0.0100772 0.2826984 0.0447272 0.3176376 0.4550811 0.3960672 0.2990558 0.2976566 0.2874609 0.0000000 0.0033429 0.0100736 0.2633863 0.0376631 0.3174706 0.0376792 
n289_292   0.0518441 0.4365687 0.2679293 0.3093370 0.2978055 0.0067002 0.1158946 0.1356711 0.0134709 0.2877311 0.0482970 0.3229203 0.4550672 0.4019877 0.3042270 0.3027971 0.2925249 0.0033429 0.0000000 0.0134662 0.2682850 0.0411964 0.3227499 0.0412141 
n295_298   0.0590335 0.4550250 0.2775652 0.3195695 0.3078421 0.0134606 0.1237606 0.1437420 0.0067012 0.2976328 0.0554557 0.3332898 0.4739927 0.4073590 0.3143905 0.3129009 0.3024848 0.0100736 0.0134662 0.0000000 0.2779358 0.0482864 0.3331130 0.0483073 
n278_281   0.2823728 0.3826661 0.0134426 0.2546213 0.0518122 0.2681614 0.2973314 0.2483203 0.2680188 0.0518010 0.2679681 0.2776767 0.4178342 0.3783924 0.2500163 0.0662883 0.0553598 0.2633863 0.2682850 0.2779358 0.0000000 0.2583646 0.2775338 0.2585002 
n293_296   0.0236862 0.4548984 0.2580246 0.3038676 0.2922443 0.0411789 0.1155997 0.1436026 0.0483040 0.2822600 0.0134497 0.3329414 0.4738662 0.4078462 0.2987989 0.2971912 0.2870142 0.0376631 0.0411964 0.0482864 0.2583646 0.0000000 0.3327649 0.0066965 
n265_268   0.3379141 0.4355671 0.2771641 0.1685146 0.3176909 0.3226002 0.3820311 0.3069813 0.3224189 0.3022541 0.3379041 0.0202634 0.4729801 0.4547698 0.1601700 0.3176089 0.3071308 0.3174706 0.3227499 0.3331130 0.2775338 0.3327649 0.0000000 0.3329509 
n294_297   0.0236963 0.4427891 0.2581599 0.3040342 0.2924022 0.0411966 0.1117146 0.1396403 0.0483248 0.2824112 0.0134553 0.3331276 0.4614563 0.4080907 0.2989620 0.2973524 0.2871684 0.0376792 0.0412141 0.0483073 0.2585002 0.0066965 0.3329509 0.0000000 
