13
n292_247   0.0000000 0.4027293 0.2336360 0.3641027 0.0168685 0.2580105 0.2337673 0.0033439 0.0630444 0.3700545 0.0169005 0.2678226 0.0705440 
n244_213   0.4027293 0.0000000 0.4737639 0.3108514 0.4082642 0.4933758 0.4603892 0.4089583 0.4337619 0.3329049 0.4209521 0.4922817 0.4475739 
n265_232   0.2336360 0.4737639 0.0000000 0.3949861 0.2382095 0.1620404 0.0343214 0.2384521 0.2531310 0.3896115 0.2530992 0.1705784 0.2682657 
n251_220   0.3641027 0.3108514 0.3949861 0.0000000 0.3750240 0.4087398 0.3704265 0.3699548 0.3585632 0.0376442 0.3821933 0.4209740 0.3831138 
n280_241   0.0168685 0.4082642 0.2382095 0.3750240 0.0000000 0.2674911 0.2429412 0.0202997 0.0778394 0.3810681 0.0272092 0.2774267 0.0855240 
n285_244   0.2580105 0.4933758 0.1620404 0.4087398 0.2674911 0.0000000 0.1619476 0.2630113 0.2679154 0.4145955 0.2682021 0.0067004 0.2784127 
n266_233   0.2337673 0.4603892 0.0343214 0.3704265 0.2429412 0.1619476 0.0000000 0.2385865 0.2579716 0.3652135 0.2532431 0.1704806 0.2732162 
n299_248   0.0033439 0.4089583 0.2384521 0.3699548 0.0202997 0.2630113 0.2385865 0.0000000 0.0667464 0.3759606 0.0203383 0.2728967 0.0742953 
n277_238   0.0630444 0.4337619 0.2531310 0.3585632 0.0778394 0.2679154 0.2579716 0.0667464 0.0000000 0.3586360 0.0705131 0.2778704 0.0203867 
n255_224   0.3700545 0.3329049 0.3896115 0.0376442 0.3810681 0.4145955 0.3652135 0.3759606 0.3586360 0.0000000 0.3883168 0.4269314 0.3831991 
n274_237   0.0169005 0.4209521 0.2530992 0.3821933 0.0272092 0.2682021 0.2532431 0.0203383 0.0705131 0.3883168 0.0000000 0.2683487 0.0781164 
n286_245   0.2678226 0.4922817 0.1705784 0.4209740 0.2774267 0.0067004 0.1704806 0.2728967 0.2778704 0.4269314 0.2683487 0.0000000 0.2885310 
n278_239   0.0705440 0.4475739 0.2682657 0.3831138 0.0855240 0.2784127 0.2732162 0.0742953 0.0203867 0.3831991 0.0781164 0.2885310 0.0000000 
