25
n236_237   0.0000000 0.2923733 0.0933029 0.3058464 0.0892731 0.4572345 0.0932568 0.2998059 0.0853471 0.3219693 0.0893055 0.3005626 0.3167107 0.3025997 0.0817365 0.0969783 0.3167443 0.3168569 0.1206159 0.3103618 0.1009260 0.0891185 0.4855391 0.4758252 0.1875515 
n266_267   0.2923733 0.0000000 0.2782310 0.2291785 0.2721919 0.4035239 0.2780756 0.1089803 0.2721638 0.2291225 0.2622481 0.2244803 0.2245231 0.0134317 0.2625177 0.2627877 0.2245467 0.2246163 0.2878004 0.1169274 0.2679572 0.2671878 0.4111447 0.4092134 0.3119391 
n296_297   0.0933029 0.2782310 0.0000000 0.2747617 0.0203530 0.4079106 0.0067146 0.2739938 0.0377915 0.2699662 0.0203599 0.2697120 0.2602613 0.2882827 0.0135085 0.0343397 0.2650965 0.2651840 0.0558451 0.2789688 0.0378984 0.0342633 0.4508649 0.4263125 0.1576201 
n277_278   0.3058464 0.2291785 0.2747617 0.0000000 0.2690734 0.3869357 0.2746079 0.1970034 0.2639766 0.0740226 0.2591229 0.0033297 0.0740277 0.2332102 0.2593899 0.2743038 0.0703348 0.0703525 0.2892708 0.2060473 0.2795915 0.2688385 0.4106390 0.3809196 0.3198380 
n290_291   0.0892731 0.2721919 0.0203530 0.2690734 0.0000000 0.4185518 0.0203436 0.2737271 0.0376933 0.2643237 0.0134797 0.2640752 0.2547123 0.2821287 0.0067080 0.0342500 0.2595010 0.2595858 0.0556984 0.2838767 0.0377999 0.0341754 0.4694735 0.4250456 0.1530641 
n255_256   0.4572345 0.4035239 0.4079106 0.3869357 0.4185518 0.0000000 0.4139386 0.3941562 0.3954032 0.4300725 0.4062470 0.3810414 0.4240200 0.4154668 0.4067246 0.4080551 0.4240650 0.4242406 0.4390584 0.3943573 0.4145857 0.4012392 0.3368321 0.0411697 0.4669286 
n295_296   0.0932568 0.2780756 0.0067146 0.2746079 0.0203436 0.4139386 0.0000000 0.2738408 0.0377727 0.2698154 0.0203505 0.2695616 0.2601168 0.2881206 0.0135023 0.0343234 0.2649489 0.2650363 0.0558183 0.2788125 0.0378804 0.0342473 0.4505833 0.4324941 0.1575390 
n286_287   0.2998059 0.1089803 0.2739938 0.1970034 0.2737271 0.3941562 0.2738408 0.0000000 0.2589358 0.2063424 0.2637171 0.1925212 0.2018790 0.1168712 0.2639897 0.2593603 0.2019003 0.2019609 0.2843671 0.0067201 0.2645258 0.2540289 0.3881558 0.3944975 0.2981484 
n298_299   0.0853471 0.2721638 0.0377915 0.2639766 0.0376933 0.3954032 0.0377727 0.2589358 0.0000000 0.2690737 0.0377063 0.2590176 0.2594084 0.2820969 0.0307009 0.0134996 0.2642240 0.2643108 0.0342894 0.2688716 0.0169288 0.0033456 0.4506495 0.4134586 0.1569900 
n299_300   0.3219693 0.2291225 0.2699662 0.0740226 0.2643237 0.4300725 0.2698154 0.2063424 0.2690737 0.0000000 0.2544363 0.0703008 0.0066879 0.2428767 0.2546974 0.2695185 0.0033366 0.0100550 0.2795194 0.2155223 0.2747688 0.2640942 0.4190318 0.4304573 0.3044984 
n287_288   0.0893055 0.2622481 0.0203599 0.2591229 0.0134797 0.4062470 0.0203505 0.2637171 0.0377063 0.2544363 0.0000000 0.2541967 0.2449539 0.2720450 0.0067102 0.0342617 0.2496782 0.2497587 0.0557180 0.2737193 0.0378130 0.0341871 0.4562841 0.4245508 0.1447144 
n278_279   0.3005626 0.2244803 0.2697120 0.0033297 0.2640752 0.3810414 0.2695616 0.1925212 0.2590176 0.0703008 0.2541967 0.0000000 0.0703056 0.2284952 0.2544574 0.2692651 0.0666321 0.0666488 0.2841276 0.2015051 0.2745105 0.2638461 0.4045488 0.3750762 0.3144766 
n292_293   0.3167107 0.2245231 0.2602613 0.0740277 0.2547123 0.4240200 0.2601168 0.2018790 0.2594084 0.0066879 0.2449539 0.0703056 0.0000000 0.2381969 0.2452033 0.2598342 0.0033368 0.0100557 0.2745227 0.2110017 0.2650082 0.2544936 0.4130556 0.4243972 0.2993856 
n265_266   0.3025997 0.0134317 0.2882827 0.2332102 0.2821287 0.4154668 0.2881206 0.1168712 0.2820969 0.2428767 0.2720450 0.2284952 0.2381969 0.0000000 0.2723271 0.2726066 0.2382220 0.2382971 0.2979686 0.1249100 0.2778555 0.2770516 0.4232336 0.4212448 0.3224112 
n289_290   0.0817365 0.2625177 0.0135085 0.2593899 0.0067080 0.4067246 0.0135023 0.2639897 0.0307009 0.2546974 0.0067102 0.2544574 0.2452033 0.2723271 0.0000000 0.0272767 0.2499335 0.2500141 0.0485114 0.2740048 0.0307864 0.0272175 0.4568439 0.4250581 0.1448477 
n293_294   0.0969783 0.2627877 0.0343397 0.2743038 0.0342500 0.4080551 0.0343234 0.2593603 0.0134996 0.2695185 0.0342617 0.2692651 0.2598342 0.2726066 0.0272767 0.0000000 0.2646592 0.2647464 0.0273348 0.2693159 0.0033516 0.0100984 0.4503711 0.4264576 0.1572261 
n280_281   0.3167443 0.2245467 0.2650965 0.0703348 0.2595010 0.4240650 0.2649489 0.2019003 0.2642240 0.0033366 0.2496782 0.0666321 0.0033368 0.2382220 0.2499335 0.2646592 0.0000000 0.0066890 0.2794411 0.2110240 0.2698712 0.2592770 0.4130994 0.4244423 0.2994172 
n274_275   0.3168569 0.2246163 0.2651840 0.0703525 0.2595858 0.4242406 0.2650363 0.2019609 0.2643108 0.0100550 0.2497587 0.0666488 0.0100557 0.2382971 0.2500141 0.2647464 0.0066890 0.0000000 0.2795349 0.2110882 0.2699608 0.2593616 0.4251962 0.4246183 0.2889595 
n275_276   0.1206159 0.2878004 0.0558451 0.2892708 0.0556984 0.4390584 0.0558183 0.2843671 0.0342894 0.2795194 0.0557180 0.2841276 0.2745227 0.2979686 0.0485114 0.0273348 0.2794411 0.2795349 0.0000000 0.2893787 0.0308523 0.0307776 0.4848769 0.4582766 0.1830559 
n285_286   0.3103618 0.1169274 0.2789688 0.2060473 0.2838767 0.3943573 0.2788125 0.0067201 0.2688716 0.2155223 0.2737193 0.2015051 0.2110017 0.1249100 0.2740048 0.2693159 0.2110240 0.2110882 0.2893787 0.0000000 0.2745638 0.2638943 0.3883534 0.3946989 0.3086274 
n294_295   0.1009260 0.2679572 0.0378984 0.2795915 0.0377999 0.4145857 0.0378804 0.2645258 0.0169288 0.2747688 0.0378130 0.2745105 0.2650082 0.2778555 0.0307864 0.0033516 0.2698712 0.2699608 0.0308523 0.2745638 0.0000000 0.0135077 0.4573120 0.4331751 0.1615761 
n297_298   0.0891185 0.2671878 0.0342633 0.2688385 0.0341754 0.4012392 0.0342473 0.2540289 0.0033456 0.2640942 0.0341871 0.2638461 0.2544936 0.2770516 0.0272175 0.0100984 0.2592770 0.2593616 0.0307776 0.2638943 0.0135077 0.0000000 0.4569250 0.4194396 0.1527882 
n244_245   0.4855391 0.4111447 0.4508649 0.4106390 0.4694735 0.3368321 0.4505833 0.3881558 0.4506495 0.4190318 0.4562841 0.4045488 0.4130556 0.4232336 0.4568439 0.4503711 0.4130994 0.4251962 0.4848769 0.3883534 0.4573120 0.4569250 0.0000000 0.3252849 0.4893095 
n251_252   0.4758252 0.4092134 0.4263125 0.3809196 0.4250456 0.0411697 0.4324941 0.3944975 0.4134586 0.4304573 0.4245508 0.3750762 0.4243972 0.4212448 0.4250581 0.4264576 0.4244423 0.4246183 0.4582766 0.3946989 0.4331751 0.4194396 0.3252849 0.0000000 0.4742392 
n200_201   0.1875515 0.3119391 0.1576201 0.3198380 0.1530641 0.4669286 0.1575390 0.2981484 0.1569900 0.3044984 0.1447144 0.3144766 0.2993856 0.3224112 0.1448477 0.1572261 0.2994172 0.2889595 0.1830559 0.3086274 0.1615761 0.1527882 0.4893095 0.4742392 0.0000000 
