23
n236_237   0.0000000 0.2378969 0.0922601 0.3360992 0.0999421 0.3668549 0.0998318 0.2752184 0.0848561 0.3160487 0.0961252 0.3203343 0.3157320 0.2563290 0.0923734 0.3208128 0.3108606 0.2657686 0.0886261 0.0886223 0.4193784 0.3562353 0.1232933 
n266_267   0.2378969 0.0000000 0.2239562 0.3006943 0.2332599 0.3288789 0.2329548 0.1344762 0.2066216 0.2763860 0.2286854 0.2856575 0.2761219 0.0236930 0.2198381 0.2809448 0.2714692 0.1188022 0.2110853 0.2110673 0.3726396 0.3187885 0.2332146 
n296_297   0.0922601 0.2239562 0.0000000 0.3043298 0.0202848 0.3142356 0.0067022 0.2699615 0.0341170 0.2852467 0.0168646 0.2892781 0.2849720 0.2420329 0.0446426 0.2898384 0.2802834 0.2512851 0.0376226 0.0376215 0.3726392 0.3091788 0.1036513 
n277_278   0.3360992 0.3006943 0.3043298 0.0000000 0.3147754 0.4108026 0.3143206 0.3150750 0.3048461 0.0699008 0.3096669 0.0168531 0.0698488 0.3307124 0.3099512 0.0698444 0.0625916 0.3102070 0.3099512 0.3099119 0.4258921 0.3995838 0.3517586 
n290_291   0.0999421 0.2332599 0.0202848 0.3147754 0.0000000 0.3347545 0.0271657 0.2798908 0.0411659 0.3001599 0.0033446 0.2994904 0.2998656 0.2515775 0.0517977 0.3048302 0.2950935 0.2609568 0.0447090 0.0447076 0.3895584 0.3245681 0.1114605 
n255_256   0.3668549 0.3288789 0.3142356 0.4108026 0.3347545 0.0000000 0.3243525 0.3931212 0.3191712 0.3725100 0.3295133 0.3934370 0.3665130 0.3446103 0.3239210 0.3771023 0.3612751 0.3713211 0.3189751 0.3243210 0.3339995 0.0134183 0.3248865 
n295_296   0.0998318 0.2329548 0.0067022 0.3143206 0.0271657 0.3243525 0.0000000 0.2795047 0.0411236 0.2950129 0.0237141 0.2990668 0.2947255 0.2512414 0.0517447 0.2996537 0.2899845 0.2606042 0.0446628 0.0446614 0.3835735 0.3192275 0.1113358 
n286_287   0.2752184 0.1344762 0.2699615 0.3150750 0.2798908 0.3931212 0.2795047 0.0000000 0.2559425 0.3003385 0.2750238 0.2997788 0.3000439 0.1544701 0.2699965 0.3050100 0.2952704 0.0134184 0.2607064 0.2606791 0.4403106 0.3821749 0.2946702 
n298_299   0.0848561 0.2066216 0.0341170 0.3048461 0.0411659 0.3191712 0.0411236 0.2559425 0.0000000 0.2805851 0.0376451 0.2897596 0.2803162 0.2243273 0.0100785 0.2851564 0.2806079 0.2375865 0.0033465 0.0033464 0.3786941 0.3091921 0.1037895 
n299_300   0.3160487 0.2763860 0.2852467 0.0699008 0.3001599 0.3725100 0.2950129 0.3003385 0.2805851 0.0000000 0.3001188 0.0662431 0.0066998 0.3055016 0.2855292 0.0134549 0.0202991 0.2856490 0.2855292 0.2854961 0.4083765 0.3508846 0.3258648 
n287_288   0.0961252 0.2286854 0.0168646 0.3096669 0.0033446 0.3295133 0.0237141 0.2750238 0.0376451 0.3001188 0.0000000 0.2944910 0.2998245 0.2468904 0.0482275 0.3047882 0.2950531 0.2562103 0.0411707 0.0411694 0.3838998 0.3193975 0.1075843 
n278_279   0.3203343 0.2856575 0.2892781 0.0168531 0.2994904 0.3934370 0.2990668 0.2997788 0.2897596 0.0662431 0.2944910 0.0000000 0.0661941 0.3150743 0.2947561 0.0661900 0.0589708 0.2950028 0.2947561 0.2947208 0.4137025 0.3824755 0.3356653 
n292_293   0.3157320 0.2761219 0.2849720 0.0698488 0.2998656 0.3665130 0.2947255 0.3000439 0.2803162 0.0066998 0.2998245 0.0661941 0.0000000 0.3051998 0.2852539 0.0134456 0.0202848 0.2853735 0.2852539 0.2852209 0.4025152 0.3450833 0.3255349 
n265_266   0.2563290 0.0236930 0.2420329 0.3307124 0.2515775 0.3446103 0.2512414 0.1544701 0.2243273 0.3055016 0.2468904 0.3150743 0.3051998 0.0000000 0.2378442 0.3102033 0.3003943 0.1384074 0.2288985 0.2288774 0.3775827 0.3343122 0.2515248 
n293_294   0.0923734 0.2198381 0.0446426 0.3099512 0.0517977 0.3239210 0.0517447 0.2699965 0.0100785 0.2855292 0.0482275 0.2947561 0.2852539 0.2378442 0.0000000 0.2901269 0.2855526 0.2513177 0.0067029 0.0134705 0.3892387 0.3138911 0.1153401 
n280_281   0.3208128 0.2809448 0.2898384 0.0698444 0.3048302 0.3771023 0.2996537 0.3050100 0.2851564 0.0134549 0.3047882 0.0661900 0.0134456 0.3102033 0.2901269 0.0000000 0.0202838 0.2902466 0.2901269 0.2900927 0.4074981 0.3553887 0.3306749 
n274_275   0.3108606 0.2714692 0.2802834 0.0625916 0.2950935 0.3612751 0.2899845 0.2952704 0.2806079 0.0202991 0.2950531 0.0589708 0.0202848 0.3003943 0.2855526 0.0202838 0.0000000 0.2806788 0.2855526 0.2855195 0.4025023 0.3399781 0.3155200 
n285_286   0.2657686 0.1188022 0.2512851 0.3102070 0.2609568 0.3713211 0.2606042 0.0134184 0.2375865 0.2856490 0.2562103 0.2950028 0.2853735 0.1384074 0.2513177 0.2902466 0.2806788 0.0000000 0.2422356 0.2422111 0.4171231 0.3606693 0.2753705 
n294_295   0.0886261 0.2110853 0.0376226 0.3099512 0.0447090 0.3189751 0.0446628 0.2607064 0.0033465 0.2855292 0.0411707 0.2947561 0.2852539 0.2288985 0.0067029 0.2901269 0.2855526 0.2422356 0.0000000 0.0067090 0.3784510 0.3090036 0.1076600 
n297_298   0.0886223 0.2110673 0.0376215 0.3099119 0.0447076 0.3243210 0.0446614 0.2606791 0.0033464 0.2854961 0.0411694 0.2947208 0.2852209 0.2288774 0.0134705 0.2900927 0.2855195 0.2422111 0.0067090 0.0000000 0.3842826 0.3142757 0.1076547 
n244_245   0.4193784 0.3726396 0.3726392 0.4258921 0.3895584 0.3339995 0.3835735 0.4403106 0.3786941 0.4083765 0.3838998 0.4137025 0.4025152 0.3775827 0.3892387 0.4074981 0.4025023 0.4171231 0.3784510 0.3842826 0.0000000 0.3238418 0.3961284 
n251_252   0.3562353 0.3187885 0.3091788 0.3995838 0.3245681 0.0134183 0.3192275 0.3821749 0.3091921 0.3508846 0.3193975 0.3824755 0.3450833 0.3343122 0.3138911 0.3553887 0.3399781 0.3606693 0.3090036 0.3142757 0.3238418 0.0000000 0.3148195 
n200_201   0.1232933 0.2332146 0.1036513 0.3517586 0.1114605 0.3248865 0.1113358 0.2946702 0.1037895 0.3258648 0.1075843 0.3356653 0.3255349 0.2515248 0.1153401 0.3306749 0.3155200 0.2753705 0.1076600 0.1076547 0.3961284 0.3148195 0.0000000 
