25
n236_237   0.0000000 0.3699120 0.1077825 0.3598922 0.0962431 0.4973521 0.1116608 0.3326732 0.1274577 0.3440800 0.1000241 0.3435998 0.3700452 0.0962488 0.1156354 0.3492203 0.3440482 0.1195828 0.3379502 0.1235312 0.1314813 0.4395186 0.4844315 0.1772416 0.3548037 
n266_267   0.3699120 0.0000000 0.3799816 0.3058103 0.3580982 0.5088254 0.3855647 0.1428784 0.3857151 0.3016141 0.3749435 0.2907193 0.0340823 0.3638539 0.3804822 0.3016193 0.3017336 0.3861914 0.1427794 0.3861975 0.3914808 0.4100684 0.4825359 0.3532102 0.3117162 
n296_297   0.1077825 0.3799816 0.0000000 0.3535569 0.0202865 0.4952195 0.0033408 0.3418408 0.0411280 0.3483157 0.0202791 0.3374383 0.3742261 0.0134546 0.0306303 0.3539481 0.3482836 0.0341201 0.3471649 0.0376219 0.0446737 0.4136052 0.4829192 0.1809614 0.3590695 
n277_278   0.3598922 0.3058103 0.3535569 0.0000000 0.3427777 0.4512870 0.3589579 0.2480596 0.3644318 0.0591242 0.3484233 0.0100689 0.2910856 0.3427830 0.3647216 0.0664152 0.0627501 0.3703173 0.2527617 0.3644983 0.3588446 0.4274991 0.4505708 0.3321234 0.0663987 
n290_291   0.0962431 0.3580982 0.0202865 0.3427777 0.0000000 0.4890038 0.0237226 0.3210304 0.0376677 0.3376081 0.0134676 0.3268917 0.3525163 0.0067017 0.0272036 0.3431533 0.3375770 0.0306816 0.3262089 0.0341720 0.0412009 0.4198306 0.4763465 0.1684162 0.3482075 
n255_256   0.4973521 0.5088254 0.4952195 0.4512870 0.4890038 0.0000000 0.5017383 0.4097635 0.5215458 0.4513468 0.4891109 0.4329219 0.4892314 0.4821996 0.5153734 0.4638811 0.4513035 0.5222602 0.4156116 0.5222661 0.5212316 0.3433004 0.0446891 0.4507377 0.4574767 
n295_296   0.1116608 0.3855647 0.0033408 0.3589579 0.0237226 0.5017383 0.0000000 0.3471455 0.0446613 0.3536810 0.0237139 0.3427231 0.3797641 0.0168570 0.0341137 0.3593568 0.3536483 0.0376208 0.3525074 0.0411394 0.0482250 0.4194388 0.4893374 0.1808424 0.3645119 
n286_287   0.3326732 0.1428784 0.3418408 0.2480596 0.3210304 0.4097635 0.3471455 0.0000000 0.3529316 0.2483756 0.3319221 0.2340779 0.1269491 0.3264818 0.3422826 0.2578654 0.2530593 0.3476959 0.0066864 0.3477016 0.3530460 0.3598432 0.3867114 0.3112052 0.2577832 
n298_299   0.1274577 0.3857151 0.0411280 0.3644318 0.0376677 0.5215458 0.0446613 0.3529316 0.0000000 0.3645076 0.0376539 0.3480763 0.3740314 0.0306572 0.0100736 0.3702719 0.3644737 0.0134649 0.3583401 0.0168705 0.0033408 0.4555868 0.5088351 0.1897902 0.3754953 
n299_300   0.3440800 0.3016141 0.3483157 0.0591242 0.3376081 0.4513468 0.3536810 0.2483756 0.3645076 0.0000000 0.3427515 0.0483235 0.2768914 0.3376137 0.3536762 0.0067024 0.0033427 0.3591849 0.2530851 0.3534615 0.3589190 0.4160068 0.4447476 0.3223169 0.0067008 
n287_288   0.1000241 0.3749435 0.0202791 0.3484233 0.0134676 0.4891109 0.0237139 0.3319221 0.0376539 0.3427515 0.0000000 0.3324063 0.3692229 0.0066993 0.0271937 0.3483361 0.3427199 0.0306704 0.3371829 0.0341595 0.0411857 0.4255273 0.4829389 0.1769174 0.3534203 
n278_279   0.3435998 0.2907193 0.3374383 0.0100689 0.3268917 0.4329219 0.3427231 0.2340779 0.3480763 0.0483235 0.3324063 0.0000000 0.2762797 0.3268978 0.3483511 0.0555037 0.0518961 0.3538200 0.2386907 0.3481405 0.3426148 0.4096970 0.4322454 0.3164631 0.0554901 
n265_266   0.3700452 0.0340823 0.3742261 0.2910856 0.3525163 0.4892314 0.3797641 0.1269491 0.3740314 0.2768914 0.3692229 0.2762797 0.0000000 0.3582230 0.3688770 0.2768956 0.2769997 0.3744889 0.1268622 0.3744948 0.3796984 0.4044035 0.4636133 0.3476584 0.2866637 
n289_290   0.0962488 0.3638539 0.0134546 0.3427830 0.0067017 0.4821996 0.0168570 0.3264818 0.0306572 0.3376137 0.0066993 0.3268978 0.3582230 0.0000000 0.0202968 0.3431587 0.3375826 0.0237390 0.3317017 0.0271945 0.0341531 0.4136760 0.4701017 0.1684241 0.3482125 
n293_294   0.1156354 0.3804822 0.0306303 0.3647216 0.0272036 0.5153734 0.0341137 0.3422826 0.0100736 0.3536762 0.0271937 0.3483511 0.3688770 0.0202968 0.0000000 0.3593515 0.3536434 0.0033434 0.3476148 0.0067022 0.0134661 0.4434078 0.5027526 0.1769324 0.3645062 
n280_281   0.3492203 0.3016193 0.3539481 0.0664152 0.3431533 0.4638811 0.3593568 0.2578654 0.3702719 0.0067024 0.3483361 0.0555037 0.2768956 0.3431587 0.3593515 0.0000000 0.0100759 0.3649070 0.2626368 0.3591324 0.3646357 0.4159637 0.4571579 0.3328298 0.0134658 
n274_275   0.3440482 0.3017336 0.3482836 0.0627501 0.3375770 0.4513035 0.3536483 0.2530593 0.3644737 0.0033427 0.3427199 0.0518961 0.2769997 0.3375826 0.3536434 0.0100759 0.0000000 0.3591516 0.2577985 0.3534288 0.3588857 0.4159674 0.4447051 0.3222874 0.0100736 
n275_276   0.1195828 0.3861914 0.0341201 0.3703173 0.0306816 0.5222602 0.0376208 0.3476959 0.0134649 0.3591849 0.0306704 0.3538200 0.3744889 0.0237390 0.0033434 0.3649070 0.3591516 0.0000000 0.3530682 0.0100782 0.0168746 0.4373860 0.5095258 0.1812384 0.3700979 
n285_286   0.3379502 0.1427794 0.3471649 0.2527617 0.3262089 0.4156116 0.3525074 0.0066864 0.3583401 0.2530851 0.3371829 0.2386907 0.1268622 0.3317017 0.3476148 0.2626368 0.2577985 0.3530682 0.0000000 0.3530740 0.3584567 0.3706381 0.3923800 0.3163227 0.2625526 
n294_295   0.1235312 0.3861975 0.0376219 0.3644983 0.0341720 0.5222661 0.0411394 0.3477016 0.0168705 0.3534615 0.0341595 0.3481405 0.3744948 0.0271945 0.0067022 0.3591324 0.3534288 0.0100782 0.3530740 0.0000000 0.0202970 0.4496321 0.5095319 0.1812420 0.3642832 
n297_298   0.1314813 0.3914808 0.0446737 0.3588446 0.0412009 0.5212316 0.0482250 0.3530460 0.0033408 0.3589190 0.0411857 0.3426148 0.3796984 0.0341531 0.0134661 0.3646357 0.3588857 0.0168746 0.3584567 0.0202970 0.0000000 0.4553265 0.5085314 0.1941880 0.3698221 
n244_245   0.4395186 0.4100684 0.4136052 0.4274991 0.4198306 0.3433004 0.4194388 0.3598432 0.4555868 0.4160068 0.4255273 0.4096970 0.4044035 0.4136760 0.4434078 0.4159637 0.4159674 0.4373860 0.3706381 0.4496321 0.4553265 0.0000000 0.3488523 0.4276448 0.4156654 
n251_252   0.4844315 0.4825359 0.4829192 0.4505708 0.4763465 0.0446891 0.4893374 0.3867114 0.5088351 0.4447476 0.4829389 0.4322454 0.4636133 0.4701017 0.5027526 0.4571579 0.4447051 0.5095258 0.3923800 0.5095319 0.5085314 0.3488523 0.0000000 0.4387088 0.4508184 
n200_201   0.1772416 0.3532102 0.1809614 0.3321234 0.1684162 0.4507377 0.1808424 0.3112052 0.1897902 0.3223169 0.1769174 0.3164631 0.3476584 0.1684241 0.1769324 0.3328298 0.3222874 0.1812384 0.3163227 0.1812420 0.1941880 0.4276448 0.4387088 0.0000000 0.3327137 
n300_301   0.3548037 0.3117162 0.3590695 0.0663987 0.3482075 0.4574767 0.3645119 0.2577832 0.3754953 0.0067008 0.3534203 0.0554901 0.2866637 0.3482125 0.3645062 0.0134658 0.0100736 0.3700979 0.2625526 0.3642832 0.3698221 0.4156654 0.4508184 0.3327137 0.0000000 
