22
n236_237   0.0000000 0.2998949 0.0702469 0.3259630 0.0591595 0.3267123 0.0665385 0.3046127 0.0701272 0.3054277 0.3260338 0.3105624 0.2949331 0.0738910 0.0701480 0.2951300 0.3159988 0.0701044 0.3046380 0.2782468 0.3482889 0.1489097 
n266_267   0.2998949 0.0000000 0.2847904 0.2698828 0.2645821 0.3716692 0.2748306 0.1320052 0.2743759 0.2700140 0.2455902 0.2748988 0.0134533 0.2845194 0.2842740 0.2602198 0.2800504 0.2891932 0.1401812 0.3520690 0.3886260 0.3061876 
n296_297   0.0702469 0.2847904 0.0000000 0.3005529 0.0237628 0.3218332 0.0100882 0.2944246 0.0341931 0.2803245 0.2900355 0.2852859 0.2799270 0.0342409 0.0342025 0.2703758 0.2905246 0.0341821 0.2944488 0.2835540 0.3432801 0.1406912 
n277_278   0.3259630 0.2698828 0.3005529 0.0000000 0.2900732 0.3722990 0.3107168 0.2902867 0.3053163 0.0591848 0.0202715 0.0628178 0.2700135 0.3058226 0.3156735 0.0483575 0.0628560 0.3104148 0.2955708 0.3687177 0.3893212 0.3443328 
n290_291   0.0591595 0.2645821 0.0237628 0.2900732 0.0000000 0.3108182 0.0203113 0.2739606 0.0237236 0.2701528 0.2797244 0.2750405 0.2598546 0.0134688 0.0237300 0.2603528 0.2801953 0.0237159 0.2739827 0.2732195 0.3319066 0.1282981 
n255_256   0.3267123 0.3716692 0.3218332 0.3722990 0.3108182 0.0000000 0.3217411 0.3492434 0.3057359 0.3612381 0.3605905 0.3668108 0.3660906 0.3321844 0.3161564 0.3500617 0.3670360 0.3159120 0.3550304 0.2496006 0.0413535 0.3334297 
n295_296   0.0665385 0.2748306 0.0100882 0.3107168 0.0203113 0.3217411 0.0000000 0.2843442 0.0306870 0.2902097 0.3000464 0.2952377 0.2700316 0.0342112 0.0306954 0.2801268 0.3005525 0.0306771 0.2893210 0.2834749 0.3431807 0.1365544 
n286_287   0.3046127 0.1320052 0.2944246 0.2902867 0.2739606 0.3492434 0.2843442 0.0000000 0.2838716 0.2853912 0.2652589 0.2903880 0.1362319 0.2837044 0.2990931 0.2753712 0.2956670 0.2988660 0.0134565 0.3354772 0.3547706 0.3108504 
n298_299   0.0701272 0.2743759 0.0341931 0.3053163 0.0237236 0.3057359 0.0306870 0.2838716 0.0000000 0.2849725 0.2947351 0.2899614 0.2695861 0.0376766 0.0271847 0.2749683 0.2952318 0.0202738 0.2838114 0.2781132 0.3266792 0.1363835 
n299_300   0.3054277 0.2700140 0.2803245 0.0591848 0.2701528 0.3612381 0.2902097 0.2853912 0.2849725 0.0000000 0.0519011 0.0033408 0.2701448 0.2854385 0.2950347 0.0100811 0.0237692 0.3000330 0.2906376 0.3693200 0.3780084 0.3283415 
n278_279   0.3260338 0.2455902 0.2900355 0.0202715 0.2797244 0.3605905 0.3000464 0.2652589 0.2947351 0.0519011 0.0000000 0.0554938 0.2457092 0.2952200 0.3049307 0.0411981 0.0555271 0.2997557 0.2703435 0.3573837 0.3773287 0.3330898 
n292_293   0.3105624 0.2748988 0.2852859 0.0628178 0.2750405 0.3668108 0.2952377 0.2903880 0.2899614 0.0033408 0.0554938 0.0000000 0.2750319 0.2904371 0.3000941 0.0134720 0.0237707 0.3051262 0.2956739 0.3749197 0.3837094 0.3336646 
n265_266   0.2949331 0.0134533 0.2799270 0.2700135 0.2598546 0.3660906 0.2700316 0.1362319 0.2695861 0.2701448 0.2457092 0.2750319 0.0000000 0.2796612 0.2794203 0.2603460 0.2801860 0.2843087 0.1444685 0.3576686 0.3829207 0.3011701 
n289_290   0.0738910 0.2845194 0.0342409 0.3058226 0.0134688 0.3321844 0.0342112 0.2837044 0.0376766 0.2854385 0.2952200 0.2904371 0.2796612 0.0000000 0.0376870 0.2754149 0.2957181 0.0376644 0.2837275 0.2933306 0.3539299 0.1404487 
n293_294   0.0701480 0.2842740 0.0342025 0.3156735 0.0237300 0.3161564 0.0306954 0.2990931 0.0271847 0.2950347 0.3049307 0.3000941 0.2794203 0.0376870 0.0000000 0.2848886 0.2951774 0.0202764 0.2991178 0.2881507 0.3374150 0.1404878 
n280_281   0.2951300 0.2602198 0.2703758 0.0483575 0.2603528 0.3500617 0.2801268 0.2753712 0.2749683 0.0100811 0.0411981 0.0134720 0.2603460 0.2754149 0.2848886 0.0000000 0.0134799 0.2898186 0.2805381 0.3633941 0.3665752 0.3176655 
n274_275   0.3159988 0.2800504 0.2905246 0.0628560 0.2801953 0.3670360 0.3005525 0.2956670 0.2952318 0.0237692 0.0555271 0.0237707 0.2801860 0.2957181 0.2951774 0.0134799 0.0000000 0.3105157 0.3009977 0.3749649 0.3839459 0.3393133 
n275_276   0.0701044 0.2891932 0.0341821 0.3104148 0.0237159 0.3159120 0.0306771 0.2988660 0.0202738 0.3000330 0.2997557 0.3051262 0.2843087 0.0376644 0.0202764 0.2898186 0.3105157 0.0000000 0.2988906 0.2879343 0.3371498 0.1403944 
n285_286   0.3046380 0.1401812 0.2944488 0.2955708 0.2739827 0.3550304 0.2893210 0.0134565 0.2838114 0.2906376 0.2703435 0.2956739 0.1444685 0.2837275 0.2991178 0.2805381 0.3009977 0.2988906 0.0000000 0.3355059 0.3606057 0.3111398 
n244_245   0.2782468 0.3520690 0.2835540 0.3687177 0.2732195 0.2496006 0.2834749 0.3354772 0.2781132 0.3693200 0.3573837 0.3749197 0.3576686 0.2933306 0.2881507 0.3633941 0.3749649 0.2879343 0.3355059 0.0000000 0.2496810 0.3100587 
n251_252   0.3482889 0.3886260 0.3432801 0.3893212 0.3319066 0.0413535 0.3431807 0.3547706 0.3266792 0.3780084 0.3773287 0.3837094 0.3829207 0.3539299 0.3374150 0.3665752 0.3839459 0.3371498 0.3606057 0.2496810 0.0000000 0.3446816 
n200_201   0.1489097 0.3061876 0.1406912 0.3443328 0.1282981 0.3334297 0.1365544 0.3108504 0.1363835 0.3283415 0.3330898 0.3336646 0.3011701 0.1404487 0.1404878 0.3176655 0.3393133 0.1403944 0.3111398 0.3100587 0.3446816 0.0000000 
