25
n236_237   0.0000000 0.2702846 0.0898997 0.2547533 0.0899873 0.4089147 0.0822475 0.2806841 0.0980279 0.2650737 0.0900143 0.2704905 0.2702747 0.2805187 0.0861658 0.0940302 0.2598847 0.2546603 0.1059095 0.2752111 0.0901396 0.4008161 0.3776978 0.1136909 0.2647329 
n266_267   0.2702846 0.0000000 0.2964929 0.2594822 0.2967936 0.4140727 0.2859715 0.1689822 0.3026825 0.2699978 0.2969042 0.2695164 0.2752357 0.0342552 0.2915726 0.2867110 0.2647708 0.2543202 0.3023554 0.1644627 0.2863377 0.4005218 0.3953117 0.2702476 0.2750422 
n296_297   0.0898997 0.2964929 0.0000000 0.2912731 0.0307761 0.4535854 0.0066965 0.3241900 0.0560360 0.3079961 0.0307846 0.3022061 0.3135651 0.3070516 0.0272917 0.0523493 0.3024303 0.2968229 0.0634065 0.3238157 0.0487179 0.4259850 0.4203338 0.1385716 0.3075914 
n277_278   0.2547533 0.2594822 0.2912731 0.0000000 0.2968078 0.4671723 0.2859862 0.2870849 0.3028124 0.0746063 0.2969184 0.0308043 0.0784101 0.2543750 0.2915872 0.2868358 0.0708265 0.0670498 0.3081894 0.2815410 0.2864624 0.4746559 0.4345590 0.2600653 0.0783581 
n290_291   0.0899873 0.2967936 0.0307761 0.2968078 0.0000000 0.4546847 0.0238135 0.3245200 0.0560676 0.3136854 0.0134728 0.3136947 0.3193041 0.3129059 0.0100785 0.0487400 0.3080685 0.3024092 0.0597354 0.3241451 0.0451281 0.4462049 0.4213380 0.1385857 0.3132721 
n255_256   0.4089147 0.4140727 0.4535854 0.4671723 0.4546847 0.0000000 0.4471705 0.4346503 0.4845722 0.4889062 0.4542771 0.4813551 0.4961515 0.4333393 0.4546904 0.4705978 0.4815916 0.4742197 0.4910232 0.4276310 0.4699312 0.2827535 0.0519784 0.4407396 0.4888705 
n295_296   0.0822475 0.2859715 0.0066965 0.2859862 0.0238135 0.4471705 0.0000000 0.3132323 0.0487698 0.3025668 0.0238200 0.2968280 0.3080901 0.2963732 0.0203636 0.0451284 0.2970481 0.2914885 0.0560577 0.3128725 0.0415374 0.4393898 0.4142059 0.1344102 0.3021702 
n286_287   0.2806841 0.1689822 0.3241900 0.2870849 0.3245200 0.4346503 0.3132323 0.0000000 0.3255215 0.2976937 0.3246443 0.2919176 0.3031720 0.1734055 0.3190850 0.3089895 0.2922207 0.2812787 0.3251652 0.0033538 0.3085829 0.3952536 0.4228328 0.2746537 0.2923464 
n298_299   0.0980279 0.3026825 0.0560360 0.3028124 0.0560676 0.4845722 0.0487698 0.3255215 0.0000000 0.3198723 0.0487773 0.3027251 0.3255497 0.3076257 0.0524343 0.0135171 0.3141952 0.3084746 0.0238663 0.3251446 0.0101098 0.4687038 0.4497042 0.1560431 0.3194493 
n299_300   0.2650737 0.2699978 0.3079961 0.0746063 0.3136854 0.4889062 0.3025668 0.2976937 0.3198723 0.0000000 0.3138044 0.0784210 0.0033447 0.2701327 0.3083279 0.3034675 0.0033439 0.0203644 0.3253931 0.2920535 0.3030689 0.4962404 0.4686789 0.2653429 0.0033426 
n287_288   0.0900143 0.2969042 0.0307846 0.2969184 0.0134728 0.4542771 0.0238200 0.3246443 0.0487773 0.3138044 0.0000000 0.3138137 0.3194259 0.3130243 0.0100812 0.0415394 0.3081847 0.3025226 0.0524036 0.3242691 0.0379689 0.4393486 0.4147078 0.1429105 0.3133907 
n278_279   0.2704905 0.2695164 0.3022061 0.0308043 0.3136947 0.4813551 0.2968280 0.2919176 0.3027251 0.0784210 0.3138137 0.0000000 0.0822502 0.2588928 0.3083368 0.2924896 0.0746159 0.0670979 0.3140491 0.2863360 0.2921074 0.4738880 0.4613513 0.2759524 0.0821955 
n292_293   0.2702747 0.2752357 0.3135651 0.0784101 0.3193041 0.4961515 0.3080901 0.3031720 0.3255497 0.0033447 0.3194259 0.0822502 0.0000000 0.2753746 0.3139026 0.3090074 0.0067076 0.0238301 0.3311164 0.2974810 0.3086005 0.5035550 0.4757261 0.2705512 0.0067050 
n265_266   0.2805187 0.0342552 0.3070516 0.2543750 0.3129059 0.4333393 0.2963732 0.1734055 0.3076257 0.2701327 0.3130243 0.2588928 0.2753746 0.0000000 0.3075643 0.3026868 0.2649018 0.2544436 0.3186941 0.1688512 0.3022901 0.4253568 0.4140606 0.2911400 0.2751809 
n289_290   0.0861658 0.2915726 0.0272917 0.2915872 0.0100785 0.4546904 0.0203636 0.3190850 0.0524343 0.3083279 0.0100812 0.3083368 0.3139026 0.3075643 0.0000000 0.0451486 0.3027562 0.2971429 0.0560828 0.3187173 0.0415559 0.4397479 0.4150869 0.1387222 0.3079224 
n293_294   0.0940302 0.2867110 0.0523493 0.2868358 0.0487400 0.4705978 0.0451284 0.3089895 0.0135171 0.3034675 0.0415394 0.2924896 0.3090074 0.3026868 0.0451486 0.0000000 0.2979319 0.2923552 0.0169403 0.3086345 0.0033492 0.4626463 0.4364134 0.1431214 0.3030689 
n280_281   0.2598847 0.2647708 0.3024303 0.0708265 0.3080685 0.4815916 0.2970481 0.2922207 0.3141952 0.0033439 0.3081847 0.0746159 0.0067076 0.2649018 0.3027562 0.2979319 0.0000000 0.0169198 0.3196684 0.2866324 0.2975416 0.4888518 0.4615734 0.2601464 0.0067033 
n274_275   0.2546603 0.2543202 0.2968229 0.0670498 0.3024092 0.4742197 0.2914885 0.2812787 0.3084746 0.0203644 0.3025226 0.0670979 0.0238301 0.2544436 0.2971429 0.2923552 0.0169198 0.0000000 0.3083384 0.2757938 0.2919734 0.4814057 0.4544112 0.2549147 0.0238148 
n275_276   0.1059095 0.3023554 0.0634065 0.3081894 0.0597354 0.4910232 0.0560577 0.3251652 0.0238663 0.3253931 0.0524036 0.3140491 0.3311164 0.3186941 0.0560828 0.0169403 0.3196684 0.3083384 0.0000000 0.3247891 0.0135147 0.4827962 0.4558705 0.1560667 0.3249617 
n285_286   0.2752111 0.1644627 0.3238157 0.2815410 0.3241451 0.4276310 0.3128725 0.0033538 0.3251446 0.2920535 0.3242691 0.2863360 0.2974810 0.1688512 0.3187173 0.3086345 0.2866324 0.2757938 0.3247891 0.0000000 0.3082287 0.3952903 0.4159292 0.2743455 0.2867541 
n294_295   0.0901396 0.2863377 0.0487179 0.2864624 0.0451281 0.4699312 0.0415374 0.3085829 0.0101098 0.3030689 0.0379689 0.2921074 0.3086005 0.3022901 0.0415559 0.0033492 0.2975416 0.2919734 0.0135147 0.3082287 0.0000000 0.4619947 0.4358047 0.1431102 0.3026712 
n244_245   0.4008161 0.4005218 0.4259850 0.4746559 0.4462049 0.2827535 0.4393898 0.3952536 0.4687038 0.4962404 0.4393486 0.4738880 0.5035550 0.4253568 0.4397479 0.4626463 0.4888518 0.4814057 0.4827962 0.3952903 0.4619947 0.0000000 0.3043773 0.3992779 0.4891622 
n251_252   0.3776978 0.3953117 0.4203338 0.4345590 0.4213380 0.0519784 0.4142059 0.4228328 0.4497042 0.4686789 0.4147078 0.4613513 0.4757261 0.4140606 0.4150869 0.4364134 0.4615734 0.4544112 0.4558705 0.4159292 0.4358047 0.3043773 0.0000000 0.4148428 0.4686445 
n200_201   0.1136909 0.2702476 0.1385716 0.2600653 0.1385857 0.4407396 0.1344102 0.2746537 0.1560431 0.2653429 0.1429105 0.2759524 0.2705512 0.2911400 0.1387222 0.1431214 0.2601464 0.2549147 0.1560667 0.2743455 0.1431102 0.3992779 0.4148428 0.0000000 0.2650013 
n300_301   0.2647329 0.2750422 0.3075914 0.0783581 0.3132721 0.4888705 0.3021702 0.2923464 0.3194493 0.0033426 0.3133907 0.0821955 0.0067050 0.2751809 0.3079224 0.3030689 0.0067033 0.0238148 0.3249617 0.2867541 0.3026712 0.4891622 0.4686445 0.2650013 0.0000000 
