24
n298_301   0.0000000 0.3790005 0.2661872 0.1929846 0.1308141 0.2616883 0.0410900 0.0410784 0.1188950 0.0341065 0.2565548 0.0376021 0.0202936 0.2466925 0.3736497 0.3514578 0.1973038 0.2613531 0.0375698 0.0202877 0.0066965 0.2658725 0.2520597 0.2710231 
n251_254   0.3790005 0.0000000 0.4082155 0.3953995 0.3956960 0.3973073 0.3905438 0.3903779 0.4003697 0.3738717 0.3909761 0.3793574 0.3797120 0.4010883 0.0340473 0.3348860 0.3899964 0.3967574 0.3848150 0.3795604 0.3790005 0.4191216 0.3909865 0.4140911 
n277_280   0.2661872 0.4082155 0.0000000 0.2106301 0.2285536 0.0626176 0.2568994 0.2568055 0.2757148 0.2522723 0.0625835 0.2569505 0.2666546 0.2376389 0.4083053 0.4069397 0.2150528 0.0589705 0.2521304 0.2665595 0.2661872 0.2519273 0.0518094 0.0100874 
n286_289   0.1929846 0.3953995 0.2106301 0.0000000 0.1715252 0.2149480 0.1975252 0.1974582 0.2016447 0.1846082 0.2148283 0.1888788 0.1976725 0.1189407 0.3843893 0.3772543 0.0100673 0.2104128 0.1931406 0.1976063 0.1929846 0.1349209 0.2017266 0.2151061 
n200_230   0.1308141 0.3956960 0.2285536 0.1715252 0.0000000 0.2240576 0.1349377 0.1348951 0.1348877 0.1270789 0.2193564 0.1310374 0.1350323 0.2282693 0.3904677 0.3667477 0.1757199 0.2239049 0.1309200 0.1349894 0.1308141 0.2469479 0.2106624 0.2331393 
n280_283   0.2616883 0.3973073 0.0626176 0.2149480 0.2240576 0.0000000 0.2569585 0.2568646 0.2757808 0.2523298 0.0134597 0.2570097 0.2621470 0.2372049 0.4085601 0.4009696 0.2193939 0.0100728 0.2521879 0.2620538 0.2616883 0.2561083 0.0168696 0.0662675 
n289_292   0.0410900 0.3905438 0.2568994 0.1975252 0.1349377 0.2569585 0.0000000 0.0066936 0.1190038 0.0134625 0.2518630 0.0168654 0.0341009 0.2515499 0.3851111 0.3673545 0.1974892 0.2566303 0.0033395 0.0340908 0.0375643 0.2662126 0.2429344 0.2616771 
n287_290   0.0410784 0.3903779 0.2568055 0.1974582 0.1348951 0.2568646 0.0066936 0.0000000 0.1189669 0.0134588 0.2517716 0.0168608 0.0340913 0.2467100 0.3849485 0.3672029 0.1974221 0.2565366 0.0033386 0.0340812 0.0375537 0.2612611 0.2428470 0.2615809 
n236_239   0.1188950 0.4003697 0.2757148 0.2016447 0.1348877 0.2757808 0.1190038 0.1189669 0.0000000 0.1113073 0.2705395 0.1151804 0.1190863 0.2605719 0.3948879 0.3941395 0.2060114 0.2754253 0.1150779 0.1151333 0.1188950 0.2801145 0.2614198 0.2806106 
n296_299   0.0341065 0.3738717 0.2522723 0.1846082 0.1270789 0.2523298 0.0134625 0.0134588 0.1113073 0.0000000 0.2472700 0.0033408 0.0271739 0.2376790 0.3685515 0.3512208 0.1845752 0.2520082 0.0100719 0.0271658 0.0306137 0.2566298 0.2383881 0.2570211 
n292_295   0.2565548 0.3909761 0.0625835 0.2148283 0.2193564 0.0134597 0.2518630 0.2517716 0.2705395 0.2472700 0.0000000 0.2519131 0.2570026 0.2370725 0.4021248 0.3892070 0.2192718 0.0033424 0.2471316 0.2569118 0.2565548 0.2559657 0.0168605 0.0662314 
n295_298   0.0376021 0.3793574 0.2569505 0.1888788 0.1310374 0.2570097 0.0168654 0.0168608 0.1151804 0.0033408 0.2519131 0.0000000 0.0306393 0.2422592 0.3740010 0.3565329 0.1888448 0.2566813 0.0134588 0.0306303 0.0340919 0.2613311 0.2429826 0.2617292 
n275_278   0.0202936 0.3797120 0.2666546 0.1976725 0.1350323 0.2621470 0.0341009 0.0340913 0.1190863 0.0271739 0.2570026 0.0306393 0.0000000 0.2517450 0.3743491 0.3466422 0.2020250 0.2618107 0.0306131 0.0134707 0.0168667 0.2710879 0.2524988 0.2715004 
n266_269   0.2466925 0.4010883 0.2376389 0.1189407 0.2282693 0.2372049 0.2515499 0.2467100 0.2605719 0.2376790 0.2370725 0.2422592 0.2517450 0.0000000 0.4014185 0.4223607 0.1228543 0.2325288 0.2468235 0.2516566 0.2466925 0.0306050 0.2236011 0.2422831 
n255_258   0.3736497 0.0340473 0.4083053 0.3843893 0.3904677 0.4085601 0.3851111 0.3849485 0.3948879 0.3685515 0.4021248 0.3740010 0.3743491 0.4014185 0.0000000 0.3094399 0.3790589 0.4079913 0.3794228 0.3742004 0.3736497 0.4194684 0.4021345 0.4141821 
n244_247   0.3514578 0.3348860 0.4069397 0.3772543 0.3667477 0.4009696 0.3673545 0.3672029 0.3941395 0.3512208 0.3892070 0.3565329 0.3466422 0.4223607 0.3094399 0.0000000 0.3719908 0.3949519 0.3618186 0.3572831 0.3514578 0.4351767 0.3954013 0.4127893 
n285_288   0.1973038 0.3899964 0.2150528 0.0100673 0.1757199 0.2193939 0.1974892 0.1974221 0.2060114 0.1845752 0.2192718 0.1888448 0.2020250 0.1228543 0.3790589 0.3719908 0.0000000 0.2148307 0.1931056 0.2019570 0.1973038 0.1389230 0.2060963 0.2195554 
n299_302   0.2613531 0.3967574 0.0589705 0.2104128 0.2239049 0.0100728 0.2566303 0.2565366 0.2754253 0.2520082 0.0033424 0.2566813 0.2618107 0.2325288 0.4079913 0.3949519 0.2148307 0.0000000 0.2518666 0.2617177 0.2613531 0.2513012 0.0134589 0.0626004 
n290_293   0.0375698 0.3848150 0.2521304 0.1931406 0.1309200 0.2521879 0.0033395 0.0033386 0.1150779 0.0100719 0.2471316 0.0134588 0.0306131 0.2468235 0.3794228 0.3618186 0.1931056 0.2518666 0.0000000 0.0306041 0.0340627 0.2613831 0.2382555 0.2568760 
n294_297   0.0202877 0.3795604 0.2665595 0.1976063 0.1349894 0.2620538 0.0340908 0.0340812 0.1151333 0.0271658 0.2569118 0.0306303 0.0134707 0.2516566 0.3742004 0.3572831 0.2019570 0.2617177 0.0306041 0.0000000 0.0168617 0.2709909 0.2524099 0.2714032 
n297_300   0.0066965 0.3790005 0.2661872 0.1929846 0.1308141 0.2616883 0.0375643 0.0375537 0.1188950 0.0306137 0.2565548 0.0340919 0.0168667 0.2466925 0.3736497 0.3514578 0.1973038 0.2613531 0.0340627 0.0168617 0.0000000 0.2658725 0.2520597 0.2710231 
n265_268   0.2658725 0.4191216 0.2519273 0.1349209 0.2469479 0.2561083 0.2662126 0.2612611 0.2801145 0.2566298 0.2559657 0.2613311 0.2710879 0.0306050 0.4194684 0.4351767 0.1389230 0.2513012 0.2613831 0.2709909 0.2658725 0.0000000 0.2421448 0.2566687 
n274_277   0.2520597 0.3909865 0.0518094 0.2017266 0.2106624 0.0168696 0.2429344 0.2428470 0.2614198 0.2383881 0.0168605 0.2429826 0.2524988 0.2236011 0.4021345 0.3954013 0.2060963 0.0134589 0.2382555 0.2524099 0.2520597 0.2421448 0.0000000 0.0554050 
n278_281   0.2710231 0.4140911 0.0100874 0.2151061 0.2331393 0.0662675 0.2616771 0.2615809 0.2806106 0.2570211 0.0662314 0.2617292 0.2715004 0.2422831 0.4141821 0.4127893 0.2195554 0.0626004 0.2568760 0.2714032 0.2710231 0.2566687 0.0554050 0.0000000 
