24
n236_237   0.0000000 0.2903429 0.0960741 0.2472793 0.0960883 0.4042132 0.0960531 0.3371718 0.0885376 0.2426347 0.0922756 0.2473738 0.2904247 0.0960596 0.0848179 0.2518341 0.2331682 0.0999462 0.3424340 0.0885805 0.0922796 0.3869243 0.4096101 0.1557821 
n266_267   0.2903429 0.0000000 0.2900746 0.2612314 0.2901612 0.4770419 0.2949313 0.2286036 0.2705440 0.2803685 0.2851515 0.2613310 0.0134533 0.2900406 0.2754484 0.2803461 0.2703834 0.2754672 0.2241511 0.2803083 0.2752209 0.4635699 0.4767920 0.3158885 
n296_297   0.0960741 0.2900746 0.0000000 0.2380309 0.0066975 0.3872696 0.0033390 0.3524459 0.0376637 0.2425505 0.0033408 0.2381218 0.2901561 0.0066965 0.0376623 0.2517441 0.2330899 0.0482967 0.3472288 0.0411873 0.0411730 0.3809720 0.3927360 0.1556504 
n277_278   0.2472793 0.2612314 0.2380309 0.0000000 0.2380910 0.3986063 0.2425779 0.3160718 0.2288525 0.0590330 0.2334304 0.0202916 0.2659077 0.2380004 0.2288155 0.0662741 0.0517910 0.2381152 0.3110842 0.2333861 0.2333046 0.4156402 0.3873526 0.2908436 
n290_291   0.0960883 0.2901612 0.0066975 0.2380910 0.0000000 0.3874245 0.0100673 0.3525729 0.0376680 0.2426127 0.0033408 0.2381820 0.2902428 0.0066965 0.0376665 0.2518107 0.2331477 0.0483024 0.3473521 0.0411920 0.0411777 0.3866684 0.3928955 0.1556799 
n255_256   0.4042132 0.4770419 0.3872696 0.3986063 0.3874245 0.0000000 0.3928213 0.4900571 0.3932196 0.3927375 0.3816311 0.3987568 0.4518484 0.3872327 0.3930966 0.3982449 0.3866081 0.4104725 0.4838224 0.3988217 0.3928945 0.3695541 0.0517822 0.4534811 
n295_296   0.0960531 0.2949313 0.0033390 0.2425779 0.0100673 0.3928213 0.0000000 0.3577238 0.0411750 0.2471230 0.0066946 0.2426705 0.2950155 0.0100641 0.0411733 0.2563693 0.2376008 0.0518577 0.3524732 0.0447147 0.0446991 0.3807831 0.3983266 0.1597452 
n286_287   0.3371718 0.2286036 0.3524459 0.3160718 0.3525729 0.4900571 0.3577238 0.0000000 0.3366124 0.3158945 0.3470878 0.3109211 0.2376959 0.3470034 0.3314179 0.3156399 0.3003563 0.3311099 0.0100449 0.3366675 0.3416925 0.5024180 0.4776274 0.3976877 
n298_299   0.0885376 0.2705440 0.0376637 0.2288525 0.0376680 0.3932196 0.0411750 0.3366124 0.0000000 0.2333191 0.0341558 0.2289400 0.2706153 0.0376577 0.0134763 0.2424029 0.2239835 0.0237579 0.3314958 0.0168859 0.0100786 0.3758801 0.3985486 0.1392574 
n299_300   0.2426347 0.2803685 0.2425505 0.0590330 0.2426127 0.3927375 0.2471230 0.3158945 0.2333191 0.0000000 0.2379234 0.0590552 0.2851636 0.2425197 0.2332805 0.0134552 0.0202804 0.2426358 0.3109097 0.2378773 0.2377944 0.4214589 0.3872748 0.2905715 
n287_288   0.0922756 0.2851515 0.0033408 0.2334304 0.0033408 0.3816311 0.0066946 0.3470878 0.0341558 0.2379234 0.0000000 0.2335196 0.2852303 0.0033408 0.0341546 0.2470620 0.2285250 0.0447360 0.3419053 0.0376623 0.0376492 0.3808921 0.3870578 0.1515246 
n278_279   0.2473738 0.2613310 0.2381218 0.0202916 0.2381820 0.3987568 0.2426705 0.3109211 0.2289400 0.0590552 0.2335196 0.0000000 0.2660090 0.2380913 0.2289029 0.0662991 0.0518105 0.2382062 0.3059676 0.2334752 0.2333937 0.4157963 0.3932540 0.2909546 
n265_266   0.2904247 0.0134533 0.2901561 0.2659077 0.2902428 0.4518484 0.2950155 0.2376959 0.2706153 0.2851636 0.2852303 0.2660090 0.0000000 0.2901221 0.2755223 0.2851407 0.2751095 0.2755410 0.2331921 0.2803846 0.2752946 0.4570174 0.4516052 0.3159850 
n289_290   0.0960596 0.2900406 0.0066965 0.2380004 0.0066965 0.3872327 0.0100641 0.3470034 0.0376577 0.2425197 0.0033408 0.2380913 0.2901221 0.0000000 0.0376562 0.2517126 0.2330589 0.0482891 0.3418225 0.0411807 0.0411664 0.3864777 0.3926992 0.1556282 
n293_294   0.0848179 0.2754484 0.0376623 0.2288155 0.0376665 0.3930966 0.0411733 0.3314179 0.0134763 0.2332805 0.0341546 0.2289029 0.2755223 0.0376562 0.0000000 0.2423611 0.2239483 0.0237572 0.3263350 0.0033455 0.0168796 0.3871448 0.3984217 0.1433778 
n280_281   0.2518341 0.2803461 0.2517441 0.0662741 0.2518107 0.3982449 0.2563693 0.3156399 0.2424029 0.0134552 0.2470620 0.0662991 0.2851407 0.2517126 0.2423611 0.0000000 0.0271566 0.2518315 0.3106610 0.2470123 0.2469263 0.4271638 0.3927492 0.3003692 
n274_275   0.2331682 0.2703834 0.2330899 0.0517910 0.2331477 0.3866081 0.2376008 0.3003563 0.2239835 0.0202804 0.2285250 0.0518105 0.2751095 0.2330589 0.2239483 0.0271566 0.0000000 0.2331729 0.2954740 0.2284827 0.2284033 0.3974792 0.3811913 0.2854564 
n275_276   0.0999462 0.2754672 0.0482967 0.2381152 0.0483024 0.4104725 0.0518577 0.3311099 0.0237579 0.2426358 0.0447360 0.2382062 0.2755410 0.0482891 0.0237572 0.2518315 0.2331729 0.0000000 0.3260351 0.0272170 0.0272075 0.4043737 0.4159133 0.1557113 
n285_286   0.3424340 0.2241511 0.3472288 0.3110842 0.3473521 0.4838224 0.3524732 0.0100449 0.3314958 0.3109097 0.3419053 0.3059676 0.2331921 0.3418225 0.3263350 0.3106610 0.2954740 0.3260351 0.0000000 0.3315512 0.3365467 0.5026334 0.4714806 0.3921499 
n294_295   0.0885805 0.2803083 0.0411873 0.2333861 0.0411920 0.3988217 0.0447147 0.3366675 0.0168859 0.2378773 0.0376623 0.2334752 0.2803846 0.0411807 0.0033455 0.2470123 0.2284827 0.0272170 0.3315512 0.0000000 0.0203043 0.3813593 0.4041844 0.1474583 
n297_298   0.0922796 0.2752209 0.0411730 0.2333046 0.0411777 0.3928945 0.0446991 0.3416925 0.0100786 0.2377944 0.0376492 0.2333937 0.2752946 0.0411664 0.0168796 0.2469263 0.2284033 0.0272075 0.3365467 0.0203043 0.0000000 0.3755787 0.3982163 0.1432484 
n244_245   0.3869243 0.4635699 0.3809720 0.4156402 0.3866684 0.3695541 0.3807831 0.5024180 0.3758801 0.4214589 0.3808921 0.4157963 0.4570174 0.3864777 0.3871448 0.4271638 0.3974792 0.4043737 0.5026334 0.3813593 0.3755787 0.0000000 0.3471756 0.4588441 
n251_252   0.4096101 0.4767920 0.3927360 0.3873526 0.3928955 0.0517822 0.3983266 0.4776274 0.3985486 0.3872748 0.3870578 0.3932540 0.4516052 0.3926992 0.3984217 0.3927492 0.3811913 0.4159133 0.4714806 0.4041844 0.3982163 0.3471756 0.0000000 0.4533483 
n200_201   0.1557821 0.3158885 0.1556504 0.2908436 0.1556799 0.4534811 0.1597452 0.3976877 0.1392574 0.2905715 0.1515246 0.2909546 0.3159850 0.1556282 0.1433778 0.3003692 0.2854564 0.1557113 0.3921499 0.1474583 0.1432484 0.4588441 0.4533483 0.0000000 
