25
n236_237   0.0000000 0.2509863 0.0894603 0.3335695 0.1669862 0.4089027 0.2699824 0.0895606 0.3335714 0.0972550 0.1013069 0.3325705 0.0973657 0.0971871 0.1010088 0.3329930 0.2456273 0.1012387 0.3217426 0.3273329 0.4223148 0.0856210 0.4021985 0.3331261 0.0894859 
n266_267   0.2509863 0.0000000 0.2039921 0.2452718 0.2326632 0.3328570 0.1086671 0.2042613 0.2353950 0.2134449 0.2232821 0.2543902 0.2229489 0.2175813 0.2270415 0.2495602 0.0134916 0.2231171 0.2447108 0.2496803 0.3913884 0.1993751 0.3270014 0.2496544 0.2131625 
n298_301   0.0894603 0.2039921 0.0000000 0.2807287 0.1213332 0.3735878 0.2217378 0.0238412 0.2807219 0.0308098 0.0379198 0.2800743 0.0204205 0.0203850 0.0238304 0.2698562 0.1990439 0.0378954 0.2700111 0.2751878 0.3856714 0.0033514 0.3672318 0.2805324 0.0135203 
n277_278   0.3335695 0.2452718 0.2807287 0.0000000 0.3087112 0.4137762 0.2688234 0.2810759 0.0169151 0.2861664 0.2865949 0.0484093 0.2866685 0.2910795 0.2960575 0.0484643 0.2403255 0.2867623 0.0412819 0.0448614 0.4341873 0.2809438 0.4071423 0.0484798 0.2758425 
n200_201   0.1669862 0.2326632 0.1213332 0.3087112 0.0000000 0.4106986 0.2364014 0.1214719 0.3087086 0.1295681 0.1380397 0.3022171 0.1297218 0.1252893 0.1294436 0.3027289 0.2227928 0.1379439 0.2974590 0.3028822 0.4425124 0.1172844 0.4040646 0.3028482 0.1213684 
n255_256   0.4089027 0.3328570 0.3735878 0.4137762 0.4106986 0.0000000 0.3545223 0.3741648 0.4079785 0.3742990 0.3870027 0.4068070 0.3858131 0.3798520 0.3733993 0.4073366 0.3324942 0.3925145 0.3948023 0.4010264 0.3216105 0.3676679 0.0133505 0.4075067 0.3737919 
n286_287   0.2699824 0.1086671 0.2217378 0.2688234 0.2364014 0.3545223 0.0000000 0.2313265 0.2586266 0.2408388 0.2510393 0.2686770 0.2364887 0.2356206 0.2453071 0.2637565 0.1046898 0.2508510 0.2588166 0.2638847 0.3962775 0.2170107 0.3484735 0.2638568 0.2264523 
n287_288   0.0895606 0.2042613 0.0238412 0.2810759 0.1214719 0.3741648 0.2313265 0.0000000 0.2810692 0.0067188 0.0203892 0.2804199 0.0308758 0.0308226 0.0343170 0.2807715 0.1993054 0.0203763 0.2703428 0.2755267 0.3978985 0.0273284 0.3677961 0.2808801 0.0238478 
n278_279   0.3335714 0.2353950 0.2807219 0.0169151 0.3087086 0.4079785 0.2586266 0.2810692 0.0000000 0.2861603 0.2865889 0.0447858 0.2866625 0.2910742 0.2960529 0.0448362 0.2305249 0.2867563 0.0377040 0.0412583 0.4414399 0.2809371 0.4013981 0.0448514 0.2758351 
n289_292   0.0972550 0.2134449 0.0308098 0.2861664 0.1295681 0.3742990 0.2408388 0.0067188 0.2861603 0.0000000 0.0273242 0.2854972 0.0379309 0.0378651 0.0413921 0.2858557 0.2084098 0.0273059 0.2753485 0.2805712 0.4099572 0.0343350 0.3679279 0.2859667 0.0308185 
n296_299   0.1013069 0.2232821 0.0379198 0.2865949 0.1380397 0.3870027 0.2510393 0.0203892 0.2865889 0.0273242 0.0000000 0.2910066 0.0451439 0.0450649 0.0486321 0.2913721 0.2181513 0.0067213 0.2807676 0.2860389 0.4172199 0.0414914 0.3804919 0.2914858 0.0379305 
n292_295   0.3325705 0.2543902 0.2800743 0.0484093 0.3022171 0.4068070 0.2686770 0.2804199 0.0447858 0.2854972 0.2910066 0.0000000 0.2859980 0.2903980 0.2953633 0.0134486 0.2545263 0.2911764 0.0066841 0.0100561 0.4347801 0.2802885 0.4002505 0.0134533 0.2653113 
n293_296   0.0973657 0.2229489 0.0204205 0.2866685 0.1297218 0.3858131 0.2364887 0.0308758 0.2866625 0.0379309 0.0451439 0.2859980 0.0000000 0.0273769 0.0308616 0.2863568 0.2178266 0.0451145 0.2758270 0.2810614 0.3986720 0.0238941 0.3730552 0.2864682 0.0135377 
n275_291   0.0971871 0.2175813 0.0203850 0.2910795 0.1252893 0.3798520 0.2356206 0.0308226 0.2910742 0.0378651 0.0450649 0.2903980 0.0273769 0.0000000 0.0101107 0.2802758 0.2125200 0.0450357 0.2801851 0.2854427 0.3738596 0.0238522 0.3734284 0.2803840 0.0203907 
n275_290   0.1010088 0.2270415 0.0238304 0.2960575 0.1294436 0.3733993 0.2453071 0.0343170 0.2960529 0.0413921 0.0486321 0.2953633 0.0308616 0.0101107 0.0000000 0.2957350 0.2218953 0.0486005 0.2850845 0.2903779 0.3858581 0.0273149 0.3670474 0.2958504 0.0238370 
n299_302   0.3329930 0.2495602 0.2698562 0.0484643 0.3027289 0.4073366 0.2637565 0.2807715 0.0448362 0.2858557 0.2913721 0.0134486 0.2863568 0.2802758 0.2957350 0.0000000 0.2496924 0.2915423 0.0066916 0.0100673 0.4224033 0.2700610 0.4007699 0.0066953 0.2656412 
n265_266   0.2456273 0.0134916 0.1990439 0.2403255 0.2227928 0.3324942 0.1046898 0.1993054 0.2305249 0.2084098 0.2181513 0.2545263 0.2178266 0.2125200 0.2218953 0.2496924 0.0000000 0.2179908 0.2448392 0.2498126 0.3976618 0.1944681 0.3266457 0.2497867 0.2081352 
n295_298   0.1012387 0.2231171 0.0378954 0.2867623 0.1379439 0.3925145 0.2508510 0.0203763 0.2867563 0.0273059 0.0067213 0.2911764 0.0451145 0.0450357 0.0486005 0.2915423 0.2179908 0.0000000 0.2809311 0.2862057 0.4229401 0.0414645 0.3859537 0.2916561 0.0379061 
n280_281   0.3217426 0.2447108 0.2700111 0.0412819 0.2974590 0.3948023 0.2588166 0.2703428 0.0377040 0.2753485 0.2807676 0.0066841 0.2758270 0.2801851 0.2850845 0.0066916 0.2448392 0.2809311 0.0000000 0.0033358 0.4222436 0.2702162 0.3883656 0.0066937 0.2554484 
n274_275   0.3273329 0.2496803 0.2751878 0.0448614 0.3028822 0.4010264 0.2638847 0.2755267 0.0412583 0.2805712 0.2860389 0.0100561 0.2810614 0.2854427 0.2903779 0.0100673 0.2498126 0.2862057 0.0033358 0.0000000 0.4287524 0.2753976 0.3945256 0.0100704 0.2605164 
n244_245   0.4223148 0.3913884 0.3856714 0.4341873 0.4425124 0.3216105 0.3962775 0.3978985 0.4414399 0.4099572 0.4172199 0.4347801 0.3986720 0.3738596 0.3858581 0.4224033 0.3976618 0.4229401 0.4222436 0.4287524 0.0000000 0.3796422 0.3158677 0.4225820 0.3742527 
n297_300   0.0856210 0.1993751 0.0033514 0.2809438 0.1172844 0.3676679 0.2170107 0.0273284 0.2809371 0.0343350 0.0414914 0.2802885 0.0238941 0.0238522 0.0273149 0.2700610 0.1944681 0.0414645 0.2702162 0.2753976 0.3796422 0.0000000 0.3613723 0.2807483 0.0169496 
n251_252   0.4021985 0.3270014 0.3672318 0.4071423 0.4040646 0.0133505 0.3484735 0.3677961 0.4013981 0.3679279 0.3804919 0.4002505 0.3730552 0.3734284 0.3670474 0.4007699 0.3266457 0.3859537 0.3883656 0.3945256 0.3158677 0.3613723 0.0000000 0.4009366 0.3674314 
n300_303   0.3331261 0.2496544 0.2805324 0.0484798 0.3028482 0.4075067 0.2638568 0.2808801 0.0448514 0.2859667 0.2914858 0.0134533 0.2864682 0.2803840 0.2958504 0.0066953 0.2497867 0.2916561 0.0066937 0.0100704 0.4225820 0.2807483 0.4009366 0.0000000 0.2657429 
n294_297   0.0894859 0.2131625 0.0135203 0.2758425 0.1213684 0.3737919 0.2264523 0.0238478 0.2758351 0.0308185 0.0379305 0.2653113 0.0135377 0.0203907 0.0238370 0.2656412 0.2081352 0.0379061 0.2554484 0.2605164 0.3742527 0.0169496 0.3674314 0.2657429 0.0000000 
