23
n251_254   0.0000000 0.4235380 0.3821732 0.4225397 0.4115546 0.4421201 0.3935827 0.3913344 0.4213780 0.3996193 0.3994800 0.4003857 0.4175726 0.2857289 0.3925729 0.4352762 0.4054905 0.4420026 0.4053449 0.0375538 0.3822962 0.4107261 0.3883497 
n278_281   0.4235380 0.0000000 0.2970159 0.0307030 0.2797122 0.0812407 0.2765453 0.2805873 0.2894231 0.2811732 0.2763398 0.2921638 0.2755672 0.3677460 0.2641944 0.0554633 0.2866641 0.0591428 0.2865731 0.4315714 0.2868973 0.2701595 0.2921805 
n298_301   0.3821732 0.2970159 0.0000000 0.2963942 0.2923872 0.3275312 0.0203196 0.1041799 0.1480114 0.0272200 0.0237689 0.0169056 0.3283942 0.3846255 0.2972725 0.3067610 0.0272357 0.3123233 0.0272296 0.3998278 0.0100868 0.3278571 0.0100886 
n277_280   0.4225397 0.0307030 0.2963942 0.0000000 0.2845716 0.0849747 0.2859881 0.2800110 0.2990609 0.2906591 0.2857746 0.2915546 0.2754999 0.3678615 0.2689463 0.0590666 0.2962259 0.0627677 0.2961311 0.4354228 0.2863024 0.2700943 0.2915713 
n286_289   0.4115546 0.2797122 0.2923872 0.2845716 0.0000000 0.3203517 0.2924411 0.2914646 0.3165158 0.2971678 0.2922210 0.2980059 0.1571409 0.3516853 0.0101106 0.2996462 0.2975958 0.3051179 0.3027203 0.4359934 0.2823159 0.1527280 0.2875715 
n274_277   0.4421201 0.0812407 0.3275312 0.0849747 0.3203517 0.0000000 0.3166512 0.3166092 0.3262801 0.3222916 0.3171954 0.3225100 0.3161811 0.3927829 0.3038511 0.0236930 0.3273425 0.0271731 0.3272340 0.4566274 0.3170117 0.3103933 0.3225235 
n287_290   0.3935827 0.2765453 0.0203196 0.2859881 0.2924411 0.3166512 0.0000000 0.0924992 0.1397003 0.0066989 0.0033428 0.0237945 0.3069939 0.3785949 0.2868256 0.2961958 0.0067027 0.3016645 0.0067012 0.4115237 0.0169006 0.3065039 0.0169035 
n236_239   0.3913344 0.2805873 0.1041799 0.2800110 0.2914646 0.3166092 0.0924992 0.0000000 0.1560778 0.0964174 0.0926410 0.1082125 0.2908438 0.3494899 0.2858734 0.3006070 0.1001827 0.3061039 0.1001577 0.3978489 0.0964770 0.2903888 0.1003928 
n200_203   0.4213780 0.2894231 0.1480114 0.2990609 0.3165158 0.3262801 0.1397003 0.1560778 0.0000000 0.1478363 0.1438030 0.1523606 0.3469636 0.4059458 0.3052546 0.3105304 0.1479339 0.3161043 0.1478946 0.4396412 0.1398285 0.3463884 0.1440176 
n296_299   0.3996193 0.2811732 0.0272200 0.2906591 0.2971678 0.3222916 0.0066989 0.0964174 0.1478363 0.0000000 0.0033408 0.0307373 0.3117921 0.3783925 0.2915137 0.3009240 0.0134673 0.3064270 0.0134644 0.4118245 0.0237715 0.3112923 0.0237756 
n295_298   0.3994800 0.2763398 0.0237689 0.2857746 0.2922210 0.3171954 0.0033428 0.0926410 0.1438030 0.0033408 0.0000000 0.0272659 0.3067611 0.3729016 0.2866108 0.2959732 0.0100802 0.3014367 0.0100780 0.4175707 0.0203341 0.3062718 0.0203376 
n275_278   0.4003857 0.2921638 0.0169056 0.2915546 0.2980059 0.3225100 0.0237945 0.1082125 0.1523606 0.0307373 0.0272659 0.0000000 0.3343555 0.3787335 0.3029333 0.3018600 0.0307551 0.3073856 0.0307482 0.4185351 0.0134987 0.3338041 0.0135010 
n266_269   0.4175726 0.2755672 0.3283942 0.2754999 0.1571409 0.3161811 0.3069939 0.2908438 0.3469636 0.3117921 0.3067611 0.3343555 0.0000000 0.3730745 0.1442895 0.2954419 0.3122437 0.3008930 0.3174623 0.4361309 0.3178353 0.0101331 0.3233681 
n244_247   0.2857289 0.3677460 0.3846255 0.3678615 0.3516853 0.3927829 0.3785949 0.3494899 0.4059458 0.3783925 0.3729016 0.3787335 0.3730745 0.0000000 0.3397142 0.3790554 0.3903053 0.3852789 0.3901666 0.3059959 0.3732398 0.3616659 0.3792420 
n285_288   0.3925729 0.2641944 0.2972725 0.2689463 0.0101106 0.3038511 0.2868256 0.2858734 0.3052546 0.2915137 0.2866108 0.3029333 0.1442895 0.3397142 0.0000000 0.2836604 0.2919315 0.2889857 0.2970077 0.4163112 0.2871420 0.1399847 0.2924316 
n299_302   0.4352762 0.0554633 0.3067610 0.0590666 0.2996462 0.0236930 0.2961958 0.3006070 0.3105304 0.3009240 0.2959732 0.3018600 0.2954419 0.3790554 0.2836604 0.0000000 0.3065859 0.0033373 0.3064866 0.4496124 0.2965253 0.2898541 0.3018758 
n290_293   0.4054905 0.2866641 0.0272357 0.2962259 0.2975958 0.3273425 0.0067027 0.1001827 0.1479339 0.0134673 0.0100802 0.0307551 0.3122437 0.3903053 0.2919315 0.3065859 0.0000000 0.3121444 0.0066965 0.4237413 0.0237852 0.3117423 0.0237893 
n280_283   0.4420026 0.0591428 0.3123233 0.0627677 0.3051179 0.0271731 0.3016645 0.3061039 0.3161043 0.3064270 0.3014367 0.3073856 0.3008930 0.3852789 0.2889857 0.0033373 0.3121444 0.0000000 0.3120425 0.4565031 0.3020025 0.2952492 0.3074008 
n289_292   0.4053449 0.2865731 0.0272296 0.2961311 0.3027203 0.3272340 0.0067012 0.1001577 0.1478946 0.0134644 0.0100780 0.0307482 0.3174623 0.3901666 0.2970077 0.3064866 0.0066965 0.3120425 0.0000000 0.4235863 0.0237799 0.3169496 0.0237840 
n255_258   0.0375538 0.4315714 0.3998278 0.4354228 0.4359934 0.4566274 0.4115237 0.3978489 0.4396412 0.4118245 0.4175707 0.4185351 0.4361309 0.3059959 0.4163112 0.4496124 0.4237413 0.4565031 0.4235863 0.0000000 0.3999627 0.4290707 0.4061755 
n293_296   0.3822962 0.2868973 0.0100868 0.2863024 0.2823159 0.3170117 0.0169006 0.0964770 0.1398285 0.0237715 0.0203341 0.0134987 0.3178353 0.3732398 0.2871420 0.2965253 0.0237852 0.3020025 0.0237799 0.3999627 0.0000000 0.3173212 0.0067130 
n265_268   0.4107261 0.2701595 0.3278571 0.2700943 0.1527280 0.3103933 0.3065039 0.2903888 0.3463884 0.3112923 0.3062718 0.3338041 0.0101331 0.3616659 0.1399847 0.2898541 0.3117423 0.2952492 0.3169496 0.4290707 0.3173212 0.0000000 0.3228417 
n294_297   0.3883497 0.2921805 0.0100886 0.2915713 0.2875715 0.3225235 0.0169035 0.1003928 0.1440176 0.0237756 0.0203376 0.0135010 0.3233681 0.3792420 0.2924316 0.3018758 0.0237893 0.3074008 0.0237840 0.4061755 0.0067130 0.3228417 0.0000000 
