23
n236_237   0.0000000 0.2911920 0.0816124 0.2540244 0.0930848 0.3806182 0.0929279 0.2821426 0.0779370 0.2790830 0.0891897 0.2640313 0.2842653 0.3178873 0.0974307 0.2742281 0.2852731 0.0818417 0.2875325 0.0896722 0.3686175 0.3867864 0.1219722 
n266_267   0.2911920 0.0000000 0.3130150 0.2712488 0.3295018 0.3775172 0.3124049 0.1161271 0.3080667 0.2979146 0.3237640 0.2709510 0.3032120 0.0235790 0.3261870 0.2980318 0.2985568 0.3046024 0.1122619 0.3151973 0.3687571 0.3663301 0.2774833 
n296_297   0.0816124 0.3130150 0.0000000 0.2478609 0.0100902 0.3848574 0.0100743 0.2930473 0.0237898 0.2673020 0.0067051 0.2577437 0.2723759 0.3406338 0.0415020 0.2625410 0.2733327 0.0273022 0.2985360 0.0343892 0.3613070 0.3964033 0.1300371 
n277_278   0.2540244 0.2712488 0.2478609 0.0000000 0.2578587 0.3079161 0.2520281 0.2626238 0.2432813 0.0489300 0.2576849 0.0135872 0.0525738 0.2869619 0.2540723 0.0489450 0.0490247 0.2486391 0.2678608 0.2538669 0.3256008 0.3240537 0.2556727 
n290_291   0.0930848 0.3295018 0.0100902 0.2578587 0.0000000 0.4031243 0.0203147 0.3091019 0.0342701 0.2775829 0.0033448 0.2678901 0.2827351 0.3578159 0.0523231 0.2727552 0.2837331 0.0378586 0.3147319 0.0450868 0.3789480 0.4149737 0.1425308 
n255_256   0.3806182 0.3775172 0.3848574 0.3079161 0.4031243 0.0000000 0.3895962 0.3812562 0.3794560 0.3516320 0.3967330 0.3298320 0.3573365 0.3896764 0.3753877 0.3517780 0.3524040 0.3810384 0.3875294 0.3696463 0.2944375 0.0480060 0.3464999 
n295_296   0.0929279 0.3124049 0.0100743 0.2520281 0.0203147 0.3895962 0.0000000 0.2971040 0.0342154 0.2715411 0.0168738 0.2619494 0.2766354 0.3399593 0.0522373 0.2667636 0.2776069 0.0377973 0.3026115 0.0450133 0.3720945 0.4011976 0.1422790 
n286_287   0.2821426 0.1161271 0.2930473 0.2626238 0.3091019 0.3812562 0.2971040 0.0000000 0.2826660 0.2936677 0.3035236 0.2568464 0.2989467 0.1281286 0.3057015 0.2937830 0.2943013 0.2792089 0.0033156 0.2949955 0.3427655 0.3758346 0.2941355 
n298_299   0.0779370 0.3080667 0.0237898 0.2432813 0.0342701 0.3794560 0.0342154 0.2826660 0.0000000 0.2578920 0.0307413 0.2531080 0.2629060 0.3355076 0.0239018 0.2531809 0.2638276 0.0101105 0.2880676 0.0169768 0.3560662 0.3909242 0.1302710 
n299_300   0.2790830 0.2979146 0.2673020 0.0489300 0.2775829 0.3516320 0.2715411 0.2936677 0.2578920 0.0000000 0.2773929 0.0562331 0.0033583 0.3193569 0.2689554 0.0067317 0.0205011 0.2633845 0.2991691 0.2687370 0.3250281 0.3634611 0.2859234 
n287_288   0.0891897 0.3237640 0.0067051 0.2576849 0.0033448 0.3967330 0.0168738 0.3035236 0.0307413 0.2773929 0.0000000 0.2677080 0.2825407 0.3518230 0.0486697 0.2725691 0.2835374 0.0343024 0.3091019 0.0414789 0.3727859 0.4084711 0.1382623 
n278_279   0.2640313 0.2709510 0.2577437 0.0135872 0.2678901 0.3298320 0.2619494 0.2568464 0.2531080 0.0562331 0.2677080 0.0000000 0.0599184 0.2866435 0.2640840 0.0562505 0.0563423 0.2585572 0.2620238 0.2638698 0.3366408 0.3464995 0.2657551 
n292_293   0.2842653 0.3032120 0.2723759 0.0525738 0.2827351 0.3573365 0.2766354 0.2989467 0.2629060 0.0033583 0.2825407 0.0599184 0.0000000 0.3248200 0.2740657 0.0101249 0.0239839 0.2684461 0.3044931 0.2738427 0.3305367 0.3692672 0.2911804 
n265_266   0.3178873 0.0235790 0.3406338 0.2869619 0.3578159 0.3896764 0.3399593 0.1281286 0.3355076 0.3193569 0.3518230 0.2866435 0.3248200 0.0000000 0.3544899 0.3194855 0.3200512 0.3320235 0.1242019 0.3430456 0.3741481 0.3898816 0.2934284 
n293_294   0.0974307 0.3261870 0.0415020 0.2540723 0.0523231 0.3753877 0.0522373 0.3057015 0.0239018 0.2689554 0.0486697 0.2640840 0.2740657 0.3544899 0.0000000 0.2641614 0.2750338 0.0204680 0.3113276 0.0067370 0.3756224 0.3927632 0.1474270 
n280_281   0.2742281 0.2980318 0.2625410 0.0489450 0.2727552 0.3517780 0.2667636 0.2937830 0.2531809 0.0067317 0.2725691 0.0562505 0.0101249 0.3194855 0.2641614 0.0000000 0.0205073 0.2586324 0.2992874 0.2639471 0.3302710 0.3636142 0.2754366 
n274_275   0.2852731 0.2985568 0.2733327 0.0490247 0.2837331 0.3524040 0.2776069 0.2943013 0.2638276 0.0205011 0.2835374 0.0563423 0.0239839 0.3200512 0.2750338 0.0205073 0.0000000 0.2693907 0.2998164 0.2748094 0.3200822 0.3642634 0.2865427 
n275_276   0.0818417 0.3046024 0.0273022 0.2486391 0.0378586 0.3810384 0.0377973 0.2792089 0.0101105 0.2633845 0.0343024 0.2585572 0.2684461 0.3320235 0.0204680 0.2586324 0.2693907 0.0000000 0.2846052 0.0135696 0.3462031 0.3925641 0.1346252 
n285_286   0.2875325 0.1122619 0.2985360 0.2678608 0.3147319 0.3875294 0.3026115 0.0033156 0.2880676 0.2991691 0.3091019 0.2620238 0.3044931 0.1242019 0.3113276 0.2992874 0.2998164 0.2846052 0.0000000 0.3005287 0.3487014 0.3820639 0.2996507 
n294_295   0.0896722 0.3151973 0.0343892 0.2538669 0.0450868 0.3696463 0.0450133 0.2949955 0.0169768 0.2687370 0.0414789 0.2638698 0.2738427 0.3430456 0.0067370 0.2639471 0.2748094 0.0135696 0.3005287 0.0000000 0.3638795 0.3868872 0.1389770 
n244_245   0.3686175 0.3687571 0.3613070 0.3256008 0.3789480 0.2944375 0.3720945 0.3427655 0.3560662 0.3250281 0.3727859 0.3366408 0.3305367 0.3741481 0.3756224 0.3302710 0.3200822 0.3462031 0.3487014 0.3638795 0.0000000 0.3205509 0.3416523 
n251_252   0.3867864 0.3663301 0.3964033 0.3240537 0.4149737 0.0480060 0.4011976 0.3758346 0.3909242 0.3634611 0.4084711 0.3464995 0.3692672 0.3898816 0.3927632 0.3636142 0.3642634 0.3925641 0.3820639 0.3868872 0.3205509 0.0000000 0.3649078 
n200_201   0.1219722 0.2774833 0.1300371 0.2556727 0.1425308 0.3464999 0.1422790 0.2941355 0.1302710 0.2859234 0.1382623 0.2657551 0.2911804 0.2934284 0.1474270 0.2754366 0.2865427 0.1346252 0.2996507 0.1389770 0.3416523 0.3649078 0.0000000 
