23
n236_237   0.0000000 0.2959874 0.0781216 0.2910490 0.0819559 0.3522789 0.2708365 0.1086630 0.2753506 0.0744294 0.2861151 0.2755855 0.2812779 0.0857766 0.1046497 0.2854142 0.2901897 0.1005897 0.2751300 0.1045865 0.3745425 0.3766879 0.1007980 
n266_267   0.2959874 0.0000000 0.2808731 0.2699909 0.2807151 0.3662842 0.1564283 0.3058988 0.2593980 0.2761202 0.2650543 0.2596184 0.0236435 0.2858002 0.3056094 0.2742389 0.2545821 0.2998924 0.1560722 0.2952811 0.4221414 0.3784838 0.2905093 
n296_297   0.0781216 0.2808731 0.0000000 0.2860172 0.0101078 0.3411753 0.2562425 0.0448374 0.2703382 0.0033527 0.2861300 0.2705687 0.2664431 0.0135144 0.0412427 0.2803318 0.2850757 0.0376459 0.2604747 0.0412192 0.3612008 0.3649395 0.1008840 
n277_278   0.2910490 0.2699909 0.2860172 0.0000000 0.2913272 0.3556661 0.2405818 0.3216306 0.0737716 0.2812391 0.0134675 0.0812594 0.2652091 0.2909717 0.3160781 0.0812594 0.0812132 0.3102733 0.2447299 0.3158436 0.3881754 0.3613708 0.2706270 
n290_291   0.0819559 0.2807151 0.0101078 0.2913272 0.0000000 0.3413539 0.2561004 0.0484492 0.2755130 0.0067269 0.2914434 0.2757482 0.2662942 0.0101277 0.0448284 0.2855866 0.2849155 0.0412046 0.2603301 0.0448028 0.3556629 0.3651352 0.1048568 
n255_256   0.3522789 0.3662842 0.3411753 0.3556661 0.3413539 0.0000000 0.3334508 0.3620661 0.3376220 0.3360148 0.3558275 0.3486185 0.3444720 0.3409123 0.3611671 0.3486185 0.3370840 0.3610186 0.3380436 0.3670631 0.3246832 0.0377338 0.3516241 
n286_287   0.2708365 0.1564283 0.2562425 0.2405818 0.2561004 0.3334508 0.0000000 0.2853941 0.2542260 0.2516380 0.2358580 0.2544414 0.1442059 0.2610079 0.2851226 0.2639558 0.2446189 0.2795978 0.0168038 0.2849181 0.3811551 0.3505872 0.2703081 
n298_299   0.1086630 0.3058988 0.0448374 0.3216306 0.0484492 0.3620661 0.2853941 0.0000000 0.3051227 0.0413145 0.3217666 0.3053837 0.2910118 0.0520599 0.0203621 0.3156018 0.3205686 0.0168977 0.2897477 0.0203507 0.3832384 0.3803751 0.1282839 
n299_300   0.2753506 0.2593980 0.2703382 0.0737716 0.2755130 0.3376220 0.2542260 0.3051227 0.0000000 0.2656618 0.0737900 0.0066940 0.2644969 0.2751825 0.2997099 0.0134417 0.0202498 0.2940660 0.2584235 0.2994920 0.3587893 0.3609262 0.2699692 
n287_288   0.0744294 0.2761202 0.0033527 0.2812391 0.0067269 0.3360148 0.2516380 0.0413145 0.2656618 0.0000000 0.2813490 0.2658883 0.2617694 0.0101182 0.0377377 0.2755962 0.2803133 0.0341622 0.2558535 0.0377162 0.3559313 0.3596059 0.0970917 
n278_279   0.2861151 0.2650543 0.2861300 0.0134675 0.2914434 0.3558275 0.2358580 0.3217666 0.0737900 0.2813490 0.0000000 0.0812800 0.2603037 0.2910875 0.3162102 0.0812800 0.0812338 0.3104013 0.2399863 0.3159754 0.3883623 0.3615366 0.2707303 
n292_293   0.2755855 0.2596184 0.2705687 0.0812594 0.2757482 0.3486185 0.2544414 0.3053837 0.0066940 0.2658883 0.0812800 0.0000000 0.2647220 0.2754172 0.2999660 0.0202715 0.0271461 0.2943168 0.2586422 0.2997477 0.3482496 0.3723186 0.2701991 
n265_266   0.2812779 0.0236435 0.2664431 0.2652091 0.2662942 0.3444720 0.1442059 0.2910118 0.2644969 0.2617694 0.2603037 0.2647220 0.0000000 0.2712837 0.2907347 0.2794609 0.2544276 0.2851463 0.1438784 0.2806056 0.4049011 0.3562787 0.2758796 
n289_290   0.0857766 0.2858002 0.0135144 0.2909717 0.0101277 0.3409123 0.2610079 0.0520599 0.2751825 0.0101182 0.2910875 0.2754172 0.2712837 0.0000000 0.0484166 0.2852406 0.2900136 0.0447660 0.2652588 0.0483877 0.3553523 0.3646491 0.1088065 
n293_294   0.1046497 0.3056094 0.0412427 0.3160781 0.0448284 0.3611671 0.2851226 0.0203621 0.2997099 0.0377377 0.3162102 0.2999660 0.2907347 0.0484166 0.0000000 0.3101067 0.3150353 0.0100873 0.2894728 0.0067080 0.3713135 0.3794216 0.1241482 
n280_281   0.2854142 0.2742389 0.2803318 0.0812594 0.2855866 0.3486185 0.2639558 0.3156018 0.0134417 0.2755962 0.0812800 0.0202715 0.2794609 0.2852406 0.3101067 0.0000000 0.0271461 0.3043674 0.2681951 0.3098786 0.3809911 0.3723186 0.2799451 
n274_275   0.2901897 0.2545821 0.2850757 0.0812132 0.2849155 0.3370840 0.2446189 0.3205686 0.0202498 0.2803133 0.0812338 0.0271461 0.2544276 0.2900136 0.3150353 0.0271461 0.0000000 0.3092517 0.2487756 0.3148024 0.3696076 0.3603429 0.2699832 
n275_276   0.1005897 0.2998924 0.0376459 0.3102733 0.0412046 0.3610186 0.2795978 0.0168977 0.2940660 0.0341622 0.3104013 0.2943168 0.2851463 0.0447660 0.0100873 0.3043674 0.3092517 0.0000000 0.2839178 0.0100816 0.3711617 0.3792664 0.1199512 
n285_286   0.2751300 0.1560722 0.2604747 0.2447299 0.2603301 0.3380436 0.0168038 0.2897477 0.2584235 0.2558535 0.2399863 0.2586422 0.1438784 0.2652588 0.2894728 0.2681951 0.2487756 0.2839178 0.0000000 0.2892646 0.3802671 0.3552735 0.2796959 
n294_295   0.1045865 0.2952811 0.0412192 0.3158436 0.0448028 0.3670631 0.2849181 0.0203507 0.2994920 0.0377162 0.3159754 0.2997477 0.2806056 0.0483877 0.0067080 0.3098786 0.3148024 0.0100816 0.2892646 0.0000000 0.3710185 0.3854910 0.1240721 
n244_245   0.3745425 0.4221414 0.3612008 0.3881754 0.3556629 0.3246832 0.3811551 0.3832384 0.3587893 0.3559313 0.3883623 0.3482496 0.4049011 0.3553523 0.3713135 0.3809911 0.3696076 0.3711617 0.3802671 0.3710185 0.0000000 0.3475791 0.3956111 
n251_252   0.3766879 0.3784838 0.3649395 0.3613708 0.3651352 0.0377338 0.3505872 0.3803751 0.3609262 0.3596059 0.3615366 0.3723186 0.3562787 0.3646491 0.3794216 0.3723186 0.3603429 0.3792664 0.3552735 0.3854910 0.3475791 0.0000000 0.3638114 
n200_201   0.1007980 0.2905093 0.1008840 0.2706270 0.1048568 0.3516241 0.2703081 0.1282839 0.2699692 0.0970917 0.2707303 0.2701991 0.2758796 0.1088065 0.1241482 0.2799451 0.2699832 0.1199512 0.2796959 0.1240721 0.3956111 0.3638114 0.0000000 
