22
n236_237   0.0000000 0.2718535 0.1156234 0.2561867 0.1077110 0.3939683 0.1116510 0.2951549 0.1000617 0.2745684 0.2654701 0.2864632 0.1194080 0.0961467 0.2699402 0.2796083 0.1078116 0.2946363 0.0923775 0.3930231 0.3778996 0.1308964 
n266_267   0.2718535 0.0000000 0.2619759 0.2338959 0.2521932 0.3567236 0.2570618 0.1507301 0.2339190 0.2286358 0.2290158 0.0272170 0.2664305 0.2384155 0.2241438 0.2333653 0.2526690 0.1466472 0.2338979 0.3975313 0.3466220 0.2522209 
n296_297   0.1156234 0.2619759 0.0000000 0.2418845 0.0067095 0.3897861 0.0033451 0.2998143 0.0412767 0.2599181 0.2509872 0.2763776 0.0168912 0.0377111 0.2600743 0.2601951 0.0484125 0.2941854 0.0342101 0.3421976 0.3900791 0.1309320 
n277_278   0.2561867 0.2338959 0.2418845 0.0000000 0.2371592 0.3562407 0.2371316 0.2648983 0.2192774 0.0481631 0.0134626 0.2474774 0.2419133 0.2190300 0.0553536 0.0517671 0.2284322 0.2506135 0.2146419 0.4075462 0.3507147 0.2368522 
n290_291   0.1077110 0.2521932 0.0067095 0.2371592 0.0000000 0.3780916 0.0033450 0.2895271 0.0341943 0.2550808 0.2462027 0.2663924 0.0100763 0.0306732 0.2552327 0.2553508 0.0412490 0.2839989 0.0272077 0.3312248 0.3783790 0.1228658 
n255_256   0.3939683 0.3567236 0.3897861 0.3562407 0.3780916 0.0000000 0.3839151 0.3757476 0.3721154 0.3661553 0.3616436 0.3619038 0.3835439 0.3719815 0.3663691 0.3554288 0.3887750 0.3539805 0.3666645 0.3508685 0.0339737 0.3504177 
n295_296   0.1116510 0.2570618 0.0033451 0.2371316 0.0033450 0.3839151 0.0000000 0.2946464 0.0377237 0.2550506 0.2461737 0.2713618 0.0134734 0.0341806 0.2552034 0.2553204 0.0448179 0.2890689 0.0306976 0.3366867 0.3842050 0.1268820 
n286_287   0.2951549 0.1507301 0.2998143 0.2648983 0.2895271 0.3757476 0.2946464 0.0000000 0.2747647 0.2736226 0.2601741 0.1628759 0.2947006 0.2700755 0.2691857 0.2786387 0.2994596 0.0236853 0.2747353 0.4311920 0.3711440 0.2794166 
n298_299   0.1000617 0.2339190 0.0412767 0.2192774 0.0341943 0.3721154 0.0377237 0.2747647 0.0000000 0.2368174 0.2281214 0.2523038 0.0447735 0.0168805 0.2369601 0.2370678 0.0272376 0.2693745 0.0134764 0.3419618 0.3618347 0.1150910 
n299_300   0.2745684 0.2286358 0.2599181 0.0481631 0.2550808 0.3661553 0.2550506 0.2736226 0.2368174 0.0000000 0.0481336 0.2420921 0.2692906 0.2365454 0.0134503 0.0168546 0.2553336 0.2640728 0.2320677 0.4065915 0.3605597 0.2456236 
n278_279   0.2654701 0.2290158 0.2509872 0.0134626 0.2462027 0.3616436 0.2461737 0.2601741 0.2281214 0.0481336 0.0000000 0.2424982 0.2556922 0.2278609 0.0517691 0.0517355 0.2373869 0.2507694 0.2234260 0.4018278 0.3560734 0.2458844 
n265_266   0.2864632 0.0272170 0.2763776 0.2474774 0.2663924 0.3619038 0.2713618 0.1628759 0.2523038 0.2420921 0.2424982 0.0000000 0.2809061 0.2523620 0.2375231 0.2469103 0.2669035 0.1587287 0.2477645 0.4211205 0.3517417 0.2664274 
n289_290   0.1194080 0.2664305 0.0168912 0.2419133 0.0100763 0.3835439 0.0134734 0.2947006 0.0447735 0.2692906 0.2556922 0.2809061 0.0000000 0.0411914 0.2694507 0.2695770 0.0483214 0.2891205 0.0376785 0.3258215 0.3838339 0.1347677 
n293_294   0.0961467 0.2384155 0.0377111 0.2190300 0.0306732 0.3719815 0.0341806 0.2700755 0.0168805 0.2365454 0.2278609 0.2523620 0.0411914 0.0000000 0.2366874 0.2367940 0.0237547 0.2647258 0.0033422 0.3367593 0.3617058 0.1110958 
n280_281   0.2699402 0.2241438 0.2600743 0.0553536 0.2552327 0.3663691 0.2552034 0.2691857 0.2369601 0.0134503 0.0517691 0.2375231 0.2694507 0.2366874 0.0000000 0.0237254 0.2554870 0.2596838 0.2322063 0.4068247 0.3607693 0.2457708 
n274_275   0.2796083 0.2333653 0.2601951 0.0517671 0.2553508 0.3554288 0.2553204 0.2786387 0.2370678 0.0168546 0.0517355 0.2469103 0.2695770 0.2367940 0.0237254 0.0000000 0.2556051 0.2690214 0.2323115 0.4069168 0.3499183 0.2504504 
n275_276   0.1078116 0.2526690 0.0484125 0.2284322 0.0412490 0.3887750 0.0448179 0.2994596 0.0272376 0.2553336 0.2373869 0.2669035 0.0483214 0.0237547 0.2554870 0.2556051 0.0000000 0.2938394 0.0203186 0.3528425 0.3782799 0.1150106 
n285_286   0.2946363 0.1466472 0.2941854 0.2506135 0.2839989 0.3539805 0.2890689 0.0236853 0.2693745 0.2640728 0.2507694 0.1587287 0.2891205 0.2647258 0.2596838 0.2690214 0.2938394 0.0000000 0.2693463 0.4252027 0.3546742 0.2739861 
n294_295   0.0923775 0.2338979 0.0342101 0.2146419 0.0272077 0.3666645 0.0306976 0.2747353 0.0134764 0.2320677 0.2234260 0.2477645 0.0376785 0.0033422 0.2322063 0.2323115 0.0203186 0.2693463 0.0000000 0.3316438 0.3564520 0.1072670 
n244_245   0.3930231 0.3975313 0.3421976 0.4075462 0.3312248 0.3508685 0.3366867 0.4311920 0.3419618 0.4065915 0.4018278 0.4211205 0.3258215 0.3367593 0.4068247 0.4069168 0.3528425 0.4252027 0.3316438 0.0000000 0.3511403 0.3521919 
n251_252   0.3778996 0.3466220 0.3900791 0.3507147 0.3783790 0.0339737 0.3842050 0.3711440 0.3618347 0.3605597 0.3560734 0.3517417 0.3838339 0.3617058 0.3607693 0.3499183 0.3782799 0.3546742 0.3564520 0.3511403 0.0000000 0.3404032 
n200_201   0.1308964 0.2522209 0.1309320 0.2368522 0.1228658 0.3504177 0.1268820 0.2794166 0.1150910 0.2456236 0.2458844 0.2664274 0.1347677 0.1110958 0.2457708 0.2504504 0.1150106 0.2739861 0.1072670 0.3521919 0.3404032 0.0000000 
