25
n236_237   0.0000000 0.2790221 0.0781841 0.3596202 0.0631539 0.4287093 0.0706040 0.3164347 0.0782388 0.3483638 0.0668167 0.3593962 0.3485692 0.2845192 0.0668282 0.0708019 0.3483638 0.3770377 0.0783177 0.0708467 0.0707546 0.4774610 0.4486187 0.1252815 0.3534868 
n266_267   0.2790221 0.0000000 0.2839315 0.2773882 0.2737056 0.3211191 0.2842691 0.0978331 0.2959697 0.2576757 0.2786872 0.2772248 0.2578185 0.0033474 0.2733864 0.3010013 0.2576757 0.2779310 0.3116707 0.3011550 0.2902726 0.4028416 0.3391215 0.2481685 0.2622665 
n296_297   0.0781841 0.2839315 0.0000000 0.3958472 0.0203638 0.4220727 0.0067149 0.3048776 0.0486231 0.3722726 0.0273398 0.3955942 0.3724963 0.2894741 0.0238141 0.0379703 0.3722726 0.4020364 0.0486708 0.0415195 0.0414668 0.4842882 0.4491397 0.1213416 0.3775602 
n277_278   0.3596202 0.2773882 0.3958472 0.0000000 0.3783996 0.4347710 0.3963761 0.2769391 0.4098452 0.0595274 0.3785480 0.0066987 0.0632975 0.2828455 0.3779376 0.3967576 0.0595274 0.0780597 0.4158283 0.3905513 0.3976755 0.4591849 0.4317611 0.3617076 0.0631179 
n290_291   0.0631539 0.2737056 0.0203638 0.3783996 0.0000000 0.4096167 0.0134908 0.3000634 0.0343025 0.3553638 0.0100864 0.3781604 0.3555751 0.2791568 0.0033439 0.0273228 0.3553638 0.3844354 0.0343357 0.0273405 0.0273054 0.4706440 0.4361825 0.1052094 0.3605488 
n255_256   0.4287093 0.3211191 0.4220727 0.4347710 0.4096167 0.0000000 0.4226524 0.3545202 0.4370132 0.4371928 0.4156137 0.4487688 0.4374675 0.3153409 0.4091100 0.4302646 0.4371928 0.4567529 0.4363306 0.4304419 0.4243747 0.3182923 0.0744110 0.4168439 0.4429150 
n295_296   0.0706040 0.2842691 0.0067149 0.3963761 0.0134908 0.4226524 0.0000000 0.3052481 0.0414078 0.3727582 0.0237957 0.3961224 0.3729826 0.2898205 0.0169032 0.0308677 0.3727582 0.4025773 0.0414481 0.0343773 0.0343340 0.4850012 0.4497753 0.1131976 0.3780548 
n286_287   0.3164347 0.0978331 0.3048776 0.2769391 0.3000634 0.3545202 0.3052481 0.0000000 0.3233435 0.2774619 0.3052364 0.2767761 0.2776176 0.1018510 0.2997090 0.3165354 0.2774619 0.2983025 0.3286261 0.3227149 0.3173783 0.4763531 0.3570805 0.2733770 0.2821592 
n298_299   0.0782388 0.2959697 0.0486231 0.4098452 0.0343025 0.4370132 0.0414078 0.3233435 0.0000000 0.3791817 0.0449553 0.4095805 0.3794109 0.3016420 0.0378236 0.0203707 0.3857705 0.4092956 0.0238002 0.0203838 0.0067023 0.4991292 0.4647549 0.1256305 0.3790651 
n299_300   0.3483638 0.2576757 0.3722726 0.0595274 0.3553638 0.4371928 0.3727582 0.2774619 0.3791817 0.0000000 0.3555077 0.0594973 0.0033408 0.2629695 0.3549339 0.3731273 0.0067036 0.0237551 0.3786456 0.3671292 0.3739887 0.4614516 0.4264606 0.3276255 0.0066871 
n287_288   0.0668167 0.2786872 0.0273398 0.3785480 0.0100864 0.4156137 0.0237957 0.3052364 0.0449553 0.3555077 0.0000000 0.3783086 0.3557191 0.2841805 0.0134801 0.0378718 0.3555077 0.3845848 0.0449992 0.0378962 0.0378483 0.4771788 0.4424066 0.1091030 0.3606935 
n278_279   0.3593962 0.2772248 0.3955942 0.0066987 0.3781604 0.4487688 0.3961224 0.2767761 0.4095805 0.0594973 0.3783086 0.0000000 0.0632654 0.2826781 0.3776988 0.3965036 0.0594973 0.0780198 0.4155587 0.3903024 0.3974205 0.4660840 0.4457615 0.3614812 0.0630860 
n292_293   0.3485692 0.2578185 0.3724963 0.0632975 0.3555751 0.4374675 0.3729826 0.2776176 0.3794109 0.0033408 0.3557191 0.0632654 0.0000000 0.2631159 0.3551447 0.3733520 0.0100961 0.0272601 0.3788743 0.3673493 0.3742143 0.4617454 0.4267276 0.3278168 0.0100712 
n265_266   0.2845192 0.0033474 0.2894741 0.2828455 0.2791568 0.3153409 0.2898205 0.1018510 0.3016420 0.2629695 0.2841805 0.2826781 0.2631159 0.0000000 0.2788302 0.3067174 0.2629695 0.2834025 0.3174831 0.3068729 0.2958867 0.4027154 0.3331673 0.2533879 0.2675937 
n289_290   0.0668282 0.2733864 0.0238141 0.3779376 0.0033439 0.4091100 0.0169032 0.2997090 0.0378236 0.3549339 0.0134801 0.3776988 0.3551447 0.2788302 0.0000000 0.0308117 0.3549339 0.3839645 0.0378603 0.0308316 0.0307929 0.4700436 0.4356358 0.1091212 0.3601121 
n293_294   0.0708019 0.3010013 0.0379703 0.3967576 0.0273228 0.4302646 0.0308677 0.3165354 0.0203707 0.3731273 0.0378718 0.3965036 0.3733520 0.3067174 0.0308117 0.0000000 0.3731273 0.4029620 0.0203900 0.0067174 0.0135144 0.4997548 0.4577286 0.1215076 0.3784265 
n280_281   0.3483638 0.2576757 0.3722726 0.0595274 0.3553638 0.4371928 0.3727582 0.2774619 0.3857705 0.0067036 0.3555077 0.0594973 0.0100961 0.2629695 0.3549339 0.3731273 0.0000000 0.0237551 0.3915653 0.3671292 0.3739887 0.4540606 0.4264606 0.3276255 0.0100684 
n274_275   0.3770377 0.2779310 0.4020364 0.0780597 0.3844354 0.4567529 0.4025773 0.2983025 0.4092956 0.0237551 0.3845848 0.0780198 0.0272601 0.2834025 0.3839645 0.4029620 0.0237551 0.0000000 0.4155871 0.3966966 0.3971424 0.4757901 0.4457918 0.3555760 0.0271848 
n275_276   0.0783177 0.3116707 0.0486708 0.4158283 0.0343357 0.4363306 0.0414481 0.3286261 0.0238002 0.3786456 0.0449992 0.4155587 0.3788743 0.3174831 0.0378603 0.0203900 0.3915653 0.4155871 0.0000000 0.0204031 0.0203780 0.5063624 0.4640275 0.1296309 0.3902894 
n294_295   0.0708467 0.3011550 0.0415195 0.3905513 0.0273405 0.4304419 0.0343773 0.3227149 0.0203838 0.3671292 0.0378962 0.3903024 0.3673493 0.3068729 0.0308316 0.0067174 0.3671292 0.3966966 0.0204031 0.0000000 0.0135232 0.4999308 0.4579067 0.1174785 0.3723882 
n297_298   0.0707546 0.2902726 0.0414668 0.3976755 0.0273054 0.4243747 0.0343340 0.3173783 0.0067023 0.3739887 0.0378483 0.3974205 0.3742143 0.2958867 0.0307929 0.0135144 0.3739887 0.3971424 0.0203780 0.0135232 0.0000000 0.4853527 0.4516117 0.1214171 0.3792997 
n244_245   0.4774610 0.4028416 0.4842882 0.4591849 0.4706440 0.3182923 0.4850012 0.4763531 0.4991292 0.4614516 0.4771788 0.4660840 0.4617454 0.4027154 0.4700436 0.4997548 0.4540606 0.4757901 0.5063624 0.4999308 0.4853527 0.0000000 0.3262517 0.4790518 0.4673249 
n251_252   0.4486187 0.3391215 0.4491397 0.4317611 0.4361825 0.0744110 0.4497753 0.3570805 0.4647549 0.4264606 0.4424066 0.4457615 0.4267276 0.3331673 0.4356358 0.4577286 0.4264606 0.4457918 0.4640275 0.4579067 0.4516117 0.3262517 0.0000000 0.4360893 0.4321290 
n200_201   0.1252815 0.2481685 0.1213416 0.3617076 0.1052094 0.4168439 0.1131976 0.2733770 0.1256305 0.3276255 0.1091030 0.3614812 0.3278168 0.2533879 0.1091212 0.1215076 0.3276255 0.3555760 0.1296309 0.1174785 0.1214171 0.4790518 0.4360893 0.0000000 0.3326435 
n300_301   0.3534868 0.2622665 0.3775602 0.0631179 0.3605488 0.4429150 0.3780548 0.2821592 0.3790651 0.0066871 0.3606935 0.0630860 0.0100712 0.2675937 0.3601121 0.3784265 0.0100684 0.0271848 0.3902894 0.3723882 0.3792997 0.4673249 0.4321290 0.3326435 0.0000000 
