23
n251_254   0.0000000 0.4923384 0.4568389 0.4670806 0.4997445 0.4843720 0.4892437 0.5136090 0.4795918 0.5200350 0.4852229 0.3529669 0.4561192 0.4612423 0.4793712 0.5064899 0.5065063 0.5072650 0.0554773 0.4863157 0.4867226 0.5206687 0.4916120 
n277_280   0.4923384 0.0000000 0.2964747 0.0517804 0.3024551 0.2924323 0.3028032 0.3286153 0.0553722 0.3035133 0.3163136 0.5080811 0.2913408 0.0625845 0.0553520 0.2934264 0.3075723 0.3178434 0.4612475 0.0590042 0.0134230 0.3038106 0.3156488 
n286_289   0.4568389 0.2964747 0.0000000 0.2487781 0.3184688 0.2939970 0.2891735 0.3402241 0.2627364 0.3139767 0.1554451 0.4443931 0.0033380 0.2672089 0.2626734 0.3092783 0.3237063 0.3292505 0.4368025 0.2677179 0.2864107 0.3142874 0.1591856 
n274_277   0.4670806 0.0517804 0.2487781 0.0000000 0.2635851 0.2490074 0.2638815 0.2883850 0.0100628 0.2644824 0.2622936 0.4699113 0.2439701 0.0202613 0.0134429 0.2548929 0.2684449 0.2781960 0.4418083 0.0168566 0.0518182 0.2647324 0.2617631 
n287_290   0.4997445 0.3024551 0.3184688 0.2635851 0.0000000 0.0886098 0.1355832 0.0168867 0.2731524 0.0306608 0.2999552 0.4812541 0.3131500 0.2870891 0.2777285 0.0237328 0.0033429 0.0168867 0.4936553 0.2828976 0.3027206 0.0306839 0.3043078 
n236_239   0.4843720 0.2924323 0.2939970 0.2490074 0.0886098 0.0000000 0.1200794 0.1078311 0.2583803 0.0775828 0.2993801 0.4725370 0.2888462 0.2720568 0.2583099 0.0701736 0.0924045 0.1078311 0.4656066 0.2633283 0.2926870 0.0776441 0.3036026 
n200_203   0.4892437 0.3028032 0.2891735 0.2638815 0.1355832 0.1200794 0.0000000 0.1561908 0.2781574 0.1280649 0.2996576 0.4345848 0.2840539 0.2874159 0.2780432 0.1201021 0.1396434 0.1561908 0.4877195 0.2832195 0.3030692 0.1281712 0.3038856 
n296_299   0.5136090 0.3286153 0.3402241 0.2883850 0.0168867 0.1078311 0.1561908 0.0000000 0.2982822 0.0483258 0.3112276 0.5011691 0.3347295 0.3126587 0.3029975 0.0412194 0.0203151 0.0067174 0.5074138 0.3083706 0.3289097 0.0483627 0.3156369 
n292_295   0.4795918 0.0553722 0.2627364 0.0100628 0.2731524 0.2583803 0.2781574 0.2982822 0.0000000 0.2740886 0.2764697 0.4749810 0.2578361 0.0236961 0.0100486 0.2643782 0.2780747 0.2879519 0.4539050 0.0134402 0.0554127 0.2743500 0.2759052 
n275_278   0.5200350 0.3035133 0.3139767 0.2644824 0.0306608 0.0775828 0.1280649 0.0483258 0.2740886 0.0000000 0.3102037 0.5010728 0.3086823 0.2880810 0.2786827 0.0067103 0.0341545 0.0483258 0.5137950 0.2838740 0.3037807 0.0067124 0.3145968 
n266_269   0.4852229 0.3163136 0.1554451 0.2622936 0.2999552 0.2993801 0.2996576 0.3112276 0.2764697 0.3102037 0.0000000 0.4870840 0.1512598 0.2856646 0.2764030 0.3055067 0.3050905 0.3006277 0.4717056 0.2815418 0.3110375 0.3105108 0.0272135 
n244_247   0.3529669 0.5080811 0.4443931 0.4699113 0.4812541 0.4725370 0.4345848 0.5011691 0.4749810 0.5010728 0.4870840 0.0000000 0.4505559 0.4819384 0.4747626 0.4878404 0.4878602 0.5011691 0.3411346 0.4745294 0.5023502 0.4951621 0.4924026 
n285_288   0.4561192 0.2913408 0.0033380 0.2439701 0.3131500 0.2888462 0.2840539 0.3347295 0.2578361 0.3086823 0.1512598 0.4505559 0.0000000 0.2668472 0.2577745 0.3040127 0.3183476 0.3238450 0.4361265 0.2627801 0.2813514 0.3089861 0.1549869 
n280_283   0.4612423 0.0625845 0.2672089 0.0202613 0.2870891 0.2720568 0.2874159 0.3126587 0.0236961 0.2880810 0.2856646 0.4819384 0.2668472 0.0000000 0.0271344 0.2782102 0.2920945 0.3021394 0.4361424 0.0306235 0.0626305 0.2883587 0.2850783 
n299_302   0.4793712 0.0553520 0.2626734 0.0134429 0.2777285 0.2583099 0.2780432 0.3029975 0.0100486 0.2786827 0.2764030 0.4747626 0.2577745 0.0271344 0.0000000 0.2689215 0.2826771 0.2926073 0.4479540 0.0033408 0.0553925 0.2789493 0.2758387 
n298_301   0.5064899 0.2934264 0.3092783 0.2548929 0.0237328 0.0701736 0.1201021 0.0412194 0.2643782 0.0067103 0.3055067 0.4878404 0.3040127 0.2782102 0.2689215 0.0000000 0.0271919 0.0412194 0.5003497 0.2740379 0.2936829 0.0067152 0.3098865 
n289_292   0.5065063 0.3075723 0.3237063 0.2684449 0.0033429 0.0924045 0.1396434 0.0203151 0.2780747 0.0341545 0.3050905 0.4878602 0.3183476 0.2920945 0.2826771 0.0271919 0.0000000 0.0203151 0.5003673 0.2878849 0.3078433 0.0341802 0.3094634 
n295_298   0.5072650 0.3178434 0.3292505 0.2781960 0.0168867 0.1078311 0.1561908 0.0067174 0.2879519 0.0483258 0.3006277 0.5011691 0.3238450 0.3021394 0.2926073 0.0412194 0.0203151 0.0000000 0.5011128 0.2978933 0.3181256 0.0483627 0.3049913 
n255_258   0.0554773 0.4612475 0.4368025 0.4418083 0.4936553 0.4656066 0.4877195 0.5074138 0.4539050 0.5137950 0.4717056 0.3411346 0.4361265 0.4361424 0.4479540 0.5003497 0.5003673 0.5011128 0.0000000 0.4545941 0.4558073 0.5144178 0.4779790 
n300_303   0.4863157 0.0590042 0.2677179 0.0168566 0.2828976 0.2633283 0.2832195 0.3083706 0.0134402 0.2838740 0.2815418 0.4745294 0.2627801 0.0306235 0.0033408 0.2740379 0.2878849 0.2978933 0.4545941 0.0000000 0.0590474 0.2841472 0.2809645 
n278_281   0.4867226 0.0134230 0.2864107 0.0518182 0.3027206 0.2926870 0.3030692 0.3289097 0.0554127 0.3037807 0.3110375 0.5023502 0.2813514 0.0626305 0.0553925 0.2936829 0.3078433 0.3181256 0.4558073 0.0590474 0.0000000 0.3040785 0.3103866 
n293_296   0.5206687 0.3038106 0.3142874 0.2647324 0.0306839 0.0776441 0.1281712 0.0483627 0.2743500 0.0067124 0.3105108 0.4951621 0.3089861 0.2883587 0.2789493 0.0067152 0.0341802 0.0483627 0.5144178 0.2841472 0.3040785 0.0000000 0.3149089 
n265_268   0.4916120 0.3156488 0.1591856 0.2617631 0.3043078 0.3036026 0.3038856 0.3156369 0.2759052 0.3145968 0.0272135 0.4924026 0.1549869 0.2850783 0.2758387 0.3098865 0.3094634 0.3049913 0.4779790 0.2809645 0.3103866 0.3149089 0.0000000 
