25
n295_304   0.0000000 0.2700529 0.0376536 0.0518877 0.1510614 0.2891757 0.0134448 0.0519410 0.2246964 0.0997341 0.2379641 0.3051499 0.0100638 0.3902282 0.2751086 0.2844020 0.2899274 0.2381842 0.2797081 0.0033430 0.0554943 0.2748638 0.0202650 0.2338712 0.3094773 
n274_283   0.2700529 0.0000000 0.2611420 0.2855334 0.2414803 0.0444646 0.2890497 0.2858624 0.2197432 0.2602852 0.2371264 0.3568804 0.2794849 0.4301859 0.0066792 0.0134198 0.3248265 0.2463683 0.0374791 0.2749317 0.2905320 0.0033314 0.2844164 0.2197855 0.3452516 
n298_307   0.0376536 0.2611420 0.0000000 0.0203329 0.1391723 0.2849146 0.0517742 0.0203535 0.2343890 0.0922626 0.2431196 0.2908623 0.0482241 0.3800335 0.2661413 0.2753499 0.2712033 0.2433453 0.2754805 0.0411844 0.0237829 0.2659044 0.0589753 0.2344341 0.2903286 
n293_302   0.0518877 0.2855334 0.0203329 0.0000000 0.1556299 0.3051035 0.0662827 0.0203453 0.2532890 0.1076492 0.2622175 0.3112649 0.0626640 0.3974611 0.2907213 0.3002196 0.3009098 0.2624629 0.2954204 0.0554943 0.0033526 0.2904593 0.0736384 0.2533373 0.3207965 
n200_205   0.1510614 0.2414803 0.1391723 0.1556299 0.0000000 0.2553455 0.1632184 0.1557985 0.2335621 0.1591326 0.2285878 0.3240046 0.1550578 0.3993759 0.2507898 0.2506356 0.3187878 0.2377439 0.2462795 0.1551993 0.1514470 0.2461006 0.1674646 0.2290709 0.3340399 
n278_287   0.2891757 0.0444646 0.2849146 0.3051035 0.2553455 0.0000000 0.3086317 0.3054582 0.2287336 0.2743541 0.2462999 0.3831682 0.2988345 0.4529221 0.0515604 0.0587172 0.3502806 0.2556549 0.0270602 0.2941812 0.3102348 0.0479998 0.3038955 0.2287775 0.3713446 
n287_296   0.0134448 0.2890497 0.0517742 0.0662827 0.1632184 0.3086317 0.0000000 0.0663512 0.2426848 0.1150025 0.2470760 0.3250556 0.0100578 0.4067336 0.2942442 0.3037455 0.3094356 0.2473052 0.2989447 0.0168489 0.0699595 0.2939794 0.0202527 0.2520782 0.3294596 
n275_284   0.0519410 0.2858624 0.0203535 0.0203453 0.1557985 0.3054582 0.0663512 0.0000000 0.2535774 0.1077632 0.2625168 0.3064832 0.0627287 0.3921662 0.2910574 0.3005678 0.3012595 0.2627628 0.2957625 0.0555513 0.0237974 0.2907947 0.0737147 0.2536259 0.3211726 
n285_294   0.2246964 0.2197432 0.2343890 0.2532890 0.2335621 0.2287336 0.2426848 0.2535774 0.0000000 0.2338645 0.0963173 0.3206994 0.2336303 0.3905433 0.2200992 0.2334142 0.3007784 0.1039097 0.2243988 0.2292964 0.2580904 0.2242477 0.2382776 0.0067174 0.3053945 
n236_245   0.0997341 0.2602852 0.0922626 0.1076492 0.1591326 0.2743541 0.1150025 0.1077632 0.2338645 0.0000000 0.2519006 0.3199160 0.1073267 0.4012010 0.2652643 0.2744377 0.3100111 0.2521347 0.2698054 0.1035842 0.1115509 0.2650290 0.1189582 0.2339094 0.3352566 
n265_274   0.2379641 0.2371264 0.2431196 0.2622175 0.2285878 0.2462999 0.2470760 0.2625168 0.0963173 0.2519006 0.0000000 0.3308140 0.2379796 0.3955211 0.2375129 0.2417883 0.3003828 0.0271613 0.2418889 0.2426420 0.2670694 0.2417241 0.2426505 0.0963369 0.3103050 
n244_253   0.3051499 0.3568804 0.2908623 0.3112649 0.3240046 0.3831682 0.3250556 0.3064832 0.3206994 0.3199160 0.3308140 0.0000000 0.3150310 0.1474303 0.3626240 0.3681707 0.2292751 0.3413164 0.3673793 0.3102780 0.3164505 0.3622869 0.3304393 0.3207584 0.2337725 
n289_298   0.0100638 0.2794849 0.0482241 0.0626640 0.1550578 0.2988345 0.0100578 0.0627287 0.2336303 0.1073267 0.2379796 0.3150310 0.0000000 0.3956183 0.2846092 0.2940052 0.3045593 0.2381997 0.2892585 0.0134533 0.0663234 0.2843545 0.0100597 0.2429131 0.3244689 
n200_207   0.3902282 0.4301859 0.3800335 0.3974611 0.3993759 0.4529221 0.4067336 0.3921662 0.3905433 0.4012010 0.3955211 0.1474303 0.3956183 0.0000000 0.4365609 0.4427133 0.2705671 0.3952503 0.4416916 0.3959894 0.4032965 0.4361427 0.4014091 0.3906124 0.2847594 
n280_289   0.2751086 0.0066792 0.2661413 0.2907213 0.2507898 0.0515604 0.2942442 0.2910574 0.2200992 0.2652643 0.2375129 0.3626240 0.2846092 0.4365609 0.0000000 0.0202267 0.3303062 0.2512445 0.0445123 0.2800259 0.2957594 0.0100419 0.2895790 0.2201417 0.3458533 
n299_308   0.2844020 0.0134198 0.2753499 0.3002196 0.2506356 0.0587172 0.3037455 0.3005678 0.2334142 0.2744377 0.2417883 0.3681707 0.2940052 0.4427133 0.0202267 0.0000000 0.3402447 0.2510903 0.0516066 0.2893763 0.3053182 0.0100368 0.2990343 0.2334590 0.3610665 
n255_264   0.2899274 0.3248265 0.2712033 0.3009098 0.3187878 0.3502806 0.3094356 0.3012595 0.3007784 0.3100111 0.3003828 0.2292751 0.3045593 0.2705671 0.3303062 0.3402447 0.0000000 0.3054625 0.3299634 0.2949466 0.3060205 0.3300030 0.3095522 0.3008343 0.0271313 
n266_275   0.2381842 0.2463683 0.2433453 0.2624629 0.2377439 0.2556549 0.2473052 0.2627628 0.1039097 0.2521347 0.0271613 0.3413164 0.2381997 0.3952503 0.2512445 0.2510903 0.3054625 0.0000000 0.2511959 0.2428668 0.2673199 0.2510234 0.2428753 0.1039307 0.3254303 
n277_286   0.2797081 0.0374791 0.2754805 0.2954204 0.2462795 0.0270602 0.2989447 0.2957625 0.2243988 0.2698054 0.2418889 0.3673793 0.2892585 0.4416916 0.0445123 0.0516066 0.3299634 0.2511959 0.0000000 0.2846526 0.3004880 0.0409838 0.2893784 0.2244420 0.3558024 
n296_305   0.0033430 0.2749317 0.0411844 0.0554943 0.1551993 0.2941812 0.0168489 0.0555513 0.2292964 0.1035842 0.2426420 0.3102780 0.0134533 0.3959894 0.2800259 0.2893763 0.2949466 0.2428668 0.2846526 0.0000000 0.0591202 0.2797751 0.0237040 0.2385313 0.3146266 
n294_303   0.0554943 0.2905320 0.0237829 0.0033526 0.1514470 0.3102348 0.0699595 0.0237974 0.2580904 0.1115509 0.2670694 0.3164505 0.0663234 0.4032965 0.2957594 0.3053182 0.3060205 0.2673199 0.3004880 0.0591202 0.0000000 0.2954920 0.0773549 0.2581396 0.3260421 
n292_301   0.2748638 0.0033314 0.2659044 0.2904593 0.2461006 0.0479998 0.2939794 0.2907947 0.2242477 0.2650290 0.2417241 0.3622869 0.2843545 0.4361427 0.0100419 0.0100368 0.3300030 0.2510234 0.0409838 0.2797751 0.2954920 0.0000000 0.2893193 0.2242909 0.3505642 
n290_299   0.0202650 0.2844164 0.0589753 0.0736384 0.1674646 0.3038955 0.0202527 0.0737147 0.2382776 0.1189582 0.2426505 0.3304393 0.0100597 0.4014091 0.2895790 0.2990343 0.3095522 0.2428753 0.2893784 0.0237040 0.0773549 0.2893193 0.0000000 0.2476215 0.3400460 
n286_295   0.2338712 0.2197855 0.2344341 0.2533373 0.2290709 0.2287775 0.2520782 0.2536259 0.0067174 0.2339094 0.0963369 0.3207584 0.2429131 0.3906124 0.2201417 0.2334590 0.3008343 0.1039307 0.2244420 0.2385313 0.2581396 0.2242909 0.2476215 0.0000000 0.3054511 
n251_260   0.3094773 0.3452516 0.2903286 0.3207965 0.3340399 0.3713446 0.3294596 0.3211726 0.3053945 0.3352566 0.3103050 0.2337725 0.3244689 0.2847594 0.3458533 0.3610665 0.0271313 0.3254303 0.3558024 0.3146266 0.3260421 0.3505642 0.3400460 0.3054511 0.0000000 
