24
n265_272   0.0000000 0.1564270 0.1440919 0.3790788 0.2863574 0.3320507 0.3737123 0.3492676 0.3547598 0.4340669 0.3278345 0.3737848 0.2915962 0.0237554 0.4024519 0.4856179 0.3705458 0.3795592 0.3336211 0.2812459 0.3171754 0.3603861 0.2864747 0.3606535 
n285_292   0.1564270 0.0000000 0.0237165 0.3796877 0.3073596 0.3330591 0.3802195 0.3501089 0.3613513 0.4348500 0.3445064 0.3802942 0.3127704 0.1567996 0.3847051 0.4865293 0.3714448 0.3861275 0.3456037 0.3020833 0.3391988 0.3612583 0.3074867 0.3673137 
n286_293   0.1440919 0.0237165 0.0000000 0.3518323 0.2821189 0.3227624 0.3523255 0.3234277 0.3342687 0.4107385 0.3234323 0.3523918 0.2873356 0.1444333 0.3683350 0.4607048 0.3496919 0.3580118 0.3245047 0.2770283 0.3182589 0.3397496 0.2822344 0.3400015 
n296_303   0.3790788 0.3796877 0.3518323 0.0000000 0.3644100 0.1533010 0.0307370 0.0556466 0.0520557 0.3752678 0.3923549 0.0237988 0.3703369 0.3738722 0.3803610 0.4037012 0.0701175 0.0272705 0.0857816 0.3641891 0.3866871 0.0629349 0.3530148 0.0557141 
n300_307   0.2863574 0.3073596 0.2821189 0.3644100 0.0000000 0.3341852 0.3536057 0.3458292 0.3461692 0.4073337 0.0630720 0.3536727 0.0033489 0.2870883 0.4155548 0.4440240 0.3671202 0.3593223 0.3195722 0.0101028 0.0593592 0.3514740 0.0067176 0.3520222 
n200_201   0.3320507 0.3330591 0.3227624 0.1533010 0.3341852 0.0000000 0.1659837 0.1324221 0.1364801 0.3637207 0.3613863 0.1576088 0.3398179 0.3329162 0.3236743 0.3977363 0.1484422 0.1618527 0.1165798 0.3286961 0.3559629 0.1405873 0.3233370 0.1406842 
n287_294   0.3737123 0.3802195 0.3523255 0.0307370 0.3536057 0.1659837 0.0000000 0.0666147 0.0629705 0.3696494 0.3811587 0.0067148 0.3594424 0.3685401 0.3638344 0.3978563 0.0812954 0.0100983 0.0973116 0.3533950 0.3755674 0.0740221 0.3423776 0.0666961 
n275_282   0.3492676 0.3501089 0.3234277 0.0556466 0.3458292 0.1324221 0.0666147 0.0000000 0.0100427 0.3744825 0.3668501 0.0593231 0.3515757 0.3442682 0.3233367 0.4028492 0.0201876 0.0629852 0.0705180 0.3456266 0.3613861 0.0134251 0.3347697 0.0134337 
n298_305   0.3547598 0.3613513 0.3342687 0.0520557 0.3461692 0.1364801 0.0629705 0.0100427 0.0000000 0.3748552 0.3672129 0.0557121 0.3519224 0.3497269 0.3341731 0.3977683 0.0236097 0.0593562 0.0742370 0.3459661 0.3617429 0.0168221 0.3350971 0.0033364 
n251_258   0.4340669 0.4348500 0.4107385 0.3752678 0.4073337 0.3637207 0.3696494 0.3744825 0.3748552 0.0000000 0.4702914 0.3640935 0.4136583 0.4158039 0.2978802 0.0413725 0.4026736 0.3698074 0.3823467 0.4136583 0.4640251 0.3920692 0.4075688 0.3809622 
n278_285   0.3278345 0.3445064 0.3234323 0.3923549 0.0630720 0.3613863 0.3811587 0.3668501 0.3672129 0.4702914 0.0000000 0.3812338 0.0667868 0.3286880 0.4799950 0.5103768 0.3773799 0.3870899 0.3458335 0.0557352 0.0168601 0.3671187 0.0630955 0.3732330 
n290_297   0.3737848 0.3802942 0.3523918 0.0237988 0.3536727 0.1576088 0.0067148 0.0593231 0.0557121 0.3640935 0.3812338 0.0000000 0.3595111 0.3686111 0.3694304 0.3921001 0.0738729 0.0033513 0.0896643 0.3534619 0.3756409 0.0666556 0.3424413 0.0593952 
n292_299   0.2915962 0.3127704 0.2873356 0.3703369 0.0033489 0.3398179 0.3594424 0.3515757 0.3519224 0.4136583 0.0667868 0.3595111 0.0000000 0.2923427 0.4219064 0.4506912 0.3730367 0.3652089 0.3251081 0.0135107 0.0630491 0.3572697 0.0101065 0.3578294 
n266_273   0.0237554 0.1567996 0.1444333 0.3738722 0.2870883 0.3329162 0.3685401 0.3442682 0.3497269 0.4158039 0.3286880 0.3686111 0.2923427 0.0000000 0.3909966 0.4593374 0.3654217 0.3743491 0.3398359 0.2819617 0.3179972 0.3553168 0.2872061 0.3555804 
n244_251   0.4024519 0.3847051 0.3683350 0.3803610 0.4155548 0.3236743 0.3638344 0.3233367 0.3341731 0.2978802 0.4799950 0.3694304 0.4219064 0.3909966 0.0000000 0.3293411 0.3335436 0.3751826 0.3579925 0.4155833 0.4601500 0.3343543 0.4283928 0.3399035 
n255_262   0.4856179 0.4865293 0.4607048 0.4037012 0.4440240 0.3977363 0.3978563 0.4028492 0.3977683 0.0413725 0.5103768 0.3921001 0.4506912 0.4593374 0.3293411 0.0000000 0.4320831 0.3980284 0.4111125 0.4506912 0.5038005 0.4211203 0.4442833 0.4040803 
n293_300   0.3705458 0.3714448 0.3496919 0.0701175 0.3671202 0.1484422 0.0812954 0.0201876 0.0236097 0.4026736 0.3773799 0.0738729 0.3730367 0.3654217 0.3335436 0.4320831 0.0000000 0.0776061 0.0853171 0.3610641 0.3718517 0.0133914 0.3557458 0.0270710 
n289_296   0.3795592 0.3861275 0.3580118 0.0272705 0.3593223 0.1618527 0.0100983 0.0629852 0.0593562 0.3698074 0.3870899 0.0033513 0.3652089 0.3743491 0.3751826 0.3980284 0.0776061 0.0000000 0.0935164 0.3591061 0.3814562 0.0703580 0.3480012 0.0630620 
n236_243   0.3336211 0.3456037 0.3245047 0.0857816 0.3195722 0.1165798 0.0973116 0.0705180 0.0742370 0.3823467 0.3458335 0.0896643 0.3251081 0.3398359 0.3579925 0.4111125 0.0853171 0.0935164 0.0000000 0.3193925 0.3458947 0.0779898 0.3089025 0.0780418 
n274_281   0.2812459 0.3020833 0.2770283 0.3641891 0.0101028 0.3286961 0.3533950 0.3456266 0.3459661 0.4136583 0.0557352 0.3534619 0.0135107 0.2819617 0.4155833 0.4506912 0.3610641 0.3591061 0.3193925 0.0000000 0.0520700 0.3512661 0.0101065 0.3518136 
n277_284   0.3171754 0.3391988 0.3182589 0.3866871 0.0593592 0.3559629 0.3755674 0.3613861 0.3617429 0.4640251 0.0168601 0.3756409 0.0630491 0.3179972 0.4601500 0.5038005 0.3718517 0.3814562 0.3458947 0.0520700 0.0000000 0.3616497 0.0593813 0.3677184 
n294_301   0.3603861 0.3612583 0.3397496 0.0629349 0.3514740 0.1405873 0.0740221 0.0134251 0.0168221 0.3920692 0.3671187 0.0666556 0.3572697 0.3553168 0.3343543 0.4211203 0.0133914 0.0703580 0.0779898 0.3512661 0.3616497 0.0000000 0.3403230 0.0202523 
n280_287   0.2864747 0.3074867 0.2822344 0.3530148 0.0067176 0.3233370 0.3423776 0.3347697 0.3350971 0.4075688 0.0630955 0.3424413 0.0101065 0.2872061 0.4283928 0.4442833 0.3557458 0.3480012 0.3089025 0.0101065 0.0593813 0.3403230 0.0000000 0.3408515 
n297_304   0.3606535 0.3673137 0.3400015 0.0557141 0.3520222 0.1406842 0.0666961 0.0134337 0.0033364 0.3809622 0.3732330 0.0593952 0.3578294 0.3555804 0.3399035 0.4040803 0.0270710 0.0630620 0.0780418 0.3518136 0.3677184 0.0202523 0.3408515 0.0000000 
