24
n236_237   0.0000000 0.3252551 0.1267709 0.3147019 0.1151643 0.3671278 0.1189120 0.2811077 0.1190592 0.3195655 0.1073740 0.3044049 0.3143709 0.3198681 0.1150549 0.3196581 0.3150649 0.1191066 0.2761712 0.1151112 0.1230144 0.4238927 0.3510936 0.1595151 
n266_267   0.3252551 0.0000000 0.3510479 0.3037167 0.3304391 0.4111962 0.3404227 0.1309391 0.3203684 0.3345125 0.3199367 0.2986177 0.3292180 0.0168409 0.3250530 0.3243235 0.3039717 0.3307529 0.1269427 0.3252558 0.3256209 0.4851083 0.3886096 0.3299880 
n296_297   0.1267709 0.3510479 0.0000000 0.3193948 0.0306470 0.3252114 0.0066965 0.3055319 0.0341559 0.3245784 0.0237173 0.3090372 0.3242947 0.3561711 0.0306441 0.3296583 0.3197640 0.0341689 0.3004286 0.0306577 0.0376686 0.3845185 0.3202018 0.1677736 
n277_278   0.3147019 0.3037167 0.3193948 0.0000000 0.3098202 0.3343982 0.3092162 0.2706744 0.3099038 0.0552252 0.2996127 0.0134254 0.0516383 0.3085323 0.3145335 0.0588312 0.0410529 0.3201360 0.2658199 0.3147279 0.3150772 0.3942365 0.3397921 0.2797060 
n290_291   0.1151643 0.3304391 0.0306470 0.3098202 0.0000000 0.3101404 0.0237262 0.2860119 0.0306966 0.3198750 0.0067084 0.2995809 0.3146695 0.3354371 0.0272007 0.3199681 0.3101762 0.0307082 0.2810383 0.0272126 0.0341953 0.3738647 0.3052203 0.1514060 
n255_256   0.3671278 0.4111962 0.3252114 0.3343982 0.3101404 0.0000000 0.3149336 0.3620561 0.3102878 0.3453863 0.3050011 0.3396852 0.3504730 0.4167137 0.3149265 0.3614817 0.3300293 0.3205401 0.3620745 0.3151210 0.3154714 0.2952110 0.0481969 0.3253937 
n295_296   0.1189120 0.3404227 0.0066965 0.3092162 0.0237262 0.3149336 0.0000000 0.2955062 0.0341478 0.3143268 0.0168632 0.2990047 0.3140538 0.3454769 0.0306368 0.3193369 0.3095698 0.0341607 0.2904738 0.0306503 0.0376596 0.3733844 0.3099890 0.1594497 
n286_287   0.2811077 0.1309391 0.3055319 0.2706744 0.2860119 0.3620561 0.2955062 0.0000000 0.2911173 0.2902319 0.2761057 0.2609764 0.2852343 0.1348440 0.2956716 0.2905061 0.2709731 0.3011257 0.0033443 0.2860257 0.2961737 0.4196947 0.3461134 0.2961148 
n298_299   0.1190592 0.3203684 0.0341559 0.3099038 0.0306966 0.3102878 0.0341478 0.2911173 0.0000000 0.3199612 0.0237554 0.2996624 0.3147552 0.3253066 0.0100823 0.3200544 0.3051995 0.0134895 0.2861061 0.0100867 0.0033496 0.3739660 0.3053645 0.1554892 
n299_300   0.3195655 0.3345125 0.3245784 0.0552252 0.3198750 0.3453863 0.3143268 0.2902319 0.3199612 0.0000000 0.3095273 0.0552267 0.0033321 0.3395180 0.3246399 0.0270899 0.0236701 0.3303319 0.2852427 0.3248417 0.3252067 0.3887214 0.3455441 0.2944368 
n287_288   0.1073740 0.3199367 0.0237173 0.2996127 0.0067084 0.3050011 0.0168632 0.2761057 0.0237554 0.3095273 0.0000000 0.2895240 0.3043999 0.3248656 0.0202987 0.3096151 0.2999541 0.0237644 0.2712024 0.0203076 0.0272185 0.3626944 0.3001141 0.1512858 
n278_279   0.3044049 0.2986177 0.3090372 0.0134254 0.2995809 0.3396852 0.2990047 0.2609764 0.2996624 0.0552267 0.2895240 0.0000000 0.0516398 0.3034011 0.3042400 0.0588328 0.0410542 0.3097475 0.2561891 0.3044249 0.3047594 0.3941990 0.3451190 0.2843986 
n292_293   0.3143709 0.3292180 0.3242947 0.0516383 0.3146695 0.3504730 0.3140538 0.2852343 0.3147552 0.0033321 0.3043999 0.0516398 0.0000000 0.3341889 0.3194070 0.0236436 0.0202374 0.3250500 0.2802807 0.3196045 0.3199612 0.3940823 0.3506343 0.2992159 
n265_266   0.3198681 0.0168409 0.3561711 0.3085323 0.3354371 0.4167137 0.3454769 0.1348440 0.3253066 0.3395180 0.3248656 0.3034011 0.3341889 0.0000000 0.3300129 0.3292683 0.3087912 0.3357564 0.1308279 0.3302207 0.3305932 0.4911845 0.3939732 0.3245690 
n293_294   0.1150549 0.3250530 0.0306441 0.3145335 0.0272007 0.3149265 0.0306368 0.2956716 0.0100823 0.3246399 0.0202987 0.3042400 0.3194070 0.3300129 0.0000000 0.3247350 0.3098118 0.0100861 0.2906352 0.0067039 0.0134770 0.3736567 0.3099809 0.1594278 
n280_281   0.3196581 0.3243235 0.3296583 0.0588312 0.3199681 0.3614817 0.3193369 0.2905061 0.3200544 0.0270899 0.3096151 0.0588328 0.0236436 0.3292683 0.3247350 0.0000000 0.0236689 0.3304302 0.2855107 0.3249379 0.3253025 0.4000642 0.3616499 0.3094527 
n274_275   0.3150649 0.3039717 0.3197640 0.0410529 0.3101762 0.3300293 0.3095698 0.2709731 0.3051995 0.0236701 0.2999541 0.0410542 0.0202374 0.3087912 0.3098118 0.0236689 0.0000000 0.3153778 0.2661117 0.3100019 0.3103447 0.3946893 0.3301786 0.2847308 
n275_276   0.1191066 0.3307529 0.0341689 0.3201360 0.0307082 0.3205401 0.0341607 0.3011257 0.0134895 0.3303319 0.0237644 0.3097475 0.3250500 0.3357564 0.0100861 0.3304302 0.3153778 0.0000000 0.2960441 0.0100904 0.0169045 0.3851487 0.3055306 0.1637959 
n285_286   0.2761712 0.1269427 0.3004286 0.2658199 0.2810383 0.3620745 0.2904738 0.0033443 0.2861061 0.2852427 0.2712024 0.2561891 0.2802807 0.1308279 0.2906352 0.2855107 0.2661117 0.2960441 0.0000000 0.2810527 0.2911260 0.4196212 0.3461307 0.2910706 
n294_295   0.1151112 0.3252558 0.0306577 0.3147279 0.0272126 0.3151210 0.0306503 0.2860257 0.0100867 0.3248417 0.0203076 0.3044249 0.3196045 0.3302207 0.0067039 0.3249379 0.3100019 0.0100904 0.2810527 0.0000000 0.0134828 0.3791829 0.3101713 0.1595111 
n297_298   0.1230144 0.3256209 0.0376686 0.3150772 0.0341953 0.3154714 0.0376596 0.2961737 0.0033496 0.3252067 0.0272185 0.3047594 0.3199612 0.3305932 0.0134770 0.3253025 0.3103447 0.0169045 0.2911260 0.0134828 0.0000000 0.3796335 0.3105145 0.1596621 
n244_245   0.4238927 0.4851083 0.3845185 0.3942365 0.3738647 0.2952110 0.3733844 0.4196947 0.3739660 0.3887214 0.3626944 0.3941990 0.3940823 0.4911845 0.3736567 0.4000642 0.3946893 0.3851487 0.4196212 0.3791829 0.3796335 0.0000000 0.2806713 0.3903509 
n251_252   0.3510936 0.3886096 0.3202018 0.3397921 0.3052203 0.0481969 0.3099890 0.3461134 0.3053645 0.3455441 0.3001141 0.3451190 0.3506343 0.3939732 0.3099809 0.3616499 0.3301786 0.3055306 0.3461307 0.3101713 0.3105145 0.2806713 0.0000000 0.3050585 
n200_201   0.1595151 0.3299880 0.1677736 0.2797060 0.1514060 0.3253937 0.1594497 0.2961148 0.1554892 0.2944368 0.1512858 0.2843986 0.2992159 0.3245690 0.1594278 0.3094527 0.2847308 0.1637959 0.2910706 0.1595111 0.1596621 0.3903509 0.3050585 0.0000000 
