28
n280_375   0.0000000 0.3048472 0.3272478 0.0852166 0.3261512 0.3263642 0.2994848 0.4220013 0.0237527 0.3048006 0.3158969 0.2911564 0.2730166 0.3742041 0.3046097 0.2883589 0.0969441 0.3625135 0.0307017 0.0168579 0.4413053 0.3836378 0.3720590 0.3051868 0.2941754 0.3160197 0.0202994 0.2861817 
n296_391   0.3048472 0.0000000 0.1590148 0.2744204 0.0342685 0.0342890 0.0100855 0.3697049 0.3053811 0.0272929 0.0273083 0.2709004 0.2250094 0.3392476 0.0203366 0.2299652 0.2849320 0.3333251 0.2999425 0.2944951 0.3910841 0.3521319 0.3409828 0.0414113 0.0134859 0.0067172 0.3000153 0.2660572 
n200_275   0.3272478 0.1590148 0.0000000 0.2862627 0.1591950 0.1592919 0.1547117 0.3757675 0.3160148 0.1592373 0.1593343 0.3081601 0.2600299 0.3394846 0.1420189 0.2751708 0.3028580 0.3507262 0.3214771 0.3108346 0.4243029 0.3888086 0.3828441 0.1294736 0.1504263 0.1678868 0.3105651 0.3030602 
n277_372   0.0852166 0.2744204 0.2862627 0.0000000 0.2847160 0.2848988 0.2692930 0.3746052 0.0814720 0.2700374 0.2749836 0.2708916 0.2446418 0.3030127 0.2643778 0.2588603 0.0100853 0.2972610 0.0776263 0.0738836 0.3820501 0.3570120 0.3402933 0.2648700 0.2642076 0.2800568 0.0776855 0.2660452 
n297_392   0.3261512 0.0342685 0.1591950 0.2847160 0.0000000 0.0067193 0.0307542 0.3758578 0.3267326 0.0273308 0.0273464 0.2861412 0.2345505 0.3453300 0.0203640 0.2490672 0.3011988 0.3393449 0.3211214 0.3154923 0.3982903 0.3527978 0.3468802 0.0485989 0.0342713 0.0414041 0.3211985 0.2812014 
n298_393   0.3263642 0.0342890 0.1592919 0.2848988 0.0067193 0.0000000 0.0307716 0.3637714 0.3269463 0.0273464 0.0273621 0.2756073 0.2346973 0.3338146 0.0203754 0.2492242 0.3013942 0.3279430 0.3213308 0.3156983 0.3858269 0.3411131 0.3353045 0.0486270 0.0342919 0.0414279 0.3214080 0.2707403 
n289_384   0.2994848 0.0100855 0.1547117 0.2692930 0.0307542 0.0307716 0.0000000 0.3637435 0.3000067 0.0238141 0.0238276 0.2756715 0.2202698 0.3335747 0.0168999 0.2344712 0.2797168 0.3277082 0.2946141 0.2892143 0.3916544 0.3463291 0.3352751 0.0378514 0.0033476 0.0169209 0.2946857 0.2708030 
n244_333   0.4220013 0.3697049 0.3757675 0.3746052 0.3758578 0.3637714 0.3637435 0.0000000 0.4093863 0.3639866 0.3704810 0.4107419 0.3487743 0.3063043 0.3581031 0.3717396 0.3937192 0.2806465 0.4082387 0.4031698 0.3227412 0.3231962 0.3178641 0.3456983 0.3578672 0.3762641 0.4097430 0.4049117 
n299_394   0.0237527 0.3053811 0.3160148 0.0814720 0.3267326 0.3269463 0.3000067 0.4093863 0.0000000 0.3053342 0.3164559 0.2802229 0.2681681 0.3568176 0.3051426 0.2834090 0.0931287 0.3454119 0.0272291 0.0066895 0.4283401 0.3905580 0.3788448 0.2998891 0.2946857 0.3165792 0.0033339 0.2753283 
n294_389   0.3048006 0.0272929 0.1592373 0.2700374 0.0273308 0.0273464 0.0238141 0.3639866 0.3053342 0.0000000 0.0135211 0.2758486 0.2158251 0.3283938 0.0135166 0.2299419 0.2861603 0.3286499 0.2998976 0.2944522 0.3928290 0.3526337 0.3414688 0.0414678 0.0272952 0.0343486 0.2999704 0.2709767 
n293_388   0.3158969 0.0273083 0.1593343 0.2749836 0.0273464 0.0273621 0.0238276 0.3704810 0.3164559 0.0135211 0.0000000 0.2814461 0.2254656 0.3337900 0.0135242 0.2398043 0.2912298 0.3279198 0.3109228 0.3053757 0.3986939 0.3467887 0.3357178 0.0414917 0.0273106 0.0343683 0.3109979 0.2765315 
n286_381   0.2911564 0.2709004 0.3081601 0.2708916 0.2861412 0.2756073 0.2756715 0.4107419 0.2802229 0.2758486 0.2814461 0.0000000 0.1415113 0.3736004 0.2706964 0.1414296 0.2870798 0.3452787 0.2905530 0.2803429 0.4052851 0.3991330 0.3872383 0.2601552 0.2705214 0.2815455 0.2750416 0.0033437 
n266_361   0.2730166 0.2250094 0.2600299 0.2446418 0.2345505 0.2346973 0.2202698 0.3487743 0.2681681 0.2158251 0.2254656 0.1415113 0.0000000 0.3196214 0.2156954 0.0169102 0.2600791 0.3037444 0.2677340 0.2579203 0.3610302 0.3280343 0.3232897 0.2110453 0.2155583 0.2348354 0.2631075 0.1374617 
n255_350   0.3742041 0.3392476 0.3394846 0.3030127 0.3453300 0.3338146 0.3335747 0.3063043 0.3568176 0.3283938 0.3337900 0.3736004 0.3196214 0.0000000 0.3281849 0.3415481 0.3201131 0.0520314 0.3623663 0.3449970 0.2703045 0.2918671 0.2966282 0.3113188 0.3279705 0.3510845 0.3510056 0.3680559 
n275_370   0.3046097 0.0203366 0.1420189 0.2643778 0.0203640 0.0203754 0.0168999 0.3581031 0.3051426 0.0135166 0.0135242 0.2706964 0.2156954 0.3281849 0.0000000 0.2298027 0.2803213 0.3223672 0.2997100 0.2942686 0.3858080 0.3408256 0.3298535 0.0343279 0.0203384 0.0272975 0.2997828 0.2658589 
n265_360   0.2883589 0.2299652 0.2751708 0.2588603 0.2490672 0.2492242 0.2344712 0.3717396 0.2834090 0.2299419 0.2398043 0.1414296 0.0169102 0.3415481 0.2298027 0.0000000 0.2746379 0.3251674 0.2829468 0.2729148 0.3844633 0.3447791 0.3399468 0.2250514 0.2296562 0.2398784 0.2782308 0.1373827 
n278_373   0.0969441 0.2849320 0.3028580 0.0100853 0.3011988 0.3013942 0.2797168 0.3937192 0.0931287 0.2861603 0.2912298 0.2870798 0.2600791 0.3201131 0.2803213 0.2746379 0.0000000 0.3141838 0.0891934 0.0853743 0.4014486 0.3755920 0.3583979 0.2808495 0.2745473 0.2906782 0.0892620 0.2821167 
n251_344   0.3625135 0.3333251 0.3507262 0.2972610 0.3393449 0.3279430 0.3277082 0.2806465 0.3454119 0.3286499 0.3279198 0.3452787 0.3037444 0.0520314 0.3223672 0.3251674 0.3141838 0.0000000 0.3508733 0.3337935 0.2449453 0.2912739 0.2760306 0.3056647 0.3221570 0.3450419 0.3396962 0.3399349 
n274_369   0.0307017 0.2999425 0.3214771 0.0776263 0.3211214 0.3213308 0.2946141 0.4082387 0.0272291 0.2998976 0.3109228 0.2905530 0.2677340 0.3623663 0.2997100 0.2829468 0.0891934 0.3508733 0.0000000 0.0202909 0.4412428 0.3963523 0.3845484 0.3002771 0.2893368 0.3110420 0.0237548 0.2855895 
n292_387   0.0168579 0.2944951 0.3108346 0.0738836 0.3154923 0.3156983 0.2892143 0.4031698 0.0066895 0.2944522 0.3053757 0.2803429 0.2579203 0.3449970 0.2942686 0.2729148 0.0853743 0.3337935 0.0202909 0.0000000 0.4219502 0.3845161 0.3729023 0.2948236 0.2839826 0.3054918 0.0033350 0.2754457 
n244_335   0.4413053 0.3910841 0.4243029 0.3820501 0.3982903 0.3858269 0.3916544 0.3227412 0.4283401 0.3928290 0.3986939 0.4052851 0.3610302 0.2703045 0.3858080 0.3844633 0.4014486 0.2449453 0.4412428 0.4219502 0.0000000 0.3133181 0.3081413 0.3851305 0.3855536 0.3978497 0.4287189 0.3994860 
n251_342   0.3836378 0.3521319 0.3888086 0.3570120 0.3527978 0.3411131 0.3463291 0.3231962 0.3905580 0.3526337 0.3467887 0.3991330 0.3280343 0.2918671 0.3408256 0.3447791 0.3755920 0.2912739 0.3963523 0.3845161 0.3133181 0.0000000 0.0378087 0.3351751 0.3406018 0.3585008 0.3908928 0.3933845 
n255_348   0.3720590 0.3409828 0.3828441 0.3402933 0.3468802 0.3353045 0.3352751 0.3178641 0.3788448 0.3414688 0.3357178 0.3872383 0.3232897 0.2966282 0.3298535 0.3399468 0.3583979 0.2760306 0.3845484 0.3729023 0.3081413 0.0378087 0.0000000 0.3242915 0.3296371 0.3472373 0.3791667 0.3815773 
n236_323   0.3051868 0.0414113 0.1294736 0.2648700 0.0485989 0.0486270 0.0378514 0.3456983 0.2998891 0.0414678 0.0414917 0.2601552 0.2110453 0.3113188 0.0343279 0.2250514 0.2808495 0.3056647 0.3002771 0.2948236 0.3851305 0.3351751 0.3242915 0.0000000 0.0414147 0.0486458 0.2945711 0.2553931 
n290_385   0.2941754 0.0134859 0.1504263 0.2642076 0.0342713 0.0342919 0.0033476 0.3578672 0.2946857 0.0272952 0.0273106 0.2705214 0.2155583 0.3279705 0.0203384 0.2296562 0.2745473 0.3221570 0.2893368 0.2839826 0.3855536 0.3406018 0.3296371 0.0414147 0.0000000 0.0203637 0.2894074 0.2656871 
n295_390   0.3160197 0.0067172 0.1678868 0.2800568 0.0414041 0.0414279 0.0169209 0.3762641 0.3165792 0.0343486 0.0343683 0.2815455 0.2348354 0.3510845 0.0272975 0.2398784 0.2906782 0.3450419 0.3110420 0.3054918 0.3978497 0.3585008 0.3472373 0.0486458 0.0203637 0.0000000 0.3111172 0.2766278 
n300_395   0.0202994 0.3000153 0.3105651 0.0776855 0.3211985 0.3214080 0.2946857 0.4097430 0.0033339 0.2999704 0.3109979 0.2750416 0.2631075 0.3510056 0.2997828 0.2782308 0.0892620 0.3396962 0.0237548 0.0033350 0.4287189 0.3908928 0.3791667 0.2945711 0.2894074 0.3111172 0.0000000 0.2701817 
n285_380   0.2861817 0.2660572 0.3030602 0.2660452 0.2812014 0.2707403 0.2708030 0.4049117 0.2753283 0.2709767 0.2765315 0.0033437 0.1374617 0.3680559 0.2658589 0.1373827 0.2821167 0.3399349 0.2855895 0.2754457 0.3994860 0.3933845 0.3815773 0.2553931 0.2656871 0.2766278 0.2701817 0.0000000 
