25
n236_237   0.0000000 0.3351796 0.0734786 0.3290780 0.0808260 0.4284429 0.0771591 0.3619162 0.0883203 0.3035842 0.0882691 0.3241562 0.3035219 0.3352884 0.0845894 0.3239589 0.3138668 0.0921139 0.3565321 0.0808612 0.0771425 0.3937679 0.4343114 0.1715318 0.3136615 
n266_267   0.3351796 0.0000000 0.2946239 0.2379346 0.2945818 0.4023813 0.2995771 0.1598570 0.3047320 0.2332813 0.3044631 0.2379135 0.2379069 0.0134888 0.2947710 0.2426454 0.2379036 0.3050376 0.1515974 0.2947447 0.2897532 0.3679021 0.4021310 0.3306207 0.2377553 
n296_297   0.0734786 0.2946239 0.0000000 0.3043825 0.0134624 0.3945794 0.0033451 0.3351855 0.0271744 0.2796645 0.0202821 0.2995985 0.2796078 0.3045438 0.0237261 0.2994147 0.2849573 0.0306541 0.3299935 0.0202890 0.0168659 0.3613048 0.4001948 0.1430527 0.2894392 
n277_278   0.3290780 0.2379346 0.3043825 0.0000000 0.3043416 0.3841129 0.3093992 0.2613067 0.3094773 0.0340280 0.3143467 0.0066807 0.0375229 0.2380064 0.3044678 0.0445372 0.0410448 0.3097876 0.2518616 0.2994328 0.2944131 0.3609042 0.3838076 0.3401298 0.0410253 
n290_291   0.0808260 0.2945818 0.0134624 0.3043416 0.0000000 0.4058039 0.0168650 0.3298537 0.0341071 0.2796209 0.0067007 0.2995570 0.2795642 0.3045029 0.0306292 0.2993731 0.2895800 0.0376202 0.3246984 0.0271617 0.0237075 0.3612665 0.4115050 0.1551283 0.2893965 
n255_256   0.4284429 0.4023813 0.3945794 0.3841129 0.4058039 0.0000000 0.4002465 0.4074327 0.3888163 0.3621202 0.4112019 0.3840402 0.3676513 0.3911790 0.3946693 0.3784372 0.3786550 0.4007213 0.4128614 0.3889717 0.3834731 0.2795363 0.0305908 0.4172581 0.3673815 
n295_296   0.0771591 0.2995771 0.0033451 0.3093992 0.0168650 0.4002465 0.0000000 0.3404168 0.0306395 0.2845150 0.0237149 0.3045854 0.2844572 0.3095627 0.0271758 0.3043988 0.2898498 0.0341365 0.3351883 0.0237229 0.0202837 0.3667147 0.4059054 0.1470971 0.2943547 
n286_287   0.3619162 0.1598570 0.3351855 0.2613067 0.3298537 0.4074327 0.3404168 0.0000000 0.3404254 0.2425207 0.3298735 0.2612798 0.2472074 0.1599028 0.3406335 0.2613341 0.2472040 0.3462411 0.0067053 0.3353391 0.3300658 0.3901906 0.4071788 0.3680002 0.2470483 
n298_299   0.0883203 0.3047320 0.0271744 0.3094773 0.0341071 0.3888163 0.0306395 0.3404254 0.0000000 0.2845777 0.0411122 0.3046614 0.2845198 0.3147944 0.0237331 0.3044736 0.2946109 0.0306635 0.3351945 0.0202950 0.0100752 0.3832628 0.3943902 0.1593677 0.2944232 
n299_300   0.3035842 0.2332813 0.2796645 0.0340280 0.2796209 0.3621202 0.2845150 0.2425207 0.2845777 0.0000000 0.2893014 0.0340281 0.0033348 0.2333514 0.2797350 0.0202326 0.0134312 0.2848646 0.2333123 0.2748695 0.2700162 0.3394238 0.3618391 0.3142358 0.0066840 
n287_288   0.0882691 0.3044631 0.0202821 0.3143467 0.0067007 0.4112019 0.0237149 0.3298735 0.0411122 0.2893014 0.0000000 0.3095040 0.2892424 0.3145124 0.0376030 0.3093148 0.2993959 0.0446603 0.3247179 0.0341032 0.0306165 0.3720353 0.4169398 0.1633483 0.2992040 
n278_279   0.3241562 0.2379135 0.2995985 0.0066807 0.2995570 0.3840402 0.3045854 0.2612798 0.3046614 0.0340281 0.3095040 0.0000000 0.0375229 0.2379852 0.2996820 0.0445371 0.0410448 0.3049669 0.2518371 0.2946774 0.2896868 0.3556912 0.3837352 0.3351347 0.0410253 
n292_293   0.3035219 0.2379069 0.2796078 0.0375229 0.2795642 0.3676513 0.2844572 0.2472074 0.2845198 0.0033348 0.2892424 0.0375229 0.0000000 0.2379786 0.2796783 0.0236619 0.0168294 0.2848057 0.2379390 0.2748139 0.2699617 0.3447576 0.3673642 0.3193963 0.0100499 
n265_266   0.3352884 0.0134888 0.3045438 0.2380064 0.3045029 0.3911790 0.3095627 0.1599028 0.3147944 0.2333514 0.3145124 0.2379852 0.2379786 0.0000000 0.3046760 0.2427189 0.2379753 0.3151092 0.1516405 0.3046721 0.2996129 0.3516299 0.3909375 0.3358635 0.2378269 
n293_294   0.0845894 0.2947710 0.0237261 0.3044678 0.0306292 0.3946693 0.0271758 0.3406335 0.0237331 0.2797350 0.0376030 0.2996820 0.2796783 0.3046760 0.0000000 0.2994969 0.2896988 0.0203014 0.3353991 0.0100784 0.0134677 0.3721932 0.4002889 0.1634881 0.2895153 
n280_281   0.3239589 0.2426454 0.2994147 0.0445372 0.2993731 0.3784372 0.3043988 0.2613341 0.3044736 0.0202326 0.3093148 0.0445371 0.0236619 0.2427189 0.2994969 0.0000000 0.0271142 0.2999222 0.2518869 0.2944952 0.2895081 0.3500345 0.3781373 0.3296437 0.0271016 
n274_275   0.3138668 0.2379036 0.2849573 0.0410448 0.2895800 0.3786550 0.2898498 0.2472040 0.2946109 0.0134312 0.2993959 0.0410448 0.0168294 0.2379753 0.2896988 0.0271142 0.0000000 0.2949079 0.2379357 0.2847629 0.2798404 0.3448755 0.3783558 0.3197157 0.0202393 
n275_276   0.0921139 0.3050376 0.0306541 0.3097876 0.0376202 0.4007213 0.0341365 0.3462411 0.0306635 0.2848646 0.0446603 0.3049669 0.2848057 0.3151092 0.0203014 0.2999222 0.2949079 0.0000000 0.3409648 0.0168784 0.0202994 0.3836349 0.4063894 0.1718760 0.2947193 
n285_286   0.3565321 0.1515974 0.3299935 0.2518616 0.3246984 0.4128614 0.3351883 0.0067053 0.3351945 0.2333123 0.3247179 0.2518371 0.2379390 0.1516405 0.3353991 0.2518869 0.2379357 0.3409648 0.0000000 0.3301426 0.3249061 0.3955014 0.4126033 0.3571211 0.2377874 
n294_295   0.0808612 0.2947447 0.0202890 0.2994328 0.0271617 0.3889717 0.0237229 0.3353391 0.0202950 0.2748695 0.0341032 0.2946774 0.2748139 0.3046721 0.0100784 0.2944952 0.2847629 0.0168784 0.3301426 0.0000000 0.0100774 0.3721784 0.3945470 0.1593326 0.2845835 
n297_298   0.0771425 0.2897532 0.0168659 0.2944131 0.0237075 0.3834731 0.0202837 0.3300658 0.0100752 0.2700162 0.0306165 0.2896868 0.2699617 0.2996129 0.0134677 0.2895081 0.2798404 0.0202994 0.3249061 0.0100774 0.0000000 0.3666484 0.3890093 0.1551840 0.2796651 
n244_245   0.3937679 0.3679021 0.3613048 0.3609042 0.3612665 0.2795363 0.3667147 0.3901906 0.3832628 0.3394238 0.3720353 0.3556912 0.3447576 0.3516299 0.3721932 0.3500345 0.3448755 0.3836349 0.3955014 0.3721784 0.3666484 0.0000000 0.2747053 0.3833783 0.3445128 
n251_252   0.4343114 0.4021310 0.4001948 0.3838076 0.4115050 0.0305908 0.4059054 0.4071788 0.3943902 0.3618391 0.4169398 0.3837352 0.3673642 0.3909375 0.4002889 0.3781373 0.3783558 0.4063894 0.4126033 0.3945470 0.3890093 0.2747053 0.0000000 0.4230390 0.3670942 
n200_201   0.1715318 0.3306207 0.1430527 0.3401298 0.1551283 0.4172581 0.1470971 0.3680002 0.1593677 0.3142358 0.1633483 0.3351347 0.3193963 0.3358635 0.1634881 0.3296437 0.3197157 0.1718760 0.3571211 0.1593326 0.1551840 0.3833783 0.4230390 0.0000000 0.3191747 
n300_301   0.3136615 0.2377553 0.2894392 0.0410253 0.2893965 0.3673815 0.2943547 0.2470483 0.2944232 0.0066840 0.2992040 0.0410253 0.0100499 0.2378269 0.2895153 0.0271016 0.0202393 0.2947193 0.2377874 0.2845835 0.2796651 0.3445128 0.3670942 0.3191747 0.0000000 
