25
n236_237   0.0000000 0.3142865 0.0884114 0.3144774 0.0735539 0.3784213 0.0884448 0.3096698 0.0772178 0.3094900 0.0662115 0.3044413 0.3091575 0.0735566 0.0846447 0.3146683 0.2994469 0.0662062 0.3044265 0.0735464 0.0735377 0.3249448 0.3947453 0.1633742 0.3196275 
n266_267   0.3142865 0.0000000 0.2940624 0.2843938 0.2845175 0.4237107 0.2992808 0.1716852 0.2893202 0.2699617 0.2747532 0.2797151 0.0375437 0.2795489 0.2992053 0.2748594 0.2652726 0.2795478 0.1757106 0.2845280 0.2844714 0.3402654 0.4293174 0.2896480 0.2795700 
n296_297   0.0884114 0.2940624 0.0000000 0.3044014 0.0271710 0.3779050 0.0134631 0.2895917 0.0517461 0.2944317 0.0202799 0.2944973 0.2939509 0.0271718 0.0589217 0.2995015 0.2845904 0.0411062 0.2845011 0.0481935 0.0481879 0.3144452 0.3886896 0.1429333 0.3043644 
n277_278   0.3144774 0.2843938 0.3044014 0.0000000 0.2896818 0.4537418 0.3045757 0.2608816 0.2894591 0.0771797 0.2798416 0.0305969 0.2891024 0.2897022 0.2993499 0.0809119 0.0771877 0.2796812 0.2606496 0.2846641 0.2846075 0.3560714 0.4595603 0.3095498 0.0846028 
n290_291   0.0735539 0.2845175 0.0271710 0.2896818 0.0000000 0.3617514 0.0271809 0.2849282 0.0375986 0.2799024 0.0067000 0.2799639 0.2746885 0.0134645 0.0446398 0.2848731 0.2653782 0.0271553 0.2798676 0.0341090 0.0341050 0.3044989 0.3723230 0.1269650 0.2896471 
n255_256   0.3784213 0.4237107 0.3779050 0.4537418 0.3617514 0.0000000 0.3838188 0.4181912 0.3563447 0.4238515 0.3563951 0.4416777 0.4234639 0.3673556 0.3781590 0.4299265 0.4062516 0.3670728 0.4120925 0.3726849 0.3618464 0.2514318 0.0376386 0.3618479 0.4356802 
n295_296   0.0884448 0.2992808 0.0134631 0.3045757 0.0271809 0.3838188 0.0000000 0.2899063 0.0517653 0.2947525 0.0202873 0.2946645 0.2991667 0.0271818 0.0589428 0.2998294 0.2848980 0.0411211 0.2848076 0.0482114 0.0482058 0.3198289 0.3946921 0.1389876 0.3046985 
n286_287   0.3096698 0.1716852 0.2895917 0.2608816 0.2849282 0.4181912 0.2899063 0.0000000 0.2798857 0.2377353 0.2751453 0.2469103 0.1631610 0.2849481 0.2896545 0.2424255 0.2332287 0.2702260 0.0134591 0.2751452 0.2750915 0.3353006 0.4234458 0.2998494 0.2469539 
n298_299   0.0772178 0.2893202 0.0517461 0.2894591 0.0375986 0.3563447 0.0517653 0.2798857 0.0000000 0.2796892 0.0306126 0.2797507 0.2843656 0.0375998 0.0271318 0.2846542 0.2700425 0.0100600 0.2748655 0.0168465 0.0033388 0.3094204 0.3668435 0.1388593 0.2894243 
n299_300   0.3094900 0.2699617 0.2944317 0.0771797 0.2799024 0.4238515 0.2947525 0.2377353 0.2796892 0.0000000 0.2701917 0.0625434 0.2795416 0.2799216 0.2894489 0.0100647 0.0134493 0.2700383 0.2375277 0.2749531 0.2748994 0.3192952 0.4233941 0.2996712 0.0066945 
n287_288   0.0662115 0.2747532 0.0202799 0.2798416 0.0067000 0.3563951 0.0202873 0.2751453 0.0306126 0.2701917 0.0000000 0.2702506 0.2746518 0.0067002 0.0375867 0.2750934 0.2606621 0.0202683 0.2701579 0.0271547 0.0271523 0.2995324 0.3668948 0.1190673 0.2798082 
n278_279   0.3044413 0.2797151 0.2944973 0.0305969 0.2799639 0.4416777 0.2946645 0.2469103 0.2797507 0.0625434 0.2702506 0.0000000 0.2844001 0.2799831 0.2895132 0.0661986 0.0625500 0.2700972 0.2466931 0.2750133 0.2749596 0.3454756 0.4474105 0.2995729 0.0698229 
n265_266   0.3091575 0.0375437 0.2939509 0.2891024 0.2746885 0.4234639 0.2991667 0.1631610 0.2843656 0.2795416 0.2746518 0.2844001 0.0000000 0.2794450 0.2941820 0.2845045 0.2747952 0.2746597 0.1630294 0.2796043 0.2795491 0.3560857 0.4290662 0.2943926 0.2892725 
n289_290   0.0735566 0.2795489 0.0271718 0.2897022 0.0134645 0.3673556 0.0271818 0.2849481 0.0375998 0.2799216 0.0067002 0.2799831 0.2794450 0.0000000 0.0446413 0.2848930 0.2702645 0.0271562 0.2798868 0.0341101 0.0341061 0.3096655 0.3780055 0.1230353 0.2896674 
n293_294   0.0846447 0.2992053 0.0589217 0.2993499 0.0446398 0.3781590 0.0589428 0.2896545 0.0271318 0.2894489 0.0375867 0.2895132 0.2941820 0.0446413 0.0000000 0.2944827 0.2796746 0.0168415 0.2845624 0.0100583 0.0236885 0.3299025 0.4001546 0.1469269 0.2993137 
n280_281   0.3146683 0.2748594 0.2995015 0.0809119 0.2848731 0.4299265 0.2998294 0.2424255 0.2846542 0.0100647 0.2750934 0.0661986 0.2845045 0.2848930 0.2944827 0.0000000 0.0168546 0.2749366 0.2422124 0.2798870 0.2798318 0.3245399 0.4294594 0.3047836 0.0168496 
n274_275   0.2994469 0.2652726 0.2845904 0.0771877 0.2653782 0.4062516 0.2848980 0.2332287 0.2700425 0.0134493 0.2606621 0.0625500 0.2747952 0.2702645 0.2796746 0.0168546 0.0000000 0.2605154 0.2330254 0.2653639 0.2653129 0.3040212 0.4058215 0.2897500 0.0202645 
n275_276   0.0662062 0.2795478 0.0411062 0.2796812 0.0271553 0.3670728 0.0411211 0.2702260 0.0100600 0.2700383 0.0202683 0.2700972 0.2746597 0.0271562 0.0168415 0.2749366 0.2605154 0.0000000 0.2652756 0.0066931 0.0066923 0.3094393 0.3777131 0.1269068 0.2796479 
n285_286   0.3044265 0.1757106 0.2845011 0.2606496 0.2798676 0.4120925 0.2848076 0.0134591 0.2748655 0.2375277 0.2701579 0.2466931 0.1630294 0.2798868 0.2845624 0.2422124 0.2330254 0.2652756 0.0000000 0.2701577 0.2701054 0.3247721 0.4115997 0.2946761 0.2467365 
n294_295   0.0735464 0.2845280 0.0481935 0.2846641 0.0341090 0.3726849 0.0482114 0.2751452 0.0168465 0.2749531 0.0271547 0.2750133 0.2796043 0.0341101 0.0100583 0.2798870 0.2653639 0.0066931 0.2701577 0.0000000 0.0134481 0.3146159 0.3834033 0.1348871 0.2846300 
n297_298   0.0735377 0.2844714 0.0481879 0.2846075 0.0341050 0.3618464 0.0482058 0.2750915 0.0033388 0.2748994 0.0271523 0.2749596 0.2795491 0.0341061 0.0236885 0.2798318 0.2653129 0.0066923 0.2701054 0.0134481 0.0000000 0.3044398 0.3724201 0.1348704 0.2845735 
n244_245   0.3249448 0.3402654 0.3144452 0.3560714 0.3044989 0.2514318 0.3198289 0.3353006 0.3094204 0.3192952 0.2995324 0.3454756 0.3560857 0.3096655 0.3299025 0.3245399 0.3040212 0.3094393 0.3247721 0.3146159 0.3044398 0.0000000 0.2284662 0.3095780 0.3295568 
n251_252   0.3947453 0.4293174 0.3886896 0.4595603 0.3723230 0.0376386 0.3946921 0.4234458 0.3668435 0.4233941 0.3668948 0.4474105 0.4290662 0.3780055 0.4001546 0.4294594 0.4058215 0.3777131 0.4115997 0.3834033 0.3724201 0.2284662 0.0000000 0.3670335 0.4352049 
n200_201   0.1633742 0.2896480 0.1429333 0.3095498 0.1269650 0.3618479 0.1389876 0.2998494 0.1388593 0.2996712 0.1190673 0.2995729 0.2943926 0.1230353 0.1469269 0.3047836 0.2897500 0.1269068 0.2946761 0.1348871 0.1348704 0.3095780 0.3670335 0.0000000 0.3096841 
n300_301   0.3196275 0.2795700 0.3043644 0.0846028 0.2896471 0.4356802 0.3046985 0.2469539 0.2894243 0.0066945 0.2798082 0.0698229 0.2892725 0.2896674 0.2993137 0.0168496 0.0202645 0.2796479 0.2467365 0.2846300 0.2845735 0.3295568 0.4352049 0.3096841 0.0000000 
