24
n236_237   0.0000000 0.3617357 0.1228787 0.3464576 0.1071740 0.4176830 0.3455532 0.1147824 0.3056887 0.1110437 0.3571315 0.3105117 0.3511431 0.1033804 0.1032842 0.3056471 0.2960624 0.1110267 0.0995086 0.1109414 0.4609483 0.4060203 0.1883298 0.3055803 
n266_267   0.3617357 0.0000000 0.3523510 0.2710398 0.3407789 0.3897717 0.1548936 0.3412105 0.2716155 0.3410818 0.2858446 0.2714072 0.0066833 0.3306794 0.3306796 0.2667664 0.2527353 0.3413973 0.3256236 0.3360368 0.4565551 0.3788464 0.3095453 0.2667088 
n296_297   0.1228787 0.3523510 0.0000000 0.3531251 0.0305750 0.4250982 0.3364252 0.0624837 0.3120843 0.0305943 0.3639217 0.3169612 0.3418550 0.0236911 0.0517208 0.3120413 0.3021706 0.0589280 0.0481750 0.0588854 0.4257398 0.4077231 0.1847898 0.3119728 
n277_278   0.3464576 0.2710398 0.3531251 0.0000000 0.3364201 0.3477019 0.2662226 0.3414554 0.0701491 0.3367183 0.0272099 0.0701027 0.2759900 0.3263542 0.3259504 0.0664710 0.0592104 0.3261223 0.3209195 0.3362778 0.4215813 0.3585503 0.2660028 0.0664587 
n290_291   0.1071740 0.3407789 0.0305750 0.3364201 0.0000000 0.4122760 0.3148549 0.0516018 0.2963010 0.0134172 0.3363619 0.3010767 0.3304613 0.0066798 0.0410087 0.2962612 0.2866013 0.0480941 0.0375163 0.0480597 0.4184824 0.3952230 0.1843448 0.2961965 
n255_256   0.4176830 0.3897717 0.4250982 0.3477019 0.4122760 0.0000000 0.3898901 0.3895219 0.3644005 0.4126746 0.3748474 0.3695971 0.3955994 0.4012540 0.3837982 0.3643457 0.3484225 0.4013732 0.3843010 0.3895596 0.3153660 0.0446622 0.3785115 0.3642649 
n286_287   0.3455532 0.1548936 0.3364252 0.2662226 0.3148549 0.3898901 0.0000000 0.3306665 0.2667594 0.3151262 0.2662006 0.2665557 0.1548459 0.3050790 0.3202894 0.2619450 0.2480073 0.3308466 0.3153024 0.3255660 0.4680948 0.3848805 0.3196378 0.2618886 
n298_299   0.1147824 0.3412105 0.0624837 0.3414554 0.0516018 0.3895219 0.3306665 0.0000000 0.3061497 0.0516351 0.3520635 0.3109802 0.3308777 0.0445496 0.0236621 0.3061080 0.2913558 0.0270999 0.0202421 0.0033345 0.4188471 0.3841144 0.1885254 0.3060410 
n299_300   0.3056887 0.2716155 0.3120843 0.0701491 0.2963010 0.3644005 0.2667594 0.3061497 0.0000000 0.2965520 0.0775529 0.0067212 0.2715140 0.2867065 0.2913131 0.0101120 0.0169434 0.2914599 0.2864915 0.3011965 0.4104982 0.3755027 0.2570379 0.0033541 
n287_288   0.1110437 0.3410818 0.0305943 0.3367183 0.0134172 0.4126746 0.3151262 0.0516351 0.2965520 0.0000000 0.3366598 0.3013330 0.3307516 0.0066839 0.0410348 0.2965121 0.2868415 0.0481250 0.0375402 0.0480906 0.4188906 0.3955973 0.1844814 0.2964473 
n278_279   0.3571315 0.2858446 0.3639217 0.0272099 0.3363619 0.3748474 0.2662006 0.3520635 0.0775529 0.3366598 0.0000000 0.0775014 0.2857354 0.3263023 0.3363501 0.0738368 0.0665061 0.3365299 0.3312538 0.3468159 0.4394721 0.3860904 0.2708890 0.0738231 
n292_293   0.3105117 0.2714072 0.3169612 0.0701027 0.3010767 0.3695971 0.2665557 0.3109802 0.0067212 0.3013330 0.0775014 0.0000000 0.2713060 0.2914310 0.2960589 0.0101056 0.0169327 0.2962090 0.2912108 0.3059986 0.4160144 0.3807702 0.2615852 0.0033520 
n265_266   0.3511431 0.0066833 0.3418550 0.2759900 0.3304613 0.3955994 0.1548459 0.3308777 0.2715140 0.3307516 0.2857354 0.2713060 0.0000000 0.3204870 0.3204895 0.2666676 0.2526438 0.3310581 0.3154974 0.3257717 0.4626619 0.3845877 0.2996444 0.2666101 
n289_290   0.1033804 0.3306794 0.0236911 0.3263542 0.0066798 0.4012540 0.3050790 0.0445496 0.2867065 0.0066839 0.3263023 0.2914310 0.3204870 0.0000000 0.0340440 0.2866684 0.2771161 0.0410653 0.0305789 0.0410362 0.4073605 0.3844314 0.1760248 0.2866060 
n293_294   0.1032842 0.3306796 0.0517208 0.3259504 0.0410087 0.3837982 0.3202894 0.0236621 0.2913131 0.0410348 0.3363501 0.2960589 0.3204895 0.0340440 0.0000000 0.2912743 0.2767945 0.0202542 0.0033363 0.0202402 0.4010266 0.3673796 0.1758466 0.2912108 
n280_281   0.3056471 0.2667664 0.3120413 0.0664710 0.2962612 0.3643457 0.2619450 0.3061080 0.0101120 0.2965121 0.0738368 0.0101056 0.2666676 0.2866684 0.2912743 0.0000000 0.0135219 0.2914210 0.2864535 0.3011558 0.4047045 0.3699895 0.2570051 0.0067240 
n274_275   0.2960624 0.2527353 0.3021706 0.0592104 0.2866013 0.3484225 0.2480073 0.2913558 0.0169434 0.2868415 0.0665061 0.0169327 0.2526438 0.2771161 0.2767945 0.0135219 0.0000000 0.2769312 0.2720589 0.2864948 0.3934903 0.3592947 0.2431630 0.0135196 
n275_276   0.1110267 0.3413973 0.0589280 0.3261223 0.0480941 0.4013732 0.3308466 0.0270999 0.2914599 0.0481250 0.3365299 0.2962090 0.3310581 0.0410653 0.0202542 0.2914210 0.2769312 0.0000000 0.0168456 0.0236636 0.4191630 0.3845471 0.1844460 0.2913575 
n294_295   0.0995086 0.3256236 0.0481750 0.3209195 0.0375163 0.3843010 0.3153024 0.0202421 0.2864915 0.0375402 0.3312538 0.2912108 0.3154974 0.0305789 0.0033363 0.2864535 0.2720589 0.0168456 0.0000000 0.0168340 0.4015594 0.3678552 0.1717011 0.2863912 
n297_298   0.1109414 0.3360368 0.0588854 0.3362778 0.0480597 0.3895596 0.3255660 0.0033345 0.3011965 0.0480906 0.3468159 0.3059986 0.3257717 0.0410362 0.0202402 0.3011558 0.2864948 0.0236636 0.0168340 0.0000000 0.4131217 0.3841514 0.1842927 0.3010900 
n244_245   0.4609483 0.4565551 0.4257398 0.4215813 0.4184824 0.3153660 0.4680948 0.4188471 0.4104982 0.4188906 0.4394721 0.4160144 0.4626619 0.4073605 0.4010266 0.4047045 0.3934903 0.4191630 0.4015594 0.4131217 0.0000000 0.3206527 0.4018943 0.4103394 
n251_252   0.4060203 0.3788464 0.4077231 0.3585503 0.3952230 0.0446622 0.3848805 0.3841144 0.3755027 0.3955973 0.3860904 0.3807702 0.3845877 0.3844314 0.3673796 0.3699895 0.3592947 0.3845471 0.3678552 0.3841514 0.3206527 0.0000000 0.3674433 0.3753618 
n200_201   0.1883298 0.3095453 0.1847898 0.2660028 0.1843448 0.3785115 0.3196378 0.1885254 0.2570379 0.1844814 0.2708890 0.2615852 0.2996444 0.1760248 0.1758466 0.2570051 0.2431630 0.1844460 0.1717011 0.1842927 0.4018943 0.3674433 0.0000000 0.2569500 
n300_301   0.3055803 0.2667088 0.3119728 0.0664587 0.2961965 0.3642649 0.2618886 0.3060410 0.0033541 0.2964473 0.0738231 0.0033520 0.2666101 0.2866060 0.2912108 0.0067240 0.0135196 0.2913575 0.2863912 0.3010900 0.4103394 0.3753618 0.2569500 0.0000000 
