24
n236_237   0.0000000 0.2679439 0.0849332 0.2592436 0.0850204 0.4018368 0.0849876 0.2686074 0.0965296 0.2356353 0.2592087 0.2451514 0.2782436 0.0888503 0.1080060 0.2497387 0.2403067 0.1041278 0.2684837 0.1119773 0.0926768 0.4546494 0.4089120 0.1647032 
n266_267   0.2679439 0.0000000 0.2687360 0.2265311 0.2642294 0.3902858 0.2689293 0.1354961 0.2647466 0.2130711 0.2263906 0.2222917 0.0271325 0.2692815 0.2596117 0.2221147 0.2176024 0.2644366 0.1313854 0.2646323 0.2598038 0.4422160 0.3683838 0.3252274 
n296_297   0.0849332 0.2687360 0.0000000 0.2502789 0.0168857 0.3913773 0.0067030 0.2644629 0.0412985 0.2177598 0.2502458 0.2270522 0.2740654 0.0203242 0.0519624 0.2315412 0.2223252 0.0483767 0.2643413 0.0556018 0.0377504 0.4251316 0.3983464 0.1780662 
n277_278   0.2592436 0.2265311 0.2502789 0.0000000 0.2458564 0.3576443 0.2504571 0.2362576 0.2558847 0.0591988 0.0100662 0.0665391 0.2362202 0.2507820 0.2508083 0.0738599 0.0628405 0.2459414 0.2314351 0.2557745 0.2509933 0.4757904 0.3422606 0.2951819 
n290_291   0.0850204 0.2642294 0.0168857 0.2458564 0.0000000 0.3977513 0.0168961 0.2599692 0.0378072 0.2134977 0.2458243 0.2227426 0.2695246 0.0033488 0.0484331 0.2272111 0.2180408 0.0448612 0.2598502 0.0520553 0.0342725 0.4383118 0.4048024 0.1739896 
n255_256   0.4018368 0.3902858 0.3913773 0.3576443 0.3977513 0.0000000 0.3916834 0.3795707 0.4164867 0.3417449 0.3575840 0.3528612 0.3794681 0.4039279 0.3866215 0.3581678 0.3363764 0.4159512 0.3735970 0.3868101 0.4103291 0.3441980 0.0446498 0.4095624 
n295_296   0.0849876 0.2689293 0.0067030 0.2504571 0.0168961 0.3916834 0.0000000 0.2646529 0.0413254 0.2179117 0.2504241 0.2272116 0.2742634 0.0203367 0.0519961 0.2317043 0.2224808 0.0484079 0.2645312 0.0556369 0.0377738 0.4378745 0.3986601 0.1781875 
n286_287   0.2686074 0.1354961 0.2644629 0.2362576 0.2599692 0.3795707 0.2646529 0.0000000 0.2604776 0.2318030 0.2361094 0.2412956 0.1438584 0.2649993 0.2553665 0.2457500 0.2364636 0.2601727 0.0100710 0.2603651 0.2555552 0.4884091 0.3748013 0.3051844 
n298_299   0.0965296 0.2647466 0.0412985 0.2558847 0.0378072 0.4164867 0.0413254 0.2604776 0.0000000 0.2230104 0.2558504 0.2323990 0.2700550 0.0342865 0.0238018 0.2369318 0.2276219 0.0203520 0.2603581 0.0272851 0.0033531 0.4706214 0.4237731 0.1785333 
n299_300   0.2356353 0.2130711 0.2177598 0.0591988 0.2134977 0.3417449 0.2179117 0.2318030 0.2230104 0.0000000 0.0628154 0.0067122 0.2225649 0.2181885 0.2273786 0.0134777 0.0033462 0.2320040 0.2270094 0.2321729 0.2183462 0.4387853 0.3266422 0.2654425 
n278_279   0.2592087 0.2263906 0.2502458 0.0100662 0.2458243 0.3575840 0.2504241 0.2361094 0.2558504 0.0628154 0.0000000 0.0701925 0.2360721 0.2507488 0.2507751 0.0775459 0.0664744 0.2459093 0.2312907 0.2557402 0.2509600 0.4756900 0.3422047 0.2951384 
n292_293   0.2451514 0.2222917 0.2270522 0.0665391 0.2227426 0.3528612 0.2272116 0.2412956 0.2323990 0.0067122 0.0701925 0.0000000 0.2319284 0.2275021 0.2368184 0.0203260 0.0100923 0.2415073 0.2364299 0.2416841 0.2276684 0.4451230 0.3375430 0.2654425 
n265_266   0.2782436 0.0271325 0.2740654 0.2362202 0.2695246 0.3794681 0.2742634 0.1438584 0.2700550 0.2225649 0.2360721 0.2319284 0.0000000 0.2746244 0.2648702 0.2317430 0.2271642 0.2697374 0.1396875 0.2699378 0.2650670 0.4618188 0.3578454 0.3365366 
n289_290   0.0888503 0.2692815 0.0203242 0.2507820 0.0033488 0.4039279 0.0203367 0.2649993 0.0342865 0.2181885 0.2507488 0.2275021 0.2746244 0.0000000 0.0448630 0.2320013 0.2227643 0.0413089 0.2648772 0.0484650 0.0307705 0.4448479 0.4110556 0.1784082 
n293_294   0.1080060 0.2596117 0.0519624 0.2508083 0.0484331 0.3866215 0.0519961 0.2553665 0.0238018 0.2273786 0.2507751 0.2368184 0.2648702 0.0448630 0.0000000 0.2413735 0.2227862 0.0237776 0.2503918 0.0033504 0.0203452 0.4448727 0.3935500 0.1914246 
n280_281   0.2497387 0.2221147 0.2315412 0.0738599 0.2272111 0.3581678 0.2317043 0.2457500 0.2369318 0.0134777 0.0775459 0.0203260 0.2317430 0.2320013 0.2413735 0.0000000 0.0168878 0.2460905 0.2456306 0.2462712 0.2321716 0.4575494 0.3481089 0.2802174 
n274_275   0.2403067 0.2176024 0.2223252 0.0628405 0.2180408 0.3363764 0.2224808 0.2364636 0.2276219 0.0033462 0.0664744 0.0100923 0.2271642 0.2227643 0.2227862 0.0168878 0.0000000 0.2366698 0.2316357 0.2275473 0.2229262 0.4326729 0.3213730 0.2703346 
n275_276   0.1041278 0.2644366 0.0483767 0.2459414 0.0448612 0.4159512 0.0484079 0.2601727 0.0203520 0.2320040 0.2459093 0.2415073 0.2697374 0.0413089 0.0237776 0.2460905 0.2366698 0.0000000 0.2600536 0.0272573 0.0169132 0.4637303 0.4232247 0.1958253 
n285_286   0.2684837 0.1313854 0.2643413 0.2314351 0.2598502 0.3735970 0.2645312 0.0100710 0.2603581 0.2270094 0.2312907 0.2364299 0.1396875 0.2648772 0.2503918 0.2456306 0.2316357 0.2600536 0.0000000 0.2553498 0.2554388 0.4814090 0.3631606 0.3050371 
n294_295   0.1119773 0.2646323 0.0556018 0.2557745 0.0520553 0.3868101 0.0556369 0.2603651 0.0272851 0.2321729 0.2557402 0.2416841 0.2699378 0.0484650 0.0033504 0.2462712 0.2275473 0.0272573 0.2553498 0.0000000 0.0238081 0.4450981 0.3937433 0.1959651 
n297_298   0.0926768 0.2598038 0.0377504 0.2509933 0.0342725 0.4103291 0.0377738 0.2555552 0.0033531 0.2183462 0.2509600 0.2276684 0.2650670 0.0307705 0.0203452 0.2321716 0.2229262 0.0169132 0.2554388 0.0238081 0.0000000 0.4639967 0.4175396 0.1741617 
n244_245   0.4546494 0.4422160 0.4251316 0.4757904 0.4383118 0.3441980 0.4378745 0.4884091 0.4706214 0.4387853 0.4756900 0.4451230 0.4618188 0.4448479 0.4448727 0.4575494 0.4326729 0.4637303 0.4814090 0.4450981 0.4639967 0.0000000 0.3236042 0.4960555 
n251_252   0.4089120 0.3683838 0.3983464 0.3422606 0.4048024 0.0446498 0.3986601 0.3748013 0.4237731 0.3266422 0.3422047 0.3375430 0.3578454 0.4110556 0.3935500 0.3481089 0.3213730 0.4232247 0.3631606 0.3937433 0.4175396 0.3236042 0.0000000 0.4103746 
n200_201   0.1647032 0.3252274 0.1780662 0.2951819 0.1739896 0.4095624 0.1781875 0.3051844 0.1785333 0.2654425 0.2951384 0.2654425 0.3365366 0.1784082 0.1914246 0.2802174 0.2703346 0.1958253 0.3050371 0.1959651 0.1741617 0.4960555 0.4103746 0.0000000 
