23
n236_237   0.0000000 0.3353204 0.1048273 0.3385007 0.0890612 0.3445843 0.3310423 0.1007943 0.3166109 0.0968121 0.3328781 0.3273865 0.3302532 0.1008068 0.3060960 0.3111644 0.0968108 0.3351939 0.1008266 0.1006931 0.4021680 0.3620990 0.1365662 
n266_267   0.3353204 0.0000000 0.3587774 0.2789955 0.3409064 0.3677058 0.1574495 0.3580020 0.2588981 0.3470430 0.2685594 0.2687835 0.0100743 0.3580363 0.2492205 0.2443302 0.3630663 0.1573094 0.3581308 0.3575883 0.4266692 0.3737155 0.3035966 
n296_297   0.1048273 0.3587774 0.0000000 0.3392317 0.0203530 0.3680872 0.3774027 0.0557720 0.3225443 0.0273015 0.3335930 0.3334296 0.3535466 0.0557792 0.3119263 0.3225471 0.0593392 0.3707038 0.0557896 0.0520695 0.4466687 0.3918156 0.1706853 
n277_278   0.3385007 0.2789955 0.3392317 0.0000000 0.3275827 0.3144022 0.2848407 0.3225231 0.0449141 0.3272457 0.0135011 0.0520963 0.2742543 0.3225558 0.0449156 0.0378452 0.3274180 0.2648885 0.3226380 0.3221562 0.3630663 0.3199139 0.2801264 
n290_291   0.0890612 0.3409064 0.0203530 0.3275827 0.0000000 0.3500564 0.3529925 0.0448545 0.3112012 0.0067016 0.3220500 0.3218923 0.3358037 0.0448603 0.3007654 0.3112045 0.0483691 0.3465797 0.0448685 0.0448100 0.4262839 0.3730990 0.1531068 
n255_256   0.3445843 0.3677058 0.3680872 0.3144022 0.3500564 0.0000000 0.3728391 0.3622818 0.2988301 0.3556744 0.3090113 0.3092748 0.3624483 0.3623162 0.2988612 0.2829567 0.3622057 0.3667235 0.3624118 0.3618651 0.2648649 0.0377339 0.3018109 
n286_287   0.3310423 0.1574495 0.3774027 0.2848407 0.3529925 0.3728391 0.0000000 0.3704496 0.2645402 0.3647110 0.2742935 0.2745235 0.1533967 0.3704844 0.2593284 0.2498299 0.3755948 0.0237094 0.3705837 0.3700188 0.4398779 0.3681476 0.3198940 
n298_299   0.1007943 0.3580020 0.0557720 0.3225231 0.0448545 0.3622818 0.3704496 0.0000000 0.3115841 0.0520769 0.3277471 0.3222913 0.3527842 0.0169013 0.3011329 0.3061730 0.0168975 0.3638417 0.0135047 0.0067101 0.4270079 0.3857968 0.1661564 
n299_300   0.3166109 0.2588981 0.3225443 0.0449141 0.3112012 0.2988301 0.2645402 0.3115841 0.0000000 0.3108834 0.0377579 0.0067146 0.2542761 0.3116161 0.0067126 0.0169307 0.3164142 0.2451486 0.3116944 0.3112320 0.3462463 0.2994197 0.2548305 
n287_288   0.0968121 0.3470430 0.0273015 0.3272457 0.0067016 0.3556744 0.3647110 0.0520769 0.3108834 0.0000000 0.3217196 0.3215622 0.3472194 0.0520836 0.3004585 0.3108868 0.0556244 0.3581674 0.0520932 0.0520258 0.4326109 0.3727122 0.1616944 
n278_279   0.3328781 0.2685594 0.3335930 0.0135011 0.3220500 0.3090113 0.2742935 0.3277471 0.0377579 0.3217196 0.0000000 0.0448563 0.2638848 0.3277801 0.0377592 0.0307648 0.3326685 0.2546519 0.3278641 0.3273734 0.3572171 0.3144767 0.2749709 
n292_293   0.3273865 0.2687835 0.3334296 0.0520963 0.3218923 0.3092748 0.2745235 0.3222913 0.0067146 0.3215622 0.0448563 0.0000000 0.2641046 0.3223240 0.0134926 0.0238234 0.3271813 0.2548632 0.3224060 0.3219250 0.3575336 0.3098891 0.2646829 
n265_266   0.3302532 0.0100743 0.3535466 0.2742543 0.3358037 0.3624483 0.1533967 0.3527842 0.2542761 0.3472194 0.2638848 0.2641046 0.0000000 0.3528182 0.2446521 0.2397907 0.3578234 0.1532603 0.3529108 0.3523783 0.4209622 0.3744906 0.2987223 
n293_294   0.1008068 0.3580363 0.0557792 0.3225558 0.0448603 0.3623162 0.3704844 0.0169013 0.3116161 0.0520836 0.3277801 0.3223240 0.3528182 0.0000000 0.3011643 0.3062046 0.0168718 0.3638762 0.0100838 0.0168851 0.4336158 0.3858321 0.1661761 
n280_281   0.3060960 0.2492205 0.3119263 0.0449156 0.3007654 0.2988612 0.2593284 0.3011329 0.0067126 0.3004585 0.0377592 0.0134926 0.2446521 0.3011643 0.0000000 0.0169312 0.3059072 0.2400895 0.3012391 0.3007945 0.3352509 0.2994511 0.2451835 
n274_275   0.3111644 0.2443302 0.3225471 0.0378452 0.3112045 0.2829567 0.2498299 0.3061730 0.0169307 0.3108868 0.0307648 0.0238234 0.2397907 0.3062046 0.0169312 0.0000000 0.3109719 0.2308274 0.3062811 0.3058282 0.3240751 0.2835088 0.2601849 
n275_276   0.0968108 0.3630663 0.0593392 0.3274180 0.0483691 0.3622057 0.3755948 0.0168975 0.3164142 0.0556244 0.3326685 0.3271813 0.3578234 0.0168718 0.3059072 0.3109719 0.0000000 0.3689393 0.0134812 0.0168813 0.4334736 0.3857118 0.1616966 
n285_286   0.3351939 0.1573094 0.3707038 0.2648885 0.3465797 0.3667235 0.0237094 0.3638417 0.2451486 0.3581674 0.2546519 0.2548632 0.1532603 0.3638762 0.2400895 0.2308274 0.3689393 0.0000000 0.3639728 0.3634210 0.4209077 0.3620623 0.3089885 
n294_295   0.1008266 0.3581308 0.0557896 0.3226380 0.0448685 0.3624118 0.3705837 0.0135047 0.3116944 0.0520932 0.3278641 0.3224060 0.3529108 0.0100838 0.3012391 0.3062811 0.0134812 0.3639728 0.0000000 0.0134918 0.4337414 0.3859369 0.1662112 
n297_298   0.1006931 0.3575883 0.0520695 0.3221562 0.0448100 0.3618651 0.3700188 0.0067101 0.3112320 0.0520258 0.3273734 0.3219250 0.3523783 0.0168851 0.3007945 0.3058282 0.0168813 0.3634210 0.0134918 0.0000000 0.4264930 0.3853464 0.1659840 
n244_245   0.4021680 0.4266692 0.4466687 0.3630663 0.4262839 0.2648649 0.4398779 0.4270079 0.3462463 0.4326109 0.3572171 0.3575336 0.4209622 0.4336158 0.3352509 0.3240751 0.4334736 0.4209077 0.4337414 0.4264930 0.0000000 0.2653785 0.3787569 
n251_252   0.3620990 0.3737155 0.3918156 0.3199139 0.3730990 0.0377339 0.3681476 0.3857968 0.2994197 0.3727122 0.3144767 0.3098891 0.3744906 0.3858321 0.2994511 0.2835088 0.3857118 0.3620623 0.3859369 0.3853464 0.2653785 0.0000000 0.3073680 
n200_201   0.1365662 0.3035966 0.1706853 0.2801264 0.1531068 0.3018109 0.3198940 0.1661564 0.2548305 0.1616944 0.2749709 0.2646829 0.2987223 0.1661761 0.2451835 0.2601849 0.1616966 0.3089885 0.1662112 0.1659840 0.3787569 0.3073680 0.0000000 
