24
n236_237   0.0000000 0.2626233 0.0930637 0.2928249 0.0854620 0.4569579 0.1009219 0.2928304 0.1009826 0.2972571 0.0854964 0.2929866 0.3025207 0.2474994 0.0893636 0.1052171 0.3138309 0.3072337 0.1051664 0.2984175 0.1009285 0.3479654 0.4713627 0.1212203 
n266_267   0.2626233 0.0000000 0.2617949 0.2895365 0.2474052 0.4286524 0.2722407 0.1593982 0.2724946 0.2942251 0.2472881 0.2896973 0.2994949 0.0203511 0.2525988 0.2669827 0.2994430 0.2992693 0.2722963 0.1638707 0.2777974 0.3864028 0.4678730 0.2473378 
n296_297   0.0930637 0.2617949 0.0000000 0.2863288 0.0134490 0.4341143 0.0066928 0.3022730 0.0377918 0.3074741 0.0168706 0.2864866 0.3128087 0.2564761 0.0168710 0.0448820 0.3242903 0.3175707 0.0448622 0.3079279 0.0413664 0.3194376 0.4418863 0.1248182 
n277_278   0.2928249 0.2895365 0.2863288 0.0000000 0.2919172 0.4729801 0.2917840 0.3109138 0.2815651 0.0596527 0.2917742 0.0100868 0.0633332 0.2685159 0.2974826 0.2924192 0.0708804 0.0707444 0.2971864 0.3166943 0.2869267 0.4190761 0.5022043 0.2763626 
n290_291   0.0854620 0.2474052 0.0134490 0.2919172 0.0000000 0.4281873 0.0203025 0.2871090 0.0377867 0.3074861 0.0033397 0.2920780 0.3128212 0.2422016 0.0033408 0.0413552 0.3243040 0.3175837 0.0413370 0.2926367 0.0413608 0.3194508 0.4358874 0.1168468 
n255_256   0.4569579 0.4286524 0.4341143 0.4729801 0.4281873 0.0000000 0.4477813 0.4727790 0.4544049 0.4713111 0.4279517 0.4732291 0.4781269 0.4092534 0.4284874 0.4613474 0.4779899 0.4706476 0.4539799 0.4802422 0.4613931 0.3465499 0.0378140 0.4105158 
n295_296   0.1009219 0.2722407 0.0066928 0.2917840 0.0203025 0.4477813 0.0000000 0.3025564 0.0449570 0.3131164 0.0237703 0.2919447 0.3184987 0.2668249 0.0237709 0.0521301 0.3300934 0.3232951 0.0521069 0.3082174 0.0485797 0.3308758 0.4557421 0.1331161 
n286_287   0.2928304 0.1593982 0.3022730 0.3109138 0.2871090 0.4727790 0.3025564 0.0000000 0.3195647 0.3157176 0.2869688 0.3055887 0.3211539 0.1340151 0.2926367 0.3195213 0.3328706 0.3209085 0.3193165 0.0033533 0.3252595 0.4413144 0.5151891 0.2869770 
n298_299   0.1009826 0.2724946 0.0377918 0.2815651 0.0377867 0.4544049 0.0449570 0.3195647 0.0000000 0.3022917 0.0413713 0.2817207 0.3075886 0.2670722 0.0413723 0.0237827 0.3189795 0.3123242 0.0237725 0.3253944 0.0033394 0.3200030 0.4687025 0.1290853 
n299_300   0.2972571 0.2942251 0.3074741 0.0596527 0.3074861 0.4713111 0.3131164 0.3157176 0.3022917 0.0000000 0.3073337 0.0596001 0.0033426 0.2730898 0.3131869 0.3080184 0.0100956 0.0100772 0.3128708 0.3215335 0.3078228 0.4110450 0.5003953 0.2754460 
n287_288   0.0854964 0.2472881 0.0168706 0.2917742 0.0033397 0.4279517 0.0237703 0.2869688 0.0413713 0.3073337 0.0000000 0.2919349 0.3126655 0.2420876 0.0067030 0.0449644 0.3241408 0.3174252 0.0449445 0.2924931 0.0449705 0.3192904 0.4356455 0.1209715 
n278_279   0.2929866 0.2896973 0.2864866 0.0100868 0.2920780 0.4732291 0.2919447 0.3055887 0.2817207 0.0596001 0.2919349 0.0000000 0.0632772 0.2686657 0.2976464 0.2925805 0.0708174 0.0706816 0.2973498 0.3113212 0.2870850 0.4193009 0.5024662 0.2765155 
n292_293   0.3025207 0.2994949 0.3128087 0.0633332 0.3128212 0.4781269 0.3184987 0.3211539 0.3075886 0.0033426 0.3126655 0.0632772 0.0000000 0.2781952 0.3185704 0.3133642 0.0134952 0.0134705 0.3182473 0.3270198 0.3131643 0.4172981 0.5075060 0.2805301 
n265_266   0.2474994 0.0203511 0.2564761 0.2685159 0.2422016 0.4092534 0.2668249 0.1340151 0.2670722 0.2730898 0.2420876 0.2686657 0.2781952 0.0000000 0.2473473 0.2616159 0.2781449 0.2779889 0.2668795 0.1382950 0.2723257 0.3741842 0.4473913 0.2421337 
n289_290   0.0893636 0.2525988 0.0168710 0.2974826 0.0033408 0.4284874 0.0237709 0.2926367 0.0413723 0.3131869 0.0067030 0.2976464 0.3185704 0.2473473 0.0000000 0.0449656 0.3301680 0.3233679 0.0449457 0.2982181 0.0449716 0.3193394 0.4361953 0.1209748 
n293_294   0.1052171 0.2669827 0.0448820 0.2924192 0.0413552 0.4613474 0.0521301 0.3195213 0.0237827 0.3080184 0.0449644 0.2925805 0.3133642 0.2616159 0.0449656 0.0000000 0.3248709 0.3181353 0.0203437 0.3253498 0.0237889 0.3309043 0.4758011 0.1332460 
n280_281   0.3138309 0.2994430 0.3242903 0.0708804 0.3243040 0.4779899 0.3300934 0.3328706 0.3189795 0.0100956 0.3241408 0.0708174 0.0134952 0.2781449 0.3301680 0.3248709 0.0000000 0.0203438 0.3298290 0.3388556 0.3246616 0.4171760 0.5073619 0.2914160 
n274_275   0.3072337 0.2992693 0.3175707 0.0707444 0.3175837 0.4706476 0.3232951 0.3209085 0.3123242 0.0100772 0.3174252 0.0706816 0.0134705 0.2779889 0.3233679 0.3181353 0.0203438 0.0000000 0.3230390 0.3267688 0.3179320 0.4227228 0.5060971 0.2851133 
n275_276   0.1051664 0.2722963 0.0448622 0.2971864 0.0413370 0.4539799 0.0521069 0.3193165 0.0237725 0.3128708 0.0449445 0.2973498 0.3182473 0.2668795 0.0449457 0.0203437 0.3298290 0.3230390 0.0000000 0.3251395 0.0237788 0.3249401 0.4682551 0.1331794 
n285_286   0.2984175 0.1638707 0.3079279 0.3166943 0.2926367 0.4802422 0.3082174 0.0033533 0.3253944 0.3215335 0.2924931 0.3113212 0.3270198 0.1382950 0.2982181 0.3253498 0.3388556 0.3267688 0.3251395 0.0000000 0.3311444 0.4411434 0.5231443 0.2925040 
n297_298   0.1009285 0.2777974 0.0413664 0.2869267 0.0413608 0.4613931 0.0485797 0.3252595 0.0033394 0.3078228 0.0449705 0.2870850 0.3131643 0.2723257 0.0449716 0.0237889 0.3246616 0.3179320 0.0237788 0.3311444 0.0000000 0.3257079 0.4758474 0.1332633 
n244_245   0.3479654 0.3864028 0.3194376 0.4190761 0.3194508 0.3465499 0.3308758 0.4413144 0.3200030 0.4110450 0.3192904 0.4193009 0.4172981 0.3741842 0.3193394 0.3309043 0.4171760 0.4227228 0.3249401 0.4411434 0.3257079 0.0000000 0.3469872 0.2935540 
n251_252   0.4713627 0.4678730 0.4418863 0.5022043 0.4358874 0.0378140 0.4557421 0.5151891 0.4687025 0.5003953 0.4356455 0.5024662 0.5075060 0.4473913 0.4361953 0.4758011 0.5073619 0.5060971 0.4682551 0.5231443 0.4758474 0.3469872 0.0000000 0.4370020 
n200_201   0.1212203 0.2473378 0.1248182 0.2763626 0.1168468 0.4105158 0.1331161 0.2869770 0.1290853 0.2754460 0.1209715 0.2765155 0.2805301 0.2421337 0.1209748 0.1332460 0.2914160 0.2851133 0.1331794 0.2925040 0.1332633 0.2935540 0.4370020 0.0000000 
