25
n236_237   0.0000000 0.2245622 0.0931583 0.2165012 0.0931682 0.3445159 0.0893607 0.2397167 0.0894169 0.2390218 0.0931643 0.2163980 0.2383466 0.2201699 0.0970414 0.0895407 0.2344444 0.2296215 0.0895977 0.2350167 0.0857438 0.0932170 0.3381931 0.3717087 0.1208949 
n266_267   0.2245622 0.0000000 0.2232604 0.2432902 0.2324572 0.3982944 0.2278445 0.1745032 0.2141009 0.2328367 0.2324411 0.2334722 0.2468097 0.0340979 0.2372093 0.2189388 0.2375048 0.2326864 0.2190965 0.1702387 0.2144078 0.2185914 0.3991558 0.4216048 0.2426782 
n296_297   0.0931583 0.2232604 0.0000000 0.2247079 0.0066894 0.3203932 0.0033372 0.2380980 0.0448113 0.2286870 0.0066892 0.2154332 0.2236484 0.2097144 0.0100614 0.0448717 0.2241864 0.2194533 0.0448989 0.2334353 0.0413219 0.0483683 0.3150768 0.3249322 0.1325066 
n277_278   0.2165012 0.2432902 0.2247079 0.0000000 0.2247457 0.3336469 0.2201536 0.2491445 0.2110478 0.0629005 0.2153964 0.0169118 0.0701813 0.2339385 0.2201485 0.2111621 0.0556023 0.0519702 0.2160483 0.2443829 0.2113516 0.2155484 0.3612861 0.3612655 0.2446828 
n290_291   0.0931682 0.2324572 0.0066894 0.2247457 0.0000000 0.3204644 0.0033374 0.2381395 0.0448152 0.2287257 0.0066897 0.2154683 0.2236857 0.2187452 0.0033393 0.0448756 0.2242239 0.2194894 0.0449028 0.2334755 0.0413255 0.0483725 0.3151458 0.3250052 0.1325229 
n255_256   0.3445159 0.3982944 0.3203932 0.3336469 0.3204644 0.0000000 0.3152124 0.3827538 0.3262472 0.3374202 0.3204360 0.3331318 0.3480285 0.3750159 0.3259031 0.3265099 0.3264020 0.3265760 0.3267749 0.3770235 0.3212156 0.3315078 0.3103626 0.0307493 0.3719064 
n295_296   0.0893607 0.2278445 0.0033372 0.2201536 0.0033374 0.3152124 0.0000000 0.2334755 0.0412706 0.2241205 0.0033374 0.2109362 0.2191188 0.2142160 0.0066930 0.0413261 0.2196452 0.2149428 0.0413511 0.2288407 0.0377929 0.0448113 0.3099316 0.3197307 0.1285043 
n286_287   0.2397167 0.1745032 0.2380980 0.2491445 0.2381395 0.3827538 0.2334755 0.0000000 0.2103485 0.2383399 0.2381226 0.2393838 0.2524723 0.1618072 0.2429464 0.2199179 0.2434518 0.2385708 0.2200771 0.0033408 0.2153646 0.2148301 0.3722387 0.4056741 0.2538611 
n298_299   0.0894169 0.2141009 0.0448113 0.2110478 0.0448152 0.3262472 0.0412706 0.2103485 0.0000000 0.2192372 0.0448137 0.1972622 0.2142816 0.2007212 0.0484004 0.0134954 0.2147951 0.2101318 0.0135033 0.2058595 0.0100984 0.0033442 0.3046604 0.3308166 0.1285872 
n299_300   0.2390218 0.2328367 0.2286870 0.0629005 0.2287257 0.3374202 0.2241205 0.2383399 0.2192372 0.0000000 0.2193468 0.0519608 0.0134249 0.2190953 0.2241151 0.2193562 0.0134452 0.0100550 0.2242899 0.2336696 0.2195533 0.2237692 0.3488017 0.3651294 0.2388584 
n287_288   0.0931643 0.2324411 0.0066892 0.2153964 0.0066897 0.3204360 0.0033374 0.2381226 0.0448137 0.2193468 0.0000000 0.2062474 0.2143882 0.2187307 0.0100619 0.0412901 0.2149022 0.2102361 0.0449013 0.2334592 0.0413241 0.0483709 0.3151183 0.3249761 0.1325164 
n278_279   0.2163980 0.2334722 0.2154332 0.0169118 0.2154683 0.3331318 0.2109362 0.2393838 0.1972622 0.0519608 0.2062474 0.0000000 0.0591310 0.2196878 0.2109318 0.1973677 0.0447875 0.0412197 0.2021365 0.2346898 0.1975432 0.2016750 0.3499682 0.3606892 0.2301457 
n292_293   0.2383466 0.2468097 0.2236484 0.0701813 0.2236857 0.3480285 0.2191188 0.2524723 0.2142816 0.0134249 0.2143882 0.0591310 0.0000000 0.2328136 0.2191138 0.2143973 0.0202462 0.0168231 0.2192835 0.2477125 0.2145892 0.2187774 0.3483333 0.3761310 0.2429962 
n265_266   0.2201699 0.0340979 0.2097144 0.2339385 0.2187452 0.3750159 0.2142160 0.1618072 0.2007212 0.2190953 0.2187307 0.2196878 0.2328136 0.0000000 0.2234068 0.2054575 0.2236786 0.2189566 0.2056037 0.1576143 0.2010066 0.2051349 0.3818721 0.3976163 0.2335791 
n289_290   0.0970414 0.2372093 0.0100614 0.2201485 0.0033393 0.3259031 0.0066930 0.2429464 0.0484004 0.2241151 0.0100619 0.2109318 0.2191138 0.2234068 0.0000000 0.0484650 0.2196402 0.2149381 0.0484946 0.2382507 0.0448962 0.0519762 0.3205441 0.3304682 0.1366281 
n293_294   0.0895407 0.2189388 0.0448717 0.2111621 0.0448756 0.3265099 0.0413261 0.2199179 0.0134954 0.2193562 0.0412901 0.1973677 0.2143973 0.2054575 0.0484650 0.0000000 0.2149113 0.2102450 0.0067179 0.2153621 0.0033494 0.0169064 0.3103044 0.3310831 0.1287708 
n280_281   0.2344444 0.2375048 0.2241864 0.0556023 0.2242239 0.3264020 0.2196452 0.2434518 0.2147951 0.0134452 0.2149022 0.0447875 0.0202462 0.2236786 0.2196402 0.2149113 0.0000000 0.0033344 0.2198107 0.2387430 0.2151040 0.2193022 0.3434803 0.3536673 0.2340771 
n274_275   0.2296215 0.2326864 0.2194533 0.0519702 0.2194894 0.3265760 0.2149428 0.2385708 0.2101318 0.0100550 0.2102361 0.0412197 0.0168231 0.2189566 0.2149381 0.2102450 0.0033344 0.0000000 0.2151040 0.2338959 0.2104329 0.2146087 0.3377751 0.3538590 0.2342273 
n275_276   0.0895977 0.2190965 0.0448989 0.2160483 0.0449028 0.3267749 0.0413511 0.2200771 0.0135033 0.2242899 0.0449013 0.2021365 0.2192835 0.2056037 0.0484946 0.0067179 0.2198107 0.2151040 0.0000000 0.2155173 0.0033513 0.0169163 0.3105518 0.3313536 0.1288558 
n285_286   0.2350167 0.1702387 0.2334353 0.2443829 0.2334755 0.3770235 0.2288407 0.0033408 0.2058595 0.2336696 0.2334592 0.2346898 0.2477125 0.1576143 0.2382507 0.2153621 0.2387430 0.2338959 0.2155173 0.0000000 0.2108364 0.2103148 0.3665781 0.3997712 0.2490734 
n294_295   0.0857438 0.2144078 0.0413219 0.2113516 0.0413255 0.3212156 0.0377929 0.2153646 0.0100984 0.2195533 0.0413241 0.1975432 0.2145892 0.2010066 0.0448962 0.0033494 0.2151040 0.2104329 0.0033513 0.2108364 0.0000000 0.0134941 0.3051286 0.3257664 0.1247645 
n297_298   0.0932170 0.2185914 0.0483683 0.2155484 0.0483725 0.3315078 0.0448113 0.2148301 0.0033442 0.2237692 0.0483709 0.2016750 0.2187774 0.2051349 0.0519762 0.0169064 0.2193022 0.2146087 0.0169163 0.2103148 0.0134941 0.0000000 0.3097683 0.3360984 0.1325924 
n244_245   0.3381931 0.3991558 0.3150768 0.3612861 0.3151458 0.3103626 0.3099316 0.3722387 0.3046604 0.3488017 0.3151183 0.3499682 0.3483333 0.3818721 0.3205441 0.3103044 0.3434803 0.3377751 0.3105518 0.3665781 0.3051286 0.3097683 0.0000000 0.3314657 0.3655850 
n251_252   0.3717087 0.4216048 0.3249322 0.3612655 0.3250052 0.0307493 0.3197307 0.4056741 0.3308166 0.3651294 0.3249761 0.3606892 0.3761310 0.3976163 0.3304682 0.3310831 0.3536673 0.3538590 0.3313536 0.3997712 0.3257664 0.3360984 0.3314657 0.0000000 0.3942112 
n200_201   0.1208949 0.2426782 0.1325066 0.2446828 0.1325229 0.3719064 0.1285043 0.2538611 0.1285872 0.2388584 0.1325164 0.2301457 0.2429962 0.2335791 0.1366281 0.1287708 0.2340771 0.2342273 0.1288558 0.2490734 0.1247645 0.1325924 0.3655850 0.3942112 0.0000000 
