26
n236_237   0.0000000 0.2472952 0.1161016 0.3134859 0.0928897 0.4102799 0.1241292 0.2770333 0.1084833 0.3242270 0.0967411 0.3133956 0.3187569 0.2470070 0.1005808 0.1085638 0.3240546 0.3297541 0.1164335 0.2768904 0.1124210 0.1084629 0.3742444 0.4229281 0.1834176 0.3244380 
n266_267   0.2472952 0.0000000 0.2475689 0.2534428 0.2382923 0.3758811 0.2476831 0.1124597 0.2578117 0.2833509 0.2430825 0.2631165 0.2732878 0.0203092 0.2381437 0.2530069 0.2681541 0.2785553 0.2677993 0.1124912 0.2627164 0.2480809 0.3192550 0.4001666 0.2334817 0.2835314 
n296_297   0.1161016 0.2475689 0.0000000 0.3294810 0.0271611 0.4275273 0.0066747 0.2771370 0.0412005 0.3404727 0.0306383 0.3347793 0.3348720 0.2378440 0.0341229 0.0555570 0.3402875 0.3461309 0.0483440 0.2821682 0.0555366 0.0411931 0.3794237 0.4404735 0.1791124 0.3406963 
n277_278   0.3134859 0.2534428 0.3294810 0.0000000 0.2929318 0.3814552 0.3406236 0.2730442 0.3248811 0.0667922 0.3032209 0.0135092 0.0594472 0.2484115 0.2876538 0.3304317 0.0631085 0.0631587 0.3359147 0.2731291 0.3302794 0.3248069 0.4104041 0.3995814 0.2831738 0.0668298 
n290_291   0.0928897 0.2382923 0.0271611 0.2929318 0.0000000 0.3982774 0.0341425 0.2676514 0.0203108 0.3033612 0.0100711 0.2979765 0.2980536 0.2286905 0.0066952 0.0342265 0.3032044 0.3087248 0.0272339 0.2726218 0.0342148 0.0203073 0.3688397 0.4107002 0.1578404 0.3035564 
n255_256   0.4102799 0.3758811 0.4275273 0.3814552 0.3982774 0.0000000 0.4403922 0.3871911 0.4105729 0.3988846 0.3980962 0.3871601 0.3870445 0.3756096 0.4044048 0.4232276 0.3928797 0.3932537 0.4105649 0.3873209 0.4166279 0.4169765 0.3072086 0.0376858 0.3520548 0.3991565 
n295_296   0.1241292 0.2476831 0.0066747 0.3406236 0.0341425 0.4403922 0.0000000 0.2772681 0.0483423 0.3463475 0.0376584 0.3460066 0.3406937 0.2379527 0.0411798 0.0628659 0.3461574 0.3520589 0.0555702 0.2823023 0.0628436 0.0483337 0.3914114 0.4535963 0.1879936 0.3465759 
n286_287   0.2770333 0.1124597 0.2771370 0.2730442 0.2676514 0.3871911 0.2772681 0.0000000 0.2880624 0.2983305 0.2627232 0.2829851 0.2880617 0.1123386 0.2674815 0.2829066 0.2828176 0.2934476 0.2985127 0.0134693 0.2930424 0.2778925 0.3628649 0.4177914 0.2928330 0.2985220 
n298_299   0.1084833 0.2578117 0.0412005 0.3248811 0.0203108 0.4105729 0.0483423 0.2880624 0.0000000 0.3358214 0.0237592 0.3301569 0.3302477 0.2479191 0.0272172 0.0342296 0.3356396 0.3414527 0.0272363 0.2931860 0.0342179 0.0067033 0.3865138 0.4232317 0.1751394 0.3360418 
n299_300   0.3242270 0.2833509 0.3404727 0.0667922 0.3033612 0.3988846 0.3463475 0.2983305 0.3358214 0.0000000 0.3138074 0.0741940 0.0067242 0.2780827 0.2979984 0.3414640 0.0101112 0.0135255 0.3470369 0.2984248 0.3413049 0.3357439 0.4229452 0.4174803 0.2933430 0.0033513 
n287_288   0.0967411 0.2430825 0.0306383 0.3032209 0.0100711 0.3980962 0.0376584 0.2627232 0.0237592 0.3138074 0.0000000 0.3083366 0.3084179 0.2334114 0.0168684 0.0377512 0.3136428 0.3192533 0.0307205 0.2725129 0.0377382 0.0237550 0.3516921 0.4105108 0.1621010 0.3140104 
n278_279   0.3133956 0.2631165 0.3347793 0.0135092 0.2979765 0.3871601 0.3460066 0.2829851 0.3301569 0.0741940 0.3083366 0.0000000 0.0667719 0.2580121 0.2926601 0.3357490 0.0704712 0.0705277 0.3412722 0.2781408 0.3355936 0.3300812 0.4224337 0.3992162 0.2881584 0.0742358 
n292_293   0.3187569 0.2732878 0.3348720 0.0594472 0.2980536 0.3870445 0.3406937 0.2880617 0.3302477 0.0067242 0.3084179 0.0667719 0.0000000 0.2680995 0.2927350 0.3358423 0.0033538 0.0067294 0.3413680 0.2881521 0.3356868 0.3301719 0.4230726 0.4053166 0.2881082 0.0101139 
n265_266   0.2470070 0.0203092 0.2378440 0.2484115 0.2286905 0.3756096 0.2379527 0.1123386 0.2479191 0.2780827 0.2334114 0.2580121 0.2680995 0.0000000 0.2285488 0.2431837 0.2630084 0.2733214 0.2577558 0.1123700 0.2527525 0.2383315 0.3244907 0.3998775 0.2239481 0.2782592 
n289_290   0.1005808 0.2381437 0.0341229 0.2876538 0.0066952 0.4044048 0.0411798 0.2674815 0.0272172 0.2979984 0.0168684 0.2926601 0.2927350 0.2285488 0.0000000 0.0412814 0.2978456 0.3033175 0.0342147 0.2724483 0.0412672 0.0272123 0.3803118 0.4169450 0.1535471 0.2981895 
n293_294   0.1085638 0.2530069 0.0555570 0.3304317 0.0342265 0.4232276 0.0628659 0.2829066 0.0342296 0.3414640 0.0377512 0.3357490 0.3358423 0.2431837 0.0412814 0.0000000 0.3412776 0.3471444 0.0272497 0.2879908 0.0067011 0.0342236 0.3870229 0.4361317 0.1839372 0.3416888 
n280_281   0.3240546 0.2681541 0.3402875 0.0631085 0.3032044 0.3928797 0.3461574 0.2828176 0.3356396 0.0101112 0.3136428 0.0704712 0.0033538 0.2630084 0.2978456 0.3412776 0.0000000 0.0101189 0.3468450 0.2829061 0.3411187 0.3355622 0.4166651 0.4113057 0.2828630 0.0135186 
n274_275   0.3297541 0.2785553 0.3461309 0.0631587 0.3087248 0.3932537 0.3520589 0.2934476 0.3414527 0.0135255 0.3192533 0.0705277 0.0067294 0.2733214 0.3033175 0.3471444 0.0101189 0.0000000 0.3527628 0.2935401 0.3469808 0.3413735 0.4359156 0.4117022 0.2932769 0.0169534 
n275_276   0.1164335 0.2677993 0.0483440 0.3359147 0.0272339 0.4105649 0.0555702 0.2985127 0.0272363 0.3470369 0.0307205 0.3412722 0.3413680 0.2577558 0.0342147 0.0272497 0.3468450 0.3527628 0.0000000 0.3037158 0.0272404 0.0272315 0.3867751 0.4232204 0.1839748 0.3472663 
n285_286   0.2768904 0.1124912 0.2821682 0.2731291 0.2726218 0.3873209 0.2823023 0.0134693 0.2931860 0.2984248 0.2725129 0.2781408 0.2881521 0.1123700 0.2724483 0.2879908 0.2829061 0.2935401 0.3037158 0.0000000 0.2982007 0.2829405 0.3685126 0.4179345 0.2929251 0.2986164 
n294_295   0.1124210 0.2627164 0.0555366 0.3302794 0.0342148 0.4166279 0.0628436 0.2930424 0.0342179 0.3413049 0.0377382 0.3355936 0.3356868 0.2527525 0.0412672 0.0067011 0.3411187 0.3469808 0.0272404 0.2982007 0.0000000 0.0342118 0.3868348 0.4293962 0.1838635 0.3415296 
n297_298   0.1084629 0.2480809 0.0411931 0.3248069 0.0203073 0.4169765 0.0483337 0.2778925 0.0067033 0.3357439 0.0237550 0.3300812 0.3301719 0.2383315 0.0272123 0.0342236 0.3355622 0.3413735 0.0272315 0.2829405 0.0342118 0.0000000 0.3748160 0.4297609 0.1751045 0.3359642 
n244_245   0.3742444 0.3192550 0.3794237 0.4104041 0.3688397 0.3072086 0.3914114 0.3628649 0.3865138 0.4229452 0.3516921 0.4224337 0.4230726 0.3244907 0.3803118 0.3870229 0.4166651 0.4359156 0.3867751 0.3685126 0.3868348 0.3748160 0.0000000 0.3126603 0.3746994 0.4232376 
n251_252   0.4229281 0.4001666 0.4404735 0.3995814 0.4107002 0.0376858 0.4535963 0.4177914 0.4232317 0.4174803 0.4105108 0.3992162 0.4053166 0.3998775 0.4169450 0.4361317 0.4113057 0.4117022 0.4232204 0.4179345 0.4293962 0.4297609 0.3126603 0.0000000 0.3694953 0.4177684 
n200_201   0.1834176 0.2334817 0.1791124 0.2831738 0.1578404 0.3520548 0.1879936 0.2928330 0.1751394 0.2933430 0.1621010 0.2881584 0.2881082 0.2239481 0.1535471 0.1839372 0.2828630 0.2932769 0.1839748 0.2929251 0.1838635 0.1751045 0.3746994 0.3694953 0.0000000 0.2935308 
n300_301   0.3244380 0.2835314 0.3406963 0.0668298 0.3035564 0.3991565 0.3465759 0.2985220 0.3360418 0.0033513 0.3140104 0.0742358 0.0101139 0.2782592 0.2981895 0.3416888 0.0135186 0.0169534 0.3472663 0.2986164 0.3415296 0.3359642 0.4232376 0.4177684 0.2935308 0.0000000 
