22
n236_237   0.0000000 0.3086883 0.0825013 0.3187366 0.0940324 0.5240491 0.3408163 0.0899863 0.2925821 0.0939482 0.3305759 0.2920174 0.3083211 0.0939446 0.0824540 0.2917905 0.2863256 0.0936686 0.0861804 0.4284366 0.5446934 0.1258457 
n266_267   0.3086883 0.0000000 0.3268474 0.2353725 0.3373278 0.4465772 0.1517106 0.3311203 0.2117411 0.3369134 0.2350980 0.2069561 0.0066873 0.3369817 0.3256221 0.2159001 0.2017086 0.3357433 0.3256816 0.3150638 0.4717309 0.2841535 
n296_297   0.0825013 0.3268474 0.0000000 0.3246069 0.0343573 0.5304949 0.3366316 0.0343507 0.3146089 0.0343290 0.3365544 0.3089867 0.3264526 0.0343262 0.0308460 0.3087428 0.3031365 0.0378194 0.0308475 0.4355760 0.5705410 0.1304889 
n277_278   0.3187366 0.2353725 0.3246069 0.0000000 0.3349989 0.3996246 0.2240290 0.3177753 0.0673113 0.3345908 0.0100765 0.0635620 0.2351076 0.3346572 0.3179713 0.0709028 0.0633858 0.3279527 0.3180276 0.3680758 0.4045506 0.3021613 
n290_291   0.0940324 0.3373278 0.0343573 0.3349989 0.0000000 0.5442465 0.3472122 0.0485106 0.3248878 0.0067095 0.3363004 0.3191861 0.3369179 0.0067088 0.0449417 0.3189322 0.3132517 0.0520220 0.0449442 0.4601364 0.5921867 0.1384788 
n255_256   0.5240491 0.4465772 0.5304949 0.3996246 0.5442465 0.0000000 0.3736607 0.5275152 0.4024047 0.5360634 0.4130440 0.3959853 0.4459873 0.5436681 0.5201769 0.4073477 0.3955304 0.5256472 0.5203447 0.3289263 0.0412365 0.4999055 
n286_287   0.3408163 0.1517106 0.3366316 0.2240290 0.3472122 0.3736607 0.0000000 0.3353631 0.2196503 0.3467822 0.2289864 0.2148338 0.1515509 0.3468563 0.3298465 0.2238139 0.2193515 0.3399881 0.3299074 0.3114107 0.4028747 0.3018841 
n298_299   0.0899863 0.3311203 0.0343507 0.3177753 0.0485106 0.5275152 0.3353631 0.0000000 0.3078805 0.0484700 0.3295714 0.3023268 0.3307199 0.0484665 0.0100852 0.3020900 0.2965491 0.0168608 0.0033384 0.4527559 0.5673317 0.1340798 
n299_300   0.2925821 0.2117411 0.3146089 0.0673113 0.3248878 0.4024047 0.2196503 0.3078805 0.0000000 0.3244957 0.0709872 0.0033563 0.2115066 0.3245565 0.2973056 0.0169623 0.0169942 0.3179594 0.3081233 0.3347246 0.4140041 0.2862816 
n287_288   0.0939482 0.3369134 0.0343290 0.3345908 0.0067095 0.5360634 0.3467822 0.0484700 0.3244957 0.0000000 0.3358888 0.3188036 0.3365046 0.0067035 0.0449043 0.3185504 0.3128791 0.0519784 0.0449067 0.4529493 0.5834351 0.1383473 
n278_279   0.3305759 0.2350980 0.3365544 0.0100765 0.3363004 0.4130440 0.2289864 0.3295714 0.0709872 0.3358888 0.0000000 0.0672189 0.2348338 0.3359562 0.3297754 0.0745879 0.0670327 0.3399083 0.3298361 0.3807890 0.4237579 0.3017903 
n292_293   0.2920174 0.2069561 0.3089867 0.0635620 0.3191861 0.3959853 0.2148338 0.3023268 0.0033563 0.3188036 0.0672189 0.0000000 0.2067277 0.3188612 0.3025130 0.0135286 0.0135530 0.3123346 0.3025639 0.3289582 0.4074892 0.2860606 
n265_266   0.3083211 0.0066873 0.3264526 0.2351076 0.3369179 0.4459873 0.1515509 0.3307199 0.2115066 0.3365046 0.2348338 0.2067277 0.0000000 0.3365725 0.3252299 0.2156609 0.2112173 0.3353372 0.3252891 0.3264887 0.4710998 0.2838240 
n289_290   0.0939446 0.3369817 0.0343262 0.3346572 0.0067088 0.5436681 0.3468563 0.0484665 0.3245565 0.0067035 0.3359562 0.3188612 0.3365725 0.0000000 0.0449009 0.3186078 0.3129335 0.0519747 0.0449033 0.4596553 0.5915563 0.1300817 
n293_294   0.0824540 0.3256221 0.0308460 0.3179713 0.0449417 0.5201769 0.3298465 0.0100852 0.2973056 0.0449043 0.3297754 0.3025130 0.3252299 0.0449009 0.0000000 0.3022759 0.2967315 0.0134591 0.0067091 0.4462170 0.5595560 0.1259445 
n280_281   0.2917905 0.2159001 0.3087428 0.0709028 0.3189322 0.4073477 0.2238139 0.3020900 0.0169623 0.3185504 0.0745879 0.0135286 0.2156609 0.3186078 0.3022759 0.0000000 0.0204057 0.3067536 0.3023268 0.3225608 0.4189849 0.2858399 
n274_275   0.2863256 0.2017086 0.3031365 0.0633858 0.3132517 0.3955304 0.2193515 0.2965491 0.0169942 0.3128791 0.0670327 0.0135530 0.2112173 0.3129335 0.2967315 0.0204057 0.0000000 0.3064811 0.2967804 0.3173922 0.4060673 0.2910772 
n275_276   0.0936686 0.3357433 0.0378194 0.3279527 0.0520220 0.5256472 0.3399881 0.0168608 0.3179594 0.0519784 0.3399083 0.3123346 0.3353372 0.0519747 0.0134591 0.3067536 0.3064811 0.0000000 0.0134597 0.4326459 0.5652204 0.1379246 
n297_298   0.0861804 0.3256816 0.0308475 0.3180276 0.0449442 0.5203447 0.3299074 0.0033384 0.3081233 0.0449067 0.3298361 0.3025639 0.3252891 0.0449033 0.0067091 0.3023268 0.2967804 0.0134597 0.0000000 0.4463340 0.5597558 0.1300247 
n244_245   0.4284366 0.3150638 0.4355760 0.3680758 0.4601364 0.3289263 0.3114107 0.4527559 0.3347246 0.4529493 0.3807890 0.3289582 0.3264887 0.4596553 0.4462170 0.3225608 0.3173922 0.4326459 0.4463340 0.0000000 0.3502950 0.4204620 
n251_252   0.5446934 0.4717309 0.5705410 0.4045506 0.5921867 0.0412365 0.4028747 0.5673317 0.4140041 0.5834351 0.4237579 0.4074892 0.4710998 0.5915563 0.5595560 0.4189849 0.4060673 0.5652204 0.5597558 0.3502950 0.0000000 0.5351310 
n200_201   0.1258457 0.2841535 0.1304889 0.3021613 0.1384788 0.4999055 0.3018841 0.1340798 0.2862816 0.1383473 0.3017903 0.2860606 0.2838240 0.1300817 0.1259445 0.2858399 0.2910772 0.1379246 0.1300247 0.4204620 0.5351310 0.0000000 
