26
n236_237   0.0000000 0.3049805 0.0807131 0.3284208 0.0734514 0.3516168 0.0843996 0.3047253 0.0697155 0.2992030 0.0734637 0.3341606 0.3041331 0.2803322 0.0734831 0.0770911 0.3094749 0.3093040 0.0661490 0.3097428 0.0845801 0.0697329 0.3676029 0.3570403 0.1507443 0.3043523 
n266_267   0.3049805 0.0000000 0.3090061 0.2836032 0.3041254 0.3635833 0.3086615 0.1074201 0.2989643 0.2795291 0.2991798 0.2838546 0.2843342 0.0341132 0.3042717 0.3091108 0.2941613 0.2893625 0.2892960 0.1190767 0.3142373 0.3038244 0.3408283 0.3477541 0.3158385 0.2796697 
n296_297   0.0807131 0.3090061 0.0000000 0.3432742 0.0202488 0.3458652 0.0100513 0.3040005 0.0305619 0.3037652 0.0202522 0.3491409 0.3087188 0.2797045 0.0202573 0.0375422 0.3140925 0.3139179 0.0340546 0.3090033 0.0446117 0.0340242 0.3565461 0.3569114 0.1544960 0.3089424 
n277_278   0.3284208 0.2836032 0.3432742 0.0000000 0.3280618 0.4016799 0.3381614 0.2790551 0.3278984 0.0661225 0.3229784 0.0271791 0.0697597 0.2553828 0.3282210 0.3384181 0.0771109 0.0734568 0.3332585 0.2838902 0.3492485 0.3329227 0.4102511 0.3964503 0.3565034 0.0698045 
n290_291   0.0734514 0.3041254 0.0202488 0.3280618 0.0000000 0.3360901 0.0236700 0.3043422 0.0236971 0.2892411 0.0066945 0.3337930 0.2941061 0.2749963 0.0066965 0.0306206 0.2993668 0.2992029 0.0271592 0.3093516 0.0376295 0.0271351 0.3569112 0.3415607 0.1466027 0.2943170 
n255_256   0.3516168 0.3635833 0.3458652 0.4016799 0.3360901 0.0000000 0.3515488 0.3858920 0.3356936 0.3856274 0.3309180 0.4020913 0.3911704 0.3322437 0.3362549 0.3463943 0.3862984 0.3970416 0.3411473 0.3915013 0.3574163 0.3408003 0.2960727 0.0447799 0.3687532 0.3914686 
n295_296   0.0843996 0.3086615 0.0100513 0.3381614 0.0236700 0.3515488 0.0000000 0.3088823 0.0340252 0.2988871 0.0236740 0.3439819 0.3038106 0.2793999 0.0236801 0.0410372 0.3091458 0.3089748 0.0375350 0.3139157 0.0481406 0.0375013 0.3567714 0.3571373 0.1585356 0.3040299 
n286_287   0.3047253 0.1074201 0.3040005 0.2790551 0.3043422 0.3858920 0.3088823 0.0000000 0.2940259 0.2795016 0.2993926 0.2693831 0.2843062 0.0921739 0.3044884 0.3041032 0.2941320 0.2893338 0.2844181 0.0100640 0.3091944 0.2988554 0.3666623 0.3807431 0.3112824 0.2796422 
n298_299   0.0697155 0.2989643 0.0305619 0.3278984 0.0236971 0.3356936 0.0340252 0.2940259 0.0000000 0.2891024 0.0237010 0.3336253 0.2939643 0.2700412 0.0237071 0.0134568 0.2992219 0.2990580 0.0100711 0.2989621 0.0202935 0.0100622 0.3512260 0.3411554 0.1424157 0.2941753 
n299_300   0.2992030 0.2795291 0.3037652 0.0661225 0.2892411 0.3856274 0.2988871 0.2795016 0.2891024 0.0000000 0.2843915 0.0698279 0.0033367 0.2513909 0.2893793 0.2991105 0.0100554 0.0066912 0.2941943 0.2746141 0.3093957 0.2939013 0.3950288 0.3804826 0.3352167 0.0033388 
n287_288   0.0734637 0.2991798 0.0202522 0.3229784 0.0066945 0.3309180 0.0236740 0.2993926 0.0237010 0.2843915 0.0000000 0.3286638 0.2892264 0.2702315 0.0066965 0.0306258 0.2944491 0.2942887 0.0271638 0.3043697 0.0376358 0.0271396 0.3516036 0.3363485 0.1466271 0.2894332 
n278_279   0.3341606 0.2838546 0.3491409 0.0271791 0.3337930 0.4020913 0.3439819 0.2693831 0.3336253 0.0698279 0.3286638 0.0000000 0.0734853 0.2556028 0.3339556 0.3442442 0.0808798 0.0772058 0.3390370 0.2741559 0.3551799 0.3386941 0.4109662 0.3968541 0.3675948 0.0735329 
n292_293   0.3041331 0.2843342 0.3087188 0.0697597 0.2941061 0.3911704 0.3038106 0.2843062 0.2939643 0.0033367 0.2892264 0.0734853 0.0000000 0.2560285 0.2942470 0.3040383 0.0134357 0.0100580 0.2990908 0.2748265 0.3143936 0.2987922 0.4006172 0.3859938 0.3403875 0.0066916 
n265_266   0.2803322 0.0341132 0.2797045 0.2553828 0.2749963 0.3322437 0.2793999 0.0921739 0.2700412 0.2513909 0.2702315 0.2556028 0.2560285 0.0000000 0.2751266 0.2797976 0.2654976 0.2608644 0.2652011 0.1035918 0.2847255 0.2747294 0.3203336 0.3170112 0.2861498 0.2515156 
n289_290   0.0734831 0.3042717 0.0202573 0.3282210 0.0066965 0.3362549 0.0236801 0.3044884 0.0237071 0.2893793 0.0066965 0.3339556 0.2942470 0.2751266 0.0000000 0.0306336 0.2995104 0.2993465 0.0271707 0.3095007 0.0376455 0.0271466 0.3520446 0.3417287 0.1466684 0.2944579 
n293_294   0.0770911 0.3091108 0.0375422 0.3384181 0.0306206 0.3463943 0.0410372 0.3041032 0.0134568 0.2991105 0.0306258 0.3442442 0.3040383 0.2797976 0.0306336 0.0000000 0.3093778 0.3092068 0.0168683 0.3091080 0.0134627 0.0168533 0.3621457 0.3519434 0.1505709 0.3042575 
n280_281   0.3094749 0.2941613 0.3140925 0.0771109 0.2993668 0.3862984 0.3091458 0.2941320 0.2992219 0.0100554 0.2944491 0.0808798 0.0134357 0.2654976 0.2995104 0.3093778 0.0000000 0.0168399 0.3043909 0.2891454 0.3198209 0.3040868 0.4067891 0.3811426 0.3460324 0.0134441 
n274_275   0.3093040 0.2893625 0.3139179 0.0734568 0.2992029 0.3970416 0.3089748 0.2893338 0.2990580 0.0066912 0.2942887 0.0772058 0.0100580 0.2608644 0.2993465 0.3092068 0.0168399 0.0000000 0.3042235 0.2843787 0.3196415 0.3039194 0.4065422 0.3918280 0.3458342 0.0100642 
n275_276   0.0661490 0.2892960 0.0340546 0.3332585 0.0271592 0.3411473 0.0375350 0.2844181 0.0100711 0.2941943 0.0271638 0.3390370 0.2990908 0.2652011 0.0271707 0.0168683 0.3043909 0.3042235 0.0000000 0.2892944 0.0237428 0.0134533 0.3517944 0.3466546 0.1465324 0.2993058 
n285_286   0.3097428 0.1190767 0.3090033 0.2838902 0.3093516 0.3915013 0.3139157 0.0100640 0.2989621 0.2746141 0.3043697 0.2741559 0.2748265 0.1035918 0.3095007 0.3091080 0.2891454 0.2843787 0.2892944 0.0000000 0.3142342 0.3038220 0.3720994 0.3863194 0.3163632 0.2747518 
n294_295   0.0845801 0.3142373 0.0446117 0.3492485 0.0376295 0.3574163 0.0481406 0.3091944 0.0202935 0.3093957 0.0376358 0.3551799 0.3143936 0.2847255 0.0376455 0.0134627 0.3198209 0.3196415 0.0237428 0.3142342 0.0000000 0.0237217 0.3734007 0.3630582 0.1588880 0.3146213 
n297_298   0.0697329 0.3038244 0.0340242 0.3329227 0.0271351 0.3408003 0.0375013 0.2988554 0.0100622 0.2939013 0.0271396 0.3386941 0.2987922 0.2747294 0.0271466 0.0168533 0.3040868 0.3039194 0.0134533 0.3038220 0.0237217 0.0000000 0.3564294 0.3463010 0.1463961 0.2990073 
n244_245   0.3676029 0.3408283 0.3565461 0.4102511 0.3569112 0.2960727 0.3567714 0.3666623 0.3512260 0.3950288 0.3516036 0.4109662 0.4006172 0.3203336 0.3520446 0.3621457 0.4067891 0.4065422 0.3517944 0.3720994 0.3734007 0.3564294 0.0000000 0.2960243 0.4022586 0.4009231 
n251_252   0.3570403 0.3477541 0.3569114 0.3964503 0.3415607 0.0447799 0.3571373 0.3807431 0.3411554 0.3804826 0.3363485 0.3968541 0.3859938 0.3170112 0.3417287 0.3519434 0.3811426 0.3918280 0.3466546 0.3863194 0.3630582 0.3463010 0.2960243 0.0000000 0.3470909 0.3862874 
n200_201   0.1507443 0.3158385 0.1544960 0.3565034 0.1466027 0.3687532 0.1585356 0.3112824 0.1424157 0.3352167 0.1466271 0.3675948 0.3403875 0.2861498 0.1466684 0.1505709 0.3460324 0.3458342 0.1465324 0.3163632 0.1588880 0.1463961 0.4022586 0.3470909 0.0000000 0.3406391 
n300_301   0.3043523 0.2796697 0.3089424 0.0698045 0.2943170 0.3914686 0.3040299 0.2796422 0.2941753 0.0033388 0.2894332 0.0735329 0.0066916 0.2515156 0.2944579 0.3042575 0.0134441 0.0100642 0.2993058 0.2747518 0.3146213 0.2990073 0.4009231 0.3862874 0.3406391 0.0000000 
