23
n236_237   0.0000000 0.2730550 0.0668045 0.3147183 0.0705665 0.4335329 0.0705021 0.3034491 0.0630292 0.3152807 0.3204644 0.2676635 0.0629904 0.3048032 0.3104468 0.0630741 0.2931240 0.0557210 0.0630468 0.4285584 0.3914154 0.1410210 0.3154954 
n266_267   0.2730550 0.0000000 0.2676785 0.3026709 0.2729538 0.3962140 0.2726041 0.1486459 0.2623567 0.2824405 0.2974060 0.0203353 0.2621772 0.2724747 0.2826590 0.2625655 0.1485989 0.2525652 0.2624460 0.4106571 0.3562159 0.2667475 0.2878399 
n296_297   0.0668045 0.2676785 0.0000000 0.3040792 0.0238082 0.4138162 0.0033448 0.2928733 0.0272311 0.3152809 0.3147770 0.2623410 0.0272148 0.3048060 0.3104482 0.0272500 0.2827069 0.0203167 0.0272384 0.4095687 0.3786344 0.1410009 0.3209958 
n277_278   0.3147183 0.3026709 0.3040792 0.0000000 0.3040408 0.4446044 0.2989641 0.3132304 0.2984296 0.0667188 0.0237667 0.3077920 0.2982212 0.0667084 0.0593964 0.2986728 0.3241857 0.2880984 0.2985352 0.4601138 0.3962349 0.3079814 0.0704875 
n290_291   0.0705665 0.2729538 0.0238082 0.3040408 0.0000000 0.4148397 0.0272763 0.2983734 0.0307367 0.3152450 0.3147410 0.2675637 0.0307182 0.3047677 0.3104111 0.0307580 0.2881157 0.0237809 0.0307449 0.4043003 0.3795283 0.1452667 0.3209613 
n255_256   0.4335329 0.3962140 0.4138162 0.4446044 0.4148397 0.0000000 0.4198072 0.4377391 0.4016258 0.4327699 0.4508033 0.4022712 0.4008633 0.4268907 0.4395980 0.4138088 0.4379488 0.4013762 0.4136126 0.3222323 0.0410967 0.4129587 0.4395887 
n295_296   0.0705021 0.2726041 0.0033448 0.2989641 0.0272763 0.4198072 0.0000000 0.2979740 0.0307105 0.3205621 0.3095861 0.2672245 0.0306921 0.3100127 0.3157001 0.0307319 0.2877367 0.0237608 0.0307188 0.4155491 0.3843507 0.1451170 0.3263237 
n286_287   0.3034491 0.1486459 0.2928733 0.3132304 0.2983734 0.4377391 0.2979740 0.0000000 0.2873346 0.3028918 0.3234926 0.1444187 0.2871356 0.2926412 0.3031289 0.2875667 0.0100726 0.2771878 0.2874349 0.4355694 0.3898639 0.2974321 0.3084690 
n298_299   0.0630292 0.2623567 0.0272311 0.2984296 0.0307367 0.4016258 0.0307105 0.2873346 0.0000000 0.3095225 0.3090311 0.2474259 0.0134573 0.2991396 0.3047268 0.0134746 0.2772560 0.0066980 0.0066965 0.4213074 0.3782915 0.1286008 0.3151796 
n299_300   0.3152807 0.2824405 0.3152809 0.0667188 0.3152450 0.4327699 0.3205621 0.3028918 0.3095225 0.0000000 0.0666891 0.2874240 0.3093048 0.0067115 0.0134970 0.3097768 0.3136820 0.2990105 0.3096335 0.4812071 0.4027780 0.3137992 0.0033498 
n278_279   0.3204644 0.2974060 0.3147770 0.0237667 0.3147410 0.4508033 0.3095861 0.3234926 0.3090311 0.0666891 0.0000000 0.3024882 0.3088141 0.0666788 0.0593702 0.3092846 0.3346033 0.2985410 0.3091417 0.4870514 0.4138567 0.3082940 0.0704559 
n265_266   0.2676635 0.0203353 0.2623410 0.3077920 0.2675637 0.4022712 0.2672245 0.1444187 0.2474259 0.2874240 0.3024882 0.0000000 0.2472582 0.2773909 0.2876469 0.2476210 0.1443732 0.2378522 0.2475088 0.4225795 0.3619295 0.2616119 0.2928654 
n293_294   0.0629904 0.2621772 0.0272148 0.2982212 0.0307182 0.4008633 0.0306921 0.2871356 0.0134573 0.3093048 0.3088141 0.2472582 0.0000000 0.2989303 0.3045128 0.0134666 0.2770649 0.0066940 0.0134609 0.4209952 0.3663301 0.1324669 0.3149571 
n280_281   0.3048032 0.2724747 0.3048060 0.0667084 0.3047677 0.4268907 0.3100127 0.2926412 0.2991396 0.0067115 0.0666788 0.2773909 0.2989303 0.0000000 0.0134949 0.2993839 0.3032697 0.2887790 0.2992458 0.4680828 0.3910321 0.3033811 0.0101018 
n274_275   0.3104468 0.2826590 0.3104482 0.0593964 0.3104111 0.4395980 0.3157001 0.3031289 0.3047268 0.0134970 0.0593702 0.2876469 0.3045128 0.0134949 0.0000000 0.3049767 0.3139294 0.2942749 0.3048357 0.4816276 0.4031124 0.3089914 0.0169295 
n275_276   0.0630741 0.2625655 0.0272500 0.2986728 0.0307580 0.4138088 0.0307319 0.2875667 0.0134746 0.3097768 0.3092846 0.2476210 0.0134666 0.2993839 0.3049767 0.0000000 0.2774786 0.0067027 0.0134782 0.4149910 0.3786132 0.1326495 0.3154396 
n285_286   0.2931240 0.1485989 0.2827069 0.3241857 0.2881157 0.4379488 0.2877367 0.0100726 0.2772560 0.3136820 0.3346033 0.1443732 0.2770649 0.3032697 0.3139294 0.2774786 0.0000000 0.2672531 0.2773518 0.4357794 0.3900438 0.2923208 0.3193597 
n294_295   0.0557210 0.2525652 0.0203167 0.2880984 0.0237809 0.4013762 0.0237608 0.2771878 0.0066980 0.2990105 0.2985410 0.2378522 0.0066940 0.2887790 0.2942749 0.0067027 0.2672531 0.0000000 0.0066998 0.4090590 0.3667893 0.1244516 0.3045731 
n297_298   0.0630468 0.2624460 0.0272384 0.2985352 0.0307449 0.4136126 0.0307188 0.2874349 0.0066965 0.3096335 0.3091417 0.2475088 0.0134609 0.2992458 0.3048357 0.0134782 0.2773518 0.0066998 0.0000000 0.4214766 0.3784362 0.1325911 0.3152934 
n244_245   0.4285584 0.4106571 0.4095687 0.4601138 0.4043003 0.3222323 0.4155491 0.4355694 0.4213074 0.4812071 0.4870514 0.4225795 0.4209952 0.4680828 0.4816276 0.4149910 0.4357794 0.4090590 0.4214766 0.0000000 0.2815387 0.4201007 0.4885938 
n251_252   0.3914154 0.3562159 0.3786344 0.3962349 0.3795283 0.0410967 0.3843507 0.3898639 0.3782915 0.4027780 0.4138567 0.3619295 0.3663301 0.3910321 0.4031124 0.3786132 0.3900438 0.3667893 0.3784362 0.2815387 0.0000000 0.3719250 0.4092947 
n200_201   0.1410210 0.2667475 0.1410009 0.3079814 0.1452667 0.4129587 0.1451170 0.2974321 0.1286008 0.3137992 0.3082940 0.2616119 0.1324669 0.3033811 0.3089914 0.1326495 0.2923208 0.1244516 0.1325911 0.4201007 0.3719250 0.0000000 0.3194804 
n300_301   0.3154954 0.2878399 0.3209958 0.0704875 0.3209613 0.4395887 0.3263237 0.3084690 0.3151796 0.0033498 0.0704559 0.2928654 0.3149571 0.0101018 0.0169295 0.3154396 0.3193597 0.3045731 0.3152934 0.4885938 0.4092947 0.3194804 0.0000000 
