23
n236_237   0.0000000 0.2846435 0.0517073 0.2808481 0.0481558 0.3369658 0.0552835 0.2844888 0.0697679 0.2947120 0.0481479 0.3057147 0.2996476 0.2845212 0.0624920 0.2848389 0.2845278 0.0624887 0.2945809 0.0697626 0.3685822 0.3534363 0.1000148 
n266_267   0.2846435 0.0000000 0.3048089 0.3301442 0.2901047 0.4366074 0.3098091 0.1345268 0.3148724 0.3296045 0.2951063 0.3566536 0.3347586 0.0237329 0.2946465 0.3294297 0.3293644 0.3047830 0.1467035 0.3148728 0.4590846 0.4682246 0.3055425 
n296_297   0.0517073 0.3048089 0.0000000 0.3055784 0.0134567 0.3633869 0.0033408 0.3044348 0.0375728 0.3147713 0.0100673 0.3313022 0.3198374 0.3097137 0.0305999 0.3046312 0.3042940 0.0271535 0.3148275 0.0375698 0.4021118 0.3749129 0.1154799 
n277_278   0.2808481 0.3301442 0.3055784 0.0000000 0.3106791 0.4040268 0.3105973 0.3044784 0.3312404 0.0624559 0.3106180 0.0168683 0.0660811 0.3300416 0.3209368 0.0624298 0.0588505 0.3208994 0.3200112 0.3312434 0.3925644 0.4158859 0.3320324 
n290_291   0.0481558 0.2901047 0.0134567 0.3106791 0.0000000 0.3580847 0.0168587 0.2948005 0.0375864 0.3199234 0.0033426 0.3365902 0.3250250 0.2949180 0.0306109 0.3097109 0.3093670 0.0271632 0.3050590 0.0375834 0.3912118 0.3695265 0.1116114 
n255_256   0.3369658 0.4366074 0.3633869 0.4040268 0.3580847 0.0000000 0.3687987 0.4304075 0.3910553 0.4144231 0.3580119 0.4272732 0.4202083 0.4365017 0.3799241 0.4141834 0.4140957 0.3798700 0.4489841 0.3910715 0.2902213 0.0520332 0.3486318 
n295_296   0.0552835 0.3098091 0.0033408 0.3105973 0.0168587 0.3687987 0.0000000 0.3094295 0.0340805 0.3198374 0.0134519 0.3364954 0.3249365 0.3147458 0.0271393 0.3096289 0.3092863 0.0237066 0.3198959 0.0340777 0.4078059 0.3804131 0.1193873 
n286_287   0.2844888 0.1345268 0.3044348 0.3044784 0.2948005 0.4304075 0.3094295 0.0000000 0.3197155 0.3039891 0.2947434 0.3300753 0.3089744 0.1384773 0.2993650 0.3038316 0.3037724 0.3095640 0.0134378 0.3197166 0.4232040 0.4617553 0.3152896 
n298_299   0.0697679 0.3148724 0.0375728 0.3312404 0.0375864 0.3910553 0.0340805 0.3197155 0.0000000 0.3406880 0.0340788 0.3578981 0.3354534 0.3198430 0.0134424 0.3301868 0.3298159 0.0134418 0.3303447 0.0066874 0.4251634 0.4030528 0.1352458 
n299_300   0.2947120 0.3296045 0.3147713 0.0624559 0.3199234 0.4144231 0.3198374 0.3039891 0.3406880 0.0000000 0.3198604 0.0734480 0.0033365 0.3295031 0.3302845 0.0066881 0.0100566 0.3302448 0.3194906 0.3406927 0.3966704 0.4264241 0.3411571 
n287_288   0.0481479 0.2951063 0.0100673 0.3106180 0.0033426 0.3580119 0.0134519 0.2947434 0.0340788 0.3198604 0.0000000 0.3365228 0.3249607 0.2999525 0.0271380 0.3096503 0.3093066 0.0237054 0.3049994 0.0340760 0.3911302 0.3694507 0.1115923 
n278_279   0.3057147 0.3566536 0.3313022 0.0168683 0.3365902 0.4272732 0.3364954 0.3300753 0.3578981 0.0734480 0.3365228 0.0000000 0.0771294 0.3565492 0.3472251 0.0734172 0.0697874 0.3471808 0.3461891 0.3579062 0.4096690 0.4395223 0.3587550 
n292_293   0.2996476 0.3347586 0.3198374 0.0660811 0.3250250 0.4202083 0.3249365 0.3089744 0.3354534 0.0033365 0.3249607 0.0771294 0.0000000 0.3346565 0.3354572 0.0100545 0.0134387 0.3354162 0.3245834 0.3354572 0.4023252 0.4323036 0.3464048 
n265_266   0.2845212 0.0237329 0.3097137 0.3300416 0.2949180 0.4365017 0.3147458 0.1384773 0.3198430 0.3295031 0.2999525 0.3565492 0.3346565 0.0000000 0.2994838 0.3293282 0.3292629 0.3096877 0.1507193 0.3198442 0.4352069 0.4681215 0.3104607 
n293_294   0.0624920 0.2946465 0.0305999 0.3209368 0.0306109 0.3799241 0.0271393 0.2993650 0.0134424 0.3302845 0.0271380 0.3472251 0.3354572 0.2994838 0.0000000 0.3199261 0.3195687 0.0066907 0.3096804 0.0134413 0.4135281 0.3917340 0.1272804 
n280_281   0.2848389 0.3294297 0.3046312 0.0624298 0.3097109 0.4141834 0.3096289 0.3038316 0.3301868 0.0066881 0.3096503 0.0734172 0.0100545 0.3293282 0.3199261 0.0000000 0.0100526 0.3198891 0.3193228 0.3301896 0.3908175 0.4261744 0.3357572 
n274_275   0.2845278 0.3293644 0.3042940 0.0588505 0.3093670 0.4140957 0.3092863 0.3037724 0.3298159 0.0100566 0.3093066 0.0697874 0.0134387 0.3292629 0.3195687 0.0100526 0.0000000 0.3195318 0.3192599 0.3298187 0.3965758 0.4260834 0.3302730 
n275_276   0.0624887 0.3047830 0.0271535 0.3208994 0.0271632 0.3798700 0.0237066 0.3095640 0.0134418 0.3302448 0.0237054 0.3471808 0.3354162 0.3096877 0.0066907 0.3198891 0.3195318 0.0000000 0.3200386 0.0134406 0.4020890 0.3916759 0.1272725 
n285_286   0.2945809 0.1467035 0.3148275 0.3200112 0.3050590 0.4489841 0.3198959 0.0134378 0.3303447 0.3194906 0.3049994 0.3461891 0.3245834 0.1507193 0.3096804 0.3193228 0.3192599 0.3200386 0.0000000 0.3303476 0.4292817 0.4812141 0.3258646 
n297_298   0.0697626 0.3148728 0.0375698 0.3312434 0.0375834 0.3910715 0.0340777 0.3197166 0.0066874 0.3406927 0.0340760 0.3579062 0.3354572 0.3198442 0.0134413 0.3301896 0.3298187 0.0134406 0.3303476 0.0000000 0.4251899 0.4030724 0.1352375 
n244_245   0.3685822 0.4590846 0.4021118 0.3925644 0.3912118 0.2902213 0.4078059 0.4232040 0.4251634 0.3966704 0.3911302 0.4096690 0.4023252 0.4352069 0.4135281 0.3908175 0.3965758 0.4020890 0.4292817 0.4251899 0.0000000 0.3054234 0.3743942 
n251_252   0.3534363 0.4682246 0.3749129 0.4158859 0.3695265 0.0520332 0.3804131 0.4617553 0.4030528 0.4264241 0.3694507 0.4395223 0.4323036 0.4681215 0.3917340 0.4261744 0.4260834 0.3916759 0.4812141 0.4030724 0.3054234 0.0000000 0.3654113 
n200_201   0.1000148 0.3055425 0.1154799 0.3320324 0.1116114 0.3486318 0.1193873 0.3152896 0.1352458 0.3411571 0.1115923 0.3587550 0.3464048 0.3104607 0.1272804 0.3357572 0.3302730 0.1272725 0.3258646 0.1352375 0.3743942 0.3654113 0.0000000 
