24
n236_237   0.0000000 0.3257945 0.1338979 0.3256958 0.1174963 0.4714587 0.1338769 0.3137821 0.1297990 0.3265897 0.3255414 0.3206535 0.3418605 0.1215171 0.1258906 0.3327541 0.3209516 0.1300891 0.3197641 0.1298894 0.1338217 0.3850000 0.4613523 0.2049123 
n266_267   0.3257945 0.0000000 0.3086368 0.2724535 0.2872510 0.4369311 0.3029790 0.1296316 0.3082272 0.2926678 0.2775225 0.2870680 0.0237906 0.2924259 0.3084874 0.3089465 0.3084310 0.3089620 0.1339544 0.3136095 0.3028317 0.3959830 0.4198965 0.2731976 
n296_297   0.1338979 0.3086368 0.0000000 0.3292329 0.0203250 0.4414153 0.0134845 0.3130456 0.0593628 0.3350847 0.3346948 0.3291033 0.3242958 0.0237735 0.0557940 0.3413002 0.3294079 0.0594915 0.3080268 0.0557837 0.0593205 0.4208771 0.4314244 0.1989719 
n277_278   0.3256958 0.2724535 0.3292329 0.0000000 0.3015014 0.4708414 0.3291901 0.2718500 0.3071087 0.0819337 0.0134676 0.0780504 0.2926608 0.3067663 0.3183267 0.0895640 0.0781204 0.3240643 0.2724827 0.3235078 0.3232505 0.3891765 0.4402418 0.3257733 
n290_291   0.1174963 0.2872510 0.0203250 0.3015014 0.0000000 0.4364837 0.0203217 0.2972232 0.0448590 0.3071073 0.3067484 0.3013940 0.3024451 0.0033408 0.0413531 0.3130304 0.3016710 0.0449557 0.2923056 0.0413454 0.0448266 0.3956911 0.4136407 0.1808459 
n255_256   0.4714587 0.4369311 0.4414153 0.4708414 0.4364837 0.0000000 0.4345284 0.4704488 0.4620365 0.4579108 0.4774841 0.4506725 0.4493010 0.4428593 0.4561252 0.4924772 0.4846798 0.4639756 0.4781092 0.4492020 0.4683224 0.4001740 0.0552297 0.4639119 
n295_296   0.1338769 0.3029790 0.0134845 0.3291901 0.0203217 0.4345284 0.0000000 0.3131649 0.0593533 0.3292019 0.3346517 0.3232794 0.3185062 0.0237697 0.0557850 0.3353533 0.3293651 0.0594819 0.3081438 0.0557747 0.0593110 0.4208303 0.4313777 0.1989421 
n286_287   0.3137821 0.1296316 0.3130456 0.2718500 0.2972232 0.4704488 0.3131649 0.0000000 0.3130542 0.2867937 0.2769080 0.2812537 0.1499934 0.3024667 0.3133179 0.3029070 0.3024025 0.3138008 0.0101345 0.3184673 0.3182135 0.3819904 0.4464071 0.2834698 
n298_299   0.1297990 0.3082272 0.0593628 0.3071087 0.0448590 0.4620365 0.0593533 0.3130542 0.0000000 0.3127670 0.3124016 0.3069969 0.3238666 0.0484377 0.0238222 0.3126911 0.3072796 0.0273195 0.3080342 0.0272799 0.0100816 0.3956034 0.4384759 0.1897549 
n299_300   0.3265897 0.2926678 0.3350847 0.0819337 0.3071073 0.4579108 0.3292019 0.2867937 0.3127670 0.0000000 0.0857389 0.0033434 0.3134304 0.3124159 0.3240859 0.0203142 0.0168687 0.3354456 0.2874640 0.3293081 0.3290465 0.3824622 0.4527615 0.3365690 
n278_279   0.3255414 0.2775225 0.3346948 0.0134676 0.3067484 0.4774841 0.3346517 0.2769080 0.3124016 0.0857389 0.0000000 0.0818291 0.2978715 0.3120513 0.3237079 0.0934126 0.0819025 0.3242098 0.2775536 0.3289246 0.3286634 0.3893508 0.4466372 0.3312340 
n292_293   0.3206535 0.2870680 0.3291033 0.0780504 0.3013940 0.4506725 0.3232794 0.2812537 0.3069969 0.0033434 0.0818291 0.0000000 0.3076488 0.3066548 0.3182059 0.0237842 0.0203143 0.3294555 0.2819091 0.3233829 0.3231259 0.3760045 0.4455640 0.3305539 
n265_266   0.3418605 0.0237906 0.3242958 0.2926608 0.3024451 0.4493010 0.3185062 0.1499934 0.3238666 0.3134304 0.2978715 0.3076488 0.0000000 0.3077269 0.3241387 0.3302080 0.3296562 0.3246419 0.1544689 0.3293622 0.3183539 0.4070893 0.4381650 0.2931984 
n289_290   0.1215171 0.2924259 0.0237735 0.3067663 0.0033408 0.4428593 0.0237697 0.3024667 0.0484377 0.3124159 0.3120513 0.3066548 0.3077269 0.0000000 0.0449174 0.3183912 0.3069369 0.0485422 0.2975159 0.0449091 0.0484035 0.4017421 0.4198402 0.1852665 
n293_294   0.1258906 0.3084874 0.0557940 0.3183267 0.0413531 0.4561252 0.0557850 0.3133179 0.0238222 0.3240859 0.3237079 0.3182059 0.3241387 0.0449174 0.0000000 0.3245033 0.3184999 0.0100918 0.3082941 0.0033408 0.0203319 0.4020797 0.4327165 0.1947596 
n280_281   0.3327541 0.3089465 0.3413002 0.0895640 0.3130304 0.4924772 0.3353533 0.3029070 0.3126911 0.0203142 0.0934126 0.0237842 0.3302080 0.3183912 0.3245033 0.0000000 0.0237414 0.3416703 0.3036199 0.3297328 0.3289657 0.4075146 0.4871431 0.3421207 
n274_275   0.3209516 0.3084310 0.3294079 0.0781204 0.3016710 0.4846798 0.3293651 0.3024025 0.3072796 0.0168687 0.0819025 0.0203143 0.3296562 0.3069369 0.3184999 0.0237414 0.0000000 0.3297608 0.3031134 0.3236818 0.3234244 0.4006416 0.4729052 0.3308611 
n275_276   0.1300891 0.3089620 0.0594915 0.3240643 0.0449557 0.4639756 0.0594819 0.3138008 0.0273195 0.3354456 0.3242098 0.3294555 0.3246419 0.0485422 0.0100918 0.3416703 0.3297608 0.0000000 0.3087681 0.0134821 0.0238014 0.3963685 0.4403078 0.1994715 
n285_286   0.3197641 0.1339544 0.3080268 0.2724827 0.2923056 0.4781092 0.3081438 0.0101345 0.3080342 0.2874640 0.2775536 0.2819091 0.1544689 0.2975159 0.3082941 0.3036199 0.3031134 0.3087681 0.0000000 0.3134126 0.3131624 0.3825813 0.4538174 0.2891770 
n294_295   0.1298894 0.3136095 0.0557837 0.3235078 0.0413454 0.4492020 0.0557747 0.3184673 0.0272799 0.3293081 0.3289246 0.3233829 0.3293622 0.0449091 0.0033408 0.3297328 0.3236818 0.0134821 0.3134126 0.0000000 0.0237677 0.4078971 0.4260032 0.1991521 
n297_298   0.1338217 0.3028317 0.0593205 0.3232505 0.0448266 0.4683224 0.0593110 0.3182135 0.0100816 0.3290465 0.3286634 0.3231259 0.3183539 0.0484035 0.0203319 0.3289657 0.3234244 0.0238014 0.3131624 0.0237677 0.0000000 0.4013888 0.4445905 0.1941186 
n244_245   0.3850000 0.3959830 0.4208771 0.3891765 0.3956911 0.4001740 0.4208303 0.3819904 0.3956034 0.3824622 0.3893508 0.3760045 0.4070893 0.4017421 0.4020797 0.4075146 0.4006416 0.3963685 0.3825813 0.4078971 0.4013888 0.0000000 0.3781391 0.3787767 
n251_252   0.4613523 0.4198965 0.4314244 0.4402418 0.4136407 0.0552297 0.4313777 0.4464071 0.4384759 0.4527615 0.4466372 0.4455640 0.4381650 0.4198402 0.4327165 0.4871431 0.4729052 0.4403078 0.4538174 0.4260032 0.4445905 0.3781391 0.0000000 0.4409507 
n200_201   0.2049123 0.2731976 0.1989719 0.3257733 0.1808459 0.4639119 0.1989421 0.2834698 0.1897549 0.3365690 0.3312340 0.3305539 0.2931984 0.1852665 0.1947596 0.3421207 0.3308611 0.1994715 0.2891770 0.1991521 0.1941186 0.3787767 0.4409507 0.0000000 
