22
n236_237   0.0000000 0.2942782 0.1282856 0.3142350 0.1364375 0.4675581 0.3422172 0.1045031 0.3044163 0.1447618 0.3140774 0.2994076 0.1405848 0.1164166 0.3044843 0.1163684 0.3198707 0.1204373 0.1084074 0.3912028 0.4742112 0.1618796 
n266_267   0.2942782 0.0000000 0.2626343 0.2251315 0.2726183 0.4170772 0.1457752 0.2289376 0.2252887 0.2829029 0.2154754 0.0203995 0.2777355 0.2434144 0.2301235 0.2481678 0.1332056 0.2482960 0.2336308 0.4075473 0.4233423 0.2341703 
n296_297   0.1282856 0.2626343 0.0000000 0.2924996 0.0066857 0.4156158 0.3356259 0.0411747 0.2674002 0.0134479 0.2818127 0.2675243 0.0100571 0.0519265 0.2674583 0.0555230 0.3135415 0.0555534 0.0447210 0.4031513 0.4344106 0.1405035 
n277_278   0.3142350 0.2251315 0.2924996 0.0000000 0.3029215 0.4223934 0.2840577 0.2773114 0.0705977 0.3031721 0.0134781 0.2344062 0.3082707 0.2928814 0.0780927 0.2979771 0.2786576 0.2981264 0.2823400 0.4178074 0.4351679 0.2677341 
n290_291   0.1364375 0.2726183 0.0066857 0.3029215 0.0000000 0.4280686 0.3414353 0.0483002 0.2774479 0.0066892 0.2920596 0.2775780 0.0033351 0.0591775 0.2775085 0.0628124 0.3191474 0.0628471 0.0518849 0.4153699 0.4472086 0.1488059 
n255_256   0.4675581 0.4170772 0.4156158 0.4223934 0.4280686 0.0000000 0.4548561 0.3976133 0.4161284 0.4349123 0.4211915 0.4291379 0.4344940 0.3916306 0.4162286 0.4222996 0.4418190 0.3976797 0.4035772 0.3471372 0.0447841 0.4548443 
n286_287   0.3422172 0.1457752 0.3356259 0.2840577 0.3414353 0.4548561 0.0000000 0.2982648 0.2789677 0.3473602 0.2784177 0.1456956 0.3471104 0.3143527 0.2842228 0.3196112 0.0238748 0.3197692 0.3034525 0.4580347 0.4676771 0.3148112 
n298_299   0.1045031 0.2289376 0.0411747 0.2773114 0.0483002 0.3976133 0.2982648 0.0000000 0.2527384 0.0555302 0.2668712 0.2336008 0.0519043 0.0100697 0.2527927 0.0134572 0.2773610 0.0134647 0.0033364 0.3799415 0.4099534 0.1162996 
n299_300   0.3044163 0.2252887 0.2674002 0.0705977 0.2774479 0.4161284 0.2789677 0.2527384 0.0000000 0.2878008 0.0630971 0.2345696 0.2825988 0.2625810 0.0067160 0.2726625 0.2736125 0.2675974 0.2575938 0.4309853 0.4351692 0.2483707 
n287_288   0.1447618 0.2829029 0.0134479 0.3031721 0.0066892 0.4349123 0.3473602 0.0555302 0.2878008 0.0000000 0.3026272 0.2879373 0.0100624 0.0665405 0.2878643 0.0702164 0.3248595 0.0702551 0.0591558 0.4280612 0.4542614 0.1572909 
n278_279   0.3140774 0.2154754 0.2818127 0.0134781 0.2920596 0.4211915 0.2784177 0.2668712 0.0630971 0.3026272 0.0000000 0.2246136 0.2973163 0.2821776 0.0704970 0.2871903 0.2730743 0.2873350 0.2718187 0.4235653 0.4339198 0.2574369 
n265_266   0.2994076 0.0203995 0.2675243 0.2344062 0.2775780 0.4291379 0.1456956 0.2336008 0.2345696 0.2879373 0.2246136 0.0000000 0.2827321 0.2481776 0.2394720 0.2529622 0.1372510 0.2530926 0.2383247 0.4325839 0.4355085 0.2388762 
n289_290   0.1405848 0.2777355 0.0100571 0.3082707 0.0033351 0.4344940 0.3471104 0.0519043 0.2825988 0.0100624 0.2973163 0.2827321 0.0000000 0.0628476 0.2826608 0.0591626 0.3246309 0.0665396 0.0555093 0.4157354 0.4538170 0.1530329 
n293_294   0.1164166 0.2434144 0.0519265 0.2928814 0.0591775 0.3916306 0.3143527 0.0100697 0.2625810 0.0665405 0.2821776 0.2481776 0.0628476 0.0000000 0.2626379 0.0237538 0.2929309 0.0100612 0.0134597 0.3862521 0.4038606 0.1284342 
n280_281   0.3044843 0.2301235 0.2674583 0.0780927 0.2775085 0.4162286 0.2842228 0.2527927 0.0067160 0.2878643 0.0704970 0.2394720 0.2826608 0.2626379 0.0000000 0.2727219 0.2788195 0.2676555 0.2576494 0.4310906 0.4352755 0.2533707 
n275_276   0.1163684 0.2481678 0.0555230 0.2979771 0.0628124 0.4222996 0.3196112 0.0134572 0.2726625 0.0702164 0.2871903 0.2529622 0.0591626 0.0237538 0.2727219 0.0000000 0.2980264 0.0272260 0.0168636 0.3863491 0.4351069 0.1324579 
n285_286   0.3198707 0.1332056 0.3135415 0.2786576 0.3191474 0.4418190 0.0238748 0.2773610 0.2736125 0.3248595 0.2730743 0.1372510 0.3246309 0.2929309 0.2788195 0.2980264 0.0000000 0.2981757 0.2823896 0.4384407 0.4544082 0.2985668 
n294_295   0.1204373 0.2482960 0.0555534 0.2981264 0.0628471 0.3976797 0.3197692 0.0134647 0.2675974 0.0702551 0.2873350 0.2530926 0.0665396 0.0100612 0.2676555 0.0272260 0.2981757 0.0000000 0.0168730 0.4041722 0.4100207 0.1325297 
n297_298   0.1084074 0.2336308 0.0447210 0.2823400 0.0518849 0.4035772 0.3034525 0.0033364 0.2575938 0.0591558 0.2718187 0.2383247 0.0555093 0.0134597 0.2576494 0.0168636 0.2823896 0.0168730 0.0000000 0.3857567 0.4160257 0.1202720 
n244_245   0.3912028 0.4075473 0.4031513 0.4178074 0.4153699 0.3471372 0.4580347 0.3799415 0.4309853 0.4280612 0.4235653 0.4325839 0.4157354 0.3862521 0.4310906 0.3863491 0.4384407 0.4041722 0.3857567 0.0000000 0.3529268 0.3926897 
n251_252   0.4742112 0.4233423 0.4344106 0.4351679 0.4472086 0.0447841 0.4676771 0.4099534 0.4351692 0.4542614 0.4339198 0.4355085 0.4538170 0.4038606 0.4352755 0.4351069 0.4544082 0.4100207 0.4160257 0.3529268 0.0000000 0.4673026 
n200_201   0.1618796 0.2341703 0.1405035 0.2677341 0.1488059 0.4548443 0.3148112 0.1162996 0.2483707 0.1572909 0.2574369 0.2388762 0.1530329 0.1284342 0.2533707 0.1324579 0.2985668 0.1325297 0.1202720 0.3926897 0.4673026 0.0000000 
