24
n236_237   0.0000000 0.2665179 0.1152854 0.3143817 0.1269283 0.4250465 0.1152379 0.3244875 0.1035860 0.3501990 0.1229754 0.3092305 0.2664337 0.1230093 0.1035887 0.3557151 0.3553811 0.0997827 0.3094576 0.1112143 0.1112228 0.3791742 0.4197647 0.1844561 
n266_267   0.2665179 0.0000000 0.2531933 0.2665086 0.2671120 0.4557719 0.2485994 0.1717650 0.2482149 0.2854603 0.2623180 0.2616670 0.0169203 0.2530863 0.2343823 0.2905176 0.2902570 0.2390611 0.1593874 0.2434327 0.2528326 0.4024411 0.4507290 0.2810735 
n296_297   0.1152854 0.2531933 0.0000000 0.3157183 0.0237267 0.3978298 0.0067099 0.3258145 0.0376571 0.3517367 0.0202887 0.3105384 0.2531129 0.0202935 0.0341684 0.3569768 0.3569490 0.0306849 0.3107091 0.0411661 0.0446871 0.3692991 0.3926917 0.1634973 
n277_278   0.3143817 0.2665086 0.3157183 0.0000000 0.3254440 0.4936501 0.3107670 0.3086286 0.3048535 0.0624156 0.3202849 0.0100390 0.2713561 0.3204044 0.3051017 0.0697063 0.0696967 0.3051049 0.2990650 0.3149668 0.3147393 0.4120806 0.4878209 0.2896880 
n290_291   0.1269283 0.2671120 0.0237267 0.3254440 0.0000000 0.4145796 0.0237174 0.3410014 0.0482185 0.3618710 0.0100656 0.3202024 0.2670274 0.0100673 0.0446877 0.3671695 0.3671410 0.0411599 0.3256195 0.0517713 0.0553362 0.3964271 0.4093489 0.1758619 
n255_256   0.4250465 0.4557719 0.3978298 0.4936501 0.4145796 0.0000000 0.3979221 0.4786440 0.3973834 0.5257905 0.4201051 0.4870353 0.4552208 0.4202887 0.3804759 0.5267227 0.5322859 0.3917599 0.4603099 0.3804071 0.4085748 0.3115572 0.0447944 0.4069744 
n295_296   0.1152379 0.2485994 0.0067099 0.3107670 0.0237174 0.3979221 0.0000000 0.3208013 0.0376423 0.3465628 0.0202808 0.3056205 0.2485204 0.0202856 0.0341549 0.3517705 0.3517431 0.0306729 0.3057874 0.0411499 0.0446694 0.3693840 0.3927828 0.1634281 
n286_287   0.3244875 0.1717650 0.3258145 0.3086286 0.3410014 0.4786440 0.3208013 0.0000000 0.3201012 0.3285439 0.3306293 0.3136102 0.1847376 0.3358635 0.3049641 0.3338853 0.3340921 0.3101026 0.0168090 0.3148246 0.3301858 0.4475820 0.4669830 0.3292088 
n298_299   0.1035860 0.2482149 0.0376571 0.3048535 0.0482185 0.3973834 0.0376423 0.3201012 0.0000000 0.3402893 0.0446649 0.2997600 0.2481361 0.0446759 0.0168767 0.3454445 0.3454177 0.0134726 0.3051252 0.0237199 0.0067043 0.3738465 0.3922514 0.1590968 
n299_300   0.3501990 0.2854603 0.3517367 0.0624156 0.3618710 0.5257905 0.3465628 0.3285439 0.3402893 0.0000000 0.3564650 0.0587916 0.2904295 0.3566055 0.3352219 0.0066708 0.0066699 0.3351578 0.3187574 0.3454596 0.3506224 0.4536051 0.5133040 0.3191651 
n287_288   0.1229754 0.2623180 0.0202887 0.3202849 0.0100656 0.4201051 0.0202808 0.3306293 0.0446649 0.3564650 0.0000000 0.3150802 0.2622349 0.0066965 0.0411498 0.3617277 0.3616996 0.0376385 0.3154447 0.0482015 0.0517501 0.3907498 0.4148439 0.1716420 
n278_279   0.3092305 0.2616670 0.3105384 0.0100390 0.3202024 0.4870353 0.3056205 0.3136102 0.2997600 0.0587916 0.3150802 0.0000000 0.2664811 0.3151968 0.3000034 0.0660440 0.0660349 0.3000066 0.3039896 0.3098018 0.3095780 0.4061883 0.4812525 0.2847059 
n265_266   0.2664337 0.0169203 0.2531129 0.2713561 0.2670274 0.4552208 0.2485204 0.1847376 0.2481361 0.2904295 0.2622349 0.2664811 0.0000000 0.2530059 0.2343076 0.2955234 0.2952573 0.2389851 0.1721371 0.2433554 0.2527524 0.4076201 0.4379115 0.2712143 
n289_290   0.1230093 0.2530863 0.0202935 0.3204044 0.0100673 0.4202887 0.0202856 0.3358635 0.0446759 0.3566055 0.0066965 0.3151968 0.2530059 0.0000000 0.0411599 0.3618722 0.3618440 0.0376476 0.3205760 0.0482134 0.0517629 0.3851734 0.4150239 0.1716928 
n293_294   0.1035887 0.2343823 0.0341684 0.3051017 0.0446877 0.3804759 0.0341549 0.3049641 0.0168767 0.3352219 0.0411498 0.3000034 0.2343076 0.0411599 0.0000000 0.3403459 0.3403195 0.0100859 0.2902747 0.0067056 0.0237222 0.3688163 0.3700721 0.1550462 
n280_281   0.3557151 0.2905176 0.3569768 0.0697063 0.3671695 0.5267227 0.3517705 0.3338853 0.3454445 0.0066708 0.3617277 0.0660440 0.2955234 0.3618722 0.3403459 0.0000000 0.0134043 0.3402809 0.3240325 0.3506474 0.3558435 0.4536028 0.5142065 0.3193830 
n274_275   0.3553811 0.2902570 0.3569490 0.0696967 0.3671410 0.5322859 0.3517431 0.3340921 0.3454177 0.0066699 0.3616996 0.0660349 0.2952573 0.3618440 0.3403195 0.0134043 0.0000000 0.3402545 0.3237365 0.3506202 0.3558149 0.4595155 0.5197052 0.3241509 
n275_276   0.0997827 0.2390611 0.0306849 0.3051049 0.0411599 0.3917599 0.0306729 0.3101026 0.0134726 0.3351578 0.0376385 0.3000066 0.2389851 0.0376476 0.0100859 0.3402809 0.3402545 0.0000000 0.2953125 0.0168751 0.0202898 0.3741648 0.3866608 0.1509808 
n285_286   0.3094576 0.1593874 0.3107091 0.2990650 0.3256195 0.4603099 0.3057874 0.0168090 0.3051252 0.3187574 0.3154447 0.3039896 0.1721371 0.3205760 0.2902747 0.3240325 0.3237365 0.2953125 0.0000000 0.2999573 0.3150234 0.4415910 0.4488997 0.3141089 
n294_295   0.1112143 0.2434327 0.0411661 0.3149668 0.0517713 0.3804071 0.0411499 0.3148246 0.0237199 0.3454596 0.0482015 0.3098018 0.2433554 0.0482134 0.0067056 0.3506474 0.3506202 0.0168751 0.2999573 0.0000000 0.0306204 0.3687495 0.3700049 0.1631788 
n297_298   0.1112228 0.2528326 0.0446871 0.3147393 0.0553362 0.4085748 0.0446694 0.3301858 0.0067043 0.3506224 0.0517501 0.3095780 0.2527524 0.0517629 0.0237222 0.3558435 0.3558149 0.0202898 0.3150234 0.0306204 0.0000000 0.3846736 0.4033798 0.1672858 
n244_245   0.3791742 0.4024411 0.3692991 0.4120806 0.3964271 0.3115572 0.3693840 0.4475820 0.3738465 0.4536051 0.3907498 0.4061883 0.4076201 0.3851734 0.3688163 0.4536028 0.4595155 0.3741648 0.4415910 0.3687495 0.3846736 0.0000000 0.3068974 0.3360019 
n251_252   0.4197647 0.4507290 0.3926917 0.4878209 0.4093489 0.0447944 0.3927828 0.4669830 0.3922514 0.5133040 0.4148439 0.4812525 0.4379115 0.4150239 0.3700721 0.5142065 0.5197052 0.3866608 0.4488997 0.3700049 0.4033798 0.3068974 0.0000000 0.4134411 
n200_201   0.1844561 0.2810735 0.1634973 0.2896880 0.1758619 0.4069744 0.1634281 0.3292088 0.1590968 0.3191651 0.1716420 0.2847059 0.2712143 0.1716928 0.1550462 0.3193830 0.3241509 0.1509808 0.3141089 0.1631788 0.1672858 0.3360019 0.4134411 0.0000000 
