24
n236_237   0.0000000 0.3138302 0.1233291 0.3284528 0.1115113 0.3892150 0.1154208 0.3292968 0.0961061 0.3497184 0.1115083 0.3232011 0.3086279 0.1193237 0.0923041 0.3389163 0.3281597 0.1037305 0.3293739 0.0960967 0.0999243 0.3775664 0.3774796 0.1515367 
n266_267   0.3138302 0.0000000 0.3618673 0.2492789 0.3453353 0.3457125 0.3507828 0.1318922 0.3240267 0.2537749 0.3453411 0.2445563 0.0237974 0.3507389 0.3291750 0.2443015 0.2443091 0.3344673 0.1319244 0.3240140 0.3292924 0.3238558 0.3186866 0.2982539 
n296_297   0.1233291 0.3618673 0.0000000 0.3830388 0.0306288 0.4127198 0.0066899 0.3726136 0.0446875 0.3943734 0.0306277 0.3773851 0.3616799 0.0376130 0.0411265 0.3828868 0.3714450 0.0446637 0.3783562 0.0376163 0.0411400 0.4179146 0.4005822 0.1767529 
n277_278   0.3284528 0.2492789 0.3830388 0.0000000 0.3660600 0.3725642 0.3716534 0.2829776 0.3441950 0.0774230 0.3660681 0.0100752 0.2445921 0.3716064 0.3494721 0.0774142 0.0700093 0.3494935 0.2880348 0.3441839 0.3495971 0.3443209 0.3445505 0.3178237 
n290_291   0.1115113 0.3453353 0.0306288 0.3660600 0.0000000 0.4008745 0.0237010 0.3613124 0.0341122 0.3771260 0.0066891 0.3605360 0.3451597 0.0134405 0.0306100 0.3659117 0.3547424 0.0340941 0.3669623 0.0271498 0.0306201 0.3942930 0.3889394 0.1640108 
n255_256   0.3892150 0.3457125 0.4127198 0.3725642 0.4008745 0.0000000 0.4008428 0.3137847 0.3891643 0.3608259 0.4008872 0.3669817 0.3402779 0.4066948 0.3947796 0.3608632 0.3664156 0.4005616 0.3243187 0.3891584 0.3949224 0.2682597 0.0447768 0.3497645 
n295_296   0.1154208 0.3507828 0.0066899 0.3716534 0.0237010 0.4008428 0.0000000 0.3613730 0.0376168 0.3828070 0.0237001 0.3660870 0.3506034 0.0306165 0.0340954 0.3715038 0.3602455 0.0375968 0.3670244 0.0306189 0.0341066 0.4059685 0.3889081 0.1682217 
n286_287   0.3292968 0.1318922 0.3726136 0.2829776 0.3613124 0.3137847 0.3613730 0.0000000 0.3395552 0.2827915 0.3613199 0.2780352 0.1278649 0.3668310 0.3448076 0.2729331 0.2729407 0.3502093 0.0135078 0.3395437 0.3449309 0.3134042 0.3083308 0.3029492 
n298_299   0.0961061 0.3240267 0.0446875 0.3441950 0.0341122 0.3891643 0.0376168 0.3395552 0.0000000 0.3549268 0.0341110 0.3388327 0.3238659 0.0411298 0.0168465 0.3440518 0.3332221 0.0202644 0.3450337 0.0134484 0.0100630 0.3829750 0.3774294 0.1474456 
n299_300   0.3497184 0.2537749 0.3943734 0.0774230 0.3771260 0.3608259 0.3828070 0.2827915 0.3549268 0.0000000 0.3771354 0.0811175 0.2490626 0.3827516 0.3602816 0.0066965 0.0168607 0.3602445 0.2878454 0.3549168 0.3604107 0.3384848 0.3385842 0.3177416 
n287_288   0.1115083 0.3453411 0.0306277 0.3660681 0.0066891 0.4008872 0.0237001 0.3613199 0.0341110 0.3771354 0.0000000 0.3605434 0.3451655 0.0134400 0.0306089 0.3659197 0.3547491 0.0340929 0.3669705 0.0271488 0.0306190 0.3943047 0.3889504 0.1640076 
n278_279   0.3232011 0.2445563 0.3773851 0.0100752 0.3605360 0.3669817 0.3660870 0.2780352 0.3388327 0.0811175 0.3605434 0.0000000 0.2398995 0.3660409 0.3440722 0.0811083 0.0736674 0.3440931 0.2830572 0.3388211 0.3441951 0.3389563 0.3391805 0.3126483 
n265_266   0.3086279 0.0237974 0.3616799 0.2445921 0.3451597 0.3402779 0.3506034 0.1278649 0.3238659 0.2490626 0.3451655 0.2398995 0.0000000 0.3505596 0.3290107 0.2396501 0.2396577 0.3342994 0.1278961 0.3238531 0.3291280 0.3237778 0.3186104 0.2981843 
n289_290   0.1193237 0.3507389 0.0376130 0.3716064 0.0134405 0.4066948 0.0306165 0.3668310 0.0411298 0.3827516 0.0134400 0.3660409 0.3505596 0.0000000 0.0375899 0.3714504 0.3548439 0.0411079 0.3725249 0.0340968 0.0376022 0.4000521 0.3946620 0.1724143 
n293_294   0.0923041 0.3291750 0.0411265 0.3494721 0.0306100 0.3947796 0.0340954 0.3448076 0.0168465 0.3602816 0.0306089 0.3440722 0.3290107 0.0375899 0.0000000 0.3493277 0.3384191 0.0168376 0.3503259 0.0033359 0.0134423 0.3885382 0.3829532 0.1514970 
n280_281   0.3389163 0.2443015 0.3828868 0.0774142 0.3659117 0.3608632 0.3715038 0.2729331 0.3440518 0.0066965 0.3659197 0.0811083 0.2396501 0.3714504 0.3493277 0.0000000 0.0100673 0.3492926 0.2779161 0.3440407 0.3494526 0.3385198 0.3386192 0.3074063 
n274_275   0.3281597 0.2443091 0.3714450 0.0700093 0.3547424 0.3664156 0.3602455 0.2729407 0.3332221 0.0168607 0.3547491 0.0736674 0.2396577 0.3548439 0.3384191 0.0100673 0.0000000 0.3383858 0.2779237 0.3332101 0.3385397 0.3438953 0.3439971 0.2971178 
n275_276   0.1037305 0.3344673 0.0446637 0.3494935 0.0340941 0.4005616 0.0375968 0.3502093 0.0202644 0.3602445 0.0340929 0.3440931 0.3342994 0.0411079 0.0168376 0.3492926 0.3383858 0.0000000 0.3557695 0.0134413 0.0134389 0.3942658 0.3886395 0.1556239 
n285_286   0.3293739 0.1319244 0.3783562 0.2880348 0.3669623 0.3243187 0.3670244 0.0135078 0.3450337 0.2878454 0.3669705 0.2830572 0.1278961 0.3725249 0.3503259 0.2779161 0.2779237 0.3557695 0.0000000 0.3450227 0.3504514 0.3135113 0.3084035 0.3081512 
n294_295   0.0960967 0.3240140 0.0376163 0.3441839 0.0271498 0.3891584 0.0306189 0.3395437 0.0134484 0.3549168 0.0271488 0.3388211 0.3238531 0.0340968 0.0033359 0.3440407 0.3332101 0.0134413 0.3450227 0.0000000 0.0100603 0.3829683 0.3774219 0.1474326 
n297_298   0.0999243 0.3292924 0.0411400 0.3495971 0.0306201 0.3949224 0.0341066 0.3449309 0.0100630 0.3604107 0.0306190 0.3441951 0.3291280 0.0376022 0.0134423 0.3494526 0.3385397 0.0134389 0.3504514 0.0100603 0.0000000 0.3886784 0.3830912 0.1515485 
n244_245   0.3775664 0.3238558 0.4179146 0.3443209 0.3942930 0.2682597 0.4059685 0.3134042 0.3829750 0.3384848 0.3943047 0.3389563 0.3237778 0.4000521 0.3885382 0.3385198 0.3438953 0.3942658 0.3135113 0.3829683 0.3886784 0.0000000 0.2535472 0.3440760 
n251_252   0.3774796 0.3186866 0.4005822 0.3445505 0.3889394 0.0447768 0.3889081 0.3083308 0.3774294 0.3385842 0.3889504 0.3391805 0.3186104 0.3946620 0.3829532 0.3386192 0.3439971 0.3886395 0.3084035 0.3774219 0.3830912 0.2535472 0.0000000 0.3440830 
n200_201   0.1515367 0.2982539 0.1767529 0.3178237 0.1640108 0.3497645 0.1682217 0.3029492 0.1474456 0.3177416 0.1640076 0.3126483 0.2981843 0.1724143 0.1514970 0.3074063 0.2971178 0.1556239 0.3081512 0.1474326 0.1515485 0.3440760 0.3440830 0.0000000 
