26
n244_243   0.0000000 0.3573418 0.3462503 0.4070931 0.4070606 0.4558278 0.4132966 0.4350759 0.3743331 0.3574805 0.3797812 0.3569081 0.4011824 0.3410629 0.3521125 0.3856221 0.3413280 0.4186695 0.3462432 0.4362325 0.4231369 0.4289563 0.4173518 0.4176917 0.4129749 0.3516890 
n255_254   0.3573418 0.0000000 0.3471376 0.4246566 0.4130333 0.4438706 0.4367837 0.4111257 0.3967030 0.3577949 0.3901194 0.3307500 0.4071045 0.3417287 0.3579597 0.3903781 0.3419948 0.4245796 0.3414692 0.4423374 0.4054629 0.4233150 0.4175413 0.4178825 0.4485607 0.0375421 
n292_291   0.3462503 0.3471376 0.0000000 0.2756977 0.2853082 0.3114214 0.2856009 0.2516208 0.2387205 0.0735771 0.2292592 0.0168372 0.2803280 0.0066915 0.0553413 0.2294070 0.0100633 0.2854152 0.0168287 0.2902395 0.2470091 0.2948857 0.2851109 0.2901237 0.2952804 0.3635933 
n294_293   0.4070931 0.4246566 0.2756977 0.0000000 0.0376121 0.1599048 0.0203165 0.3358652 0.0736707 0.2712730 0.2908380 0.2709267 0.0341018 0.2662721 0.2811790 0.2960513 0.2664693 0.0067067 0.2757137 0.0168751 0.3203454 0.0552674 0.0481389 0.0446078 0.0271989 0.4302600 
n296_295   0.4070606 0.4130333 0.2853082 0.0376121 0.0000000 0.1723055 0.0518010 0.3202366 0.0810497 0.2808391 0.3006936 0.2804784 0.0033396 0.2757693 0.2908758 0.3059820 0.2759748 0.0446587 0.2853253 0.0553358 0.3050350 0.0305688 0.0236704 0.0202481 0.0589555 0.4185591 
n200_201   0.4558278 0.4438706 0.3114214 0.1599048 0.1723055 0.0000000 0.1724813 0.3521978 0.1477784 0.3123538 0.3321191 0.3064106 0.1680443 0.3015330 0.3122324 0.3271606 0.3017622 0.1682397 0.3064704 0.1766817 0.3469328 0.1889426 0.1804289 0.1805554 0.1808575 0.4374665 
n297_296   0.4132966 0.4367837 0.2856009 0.0203165 0.0518010 0.1724813 0.0000000 0.3466187 0.0886134 0.2811276 0.3010942 0.2807662 0.0482169 0.2760523 0.2911747 0.3063906 0.2762582 0.0272132 0.2856180 0.0376662 0.3308724 0.0697860 0.0625169 0.0589193 0.0067129 0.4424720 
n265_264   0.4350759 0.4111257 0.2516208 0.3358652 0.3202366 0.3521978 0.3466187 0.0000000 0.3157145 0.2567294 0.1427653 0.2470014 0.3150121 0.2424877 0.2522534 0.1428536 0.2472125 0.3409537 0.2470445 0.3623514 0.0168136 0.3454682 0.3350429 0.3353022 0.3570932 0.4167545 
n236_235   0.3743331 0.3967030 0.2387205 0.0736707 0.0810497 0.1477784 0.0886134 0.3157145 0.0000000 0.2439700 0.2768020 0.2341625 0.0773099 0.2297050 0.2346122 0.2819176 0.2298716 0.0810802 0.2341056 0.0923021 0.3056028 0.0997326 0.0921660 0.0884276 0.0961248 0.4082684 
n277_276   0.3574805 0.3577949 0.0735771 0.2712730 0.2808391 0.3123538 0.2811276 0.2567294 0.2439700 0.0000000 0.2296002 0.0772872 0.2758837 0.0662869 0.0237720 0.2297484 0.0699684 0.2809446 0.0699229 0.2905154 0.2520808 0.2998883 0.2900493 0.2902672 0.2907627 0.3744884 
n286_285   0.3797812 0.3901194 0.2292592 0.2908380 0.3006936 0.3321191 0.3010942 0.1427653 0.2768020 0.2296002 0.0000000 0.2247620 0.2955998 0.2203612 0.2298301 0.0067090 0.2249525 0.3007678 0.2247998 0.3158074 0.1387681 0.3202280 0.3101234 0.3103595 0.3109867 0.4072679 
n280_279   0.3569081 0.3307500 0.0168372 0.2709267 0.2804784 0.3064106 0.2807662 0.2470014 0.2341625 0.0772872 0.2247620 0.0000000 0.2755307 0.0100622 0.0589544 0.2249067 0.0134512 0.2805836 0.0202452 0.2756397 0.2424168 0.2946489 0.2848844 0.2898923 0.2903866 0.3468117 
n295_294   0.4011824 0.4071045 0.2803280 0.0341018 0.0033396 0.1680443 0.0482169 0.3150121 0.0773099 0.2758837 0.2955998 0.2755307 0.0000000 0.2708517 0.2858486 0.3008474 0.2710529 0.0411129 0.2803445 0.0517366 0.2999187 0.0271004 0.0202357 0.0168293 0.0553365 0.4125892 
n299_298   0.3410629 0.3417287 0.0066915 0.2662721 0.2757693 0.3015330 0.2760523 0.2424877 0.2297050 0.0662869 0.2203612 0.0100622 0.2708517 0.0000000 0.0482223 0.2205029 0.0033408 0.2758728 0.0100571 0.2806401 0.2379281 0.2898634 0.2801550 0.2851320 0.2856180 0.3580567 
n278_277   0.3521125 0.3579597 0.0553413 0.2811790 0.2908758 0.3122324 0.2911747 0.2522534 0.2346122 0.0237720 0.2298301 0.0589544 0.2858486 0.0482223 0.0000000 0.2299785 0.0518068 0.2909851 0.0517733 0.3006849 0.2476287 0.3101771 0.3002003 0.3004274 0.3009412 0.3746626 
n285_284   0.3856221 0.3903781 0.2294070 0.2960513 0.3059820 0.3271606 0.3063906 0.1428536 0.2819176 0.2297484 0.0067090 0.2249067 0.3008474 0.2205029 0.2299785 0.0000000 0.2250975 0.3060578 0.2249446 0.3212146 0.1388542 0.3256611 0.3154777 0.3157189 0.3163584 0.4075380 
n300_299   0.3413280 0.3419948 0.0100633 0.2664693 0.2759748 0.3017622 0.2762582 0.2472125 0.2298716 0.0699684 0.2249525 0.0134512 0.2710529 0.0033408 0.0518068 0.2250975 0.0000000 0.2760784 0.0134444 0.2808499 0.2426235 0.2900811 0.2803641 0.2853456 0.2858323 0.3583387 
n293_292   0.4186695 0.4245796 0.2854152 0.0067067 0.0446587 0.1682397 0.0272132 0.3409537 0.0810802 0.2809446 0.3007678 0.2805836 0.0411129 0.2758728 0.2909851 0.3060578 0.2760784 0.0000000 0.2854324 0.0237333 0.3253352 0.0624722 0.0552762 0.0517131 0.0341561 0.4301818 
n274_273   0.3462432 0.3414692 0.0168287 0.2757137 0.2853253 0.3064704 0.2856180 0.2470445 0.2341056 0.0699229 0.2247998 0.0202452 0.2803445 0.0100571 0.0517733 0.2249446 0.0134444 0.2854324 0.0000000 0.2902572 0.2424587 0.3044610 0.2945735 0.2947959 0.2952988 0.3577829 
n275_274   0.4362325 0.4423374 0.2902395 0.0168751 0.0553358 0.1766817 0.0376662 0.3623514 0.0923021 0.2905154 0.3158074 0.2756397 0.0517366 0.2806401 0.3006849 0.3212146 0.2808499 0.0237333 0.2902572 0.0000000 0.3462829 0.0733860 0.0660887 0.0624779 0.0446995 0.4480638 
n266_265   0.4231369 0.4054629 0.2470091 0.3203454 0.3050350 0.3469328 0.3308724 0.0168136 0.3056028 0.2520808 0.1387681 0.2424168 0.2999187 0.2379281 0.2476287 0.1388542 0.2426235 0.3253352 0.2424587 0.3462829 0.0000000 0.3297798 0.3195653 0.3198101 0.3411343 0.4051923 
n290_289   0.4289563 0.4233150 0.2948857 0.0552674 0.0305688 0.1889426 0.0697860 0.3454682 0.0997326 0.2998883 0.3202280 0.2946489 0.0271004 0.2898634 0.3101771 0.3256611 0.2900811 0.0624722 0.3044610 0.0733860 0.3297798 0.0000000 0.0066796 0.0100454 0.0770950 0.4288986 
n289_288   0.4173518 0.4175413 0.2851109 0.0481389 0.0236704 0.1804289 0.0625169 0.3350429 0.0921660 0.2900493 0.3101234 0.2848844 0.0202357 0.2801550 0.3002003 0.3154777 0.2803641 0.0552762 0.2945735 0.0660887 0.3195653 0.0066796 0.0000000 0.0033340 0.0697598 0.4230863 
n287_286   0.4176917 0.4178825 0.2901237 0.0446078 0.0202481 0.1805554 0.0589193 0.3353022 0.0884276 0.2902672 0.3103595 0.2898923 0.0168293 0.2851320 0.3004274 0.3157189 0.2853456 0.0517131 0.2947959 0.0624779 0.3198101 0.0100454 0.0033340 0.0000000 0.0661310 0.4234324 
n298_297   0.4129749 0.4485607 0.2952804 0.0271989 0.0589555 0.1808575 0.0067129 0.3570932 0.0961248 0.2907627 0.3109867 0.2903866 0.0553365 0.2856180 0.3009412 0.3163584 0.2858323 0.0341561 0.2952988 0.0446995 0.3411343 0.0770950 0.0697598 0.0661310 0.0000000 0.4543300 
n251_250   0.3516890 0.0375421 0.3635933 0.4302600 0.4185591 0.4374665 0.4424720 0.4167545 0.4082684 0.3744884 0.4072679 0.3468117 0.4125892 0.3580567 0.3746626 0.4075380 0.3583387 0.4301818 0.3577829 0.4480638 0.4051923 0.4288986 0.4230863 0.4234324 0.4543300 0.0000000 
