25
n280_301   0.0000000 0.4207487 0.0742530 0.2578786 0.0066907 0.2518608 0.2571494 0.2733034 0.2425652 0.2628357 0.2623832 0.0066965 0.2679583 0.2576592 0.3882973 0.0100626 0.0134533 0.4017178 0.2675933 0.2577589 0.2786175 0.2625589 0.2573619 0.0742622 0.2520876 
n255_276   0.4207487 0.0000000 0.4453114 0.4149343 0.4268302 0.3828510 0.4446807 0.4209116 0.4035021 0.4085634 0.3956849 0.4204554 0.4209725 0.4020567 0.3242087 0.4271289 0.4336564 0.0201863 0.4021238 0.4151392 0.4276133 0.4349533 0.4338479 0.4651701 0.4380072 
n277_298   0.0742530 0.4453114 0.0000000 0.2875434 0.0779662 0.2976074 0.2714181 0.3036531 0.2773224 0.2927138 0.2869900 0.0742091 0.2875206 0.2873004 0.4508629 0.0817454 0.0855509 0.4385579 0.2923956 0.2876724 0.3092159 0.2716662 0.2611415 0.0306951 0.2662582 
n287_308   0.2578786 0.4149343 0.2875434 0.0000000 0.2627357 0.1680649 0.2787138 0.0238604 0.0938123 0.0273590 0.0273245 0.2528718 0.0067254 0.0238638 0.4020670 0.2629064 0.2680035 0.3966973 0.0308374 0.0033554 0.0273552 0.2894550 0.2785539 0.2771690 0.2788453 
n292_313   0.0066907 0.4268302 0.0779662 0.2627357 0.0000000 0.2566615 0.2521977 0.2782698 0.2473128 0.2677267 0.2672632 0.0100647 0.2728843 0.2625124 0.3940927 0.0033384 0.0066947 0.4076395 0.2725114 0.2626134 0.2836235 0.2575629 0.2524056 0.0779761 0.2471732 
n200_213   0.2518608 0.3828510 0.2976074 0.1680649 0.2566615 0.0000000 0.2826957 0.1723305 0.1507219 0.1637694 0.1678564 0.2516977 0.1768278 0.1636811 0.3942964 0.2568272 0.2618606 0.3648555 0.1723132 0.1636447 0.1768227 0.2779276 0.2775515 0.2921336 0.2774306 
n286_307   0.2571494 0.4446807 0.2714181 0.2787138 0.2521977 0.2826957 0.0000000 0.2735651 0.2834530 0.2788059 0.2780613 0.2569833 0.2891317 0.2734861 0.4267022 0.2571705 0.2622106 0.4449126 0.2834110 0.2840100 0.2788865 0.1423743 0.1338447 0.2767568 0.0033408 
n295_316   0.2733034 0.4209116 0.3036531 0.0238604 0.2782698 0.1723305 0.2735651 0.0000000 0.1015632 0.0308830 0.0379046 0.2731250 0.0308420 0.0273648 0.4019959 0.2784519 0.2836756 0.4025249 0.0414832 0.0273534 0.0033526 0.2738643 0.2632270 0.2930233 0.2736937 
n236_253   0.2425652 0.4035021 0.2773224 0.0938123 0.2473128 0.1507219 0.2834530 0.1015632 0.0000000 0.0938322 0.0937029 0.2424094 0.1016193 0.0899158 0.4213016 0.2425838 0.2475186 0.3855173 0.0976407 0.0898989 0.1055549 0.2841589 0.2733513 0.2769487 0.2781695 
n293_314   0.2628357 0.4085634 0.2927138 0.0273590 0.2677267 0.1637694 0.2788059 0.0308830 0.0938322 0.0000000 0.0203858 0.2626651 0.0343828 0.0033527 0.3957350 0.2679010 0.2730376 0.3904850 0.0238589 0.0308745 0.0344239 0.2791128 0.2683831 0.2822595 0.2789375 
n298_319   0.2623832 0.3956849 0.2869900 0.0273245 0.2672632 0.1678564 0.2780613 0.0379046 0.0937029 0.0203858 0.0000000 0.2622132 0.0343391 0.0169354 0.4014665 0.2674368 0.2725613 0.3779508 0.0033484 0.0308354 0.0414832 0.2789889 0.2682668 0.2817627 0.2781923 
n274_295   0.0066965 0.4204554 0.0742091 0.2528718 0.0100647 0.2516977 0.2569833 0.2731250 0.2424094 0.2626651 0.2622132 0.0000000 0.2628756 0.2574925 0.3880316 0.0134553 0.0168645 0.4014403 0.2674194 0.2527548 0.2784351 0.2623888 0.2571956 0.0742183 0.2519252 
n290_311   0.2679583 0.4209725 0.2875206 0.0067254 0.2728843 0.1768278 0.2891317 0.0308420 0.1016193 0.0343828 0.0343391 0.2628756 0.0000000 0.0308463 0.4145478 0.2730624 0.2782395 0.4025892 0.0378936 0.0101187 0.0343780 0.2947188 0.2837278 0.2771470 0.2892691 
n294_315   0.2576592 0.4020567 0.2873004 0.0238638 0.2625124 0.1636811 0.2734861 0.0273648 0.0899158 0.0033527 0.0169354 0.2574925 0.0308463 0.0000000 0.3893686 0.2626828 0.2677758 0.3841534 0.0203858 0.0273572 0.0308830 0.2737852 0.2631513 0.2769343 0.2736147 
n244_263   0.3882973 0.3242087 0.4508629 0.4020670 0.3940927 0.3942964 0.4267022 0.4019959 0.4213016 0.3957350 0.4014665 0.3880316 0.4145478 0.3893686 0.0000000 0.3943634 0.3941555 0.3127430 0.4079492 0.4022632 0.4084926 0.3848616 0.3907137 0.4510168 0.4201895 
n300_321   0.0100626 0.4271289 0.0817454 0.2629064 0.0033384 0.2568272 0.2571705 0.2784519 0.2425838 0.2679010 0.2674368 0.0134553 0.2730624 0.2626828 0.3943634 0.0000000 0.0033408 0.4079220 0.2726890 0.2627839 0.2838097 0.2625811 0.2573831 0.0817558 0.2521078 
n299_320   0.0134533 0.4336564 0.0855509 0.2680035 0.0066947 0.2618606 0.2622106 0.2836756 0.2475186 0.2730376 0.2725613 0.0168645 0.2782395 0.2677758 0.3941555 0.0033408 0.0000000 0.4142620 0.2778576 0.2678782 0.2890791 0.2676685 0.2624280 0.0855619 0.2571080 
n251_272   0.4017178 0.0201863 0.4385579 0.3966973 0.4076395 0.3648555 0.4449126 0.4025249 0.3855173 0.3904850 0.3779508 0.4014403 0.4025892 0.3841534 0.3127430 0.4079220 0.4142620 0.0000000 0.3842179 0.3968907 0.4090418 0.4282727 0.4271891 0.4449237 0.4382346 
n297_318   0.2675933 0.4021238 0.2923956 0.0308374 0.2725114 0.1723132 0.2834110 0.0414832 0.0976407 0.0238589 0.0033484 0.2674194 0.0378936 0.0203858 0.4079492 0.2726890 0.2778576 0.3842179 0.0000000 0.0343704 0.0450850 0.2843612 0.2735418 0.2871230 0.2835450 
n289_310   0.2577589 0.4151392 0.2876724 0.0033554 0.2626134 0.1636447 0.2840100 0.0273534 0.0898989 0.0308745 0.0308354 0.2527548 0.0101187 0.0273572 0.4022632 0.2627839 0.2678782 0.3968907 0.0343704 0.0000000 0.0308701 0.2948435 0.2838477 0.2772924 0.2841445 
n296_317   0.2786175 0.4276133 0.3092159 0.0273552 0.2836235 0.1768227 0.2788865 0.0033526 0.1055549 0.0344239 0.0414832 0.2784351 0.0343780 0.0308830 0.4084926 0.2838097 0.2890791 0.4090418 0.0450850 0.0308701 0.0000000 0.2791936 0.2684605 0.2984935 0.2790182 
n266_287   0.2625589 0.4349533 0.2716662 0.2894550 0.2575629 0.2779276 0.1423743 0.2738643 0.2841589 0.2791128 0.2789889 0.2623888 0.2947188 0.2737852 0.3848616 0.2625811 0.2676685 0.4282727 0.2843612 0.2948435 0.2791936 0.0000000 0.0203781 0.2819969 0.1381488 
n265_286   0.2573619 0.4338479 0.2611415 0.2785539 0.2524056 0.2775515 0.1338447 0.2632270 0.2733513 0.2683831 0.2682668 0.2571956 0.2837278 0.2631513 0.3907137 0.2573831 0.2624280 0.4271891 0.2735418 0.2838477 0.2684605 0.0203781 0.0000000 0.2712963 0.1296814 
n278_299   0.0742622 0.4651701 0.0306951 0.2771690 0.0779761 0.2921336 0.2767568 0.2930233 0.2769487 0.2822595 0.2817627 0.0742183 0.2771470 0.2769343 0.4510168 0.0817558 0.0855619 0.4449237 0.2871230 0.2772924 0.2984935 0.2819969 0.2712963 0.0000000 0.2715507 
n285_306   0.2520876 0.4380072 0.2662582 0.2788453 0.2471732 0.2774306 0.0033408 0.2736937 0.2781695 0.2789375 0.2781923 0.2519252 0.2892691 0.2736147 0.4201895 0.2521078 0.2571080 0.4382346 0.2835450 0.2841445 0.2790182 0.1381488 0.1296814 0.2715507 0.0000000 
