26
n294_297   0.0000000 0.4232793 0.0169064 0.2731393 0.2663301 0.2519181 0.0308445 0.0632664 0.1295057 0.0308535 0.0308605 0.0067040 0.2549314 0.3338082 0.2664130 0.2721922 0.0343716 0.2521016 0.2669484 0.0343830 0.0100929 0.4378486 0.2548923 0.2726320 0.2781965 0.0067102 
n251_254   0.4232793 0.0000000 0.4243603 0.4538819 0.4369145 0.4008403 0.3995903 0.4178378 0.4384722 0.4186833 0.4179931 0.4230522 0.4152593 0.3791388 0.4370061 0.4266348 0.4058682 0.3885755 0.4195189 0.3991788 0.4175424 0.0339902 0.4206990 0.4334296 0.4538706 0.4235481 
n298_301   0.0169064 0.4243603 0.0000000 0.2736438 0.2767714 0.2523776 0.0379425 0.0744567 0.1419348 0.0414850 0.0414945 0.0168971 0.2651408 0.3341877 0.2768561 0.2726936 0.0415136 0.2525617 0.2674387 0.0415274 0.0067072 0.4455663 0.2650989 0.2731349 0.2733690 0.0169127 
n277_280   0.2731393 0.4538819 0.2736438 0.0000000 0.2671039 0.0708405 0.2581769 0.2635846 0.2788798 0.2681756 0.2682363 0.2677002 0.2814864 0.3999147 0.2671872 0.0821927 0.2632793 0.0671359 0.0745626 0.2633668 0.2683477 0.4748242 0.2861720 0.0823127 0.0379464 0.2732819 
n286_289   0.2663301 0.4369145 0.2767714 0.2671039 0.0000000 0.2371615 0.2613798 0.2660871 0.2610593 0.2613157 0.2613745 0.2661822 0.1377351 0.4085243 0.0066766 0.2518377 0.2664785 0.2373346 0.2518652 0.2665666 0.2667028 0.4583733 0.1416815 0.2522403 0.2774574 0.2664671 
n274_277   0.2519181 0.4008403 0.2523776 0.0708405 0.2371615 0.0000000 0.2374363 0.2426489 0.2474269 0.2425773 0.2422092 0.2466792 0.2464607 0.3506299 0.2372389 0.0273287 0.2423636 0.0101108 0.0203724 0.2372149 0.2472686 0.4201424 0.2509610 0.0273675 0.0670284 0.2520455 
n287_290   0.0308445 0.3995903 0.0379425 0.2581769 0.2613798 0.2374363 0.0000000 0.0595870 0.1254396 0.0203600 0.0203645 0.0308273 0.2500807 0.3117294 0.2614618 0.2572839 0.0033494 0.2376097 0.2521591 0.0033506 0.0308835 0.4136462 0.2500428 0.2576968 0.2682613 0.0308562 
n236_239   0.0632664 0.4178378 0.0744567 0.2635846 0.2660871 0.2426489 0.0595870 0.0000000 0.1171369 0.0596041 0.0596176 0.0632311 0.2600478 0.3176296 0.2610883 0.2626711 0.0632827 0.2428262 0.2574979 0.0633037 0.0670031 0.4191927 0.2600073 0.2630942 0.2685809 0.0632914 
n200_203   0.1295057 0.4384722 0.1419348 0.2788798 0.2610593 0.2474269 0.1254396 0.1171369 0.0000000 0.1254732 0.1255016 0.1294333 0.2658575 0.3293338 0.2611412 0.2727484 0.1295514 0.2476076 0.2623790 0.1295942 0.1336825 0.4534621 0.2658153 0.2731899 0.2887722 0.1295613 
n296_299   0.0308535 0.4186833 0.0414850 0.2681756 0.2613157 0.2425773 0.0203600 0.0596041 0.1254732 0.0000000 0.0033497 0.0308363 0.2402872 0.3175555 0.2613977 0.2625978 0.0238215 0.2427546 0.2574250 0.0238293 0.0343916 0.4331902 0.2402518 0.2630208 0.2731994 0.0308652 
n295_298   0.0308605 0.4179931 0.0414945 0.2682363 0.2613745 0.2422092 0.0203645 0.0596176 0.1255016 0.0033497 0.0000000 0.0308433 0.2451323 0.3170538 0.2614565 0.2621960 0.0238269 0.2423870 0.2570325 0.0238347 0.0343994 0.4324688 0.2450957 0.2626178 0.2732612 0.0308722 
n275_278   0.0067040 0.4230522 0.0168971 0.2677002 0.2661822 0.2466792 0.0308273 0.0632311 0.1294333 0.0308363 0.0308433 0.0000000 0.2450293 0.3277987 0.2662651 0.2667739 0.0343524 0.2468588 0.2615799 0.0343638 0.0100873 0.4376140 0.2449927 0.2672034 0.2727134 0.0067065 
n266_269   0.2549314 0.4152593 0.2651408 0.2814864 0.1377351 0.2464607 0.2500807 0.2600478 0.2658575 0.2402872 0.2451323 0.2450293 0.0000000 0.3822365 0.1377859 0.2613161 0.2550677 0.2466400 0.2613427 0.2551516 0.2552848 0.4295932 0.0100460 0.2617350 0.2920347 0.2550600 
n244_247   0.3338082 0.3791388 0.3341877 0.3999147 0.4085243 0.3506299 0.3117294 0.3176296 0.3293338 0.3175555 0.3170538 0.3277987 0.3822365 0.0000000 0.4086181 0.3627328 0.3172794 0.3508823 0.3628371 0.3114230 0.3342927 0.3806793 0.3641476 0.3696131 0.4242529 0.3339978 
n285_288   0.2664130 0.4370061 0.2768561 0.2671872 0.0066766 0.2372389 0.2614618 0.2610883 0.2611412 0.2613977 0.2614565 0.2662651 0.1377859 0.4086181 0.0000000 0.2519182 0.2665615 0.2374121 0.2519457 0.2666496 0.2667859 0.4448519 0.1417335 0.2523209 0.2775425 0.2665501 
n299_302   0.2721922 0.4266348 0.2726936 0.0821927 0.2518377 0.0273287 0.2572839 0.2626711 0.2727484 0.2625978 0.2621960 0.2667739 0.2613161 0.3627328 0.2519182 0.0000000 0.2623673 0.0238581 0.0135138 0.2570406 0.2674173 0.4467145 0.2658950 0.0067299 0.0821184 0.2723338 
n290_293   0.0343716 0.4058682 0.0415136 0.2632793 0.2664785 0.2423636 0.0033494 0.0632827 0.1295514 0.0238215 0.0238269 0.0343524 0.2550677 0.3172794 0.2665615 0.2623673 0.0000000 0.2425406 0.2571989 0.0067200 0.0344151 0.4200736 0.2550285 0.2627896 0.2734430 0.0343847 
n280_283   0.2521016 0.3885755 0.2525617 0.0671359 0.2373346 0.0101108 0.2376097 0.2428262 0.2476076 0.2427546 0.2423870 0.2468588 0.2466400 0.3508823 0.2374121 0.0238581 0.2425406 0.0000000 0.0169387 0.2373880 0.2474490 0.4075222 0.2511432 0.0238918 0.0633482 0.2522292 
n292_295   0.2669484 0.4195189 0.2674387 0.0745626 0.2518652 0.0203724 0.2521591 0.2574979 0.2623790 0.2574250 0.2570325 0.2615799 0.2613427 0.3628371 0.2519457 0.0135138 0.2571989 0.0169387 0.0000000 0.2519216 0.2622087 0.4393631 0.2659211 0.0135326 0.0744961 0.2670862 
n289_292   0.0343830 0.3991788 0.0415274 0.2633668 0.2665666 0.2372149 0.0033506 0.0633037 0.1295942 0.0238293 0.0238347 0.0343638 0.2551516 0.3114230 0.2666496 0.2570406 0.0067200 0.2373880 0.2519216 0.0000000 0.0344266 0.4132153 0.2551124 0.2574529 0.2735340 0.0343961 
n297_300   0.0100929 0.4175424 0.0067072 0.2683477 0.2667028 0.2472686 0.0308835 0.0670031 0.1336825 0.0343916 0.0343994 0.0100873 0.2552848 0.3342927 0.2667859 0.2674173 0.0344151 0.2474490 0.2622087 0.0344266 0.0000000 0.4385075 0.2552455 0.2678488 0.2680788 0.0100966 
n255_258   0.4378486 0.0339902 0.4455663 0.4748242 0.4583733 0.4201424 0.4136462 0.4191927 0.4534621 0.4331902 0.4324688 0.4376140 0.4295932 0.3806793 0.4448519 0.4467145 0.4200736 0.4075222 0.4393631 0.4132153 0.4385075 0.0000000 0.4351377 0.4537268 0.4748053 0.4381329 
n265_268   0.2548923 0.4206990 0.2650989 0.2861720 0.1416815 0.2509610 0.2500428 0.2600073 0.2658153 0.2402518 0.2450957 0.2449927 0.0100460 0.3641476 0.1417335 0.2658950 0.2550285 0.2511432 0.2659211 0.2551124 0.2552455 0.4351377 0.0000000 0.2663227 0.2967801 0.2550208 
n300_303   0.2726320 0.4334296 0.2731349 0.0823127 0.2522403 0.0273675 0.2576968 0.2630942 0.2731899 0.2630208 0.2626178 0.2672034 0.2617350 0.3696131 0.2523209 0.0067299 0.2627896 0.0238918 0.0135326 0.2574529 0.2678488 0.4537268 0.2663227 0.0000000 0.0822382 0.2727741 
n278_281   0.2781965 0.4538706 0.2733690 0.0379464 0.2774574 0.0670284 0.2682613 0.2685809 0.2887722 0.2731994 0.2732612 0.2727134 0.2920347 0.4242529 0.2775425 0.0821184 0.2734430 0.0633482 0.0744961 0.2735340 0.2680788 0.4748053 0.2967801 0.0822382 0.0000000 0.2783427 
n293_296   0.0067102 0.4235481 0.0169127 0.2732819 0.2664671 0.2520455 0.0308562 0.0632914 0.1295613 0.0308652 0.0308722 0.0067065 0.2550600 0.3339978 0.2665501 0.2723338 0.0343847 0.2522292 0.2670862 0.0343961 0.0100966 0.4381329 0.2550208 0.2727741 0.2783427 0.0000000 
