25
n236_237   0.0000000 0.3121832 0.0736159 0.3309742 0.0662295 0.4651341 0.0699476 0.2602937 0.0590195 0.3467433 0.0590216 0.3362787 0.3520146 0.2927409 0.0626355 0.0626379 0.3468174 0.3469487 0.0698408 0.2603719 0.0589844 0.3850797 0.4713801 0.1192176 0.3574678 
n266_267   0.3121832 0.0000000 0.2967864 0.3134651 0.2964229 0.4380010 0.3017195 0.1266262 0.2966944 0.3380571 0.2869513 0.3132346 0.3330953 0.0168221 0.2917920 0.2866760 0.3280564 0.3438839 0.3110336 0.1226237 0.2867632 0.3905728 0.4384554 0.3225294 0.3383689 
n296_297   0.0736159 0.2967864 0.0000000 0.3406809 0.0202468 0.4580836 0.0100561 0.2507141 0.0305975 0.3454060 0.0134468 0.3351297 0.3506536 0.2827541 0.0168446 0.0340744 0.3454793 0.3456093 0.0410274 0.2507890 0.0305797 0.3684794 0.4586121 0.1229098 0.3560815 
n277_278   0.3309742 0.3134651 0.3406809 0.0000000 0.3347660 0.4783359 0.3404352 0.2757224 0.3253467 0.0700004 0.3247575 0.0134839 0.0663747 0.2888399 0.3298897 0.3305041 0.0627464 0.0737792 0.3403414 0.2758065 0.3251033 0.4497946 0.5104758 0.3576255 0.0700471 
n290_291   0.0662295 0.2964229 0.0202468 0.3347660 0.0000000 0.4509881 0.0168354 0.2456193 0.0236702 0.3394528 0.0066879 0.3292723 0.3446519 0.2774046 0.0100533 0.0271125 0.3395245 0.3396520 0.0340039 0.2456921 0.0236564 0.3679904 0.4515039 0.1149924 0.3500251 
n255_256   0.4651341 0.4380010 0.4580836 0.4783359 0.4509881 0.0000000 0.4577560 0.3952427 0.4459756 0.4827761 0.4394907 0.4711617 0.4890392 0.4150225 0.4454499 0.4520003 0.4828979 0.4770987 0.4577300 0.3953746 0.4456017 0.3360009 0.0663582 0.4597069 0.4828979 
n295_296   0.0699476 0.3017195 0.0100561 0.3404352 0.0168354 0.4577560 0.0000000 0.2505350 0.0271375 0.3451581 0.0100631 0.3348894 0.3504019 0.2825523 0.0134462 0.0305988 0.3452315 0.3453615 0.0375243 0.2506089 0.0271217 0.3739791 0.4582843 0.1190036 0.3558260 
n286_287   0.2602937 0.1266262 0.2507141 0.2757224 0.2456193 0.3952427 0.2505350 0.0000000 0.2458247 0.2993064 0.2366757 0.2755293 0.2945477 0.1111226 0.2412262 0.2455816 0.2897242 0.3048072 0.2593659 0.0033408 0.2456545 0.3645293 0.3953126 0.2748459 0.2995702 
n298_299   0.0590195 0.2966944 0.0305975 0.3253467 0.0236702 0.4459756 0.0271375 0.2458247 0.0000000 0.3192857 0.0168431 0.3199151 0.3243564 0.2776501 0.0202553 0.0168557 0.3193513 0.3194690 0.0202384 0.2458976 0.0134468 0.3682719 0.4520542 0.1112880 0.3295889 
n299_300   0.3467433 0.3380571 0.3454060 0.0700004 0.3394528 0.4827761 0.3451581 0.2993064 0.3192857 0.0000000 0.3294002 0.0663678 0.0033419 0.3127128 0.3345578 0.3351812 0.0134516 0.0237145 0.3395980 0.2993989 0.3297513 0.4563992 0.5086620 0.3566776 0.0066996 
n287_288   0.0590216 0.2869513 0.0134468 0.3247575 0.0066879 0.4394907 0.0100631 0.2366757 0.0168431 0.3294002 0.0000000 0.3193394 0.3345356 0.2681398 0.0033386 0.0202569 0.3294688 0.3295913 0.0270990 0.2367446 0.0168333 0.3575368 0.4399874 0.1073528 0.3398400 
n278_279   0.3362787 0.3132346 0.3351297 0.0134839 0.3292723 0.4711617 0.3348894 0.2755293 0.3199151 0.0663678 0.3193394 0.0000000 0.0627564 0.2886354 0.3244307 0.3250313 0.0591434 0.0701250 0.3347990 0.2756133 0.3196765 0.4557371 0.5029312 0.3573439 0.0664118 
n292_293   0.3520146 0.3330953 0.3506536 0.0663747 0.3446519 0.4890392 0.3504019 0.2945477 0.3243564 0.0033419 0.3345356 0.0627564 0.0000000 0.3078964 0.3397279 0.3403636 0.0100709 0.0202904 0.3447984 0.2946383 0.3348939 0.4624988 0.5151422 0.3620098 0.0033439 
n265_266   0.2927409 0.0168221 0.2827541 0.2888399 0.2774046 0.4150225 0.2825523 0.1111226 0.2776501 0.3127128 0.2681398 0.2886354 0.3078964 0.0000000 0.2728668 0.2773691 0.3030111 0.3183112 0.2916767 0.1072071 0.2774530 0.3854815 0.4096456 0.3028256 0.3129926 
n289_290   0.0626355 0.2917920 0.0168446 0.3298897 0.0100533 0.4454499 0.0134462 0.2412262 0.0202553 0.3345578 0.0033386 0.3244307 0.3397279 0.2728668 0.0000000 0.0236842 0.3346280 0.3347530 0.0305528 0.2412965 0.0202436 0.3629136 0.4459568 0.1111978 0.3450706 
n293_294   0.0626379 0.2866760 0.0340744 0.3305041 0.0271125 0.4520003 0.0305988 0.2455816 0.0168557 0.3351812 0.0202569 0.3250313 0.3403636 0.2773691 0.0236842 0.0000000 0.3352524 0.3353778 0.0271195 0.2456545 0.0033408 0.3794351 0.4581291 0.1151636 0.3457189 
n280_281   0.3468174 0.3280564 0.3454793 0.0627464 0.3395245 0.4828979 0.3452315 0.2897242 0.3193513 0.0134516 0.3294688 0.0591434 0.0100709 0.3030111 0.3346280 0.3352524 0.0000000 0.0168743 0.3396697 0.2898143 0.3298199 0.4565116 0.5087943 0.3623620 0.0134600 
n274_275   0.3469487 0.3438839 0.3456093 0.0737792 0.3396520 0.4770987 0.3453615 0.3048072 0.3194690 0.0237145 0.3295913 0.0701250 0.0202904 0.3183112 0.3347530 0.3353778 0.0168743 0.0000000 0.3397972 0.3049021 0.3299424 0.4574336 0.5028072 0.3625007 0.0237295 
n275_276   0.0698408 0.3110336 0.0410274 0.3403414 0.0340039 0.4577300 0.0375243 0.2593659 0.0202384 0.3395980 0.0270990 0.3347990 0.3447984 0.2916767 0.0305528 0.0271195 0.3396697 0.3397972 0.0000000 0.2594435 0.0236625 0.3898646 0.4520938 0.1150816 0.3501751 
n285_286   0.2603719 0.1226237 0.2507890 0.2758065 0.2456921 0.3953746 0.2506089 0.0033408 0.2458976 0.2993989 0.2367446 0.2756133 0.2946383 0.1072071 0.2412965 0.2456545 0.2898143 0.3049021 0.2594435 0.0000000 0.2457273 0.3646487 0.3954446 0.2749293 0.2996639 
n294_295   0.0589844 0.2867632 0.0305797 0.3251033 0.0236564 0.4456017 0.0271217 0.2456545 0.0134468 0.3297513 0.0168333 0.3196765 0.3348939 0.2774530 0.0202436 0.0033408 0.3298199 0.3299424 0.0236625 0.2457273 0.0000000 0.3736330 0.4516728 0.1112190 0.3402055 
n244_245   0.3850797 0.3905728 0.3684794 0.4497946 0.3679904 0.3360009 0.3739791 0.3645293 0.3682719 0.4563992 0.3575368 0.4557371 0.4624988 0.3854815 0.3629136 0.3794351 0.4565116 0.4574336 0.3898646 0.3646487 0.3736330 0.0000000 0.3526452 0.4027800 0.4565116 
n251_252   0.4713801 0.4384554 0.4586121 0.5104758 0.4515039 0.0663582 0.4582843 0.3953126 0.4520542 0.5086620 0.4399874 0.5029312 0.5151422 0.4096456 0.4459568 0.4581291 0.5087943 0.5028072 0.4520938 0.3954446 0.4516728 0.3526452 0.0000000 0.4659166 0.5087943 
n200_201   0.1192176 0.3225294 0.1229098 0.3576255 0.1149924 0.4597069 0.1190036 0.2748459 0.1112880 0.3566776 0.1073528 0.3573439 0.3620098 0.3028256 0.1111978 0.1151636 0.3623620 0.3625007 0.1150816 0.2749293 0.1112190 0.4027800 0.4659166 0.0000000 0.3675311 
n300_301   0.3574678 0.3383689 0.3560815 0.0700471 0.3500251 0.4828979 0.3558260 0.2995702 0.3295889 0.0066996 0.3398400 0.0664118 0.0033439 0.3129926 0.3450706 0.3457189 0.0134600 0.0237295 0.3501751 0.2996639 0.3402055 0.4565116 0.5087943 0.3675311 0.0000000 
