23
n300_273   0.0000000 0.2663652 0.2289316 0.2611508 0.0033295 0.0134134 0.0622980 0.3468907 0.0731115 0.2368701 0.2564075 0.2516788 0.2518793 0.2663147 0.2563909 0.0134012 0.0033279 0.2471307 0.2458220 0.2332276 0.2566478 0.2612673 0.2469434 
n289_262   0.2663652 0.0000000 0.3056679 0.0556523 0.2615798 0.2760954 0.2752986 0.4225172 0.2848198 0.2942433 0.0593026 0.0520634 0.0237840 0.0067105 0.0556684 0.2707422 0.2711832 0.1040372 0.3038691 0.3103690 0.0203459 0.1275821 0.0520530 
n285_258   0.2289316 0.3056679 0.0000000 0.2955740 0.2243888 0.2381635 0.2383437 0.4092898 0.2521406 0.1389708 0.2905968 0.2908102 0.3002622 0.3056084 0.2957919 0.2378952 0.2335035 0.2757503 0.1429000 0.0101043 0.2954013 0.3008071 0.2855229 
n294_267   0.2611508 0.0556523 0.2955740 0.0000000 0.2564075 0.2707944 0.2607642 0.4161415 0.2653570 0.2843428 0.0033548 0.0238164 0.0592306 0.0556430 0.0272822 0.2654964 0.2659260 0.1078930 0.2938464 0.3002175 0.0592908 0.1396915 0.0169266 
n292_265   0.0033295 0.2615798 0.2243888 0.2564075 0.0000000 0.0100372 0.0586955 0.3470411 0.0694606 0.2322976 0.2516957 0.2469976 0.2471922 0.2615304 0.2516788 0.0100281 0.0066741 0.2424752 0.2411974 0.2286618 0.2519293 0.2565193 0.2422936 
n280_253   0.0134134 0.2760954 0.2381635 0.2707944 0.0100372 0.0000000 0.0695794 0.3580053 0.0804942 0.2369864 0.2659866 0.2611948 0.2614077 0.2760427 0.2659706 0.0202008 0.0168051 0.2565944 0.2459426 0.2333417 0.2662405 0.2709209 0.2563952 
n277_250   0.0622980 0.2752986 0.2383437 0.2607642 0.0586955 0.0695794 0.0000000 0.3522690 0.0167560 0.2412281 0.2560290 0.2607013 0.2606622 0.2752462 0.2654660 0.0695137 0.0659183 0.2655163 0.2502225 0.2426921 0.2654781 0.2852035 0.2556679 
n244_221   0.3468907 0.4225172 0.4092898 0.4161415 0.3470411 0.3580053 0.3522690 0.0000000 0.3687466 0.4030747 0.4102312 0.3926707 0.4219196 0.4224275 0.3987283 0.3513954 0.3414204 0.4222471 0.4202931 0.4146369 0.4162052 0.4283865 0.3985006 
n278_251   0.0731115 0.2848198 0.2521406 0.2653570 0.0694606 0.0804942 0.0167560 0.3687466 0.0000000 0.2503051 0.2605938 0.2652920 0.2745536 0.2847655 0.2700852 0.0804167 0.0767807 0.2749143 0.2593974 0.2565570 0.2748725 0.2948586 0.2602244 
n265_238   0.2368701 0.2942433 0.1389708 0.2843428 0.2322976 0.2369864 0.2412281 0.4030747 0.2503051 0.0000000 0.2794598 0.2796625 0.2889512 0.2941868 0.2845497 0.2412350 0.2414722 0.2795065 0.0134493 0.1348237 0.2841775 0.2750280 0.2744838 
n293_266   0.2564075 0.0593026 0.2905968 0.0033548 0.2516957 0.2659866 0.2560290 0.4102312 0.2605938 0.2794598 0.0000000 0.0203668 0.0556117 0.0592927 0.0238164 0.2607315 0.2611508 0.1040295 0.2889039 0.2952123 0.0556681 0.1356529 0.0135101 
n297_270   0.2516788 0.0520634 0.2908102 0.0238164 0.2469976 0.2611948 0.2607013 0.3926707 0.2652920 0.2796625 0.0203668 0.0000000 0.0484176 0.0592918 0.0101119 0.2559816 0.2563909 0.0963448 0.2891152 0.2954296 0.0484664 0.1236358 0.0135101 
n296_269   0.2518793 0.0237840 0.3002622 0.0592306 0.2471922 0.2614077 0.2606622 0.4219196 0.2745536 0.2889512 0.0556117 0.0484176 0.0000000 0.0307230 0.0520005 0.2561878 0.2565975 0.1000869 0.2985035 0.3049283 0.0033486 0.1234779 0.0484078 
n290_263   0.2663147 0.0067105 0.3056084 0.0556430 0.2615304 0.2760427 0.2752462 0.4224275 0.2847655 0.2941868 0.0592927 0.0592918 0.0307230 0.0000000 0.0629325 0.2706908 0.2711316 0.1117852 0.3038102 0.3103085 0.0272548 0.1355877 0.0520443 
n298_271   0.2563909 0.0556684 0.2957919 0.0272822 0.2516788 0.2659706 0.2654660 0.3987283 0.2700852 0.2845497 0.0238164 0.0101119 0.0520005 0.0629325 0.0000000 0.2607152 0.2611345 0.1001671 0.2940620 0.3004394 0.0520531 0.1276071 0.0169264 
n274_247   0.0134012 0.2707422 0.2378952 0.2654964 0.0100281 0.0202008 0.0695137 0.3513954 0.0804167 0.2412350 0.2607315 0.2559816 0.2561878 0.2706908 0.2607152 0.0000000 0.0167897 0.2563002 0.2549311 0.2422326 0.2609779 0.2706058 0.2512246 
n299_272   0.0033279 0.2711832 0.2335035 0.2659260 0.0066741 0.0168051 0.0659183 0.3414204 0.0767807 0.2414722 0.2611508 0.2563909 0.2565975 0.2711316 0.2611345 0.0167897 0.0000000 0.2518169 0.2504768 0.2378228 0.2613978 0.2660474 0.2516238 
n236_215   0.2471307 0.1040372 0.2757503 0.1078930 0.2424752 0.2565944 0.2655163 0.4222471 0.2749143 0.2795065 0.1040295 0.0963448 0.1000869 0.1117852 0.1001671 0.2563002 0.2518169 0.0000000 0.2889562 0.2802851 0.0963038 0.1157149 0.0963273 
n266_239   0.2458220 0.3038691 0.1429000 0.2938464 0.2411974 0.2459426 0.2502225 0.4202931 0.2593974 0.0134493 0.2889039 0.2891152 0.2985035 0.3038102 0.2940620 0.2549311 0.2504768 0.2889562 0.0000000 0.1387303 0.2936750 0.2844390 0.2838652 
n286_259   0.2332276 0.3103690 0.0101043 0.3002175 0.2286618 0.2333417 0.2426921 0.4146369 0.2565570 0.1348237 0.2952123 0.2954296 0.3049283 0.3103085 0.3004394 0.2422326 0.2378228 0.2802851 0.1387303 0.0000000 0.3000420 0.3054857 0.2901090 
n295_268   0.2566478 0.0203459 0.2954013 0.0592908 0.2519293 0.2662405 0.2654781 0.4162052 0.2748725 0.2841775 0.0556681 0.0484664 0.0033486 0.0272548 0.0520531 0.2609779 0.2613978 0.0963038 0.2936750 0.3000420 0.0000000 0.1195795 0.0484567 
n200_187   0.2612673 0.1275821 0.3008071 0.1396915 0.2565193 0.2709209 0.2852035 0.4283865 0.2948586 0.2750280 0.1356529 0.1236358 0.1234779 0.1355877 0.1276071 0.2706058 0.2660474 0.1157149 0.2844390 0.3054857 0.1195795 0.0000000 0.1235051 
n275_248   0.2469434 0.0520530 0.2855229 0.0169266 0.2422936 0.2563952 0.2556679 0.3985006 0.2602244 0.2744838 0.0135101 0.0135101 0.0484078 0.0520443 0.0169264 0.2512246 0.2516238 0.0963273 0.2838652 0.2901090 0.0484567 0.1235051 0.0000000 
