24
n236_237   0.0000000 0.2281436 0.0521984 0.3259950 0.0632065 0.3562687 0.2933613 0.0631118 0.3256218 0.0594847 0.3207390 0.3252888 0.2382950 0.0631866 0.0706113 0.3260840 0.3207258 0.0558260 0.2828893 0.0707083 0.0705505 0.4054839 0.3747216 0.1587251 
n266_267   0.2281436 0.0000000 0.2474767 0.2837404 0.2576896 0.3804663 0.1639488 0.2624201 0.2889982 0.2525060 0.2889402 0.2831421 0.0204407 0.2575930 0.2675846 0.2838205 0.2787621 0.2474767 0.1598463 0.2525153 0.2726912 0.4061682 0.3993704 0.2775416 
n296_297   0.0521984 0.2474767 0.0000000 0.3096895 0.0168830 0.3447210 0.2985196 0.0203021 0.3093398 0.0134612 0.3045457 0.3090257 0.2527207 0.0168778 0.0237578 0.3097752 0.3096684 0.0100687 0.2933277 0.0237892 0.0272256 0.3812902 0.3628509 0.1497240 
n277_278   0.3259950 0.2837404 0.3096895 0.0000000 0.3209660 0.4369369 0.3214328 0.3315883 0.0631940 0.3152318 0.0169082 0.0631776 0.2678470 0.3208378 0.3313176 0.0595260 0.0595064 0.3150565 0.3159327 0.3208320 0.3430089 0.4788763 0.4571539 0.3412553 
n290_291   0.0632065 0.2576896 0.0168830 0.3209660 0.0000000 0.3508051 0.3146795 0.0307186 0.3094179 0.0033368 0.3157383 0.3091037 0.2630298 0.0066938 0.0342366 0.3098536 0.3097467 0.0203110 0.3043097 0.0342831 0.0377641 0.3748898 0.3691193 0.1495888 
n255_256   0.3562687 0.3804663 0.3447210 0.4369369 0.3508051 0.0000000 0.4243140 0.3506237 0.4166109 0.3447781 0.4434290 0.4222966 0.3687453 0.3506601 0.3503325 0.4233853 0.4232377 0.3335653 0.4239025 0.3513103 0.3624256 0.2651982 0.0413471 0.3962460 
n286_287   0.2933613 0.1639488 0.2985196 0.3214328 0.3146795 0.4243140 0.0000000 0.3146362 0.3268641 0.3090127 0.3269273 0.3206098 0.1599814 0.3145548 0.3145817 0.3101830 0.3212819 0.3037251 0.0238914 0.3093897 0.3257557 0.4695816 0.4318699 0.3087633 
n298_299   0.0631118 0.2624201 0.0203021 0.3315883 0.0307186 0.3506237 0.3146362 0.0000000 0.3312067 0.0272128 0.3262919 0.3308672 0.2627589 0.0307092 0.0168822 0.3316784 0.3315638 0.0100640 0.3042704 0.0237779 0.0066987 0.4126407 0.3689220 0.1667757 
n299_300   0.3256218 0.2889982 0.3093398 0.0631940 0.3094179 0.4166109 0.3268641 0.3312067 0.0000000 0.3037956 0.0668923 0.0067128 0.2729762 0.3092960 0.3309367 0.0100979 0.0100946 0.3146991 0.3263541 0.3204660 0.3426100 0.4519548 0.4427097 0.3357605 
n287_288   0.0594847 0.2525060 0.0134612 0.3152318 0.0033368 0.3447781 0.3090127 0.0272128 0.3037956 0.0000000 0.3100476 0.3034881 0.2577964 0.0033358 0.0307081 0.3042217 0.3041170 0.0168689 0.2987279 0.0307488 0.0342137 0.3814198 0.3629120 0.1539964 
n278_279   0.3207390 0.2889402 0.3045457 0.0169082 0.3157383 0.4434290 0.3269273 0.3262919 0.0668923 0.3100476 0.0000000 0.0668749 0.2729223 0.3156128 0.3260264 0.0632039 0.0631831 0.3098759 0.3213843 0.3156077 0.3376282 0.4789039 0.4638330 0.3468805 
n292_293   0.3252888 0.2831421 0.3090257 0.0631776 0.3091037 0.4222966 0.3206098 0.3308672 0.0067128 0.3034881 0.0668749 0.0000000 0.2672889 0.3089820 0.3305976 0.0100953 0.0100921 0.3143788 0.3201115 0.3201388 0.3422568 0.4579247 0.4485870 0.3294388 
n265_266   0.2382950 0.0204407 0.2527207 0.2678470 0.2630298 0.3687453 0.1599814 0.2627589 0.2729762 0.2577964 0.2729223 0.2672889 0.0000000 0.2629306 0.2625542 0.2679234 0.2629820 0.2477924 0.1558907 0.2528388 0.2730463 0.4130851 0.3873295 0.2775462 
n289_290   0.0631866 0.2575930 0.0168778 0.3208378 0.0066938 0.3506601 0.3145548 0.0307092 0.3092960 0.0033358 0.3156128 0.3089820 0.2629306 0.0000000 0.0342262 0.3097313 0.3096245 0.0203048 0.3041903 0.0342716 0.0377525 0.3876502 0.3689636 0.1583136 
n293_294   0.0706113 0.2675846 0.0237578 0.3313176 0.0342366 0.3503325 0.3145817 0.0168822 0.3309367 0.0307081 0.3260264 0.3305976 0.2625542 0.0342262 0.0000000 0.3262015 0.3312932 0.0134590 0.3042187 0.0203467 0.0237708 0.4122822 0.3686115 0.1624196 
n280_281   0.3260840 0.2838205 0.3097752 0.0595260 0.3098536 0.4233853 0.3101830 0.3316784 0.0100979 0.3042217 0.0632039 0.0100953 0.2679234 0.3097313 0.3262015 0.0000000 0.0067132 0.3151432 0.3097025 0.3157775 0.3431012 0.4591318 0.4497593 0.3302435 
n274_275   0.3207258 0.2787621 0.3096684 0.0595064 0.3097467 0.4232377 0.3212819 0.3315638 0.0100946 0.3041170 0.0631831 0.0100921 0.2629820 0.3096245 0.3312932 0.0067132 0.0000000 0.3150346 0.3207817 0.3208092 0.3429825 0.4589709 0.4496023 0.3301298 
n275_276   0.0558260 0.2474767 0.0100687 0.3150565 0.0203110 0.3335653 0.3037251 0.0100640 0.3146991 0.0168689 0.3098759 0.3143788 0.2477924 0.0203048 0.0134590 0.3151432 0.3150346 0.0000000 0.2935124 0.0134767 0.0168689 0.3939601 0.3513920 0.1539238 
n285_286   0.2828893 0.1598463 0.2933277 0.3159327 0.3043097 0.4239025 0.0238914 0.3042704 0.3263541 0.2987279 0.3213843 0.3201115 0.1558907 0.3041903 0.3042187 0.3097025 0.3207817 0.2935124 0.0000000 0.2990924 0.3152294 0.4622649 0.4314491 0.3039854 
n294_295   0.0707083 0.2525153 0.0237892 0.3208320 0.0342831 0.3513103 0.3093897 0.0237779 0.3204660 0.0307488 0.3156077 0.3201388 0.2528388 0.0342716 0.0203467 0.3157775 0.3208092 0.0134767 0.2990924 0.0000000 0.0307486 0.4067682 0.3696560 0.1714282 
n297_298   0.0705505 0.2726912 0.0272256 0.3430089 0.0377641 0.3624256 0.3257557 0.0066987 0.3426100 0.0342137 0.3376282 0.3422568 0.2730463 0.0377525 0.0237708 0.3431012 0.3429825 0.0168689 0.3152294 0.0307486 0.0000000 0.4124539 0.3810672 0.1755505 
n244_245   0.4054839 0.4061682 0.3812902 0.4788763 0.3748898 0.2651982 0.4695816 0.4126407 0.4519548 0.3814198 0.4789039 0.4579247 0.4130851 0.3876502 0.4122822 0.4591318 0.4589709 0.3939601 0.4622649 0.4067682 0.4124539 0.0000000 0.2966249 0.4406830 
n251_252   0.3747216 0.3993704 0.3628509 0.4571539 0.3691193 0.0413471 0.4318699 0.3689220 0.4427097 0.3629120 0.4638330 0.4485870 0.3873295 0.3689636 0.3686115 0.4497593 0.4496023 0.3513920 0.4314491 0.3696560 0.3810672 0.2966249 0.0000000 0.3907814 
n200_201   0.1587251 0.2775416 0.1497240 0.3412553 0.1495888 0.3962460 0.3087633 0.1667757 0.3357605 0.1539964 0.3468805 0.3294388 0.2775462 0.1583136 0.1624196 0.3302435 0.3301298 0.1539238 0.3039854 0.1714282 0.1755505 0.4406830 0.3907814 0.0000000 
