24
n236_237   0.0000000 0.3277097 0.1156829 0.2680712 0.1078734 0.3495845 0.1078964 0.3073899 0.1117960 0.2680264 0.1078149 0.2681714 0.2631641 0.3225026 0.1039509 0.1002123 0.2629804 0.2632125 0.1118577 0.1117960 0.3719091 0.3546112 0.1943818 0.2632125 
n266_267   0.3277097 0.0000000 0.3601003 0.3134903 0.3438878 0.3276509 0.3493205 0.1273098 0.3542482 0.3188557 0.3489879 0.3186791 0.3136294 0.0134478 0.3493021 0.3328006 0.3084902 0.3136890 0.3434399 0.3542482 0.3891804 0.3219889 0.3497945 0.3136890 
n296_297   0.1156829 0.3601003 0.0000000 0.2728599 0.0271633 0.3717201 0.0066850 0.3073266 0.0626654 0.2828839 0.0271499 0.2729627 0.2779168 0.3546636 0.0271678 0.0518470 0.2777189 0.2779685 0.0626986 0.0626654 0.3667307 0.3768825 0.1898106 0.2779685 
n277_278   0.2680712 0.3134903 0.2728599 0.0000000 0.2584083 0.3078429 0.2632349 0.2686382 0.2775269 0.0628367 0.2630048 0.0134731 0.0628437 0.3133888 0.2632228 0.2630684 0.0591602 0.0665168 0.2730095 0.2679106 0.3239123 0.3126254 0.2824932 0.0592024 
n290_291   0.1078734 0.3438878 0.0271633 0.2584083 0.0000000 0.3552168 0.0202776 0.2922109 0.0554216 0.2728895 0.0066943 0.2585032 0.2679943 0.3385662 0.0066986 0.0447098 0.2678061 0.2680438 0.0554508 0.0554216 0.3503141 0.3602778 0.1898434 0.2680438 
n255_256   0.3495845 0.3276509 0.3717201 0.3078429 0.3552168 0.0000000 0.3607493 0.2918546 0.3715153 0.3289309 0.3604009 0.3129880 0.3236302 0.3224453 0.3607298 0.3551435 0.3182973 0.3234425 0.3661470 0.3661076 0.2576664 0.0375933 0.3555346 0.3236921 
n295_296   0.1078964 0.3493205 0.0066850 0.2632349 0.0202776 0.3607493 0.0000000 0.2972656 0.0554332 0.2778166 0.0202676 0.2633324 0.2728864 0.3439591 0.0202809 0.0447191 0.2726935 0.2729370 0.0554623 0.0554332 0.3558163 0.3658455 0.1855488 0.2729370 
n286_287   0.3073899 0.1273098 0.3073266 0.2686382 0.2922109 0.2918546 0.2972656 0.0000000 0.3175835 0.2736687 0.2969971 0.2735161 0.2640095 0.1233422 0.2972513 0.2971346 0.2685684 0.2688075 0.3124541 0.3175835 0.3554232 0.3169323 0.3074437 0.2688075 
n298_299   0.1117960 0.3542482 0.0626654 0.2775269 0.0554216 0.3715153 0.0554332 0.3175835 0.0000000 0.2874911 0.0482360 0.2776322 0.2824973 0.3488585 0.0554309 0.0236939 0.2822951 0.2825499 0.0341026 0.0066898 0.3446400 0.3766737 0.1985000 0.2825499 
n299_300   0.2680264 0.3188557 0.2828839 0.0628367 0.2728895 0.3289309 0.2778166 0.2736687 0.2874911 0.0000000 0.2775701 0.0701817 0.0067115 0.3187521 0.2778036 0.2728345 0.0100877 0.0169080 0.2829215 0.2777432 0.3457651 0.3338411 0.3029523 0.0033478 
n287_288   0.1078149 0.3489879 0.0271499 0.2630048 0.0066943 0.3604009 0.0202676 0.2969971 0.0482360 0.2775701 0.0000000 0.2631021 0.2726456 0.3436334 0.0066954 0.0446872 0.2724530 0.2726961 0.0554225 0.0482360 0.3501642 0.3654905 0.1897308 0.2726961 
n278_279   0.2681714 0.3186791 0.2729627 0.0134731 0.2585032 0.3129880 0.2633324 0.2735161 0.2776322 0.0701817 0.2631021 0.0000000 0.0701894 0.3185756 0.2633203 0.2631658 0.0664634 0.0739025 0.2731124 0.2680106 0.3346725 0.3178010 0.2728003 0.0665101 
n292_293   0.2631641 0.3136294 0.2779168 0.0628437 0.2679943 0.3236302 0.2728864 0.2640095 0.2824973 0.0067115 0.2726456 0.0701894 0.0000000 0.3135278 0.2728738 0.2679403 0.0100889 0.0169101 0.2779539 0.2728156 0.3403251 0.3285081 0.2978434 0.0033482 
n265_266   0.3225026 0.0134478 0.3546636 0.3133888 0.3385662 0.3224453 0.3439591 0.1233422 0.3488585 0.3187521 0.3436334 0.3185756 0.3135278 0.0000000 0.3439412 0.3275621 0.3083906 0.3135874 0.3381268 0.3488585 0.3888938 0.3168278 0.3444231 0.3135874 
n289_290   0.1039509 0.3493021 0.0271678 0.2632228 0.0066986 0.3607298 0.0202809 0.2972513 0.0554309 0.2778036 0.0066954 0.2633203 0.2728738 0.3439412 0.0000000 0.0447172 0.2726808 0.2729243 0.0554600 0.0554309 0.3557972 0.3658255 0.1898772 0.2729243 
n293_294   0.1002123 0.3328006 0.0518470 0.2630684 0.0447098 0.3551435 0.0447191 0.2971346 0.0236939 0.2728345 0.0446872 0.2631658 0.2679403 0.3275621 0.0447172 0.0000000 0.2677522 0.2679898 0.0100659 0.0236939 0.3391781 0.3602034 0.1854994 0.2679898 
n280_281   0.2629804 0.3084902 0.2777189 0.0591602 0.2678061 0.3182973 0.2726935 0.2685684 0.2822951 0.0100877 0.2724530 0.0664634 0.0100889 0.3083906 0.2726808 0.2677522 0.0000000 0.0134867 0.2777560 0.2726228 0.3295793 0.3231422 0.2927065 0.0067099 
n274_275   0.2632125 0.3136890 0.2779685 0.0665168 0.2680438 0.3234425 0.2729370 0.2688075 0.2825499 0.0169080 0.2726961 0.0739025 0.0169101 0.3135874 0.2729243 0.2679898 0.0134867 0.0000000 0.2780056 0.2728661 0.3348915 0.3230574 0.2978994 0.0134955 
n275_276   0.1118577 0.3434399 0.0626986 0.2730095 0.0554508 0.3661470 0.0554623 0.3124541 0.0341026 0.2829215 0.0554225 0.2731124 0.2779539 0.3381268 0.0554600 0.0100659 0.2777560 0.2780056 0.0000000 0.0306365 0.3445292 0.3712745 0.1986167 0.2780056 
n297_298   0.1117960 0.3542482 0.0626654 0.2679106 0.0554216 0.3661076 0.0554332 0.3175835 0.0066898 0.2777432 0.0482360 0.2680106 0.2728156 0.3488585 0.0554309 0.0236939 0.2726228 0.2728661 0.0306365 0.0000000 0.3394099 0.3712343 0.1985000 0.2728661 
n244_245   0.3719091 0.3891804 0.3667307 0.3239123 0.3503141 0.2576664 0.3558163 0.3554232 0.3446400 0.3457651 0.3501642 0.3346725 0.3403251 0.3888938 0.3557972 0.3391781 0.3295793 0.3348915 0.3445292 0.3394099 0.0000000 0.2718948 0.3889354 0.3403910 
n251_252   0.3546112 0.3219889 0.3768825 0.3126254 0.3602778 0.0375933 0.3658455 0.3169323 0.3766737 0.3338411 0.3654905 0.3178010 0.3285081 0.3168278 0.3658255 0.3602034 0.3231422 0.3230574 0.3712745 0.3712343 0.2718948 0.0000000 0.3551034 0.3285711 
n200_201   0.1943818 0.3497945 0.1898106 0.2824932 0.1898434 0.3555346 0.1855488 0.3074437 0.1985000 0.3029523 0.1897308 0.2728003 0.2978434 0.3444231 0.1898772 0.1854994 0.2927065 0.2978994 0.1986167 0.1985000 0.3889354 0.3551034 0.0000000 0.2978994 
n300_301   0.2632125 0.3136890 0.2779685 0.0592024 0.2680438 0.3236921 0.2729370 0.2688075 0.2825499 0.0033478 0.2726961 0.0665101 0.0033482 0.3135874 0.2729243 0.2679898 0.0067099 0.0134955 0.2780056 0.2728661 0.3403910 0.3285711 0.2978994 0.0000000 
