23
n236_237   0.0000000 0.3018091 0.1250362 0.3352838 0.1129501 0.4210008 0.1250680 0.3368117 0.1011081 0.3406330 0.1050791 0.3238518 0.3238566 0.0971969 0.3521921 0.3356200 0.1211977 0.3483831 0.0971976 0.1130265 0.4004187 0.4265958 0.1502312 
n266_267   0.3018091 0.0000000 0.3565558 0.2658099 0.3689555 0.3416733 0.3512488 0.1585055 0.3691838 0.2356784 0.3574898 0.2555456 0.0134676 0.3632664 0.2455066 0.2409846 0.3813401 0.1672133 0.3632752 0.3873324 0.3353369 0.3469833 0.2970805 
n296_297   0.1250362 0.3565558 0.0000000 0.3171459 0.0342054 0.4257838 0.0066965 0.3647867 0.0630670 0.3333726 0.0272270 0.3168203 0.3805114 0.0667535 0.3447709 0.3284181 0.0819050 0.3768437 0.0667539 0.0742622 0.4244574 0.4253945 0.1672423 
n277_278   0.3352838 0.2658099 0.3171459 0.0000000 0.3287795 0.3635943 0.3121098 0.2714593 0.3022643 0.0742676 0.3179605 0.0067155 0.2762133 0.3126054 0.0856036 0.0856292 0.3134041 0.2770433 0.3126120 0.3186706 0.3799066 0.3584956 0.2967217 
n290_291   0.1129501 0.3689555 0.0342054 0.3287795 0.0000000 0.4335823 0.0342138 0.3774081 0.0521019 0.3453087 0.0066965 0.3284390 0.3934036 0.0557260 0.3569309 0.3402758 0.0705926 0.3897146 0.0557263 0.0630964 0.4322212 0.4392622 0.1631318 
n255_256   0.4210008 0.3416733 0.4257838 0.3635943 0.4335823 0.0000000 0.4199469 0.3537118 0.4085220 0.3573488 0.4209564 0.3516634 0.3416300 0.4022189 0.3636905 0.3520492 0.4092625 0.3539430 0.4022299 0.4210685 0.2660718 0.0558944 0.3652494 
n295_296   0.1250680 0.3512488 0.0066965 0.3121098 0.0342138 0.4199469 0.0000000 0.3713054 0.0630827 0.3282302 0.0272336 0.3117902 0.3750293 0.0667701 0.3395493 0.3233022 0.0819256 0.3834957 0.0667705 0.0742808 0.4186432 0.4195644 0.1672856 
n286_287   0.3368117 0.1585055 0.3647867 0.2714593 0.3774081 0.3537118 0.3713054 0.0000000 0.3717114 0.2513904 0.3657506 0.2662441 0.1672563 0.3657442 0.2614981 0.2562467 0.3776180 0.0067017 0.3657532 0.3900145 0.3528609 0.3367344 0.2988491 
n298_299   0.1011081 0.3691838 0.0630670 0.3022643 0.0521019 0.4085220 0.0630827 0.3717114 0.0000000 0.3341158 0.0449229 0.3019560 0.3936489 0.0100954 0.3455435 0.3291497 0.0238559 0.3839177 0.0100954 0.0101028 0.4191820 0.4008176 0.1587690 
n299_300   0.3406330 0.2356784 0.3333726 0.0742676 0.3453087 0.3573488 0.3282302 0.2513904 0.3341158 0.0000000 0.3342352 0.0667501 0.2455819 0.3285076 0.0134671 0.0134707 0.3458065 0.2567843 0.3285148 0.3513053 0.3390785 0.3580374 0.3012400 
n287_288   0.1050791 0.3574898 0.0272270 0.3179605 0.0066965 0.4209564 0.0272336 0.3657506 0.0449229 0.3342352 0.0000000 0.3176334 0.3815209 0.0485087 0.3456683 0.3292670 0.0631990 0.3778458 0.0485089 0.0557934 0.4196466 0.4265517 0.1546303 
n278_279   0.3238518 0.2555456 0.3168203 0.0067155 0.3284390 0.3516634 0.3117902 0.2662441 0.3019560 0.0667501 0.3176334 0.0000000 0.2657738 0.3015767 0.0779448 0.0779678 0.3130819 0.2717756 0.3015827 0.3183421 0.3677083 0.3466404 0.2859569 
n265_266   0.3238566 0.0134676 0.3805114 0.2762133 0.3934036 0.3416300 0.3750293 0.1672563 0.3936489 0.2455819 0.3815209 0.2657738 0.0000000 0.3875076 0.2555684 0.2509866 0.4062762 0.1760927 0.3875177 0.4124918 0.3352949 0.3469390 0.3189986 
n293_294   0.0971969 0.3632664 0.0667535 0.3126054 0.0557260 0.4022189 0.0667701 0.3657442 0.0100954 0.3285076 0.0485087 0.3015767 0.3875076 0.0000000 0.3398370 0.3235755 0.0273368 0.3778389 0.0067117 0.0203674 0.3999567 0.4011104 0.1500943 
n280_281   0.3521921 0.2455066 0.3447709 0.0856036 0.3569309 0.3636905 0.3395493 0.2614981 0.3455435 0.0134671 0.3456683 0.0779448 0.2555684 0.3398370 0.0000000 0.0203262 0.3574485 0.2669886 0.3398446 0.3630381 0.3617995 0.3643944 0.3121061 
n274_275   0.3356200 0.2409846 0.3284181 0.0856292 0.3402758 0.3520492 0.3233022 0.2562467 0.3291497 0.0134707 0.3292670 0.0779678 0.2509866 0.3235755 0.0203262 0.0000000 0.3407657 0.2616847 0.3235825 0.3462338 0.3619611 0.3640310 0.3068737 
n275_276   0.1211977 0.3813401 0.0819050 0.3134041 0.0705926 0.4092625 0.0819256 0.3776180 0.0238559 0.3458065 0.0631990 0.3130819 0.4062762 0.0273368 0.3574485 0.3407657 0.0000000 0.3899329 0.0273369 0.0343852 0.4394631 0.4081272 0.1766662 
n285_286   0.3483831 0.1672133 0.3768437 0.2770433 0.3897146 0.3539430 0.3834957 0.0067017 0.3839177 0.2567843 0.3778458 0.2717756 0.1760927 0.3778389 0.2669886 0.2616847 0.3899329 0.0000000 0.3778485 0.4025670 0.3592721 0.3369518 0.3097780 
n294_295   0.0971976 0.3632752 0.0667539 0.3126120 0.0557263 0.4022299 0.0667705 0.3657532 0.0100954 0.3285148 0.0485089 0.3015827 0.3875177 0.0067117 0.3398446 0.3235825 0.0273369 0.3778485 0.0000000 0.0203674 0.4128121 0.4011212 0.1544793 
n297_298   0.1130265 0.3873324 0.0742622 0.3186706 0.0630964 0.4210685 0.0742808 0.3900145 0.0101028 0.3513053 0.0557934 0.3183421 0.4124918 0.0203674 0.3630381 0.3462338 0.0343852 0.4025670 0.0203674 0.0000000 0.4323111 0.4131933 0.1718705 
n244_245   0.4004187 0.3353369 0.4244574 0.3799066 0.4322212 0.2660718 0.4186432 0.3528609 0.4191820 0.3390785 0.4196466 0.3677083 0.3352949 0.3999567 0.3617995 0.3619611 0.4394631 0.3592721 0.4128121 0.4323111 0.0000000 0.2410939 0.3467590 
n251_252   0.4265958 0.3469833 0.4253945 0.3584956 0.4392622 0.0558944 0.4195644 0.3367344 0.4008176 0.3580374 0.4265517 0.3466404 0.3469390 0.4011104 0.3643944 0.3640310 0.4081272 0.3369518 0.4011212 0.4131933 0.2410939 0.0000000 0.3654300 
n200_201   0.1502312 0.2970805 0.1672423 0.2967217 0.1631318 0.3652494 0.1672856 0.2988491 0.1587690 0.3012400 0.1546303 0.2859569 0.3189986 0.1500943 0.3121061 0.3068737 0.1766662 0.3097780 0.1544793 0.1718705 0.3467590 0.3654300 0.0000000 
