21
n236_237   0.0000000 0.2953189 0.0974793 0.3008280 0.0934910 0.4171438 0.0935871 0.2840965 0.0822149 0.2766584 0.0973406 0.3007193 0.3019206 0.0859198 0.2926223 0.2818041 0.0821026 0.2950446 0.4143842 0.4094042 0.1376661 
n266_267   0.2953189 0.0000000 0.3051153 0.2484788 0.3055359 0.4350837 0.2949613 0.1440128 0.2954871 0.2601133 0.3107262 0.2483983 0.0271926 0.2897242 0.2653746 0.2602065 0.2898030 0.1611051 0.3699598 0.3978197 0.2947528 
n296_297   0.0974793 0.3051153 0.0000000 0.3332522 0.0308609 0.4822360 0.0101164 0.2990958 0.0451790 0.3028942 0.0343736 0.3331237 0.3118434 0.0487273 0.3195422 0.3082484 0.0451196 0.3103068 0.4328987 0.4733669 0.1418176 
n277_278   0.3008280 0.2484788 0.3332522 0.0000000 0.3271696 0.3641916 0.3276799 0.2189883 0.3066069 0.0740801 0.3214265 0.0168267 0.2595009 0.3168527 0.0779213 0.0741038 0.3115801 0.2287736 0.3513048 0.3467141 0.3150881 
n290_291   0.0934910 0.3055359 0.0308609 0.3271696 0.0000000 0.4546906 0.0273560 0.3043606 0.0415466 0.2971035 0.0033566 0.3270452 0.3172246 0.0450761 0.3135703 0.3024022 0.0414923 0.3156591 0.4256806 0.4537931 0.1457773 
n255_256   0.4171438 0.4350837 0.4822360 0.3641916 0.4546906 0.0000000 0.4752782 0.3859695 0.4420164 0.3849884 0.4610680 0.3758804 0.4379199 0.4683499 0.3977924 0.3851367 0.4550215 0.3924691 0.3732233 0.0625043 0.4647707 
n295_296   0.0935871 0.2949613 0.0101164 0.3276799 0.0273560 0.4752782 0.0000000 0.2938272 0.0415855 0.2975450 0.0308503 0.3275549 0.3015570 0.0451185 0.3140507 0.3028559 0.0415311 0.3049407 0.4264646 0.4605786 0.1376481 
n286_287   0.2840965 0.1440128 0.2990958 0.2189883 0.3043606 0.3859695 0.2938272 0.0000000 0.2949631 0.2160189 0.3095314 0.2189216 0.1614405 0.2995975 0.2208937 0.2160942 0.2893628 0.0133910 0.3573514 0.3626345 0.3039487 
n298_299   0.0822149 0.2954871 0.0451790 0.3066069 0.0415466 0.4420164 0.0415855 0.2949631 0.0000000 0.2772292 0.0451203 0.3064945 0.3020979 0.0239451 0.2932437 0.2823907 0.0204675 0.3061335 0.4214076 0.4401542 0.1295695 
n299_300   0.2766584 0.2601133 0.3028942 0.0740801 0.2971035 0.3849884 0.2975450 0.2160189 0.2772292 0.0000000 0.2969943 0.0704114 0.2609407 0.2871353 0.0135411 0.0067274 0.2820415 0.2258173 0.3606508 0.3668614 0.3008374 
n287_288   0.0973406 0.3107262 0.0343736 0.3214265 0.0033566 0.4610680 0.0308503 0.3095314 0.0451203 0.2969943 0.0000000 0.3213057 0.3225133 0.0486638 0.3134538 0.3022907 0.0450611 0.3209200 0.4255134 0.4601533 0.1499291 
n278_279   0.3007193 0.2483983 0.3331237 0.0168267 0.3270452 0.3758804 0.3275549 0.2189216 0.3064945 0.0704114 0.3213057 0.0000000 0.2594146 0.3167344 0.0742301 0.0704340 0.3114649 0.2287025 0.3627355 0.3580976 0.3149714 
n265_266   0.3019206 0.0271926 0.3118434 0.2595009 0.3172246 0.4379199 0.3015570 0.1614405 0.3020979 0.2609407 0.3225133 0.2594146 0.0000000 0.2962463 0.2714827 0.2610346 0.3015019 0.1746268 0.3775318 0.4003145 0.3013395 
n293_294   0.0859198 0.2897242 0.0487273 0.3168527 0.0450761 0.4683499 0.0451185 0.2995975 0.0239451 0.2871353 0.0486638 0.3167344 0.2962463 0.0000000 0.3033733 0.2923647 0.0169647 0.3108264 0.4199149 0.4663354 0.1334770 
n280_281   0.2926223 0.2653746 0.3195422 0.0779213 0.3135703 0.3977924 0.3140507 0.2208937 0.2932437 0.0135411 0.3134538 0.0742301 0.2714827 0.3033733 0.0000000 0.0135453 0.2925976 0.2307805 0.3729484 0.3792914 0.3173377 
n274_275   0.2818041 0.2602065 0.3082484 0.0741038 0.3024022 0.3851367 0.3028559 0.2160942 0.2823907 0.0067274 0.3022907 0.0704340 0.2610346 0.2923647 0.0135453 0.0000000 0.2872352 0.2258966 0.3607875 0.3670011 0.3061454 
n275_276   0.0821026 0.2898030 0.0451196 0.3115801 0.0414923 0.4550215 0.0415311 0.2893628 0.0204675 0.2820415 0.0450611 0.3114649 0.3015019 0.0169647 0.2925976 0.2872352 0.0000000 0.3004174 0.4141105 0.4530847 0.1293835 
n285_286   0.2950446 0.1611051 0.3103068 0.2287736 0.3156591 0.3924691 0.3049407 0.0133910 0.3061335 0.2258173 0.3209200 0.2287025 0.1746268 0.3108264 0.2307805 0.2258966 0.3004174 0.0000000 0.3456599 0.3688974 0.3152293 
n244_245   0.4143842 0.3699598 0.4328987 0.3513048 0.4256806 0.3732233 0.4264646 0.3573514 0.4214076 0.3606508 0.4255134 0.3627355 0.3775318 0.4199149 0.3729484 0.3607875 0.4141105 0.3456599 0.0000000 0.3669938 0.4122874 
n251_252   0.4094042 0.3978197 0.4733669 0.3467141 0.4537931 0.0625043 0.4605786 0.3626345 0.4401542 0.3668614 0.4601533 0.3580976 0.4003145 0.4663354 0.3792914 0.3670011 0.4530847 0.3688974 0.3669938 0.0000000 0.4431538 
n200_201   0.1376661 0.2947528 0.1418176 0.3150881 0.1457773 0.4647707 0.1376481 0.3039487 0.1295695 0.3008374 0.1499291 0.3149714 0.3013395 0.1334770 0.3173377 0.3061454 0.1293835 0.3152293 0.4122874 0.4431538 0.0000000 
