26
n265_262   0.0000000 0.3110175 0.2914206 0.2963055 0.3853050 0.2803825 0.3011240 0.2916661 0.3011752 0.2767561 0.2965796 0.2802431 0.2762954 0.2965590 0.2867516 0.3207774 0.2959930 0.0202983 0.3058032 0.3971784 0.1345394 0.2824358 0.3960215 0.1265402 0.3059967 0.2956216 
n275_272   0.3110175 0.0000000 0.3320099 0.0445066 0.3841902 0.2955729 0.0480221 0.3267242 0.0271028 0.3111085 0.0445442 0.2954242 0.1266434 0.3318380 0.3215794 0.0623068 0.0340143 0.3059939 0.0515926 0.3891808 0.3206597 0.1267033 0.3952360 0.3148426 0.0305456 0.0339797 
n292_289   0.2914206 0.3320099 0.0000000 0.3225428 0.4385064 0.0556355 0.3275313 0.0033603 0.3227635 0.0135347 0.3228437 0.0520608 0.3172190 0.0067344 0.0135537 0.3331741 0.3173994 0.2968909 0.3178834 0.4370817 0.3067474 0.3333311 0.4255136 0.3011875 0.3277298 0.3169930 
n289_286   0.2963055 0.0445066 0.3225428 0.0000000 0.3771155 0.2915197 0.0033340 0.3225688 0.0305588 0.3070034 0.0066875 0.2913731 0.1187485 0.3276676 0.3174403 0.0374776 0.0305526 0.2913729 0.0270880 0.3786080 0.3010859 0.1149102 0.3731289 0.2954423 0.0340156 0.0305217 
n244_241   0.3853050 0.3841902 0.4385064 0.3771155 0.0000000 0.4023810 0.3823975 0.4323924 0.3835952 0.4143792 0.3725856 0.4021617 0.3629873 0.4327641 0.4264569 0.3997368 0.3777890 0.3967810 0.3886361 0.2344691 0.4343596 0.3841640 0.2206136 0.4222719 0.3888989 0.3772858 
n277_274   0.2803825 0.2955729 0.0556355 0.2915197 0.4023810 0.0000000 0.2963140 0.0520233 0.2866835 0.0412969 0.2917892 0.0033500 0.2860746 0.0556116 0.0484471 0.3011107 0.2816019 0.2857401 0.2864804 0.4021927 0.2857918 0.2967442 0.3911069 0.2804258 0.2914274 0.2812520 
n290_287   0.3011240 0.0480221 0.3275313 0.0033340 0.3823975 0.2963140 0.0000000 0.3275577 0.0340184 0.3118954 0.0100497 0.2961645 0.1148853 0.3326866 0.3171781 0.0409625 0.0340116 0.2961631 0.0305314 0.3839147 0.3059320 0.1187466 0.3784032 0.3002468 0.0374881 0.0339770 
n300_297   0.2916661 0.3267242 0.0033603 0.3225688 0.4323924 0.0520233 0.3275577 0.0000000 0.3175299 0.0101259 0.3228698 0.0484647 0.3120297 0.0033589 0.0101401 0.3278658 0.3122073 0.2971422 0.3126816 0.4309944 0.3070090 0.3280238 0.4195150 0.3014430 0.3224637 0.3118092 
n293_290   0.3011752 0.0271028 0.3227635 0.0305588 0.3835952 0.2866835 0.0340184 0.3175299 0.0000000 0.3020654 0.0305844 0.2865397 0.1111861 0.3225971 0.3124344 0.0480547 0.0202426 0.2962122 0.0375211 0.4008242 0.3107053 0.1072517 0.3951973 0.3049780 0.0033357 0.0202222 
n274_271   0.2767561 0.3111085 0.0135347 0.3070034 0.4143792 0.0412969 0.3118954 0.0101259 0.3020654 0.0000000 0.3072886 0.0377868 0.2966938 0.0135291 0.0067363 0.3167929 0.2968632 0.2821020 0.3018482 0.4130585 0.2917674 0.3123442 0.4018361 0.2863357 0.3069048 0.2964894 
n287_284   0.2965796 0.0445442 0.3228437 0.0066875 0.3725856 0.2917892 0.0100497 0.3228698 0.0305844 0.3072886 0.0000000 0.2916424 0.1227069 0.3279736 0.3177362 0.0375092 0.0305782 0.2916421 0.0271106 0.3789627 0.3013647 0.1073435 0.3734783 0.2957150 0.0340441 0.0305473 
n278_275   0.2802431 0.2954242 0.0520608 0.2913731 0.4021617 0.0033500 0.2961645 0.0484647 0.2865397 0.0377868 0.2916424 0.0000000 0.2859315 0.0520385 0.0449033 0.3009584 0.2814613 0.2855973 0.2863369 0.4019738 0.2856489 0.2965944 0.3908956 0.2802863 0.2912809 0.2811118 
n200_197   0.2762954 0.1266434 0.3172190 0.1187485 0.3629873 0.2860746 0.1148853 0.3120297 0.1111861 0.2966938 0.1227069 0.2859315 0.0000000 0.3170563 0.3018628 0.1344112 0.1188499 0.2765973 0.1226618 0.3679834 0.2855524 0.1424720 0.3625703 0.2800577 0.1150004 0.1187206 
n299_296   0.2965590 0.3318380 0.0067344 0.3276676 0.4327641 0.0556116 0.3326866 0.0033589 0.3225971 0.0135291 0.3279736 0.0520385 0.3170563 0.0000000 0.0135481 0.3330010 0.3172365 0.3020764 0.3177199 0.4253601 0.3120064 0.3331580 0.4139530 0.3063979 0.3275603 0.3168305 
n280_277   0.2867516 0.3215794 0.0135537 0.3174403 0.4264569 0.0484471 0.3171781 0.0101401 0.3124344 0.0067363 0.3177362 0.0449033 0.3018628 0.0135481 0.0000000 0.3273625 0.3071512 0.2921852 0.3122076 0.4250845 0.3019862 0.3228582 0.4136903 0.2964642 0.3173374 0.3067612 
n296_293   0.3207774 0.0623068 0.3331741 0.0374776 0.3997368 0.3011107 0.0409625 0.3278658 0.0480547 0.3167929 0.0375092 0.3009584 0.1344112 0.3330010 0.3273625 0.0000000 0.0480448 0.3156956 0.0100396 0.3938938 0.3105292 0.1344561 0.3823688 0.3048065 0.0515820 0.0479953 
n297_294   0.2959930 0.0340143 0.3173994 0.0305526 0.3777890 0.2816019 0.0340116 0.3122073 0.0202426 0.2968632 0.0305782 0.2814613 0.1188499 0.3172365 0.3071512 0.0480448 0.0000000 0.2910663 0.0375134 0.4006743 0.3054559 0.1111858 0.3950506 0.2997808 0.0236586 0.0066856 
n266_263   0.0202983 0.3059939 0.2968909 0.2913729 0.3967810 0.2857401 0.2961631 0.2971422 0.2962122 0.2821020 0.2916421 0.2855973 0.2765973 0.3020764 0.2921852 0.3156956 0.2910663 0.0000000 0.3008160 0.3976385 0.1304050 0.2827461 0.3964791 0.1224612 0.3010055 0.2907024 
n295_292   0.3058032 0.0515926 0.3178834 0.0270880 0.3886361 0.2864804 0.0305314 0.3126816 0.0375211 0.3018482 0.0271106 0.2863369 0.1226618 0.3177199 0.3122076 0.0100396 0.0375134 0.3008160 0.0000000 0.3828786 0.3008266 0.1227022 0.3773840 0.2951888 0.0410066 0.0374752 
n255_252   0.3971784 0.3891808 0.4370817 0.3786080 0.2344691 0.4021927 0.3839147 0.4309944 0.4008242 0.4130585 0.3789627 0.4019738 0.3679834 0.4253601 0.4250845 0.3938938 0.4006743 0.3976385 0.3828786 0.0000000 0.4414159 0.3795477 0.0515567 0.4291836 0.4062412 0.4001307 
n286_283   0.1345394 0.3206597 0.3067474 0.3010859 0.4343596 0.2857918 0.3059320 0.3070090 0.3107053 0.2917674 0.3013647 0.2856489 0.2855524 0.3120064 0.3019862 0.3105292 0.3054559 0.1304050 0.3008266 0.4414159 0.0000000 0.2962739 0.4354336 0.0066748 0.3155787 0.3050701 
n236_233   0.2824358 0.1267033 0.3333311 0.1149102 0.3841640 0.2967442 0.1187466 0.3280238 0.1072517 0.3123442 0.1073435 0.2965944 0.1424720 0.3331580 0.3228582 0.1344561 0.1111858 0.2827461 0.1227022 0.3795477 0.2962739 0.0000000 0.3849099 0.2906731 0.1110453 0.1110657 
n251_248   0.3960215 0.3952360 0.4255136 0.3731289 0.2206136 0.3911069 0.3784032 0.4195150 0.3951973 0.4018361 0.3734783 0.3908956 0.3625703 0.4139530 0.4136903 0.3823688 0.3950506 0.3964791 0.3773840 0.0515567 0.4354336 0.3849099 0.0000000 0.4232937 0.4005816 0.3945166 
n285_282   0.1265402 0.3148426 0.3011875 0.2954423 0.4222719 0.2804258 0.3002468 0.3014430 0.3049780 0.2863357 0.2957150 0.2802863 0.2800577 0.3063979 0.2964642 0.3048065 0.2997808 0.1224612 0.2951888 0.4291836 0.0066748 0.2906731 0.4232937 0.0000000 0.3098092 0.2994041 
n294_291   0.3059967 0.0305456 0.3277298 0.0340156 0.3888989 0.2914274 0.0374881 0.3224637 0.0033357 0.3069048 0.0340441 0.2912809 0.1150004 0.3275603 0.3173374 0.0515820 0.0236586 0.3010055 0.0410066 0.4062412 0.3155787 0.1110453 0.4005816 0.3098092 0.0000000 0.0236347 
n298_295   0.2956216 0.0339797 0.3169930 0.0305217 0.3772858 0.2812520 0.0339770 0.3118092 0.0202222 0.2964894 0.0305473 0.2811118 0.1187206 0.3168305 0.3067612 0.0479953 0.0066856 0.2907024 0.0374752 0.4001307 0.3050701 0.1110657 0.3945166 0.2994041 0.0236347 0.0000000 
