36
n293_318   0.0000000 0.2846638 0.0202879 0.0411943 0.0702233 0.0888889 0.0738047 0.0850932 0.0554075 0.0483519 0.1603194 0.2951694 0.0664946 0.3000462 0.0775226 0.0341678 0.2986752 0.0776827 0.0271827 0.2991526 0.2954701 0.0851066 0.4426177 0.0482935 0.0100932 0.2847498 0.4662483 0.2897195 0.0701300 0.3248598 0.0590605 0.0739108 0.2900043 0.1119123 0.4474039 0.3196592 
n292_315   0.2846638 0.0000000 0.2555182 0.2600875 0.2903721 0.3154146 0.3050254 0.3101654 0.2895966 0.2697633 0.3050938 0.0590666 0.2851359 0.0237207 0.2949321 0.2510229 0.2640832 0.3006779 0.2507814 0.2643775 0.0555175 0.3210493 0.4800181 0.2601021 0.2902492 0.0033430 0.4860134 0.0067014 0.3000151 0.2992555 0.2948925 0.2953621 0.0168683 0.3212129 0.4725558 0.2942296 
n275_292   0.0202879 0.2555182 0.0000000 0.0203110 0.0484493 0.0739175 0.0591568 0.0702025 0.0341414 0.0307054 0.1357595 0.2655658 0.0448439 0.2702643 0.0555634 0.0134788 0.2690612 0.0556770 0.0067029 0.2694804 0.2658388 0.0702132 0.4123823 0.0272097 0.0237636 0.2555938 0.4418600 0.2603735 0.0555522 0.2990169 0.0376742 0.0520311 0.2606173 0.0888927 0.4172014 0.2939952 
n287_308   0.0411943 0.2600875 0.0203110 0.0000000 0.0556651 0.0776460 0.0664729 0.0776434 0.0203099 0.0100862 0.1439344 0.2702003 0.0520180 0.2749239 0.0628434 0.0342069 0.2692854 0.0629724 0.0272138 0.2697053 0.2704776 0.0776554 0.4126949 0.0067038 0.0448089 0.2601647 0.4471776 0.2649712 0.0628320 0.3044719 0.0237687 0.0592833 0.2652210 0.0965376 0.4168132 0.2994083 
n296_321   0.0702233 0.2903721 0.0484493 0.0556651 0.0000000 0.0519677 0.0376870 0.0483720 0.0665613 0.0666421 0.1522231 0.2958137 0.0100809 0.2955500 0.0592347 0.0629676 0.2889941 0.0067054 0.0556504 0.2944920 0.2859556 0.0483790 0.4369483 0.0629333 0.0740452 0.2904603 0.4680857 0.2954776 0.0341861 0.3092503 0.0702942 0.0168912 0.2855562 0.1004343 0.4486784 0.3041597 
n297_324   0.0888889 0.3154146 0.0739175 0.0776460 0.0519677 0.0000000 0.0306823 0.0100855 0.0888618 0.0889716 0.1646742 0.3157785 0.0483482 0.3207856 0.0889142 0.0889778 0.3195114 0.0592244 0.0813773 0.3252852 0.3108942 0.0412599 0.4290164 0.0813986 0.0928415 0.3155121 0.4608481 0.3206952 0.0272141 0.3406478 0.0927263 0.0555629 0.3104551 0.1158279 0.4543840 0.3353383 
n293_316   0.0738047 0.3050254 0.0591568 0.0664729 0.0376870 0.0306823 0.0000000 0.0272010 0.0775092 0.0776040 0.1560845 0.3053716 0.0341528 0.3103123 0.0738264 0.0738783 0.3037536 0.0447820 0.0664550 0.3093794 0.3005511 0.0237328 0.4230154 0.0701616 0.0776459 0.3051190 0.4654763 0.3102297 0.0033408 0.3297537 0.0813008 0.0412076 0.3001288 0.1040504 0.4589899 0.3245239 
n298_325   0.0850932 0.3101654 0.0702025 0.0776434 0.0483720 0.0100855 0.0272010 0.0000000 0.0888589 0.0889687 0.1604443 0.3105202 0.0447738 0.3154934 0.0851177 0.0851782 0.3142462 0.0555886 0.0776219 0.3199709 0.3056686 0.0377204 0.4353682 0.0813958 0.0890180 0.3102609 0.4607492 0.3154070 0.0237496 0.3352253 0.0927233 0.0519479 0.3052381 0.1118846 0.4542869 0.3299549 
n296_323   0.0554075 0.2895966 0.0341414 0.0203099 0.0665613 0.0888618 0.0775092 0.0888589 0.0000000 0.0307037 0.1561898 0.3001793 0.0628532 0.3050858 0.0738299 0.0483066 0.2885978 0.0739822 0.0411728 0.2890549 0.3004845 0.0888730 0.4300558 0.0272082 0.0591135 0.2896844 0.4785381 0.2946858 0.0738169 0.3247225 0.0033460 0.0702312 0.2949778 0.1118760 0.4469439 0.3195262 
n290_313   0.0483519 0.2697633 0.0307054 0.0100862 0.0666421 0.0889716 0.0776040 0.0889687 0.0307037 0.0000000 0.1563939 0.2852012 0.0629293 0.2848093 0.0739200 0.0448230 0.2791708 0.0740726 0.0377145 0.2796101 0.2854927 0.0889828 0.4253551 0.0168892 0.0520196 0.2698439 0.4598842 0.2747131 0.0739070 0.3046951 0.0342227 0.0703168 0.2749764 0.1081782 0.4352641 0.2996270 
n200_205   0.1603194 0.3050938 0.1357595 0.1439344 0.1522231 0.1646742 0.1560845 0.1604443 0.1561898 0.1563939 0.0000000 0.3106963 0.1479892 0.3206435 0.1689314 0.1480917 0.3248082 0.1606301 0.1398066 0.3304003 0.3159595 0.1688705 0.4598858 0.1439507 0.1648042 0.3051874 0.4732153 0.3102981 0.1519885 0.3300870 0.1604833 0.1563435 0.3103207 0.1992699 0.4803902 0.3248526 
n277_294   0.2951694 0.0590666 0.2655658 0.2702003 0.2958137 0.3157785 0.3053716 0.3105202 0.3001793 0.2852012 0.3106963 0.0000000 0.2905285 0.0483072 0.2952615 0.2610103 0.2792272 0.3062134 0.2607563 0.2795454 0.0237532 0.3214235 0.4943931 0.2702167 0.3008648 0.0554409 0.4939968 0.0590493 0.3003530 0.2939511 0.3055702 0.3008469 0.0483146 0.3161828 0.4803653 0.2889629 
n287_306   0.0664946 0.2851359 0.0448439 0.0520180 0.0100809 0.0483482 0.0341528 0.0447738 0.0628532 0.0629293 0.1479892 0.2905285 0.0000000 0.2902704 0.0592357 0.0592767 0.2890060 0.0168906 0.0520044 0.2945044 0.2807442 0.0447802 0.4361265 0.0592444 0.0702880 0.2852221 0.4671892 0.2902014 0.0306707 0.3092639 0.0665617 0.0067061 0.2803533 0.0965229 0.4478293 0.3041728 
n280_297   0.3000462 0.0237207 0.2702643 0.2749239 0.2955500 0.3207856 0.3103123 0.3154934 0.3050858 0.2848093 0.3206435 0.0483072 0.2902704 0.0000000 0.2949988 0.2656860 0.2692122 0.3059390 0.2654263 0.2695148 0.0519362 0.3264725 0.4735744 0.2749411 0.3057859 0.0271868 0.4864501 0.0306573 0.3052636 0.2943786 0.3105143 0.3005782 0.0134667 0.3212972 0.4729736 0.2893818 
n236_241   0.0775226 0.2949321 0.0555634 0.0628434 0.0592347 0.0889142 0.0738264 0.0851177 0.0738299 0.0739200 0.1689314 0.2952615 0.0592357 0.2949988 0.0000000 0.0628843 0.2888840 0.0665735 0.0555771 0.2943049 0.2905020 0.0851311 0.4424225 0.0701743 0.0813900 0.2950219 0.4472232 0.3000631 0.0701508 0.3194859 0.0776009 0.0665770 0.2900959 0.1041934 0.4283931 0.3143261 
n298_327   0.0341678 0.2510229 0.0134788 0.0342069 0.0629676 0.0889778 0.0738783 0.0851782 0.0483066 0.0448230 0.1480917 0.2610103 0.0592767 0.2656860 0.0628843 0.0000000 0.2640638 0.0703572 0.0067048 0.2692677 0.2612792 0.0851917 0.4308792 0.0412462 0.0377366 0.2510970 0.4611030 0.2558521 0.0702000 0.3146619 0.0519229 0.0666235 0.2560900 0.1042826 0.4357912 0.3095298 
n266_277   0.2986752 0.2640832 0.2690612 0.2692854 0.2889941 0.3195114 0.3037536 0.3142462 0.2885978 0.2791708 0.3248082 0.2792272 0.2890060 0.2692122 0.2888840 0.2640638 0.0000000 0.2992420 0.2642498 0.0236695 0.2943764 0.3094691 0.4982666 0.2790748 0.3043790 0.2690649 0.4834152 0.2739166 0.2987676 0.1315189 0.2938712 0.2992568 0.2692351 0.3200192 0.4770271 0.1275339 
n295_320   0.0776827 0.3006779 0.0556770 0.0629724 0.0067054 0.0592244 0.0447820 0.0555886 0.0739822 0.0740726 0.1606301 0.3062134 0.0168906 0.3059390 0.0665735 0.0703572 0.2992420 0.0000000 0.0629555 0.3048339 0.2962150 0.0555967 0.4496532 0.0703189 0.0815587 0.3007700 0.4746707 0.3058594 0.0412463 0.3197990 0.0777614 0.0237739 0.2957991 0.1082360 0.4550904 0.3146335 
n297_326   0.0271827 0.2507814 0.0067029 0.0272138 0.0556504 0.0813773 0.0664550 0.0776219 0.0411728 0.0377145 0.1398066 0.2607563 0.0520044 0.2654263 0.0555771 0.0067048 0.2642498 0.0629555 0.0000000 0.2694580 0.2610247 0.0776339 0.4183365 0.0341798 0.0307034 0.2508554 0.4480419 0.2556048 0.0628152 0.3040926 0.0447458 0.0592675 0.2558422 0.0965098 0.4231835 0.2990368 
n265_276   0.2991526 0.2643775 0.2694804 0.2697053 0.2944920 0.3252852 0.3093794 0.3199709 0.2890549 0.2796101 0.3304003 0.2795454 0.2945044 0.2695148 0.2943049 0.2692677 0.0236695 0.3048339 0.2694580 0.0000000 0.2947189 0.3151559 0.4990618 0.2795137 0.3048688 0.2693669 0.4981389 0.2742260 0.3043499 0.1397231 0.2943392 0.3048489 0.2695377 0.3258032 0.4916229 0.1356897 
n278_295   0.2954701 0.0555175 0.2658388 0.2704776 0.2859556 0.3108942 0.3005511 0.3056686 0.3004845 0.2854927 0.3159595 0.0237532 0.2807442 0.0519362 0.2905020 0.2612792 0.2943764 0.2962150 0.2610247 0.2947189 0.0000000 0.3164988 0.4948565 0.2704940 0.3011713 0.0519065 0.5010614 0.0555012 0.2955614 0.3148089 0.3058806 0.2909248 0.0448045 0.3216737 0.4872988 0.3096736 
n275_290   0.0851066 0.3210493 0.0702132 0.0776554 0.0483790 0.0412599 0.0237328 0.0377204 0.0888730 0.0889828 0.1688705 0.3214235 0.0447802 0.3264725 0.0851311 0.0851917 0.3094691 0.0555967 0.0776339 0.3151559 0.3164988 0.0000000 0.4410685 0.0814086 0.0890321 0.3211491 0.4856958 0.3263776 0.0202988 0.3302921 0.0927382 0.0519554 0.3160500 0.1158784 0.4790313 0.3250512 
n244_253   0.4426177 0.4800181 0.4123823 0.4126949 0.4369483 0.4290164 0.4230154 0.4353682 0.4300558 0.4253551 0.4598858 0.4943931 0.4361265 0.4735744 0.4424225 0.4308792 0.4982666 0.4496532 0.4183365 0.4990618 0.4948565 0.4410685 0.0000000 0.4183077 0.4499210 0.4801869 0.3925321 0.4866568 0.4171586 0.5340439 0.4366298 0.4423199 0.4741927 0.4671649 0.3931738 0.5271413 
n289_312   0.0482935 0.2601021 0.0272097 0.0067038 0.0629333 0.0813986 0.0701616 0.0813958 0.0272082 0.0168892 0.1439507 0.2702167 0.0592444 0.2749411 0.0701743 0.0412462 0.2790748 0.0703189 0.0341798 0.2795137 0.2704940 0.0814086 0.4183077 0.0000000 0.0519553 0.2601793 0.4530126 0.2649866 0.0665023 0.3147603 0.0307053 0.0665873 0.2652365 0.1003936 0.4224377 0.3096259 
n294_319   0.0100932 0.2902492 0.0237636 0.0448089 0.0740452 0.0928415 0.0776459 0.0890180 0.0591135 0.0520196 0.1648042 0.3008648 0.0702880 0.3057859 0.0813900 0.0377366 0.3043790 0.0815587 0.0307034 0.3048688 0.3011713 0.0890321 0.4499210 0.0519553 0.0000000 0.2903374 0.4738194 0.2953536 0.0739467 0.3308300 0.0627949 0.0777578 0.2956473 0.1160298 0.4547507 0.3255778 
n300_329   0.2847498 0.0033430 0.2555938 0.2601647 0.2904603 0.3155121 0.3051190 0.3102609 0.2896844 0.2698439 0.3051874 0.0554409 0.2852221 0.0271868 0.2950219 0.2510970 0.2690649 0.3007700 0.2508554 0.2693669 0.0519065 0.3211491 0.4801869 0.2601793 0.2903374 0.0000000 0.4861838 0.0033421 0.3001068 0.3045093 0.2949822 0.2954521 0.0202993 0.3159156 0.4727199 0.2994457 
n255_264   0.4662483 0.4860134 0.4418600 0.4471776 0.4680857 0.4608481 0.4654763 0.4607492 0.4785381 0.4598842 0.4732153 0.4939968 0.4671892 0.4864501 0.4472232 0.4611030 0.4834152 0.4746707 0.4480419 0.4981389 0.5010614 0.4856958 0.3925321 0.4530126 0.4738194 0.4861838 0.0000000 0.4926967 0.4592987 0.5049044 0.4783386 0.4804019 0.4870867 0.4663321 0.0554269 0.5114584 
n299_328   0.2897195 0.0067014 0.2603735 0.2649712 0.2954776 0.3206952 0.3102297 0.3154070 0.2946858 0.2747131 0.3102981 0.0590493 0.2902014 0.0306573 0.3000631 0.2558521 0.2739166 0.3058594 0.2556048 0.2742260 0.0555012 0.3263776 0.4866568 0.2649866 0.2953536 0.0033421 0.4926967 0.0000000 0.3051846 0.3096091 0.3000234 0.3005023 0.0237380 0.3211055 0.4791181 0.3045112 
n294_317   0.0701300 0.3000151 0.0555522 0.0628320 0.0341861 0.0272141 0.0033408 0.0237496 0.0738169 0.0739070 0.1519885 0.3003530 0.0306707 0.3052636 0.0701508 0.0702000 0.2987676 0.0412463 0.0628152 0.3043499 0.2955614 0.0202988 0.4171586 0.0665023 0.0739467 0.3001068 0.4592987 0.3051846 0.0000000 0.3245929 0.0775873 0.0376909 0.2951470 0.1002262 0.4528615 0.3193979 
n286_305   0.3248598 0.2992555 0.2990169 0.3044719 0.3092503 0.3406478 0.3297537 0.3352253 0.3247225 0.3046951 0.3300870 0.2939511 0.3092639 0.2943786 0.3194859 0.3146619 0.1315189 0.3197990 0.3040926 0.1397231 0.3148089 0.3302921 0.5340439 0.3147603 0.3308300 0.3045093 0.5049044 0.3096091 0.3245929 0.0000000 0.3302994 0.3198147 0.2944006 0.3465961 0.4992979 0.0033346 
n295_322   0.0590605 0.2948925 0.0376742 0.0237687 0.0702942 0.0927263 0.0813008 0.0927233 0.0033460 0.0342227 0.1604833 0.3055702 0.0665617 0.3105143 0.0776009 0.0519229 0.2938712 0.0777614 0.0447458 0.2943392 0.3058806 0.0927382 0.4366298 0.0307053 0.0627949 0.2949822 0.4783386 0.3000234 0.0775873 0.3302994 0.0000000 0.0739855 0.3003236 0.1158814 0.4467617 0.3250599 
n289_310   0.0739108 0.2953621 0.0520311 0.0592833 0.0168912 0.0555629 0.0412076 0.0519479 0.0702312 0.0703168 0.1563435 0.3008469 0.0067061 0.3005782 0.0665770 0.0666235 0.2992568 0.0237739 0.0592675 0.3048489 0.2909248 0.0519554 0.4423199 0.0665873 0.0777578 0.2954521 0.4804019 0.3005023 0.0376909 0.3198147 0.0739855 0.0000000 0.2905176 0.1042782 0.4606968 0.3146489 
n274_289   0.2900043 0.0168683 0.2606173 0.2652210 0.2855562 0.3104551 0.3001288 0.3052381 0.2949778 0.2749764 0.3103207 0.0483146 0.2803533 0.0134667 0.2900959 0.2560900 0.2692351 0.2957991 0.2558422 0.2695377 0.0448045 0.3160500 0.4741927 0.2652365 0.2956473 0.0202993 0.4870867 0.0237380 0.2951470 0.2944006 0.3003236 0.2905176 0.0000000 0.3162127 0.4735894 0.2894040 
n236_243   0.1119123 0.3212129 0.0888927 0.0965376 0.1004343 0.1158279 0.1040504 0.1118846 0.1118760 0.1081782 0.1992699 0.3161828 0.0965229 0.3212972 0.1041934 0.1042826 0.3200192 0.1082360 0.0965098 0.3258032 0.3216737 0.1158784 0.4671649 0.1003936 0.1160298 0.3159156 0.4663321 0.3211055 0.1002262 0.3465961 0.1158814 0.1042782 0.3162127 0.0000000 0.4405914 0.3467133 
n251_260   0.4474039 0.4725558 0.4172014 0.4168132 0.4486784 0.4543840 0.4589899 0.4542869 0.4469439 0.4352641 0.4803902 0.4803653 0.4478293 0.4729736 0.4283931 0.4357912 0.4770271 0.4550904 0.4231835 0.4916229 0.4872988 0.4790313 0.3931738 0.4224377 0.4547507 0.4727199 0.0554269 0.4791181 0.4528615 0.4992979 0.4467617 0.4606968 0.4735894 0.4405914 0.0000000 0.5058180 
n285_304   0.3196592 0.2942296 0.2939952 0.2994083 0.3041597 0.3353383 0.3245239 0.3299549 0.3195262 0.2996270 0.3248526 0.2889629 0.3041728 0.2893818 0.3143261 0.3095298 0.1275339 0.3146335 0.2990368 0.1356897 0.3096736 0.3250512 0.5271413 0.3096259 0.3255778 0.2994457 0.5114584 0.3045112 0.3193979 0.0033346 0.3250599 0.3146489 0.2894040 0.3467133 0.5058180 0.0000000 
