49
n294_441   0.0000000 0.1360587 0.0134609 0.2412885 0.3925618 0.3025123 0.3085911 0.2700767 0.0446765 0.0411625 0.3028251 0.3021396 0.2423896 0.3132037 0.3042421 0.2914834 0.3138932 0.3023109 0.2993978 0.3354505 0.3067415 0.2993084 0.2654030 0.0483207 0.3077123 0.0411504 0.3078812 0.0966976 0.2886726 0.2418614 0.3014998 0.2193054 0.3171398 0.3067840 0.2989982 0.3081968 0.2468520 0.3072189 0.2964698 0.2971751 0.0066965 0.0271693 0.0306539 0.2334235 0.3207408 0.3410439 0.2862837 0.0446841 0.2973129 
n200_281   0.1360587 0.0000000 0.1278452 0.2086763 0.3631586 0.2661523 0.2635969 0.2361988 0.1119283 0.1042167 0.2664209 0.2518125 0.2098132 0.2864407 0.2788984 0.2663655 0.2685664 0.2661950 0.2644659 0.2777329 0.2612173 0.2643909 0.2363544 0.1121422 0.2710771 0.1080609 0.2712196 0.1320964 0.2449547 0.2092091 0.2658519 0.2098192 0.2709660 0.2659617 0.2641232 0.2765405 0.2141035 0.2614626 0.2610610 0.2520125 0.1278452 0.1236973 0.1277443 0.2144509 0.3144965 0.3293220 0.2613566 0.1119471 0.2521236 
n275_404   0.0134609 0.1278452 0.0000000 0.2316532 0.3805685 0.2918998 0.2980042 0.2600226 0.0375727 0.0340936 0.2921995 0.2915486 0.2327027 0.3024191 0.2936963 0.2911853 0.3032221 0.2917081 0.2889207 0.3188676 0.3064251 0.2888359 0.2554108 0.0411643 0.2970183 0.0340837 0.2971793 0.0889588 0.2783766 0.2322005 0.3011898 0.2099384 0.3168107 0.3064674 0.2885388 0.2974825 0.2371098 0.3069016 0.2961657 0.2968697 0.0066906 0.0202548 0.0236985 0.2238511 0.3099161 0.3299242 0.2859919 0.0340684 0.2970073 
n266_387   0.2412885 0.2086763 0.2316532 0.0000000 0.3816231 0.2665799 0.2739157 0.1320842 0.2130779 0.2087082 0.2668492 0.2767744 0.2234903 0.2718759 0.2946459 0.2814954 0.2789673 0.2570925 0.2748082 0.2776808 0.2760062 0.2747290 0.1281503 0.2180296 0.2715138 0.2177901 0.2716569 0.2325367 0.2644699 0.0203452 0.2809466 0.2424297 0.2859577 0.2913013 0.2744484 0.2673138 0.2278497 0.2764278 0.2760568 0.2766465 0.2316532 0.2313602 0.2315273 0.2472895 0.3043301 0.3196108 0.2763718 0.2223208 0.2767718 
n244_349   0.3925618 0.3631586 0.3805685 0.3816231 0.0000000 0.4439683 0.3618864 0.4051159 0.3691063 0.3582463 0.4506582 0.4063342 0.3433974 0.4637790 0.3977656 0.4249375 0.3615714 0.4377345 0.3807619 0.4384714 0.4361015 0.3806336 0.4054085 0.3699090 0.4565221 0.3636191 0.4505803 0.3705619 0.3740519 0.3769409 0.4238771 0.3433659 0.4485085 0.4427564 0.3802182 0.4444100 0.3484267 0.4365582 0.4239509 0.4247261 0.3805685 0.3795180 0.3798126 0.3380318 0.3077923 0.2925225 0.4186393 0.3691517 0.4249540 
n280_415   0.3025123 0.2661523 0.2918998 0.2665799 0.4439683 0.0000000 0.3260823 0.2863026 0.2864602 0.2766624 0.0033516 0.3418295 0.2880271 0.0135136 0.3320415 0.3417234 0.3368671 0.0377882 0.3380108 0.3380387 0.3412750 0.3379035 0.2815121 0.2766624 0.0100999 0.2815251 0.0033510 0.2925547 0.3265771 0.2622853 0.3302196 0.2992507 0.3522600 0.3414448 0.3375429 0.0414044 0.2879681 0.3418205 0.3249619 0.3260215 0.2918998 0.2967261 0.3020151 0.3046665 0.3658103 0.3708168 0.3360882 0.2765201 0.3314070 
n278_409   0.3085911 0.2635969 0.2980042 0.2739157 0.3618864 0.3260823 0.0000000 0.2991165 0.2828416 0.2731911 0.3316706 0.3053529 0.2595421 0.3481583 0.0919087 0.3154517 0.0133589 0.3157185 0.0881855 0.3548664 0.3307624 0.0844507 0.3042921 0.2834271 0.3367030 0.2779814 0.3316080 0.2992710 0.0732153 0.2697002 0.3253769 0.2549144 0.3414531 0.3363867 0.0843754 0.3268503 0.2640678 0.3363923 0.3202152 0.3364753 0.2980042 0.2975673 0.2977881 0.2646383 0.3181162 0.3226245 0.3205870 0.2828823 0.3259086 
n286_427   0.2700767 0.2361988 0.2600226 0.1320842 0.4051159 0.2863026 0.2991165 0.0000000 0.2360330 0.2315313 0.2865952 0.3126430 0.2619358 0.2967254 0.3205570 0.3176927 0.3043599 0.2715190 0.3050947 0.3142077 0.3121013 0.3050028 0.0033368 0.2411835 0.2913754 0.2409161 0.2915322 0.2515419 0.2942557 0.1283608 0.3117118 0.2816322 0.3225873 0.3175104 0.3046849 0.2819677 0.2615389 0.3176126 0.3066136 0.3125940 0.2600226 0.2596935 0.2597350 0.2814135 0.3472265 0.3467063 0.3122833 0.2455949 0.3127415 
n289_432   0.0446765 0.1119283 0.0375727 0.2130779 0.3691063 0.2864602 0.2828416 0.2360330 0.0000000 0.0100381 0.2867532 0.2763707 0.2187217 0.2968906 0.2835102 0.2808780 0.2879486 0.2764344 0.2787955 0.3083654 0.2909625 0.2787149 0.2315584 0.0168308 0.2915366 0.0033283 0.2916936 0.0776368 0.2684146 0.2135772 0.2907444 0.2142802 0.3011305 0.2908654 0.2784301 0.2869621 0.2230561 0.2914111 0.2857895 0.2815759 0.0375727 0.0375439 0.0410769 0.2189429 0.3044581 0.3191256 0.2757629 0.0066715 0.2817041 
n295_444   0.0411625 0.1042167 0.0340936 0.2087082 0.3582463 0.2766624 0.2731911 0.2315313 0.0100381 0.0000000 0.2769439 0.2667085 0.2097850 0.2869508 0.2738298 0.2760786 0.2782302 0.2667667 0.2691703 0.2982440 0.2811264 0.2690934 0.2270795 0.0066882 0.2816720 0.0100461 0.2818221 0.0702611 0.2589377 0.2091966 0.2858851 0.2098796 0.2911610 0.2860040 0.2688201 0.2771437 0.2140760 0.2815576 0.2809602 0.2718425 0.0340936 0.0340676 0.0375836 0.2145143 0.2944873 0.3089821 0.2709975 0.0134251 0.2719651 
n300_455   0.3028251 0.2664209 0.2921995 0.2668492 0.4506582 0.0033516 0.3316706 0.2865952 0.2867532 0.2769439 0.0000000 0.3421945 0.2883231 0.0169440 0.3376894 0.3420880 0.3425471 0.0413540 0.3437167 0.3383992 0.3416374 0.3436066 0.2817993 0.2769439 0.0067183 0.2818122 0.0067225 0.2928558 0.3321757 0.2625501 0.3305680 0.2995610 0.3526377 0.3418078 0.3432383 0.0449975 0.2882640 0.3421852 0.3253038 0.3263665 0.2921995 0.2970315 0.3023270 0.3049835 0.3662021 0.3712147 0.3364443 0.2768013 0.3317578 
n236_339   0.3021396 0.2518125 0.2915486 0.2767744 0.4063342 0.3418295 0.3053529 0.3126430 0.2763707 0.2667085 0.3421945 0.0000000 0.2776701 0.3533777 0.3266331 0.0930892 0.3106575 0.3310132 0.3169852 0.1583526 0.0891971 0.3168876 0.3129309 0.2769466 0.3417259 0.2715056 0.3475539 0.2721798 0.3109430 0.2723546 0.0929298 0.2826090 0.0968359 0.1007032 0.3165538 0.3373114 0.2823427 0.0854319 0.0891379 0.0779536 0.2915486 0.2860299 0.2862430 0.2933141 0.3541676 0.3589670 0.0892313 0.2764113 0.0779823 
n285_424   0.2423896 0.2098132 0.2327027 0.2234903 0.3433974 0.2880271 0.2595421 0.2619358 0.2187217 0.2097850 0.2883231 0.2776701 0.0000000 0.2985207 0.2504655 0.2925717 0.2644334 0.2731464 0.2269591 0.3365187 0.2871239 0.2268980 0.2572843 0.2097850 0.2931339 0.2142298 0.2932927 0.2101137 0.2407676 0.2194392 0.2919953 0.1249050 0.2972627 0.3025505 0.2266737 0.2836667 0.0067271 0.2875666 0.2870200 0.2827911 0.2327027 0.2274976 0.2276621 0.1289950 0.3593926 0.3476750 0.2873502 0.2187560 0.2829204 
n274_403   0.3132037 0.2864407 0.3024191 0.2718759 0.4637790 0.0135136 0.3481583 0.2967254 0.2968906 0.2869508 0.0169440 0.3533777 0.2985207 0.0000000 0.3543465 0.3477580 0.3592926 0.0521240 0.3605384 0.3495655 0.3527930 0.3604199 0.2918700 0.2869508 0.0203698 0.2918822 0.0169411 0.3031055 0.3486932 0.2675543 0.3361353 0.3099410 0.3639669 0.3474736 0.3600293 0.0558465 0.2984607 0.3533616 0.3308303 0.3373094 0.3024191 0.3073144 0.3126891 0.3154450 0.3834832 0.3885944 0.3420666 0.2868021 0.3427848 
n274_401   0.3042421 0.2788984 0.2936963 0.2946459 0.3977656 0.3320415 0.0919087 0.3205570 0.2835102 0.2738298 0.3376894 0.3266331 0.2504655 0.3543465 0.0000000 0.3157871 0.0881907 0.3215776 0.0374946 0.3845926 0.3207412 0.0340072 0.3259029 0.2790994 0.3427679 0.2786349 0.3376257 0.3051337 0.0304996 0.2903378 0.3257269 0.2799580 0.3313021 0.3367542 0.0339779 0.3275179 0.2550083 0.3262970 0.3205574 0.3263773 0.2936963 0.2985178 0.2987401 0.2850696 0.3240626 0.3235734 0.3209301 0.2835511 0.3159346 
n297_450   0.2914834 0.2663655 0.2911853 0.2814954 0.4249375 0.3417234 0.3154517 0.3176927 0.2808780 0.2760786 0.3420880 0.0930892 0.2925717 0.3477580 0.3157871 0.0000000 0.3208283 0.3362758 0.3166417 0.1582860 0.0449742 0.3165444 0.3230467 0.2864459 0.3416198 0.2759895 0.3474443 0.2816253 0.3106092 0.2770578 0.0203975 0.2924021 0.0521509 0.0273548 0.3162113 0.3426270 0.2973254 0.0485928 0.0169594 0.0414673 0.2810668 0.2856749 0.2858875 0.2981471 0.3821376 0.3870779 0.0033600 0.2809189 0.0343872 
n277_408   0.3138932 0.2685664 0.3032221 0.2789673 0.3615714 0.3368671 0.0133589 0.3043599 0.2879486 0.2782302 0.3425471 0.3106575 0.2644334 0.3592926 0.0881907 0.3208283 0.0000000 0.3263516 0.0844839 0.3605774 0.3362484 0.0807664 0.3095751 0.2885464 0.3476482 0.2830534 0.3424827 0.3045170 0.0695878 0.2747309 0.3308218 0.2644940 0.3470227 0.3419224 0.0806946 0.3376664 0.2689861 0.3419254 0.3256221 0.3420100 0.3032221 0.3027759 0.3030013 0.2743465 0.3183017 0.3228127 0.3260013 0.2879897 0.3313631 
n278_411   0.3023109 0.2661950 0.2917081 0.2570925 0.4377345 0.0377882 0.3157185 0.2715190 0.2764344 0.2667667 0.0413540 0.3310132 0.2731464 0.0521240 0.3215776 0.3362758 0.3263516 0.0000000 0.3274497 0.3605428 0.3358378 0.3273474 0.2668134 0.2667667 0.0484732 0.2715665 0.0413466 0.2824174 0.3161953 0.2529053 0.3248663 0.2890500 0.3467392 0.3360022 0.3270002 0.0203659 0.2730887 0.3363730 0.3196460 0.3206858 0.2917081 0.2965303 0.3018144 0.2943858 0.3944903 0.3938796 0.3306853 0.2666304 0.3260300 
n299_452   0.2993978 0.2644659 0.2889207 0.2748082 0.3807619 0.3380108 0.0881855 0.3050947 0.2787955 0.2691703 0.3437167 0.3169852 0.2269591 0.3605384 0.0374946 0.3166417 0.0844839 0.3274497 0.0000000 0.3678232 0.3163315 0.0100157 0.3103269 0.2793731 0.3488398 0.2739487 0.3436520 0.2951647 0.0201715 0.2705770 0.3266114 0.2507856 0.3268490 0.3376746 0.0100072 0.3334558 0.2313190 0.3218619 0.3214259 0.3272649 0.2889207 0.2937152 0.2939336 0.2556870 0.3191087 0.3134085 0.3218005 0.2788360 0.3167897 
n200_283   0.3354505 0.2777329 0.3188676 0.2776808 0.4384714 0.3380387 0.3548664 0.3142077 0.3083654 0.2982440 0.3383992 0.1583526 0.3365187 0.3495655 0.3845926 0.1582860 0.3605774 0.3605428 0.3678232 0.0000000 0.1455822 0.3677005 0.3195604 0.3090212 0.3379361 0.3032633 0.3437517 0.3095524 0.3558064 0.2681232 0.1537979 0.3358872 0.1539086 0.1623859 0.3672989 0.3671951 0.3415561 0.1498607 0.1496538 0.1458224 0.3242913 0.3128054 0.3130423 0.3420898 0.3787944 0.3839623 0.1540003 0.2980877 0.1458802 
n287_430   0.3067415 0.2612173 0.3064251 0.2760062 0.4361015 0.3412750 0.3307624 0.3121013 0.2909625 0.2811264 0.3416374 0.0891971 0.2871239 0.3527930 0.3207412 0.0449742 0.3362484 0.3358378 0.3163315 0.1455822 0.0000000 0.3162345 0.3174078 0.2915724 0.3411717 0.2860074 0.3469834 0.2867184 0.3103077 0.2716005 0.0448996 0.2918846 0.0067219 0.0521139 0.3159021 0.3421758 0.2918410 0.0033557 0.0413498 0.0169447 0.2960970 0.3007851 0.3010106 0.2976155 0.3758593 0.3752688 0.0413923 0.2910043 0.0169506 
n292_437   0.2993084 0.2643909 0.2888359 0.2747290 0.3806336 0.3379035 0.0844507 0.3050028 0.2787149 0.2690934 0.3436066 0.3168876 0.2268980 0.3604199 0.0340072 0.3165444 0.0807664 0.3273474 0.0100157 0.3677005 0.3162345 0.0000000 0.3102327 0.2792921 0.3487273 0.2738700 0.3435420 0.2950770 0.0167716 0.2704994 0.3265097 0.2507157 0.3267471 0.3375676 0.0066566 0.3333504 0.2312564 0.3217623 0.3213266 0.3271628 0.2888359 0.2936284 0.2938466 0.2556152 0.3190110 0.3133134 0.3217009 0.2787553 0.3166924 
n285_426   0.2654030 0.2363544 0.2554108 0.1281503 0.4054085 0.2815121 0.3042921 0.0033368 0.2315584 0.2270795 0.2817993 0.3129309 0.2572843 0.2918700 0.3259029 0.3230467 0.3095751 0.2668134 0.3103269 0.3195604 0.3174078 0.3102327 0.0000000 0.2366734 0.2865544 0.2364112 0.2867079 0.2469605 0.2993992 0.1244369 0.3170111 0.2768686 0.3279725 0.3228610 0.3099082 0.2771935 0.2568951 0.3179053 0.3118766 0.3128816 0.2554108 0.2550874 0.2551281 0.2766551 0.3420896 0.3415783 0.3175946 0.2410642 0.3130295 
n296_445   0.0483207 0.1121422 0.0411643 0.2180296 0.3699090 0.2766624 0.2834271 0.2411835 0.0168308 0.0066882 0.2769439 0.2769466 0.2097850 0.2869508 0.2790994 0.2864459 0.2885464 0.2667667 0.2793731 0.3090212 0.2915724 0.2792921 0.2366734 0.0000000 0.2816720 0.0168444 0.2715094 0.0740193 0.2689668 0.2185423 0.2964001 0.2192617 0.3017650 0.2965238 0.2790061 0.2771437 0.2188136 0.2920228 0.2914011 0.2821644 0.0411643 0.0411329 0.0446916 0.2239654 0.3050980 0.3197999 0.2812818 0.0202592 0.2822932 
n299_454   0.3077123 0.2710771 0.2970183 0.2715138 0.4565221 0.0100999 0.3367030 0.2913754 0.2915366 0.2816720 0.0067183 0.3417259 0.2931339 0.0203698 0.3427679 0.3416198 0.3476482 0.0484732 0.3488398 0.3379361 0.3411717 0.3487273 0.2865544 0.2816720 0.0000000 0.2865670 0.0135055 0.2976884 0.3372166 0.2671977 0.3301206 0.3044508 0.3521525 0.3413415 0.3483525 0.0521660 0.2930745 0.3417170 0.3248648 0.3259238 0.2970183 0.3018772 0.3072067 0.3099084 0.3714719 0.3765104 0.3359868 0.2815265 0.3313062 
n287_428   0.0411504 0.1080609 0.0340837 0.2177901 0.3636191 0.2815251 0.2779814 0.2409161 0.0033283 0.0100461 0.2818122 0.2715056 0.2142298 0.2918822 0.2786349 0.2759895 0.2830534 0.2715665 0.2739487 0.3032633 0.2860074 0.2738700 0.2364112 0.0168444 0.2865670 0.0000000 0.2867205 0.0739396 0.2636442 0.2183017 0.2857925 0.2098136 0.2961064 0.2859114 0.2735910 0.2820165 0.2185417 0.2864472 0.2808694 0.2766741 0.0340837 0.0340576 0.0375727 0.2144467 0.2994328 0.3140105 0.2709103 0.0033289 0.2767995 
n292_439   0.3078812 0.2712196 0.2971793 0.2716569 0.4505803 0.0033510 0.3316080 0.2915322 0.2916936 0.2818221 0.0067225 0.3475539 0.2932927 0.0169411 0.3376257 0.3474443 0.3424827 0.0413466 0.3436520 0.3437517 0.3469834 0.3435420 0.2867079 0.2715094 0.0135055 0.2867205 0.0000000 0.2978502 0.3321129 0.2673381 0.3358340 0.3046181 0.3580637 0.3471603 0.3431737 0.0449895 0.2932331 0.3475415 0.3305343 0.3316163 0.2971793 0.3020416 0.3073751 0.3100797 0.3716904 0.3767329 0.3417578 0.2816765 0.3370461 
n236_337   0.0966976 0.1320964 0.0889588 0.2325367 0.3705619 0.2925547 0.2992710 0.2515419 0.0776368 0.0702611 0.2928558 0.2721798 0.2101137 0.3031055 0.3051337 0.2816253 0.3045170 0.2824174 0.2951647 0.3095524 0.2867184 0.2950770 0.2469605 0.0740193 0.2976884 0.0739396 0.2978502 0.0000000 0.2844831 0.2330881 0.2915170 0.2196315 0.2968438 0.2966612 0.2947713 0.2930711 0.2099225 0.2871602 0.2865494 0.2773621 0.0889588 0.0888749 0.0927165 0.2243437 0.3056910 0.3204167 0.2764964 0.0776501 0.2774881 
n280_413   0.2886726 0.2449547 0.2783766 0.2644699 0.3740519 0.3265771 0.0732153 0.2942557 0.2684146 0.2589377 0.3321757 0.3109430 0.2407676 0.3486932 0.0304996 0.3106092 0.0695878 0.3161953 0.0201715 0.3558064 0.3103077 0.0167716 0.2993992 0.2689668 0.3372166 0.2636442 0.3321129 0.2844831 0.0000000 0.2554428 0.3204830 0.2501433 0.3207145 0.3314223 0.0167573 0.3220794 0.2451972 0.3157765 0.3153502 0.3211217 0.2783766 0.2830983 0.2833073 0.2550291 0.3080857 0.3024932 0.3157158 0.2684541 0.3107547 
n265_386   0.2418614 0.2092091 0.2322005 0.0203452 0.3769409 0.2622853 0.2697002 0.1283608 0.2135772 0.2091966 0.2625501 0.2723546 0.2194392 0.2675543 0.2903378 0.2770578 0.2747309 0.2529053 0.2705770 0.2681232 0.2716005 0.2704994 0.1244369 0.2185423 0.2671977 0.2183017 0.2673381 0.2330881 0.2554428 0.0000000 0.2765185 0.2383061 0.2815064 0.2868211 0.2702234 0.2630806 0.2237864 0.2720150 0.2716497 0.2722303 0.2322005 0.2319063 0.2320741 0.2431465 0.3156503 0.3205557 0.2719595 0.2228440 0.2723531 
n275_406   0.3014998 0.2658519 0.3011898 0.2809466 0.4238771 0.3302196 0.3253769 0.3117118 0.2907444 0.2858851 0.3305680 0.0929298 0.2919953 0.3361353 0.3257269 0.0203975 0.3308218 0.3248663 0.3266114 0.1537979 0.0448996 0.3265097 0.3170111 0.2964001 0.3301206 0.2857925 0.3358340 0.2915170 0.3204830 0.2765185 0.0000000 0.2918266 0.0520640 0.0135233 0.3261645 0.3310839 0.2866247 0.0485120 0.0033543 0.0413985 0.2909356 0.2955953 0.2958163 0.2975569 0.3757120 0.3806127 0.0169492 0.2907861 0.0414133 
n265_384   0.2193054 0.2098192 0.2099384 0.2424297 0.3433659 0.2992507 0.2549144 0.2816322 0.2142802 0.2098796 0.2995610 0.2826090 0.1249050 0.3099410 0.2799580 0.2924021 0.2644940 0.2890500 0.2507856 0.3358872 0.2918846 0.2507157 0.2768686 0.2192617 0.3044508 0.2098136 0.3046181 0.2196315 0.2501433 0.2383061 0.2918266 0.0000000 0.3020779 0.3023700 0.2504636 0.2896087 0.1287931 0.2923354 0.2868565 0.2875378 0.2099384 0.2049348 0.2050815 0.0239073 0.3371223 0.3204132 0.2871862 0.2143140 0.2876699 
n289_434   0.3171398 0.2709660 0.3168107 0.2859577 0.4485085 0.3522600 0.3414531 0.3225873 0.3011305 0.2911610 0.3526377 0.0968359 0.2972627 0.3639669 0.3313021 0.0521509 0.3470227 0.3467392 0.3268490 0.1539086 0.0067219 0.3267471 0.3279725 0.3017650 0.3521525 0.2961064 0.3580637 0.2968438 0.3207145 0.2815064 0.0520640 0.3020779 0.0000000 0.0593581 0.3264014 0.3531966 0.3020375 0.0101145 0.0484796 0.0238365 0.3063334 0.3110788 0.3113132 0.3079076 0.3872643 0.3866511 0.0485296 0.3011730 0.0238447 
n293_442   0.3067840 0.2659617 0.3064674 0.2913013 0.4427564 0.3414448 0.3363867 0.3175104 0.2908654 0.2860040 0.3418078 0.1007032 0.3025505 0.3474736 0.3367542 0.0273548 0.3419224 0.3360022 0.3376746 0.1623859 0.0521139 0.3375676 0.3228610 0.2965238 0.3413415 0.2859114 0.3471603 0.2966612 0.3314223 0.2868211 0.0135233 0.3023700 0.0593581 0.0000000 0.3372079 0.3423470 0.2970881 0.0557720 0.0101197 0.0485835 0.2961351 0.2957184 0.2959396 0.3082081 0.3933116 0.3983067 0.0238660 0.2909071 0.0486009 
n300_453   0.2989982 0.2641232 0.2885388 0.2744484 0.3802182 0.3375429 0.0843754 0.3046849 0.2784301 0.2688201 0.3432383 0.3165538 0.2266737 0.3600293 0.0339779 0.3162113 0.0806946 0.3270002 0.0100072 0.3672989 0.3159021 0.0066566 0.3099082 0.2790061 0.3483525 0.2735910 0.3431737 0.2947713 0.0167573 0.2702234 0.3261645 0.2504636 0.3264014 0.3372079 0.0000000 0.3329950 0.2310273 0.3214227 0.3209879 0.3268163 0.2885388 0.2933256 0.2935434 0.2553573 0.3186771 0.3129871 0.3213614 0.2784705 0.3163590 
n277_410   0.3081968 0.2765405 0.2974825 0.2673138 0.4444100 0.0414044 0.3268503 0.2819677 0.2869621 0.2771437 0.0449975 0.3373114 0.2836667 0.0558465 0.3275179 0.3426270 0.3376664 0.0203659 0.3334558 0.3671951 0.3421758 0.3333504 0.2771935 0.2771437 0.0521660 0.2820165 0.0449895 0.2930711 0.3220794 0.2630806 0.3310839 0.2896087 0.3531966 0.3423470 0.3329950 0.0000000 0.2836079 0.3427244 0.3258099 0.3268760 0.2974825 0.3023502 0.3076899 0.2949574 0.3893017 0.3827844 0.3369732 0.2770008 0.3322776 
n286_425   0.2468520 0.2141035 0.2371098 0.2278497 0.3484267 0.2879681 0.2640678 0.2615389 0.2230561 0.2140760 0.2882640 0.2823427 0.0067271 0.2984607 0.2550083 0.2973254 0.2689861 0.2730887 0.2313190 0.3415561 0.2918410 0.2312564 0.2568951 0.2188136 0.2930745 0.2185417 0.2932331 0.2099225 0.2451972 0.2237864 0.2866247 0.1287931 0.3020375 0.2970881 0.2310273 0.2836079 0.0000000 0.2922919 0.2816883 0.2874928 0.2371098 0.2318692 0.2320370 0.1329032 0.3645154 0.3527197 0.2920722 0.2230908 0.2876249 
n290_435   0.3072189 0.2614626 0.3069016 0.2764278 0.4365582 0.3418205 0.3363923 0.3176126 0.2914111 0.2815576 0.3421852 0.0854319 0.2875666 0.3533616 0.3262970 0.0485928 0.3419254 0.3363730 0.3218619 0.1498607 0.0033557 0.3217623 0.3179053 0.2920228 0.3417170 0.2864472 0.3475415 0.2871602 0.3157765 0.2720150 0.0485120 0.2923354 0.0101145 0.0557720 0.3214227 0.3427244 0.2922919 0.0000000 0.0449420 0.0135273 0.2965547 0.3012508 0.3014769 0.2980774 0.3764665 0.3758741 0.0449883 0.2914529 0.0135320 
n294_443   0.2964698 0.2610610 0.2961657 0.2760568 0.4239509 0.3249619 0.3202152 0.3066136 0.2857895 0.2809602 0.3253038 0.0891379 0.2870200 0.3308303 0.3205574 0.0169594 0.3256221 0.3196460 0.3214259 0.1496538 0.0413498 0.3213266 0.3118766 0.2914011 0.3248648 0.2808694 0.3305343 0.2865494 0.3153502 0.2716497 0.0033543 0.2868565 0.0484796 0.0101197 0.3209879 0.3258099 0.2816883 0.0449420 0.0000000 0.0378609 0.2859795 0.2906134 0.2908302 0.2925409 0.3757758 0.3806774 0.0135288 0.2858308 0.0378744 
n295_446   0.2971751 0.2520125 0.2968697 0.2766465 0.4247261 0.3260215 0.3364753 0.3125940 0.2815759 0.2718425 0.3263665 0.0779536 0.2827911 0.3373094 0.3263773 0.0414673 0.3420100 0.3206858 0.3272649 0.1458224 0.0169447 0.3271628 0.3128816 0.2821644 0.3259238 0.2766741 0.3316163 0.2773621 0.3211217 0.2722303 0.0413985 0.2875378 0.0238365 0.0485835 0.3268163 0.3268760 0.2874928 0.0135273 0.0378609 0.0000000 0.2866575 0.2913025 0.2915202 0.2932379 0.3710825 0.3759683 0.0378999 0.2816169 0.0067373 
n293_440   0.0066965 0.1278452 0.0066906 0.2316532 0.3805685 0.2918998 0.2980042 0.2600226 0.0375727 0.0340936 0.2921995 0.2915486 0.2327027 0.3024191 0.2936963 0.2810668 0.3032221 0.2917081 0.2889207 0.3242913 0.2960970 0.2888359 0.2554108 0.0411643 0.2970183 0.0340837 0.2971793 0.0889588 0.2783766 0.2322005 0.2909356 0.2099384 0.3063334 0.2961351 0.2885388 0.2974825 0.2371098 0.2965547 0.2859795 0.2866575 0.0000000 0.0202548 0.0236985 0.2238511 0.3099161 0.3299242 0.2759501 0.0375791 0.2867888 
n298_449   0.0271693 0.1236973 0.0202548 0.2313602 0.3795180 0.2967261 0.2975673 0.2596935 0.0375439 0.0340676 0.2970315 0.2860299 0.2274976 0.3073144 0.2985178 0.2856749 0.3027759 0.2965303 0.2937152 0.3128054 0.3007851 0.2936284 0.2550874 0.0411329 0.3018772 0.0340576 0.3020416 0.0888749 0.2830983 0.2319063 0.2955953 0.2049348 0.3110788 0.2957184 0.2933256 0.3023502 0.2318692 0.3012508 0.2906134 0.2913025 0.0202548 0.0000000 0.0033323 0.2187192 0.3095238 0.3295078 0.2805285 0.0375504 0.2914365 
n297_448   0.0306539 0.1277443 0.0236985 0.2315273 0.3798126 0.3020151 0.2977881 0.2597350 0.0410769 0.0375836 0.3023270 0.2862430 0.2276621 0.3126891 0.2987401 0.2858875 0.3030013 0.3018144 0.2939336 0.3130423 0.3010106 0.2938466 0.2551281 0.0446916 0.3072067 0.0375727 0.3073751 0.0927165 0.2833073 0.2320741 0.2958163 0.2050815 0.3113132 0.2959396 0.2935434 0.3076899 0.2320370 0.3014769 0.2908302 0.2915202 0.0236985 0.0033323 0.0000000 0.2188768 0.3097560 0.3297569 0.2807367 0.0410840 0.2916544 
n266_385   0.2334235 0.2144509 0.2238511 0.2472895 0.3380318 0.3046665 0.2646383 0.2814135 0.2189429 0.2145143 0.3049835 0.2933141 0.1289950 0.3154450 0.2850696 0.2981471 0.2743465 0.2943858 0.2556870 0.3420898 0.2976155 0.2556152 0.2766551 0.2239654 0.3099084 0.2144467 0.3100797 0.2243437 0.2550291 0.2431465 0.2975569 0.0239073 0.3079076 0.3082081 0.2553573 0.2949574 0.1329032 0.2980774 0.2925409 0.2932379 0.2238511 0.2187192 0.2188768 0.0000000 0.3319234 0.3153332 0.2928786 0.2189772 0.2933736 
n251_360   0.3207408 0.3144965 0.3099161 0.3043301 0.3077923 0.3658103 0.3181162 0.3472265 0.3044581 0.2944873 0.3662021 0.3541676 0.3593926 0.3834832 0.3240626 0.3821376 0.3183017 0.3944903 0.3191087 0.3787944 0.3758593 0.3190110 0.3420896 0.3050980 0.3714719 0.2994328 0.3716904 0.3056910 0.3080857 0.3156503 0.3757120 0.3371223 0.3872643 0.3933116 0.3186771 0.3893017 0.3645154 0.3764665 0.3757758 0.3710825 0.3099161 0.3095238 0.3097560 0.3319234 0.0000000 0.0479561 0.3762257 0.3045006 0.3712692 
n255_366   0.3410439 0.3293220 0.3299242 0.3196108 0.2925225 0.3708168 0.3226245 0.3467063 0.3191256 0.3089821 0.3712147 0.3589670 0.3476750 0.3885944 0.3235734 0.3870779 0.3228127 0.3938796 0.3134085 0.3839623 0.3752688 0.3133134 0.3415783 0.3197999 0.3765104 0.3140105 0.3767329 0.3204167 0.3024932 0.3205557 0.3806127 0.3204132 0.3866511 0.3983067 0.3129871 0.3827844 0.3527197 0.3758741 0.3806774 0.3759683 0.3299242 0.3295078 0.3297569 0.3153332 0.0479561 0.0000000 0.3811337 0.3191690 0.3761582 
n298_451   0.2862837 0.2613566 0.2859919 0.2763718 0.4186393 0.3360882 0.3205870 0.3122833 0.2757629 0.2709975 0.3364443 0.0892313 0.2873502 0.3420666 0.3209301 0.0033600 0.3260013 0.3306853 0.3218005 0.1540003 0.0413923 0.3217009 0.3175946 0.2812818 0.3359868 0.2709103 0.3417578 0.2764964 0.3157158 0.2719595 0.0169492 0.2871862 0.0485296 0.0238660 0.3213614 0.3369732 0.2920722 0.0449883 0.0135288 0.0378999 0.2759501 0.2805285 0.2807367 0.2928786 0.3762257 0.3811337 0.0000000 0.2758033 0.0379133 
n290_433   0.0446841 0.1119471 0.0340684 0.2223208 0.3691517 0.2765201 0.2828823 0.2455949 0.0066715 0.0134251 0.2768013 0.2764113 0.2187560 0.2868021 0.2835511 0.2809189 0.2879897 0.2666304 0.2788360 0.2980877 0.2910043 0.2787553 0.2410642 0.0202592 0.2815265 0.0033289 0.2816765 0.0776501 0.2684541 0.2228440 0.2907861 0.2143140 0.3011730 0.2909071 0.2784705 0.2770008 0.2230908 0.2914529 0.2858308 0.2816169 0.0375791 0.0375504 0.0410840 0.2189772 0.3045006 0.3191690 0.2758033 0.0000000 0.2817452 
n296_447   0.2973129 0.2521236 0.2970073 0.2767718 0.4249540 0.3314070 0.3259086 0.3127415 0.2817041 0.2719651 0.3317578 0.0779823 0.2829204 0.3427848 0.3159346 0.0343872 0.3313631 0.3260300 0.3167897 0.1458802 0.0169506 0.3166924 0.3130295 0.2822932 0.3313062 0.2767995 0.3370461 0.2774881 0.3107547 0.2723531 0.0414133 0.2876699 0.0238447 0.0486009 0.3163590 0.3322776 0.2876249 0.0135320 0.0378744 0.0067373 0.2867888 0.2914365 0.2916544 0.2933736 0.3712692 0.3761582 0.0379133 0.2817452 0.0000000 
