22
n251_254   0.0000000 0.2955969 0.3067399 0.3699261 0.2866186 0.3052244 0.3207631 0.3313787 0.3205802 0.3308047 0.2905491 0.3697521 0.2524189 0.3643568 0.2766332 0.2961310 0.2913077 0.3102242 0.0484917 0.3647006 0.3067807 0.2953781 
n298_301   0.2955969 0.0000000 0.2104807 0.2657363 0.2059483 0.0236932 0.0733769 0.1387515 0.0271450 0.0340833 0.0168381 0.2471486 0.3253545 0.2609236 0.2147703 0.2235036 0.2279751 0.0271357 0.2881117 0.2473030 0.2105061 0.0168389 
n277_280   0.3067399 0.2104807 0.0000000 0.2580763 0.0482814 0.2239682 0.2242027 0.2160442 0.2284988 0.2375505 0.2151178 0.2349971 0.3171095 0.2581830 0.0554413 0.0698625 0.0662484 0.2284500 0.2982840 0.2399236 0.0033500 0.2239325 
n286_289   0.3699261 0.2657363 0.2580763 0.0000000 0.2488282 0.2853685 0.3044906 0.2948694 0.2902825 0.3001028 0.2752215 0.1680505 0.4145292 0.0033380 0.2582380 0.2770161 0.2673071 0.2902354 0.3830380 0.1640136 0.2581092 0.2847401 
n274_277   0.2866186 0.2059483 0.0482814 0.2488282 0.0000000 0.2105905 0.2284290 0.2204616 0.2238445 0.2328360 0.2105503 0.2438630 0.3121090 0.2440948 0.0169118 0.0306756 0.0272206 0.2149935 0.2879341 0.2394568 0.0447458 0.2193091 
n287_290   0.3052244 0.0236932 0.2239682 0.2853685 0.2105905 0.0000000 0.0770700 0.1431918 0.0236540 0.0305477 0.0340909 0.2709882 0.3353237 0.2804209 0.2194756 0.2282708 0.2327735 0.0033352 0.2977173 0.2711667 0.2239956 0.0340925 
n236_239   0.3207631 0.0733769 0.2242027 0.3044906 0.2284290 0.0770700 0.0000000 0.1429400 0.0846254 0.0921136 0.0844956 0.2855474 0.3556072 0.2994226 0.2375246 0.2465241 0.2511296 0.0807563 0.3132042 0.2857416 0.2242302 0.0844997 
n200_203   0.3313787 0.1387515 0.2160442 0.2948694 0.2204616 0.1431918 0.1429400 0.0000000 0.1511630 0.1593477 0.1469089 0.2664016 0.3633955 0.2898593 0.2295024 0.2292106 0.2430298 0.1472272 0.3285347 0.2665756 0.2204885 0.1509367 
n296_299   0.3205802 0.0271450 0.2284988 0.2902825 0.2238445 0.0236540 0.0846254 0.1511630 0.0000000 0.0066854 0.0375933 0.2758144 0.3464477 0.2853026 0.2328814 0.2418232 0.2463999 0.0270906 0.3130249 0.2759980 0.2285268 0.0375956 
n295_298   0.3308047 0.0340833 0.2375505 0.3001028 0.2328360 0.0305477 0.0921136 0.1593477 0.0066854 0.0000000 0.0446303 0.2854580 0.3570126 0.2950581 0.2419782 0.2510220 0.2556503 0.0340147 0.3232209 0.2856519 0.2375799 0.0446324 
n275_278   0.2905491 0.0168381 0.2151178 0.2752215 0.2105503 0.0340909 0.0844956 0.1469089 0.0375933 0.0446303 0.0000000 0.2564144 0.3251226 0.2703471 0.2194333 0.2235799 0.2280538 0.0375811 0.2879111 0.2565779 0.2151440 0.0271345 
n266_269   0.3697521 0.2471486 0.2349971 0.1680505 0.2438630 0.2709882 0.2855474 0.2664016 0.2758144 0.2854580 0.2564144 0.0000000 0.3865301 0.1681157 0.2532025 0.2671211 0.2671667 0.2757661 0.3612498 0.0168412 0.2350264 0.2657137 
n244_247   0.2524189 0.3253545 0.3171095 0.4145292 0.3121090 0.3353237 0.3556072 0.3633955 0.3464477 0.3570126 0.3251226 0.3865301 0.0000000 0.4086253 0.3119712 0.3270052 0.3219744 0.3303107 0.2491788 0.3813843 0.3174644 0.3305349 
n285_288   0.3643568 0.2609236 0.2581830 0.0033380 0.2440948 0.2804209 0.2994226 0.2898593 0.2853026 0.2950581 0.2703471 0.1681157 0.4086253 0.0000000 0.2534442 0.2721028 0.2624605 0.2852551 0.3773449 0.1598150 0.2582159 0.2798056 
n280_283   0.2766332 0.2147703 0.0554413 0.2582380 0.0169118 0.2194756 0.2375246 0.2295024 0.2328814 0.2419782 0.2194333 0.2532025 0.3119712 0.2534442 0.0000000 0.0272047 0.0237637 0.2239301 0.2778918 0.2487514 0.0518745 0.2236304 
n299_302   0.2961310 0.2235036 0.0698625 0.2770161 0.0306756 0.2282708 0.2465241 0.2292106 0.2418232 0.2510220 0.2235799 0.2671211 0.3270052 0.2721028 0.0272047 0.0000000 0.0168845 0.2327750 0.2974995 0.2626049 0.0662372 0.2371806 
n292_295   0.2913077 0.2279751 0.0662484 0.2673071 0.0272206 0.2327735 0.2511296 0.2430298 0.2463999 0.2556503 0.2280538 0.2671667 0.3219744 0.2624605 0.0237637 0.0168845 0.0000000 0.2373030 0.2926487 0.2626506 0.0626373 0.2417308 
n289_292   0.3102242 0.0271357 0.2284500 0.2902354 0.2149935 0.0033352 0.0807563 0.1472272 0.0270906 0.0340147 0.0375811 0.2757661 0.3303107 0.2852551 0.2239301 0.2327750 0.2373030 0.0000000 0.3027020 0.2759496 0.2284780 0.0375829 
n255_258   0.0484917 0.2881117 0.2982840 0.3830380 0.2879341 0.2977173 0.3132042 0.3285347 0.3130249 0.3232209 0.2879111 0.3612498 0.2491788 0.3773449 0.2778918 0.2974995 0.2926487 0.3027020 0.0000000 0.3562169 0.2983236 0.2878981 
n265_268   0.3647006 0.2473030 0.2399236 0.1640136 0.2394568 0.2711667 0.2857416 0.2665756 0.2759980 0.2856519 0.2565779 0.0168412 0.3813843 0.1598150 0.2487514 0.2626049 0.2626506 0.2759496 0.3562169 0.0000000 0.2399537 0.2658865 
n278_281   0.3067807 0.2105061 0.0033500 0.2581092 0.0447458 0.2239956 0.2242302 0.2204885 0.2285268 0.2375799 0.2151440 0.2350264 0.3174644 0.2582159 0.0518745 0.0662372 0.0626373 0.2284780 0.2983236 0.2399537 0.0000000 0.2239598 
n293_296   0.2953781 0.0168389 0.2239325 0.2847401 0.2193091 0.0340925 0.0844997 0.1509367 0.0375956 0.0446324 0.0271345 0.2657137 0.3305349 0.2798056 0.2236304 0.2371806 0.2417308 0.0375829 0.2878981 0.2658865 0.2239598 0.0000000 
