24
n236_237   0.0000000 0.3287708 0.0963401 0.3366023 0.0886271 0.4158347 0.0923900 0.3036323 0.1002622 0.3313364 0.1000286 0.3364589 0.3262348 0.3338310 0.0924415 0.0850010 0.3260728 0.3258756 0.0812116 0.2985597 0.0963498 0.4724841 0.4218792 0.1481669 
n266_267   0.3287708 0.0000000 0.3030071 0.3259749 0.3023738 0.4386528 0.3027019 0.1193760 0.3137533 0.3311496 0.3123894 0.3258392 0.3260488 0.0236373 0.3075987 0.2979059 0.3260153 0.3151105 0.2927287 0.1114872 0.3082828 0.4705724 0.4319446 0.2882183 
n296_297   0.0963401 0.3030071 0.0000000 0.3054348 0.0202601 0.4162574 0.0066905 0.2640830 0.0376287 0.3111075 0.0236827 0.3053133 0.3111393 0.3028358 0.0168426 0.0237022 0.3109853 0.3055146 0.0202582 0.2592732 0.0340987 0.4283892 0.4164375 0.1565093 
n277_278   0.3366023 0.3259749 0.3054348 0.0000000 0.2999911 0.4072749 0.3051249 0.2711811 0.3006941 0.0706452 0.3100426 0.0135546 0.0669749 0.3258674 0.3052332 0.3002862 0.0706452 0.0559034 0.2950606 0.2713388 0.3003548 0.4501488 0.4128862 0.3064701 
n290_291   0.0886271 0.3023738 0.0202601 0.2999911 0.0000000 0.4094784 0.0202422 0.2635497 0.0375946 0.3053309 0.0100512 0.2998734 0.3053619 0.3022032 0.0033360 0.0236809 0.3052114 0.2997968 0.0202400 0.2587519 0.0340678 0.4214759 0.4039080 0.1480294 
n255_256   0.4158347 0.4386528 0.4162574 0.4072749 0.4094784 0.0000000 0.4041330 0.3871505 0.4287222 0.4438899 0.4273942 0.4192459 0.4379776 0.4385569 0.4156235 0.4044883 0.4372702 0.4250412 0.3984353 0.3867096 0.4221615 0.2890048 0.0483601 0.3987963 
n295_296   0.0923900 0.3027019 0.0066905 0.3051249 0.0202422 0.4041330 0.0000000 0.2638217 0.0375954 0.3107906 0.0236619 0.3050037 0.3108223 0.3025308 0.0168278 0.0236813 0.3106686 0.3052045 0.0202404 0.2590172 0.0340685 0.4279247 0.4042985 0.1521194 
n286_287   0.3036323 0.1193760 0.2640830 0.2711811 0.2635497 0.3871505 0.2638217 0.0000000 0.2742350 0.2913177 0.2730774 0.2660461 0.2864495 0.1233899 0.2684961 0.2592393 0.2913177 0.2711549 0.2543312 0.0066793 0.2690784 0.4402870 0.3921264 0.2597148 
n298_299   0.1002622 0.3137533 0.0376287 0.3006941 0.0375946 0.4287222 0.0375954 0.2742350 0.0000000 0.3168451 0.0410939 0.3109888 0.3168776 0.3187257 0.0340929 0.0202785 0.3167203 0.3111953 0.0168507 0.2693520 0.0100613 0.4346056 0.4224859 0.1608449 
n299_300   0.3313364 0.3311496 0.3111075 0.0706452 0.3053309 0.4438899 0.3107906 0.2913177 0.3168451 0.0000000 0.3154585 0.0706289 0.0033563 0.3310394 0.3106161 0.3059129 0.0135236 0.0135311 0.3006396 0.2811385 0.3164828 0.4817064 0.4628743 0.3112045 
n287_288   0.1000286 0.3123894 0.0236827 0.3100426 0.0100512 0.4273942 0.0236619 0.2730774 0.0410939 0.3154585 0.0000000 0.3099182 0.3154907 0.3122120 0.0066848 0.0271167 0.3153347 0.3098396 0.0236592 0.2682193 0.0375487 0.4396998 0.4217084 0.1604508 
n278_279   0.3364589 0.3258392 0.3053133 0.0135546 0.2998734 0.4192459 0.3050037 0.2660461 0.3109888 0.0706289 0.3099182 0.0000000 0.0669596 0.3257317 0.3051119 0.3001681 0.0706289 0.0558910 0.2949460 0.2661999 0.3106353 0.4565520 0.4249437 0.3063476 
n292_293   0.3262348 0.3260488 0.3111393 0.0669749 0.3053619 0.4379776 0.3108223 0.2864495 0.3168776 0.0033563 0.3154907 0.0669596 0.0000000 0.3259412 0.3106477 0.3059441 0.0101233 0.0101289 0.3006701 0.2763341 0.3165152 0.4755069 0.4568146 0.3062202 
n265_266   0.3338310 0.0236373 0.3028358 0.3258674 0.3022032 0.4385569 0.3025308 0.1233899 0.3187257 0.3310394 0.3122120 0.3257317 0.3259412 0.0000000 0.3074245 0.3027734 0.3259077 0.3150085 0.2975632 0.1154524 0.3132162 0.4766346 0.4318976 0.2882002 
n289_290   0.0924415 0.3075987 0.0168426 0.3052332 0.0033360 0.4156235 0.0168278 0.2684961 0.0340929 0.3106161 0.0066848 0.3051119 0.3106477 0.3074245 0.0000000 0.0202487 0.3104943 0.3050342 0.0168260 0.2636640 0.0305860 0.4277319 0.4100109 0.1522049 
n293_294   0.0850010 0.2979059 0.0237022 0.3002862 0.0236809 0.4044883 0.0236813 0.2592393 0.0202785 0.3059129 0.0271167 0.3001681 0.3059441 0.3027734 0.0202487 0.0000000 0.3057930 0.3003650 0.0033367 0.2544614 0.0168458 0.4164250 0.4104373 0.1441763 
n280_281   0.3260728 0.3260153 0.3109853 0.0706452 0.3052114 0.4372702 0.3106686 0.2913177 0.3167203 0.0135236 0.3153347 0.0706289 0.0101233 0.3259077 0.3104943 0.3057930 0.0000000 0.0204075 0.3005220 0.2811385 0.3163583 0.4817064 0.4560634 0.3060688 
n274_275   0.3258756 0.3151105 0.3055146 0.0559034 0.2997968 0.4250412 0.3052045 0.2711549 0.3111953 0.0135311 0.3098396 0.0558910 0.0101289 0.3150085 0.3050342 0.3003650 0.0204075 0.0000000 0.2951383 0.2612638 0.3108413 0.4685468 0.4373376 0.3009398 
n275_276   0.0812116 0.2927287 0.0202582 0.2950606 0.0202400 0.3984353 0.0202404 0.2543312 0.0168507 0.3006396 0.0236592 0.2949460 0.3006701 0.2975632 0.0168260 0.0033367 0.3005220 0.2951383 0.0000000 0.2495866 0.0134385 0.4102680 0.4043308 0.1400252 
n285_286   0.2985597 0.1114872 0.2592732 0.2713388 0.2587519 0.3867096 0.2590172 0.0066793 0.2693520 0.2811385 0.2682193 0.2661999 0.2763341 0.1154524 0.2636640 0.2544614 0.2811385 0.2612638 0.2495866 0.0000000 0.2642339 0.4278465 0.3804873 0.2500292 
n297_298   0.0963498 0.3082828 0.0340987 0.3003548 0.0340678 0.4221615 0.0340685 0.2690784 0.0100613 0.3164828 0.0375487 0.3106353 0.3165152 0.3132162 0.0305860 0.0168458 0.3163583 0.3108413 0.0134385 0.2642339 0.0000000 0.4343935 0.4159875 0.1565265 
n244_245   0.4724841 0.4705724 0.4283892 0.4501488 0.4214759 0.2890048 0.4279247 0.4402870 0.4346056 0.4817064 0.4396998 0.4565520 0.4755069 0.4766346 0.4277319 0.4164250 0.4817064 0.4685468 0.4102680 0.4278465 0.4343935 0.0000000 0.3089473 0.4212172 
n251_252   0.4218792 0.4319446 0.4164375 0.4128862 0.4039080 0.0483601 0.4042985 0.3921264 0.4224859 0.4628743 0.4217084 0.4249437 0.4568146 0.4318976 0.4100109 0.4104373 0.4560634 0.4373376 0.4043308 0.3804873 0.4159875 0.3089473 0.0000000 0.4047172 
n200_201   0.1481669 0.2882183 0.1565093 0.3064701 0.1480294 0.3987963 0.1521194 0.2597148 0.1608449 0.3112045 0.1604508 0.3063476 0.3062202 0.2882002 0.1522049 0.1441763 0.3060688 0.3009398 0.1400252 0.2500292 0.1565265 0.4212172 0.4047172 0.0000000 
