22
n287_292   0.0000000 0.2402864 0.2442079 0.0203869 0.2702973 0.1584397 0.0595318 0.0033554 0.3903769 0.3902474 0.1010074 0.0067305 0.0558748 0.4093799 0.2353675 0.2492135 0.0632117 0.2856189 0.0669297 0.2552048 0.2491674 0.0669091 
n277_282   0.2402864 0.0000000 0.0555853 0.2398768 0.2449803 0.2396094 0.2397487 0.2402383 0.3780759 0.3720617 0.2062844 0.2403637 0.2349580 0.3550935 0.0237835 0.0592534 0.2495647 0.2496835 0.2447025 0.2352507 0.0555911 0.2544550 
n299_304   0.2442079 0.0555853 0.0000000 0.2486529 0.2489015 0.2632446 0.2485188 0.2441591 0.4004829 0.3942835 0.2335538 0.2442864 0.2436808 0.3888048 0.0591940 0.0100380 0.2534533 0.2489190 0.2485794 0.2391453 0.0168216 0.2633756 
n296_301   0.0203869 0.2398768 0.2486529 0.0000000 0.2647299 0.1497251 0.0521577 0.0169393 0.3836662 0.3835404 0.0931054 0.0203874 0.0485470 0.4087116 0.2349675 0.2536877 0.0557906 0.2799610 0.0594592 0.2547581 0.2487527 0.0594410 
n285_290   0.2702973 0.2449803 0.2489015 0.2647299 0.0000000 0.2797219 0.2698143 0.2651893 0.4336590 0.4272707 0.2541899 0.2653297 0.2648013 0.4092912 0.2400274 0.2539417 0.2698750 0.1541547 0.2750138 0.0169143 0.2538948 0.2749186 
n200_205   0.1584397 0.2396094 0.2632446 0.1497251 0.2797219 0.0000000 0.1539624 0.1541434 0.4261422 0.4196923 0.1451082 0.1584511 0.1497466 0.4147124 0.2443854 0.2683933 0.1582144 0.2896986 0.1625336 0.2644496 0.2633517 0.1582242 
n293_298   0.0595318 0.2397487 0.2485188 0.0521577 0.2698143 0.1539624 0.0000000 0.0558587 0.3774760 0.3714745 0.1008651 0.0595340 0.0033472 0.4209402 0.2300532 0.2535497 0.0134999 0.2850882 0.0169242 0.2547547 0.2486184 0.0169192 
n290_295   0.0033554 0.2402383 0.2441591 0.0169393 0.2651893 0.1541434 0.0558587 0.0000000 0.3842890 0.3841627 0.0970896 0.0033555 0.0522231 0.4031119 0.2353206 0.2491635 0.0595168 0.2803921 0.0632117 0.2502130 0.2491174 0.0631924 
n251_256   0.3903769 0.3780759 0.4004829 0.3836662 0.4336590 0.4261422 0.3774760 0.3842890 0.0000000 0.0410980 0.3825241 0.3845054 0.3776599 0.3648342 0.3778933 0.4068524 0.3776613 0.4272741 0.3778454 0.4082583 0.4005595 0.3776217 
n255_260   0.3902474 0.3720617 0.3942835 0.3835404 0.4272707 0.4196923 0.3714745 0.3841627 0.0410980 0.0000000 0.3706236 0.3843790 0.3716547 0.3591525 0.3718836 0.4005912 0.3716555 0.4271754 0.3718359 0.4021021 0.3943583 0.3716168 
n236_241   0.1010074 0.2062844 0.2335538 0.0931054 0.2541899 0.1451082 0.1008651 0.0970896 0.3825241 0.3706236 0.0000000 0.1010127 0.0969816 0.3485219 0.2108312 0.2384575 0.1008813 0.2540227 0.1048194 0.2491603 0.2336459 0.1047867 
n289_294   0.0067305 0.2403637 0.2442864 0.0203874 0.2653297 0.1584511 0.0595340 0.0033555 0.3845054 0.3843790 0.1010127 0.0000000 0.0558768 0.4033416 0.2354430 0.2492938 0.0632142 0.2856534 0.0669324 0.2503444 0.2492477 0.0669118 
n294_299   0.0558748 0.2349580 0.2436808 0.0485470 0.2648013 0.1497466 0.0033472 0.0522231 0.3776599 0.3716547 0.0969816 0.0558768 0.0000000 0.4211514 0.2253330 0.2486735 0.0100984 0.2799635 0.0135037 0.2498522 0.2437780 0.0134997 
n244_249   0.4093799 0.3550935 0.3888048 0.4087116 0.4092912 0.4147124 0.4209402 0.4031119 0.3648342 0.3591525 0.3485219 0.4033416 0.4211514 0.0000000 0.3492131 0.3950715 0.4275630 0.4279415 0.4340536 0.3966998 0.3888781 0.4212339 
n278_283   0.2353675 0.0237835 0.0591940 0.2349675 0.2400274 0.2443854 0.2300532 0.2353206 0.3778933 0.3718836 0.2108312 0.2354430 0.2253330 0.3492131 0.0000000 0.0628826 0.2397188 0.2446962 0.2349291 0.2303748 0.0592002 0.2445361 
n280_285   0.2492135 0.0592534 0.0100380 0.2536877 0.2539417 0.2683933 0.2535497 0.2491635 0.4068524 0.4005912 0.2384575 0.2492938 0.2486735 0.3950715 0.0628826 0.0000000 0.2585245 0.2440948 0.2536118 0.2441066 0.0202493 0.2685277 
n298_303   0.0632117 0.2495647 0.2534533 0.0557906 0.2698750 0.1582144 0.0134999 0.0595168 0.3776613 0.3716555 0.1008813 0.0632142 0.0100984 0.4275630 0.2397188 0.2585245 0.0000000 0.2799444 0.0033472 0.2548104 0.2535554 0.0169215 
n266_271   0.2856189 0.2496835 0.2489190 0.2799610 0.1541547 0.2896986 0.2850882 0.2803921 0.4272741 0.4271754 0.2540227 0.2856534 0.2799635 0.4279415 0.2446962 0.2440948 0.2799444 0.0000000 0.2851598 0.1498526 0.2489572 0.2903101 
n297_302   0.0669297 0.2447025 0.2485794 0.0594592 0.2750138 0.1625336 0.0169242 0.0632117 0.3778454 0.3718359 0.1048194 0.0669324 0.0135037 0.4340536 0.2349291 0.2536118 0.0033472 0.2851598 0.0000000 0.2598319 0.2486791 0.0203653 
n286_291   0.2552048 0.2352507 0.2391453 0.2547581 0.0169143 0.2644496 0.2547547 0.2502130 0.4082583 0.4021021 0.2491603 0.2503444 0.2498522 0.3966998 0.2303748 0.2441066 0.2548104 0.1498526 0.2598319 0.0000000 0.2440615 0.2597429 
n274_279   0.2491674 0.0555911 0.0168216 0.2487527 0.2538948 0.2633517 0.2486184 0.2491174 0.4005595 0.3943583 0.2336459 0.2492477 0.2437780 0.3888781 0.0592002 0.0202493 0.2535554 0.2489572 0.2486791 0.2440615 0.0000000 0.2634828 
n275_280   0.0669091 0.2544550 0.2633756 0.0594410 0.2749186 0.1582242 0.0169192 0.0631924 0.3776217 0.3716168 0.1047867 0.0669118 0.0134997 0.4212339 0.2445361 0.2685277 0.0169215 0.2903101 0.0203653 0.2597429 0.2634828 0.0000000 
