24
n236_237   0.0000000 0.2738117 0.0589705 0.3082489 0.0553428 0.4285572 0.0626656 0.2588366 0.0773687 0.3043661 0.2981033 0.2988775 0.2793431 0.0625136 0.0662718 0.2986484 0.2935076 0.0847921 0.2638880 0.0699076 0.0810489 0.4124141 0.4101830 0.1361438 
n266_267   0.2738117 0.0000000 0.2308749 0.2366046 0.2261814 0.4119589 0.2357750 0.1121577 0.2311643 0.2562816 0.2273482 0.2511686 0.0237023 0.2351387 0.2354890 0.2461457 0.2414803 0.2496828 0.1120723 0.2355458 0.2356484 0.3447530 0.3589175 0.2411868 
n296_297   0.0589705 0.2308749 0.0000000 0.2632085 0.0033340 0.4099752 0.0033390 0.2123458 0.0306260 0.2500259 0.2586100 0.2449871 0.2360077 0.0100402 0.0271280 0.2448050 0.2400439 0.0375971 0.2170481 0.0305807 0.0340939 0.3817684 0.3859661 0.1082514 
n277_278   0.3082489 0.2366046 0.2632085 0.0000000 0.2583014 0.4130723 0.2634313 0.2314971 0.2636351 0.1007611 0.0134447 0.0929329 0.2602042 0.2676116 0.2585001 0.0890442 0.0890405 0.2681833 0.2363563 0.2585636 0.2682959 0.3837730 0.3767797 0.2948684 
n290_291   0.0553428 0.2261814 0.0033340 0.2583014 0.0000000 0.4038963 0.0066911 0.2167478 0.0271474 0.2451923 0.2537319 0.2401936 0.2312705 0.0066753 0.0236713 0.2400156 0.2352886 0.0340836 0.2214801 0.0271073 0.0305989 0.3759153 0.3800947 0.1043261 
n255_256   0.4285572 0.4119589 0.4099752 0.4130723 0.4038963 0.0000000 0.4164186 0.4067071 0.4157467 0.4465819 0.4016889 0.4462751 0.4064658 0.4151598 0.4092329 0.4261940 0.4334062 0.4156645 0.4130671 0.4031685 0.4214037 0.3233279 0.0377873 0.4181116 
n295_296   0.0626656 0.2357750 0.0033390 0.2634313 0.0066911 0.4164186 0.0000000 0.2171005 0.0341495 0.2550825 0.2637173 0.2499991 0.2409563 0.0134336 0.0306269 0.2498125 0.2450134 0.0411611 0.2218415 0.0340990 0.0376366 0.3879604 0.3921792 0.1122841 
n286_287   0.2588366 0.1121577 0.2123458 0.2314971 0.2167478 0.4067071 0.2171005 0.0000000 0.2260514 0.2512628 0.2223196 0.2461946 0.1201537 0.2209612 0.2257309 0.2367068 0.2365838 0.2399047 0.0033408 0.2257848 0.2304984 0.3393594 0.3654391 0.2272555 
n298_299   0.0773687 0.2311643 0.0306260 0.2636351 0.0271474 0.4157467 0.0341495 0.2260514 0.0000000 0.2598965 0.2590279 0.2547729 0.2408063 0.0340679 0.0100568 0.2545822 0.2497491 0.0202715 0.2308562 0.0134357 0.0033363 0.3873413 0.3915539 0.1200831 
n299_300   0.3043661 0.2562816 0.2500259 0.1007611 0.2451923 0.4465819 0.2550825 0.2512628 0.2598965 0.0000000 0.0930784 0.0067567 0.2805977 0.2543848 0.2547729 0.0239396 0.0204723 0.2693826 0.2562884 0.2548355 0.2645526 0.4158339 0.4081708 0.2859328 
n278_279   0.2981033 0.2273482 0.2586100 0.0134447 0.2537319 0.4016889 0.2637173 0.2223196 0.2590279 0.0930784 0.0000000 0.0853431 0.2506501 0.2629946 0.2539264 0.0815018 0.0814981 0.2635547 0.2271114 0.2539886 0.2636651 0.3902190 0.3712331 0.2848582 
n292_293   0.2988775 0.2511686 0.2449871 0.0929329 0.2401936 0.4462751 0.2499991 0.2461946 0.2547729 0.0067567 0.0853431 0.0000000 0.2752874 0.2493181 0.2496959 0.0169920 0.0135615 0.2641862 0.2511762 0.2497569 0.2593943 0.4094537 0.4078973 0.2805753 
n265_266   0.2793431 0.0237023 0.2360077 0.2602042 0.2312705 0.4064658 0.2409563 0.1201537 0.2408063 0.2805977 0.2506501 0.2752874 0.0000000 0.2403027 0.2451833 0.2700733 0.2652596 0.2595896 0.1200617 0.2452430 0.2453504 0.3514401 0.3537648 0.2464285 
n289_290   0.0625136 0.2351387 0.0100402 0.2676116 0.0066753 0.4151598 0.0134336 0.2209612 0.0340679 0.2543848 0.2629946 0.2493181 0.2403027 0.0000000 0.0305537 0.2491325 0.2443486 0.0410623 0.2257187 0.0340173 0.0375464 0.3868060 0.3910124 0.1120020 
n293_294   0.0662718 0.2354890 0.0271280 0.2585001 0.0236713 0.4092329 0.0306269 0.2257309 0.0100568 0.2547729 0.2539264 0.2496959 0.2451833 0.0305537 0.0000000 0.2495097 0.2447164 0.0168340 0.2305274 0.0033333 0.0134341 0.3810900 0.3852801 0.1159983 
n280_281   0.2986484 0.2461457 0.2448050 0.0890442 0.2400156 0.4261940 0.2498125 0.2367068 0.2545822 0.0239396 0.0815018 0.0169920 0.2700733 0.2491325 0.2495097 0.0000000 0.0135479 0.2639874 0.2416150 0.2495707 0.2591997 0.4089354 0.3889491 0.2803613 
n274_275   0.2935076 0.2414803 0.2400439 0.0890405 0.2352886 0.4334062 0.2450134 0.2365838 0.2497491 0.0204723 0.0814981 0.0135615 0.2652596 0.2443486 0.2447164 0.0135479 0.0000000 0.2590932 0.2414890 0.2447759 0.2543377 0.4030460 0.3957287 0.2753290 
n275_276   0.0847921 0.2496828 0.0375971 0.2681833 0.0340836 0.4156645 0.0411611 0.2399047 0.0202715 0.2693826 0.2635547 0.2641862 0.2595896 0.0410623 0.0168340 0.2639874 0.2590932 0.0000000 0.2448116 0.0202411 0.0168516 0.3985502 0.3914793 0.1279751 
n285_286   0.2638880 0.1120723 0.2170481 0.2363563 0.2214801 0.4130671 0.2218415 0.0033408 0.2308562 0.2562884 0.2271114 0.2511762 0.1200617 0.2257187 0.2305274 0.2416150 0.2414890 0.2448116 0.0000000 0.2305826 0.2353333 0.3451204 0.3714124 0.2320875 
n294_295   0.0699076 0.2355458 0.0305807 0.2585636 0.0271073 0.4031685 0.0340990 0.2257848 0.0134357 0.2548355 0.2539886 0.2497569 0.2452430 0.0340173 0.0033333 0.2495707 0.2447759 0.0202411 0.2305826 0.0000000 0.0168260 0.3811955 0.3794222 0.1120305 
n297_298   0.0810489 0.2356484 0.0340939 0.2682959 0.0305989 0.4214037 0.0376366 0.2304984 0.0033363 0.2645526 0.2636651 0.2593943 0.2453504 0.0375464 0.0134341 0.2591997 0.2543377 0.0168516 0.2353333 0.0168260 0.0000000 0.3928115 0.3970376 0.1239847 
n244_245   0.4124141 0.3447530 0.3817684 0.3837730 0.3759153 0.3233279 0.3879604 0.3393594 0.3873413 0.4158339 0.3902190 0.4094537 0.3514401 0.3868060 0.3810900 0.4089354 0.4030460 0.3985502 0.3451204 0.3811955 0.3928115 0.0000000 0.3081574 0.3769903 
n251_252   0.4101830 0.3589175 0.3859661 0.3767797 0.3800947 0.0377873 0.3921792 0.3654391 0.3915539 0.4081708 0.3712331 0.4078973 0.3537648 0.3910124 0.3852801 0.3889491 0.3957287 0.3914793 0.3714124 0.3794222 0.3970376 0.3081574 0.0000000 0.4053975 
n200_201   0.1361438 0.2411868 0.1082514 0.2948684 0.1043261 0.4181116 0.1122841 0.2272555 0.1200831 0.2859328 0.2848582 0.2805753 0.2464285 0.1120020 0.1159983 0.2803613 0.2753290 0.1279751 0.2320875 0.1120305 0.1239847 0.3769903 0.4053975 0.0000000 
