29
n266_295   0.0000000 0.2984074 0.3094623 0.3317974 0.4994181 0.3047034 0.1274357 0.3044566 0.3148639 0.4465739 0.3095011 0.3045417 0.2982524 0.3032054 0.2881309 0.1274851 0.3092135 0.4667001 0.3298549 0.3149988 0.4347086 0.0237025 0.3351447 0.1274870 0.1353504 0.3043254 0.2994528 0.2942841 0.4536206 
n299_332   0.2984074 0.0000000 0.2789070 0.3152770 0.4977650 0.2792735 0.2728729 0.2689053 0.2840687 0.4718233 0.2837376 0.2840210 0.0033282 0.0167930 0.0134119 0.2681072 0.2739439 0.4653000 0.0517014 0.3250305 0.4529699 0.2833001 0.0552884 0.2729970 0.2824886 0.2787488 0.2742102 0.2643405 0.5046385 
n297_330   0.3094623 0.2789070 0.0000000 0.1608311 0.4661047 0.0342516 0.2937001 0.0203290 0.0237821 0.4222849 0.0342139 0.0307335 0.2737854 0.2833527 0.2736096 0.2988326 0.0033470 0.4605409 0.3042318 0.0926354 0.3988745 0.2941028 0.2991542 0.2988374 0.3138469 0.0307149 0.0307363 0.0168978 0.4600550 
n200_215   0.3317974 0.3152770 0.1608311 0.0000000 0.5072642 0.1610188 0.2944758 0.1608905 0.1651516 0.4683753 0.1608339 0.1567376 0.3151108 0.3149044 0.3047059 0.2996266 0.1650233 0.4487495 0.3367753 0.1609642 0.4558346 0.3211519 0.3209242 0.2996314 0.3044480 0.1566352 0.1567535 0.1484072 0.5080272 
n251_278   0.4994181 0.4977650 0.4661047 0.5072642 0.0000000 0.4470336 0.4786496 0.4791999 0.4858610 0.4157633 0.4594867 0.4534442 0.4906814 0.5104508 0.4903853 0.4659233 0.4725143 0.3050055 0.5047780 0.4867242 0.4044591 0.4997215 0.5183343 0.4789049 0.4982422 0.4466024 0.4344455 0.4598571 0.0556103 
n296_329   0.3047034 0.2792735 0.0342516 0.1610188 0.4470336 0.0000000 0.2940760 0.0342628 0.0377949 0.4105418 0.0272413 0.0237909 0.2741440 0.2837254 0.2739678 0.2992165 0.0377656 0.4353029 0.3046370 0.1004474 0.3874834 0.2896322 0.2995516 0.2992213 0.3142538 0.0237766 0.0101004 0.0307568 0.4411362 
n286_319   0.1274357 0.2728729 0.2937001 0.2944758 0.4786496 0.2940760 0.0000000 0.2938269 0.2989723 0.4341160 0.2937331 0.2888783 0.2727337 0.2775142 0.2629824 0.0066856 0.2934662 0.4347326 0.2830480 0.2940873 0.4224402 0.1273854 0.2930921 0.0066857 0.0134214 0.2886751 0.2889087 0.2788528 0.4407781 
n293_326   0.3044566 0.2689053 0.0203290 0.1608905 0.4791999 0.0342628 0.2938269 0.0000000 0.0168955 0.4164759 0.0342251 0.0307435 0.2638627 0.2733018 0.2636951 0.2989626 0.0237721 0.4669416 0.2938569 0.0926673 0.3932331 0.2891953 0.2888540 0.2989674 0.3139860 0.0307249 0.0307463 0.0100843 0.4730416 
n275_306   0.3148639 0.2840687 0.0237821 0.1651516 0.4858610 0.0377949 0.2989723 0.0168955 0.0000000 0.4223814 0.0377521 0.0342541 0.2789047 0.2885412 0.2787246 0.3041459 0.0272428 0.4734937 0.3095945 0.0965151 0.3989639 0.2993836 0.3044767 0.3041508 0.3192750 0.0342333 0.0342572 0.0134822 0.4796490 
n251_276   0.4465739 0.4718233 0.4222849 0.4683753 0.4157633 0.4105418 0.4341160 0.4164759 0.4223814 0.0000000 0.4041881 0.4163069 0.4649970 0.4846110 0.4652094 0.4221321 0.4283150 0.3820875 0.4857849 0.4469954 0.0377879 0.4398995 0.4923179 0.4222731 0.4525289 0.4159899 0.4163497 0.4163901 0.3871882 
n287_320   0.3095011 0.2837376 0.0342139 0.1608339 0.4594867 0.0272413 0.2937331 0.0342251 0.0377521 0.4041881 0.0000000 0.0100917 0.2785803 0.2933417 0.2834655 0.2988675 0.0377239 0.4534904 0.3145382 0.0964789 0.3871586 0.2941360 0.3093875 0.2988723 0.3138874 0.0100857 0.0237669 0.0307230 0.4534902 
n289_322   0.3045417 0.2840210 0.0307335 0.1567376 0.4534442 0.0237909 0.2888783 0.0307435 0.0342541 0.4163069 0.0100917 0.0000000 0.2788575 0.2884932 0.2786775 0.2939795 0.0342285 0.4474981 0.3095448 0.0965481 0.3930748 0.2892736 0.3044273 0.2939842 0.3037137 0.0067113 0.0203332 0.0272572 0.4474934 
n292_325   0.2982524 0.0033282 0.2737854 0.3151108 0.4906814 0.2741440 0.2727337 0.2638627 0.2789047 0.4649970 0.2785803 0.2788575 0.0000000 0.0202065 0.0168104 0.2679707 0.2688606 0.4585468 0.0553043 0.3248585 0.4463290 0.2831543 0.0589109 0.2728576 0.2823436 0.2736305 0.2691209 0.2593277 0.4974849 
n274_305   0.3032054 0.0167930 0.2833527 0.3149044 0.5104508 0.2837254 0.2775142 0.2733018 0.2885412 0.4846110 0.2933417 0.2884932 0.0202065 0.0000000 0.0167913 0.2727227 0.2783659 0.4712400 0.0481050 0.3246447 0.4654299 0.2880093 0.0516716 0.2776407 0.2871831 0.2831920 0.2786371 0.2687197 0.5108892 
n280_311   0.2881309 0.0134119 0.2736096 0.3047059 0.4903853 0.2739678 0.2629824 0.2636951 0.2787246 0.4652094 0.2834655 0.2786775 0.0168104 0.0167913 0.0000000 0.2582811 0.2686889 0.4522212 0.0516957 0.3143314 0.4465312 0.2732438 0.0552822 0.2631010 0.2724650 0.2734549 0.2689488 0.2591636 0.4908044 
n285_316   0.1274851 0.2681072 0.2988326 0.2996266 0.4659233 0.2992165 0.0066856 0.2989626 0.3041459 0.4221321 0.2988675 0.2939795 0.2679707 0.2727227 0.2582811 0.0000000 0.2985940 0.4227344 0.2782137 0.2992294 0.4106364 0.1274347 0.2931515 0.0066880 0.0202332 0.2937721 0.2940105 0.2838804 0.4286767 
n298_331   0.3092135 0.2739439 0.0033470 0.1650233 0.4725143 0.0377656 0.2934662 0.0237721 0.0272428 0.4283150 0.0377239 0.0342285 0.2688606 0.2783659 0.2686889 0.2985940 0.0000000 0.4669033 0.2990879 0.0964414 0.4047150 0.2938683 0.2940464 0.2985987 0.3135943 0.0342077 0.0342316 0.0203241 0.4664128 
n244_269   0.4667001 0.4653000 0.4605409 0.4487495 0.3050055 0.4353029 0.4347326 0.4669416 0.4734937 0.3820875 0.4534904 0.4474981 0.4585468 0.4712400 0.4522212 0.4227344 0.4669033 0.0000000 0.4658219 0.4740637 0.3543852 0.4606862 0.4659916 0.4290589 0.4466779 0.4471506 0.4351242 0.4479159 0.3007267 
n277_308   0.3298549 0.0517014 0.3042318 0.3367753 0.5047780 0.3046370 0.2830480 0.2938569 0.3095945 0.4857849 0.3145382 0.3095448 0.0553043 0.0481050 0.0516957 0.2782137 0.2990879 0.4658219 0.0000000 0.3468807 0.4665412 0.3140743 0.0168126 0.2831779 0.3028815 0.3040575 0.2993845 0.2891528 0.5052116 
n236_259   0.3149988 0.3250305 0.0926354 0.1609642 0.4867242 0.1004474 0.2940873 0.0926673 0.0965151 0.4469954 0.0964789 0.0965481 0.3248585 0.3246447 0.3143314 0.2992294 0.0964414 0.4740637 0.3468807 0.0000000 0.4355332 0.3046180 0.3414900 0.2992342 0.3142717 0.0964872 0.0965575 0.0813368 0.4674733 
n255_282   0.4347086 0.4529699 0.3988745 0.4558346 0.4044591 0.3874834 0.4224402 0.3932331 0.3989639 0.0377879 0.3871586 0.3930748 0.4463290 0.4654299 0.4465312 0.4106364 0.4047150 0.3543852 0.4665412 0.4355332 0.0000000 0.4281433 0.4729112 0.4168508 0.4405671 0.3927797 0.3931157 0.3931568 0.3762808 
n265_294   0.0237025 0.2833001 0.2941028 0.3211519 0.4997215 0.2896322 0.1273854 0.2891953 0.2993836 0.4398995 0.2941360 0.2892736 0.2831543 0.2880093 0.2732438 0.1274347 0.2938683 0.4606862 0.3140743 0.3046180 0.4281433 0.0000000 0.3192541 0.1274366 0.1352973 0.2890699 0.2844895 0.2792323 0.4603501 
n278_309   0.3351447 0.0552884 0.2991542 0.3209242 0.5183343 0.2995516 0.2930921 0.2888540 0.3044767 0.4923179 0.3093875 0.3044273 0.0589109 0.0516716 0.0552822 0.2931515 0.2940464 0.4659916 0.0168126 0.3414900 0.4729112 0.3192541 0.0000000 0.2982196 0.3132017 0.2989832 0.2943370 0.2841776 0.5187807 
n286_317   0.1274870 0.2729970 0.2988374 0.2996314 0.4789049 0.2992213 0.0066857 0.2989674 0.3041508 0.4222731 0.2988723 0.2939842 0.2728576 0.2776407 0.2631010 0.0066880 0.2985987 0.4290589 0.2831779 0.2992342 0.4168508 0.1274366 0.2982196 0.0000000 0.0202335 0.2937768 0.2940152 0.2838849 0.4410071 
n285_318   0.1353504 0.2824886 0.3138469 0.3044480 0.4982422 0.3142538 0.0134214 0.3139860 0.3192750 0.4525289 0.3138874 0.3037137 0.2823436 0.2871831 0.2724650 0.0202332 0.3135943 0.4466779 0.3028815 0.3142717 0.4405671 0.1352973 0.3132017 0.0202335 0.0000000 0.3086879 0.3089402 0.2986035 0.4593772 
n290_323   0.3043254 0.2787488 0.0307149 0.1566352 0.4466024 0.0237766 0.2886751 0.0307249 0.0342333 0.4159899 0.0100857 0.0067113 0.2736305 0.2831920 0.2734549 0.2937721 0.0342077 0.4471506 0.3040575 0.0964872 0.3927797 0.2890699 0.2989832 0.2937768 0.3086879 0.0000000 0.0203209 0.0272408 0.4407108 
n295_328   0.2994528 0.2742102 0.0307363 0.1567535 0.4344455 0.0101004 0.2889087 0.0307463 0.0342572 0.4163497 0.0237669 0.0203332 0.2691209 0.2786371 0.2689488 0.2940105 0.0342316 0.4351242 0.2993845 0.0965575 0.3931157 0.2844895 0.2943370 0.2940152 0.3089402 0.0203209 0.0000000 0.0272597 0.4286459 
n294_327   0.2942841 0.2643405 0.0168978 0.1484072 0.4598571 0.0307568 0.2788528 0.0100843 0.0134822 0.4163901 0.0307230 0.0272572 0.2593277 0.2687197 0.2591636 0.2838804 0.0203241 0.4479159 0.2891528 0.0813368 0.3931568 0.2792323 0.2841776 0.2838849 0.2986035 0.0272408 0.0272597 0.0000000 0.4538555 
n255_284   0.4536206 0.5046385 0.4600550 0.5080272 0.0556103 0.4411362 0.4407781 0.4730416 0.4796490 0.3871882 0.4534902 0.4474934 0.4974849 0.5108892 0.4908044 0.4286767 0.4664128 0.3007267 0.5052116 0.4674733 0.3762808 0.4603501 0.5187807 0.4410071 0.4593772 0.4407108 0.4286459 0.4538555 0.0000000 
