23
n236_237   0.0000000 0.3602083 0.1125108 0.3359326 0.1126928 0.4661933 0.1164674 0.2995172 0.1083817 0.3479903 0.3360455 0.3488157 0.1207022 0.1202654 0.3593244 0.3539899 0.1047083 0.2997866 0.1163690 0.1122656 0.4943307 0.4711191 0.2105504 
n266_267   0.3602083 0.0000000 0.3485313 0.3213453 0.3545882 0.4026586 0.3541478 0.1169664 0.3424802 0.3219677 0.3214505 0.0239126 0.3545882 0.3426605 0.3329193 0.3224533 0.3432869 0.1210289 0.3374379 0.3478967 0.4641618 0.4080951 0.3335988 
n296_297   0.1125108 0.3485313 0.0000000 0.3304795 0.0100947 0.4391042 0.0033424 0.3042485 0.0271910 0.3368522 0.3305894 0.3432995 0.0169163 0.0376868 0.3480059 0.3483745 0.0272449 0.3045227 0.0341937 0.0271963 0.4604572 0.4502423 0.2015329 
n277_278   0.3359326 0.3213453 0.3304795 0.0000000 0.3310354 0.4074319 0.3359384 0.2786924 0.3187478 0.0483228 0.0066785 0.3371772 0.3310354 0.3404341 0.0519155 0.0519635 0.3140889 0.2839115 0.3352485 0.3239686 0.3926137 0.4314219 0.3435721 
n290_291   0.1126928 0.3545882 0.0100947 0.3310354 0.0000000 0.4398550 0.0134930 0.3047588 0.0307075 0.3374207 0.3311456 0.3493152 0.0067204 0.0412721 0.3485941 0.3489639 0.0307684 0.3050338 0.0377583 0.0307134 0.4612416 0.4510111 0.2018650 
n255_256   0.4661933 0.4026586 0.4391042 0.4074319 0.4398550 0.0000000 0.4455123 0.3787022 0.4313319 0.4211211 0.4009890 0.4148594 0.4398550 0.4504800 0.4273723 0.4032877 0.4383874 0.3905217 0.4569596 0.4436071 0.3038572 0.0450230 0.4597348 
n295_296   0.1164674 0.3541478 0.0033424 0.3359384 0.0134930 0.4455123 0.0000000 0.3095073 0.0306674 0.3423748 0.3360513 0.3488799 0.0203505 0.0412184 0.3536180 0.3539945 0.0307283 0.3097873 0.0377092 0.0306734 0.4670267 0.4567369 0.2060512 
n286_287   0.2995172 0.1169664 0.3042485 0.2786924 0.3047588 0.3787022 0.3095073 0.0000000 0.2986167 0.2739818 0.2787759 0.1248806 0.3047588 0.3089855 0.2841754 0.2743794 0.2992961 0.0067177 0.3039950 0.3037028 0.4126694 0.3832956 0.3163094 
n298_299   0.1083817 0.3424802 0.0271910 0.3187478 0.0307075 0.4313319 0.0306674 0.2986167 0.0000000 0.3251578 0.3188510 0.3372915 0.0377409 0.0236900 0.3359133 0.3362645 0.0134578 0.2988844 0.0202667 0.0100494 0.4533033 0.4431750 0.2012032 
n299_300   0.3479903 0.3219677 0.3368522 0.0483228 0.3374207 0.4211211 0.3423748 0.2739818 0.3251578 0.0000000 0.0483324 0.3378400 0.3374207 0.3471073 0.0100576 0.0168652 0.3204538 0.2791694 0.3418630 0.3304401 0.3881304 0.4453613 0.3503308 
n278_279   0.3360455 0.3214505 0.3305894 0.0066785 0.3311456 0.4009890 0.3360513 0.2787759 0.3188510 0.0483324 0.0000000 0.3372911 0.3311456 0.3405493 0.0519259 0.0519749 0.3141898 0.2839975 0.3353608 0.3240746 0.3927623 0.4247533 0.3322496 
n265_266   0.3488157 0.0239126 0.3432995 0.3371772 0.3493152 0.4148594 0.3488799 0.1248806 0.3372915 0.3378400 0.3372911 0.0000000 0.3493152 0.3374679 0.3490284 0.3383548 0.3380837 0.1290294 0.3322742 0.3426747 0.4572488 0.4203838 0.3500191 
n289_290   0.1207022 0.3545882 0.0169163 0.3310354 0.0067204 0.4398550 0.0203505 0.3047588 0.0377409 0.3374207 0.3311456 0.3493152 0.0000000 0.0484241 0.3485941 0.3489639 0.0378175 0.3050338 0.0448760 0.0377483 0.4612416 0.4510111 0.2110544 
n293_294   0.1202654 0.3426605 0.0376868 0.3404341 0.0412721 0.4504800 0.0412184 0.3089855 0.0236900 0.3471073 0.3405493 0.3374679 0.0484241 0.0000000 0.3581944 0.3585762 0.0237369 0.3092646 0.0033318 0.0271326 0.4858553 0.4626297 0.2056335 
n280_281   0.3593244 0.3329193 0.3480059 0.0519155 0.3485941 0.4273723 0.3536180 0.2841754 0.3359133 0.0100576 0.0519259 0.3490284 0.3485941 0.3581944 0.0000000 0.0202916 0.3311566 0.2894431 0.3528781 0.3412730 0.3998900 0.4583796 0.3560004 
n274_275   0.3539899 0.3224533 0.3483745 0.0519635 0.3489639 0.4032877 0.3539945 0.2743794 0.3362645 0.0168652 0.0519749 0.3383548 0.3489639 0.3585762 0.0202916 0.0000000 0.3315031 0.2795762 0.3532529 0.3416315 0.3767517 0.4333276 0.3563821 
n275_276   0.1047083 0.3432869 0.0272449 0.3140889 0.0307684 0.4383874 0.0307283 0.2992961 0.0134578 0.3204538 0.3141898 0.3380837 0.0378175 0.0237369 0.3311566 0.3315031 0.0000000 0.2995650 0.0203067 0.0168581 0.4605771 0.4503569 0.2016718 
n285_286   0.2997866 0.1210289 0.3045227 0.2839115 0.3050338 0.3905217 0.3097873 0.0067177 0.2988844 0.2791694 0.2839975 0.1290294 0.3050338 0.3092646 0.2894431 0.2795762 0.2995650 0.0000000 0.3042688 0.3039761 0.4250424 0.3951647 0.3218434 
n294_295   0.1163690 0.3374379 0.0341937 0.3352485 0.0377583 0.4569596 0.0377092 0.3039950 0.0202667 0.3418630 0.3353608 0.3322742 0.0448760 0.0033318 0.3528781 0.3532529 0.0203067 0.3042688 0.0000000 0.0236952 0.4796331 0.4692127 0.2012744 
n297_298   0.1122656 0.3478967 0.0271963 0.3239686 0.0307134 0.4436071 0.0306734 0.3037028 0.0100494 0.3304401 0.3240746 0.3426747 0.0377483 0.0271326 0.3412730 0.3416315 0.0168581 0.3039761 0.0236952 0.0000000 0.4534979 0.4556392 0.2056321 
n244_245   0.4943307 0.4641618 0.4604572 0.3926137 0.4612416 0.3038572 0.4670267 0.4126694 0.4533033 0.3881304 0.3927623 0.4572488 0.4612416 0.4858553 0.3998900 0.3767517 0.4605771 0.4250424 0.4796331 0.4534979 0.0000000 0.2981663 0.5036245 
n251_252   0.4711191 0.4080951 0.4502423 0.4314219 0.4510111 0.0450230 0.4567369 0.3832956 0.4431750 0.4453613 0.4247533 0.4203838 0.4510111 0.4626297 0.4583796 0.4333276 0.4503569 0.3951647 0.4692127 0.4556392 0.2981663 0.0000000 0.4650670 
n200_201   0.2105504 0.3335988 0.2015329 0.3435721 0.2018650 0.4597348 0.2060512 0.3163094 0.2012032 0.3503308 0.3322496 0.3500191 0.2110544 0.2056335 0.3560004 0.3563821 0.2016718 0.3218434 0.2012744 0.2056321 0.5036245 0.4650670 0.0000000 
