25
n244_243   0.0000000 0.3232629 0.4325920 0.4220032 0.4100226 0.4234128 0.4235664 0.3608778 0.4040222 0.4323826 0.3684734 0.4324634 0.4324025 0.3682647 0.4456287 0.4281984 0.4199139 0.4456389 0.4106669 0.3440761 0.4098998 0.4164869 0.4160998 0.4165502 0.3179868 
n255_254   0.3232629 0.0000000 0.4121366 0.3606948 0.3272325 0.3432346 0.3668526 0.3412927 0.3546209 0.4192505 0.3831012 0.4314185 0.4253826 0.3952894 0.4246057 0.3663663 0.3999953 0.4184367 0.3441684 0.3362549 0.3328149 0.3438910 0.3272373 0.3658767 0.0376643 
n292_291   0.4325920 0.4121366 0.0000000 0.3557030 0.3224796 0.3004698 0.3270346 0.2895522 0.3722675 0.0667997 0.3438241 0.0100925 0.0594980 0.3441037 0.0067035 0.3613484 0.0067099 0.0067053 0.3392461 0.2800891 0.3231144 0.3234312 0.3227055 0.3377205 0.4383793 
n294_293   0.4220032 0.3606948 0.3557030 0.0000000 0.0485354 0.1537292 0.0308156 0.3004104 0.1047500 0.3558385 0.3499625 0.3676085 0.3614763 0.3616096 0.3672685 0.0100838 0.3444160 0.3553682 0.0203804 0.2956995 0.0557767 0.0631017 0.0521314 0.0307585 0.3501097 
n296_295   0.4100226 0.3272325 0.3224796 0.0485354 0.0000000 0.1288457 0.0521857 0.2692893 0.0816460 0.3225884 0.3165297 0.3394671 0.3279687 0.3275992 0.3335018 0.0521403 0.3117074 0.3275427 0.0449835 0.2647500 0.0134983 0.0203563 0.0100943 0.0520879 0.3170737 
n200_201   0.4234128 0.3432346 0.3004698 0.1537292 0.1288457 0.0000000 0.1497778 0.2783040 0.1617059 0.2904795 0.2999491 0.3168696 0.2956159 0.3107284 0.3111214 0.1579451 0.2900486 0.3002034 0.1496579 0.2636372 0.1370359 0.1453296 0.1328910 0.1494654 0.3274023 
n297_296   0.4235664 0.3668526 0.3270346 0.0308156 0.0521857 0.1497778 0.0000000 0.2957666 0.1087680 0.3331324 0.3450660 0.3384191 0.3385894 0.3566502 0.3381097 0.0343289 0.3220898 0.3267371 0.0273411 0.2910720 0.0594735 0.0668461 0.0558038 0.0134840 0.3561760 
n265_264   0.3608778 0.3412927 0.2895522 0.3004104 0.2692893 0.2783040 0.2957666 0.0000000 0.2837904 0.2852435 0.1082384 0.3056735 0.2851857 0.1161926 0.3000276 0.3056372 0.2793000 0.3000628 0.2851550 0.0168319 0.2794220 0.2796902 0.2742597 0.2950368 0.3249183 
n236_235   0.4040222 0.3546209 0.3722675 0.1047500 0.0816460 0.1617059 0.1087680 0.2837904 0.0000000 0.3612382 0.3266642 0.3905324 0.3669148 0.3378848 0.3840948 0.1086664 0.3607328 0.3719111 0.1009338 0.2791838 0.0892558 0.0969573 0.0854160 0.1085516 0.3381142 
n277_276   0.4323826 0.4192505 0.0667997 0.3558385 0.3225884 0.2904795 0.3331324 0.2852435 0.3612382 0.0000000 0.3336856 0.0780976 0.0100935 0.3339566 0.0704403 0.3614888 0.0667841 0.0742712 0.3393681 0.2758073 0.3232239 0.3235410 0.3228146 0.3439243 0.4264812 
n286_285   0.3684734 0.3831012 0.3438241 0.3499625 0.3165297 0.2999491 0.3450660 0.1082384 0.3266642 0.3336856 0.0000000 0.3613428 0.3336166 0.0066780 0.3551807 0.3555681 0.3327354 0.3552102 0.3281300 0.0966238 0.3273941 0.3277150 0.3218499 0.3441666 0.3652142 
n280_279   0.4324634 0.4314185 0.0100925 0.3676085 0.3394671 0.3168696 0.3384191 0.3056735 0.3905324 0.0780976 0.3613428 0.0000000 0.0706720 0.3616388 0.0169106 0.3733524 0.0169268 0.0169149 0.3508697 0.2960137 0.3401444 0.3404805 0.3397093 0.3492787 0.4584684 
n278_277   0.4324025 0.4253826 0.0594980 0.3614763 0.3279687 0.2956159 0.3385894 0.2851857 0.3669148 0.0100935 0.3336166 0.0706720 0.0000000 0.3338876 0.0631086 0.3671704 0.0594839 0.0668912 0.3448804 0.2757505 0.3286173 0.3289404 0.3281999 0.3494597 0.4326896 
n285_284   0.3682647 0.3952894 0.3441037 0.3616096 0.3275992 0.3107284 0.3566502 0.1161926 0.3378848 0.3339566 0.0066780 0.3616388 0.3338876 0.0000000 0.3554708 0.3673104 0.3440660 0.3555004 0.3394120 0.1044364 0.3386460 0.3389797 0.3330067 0.3557078 0.3770801 
n300_299   0.4456287 0.4246057 0.0067035 0.3672685 0.3335018 0.3111214 0.3381097 0.3000276 0.3840948 0.0704403 0.3551807 0.0169106 0.0631086 0.3554708 0.0000000 0.3730064 0.0134912 0.0067053 0.3505468 0.2904413 0.3341637 0.3344929 0.3337381 0.3489585 0.4513594 
n293_292   0.4281984 0.3663663 0.3613484 0.0100838 0.0521403 0.1579451 0.0343289 0.3056372 0.1086664 0.3614888 0.3555681 0.3733524 0.3671704 0.3673104 0.3730064 0.0000000 0.3499738 0.3610063 0.0273180 0.3008972 0.0594213 0.0667869 0.0557551 0.0342650 0.3557097 
n274_273   0.4199139 0.3999953 0.0067099 0.3444160 0.3117074 0.2900486 0.3220898 0.2793000 0.3607328 0.0667841 0.3327354 0.0169268 0.0594839 0.3440660 0.0134912 0.3499738 0.0000000 0.0134947 0.3282098 0.2699536 0.3123164 0.3126212 0.3119235 0.3327162 0.4257556 
n299_298   0.4456389 0.4184367 0.0067053 0.3553682 0.3275427 0.3002034 0.3267371 0.3000628 0.3719111 0.0742712 0.3552102 0.0169149 0.0668912 0.3555004 0.0067053 0.3610063 0.0134947 0.0000000 0.3389325 0.2904771 0.3281893 0.3285114 0.3277732 0.3374099 0.4449354 
n275_274   0.4106669 0.3441684 0.3392461 0.0203804 0.0449835 0.1496579 0.0273411 0.2851550 0.1009338 0.3393681 0.3281300 0.3508697 0.3448804 0.3394120 0.3505468 0.0273180 0.3282098 0.3389325 0.0000000 0.2805231 0.0521910 0.0594816 0.0485637 0.0272904 0.3337870 
n266_265   0.3440761 0.3362549 0.2800891 0.2956995 0.2647500 0.2636372 0.2910720 0.0168319 0.2791838 0.2758073 0.0966238 0.2960137 0.2757505 0.1044364 0.2904413 0.3008972 0.2699536 0.2904771 0.2805231 0.0000000 0.2748283 0.2750918 0.2696946 0.2903567 0.3254903 
n290_289   0.4098998 0.3328149 0.3231144 0.0557767 0.0134983 0.1370359 0.0594735 0.2794220 0.0892558 0.3232239 0.3273941 0.3401444 0.3286173 0.3386460 0.3341637 0.0594213 0.3123164 0.3281893 0.0521910 0.2748283 0.0000000 0.0067136 0.0033475 0.0593612 0.3225845 
n289_288   0.4164869 0.3438910 0.3234312 0.0631017 0.0203563 0.1453296 0.0668461 0.2796902 0.0969573 0.3235410 0.3277150 0.3404805 0.3289404 0.3389797 0.3344929 0.0667869 0.3126212 0.3285114 0.0594816 0.2750918 0.0067136 0.0000000 0.0100960 0.0667189 0.3335217 
n287_286   0.4160998 0.3272373 0.3227055 0.0521314 0.0100943 0.1328910 0.0558038 0.2742597 0.0854160 0.3228146 0.3218499 0.3397093 0.3281999 0.3330067 0.3337381 0.0557551 0.3119235 0.3277732 0.0485637 0.2696946 0.0033475 0.0100960 0.0000000 0.0556989 0.3170787 
n298_297   0.4165502 0.3658767 0.3377205 0.0307585 0.0520879 0.1494654 0.0134840 0.2950368 0.1085516 0.3439243 0.3441666 0.3492787 0.3494597 0.3557078 0.3489585 0.0342650 0.3327162 0.3374099 0.0272904 0.2903567 0.0593612 0.0667189 0.0556989 0.0000000 0.3552379 
n251_250   0.3179868 0.0376643 0.4383793 0.3501097 0.3170737 0.3274023 0.3561760 0.3249183 0.3381142 0.4264812 0.3652142 0.4584684 0.4326896 0.3770801 0.4513594 0.3557097 0.4257556 0.4449354 0.3337870 0.3254903 0.3225845 0.3335217 0.3170787 0.3552379 0.0000000 
