22
n298_301   0.0000000 0.0307764 0.1297801 0.3464119 0.2438325 0.2941486 0.2744044 0.0238397 0.0169167 0.1096010 0.2746037 0.3358620 0.3594780 0.4052625 0.3049983 0.0169197 0.2637312 0.0134533 0.0033418 0.3295664 0.2482104 0.0202944 
n296_299   0.0307764 0.0000000 0.1380113 0.3642554 0.2486239 0.2887286 0.2743156 0.0168876 0.0134775 0.1135617 0.2796077 0.3413147 0.3777264 0.4183159 0.2994842 0.0168907 0.2686532 0.0377439 0.0343067 0.3349642 0.2530217 0.0448653 
n200_201   0.1297801 0.1380113 0.0000000 0.3541882 0.2543621 0.3322639 0.2802599 0.1299358 0.1216112 0.1472164 0.2804652 0.3586647 0.3494681 0.3929318 0.3437592 0.1256686 0.2694701 0.1462404 0.1298477 0.3521206 0.2592161 0.1547518 
n251_254   0.3464119 0.3642554 0.3541882 0.0000000 0.3469578 0.4255147 0.3787391 0.3468386 0.3411125 0.3601409 0.3726131 0.4495835 0.0416936 0.3575707 0.4388198 0.3468163 0.3597905 0.3627264 0.3523481 0.4551910 0.3350047 0.3686778 
n277_280   0.2438325 0.2486239 0.2543621 0.3469578 0.0000000 0.2469925 0.0633758 0.2441298 0.2340397 0.2707298 0.0596677 0.2745864 0.3724814 0.3570907 0.2570433 0.2388848 0.0522433 0.2583393 0.2488864 0.2584759 0.0169146 0.2685394 
n286_289   0.2941486 0.2887286 0.3322639 0.4255147 0.2469925 0.0000000 0.2632176 0.2839911 0.2784205 0.3341675 0.2626906 0.1508852 0.4260459 0.4302145 0.0066874 0.2835858 0.2573084 0.3096860 0.2995994 0.1552252 0.2566849 0.3152586 
n280_283   0.2744044 0.2743156 0.2802599 0.3787391 0.0633758 0.2632176 0.0000000 0.2747399 0.2641422 0.2922661 0.0238435 0.2964734 0.4050102 0.3946182 0.2735659 0.2692141 0.0169056 0.2895633 0.2797084 0.2804947 0.0670774 0.3002698 
n289_292   0.0238397 0.0168876 0.1299358 0.3468386 0.2441298 0.2839911 0.2747399 0.0000000 0.0067120 0.1097323 0.2749397 0.3307242 0.3599222 0.4063758 0.2946831 0.0100939 0.2640531 0.0378343 0.0273332 0.3299718 0.2485126 0.0449726 
n287_290   0.0169167 0.0134775 0.1216112 0.3411125 0.2340397 0.2784205 0.2641422 0.0067120 0.0000000 0.1016799 0.2643317 0.3245689 0.3540726 0.3934061 0.2890102 0.0033429 0.2536431 0.0307485 0.0203641 0.3183969 0.2383706 0.0377982 
n236_239   0.1096010 0.1135617 0.1472164 0.3601409 0.2707298 0.3341675 0.2922661 0.1097323 0.1016799 0.0000000 0.2924840 0.3549392 0.3860904 0.4338804 0.3457381 0.1056168 0.2812312 0.1255795 0.1136486 0.3484122 0.2752586 0.1338212 
n292_295   0.2746037 0.2796077 0.2804652 0.3726131 0.0596677 0.2626906 0.0238435 0.2749397 0.2643317 0.2924840 0.0000000 0.2855085 0.3986318 0.3757330 0.2730141 0.2694084 0.0134844 0.2897772 0.2799128 0.2747416 0.0633476 0.3004945 
n266_269   0.3358620 0.3413147 0.3586647 0.4495835 0.2745864 0.1508852 0.2964734 0.3307242 0.3245689 0.3549392 0.2855085 0.0000000 0.4426797 0.5025977 0.1595169 0.3301383 0.2798837 0.3404800 0.3417125 0.0238745 0.2795612 0.3520825 
n255_258   0.3594780 0.3777264 0.3494681 0.0416936 0.3724814 0.4260459 0.4050102 0.3599222 0.3540726 0.3860904 0.3986318 0.4426797 0.0000000 0.3709029 0.4393726 0.3599009 0.3852416 0.3761253 0.3655479 0.4482448 0.3600087 0.3822104 
n244_247   0.4052625 0.4183159 0.3929318 0.3575707 0.3570907 0.4302145 0.3946182 0.4063758 0.3934061 0.4338804 0.3757330 0.5025977 0.3709029 0.0000000 0.4435598 0.3995407 0.3870518 0.4300167 0.4117194 0.4948241 0.3628563 0.4432186 
n285_288   0.3049983 0.2994842 0.3437592 0.4388198 0.2570433 0.0066874 0.2735659 0.2946831 0.2890102 0.3457381 0.2730141 0.1595169 0.4393726 0.4435598 0.0000000 0.2942594 0.2573084 0.3207804 0.3105426 0.1639189 0.2668811 0.3264532 
n290_293   0.0169197 0.0168907 0.1256686 0.3468163 0.2388848 0.2835858 0.2692141 0.0100939 0.0033429 0.1056168 0.2694084 0.3301383 0.3599009 0.3995407 0.2942594 0.0000000 0.2586308 0.0307540 0.0203678 0.3239066 0.2432382 0.0378051 
n274_277   0.2637312 0.2686532 0.2694701 0.3597905 0.0522433 0.2573084 0.0169056 0.2640531 0.2536431 0.2812312 0.0134844 0.2798837 0.3852416 0.3870518 0.2573084 0.2586308 0.0000000 0.2786478 0.2689426 0.2692224 0.0558746 0.2891667 
n294_297   0.0134533 0.0377439 0.1462404 0.3627264 0.2583393 0.3096860 0.2895633 0.0378343 0.0307485 0.1255795 0.2897772 0.3404800 0.3761253 0.4300167 0.3207804 0.0307540 0.2786478 0.0000000 0.0168702 0.3341488 0.2627804 0.0066788 
n297_300   0.0033418 0.0343067 0.1298477 0.3523481 0.2488864 0.2995994 0.2797084 0.0273332 0.0203641 0.1136486 0.2799128 0.3417125 0.3655479 0.4117194 0.3105426 0.0203678 0.2689426 0.0168702 0.0000000 0.3353514 0.2532896 0.0237517 
n265_268   0.3295664 0.3349642 0.3521206 0.4551910 0.2584759 0.1552252 0.2804947 0.3299718 0.3183969 0.3484122 0.2747416 0.0238745 0.4482448 0.4948241 0.1639189 0.3239066 0.2692224 0.3341488 0.3353514 0.0000000 0.2633277 0.3456213 
n278_281   0.2482104 0.2530217 0.2592161 0.3350047 0.0169146 0.2566849 0.0670774 0.2485126 0.2383706 0.2752586 0.0633476 0.2795612 0.3600087 0.3628563 0.2668811 0.2432382 0.0558746 0.2627804 0.2532896 0.2633277 0.0000000 0.2730312 
n293_296   0.0202944 0.0448653 0.1547518 0.3686778 0.2685394 0.3152586 0.3002698 0.0449726 0.0377982 0.1338212 0.3004945 0.3520825 0.3822104 0.4432186 0.3264532 0.0378051 0.2891667 0.0066788 0.0237517 0.3456213 0.2730312 0.0000000 
