23
n236_237   0.0000000 0.2701619 0.0778450 0.3445688 0.0778704 0.4333226 0.0778863 0.2798105 0.0855451 0.3007607 0.0816006 0.3559120 0.3116679 0.2853749 0.0703853 0.0931419 0.3012591 0.3224888 0.0894016 0.2742704 0.4146332 0.3951452 0.1369706 
n266_267   0.2701619 0.0000000 0.2700355 0.3170037 0.2699591 0.3621324 0.2648650 0.1411725 0.2702011 0.2646702 0.2700025 0.3279051 0.2749779 0.0238913 0.2599221 0.2801278 0.2701718 0.2852241 0.2704446 0.1451618 0.4207166 0.3441933 0.2752720 
n296_297   0.0778450 0.2700355 0.0000000 0.3111662 0.0203057 0.4072647 0.0066950 0.2795922 0.0342521 0.2694304 0.0237419 0.3219716 0.2798147 0.2748306 0.0134644 0.0412979 0.2698664 0.2901348 0.0377951 0.2791782 0.3836501 0.3705320 0.1245724 
n277_278   0.3445688 0.3170037 0.3111662 0.0000000 0.3112849 0.4408334 0.3006223 0.2795033 0.3115870 0.0741261 0.3113365 0.0134714 0.0778598 0.3064111 0.3006223 0.3221060 0.0779336 0.0854314 0.3171102 0.2742294 0.4397578 0.4017229 0.3223203 
n290_291   0.0778704 0.2699591 0.0203057 0.3112849 0.0000000 0.4012505 0.0134686 0.2794255 0.0342628 0.2695303 0.0168690 0.3220953 0.2799192 0.2747528 0.0066965 0.0377588 0.2699666 0.2851164 0.0378071 0.2790120 0.3778256 0.3648304 0.1204592 
n255_256   0.4333226 0.3621324 0.4072647 0.4408334 0.4012505 0.0000000 0.3952170 0.4085186 0.4082970 0.4146566 0.4013217 0.4538260 0.4274624 0.3618181 0.3891466 0.4203000 0.4215859 0.4402243 0.4146693 0.4141064 0.3305303 0.0520605 0.4151761 
n295_296   0.0778863 0.2648650 0.0066950 0.3006223 0.0134686 0.3952170 0.0000000 0.2743507 0.0272605 0.2595081 0.0168723 0.3112661 0.2697355 0.2696256 0.0066984 0.0342364 0.2599250 0.2799054 0.0307624 0.2739460 0.3719827 0.3591107 0.1204844 
n286_287   0.2798105 0.1411725 0.2795922 0.2795033 0.2794255 0.4085186 0.2743507 0.0000000 0.2796782 0.2446373 0.2794707 0.2845094 0.2546255 0.1370202 0.2692612 0.2897254 0.2548988 0.2645657 0.2849324 0.0100521 0.4316818 0.3767901 0.2796396 
n298_299   0.0855451 0.2702011 0.0342521 0.3115870 0.0342628 0.4082970 0.0272605 0.2796782 0.0000000 0.2697844 0.0377731 0.3224102 0.2801851 0.2750001 0.0272605 0.0067026 0.2702214 0.2905216 0.0033461 0.2792639 0.3783347 0.3714432 0.1286989 
n299_300   0.3007607 0.2646702 0.2694304 0.0741261 0.2695303 0.4146566 0.2595081 0.2446373 0.2697844 0.0000000 0.2695736 0.0816648 0.0100768 0.2499604 0.2595081 0.2796966 0.0100858 0.0168848 0.2749614 0.2491885 0.4081977 0.3829270 0.2898175 
n287_288   0.0816006 0.2700025 0.0237419 0.3113365 0.0168690 0.4013217 0.0168723 0.2794707 0.0377731 0.2695736 0.0000000 0.3221491 0.2799645 0.2747970 0.0100673 0.0448552 0.2700100 0.2902913 0.0413365 0.2790570 0.3719585 0.3648931 0.1204763 
n278_279   0.3559120 0.3279051 0.3219716 0.0134714 0.3220953 0.4538260 0.3112661 0.2845094 0.3224102 0.0816648 0.3221491 0.0000000 0.0854409 0.3171529 0.3112661 0.3330865 0.0855224 0.0931029 0.3280234 0.2791968 0.4526967 0.4139913 0.3389249 
n292_293   0.3116679 0.2749779 0.2798147 0.0778598 0.2799192 0.4274624 0.2697355 0.2546255 0.2801851 0.0100768 0.2799645 0.0854409 0.0000000 0.2649999 0.2697355 0.2902506 0.0134805 0.0203115 0.2854493 0.2592374 0.4210105 0.3952442 0.3004370 
n265_266   0.2853749 0.0238913 0.2748306 0.3064111 0.2747528 0.3618181 0.2696256 0.1370202 0.2750001 0.2499604 0.2747970 0.3171529 0.2649999 0.0000000 0.2646523 0.2849866 0.2602545 0.2751014 0.2752485 0.1409886 0.4270009 0.3553336 0.2701032 
n289_290   0.0703853 0.2599221 0.0134644 0.3006223 0.0066965 0.3891466 0.0066984 0.2692612 0.0272605 0.2595081 0.0100673 0.3112661 0.2697355 0.2646523 0.0000000 0.0342364 0.2599250 0.2799054 0.0307624 0.2688655 0.3661076 0.3533612 0.1124782 
n293_294   0.0931419 0.2801278 0.0412979 0.3221060 0.0377588 0.4203000 0.0342364 0.2897254 0.0067026 0.2796966 0.0448552 0.3330865 0.2902506 0.2849866 0.0342364 0.0000000 0.2801527 0.3007346 0.0100842 0.2892935 0.3898567 0.3772561 0.1326474 
n280_281   0.3012591 0.2701718 0.2698664 0.0779336 0.2699666 0.4215859 0.2599250 0.2548988 0.2702214 0.0100858 0.2700100 0.0855224 0.0134805 0.2602545 0.2599250 0.2801527 0.0000000 0.0203298 0.2754087 0.2595162 0.4151892 0.3896257 0.2902019 
n274_275   0.3224888 0.2852241 0.2901348 0.0854314 0.2851164 0.4402243 0.2799054 0.2645657 0.2905216 0.0168848 0.2902913 0.0931029 0.0203115 0.2751014 0.2799054 0.3007346 0.0203298 0.0000000 0.2958705 0.2692353 0.4336446 0.4074070 0.3057911 
n275_276   0.0894016 0.2704446 0.0377951 0.3171102 0.0378071 0.4146693 0.0307624 0.2849324 0.0033461 0.2749614 0.0413365 0.3280234 0.2854493 0.2752485 0.0307624 0.0100842 0.2754087 0.2958705 0.0000000 0.2845087 0.3844319 0.3774654 0.1328300 
n285_286   0.2742704 0.1451618 0.2791782 0.2742294 0.2790120 0.4141064 0.2739460 0.0100521 0.2792639 0.2491885 0.2790570 0.2791968 0.2592374 0.1409886 0.2688655 0.2892935 0.2595162 0.2692353 0.2845087 0.0000000 0.4309741 0.3821442 0.2741027 
n244_245   0.4146332 0.4207166 0.3836501 0.4397578 0.3778256 0.3305303 0.3719827 0.4316818 0.3783347 0.4081977 0.3719585 0.4526967 0.4210105 0.4270009 0.3661076 0.3898567 0.4151892 0.4336446 0.3844319 0.4309741 0.0000000 0.2921795 0.4267867 
n251_252   0.3951452 0.3441933 0.3705320 0.4017229 0.3648304 0.0520605 0.3591107 0.3767901 0.3714432 0.3829270 0.3648931 0.4139913 0.3952442 0.3553336 0.3533612 0.3772561 0.3896257 0.4074070 0.3774654 0.3821442 0.2921795 0.0000000 0.3891202 
n200_201   0.1369706 0.2752720 0.1245724 0.3223203 0.1204592 0.4151761 0.1204844 0.2796396 0.1286989 0.2898175 0.1204763 0.3389249 0.3004370 0.2701032 0.1124782 0.1326474 0.2902019 0.3057911 0.1328300 0.2741027 0.4267867 0.3891202 0.0000000 
