23
n236_237   0.0000000 0.2238054 0.0936606 0.2819960 0.0976110 0.3437817 0.2489387 0.1015744 0.2864536 0.0976110 0.2702845 0.2973774 0.2045863 0.0975831 0.2966821 0.2979357 0.0934814 0.2439981 0.0974947 0.3601814 0.3494235 0.1427999 0.2920332 
n266_267   0.2238054 0.0000000 0.1915074 0.2351911 0.2052871 0.3301784 0.1555443 0.2009527 0.2203316 0.2052871 0.2151304 0.2301467 0.0237593 0.2008088 0.2247333 0.2305384 0.2008494 0.1469135 0.2053260 0.3254186 0.3195771 0.2149362 0.2253298 
n296_297   0.0936606 0.1915074 0.0000000 0.2612940 0.0238260 0.3319942 0.2345361 0.0379131 0.2557197 0.0238260 0.2403069 0.2661299 0.1776005 0.0378734 0.2655250 0.2666142 0.0378799 0.2296972 0.0449947 0.3264472 0.3265238 0.1223089 0.2610304 
n277_278   0.2819960 0.2351911 0.2612940 0.0000000 0.2770837 0.3928533 0.2755442 0.2774146 0.0784128 0.2770837 0.0238151 0.0861116 0.2248800 0.2717677 0.0820927 0.0746192 0.2718277 0.2650625 0.2821071 0.3677408 0.3805796 0.2616194 0.0822898 
n290_291   0.0976110 0.2052871 0.0238260 0.2770837 0.0000000 0.3379841 0.2492966 0.0414977 0.2713484 0.0067029 0.2555366 0.2820296 0.1910600 0.0414541 0.2813785 0.2825515 0.0414612 0.2443490 0.0486187 0.3376558 0.3324613 0.1223770 0.2768009 
n255_256   0.3437817 0.3301784 0.3319942 0.3928533 0.3379841 0.0000000 0.3835007 0.3429979 0.4046661 0.3432858 0.3786268 0.4178106 0.3239621 0.3371488 0.4096369 0.4239898 0.3372293 0.3771653 0.3485263 0.3205465 0.0273840 0.3498978 0.4113984 
n286_287   0.2489387 0.1555443 0.2345361 0.2755442 0.2492966 0.3835007 0.0000000 0.2444223 0.2650343 0.2492966 0.2541300 0.2755805 0.1510861 0.2491568 0.2696805 0.2760692 0.2492101 0.0134374 0.2489032 0.3469492 0.3720847 0.2649771 0.2652761 
n298_299   0.1015744 0.2009527 0.0379131 0.2774146 0.0414977 0.3429979 0.2444223 0.0000000 0.2716704 0.0414977 0.2558350 0.2823677 0.1868099 0.0134953 0.2817149 0.2828910 0.0134976 0.2395088 0.0203460 0.3211543 0.3321820 0.1349354 0.2771311 
n299_300   0.2864536 0.2203316 0.2557197 0.0784128 0.2713484 0.4046661 0.2650343 0.2716704 0.0000000 0.2713484 0.0633175 0.0067169 0.2102931 0.2660856 0.0134980 0.0204158 0.2661439 0.2599617 0.2763237 0.3967283 0.3985638 0.2615022 0.0033499 
n287_288   0.0976110 0.2052871 0.0238260 0.2770837 0.0067029 0.3432858 0.2492966 0.0414977 0.2713484 0.0000000 0.2555366 0.2820296 0.1910600 0.0414541 0.2813785 0.2825515 0.0414612 0.2443490 0.0486187 0.3376558 0.3377257 0.1264851 0.2768009 
n278_279   0.2702845 0.2151304 0.2403069 0.0238151 0.2555366 0.3786268 0.2541300 0.2558350 0.0633175 0.2555366 0.0000000 0.0708135 0.2051986 0.2504055 0.0669273 0.0596190 0.2504593 0.2440154 0.2603935 0.3541108 0.3666444 0.2408660 0.0670862 
n292_293   0.2973774 0.2301467 0.2661299 0.0861116 0.2820296 0.4178106 0.2755805 0.2823677 0.0067169 0.2820296 0.0708135 0.0000000 0.2199289 0.2766775 0.0203717 0.0273910 0.2767389 0.2704237 0.2870854 0.4096987 0.4115920 0.2667562 0.0101110 
n265_266   0.2045863 0.0237593 0.1776005 0.2248800 0.1910600 0.3239621 0.1510861 0.1868099 0.2102931 0.1910600 0.2051986 0.2199289 0.0000000 0.1866765 0.2146315 0.2202990 0.1867137 0.1425257 0.1910953 0.3192370 0.3134666 0.2004638 0.2151973 
n293_294   0.0975831 0.2008088 0.0378734 0.2717677 0.0414541 0.3371488 0.2491568 0.0134953 0.2660856 0.0414541 0.2504055 0.2766775 0.1866765 0.0000000 0.2760419 0.2771868 0.0067099 0.2442109 0.0067008 0.3099573 0.3264206 0.1347827 0.2714913 
n280_281   0.2966821 0.2247333 0.2655250 0.0820927 0.2813785 0.4096369 0.2696805 0.2817149 0.0134980 0.2813785 0.0669273 0.0203717 0.2146315 0.2760419 0.0000000 0.0238483 0.2761030 0.2645799 0.2864198 0.4021821 0.4035057 0.2714102 0.0169325 
n274_275   0.2979357 0.2305384 0.2666142 0.0746192 0.2825515 0.4239898 0.2760692 0.2828910 0.0204158 0.2825515 0.0596190 0.0273910 0.2202990 0.2771868 0.0238483 0.0000000 0.2772484 0.2709011 0.2876193 0.3971235 0.4177183 0.2725326 0.0239043 
n275_276   0.0934814 0.2008494 0.0378799 0.2718277 0.0414612 0.3372293 0.2492101 0.0134976 0.2661439 0.0414612 0.2504593 0.2767389 0.1867137 0.0067099 0.2761030 0.2772484 0.0000000 0.2442628 0.0134875 0.3100291 0.3264977 0.1348082 0.2715512 
n285_286   0.2439981 0.1469135 0.2296972 0.2650625 0.2443490 0.3771653 0.0134374 0.2395088 0.2599617 0.2443490 0.2440154 0.2704237 0.1425257 0.2442109 0.2645799 0.2709011 0.2442628 0.0000000 0.2439631 0.3469616 0.3658531 0.2546648 0.2601982 
n294_295   0.0974947 0.2053260 0.0449947 0.2821071 0.0486187 0.3485263 0.2489032 0.0203460 0.2763237 0.0486187 0.2603935 0.2870854 0.1910953 0.0067008 0.2864198 0.2876193 0.0134875 0.2439631 0.0000000 0.3147383 0.3376328 0.1431195 0.2818184 
n244_245   0.3601814 0.3254186 0.3264472 0.3677408 0.3376558 0.3205465 0.3469492 0.3211543 0.3967283 0.3376558 0.3541108 0.4096987 0.3192370 0.3099573 0.4021821 0.3971235 0.3100291 0.3469616 0.3147383 0.0000000 0.3041041 0.3504196 0.4033707 
n251_252   0.3494235 0.3195771 0.3265238 0.3805796 0.3324613 0.0273840 0.3720847 0.3321820 0.3985638 0.3377257 0.3666444 0.4115920 0.3134666 0.3264206 0.4035057 0.4177183 0.3264977 0.3658531 0.3376328 0.3041041 0.0000000 0.3501937 0.4052361 
n200_201   0.1427999 0.2149362 0.1223089 0.2616194 0.1223770 0.3498978 0.2649771 0.1349354 0.2615022 0.1264851 0.2408660 0.2667562 0.2004638 0.1347827 0.2714102 0.2725326 0.1348082 0.2546648 0.1431195 0.3504196 0.3501937 0.0000000 0.2668759 
n300_301   0.2920332 0.2253298 0.2610304 0.0822898 0.2768009 0.4113984 0.2652761 0.2771311 0.0033499 0.2768009 0.0670862 0.0101110 0.2151973 0.2714913 0.0169325 0.0239043 0.2715512 0.2601982 0.2818184 0.4033707 0.4052361 0.2668759 0.0000000 
