25
n236_237   0.0000000 0.2700972 0.0857869 0.2895575 0.0895714 0.3822825 0.0934963 0.2455228 0.1014255 0.2735873 0.1011251 0.2798839 0.2636006 0.2406706 0.0934630 0.0819790 0.2634920 0.2636699 0.0820521 0.0819804 0.1013938 0.3925877 0.3873181 0.1090311 0.2735555 
n266_267   0.2700972 0.0000000 0.2812227 0.3059521 0.2862134 0.4257953 0.2916638 0.1453881 0.2810693 0.2898371 0.2910677 0.3011230 0.2846760 0.0376311 0.2915484 0.2653420 0.2845575 0.2896001 0.2607065 0.2653309 0.2809686 0.4243331 0.4374445 0.2695215 0.2949636 
n296_297   0.0857869 0.2812227 0.0000000 0.3173257 0.0101009 0.4085154 0.0067223 0.2665652 0.0559336 0.2902327 0.0203487 0.3072731 0.2799701 0.2461542 0.0135087 0.0343163 0.2798537 0.2800423 0.0343464 0.0343173 0.0522523 0.3824959 0.4137170 0.1172467 0.2901984 
n277_278   0.2895575 0.3059521 0.3173257 0.0000000 0.3225628 0.3802752 0.3174620 0.2546509 0.3120448 0.0702803 0.3388226 0.0272550 0.0629069 0.2745546 0.3281943 0.2956334 0.0592089 0.0628518 0.2908218 0.2956170 0.3176127 0.4174649 0.3734683 0.2946069 0.0702733 
n290_291   0.0895714 0.2862134 0.0101009 0.3225628 0.0000000 0.4144959 0.0169277 0.2714638 0.0595638 0.2952706 0.0100916 0.3124470 0.2849374 0.2509082 0.0033499 0.0378309 0.2848188 0.2850104 0.0308167 0.0378319 0.0558612 0.3940091 0.4197309 0.1212065 0.2952356 
n255_256   0.3822825 0.4257953 0.4085154 0.3802752 0.4144959 0.0000000 0.4087183 0.3601481 0.3960044 0.3678960 0.4331554 0.3806676 0.3564102 0.3882050 0.4077045 0.3835646 0.3619986 0.3560224 0.3839386 0.3776155 0.4089289 0.2715322 0.0238346 0.3766620 0.3678491 
n295_296   0.0934963 0.2916638 0.0067223 0.3174620 0.0169277 0.4087183 0.0000000 0.2767965 0.0632920 0.2903524 0.0272828 0.3074034 0.2800839 0.2560593 0.0203752 0.0414134 0.2799674 0.2801561 0.0414498 0.0414145 0.0595628 0.3946658 0.4139238 0.1253533 0.2903180 
n286_287   0.2455228 0.1453881 0.2665652 0.2546509 0.2714638 0.3601481 0.2767965 0.0000000 0.2665909 0.2444110 0.2813266 0.2501157 0.2348278 0.1327099 0.2766875 0.2511762 0.2348552 0.2395611 0.2466124 0.2414266 0.2664961 0.3642453 0.3592754 0.2450923 0.2443832 
n298_299   0.1014255 0.2810693 0.0559336 0.3120448 0.0595638 0.3960044 0.0632920 0.2665909 0.0000000 0.3005199 0.0558788 0.3071713 0.2901075 0.2460235 0.0632698 0.0343550 0.2899865 0.2901812 0.0343851 0.0343560 0.0101111 0.3767431 0.4011325 0.1294434 0.3004840 
n299_300   0.2735873 0.2898371 0.2902327 0.0702803 0.2952706 0.3678960 0.2903524 0.2444110 0.3005199 0.0000000 0.3108873 0.0704062 0.0066805 0.2641266 0.3006652 0.2794879 0.0202575 0.0202639 0.2747808 0.2794745 0.3004099 0.3976252 0.3612341 0.2737542 0.0066798 
n287_288   0.1011251 0.2910677 0.0203487 0.3388226 0.0100916 0.4331554 0.0272828 0.2813266 0.0558788 0.3108873 0.0000000 0.3285011 0.3003243 0.2604807 0.0134963 0.0485106 0.3001987 0.3003994 0.0413955 0.0485118 0.0522013 0.3998297 0.4384991 0.1333278 0.3108498 
n278_279   0.2798839 0.3011230 0.3072731 0.0272550 0.3124470 0.3806676 0.3074034 0.2501157 0.3071713 0.0704062 0.3285011 0.0000000 0.0630190 0.2699090 0.3180016 0.2858645 0.0593142 0.0593044 0.2811037 0.2858499 0.3127040 0.4176678 0.3738514 0.2848749 0.0703992 
n292_293   0.2636006 0.2846760 0.2799701 0.0629069 0.2849374 0.3564102 0.2800839 0.2348278 0.2901075 0.0066805 0.3003243 0.0630190 0.0000000 0.2542616 0.2902463 0.2693951 0.0134354 0.0134397 0.2647470 0.2693834 0.2900031 0.3856490 0.3498735 0.2637615 0.0066798 
n265_266   0.2406706 0.0376311 0.2461542 0.2745546 0.2509082 0.3882050 0.2560593 0.1327099 0.2460235 0.2641266 0.2604807 0.2699090 0.2542616 0.0000000 0.2559595 0.2311249 0.2541570 0.2589900 0.2266841 0.2311185 0.2459376 0.3931430 0.3992930 0.2351769 0.2640962 
n289_290   0.0934630 0.2915484 0.0135087 0.3281943 0.0033499 0.4077045 0.0203752 0.2766875 0.0632698 0.3006652 0.0134963 0.3180016 0.2902463 0.2559595 0.0000000 0.0413992 0.2901252 0.2903201 0.0343471 0.0414003 0.0595420 0.4003101 0.4195318 0.1253078 0.3006293 
n293_294   0.0819790 0.2653420 0.0343163 0.2956334 0.0378309 0.3835646 0.0414134 0.2511762 0.0343550 0.2794879 0.0485106 0.2858645 0.2693951 0.2311249 0.0413992 0.0000000 0.2692836 0.2694655 0.0135069 0.0067138 0.0308126 0.3761726 0.3886180 0.1091212 0.2794552 
n280_281   0.2634920 0.2845575 0.2798537 0.0592089 0.2848188 0.3619986 0.2799674 0.2348552 0.2899865 0.0202575 0.3001987 0.0593142 0.0134354 0.2541570 0.2901252 0.2692836 0.0000000 0.0134242 0.2646375 0.2692719 0.2898822 0.4041866 0.3554026 0.2636527 0.0202556 
n274_275   0.2636699 0.2896001 0.2800423 0.0628518 0.2850104 0.3560224 0.2801561 0.2395611 0.2901812 0.0202639 0.3003994 0.0593044 0.0134397 0.2589900 0.2903201 0.2694655 0.0134242 0.0000000 0.2648167 0.2694538 0.2900768 0.3983928 0.3494961 0.2539700 0.0202619 
n275_276   0.0820521 0.2607065 0.0343464 0.2908218 0.0308167 0.3839386 0.0414498 0.2466124 0.0343851 0.2747808 0.0413955 0.2811037 0.2647470 0.2266841 0.0343471 0.0135069 0.2646375 0.2648167 0.0000000 0.0135073 0.0308396 0.3704372 0.3827771 0.1092194 0.2747487 
n294_295   0.0819804 0.2653309 0.0343173 0.2956170 0.0378319 0.3776155 0.0414145 0.2414266 0.0343560 0.2794745 0.0485118 0.2858499 0.2693834 0.2311185 0.0414003 0.0067138 0.2692719 0.2694538 0.0135073 0.0000000 0.0308135 0.3703005 0.3826349 0.1091224 0.2794418 
n297_298   0.1013938 0.2809686 0.0522523 0.3176127 0.0558612 0.4089289 0.0595628 0.2664961 0.0101111 0.3004099 0.0522013 0.3127040 0.2900031 0.2459376 0.0595420 0.0308126 0.2898822 0.2900768 0.0308396 0.0308135 0.0000000 0.3892689 0.4141378 0.1294021 0.3003741 
n244_245   0.3925877 0.4243331 0.3824959 0.4174649 0.3940091 0.2715322 0.3946658 0.3642453 0.3767431 0.3976252 0.3998297 0.4176678 0.3856490 0.3931430 0.4003101 0.3761726 0.4041866 0.3983928 0.3704372 0.3703005 0.3892689 0.0000000 0.2764893 0.3997220 0.3975731 
n251_252   0.3873181 0.4374445 0.4137170 0.3734683 0.4197309 0.0238346 0.4139238 0.3592754 0.4011325 0.3612341 0.4384991 0.3738514 0.3498735 0.3992930 0.4195318 0.3886180 0.3554026 0.3494961 0.3827771 0.3826349 0.4141378 0.2764893 0.0000000 0.3755393 0.3611884 
n200_201   0.1090311 0.2695215 0.1172467 0.2946069 0.1212065 0.3766620 0.1253533 0.2450923 0.1294434 0.2737542 0.1333278 0.2848749 0.2637615 0.2351769 0.1253078 0.1091212 0.2636527 0.2539700 0.1092194 0.1091224 0.1294021 0.3997220 0.3755393 0.0000000 0.2737224 
n300_301   0.2735555 0.2949636 0.2901984 0.0702733 0.2952356 0.3678491 0.2903180 0.2443832 0.3004840 0.0066798 0.3108498 0.0703992 0.0066798 0.2640962 0.3006293 0.2794552 0.0202556 0.0202619 0.2747487 0.2794418 0.3003741 0.3975731 0.3611884 0.2737224 0.0000000 
