22
n236_237   0.0000000 0.2458763 0.1079247 0.2897144 0.1040957 0.3262549 0.2463646 0.1116348 0.2693016 0.1079642 0.3048940 0.2504216 0.1117287 0.2795616 0.2739120 0.1155516 0.2604179 0.1157199 0.1115778 0.4347792 0.3817690 0.1602393 
n266_267   0.2458763 0.0000000 0.2514200 0.2511987 0.2513279 0.3277506 0.1246478 0.2414924 0.2465804 0.2560969 0.2559323 0.0203007 0.2463214 0.2565361 0.2510858 0.2559362 0.1366209 0.2512604 0.2509955 0.4178249 0.3716797 0.2752233 
n296_297   0.1079247 0.2514200 0.0000000 0.2954434 0.0067007 0.3662591 0.2612270 0.0237286 0.2849721 0.0100744 0.3107729 0.2560096 0.0237476 0.2955026 0.2896817 0.0271855 0.2755846 0.0272234 0.0237168 0.4355446 0.4187568 0.1523374 
n277_278   0.2897144 0.2511987 0.2954434 0.0000000 0.2953321 0.3881429 0.2474306 0.2999673 0.0449482 0.3003923 0.0169375 0.2463060 0.3002537 0.0521984 0.0484844 0.2999116 0.2615571 0.3001285 0.2998051 0.4547904 0.4179125 0.3258240 
n290_291   0.1040957 0.2513279 0.0067007 0.2953321 0.0000000 0.3661140 0.2611306 0.0237211 0.2848656 0.0033421 0.3106546 0.2559156 0.0237401 0.2953913 0.2895732 0.0271770 0.2754821 0.0272149 0.0237093 0.4353641 0.4185847 0.1522853 
n255_256   0.3262549 0.3277506 0.3662591 0.3881429 0.3661140 0.0000000 0.3225736 0.3707139 0.3700395 0.3717022 0.3938399 0.3434387 0.3769183 0.3818138 0.3808519 0.3823743 0.3381624 0.3767522 0.3708610 0.3155675 0.0516561 0.3697558 
n286_287   0.2463646 0.1246478 0.2612270 0.2474306 0.2611306 0.3225736 0.0000000 0.2655993 0.2285155 0.2659683 0.2521567 0.1285661 0.2658472 0.2428981 0.2375637 0.2656263 0.0135229 0.2657387 0.2654566 0.4067112 0.3666094 0.2807742 
n298_299   0.1116348 0.2414924 0.0237286 0.2999673 0.0237211 0.3707139 0.2655993 0.0000000 0.2894416 0.0271740 0.3153695 0.2460183 0.0134591 0.3000268 0.2941694 0.0168515 0.2800182 0.0168749 0.0066909 0.4410421 0.4234127 0.1562242 
n299_300   0.2693016 0.2465804 0.2849721 0.0449482 0.2848656 0.3700395 0.2285155 0.2894416 0.0000000 0.2898486 0.0557297 0.2417187 0.2897156 0.0135036 0.0100809 0.2893874 0.2422868 0.2895957 0.2892857 0.4423596 0.3989933 0.2936078 
n287_288   0.1079642 0.2560969 0.0100744 0.3003923 0.0033421 0.3717022 0.2659683 0.0271740 0.2898486 0.0000000 0.3158206 0.2607118 0.0271958 0.3004520 0.2945838 0.0306468 0.2804103 0.0306895 0.0271605 0.4356417 0.4245868 0.1523711 
n278_279   0.3048940 0.2559323 0.3107729 0.0169375 0.3106546 0.3938399 0.2521567 0.3153695 0.0557297 0.3158206 0.0000000 0.2510064 0.3156740 0.0631052 0.0593104 0.3153119 0.2663692 0.3155410 0.3151985 0.4610202 0.4238455 0.3366809 
n265_266   0.2504216 0.0203007 0.2560096 0.2463060 0.2559156 0.3434387 0.1285661 0.2460183 0.2417187 0.2607118 0.2510064 0.0000000 0.2508765 0.2515970 0.2461960 0.2605479 0.1405936 0.2558466 0.2555765 0.4235031 0.3883177 0.2702069 
n293_294   0.1117287 0.2463214 0.0237476 0.3002537 0.0237401 0.3769183 0.2658472 0.0134591 0.2897156 0.0271958 0.3156740 0.2508765 0.0000000 0.3003134 0.2944485 0.0168650 0.2802820 0.0100719 0.0134533 0.4417354 0.4301541 0.1563592 
n280_281   0.2795616 0.2565361 0.2955026 0.0521984 0.2953913 0.3818138 0.2428981 0.3000268 0.0135036 0.3004520 0.0631052 0.2515970 0.3003134 0.0000000 0.0169058 0.2999712 0.2569486 0.3001881 0.2998647 0.4424287 0.4112841 0.3042341 
n274_275   0.2739120 0.2510858 0.2896817 0.0484844 0.2895732 0.3808519 0.2375637 0.2941694 0.0100809 0.2945838 0.0593104 0.2461960 0.2944485 0.0169058 0.0000000 0.2941146 0.2514865 0.2943264 0.2940109 0.4480713 0.4102262 0.2983481 
n275_276   0.1155516 0.2559362 0.0271855 0.2999116 0.0271770 0.3823743 0.2656263 0.0168515 0.2893874 0.0306468 0.3153119 0.2605479 0.0168650 0.2999712 0.2941146 0.0000000 0.2800467 0.0202997 0.0168432 0.4416398 0.4359898 0.1562398 
n285_286   0.2604179 0.1366209 0.2755846 0.2615571 0.2754821 0.3381624 0.0135229 0.2800182 0.2422868 0.2804103 0.2663692 0.1405936 0.2802820 0.2569486 0.2514865 0.2800467 0.0000000 0.2801666 0.2798674 0.4244959 0.3831498 0.2954981 
n294_295   0.1157199 0.2512604 0.0272234 0.3001285 0.0272149 0.3767522 0.2657387 0.0168749 0.2895957 0.0306895 0.3155410 0.2558466 0.0100719 0.3001881 0.2943264 0.0202997 0.2801666 0.0000000 0.0168666 0.4415319 0.4299573 0.1606446 
n297_298   0.1115778 0.2509955 0.0237168 0.2998051 0.0237093 0.3708610 0.2654566 0.0066909 0.2892857 0.0271605 0.3151985 0.2555765 0.0134533 0.2998647 0.2940109 0.0168432 0.2798674 0.0168666 0.0000000 0.4473520 0.4235870 0.1561430 
n244_245   0.4347792 0.4178249 0.4355446 0.4547904 0.4353641 0.3155675 0.4067112 0.4410421 0.4423596 0.4356417 0.4610202 0.4235031 0.4417354 0.4424287 0.4480713 0.4416398 0.4244959 0.4415319 0.4473520 0.0000000 0.3258384 0.4474520 
n251_252   0.3817690 0.3716797 0.4187568 0.4179125 0.4185847 0.0516561 0.3666094 0.4234127 0.3989933 0.4245868 0.4238455 0.3883177 0.4301541 0.4112841 0.4102262 0.4359898 0.3831498 0.4299573 0.4235870 0.3258384 0.0000000 0.4286613 
n200_201   0.1602393 0.2752233 0.1523374 0.3258240 0.1522853 0.3697558 0.2807742 0.1562242 0.2936078 0.1523711 0.3366809 0.2702069 0.1563592 0.3042341 0.2983481 0.1562398 0.2954981 0.1606446 0.1561430 0.4474520 0.4286613 0.0000000 
