24
n236_237   0.0000000 0.2977599 0.1007341 0.3022719 0.0853036 0.4533312 0.1007403 0.3200009 0.0929918 0.2815223 0.0891400 0.3017524 0.3250286 0.0853036 0.0775887 0.2815223 0.2718538 0.0776987 0.3303215 0.0813229 0.0890964 0.3569020 0.4576105 0.1569232 
n266_267   0.2977599 0.0000000 0.3352121 0.2785644 0.3183045 0.4544694 0.3300005 0.1458670 0.3187249 0.2582508 0.3131649 0.2730184 0.0204022 0.3183045 0.3121917 0.2582508 0.2534596 0.3126844 0.1499861 0.3174092 0.3131429 0.3347112 0.4515772 0.3068043 
n296_297   0.1007341 0.3352121 0.0000000 0.3456565 0.0202998 0.4849875 0.0066993 0.3699949 0.0520565 0.3183951 0.0237530 0.3450463 0.3639331 0.0202998 0.0341676 0.3183951 0.3133270 0.0272028 0.3694603 0.0376756 0.0448649 0.3962164 0.5029563 0.2001546 
n277_278   0.3022719 0.2785644 0.3456565 0.0000000 0.3235033 0.4342922 0.3403796 0.2736779 0.3237583 0.0448597 0.3183300 0.0378733 0.2997357 0.3235033 0.3120686 0.0448597 0.0484524 0.3125608 0.2785811 0.3172832 0.3181377 0.4057424 0.4384978 0.3229318 
n290_291   0.0853036 0.3183045 0.0202998 0.3235033 0.0000000 0.4716788 0.0203008 0.3521453 0.0377380 0.2922251 0.0100673 0.3229401 0.3462565 0.0066920 0.0202715 0.2970974 0.2921711 0.0134503 0.3628964 0.0237061 0.0307078 0.3785862 0.4893542 0.1867612 
n255_256   0.4533312 0.4544694 0.4849875 0.4342922 0.4716788 0.0000000 0.4854311 0.4687498 0.4783630 0.4218602 0.4653828 0.4404673 0.4554684 0.4716788 0.4578221 0.4218602 0.4154112 0.4648173 0.4688719 0.4642097 0.4718524 0.3247115 0.0445403 0.4618063 
n295_296   0.1007403 0.3300005 0.0066993 0.3403796 0.0203008 0.4854311 0.0000000 0.3645275 0.0520593 0.3133047 0.0237542 0.3397802 0.3585129 0.0203008 0.0341693 0.3133047 0.3082672 0.0272042 0.3640025 0.0376775 0.0448673 0.3905885 0.5034188 0.2001704 
n286_287   0.3200009 0.1458670 0.3699949 0.2736779 0.3521453 0.4687498 0.3645275 0.0000000 0.3466568 0.2631664 0.3467551 0.2732512 0.1503163 0.3521453 0.3401559 0.2631664 0.2583428 0.3407009 0.0170358 0.3455949 0.3465430 0.3765098 0.4591815 0.3387741 
n298_299   0.0929918 0.3187249 0.0520565 0.3237583 0.0377380 0.4783630 0.0520593 0.3466568 0.0000000 0.2970052 0.0412925 0.3231942 0.3468711 0.0377380 0.0237196 0.2970052 0.2871329 0.0237524 0.3573326 0.0271732 0.0066937 0.3788977 0.4961893 0.1868942 
n299_300   0.2815223 0.2582508 0.3183951 0.0448597 0.2922251 0.4218602 0.3133047 0.2631664 0.2970052 0.0000000 0.2921051 0.0448258 0.2787481 0.2970974 0.2910581 0.0066991 0.0168814 0.2915125 0.2679922 0.2961180 0.2969056 0.3874298 0.4260318 0.3168213 
n287_288   0.0891400 0.3131649 0.0237530 0.3183300 0.0100673 0.4653828 0.0237542 0.3467551 0.0412925 0.2921051 0.0000000 0.3177772 0.3409124 0.0100673 0.0237194 0.2921051 0.2872086 0.0168621 0.3574342 0.0271729 0.0342216 0.3616179 0.4829290 0.1912455 
n278_279   0.3017524 0.2730184 0.3450463 0.0378733 0.3229401 0.4404673 0.3397802 0.2732512 0.3231942 0.0448258 0.3177772 0.0000000 0.2939813 0.3229401 0.3115300 0.0448258 0.0484166 0.3120206 0.2781463 0.3167340 0.3175856 0.3875765 0.4441680 0.3275439 
n265_266   0.3250286 0.0204022 0.3639331 0.2997357 0.3462565 0.4554684 0.3585129 0.1503163 0.3468711 0.2787481 0.3409124 0.2939813 0.0000000 0.3406756 0.3399801 0.2787481 0.2738119 0.3405245 0.1544669 0.3454151 0.3410338 0.3464075 0.4525646 0.3343580 
n289_290   0.0853036 0.3183045 0.0202998 0.3235033 0.0066920 0.4716788 0.0203008 0.3521453 0.0377380 0.2970974 0.0100673 0.3229401 0.3406756 0.0000000 0.0202715 0.2970974 0.2921711 0.0134503 0.3628964 0.0237061 0.0307078 0.3785862 0.4893542 0.1867612 
n293_294   0.0775887 0.3121917 0.0341676 0.3120686 0.0202715 0.4578221 0.0341693 0.3401559 0.0237196 0.2910581 0.0237194 0.3115300 0.3399801 0.0202715 0.0000000 0.2910581 0.2812830 0.0066845 0.3507191 0.0033294 0.0168514 0.3779527 0.4751816 0.1776180 
n280_281   0.2815223 0.2582508 0.3183951 0.0448597 0.2970974 0.4218602 0.3133047 0.2631664 0.2970052 0.0066991 0.2921051 0.0448258 0.2787481 0.2970974 0.2910581 0.0000000 0.0168814 0.2915125 0.2679922 0.2961180 0.2969056 0.3874298 0.4260318 0.3168213 
n274_275   0.2718538 0.2534596 0.3133270 0.0484524 0.2921711 0.4154112 0.3082672 0.2583428 0.2871329 0.0168814 0.2872086 0.0484166 0.2738119 0.2921711 0.2812830 0.0168814 0.0000000 0.2817206 0.2631382 0.2862790 0.2870369 0.3817115 0.4259545 0.3016831 
n275_276   0.0776987 0.3126844 0.0272028 0.3125608 0.0134503 0.4648173 0.0272042 0.3407009 0.0237524 0.2915125 0.0168621 0.3120206 0.3405245 0.0134503 0.0066845 0.2915125 0.2817206 0.0000000 0.3512832 0.0100504 0.0168746 0.3785671 0.4823381 0.1778806 
n285_286   0.3303215 0.1499861 0.3694603 0.2785811 0.3628964 0.4688719 0.3640025 0.0170358 0.3573326 0.2679922 0.3574342 0.2781463 0.1544669 0.3628964 0.3507191 0.2679922 0.2631382 0.3512832 0.0000000 0.3562329 0.3572151 0.3707546 0.4593000 0.3442400 
n294_295   0.0813229 0.3174092 0.0376756 0.3172832 0.0237061 0.4642097 0.0376775 0.3455949 0.0271732 0.2961180 0.0271729 0.3167340 0.3454151 0.0237061 0.0033294 0.2961180 0.2862790 0.0100504 0.3562329 0.0000000 0.0202698 0.3836678 0.4817043 0.1819160 
n297_298   0.0890964 0.3131429 0.0448649 0.3181377 0.0307078 0.4718524 0.0448673 0.3465430 0.0066937 0.2969056 0.0342216 0.3175856 0.3410338 0.0307078 0.0168514 0.2969056 0.2870369 0.0168746 0.3572151 0.0202698 0.0000000 0.3727948 0.4895383 0.1823685 
n244_245   0.3569020 0.3347112 0.3962164 0.4057424 0.3785862 0.3247115 0.3905885 0.3765098 0.3788977 0.3874298 0.3616179 0.3875765 0.3464075 0.3785862 0.3779527 0.3874298 0.3817115 0.3785671 0.3707546 0.3836678 0.3727948 0.0000000 0.3448701 0.4125304 
n251_252   0.4576105 0.4515772 0.5029563 0.4384978 0.4893542 0.0445403 0.5034188 0.4591815 0.4961893 0.4260318 0.4829290 0.4441680 0.4525646 0.4893542 0.4751816 0.4260318 0.4259545 0.4823381 0.4593000 0.4817043 0.4895383 0.3448701 0.0000000 0.4663850 
n200_201   0.1569232 0.3068043 0.2001546 0.3229318 0.1867612 0.4618063 0.2001704 0.3387741 0.1868942 0.3168213 0.1912455 0.3275439 0.3343580 0.1867612 0.1776180 0.3168213 0.3016831 0.1778806 0.3442400 0.1819160 0.1823685 0.4125304 0.4663850 0.0000000 
