25
n236_237   0.0000000 0.2592176 0.0780177 0.2244097 0.0932962 0.2793613 0.2744435 0.0858073 0.2478138 0.0818211 0.2110350 0.2531077 0.2495639 0.0855739 0.0819536 0.2531476 0.2482432 0.0934780 0.2691932 0.0819781 0.0857199 0.4134198 0.3152355 0.1497374 0.2477801 
n266_267   0.2592176 0.0000000 0.2656443 0.2384112 0.2912657 0.2660285 0.1546912 0.2813386 0.2382264 0.2659896 0.2342364 0.2434305 0.0168500 0.2807383 0.2760854 0.2480795 0.2432171 0.2916693 0.1503533 0.2865780 0.2810279 0.3767262 0.3065955 0.2853980 0.2336473 
n296_297   0.0780177 0.2656443 0.0000000 0.2442029 0.0273001 0.2961511 0.2861997 0.0414062 0.2629793 0.0169262 0.2304399 0.2684215 0.2558633 0.0203545 0.0378325 0.2684646 0.2634403 0.0485625 0.2808299 0.0449871 0.0413649 0.4396803 0.3229168 0.1628186 0.2533593 
n277_278   0.2244097 0.2384112 0.2442029 0.0000000 0.2543011 0.2951438 0.2671880 0.2542983 0.0889665 0.2491506 0.0134672 0.0852592 0.2290774 0.2443818 0.2492797 0.0852703 0.0814763 0.2641718 0.2620322 0.2592996 0.2494010 0.3815166 0.3319090 0.2392506 0.0889532 
n290_291   0.0932962 0.2912657 0.0273001 0.2543011 0.0000000 0.3175398 0.3016956 0.0558357 0.2779667 0.0169018 0.2403379 0.2835506 0.2811275 0.0067157 0.0521737 0.2835968 0.2784589 0.0594480 0.2961951 0.0595009 0.0557796 0.4602233 0.3401429 0.1802874 0.2681465 
n255_256   0.2793613 0.2660285 0.2961511 0.2951438 0.3175398 0.0000000 0.2974350 0.2920691 0.3097211 0.2913610 0.2852869 0.3156182 0.2711758 0.3066096 0.2867310 0.3156725 0.3102819 0.3025650 0.2919642 0.2918487 0.2917452 0.3075350 0.0446894 0.2915159 0.3096813 
n286_287   0.2744435 0.1546912 0.2861997 0.2671880 0.3016956 0.2974350 0.0000000 0.2971746 0.2724615 0.2760459 0.2628953 0.2779841 0.1461293 0.2910013 0.2808263 0.2828602 0.2777389 0.2965093 0.0100885 0.2913868 0.2968440 0.4259750 0.3344257 0.3059846 0.2676656 
n298_299   0.0858073 0.2813386 0.0414062 0.2542983 0.0558357 0.2920691 0.2971746 0.0000000 0.2630033 0.0449921 0.2403361 0.2684466 0.2713289 0.0485590 0.0101113 0.2684896 0.2634644 0.0203901 0.2917033 0.0169530 0.0067121 0.4410257 0.3130983 0.1805021 0.2533817 
n299_300   0.2478138 0.2382264 0.2629793 0.0889665 0.2779667 0.3097211 0.2724615 0.2630033 0.0000000 0.2584034 0.0778100 0.0100754 0.2289020 0.2728894 0.2579362 0.0168646 0.0202755 0.2632496 0.2672586 0.2680541 0.2580607 0.4043665 0.3581275 0.2638426 0.0066886 
n287_288   0.0818211 0.2659896 0.0169262 0.2491506 0.0169018 0.2913610 0.2760459 0.0449921 0.2584034 0.0000000 0.2352924 0.2638091 0.2561943 0.0100820 0.0413959 0.2638512 0.2588555 0.0521897 0.2707585 0.0485945 0.0449471 0.4399935 0.3131033 0.1671843 0.2488329 
n278_279   0.2110350 0.2342364 0.2304399 0.0134672 0.2403379 0.2852869 0.2628953 0.2403361 0.0778100 0.2352924 0.0000000 0.0741461 0.2249395 0.2306074 0.2354131 0.0741556 0.0704184 0.2500255 0.2577649 0.2452409 0.2355286 0.3702429 0.3215861 0.2255853 0.0777983 
n292_293   0.2531077 0.2434305 0.2684215 0.0852592 0.2835506 0.3156182 0.2779841 0.2684466 0.0100754 0.2638091 0.0741461 0.0000000 0.2340246 0.2784243 0.2633307 0.0202995 0.0168699 0.2687001 0.2727282 0.2735467 0.2634577 0.4162215 0.3645052 0.2693044 0.0100739 
n265_266   0.2495639 0.0168500 0.2558633 0.2290774 0.2811275 0.2711758 0.1461293 0.2713289 0.2289020 0.2561943 0.2249395 0.2340246 0.0000000 0.2707519 0.2661508 0.2386165 0.2338198 0.2815132 0.1418544 0.2764917 0.2710303 0.3832750 0.3120504 0.2753618 0.2243776 
n289_290   0.0855739 0.2807383 0.0203545 0.2443818 0.0067157 0.3066096 0.2910013 0.0485590 0.2728894 0.0100820 0.2306074 0.2784243 0.2707519 0.0000000 0.0449432 0.2784695 0.2733710 0.0557919 0.2855957 0.0521800 0.0485104 0.4467846 0.3288300 0.1714161 0.2631388 
n293_294   0.0819536 0.2760854 0.0378325 0.2492797 0.0521737 0.2867310 0.2808263 0.0101113 0.2579362 0.0413959 0.2354131 0.2633307 0.2661508 0.0449432 0.0000000 0.2633727 0.2583868 0.0100909 0.2755034 0.0067121 0.0101014 0.4407408 0.3182462 0.1760112 0.2483840 
n280_281   0.2531476 0.2480795 0.2684646 0.0852703 0.2835968 0.3156725 0.2828602 0.2684896 0.0168646 0.2638512 0.0741556 0.0202995 0.2386165 0.2784695 0.2633727 0.0000000 0.0168719 0.2633697 0.2775658 0.2735909 0.2634997 0.4044401 0.3645699 0.2693477 0.0237164 
n274_275   0.2482432 0.2432171 0.2634403 0.0814763 0.2784589 0.3102819 0.2777389 0.2634644 0.0202755 0.2588555 0.0704184 0.0168699 0.2338198 0.2733710 0.2583868 0.0168719 0.0000000 0.2637117 0.2724881 0.2685259 0.2585117 0.4100983 0.3587966 0.2643064 0.0202715 
n275_276   0.0934780 0.2916693 0.0485625 0.2641718 0.0594480 0.3025650 0.2965093 0.0203901 0.2632496 0.0521897 0.2500255 0.2687001 0.2815132 0.0557919 0.0100909 0.2633697 0.2637117 0.0000000 0.2910519 0.0169187 0.0203701 0.4605174 0.3348220 0.1893654 0.2536162 
n285_286   0.2691932 0.1503533 0.2808299 0.2620322 0.2961951 0.2919642 0.0100885 0.2917033 0.2672586 0.2707585 0.2577649 0.2727282 0.1418544 0.2855957 0.2755034 0.2775658 0.2724881 0.2910519 0.0000000 0.2859723 0.2913798 0.4321738 0.3286417 0.2902588 0.2624995 
n294_295   0.0819781 0.2865780 0.0449871 0.2592996 0.0595009 0.2918487 0.2913868 0.0169530 0.2680541 0.0485945 0.2452409 0.2735467 0.2764917 0.0521800 0.0067121 0.2735909 0.2685259 0.0169187 0.2859723 0.0000000 0.0169364 0.4404857 0.3235910 0.1805606 0.2583621 
n297_298   0.0857199 0.2810279 0.0413649 0.2494010 0.0557796 0.2917452 0.2968440 0.0067121 0.2580607 0.0449471 0.2355286 0.2634577 0.2710303 0.0485104 0.0101014 0.2634997 0.2585117 0.0203701 0.2913798 0.0169364 0.0000000 0.4468647 0.3180903 0.1803112 0.2485046 
n244_245   0.4134198 0.3767262 0.4396803 0.3815166 0.4602233 0.3075350 0.4259750 0.4410257 0.4043665 0.4399935 0.3702429 0.4162215 0.3832750 0.4467846 0.4407408 0.4044401 0.4100983 0.4605174 0.4321738 0.4404857 0.4468647 0.0000000 0.3398186 0.4421678 0.4161770 
n251_252   0.3152355 0.3065955 0.3229168 0.3319090 0.3401429 0.0446894 0.3344257 0.3130983 0.3581275 0.3131033 0.3215861 0.3645052 0.3120504 0.3288300 0.3182462 0.3645699 0.3587966 0.3348220 0.3286417 0.3235910 0.3180903 0.3398186 0.0000000 0.3333180 0.3471921 
n200_201   0.1497374 0.2853980 0.1628186 0.2392506 0.1802874 0.2915159 0.3059846 0.1805021 0.2638426 0.1671843 0.2255853 0.2693044 0.2753618 0.1714161 0.1760112 0.2693477 0.2643064 0.1893654 0.2902588 0.1805606 0.1803112 0.4421678 0.3333180 0.0000000 0.2638071 
n300_301   0.2477801 0.2336473 0.2533593 0.0889532 0.2681465 0.3096813 0.2676656 0.2533817 0.0066886 0.2488329 0.0777983 0.0100739 0.2243776 0.2631388 0.2483840 0.0237164 0.0202715 0.2536162 0.2624995 0.2583621 0.2485046 0.4161770 0.3471921 0.2638071 0.0000000 
