24
n236_237   0.0000000 0.2374157 0.0933974 0.2698864 0.0974846 0.3753370 0.0934393 0.2386044 0.0780434 0.2907206 0.1012955 0.2553051 0.3010265 0.2436271 0.1052563 0.0817838 0.3014215 0.2914186 0.0818713 0.2386308 0.0818813 0.4277428 0.3864730 0.1295696 
n266_267   0.2374157 0.0000000 0.2942156 0.2893100 0.2998145 0.3789090 0.2943635 0.1360918 0.2787227 0.2731027 0.3051401 0.2743624 0.2729117 0.0236232 0.3105210 0.2836516 0.2834636 0.2794275 0.2840048 0.1361068 0.2840383 0.4459827 0.3971277 0.2540125 
n296_297   0.0933974 0.2942156 0.0000000 0.3247810 0.0135070 0.4087156 0.0067063 0.2912438 0.0414707 0.3079993 0.0134935 0.3088458 0.3186049 0.2954756 0.0169179 0.0450290 0.3251084 0.3147208 0.0450759 0.2912760 0.0450815 0.4910220 0.4201607 0.1636769 
n277_278   0.2698864 0.2893100 0.3247810 0.0000000 0.3311107 0.4526759 0.3249483 0.2964659 0.3030013 0.0859312 0.3363188 0.0169285 0.0935849 0.2848479 0.3419825 0.3081287 0.0936809 0.0900212 0.3085220 0.2964986 0.3085585 0.5260333 0.4650537 0.2965332 
n290_291   0.0974846 0.2998145 0.0135070 0.3311107 0.0000000 0.4155094 0.0135127 0.2914155 0.0487575 0.3137588 0.0067163 0.3150088 0.3244600 0.3011031 0.0101048 0.0523604 0.3310400 0.3205600 0.0524153 0.2914478 0.0524218 0.4843386 0.4270645 0.1727802 
n255_256   0.3753370 0.3789090 0.4087156 0.4526759 0.4155094 0.0000000 0.3964759 0.3875333 0.3823797 0.4304303 0.4148552 0.4461119 0.4366191 0.3683396 0.4283488 0.3880935 0.4304904 0.4320919 0.3886205 0.3813589 0.3886657 0.4113448 0.0272061 0.3602814 
n295_296   0.0934393 0.2943635 0.0067063 0.3249483 0.0135127 0.3964759 0.0000000 0.2913907 0.0414887 0.3081563 0.0134992 0.3090036 0.3187683 0.2956247 0.0169251 0.0450486 0.3252762 0.3148824 0.0450956 0.2914230 0.0451011 0.4912996 0.4077381 0.1637537 
n286_287   0.2386044 0.1360918 0.2912438 0.2964659 0.2914155 0.3875333 0.2913907 0.0000000 0.2755209 0.2857916 0.3021748 0.2757462 0.2855872 0.1407572 0.3075596 0.2804525 0.2964246 0.2969534 0.2808036 0.0067009 0.2808369 0.4936915 0.3996646 0.2598670 
n298_299   0.0780434 0.2787227 0.0414707 0.3030013 0.0487575 0.3823797 0.0414887 0.2755209 0.0000000 0.2972689 0.0487081 0.2876690 0.3077074 0.2799060 0.0523508 0.0033424 0.3081156 0.2979867 0.0033458 0.2755515 0.0033462 0.4772333 0.3933868 0.1464428 
n299_300   0.2907206 0.2731027 0.3079993 0.0859312 0.3137588 0.4304303 0.3081563 0.2857916 0.2972689 0.0000000 0.3192300 0.0782944 0.0067057 0.2687296 0.3247526 0.3023534 0.0203598 0.0238844 0.3027374 0.2858232 0.3027732 0.5256070 0.4565921 0.3023446 
n287_288   0.1012955 0.3051401 0.0134935 0.3363188 0.0067163 0.4148552 0.0134992 0.3021748 0.0487081 0.3192300 0.0000000 0.3201131 0.3300170 0.3064553 0.0100947 0.0523073 0.3366668 0.3261039 0.0523622 0.3022081 0.0523687 0.4913678 0.4263880 0.1726028 
n278_279   0.2553051 0.2743624 0.3088458 0.0169285 0.3150088 0.4461119 0.3090036 0.2757462 0.2876690 0.0782944 0.3201131 0.0000000 0.0858600 0.2699672 0.3256532 0.2926997 0.0859473 0.0823164 0.2930697 0.2757768 0.2931045 0.5202399 0.4583831 0.2813777 
n292_293   0.3010265 0.2729117 0.3186049 0.0935849 0.3244600 0.4366191 0.3187683 0.2855872 0.3077074 0.0067057 0.3300170 0.0858600 0.0000000 0.2685425 0.3356225 0.3128609 0.0272792 0.0308595 0.3132612 0.2856187 0.3132981 0.5331608 0.4630162 0.3128534 
n265_266   0.2436271 0.0236232 0.2954756 0.2848479 0.3011031 0.3683396 0.2956247 0.1407572 0.2799060 0.2687296 0.3064553 0.2699672 0.2685425 0.0000000 0.3118617 0.2848580 0.2790371 0.2750088 0.2852140 0.1407727 0.2852477 0.4408211 0.3863079 0.2497228 
n289_290   0.1052563 0.3105210 0.0169179 0.3419825 0.0101048 0.4283488 0.0169251 0.3075596 0.0523508 0.3247526 0.0100947 0.3256532 0.3356225 0.3118617 0.0000000 0.0559697 0.3423406 0.3316975 0.0560286 0.3075935 0.0560355 0.4785441 0.4400993 0.1770536 
n293_294   0.0817838 0.2836516 0.0450290 0.3081287 0.0523604 0.3880935 0.0450486 0.2804525 0.0033424 0.3023534 0.0523073 0.2926997 0.3128609 0.2848580 0.0559697 0.0000000 0.3132781 0.3030843 0.0067061 0.2804836 0.0067070 0.4836699 0.3991752 0.1505821 
n280_281   0.3014215 0.2834636 0.3251084 0.0936809 0.3310400 0.4304904 0.3252762 0.2964246 0.3081156 0.0203598 0.3366668 0.0859473 0.0272792 0.2790371 0.3423406 0.3132781 0.0000000 0.0308888 0.3136796 0.2964573 0.3137166 0.5324517 0.4566652 0.3132707 
n274_275   0.2914186 0.2794275 0.3147208 0.0900212 0.3205600 0.4320919 0.3148824 0.2969534 0.2979867 0.0238844 0.3261039 0.0823164 0.0308595 0.2750088 0.3316975 0.3030843 0.0308888 0.0000000 0.3034701 0.2969862 0.3035060 0.5269701 0.4513448 0.3030756 
n275_276   0.0818713 0.2840048 0.0450759 0.3085220 0.0524153 0.3886205 0.0450956 0.2808036 0.0033458 0.3027374 0.0523622 0.2930697 0.3132612 0.2852140 0.0560286 0.0067061 0.3136796 0.3034701 0.0000000 0.2808347 0.0067137 0.4843709 0.3997208 0.1507528 
n285_286   0.2386308 0.1361068 0.2912760 0.2964986 0.2914478 0.3813589 0.2914230 0.0067009 0.2755515 0.2858232 0.3022081 0.2757768 0.2856187 0.1407727 0.3075935 0.2804836 0.2964573 0.2969862 0.2808347 0.0000000 0.2808680 0.4865445 0.3933765 0.2598958 
n294_295   0.0818813 0.2840383 0.0450815 0.3085585 0.0524218 0.3886657 0.0451011 0.2808369 0.0033462 0.3027732 0.0523687 0.2931045 0.3132981 0.2852477 0.0560355 0.0067070 0.3137166 0.3035060 0.0067137 0.2808680 0.0000000 0.4844258 0.3997672 0.1507712 
n244_245   0.4277428 0.4459827 0.4910220 0.5260333 0.4843386 0.4113448 0.4912996 0.4936915 0.4772333 0.5256070 0.4913678 0.5202399 0.5331608 0.4408211 0.4785441 0.4836699 0.5324517 0.5269701 0.4843709 0.4865445 0.4844258 0.0000000 0.4299965 0.4513257 
n251_252   0.3864730 0.3971277 0.4201607 0.4650537 0.4270645 0.0272061 0.4077381 0.3996646 0.3933868 0.4565921 0.4263880 0.4583831 0.4630162 0.3863079 0.4400993 0.3991752 0.4566652 0.4513448 0.3997208 0.3933765 0.3997672 0.4299965 0.0000000 0.3647589 
n200_201   0.1295696 0.2540125 0.1636769 0.2965332 0.1727802 0.3602814 0.1637537 0.2598670 0.1464428 0.3023446 0.1726028 0.2813777 0.3128534 0.2497228 0.1770536 0.1505821 0.3132707 0.3030756 0.1507528 0.2598958 0.1507712 0.4513257 0.3647589 0.0000000 
