25
n236_237   0.0000000 0.2449535 0.0742090 0.2807131 0.0819183 0.3457264 0.0667801 0.2748677 0.0780292 0.2450595 0.0705769 0.2756523 0.2449073 0.2210882 0.0780988 0.0742404 0.2401772 0.2258485 0.0855669 0.2800988 0.0817869 0.0742528 0.4111421 0.3629626 0.1453669 
n266_267   0.2449535 0.0000000 0.2599715 0.2558557 0.2706500 0.4069096 0.2501629 0.1413322 0.2600991 0.2454094 0.2554207 0.2409321 0.2452567 0.0307235 0.2654753 0.2501467 0.2358062 0.2309425 0.2699537 0.1455647 0.2600686 0.2550705 0.4052596 0.4317300 0.2749870 
n296_297   0.0742090 0.2599715 0.0000000 0.2964341 0.0272925 0.3402222 0.0134772 0.3065184 0.0378366 0.2702222 0.0169104 0.2912574 0.2700511 0.2355597 0.0238072 0.0342895 0.2651472 0.2502641 0.0449385 0.3011810 0.0413772 0.0342955 0.4116742 0.3631721 0.1539108 
n277_278   0.2807131 0.2558557 0.2964341 0.0000000 0.2916330 0.4137744 0.2860696 0.2917317 0.3075182 0.0818964 0.2809890 0.0203374 0.0818509 0.2462542 0.2914560 0.3020676 0.0743622 0.0668755 0.3072402 0.3078212 0.3128293 0.3020987 0.4650471 0.4320780 0.3345162 
n290_291   0.0819183 0.2706500 0.0272925 0.2916330 0.0000000 0.3467036 0.0203653 0.3237315 0.0450564 0.2655807 0.0100960 0.2864861 0.2654130 0.2458115 0.0100941 0.0414595 0.2605351 0.2457364 0.0522496 0.3182416 0.0486424 0.0414668 0.4061416 0.3699161 0.1627238 
n255_256   0.3457264 0.4069096 0.3402222 0.4137744 0.3467036 0.0000000 0.3291699 0.4266543 0.3403872 0.3641893 0.3295863 0.4141966 0.3526145 0.3828659 0.3296029 0.3288847 0.3524388 0.3526781 0.3458310 0.4332731 0.3400832 0.3346923 0.3645474 0.0342245 0.3872240 
n295_296   0.0667801 0.2501629 0.0134772 0.2860696 0.0203653 0.3291699 0.0000000 0.3014956 0.0307976 0.2602568 0.0100954 0.2809681 0.2600931 0.2260929 0.0169191 0.0272901 0.2552556 0.2405849 0.0378273 0.2961948 0.0272812 0.0272949 0.3995382 0.3517481 0.1497508 
n286_287   0.2748677 0.1413322 0.3065184 0.2917317 0.3237315 0.4266543 0.3014956 0.0000000 0.3122344 0.2701663 0.3072282 0.2708575 0.2601234 0.1330913 0.3126502 0.3014756 0.2602183 0.2551674 0.3228588 0.0100647 0.3122035 0.3067887 0.4124026 0.4526724 0.3071781 
n298_299   0.0780292 0.2600991 0.0378366 0.3075182 0.0450564 0.3403872 0.0307976 0.3122344 0.0000000 0.2703547 0.0343521 0.3022536 0.2701835 0.2356758 0.0414590 0.0169076 0.2652774 0.2503872 0.0272672 0.3177821 0.0237999 0.0033444 0.4059903 0.3633472 0.1625931 
n299_300   0.2450595 0.2454094 0.2702222 0.0818964 0.2655807 0.3641893 0.2602568 0.2701663 0.2703547 0.0000000 0.2553671 0.0743682 0.0134749 0.2311487 0.2654220 0.2652116 0.0134781 0.0134767 0.2701172 0.2856938 0.2753713 0.2652423 0.4055387 0.3696629 0.2858380 
n287_288   0.0705769 0.2554207 0.0169104 0.2809890 0.0100960 0.3295863 0.0100954 0.3072282 0.0343521 0.2553671 0.0000000 0.2759234 0.2552071 0.2311414 0.0067103 0.0308206 0.2504013 0.2358322 0.0414270 0.3018762 0.0378794 0.0308261 0.4061813 0.3521991 0.1541637 
n278_279   0.2756523 0.2409321 0.2912574 0.0203374 0.2864861 0.4141966 0.2809681 0.2708575 0.3022536 0.0743682 0.2759234 0.0000000 0.0743271 0.2315330 0.2863127 0.2968446 0.0743467 0.0595161 0.3019814 0.2864352 0.3075248 0.2968757 0.4652599 0.4325264 0.3290505 
n292_293   0.2449073 0.2452567 0.2700511 0.0818509 0.2654130 0.3526145 0.2600931 0.2601234 0.2701835 0.0134749 0.2552071 0.0743271 0.0000000 0.2310062 0.2652544 0.2650443 0.0134710 0.0134696 0.2699463 0.2754146 0.2751963 0.2650749 0.4052554 0.3580079 0.2856548 
n265_266   0.2210882 0.0307235 0.2355597 0.2462542 0.2458115 0.3828659 0.2260929 0.1330913 0.2356758 0.2311487 0.2311414 0.2315330 0.2310062 0.0000000 0.2408319 0.2260783 0.2217330 0.2169711 0.2451923 0.1372687 0.2356463 0.2308305 0.3751721 0.4132915 0.2500428 
n289_290   0.0780988 0.2654753 0.0238072 0.2914560 0.0100941 0.3296029 0.0169191 0.3126502 0.0414590 0.2654220 0.0067103 0.2863127 0.2652544 0.2408319 0.0000000 0.0378849 0.2603798 0.2455910 0.0486109 0.3072538 0.0450245 0.0378915 0.4126035 0.3522167 0.1541716 
n293_294   0.0742404 0.2501467 0.0342895 0.3020676 0.0414595 0.3288847 0.0272901 0.3014756 0.0169076 0.2652116 0.0308206 0.2968446 0.2650443 0.2260783 0.0378849 0.0000000 0.2601739 0.2453982 0.0237854 0.3069328 0.0067035 0.0134873 0.4055162 0.3514394 0.1539838 
n280_281   0.2401772 0.2358062 0.2651472 0.0743622 0.2605351 0.3524388 0.2552556 0.2602183 0.2652774 0.0134781 0.2504013 0.0743467 0.0134710 0.2217330 0.2603798 0.2601739 0.0000000 0.0134727 0.2650451 0.2755178 0.2702562 0.2602044 0.3931865 0.3578291 0.2754788 
n274_275   0.2258485 0.2309425 0.2502641 0.0668755 0.2457364 0.3526781 0.2405849 0.2551674 0.2503872 0.0134767 0.2358322 0.0595161 0.0134696 0.2169711 0.2455910 0.2453982 0.0134727 0.0000000 0.2501702 0.2703434 0.2552574 0.2454282 0.3872530 0.3580727 0.2753667 
n275_276   0.0855669 0.2699537 0.0449385 0.3072402 0.0522496 0.3458310 0.0378273 0.3228588 0.0272672 0.2701172 0.0414270 0.3019814 0.2699463 0.2451923 0.0486109 0.0237854 0.2650451 0.2501702 0.0000000 0.3284930 0.0307494 0.0237896 0.4178658 0.3689652 0.1582479 
n285_286   0.2800988 0.1455647 0.3011810 0.3078212 0.3182416 0.4332731 0.2961948 0.0100647 0.3177821 0.2856938 0.3018762 0.2864352 0.2754146 0.1372687 0.3072538 0.3069328 0.2755178 0.2703434 0.3284930 0.0000000 0.3177513 0.3122895 0.4125743 0.4595440 0.3126895 
n294_295   0.0817869 0.2600686 0.0413772 0.3128293 0.0486424 0.3400832 0.0272812 0.3122035 0.0237999 0.2753713 0.0378794 0.3075248 0.2751963 0.2356463 0.0450245 0.0067035 0.2702562 0.2552574 0.0307494 0.3177513 0.0000000 0.0203409 0.4118456 0.3630221 0.1625335 
n297_298   0.0742528 0.2550705 0.0342955 0.3020987 0.0414668 0.3346923 0.0272949 0.3067887 0.0033444 0.2652423 0.0308261 0.2968757 0.2650749 0.2308305 0.0378915 0.0134873 0.2602044 0.2454282 0.0237896 0.3122895 0.0203409 0.0000000 0.3997119 0.3574531 0.1582737 
n244_245   0.4111421 0.4052596 0.4116742 0.4650471 0.4061416 0.3645474 0.3995382 0.4124026 0.4059903 0.4055387 0.4061813 0.4652599 0.4052554 0.3751721 0.4126035 0.4055162 0.3931865 0.3872530 0.4178658 0.4125743 0.4118456 0.3997119 0.0000000 0.3884275 0.4373398 
n251_252   0.3629626 0.4317300 0.3631721 0.4320780 0.3699161 0.0342245 0.3517481 0.4526724 0.3633472 0.3696629 0.3521991 0.4325264 0.3580079 0.4132915 0.3522167 0.3514394 0.3578291 0.3580727 0.3689652 0.4595440 0.3630221 0.3574531 0.3884275 0.0000000 0.3993332 
n200_201   0.1453669 0.2749870 0.1539108 0.3345162 0.1627238 0.3872240 0.1497508 0.3071781 0.1625931 0.2858380 0.1541637 0.3290505 0.2856548 0.2500428 0.1541716 0.1539838 0.2754788 0.2753667 0.1582479 0.3126895 0.1625335 0.1582737 0.4373398 0.3993332 0.0000000 
