24
n287_292   0.0000000 0.4105180 0.4774330 0.0100863 0.0272449 0.4203678 0.1661781 0.3839941 0.0307266 0.3829316 0.4492769 0.0377220 0.4880543 0.3541889 0.4171202 0.0134766 0.0815689 0.3893725 0.0306951 0.1788902 0.4440583 0.0307016 0.4262304 0.0377314 
n277_282   0.4105180 0.0000000 0.3749294 0.3922325 0.4034340 0.2966217 0.4170856 0.0482097 0.4093312 0.0481995 0.3164599 0.3907245 0.3638083 0.3339200 0.0134620 0.3865792 0.4055450 0.0482210 0.3912796 0.4295140 0.3065398 0.3913517 0.3015973 0.3970218 
n255_260   0.4774330 0.3749294 0.0000000 0.4627543 0.4567562 0.3627282 0.5196465 0.3454503 0.4631409 0.3513119 0.3720798 0.4427369 0.0815673 0.3795328 0.3688285 0.4689757 0.4437209 0.3514545 0.4558070 0.5048502 0.3672860 0.4558871 0.3681749 0.4495806 
n290_295   0.0100863 0.3922325 0.4627543 0.0000000 0.0202744 0.4017192 0.1532837 0.3662961 0.0237116 0.3652925 0.4298892 0.0271906 0.4676155 0.3372706 0.3986446 0.0033408 0.0702706 0.3715532 0.0202828 0.1657594 0.4247881 0.0202871 0.4074351 0.0271974 
n295_300   0.0272449 0.4034340 0.4567562 0.0202744 0.0000000 0.4076736 0.1532462 0.3771802 0.0033394 0.3761422 0.4360632 0.0341313 0.4741018 0.3369477 0.4099517 0.0237040 0.0776410 0.3825031 0.0271566 0.1741594 0.4309275 0.0271624 0.4134332 0.0341398 
n285_290   0.4203678 0.2966217 0.3627282 0.4017192 0.4076736 0.0000000 0.4725460 0.2965821 0.4017862 0.2965238 0.1701296 0.4019529 0.3627635 0.3360067 0.3126624 0.4074658 0.4144043 0.2966478 0.3953653 0.4463007 0.1743278 0.3954384 0.0033441 0.4073823 
n200_229   0.1661781 0.4170856 0.5196465 0.1532837 0.1532462 0.4725460 0.0000000 0.4005030 0.1574327 0.4003217 0.4705578 0.1533623 0.5044685 0.3616580 0.4171478 0.1491527 0.1624014 0.4059811 0.1449913 0.0485300 0.4596363 0.1450216 0.4788382 0.1534011 
n292_297   0.3839941 0.0482097 0.3454503 0.3662961 0.3771802 0.2965821 0.4005030 0.0000000 0.3828966 0.0066953 0.3109799 0.3649013 0.3347667 0.3135310 0.0482165 0.3608052 0.3726357 0.0100776 0.3654128 0.4061470 0.3011324 0.3654817 0.3015574 0.3709895 
n296_301   0.0307266 0.4093312 0.4631409 0.0237116 0.0033394 0.4017862 0.1574327 0.3828966 0.0000000 0.3818398 0.4422601 0.0376382 0.4676710 0.3423419 0.4159081 0.0271567 0.0813832 0.3882568 0.0306269 0.1784656 0.4370887 0.0306334 0.4075014 0.0376476 
n274_279   0.3829316 0.0481995 0.3513119 0.3652925 0.3761422 0.2965238 0.4003217 0.0066953 0.3818398 0.0000000 0.3109193 0.3639049 0.3405404 0.3133986 0.0482063 0.3598191 0.3716107 0.0100754 0.3644137 0.4059623 0.3010734 0.3644823 0.3014982 0.3699726 
n265_270   0.4492769 0.3164599 0.3720798 0.4298892 0.4360632 0.1701296 0.4705578 0.3109799 0.4422601 0.3109193 0.0000000 0.4234938 0.4002010 0.3401956 0.3271356 0.4358426 0.4435901 0.3110481 0.4232760 0.4767765 0.0203058 0.4233524 0.1743377 0.4290517 
n293_298   0.0377220 0.3907245 0.4427369 0.0271906 0.0341313 0.4019529 0.1533623 0.3649013 0.0376382 0.3639049 0.4234938 0.0000000 0.4542885 0.3374756 0.3971048 0.0306548 0.0703088 0.3701355 0.0134702 0.1658435 0.4184328 0.0134731 0.4076709 0.0066986 
n251_256   0.4880543 0.3638083 0.0815673 0.4676155 0.4741018 0.3627635 0.5044685 0.3347667 0.4676710 0.3405404 0.4002010 0.4542885 0.0000000 0.3853802 0.3638626 0.4738640 0.4351405 0.3406798 0.4606319 0.4900166 0.3891530 0.4607123 0.3682144 0.4612377 
n244_249   0.3541889 0.3339200 0.3795328 0.3372706 0.3369477 0.3360067 0.3616580 0.3135310 0.3423419 0.3133986 0.3401956 0.3374756 0.3853802 0.0000000 0.3398131 0.3425291 0.3493834 0.3184759 0.3257907 0.3728562 0.3355487 0.3315878 0.3354822 0.3424809 
n278_283   0.4171202 0.0134620 0.3688285 0.3986446 0.4099517 0.3126624 0.4171478 0.0482165 0.4159081 0.0482063 0.3271356 0.3971048 0.3638626 0.3398131 0.0000000 0.3929376 0.4056054 0.0482279 0.3976721 0.4295783 0.3170766 0.3977451 0.3177516 0.4034689 
n289_294   0.0134766 0.3865792 0.4689757 0.0033408 0.0237040 0.4074658 0.1491527 0.3608052 0.0271567 0.3598191 0.4358426 0.0306548 0.4738640 0.3425291 0.3929376 0.0000000 0.0739503 0.3660287 0.0237135 0.1615614 0.4307090 0.0237185 0.4132228 0.0306625 
n236_241   0.0815689 0.4055450 0.4437209 0.0702706 0.0776410 0.4144043 0.1624014 0.3726357 0.0813832 0.3716107 0.4435901 0.0703088 0.4351405 0.3493834 0.4056054 0.0739503 0.0000000 0.3779382 0.0629214 0.1581326 0.4330148 0.0629348 0.4202226 0.0703265 
n280_285   0.3893725 0.0482210 0.3514545 0.3715532 0.3825031 0.2966478 0.4059811 0.0100776 0.3882568 0.0100754 0.3110481 0.3701355 0.3406798 0.3184759 0.0482279 0.3660287 0.3779382 0.0000000 0.3706558 0.4116618 0.3011989 0.3707253 0.3016240 0.3762668 
n298_303   0.0306951 0.3912796 0.4558070 0.0202828 0.0271566 0.3953653 0.1449913 0.3654128 0.0306269 0.3644137 0.4232760 0.0134702 0.4606319 0.3257907 0.3976721 0.0237135 0.0629214 0.3706558 0.0000000 0.1573280 0.4182163 0.0067006 0.4010295 0.0134736 
n200_228   0.1788902 0.4295140 0.5048502 0.1657594 0.1741594 0.4463007 0.0485300 0.4061470 0.1784656 0.4059623 0.4767765 0.1658435 0.4900166 0.3728562 0.4295783 0.1615614 0.1581326 0.4116618 0.1573280 0.0000000 0.4588450 0.1573608 0.4523769 0.1658854 
n266_271   0.4440583 0.3065398 0.3672860 0.4247881 0.4309275 0.1743278 0.4596363 0.3011324 0.4370887 0.3010734 0.0203058 0.4184328 0.3891530 0.3355487 0.3170766 0.4307090 0.4330148 0.3011989 0.4182163 0.4588450 0.0000000 0.4182922 0.1785571 0.4239639 
n297_302   0.0307016 0.3913517 0.4558871 0.0202871 0.0271624 0.3954384 0.1450216 0.3654817 0.0306334 0.3644823 0.4233524 0.0134731 0.4607123 0.3315878 0.3977451 0.0237185 0.0629348 0.3707253 0.0067006 0.1573608 0.4182922 0.0000000 0.4011033 0.0134765 
n286_291   0.4262304 0.3015973 0.3681749 0.4074351 0.4134332 0.0033441 0.4788382 0.3015574 0.4075014 0.3014982 0.1743377 0.4076709 0.3682144 0.3354822 0.3177516 0.4132228 0.4202226 0.3016240 0.4010295 0.4523769 0.1785571 0.4011033 0.0000000 0.4131356 
n275_280   0.0377314 0.3970218 0.4495806 0.0271974 0.0341398 0.4073823 0.1534011 0.3709895 0.0376476 0.3699726 0.4290517 0.0066986 0.4612377 0.3424809 0.4034689 0.0306625 0.0703265 0.3762668 0.0134736 0.1658854 0.4239639 0.0134765 0.4131356 0.0000000 
