25
n236_237   0.0000000 0.2846226 0.0846913 0.3051361 0.1036408 0.3457683 0.0883710 0.3011231 0.0959879 0.2719695 0.0998393 0.2759958 0.2670452 0.2850387 0.0998926 0.0997023 0.2720169 0.2765007 0.1037441 0.3011996 0.0998176 0.4114906 0.3454615 0.1764579 0.2764174 
n266_267   0.2846226 0.0000000 0.2887805 0.2652928 0.3136289 0.3655679 0.2934309 0.1386571 0.2984983 0.2291059 0.3086637 0.2468899 0.2244798 0.0236348 0.3088650 0.3031389 0.2291445 0.2288560 0.3089223 0.1306775 0.3035614 0.3924174 0.3650277 0.3096885 0.2333421 
n296_297   0.0846913 0.2887805 0.0000000 0.2606143 0.0271317 0.3188173 0.0033355 0.3002027 0.0340786 0.2476412 0.0271391 0.2422927 0.2476155 0.2892034 0.0237028 0.0305699 0.2476835 0.2520404 0.0341143 0.3002789 0.0375832 0.4104605 0.3185423 0.1593267 0.2519645 
n277_278   0.3051361 0.2652928 0.2606143 0.0000000 0.2845826 0.3782014 0.2651219 0.2859750 0.2748496 0.0628056 0.2846561 0.0202969 0.0628018 0.2657843 0.2799685 0.2793785 0.0628150 0.0700604 0.2800685 0.2762080 0.2797598 0.4160581 0.3776358 0.2908228 0.0700617 
n290_291   0.1036408 0.3136289 0.0271317 0.2845826 0.0000000 0.3342768 0.0305715 0.3255375 0.0481519 0.2712815 0.0134347 0.2657053 0.2712521 0.3140935 0.0033371 0.0445632 0.2713286 0.2757992 0.0482026 0.3256175 0.0517263 0.4278617 0.3339846 0.1717136 0.2757163 
n255_256   0.3457683 0.3655679 0.3188173 0.3782014 0.3342768 0.0000000 0.3236378 0.4014034 0.3395204 0.3212127 0.3395860 0.3462717 0.3211752 0.3716944 0.3345857 0.3391824 0.3163226 0.3260003 0.3505962 0.3900161 0.3448860 0.3024730 0.0133937 0.3353550 0.3259018 
n295_296   0.0883710 0.2934309 0.0033355 0.2651219 0.0305715 0.3236378 0.0000000 0.2999723 0.0375465 0.2520969 0.0305799 0.2467094 0.2520706 0.2938602 0.0271317 0.0340206 0.2521401 0.2565150 0.0375859 0.3000484 0.0410658 0.4158289 0.3233570 0.1633382 0.2564379 
n286_287   0.3011231 0.1386571 0.3002027 0.2859750 0.3255375 0.4014034 0.2999723 0.0000000 0.3101054 0.2441661 0.3204763 0.2670207 0.2394216 0.1469992 0.3206880 0.3148255 0.2442078 0.2438965 0.3207488 0.0066939 0.3152710 0.4109464 0.4007929 0.3162833 0.2484893 
n298_299   0.0959879 0.2984983 0.0340786 0.2748496 0.0481519 0.3395204 0.0375465 0.3101054 0.0000000 0.2616831 0.0481650 0.2562004 0.2616552 0.2989367 0.0446400 0.0236621 0.2617282 0.2661521 0.0271591 0.3101831 0.0033362 0.4043163 0.3392222 0.1633476 0.2660721 
n299_300   0.2719695 0.2291059 0.2476412 0.0628056 0.2712815 0.3212127 0.2520969 0.2441661 0.2616831 0.0000000 0.2713522 0.0484477 0.0067428 0.2295239 0.2667223 0.2661619 0.0067440 0.0169602 0.2716207 0.2348955 0.2665221 0.3892870 0.3259025 0.2628299 0.0067382 
n287_288   0.0998393 0.3086637 0.0271391 0.2846561 0.0134347 0.3395860 0.0305799 0.3204763 0.0481650 0.2713522 0.0000000 0.2657745 0.2665620 0.3091206 0.0100604 0.0445754 0.2713993 0.2758710 0.0482158 0.3205556 0.0517404 0.4165383 0.3392875 0.1717592 0.2757880 
n278_279   0.2759958 0.2468899 0.2422927 0.0202969 0.2657053 0.3462717 0.2467094 0.2670207 0.2562004 0.0484477 0.2657745 0.0000000 0.0484450 0.2473435 0.2611866 0.2606407 0.0484549 0.0592021 0.2612758 0.2574861 0.2609910 0.4049591 0.3510786 0.2621471 0.0555862 
n292_293   0.2670452 0.2244798 0.2476155 0.0628018 0.2712521 0.3211752 0.2520706 0.2394216 0.2616552 0.0067428 0.2665620 0.0484450 0.0000000 0.2248882 0.2666936 0.2661333 0.0067437 0.0169594 0.2715912 0.2302129 0.2664935 0.3837113 0.3258642 0.2628017 0.0135360 
n265_266   0.2850387 0.0236348 0.2892034 0.2657843 0.3140935 0.3716944 0.2938602 0.1469992 0.2989367 0.2295239 0.3091206 0.2473435 0.2248882 0.0000000 0.3093218 0.3035849 0.2295626 0.2292732 0.3093791 0.1389166 0.3040087 0.4044604 0.3711426 0.3051461 0.2337683 
n289_290   0.0998926 0.3088650 0.0237028 0.2799685 0.0033371 0.3345857 0.0271317 0.3206880 0.0446400 0.2667223 0.0100604 0.2611866 0.2666936 0.3093218 0.0000000 0.0410691 0.2667685 0.2712202 0.0446869 0.3207674 0.0481993 0.4224125 0.3342917 0.1676625 0.2711386 
n293_294   0.0997023 0.3031389 0.0305699 0.2793785 0.0445632 0.3391824 0.0340206 0.3148255 0.0236621 0.2661619 0.0445754 0.2606407 0.2661333 0.3035849 0.0410691 0.0000000 0.2662079 0.2706493 0.0236867 0.3149039 0.0271113 0.4153785 0.3388842 0.1715870 0.2705680 
n280_281   0.2720169 0.2291445 0.2476835 0.0628150 0.2713286 0.3163226 0.2521401 0.2442078 0.2617282 0.0067440 0.2713993 0.0484549 0.0067437 0.2295626 0.2667685 0.2662079 0.0000000 0.0169626 0.2716679 0.2349354 0.2665682 0.3893603 0.3209905 0.2628754 0.0135386 
n274_275   0.2765007 0.2288560 0.2520404 0.0700604 0.2757992 0.3260003 0.2565150 0.2438965 0.2661521 0.0169602 0.2758710 0.0592021 0.0169594 0.2292732 0.2712202 0.2706493 0.0169626 0.0000000 0.2761456 0.2346376 0.2710168 0.3944451 0.3307102 0.2672379 0.0238341 
n275_276   0.1037441 0.3089223 0.0341143 0.2800685 0.0482026 0.3505962 0.0375859 0.3207488 0.0271591 0.2716207 0.0482158 0.2612758 0.2715912 0.3093791 0.0446869 0.0236867 0.2716679 0.2761456 0.0000000 0.3208282 0.0306324 0.4223573 0.3502843 0.1761954 0.2760625 
n285_286   0.3011996 0.1306775 0.3002789 0.2762080 0.3256175 0.3900161 0.3000484 0.0066939 0.3101831 0.2348955 0.3205556 0.2574861 0.2302129 0.1389166 0.3207674 0.3149039 0.2349354 0.2346376 0.3208282 0.0000000 0.3153495 0.3994578 0.3894275 0.3163622 0.2391754 
n297_298   0.0998176 0.3035614 0.0375832 0.2797598 0.0517263 0.3448860 0.0410658 0.3152710 0.0033362 0.2665221 0.0517404 0.2609910 0.2664935 0.3040087 0.0481993 0.0271113 0.2665682 0.2710168 0.0306324 0.3153495 0.0000000 0.4101752 0.3445814 0.1675551 0.2709353 
n244_245   0.4114906 0.3924174 0.4104605 0.4160581 0.4278617 0.3024730 0.4158289 0.4109464 0.4043163 0.3892870 0.4165383 0.4049591 0.3837113 0.4044604 0.4224125 0.4153785 0.3893603 0.3944451 0.4223573 0.3994578 0.4101752 0.0000000 0.3018889 0.4057621 0.3943242 
n251_252   0.3454615 0.3650277 0.3185423 0.3776358 0.3339846 0.0133937 0.3233570 0.4007929 0.3392222 0.3259025 0.3392875 0.3510786 0.3258642 0.3711426 0.3342917 0.3388842 0.3209905 0.3307102 0.3502843 0.3894275 0.3445814 0.3018889 0.0000000 0.3350596 0.3306103 
n200_201   0.1764579 0.3096885 0.1593267 0.2908228 0.1717136 0.3353550 0.1633382 0.3162833 0.1633476 0.2628299 0.1717592 0.2621471 0.2628017 0.3051461 0.1676625 0.1715870 0.2628754 0.2672379 0.1761954 0.3163622 0.1675551 0.4057621 0.3350596 0.0000000 0.2672420 
n300_301   0.2764174 0.2333421 0.2519645 0.0700617 0.2757163 0.3259018 0.2564379 0.2484893 0.2660721 0.0067382 0.2757880 0.0555862 0.0135360 0.2337683 0.2711386 0.2705680 0.0135386 0.0238341 0.2760625 0.2391754 0.2709353 0.3943242 0.3306103 0.2672420 0.0000000 
