22
n236_237   0.0000000 0.3077567 0.1525849 0.3017936 0.1279469 0.4165042 0.1444073 0.3229898 0.1238810 0.3172745 0.2963198 0.3126168 0.1401501 0.3222953 0.3066342 0.1440759 0.3070082 0.1239438 0.3911350 0.4163619 0.1732962 0.3225695 
n266_267   0.3077567 0.0000000 0.3242112 0.2154228 0.2978832 0.3585520 0.3138305 0.1535434 0.3034298 0.2386878 0.2104121 0.0169073 0.3194449 0.2432487 0.2291544 0.3243312 0.1450974 0.3089396 0.3142442 0.3530078 0.2570027 0.2434426 
n296_297   0.1525849 0.3242112 0.0000000 0.3229957 0.0202466 0.4546297 0.0066885 0.3341126 0.0590609 0.3277270 0.3069880 0.3291765 0.0700968 0.3219276 0.3169315 0.0737085 0.3178666 0.0627471 0.4344164 0.4479580 0.1908525 0.3330977 
n277_278   0.3017936 0.2154228 0.3229957 0.0000000 0.2967809 0.3754732 0.3126593 0.2673116 0.2917712 0.0629763 0.0237687 0.2338229 0.3075670 0.0666026 0.0556651 0.3069547 0.2573019 0.2971641 0.3575747 0.3751427 0.2512243 0.0666478 
n290_291   0.1279469 0.2978832 0.0202466 0.2967809 0.0000000 0.4288167 0.0134396 0.3074842 0.0376036 0.3013799 0.2813593 0.3026908 0.0518471 0.2958195 0.2909874 0.0553820 0.2918404 0.0411583 0.4097486 0.4223955 0.1648514 0.3065537 
n255_256   0.4165042 0.3585520 0.4546297 0.3754732 0.4288167 0.0000000 0.4485573 0.4046742 0.4292873 0.3811463 0.3749441 0.3750172 0.4419910 0.3808366 0.3698064 0.4410541 0.3865072 0.4359758 0.2782406 0.0378459 0.3622837 0.3869798 
n295_296   0.1444073 0.3138305 0.0066885 0.3126593 0.0134396 0.4485573 0.0000000 0.3236181 0.0518768 0.3173406 0.2968759 0.3187358 0.0664533 0.3116332 0.3066997 0.0700517 0.3076028 0.0555215 0.4285103 0.4419409 0.1822484 0.3226359 
n286_287   0.3229898 0.1535434 0.3341126 0.2673116 0.3074842 0.4046742 0.3236181 0.0000000 0.3129611 0.2819600 0.2572715 0.1575733 0.3291556 0.2867669 0.2718339 0.3396343 0.0203356 0.3185378 0.3632131 0.3812793 0.2908470 0.2870037 
n298_299   0.1238810 0.3034298 0.0590609 0.2917712 0.0376036 0.4292873 0.0518768 0.3129611 0.0000000 0.3016946 0.2863781 0.3031384 0.0202552 0.2961261 0.2912876 0.0236627 0.2971824 0.0100523 0.4038530 0.4228542 0.1649709 0.3068756 
n299_300   0.3172745 0.2386878 0.3277270 0.0629763 0.3013799 0.3811463 0.3173406 0.2819600 0.3016946 0.0000000 0.0628775 0.2576897 0.3177068 0.0100785 0.0134778 0.3170721 0.2717435 0.3071654 0.3570083 0.3923207 0.2702938 0.0033427 
n278_279   0.2963198 0.2104121 0.3069880 0.0237687 0.2813593 0.3749441 0.2968759 0.2572715 0.2863781 0.0628775 0.0000000 0.2286518 0.3020348 0.0664979 0.0555782 0.3068347 0.2474157 0.2917214 0.3568831 0.3746145 0.2507762 0.0665429 
n265_266   0.3126168 0.0169073 0.3291765 0.2338229 0.3026908 0.3750172 0.3187358 0.1575733 0.3031384 0.2576897 0.2286518 0.0000000 0.3191344 0.2623590 0.2478960 0.3240152 0.1490840 0.3086415 0.3191594 0.3693530 0.2664375 0.2625715 
n293_294   0.1401501 0.3194449 0.0700968 0.3075670 0.0518471 0.4419910 0.0664533 0.3291556 0.0202552 0.3177068 0.3020348 0.3191344 0.0000000 0.3119892 0.3070475 0.0236774 0.3130019 0.0237082 0.4160882 0.4354361 0.1822753 0.3230113 
n280_281   0.3222953 0.2432487 0.3219276 0.0666026 0.2958195 0.3808366 0.3116332 0.2867669 0.2961261 0.0100785 0.0664979 0.2623590 0.3119892 0.0000000 0.0168775 0.3113681 0.2764853 0.3015438 0.3510725 0.3919991 0.2701041 0.0134708 
n274_275   0.3066342 0.2291544 0.3169315 0.0556651 0.2909874 0.3698064 0.3066997 0.2718339 0.2912876 0.0134778 0.0555782 0.2478960 0.3070475 0.0168775 0.0000000 0.3118739 0.2617725 0.2966681 0.3517193 0.3808221 0.2603803 0.0168884 
n275_276   0.1440759 0.3243312 0.0737085 0.3069547 0.0553820 0.4410541 0.0700517 0.3396343 0.0236627 0.3170721 0.3068347 0.3240152 0.0236774 0.3113681 0.3118739 0.0000000 0.3232489 0.0271316 0.4152172 0.4345161 0.1864032 0.3223645 
n285_286   0.3070082 0.1450974 0.3178666 0.2573019 0.2918404 0.3865072 0.3076028 0.0203356 0.2971824 0.2717435 0.2474157 0.1490840 0.3130019 0.2764853 0.2617725 0.3232489 0.0000000 0.3026220 0.3630278 0.3579760 0.2756159 0.2767114 
n297_298   0.1239438 0.3089396 0.0627471 0.2971641 0.0411583 0.4359758 0.0555215 0.3185378 0.0100523 0.3071654 0.2917214 0.3086415 0.0237082 0.3015438 0.2966681 0.0271316 0.3026220 0.0000000 0.4102800 0.4294748 0.1693605 0.3123907 
n244_245   0.3911350 0.3142442 0.4344164 0.3575747 0.4097486 0.2782406 0.4285103 0.3632131 0.4038530 0.3570083 0.3568831 0.3191594 0.4160882 0.3510725 0.3517193 0.4152172 0.3630278 0.4102800 0.0000000 0.2734053 0.3448983 0.3626324 
n251_252   0.4163619 0.3530078 0.4479580 0.3751427 0.4223955 0.0378459 0.4419409 0.3812793 0.4228542 0.3923207 0.3746145 0.3693530 0.4354361 0.3919991 0.3808221 0.4345161 0.3579760 0.4294748 0.2734053 0.0000000 0.3564736 0.3982393 
n200_201   0.1732962 0.2570027 0.1908525 0.2512243 0.1648514 0.3622837 0.1822484 0.2908470 0.1649709 0.2702938 0.2507762 0.2664375 0.1822753 0.2701041 0.2603803 0.1864032 0.2756159 0.1693605 0.3448983 0.3564736 0.0000000 0.2752333 
n300_301   0.3225695 0.2434426 0.3330977 0.0666478 0.3065537 0.3869798 0.3226359 0.2870037 0.3068756 0.0033427 0.0665429 0.2625715 0.3230113 0.0134708 0.0168884 0.3223645 0.2767114 0.3123907 0.3626324 0.3982393 0.2752333 0.0000000 
