24
n236_237   0.0000000 0.3538911 0.0816341 0.3041898 0.0778599 0.4567599 0.0853710 0.3477340 0.0705588 0.3039396 0.0891604 0.3040513 0.3090740 0.3485598 0.0742894 0.2943240 0.3151701 0.0779016 0.3422954 0.0704878 0.4259733 0.4444710 0.1451742 0.3092790 
n266_267   0.3538911 0.0000000 0.3626768 0.2781298 0.3796734 0.5272349 0.3680472 0.1524759 0.3694441 0.2825894 0.3906893 0.2878088 0.2875549 0.0134990 0.3805736 0.2778466 0.2784351 0.3861349 0.1525797 0.3691704 0.4368468 0.5138070 0.3260551 0.2877466 
n296_297   0.0816341 0.3626768 0.0000000 0.3077732 0.0168789 0.4602436 0.0033418 0.3681391 0.0448523 0.3075202 0.0272003 0.3076334 0.3126572 0.3573124 0.0629350 0.2979050 0.3187630 0.0555756 0.3684209 0.0520183 0.4425962 0.4479607 0.1656041 0.3128635 
n277_278   0.3041898 0.2781298 0.3077732 0.0000000 0.3234589 0.4369812 0.3127573 0.2782623 0.3138879 0.0446477 0.3287027 0.0100614 0.0481994 0.2733337 0.3350868 0.0411378 0.0482754 0.3245395 0.2784644 0.3190202 0.4074577 0.4425813 0.2789256 0.0482342 
n290_291   0.0778599 0.3796734 0.0168789 0.3234589 0.0000000 0.4661633 0.0202959 0.3792383 0.0412875 0.3231883 0.0100614 0.3233104 0.3284398 0.3741892 0.0592714 0.3133852 0.3347113 0.0519562 0.3735875 0.0484157 0.4362443 0.4537950 0.1613254 0.3286551 
n255_256   0.4567599 0.5272349 0.4602436 0.4369812 0.4661633 0.0000000 0.4663603 0.4795017 0.4492555 0.4366366 0.4657146 0.4367626 0.4371046 0.5205650 0.4625736 0.4308049 0.4316869 0.4622855 0.4798958 0.4555037 0.3638187 0.0341602 0.3955991 0.4431357 
n295_296   0.0853710 0.3680472 0.0033418 0.3127573 0.0202959 0.4663603 0.0000000 0.3677633 0.0484041 0.3124989 0.0306633 0.3126148 0.3176696 0.3626478 0.0665744 0.3028290 0.3190862 0.0591748 0.3680445 0.0556041 0.4430659 0.4539834 0.1697779 0.3178786 
n286_287   0.3477340 0.1524759 0.3681391 0.2782623 0.3792383 0.4795017 0.3677633 0.0000000 0.3632671 0.2679993 0.3848964 0.2729322 0.2728626 0.1606151 0.3810315 0.2683109 0.2784058 0.3865960 0.0066841 0.3696209 0.4470320 0.4669110 0.3266342 0.2730455 
n298_299   0.0705588 0.3694441 0.0448523 0.3138879 0.0412875 0.4492555 0.0484041 0.3632671 0.0000000 0.3083221 0.0519920 0.3137443 0.3134765 0.3640186 0.0238287 0.3039155 0.3250073 0.0169136 0.3577261 0.0135099 0.4373695 0.4371186 0.1490631 0.3136836 
n299_300   0.3039396 0.2825894 0.3075202 0.0446477 0.3231883 0.4366366 0.3124989 0.2679993 0.3083221 0.0000000 0.3284261 0.0410504 0.0033287 0.2777727 0.3348019 0.0133923 0.0305865 0.3290354 0.2681925 0.3187539 0.4010080 0.4422309 0.2736041 0.0033311 
n287_288   0.0891604 0.3906893 0.0272003 0.3287027 0.0100614 0.4657146 0.0306633 0.3848964 0.0519920 0.3284261 0.0000000 0.3285512 0.3337149 0.3851313 0.0702579 0.3185622 0.3400405 0.0628149 0.3792040 0.0592291 0.4358432 0.4533648 0.1740414 0.3339331 
n278_279   0.3040513 0.2878088 0.3076334 0.0100614 0.3233104 0.4367626 0.3126148 0.2729322 0.3137443 0.0410504 0.3285512 0.0000000 0.0445791 0.2829552 0.3349312 0.0375611 0.0446495 0.3243898 0.2731296 0.3188737 0.4072597 0.4423593 0.2788008 0.0446114 
n292_293   0.3090740 0.2875549 0.3126572 0.0481994 0.3284398 0.4371046 0.3176696 0.2728626 0.3134765 0.0033287 0.3337149 0.0445791 0.0000000 0.2827066 0.3401557 0.0167795 0.0340663 0.3343398 0.2730599 0.3239858 0.4014248 0.4427058 0.2688503 0.0066776 
n265_266   0.3485598 0.0134990 0.3573124 0.2733337 0.3741892 0.5205650 0.3626478 0.1606151 0.3640186 0.2777727 0.3851313 0.2829552 0.2827066 0.0000000 0.3750693 0.2730573 0.2684846 0.3805937 0.1607248 0.3637487 0.4309622 0.5072499 0.3209222 0.2828954 
n293_294   0.0742894 0.3805736 0.0629350 0.3350868 0.0592714 0.4625736 0.0665744 0.3810315 0.0238287 0.3348019 0.0702579 0.3349312 0.3401557 0.3750693 0.0000000 0.3248281 0.3465714 0.0272849 0.3753449 0.0101278 0.4625882 0.4558371 0.1702422 0.3403783 
n280_281   0.2943240 0.2778466 0.2979050 0.0411378 0.3133852 0.4308049 0.3028290 0.2683109 0.3039155 0.0133923 0.3185622 0.0375611 0.0167795 0.2730573 0.3248281 0.0000000 0.0305658 0.3191437 0.2685045 0.3089804 0.3954926 0.4363645 0.2785744 0.0167918 
n274_275   0.3151701 0.2784351 0.3187630 0.0482754 0.3347113 0.4316869 0.3190862 0.2784058 0.3250073 0.0305865 0.3400405 0.0446495 0.0340663 0.2684846 0.3465714 0.0305658 0.0000000 0.3358439 0.2786080 0.3302259 0.4076547 0.4372581 0.2889153 0.0340911 
n275_276   0.0779016 0.3861349 0.0555756 0.3245395 0.0519562 0.4622855 0.0591748 0.3865960 0.0169136 0.3290354 0.0628149 0.3243898 0.3343398 0.3805937 0.0272849 0.3191437 0.3358439 0.0000000 0.3808695 0.0169193 0.4555643 0.4499304 0.1617267 0.3345589 
n285_286   0.3422954 0.1525797 0.3684209 0.2784644 0.3735875 0.4798958 0.3680445 0.0066841 0.3577261 0.2681925 0.3792040 0.2731296 0.2730599 0.1607248 0.3753449 0.2685045 0.2786080 0.3808695 0.0000000 0.3640233 0.4345253 0.4672919 0.3213451 0.2732430 
n294_295   0.0704878 0.3691704 0.0520183 0.3190202 0.0484157 0.4555037 0.0556041 0.3696209 0.0135099 0.3187539 0.0592291 0.3188737 0.3239858 0.3637487 0.0101278 0.3089804 0.3302259 0.0169193 0.3640233 0.0000000 0.4434537 0.4432630 0.1574333 0.3241991 
n244_245   0.4259733 0.4368468 0.4425962 0.4074577 0.4362443 0.3638187 0.4430659 0.4470320 0.4373695 0.4010080 0.4358432 0.4072597 0.4014248 0.4309622 0.4625882 0.3954926 0.4076547 0.4555643 0.4345253 0.4434537 0.0000000 0.3588499 0.4256893 0.4071237 
n251_252   0.4444710 0.5138070 0.4479607 0.4425813 0.4537950 0.0341602 0.4539834 0.4669110 0.4371186 0.4422309 0.4533648 0.4423593 0.4427058 0.5072499 0.4558371 0.4363645 0.4372581 0.4499304 0.4672919 0.4432630 0.3588499 0.0000000 0.3894406 0.4487734 
n200_201   0.1451742 0.3260551 0.1656041 0.2789256 0.1613254 0.3955991 0.1697779 0.3266342 0.1490631 0.2736041 0.1740414 0.2788008 0.2688503 0.3209222 0.1702422 0.2785744 0.2889153 0.1617267 0.3213451 0.1574333 0.4256893 0.3894406 0.0000000 0.2787066 
n300_301   0.3092790 0.2877466 0.3128635 0.0482342 0.3286551 0.4431357 0.3178786 0.2730455 0.3136836 0.0033311 0.3339331 0.0446114 0.0066776 0.2828954 0.3403783 0.0167918 0.0340911 0.3345589 0.2732430 0.3241991 0.4071237 0.4487734 0.2787066 0.0000000 
