24
n236_237   0.0000000 0.2799271 0.1384026 0.2513966 0.1305330 0.3847998 0.1344502 0.3201898 0.1224784 0.2418620 0.1266752 0.2420262 0.2463889 0.2943827 0.1265283 0.1148988 0.2465562 0.2517508 0.1108577 0.3201064 0.1070247 0.4295093 0.3958479 0.1465219 
n266_267   0.2799271 0.0000000 0.3189188 0.2370939 0.3090123 0.4072736 0.3139508 0.1554025 0.2991507 0.2412491 0.3042675 0.2369383 0.2457603 0.0168262 0.3038661 0.2993909 0.2459258 0.2416970 0.2942359 0.1553639 0.2893422 0.4949825 0.4136029 0.3037092 
n296_297   0.1384026 0.3189188 0.0000000 0.3089555 0.0271770 0.4481613 0.0033408 0.3618728 0.0624985 0.3032047 0.0306535 0.2988553 0.3080836 0.3340958 0.0237155 0.0625719 0.3035293 0.3140392 0.0517258 0.3617777 0.0481695 0.4788904 0.4482786 0.2052719 
n277_278   0.2513966 0.2370939 0.3089555 0.0000000 0.2991721 0.3904832 0.3040482 0.2652466 0.2842359 0.0446819 0.2944796 0.0237122 0.0482168 0.2415286 0.2940944 0.2894128 0.0482431 0.0447552 0.2794174 0.2651787 0.2746219 0.4265075 0.3905883 0.2506560 
n290_291   0.1305330 0.3090123 0.0271770 0.2991721 0.0000000 0.4424130 0.0237313 0.3564965 0.0553283 0.2935096 0.0100809 0.2891980 0.2983310 0.3239999 0.0033429 0.0553930 0.2938210 0.3041895 0.0446490 0.3564030 0.0411231 0.4721923 0.4425291 0.1967128 
n255_256   0.3847998 0.4072736 0.4481613 0.3904832 0.4424130 0.0000000 0.4483349 0.4502873 0.4296732 0.3567446 0.4358350 0.3736048 0.3619842 0.4127514 0.4362220 0.4182034 0.3679383 0.3686349 0.4238644 0.4501671 0.4180442 0.3233221 0.0341187 0.4359118 
n295_296   0.1344502 0.3139508 0.0033408 0.3040482 0.0237313 0.4483349 0.0000000 0.3566158 0.0589011 0.2983410 0.0271916 0.2940102 0.3031916 0.3290340 0.0202862 0.0589701 0.2986585 0.3090991 0.0481761 0.3565222 0.0446356 0.4783541 0.4484522 0.2009733 
n286_287   0.3201898 0.1554025 0.3618728 0.2652466 0.3564965 0.4502873 0.3566158 0.0000000 0.3453275 0.2696336 0.3514743 0.2602871 0.2743153 0.1552961 0.3509914 0.3456173 0.2745078 0.2701445 0.3401109 0.0067058 0.3349071 0.4760545 0.4504054 0.3296287 
n298_299   0.1224784 0.2991507 0.0624985 0.2842359 0.0553283 0.4296732 0.0589011 0.3453275 0.0000000 0.2787129 0.0517832 0.2744625 0.2834423 0.3139535 0.0517262 0.0271673 0.2790054 0.2891485 0.0168483 0.3452372 0.0134497 0.4526470 0.4297866 0.1628220 
n299_300   0.2418620 0.2412491 0.3032047 0.0446819 0.2935096 0.3567446 0.2983410 0.2696336 0.2787129 0.0000000 0.2888555 0.0481806 0.0033393 0.2457002 0.2884802 0.2838381 0.0100625 0.0134737 0.2739368 0.2647505 0.2691844 0.4191507 0.3568420 0.2407895 
n287_288   0.1266752 0.3042675 0.0306535 0.2944796 0.0100809 0.4358350 0.0271916 0.3514743 0.0517832 0.2888555 0.0000000 0.2845596 0.2936530 0.3191759 0.0067027 0.0518437 0.2891621 0.2994686 0.0411461 0.3513821 0.0376339 0.4532462 0.4359497 0.1925518 
n278_279   0.2420262 0.2369383 0.2988553 0.0237122 0.2891980 0.3736048 0.2940102 0.2602871 0.2744625 0.0481806 0.2845596 0.0000000 0.0517275 0.2413704 0.2841900 0.2795639 0.0517558 0.0482600 0.2697045 0.2602205 0.2649707 0.4085424 0.3737062 0.2505637 
n292_293   0.2463889 0.2457603 0.3080836 0.0482168 0.2983310 0.3619842 0.3031916 0.2743153 0.2834423 0.0033393 0.2936530 0.0517275 0.0000000 0.2502343 0.2932696 0.2886024 0.0134429 0.0168753 0.2786387 0.2694017 0.2738581 0.4133402 0.3620827 0.2452922 
n265_266   0.2943827 0.0168262 0.3340958 0.2415286 0.3239999 0.4127514 0.3290340 0.1552961 0.3139535 0.2457002 0.3191759 0.2413704 0.2502343 0.0000000 0.3187494 0.3142095 0.2504046 0.2461573 0.3089479 0.1552578 0.3039608 0.4944128 0.4191281 0.3185765 
n289_290   0.1265283 0.3038661 0.0237155 0.2940944 0.0033429 0.4362220 0.0202862 0.3509914 0.0517262 0.2884802 0.0067027 0.2841900 0.2932696 0.3187494 0.0000000 0.0517867 0.2887846 0.2990754 0.0411012 0.3508997 0.0375933 0.4657524 0.4363368 0.1923189 
n293_294   0.1148988 0.2993909 0.0625719 0.2894128 0.0553930 0.4182034 0.0589701 0.3456173 0.0271673 0.2838381 0.0518437 0.2795639 0.2886024 0.3142095 0.0517867 0.0000000 0.2841373 0.2943648 0.0168677 0.3455271 0.0134652 0.4526854 0.4183145 0.1754176 
n280_281   0.2465562 0.2459258 0.3035293 0.0482431 0.2938210 0.3679383 0.2986585 0.2745078 0.2790054 0.0100625 0.2891621 0.0517558 0.0134429 0.2504046 0.2887846 0.2841373 0.0000000 0.0168841 0.2742224 0.2695899 0.2694641 0.4313920 0.3680384 0.2454581 
n274_275   0.2517508 0.2416970 0.3140392 0.0447552 0.3041895 0.3686349 0.3090991 0.2701445 0.2891485 0.0134737 0.2994686 0.0482600 0.0168753 0.2461573 0.2990754 0.2943648 0.0168841 0.0000000 0.2842985 0.2652509 0.2794710 0.4262087 0.3687352 0.2506216 
n275_276   0.1108577 0.2942359 0.0517258 0.2794174 0.0446490 0.4238644 0.0481761 0.3401109 0.0168483 0.2739368 0.0411461 0.2697045 0.2786387 0.3089479 0.0411012 0.0168677 0.2742224 0.2842985 0.0000000 0.3400222 0.0033408 0.4466747 0.4239766 0.1628686 
n285_286   0.3201064 0.1553639 0.3617777 0.2651787 0.3564030 0.4501671 0.3565222 0.0067058 0.3452372 0.2647505 0.3513821 0.2602205 0.2694017 0.1552578 0.3508997 0.3455271 0.2695899 0.2652509 0.3400222 0.0000000 0.3348198 0.4822562 0.4502851 0.3295429 
n297_298   0.1070247 0.2893422 0.0481695 0.2746219 0.0411231 0.4180442 0.0446356 0.3349071 0.0134497 0.2691844 0.0376339 0.2649707 0.2738581 0.3039608 0.0375933 0.0134652 0.2694641 0.2794710 0.0033408 0.3348198 0.0000000 0.4406822 0.4181552 0.1627847 
n244_245   0.4295093 0.4949825 0.4788904 0.4265075 0.4721923 0.3233221 0.4783541 0.4760545 0.4526470 0.4191507 0.4532462 0.4085424 0.4133402 0.4944128 0.4657524 0.4526854 0.4313920 0.4262087 0.4466747 0.4822562 0.4406822 0.0000000 0.3187482 0.4785283 
n251_252   0.3958479 0.4136029 0.4482786 0.3905883 0.4425291 0.0341187 0.4484522 0.4504054 0.4297866 0.3568420 0.4359497 0.3737062 0.3620827 0.4191281 0.4363368 0.4183145 0.3680384 0.3687352 0.4239766 0.4502851 0.4181552 0.3187482 0.0000000 0.4360265 
n200_201   0.1465219 0.3037092 0.2052719 0.2506560 0.1967128 0.4359118 0.2009733 0.3296287 0.1628220 0.2407895 0.1925518 0.2505637 0.2452922 0.3185765 0.1923189 0.1754176 0.2454581 0.2506216 0.1628686 0.3295429 0.1627847 0.4785283 0.4360265 0.0000000 
