26
n236_237   0.0000000 0.2840536 0.0959879 0.3305881 0.1073825 0.3902975 0.0921937 0.2418318 0.0882750 0.3257418 0.1112132 0.3463548 0.3205024 0.2745029 0.1074500 0.0882859 0.3201153 0.3306063 0.0920355 0.2420179 0.0883623 0.0920785 0.4298878 0.3568581 0.1589253 0.3258299 
n266_267   0.2840536 0.0000000 0.2745206 0.2798627 0.3033286 0.3657154 0.2697980 0.1586438 0.2648366 0.2849908 0.2935202 0.2800650 0.2800421 0.0306178 0.3035426 0.2647269 0.2749958 0.2848388 0.2695081 0.1545860 0.2551596 0.2648467 0.3925239 0.3440056 0.2694699 0.2850651 
n296_297   0.0959879 0.2745206 0.0000000 0.3202668 0.0340414 0.3681502 0.0066897 0.2329948 0.0446168 0.3254606 0.0375236 0.3358201 0.3202257 0.2650816 0.0340620 0.0446222 0.3148752 0.3252890 0.0481633 0.2331747 0.0517552 0.0481855 0.4174974 0.3406367 0.1507948 0.3255486 
n277_278   0.3305881 0.2798627 0.3202668 0.0000000 0.3461088 0.3467499 0.3152425 0.2241668 0.3100910 0.0700255 0.3461303 0.0168939 0.0663463 0.2753944 0.3410908 0.3099574 0.0663188 0.0699895 0.3201578 0.2196507 0.3000224 0.3153384 0.4305927 0.3149314 0.2850452 0.0700413 
n290_291   0.1073825 0.3033286 0.0340414 0.3461088 0.0000000 0.3843544 0.0340374 0.2510677 0.0588389 0.3514808 0.0168308 0.3622065 0.3460596 0.2935452 0.0134453 0.0588460 0.3405107 0.3512966 0.0624506 0.2512614 0.0661165 0.0624796 0.4412775 0.3511827 0.1713515 0.3515781 
n255_256   0.3902975 0.3657154 0.3681502 0.3467499 0.3843544 0.0000000 0.3680980 0.3248402 0.3675311 0.3469516 0.3899579 0.3628854 0.3467004 0.3718788 0.3902291 0.3728916 0.3257131 0.3464914 0.3783878 0.3196656 0.3566617 0.3732211 0.3555479 0.0446130 0.3672107 0.3522320 
n295_296   0.0921937 0.2697980 0.0066897 0.3152425 0.0340374 0.3680980 0.0000000 0.2285084 0.0446115 0.3202815 0.0375191 0.3306940 0.3150838 0.2604145 0.0340580 0.0446169 0.3097729 0.3201124 0.0481575 0.2286849 0.0517490 0.0481798 0.4116454 0.3405891 0.1467139 0.3203677 
n286_287   0.2418318 0.1586438 0.2329948 0.2241668 0.2510677 0.3248402 0.2285084 0.0000000 0.2236306 0.2378344 0.2557559 0.2333381 0.2331928 0.1546842 0.2559118 0.2235411 0.2284742 0.2377080 0.2325954 0.0100610 0.2146801 0.2236390 0.3770413 0.3142191 0.2420331 0.2378942 
n298_299   0.0882750 0.2648366 0.0446168 0.3100910 0.0588389 0.3675311 0.0446115 0.2236306 0.0000000 0.3152143 0.0624335 0.3254297 0.3100528 0.2601157 0.0588750 0.0134472 0.3047804 0.3050792 0.0168456 0.2238017 0.0202715 0.0033428 0.4177298 0.3351194 0.1386824 0.3152987 
n299_300   0.3257418 0.2849908 0.3254606 0.0700255 0.3514808 0.3469516 0.3202815 0.2378344 0.3152143 0.0000000 0.3515023 0.0774620 0.0033504 0.2804937 0.3464306 0.3150779 0.0168877 0.0203149 0.3199127 0.2332334 0.3050769 0.3204997 0.4306000 0.3151150 0.2901032 0.0067192 
n287_288   0.1112132 0.2935202 0.0375236 0.3461303 0.0168308 0.3899579 0.0375191 0.2557559 0.0624335 0.3515023 0.0000000 0.3622280 0.3460811 0.2838580 0.0168409 0.0624411 0.3405322 0.3513181 0.0660619 0.2559536 0.0697468 0.0660926 0.4350634 0.3565418 0.1755012 0.3515996 
n278_279   0.3463548 0.2800650 0.3358201 0.0168939 0.3622065 0.3628854 0.3306940 0.2333381 0.3254297 0.0774620 0.3622280 0.0000000 0.0737406 0.2755926 0.3570900 0.3252876 0.0737101 0.0774211 0.3357022 0.2287637 0.3151524 0.3307925 0.4426074 0.3303655 0.2998680 0.0774797 
n292_293   0.3205024 0.2800421 0.3202257 0.0663463 0.3460596 0.3467004 0.3150838 0.2331928 0.3100528 0.0033504 0.3460811 0.0737406 0.0000000 0.2755702 0.3410432 0.3099193 0.0134760 0.0168861 0.3147233 0.2286218 0.2999869 0.3152987 0.4302702 0.3148919 0.2851164 0.0033512 
n265_266   0.2745029 0.0306178 0.2650816 0.2753944 0.2935452 0.3718788 0.2604145 0.1546842 0.2601157 0.2804937 0.2838580 0.2755926 0.2755702 0.0000000 0.2937504 0.2647254 0.2705515 0.2803448 0.2695062 0.1506448 0.2551588 0.2601256 0.3989486 0.3499561 0.2648187 0.2805667 
n289_290   0.1074500 0.3035426 0.0340620 0.3410908 0.0134453 0.3902291 0.0340580 0.2559118 0.0588750 0.3464306 0.0168409 0.3570900 0.3410432 0.2937504 0.0000000 0.0588821 0.3355304 0.3462488 0.0624890 0.2561094 0.0661572 0.0625180 0.4356197 0.3567815 0.1714635 0.3465262 
n293_294   0.0882859 0.2647269 0.0446222 0.3099574 0.0588460 0.3728916 0.0446169 0.2235411 0.0134472 0.3150779 0.0624411 0.3252876 0.3099193 0.2647254 0.0588821 0.0000000 0.3046498 0.3049484 0.0168476 0.2237122 0.0134579 0.0168546 0.4234421 0.3402582 0.1387000 0.3151623 
n280_281   0.3201153 0.2749958 0.3148752 0.0663188 0.3405107 0.3257131 0.3097729 0.2284742 0.3047804 0.0168877 0.3405322 0.0737101 0.0134760 0.2705515 0.3355304 0.3046498 0.0000000 0.0168792 0.3094206 0.2239352 0.2947906 0.3099844 0.4362939 0.3047968 0.2800301 0.0168914 
n274_275   0.3306063 0.2848388 0.3252890 0.0699895 0.3512966 0.3464914 0.3201124 0.2377080 0.3050792 0.0203149 0.3513181 0.0774211 0.0168861 0.2803448 0.3462488 0.3049484 0.0168792 0.0000000 0.3097252 0.2331095 0.2950772 0.3102898 0.4302532 0.3147045 0.2899494 0.0203194 
n275_276   0.0920355 0.2695081 0.0481633 0.3201578 0.0624506 0.3783878 0.0481575 0.2325954 0.0168456 0.3199127 0.0660619 0.3357022 0.3147233 0.2695062 0.0624890 0.0168476 0.3094206 0.3097252 0.0000000 0.2327739 0.0237059 0.0202715 0.4177836 0.3455127 0.1427090 0.3199986 
n285_286   0.2420179 0.1545860 0.2331747 0.2196507 0.2512614 0.3196656 0.2286849 0.0100610 0.2238017 0.2332334 0.2559536 0.2287637 0.2286218 0.1506448 0.2561094 0.2237122 0.2239352 0.2331095 0.2327739 0.0000000 0.2146539 0.2238101 0.3825554 0.3091237 0.2283643 0.2332919 
n294_295   0.0883623 0.2551596 0.0517552 0.3000224 0.0661165 0.3566617 0.0517490 0.2146801 0.0202715 0.3050769 0.0697468 0.3151524 0.2999869 0.2551588 0.0661572 0.0134579 0.2947906 0.2950772 0.0237059 0.2146539 0.0000000 0.0237167 0.4061106 0.3247202 0.1426795 0.3051579 
n297_298   0.0920785 0.2648467 0.0481855 0.3153384 0.0624796 0.3732211 0.0481798 0.2236390 0.0033428 0.3204997 0.0660926 0.3307925 0.3152987 0.2601256 0.0625180 0.0168546 0.3099844 0.3102898 0.0202715 0.2238101 0.0237167 0.0000000 0.4238342 0.3405507 0.1427763 0.3205860 
n244_245   0.4298878 0.3925239 0.4174974 0.4305927 0.4412775 0.3555479 0.4116454 0.3770413 0.4177298 0.4306000 0.4350634 0.4426074 0.4302702 0.3989486 0.4356197 0.4234421 0.4362939 0.4302532 0.4177836 0.3825554 0.4061106 0.4238342 0.0000000 0.3340814 0.4289711 0.4364888 
n251_252   0.3568581 0.3440056 0.3406367 0.3149314 0.3511827 0.0446130 0.3405891 0.3142191 0.3351194 0.3151150 0.3565418 0.3303655 0.3148919 0.3499561 0.3567815 0.3402582 0.3047968 0.3147045 0.3455127 0.3091237 0.3247202 0.3405507 0.3340814 0.0000000 0.3399217 0.3201721 
n200_201   0.1589253 0.2694699 0.1507948 0.2850452 0.1713515 0.3672107 0.1467139 0.2420331 0.1386824 0.2901032 0.1755012 0.2998680 0.2851164 0.2648187 0.1714635 0.1387000 0.2800301 0.2899494 0.1427090 0.2283643 0.1426795 0.1427763 0.4289711 0.3399217 0.0000000 0.2901792 
n300_301   0.3258299 0.2850651 0.3255486 0.0700413 0.3515781 0.3522320 0.3203677 0.2378942 0.3152987 0.0067192 0.3515996 0.0774797 0.0033512 0.2805667 0.3465262 0.3151623 0.0168914 0.0203194 0.3199986 0.2332919 0.3051579 0.3205860 0.4364888 0.3201721 0.2901792 0.0000000 
