25
n236_237   0.0000000 0.2412248 0.0774889 0.2951174 0.1002324 0.3762985 0.0812149 0.2841662 0.1001184 0.3005052 0.0925123 0.2950764 0.2897916 0.2467127 0.1001898 0.0925164 0.3005315 0.2851967 0.0849697 0.2939495 0.0812242 0.1078035 0.4181696 0.3651428 0.1649881 
n266_267   0.2412248 0.0000000 0.1995855 0.2221708 0.2086527 0.2848763 0.2040094 0.0848384 0.2264967 0.2268367 0.2083001 0.2221408 0.2310743 0.0203384 0.1998369 0.2174610 0.2313864 0.2175078 0.1997290 0.0923224 0.2040310 0.2356534 0.3097213 0.2842700 0.2404636 
n296_297   0.0774889 0.1995855 0.0000000 0.2696318 0.0203146 0.3473457 0.0033435 0.2400502 0.0341506 0.2748068 0.0168722 0.2695947 0.2645163 0.2046498 0.0203064 0.0271974 0.2748288 0.2600567 0.0203025 0.2492617 0.0237290 0.0411701 0.3820145 0.3419238 0.1396150 
n277_278   0.2951174 0.2221708 0.2696318 0.0000000 0.2796561 0.3424322 0.2745060 0.2311859 0.2938213 0.0665703 0.2791578 0.0134573 0.0628254 0.2274574 0.2647953 0.2839337 0.0665162 0.0520112 0.2694379 0.2311859 0.2692436 0.3038527 0.3588969 0.3421362 0.3148170 
n290_291   0.1002324 0.2086527 0.0203146 0.2796561 0.0000000 0.3748085 0.0237564 0.2589850 0.0518518 0.2849136 0.0168891 0.2796174 0.2744591 0.2138083 0.0134829 0.0447318 0.2849372 0.2699472 0.0376691 0.2684295 0.0411695 0.0590425 0.4108827 0.3691839 0.1603635 
n255_256   0.3762985 0.2848763 0.3473457 0.3424322 0.3748085 0.0000000 0.3476076 0.3050119 0.3804339 0.3479639 0.3687254 0.3474477 0.3474557 0.2849806 0.3631496 0.3693087 0.3533350 0.3426220 0.3476116 0.3100219 0.3528039 0.3917358 0.2457994 0.0482234 0.3875903 
n295_296   0.0812149 0.2040094 0.0033435 0.2745060 0.0237564 0.3476076 0.0000000 0.2447175 0.0376557 0.2797190 0.0202943 0.2744681 0.2693529 0.2091160 0.0237468 0.0306699 0.2797417 0.2648696 0.0237421 0.2539850 0.0271831 0.0447087 0.3823088 0.3421809 0.1436750 
n286_287   0.2841662 0.0848384 0.2400502 0.2311859 0.2589850 0.3050119 0.2447175 0.0000000 0.2632398 0.2501883 0.2585322 0.2266439 0.2405487 0.0926141 0.2445979 0.2589205 0.2455819 0.2314169 0.2402253 0.0066863 0.2447429 0.2728350 0.3259210 0.3043536 0.2737931 
n298_299   0.1001184 0.2264967 0.0341506 0.2938213 0.0518518 0.3804339 0.0376557 0.2632398 0.0000000 0.2991802 0.0518417 0.2937806 0.2885241 0.2318216 0.0554673 0.0271588 0.2992061 0.2839514 0.0202738 0.2727203 0.0236954 0.0134370 0.4108427 0.3747674 0.1560581 
n299_300   0.3005052 0.2268367 0.2748068 0.0665703 0.2849136 0.3479639 0.2797190 0.2501883 0.2991802 0.0000000 0.2795400 0.0628124 0.0168757 0.2272179 0.2751421 0.2892145 0.0377239 0.0237535 0.2746080 0.2409390 0.2744093 0.3092916 0.3693489 0.3476622 0.3203560 
n287_288   0.0925123 0.2083001 0.0168722 0.2791578 0.0168891 0.3687254 0.0202943 0.2585322 0.0518417 0.2795400 0.0000000 0.2791193 0.2691817 0.2134448 0.0168822 0.0447232 0.2795627 0.2647014 0.0376619 0.2679572 0.0411616 0.0590309 0.3931116 0.3631522 0.1560290 
n278_279   0.2950764 0.2221408 0.2695947 0.0134573 0.2796174 0.3474477 0.2744681 0.2266439 0.2937806 0.0628124 0.2791193 0.0000000 0.0555068 0.2274265 0.2647588 0.2838945 0.0591527 0.0448061 0.2694008 0.2266439 0.2692066 0.3038106 0.3640117 0.3471468 0.3147731 
n292_293   0.2897916 0.2310743 0.2645163 0.0628254 0.2744591 0.3474557 0.2693529 0.2405487 0.2885241 0.0168757 0.2691817 0.0555068 0.0000000 0.2314631 0.2694850 0.2787136 0.0341839 0.0202953 0.2643271 0.2314203 0.2641372 0.2984763 0.3634522 0.3471548 0.3093416 
n265_266   0.2467127 0.0203384 0.2046498 0.2274574 0.2138083 0.2849806 0.2091160 0.0926141 0.2318216 0.2272179 0.2134448 0.2274265 0.2314631 0.0000000 0.2049092 0.2226980 0.2367653 0.2227462 0.2047976 0.1001925 0.2091381 0.2410683 0.3049470 0.2843739 0.2459302 
n289_290   0.1001898 0.1998369 0.0203064 0.2647953 0.0134829 0.3631496 0.0237468 0.2445979 0.0554673 0.2751421 0.0168822 0.2647588 0.2694850 0.2049092 0.0000000 0.0483099 0.2751641 0.2603704 0.0412098 0.2538606 0.0447269 0.0626963 0.3993285 0.3576180 0.1561520 
n293_294   0.0925164 0.2174610 0.0271974 0.2839337 0.0447318 0.3693087 0.0306699 0.2589205 0.0271588 0.2892145 0.0447232 0.2838945 0.2787136 0.2226980 0.0483099 0.0000000 0.2892387 0.2741895 0.0134560 0.2683611 0.0100685 0.0341041 0.3932762 0.3637253 0.1560050 
n280_281   0.3005315 0.2313864 0.2748288 0.0665162 0.2849372 0.3533350 0.2797417 0.2455819 0.2992061 0.0377239 0.2795627 0.0591527 0.0341839 0.2367653 0.2751641 0.2892387 0.0000000 0.0272208 0.2746299 0.2363836 0.2744312 0.3042682 0.3699287 0.3530277 0.3098295 
n274_275   0.2851967 0.2175078 0.2600567 0.0520112 0.2699472 0.3426220 0.2648696 0.2314169 0.2839514 0.0237535 0.2647014 0.0448061 0.0202953 0.2227462 0.2603704 0.2741895 0.0272208 0.0000000 0.2598713 0.2314169 0.2596849 0.2938538 0.3478015 0.3423257 0.3046542 
n275_276   0.0849697 0.1997290 0.0203025 0.2694379 0.0376691 0.3476116 0.0237421 0.2402253 0.0202738 0.2746080 0.0376619 0.2694008 0.2643271 0.2047976 0.0412098 0.0134560 0.2746299 0.2598713 0.0000000 0.2494441 0.0100633 0.0271546 0.3823120 0.3527639 0.1477737 
n285_286   0.2939495 0.0923224 0.2492617 0.2311859 0.2684295 0.3100219 0.2539850 0.0066863 0.2727203 0.2409390 0.2679572 0.2266439 0.2314203 0.1001925 0.2538606 0.2683611 0.2363836 0.2314169 0.2494441 0.0000000 0.2540112 0.2824333 0.3310089 0.3093507 0.2834314 
n294_295   0.0812242 0.2040310 0.0237290 0.2692436 0.0411695 0.3528039 0.0271831 0.2447429 0.0236954 0.2744093 0.0411616 0.2692066 0.2641372 0.2091381 0.0447269 0.0100685 0.2744312 0.2596849 0.0100633 0.2540112 0.0000000 0.0306045 0.3877488 0.3473421 0.1436907 
n297_298   0.1078035 0.2356534 0.0411701 0.3038527 0.0590425 0.3917358 0.0447087 0.2728350 0.0134370 0.3092916 0.0590309 0.3038106 0.2984763 0.2410683 0.0626963 0.0341041 0.3042682 0.2938538 0.0271546 0.2824333 0.0306045 0.0000000 0.4226441 0.3859840 0.1643569 
n244_245   0.4181696 0.3097213 0.3820145 0.3588969 0.4108827 0.2457994 0.3823088 0.3259210 0.4108427 0.3693489 0.3931116 0.3640117 0.3634522 0.3049470 0.3993285 0.3932762 0.3699287 0.3478015 0.3823120 0.3310089 0.3877488 0.4226441 0.0000000 0.2312547 0.4099836 
n251_252   0.3651428 0.2842700 0.3419238 0.3421362 0.3691839 0.0482234 0.3421809 0.3043536 0.3747674 0.3476622 0.3631522 0.3471468 0.3471548 0.2843739 0.3576180 0.3637253 0.3530277 0.3423257 0.3527639 0.3093507 0.3473421 0.3859840 0.2312547 0.0000000 0.3701741 
n200_201   0.1649881 0.2404636 0.1396150 0.3148170 0.1603635 0.3875903 0.1436750 0.2737931 0.1560581 0.3203560 0.1560290 0.3147731 0.3093416 0.2459302 0.1561520 0.1560050 0.3098295 0.3046542 0.1477737 0.2834314 0.1436907 0.1643569 0.4099836 0.3701741 0.0000000 
