26
n236_237   0.0000000 0.3194065 0.0886670 0.3101572 0.0963416 0.4217186 0.0811816 0.3092029 0.1159576 0.2952415 0.0887842 0.3210612 0.3002513 0.3037041 0.0887155 0.1160151 0.3003153 0.3000135 0.1159568 0.3200262 0.1120751 0.1159254 0.3861446 0.4100696 0.1731677 0.3003981 
n266_267   0.3194065 0.0000000 0.3249102 0.2501593 0.3519245 0.3246289 0.3246425 0.1442554 0.3689180 0.2504452 0.3412849 0.2646474 0.2551552 0.0412078 0.3409566 0.3692808 0.2552065 0.2549592 0.3630894 0.1485106 0.3636511 0.3634705 0.3579771 0.3351679 0.3414240 0.2503647 
n296_297   0.0886670 0.3249102 0.0000000 0.2992460 0.0340052 0.4090266 0.0066682 0.2833105 0.0626622 0.2746878 0.0270853 0.3099558 0.2795538 0.3140452 0.0270652 0.0590283 0.2796117 0.2793356 0.0589993 0.2937070 0.0554102 0.0626451 0.3740728 0.3915212 0.1859299 0.2796880 
n277_278   0.3101572 0.2501593 0.2992460 0.0000000 0.3256234 0.3151460 0.2943939 0.2087875 0.3425838 0.0521634 0.3153213 0.0169617 0.0557695 0.2451645 0.3150368 0.3429166 0.0557782 0.0630796 0.3478772 0.2181125 0.3374749 0.3373086 0.3365166 0.3205802 0.3265098 0.0557924 
n290_291   0.0963416 0.3519245 0.0340052 0.3256234 0.0000000 0.4333499 0.0270819 0.3139899 0.0626984 0.3051014 0.0202008 0.3367753 0.3101731 0.3354793 0.0066684 0.0590624 0.3102400 0.3099260 0.0554502 0.3248794 0.0554421 0.0626813 0.3857777 0.4152585 0.1901862 0.3103257 
n255_256   0.4217186 0.3246289 0.4090266 0.3151460 0.4333499 0.0000000 0.4090689 0.3142918 0.4538961 0.2995817 0.4272498 0.3102265 0.3046104 0.3193935 0.4268348 0.4543662 0.3046755 0.2940106 0.4600383 0.3251927 0.4480205 0.4477905 0.2596526 0.0447050 0.4272330 0.3047595 
n295_296   0.0811816 0.3246425 0.0066682 0.2943939 0.0270819 0.4090689 0.0000000 0.2833381 0.0554401 0.2747145 0.0202234 0.3050321 0.2795810 0.3088258 0.0202084 0.0518421 0.2796390 0.2793628 0.0518167 0.2937357 0.0482599 0.0554251 0.3741108 0.3915615 0.1773820 0.2797153 
n286_287   0.3092029 0.1442554 0.2833105 0.2087875 0.3139899 0.3142918 0.2833381 0.0000000 0.3416369 0.1998826 0.2937462 0.2224598 0.1999897 0.1400586 0.3036025 0.3362905 0.2043210 0.2041307 0.3411985 0.0101016 0.3309133 0.3363793 0.3312091 0.3193390 0.2997994 0.1953819 
n298_299   0.1159576 0.3689180 0.0626622 0.3425838 0.0626984 0.4538961 0.0554401 0.3416369 0.0000000 0.3214781 0.0627434 0.3540432 0.3266717 0.3635191 0.0626959 0.0236813 0.3267438 0.3264082 0.0236697 0.3530122 0.0202469 0.0066779 0.4161318 0.4352492 0.2173726 0.3268349 
n299_300   0.2952415 0.2504452 0.2746878 0.0521634 0.3051014 0.2995817 0.2747145 0.1998826 0.3214781 0.0000000 0.2950685 0.0630934 0.0033574 0.2454436 0.2948057 0.3271813 0.0033579 0.0101235 0.3320541 0.2090833 0.3218526 0.3213838 0.3101098 0.2996804 0.3162031 0.0033587 
n287_288   0.0887842 0.3412849 0.0270853 0.3153213 0.0202008 0.4272498 0.0202234 0.2937462 0.0627434 0.2950685 0.0000000 0.3263082 0.3000746 0.3250737 0.0133995 0.0591047 0.3001386 0.2998370 0.0590757 0.3043179 0.0554818 0.0627263 0.3913876 0.4093053 0.1816186 0.3002212 
n278_279   0.3210612 0.2646474 0.3099558 0.0169617 0.3367753 0.3102265 0.3050321 0.2224598 0.3540432 0.0630934 0.3263082 0.0000000 0.0667544 0.2595383 0.3260114 0.3543898 0.0667650 0.0741846 0.3594238 0.2319821 0.3488550 0.3486822 0.3525837 0.3156244 0.3484310 0.0667821 
n292_293   0.3002513 0.2551552 0.2795538 0.0557695 0.3101731 0.3046104 0.2795810 0.1999897 0.3266717 0.0033574 0.3000746 0.0667544 0.0000000 0.2501181 0.2998065 0.3324194 0.0067304 0.0135277 0.3373213 0.2091959 0.3270531 0.3265757 0.3152132 0.3047114 0.3213588 0.0067321 
n265_266   0.3037041 0.0412078 0.3140452 0.2451645 0.3354793 0.3193935 0.3088258 0.1400586 0.3635191 0.2454436 0.3250737 0.2595383 0.2501181 0.0000000 0.3247645 0.3580976 0.2501680 0.2499267 0.3577334 0.1442823 0.3582855 0.3581078 0.3417237 0.3298568 0.3411948 0.2454200 
n289_290   0.0887155 0.3409566 0.0270652 0.3150368 0.0066684 0.4268348 0.0202084 0.3036025 0.0626959 0.2948057 0.0133995 0.3260114 0.2998065 0.3247645 0.0000000 0.0590601 0.2998703 0.2995694 0.0554480 0.3143224 0.0554400 0.0626789 0.3910167 0.4089124 0.1814693 0.2999528 
n293_294   0.1160151 0.3692808 0.0590283 0.3429166 0.0590624 0.4543662 0.0518421 0.3362905 0.0236813 0.3271813 0.0591047 0.3543898 0.3324194 0.3580976 0.0590601 0.0000000 0.3324933 0.3321499 0.0202383 0.3475768 0.0033357 0.0236749 0.4227077 0.4356951 0.2222170 0.3325863 
n280_281   0.3003153 0.2552065 0.2796117 0.0557782 0.3102400 0.3046755 0.2796390 0.2043210 0.3267438 0.0033579 0.3001386 0.0667650 0.0067304 0.2501680 0.2998703 0.3324933 0.0000000 0.0135297 0.3373967 0.2135837 0.3271254 0.3266478 0.3152816 0.3047766 0.3214293 0.0067331 
n274_275   0.3000135 0.2549592 0.2793356 0.0630796 0.3099260 0.2940106 0.2793628 0.2041307 0.3264082 0.0101235 0.2998370 0.0741846 0.0135277 0.2499267 0.2995694 0.3321499 0.0135297 0.0000000 0.3370473 0.2133831 0.3267890 0.3263123 0.2992399 0.2941066 0.3211006 0.0135331 
n275_276   0.1159568 0.3630894 0.0589993 0.3478772 0.0554502 0.4600383 0.0518167 0.3411985 0.0236697 0.3320541 0.0590757 0.3594238 0.3373213 0.3577334 0.0554480 0.0202383 0.3373967 0.3370473 0.0000000 0.3525561 0.0168227 0.0236633 0.4161909 0.4412421 0.2174814 0.3374912 
n285_286   0.3200262 0.1485106 0.2937070 0.2181125 0.3248794 0.3251927 0.2937357 0.0101016 0.3530122 0.2090833 0.3043179 0.2319821 0.2091959 0.1442823 0.3143224 0.3475768 0.2135837 0.2133831 0.3525561 0.0000000 0.3421094 0.3476700 0.3424166 0.3303188 0.2997900 0.2045170 
n294_295   0.1120751 0.3636511 0.0554102 0.3374749 0.0554421 0.4480205 0.0482599 0.3309133 0.0202469 0.3218526 0.0554818 0.3488550 0.3270531 0.3582855 0.0554400 0.0033357 0.3271254 0.3267890 0.0168227 0.3421094 0.0000000 0.0202414 0.4166388 0.4295080 0.2176350 0.3272167 
n297_298   0.1159254 0.3634705 0.0626451 0.3373086 0.0626813 0.4477905 0.0554251 0.3363793 0.0066779 0.3213838 0.0627263 0.3486822 0.3265757 0.3581078 0.0626789 0.0236749 0.3266478 0.3263123 0.0236633 0.3476700 0.0202414 0.0000000 0.4103283 0.4292888 0.2129196 0.3267388 
n244_245   0.3861446 0.3579771 0.3740728 0.3365166 0.3857777 0.2596526 0.3741108 0.3312091 0.4161318 0.3101098 0.3913876 0.3525837 0.3152132 0.3417237 0.3910167 0.4227077 0.3152816 0.2992399 0.4161909 0.3424166 0.4166388 0.4103283 0.0000000 0.2403655 0.3984579 0.3153689 
n251_252   0.4100696 0.3351679 0.3915212 0.3205802 0.4152585 0.0447050 0.3915615 0.3193390 0.4352492 0.2996804 0.4093053 0.3156244 0.3047114 0.3298568 0.4089124 0.4356951 0.3047766 0.2941066 0.4412421 0.3303188 0.4295080 0.4292888 0.2403655 0.0000000 0.4211916 0.3048606 
n200_201   0.1731677 0.3414240 0.1859299 0.3265098 0.1901862 0.4272330 0.1773820 0.2997994 0.2173726 0.3162031 0.1816186 0.3484310 0.3213588 0.3411948 0.1814693 0.2222170 0.3214293 0.3211006 0.2174814 0.2997900 0.2176350 0.2129196 0.3984579 0.4211916 0.0000000 0.3215186 
n300_301   0.3003981 0.2503647 0.2796880 0.0557924 0.3103257 0.3047595 0.2797153 0.1953819 0.3268349 0.0033587 0.3002212 0.0667821 0.0067321 0.2454200 0.2999528 0.3325863 0.0067331 0.0135331 0.3374912 0.2045170 0.3272167 0.3267388 0.3153689 0.3048606 0.3215186 0.0000000 
