24
n236_237   0.0000000 0.3200938 0.1224638 0.3164929 0.1264696 0.3892639 0.1224990 0.3401293 0.1225854 0.3583712 0.1382665 0.3017343 0.3471021 0.3147033 0.1111804 0.3318858 0.3521043 0.1033896 0.3559047 0.1033045 0.1225493 0.3835868 0.3730434 0.1768381 
n266_267   0.3200938 0.0000000 0.3119365 0.2820535 0.3222743 0.3495455 0.3114051 0.1437582 0.3329165 0.3042400 0.3273066 0.2812180 0.2992747 0.0169607 0.3227522 0.2849827 0.2993139 0.3222710 0.1559942 0.3119074 0.3328145 0.3393996 0.3331424 0.3016732 
n296_297   0.1224638 0.3119365 0.0000000 0.2921442 0.0134294 0.3639493 0.0033347 0.3204701 0.0552287 0.3272084 0.0236453 0.2921607 0.3164124 0.3065837 0.0446575 0.3017407 0.3212475 0.0445948 0.3358795 0.0375460 0.0552130 0.3310111 0.3481672 0.1726897 
n277_278   0.3164929 0.2820535 0.2921442 0.0000000 0.3020556 0.3520784 0.2969320 0.2712265 0.3171988 0.0775605 0.3121870 0.0272184 0.0700694 0.2819067 0.3020205 0.0592179 0.0737006 0.3067780 0.2856674 0.2966311 0.3171015 0.3518446 0.3365766 0.2720500 
n290_291   0.1264696 0.3222743 0.0134294 0.3020556 0.0000000 0.3592272 0.0100488 0.3205677 0.0552446 0.3330577 0.0100503 0.2922497 0.3221566 0.3168394 0.0446702 0.3073605 0.3270306 0.0446075 0.3359822 0.0375567 0.0552288 0.3262667 0.3435190 0.1727409 
n255_256   0.3892639 0.3495455 0.3639493 0.3520784 0.3592272 0.0000000 0.3584937 0.3514026 0.3745309 0.3900655 0.3701154 0.3310298 0.3783266 0.3601351 0.3696891 0.3625723 0.3728628 0.3584015 0.3674141 0.3581220 0.3799516 0.2561747 0.0447519 0.3324587 
n295_296   0.1224990 0.3114051 0.0033347 0.2969320 0.0100488 0.3584937 0.0000000 0.3153348 0.0516514 0.3220081 0.0202200 0.2871925 0.3112928 0.3060628 0.0411234 0.2967147 0.3160990 0.0410656 0.3306382 0.0340515 0.0516367 0.3258009 0.3428210 0.1684670 
n286_287   0.3401293 0.1437582 0.3204701 0.2712265 0.3205677 0.3514026 0.3153348 0.0000000 0.3301532 0.2938439 0.3255698 0.2660796 0.2889541 0.1436863 0.3210409 0.2748649 0.2936070 0.3205643 0.0100575 0.3102646 0.3252237 0.3528320 0.3510710 0.3006954 
n298_299   0.1225854 0.3329165 0.0552287 0.3171988 0.0552446 0.3745309 0.0516514 0.3301532 0.0000000 0.3385646 0.0660238 0.3019951 0.3275735 0.3273959 0.0237127 0.3126723 0.3324800 0.0236795 0.3457360 0.0168316 0.0066989 0.3464387 0.3585533 0.1732262 
n299_300   0.3583712 0.3042400 0.3272084 0.0775605 0.3330577 0.3900655 0.3220081 0.2938439 0.3385646 0.0000000 0.3485824 0.0701370 0.0066906 0.3040819 0.3330170 0.0168488 0.0305443 0.3379573 0.3086522 0.3273726 0.3384609 0.3784577 0.3738211 0.3064973 
n287_288   0.1382665 0.3273066 0.0236453 0.3121870 0.0100503 0.3701154 0.0202200 0.3255698 0.0660238 0.3485824 0.0000000 0.3069848 0.3374474 0.3218346 0.0553279 0.3223822 0.3424038 0.0552501 0.3410795 0.0481002 0.0660049 0.3416006 0.3592444 0.1853602 
n278_279   0.3017343 0.2812180 0.2921607 0.0272184 0.2922497 0.3310298 0.2871925 0.2660796 0.3019951 0.0701370 0.3069848 0.0000000 0.0627319 0.2810719 0.2871112 0.0519793 0.0663311 0.2917846 0.2804087 0.2818399 0.3019024 0.3308085 0.3159283 0.2626258 
n292_293   0.3471021 0.2992747 0.3164124 0.0700694 0.3221566 0.3783266 0.3112928 0.2889541 0.3275735 0.0066906 0.3374474 0.0627319 0.0000000 0.2991194 0.3221179 0.0100497 0.0236151 0.3269879 0.3036678 0.3165701 0.3274731 0.3669151 0.3623368 0.2960264 
n265_266   0.3147033 0.0169607 0.3065837 0.2819067 0.3168394 0.3601351 0.3060628 0.1436863 0.3273959 0.3040819 0.3218346 0.2810719 0.2991194 0.0000000 0.3173077 0.2848341 0.2942000 0.3168357 0.1559159 0.3065544 0.3272956 0.3393531 0.3434976 0.3017163 
n293_294   0.1111804 0.3227522 0.0446575 0.3020205 0.0446702 0.3696891 0.0411234 0.3210409 0.0237127 0.3330170 0.0553279 0.2871112 0.3221179 0.3173077 0.0000000 0.3073245 0.3269911 0.0134688 0.3364818 0.0067019 0.0237061 0.3316037 0.3537864 0.1648950 
n280_281   0.3318858 0.2849827 0.3017407 0.0592179 0.3073605 0.3625723 0.2967147 0.2748649 0.3126723 0.0168488 0.3223822 0.0519793 0.0100497 0.2848341 0.3073245 0.0000000 0.0134213 0.3121143 0.2893264 0.3018903 0.3125763 0.3572903 0.3468755 0.2817326 
n274_275   0.3521043 0.2993139 0.3212475 0.0737006 0.3270306 0.3728628 0.3160990 0.2936070 0.3324800 0.0305443 0.3424038 0.0663311 0.0236151 0.2942000 0.3269911 0.0134213 0.0000000 0.3318856 0.3083992 0.3214079 0.3323783 0.3722193 0.3616334 0.2960445 
n275_276   0.1033896 0.3222710 0.0445948 0.3067780 0.0446075 0.3584015 0.0410656 0.3205643 0.0236795 0.3379573 0.0552501 0.2917846 0.3269879 0.3168357 0.0134688 0.3121143 0.3318856 0.0000000 0.3359800 0.0066926 0.0236728 0.3311097 0.3532545 0.1603994 
n285_286   0.3559047 0.1559942 0.3358795 0.2856674 0.3359822 0.3674141 0.3306382 0.0100575 0.3457360 0.3086522 0.3410795 0.2804087 0.3036678 0.1559159 0.3364818 0.2893264 0.3083992 0.3359800 0.0000000 0.3254671 0.3407164 0.3689239 0.3670641 0.3157186 
n294_295   0.1033045 0.3119074 0.0375460 0.2966311 0.0375567 0.3581220 0.0340515 0.3102646 0.0168316 0.3273726 0.0481002 0.2818399 0.3165701 0.3065544 0.0067019 0.3018903 0.3214079 0.0066926 0.3254671 0.0000000 0.0168269 0.3206593 0.3424677 0.1562796 
n297_298   0.1225493 0.3328145 0.0552130 0.3171015 0.0552288 0.3799516 0.0516367 0.3252237 0.0066989 0.3384609 0.0660049 0.3019024 0.3274731 0.3272956 0.0237061 0.3125763 0.3323783 0.0236728 0.3407164 0.0168269 0.0000000 0.3463333 0.3689343 0.1686508 
n244_245   0.3835868 0.3393996 0.3310111 0.3518446 0.3262667 0.2561747 0.3258009 0.3528320 0.3464387 0.3784577 0.3416006 0.3308085 0.3669151 0.3393531 0.3316037 0.3572903 0.3722193 0.3311097 0.3689239 0.3206593 0.3463333 0.0000000 0.2418529 0.3418352 
n251_252   0.3730434 0.3331424 0.3481672 0.3365766 0.3435190 0.0447519 0.3428210 0.3510710 0.3585533 0.3738211 0.3592444 0.3159283 0.3623368 0.3434976 0.3537864 0.3468755 0.3616334 0.3532545 0.3670641 0.3424677 0.3689343 0.2418529 0.0000000 0.3173067 
n200_201   0.1768381 0.3016732 0.1726897 0.2720500 0.1727409 0.3324587 0.1684670 0.3006954 0.1732262 0.3064973 0.1853602 0.2626258 0.2960264 0.3017163 0.1648950 0.2817326 0.2960445 0.1603994 0.3157186 0.1562796 0.1686508 0.3418352 0.3173067 0.0000000 
