23
n236_237   0.0000000 0.2459071 0.0814710 0.2803413 0.0739009 0.3709903 0.0776634 0.2498797 0.0777294 0.2556356 0.0776492 0.2854674 0.2508282 0.2460985 0.0738765 0.0739255 0.2411668 0.2414427 0.0702319 0.0889460 0.3653404 0.3538976 0.1439486 
n266_267   0.2459071 0.0000000 0.2565043 0.2967960 0.2563189 0.4130091 0.2514665 0.1743157 0.2609900 0.2566688 0.2560985 0.3020675 0.2518367 0.0306291 0.2562357 0.2610077 0.2614742 0.2517005 0.2562081 0.2807304 0.3963541 0.3892892 0.2955669 
n296_297   0.0814710 0.2565043 0.0000000 0.2955678 0.0134915 0.4060615 0.0033455 0.2221270 0.0307827 0.2703313 0.0169109 0.3008084 0.2654223 0.2472678 0.0134871 0.0272671 0.2606014 0.2558481 0.0238030 0.0413158 0.3884919 0.3881095 0.1609300 
n277_278   0.2803413 0.2967960 0.2955678 0.0000000 0.2801994 0.4156859 0.2902301 0.3123202 0.2851287 0.0627809 0.2802113 0.0168606 0.0591402 0.3074322 0.2849152 0.2851505 0.0628042 0.0519378 0.2801990 0.3055217 0.4556963 0.4027941 0.3380909 
n290_291   0.0739009 0.2563189 0.0134915 0.2801994 0.0000000 0.3880835 0.0100865 0.2219735 0.0237942 0.2555151 0.0100847 0.2853207 0.2507116 0.2470908 0.0067026 0.0203244 0.2459903 0.2413335 0.0168978 0.0342139 0.3826803 0.3705892 0.1483052 
n255_256   0.3709903 0.4130091 0.4060615 0.4156859 0.3880835 0.0000000 0.3997549 0.3770736 0.3821567 0.3854164 0.3936583 0.4153006 0.3796015 0.4068072 0.3877092 0.3822010 0.3911434 0.3736808 0.3765492 0.3992912 0.3284137 0.0306874 0.4192689 
n295_296   0.0776634 0.2514665 0.0033455 0.2902301 0.0100865 0.3997549 0.0000000 0.2173745 0.0272740 0.2651982 0.0134856 0.2954266 0.2603283 0.2422955 0.0100832 0.0237819 0.2555443 0.2508269 0.0203371 0.0377482 0.3823441 0.3819729 0.1566080 
n286_287   0.2498797 0.1743157 0.2221270 0.3123202 0.2219735 0.3770736 0.2173745 0.0000000 0.2266240 0.2813741 0.2219854 0.3177109 0.2763686 0.1656433 0.2219012 0.2266367 0.2814622 0.2665011 0.2220778 0.2453343 0.4132394 0.3436016 0.2996859 
n298_299   0.0777294 0.2609900 0.0307827 0.2851287 0.0237942 0.3821567 0.0272740 0.2266240 0.0000000 0.2602786 0.0272692 0.2902858 0.2554434 0.2517116 0.0237864 0.0100853 0.2506923 0.2460066 0.0067082 0.0237659 0.3828706 0.3646684 0.1524107 
n299_300   0.2556356 0.2566688 0.2703313 0.0627809 0.2555151 0.3854164 0.2651982 0.2813741 0.2602786 0.0000000 0.2599483 0.0664704 0.0033382 0.2666849 0.2600872 0.2602962 0.0202819 0.0134499 0.2555123 0.2799524 0.4377279 0.3678608 0.3217109 
n287_288   0.0776492 0.2560985 0.0169109 0.2802113 0.0100847 0.3936583 0.0134856 0.2219854 0.0272692 0.2599483 0.0000000 0.2953692 0.2551201 0.2468782 0.0100814 0.0237777 0.2503758 0.2409103 0.0203335 0.0377415 0.3882228 0.3760334 0.1565786 
n278_279   0.2854674 0.3020675 0.3008084 0.0168606 0.2853207 0.4153006 0.2954266 0.3177109 0.2902858 0.0664704 0.2953692 0.0000000 0.0628087 0.3127892 0.2900676 0.2903086 0.0664940 0.0555670 0.2853209 0.3108345 0.4622906 0.4024271 0.3436694 
n292_293   0.2508282 0.2518367 0.2654223 0.0591402 0.2507116 0.3796015 0.2603283 0.2763686 0.2554434 0.0033382 0.2551201 0.0628087 0.0000000 0.2617803 0.2552563 0.2554602 0.0168601 0.0100629 0.2507084 0.2749798 0.4314903 0.3621921 0.3164265 
n265_266   0.2460985 0.0306291 0.2472678 0.3074322 0.2470908 0.4068072 0.2422955 0.1656433 0.2517116 0.2666849 0.2468782 0.3127892 0.2617803 0.0000000 0.2470102 0.2517279 0.2715595 0.2616378 0.2469834 0.2712147 0.3962540 0.3717898 0.3005834 
n289_290   0.0738765 0.2562357 0.0134871 0.2849152 0.0067026 0.3877092 0.0100832 0.2219012 0.0237864 0.2600872 0.0100814 0.2900676 0.2552563 0.2470102 0.0000000 0.0203177 0.2505092 0.2458275 0.0168922 0.0342026 0.3880432 0.3702358 0.1523068 
n293_294   0.0739255 0.2610077 0.0272671 0.2851505 0.0203244 0.3822010 0.0237819 0.2266367 0.0100853 0.2602962 0.0237777 0.2903086 0.2554602 0.2517279 0.0203177 0.0000000 0.2459674 0.2460220 0.0033426 0.0134705 0.3825260 0.3647079 0.1524158 
n280_281   0.2411668 0.2614742 0.2606014 0.0628042 0.2459903 0.3911434 0.2555443 0.2814622 0.2506923 0.0202819 0.2503758 0.0664940 0.0168601 0.2715595 0.2505092 0.2459674 0.0000000 0.0134548 0.2459867 0.2652290 0.4438437 0.3734530 0.3112519 
n274_275   0.2414427 0.2517005 0.2558481 0.0519378 0.2413335 0.3736808 0.2508269 0.2665011 0.2460066 0.0134499 0.2409103 0.0555670 0.0100629 0.2616378 0.2458275 0.2460220 0.0134548 0.0000000 0.2413296 0.2652879 0.4251323 0.3564211 0.3061564 
n275_276   0.0702319 0.2562081 0.0238030 0.2801990 0.0168978 0.3765492 0.0203371 0.2220778 0.0067082 0.2555123 0.0203335 0.2853209 0.2507084 0.2469834 0.0168922 0.0033426 0.2459867 0.2413296 0.0000000 0.0168777 0.3768649 0.3591932 0.1482985 
n294_295   0.0889460 0.2807304 0.0413158 0.3055217 0.0342139 0.3992912 0.0377482 0.2453343 0.0237659 0.2799524 0.0377415 0.3108345 0.2749798 0.2712147 0.0342026 0.0134705 0.2652290 0.2652879 0.0168777 0.0000000 0.3765053 0.3813815 0.1606604 
n244_245   0.3653404 0.3963541 0.3884919 0.4556963 0.3826803 0.3284137 0.3823441 0.4132394 0.3828706 0.4377279 0.3882228 0.4622906 0.4314903 0.3962540 0.3880432 0.3825260 0.4438437 0.4251323 0.3768649 0.3765053 0.0000000 0.3227530 0.4187473 
n251_252   0.3538976 0.3892892 0.3881095 0.4027941 0.3705892 0.0306874 0.3819729 0.3436016 0.3646684 0.3678608 0.3760334 0.4024271 0.3621921 0.3717898 0.3702358 0.3647079 0.3734530 0.3564211 0.3591932 0.3813815 0.3227530 0.0000000 0.4009429 
n200_201   0.1439486 0.2955669 0.1609300 0.3380909 0.1483052 0.4192689 0.1566080 0.2996859 0.1524107 0.3217109 0.1565786 0.3436694 0.3164265 0.3005834 0.1523068 0.1524158 0.3112519 0.3061564 0.1482985 0.1606604 0.4187473 0.4009429 0.0000000 
