24
n236_237   0.0000000 0.2942094 0.0812521 0.2224128 0.0775955 0.4259028 0.0887947 0.2737280 0.0663536 0.2043236 0.0776553 0.2179851 0.2042105 0.2992997 0.0701730 0.0849724 0.1997412 0.2088242 0.0699969 0.2787980 0.0663670 0.3713462 0.3683549 0.1002876 
n266_267   0.2942094 0.0000000 0.2942523 0.2744800 0.2996273 0.4628874 0.2996179 0.1277680 0.2841797 0.2695203 0.2947956 0.2697507 0.2693653 0.0100592 0.2894861 0.2991982 0.2644711 0.2695096 0.2838435 0.1318386 0.2793016 0.4499214 0.4147711 0.2945598 
n296_297   0.0812521 0.2942523 0.0000000 0.2267721 0.0376978 0.4450141 0.0100673 0.2693031 0.0554562 0.2085925 0.0377259 0.2223240 0.2084768 0.2993433 0.0306895 0.0737800 0.2039848 0.2131160 0.0590479 0.2743470 0.0554673 0.3773170 0.3917414 0.1198624 
n277_278   0.2224128 0.2744800 0.2267721 0.0000000 0.2180857 0.4521047 0.2315718 0.2742585 0.2176688 0.0740903 0.2137126 0.0033626 0.0778408 0.2794319 0.2090213 0.2409538 0.0703374 0.0703935 0.2129878 0.2793368 0.2222604 0.3903253 0.3982519 0.2273568 
n290_291   0.0775955 0.2996273 0.0376978 0.2180857 0.0000000 0.4329797 0.0447813 0.2647153 0.0519106 0.2089455 0.0134836 0.2227027 0.2043034 0.2995283 0.0067040 0.0701560 0.2043290 0.2134774 0.0554889 0.2697283 0.0519209 0.3722306 0.3805218 0.1160328 
n255_256   0.4259028 0.4628874 0.4450141 0.4521047 0.4329797 0.0000000 0.4453694 0.5008292 0.4083808 0.4704752 0.4272942 0.4526130 0.4635339 0.4757492 0.4208174 0.4199607 0.4637097 0.4704199 0.4137406 0.5079137 0.4143792 0.3776836 0.0588757 0.4264912 
n295_296   0.0887947 0.2996179 0.0100673 0.2315718 0.0447813 0.4453694 0.0000000 0.2694581 0.0627155 0.2132620 0.0448148 0.2270936 0.2131433 0.3047509 0.0377010 0.0812395 0.2086187 0.2178182 0.0663423 0.2745055 0.0627282 0.3827397 0.3979616 0.1278429 
n286_287   0.2737280 0.1277680 0.2693031 0.2742585 0.2647153 0.5008292 0.2694581 0.0000000 0.2739353 0.2596214 0.2600877 0.2695337 0.2594731 0.1317895 0.2550536 0.2886788 0.2546493 0.2596117 0.2736136 0.0100619 0.2691282 0.4676236 0.4441661 0.2842690 
n298_299   0.0663536 0.2841797 0.0554562 0.2176688 0.0519106 0.4083808 0.0627155 0.2739353 0.0000000 0.2086198 0.0519496 0.2132714 0.2085041 0.2891993 0.0447609 0.0237448 0.2040115 0.2041781 0.0168644 0.2790093 0.0067016 0.3496132 0.3576310 0.1119372 
n299_300   0.2043236 0.2695203 0.2085925 0.0740903 0.2089455 0.4704752 0.2132620 0.2596214 0.2086198 0.0000000 0.2091221 0.0704212 0.0067163 0.2744397 0.1999958 0.2268711 0.0033498 0.0101049 0.2040008 0.2595621 0.2131543 0.3838521 0.4093751 0.2226940 
n287_288   0.0776553 0.2947956 0.0377259 0.2137126 0.0134836 0.4272942 0.0448148 0.2600877 0.0519496 0.2091221 0.0000000 0.2183042 0.2044754 0.2998978 0.0067089 0.0702098 0.2045010 0.2136584 0.0555307 0.2650697 0.0519600 0.3726109 0.3751856 0.1161246 
n278_279   0.2179851 0.2697507 0.2223240 0.0033626 0.2227027 0.4526130 0.2270936 0.2695337 0.2132714 0.0704212 0.2183042 0.0000000 0.0779027 0.2746725 0.2135789 0.2364213 0.0666877 0.0667409 0.2086189 0.2745787 0.2178368 0.3848528 0.3986871 0.2228960 
n292_293   0.2042105 0.2693653 0.2084768 0.0778408 0.2043034 0.4635339 0.2131433 0.2594731 0.2085041 0.0067163 0.2044754 0.0779027 0.0000000 0.2742813 0.1954171 0.2267439 0.0101024 0.0169309 0.2038880 0.2594138 0.2130357 0.3836157 0.4030280 0.2225693 
n265_266   0.2992997 0.0100592 0.2993433 0.2794319 0.2995283 0.4757492 0.3047509 0.1317895 0.2891993 0.2744397 0.2998978 0.2746725 0.2742813 0.0000000 0.2945469 0.3043220 0.2693533 0.2744284 0.2888562 0.1358852 0.2842887 0.4562115 0.4207765 0.2996566 
n289_290   0.0701730 0.2894861 0.0306895 0.2090213 0.0067040 0.4208174 0.0377010 0.2550536 0.0447609 0.1999958 0.0067089 0.2135789 0.1954171 0.2945469 0.0000000 0.0628134 0.1954414 0.2044709 0.0483055 0.2599944 0.0447698 0.3666663 0.3691897 0.1081886 
n293_294   0.0849724 0.2991982 0.0737800 0.2409538 0.0701560 0.4199607 0.0812395 0.2886788 0.0237448 0.2268711 0.0702098 0.2364213 0.2267439 0.3043220 0.0628134 0.0000000 0.2221336 0.2223157 0.0271756 0.2938630 0.0306956 0.3719655 0.3684718 0.1278454 
n280_281   0.1997412 0.2644711 0.2039848 0.0703374 0.2043290 0.4637097 0.2086187 0.2546493 0.2040115 0.0033498 0.2045010 0.0666877 0.0101024 0.2693533 0.1954414 0.2221336 0.0000000 0.0067165 0.1994269 0.2545911 0.2085138 0.3778999 0.4031757 0.2179788 
n274_275   0.2088242 0.2695096 0.2131160 0.0703935 0.2134774 0.4704199 0.2178182 0.2596117 0.2041781 0.0101049 0.2136584 0.0667409 0.0169309 0.2744284 0.2044709 0.2223157 0.0067165 0.0000000 0.1995897 0.2595524 0.2086843 0.3838228 0.4093394 0.2273163 
n275_276   0.0699969 0.2838435 0.0590479 0.2129878 0.0554889 0.4137406 0.0663423 0.2736136 0.0168644 0.2040008 0.0555307 0.2086189 0.2038880 0.2888562 0.0483055 0.0271756 0.1994269 0.1995897 0.0000000 0.2786804 0.0168677 0.3603661 0.3626828 0.1158126 
n285_286   0.2787980 0.1318386 0.2743470 0.2793368 0.2697283 0.5079137 0.2745055 0.0100619 0.2790093 0.2595621 0.2650697 0.2745787 0.2594138 0.1358852 0.2599944 0.2938630 0.2545911 0.2595524 0.2786804 0.0000000 0.2741673 0.4616048 0.4506928 0.2894286 
n297_298   0.0663670 0.2793016 0.0554673 0.2222604 0.0519209 0.4143792 0.0627282 0.2691282 0.0067016 0.2131543 0.0519600 0.2178368 0.2130357 0.2842887 0.0447698 0.0306956 0.2085138 0.2086843 0.0168677 0.2741673 0.0000000 0.3497000 0.3576672 0.1119606 
n244_245   0.3713462 0.4499214 0.3773170 0.3903253 0.3722306 0.3776836 0.3827397 0.4676236 0.3496132 0.3838521 0.3726109 0.3848528 0.3836157 0.4562115 0.3666663 0.3719655 0.3778999 0.3838228 0.3603661 0.4616048 0.3497000 0.0000000 0.3387456 0.3833563 
n251_252   0.3683549 0.4147711 0.3917414 0.3982519 0.3805218 0.0588757 0.3979616 0.4441661 0.3576310 0.4093751 0.3751856 0.3986871 0.4030280 0.4207765 0.3691897 0.3684718 0.4031757 0.4093394 0.3626828 0.4506928 0.3576672 0.3387456 0.0000000 0.3806113 
n200_201   0.1002876 0.2945598 0.1198624 0.2273568 0.1160328 0.4264912 0.1278429 0.2842690 0.1119372 0.2226940 0.1161246 0.2228960 0.2225693 0.2996566 0.1081886 0.1278454 0.2179788 0.2273163 0.1158126 0.2894286 0.1119606 0.3833563 0.3806113 0.0000000 
