21
n236_237   0.0000000 0.2775749 0.0969228 0.3127685 0.1046536 0.3447647 0.2974669 0.1085760 0.2966909 0.0969090 0.2968744 0.2912071 0.2824424 0.0968376 0.1085981 0.2915972 0.1165228 0.3023442 0.3628992 0.3770914 0.1662775 
n266_267   0.2775749 0.0000000 0.2722144 0.2860733 0.2720557 0.3660487 0.1402552 0.2973598 0.2608840 0.2622290 0.2758190 0.2608210 0.0203611 0.2719740 0.2974506 0.2560534 0.3030053 0.1443727 0.3745111 0.3928567 0.2720655 
n296_297   0.0969228 0.2722144 0.0000000 0.3072061 0.0134738 0.3450261 0.2971988 0.0484652 0.2912745 0.0067040 0.2914549 0.2809196 0.2721586 0.0134704 0.0484739 0.2862243 0.0520442 0.3020699 0.3360378 0.3659497 0.1410043 
n277_278   0.3127685 0.2860733 0.3072061 0.0000000 0.3176144 0.3899342 0.2867213 0.3282481 0.0448225 0.3071627 0.0168671 0.0519936 0.2760509 0.3073303 0.3283549 0.0412722 0.3392497 0.2915252 0.3915298 0.4176234 0.3126426 
n290_291   0.1046536 0.2720557 0.0134738 0.3176144 0.0000000 0.3560064 0.2970223 0.0556659 0.3014423 0.0067009 0.3016281 0.2909333 0.2719999 0.0134640 0.0556760 0.2963207 0.0592795 0.3072222 0.3469305 0.3772189 0.1449245 
n255_256   0.3447647 0.3660487 0.3450261 0.3899342 0.3560064 0.0000000 0.3720534 0.3445304 0.3728955 0.3449776 0.3900557 0.3784650 0.3605220 0.3395649 0.3446463 0.3728625 0.3506161 0.3773832 0.2865780 0.0446280 0.3462235 
n286_287   0.2974669 0.1402552 0.2971988 0.2867213 0.2970223 0.3720534 0.0000000 0.3177195 0.2614674 0.2868585 0.2764403 0.2666480 0.1321232 0.2969319 0.3178206 0.2566247 0.3234105 0.0134860 0.3613776 0.3872316 0.3127930 
n298_299   0.1085760 0.2973598 0.0484652 0.3282481 0.0556659 0.3445304 0.3177195 0.0000000 0.3118269 0.0484584 0.3120182 0.3011582 0.2972973 0.0556513 0.0066983 0.3066313 0.0134676 0.3227104 0.3354709 0.3601888 0.1576383 
n299_300   0.2966909 0.2608840 0.2912745 0.0448225 0.3014423 0.3728955 0.2614674 0.3118269 0.0000000 0.2912332 0.0412066 0.0134472 0.2512220 0.2913901 0.3119248 0.0033369 0.3225577 0.2661179 0.3798743 0.3939343 0.2965769 
n287_288   0.0969090 0.2622290 0.0067040 0.3071627 0.0067009 0.3449776 0.2868585 0.0484584 0.2912332 0.0000000 0.2914136 0.2808797 0.2621758 0.0066992 0.0484670 0.2861837 0.0520368 0.2969197 0.3359902 0.3658987 0.1367162 
n278_279   0.2968744 0.2758190 0.2914549 0.0168671 0.3016281 0.3900557 0.2764403 0.3120182 0.0412066 0.2914136 0.0000000 0.0483279 0.2659473 0.2915706 0.3121162 0.0376798 0.3227546 0.2811800 0.3907461 0.4177509 0.3071608 
n292_293   0.2912071 0.2608210 0.2809196 0.0519936 0.2909333 0.3784650 0.2666480 0.3011582 0.0134472 0.2808797 0.0483279 0.0000000 0.2511623 0.2810298 0.3012506 0.0100614 0.3117156 0.2713323 0.3681370 0.4057609 0.2914104 
n265_266   0.2824424 0.0203611 0.2721586 0.2760509 0.2719999 0.3605220 0.1321232 0.2972973 0.2512220 0.2621758 0.2659473 0.2511623 0.0000000 0.2719182 0.2973881 0.2464568 0.3029413 0.1361927 0.3631064 0.3871458 0.2720097 
n289_290   0.0968376 0.2719740 0.0134704 0.3073303 0.0134640 0.3395649 0.2969319 0.0556513 0.2913901 0.0066992 0.2915706 0.2810298 0.2719182 0.0000000 0.0556614 0.2863374 0.0592640 0.3071281 0.3409468 0.3603465 0.1448842 
n293_294   0.1085981 0.2974506 0.0484739 0.3283549 0.0556760 0.3446463 0.3178206 0.0066983 0.3119248 0.0484670 0.3121162 0.3012506 0.2973881 0.0556614 0.0000000 0.3067266 0.0134698 0.3228141 0.3248443 0.3603137 0.1576741 
n280_281   0.2915972 0.2560534 0.2862243 0.0412722 0.2963207 0.3728625 0.2566247 0.3066313 0.0033369 0.2861837 0.0376798 0.0100614 0.2464568 0.2863374 0.3067266 0.0000000 0.3172815 0.2612473 0.3741339 0.3999731 0.2914868 
n275_276   0.1165228 0.3030053 0.0520442 0.3392497 0.0592795 0.3506161 0.3234105 0.0134676 0.3225577 0.0520368 0.3227546 0.3117156 0.3029413 0.0592640 0.0134698 0.3172815 0.0000000 0.3284414 0.3466366 0.3664161 0.1662089 
n285_286   0.3023442 0.1443727 0.3020699 0.2915252 0.3072222 0.3773832 0.0134860 0.3227104 0.2661179 0.2969197 0.2811800 0.2713323 0.1361927 0.3071281 0.3228141 0.2612473 0.3284414 0.0000000 0.3666448 0.3926397 0.3181073 
n244_245   0.3628992 0.3745111 0.3360378 0.3915298 0.3469305 0.2865780 0.3613776 0.3354709 0.3798743 0.3359902 0.3907461 0.3681370 0.3631064 0.3409468 0.3248443 0.3741339 0.3466366 0.3666448 0.0000000 0.2960716 0.3591066 
n251_252   0.3770914 0.3928567 0.3659497 0.4176234 0.3772189 0.0446280 0.3872316 0.3601888 0.3939343 0.3658987 0.4177509 0.4057609 0.3871458 0.3603465 0.3603137 0.3999731 0.3664161 0.3926397 0.2960716 0.0000000 0.3615669 
n200_201   0.1662775 0.2720655 0.1410043 0.3126426 0.1449245 0.3462235 0.3127930 0.1576383 0.2965769 0.1367162 0.3071608 0.2914104 0.2720097 0.1448842 0.1576741 0.2914868 0.1662089 0.3181073 0.3591066 0.3615669 0.0000000 
