25
n298_301   0.0000000 0.0342206 0.4064111 0.3046092 0.2889389 0.3204857 0.0448674 0.3151579 0.0448532 0.0931347 0.1330109 0.3149270 0.0203102 0.2789785 0.4131170 0.3703420 0.3045261 0.3150380 0.0412939 0.0412841 0.0203217 0.0067015 0.2789506 0.3203518 0.2994370 
n296_299   0.0342206 0.0000000 0.3877934 0.2939125 0.2734350 0.2936536 0.0100728 0.2936932 0.0100696 0.0778744 0.1167706 0.2934807 0.0202994 0.2636909 0.3942993 0.3758507 0.2784235 0.2935825 0.0066965 0.0066947 0.0203109 0.0272273 0.2537259 0.2987310 0.2888207 
n251_254   0.4064111 0.3877934 0.0000000 0.4437413 0.4058074 0.4245890 0.3878631 0.4183784 0.3936268 0.4000546 0.4247633 0.4241215 0.3996513 0.3882881 0.0272187 0.2673359 0.4058529 0.4242835 0.3876969 0.3938944 0.3999349 0.4001930 0.3943616 0.4304747 0.4245860 
n277_280   0.3046092 0.2939125 0.4437413 0.0000000 0.3320102 0.0485049 0.3098199 0.0449247 0.3097155 0.3049461 0.3267222 0.0448966 0.2991707 0.3209274 0.4508433 0.3698865 0.3428468 0.0449096 0.3044489 0.2992197 0.2888383 0.2940889 0.3211852 0.0484883 0.0168911 
n286_289   0.2889389 0.2734350 0.4058074 0.3320102 0.0000000 0.3319618 0.2837697 0.3265391 0.2836746 0.2841528 0.3160485 0.3262980 0.2733448 0.1581604 0.4182747 0.3703095 0.0100756 0.3264142 0.2786015 0.2785802 0.2735249 0.2786561 0.1538726 0.3318217 0.3266291 
n280_283   0.3204857 0.2936536 0.4245890 0.0485049 0.3319618 0.0000000 0.3095436 0.0100845 0.3094395 0.3099668 0.3320407 0.0100784 0.3041471 0.3210665 0.4376247 0.3876504 0.3427961 0.0100812 0.3041786 0.2989550 0.2989090 0.3097234 0.3159369 0.0134747 0.0485061 
n289_292   0.0448674 0.0100728 0.3878631 0.3098199 0.2837697 0.3095436 0.0000000 0.3095858 0.0066943 0.0816610 0.1289167 0.3093598 0.0307048 0.2738808 0.3943707 0.3817158 0.2888351 0.3094684 0.0033388 0.0100702 0.0307223 0.0377544 0.2687090 0.3147371 0.3046108 
n274_277   0.3151579 0.2936932 0.4183784 0.0449247 0.3265391 0.0100845 0.3095858 0.0000000 0.3094816 0.3047164 0.3376263 0.0067025 0.2989465 0.3157277 0.4252049 0.3817990 0.3372918 0.0067044 0.3042198 0.2989955 0.2937473 0.3044776 0.3159802 0.0100812 0.0449258 
n287_290   0.0448532 0.0100696 0.3936268 0.3097155 0.2836746 0.3094395 0.0066943 0.3094816 0.0000000 0.0816350 0.1288752 0.3092557 0.0306953 0.2737892 0.4001917 0.3815853 0.2887383 0.3093642 0.0033377 0.0100673 0.0307127 0.0377426 0.2686193 0.3146310 0.3045083 
n236_239   0.0931347 0.0778744 0.4000546 0.3049461 0.2841528 0.3099668 0.0816610 0.3047164 0.0816350 0.0000000 0.1413480 0.3044943 0.0704062 0.2638831 0.4066898 0.3706655 0.2996451 0.3046009 0.0778726 0.0741290 0.0778971 0.0854691 0.2690150 0.3098381 0.2997677 
n200_203   0.1330109 0.1167706 0.4247633 0.3267222 0.3160485 0.3320407 0.1289167 0.3376263 0.1288752 0.1413480 0.0000000 0.3373754 0.1167351 0.2847976 0.4378059 0.3885591 0.3322949 0.3374966 0.1248316 0.1208091 0.1168054 0.1248550 0.2847692 0.3429905 0.3269819 
n292_295   0.3149270 0.2934807 0.4241215 0.0448966 0.3262980 0.0100784 0.3093598 0.0067025 0.3092557 0.3044943 0.3373754 0.0000000 0.2987296 0.3154950 0.4310042 0.3815092 0.3370413 0.0067003 0.3039984 0.2987785 0.2935348 0.3042558 0.3157480 0.0100751 0.0448978 
n275_278   0.0203102 0.0202994 0.3996513 0.2991707 0.2733448 0.3041471 0.0307048 0.2989465 0.0306953 0.0704062 0.1167351 0.2987296 0.0000000 0.2636043 0.4062785 0.3757202 0.2885668 0.2988336 0.0272147 0.0272082 0.0066982 0.0134675 0.2635778 0.3040216 0.2940404 
n266_269   0.2789785 0.2636909 0.3882881 0.3209274 0.1581604 0.3210665 0.2738808 0.3157277 0.2737892 0.2638831 0.2847976 0.3154950 0.2636043 0.0000000 0.3944674 0.3770239 0.1666949 0.3102677 0.2687845 0.2687642 0.2637771 0.2688372 0.0238250 0.3155518 0.3156313 
n255_258   0.4131170 0.3942993 0.0272187 0.4508433 0.4182747 0.4376247 0.3943707 0.4252049 0.4001917 0.4066898 0.4378059 0.4310042 0.4062785 0.3944674 0.0000000 0.2725920 0.4183225 0.4311698 0.3942009 0.4004649 0.4065682 0.4068319 0.4005985 0.4374266 0.4445064 
n244_247   0.3703420 0.3758507 0.2673359 0.3698865 0.3703095 0.3876504 0.3817158 0.3817990 0.3815853 0.3706655 0.3885591 0.3815092 0.3757202 0.3770239 0.2725920 0.0000000 0.3820525 0.3816503 0.3757575 0.3818430 0.3759829 0.3644482 0.3710755 0.3758227 0.3698951 
n285_288   0.3045261 0.2784235 0.4058529 0.3428468 0.0100756 0.3427961 0.2888351 0.3372918 0.2887383 0.2996451 0.3322949 0.3370413 0.2885668 0.1666949 0.4183225 0.3820525 0.0000000 0.3371622 0.2836287 0.2836070 0.2887586 0.2940081 0.1623507 0.3426504 0.3373860 
n299_302   0.3150380 0.2935825 0.4242835 0.0449096 0.3264142 0.0100812 0.3094684 0.0067044 0.3093642 0.3046009 0.3374966 0.0067003 0.2988336 0.3102677 0.4311698 0.3816503 0.3371622 0.0000000 0.3041047 0.2988826 0.2936366 0.3043623 0.3105144 0.0033427 0.0449107 
n290_293   0.0412939 0.0066965 0.3876969 0.3044489 0.2786015 0.3041786 0.0033388 0.3042198 0.0033377 0.0778726 0.1248316 0.3039984 0.0272147 0.2687845 0.3942009 0.3757575 0.2836287 0.3041047 0.0000000 0.0066946 0.0272301 0.0342227 0.2636540 0.3093323 0.2992799 
n295_298   0.0412841 0.0066947 0.3938944 0.2992197 0.2785802 0.2989550 0.0100702 0.2989955 0.0100673 0.0741290 0.1208091 0.2987785 0.0272082 0.2687642 0.4004649 0.3818430 0.2836070 0.2988826 0.0066946 0.0000000 0.0272236 0.0342146 0.2587213 0.3040716 0.2940883 
n294_297   0.0203217 0.0203109 0.3999349 0.2888383 0.2735249 0.2989090 0.0307223 0.2937473 0.0307127 0.0778971 0.1168054 0.2935348 0.0066982 0.2637771 0.4065682 0.3759829 0.2887586 0.2936366 0.0272301 0.0272236 0.0000000 0.0134751 0.2637506 0.2987861 0.2837815 
n297_300   0.0067015 0.0272273 0.4001930 0.2940889 0.2786561 0.3097234 0.0377544 0.3044776 0.0377426 0.0854691 0.1248550 0.3042558 0.0134675 0.2688372 0.4068319 0.3644482 0.2940081 0.3043623 0.0342227 0.0342146 0.0134751 0.0000000 0.2688102 0.3095950 0.2889936 
n265_268   0.2789506 0.2537259 0.3943616 0.3211852 0.1538726 0.3159369 0.2687090 0.3159802 0.2686193 0.2690150 0.2847692 0.3157480 0.2635778 0.0238250 0.4005985 0.3710755 0.1623507 0.3105144 0.2636540 0.2587213 0.2637506 0.2688102 0.0000000 0.3158050 0.3158846 
n300_303   0.3203518 0.2987310 0.4304747 0.0484883 0.3318217 0.0134747 0.3147371 0.0100812 0.3146310 0.3098381 0.3429905 0.0100751 0.3040216 0.3155518 0.4374266 0.3758227 0.3426504 0.0033427 0.3093323 0.3040716 0.2987861 0.3095950 0.3158050 0.0000000 0.0484896 
n278_281   0.2994370 0.2888207 0.4245860 0.0168911 0.3266291 0.0485061 0.3046108 0.0449258 0.3045083 0.2997677 0.3269819 0.0448978 0.2940404 0.3156313 0.4445064 0.3698951 0.3373860 0.0449107 0.2992799 0.2940883 0.2837815 0.2889936 0.3158846 0.0484896 0.0000000 
