25
n236_237   0.0000000 0.2200134 0.0629102 0.2548483 0.0556752 0.3794242 0.0666179 0.2404662 0.0666297 0.2397787 0.0629824 0.2643531 0.2349532 0.2247811 0.0629383 0.0629527 0.2257057 0.2302808 0.0629496 0.2453445 0.0629988 0.0593109 0.4087823 0.3661657 0.1450870 
n266_267   0.2200134 0.0000000 0.2389554 0.2538321 0.2251129 0.3714822 0.2391536 0.1288963 0.2345141 0.2339208 0.2296761 0.2632920 0.2291561 0.0134588 0.2343919 0.2342051 0.2246640 0.2200057 0.2391289 0.1329950 0.2295478 0.2344519 0.3948319 0.3474168 0.2339537 
n296_297   0.0629102 0.2389554 0.0000000 0.2795170 0.0134721 0.3728022 0.0033408 0.2502458 0.0377213 0.2691291 0.0203148 0.2948008 0.2640899 0.2438668 0.0203012 0.0342026 0.2544686 0.2592262 0.0342011 0.2551971 0.0342271 0.0307103 0.3959402 0.3597058 0.1535689 
n277_278   0.2548483 0.2538321 0.2795170 0.0000000 0.2648384 0.4222936 0.2847642 0.2354819 0.2848346 0.0668989 0.2647645 0.0203646 0.0631939 0.2588664 0.2746883 0.2692253 0.0595660 0.0522750 0.2747426 0.2403216 0.2695159 0.2747604 0.4219100 0.4146753 0.2992470 
n290_291   0.0556752 0.2251129 0.0134721 0.2648384 0.0000000 0.3556212 0.0168913 0.2361148 0.0307316 0.2546672 0.0067052 0.2798234 0.2497285 0.2299263 0.0067007 0.0272462 0.2402820 0.2449543 0.0272450 0.2409688 0.0272656 0.0237850 0.3787756 0.3428888 0.1410855 
n255_256   0.3794242 0.3714822 0.3728022 0.4222936 0.3556212 0.0000000 0.3788452 0.3901031 0.3907251 0.4153134 0.3555055 0.4411091 0.4151955 0.3656340 0.3609894 0.3785967 0.4033535 0.4032206 0.3788102 0.3961827 0.3728689 0.3790340 0.3165872 0.0520073 0.3775167 
n295_296   0.0666179 0.2391536 0.0033408 0.2847642 0.0168913 0.3788452 0.0000000 0.2504559 0.0412787 0.2742897 0.0237732 0.3001682 0.2692101 0.2440698 0.0237572 0.0377397 0.2595182 0.2643104 0.0377379 0.2554122 0.0377667 0.0342281 0.4021859 0.3656147 0.1578674 
n286_287   0.2404662 0.1288963 0.2502458 0.2354819 0.2361148 0.3901031 0.2504559 0.0000000 0.2603870 0.2254139 0.2407719 0.2397467 0.2206936 0.1208353 0.2455899 0.2551814 0.2162355 0.2116182 0.2554388 0.0033408 0.2503585 0.2554551 0.4274184 0.3711692 0.2536550 
n298_299   0.0666297 0.2345141 0.0377213 0.2848346 0.0307316 0.3907251 0.0412787 0.2603870 0.0000000 0.2743564 0.0377633 0.3002441 0.2692751 0.2393974 0.0377376 0.0168695 0.2595800 0.2643738 0.0168688 0.2654190 0.0168815 0.0066975 0.4024057 0.3772342 0.1663688 
n299_300   0.2397787 0.2339208 0.2691291 0.0668989 0.2546672 0.4153134 0.2742897 0.2254139 0.2743564 0.0000000 0.2645916 0.0742581 0.0033474 0.2387914 0.2643691 0.2641539 0.0203575 0.0272729 0.2644211 0.2301707 0.2592819 0.2644381 0.3969373 0.4139087 0.2831707 
n287_288   0.0629824 0.2296761 0.0203148 0.2647645 0.0067052 0.3555055 0.0237732 0.2407719 0.0377633 0.2645916 0.0000000 0.2797457 0.2595790 0.2345213 0.0134716 0.0307158 0.2500033 0.2547387 0.0342390 0.2456575 0.0342650 0.0307442 0.3906928 0.3427784 0.1494208 
n278_279   0.2643531 0.2632920 0.2948008 0.0203646 0.2798234 0.4411091 0.3001682 0.2397467 0.3002441 0.0742581 0.2797457 0.0000000 0.0705151 0.2683938 0.2898778 0.2842774 0.0668569 0.0594948 0.2899353 0.2446084 0.2845868 0.2899544 0.4337840 0.4394303 0.3092909 
n292_293   0.2349532 0.2291561 0.2640899 0.0631939 0.2497285 0.4151955 0.2692101 0.2206936 0.2692751 0.0033474 0.2595790 0.0705151 0.0000000 0.2339900 0.2593617 0.2591512 0.0169180 0.0237977 0.2594126 0.2254159 0.2543142 0.2594291 0.3908433 0.4076789 0.2780437 
n265_266   0.2247811 0.0134588 0.2438668 0.2588664 0.2299263 0.3656340 0.2440698 0.1208353 0.2393974 0.2387914 0.2345213 0.2683938 0.2339900 0.0000000 0.2392723 0.2390809 0.2294679 0.2247754 0.2440446 0.1248841 0.2343897 0.2393337 0.3951812 0.3477136 0.2388220 
n289_290   0.0629383 0.2343919 0.0203012 0.2746883 0.0067007 0.3609894 0.0237572 0.2455899 0.0377376 0.2643691 0.0134716 0.2898778 0.2593617 0.2392723 0.0000000 0.0342173 0.2497955 0.2545263 0.0342158 0.2505105 0.0342418 0.0307234 0.3787626 0.3481528 0.1493076 
n293_294   0.0629527 0.2342051 0.0342026 0.2692253 0.0272462 0.3785967 0.0377397 0.2551814 0.0168695 0.2641539 0.0307158 0.2842774 0.2591512 0.2390809 0.0342173 0.0000000 0.2495938 0.2543203 0.0134606 0.2601703 0.0066985 0.0100728 0.3960450 0.3653764 0.1620998 
n280_281   0.2257057 0.2246640 0.2544686 0.0595660 0.2402820 0.4033535 0.2595182 0.2162355 0.2595800 0.0203575 0.2500033 0.0668569 0.0169180 0.2294679 0.2497955 0.2495938 0.0000000 0.0203600 0.2498444 0.2209298 0.2448176 0.2498602 0.3909735 0.3959817 0.2682715 
n274_275   0.2302808 0.2200057 0.2592262 0.0522750 0.2449543 0.4032206 0.2643104 0.2116182 0.2643738 0.0272729 0.2547387 0.0594948 0.0237977 0.2247754 0.2545263 0.2543203 0.0203600 0.0000000 0.2545761 0.2162803 0.2495143 0.2545923 0.3847117 0.3958517 0.2731028 
n275_276   0.0629496 0.2391289 0.0342011 0.2747426 0.0272450 0.3788102 0.0377379 0.2554388 0.0168688 0.2644211 0.0342390 0.2899353 0.2594126 0.2440446 0.0342158 0.0134606 0.2498444 0.2545761 0.0000000 0.2604336 0.0134701 0.0100724 0.3962700 0.3655805 0.1620904 
n285_286   0.2453445 0.1329950 0.2551971 0.2403216 0.2409688 0.3961827 0.2554122 0.0033408 0.2654190 0.2301707 0.2456575 0.2446084 0.2254159 0.1248841 0.2505105 0.2601703 0.2209298 0.2162803 0.2604336 0.0000000 0.2553127 0.2604503 0.4338442 0.3770698 0.2586069 
n294_295   0.0629988 0.2295478 0.0342271 0.2695159 0.0272656 0.3728689 0.0377667 0.2503585 0.0168815 0.2592819 0.0342650 0.2845868 0.2543142 0.2343897 0.0342418 0.0066985 0.2448176 0.2495143 0.0134701 0.2553127 0.0000000 0.0100800 0.3901814 0.3597697 0.1578960 
n297_298   0.0593109 0.2344519 0.0307103 0.2747604 0.0237850 0.3790340 0.0342281 0.2554551 0.0066975 0.2644381 0.0307442 0.2899544 0.2594291 0.2393337 0.0307234 0.0100728 0.2498602 0.2545923 0.0100724 0.2604503 0.0100800 0.0000000 0.3965070 0.3657938 0.1578960 
n244_245   0.4087823 0.3948319 0.3959402 0.4219100 0.3787756 0.3165872 0.4021859 0.4274184 0.4024057 0.3969373 0.3906928 0.4337840 0.3908433 0.3951812 0.3787626 0.3960450 0.3909735 0.3847117 0.3962700 0.4338442 0.3901814 0.3965070 0.0000000 0.3106301 0.4391849 
n251_252   0.3661657 0.3474168 0.3597058 0.4146753 0.3428888 0.0520073 0.3656147 0.3711692 0.3772342 0.4139087 0.3427784 0.4394303 0.4076789 0.3477136 0.3481528 0.3653764 0.3959817 0.3958517 0.3655805 0.3770698 0.3597697 0.3657938 0.3106301 0.0000000 0.3704953 
n200_201   0.1450870 0.2339537 0.1535689 0.2992470 0.1410855 0.3775167 0.1578674 0.2536550 0.1663688 0.2831707 0.1494208 0.3092909 0.2780437 0.2388220 0.1493076 0.1620998 0.2682715 0.2731028 0.1620904 0.2586069 0.1578960 0.1578960 0.4391849 0.3704953 0.0000000 
