25
n236_237   0.0000000 0.3043962 0.0849486 0.2646152 0.0959720 0.3905615 0.0810924 0.3005658 0.0849997 0.2456467 0.0922037 0.2644569 0.2504697 0.2839451 0.0960584 0.0849874 0.2502324 0.2457066 0.0848832 0.3004910 0.0774224 0.4278064 0.3976232 0.1570526 0.2457954 
n266_267   0.3043962 0.0000000 0.2842449 0.2469071 0.2884890 0.3685425 0.2742277 0.1452592 0.2702119 0.2327413 0.2836005 0.2373720 0.2372248 0.0273058 0.2834457 0.2796963 0.2370005 0.2278788 0.2698683 0.1452256 0.2698683 0.4586343 0.3800391 0.3062847 0.2326169 
n296_297   0.0849486 0.2842449 0.0000000 0.2314252 0.0409824 0.3730694 0.0066830 0.2851539 0.0376217 0.2133772 0.0374860 0.2316059 0.2179823 0.2643573 0.0410185 0.0341412 0.2177784 0.2134277 0.0375714 0.2797202 0.0340843 0.4152147 0.3687257 0.1364687 0.2135031 
n277_278   0.2646152 0.2469071 0.2314252 0.0000000 0.2354692 0.3928991 0.2221243 0.2288886 0.2182590 0.0630124 0.2309122 0.0238260 0.0629775 0.2372501 0.2307897 0.2271375 0.0629225 0.0593216 0.2268361 0.2337236 0.2179881 0.4043682 0.4048355 0.2766520 0.0593404 
n290_291   0.0959720 0.2884890 0.0409824 0.2354692 0.0000000 0.3609469 0.0339700 0.2843948 0.0445630 0.2264906 0.0033229 0.2356533 0.2311743 0.2685212 0.0066653 0.0445566 0.2309573 0.2265448 0.0374784 0.2789781 0.0409933 0.4317321 0.3676376 0.1400214 0.2266254 
n255_256   0.3905615 0.3685425 0.3730694 0.3928991 0.3609469 0.0000000 0.3617615 0.3707663 0.3628319 0.3476377 0.3614499 0.3868948 0.3532226 0.3682040 0.3672557 0.3680470 0.3584490 0.3591607 0.3675244 0.3706713 0.3569099 0.3509944 0.0236253 0.3704335 0.3478667 
n295_296   0.0810924 0.2742277 0.0066830 0.2221243 0.0339700 0.3617615 0.0000000 0.2750992 0.0306177 0.2043018 0.0305075 0.2222965 0.2088452 0.2546215 0.0339998 0.0271681 0.2086507 0.2043497 0.0305768 0.2697544 0.0271230 0.4086321 0.3574567 0.1322379 0.2044214 
n286_287   0.3005658 0.1452592 0.2851539 0.2288886 0.2843948 0.3707663 0.2750992 0.0000000 0.2710706 0.2195715 0.2795208 0.2289860 0.2242481 0.1369257 0.2793682 0.2805893 0.2240365 0.2196241 0.2802059 0.0067361 0.2707250 0.4740145 0.3823525 0.3128686 0.2197025 
n298_299   0.0849997 0.2702119 0.0376217 0.2182590 0.0445630 0.3628319 0.0306177 0.2710706 0.0000000 0.2094370 0.0410457 0.2184281 0.2140262 0.2506663 0.0446022 0.0202669 0.2138259 0.2094865 0.0202429 0.2657471 0.0100601 0.4031921 0.3690132 0.1326527 0.2095605 
n299_300   0.2456467 0.2327413 0.2133772 0.0630124 0.2264906 0.3476377 0.2043018 0.2195715 0.2094370 0.0000000 0.2219832 0.0520862 0.0067252 0.2232811 0.2218658 0.2182253 0.0135172 0.0101210 0.2179368 0.2195186 0.2091778 0.3876751 0.3588278 0.2478839 0.0033553 
n287_288   0.0922037 0.2836005 0.0374860 0.2309122 0.0033229 0.3614499 0.0305075 0.2795208 0.0410457 0.2219832 0.0000000 0.2310922 0.2266376 0.2637633 0.0033258 0.0410398 0.2264252 0.2220360 0.0339979 0.2741452 0.0374959 0.4316879 0.3681534 0.1441508 0.2221148 
n278_279   0.2644569 0.2373720 0.2316059 0.0238260 0.2356533 0.3868948 0.2222965 0.2289860 0.2184281 0.0520862 0.2310922 0.0000000 0.0520576 0.2278499 0.2309695 0.2273145 0.0520124 0.0484602 0.2270127 0.2289306 0.2181568 0.3988448 0.3987254 0.2715577 0.0484754 
n292_293   0.2504697 0.2372248 0.2179823 0.0629775 0.2311743 0.3532226 0.2088452 0.2242481 0.2140262 0.0067252 0.2266376 0.0520576 0.0000000 0.2277096 0.2265175 0.2228681 0.0135100 0.0101156 0.2225727 0.2241940 0.2137607 0.3935893 0.3645039 0.2524654 0.0033535 
n265_266   0.2839451 0.0273058 0.2643573 0.2372501 0.2685212 0.3682040 0.2546215 0.1369257 0.2506663 0.2232811 0.2637633 0.2278499 0.2277096 0.0000000 0.2636210 0.2599121 0.2274952 0.2184920 0.2595616 0.1368943 0.2503506 0.4456574 0.3796884 0.2856904 0.2231624 
n289_290   0.0960584 0.2834457 0.0410185 0.2307897 0.0066653 0.3672557 0.0339998 0.2793682 0.0446022 0.2218658 0.0033258 0.2309695 0.2265175 0.2636210 0.0000000 0.0445958 0.2263053 0.2219186 0.0375113 0.2739962 0.0410293 0.4254617 0.3740310 0.1483514 0.2219973 
n293_294   0.0849874 0.2796963 0.0341412 0.2271375 0.0445566 0.3680470 0.0271681 0.2805893 0.0202669 0.2182253 0.0410398 0.2273145 0.2228681 0.2599121 0.0445958 0.0000000 0.2226590 0.2182773 0.0202400 0.2751893 0.0168321 0.4145105 0.3742750 0.1405563 0.2183547 
n280_281   0.2502324 0.2370005 0.2177784 0.0629225 0.2309573 0.3584490 0.2086507 0.2240365 0.2138259 0.0135172 0.2264252 0.0520124 0.0135100 0.2274952 0.2263053 0.2226590 0.0000000 0.0101071 0.2223641 0.2239824 0.2135609 0.3869999 0.3698092 0.2522245 0.0101102 
n274_275   0.2457066 0.2278788 0.2134277 0.0593216 0.2265448 0.3591607 0.2043497 0.2196241 0.2094865 0.0101210 0.2220360 0.0484602 0.0101156 0.2184920 0.2219186 0.2182773 0.0101071 0.0000000 0.2179886 0.2195712 0.2092272 0.3877833 0.3705494 0.2476598 0.0067289 
n275_276   0.0848832 0.2698683 0.0375714 0.2268361 0.0374784 0.3675244 0.0305768 0.2802059 0.0202429 0.2179368 0.0339979 0.2270127 0.2225727 0.2595616 0.0375113 0.0202400 0.2223641 0.2179886 0.0000000 0.2748148 0.0168122 0.4139085 0.3737412 0.1403779 0.2180659 
n285_286   0.3004910 0.1452256 0.2797202 0.2337236 0.2789781 0.3706713 0.2697544 0.0067361 0.2657471 0.2195186 0.2741452 0.2289306 0.2241940 0.1368943 0.2739962 0.2751893 0.2239824 0.2195712 0.2748148 0.0000000 0.2654095 0.4738884 0.3822541 0.3127899 0.2196496 
n297_298   0.0774224 0.2698683 0.0340843 0.2179881 0.0409933 0.3569099 0.0271230 0.2707250 0.0100601 0.2091778 0.0374959 0.2181568 0.2137607 0.2503506 0.0410293 0.0168321 0.2135609 0.2092272 0.0168122 0.2654095 0.0000000 0.3969056 0.3630289 0.1324279 0.2093010 
n244_245   0.4278064 0.4586343 0.4152147 0.4043682 0.4317321 0.3509944 0.4086321 0.4740145 0.4031921 0.3876751 0.4316879 0.3988448 0.3935893 0.4456574 0.4254617 0.4145105 0.3869999 0.3877833 0.4139085 0.4738884 0.3969056 0.0000000 0.3457013 0.4628581 0.3879393 
n251_252   0.3976232 0.3800391 0.3687257 0.4048355 0.3676376 0.0236253 0.3574567 0.3823525 0.3690132 0.3588278 0.3681534 0.3987254 0.3645039 0.3796884 0.3740310 0.3742750 0.3698092 0.3705494 0.3737412 0.3822541 0.3630289 0.3457013 0.0000000 0.3825793 0.3590664 
n200_201   0.1570526 0.3062847 0.1364687 0.2766520 0.1400214 0.3704335 0.1322379 0.3128686 0.1326527 0.2478839 0.1441508 0.2715577 0.2524654 0.2856904 0.1483514 0.1405563 0.2522245 0.2476598 0.1403779 0.3127899 0.1324279 0.4628581 0.3825793 0.0000000 0.2477499 
n300_301   0.2457954 0.2326169 0.2135031 0.0593404 0.2266254 0.3478667 0.2044214 0.2197025 0.2095605 0.0033553 0.2221148 0.0484754 0.0033535 0.2231624 0.2219973 0.2183547 0.0101102 0.0067289 0.2180659 0.2196496 0.2093010 0.3879393 0.3590664 0.2477499 0.0000000 
