24
n236_237   0.0000000 0.3484234 0.1276498 0.3258190 0.1275230 0.4338973 0.1277556 0.3207642 0.1316861 0.3421430 0.1314402 0.3367852 0.3421953 0.3535721 0.1357402 0.3638031 0.3475196 0.1317883 0.3317908 0.1356457 0.1276925 0.4550699 0.4277423 0.1510423 
n266_267   0.3484234 0.0000000 0.3399777 0.2452881 0.3345358 0.4320695 0.3297697 0.0812326 0.3393847 0.2509189 0.3396804 0.2600128 0.2366954 0.0341674 0.3399874 0.2554342 0.2555792 0.3396980 0.0966035 0.3396863 0.3340392 0.4689515 0.4372289 0.2742811 
n296_297   0.1276498 0.3399777 0.0000000 0.3488276 0.0135183 0.4146924 0.0067249 0.3174816 0.0448875 0.3440053 0.0169290 0.3602076 0.3440579 0.3342090 0.0484690 0.3658138 0.3550200 0.0449202 0.3340892 0.0484382 0.0413350 0.4164986 0.4087015 0.1558179 
n277_278   0.3258190 0.2452881 0.3488276 0.0000000 0.3493603 0.3667016 0.3491835 0.2306766 0.3434912 0.0628774 0.3545804 0.0272166 0.0519939 0.2549774 0.3441012 0.0664827 0.0628360 0.3438083 0.2355344 0.3437961 0.3381354 0.4680108 0.3941637 0.2832134 
n290_291   0.1275230 0.3345358 0.0135183 0.3493603 0.0000000 0.4215011 0.0135283 0.3122225 0.0377678 0.3445301 0.0033522 0.3607614 0.3445828 0.3288152 0.0413108 0.3663778 0.3555645 0.0377960 0.3286981 0.0412840 0.0342525 0.4233429 0.4037291 0.1474667 
n255_256   0.4338973 0.4320695 0.4146924 0.3667016 0.4215011 0.0000000 0.4212916 0.3886490 0.4332489 0.3840203 0.4218503 0.3719214 0.3720668 0.4386428 0.4340773 0.3885867 0.3845885 0.4336770 0.3893049 0.4336516 0.4272345 0.2789755 0.0447085 0.3739202 
n295_296   0.1277556 0.3297697 0.0067249 0.3491835 0.0135283 0.4212916 0.0000000 0.3075771 0.0449221 0.3443553 0.0169415 0.3605792 0.3444080 0.3240809 0.0485064 0.3661929 0.3553846 0.0449548 0.3239659 0.0484756 0.0413667 0.4231320 0.4152396 0.1559502 
n286_287   0.3207642 0.0812326 0.3174816 0.2306766 0.3122225 0.3886490 0.3075771 0.0000000 0.3066803 0.2500085 0.3172123 0.2450520 0.2358430 0.0925925 0.3072092 0.2545063 0.2546503 0.3069556 0.0134599 0.3069477 0.3015749 0.4619251 0.4057164 0.2588183 
n298_299   0.1316861 0.3393847 0.0448875 0.3434912 0.0377678 0.4332489 0.0449221 0.3066803 0.0000000 0.3494178 0.0412790 0.3547814 0.3494706 0.3336313 0.0100790 0.3713742 0.3605076 0.0100785 0.3230013 0.0100729 0.0033435 0.4473680 0.4271010 0.1517593 
n299_300   0.3421430 0.2509189 0.3440053 0.0628774 0.3445301 0.3840203 0.3443553 0.2500085 0.3494178 0.0000000 0.3497265 0.0555609 0.0100673 0.2607159 0.3500421 0.0237004 0.0237128 0.3497422 0.2550282 0.3497293 0.3440137 0.4605340 0.3998609 0.2986688 
n287_288   0.1314402 0.3396804 0.0169290 0.3545804 0.0033522 0.4218503 0.0169415 0.3172123 0.0412790 0.3497265 0.0000000 0.3660607 0.3497793 0.3339191 0.0448371 0.3717135 0.3608316 0.0413097 0.3337995 0.0448090 0.0377486 0.4171675 0.4040609 0.1514759 
n278_279   0.3367852 0.2600128 0.3602076 0.0272166 0.3607614 0.3719214 0.3605792 0.2450520 0.3547814 0.0555609 0.3660607 0.0000000 0.0447976 0.2699232 0.3554180 0.0591316 0.0519754 0.3551121 0.2500284 0.3550985 0.3493402 0.4603602 0.3875147 0.2934744 
n292_293   0.3421953 0.2366954 0.3440579 0.0519939 0.3445828 0.3720668 0.3444080 0.2358430 0.3494706 0.0100673 0.3497793 0.0447976 0.0000000 0.2462913 0.3500949 0.0134434 0.0134504 0.3497950 0.2407502 0.3497820 0.3440664 0.4470567 0.3876686 0.2835432 
n265_266   0.3535721 0.0341674 0.3342090 0.2549774 0.3288152 0.4386428 0.3240809 0.0925925 0.3336313 0.2607159 0.3339191 0.2699232 0.2462913 0.0000000 0.3342205 0.2652854 0.2654364 0.3339377 0.1082471 0.3339267 0.3283309 0.4758732 0.4438430 0.2741764 
n293_294   0.1357402 0.3399874 0.0484690 0.3441012 0.0413108 0.4340773 0.0485064 0.3072092 0.0100790 0.3500421 0.0448371 0.3554180 0.3500949 0.3342205 0.0000000 0.3720495 0.3611575 0.0134722 0.3177755 0.0066997 0.0067038 0.4482359 0.4279132 0.1559260 
n280_281   0.3638031 0.2554342 0.3658138 0.0664827 0.3663778 0.3885867 0.3661929 0.2545063 0.3713742 0.0237004 0.3717135 0.0591316 0.0134434 0.2652854 0.3720495 0.0000000 0.0271441 0.3717247 0.2595568 0.3717088 0.3658147 0.4596203 0.4044771 0.3034212 
n274_275   0.3475196 0.2555792 0.3550200 0.0628360 0.3555645 0.3845885 0.3553846 0.2546503 0.3605076 0.0237128 0.3608316 0.0519754 0.0134504 0.2654364 0.3611575 0.0271441 0.0000000 0.3608451 0.2597039 0.3608307 0.3550247 0.4666283 0.4004535 0.3035941 
n275_276   0.1317883 0.3396980 0.0449202 0.3438083 0.0377960 0.4336770 0.0449548 0.3069556 0.0100785 0.3497422 0.0413097 0.3551121 0.3497950 0.3339377 0.0134722 0.3717247 0.3608451 0.0000000 0.3232954 0.0134640 0.0067035 0.4478159 0.4275209 0.1518787 
n285_286   0.3317908 0.0966035 0.3340892 0.2355344 0.3286981 0.3893049 0.3239659 0.0134599 0.3230013 0.2550282 0.3337995 0.2500284 0.2407502 0.1082471 0.3177755 0.2595568 0.2597039 0.3232954 0.0000000 0.3175017 0.3177755 0.4894536 0.4064086 0.2738888 
n294_295   0.1356457 0.3396863 0.0484382 0.3437961 0.0412840 0.4336516 0.0484756 0.3069477 0.0100729 0.3497293 0.0448090 0.3550985 0.3497820 0.3339267 0.0066997 0.3717088 0.3608307 0.0134640 0.3175017 0.0000000 0.0066997 0.4413957 0.4274965 0.1558152 
n297_298   0.1276925 0.3340392 0.0413350 0.3381354 0.0342525 0.4272345 0.0413667 0.3015749 0.0033435 0.3440137 0.0377486 0.3493402 0.3440664 0.3283309 0.0067038 0.3658147 0.3550247 0.0067035 0.3177755 0.0066997 0.0000000 0.4412278 0.4211364 0.1476619 
n244_245   0.4550699 0.4689515 0.4164986 0.4680108 0.4233429 0.2789755 0.4231320 0.4619251 0.4473680 0.4605340 0.4171675 0.4603602 0.4470567 0.4758732 0.4482359 0.4596203 0.4666283 0.4478159 0.4894536 0.4413957 0.4412278 0.0000000 0.2843232 0.3989619 
n251_252   0.4277423 0.4372289 0.4087015 0.3941637 0.4037291 0.0447085 0.4152396 0.4057164 0.4271010 0.3998609 0.4040609 0.3875147 0.3876686 0.4438430 0.4279132 0.4044771 0.4004535 0.4275209 0.4064086 0.4274965 0.4211364 0.2843232 0.0000000 0.3624608 
n200_201   0.1510423 0.2742811 0.1558179 0.2832134 0.1474667 0.3739202 0.1559502 0.2588183 0.1517593 0.2986688 0.1514759 0.2934744 0.2835432 0.2741764 0.1559260 0.3034212 0.3035941 0.1518787 0.2738888 0.1558152 0.1476619 0.3989619 0.3624608 0.0000000 
