23
n236_237   0.0000000 0.3364876 0.1287436 0.3516677 0.1206930 0.4401278 0.1248079 0.3405791 0.1489268 0.3141945 0.3355167 0.3298256 0.1286886 0.1451764 0.3191034 0.1494889 0.3351977 0.1409332 0.1448913 0.4134474 0.4531419 0.2071104 0.3197219 
n266_267   0.3364876 0.0000000 0.3008621 0.2566019 0.2905109 0.4086498 0.2959468 0.1620188 0.3210008 0.2474006 0.2474907 0.0202258 0.3007328 0.3011321 0.2474006 0.3174372 0.1578054 0.3009566 0.3216251 0.3392606 0.4201332 0.3006090 0.2523755 
n296_297   0.1287436 0.3008621 0.0000000 0.2937904 0.0135407 0.3821754 0.0101231 0.2899892 0.0413947 0.2641620 0.2788365 0.2893012 0.0204057 0.0343933 0.2738997 0.0451160 0.2849354 0.0308505 0.0378756 0.3628492 0.3887928 0.1382414 0.2692991 
n277_278   0.3516677 0.2566019 0.2937904 0.0000000 0.2835854 0.4062169 0.2889388 0.2479569 0.3034364 0.0590541 0.0134148 0.2459963 0.2936649 0.2840575 0.0663131 0.3156381 0.2432104 0.2838944 0.3040193 0.3158334 0.4368112 0.2888040 0.0627311 
n290_291   0.1206930 0.2905109 0.0135407 0.2835854 0.0000000 0.3765520 0.0101373 0.2798150 0.0343170 0.2543547 0.2688343 0.2791509 0.0067239 0.0273731 0.2639657 0.0379759 0.2748294 0.0238719 0.0308293 0.3515311 0.3830059 0.1300124 0.2594166 
n255_256   0.4401278 0.4086498 0.3821754 0.4062169 0.3765520 0.0000000 0.3767620 0.3893995 0.4051183 0.3716718 0.4008439 0.3946618 0.3880107 0.3767865 0.3829261 0.4130670 0.3836273 0.3766558 0.3994689 0.2689408 0.0410466 0.3763095 0.3777058 
n295_296   0.1248079 0.2959468 0.0101231 0.2889388 0.0101373 0.3767620 0.0000000 0.2851495 0.0378751 0.2594779 0.2740703 0.2844724 0.0169739 0.0308973 0.2691624 0.0415681 0.2801244 0.0273726 0.0343691 0.3575227 0.3833241 0.1342254 0.2645829 
n286_287   0.3405791 0.1620188 0.2899892 0.2479569 0.2798150 0.3893995 0.2851495 0.0000000 0.2943131 0.2385193 0.2482961 0.1488901 0.2898651 0.2751106 0.2432019 0.2957963 0.0033452 0.2749532 0.2948770 0.3449562 0.4316475 0.2896955 0.2434355 
n298_299   0.1489268 0.3210008 0.0413947 0.3034364 0.0343170 0.4051183 0.0378751 0.2943131 0.0000000 0.2728493 0.2983462 0.3090752 0.0413766 0.0203670 0.2728493 0.0308227 0.2892408 0.0169167 0.0033455 0.3914525 0.4118766 0.1545723 0.2780340 
n299_300   0.3141945 0.2474006 0.2641620 0.0590541 0.2543547 0.3716718 0.2594779 0.2385193 0.2728493 0.0000000 0.0519284 0.2369491 0.2640495 0.2541906 0.0066815 0.2843957 0.2338336 0.2540475 0.2733655 0.3107584 0.4063009 0.2593354 0.0033363 
n278_279   0.3355167 0.2474907 0.2788365 0.0134148 0.2688343 0.4008439 0.2740703 0.2482961 0.2983462 0.0519284 0.0000000 0.2370327 0.2787175 0.2790891 0.0591281 0.3104366 0.2435427 0.2789294 0.2989179 0.3271939 0.4312325 0.2791210 0.0555703 
n265_266   0.3298256 0.0202258 0.2893012 0.2459963 0.2791509 0.3946618 0.2844724 0.1488901 0.3090752 0.2369491 0.2370327 0.0000000 0.2891776 0.2895617 0.2369491 0.3055307 0.1447655 0.2893949 0.3096706 0.3268796 0.4058968 0.2890539 0.2418288 
n289_290   0.1286886 0.3007328 0.0204057 0.2936649 0.0067239 0.3880107 0.0169739 0.2898651 0.0413766 0.2640495 0.2787175 0.2891776 0.0000000 0.0343782 0.2737830 0.0450963 0.2848136 0.0308369 0.0378590 0.3626897 0.3945873 0.1381820 0.2691842 
n293_294   0.1451764 0.3011321 0.0343933 0.2840575 0.0273731 0.3767865 0.0308973 0.2751106 0.0203670 0.2541906 0.2790891 0.2895617 0.0343782 0.0000000 0.2637927 0.0239031 0.2701518 0.0033587 0.0169423 0.3690979 0.3832444 0.1467102 0.2592477 
n274_275   0.3191034 0.2474006 0.2738997 0.0663131 0.2639657 0.3829261 0.2691624 0.2432019 0.2728493 0.0066815 0.0591281 0.2369491 0.2737830 0.2637927 0.0000000 0.2944065 0.2384879 0.2636434 0.2733655 0.3211235 0.4180702 0.2690218 0.0100532 
n275_276   0.1494889 0.3174372 0.0451160 0.3156381 0.0379759 0.4130670 0.0415681 0.2957963 0.0308227 0.2843957 0.3104366 0.3055307 0.0450963 0.0239031 0.2944065 0.0000000 0.2906938 0.0204203 0.0273483 0.3992645 0.4199401 0.1596499 0.2896942 
n285_286   0.3351977 0.1578054 0.2849354 0.2432104 0.2748294 0.3836273 0.2801244 0.0033452 0.2892408 0.2338336 0.2435427 0.1447655 0.2848136 0.2701518 0.2384879 0.2906938 0.0000000 0.2699978 0.2897938 0.3450944 0.4255480 0.2846427 0.2387161 
n294_295   0.1409332 0.3009566 0.0308505 0.2838944 0.0238719 0.3766558 0.0273726 0.2749532 0.0169167 0.2540475 0.2789294 0.2893949 0.0308369 0.0033587 0.2636434 0.0204203 0.2699978 0.0000000 0.0135093 0.3688721 0.3831106 0.1424193 0.2591012 
n297_298   0.1448913 0.3216251 0.0378756 0.3040193 0.0308293 0.3994689 0.0343691 0.2948770 0.0033455 0.2733655 0.2989179 0.3096706 0.0378590 0.0169423 0.2733655 0.0273483 0.2897938 0.0135093 0.0000000 0.3858599 0.4061662 0.1548499 0.2785616 
n244_245   0.4134474 0.3392606 0.3628492 0.3158334 0.3515311 0.2689408 0.3575227 0.3449562 0.3914525 0.3107584 0.3271939 0.3268796 0.3626897 0.3690979 0.3211235 0.3992645 0.3450944 0.3688721 0.3858599 0.0000000 0.2997980 0.3743050 0.3162672 
n251_252   0.4531419 0.4201332 0.3887928 0.4368112 0.3830059 0.0410466 0.3833241 0.4316475 0.4118766 0.4063009 0.4312325 0.4058968 0.3945873 0.3832444 0.4180702 0.4199401 0.4255480 0.3831106 0.4061662 0.2997980 0.0000000 0.3884223 0.4126399 
n200_201   0.2071104 0.3006090 0.1382414 0.2888040 0.1300124 0.3763095 0.1342254 0.2896955 0.1545723 0.2593354 0.2791210 0.2890539 0.1381820 0.1467102 0.2690218 0.1596499 0.2846427 0.1424193 0.1548499 0.3743050 0.3884223 0.0000000 0.2644412 
n300_301   0.3197219 0.2523755 0.2692991 0.0627311 0.2594166 0.3777058 0.2645829 0.2434355 0.2780340 0.0033363 0.0555703 0.2418288 0.2691842 0.2592477 0.0100532 0.2896942 0.2387161 0.2591012 0.2785616 0.3162672 0.4126399 0.2644412 0.0000000 
