23
n236_237   0.0000000 0.2689496 0.0780904 0.2682439 0.0818456 0.3434313 0.0818426 0.2701264 0.0818479 0.2202290 0.0780391 0.2683498 0.2738560 0.0818615 0.0857049 0.2340968 0.2250130 0.0895143 0.0856424 0.3754373 0.3430598 0.1169039 0.2248175 
n266_267   0.2689496 0.0000000 0.2953681 0.3158229 0.2850724 0.4378591 0.2900336 0.1627540 0.3000415 0.2545295 0.2849093 0.3211696 0.0168697 0.2902556 0.3162470 0.2592931 0.2691156 0.3107654 0.3052605 0.4747230 0.4296484 0.2639094 0.2593620 
n296_297   0.0780904 0.2953681 0.0000000 0.2782101 0.0100673 0.3764412 0.0033381 0.3012072 0.0342605 0.2345222 0.0066924 0.2783206 0.3004704 0.0100699 0.0449373 0.2486920 0.2441668 0.0413548 0.0377863 0.3796805 0.3760336 0.1168695 0.2392093 
n277_278   0.2682439 0.3158229 0.2782101 0.0000000 0.2731956 0.4296920 0.2730414 0.3551695 0.2833065 0.0594496 0.2680704 0.0135131 0.3210531 0.2732476 0.2990347 0.0704519 0.0631201 0.2937178 0.2883804 0.4947044 0.4358126 0.2635561 0.0593817 
n290_291   0.0818456 0.2850724 0.0100673 0.2731956 0.0000000 0.3763789 0.0134545 0.3008149 0.0377760 0.2298019 0.0033377 0.2733038 0.2901044 0.0066965 0.0485106 0.2438786 0.2393804 0.0449085 0.0413198 0.3914359 0.3817900 0.1208413 0.2344586 
n255_256   0.3434313 0.4378591 0.3764412 0.4296920 0.3763789 0.0000000 0.3821619 0.4450585 0.3707155 0.3875565 0.3761516 0.4231984 0.4440094 0.3822760 0.3825940 0.4051136 0.3881327 0.3825779 0.3764593 0.3156334 0.0588601 0.3535990 0.3814937 
n295_296   0.0818426 0.2900336 0.0033381 0.2730414 0.0134545 0.3821619 0.0000000 0.3063819 0.0377750 0.2392093 0.0100614 0.2832992 0.2950976 0.0134571 0.0485091 0.2534705 0.2489187 0.0449072 0.0413186 0.3793864 0.3817480 0.1208359 0.2439263 
n286_287   0.2701264 0.1627540 0.3012072 0.3551695 0.3008149 0.4450585 0.3063819 0.0000000 0.3063325 0.3007928 0.2954384 0.3494471 0.1669941 0.2952845 0.3227180 0.3058762 0.3056818 0.3120764 0.3116070 0.5268349 0.4440912 0.3006973 0.3059533 
n298_299   0.0818479 0.3000415 0.0342605 0.2833065 0.0377760 0.3707155 0.0377750 0.3063325 0.0000000 0.2344134 0.0342387 0.2834193 0.3108382 0.0377833 0.0100833 0.2485721 0.2440504 0.0067026 0.0033408 0.3909862 0.3589860 0.1249117 0.2390970 
n299_300   0.2202290 0.2545295 0.2345222 0.0594496 0.2298019 0.3875565 0.2392093 0.3007928 0.2344134 0.0000000 0.2249992 0.0594709 0.2593450 0.2298459 0.2490409 0.0101058 0.0203756 0.2441041 0.2391533 0.4416526 0.3933274 0.2112382 0.0033534 
n287_288   0.0780391 0.2849093 0.0066924 0.2680704 0.0033377 0.3761516 0.0100614 0.2954384 0.0342387 0.2249992 0.0000000 0.2681763 0.2899379 0.0033383 0.0449083 0.2389740 0.2345056 0.0413282 0.0377613 0.3852662 0.3757446 0.1167912 0.2296226 
n278_279   0.2683498 0.3211696 0.2783206 0.0135131 0.2733038 0.4231984 0.2832992 0.3494471 0.2834193 0.0594709 0.2681763 0.0000000 0.3264368 0.2733558 0.2991548 0.0704772 0.0631427 0.2938354 0.2884955 0.4946068 0.4292603 0.2636601 0.0594029 
n265_266   0.2738560 0.0168697 0.3004704 0.3210531 0.2901044 0.4440094 0.2950976 0.1669941 0.3108382 0.2593450 0.2899379 0.3264368 0.0000000 0.2953238 0.3273140 0.2641385 0.2740234 0.3217385 0.3161394 0.4955201 0.4357158 0.2793154 0.2642083 
n289_290   0.0818615 0.2902556 0.0100699 0.2732476 0.0066965 0.3822760 0.0134571 0.2952845 0.0377833 0.2298459 0.0033383 0.2733558 0.2953238 0.0000000 0.0485201 0.2439251 0.2394261 0.0449173 0.0413279 0.3915100 0.3818619 0.1208648 0.2345034 
n293_294   0.0857049 0.3162470 0.0449373 0.2990347 0.0485106 0.3825940 0.0485091 0.3227180 0.0100833 0.2490409 0.0449083 0.2991548 0.3273140 0.0485201 0.0000000 0.2635066 0.2588951 0.0100749 0.0134788 0.4095571 0.3706603 0.1372727 0.2538248 
n280_281   0.2340968 0.2592931 0.2486920 0.0704519 0.2438786 0.4051136 0.2534705 0.3058762 0.2485721 0.0101058 0.2389740 0.0704772 0.2641385 0.2439251 0.2635066 0.0000000 0.0307761 0.2584639 0.2534052 0.4542039 0.4110272 0.2249482 0.0135050 
n274_275   0.2250130 0.2691156 0.2441668 0.0631201 0.2393804 0.3881327 0.2489187 0.3056818 0.2440504 0.0203756 0.2345056 0.0631427 0.2740234 0.2394261 0.2588951 0.0307761 0.0000000 0.2538834 0.2488565 0.4491179 0.3939151 0.2205564 0.0238261 
n275_276   0.0895143 0.3107654 0.0413548 0.2937178 0.0449085 0.3825779 0.0449072 0.3120764 0.0067026 0.2441041 0.0413282 0.2938354 0.3217385 0.0449173 0.0100749 0.2584639 0.2538834 0.0000000 0.0100795 0.4032544 0.3706449 0.1331146 0.2488534 
n297_298   0.0856424 0.3052605 0.0377863 0.2883804 0.0413198 0.3764593 0.0413186 0.3116070 0.0033408 0.2391533 0.0377613 0.2884955 0.3161394 0.0413279 0.0134788 0.2534052 0.2488565 0.0100795 0.0000000 0.3969176 0.3646361 0.1289576 0.2438673 
n244_245   0.3754373 0.4747230 0.3796805 0.4947044 0.3914359 0.3156334 0.3793864 0.5268349 0.3909862 0.4416526 0.3852662 0.4946068 0.4955201 0.3915100 0.4095571 0.4542039 0.4491179 0.4032544 0.3969176 0.0000000 0.3093577 0.4103573 0.4479400 
n251_252   0.3430598 0.4296484 0.3760336 0.4358126 0.3817900 0.0588601 0.3817480 0.4440912 0.3589860 0.3933274 0.3757446 0.4292603 0.4357158 0.3818619 0.3706603 0.4110272 0.3939151 0.3706449 0.3646361 0.3093577 0.0000000 0.3479015 0.3872144 
n200_201   0.1169039 0.2639094 0.1168695 0.2635561 0.1208413 0.3535990 0.1208359 0.3006973 0.1249117 0.2112382 0.1167912 0.2636601 0.2793154 0.1208648 0.1372727 0.2249482 0.2205564 0.1331146 0.1289576 0.4103573 0.3479015 0.0000000 0.2157750 
n300_301   0.2248175 0.2593620 0.2392093 0.0593817 0.2344586 0.3814937 0.2439263 0.3059533 0.2390970 0.0033534 0.2296226 0.0594029 0.2642083 0.2345034 0.2538248 0.0135050 0.0238261 0.2488534 0.2438673 0.4479400 0.3872144 0.2157750 0.0000000 
