28
n266_309   0.0000000 0.2506034 0.2921706 0.2457878 0.2459274 0.3765121 0.2406447 0.2305559 0.2674043 0.2406335 0.2454018 0.3372976 0.3147894 0.3797331 0.2558847 0.0169071 0.2307648 0.2458240 0.4254478 0.2110051 0.2256933 0.2302095 0.2459429 0.4184825 0.1220412 0.4119547 0.1304249 0.2302461 
n296_341   0.2506034 0.0000000 0.1600277 0.0415032 0.2449366 0.3395159 0.0379131 0.2348414 0.1061094 0.0379121 0.0414458 0.3307643 0.3029610 0.3484390 0.0203384 0.2450952 0.2349660 0.0067059 0.3793831 0.2104398 0.2399443 0.2344887 0.0134894 0.3725973 0.1967113 0.3547794 0.2062797 0.2345260 
n200_229   0.2921706 0.1600277 0.0000000 0.1471488 0.2761263 0.3574543 0.1556781 0.2706583 0.1564453 0.1470670 0.1598688 0.4036882 0.3666026 0.3537978 0.1733878 0.2860784 0.2707308 0.1645820 0.4125542 0.2448052 0.2760839 0.2702448 0.1646557 0.4053686 0.2297665 0.3662698 0.2398751 0.2702892 
n293_338   0.2457878 0.0415032 0.1471488 0.0000000 0.2355704 0.3052005 0.0101021 0.2254791 0.1022099 0.0033480 0.0134964 0.3367652 0.3031549 0.3492884 0.0523885 0.2403239 0.2206762 0.0451421 0.3994750 0.2014045 0.2305090 0.2251413 0.0451603 0.3927874 0.1967419 0.3556482 0.2063125 0.2251769 
n278_321   0.2459274 0.2449366 0.2761263 0.2355704 0.0000000 0.3585801 0.2257148 0.0561358 0.2622178 0.2305056 0.2352026 0.3981996 0.3614571 0.3677067 0.2552489 0.2455561 0.0101136 0.2452145 0.4260699 0.0524405 0.0598593 0.0560583 0.2453328 0.4190884 0.1923602 0.3680259 0.1970321 0.0560658 
n244_279   0.3765121 0.3395159 0.3574543 0.3052005 0.3585801 0.0000000 0.3106114 0.3396527 0.3355508 0.2994949 0.3047034 0.2824775 0.2670858 0.4007663 0.3633253 0.3700999 0.3462499 0.3458056 0.4366466 0.3221381 0.3338691 0.3391146 0.3516267 0.4295094 0.2948142 0.4076982 0.3061771 0.3330562 
n298_343   0.2406447 0.0379131 0.1556781 0.0101021 0.2257148 0.3106114 0.0000000 0.2205139 0.0981937 0.0067122 0.0100885 0.3362895 0.3027328 0.3487915 0.0487248 0.2352344 0.2110595 0.0415250 0.3988929 0.1966389 0.2254993 0.2201844 0.0415416 0.3922170 0.1874977 0.3551406 0.1969168 0.2202191 
n300_345   0.2305559 0.2348414 0.2706583 0.2254791 0.0561358 0.3396527 0.2205139 0.0000000 0.2467572 0.2205041 0.2251294 0.3725701 0.3371945 0.3791278 0.2449785 0.2302124 0.0451577 0.2351063 0.4315740 0.0169328 0.0033487 0.0134957 0.2352187 0.4245444 0.1827550 0.3794559 0.1873432 0.0067125 
n236_271   0.2674043 0.1061094 0.1564453 0.1022099 0.2622178 0.3355508 0.0981937 0.2467572 0.0000000 0.0981905 0.0980649 0.3800690 0.3381388 0.3562841 0.1183282 0.2617020 0.2466075 0.1102407 0.4077596 0.2264290 0.2519959 0.2512445 0.1062209 0.3945725 0.2116425 0.3627283 0.2214893 0.2464222 
n294_339   0.2406335 0.0379121 0.1470670 0.0033480 0.2305056 0.2994949 0.0067122 0.2205041 0.0981905 0.0000000 0.0100883 0.3307937 0.2974955 0.3431872 0.0487234 0.2352235 0.2157402 0.0415238 0.3928579 0.1966307 0.2254892 0.2201747 0.0415404 0.3862429 0.1920068 0.3494819 0.2014958 0.2202093 
n275_318   0.2454018 0.0414458 0.1598688 0.0134964 0.2352026 0.3047034 0.0100885 0.2251294 0.0980649 0.0100883 0.0000000 0.3301593 0.2861684 0.3543325 0.0523156 0.2399481 0.2203349 0.0450795 0.4048482 0.2010958 0.2301503 0.2247927 0.0415196 0.3981137 0.1964422 0.3607340 0.2059961 0.2248282 
n255_294   0.3372976 0.3307643 0.4036882 0.3367652 0.3981996 0.2824775 0.3362895 0.3725701 0.3800690 0.3307937 0.3301593 0.0000000 0.0378324 0.4034741 0.3480467 0.3484552 0.3789584 0.3366385 0.4247982 0.3481705 0.3665257 0.3719750 0.3483330 0.4178413 0.2863892 0.4103961 0.2975105 0.3656252 
n251_290   0.3147894 0.3029610 0.3666026 0.3031549 0.3614571 0.2670858 0.3027328 0.3371945 0.3381388 0.2974955 0.2861684 0.0378324 0.0000000 0.3724896 0.3311601 0.3255984 0.3432529 0.3088430 0.4058572 0.3140643 0.3314593 0.3366634 0.3145547 0.3990972 0.2605222 0.3790853 0.2711904 0.3306569 
n265_306   0.3797331 0.3484390 0.3537978 0.3492884 0.3677067 0.4007663 0.3487915 0.3791278 0.3562841 0.3431872 0.3543325 0.4034741 0.3724896 0.0000000 0.3604480 0.3791004 0.3610844 0.3547860 0.1598711 0.3485239 0.3856157 0.3785201 0.3549746 0.1554215 0.3315503 0.0237098 0.3435454 0.3785884 
n287_332   0.2558847 0.0203384 0.1733878 0.0523885 0.2552489 0.3633253 0.0487248 0.2449785 0.1183282 0.0487234 0.0523156 0.3480467 0.3311601 0.3604480 0.0000000 0.2503204 0.2451093 0.0134893 0.3984440 0.2201659 0.2501725 0.2446086 0.0134945 0.3914369 0.2204459 0.3669127 0.2304088 0.2446480 
n265_308   0.0169071 0.2450952 0.2860784 0.2403239 0.2455561 0.3700999 0.2352344 0.2302124 0.2617020 0.2352235 0.2399481 0.3484552 0.3255984 0.3791004 0.2503204 0.0000000 0.2304206 0.2403595 0.4317891 0.2106956 0.2253582 0.2298670 0.2404750 0.4247584 0.1096712 0.4112519 0.1178615 0.2299035 
n277_320   0.2307648 0.2349660 0.2707308 0.2206762 0.0101136 0.3462499 0.2110595 0.0451577 0.2466075 0.2157402 0.2203349 0.3789584 0.3432529 0.3610844 0.2451093 0.2304206 0.0000000 0.2352312 0.4187653 0.0415379 0.0488044 0.0450957 0.2353437 0.4118704 0.1784924 0.3613978 0.1830537 0.0451017 
n290_335   0.2458240 0.0067059 0.1645820 0.0451421 0.2452145 0.3458056 0.0415250 0.2351063 0.1102407 0.0415238 0.0450795 0.3366385 0.3088430 0.3547860 0.0134893 0.2403595 0.2352312 0.0000000 0.3860720 0.2106740 0.2402158 0.2347528 0.0067103 0.3792048 0.2015944 0.3611967 0.2112503 0.2347903 
n285_328   0.4254478 0.3793831 0.4125542 0.3994750 0.4260699 0.4366466 0.3988929 0.4315740 0.4077596 0.3928579 0.4048482 0.4247982 0.4058572 0.1598711 0.3984440 0.4317891 0.4187653 0.3860720 0.0000000 0.4050340 0.4386367 0.4308658 0.3925946 0.0066870 0.3625541 0.1644410 0.3752012 0.4309468 
n274_317   0.2110051 0.2104398 0.2448052 0.2014045 0.0524405 0.3221381 0.1966389 0.0169328 0.2264290 0.1966307 0.2010958 0.3481705 0.3140643 0.3485239 0.2201659 0.2106956 0.0415379 0.2106740 0.4050340 0.0000000 0.0203889 0.0169100 0.2107725 0.3982942 0.1603220 0.3488265 0.1647385 0.0169122 
n299_344   0.2256933 0.2399443 0.2760839 0.2305090 0.0598593 0.3338691 0.2254993 0.0033487 0.2519959 0.2254892 0.2301503 0.3665257 0.3314593 0.3856157 0.2501725 0.2253582 0.0488044 0.2402158 0.4386367 0.0203889 0.0000000 0.0169272 0.2403312 0.4315255 0.1782561 0.3859493 0.1828106 0.0101028 
n280_323   0.2302095 0.2344887 0.2702448 0.2251413 0.0560583 0.3391146 0.2201844 0.0134957 0.2512445 0.2201747 0.2247927 0.3719750 0.3366634 0.3785201 0.2446086 0.2298670 0.0450957 0.2347528 0.4308658 0.0169100 0.0169272 0.0000000 0.2348649 0.4238501 0.1824870 0.3788474 0.1870679 0.0134793 
n289_334   0.2459429 0.0134894 0.1646557 0.0451603 0.2453328 0.3516267 0.0415416 0.2352187 0.1062209 0.0415404 0.0415196 0.3483330 0.3145547 0.3549746 0.0134945 0.2404750 0.2353437 0.0067103 0.3925946 0.2107725 0.2403312 0.2348649 0.0000000 0.3856494 0.2110395 0.3613898 0.2208518 0.2349023 
n286_329   0.4184825 0.3725973 0.4053686 0.3927874 0.4190884 0.4295094 0.3922170 0.4245444 0.3945725 0.3862429 0.3981137 0.4178413 0.3990972 0.1554215 0.3914369 0.4247584 0.4118704 0.3792048 0.0066870 0.3982942 0.4315255 0.4238501 0.3856494 0.0000000 0.3562433 0.1599517 0.3687560 0.4239293 
n285_330   0.1220412 0.1967113 0.2297665 0.1967419 0.1923602 0.2948142 0.1874977 0.1827550 0.2116425 0.1920068 0.1964422 0.2863892 0.2605222 0.3315503 0.2204459 0.1096712 0.1784924 0.2015944 0.3625541 0.1603220 0.1782561 0.1824870 0.2110395 0.3562433 0.0000000 0.3377286 0.0067133 0.1825147 
n266_307   0.4119547 0.3547794 0.3662698 0.3556482 0.3680259 0.4076982 0.3551406 0.3794559 0.3627283 0.3494819 0.3607340 0.4103961 0.3790853 0.0237098 0.3669127 0.4112519 0.3613978 0.3611967 0.1644410 0.3488265 0.3859493 0.3788474 0.3613898 0.1599517 0.3377286 0.0000000 0.3498504 0.3789157 
n286_331   0.1304249 0.2062797 0.2398751 0.2063125 0.1970321 0.3061771 0.1969168 0.1873432 0.2214893 0.2014958 0.2059961 0.2975105 0.2711904 0.3435454 0.2304088 0.1178615 0.1830537 0.2112503 0.3752012 0.1647385 0.1828106 0.1870679 0.2208518 0.3687560 0.0067133 0.3498504 0.0000000 0.1870964 
n292_337   0.2302461 0.2345260 0.2702892 0.2251769 0.0560658 0.3330562 0.2202191 0.0067125 0.2464222 0.2202093 0.2248282 0.3656252 0.3306569 0.3785884 0.2446480 0.2299035 0.0451017 0.2347903 0.4309468 0.0169122 0.0101028 0.0134793 0.2349023 0.4239293 0.1825147 0.3789157 0.1870964 0.0000000 
