25
n236_237   0.0000000 0.2014496 0.0624847 0.2419530 0.0807920 0.3937960 0.2508188 0.0882910 0.2507305 0.0770870 0.2464166 0.2508683 0.2147398 0.0808201 0.0771529 0.2460693 0.2463659 0.0698347 0.2416234 0.0808467 0.0920546 0.3829177 0.3721233 0.1349132 0.2554554 
n266_267   0.2014496 0.0000000 0.2059627 0.1977858 0.2237151 0.3895596 0.1152389 0.2418901 0.2105376 0.2192221 0.2020241 0.2106495 0.0100814 0.2238059 0.2282654 0.2061101 0.2063513 0.2193943 0.1075166 0.2327677 0.2465215 0.3359342 0.3622391 0.2709694 0.2105894 
n296_297   0.0624847 0.2059627 0.0000000 0.2420361 0.0168415 0.4165070 0.2650942 0.0340706 0.2554636 0.0134418 0.2465022 0.2556044 0.2193449 0.0168470 0.0236927 0.2507713 0.2510747 0.0237023 0.2557186 0.0271366 0.0375672 0.3721868 0.3942118 0.1429847 0.2602214 
n277_278   0.2419530 0.1977858 0.2420361 0.0000000 0.2606764 0.3558034 0.2520373 0.2748513 0.0553342 0.2559555 0.0134567 0.0589339 0.2110490 0.2607868 0.2560196 0.0446431 0.0446894 0.2561605 0.2427889 0.2606890 0.2748913 0.3245326 0.3247472 0.2712805 0.0589410 
n290_291   0.0807920 0.2237151 0.0168415 0.2606764 0.0000000 0.4399994 0.2842969 0.0516958 0.2744092 0.0033389 0.2652458 0.2745627 0.2374259 0.0066954 0.0410794 0.2695978 0.2699292 0.0410964 0.2746845 0.0446018 0.0552762 0.3832584 0.4170498 0.1511060 0.2792940 
n255_256   0.3937960 0.3895596 0.4165070 0.3558034 0.4399994 0.0000000 0.4541698 0.4339519 0.3820968 0.4340352 0.3500000 0.3768525 0.4067729 0.4402345 0.4223744 0.3657409 0.3606430 0.4226374 0.4421474 0.4165742 0.4399146 0.3188654 0.0552902 0.4594625 0.3877665 
n286_287   0.2508188 0.1152389 0.2650942 0.2520373 0.2842969 0.4541698 0.0000000 0.2990516 0.2610340 0.2794316 0.2565685 0.2611787 0.1270609 0.2844211 0.2892342 0.2562950 0.2660755 0.2796588 0.0067025 0.2941032 0.2990958 0.3849025 0.4189315 0.3050993 0.2611037 
n298_299   0.0882910 0.2418901 0.0340706 0.2748513 0.0516958 0.4339519 0.2990516 0.0000000 0.2888172 0.0481328 0.2794998 0.2889807 0.2513931 0.0517133 0.0306009 0.2839146 0.2842680 0.0306134 0.2892509 0.0340759 0.0033384 0.3998342 0.4052189 0.1759844 0.2937999 
n299_300   0.2507305 0.2105376 0.2554636 0.0553342 0.2744092 0.3820968 0.2610340 0.2888172 0.0000000 0.2696098 0.0588967 0.0100650 0.2240105 0.2745277 0.2696769 0.0134448 0.0237071 0.2698280 0.2516897 0.2744213 0.2937395 0.3240599 0.3395367 0.2849459 0.0100661 
n287_288   0.0770870 0.2192221 0.0134418 0.2559555 0.0033389 0.4340352 0.2794316 0.0481328 0.2696098 0.0000000 0.2604983 0.2697601 0.2328486 0.0033408 0.0375662 0.2648289 0.2651532 0.0375816 0.2698800 0.0410722 0.0516958 0.3777118 0.4112528 0.1510857 0.2744620 
n278_279   0.2464166 0.2020241 0.2465022 0.0134567 0.2652458 0.3500000 0.2565685 0.2794998 0.0588967 0.2604983 0.0000000 0.0625117 0.2153579 0.2653589 0.2605635 0.0517150 0.0517689 0.2607077 0.2472696 0.2652583 0.2795406 0.3139906 0.3192055 0.2759240 0.0625193 
n292_293   0.2508683 0.2106495 0.2556044 0.0589339 0.2745627 0.3768525 0.2611787 0.2889807 0.0100650 0.2697601 0.0625117 0.0000000 0.2241322 0.2746812 0.2698271 0.0168445 0.0271567 0.2699783 0.2518283 0.2745748 0.2939064 0.3189727 0.3345492 0.2851066 0.0134521 
n265_266   0.2147398 0.0100814 0.2193449 0.2110490 0.2374259 0.4067729 0.1270609 0.2513931 0.2240105 0.2328486 0.2153579 0.2241322 0.0000000 0.2375237 0.2375872 0.2195011 0.2197612 0.2286048 0.1192160 0.2421480 0.2560873 0.3468106 0.3731290 0.2856343 0.2240679 
n289_290   0.0808201 0.2238059 0.0168470 0.2607868 0.0066954 0.4402345 0.2844211 0.0517133 0.2745277 0.0033408 0.2653589 0.2746812 0.2375237 0.0000000 0.0410932 0.2697136 0.2700449 0.0411101 0.2748030 0.0446168 0.0552950 0.3834481 0.4172661 0.1469521 0.2794153 
n293_294   0.0771529 0.2282654 0.0236927 0.2560196 0.0410794 0.4223744 0.2892342 0.0306009 0.2696769 0.0375662 0.2605635 0.2698271 0.2375872 0.0410932 0.0000000 0.2648951 0.2652193 0.0202753 0.2795585 0.0033408 0.0340819 0.3888273 0.3999194 0.1593649 0.2745300 
n280_281   0.2460693 0.2061101 0.2507713 0.0446431 0.2695978 0.3657409 0.2562950 0.2839146 0.0134448 0.2648289 0.0517150 0.0168445 0.2195011 0.2697136 0.2648951 0.0000000 0.0168557 0.2650428 0.2470084 0.2696101 0.2888048 0.3289268 0.3291468 0.2800562 0.0168464 
n274_275   0.2463659 0.2063513 0.2510747 0.0446894 0.2699292 0.3606430 0.2660755 0.2842680 0.0237071 0.2651532 0.0517689 0.0271567 0.2197612 0.2700449 0.2652193 0.0168557 0.0000000 0.2653670 0.2566597 0.2699414 0.2891658 0.3242400 0.3191807 0.2804039 0.0271599 
n275_276   0.0698347 0.2193943 0.0237023 0.2561605 0.0410964 0.4226374 0.2796588 0.0306134 0.2698280 0.0375816 0.2607077 0.2699783 0.2286048 0.0411101 0.0202753 0.2650428 0.2653670 0.0000000 0.2700982 0.0237061 0.0340968 0.3833175 0.4001623 0.1470024 0.2746847 
n285_286   0.2416234 0.1075166 0.2557186 0.2427889 0.2746845 0.4421474 0.0067025 0.2892509 0.2516897 0.2698800 0.2472696 0.2518283 0.1192160 0.2748030 0.2795585 0.2470084 0.2566597 0.2700982 0.0000000 0.2843677 0.2892934 0.3794209 0.4074333 0.2951974 0.2517559 
n294_295   0.0808467 0.2327677 0.0271366 0.2606890 0.0446018 0.4165742 0.2941032 0.0340759 0.2744213 0.0410722 0.2652583 0.2745748 0.2421480 0.0446168 0.0033408 0.2696101 0.2699414 0.0237061 0.2843677 0.0000000 0.0375729 0.3888474 0.3942786 0.1634843 0.2793058 
n297_298   0.0920546 0.2465215 0.0375672 0.2748913 0.0552762 0.4399146 0.2990958 0.0033384 0.2937395 0.0516958 0.2795406 0.2939064 0.2560873 0.0552950 0.0340819 0.2888048 0.2891658 0.0340968 0.2892934 0.0375729 0.0000000 0.4055416 0.4109662 0.1802268 0.2987565 
n244_245   0.3829177 0.3359342 0.3721868 0.3245326 0.3832584 0.3188654 0.3849025 0.3998342 0.3240599 0.3777118 0.3139906 0.3189727 0.3468106 0.3834481 0.3888273 0.3289268 0.3242400 0.3833175 0.3794209 0.3888474 0.4055416 0.0000000 0.3041578 0.4124755 0.3292924 
n251_252   0.3721233 0.3622391 0.3942118 0.3247472 0.4170498 0.0552902 0.4189315 0.4052189 0.3395367 0.4112528 0.3192055 0.3345492 0.3731290 0.4172661 0.3999194 0.3291468 0.3191807 0.4001623 0.4074333 0.3942786 0.4109662 0.3041578 0.0000000 0.4359254 0.3448853 
n200_201   0.1349132 0.2709694 0.1429847 0.2712805 0.1511060 0.4594625 0.3050993 0.1759844 0.2849459 0.1510857 0.2759240 0.2851066 0.2856343 0.1469521 0.1593649 0.2800562 0.2804039 0.1470024 0.2951974 0.1634843 0.1802268 0.4124755 0.4359254 0.0000000 0.2899138 
n300_301   0.2554554 0.2105894 0.2602214 0.0589410 0.2792940 0.3877665 0.2611037 0.2937999 0.0100661 0.2744620 0.0625193 0.0134521 0.2240679 0.2794153 0.2745300 0.0168464 0.0271599 0.2746847 0.2517559 0.2793058 0.2987565 0.3292924 0.3448853 0.2899138 0.0000000 
