24
n236_237   0.0000000 0.2597542 0.0745211 0.2073951 0.0821171 0.3592578 0.2253303 0.0821423 0.2129373 0.0859258 0.2030030 0.2175128 0.2594872 0.0708857 0.2264446 0.2076505 0.0708530 0.2112120 0.0671268 0.0898060 0.3428559 0.3538175 0.1133165 0.2127841 
n266_267   0.2597542 0.0000000 0.2551224 0.2255221 0.2604666 0.4431045 0.1409537 0.2808580 0.2262490 0.2553260 0.2210318 0.2308991 0.0270768 0.2658858 0.2354016 0.2255841 0.2657407 0.1246014 0.2607736 0.2912120 0.4007123 0.4370361 0.2706837 0.2357361 
n296_297   0.0745211 0.2551224 0.0000000 0.2120640 0.0135126 0.3638428 0.2255938 0.0523034 0.2268460 0.0169340 0.2076439 0.2315096 0.2496511 0.0379387 0.2405982 0.2214169 0.0379218 0.2114575 0.0343838 0.0558996 0.3478163 0.3645909 0.1295679 0.2266813 
n277_278   0.2073951 0.2255221 0.2120640 0.0000000 0.2170261 0.4237082 0.2109078 0.2264814 0.0413731 0.2216828 0.0168834 0.0449260 0.2203423 0.2126263 0.0484662 0.0484342 0.2125152 0.1927511 0.2079177 0.2360290 0.3888017 0.3987767 0.2170984 0.0485260 
n290_291   0.0821171 0.2604666 0.0135126 0.2170261 0.0000000 0.3762298 0.2302820 0.0596297 0.2319500 0.0033527 0.2125716 0.2366532 0.2549372 0.0414924 0.2458133 0.2264603 0.0450784 0.2160473 0.0415007 0.0632623 0.3663077 0.3770090 0.1380327 0.2317810 
n255_256   0.3592578 0.4431045 0.3638428 0.4237082 0.3762298 0.0000000 0.4167916 0.3821277 0.4075099 0.3821057 0.4178508 0.4135504 0.4355996 0.3768596 0.4250924 0.3999088 0.3766347 0.3980236 0.3707998 0.3824881 0.3133801 0.0237636 0.4085375 0.4199361 
n286_287   0.2253303 0.1409537 0.2255938 0.2109078 0.2302820 0.4167916 0.0000000 0.2402946 0.2163476 0.2350136 0.2065153 0.2209225 0.1451530 0.2261939 0.2253584 0.2157181 0.2260746 0.0134221 0.2213953 0.2500203 0.3687764 0.4109464 0.2552316 0.2256757 
n298_299   0.0821423 0.2808580 0.0523034 0.2264814 0.0596297 0.3821277 0.2402946 0.0000000 0.2367045 0.0633086 0.2126646 0.2414384 0.2751253 0.0203882 0.2506533 0.2311652 0.0203794 0.2258243 0.0169391 0.0101063 0.3723360 0.3829213 0.1379947 0.2365315 
n299_300   0.2129373 0.2262490 0.2268460 0.0413731 0.2319500 0.4075099 0.2163476 0.2367045 0.0000000 0.2367216 0.0343071 0.0033434 0.2260190 0.2274524 0.0134699 0.0134614 0.2273317 0.1979885 0.2226221 0.2464208 0.3844236 0.3830423 0.2273641 0.0067057 
n287_288   0.0859258 0.2553260 0.0169340 0.2216828 0.0033527 0.3821057 0.2350136 0.0633086 0.2367216 0.0000000 0.2172015 0.2414560 0.2498496 0.0450695 0.2506718 0.2311817 0.0486754 0.2206795 0.0450784 0.0669585 0.3721212 0.3828993 0.1421828 0.2365486 
n278_279   0.2030030 0.2210318 0.2076439 0.0168834 0.2125716 0.4178508 0.2065153 0.2126646 0.0343071 0.2172015 0.0000000 0.0378255 0.2158899 0.2081940 0.0413355 0.0413084 0.2080855 0.1884629 0.2035142 0.2220250 0.3831883 0.3931081 0.2126422 0.0413862 
n292_293   0.2175128 0.2308991 0.2315096 0.0449260 0.2366532 0.4135504 0.2209225 0.2414384 0.0033434 0.2414560 0.0378255 0.0000000 0.2306641 0.2321293 0.0168755 0.0168648 0.2320058 0.2024452 0.2272657 0.2512202 0.3902836 0.3888793 0.2320400 0.0100811 
n265_266   0.2594872 0.0270768 0.2496511 0.2203423 0.2549372 0.4355996 0.1451530 0.2751253 0.2260190 0.2498496 0.2158899 0.2306641 0.0000000 0.2602978 0.2351618 0.2253553 0.2601565 0.1286923 0.2552369 0.2853760 0.4059647 0.4296002 0.2704038 0.2354956 
n293_294   0.0708857 0.2658858 0.0379387 0.2126263 0.0414924 0.3768596 0.2261939 0.0203882 0.2274524 0.0450695 0.2081940 0.2321293 0.2602978 0.0000000 0.2412433 0.2220061 0.0067222 0.2120167 0.0033526 0.0238311 0.3727969 0.3776411 0.1255779 0.2272869 
n280_281   0.2264446 0.2354016 0.2405982 0.0484662 0.2458133 0.4250924 0.2253584 0.2506533 0.0134699 0.2506718 0.0413355 0.0168755 0.2351618 0.2412433 0.0000000 0.0202715 0.2411142 0.2067783 0.2363200 0.2605520 0.4015071 0.3938986 0.2411520 0.0203090 
n274_275   0.2076505 0.2255841 0.2214169 0.0484342 0.2264603 0.3999088 0.2157181 0.2311652 0.0134614 0.2311817 0.0413084 0.0168648 0.2253553 0.2220061 0.0202715 0.0000000 0.2173018 0.1974208 0.2172285 0.2407768 0.3887072 0.3757608 0.2312137 0.0202960 
n275_276   0.0708530 0.2657407 0.0379218 0.2125152 0.0450784 0.3766347 0.2260746 0.0203794 0.2273317 0.0486754 0.2080855 0.2320058 0.2601565 0.0067222 0.2411142 0.2173018 0.0000000 0.2119062 0.0033511 0.0238208 0.3725743 0.3774153 0.1255171 0.2271665 
n285_286   0.2112120 0.1246014 0.2114575 0.1927511 0.2160473 0.3980236 0.0134221 0.2258243 0.1979885 0.2206795 0.1884629 0.2024452 0.1286923 0.2120167 0.2067783 0.1974208 0.2119062 0.0000000 0.2073243 0.2353382 0.3458111 0.3923264 0.2404229 0.2070655 
n294_295   0.0671268 0.2607736 0.0343838 0.2079177 0.0415007 0.3707998 0.2213953 0.0169391 0.2226221 0.0450784 0.2035142 0.2272657 0.2552369 0.0033526 0.2363200 0.2172285 0.0033511 0.2073243 0.0000000 0.0203652 0.3667533 0.3715662 0.1214729 0.2224607 
n297_298   0.0898060 0.2912120 0.0558996 0.2360290 0.0632623 0.3824881 0.2500203 0.0101063 0.2464208 0.0669585 0.2220250 0.2512202 0.2853760 0.0238311 0.2605520 0.2407768 0.0238208 0.2353382 0.0203652 0.0000000 0.3900628 0.3832832 0.1378377 0.2462396 
n244_245   0.3428559 0.4007123 0.3478163 0.3888017 0.3663077 0.3133801 0.3687764 0.3723360 0.3844236 0.3721212 0.3831883 0.3902836 0.4059647 0.3727969 0.4015071 0.3887072 0.3725743 0.3458111 0.3667533 0.3900628 0.0000000 0.3192896 0.3912747 0.3847126 
n251_252   0.3538175 0.4370361 0.3645909 0.3987767 0.3770090 0.0237636 0.4109464 0.3829213 0.3830423 0.3828993 0.3931081 0.3888793 0.4296002 0.3776411 0.3938986 0.3757608 0.3774153 0.3923264 0.3715662 0.3832832 0.3192896 0.0000000 0.4027121 0.3950394 
n200_201   0.1133165 0.2706837 0.1295679 0.2170984 0.1380327 0.4085375 0.2552316 0.1379947 0.2273641 0.1421828 0.2126422 0.2320400 0.2704038 0.1255779 0.2411520 0.2312137 0.1255171 0.2404229 0.1214729 0.1378377 0.3912747 0.4027121 0.0000000 0.2271988 
n300_301   0.2127841 0.2357361 0.2266813 0.0485260 0.2317810 0.4199361 0.2256757 0.2365315 0.0067057 0.2365486 0.0413862 0.0100811 0.2354956 0.2272869 0.0203090 0.0202960 0.2271665 0.2070655 0.2224607 0.2462396 0.3847126 0.3950394 0.2271988 0.0000000 
