22
n236_237   0.0000000 0.2851460 0.1049877 0.2817529 0.1089282 0.4219290 0.3298139 0.0892976 0.3303281 0.1050800 0.3072711 0.3297770 0.2946462 0.1049817 0.0892976 0.3299965 0.3360409 0.3129981 0.3761889 0.4156277 0.1845716 0.3361066 
n266_267   0.2851460 0.0000000 0.3029734 0.2927257 0.3031371 0.3927229 0.1341480 0.2872296 0.3216675 0.3030461 0.3087188 0.3162284 0.0169298 0.3027070 0.2872296 0.3213446 0.3212233 0.1258814 0.3920690 0.3934478 0.2623813 0.3273958 
n296_297   0.1049877 0.3029734 0.0000000 0.3026004 0.0271356 0.4391077 0.3296678 0.0520410 0.3477847 0.0237007 0.3288821 0.3421576 0.3127365 0.0236802 0.0447839 0.3474317 0.3472986 0.3180040 0.4260284 0.4387416 0.2037856 0.3537297 
n277_278   0.2817529 0.2927257 0.3026004 0.0000000 0.3074286 0.4117056 0.3248191 0.3080587 0.0977484 0.3073362 0.0273190 0.1016419 0.2970652 0.3069917 0.3024512 0.0938763 0.0938452 0.3132308 0.3738625 0.3989127 0.2945232 0.1017199 
n290_291   0.1089282 0.3031371 0.0271356 0.3074286 0.0000000 0.4317703 0.3351235 0.0593633 0.3529025 0.0100465 0.3338595 0.3472408 0.3129073 0.0100379 0.0520073 0.3525437 0.3524084 0.3181789 0.4010094 0.4253530 0.2084058 0.3588879 
n255_256   0.4219290 0.3927229 0.4391077 0.4117056 0.4317703 0.0000000 0.3998106 0.4326523 0.4397696 0.4316224 0.4232510 0.4332998 0.4040876 0.4310788 0.4326523 0.4392949 0.4391138 0.4003544 0.3565703 0.0633381 0.4188951 0.4466792 
n286_287   0.3298139 0.1341480 0.3296678 0.3248191 0.3351235 0.3998106 0.0000000 0.3193173 0.3435252 0.3350198 0.3415813 0.3379180 0.1464894 0.3346350 0.3133446 0.3431764 0.3430450 0.0101048 0.4084465 0.4064186 0.3041841 0.3494461 
n298_299   0.0892976 0.2872296 0.0520410 0.3080587 0.0593633 0.4326523 0.3193173 0.0000000 0.3302526 0.0557648 0.3345405 0.3247740 0.2968036 0.0557150 0.0066805 0.3299212 0.3359629 0.3027482 0.4146147 0.4331244 0.1897499 0.3360285 
n299_300   0.3303281 0.3216675 0.3477847 0.0977484 0.3529025 0.4397696 0.3435252 0.3302526 0.0000000 0.3527913 0.1134215 0.0033532 0.3261517 0.3523792 0.3302526 0.0033538 0.0101184 0.3315425 0.3886974 0.4324914 0.3385230 0.0033556 
n287_288   0.1050800 0.3030461 0.0237007 0.3073362 0.0100465 0.4316224 0.3350198 0.0557648 0.3527913 0.0000000 0.3337567 0.3471319 0.3128127 0.0066802 0.0484488 0.3524327 0.3522975 0.3180822 0.4136716 0.4252081 0.2039817 0.3587740 
n278_279   0.3072711 0.3087188 0.3288821 0.0273190 0.3338595 0.4232510 0.3415813 0.3345405 0.1134215 0.3337567 0.0000000 0.1174016 0.3131260 0.3333749 0.3287073 0.1094639 0.1094274 0.3296838 0.4108917 0.4102700 0.3206639 0.1174924 
n292_293   0.3297770 0.3162284 0.3421576 0.1016419 0.3472408 0.4332998 0.3379180 0.3247740 0.0033532 0.3471319 0.1174016 0.0000000 0.3206893 0.3467283 0.3247740 0.0067235 0.0135237 0.3260388 0.3826767 0.4260901 0.3329476 0.0067272 
n265_266   0.2946462 0.0169298 0.3127365 0.2970652 0.3129073 0.4040876 0.1464894 0.2968036 0.3261517 0.3128127 0.3131260 0.3206893 0.0000000 0.3124604 0.2968036 0.3258242 0.3257011 0.1380723 0.3968955 0.3982890 0.2716838 0.3319076 
n289_290   0.1049817 0.3027070 0.0236802 0.3069917 0.0100379 0.4310788 0.3346350 0.0557150 0.3523792 0.0066802 0.3333749 0.3467283 0.3124604 0.0000000 0.0484058 0.3520215 0.3518866 0.3177225 0.4061674 0.4246750 0.2037721 0.3583526 
n293_294   0.0892976 0.2872296 0.0447839 0.3024512 0.0520073 0.4326523 0.3133446 0.0066805 0.3302526 0.0484488 0.3287073 0.3247740 0.2968036 0.0484058 0.0000000 0.3299212 0.3359629 0.2969444 0.4014196 0.4331244 0.1991237 0.3360285 
n280_281   0.3299965 0.3213446 0.3474317 0.0938763 0.3525437 0.4392949 0.3431764 0.3299212 0.0033538 0.3524327 0.1094639 0.0067235 0.3258242 0.3520215 0.3299212 0.0000000 0.0067295 0.3312087 0.3882898 0.4320267 0.3390945 0.0067284 
n274_275   0.3360409 0.3212233 0.3472986 0.0938452 0.3524084 0.4391138 0.3430450 0.3359629 0.0101184 0.3522975 0.1094274 0.0135237 0.3257011 0.3518866 0.3359629 0.0067295 0.0000000 0.3310830 0.3881355 0.4262104 0.3389646 0.0135334 
n285_286   0.3129981 0.1258814 0.3180040 0.3132308 0.3181789 0.4003544 0.0101048 0.3027482 0.3315425 0.3180822 0.3296838 0.3260388 0.1380723 0.3177225 0.2969444 0.3312087 0.3310830 0.0000000 0.3894617 0.3941967 0.2879446 0.3373457 
n244_245   0.3761889 0.3920690 0.4260284 0.3738625 0.4010094 0.3565703 0.4084465 0.4146147 0.3886974 0.4136716 0.4108917 0.3826767 0.3968955 0.4061674 0.4014196 0.3882898 0.3881355 0.3894617 0.0000000 0.3338597 0.3924916 0.3950894 
n251_252   0.4156277 0.3934478 0.4387416 0.3989127 0.4253530 0.0633381 0.4064186 0.4331244 0.4324914 0.4252081 0.4102700 0.4260901 0.3982890 0.4246750 0.4331244 0.4320267 0.4262104 0.3941967 0.3338597 0.0000000 0.4002211 0.4393221 
n200_201   0.1845716 0.2623813 0.2037856 0.2945232 0.2084058 0.4188951 0.3041841 0.1897499 0.3385230 0.2039817 0.3206639 0.3329476 0.2716838 0.2037721 0.1991237 0.3390945 0.3389646 0.2879446 0.3924916 0.4002211 0.0000000 0.3444070 
n300_301   0.3361066 0.3273958 0.3537297 0.1017199 0.3588879 0.4466792 0.3494461 0.3360285 0.0033556 0.3587740 0.1174924 0.0067272 0.3319076 0.3583526 0.3360285 0.0067284 0.0135334 0.3373457 0.3950894 0.4393221 0.3444070 0.0000000 
