23
n236_237   0.0000000 0.3012329 0.0920995 0.3375788 0.0996290 0.4093729 0.0882812 0.2963709 0.0997225 0.3541562 0.1034458 0.3430143 0.3112913 0.0996250 0.0884343 0.3488661 0.3542424 0.0996443 0.3064358 0.0997922 0.4430455 0.4093595 0.1757179 
n266_267   0.3012329 0.0000000 0.3067403 0.2712070 0.3067773 0.3701192 0.2965207 0.1036677 0.3069189 0.2765670 0.3118236 0.2859138 0.0202317 0.3067397 0.3021255 0.2814562 0.2764469 0.3117871 0.1113903 0.3122853 0.4432596 0.3696923 0.2914091 
n296_297   0.0920995 0.3067403 0.0000000 0.3166932 0.0168665 0.3866832 0.0066998 0.2818284 0.0306566 0.3436079 0.0202867 0.3219699 0.3065756 0.0168662 0.0203094 0.3380324 0.3329812 0.0306333 0.2917058 0.0306777 0.4088242 0.3865104 0.1231303 
n277_278   0.3375788 0.2712070 0.3166932 0.0000000 0.3217110 0.3983311 0.3063384 0.2246649 0.3275628 0.0961278 0.3268512 0.0100673 0.2663043 0.3216692 0.3018481 0.0923135 0.0810613 0.3220216 0.2337869 0.3119969 0.4433195 0.3923927 0.2962021 
n290_291   0.0996290 0.3067773 0.0168665 0.3217110 0.0000000 0.3978144 0.0100690 0.2818598 0.0341300 0.3488153 0.0100623 0.3270241 0.3064988 0.0066927 0.0237404 0.3431985 0.3381163 0.0341040 0.2917393 0.0341534 0.4147362 0.3915415 0.1270320 
n255_256   0.4093729 0.3701192 0.3866832 0.3983311 0.3978144 0.0000000 0.3807984 0.3330884 0.3929216 0.4152124 0.4034812 0.4158874 0.3648428 0.3977452 0.3816248 0.4154644 0.4039861 0.3979047 0.3385577 0.3818959 0.3416698 0.0482469 0.3692374 
n295_296   0.0882812 0.2965207 0.0066998 0.3063384 0.0100690 0.3807984 0.0000000 0.2719536 0.0237222 0.3328433 0.0134562 0.3115362 0.2963615 0.0100688 0.0134711 0.3273568 0.3223732 0.0237040 0.2816956 0.0237385 0.4085886 0.3806261 0.1152348 
n286_287   0.2963709 0.1036677 0.2818284 0.2246649 0.2818598 0.3330884 0.2719536 0.0000000 0.2921546 0.2572336 0.2867448 0.2384622 0.1036131 0.2818287 0.2776156 0.2524456 0.2385116 0.2869977 0.0067019 0.2827678 0.4263601 0.3432634 0.2669102 
n298_299   0.0997225 0.3069189 0.0306566 0.3275628 0.0341300 0.3929216 0.0237222 0.2921546 0.0000000 0.3545629 0.0376315 0.3329286 0.3070706 0.0341292 0.0168781 0.3492649 0.3441367 0.0271543 0.2971146 0.0271936 0.4324592 0.3980805 0.1351365 
n299_300   0.3541562 0.2765670 0.3436079 0.0961278 0.3488153 0.4152124 0.3328433 0.2572336 0.3545629 0.0000000 0.3541491 0.0960812 0.2910900 0.3487647 0.3332209 0.0100826 0.0134695 0.3489234 0.2667744 0.3438209 0.4875901 0.4091485 0.3170713 
n287_288   0.1034458 0.3118236 0.0202867 0.3268512 0.0100623 0.4034812 0.0134562 0.2867448 0.0376315 0.3541491 0.0000000 0.3322015 0.3115403 0.0100621 0.0271952 0.3484902 0.3433764 0.0376028 0.2966878 0.0376574 0.4264240 0.3971594 0.1309990 
n278_279   0.3430143 0.2859138 0.3219699 0.0100673 0.3270241 0.4158874 0.3115362 0.2384622 0.3329286 0.0960812 0.3322015 0.0000000 0.2809085 0.3269806 0.3070207 0.0922689 0.0810224 0.3273415 0.2477598 0.3172439 0.4558208 0.4098102 0.3013270 
n265_266   0.3112913 0.0202317 0.3065756 0.2663043 0.3064988 0.3648428 0.2963615 0.1036131 0.3070706 0.2910900 0.3115403 0.2809085 0.0000000 0.3064613 0.3022739 0.2860698 0.2715026 0.3119422 0.1113316 0.3124409 0.4495499 0.3644209 0.2912526 
n289_290   0.0996250 0.3067397 0.0168662 0.3216692 0.0066927 0.3977452 0.0100688 0.2818287 0.0341292 0.3487647 0.0100621 0.3269806 0.3064613 0.0000000 0.0237399 0.3431498 0.3380692 0.0341032 0.2917058 0.0341527 0.4205084 0.3914750 0.1270258 
n293_294   0.0884343 0.3021255 0.0203094 0.3018481 0.0237404 0.3816248 0.0134711 0.2776156 0.0168781 0.3332209 0.0271952 0.3070207 0.3022739 0.0237399 0.0000000 0.3280691 0.3230723 0.0134590 0.2874573 0.0100778 0.4150971 0.3814521 0.1233004 
n280_281   0.3488661 0.2814562 0.3380324 0.0923135 0.3431985 0.4154644 0.3273568 0.2524456 0.3492649 0.0100826 0.3484902 0.0922689 0.2860698 0.3431498 0.3280691 0.0000000 0.0100768 0.3436670 0.2619219 0.3385977 0.4878984 0.4093962 0.3117096 
n274_275   0.3542424 0.2764469 0.3329812 0.0810613 0.3381163 0.4039861 0.3223732 0.2385116 0.3441367 0.0134695 0.3433764 0.0810224 0.2715026 0.3380692 0.3230723 0.0100768 0.0000000 0.3385762 0.2478117 0.3335366 0.4752993 0.3980058 0.3068206 
n275_276   0.0996443 0.3117871 0.0306333 0.3220216 0.0341040 0.3979047 0.0237040 0.2869977 0.0271543 0.3489234 0.0376028 0.3273415 0.3119422 0.0341032 0.0134590 0.3436670 0.3385762 0.0000000 0.2969537 0.0237170 0.4261385 0.3977313 0.1310453 
n285_286   0.3064358 0.1113903 0.2917058 0.2337869 0.2917393 0.3385577 0.2816956 0.0067019 0.2971146 0.2667744 0.2966878 0.2477598 0.1113316 0.2917058 0.2874573 0.2619219 0.2478117 0.2969537 0.0000000 0.2926850 0.4383535 0.3540084 0.2765830 
n294_295   0.0997922 0.3122853 0.0306777 0.3119969 0.0341534 0.3818959 0.0237385 0.2827678 0.0271936 0.3438209 0.0376574 0.3172439 0.3124409 0.0341527 0.0100778 0.3385977 0.3335366 0.0237170 0.2926850 0.0000000 0.4268936 0.3817231 0.1312485 
n244_245   0.4430455 0.4432596 0.4088242 0.4433195 0.4147362 0.3416698 0.4085886 0.4263601 0.4324592 0.4875901 0.4264240 0.4558208 0.4495499 0.4205084 0.4150971 0.4878984 0.4752993 0.4261385 0.4383535 0.4268936 0.0000000 0.3417563 0.3909707 
n251_252   0.4093595 0.3696923 0.3865104 0.3923927 0.3915415 0.0482469 0.3806261 0.3432634 0.3980805 0.4091485 0.3971594 0.4098102 0.3644209 0.3914750 0.3814521 0.4093962 0.3980058 0.3977313 0.3540084 0.3817231 0.3417563 0.0000000 0.3694624 
n200_201   0.1757179 0.2914091 0.1231303 0.2962021 0.1270320 0.3692374 0.1152348 0.2669102 0.1351365 0.3170713 0.1309990 0.3013270 0.2912526 0.1270258 0.1233004 0.3117096 0.3068206 0.1310453 0.2765830 0.1312485 0.3909707 0.3694624 0.0000000 
