25
n236_237   0.0000000 0.3089145 0.0815888 0.3382744 0.0777971 0.3844051 0.0777971 0.3030793 0.0667108 0.3503439 0.0853431 0.3280589 0.3440264 0.3247642 0.0741150 0.0629522 0.3444411 0.3500673 0.0667000 0.3132681 0.0703574 0.3982030 0.4233828 0.1280364 0.3445959 
n266_267   0.3089145 0.0000000 0.3199766 0.3072214 0.3145664 0.4052573 0.3145664 0.1472324 0.3044709 0.3339315 0.3251867 0.3021990 0.3281086 0.0306574 0.3197778 0.3091665 0.3130708 0.3233726 0.3147887 0.1595587 0.3198379 0.4372513 0.4521736 0.2937932 0.3283307 
n296_297   0.0815888 0.3199766 0.0000000 0.3334152 0.0101161 0.4081947 0.0033552 0.3194546 0.0449487 0.3512260 0.0169471 0.3232560 0.3448889 0.3413045 0.0135203 0.0484349 0.3453058 0.3451240 0.0520871 0.3196063 0.0556736 0.4111314 0.4424967 0.1486642 0.3454612 
n277_278   0.3382744 0.3072214 0.3334152 0.0000000 0.3279310 0.4164165 0.3279310 0.2968462 0.3231553 0.0732520 0.3386906 0.0200898 0.0694945 0.3227850 0.3332078 0.3332597 0.0696718 0.0622475 0.3390698 0.3070315 0.3334963 0.3780341 0.4510850 0.3499423 0.0695350 
n290_291   0.0777971 0.3145664 0.0101161 0.3279310 0.0000000 0.4020592 0.0067245 0.3140539 0.0413659 0.3455749 0.0067251 0.3178478 0.3393018 0.3357221 0.0033534 0.0448383 0.3397086 0.3395307 0.0484670 0.3142030 0.0520350 0.4049372 0.4296853 0.1444616 0.3398616 
n255_256   0.3844051 0.4052573 0.4081947 0.4164165 0.4020592 0.0000000 0.4020592 0.4173815 0.3907713 0.4169315 0.4140633 0.4107970 0.4104197 0.4059757 0.4024350 0.3962137 0.4171664 0.4226762 0.3971867 0.4292192 0.4083103 0.2824537 0.0587842 0.4317388 0.4226654 
n295_296   0.0777971 0.3145664 0.0033552 0.3279310 0.0067245 0.4020592 0.0000000 0.3140539 0.0413659 0.3455749 0.0135180 0.3178478 0.3393018 0.3357221 0.0101107 0.0448383 0.3397086 0.3395307 0.0484670 0.3142030 0.0520350 0.4049372 0.4360731 0.1444616 0.3398616 
n286_287   0.3030793 0.1472324 0.3194546 0.2968462 0.3140539 0.4173815 0.3140539 0.0000000 0.3042564 0.3231419 0.3246558 0.2918942 0.3174197 0.1682838 0.3192564 0.3086634 0.3128995 0.3127395 0.3142755 0.0236632 0.3193163 0.4124304 0.4468377 0.2933222 0.3176331 
n298_299   0.0667108 0.3044709 0.0449487 0.3231553 0.0413659 0.3907713 0.0413659 0.3042564 0.0000000 0.3406854 0.0485186 0.3131209 0.3344566 0.3253420 0.0449239 0.0203860 0.3348554 0.3346806 0.0238704 0.3091000 0.0273346 0.3932714 0.4243169 0.1405330 0.3350066 
n299_300   0.3503439 0.3339315 0.3512260 0.0732520 0.3455749 0.4169315 0.3455749 0.3231419 0.3406854 0.0000000 0.3566543 0.0659649 0.0168118 0.3558245 0.3510044 0.3510613 0.0236955 0.0236481 0.3570611 0.3337274 0.3513172 0.4023345 0.4341367 0.3564897 0.0033335 
n287_288   0.0853431 0.3251867 0.0169471 0.3386906 0.0067251 0.4140633 0.0135180 0.3246558 0.0485186 0.3566543 0.0000000 0.3284625 0.3502583 0.3466711 0.0101116 0.0520152 0.3506849 0.3504994 0.0556896 0.3248100 0.0592922 0.4170553 0.4421208 0.1527848 0.3508425 
n278_279   0.3280589 0.3021990 0.3232560 0.0200898 0.3178478 0.4107970 0.3178478 0.2918942 0.3131209 0.0659649 0.3284625 0.0000000 0.0622534 0.3176567 0.3230559 0.3231052 0.0624113 0.0550749 0.3288276 0.3020117 0.3233318 0.3725064 0.4452379 0.3395536 0.0622895 
n292_293   0.3440264 0.3281086 0.3448889 0.0694945 0.3393018 0.4104197 0.3393018 0.3174197 0.3344566 0.0168118 0.3502583 0.0622534 0.0000000 0.3497924 0.3446726 0.3447276 0.0202350 0.0201945 0.3506549 0.3279077 0.3449764 0.4020330 0.4335633 0.3500978 0.0134075 
n265_266   0.3247642 0.0306574 0.3413045 0.3227850 0.3357221 0.4059757 0.3357221 0.1682838 0.3253420 0.3558245 0.3466711 0.3176567 0.3497924 0.0000000 0.3410899 0.3301504 0.3343298 0.3449405 0.3359642 0.1766880 0.3411574 0.4436499 0.4410099 0.3093013 0.3500324 
n289_290   0.0741150 0.3197778 0.0135203 0.3332078 0.0033534 0.4024350 0.0101107 0.3192564 0.0449239 0.3510044 0.0101116 0.3230559 0.3446726 0.3410899 0.0000000 0.0484081 0.3450889 0.3449074 0.0520583 0.3194080 0.0556428 0.4053182 0.4300915 0.1404561 0.3452442 
n293_294   0.0629522 0.3091665 0.0484349 0.3332597 0.0448383 0.3962137 0.0448383 0.3086634 0.0203860 0.3510613 0.0520152 0.3231052 0.3447276 0.3301504 0.0484081 0.0000000 0.3451441 0.3449625 0.0101216 0.3138144 0.0067279 0.4044156 0.4358172 0.1443343 0.3452994 
n280_281   0.3444411 0.3130708 0.3453058 0.0696718 0.3397086 0.4171664 0.3397086 0.3128995 0.3348554 0.0236955 0.3506849 0.0624113 0.0202350 0.3343298 0.3450889 0.3451441 0.0000000 0.0202445 0.3510826 0.3233406 0.3453936 0.4147491 0.4405596 0.3505240 0.0202466 
n274_275   0.3500673 0.3233726 0.3451240 0.0622475 0.3395307 0.4226762 0.3395307 0.3127395 0.3346806 0.0236481 0.3504994 0.0550749 0.0201945 0.3449405 0.3449074 0.3449625 0.0202445 0.0000000 0.3508967 0.3231738 0.3399932 0.4200764 0.4462232 0.3455765 0.0202061 
n275_276   0.0667000 0.3147887 0.0520871 0.3390698 0.0484670 0.3971867 0.0484670 0.3142755 0.0238704 0.3570611 0.0556896 0.3288276 0.3506549 0.3359642 0.0520583 0.0101216 0.3510826 0.3508967 0.0000000 0.3194715 0.0169627 0.4054185 0.4369113 0.1486398 0.3512405 
n285_286   0.3132681 0.1595587 0.3196063 0.3070315 0.3142030 0.4292192 0.3142030 0.0236632 0.3091000 0.3337274 0.3248100 0.3020117 0.3279077 0.1766880 0.3194080 0.3138144 0.3233406 0.3231738 0.3194715 0.0000000 0.3245457 0.4242156 0.4591311 0.3083554 0.3281296 
n294_295   0.0703574 0.3198379 0.0556736 0.3334963 0.0520350 0.4083103 0.0520350 0.3193163 0.0273346 0.3513172 0.0592922 0.3233318 0.3449764 0.3411574 0.0556428 0.0067279 0.3453936 0.3399932 0.0169627 0.3245457 0.0000000 0.4167132 0.4485809 0.1527097 0.3455491 
n244_245   0.3982030 0.4372513 0.4111314 0.3780341 0.4049372 0.2824537 0.4049372 0.4124304 0.3932714 0.4023345 0.4170553 0.3725064 0.4020330 0.4436499 0.4053182 0.4044156 0.4147491 0.4200764 0.4054185 0.4242156 0.4167132 0.0000000 0.3431805 0.4224077 0.4079981 
n251_252   0.4233828 0.4521736 0.4424967 0.4510850 0.4296853 0.0587842 0.4360731 0.4468377 0.4243169 0.4341367 0.4421208 0.4452379 0.4335633 0.4410099 0.4300915 0.4358172 0.4405596 0.4462232 0.4369113 0.4591311 0.4485809 0.3431805 0.0000000 0.4796893 0.4399902 
n200_201   0.1280364 0.2937932 0.1486642 0.3499423 0.1444616 0.4317388 0.1444616 0.2933222 0.1405330 0.3564897 0.1527848 0.3395536 0.3500978 0.3093013 0.1404561 0.1443343 0.3505240 0.3455765 0.1486398 0.3083554 0.1527097 0.4224077 0.4796893 0.0000000 0.3506814 
n300_301   0.3445959 0.3283307 0.3454612 0.0695350 0.3398616 0.4226654 0.3398616 0.3176331 0.3350066 0.0033335 0.3508425 0.0622895 0.0134075 0.3500324 0.3452442 0.3452994 0.0202466 0.0202061 0.3512405 0.3281296 0.3455491 0.4079981 0.4399902 0.3506814 0.0000000 
