23
n236_237   0.0000000 0.2915422 0.0850082 0.3012613 0.0812539 0.3377131 0.0849873 0.2460877 0.1197646 0.3116229 0.3010592 0.3117767 0.3016399 0.1080809 0.3278750 0.3118578 0.1159127 0.2606048 0.1081155 0.3889501 0.3589653 0.1482469 0.3167519 
n266_267   0.2915422 0.0000000 0.3333529 0.3070348 0.3329272 0.3889251 0.3439288 0.1871119 0.3711203 0.3282885 0.3226072 0.3176047 0.0067118 0.3660373 0.3232330 0.3281580 0.3658261 0.2004506 0.3662595 0.4397487 0.4236627 0.3333383 0.3282389 
n296_297   0.0850082 0.3333529 0.0000000 0.3271835 0.0202830 0.3880227 0.0134472 0.2655028 0.0626971 0.3379234 0.3265965 0.3380927 0.3440465 0.0700766 0.3548027 0.3435273 0.0627386 0.2804393 0.0737797 0.4243478 0.4106422 0.1863836 0.3378724 
n277_278   0.3012613 0.3070348 0.3271835 0.0000000 0.3163537 0.4053806 0.3270771 0.2707501 0.3372933 0.0592035 0.0272449 0.0519612 0.3173498 0.3268783 0.0628812 0.0591844 0.3266929 0.2759484 0.3217544 0.4316191 0.4282136 0.3056895 0.0665372 
n290_291   0.0812539 0.3329272 0.0202830 0.3163537 0.0000000 0.3818337 0.0202784 0.2603703 0.0590158 0.3269245 0.3213124 0.3270872 0.3436033 0.0627029 0.3435240 0.3324359 0.0554465 0.2751835 0.0663630 0.4237641 0.3984638 0.1775981 0.3268752 
n255_256   0.3377131 0.3889251 0.3880227 0.4053806 0.3818337 0.0000000 0.3878898 0.4057139 0.4419410 0.4054721 0.4234762 0.3997573 0.4004611 0.4365438 0.4117250 0.4115449 0.4361593 0.4240026 0.4367163 0.2756470 0.0517780 0.3934252 0.4054108 
n295_296   0.0849873 0.3439288 0.0134472 0.3270771 0.0202784 0.3878898 0.0000000 0.2702478 0.0626823 0.3378124 0.3264905 0.3379816 0.3547713 0.0700599 0.3546844 0.3434139 0.0627237 0.2852795 0.0737619 0.4296858 0.4104994 0.1863314 0.3377614 
n286_287   0.2460877 0.1871119 0.2655028 0.2707501 0.2603703 0.4057139 0.2702478 0.0000000 0.2951523 0.2906723 0.2855822 0.2908139 0.1958313 0.2905111 0.3013362 0.3009564 0.2903487 0.0100685 0.2906794 0.4504790 0.4230378 0.2902509 0.2857065 
n298_299   0.1197646 0.3711203 0.0626971 0.3372933 0.0590158 0.4419410 0.0626823 0.2951523 0.0000000 0.3481715 0.3317532 0.3483469 0.3823614 0.0202715 0.3597903 0.3538517 0.0134478 0.3107314 0.0237111 0.4614457 0.4537752 0.2083124 0.3481191 
n299_300   0.3116229 0.3282885 0.3379234 0.0592035 0.3269245 0.4054721 0.3378124 0.2906723 0.3481715 0.0000000 0.0664729 0.0067063 0.3282885 0.3376053 0.0237803 0.0203160 0.3374130 0.3061732 0.3324093 0.4570877 0.4344400 0.3160979 0.0067083 
n278_279   0.3010592 0.3226072 0.3265965 0.0272449 0.3213124 0.4234762 0.3264905 0.2855822 0.3317532 0.0664729 0.0000000 0.0628040 0.3331417 0.3214180 0.0738973 0.0701348 0.3212361 0.2909002 0.3163322 0.4444588 0.4470572 0.3057937 0.0738826 
n292_293   0.3117767 0.3176047 0.3380927 0.0519612 0.3270872 0.3997573 0.3379816 0.2908139 0.3483469 0.0067063 0.0628040 0.0000000 0.3176047 0.3377744 0.0168995 0.0134754 0.3375819 0.3063238 0.3325753 0.4509541 0.4285184 0.3162541 0.0134830 
n265_266   0.3016399 0.0067118 0.3440465 0.3173498 0.3436033 0.4004611 0.3547713 0.1958313 0.3823614 0.3282885 0.3331417 0.3176047 0.0000000 0.3772121 0.3232330 0.3281580 0.3769937 0.2048854 0.3774425 0.4458292 0.4357370 0.3440308 0.3282389 
n293_294   0.1080809 0.3660373 0.0700766 0.3268783 0.0627029 0.4365438 0.0700599 0.2905111 0.0202715 0.3376053 0.3214180 0.3377744 0.3772121 0.0000000 0.3490485 0.3432024 0.0134533 0.3060033 0.0033408 0.4622212 0.4544230 0.1953222 0.3375544 
n280_281   0.3278750 0.3232330 0.3548027 0.0628812 0.3435240 0.4117250 0.3546844 0.3013362 0.3597903 0.0237803 0.0738973 0.0168995 0.3232330 0.3490485 0.0000000 0.0237728 0.3488486 0.3170954 0.3437687 0.4512901 0.4409478 0.3324287 0.0307382 
n274_275   0.3118578 0.3281580 0.3435273 0.0591844 0.3324359 0.4115449 0.3434139 0.3009564 0.3538517 0.0203160 0.0701348 0.0134754 0.3281580 0.3432024 0.0237728 0.0000000 0.3430064 0.3166914 0.3379667 0.4636407 0.4407516 0.3163372 0.0272323 
n275_276   0.1159127 0.3658261 0.0627386 0.3266929 0.0554465 0.4361593 0.0627237 0.2903487 0.0134478 0.3374130 0.3212361 0.3375819 0.3769937 0.0134533 0.3488486 0.3430064 0.0000000 0.3058311 0.0168585 0.4426113 0.4540189 0.2040133 0.3373621 
n285_286   0.2606048 0.2004506 0.2804393 0.2759484 0.2751835 0.4240026 0.2852795 0.0100685 0.3107314 0.3061732 0.2909002 0.3063238 0.2048854 0.3060033 0.3170954 0.3166914 0.3058311 0.0000000 0.3061822 0.4630961 0.4357795 0.3057281 0.3011007 
n294_295   0.1081155 0.3662595 0.0737797 0.3217544 0.0663630 0.4367163 0.0737619 0.2906794 0.0237111 0.3324093 0.3163322 0.3325753 0.3774425 0.0033408 0.3437687 0.3379667 0.0168585 0.3061822 0.0000000 0.4624071 0.4546045 0.1953880 0.3323592 
n244_245   0.3889501 0.4397487 0.4243478 0.4316191 0.4237641 0.2756470 0.4296858 0.4504790 0.4614457 0.4570877 0.4444588 0.4509541 0.4458292 0.4622212 0.4512901 0.4636407 0.4426113 0.4630961 0.4624071 0.0000000 0.2853464 0.4428983 0.4570178 
n251_252   0.3589653 0.4236627 0.4106422 0.4282136 0.3984638 0.0517780 0.4104994 0.4230378 0.4537752 0.4344400 0.4470572 0.4285184 0.4357370 0.4544230 0.4409478 0.4407516 0.4540189 0.4357795 0.4546045 0.2853464 0.0000000 0.3985547 0.4343742 
n200_201   0.1482469 0.3333383 0.1863836 0.3056895 0.1775981 0.3934252 0.1863314 0.2902509 0.2083124 0.3160979 0.3057937 0.3162541 0.3440308 0.1953222 0.3324287 0.3163372 0.2040133 0.3057281 0.1953880 0.4428983 0.3985547 0.0000000 0.3057852 
n300_301   0.3167519 0.3282389 0.3378724 0.0665372 0.3268752 0.4054108 0.3377614 0.2857065 0.3481191 0.0067083 0.0738826 0.0134830 0.3282389 0.3375544 0.0307382 0.0272323 0.3373621 0.3011007 0.3323592 0.4570178 0.4343742 0.3057852 0.0000000 
