25
n287_292   0.0000000 0.2668921 0.2826555 0.2823916 0.0067047 0.2815568 0.0851710 0.1526911 0.3438525 0.2775560 0.0377226 0.3851040 0.0448403 0.3623526 0.2569715 0.0033432 0.0272319 0.2825958 0.0377044 0.3678742 0.3116178 0.2778488 0.0272273 0.2867330 0.0377064 
n277_282   0.2668921 0.0000000 0.0702841 0.0777385 0.2768121 0.2912037 0.3115054 0.3382747 0.3218354 0.0665802 0.2866259 0.4319990 0.2970774 0.3914251 0.0100467 0.2717386 0.2864955 0.0665824 0.2813486 0.3851451 0.2957045 0.0703090 0.2864651 0.2964493 0.2864829 
n299_304   0.2826555 0.0702841 0.0000000 0.0135270 0.2928238 0.3239188 0.3071797 0.3506764 0.3561929 0.0033556 0.2977024 0.4470046 0.3083522 0.4051914 0.0665925 0.2876177 0.3030547 0.0169388 0.2923239 0.4050257 0.3286821 0.0169543 0.3030240 0.3294410 0.2975525 
n292_297   0.2823916 0.0777385 0.0135270 0.0000000 0.2925488 0.3236093 0.3068898 0.3503367 0.3558466 0.0101182 0.3027645 0.4407155 0.3134925 0.3930354 0.0740061 0.2873485 0.3027685 0.0238372 0.2973461 0.3928723 0.3283677 0.0238601 0.3027379 0.3291251 0.3026116 
n290_295   0.0067047 0.2768121 0.2928238 0.2925488 0.0000000 0.2916782 0.0851991 0.1527434 0.3548848 0.2876487 0.0377346 0.3968293 0.0448557 0.3737129 0.2667488 0.0033443 0.0272405 0.2927600 0.0377164 0.3793252 0.3221578 0.2879537 0.0272360 0.2969317 0.0377184 
n285_290   0.2815568 0.2912037 0.3239188 0.3236093 0.2916782 0.0000000 0.3108939 0.3375279 0.1737757 0.3185071 0.3067228 0.4132521 0.3174809 0.4084225 0.2809456 0.2864965 0.3068401 0.3184787 0.3012886 0.3957581 0.1484229 0.3240204 0.3068095 0.0100592 0.3065680 
n236_239   0.0851710 0.3115054 0.3071797 0.3068898 0.0851991 0.3108939 0.0000000 0.1401207 0.3698653 0.3019115 0.0852327 0.3946442 0.0929027 0.3885812 0.3009568 0.0814062 0.0853136 0.2964959 0.0776418 0.3942917 0.3421069 0.2970421 0.0853001 0.3162785 0.0851949 
n200_203   0.1526911 0.3382747 0.3506764 0.3503367 0.1527434 0.3375279 0.1401207 0.0000000 0.4487476 0.3450597 0.1487168 0.4373861 0.1571824 0.4444674 0.3273107 0.1485402 0.1529599 0.3450240 0.1403451 0.4570942 0.4115931 0.3286649 0.1529381 0.3431269 0.1486484 
n265_270   0.3438525 0.3218354 0.3561929 0.3558466 0.3548848 0.1737757 0.3698653 0.4487476 0.0000000 0.3505291 0.3712363 0.4889738 0.3830516 0.4457353 0.3215297 0.3492132 0.3774180 0.3451162 0.3652652 0.4323658 0.0202205 0.3563013 0.3773893 0.1781662 0.3710419 
n300_305   0.2775560 0.0665802 0.0033556 0.0101182 0.2876487 0.3185071 0.3019115 0.3450597 0.3505291 0.0000000 0.2978002 0.4405434 0.3084542 0.3990872 0.0629091 0.2824831 0.2978040 0.0135148 0.2924196 0.3989228 0.3232406 0.0135271 0.2977734 0.3239845 0.2976502 
n293_298   0.0377226 0.2866259 0.2977024 0.3027645 0.0377346 0.3067228 0.0852327 0.1487168 0.3712363 0.2978002 0.0000000 0.4083775 0.0067129 0.3615695 0.2764272 0.0342076 0.0377832 0.2977770 0.0134805 0.3786595 0.3378017 0.2929434 0.0377769 0.3120874 0.0067084 
n244_247   0.3851040 0.4319990 0.4470046 0.4407155 0.3968293 0.4132521 0.3946442 0.4373861 0.4889738 0.4405434 0.4083775 0.0000000 0.4208987 0.3618581 0.4197202 0.3907847 0.4146654 0.4467201 0.3960970 0.3392684 0.4624193 0.4476516 0.4146394 0.4131731 0.4081580 
n294_299   0.0448403 0.2970774 0.3083522 0.3134925 0.0448557 0.3174809 0.0929027 0.1571824 0.3830516 0.3084542 0.0067129 0.4208987 0.0000000 0.3732528 0.2867167 0.0412867 0.0449143 0.3084284 0.0203353 0.3906454 0.3490452 0.3035279 0.0449068 0.3229345 0.0134922 
n251_256   0.3623526 0.3914251 0.4051914 0.3930354 0.3737129 0.4084225 0.3885812 0.4444674 0.4457353 0.3990872 0.3615695 0.3618581 0.3732528 0.0000000 0.3741810 0.3678657 0.3676934 0.4108760 0.3727867 0.0590687 0.4144666 0.4057739 0.3676642 0.4088122 0.3728637 
n278_283   0.2569715 0.0100467 0.0665925 0.0740061 0.2667488 0.2809456 0.3009568 0.3273107 0.3215297 0.0629091 0.2764272 0.4197202 0.2867167 0.3741810 0.0000000 0.2617517 0.2814649 0.0629113 0.2712328 0.3736027 0.2954279 0.0666161 0.2814347 0.2861104 0.2762901 
n289_294   0.0033432 0.2717386 0.2876177 0.2873485 0.0033443 0.2864965 0.0814062 0.1485402 0.3492132 0.2824831 0.0342076 0.3907847 0.0412867 0.3678657 0.2617517 0.0000000 0.0237691 0.2875560 0.0341911 0.3734291 0.3167510 0.2827817 0.0237651 0.2917086 0.0341929 
n296_301   0.0272319 0.2864955 0.3030547 0.3027685 0.0272405 0.3068401 0.0853136 0.1529599 0.3774180 0.2978040 0.0377832 0.4146654 0.0449143 0.3676934 0.2814649 0.0237691 0.0000000 0.3029865 0.0377650 0.3734456 0.3436671 0.2981214 0.0067068 0.3122075 0.0377670 
n280_285   0.2825958 0.0665824 0.0169388 0.0238372 0.2927600 0.3184787 0.2964959 0.3450240 0.3451162 0.0135148 0.2977770 0.4467201 0.3084284 0.4108760 0.0629113 0.2875560 0.3029865 0.0000000 0.2923976 0.4107094 0.3180277 0.0169448 0.3029558 0.3239547 0.2976270 
n298_303   0.0377044 0.2813486 0.2923239 0.2973461 0.0377164 0.3012886 0.0776418 0.1403451 0.3652652 0.2924196 0.0134805 0.3960970 0.0203353 0.3727867 0.2712328 0.0341911 0.0377650 0.2923976 0.0000000 0.3783821 0.3321203 0.2825046 0.0377587 0.3066079 0.0134748 
n255_260   0.3678742 0.3851451 0.4050257 0.3928723 0.3793252 0.3957581 0.3942917 0.4570942 0.4323658 0.3989228 0.3786595 0.3392684 0.3906454 0.0590687 0.3736027 0.3734291 0.3734456 0.4107094 0.3783821 0.0000000 0.4016896 0.4056080 0.3734166 0.3961345 0.3784597 
n266_271   0.3116178 0.2957045 0.3286821 0.3283677 0.3221578 0.1484229 0.3421069 0.4115931 0.0202205 0.3232406 0.3378017 0.4624193 0.3490452 0.4144666 0.2954279 0.3167510 0.3436671 0.3180277 0.3321203 0.4016896 0.0000000 0.3287847 0.3436370 0.1526453 0.3376284 
n274_279   0.2778488 0.0703090 0.0169543 0.0238601 0.2879537 0.3240204 0.2970421 0.3286649 0.3563013 0.0135271 0.2929434 0.4476516 0.3035279 0.4057739 0.0666161 0.2827817 0.2981214 0.0169448 0.2825046 0.4056080 0.3287847 0.0000000 0.2980908 0.3295439 0.2927962 
n295_300   0.0272273 0.2864651 0.3030240 0.3027379 0.0272360 0.3068095 0.0853001 0.1529381 0.3773893 0.2977734 0.0377769 0.4146394 0.0449068 0.3676642 0.2814347 0.0237651 0.0067068 0.3029558 0.0377587 0.3734166 0.3436370 0.2980908 0.0000000 0.3121769 0.0377607 
n286_291   0.2867330 0.2964493 0.3294410 0.3291251 0.2969317 0.0100592 0.3162785 0.3431269 0.1781662 0.3239845 0.3120874 0.4131731 0.3229345 0.4088122 0.2861104 0.2917086 0.3122075 0.3239547 0.3066079 0.3961345 0.1526453 0.3295439 0.3121769 0.0000000 0.3119294 
n275_280   0.0377064 0.2864829 0.2975525 0.3026116 0.0377184 0.3065680 0.0851949 0.1486484 0.3710419 0.2976502 0.0067084 0.4081580 0.0134922 0.3728637 0.2762901 0.0341929 0.0377670 0.2976270 0.0134748 0.3784597 0.3376284 0.2927962 0.0377607 0.3119294 0.0000000 
