25
n236_237   0.0000000 0.3134112 0.0665189 0.2770171 0.0887839 0.3715351 0.2774903 0.0702353 0.2722763 0.0926941 0.2819862 0.2724010 0.2770371 0.0850446 0.0814050 0.2821273 0.2770314 0.0775496 0.2673407 0.0776010 0.0702637 0.3714444 0.3827341 0.1572551 0.2773421 
n266_267   0.3134112 0.0000000 0.2877831 0.2879045 0.3025356 0.4028228 0.1539746 0.3036199 0.2935022 0.2976081 0.2983388 0.2989917 0.0343009 0.2874918 0.3086394 0.3142495 0.2983978 0.3135035 0.1455066 0.3031642 0.3087631 0.4335677 0.4028840 0.3261678 0.2987397 
n296_297   0.0665189 0.2877831 0.0000000 0.2529093 0.0202581 0.3716438 0.2682263 0.0307714 0.2483026 0.0237210 0.2577226 0.2484161 0.2827183 0.0168477 0.0413383 0.2483542 0.2529242 0.0377446 0.2581916 0.0377686 0.0342719 0.3834840 0.3889125 0.1488649 0.2532024 
n277_278   0.2770171 0.2879045 0.2529093 0.0000000 0.2719243 0.3565222 0.2829130 0.2579056 0.0702447 0.2671920 0.0100842 0.0740299 0.2875920 0.2671212 0.2672240 0.0851797 0.0739048 0.2672328 0.2726706 0.2674440 0.2627353 0.4282005 0.3630450 0.3136030 0.0739737 
n290_291   0.0887839 0.3025356 0.0202581 0.2719243 0.0000000 0.3941361 0.2826305 0.0519951 0.2672139 0.0168559 0.2768582 0.2673362 0.2973721 0.0100566 0.0628746 0.2772907 0.2719387 0.0591438 0.2723997 0.0591833 0.0555966 0.4006710 0.4119347 0.1571358 0.2722424 
n255_256   0.3715351 0.4028228 0.3716438 0.3565222 0.3941361 0.0000000 0.3916688 0.3775979 0.3508212 0.4005050 0.3620677 0.3629889 0.3957699 0.3885129 0.3711246 0.3623961 0.3622360 0.3771546 0.3971107 0.3772107 0.3832483 0.3119409 0.0307687 0.4019171 0.3564894 
n286_287   0.2774903 0.1539746 0.2682263 0.2829130 0.2826305 0.3916688 0.0000000 0.2730782 0.2733214 0.2880449 0.2829723 0.2786436 0.1454807 0.2679564 0.2779037 0.2934947 0.2780976 0.2825943 0.0067050 0.2726775 0.2780140 0.4410097 0.3974617 0.3203634 0.2784108 
n298_299   0.0702353 0.3036199 0.0307714 0.2579056 0.0519951 0.3775979 0.2730782 0.0000000 0.2532675 0.0556709 0.2627551 0.2533833 0.2876577 0.0484264 0.0168778 0.2533208 0.2579205 0.0134508 0.2629751 0.0134592 0.0033373 0.3830525 0.3950222 0.1572838 0.2582055 
n299_300   0.2722763 0.2935022 0.2483026 0.0702447 0.2672139 0.3508212 0.2733214 0.2532675 0.0000000 0.2724936 0.0739437 0.0100881 0.2828855 0.2624374 0.2679007 0.0203025 0.0100718 0.2578375 0.2632076 0.2627539 0.2580700 0.4162747 0.3671257 0.3303048 0.0033425 
n287_288   0.0926941 0.2976081 0.0237210 0.2671920 0.0168559 0.4005050 0.2880449 0.0556709 0.2724936 0.0000000 0.2822135 0.2726185 0.3029013 0.0134576 0.0666205 0.2826567 0.2772535 0.0628613 0.2777256 0.0629025 0.0592951 0.4130156 0.4184706 0.1613146 0.2775648 
n278_279   0.2819862 0.2983388 0.2577226 0.0100842 0.2768582 0.3620677 0.2829723 0.2627551 0.0739437 0.2822135 0.0000000 0.0777525 0.2876526 0.2720242 0.2721291 0.0889573 0.0776208 0.2721379 0.2727272 0.2723538 0.2676162 0.4343319 0.3686493 0.3188398 0.0776934 
n292_293   0.2724010 0.2989917 0.2484161 0.0740299 0.2673362 0.3629889 0.2786436 0.2533833 0.0100881 0.2726185 0.0777525 0.0000000 0.2882783 0.2625575 0.2680235 0.0237699 0.0134761 0.2579555 0.2684432 0.2628742 0.2581881 0.4232953 0.3795911 0.3361172 0.0134879 
n265_266   0.2770371 0.0343009 0.2827183 0.2875920 0.2973721 0.3957699 0.1454807 0.2876577 0.2828855 0.3029013 0.2876526 0.2882783 0.0000000 0.2824326 0.3029949 0.3032972 0.2877106 0.2973315 0.1371265 0.2975727 0.2926833 0.4209171 0.3958299 0.3199967 0.2880368 
n289_290   0.0850446 0.2874918 0.0168477 0.2671212 0.0100566 0.3885129 0.2679564 0.0484264 0.2624374 0.0134576 0.2720242 0.2625575 0.2824326 0.0000000 0.0592546 0.2724475 0.2671358 0.0555463 0.2579328 0.0555834 0.0520114 0.4007934 0.4061789 0.1613398 0.2674329 
n293_294   0.0814050 0.3086394 0.0413383 0.2672240 0.0628746 0.3711246 0.2779037 0.0168778 0.2679007 0.0666205 0.2721291 0.2680235 0.3029949 0.0592546 0.0000000 0.2679591 0.2726390 0.0168632 0.2677348 0.0033394 0.0203007 0.4010982 0.3948408 0.1699832 0.2729442 
n280_281   0.2821273 0.3142495 0.2483542 0.0851797 0.2772907 0.3623961 0.2934947 0.2533208 0.0203025 0.2826567 0.0889573 0.0237699 0.3032972 0.2724475 0.2679591 0.0000000 0.0237312 0.2578923 0.2830824 0.2628104 0.2581249 0.4110695 0.3789693 0.3355709 0.0237523 
n274_275   0.2770314 0.2983978 0.2529242 0.0739048 0.2719387 0.3622360 0.2780976 0.2579205 0.0100718 0.2772535 0.0776208 0.0134761 0.2877106 0.2671358 0.2726390 0.0237312 0.0000000 0.2625129 0.2679213 0.2674586 0.2627500 0.4288490 0.3787953 0.3354316 0.0134661 
n275_276   0.0775496 0.3135035 0.0377446 0.2672328 0.0591438 0.3771546 0.2825943 0.0134508 0.2578375 0.0628613 0.2721379 0.2579555 0.2973315 0.0555463 0.0168632 0.2578923 0.2625129 0.0000000 0.2723663 0.0134476 0.0168526 0.3890900 0.4005716 0.1654677 0.2628039 
n285_286   0.2673407 0.1455066 0.2581916 0.2726706 0.2723997 0.3971107 0.0067050 0.2629751 0.2632076 0.2777256 0.2727272 0.2684432 0.1371265 0.2579328 0.2677348 0.2830824 0.2679213 0.2723663 0.0000000 0.2625923 0.2678407 0.4281718 0.4029417 0.3202528 0.2682201 
n294_295   0.0776010 0.3031642 0.0377686 0.2674440 0.0591833 0.3772107 0.2726775 0.0134592 0.2627539 0.0629025 0.2723538 0.2628742 0.2975727 0.0555834 0.0033394 0.2628104 0.2674586 0.0134476 0.2625923 0.0000000 0.0168632 0.4008649 0.3946125 0.1655865 0.2677564 
n297_298   0.0702637 0.3087631 0.0342719 0.2627353 0.0555966 0.3832483 0.2780140 0.0033373 0.2580700 0.0592951 0.2676162 0.2581881 0.2926833 0.0520114 0.0203007 0.2581249 0.2627500 0.0168526 0.2678407 0.0168632 0.0000000 0.3833866 0.4008044 0.1531683 0.2630416 
n244_245   0.3714444 0.4335677 0.3834840 0.4282005 0.4006710 0.3119409 0.4410097 0.3830525 0.4162747 0.4130156 0.4343319 0.4232953 0.4209171 0.4007934 0.4010982 0.4110695 0.4288490 0.3890900 0.4281718 0.4008649 0.3833866 0.0000000 0.3283087 0.4154683 0.4225137 
n251_252   0.3827341 0.4028840 0.3889125 0.3630450 0.4119347 0.0307687 0.3974617 0.3950222 0.3671257 0.4184706 0.3686493 0.3795911 0.3958299 0.4061789 0.3948408 0.3789693 0.3787953 0.4005716 0.4029417 0.3946125 0.4008044 0.3283087 0.0000000 0.4081644 0.3729194 
n200_201   0.1572551 0.3261678 0.1488649 0.3136030 0.1571358 0.4019171 0.3203634 0.1572838 0.3303048 0.1613146 0.3188398 0.3361172 0.3199967 0.1613398 0.1699832 0.3355709 0.3354316 0.1654677 0.3202528 0.1655865 0.1531683 0.4154683 0.4081644 0.0000000 0.3358289 
n300_301   0.2773421 0.2987397 0.2532024 0.0739737 0.2722424 0.3564894 0.2784108 0.2582055 0.0033425 0.2775648 0.0776934 0.0134879 0.2880368 0.2674329 0.2729442 0.0237523 0.0134661 0.2628039 0.2682201 0.2677564 0.2630416 0.4225137 0.3729194 0.3358289 0.0000000 
