26
n287_306   0.0000000 0.0521813 0.0101071 0.0594574 0.0135051 0.0969983 0.1834421 0.0521879 0.0485834 0.4212495 0.3015980 0.0308016 0.4273576 0.3069128 0.3067377 0.0594261 0.4402044 0.3083834 0.3140359 0.2970443 0.2915803 0.3415315 0.2865902 0.5097456 0.3964778 0.3418873 
n293_312   0.0521813 0.0000000 0.0414223 0.0203889 0.0449743 0.0970690 0.1793330 0.0067274 0.0033555 0.4406024 0.3016129 0.0558389 0.4473380 0.3069279 0.3067528 0.0203783 0.4605895 0.3031636 0.3087697 0.2970589 0.2915947 0.3249426 0.2766476 0.4765992 0.4151185 0.3252788 
n289_308   0.0101071 0.0414223 0.0000000 0.0485833 0.0033513 0.0855196 0.1704443 0.0414275 0.0378787 0.4152743 0.2963242 0.0203788 0.4213334 0.3015962 0.3014243 0.0485578 0.4340735 0.2928703 0.2983864 0.2917980 0.2863801 0.3361029 0.2715823 0.4892562 0.3906999 0.3364517 
n297_316   0.0594574 0.0203889 0.0485833 0.0000000 0.0521708 0.1048500 0.1881206 0.0169527 0.0169507 0.4472880 0.3067198 0.0631587 0.4536357 0.3120729 0.3118949 0.0135152 0.4670030 0.3086136 0.3142711 0.3021419 0.2966361 0.3359945 0.2816280 0.4899864 0.4215529 0.3363430 
n290_309   0.0135051 0.0449743 0.0033513 0.0521708 0.0000000 0.0855095 0.1746855 0.0449800 0.0414141 0.4092720 0.2912374 0.0238271 0.4152813 0.2964709 0.2963019 0.0521434 0.4279128 0.2877879 0.2932602 0.2867356 0.2813596 0.3306950 0.2666619 0.4825948 0.3848996 0.3310379 
n236_249   0.0969983 0.0970690 0.0855196 0.1048500 0.0855095 0.0000000 0.2014301 0.0970806 0.0932322 0.4542410 0.3015614 0.0970216 0.4606602 0.3068765 0.3067014 0.1047945 0.4741831 0.3189938 0.3302822 0.2970073 0.2915430 0.3416147 0.2868164 0.5102922 0.4279089 0.3365590 
n200_205   0.1834421 0.1793330 0.1704443 0.1881206 0.1746855 0.2014301 0.0000000 0.1793519 0.1750186 0.4726011 0.3282151 0.1791899 0.4669803 0.3286498 0.3335503 0.1880199 0.4744571 0.3138340 0.3305948 0.3343024 0.3178334 0.3527155 0.3129498 0.5243471 0.4456650 0.3530828 
n275_294   0.0521879 0.0067274 0.0414275 0.0169527 0.0449800 0.0970806 0.1793519 0.0000000 0.0033559 0.4473361 0.3016351 0.0558459 0.4473454 0.3069499 0.3067748 0.0169439 0.4605941 0.3086521 0.3143103 0.2970812 0.2916170 0.3306259 0.2766701 0.4902955 0.4216002 0.3309685 
n294_313   0.0485834 0.0033555 0.0378787 0.0169507 0.0414141 0.0932322 0.1750186 0.0033559 0.0000000 0.4410610 0.2965093 0.0522203 0.4410683 0.3017850 0.3016129 0.0169420 0.4542007 0.3034554 0.3090681 0.2919802 0.2865585 0.3252597 0.2717138 0.4836164 0.4155438 0.3255965 
n255_272   0.4212495 0.4406024 0.4152743 0.4472880 0.4092720 0.4542410 0.4726011 0.4473361 0.4410610 0.0000000 0.3899292 0.4272349 0.1199926 0.3959735 0.3957475 0.4344194 0.1280722 0.4026612 0.4095536 0.4028434 0.3900617 0.4470964 0.4018808 0.3860040 0.0410803 0.4352014 
n299_318   0.3015980 0.3016129 0.2963242 0.3067198 0.2912374 0.3015614 0.3282151 0.3016351 0.2965093 0.3899292 0.0000000 0.3010979 0.4196652 0.0033243 0.0033226 0.2910693 0.4137202 0.2414650 0.2371630 0.0236433 0.0066622 0.2972813 0.0589000 0.4474677 0.3831090 0.3027972 
n295_314   0.0308016 0.0558389 0.0203788 0.0631587 0.0238271 0.0970216 0.1791899 0.0558459 0.0522203 0.4272349 0.3010979 0.0000000 0.4144530 0.3064021 0.3062275 0.0631255 0.4270504 0.3083263 0.3139780 0.2965523 0.2910992 0.3525733 0.2762190 0.4954176 0.4022558 0.3529404 
n251_268   0.4273576 0.4473380 0.4213334 0.4536357 0.4152813 0.4606602 0.4669803 0.4473454 0.4410683 0.1199926 0.4196652 0.4144530 0.0000000 0.4259715 0.4257289 0.4406517 0.0482611 0.4268662 0.4276704 0.4206275 0.4198074 0.4662901 0.3954823 0.3980524 0.1118894 0.4541013 
n300_319   0.3069128 0.3069279 0.3015962 0.3120729 0.2964709 0.3068765 0.3286498 0.3069499 0.3017850 0.3959735 0.0033243 0.3064021 0.4259715 0.0000000 0.0066641 0.2962982 0.4078425 0.2463171 0.2419908 0.0270995 0.0100219 0.3025753 0.0625525 0.4540565 0.3890838 0.3081385 
n292_311   0.3067377 0.3067528 0.3014243 0.3118949 0.2963019 0.3067014 0.3335503 0.3067748 0.3016129 0.3957475 0.0033226 0.3062275 0.4257289 0.0066641 0.0000000 0.2961295 0.4197353 0.2461777 0.2418538 0.0270849 0.0100165 0.3024023 0.0625187 0.4537977 0.3888620 0.3079622 
n298_317   0.0594261 0.0203783 0.0485578 0.0135152 0.0521434 0.1047945 0.1880199 0.0169439 0.0169420 0.4344194 0.2910693 0.0631255 0.4406517 0.2962982 0.2961295 0.0000000 0.4537683 0.2928541 0.2983694 0.2865710 0.2811996 0.3358115 0.2764360 0.4826397 0.4091484 0.3361597 
n255_274   0.4402044 0.4605895 0.4340735 0.4670030 0.4279128 0.4741831 0.4744571 0.4605941 0.4542007 0.1280722 0.4137202 0.4270504 0.0482611 0.4078425 0.4197353 0.4537683 0.0000000 0.4523915 0.4598578 0.4146656 0.4138605 0.4865304 0.3897319 0.4289409 0.1198561 0.4807365 
n265_284   0.3083834 0.3031636 0.2928703 0.3086136 0.2877879 0.3189938 0.3138340 0.3086521 0.3034554 0.4026612 0.2414650 0.3083263 0.4268662 0.2463171 0.2461777 0.2928541 0.4523915 0.0000000 0.0237697 0.2467109 0.2415465 0.1410261 0.2467460 0.4411301 0.3728900 0.1411639 
n266_285   0.3140359 0.3087697 0.2983864 0.3142711 0.2932602 0.3302822 0.3305948 0.3143103 0.3090681 0.4095536 0.2371630 0.3139780 0.4276704 0.2419908 0.2418538 0.2983694 0.4598578 0.0237697 0.0000000 0.2423773 0.2372431 0.1538101 0.2424122 0.4547073 0.3794522 0.1539614 
n274_293   0.2970443 0.2970589 0.2917980 0.3021419 0.2867356 0.2970073 0.3343024 0.2970812 0.2919802 0.4028434 0.0236433 0.2965523 0.4206275 0.0270995 0.0270849 0.2865710 0.4146656 0.2467109 0.2423773 0.0000000 0.0236509 0.2978598 0.0626425 0.4617712 0.3958620 0.3033882 
n280_299   0.2915803 0.2915947 0.2863801 0.2966361 0.2813596 0.2915430 0.3178334 0.2916170 0.2865585 0.3900617 0.0066622 0.2910992 0.4198074 0.0100219 0.0100165 0.2811996 0.4138605 0.2415465 0.2372431 0.0236509 0.0000000 0.2973825 0.0589190 0.4476194 0.3832390 0.3029004 
n286_305   0.3415315 0.3249426 0.3361029 0.3359945 0.3306950 0.3416147 0.3527155 0.3306259 0.3252597 0.4470964 0.2972813 0.3525733 0.4662901 0.3025753 0.3024023 0.3358115 0.4865304 0.1410261 0.1538101 0.2978598 0.2973825 0.0000000 0.2874536 0.4881493 0.4208440 0.0134988 
n277_296   0.2865902 0.2766476 0.2715823 0.2816280 0.2666619 0.2868164 0.3129498 0.2766701 0.2717138 0.4018808 0.0589000 0.2762190 0.3954823 0.0625525 0.0625187 0.2764360 0.3897319 0.2467460 0.2424122 0.0626425 0.0589190 0.2874536 0.0000000 0.4420509 0.3837384 0.2928899 
n244_259   0.5097456 0.4765992 0.4892562 0.4899864 0.4825948 0.5102922 0.5243471 0.4902955 0.4836164 0.3860040 0.4474677 0.4954176 0.3980524 0.4540565 0.4537977 0.4826397 0.4289409 0.4411301 0.4547073 0.4617712 0.4476194 0.4881493 0.4420509 0.0000000 0.3792654 0.4824460 
n251_266   0.3964778 0.4151185 0.3906999 0.4215529 0.3848996 0.4279089 0.4456650 0.4216002 0.4155438 0.0410803 0.3831090 0.4022558 0.1118894 0.3890838 0.3888620 0.4091484 0.1198561 0.3728900 0.3794522 0.3958620 0.3832390 0.4208440 0.3837384 0.3792654 0.0000000 0.4093653 
n285_304   0.3418873 0.3252788 0.3364517 0.3363430 0.3310379 0.3365590 0.3530828 0.3309685 0.3255965 0.4352014 0.3027972 0.3529404 0.4541013 0.3081385 0.3079622 0.3361597 0.4807365 0.1411639 0.1539614 0.3033882 0.3029004 0.0134988 0.2928899 0.4824460 0.4093653 0.0000000 
