23
n236_237   0.0000000 0.3145668 0.0919182 0.3137929 0.0957602 0.4292047 0.0881938 0.3091198 0.0880761 0.3240857 0.0957112 0.3085872 0.3190243 0.2993804 0.0919255 0.0843369 0.3241093 0.0806330 0.3141133 0.0843604 0.4043086 0.4117100 0.1423031 
n266_267   0.3145668 0.0000000 0.3578501 0.2706934 0.3526793 0.3686109 0.3525959 0.1350394 0.3359060 0.2658798 0.3524947 0.2657792 0.2611704 0.0271816 0.3367032 0.3356658 0.2658938 0.3305337 0.1390244 0.3307731 0.3564607 0.3466664 0.2949200 
n296_297   0.0919182 0.3578501 0.0000000 0.3732948 0.0168766 0.4543005 0.0033438 0.3517622 0.0589261 0.3731399 0.0168681 0.3676150 0.3677363 0.3417143 0.0134620 0.0446598 0.3731741 0.0446395 0.3570572 0.0553370 0.4347676 0.4419270 0.1591762 
n277_278   0.3137929 0.2706934 0.3732948 0.0000000 0.3681076 0.3732474 0.3679476 0.2513039 0.3617063 0.0553356 0.3734050 0.0033408 0.0517594 0.2563546 0.3572114 0.3508461 0.0553354 0.3561524 0.2559352 0.3564144 0.3509945 0.3460762 0.2995262 
n290_291   0.0957602 0.3526793 0.0168766 0.3681076 0.0000000 0.4480826 0.0134748 0.3466412 0.0625872 0.3679553 0.0134717 0.3624667 0.3625850 0.3366494 0.0100796 0.0482436 0.3679883 0.0482216 0.3519021 0.0589787 0.4290920 0.4358196 0.1593662 
n255_256   0.4292047 0.3686109 0.4543005 0.3732474 0.4480826 0.0000000 0.4483651 0.3517158 0.4538819 0.3789136 0.4542649 0.3675673 0.3734656 0.3684163 0.4423315 0.4535051 0.3789492 0.4475784 0.3570101 0.4479277 0.3049414 0.0591269 0.4415144 
n295_296   0.0881938 0.3525959 0.0033438 0.3679476 0.0134748 0.4483651 0.0000000 0.3465589 0.0553457 0.3677954 0.0134680 0.3623092 0.3624274 0.3365687 0.0100768 0.0411410 0.3678283 0.0411223 0.3518190 0.0517721 0.4289983 0.4360892 0.1551135 
n286_287   0.3091198 0.1350394 0.3517622 0.2513039 0.3466412 0.3517158 0.3465589 0.0000000 0.3252354 0.2512996 0.3464600 0.2465313 0.2466849 0.1191598 0.3358052 0.3301488 0.2513117 0.3250569 0.0033408 0.3252913 0.3613858 0.3198609 0.3093505 
n298_299   0.0880761 0.3359060 0.0589261 0.3617063 0.0625872 0.4538819 0.0553457 0.3252354 0.0000000 0.3562052 0.0625554 0.3561281 0.3509252 0.3202604 0.0589311 0.0236779 0.3562353 0.0202504 0.3303452 0.0033389 0.4168250 0.4415243 0.1630599 
n299_300   0.3240857 0.2658798 0.3731399 0.0553356 0.3679553 0.3789136 0.3677954 0.2512996 0.3562052 0.0000000 0.3732500 0.0553407 0.0033391 0.2516343 0.3570644 0.3507028 0.0066926 0.3560065 0.2559312 0.3562674 0.3247813 0.3515285 0.2994681 
n287_288   0.0957112 0.3524947 0.0168681 0.3734050 0.0134717 0.4542649 0.0134680 0.3464600 0.0625554 0.3732500 0.0000000 0.3677228 0.3678442 0.3364730 0.0100745 0.0482192 0.3732842 0.0481973 0.3517183 0.0589488 0.4288714 0.4418929 0.1592839 
n278_279   0.3085872 0.2657792 0.3676150 0.0033408 0.3624667 0.3675673 0.3623092 0.2465313 0.3561281 0.0553407 0.3677228 0.0000000 0.0517642 0.2515403 0.3516558 0.3453542 0.0553405 0.3506189 0.2511317 0.3508751 0.3454989 0.3406117 0.2944152 
n292_293   0.3190243 0.2611704 0.3677363 0.0517594 0.3625850 0.3734656 0.3624274 0.2466849 0.3509252 0.0033391 0.3678442 0.0517642 0.0000000 0.2470116 0.3517680 0.3454625 0.0033391 0.3507302 0.2512895 0.3509863 0.3197091 0.3462705 0.2945582 
n265_266   0.2993804 0.0271816 0.3417143 0.2563546 0.3366494 0.3684163 0.3365687 0.1191598 0.3202604 0.2516343 0.3364730 0.2515403 0.2470116 0.0000000 0.3210099 0.3200357 0.2516464 0.3150038 0.1230620 0.3152297 0.3616664 0.3464842 0.2801171 
n289_290   0.0919255 0.3367032 0.0134620 0.3572114 0.0100796 0.4423315 0.0100768 0.3358052 0.0589311 0.3570644 0.0100745 0.3516558 0.3517680 0.3210099 0.0000000 0.0446637 0.3570949 0.0446434 0.3409884 0.0553418 0.4115257 0.4301543 0.1470450 
n293_294   0.0843369 0.3356658 0.0446598 0.3508461 0.0482436 0.4535051 0.0411410 0.3301488 0.0236779 0.3507028 0.0482192 0.3453542 0.3454625 0.3200357 0.0446637 0.0000000 0.3507317 0.0100564 0.3352875 0.0202521 0.4222716 0.4411643 0.1548956 
n280_281   0.3241093 0.2658938 0.3731741 0.0553354 0.3679883 0.3789492 0.3678283 0.2513117 0.3562353 0.0066926 0.3732842 0.0553405 0.0033391 0.2516464 0.3570949 0.3507317 0.0000000 0.3560367 0.2559438 0.3562976 0.3248050 0.3515578 0.2994873 
n275_276   0.0806330 0.3305337 0.0446395 0.3561524 0.0482216 0.4475784 0.0411223 0.3250569 0.0202504 0.3560065 0.0481973 0.3506189 0.3507302 0.3150038 0.0446434 0.0100564 0.3560367 0.0000000 0.3301634 0.0168395 0.4165841 0.4353284 0.1548243 
n285_286   0.3141133 0.1390244 0.3570572 0.2559352 0.3519021 0.3570101 0.3518190 0.0033408 0.3303452 0.2559312 0.3517183 0.2511317 0.2512895 0.1230620 0.3409884 0.3352875 0.2559438 0.3301634 0.0000000 0.3304022 0.3667330 0.3249318 0.3090823 
n297_298   0.0843604 0.3307731 0.0553370 0.3564144 0.0589787 0.4479277 0.0517721 0.3252913 0.0033389 0.3562674 0.0589488 0.3508751 0.3509863 0.3152297 0.0553418 0.0202521 0.3562976 0.0168395 0.3304022 0.0000000 0.4169013 0.4356658 0.1589607 
n244_245   0.4043086 0.3564607 0.4347676 0.3509945 0.4290920 0.3049414 0.4289983 0.3613858 0.4168250 0.3247813 0.4288714 0.3454989 0.3197091 0.3616664 0.4115257 0.4222716 0.3248050 0.4165841 0.3667330 0.4169013 0.0000000 0.2897572 0.3662867 
n251_252   0.4117100 0.3466664 0.4419270 0.3460762 0.4358196 0.0591269 0.4360892 0.3198609 0.4415243 0.3515285 0.4418929 0.3406117 0.3462705 0.3464842 0.4301543 0.4411643 0.3515578 0.4353284 0.3249318 0.4356658 0.2897572 0.0000000 0.4003001 
n200_201   0.1423031 0.2949200 0.1591762 0.2995262 0.1593662 0.4415144 0.1551135 0.3093505 0.1630599 0.2994681 0.1592839 0.2944152 0.2945582 0.2801171 0.1470450 0.1548956 0.2994873 0.1548243 0.3090823 0.1589607 0.3662867 0.4003001 0.0000000 
