24
n236_237   0.0000000 0.3374569 0.0736525 0.3019416 0.0961908 0.4408991 0.0773480 0.3478187 0.0482439 0.2867684 0.0848492 0.3019810 0.2818908 0.3425241 0.0848416 0.0554136 0.2917323 0.2818648 0.0518073 0.3478069 0.0589948 0.4520028 0.4168246 0.1637653 
n266_267   0.3374569 0.0000000 0.3482694 0.2385277 0.3595030 0.4705500 0.3536094 0.1270717 0.3216787 0.2430854 0.3539616 0.2385576 0.2338796 0.0168497 0.3539140 0.3270130 0.2430832 0.2385671 0.3268092 0.1310397 0.3214977 0.4891485 0.4516737 0.3161765 
n296_297   0.0736525 0.3482694 0.0000000 0.3071384 0.0554173 0.4594392 0.0100673 0.3697020 0.0376306 0.3018703 0.0446984 0.3071787 0.2968928 0.3534054 0.0446946 0.0411578 0.3069395 0.2968651 0.0376259 0.3752124 0.0446755 0.4772935 0.4347665 0.1637780 
n277_278   0.3019416 0.2385277 0.3071384 0.0000000 0.3331376 0.3937588 0.3122052 0.2573051 0.2722114 0.0447327 0.3226126 0.0067085 0.0376731 0.2525907 0.3225710 0.2820636 0.0447320 0.0412066 0.2818992 0.2620447 0.2769068 0.4465211 0.3766122 0.2818327 
n290_291   0.0961908 0.3595030 0.0554173 0.3331376 0.0000000 0.4854159 0.0590216 0.3868164 0.0590359 0.3276581 0.0237325 0.3331820 0.3225072 0.3702325 0.0168730 0.0590492 0.3329106 0.3224766 0.0590284 0.3924603 0.0626484 0.4904801 0.4598475 0.1892937 
n255_256   0.4408991 0.4705500 0.4594392 0.3937588 0.4854159 0.0000000 0.4656150 0.4964522 0.4467726 0.4049559 0.4984955 0.3994953 0.3991987 0.4835519 0.4919125 0.4531911 0.3992386 0.3991588 0.4528477 0.5029889 0.4464708 0.3375203 0.0446306 0.4281051 
n295_296   0.0773480 0.3536094 0.0100673 0.3122052 0.0590216 0.4656150 0.0000000 0.3751893 0.0411477 0.3068976 0.0482503 0.3122463 0.3018878 0.3587776 0.0482462 0.0446925 0.3120011 0.3018595 0.0411426 0.3807395 0.0482256 0.4772759 0.4407445 0.1679452 
n286_287   0.3478187 0.1270717 0.3697020 0.2573051 0.3868164 0.4964522 0.3751893 0.0000000 0.3370774 0.2667220 0.3755251 0.2573377 0.2572219 0.1349663 0.3754730 0.3372787 0.2667199 0.2620698 0.3423082 0.0033357 0.3316803 0.5438013 0.4769084 0.3108122 
n298_299   0.0482439 0.3216787 0.0376306 0.2722114 0.0590359 0.4467726 0.0411477 0.3370774 0.0000000 0.2672149 0.0482618 0.2722463 0.2624623 0.3266489 0.0482577 0.0134586 0.2720470 0.2624384 0.0100673 0.3423481 0.0168546 0.4519708 0.4225264 0.1512850 
n299_300   0.2867684 0.2430854 0.3018703 0.0447327 0.3276581 0.4049559 0.3068976 0.2667220 0.2672149 0.0000000 0.3172201 0.0447376 0.0067014 0.2619333 0.3171796 0.2769910 0.0134635 0.0100777 0.2768309 0.2715193 0.2718782 0.4464032 0.3764592 0.2670893 
n287_288   0.0848492 0.3539616 0.0446984 0.3226126 0.0237325 0.4984955 0.0482503 0.3755251 0.0482618 0.3172201 0.0000000 0.3226553 0.3121405 0.3646113 0.0134648 0.0482724 0.3223972 0.3121111 0.0482557 0.3810829 0.0518233 0.5036531 0.4724804 0.1850310 
n278_279   0.3019810 0.2385576 0.3071787 0.0067085 0.3331820 0.3994953 0.3122463 0.2573377 0.2722463 0.0447376 0.3226553 0.0000000 0.0376772 0.2572983 0.3226137 0.2821000 0.0447370 0.0412112 0.2819355 0.2620780 0.2769424 0.4465854 0.3766639 0.2818690 
n292_293   0.2818908 0.2338796 0.2968928 0.0376731 0.3225072 0.3991987 0.3018878 0.2572219 0.2624623 0.0067014 0.3121405 0.0376772 0.0000000 0.2524928 0.3121009 0.2721751 0.0067013 0.0033441 0.2720188 0.2619589 0.2670993 0.4403246 0.3709157 0.2623402 
n265_266   0.3425241 0.0168497 0.3534054 0.2525907 0.3702325 0.4835519 0.3587776 0.1349663 0.3266489 0.2619333 0.3646113 0.2572983 0.2524928 0.0000000 0.3645614 0.3372444 0.2619312 0.2573081 0.3318095 0.1389746 0.3316461 0.5020581 0.4768068 0.3211079 
n289_290   0.0848416 0.3539140 0.0446946 0.3225710 0.0168730 0.4919125 0.0482462 0.3754730 0.0482577 0.3171796 0.0134648 0.3226137 0.3121009 0.3645614 0.0000000 0.0482683 0.3223557 0.3120715 0.0482516 0.3810296 0.0518189 0.5035690 0.4599562 0.1850116 
n293_294   0.0554136 0.3270130 0.0411578 0.2820636 0.0590492 0.4531911 0.0446925 0.3372787 0.0134586 0.2769910 0.0482724 0.2821000 0.2721751 0.3372444 0.0482683 0.0000000 0.2818898 0.2721501 0.0100708 0.3425544 0.0100715 0.4584254 0.4287217 0.1554342 
n280_281   0.2917323 0.2430832 0.3069395 0.0447320 0.3329106 0.3992386 0.3120011 0.2667199 0.2720470 0.0134635 0.3223972 0.0447370 0.0067013 0.2619312 0.3223557 0.2818898 0.0000000 0.0100775 0.2817256 0.2715172 0.2767381 0.4283050 0.3599470 0.2719178 
n274_275   0.2818648 0.2385671 0.2968651 0.0412066 0.3224766 0.3991588 0.3018595 0.2620698 0.2624384 0.0100777 0.3121111 0.0412112 0.0033441 0.2573081 0.3120715 0.2721501 0.0100775 0.0000000 0.2719939 0.2668397 0.2670748 0.4402793 0.3708793 0.2623162 
n275_276   0.0518073 0.3268092 0.0376259 0.2818992 0.0590284 0.4528477 0.0411426 0.3423082 0.0100673 0.2768309 0.0482557 0.2819355 0.2720188 0.3318095 0.0482516 0.0100708 0.2817256 0.2719939 0.0000000 0.3476151 0.0134533 0.4580760 0.4284088 0.1512648 
n285_286   0.3478069 0.1310397 0.3752124 0.2620447 0.3924603 0.5029889 0.3807395 0.0033357 0.3423481 0.2715193 0.3810829 0.2620780 0.2619589 0.1389746 0.3810296 0.3425544 0.2715172 0.2668397 0.3476151 0.0000000 0.3369108 0.5369861 0.4832756 0.3158943 
n294_295   0.0589948 0.3214977 0.0446755 0.2769068 0.0626484 0.4464708 0.0482256 0.3316803 0.0168546 0.2718782 0.0518233 0.2769424 0.2670993 0.3316461 0.0518189 0.0100715 0.2767381 0.2670748 0.0134533 0.3369108 0.0000000 0.4516637 0.4222508 0.1512078 
n244_245   0.4520028 0.4891485 0.4772935 0.4465211 0.4904801 0.3375203 0.4772759 0.5438013 0.4519708 0.4464032 0.5036531 0.4465854 0.4403246 0.5020581 0.5035690 0.4584254 0.4283050 0.4402793 0.4580760 0.5369861 0.4516637 0.0000000 0.3167220 0.4340413 
n251_252   0.4168246 0.4516737 0.4347665 0.3766122 0.4598475 0.0446306 0.4407445 0.4769084 0.4225264 0.3764592 0.4724804 0.3766639 0.3709157 0.4768068 0.4599562 0.4287217 0.3599470 0.3708793 0.4284088 0.4832756 0.4222508 0.3167220 0.0000000 0.3985450 
n200_201   0.1637653 0.3161765 0.1637780 0.2818327 0.1892937 0.4281051 0.1679452 0.3108122 0.1512850 0.2670893 0.1850310 0.2818690 0.2623402 0.3211079 0.1850116 0.1554342 0.2719178 0.2623162 0.1512648 0.3158943 0.1512078 0.4340413 0.3985450 0.0000000 
