25
n294_297   0.0000000 0.4421916 0.0168771 0.3383478 0.3234901 0.3068859 0.0272138 0.0885214 0.2249281 0.0376836 0.0033446 0.3124246 0.3708149 0.0447270 0.3128968 0.3018724 0.0272330 0.3070993 0.3068447 0.0306866 0.4935112 0.0134653 0.3174715 0.3331369 0.0033458 
n251_254   0.4421916 0.0000000 0.4486077 0.4532382 0.4357869 0.4111554 0.4298003 0.4052504 0.5036715 0.4359232 0.4362506 0.4668259 0.3717017 0.4420832 0.4233962 0.4115102 0.4358078 0.4168939 0.4172628 0.4358078 0.0447345 0.4422666 0.4670665 0.4478599 0.4358531 
n298_301   0.0168771 0.4486077 0.0000000 0.3489098 0.3338687 0.3223386 0.0376929 0.0999191 0.2339560 0.0483161 0.0134737 0.3173215 0.3824042 0.0554593 0.3231224 0.3172207 0.0412161 0.3225646 0.3222949 0.0412161 0.4935379 0.0033460 0.3223983 0.3436276 0.0203074 
n277_280   0.3383478 0.4532382 0.3489098 0.0000000 0.2773124 0.0340806 0.3275458 0.3217798 0.4174424 0.3383961 0.3331710 0.2864040 0.3643516 0.3437733 0.2674074 0.0375760 0.3327652 0.0375690 0.0410800 0.3327652 0.4931605 0.3489499 0.2912698 0.0202822 0.3438127 
n286_289   0.3234901 0.4357869 0.3338687 0.2773124 0.0000000 0.2581589 0.2980077 0.3077020 0.3774201 0.3186062 0.3184004 0.1311813 0.3542178 0.3233970 0.0067031 0.2534531 0.3030397 0.2628579 0.2581254 0.3030397 0.4806954 0.3339067 0.1351490 0.2775399 0.3234461 
n274_277   0.3068859 0.4111554 0.3223386 0.0340806 0.2581589 0.0000000 0.2966319 0.2860354 0.3656718 0.3021669 0.3019201 0.2624723 0.3269861 0.3072830 0.2485143 0.0033360 0.3016356 0.0033354 0.0066858 0.3016356 0.4494123 0.3170403 0.2671925 0.0341041 0.3121094 
n287_290   0.0272138 0.4298003 0.0376929 0.3275458 0.2980077 0.2966319 0.0000000 0.0810978 0.2160983 0.0168883 0.0237621 0.3020262 0.3596069 0.0237429 0.2877845 0.2916881 0.0033430 0.2916634 0.2965924 0.0033430 0.4802136 0.0341720 0.3070018 0.3171141 0.0306994 
n236_239   0.0885214 0.4052504 0.0999191 0.3217798 0.3077020 0.2860354 0.0810978 0.0000000 0.2024560 0.0923641 0.0847894 0.3122506 0.3601944 0.0960655 0.2973519 0.2811701 0.0848320 0.2862317 0.2859977 0.0848320 0.4538605 0.0960690 0.3172929 0.3167633 0.0923301 
n200_203   0.2249281 0.5036715 0.2339560 0.4174424 0.3774201 0.3656718 0.2160983 0.2024560 0.0000000 0.2252990 0.2204684 0.3881961 0.4481326 0.2343157 0.3660011 0.3602465 0.2205870 0.3659344 0.3548293 0.2205870 0.5381398 0.2292860 0.4051385 0.4117633 0.2295722 
n296_299   0.0376836 0.4359232 0.0483161 0.3383961 0.3186062 0.3021669 0.0168883 0.0923641 0.2252990 0.0000000 0.0341851 0.3226822 0.3599497 0.0067036 0.3080779 0.2971803 0.0203124 0.2971549 0.3021265 0.0203124 0.4740935 0.0447403 0.3277967 0.3278029 0.0412232 
n275_278   0.0033446 0.4362506 0.0134737 0.3331710 0.3184004 0.3019201 0.0237621 0.0847894 0.2204684 0.0341851 0.0000000 0.3074171 0.3654146 0.0411981 0.3078799 0.2969383 0.0272195 0.3021296 0.3018798 0.0272195 0.4871558 0.0100782 0.3124322 0.3279940 0.0067071 
n266_269   0.3124246 0.4668259 0.3173215 0.2864040 0.1311813 0.2624723 0.3020262 0.3122506 0.3881961 0.3226822 0.3074171 0.0000000 0.3755527 0.3274823 0.1271820 0.2577466 0.3070715 0.2671907 0.2530282 0.3070715 0.5137552 0.3226671 0.0100629 0.2866401 0.3123825 
n244_247   0.3708149 0.3717017 0.3824042 0.3643516 0.3542178 0.3269861 0.3596069 0.3601944 0.4481326 0.3599497 0.3654146 0.3755527 0.0000000 0.3654899 0.3431854 0.3218436 0.3650584 0.3321144 0.3269417 0.3650584 0.4004993 0.3766332 0.3700354 0.3427292 0.3765360 
n295_298   0.0447270 0.4420832 0.0554593 0.3437733 0.3233970 0.3072830 0.0237429 0.0960655 0.2343157 0.0067036 0.0411981 0.3274823 0.3654899 0.0000000 0.3128076 0.3022620 0.0271975 0.3022359 0.3072418 0.0271975 0.4805897 0.0518476 0.3326243 0.3331021 0.0483018 
n285_288   0.3128968 0.4233962 0.3231224 0.2674074 0.0067031 0.2485143 0.2877845 0.2973519 0.3660011 0.3080779 0.3078799 0.1271820 0.3431854 0.3128076 0.0000000 0.2438713 0.2927443 0.2531514 0.2484823 0.2927443 0.4674887 0.3231589 0.1311284 0.2676251 0.3128545 
n299_302   0.3018724 0.4115102 0.3172207 0.0375760 0.2534531 0.0033360 0.2916881 0.2811701 0.3602465 0.2971803 0.2969383 0.2577466 0.3218436 0.3022620 0.2438713 0.0000000 0.2966592 0.0066858 0.0033356 0.2966592 0.4498102 0.3119597 0.2624382 0.0376019 0.3070597 
n290_293   0.0272330 0.4358078 0.0412161 0.3327652 0.3030397 0.3016356 0.0033430 0.0848320 0.2205870 0.0203124 0.0272195 0.3070715 0.3650584 0.0271975 0.2927443 0.2966592 0.0000000 0.2966339 0.3015953 0.0067011 0.4866471 0.0376771 0.3120799 0.3222603 0.0307210 
n280_283   0.3070993 0.4168939 0.3225646 0.0375690 0.2628579 0.0033354 0.2916634 0.2862317 0.3659344 0.2971549 0.3021296 0.2671907 0.3321144 0.3022359 0.2531514 0.0066858 0.2966339 0.0000000 0.0100495 0.2966339 0.4554645 0.3172619 0.2719390 0.0375949 0.3123271 
n292_295   0.3068447 0.4172628 0.3222949 0.0410800 0.2581254 0.0066858 0.2965924 0.2859977 0.3548293 0.3021265 0.3018798 0.2530282 0.3269417 0.3072418 0.2484823 0.0033356 0.3015953 0.0100495 0.0000000 0.3015953 0.4558798 0.3169975 0.2671576 0.0411085 0.3120674 
n289_292   0.0306866 0.4358078 0.0412161 0.3327652 0.3030397 0.3016356 0.0033430 0.0848320 0.2205870 0.0203124 0.0272195 0.3070715 0.3650584 0.0271975 0.2927443 0.2966592 0.0067011 0.2966339 0.3015953 0.0000000 0.4866471 0.0376771 0.3120799 0.3222603 0.0341899 
n255_258   0.4935112 0.0447345 0.4935379 0.4931605 0.4806954 0.4494123 0.4802136 0.4538605 0.5381398 0.4740935 0.4871558 0.5137552 0.4004993 0.4805897 0.4674887 0.4498102 0.4866471 0.4554645 0.4558798 0.4866471 0.0000000 0.4867883 0.5140272 0.4875251 0.4866996 
n297_300   0.0134653 0.4422666 0.0033460 0.3489499 0.3339067 0.3170403 0.0341720 0.0960690 0.2292860 0.0447403 0.0100782 0.3226671 0.3766332 0.0518476 0.3231589 0.3119597 0.0376771 0.3172619 0.3169975 0.0376771 0.4867883 0.0000000 0.3277816 0.3436669 0.0168771 
n265_268   0.3174715 0.4670665 0.3223983 0.2912698 0.1351490 0.2671925 0.3070018 0.3172929 0.4051385 0.3277967 0.3124322 0.0100629 0.3700354 0.3326243 0.1311284 0.2624382 0.3120799 0.2719390 0.2671576 0.3120799 0.5140272 0.3277816 0.0000000 0.2817380 0.3174286 
n278_281   0.3331369 0.4478599 0.3436276 0.0202822 0.2775399 0.0341041 0.3171141 0.3167633 0.4117633 0.3278029 0.3279940 0.2866401 0.3427292 0.3331021 0.2676251 0.0376019 0.3222603 0.0375949 0.0411085 0.3222603 0.4875251 0.3436669 0.2817380 0.0000000 0.3385629 
n293_296   0.0033458 0.4358531 0.0203074 0.3438127 0.3234461 0.3121094 0.0306994 0.0923301 0.2295722 0.0412232 0.0067071 0.3123825 0.3765360 0.0483018 0.3128545 0.3070597 0.0307210 0.3123271 0.3120674 0.0341899 0.4866996 0.0168771 0.3174286 0.3385629 0.0000000 
