22
n251_254   0.0000000 0.3776537 0.3786345 0.3950699 0.3283342 0.3829362 0.3871593 0.3439168 0.3840027 0.3234597 0.3737306 0.3265479 0.3790144 0.3442057 0.3491141 0.3390801 0.0341678 0.3897978 0.3671627 0.3388077 0.4014875 0.3339125 
n277_280   0.3776537 0.0000000 0.2999366 0.0662851 0.3197729 0.3407006 0.3555440 0.3352478 0.0590393 0.3048280 0.3056109 0.4362120 0.3002215 0.3146581 0.3404097 0.3097040 0.3832183 0.0626890 0.0168603 0.3094613 0.3104283 0.3043869 
n286_289   0.3786345 0.2999366 0.0000000 0.3104904 0.2892512 0.3196889 0.2989828 0.2992121 0.3102892 0.2741261 0.1036406 0.3831943 0.0066936 0.2745302 0.3041316 0.2698304 0.3838750 0.3155219 0.3048020 0.2742370 0.1269380 0.2647512 
n274_277   0.3950699 0.0662851 0.3104904 0.0000000 0.3154902 0.3363451 0.3728782 0.3309142 0.0066951 0.3005915 0.3162710 0.4257850 0.3107880 0.3103922 0.3360590 0.3054524 0.3784404 0.0100695 0.0735529 0.3052140 0.3211603 0.3001565 
n287_290   0.3283342 0.3197729 0.2892512 0.3154902 0.0000000 0.0810882 0.1797883 0.0237197 0.3152849 0.0482793 0.2657071 0.3742131 0.2895231 0.0341165 0.0271651 0.0306427 0.3339255 0.3205554 0.3247548 0.0341374 0.2946634 0.0341644 
n236_239   0.3829362 0.3407006 0.3196889 0.3363451 0.0810882 0.0000000 0.1932149 0.0923475 0.3361224 0.0848740 0.3157070 0.3923074 0.3199972 0.0736612 0.0961177 0.0700045 0.3890325 0.3415526 0.3458128 0.0736465 0.3361810 0.0699609 
n200_203   0.3871593 0.3555440 0.2989828 0.3728782 0.1797883 0.1932149 0.0000000 0.1799359 0.3726237 0.1840883 0.2849967 0.4130834 0.2992659 0.1713395 0.1841469 0.1672176 0.3932776 0.3783255 0.3607342 0.1630005 0.3046056 0.1672515 
n296_299   0.3439168 0.3352478 0.2992121 0.3309142 0.0237197 0.0923475 0.1799359 0.0000000 0.3306962 0.0590461 0.2754941 0.3801210 0.2994951 0.0446651 0.0033383 0.0411449 0.3496432 0.3360818 0.3403238 0.0446926 0.3048542 0.0447282 
n292_295   0.3840027 0.0590393 0.3102892 0.0066951 0.3152849 0.3361224 0.3726237 0.3306962 0.0000000 0.3003981 0.3160648 0.4254816 0.3105864 0.3101910 0.3358367 0.3052552 0.3781819 0.0033422 0.0662447 0.3050171 0.3209501 0.2999637 
n275_278   0.3234597 0.3048280 0.2741261 0.3005915 0.0482793 0.0848740 0.1840883 0.0590461 0.3003981 0.0000000 0.2604554 0.3743654 0.2743806 0.0306556 0.0626562 0.0271945 0.3398432 0.3055615 0.3097218 0.0271783 0.2794116 0.0271997 
n266_269   0.3737306 0.3056109 0.1036406 0.3162710 0.2657071 0.3157070 0.2849967 0.2754941 0.3160648 0.2604554 0.0000000 0.3897218 0.1037267 0.2654049 0.2802732 0.2607538 0.3789441 0.3213486 0.3052653 0.2605602 0.0271450 0.2608084 
n244_247   0.3265479 0.4362120 0.3831943 0.4257850 0.3742131 0.3923074 0.4130834 0.3801210 0.4254816 0.3743654 0.3897218 0.0000000 0.3835788 0.3735653 0.3856183 0.3682135 0.3166162 0.4316423 0.4240690 0.3738354 0.4175704 0.3687016 
n285_288   0.3790144 0.3002215 0.0066936 0.3107880 0.2895231 0.3199972 0.2992659 0.2994951 0.3105864 0.2743806 0.1037267 0.3835788 0.0000000 0.2747860 0.3044204 0.2700808 0.3842616 0.3158253 0.3050924 0.2744928 0.1270451 0.2649965 
n298_301   0.3442057 0.3146581 0.2745302 0.3103922 0.0341165 0.0736612 0.1713395 0.0446651 0.3101910 0.0306556 0.2654049 0.3735653 0.2747860 0.0000000 0.0482042 0.0033393 0.3499392 0.3154237 0.3196090 0.0168623 0.2845014 0.0168755 
n295_298   0.3491141 0.3404097 0.3041316 0.3360590 0.0271651 0.0961177 0.1841469 0.0033383 0.3358367 0.0626562 0.2802732 0.3856183 0.3044204 0.0482042 0.0000000 0.0446691 0.3548859 0.3412608 0.3455169 0.0482339 0.3098180 0.0482725 
n297_300   0.3390801 0.3097040 0.2698304 0.3054524 0.0306427 0.0700045 0.1672176 0.0411449 0.3052552 0.0271945 0.2607538 0.3682135 0.2700808 0.0033393 0.0446691 0.0000000 0.3447691 0.3104529 0.3146250 0.0134631 0.2797380 0.0134736 
n255_258   0.0341678 0.3832183 0.3838750 0.3784404 0.3339255 0.3890325 0.3932776 0.3496432 0.3781819 0.3398432 0.3789441 0.3166162 0.3842616 0.3499392 0.3548859 0.3447691 0.0000000 0.3839274 0.3726537 0.3444909 0.4068885 0.3395568 
n300_303   0.3897978 0.0626890 0.3155219 0.0100695 0.3205554 0.3415526 0.3783255 0.3360818 0.0033422 0.3055615 0.3213486 0.4316423 0.3158253 0.3154237 0.3412608 0.3104529 0.3839274 0.0000000 0.0699297 0.3102093 0.3262682 0.3051185 
n278_281   0.3671627 0.0168603 0.3048020 0.0735529 0.3247548 0.3458128 0.3607342 0.3403238 0.0662447 0.3097218 0.3052653 0.4240690 0.3050924 0.3196090 0.3455169 0.3146250 0.3726537 0.0699297 0.0000000 0.3143784 0.3100757 0.3092732 
n293_296   0.3388077 0.3094613 0.2742370 0.3052140 0.0341374 0.0736465 0.1630005 0.0446926 0.3050171 0.0271783 0.2605602 0.3738354 0.2744928 0.0168623 0.0482339 0.0134631 0.3444909 0.3102093 0.3143784 0.0000000 0.2795263 0.0134657 
n265_268   0.4014875 0.3104283 0.1269380 0.3211603 0.2946634 0.3361810 0.3046056 0.3048542 0.3209501 0.2794116 0.0271450 0.4175704 0.1270451 0.2845014 0.3098180 0.2797380 0.4068885 0.3262682 0.3100757 0.2795263 0.0000000 0.2797972 
n294_297   0.3339125 0.3043869 0.2647512 0.3001565 0.0341644 0.0699609 0.1672515 0.0447282 0.2999637 0.0271997 0.2608084 0.3687016 0.2649965 0.0168755 0.0482725 0.0134736 0.3395568 0.3051185 0.3092732 0.0134657 0.2797972 0.0000000 
