25
n236_237   0.0000000 0.2818476 0.1190947 0.3225569 0.1271550 0.4177594 0.1191043 0.2966368 0.1192092 0.3123217 0.1311654 0.3021142 0.3070439 0.2768579 0.1152898 0.3124731 0.3072385 0.1192455 0.2817179 0.1152898 0.1231887 0.3765345 0.4353349 0.1597981 0.3175479 
n266_267   0.2818476 0.0000000 0.2867742 0.2780506 0.2924794 0.4059826 0.2868009 0.1156040 0.2869694 0.2638237 0.2975741 0.2827482 0.2588856 0.0272051 0.2869647 0.2686228 0.2637681 0.2920541 0.1077479 0.2969892 0.2920437 0.3610467 0.3945521 0.2441144 0.2687217 
n296_297   0.1190947 0.2867742 0.0000000 0.2726527 0.0340771 0.4111295 0.0066826 0.2920199 0.0481401 0.2778969 0.0375822 0.2724910 0.2777326 0.2772672 0.0517052 0.2827808 0.2778378 0.0445888 0.2771800 0.0517052 0.0517220 0.3830105 0.4110591 0.1313081 0.2828860 
n277_278   0.3225569 0.2780506 0.2726527 0.0000000 0.2929243 0.4484485 0.2825154 0.3029389 0.2922999 0.0700621 0.2980274 0.0307236 0.0737656 0.2683149 0.2875489 0.0737428 0.0700494 0.3025185 0.2878520 0.2975962 0.2925087 0.4074536 0.4545481 0.2781130 0.0737675 
n290_291   0.1271550 0.2924794 0.0340771 0.2929243 0.0000000 0.4178742 0.0340797 0.2975899 0.0553583 0.2884402 0.0033396 0.2975883 0.2882681 0.2827686 0.0589638 0.2934029 0.2883783 0.0553755 0.2826147 0.0589638 0.0589830 0.3838043 0.4178023 0.1355769 0.2935131 
n255_256   0.4177594 0.4059826 0.4111295 0.4484485 0.4178742 0.0000000 0.4111720 0.3882871 0.4114770 0.4304700 0.4239627 0.4544699 0.4242155 0.4053491 0.4114964 0.4306928 0.4303660 0.4114335 0.3768143 0.4114964 0.4175249 0.3287383 0.0481465 0.3664161 0.4303784 
n295_296   0.1191043 0.2868009 0.0066826 0.2825154 0.0340797 0.4111720 0.0000000 0.2969691 0.0481438 0.2878412 0.0375851 0.2823471 0.2876698 0.2772928 0.0517092 0.2927916 0.2877796 0.0445923 0.2820315 0.0517092 0.0517260 0.3830492 0.4111015 0.1313189 0.2929013 
n286_287   0.2966368 0.1156040 0.2920199 0.3029389 0.2975899 0.3882871 0.2969691 0.0000000 0.2869318 0.2831943 0.3027231 0.3077845 0.2781195 0.1116033 0.2920282 0.2881168 0.2831339 0.2971550 0.0100572 0.3021259 0.2920054 0.3497879 0.3882461 0.2392957 0.2882245 
n298_299   0.1192092 0.2869694 0.0481401 0.2922999 0.0553583 0.4114770 0.0481438 0.2869318 0.0000000 0.2876822 0.0589749 0.2921249 0.2875110 0.2724815 0.0376031 0.2926291 0.2876206 0.0341128 0.2721985 0.0376031 0.0100596 0.3828896 0.4229306 0.1353252 0.2927387 
n299_300   0.3123217 0.2638237 0.2778969 0.0700621 0.2884402 0.4304700 0.2878412 0.2831943 0.2876822 0.0000000 0.2935172 0.0774929 0.0033482 0.2540896 0.2829533 0.0033473 0.0067103 0.2978430 0.2684950 0.2929453 0.2878873 0.3682849 0.4364289 0.2731927 0.0033483 
n287_288   0.1311654 0.2975741 0.0375822 0.2980274 0.0033396 0.4239627 0.0375851 0.3027231 0.0589749 0.2935172 0.0000000 0.3027204 0.2933414 0.2877961 0.0625992 0.2985151 0.2934539 0.0589931 0.2876393 0.0625992 0.0626196 0.3779404 0.4238894 0.1396480 0.2986277 
n278_279   0.3021142 0.2827482 0.2724910 0.0307236 0.2975883 0.4544699 0.2823471 0.3077845 0.2921249 0.0774929 0.3027204 0.0000000 0.0812369 0.2729553 0.2873771 0.0812126 0.0774786 0.3023364 0.2926062 0.2974174 0.2923335 0.4013940 0.4606171 0.2828830 0.0812390 
n292_293   0.3070439 0.2588856 0.2777326 0.0737656 0.2882681 0.4242155 0.2876698 0.2781195 0.2875110 0.0033482 0.2933414 0.0812369 0.0000000 0.2492236 0.2827854 0.0067115 0.0100909 0.2976644 0.2635266 0.2927702 0.2877159 0.3625365 0.4301230 0.2681911 0.0067135 
n265_266   0.2768579 0.0272051 0.2772672 0.2683149 0.2827686 0.4053491 0.2772928 0.1116033 0.2724815 0.2540896 0.2877961 0.2729553 0.2492236 0.0000000 0.2724751 0.2588232 0.2540365 0.2774654 0.1037977 0.2823065 0.2774557 0.3608011 0.3939456 0.2303969 0.2589178 
n293_294   0.1152898 0.2869647 0.0517052 0.2875489 0.0589638 0.4114964 0.0517092 0.2920282 0.0376031 0.2829533 0.0625992 0.2873771 0.2827854 0.2724751 0.0000000 0.2878730 0.2828929 0.0306229 0.2771861 0.0066926 0.0411345 0.3553268 0.4229516 0.1434760 0.2879805 
n280_281   0.3124731 0.2686228 0.2827808 0.0737428 0.2934029 0.4306928 0.2927916 0.2881168 0.2926291 0.0033473 0.2985151 0.0812126 0.0067115 0.2588232 0.2878730 0.0000000 0.0100881 0.3028595 0.2733212 0.2979318 0.2928383 0.3738172 0.4366555 0.2780491 0.0067117 
n274_275   0.3072385 0.2637681 0.2778378 0.0700494 0.2883783 0.4303660 0.2877796 0.2831339 0.2876206 0.0067103 0.2934539 0.0774786 0.0100909 0.2540365 0.2828929 0.0100881 0.0000000 0.2977787 0.2684383 0.2928823 0.2878256 0.3627757 0.4363229 0.2731349 0.0100913 
n275_276   0.1192455 0.2920541 0.0445888 0.3025185 0.0553755 0.4114335 0.0445923 0.2971550 0.0341128 0.2978430 0.0589931 0.3023364 0.2976644 0.2774654 0.0306229 0.3028595 0.2977787 0.0000000 0.2822072 0.0306229 0.0376270 0.3834155 0.4228825 0.1394588 0.3029739 
n285_286   0.2817179 0.1077479 0.2771800 0.2878520 0.2826147 0.3768143 0.2820315 0.0100572 0.2721985 0.2684950 0.2876393 0.2926062 0.2635266 0.1037977 0.2771861 0.2733212 0.2684383 0.2822072 0.0000000 0.2870775 0.2771669 0.3337229 0.3767746 0.2254722 0.2734221 
n294_295   0.1152898 0.2969892 0.0517052 0.2975962 0.0589638 0.4114964 0.0517092 0.3021259 0.0376031 0.2929453 0.0625992 0.2974174 0.2927702 0.2823065 0.0066926 0.2979318 0.2928823 0.0306229 0.2870775 0.0000000 0.0411345 0.3663654 0.4229516 0.1353619 0.2980439 
n297_298   0.1231887 0.2920437 0.0517220 0.2925087 0.0589830 0.4175249 0.0517260 0.2920054 0.0100596 0.2878873 0.0626196 0.2923335 0.2877159 0.2774557 0.0411345 0.2928383 0.2878256 0.0376270 0.2771669 0.0411345 0.0000000 0.3887050 0.4290706 0.1394059 0.2929481 
n244_245   0.3765345 0.3610467 0.3830105 0.4074536 0.3838043 0.3287383 0.3830492 0.3497879 0.3828896 0.3682849 0.3779404 0.4013940 0.3625365 0.3608011 0.3553268 0.3738172 0.3627757 0.3834155 0.3337229 0.3663654 0.3887050 0.0000000 0.3391429 0.3131498 0.3682088 
n251_252   0.4353349 0.3945521 0.4110591 0.4545481 0.4178023 0.0481465 0.4111015 0.3882461 0.4229306 0.4364289 0.4238894 0.4606171 0.4301230 0.3939456 0.4229516 0.4366555 0.4363229 0.4228825 0.3767746 0.4229516 0.4290706 0.3391429 0.0000000 0.3718889 0.4363358 
n200_201   0.1597981 0.2441144 0.1313081 0.2781130 0.1355769 0.3664161 0.1313189 0.2392957 0.1353252 0.2731927 0.1396480 0.2828830 0.2681911 0.2303969 0.1434760 0.2780491 0.2731349 0.1394588 0.2254722 0.1353619 0.1394059 0.3131498 0.3718889 0.0000000 0.2781522 
n300_301   0.3175479 0.2687217 0.2828860 0.0737675 0.2935131 0.4303784 0.2929013 0.2882245 0.2927387 0.0033483 0.2986277 0.0812390 0.0067135 0.2589178 0.2879805 0.0067117 0.0100913 0.3029739 0.2734221 0.2980439 0.2929481 0.3682088 0.4363358 0.2781522 0.0000000 
