24
n251_254   0.0000000 0.4421325 0.4048747 0.4540067 0.4174581 0.4314023 0.4898970 0.4887851 0.4875079 0.4685584 0.4755349 0.4421968 0.4545038 0.3566155 0.4399274 0.4381518 0.4823066 0.4441565 0.4381162 0.4756531 0.0595851 0.4354424 0.4684268 0.4493907 
n298_301   0.4421325 0.0000000 0.3117657 0.3257451 0.3063071 0.3348389 0.0451040 0.0898227 0.1386247 0.0343764 0.0379250 0.0134901 0.2974179 0.4736955 0.3141402 0.3293055 0.0414767 0.3345352 0.3236690 0.0379340 0.4705255 0.0135020 0.3200801 0.0203854 
n277_280   0.4048747 0.3117657 0.0000000 0.2390613 0.0100826 0.0595687 0.3400359 0.3101489 0.3056278 0.3228924 0.3285103 0.3174038 0.2333142 0.3858887 0.2290257 0.0559144 0.3340057 0.0595177 0.0595982 0.3285941 0.4117357 0.3233589 0.2486093 0.3292339 
n286_289   0.4540067 0.3257451 0.2390613 0.0000000 0.2390537 0.2540445 0.3358119 0.3128952 0.2922955 0.3300658 0.3357619 0.3316532 0.1354512 0.4478786 0.0067147 0.2491210 0.3300910 0.2538167 0.2542101 0.3358478 0.4824452 0.3376790 0.1570496 0.3496987 
n278_281   0.4174581 0.3063071 0.0100826 0.2390537 0.0000000 0.0558966 0.3343467 0.3047233 0.3002278 0.3173435 0.3229161 0.3118984 0.2333064 0.4045174 0.2290177 0.0522632 0.3283689 0.0558488 0.0559242 0.3229985 0.4178410 0.3178000 0.2486022 0.3236240 
n274_277   0.4314023 0.3348389 0.0595687 0.2540445 0.0558966 0.0000000 0.3688752 0.3330756 0.3396927 0.3510024 0.3568561 0.3406928 0.2479965 0.4447560 0.2541748 0.0100987 0.3625728 0.0134879 0.0135055 0.3569468 0.4385569 0.3468949 0.2636671 0.3530054 
n287_290   0.4898970 0.0451040 0.3400359 0.3358119 0.3343467 0.3688752 0.0000000 0.1133748 0.1599534 0.0100826 0.0134818 0.0559742 0.3302416 0.5168300 0.3359849 0.3630871 0.0100803 0.3685405 0.3571760 0.0067056 0.5211308 0.0597481 0.3540924 0.0672391 
n236_239   0.4887851 0.0898227 0.3101489 0.3128952 0.3047233 0.3330756 0.1133748 0.0000000 0.1421735 0.1013912 0.1053443 0.0937629 0.2796823 0.4792976 0.3015655 0.3275762 0.1092743 0.3327747 0.3333191 0.1053699 0.5121000 0.0977344 0.3016035 0.1057318 
n200_203   0.4875079 0.1386247 0.3056278 0.2922955 0.3002278 0.3396927 0.1599534 0.1421735 0.0000000 0.1469838 0.1512548 0.1471670 0.2757536 0.4869484 0.2812994 0.3341325 0.1469937 0.3393851 0.3399440 0.1512923 0.5173348 0.1472744 0.2976107 0.1560095 
n296_299   0.4685584 0.0343764 0.3228924 0.3300658 0.3173435 0.3510024 0.0100826 0.1013912 0.1469838 0.0000000 0.0033408 0.0450563 0.3189274 0.5019210 0.3302358 0.3453563 0.0066965 0.3506843 0.3395980 0.0033408 0.5053534 0.0487443 0.3423542 0.0560883 
n295_298   0.4755349 0.0379250 0.3285103 0.3357619 0.3229161 0.3568561 0.0134818 0.1053443 0.1512548 0.0033408 0.0000000 0.0486662 0.3245311 0.4945278 0.3359348 0.3511641 0.0100743 0.3565326 0.3453563 0.0067016 0.5127039 0.0523819 0.3481669 0.0597734 
n275_278   0.4421968 0.0134901 0.3174038 0.3316532 0.3118984 0.3406928 0.0559742 0.0937629 0.1471670 0.0450563 0.0486662 0.0000000 0.3030566 0.4736707 0.3199343 0.3351124 0.0522751 0.3403835 0.3294254 0.0486778 0.4636965 0.0273174 0.3259361 0.0343741 
n266_269   0.4545038 0.2974179 0.2333142 0.1354512 0.2333064 0.2479965 0.3302416 0.2796823 0.2757536 0.3189274 0.3245311 0.3030566 0.0000000 0.4130308 0.1269647 0.2431321 0.3189516 0.2477750 0.2481562 0.3246142 0.4905144 0.3087974 0.0169396 0.3090493 
n244_247   0.3566155 0.4736955 0.3858887 0.4478786 0.4045174 0.4447560 0.5168300 0.4792976 0.4869484 0.5019210 0.4945278 0.4736707 0.4130308 0.0000000 0.4339178 0.4383453 0.5019633 0.4314108 0.4383097 0.5093368 0.3687063 0.4886845 0.4334998 0.5037585 
n285_288   0.4399274 0.3141402 0.2290257 0.0067147 0.2290177 0.2541748 0.3359849 0.3015655 0.2812994 0.3302358 0.3359348 0.3199343 0.1269647 0.4339178 0.0000000 0.2492487 0.3302610 0.2539468 0.2543405 0.3360208 0.4677516 0.3258395 0.1482385 0.3376241 
n299_302   0.4381518 0.3293055 0.0559144 0.2491210 0.0522632 0.0100987 0.3630871 0.3275762 0.3341325 0.3453563 0.3511641 0.3351124 0.2431321 0.4383453 0.2492487 0.0000000 0.3568377 0.0100902 0.0033443 0.3512535 0.4453825 0.3412603 0.2586834 0.3473193 
n290_293   0.4823066 0.0414767 0.3340057 0.3300910 0.3283689 0.3625728 0.0100803 0.1092743 0.1469937 0.0066965 0.0100743 0.0522751 0.3189516 0.5019633 0.3302610 0.3568377 0.0000000 0.3622441 0.3509836 0.0033408 0.5198261 0.0560172 0.3423806 0.0634533 
n280_283   0.4441565 0.3345352 0.0595177 0.2538167 0.0558488 0.0134879 0.3685405 0.3327747 0.3393851 0.3506843 0.3565326 0.3403835 0.2477750 0.4314108 0.2539468 0.0100902 0.3622441 0.0000000 0.0134942 0.3566232 0.4514451 0.3465796 0.2634308 0.3526841 
n292_295   0.4381162 0.3236690 0.0595982 0.2542101 0.0559242 0.0135055 0.3571760 0.3333191 0.3399440 0.3395980 0.3453563 0.3294254 0.2481562 0.4383097 0.2543405 0.0033443 0.3509836 0.0134942 0.0000000 0.3454443 0.4453462 0.3355155 0.2638411 0.3415195 
n289_292   0.4756531 0.0379340 0.3285941 0.3358478 0.3229985 0.3569468 0.0067056 0.1053699 0.1512923 0.0033408 0.0067016 0.0486778 0.3246142 0.5093368 0.3360208 0.3512535 0.0033408 0.3566232 0.3454443 0.0000000 0.5128295 0.0523944 0.3482560 0.0597877 
n255_258   0.0595851 0.4705255 0.4117357 0.4824452 0.4178410 0.4385569 0.5211308 0.5121000 0.5173348 0.5053534 0.5127039 0.4636965 0.4905144 0.3687063 0.4677516 0.4453825 0.5198261 0.4514451 0.4453462 0.5128295 0.0000000 0.4783712 0.5051989 0.4932746 
n293_296   0.4354424 0.0135020 0.3233589 0.3376790 0.3178000 0.3468949 0.0597481 0.0977344 0.1472744 0.0487443 0.0523819 0.0273174 0.3087974 0.4886845 0.3258395 0.3412603 0.0560172 0.3465796 0.3355155 0.0523944 0.4783712 0.0000000 0.3319067 0.0067120 
n265_268   0.4684268 0.3200801 0.2486093 0.1570496 0.2486022 0.2636671 0.3540924 0.3016035 0.2976107 0.3423542 0.3481669 0.3259361 0.0169396 0.4334998 0.1482385 0.2586834 0.3423806 0.2634308 0.2638411 0.3482560 0.5051989 0.3319067 0.0000000 0.3321833 
n294_297   0.4493907 0.0203854 0.3292339 0.3496987 0.3236240 0.3530054 0.0672391 0.1057318 0.1560095 0.0560883 0.0597734 0.0343741 0.3090493 0.5037585 0.3376241 0.3473193 0.0634533 0.3526841 0.3415195 0.0597877 0.4932746 0.0067120 0.3321833 0.0000000 
