26
n236_237   0.0000000 0.2805210 0.0960947 0.2355691 0.0999044 0.3442944 0.0999121 0.3099958 0.0922884 0.2735695 0.0998992 0.2307909 0.2733503 0.2853806 0.0960817 0.0923709 0.2687499 0.2737031 0.0960852 0.3150093 0.0848143 0.0885412 0.3840949 0.3445843 0.1271338 0.2784681 
n266_267   0.2805210 0.0000000 0.2653779 0.2236373 0.2702221 0.3633331 0.2702555 0.1534539 0.2703431 0.2711823 0.2701960 0.2144251 0.2810802 0.0308782 0.2653275 0.2706109 0.2663396 0.2713156 0.2752552 0.1493068 0.2608509 0.2655731 0.4103304 0.3689870 0.2698162 0.2761047 
n296_297   0.0960947 0.2653779 0.0000000 0.2311355 0.0305572 0.3387985 0.0033317 0.3052199 0.0305709 0.2591597 0.0305561 0.2263839 0.2688234 0.2606745 0.0270956 0.0305976 0.2544304 0.2592852 0.0340493 0.3102108 0.0236800 0.0271179 0.3835111 0.3551325 0.1311931 0.2639660 
n277_278   0.2355691 0.2236373 0.2311355 0.0000000 0.2357422 0.3142163 0.2357687 0.2606864 0.2265018 0.0628519 0.2357218 0.0100844 0.0701942 0.2235776 0.2310946 0.2267206 0.0592262 0.0628787 0.2311044 0.2558898 0.2175666 0.2220148 0.3629305 0.3194685 0.2445325 0.0665107 
n290_291   0.0999044 0.2702221 0.0305572 0.2357422 0.0000000 0.3607502 0.0340340 0.3152290 0.0340471 0.2639412 0.0066756 0.2309582 0.2736674 0.2751788 0.0033300 0.0340768 0.2591815 0.2640693 0.0375421 0.3202795 0.0271256 0.0305787 0.4065564 0.3776115 0.1432355 0.2687785 
n255_256   0.3442944 0.3633331 0.3387985 0.3142163 0.3607502 0.0000000 0.3386247 0.4025904 0.3391979 0.3620254 0.3550409 0.3139069 0.3617028 0.3521086 0.3552407 0.3345220 0.3512317 0.3622129 0.3446258 0.3967862 0.3393868 0.3445678 0.2393799 0.0410368 0.3379201 0.3618202 
n295_296   0.0999121 0.2702555 0.0033317 0.2357687 0.0340340 0.3386247 0.0000000 0.3103720 0.0340493 0.2639731 0.0340327 0.2309838 0.2737014 0.2655217 0.0305555 0.0340790 0.2592125 0.2641013 0.0375446 0.3153962 0.0271274 0.0305807 0.3776790 0.3549482 0.1352020 0.2688114 
n286_287   0.3099958 0.1534539 0.3052199 0.2606864 0.3152290 0.4025904 0.3103720 0.0000000 0.3048953 0.3057251 0.3151941 0.2507951 0.3160845 0.1619473 0.3100254 0.3000990 0.3006581 0.3058785 0.3100399 0.0169718 0.2949895 0.2999145 0.4585450 0.4085532 0.2844109 0.3108761 
n298_299   0.0922884 0.2703431 0.0305709 0.2265018 0.0340471 0.3391979 0.0340493 0.3048953 0.0000000 0.2494102 0.0340458 0.2217840 0.2589367 0.2753018 0.0305673 0.0134263 0.2447472 0.2495301 0.0168078 0.3098790 0.0066804 0.0033327 0.3833927 0.3555571 0.1351507 0.2492797 
n299_300   0.2735695 0.2711823 0.2591597 0.0628519 0.2639412 0.3620254 0.2639731 0.3057251 0.2494102 0.0000000 0.2639162 0.0591787 0.0067117 0.2710947 0.2591113 0.2496535 0.0134759 0.0203284 0.2447812 0.3006196 0.2402210 0.2447941 0.4029073 0.3676436 0.2730197 0.0033476 
n287_288   0.0998992 0.2701960 0.0305561 0.2357218 0.0066756 0.3550409 0.0340327 0.3151941 0.0340458 0.2639162 0.0000000 0.2309386 0.2736408 0.2751517 0.0033299 0.0340755 0.2591574 0.2640444 0.0375406 0.3202436 0.0271246 0.0305776 0.4064986 0.3717571 0.1432266 0.2687527 
n278_279   0.2307909 0.2144251 0.2263839 0.0100844 0.2309582 0.3139069 0.2309838 0.2507951 0.2217840 0.0591787 0.2309386 0.0000000 0.0664791 0.2143700 0.2263442 0.2219976 0.0555727 0.0592039 0.2263538 0.2460679 0.2129081 0.2173271 0.3571467 0.3191528 0.2396942 0.0628169 
n292_293   0.2733503 0.2810802 0.2688234 0.0701942 0.2736674 0.3617028 0.2737014 0.3160845 0.2589367 0.0067117 0.2736408 0.0664791 0.0000000 0.2809859 0.2687722 0.2591904 0.0203123 0.0272375 0.2542508 0.3109065 0.2496349 0.2542633 0.4146901 0.3673138 0.2828513 0.0100913 
n265_266   0.2853806 0.0308782 0.2606745 0.2235776 0.2751788 0.3521086 0.2655217 0.1619473 0.2753018 0.2710947 0.2751517 0.2143700 0.2809859 0.0000000 0.2702507 0.2755751 0.2662551 0.2712278 0.2802472 0.1577497 0.2657499 0.2705014 0.3982998 0.3576699 0.2697298 0.2760137 
n289_290   0.0960817 0.2653275 0.0270956 0.2310946 0.0033300 0.3552407 0.0305555 0.3100254 0.0305673 0.2591113 0.0033299 0.2263442 0.2687722 0.2702507 0.0000000 0.0305939 0.2543833 0.2592367 0.0340452 0.3150419 0.0236771 0.0271147 0.4006831 0.3719689 0.1391748 0.2639162 
n293_294   0.0923709 0.2706109 0.0305976 0.2267206 0.0340768 0.3345220 0.0340790 0.3000990 0.0134263 0.2496535 0.0340755 0.2219976 0.2591904 0.2755751 0.0305939 0.0000000 0.2449853 0.2497736 0.0134354 0.3050564 0.0066862 0.0100493 0.3843657 0.3507978 0.1352748 0.2543970 
n280_281   0.2687499 0.2663396 0.2544304 0.0592262 0.2591815 0.3512317 0.2592125 0.3006581 0.2447472 0.0134759 0.2591574 0.0555727 0.0203123 0.2662551 0.2543833 0.2449853 0.0000000 0.0203278 0.2401456 0.2955878 0.2356122 0.2401586 0.3968877 0.3567662 0.2682091 0.0168851 
n274_275   0.2737031 0.2713156 0.2592852 0.0628787 0.2640693 0.3622129 0.2641013 0.3058785 0.2495301 0.0203284 0.2640444 0.0592039 0.0272375 0.2712278 0.2592367 0.2497736 0.0203278 0.0000000 0.2448986 0.3007699 0.2403359 0.2449115 0.4031221 0.3678348 0.2731528 0.0237734 
n275_276   0.0960852 0.2752552 0.0340493 0.2311044 0.0375421 0.3446258 0.0375446 0.3100399 0.0168078 0.2447812 0.0375406 0.2263538 0.2542508 0.2802472 0.0340452 0.0134354 0.2401456 0.2448986 0.0000000 0.3150567 0.0100441 0.0134189 0.3723769 0.3611132 0.1391800 0.2494914 
n285_286   0.3150093 0.1493068 0.3102108 0.2558898 0.3202795 0.3967862 0.3153962 0.0169718 0.3098790 0.3006196 0.3202436 0.2460679 0.3109065 0.1577497 0.3150419 0.3050564 0.2955878 0.3007699 0.3150567 0.0000000 0.2999145 0.3048683 0.4522699 0.4027010 0.2892637 0.3057347 
n294_295   0.0848143 0.2608509 0.0236800 0.2175666 0.0271256 0.3393868 0.0271274 0.2949895 0.0066804 0.2402210 0.0271246 0.2129081 0.2496349 0.2657499 0.0236771 0.0066862 0.2356122 0.2403359 0.0100441 0.2999145 0.0000000 0.0033335 0.3783186 0.3557575 0.1272540 0.2449037 
n297_298   0.0885412 0.2655731 0.0271179 0.2220148 0.0305787 0.3445678 0.0305807 0.2999145 0.0033327 0.2447941 0.0305776 0.2173271 0.2542633 0.2705014 0.0271147 0.0100493 0.2401586 0.2449115 0.0134189 0.3048683 0.0033335 0.0000000 0.3837682 0.3610505 0.1311898 0.2495041 
n244_245   0.3840949 0.4103304 0.3835111 0.3629305 0.4065564 0.2393799 0.3776790 0.4585450 0.3833927 0.4029073 0.4064986 0.3571467 0.4146901 0.3982998 0.4006831 0.3843657 0.3968877 0.4031221 0.3723769 0.4522699 0.3783186 0.3837682 0.0000000 0.2341907 0.3607371 0.3967038 
n251_252   0.3445843 0.3689870 0.3551325 0.3194685 0.3776115 0.0410368 0.3549482 0.4085532 0.3555571 0.3676436 0.3717571 0.3191528 0.3673138 0.3576699 0.3719689 0.3507978 0.3567662 0.3678348 0.3611132 0.4027010 0.3557575 0.3610505 0.2341907 0.0000000 0.3542001 0.3674344 
n200_201   0.1271338 0.2698162 0.1311931 0.2445325 0.1432355 0.3379201 0.1352020 0.2844109 0.1351507 0.2730197 0.1432266 0.2396942 0.2828513 0.2697298 0.1391748 0.1352748 0.2682091 0.2731528 0.1391800 0.2892637 0.1272540 0.1311898 0.3607371 0.3542001 0.0000000 0.2779092 
n300_301   0.2784681 0.2761047 0.2639660 0.0665107 0.2687785 0.3618202 0.2688114 0.3108761 0.2492797 0.0033476 0.2687527 0.0628169 0.0100913 0.2760137 0.2639162 0.2543970 0.0168851 0.0237734 0.2494914 0.3057347 0.2449037 0.2495041 0.3967038 0.3674344 0.2779092 0.0000000 
