22
n265_164   0.0000000 0.2617398 0.2905606 0.2857334 0.2859444 0.1721223 0.1721442 0.2666019 0.2849169 0.2852558 0.2804526 0.0306338 0.2799700 0.2708983 0.2707464 0.2706806 0.2658754 0.2750944 0.2708162 0.2910966 0.2905790 0.2853285 
n278_177   0.2617398 0.0000000 0.0737699 0.0664503 0.0627816 0.2610357 0.2610661 0.0100832 0.2658723 0.2518267 0.2472273 0.2475118 0.2610518 0.2474389 0.2616115 0.2472463 0.2517849 0.2608493 0.2473651 0.0701055 0.0701060 0.2758830 
n292_191   0.2905606 0.0737699 0.0000000 0.0134786 0.0237560 0.2902477 0.2902802 0.0627829 0.2707739 0.2616619 0.2569980 0.2809643 0.2659197 0.2519985 0.2713562 0.2567862 0.2613849 0.2705599 0.2569118 0.0237653 0.0168843 0.2858206 
n300_199   0.2857334 0.0664503 0.0134786 0.0000000 0.0168979 0.2854257 0.2854579 0.0555650 0.2658784 0.2568221 0.2521888 0.2761919 0.2610586 0.2472283 0.2664481 0.2519829 0.2565508 0.2656695 0.2521051 0.0169044 0.0033454 0.2808135 
n274_173   0.2859444 0.0627816 0.0237560 0.0168979 0.0000000 0.2852694 0.2853016 0.0591447 0.2657363 0.2566861 0.2520560 0.2760420 0.2609198 0.2470989 0.2663053 0.2518503 0.2564151 0.2655270 0.2519723 0.0203210 0.0203210 0.2806605 
n285_184   0.1721223 0.2610357 0.2902477 0.2854257 0.2852694 0.0000000 0.0066901 0.2612942 0.2646570 0.2648725 0.2602106 0.1596067 0.2598635 0.2509377 0.2607537 0.2507418 0.2505526 0.2595685 0.2508628 0.2904076 0.2902661 0.2697566 
n286_185   0.1721442 0.2610661 0.2902802 0.2854579 0.2853016 0.0066901 0.0000000 0.2613246 0.2646876 0.2649031 0.2602408 0.1596272 0.2598936 0.2509671 0.2607839 0.2507713 0.2505820 0.2595985 0.2508923 0.2904401 0.2902985 0.2697875 
n277_176   0.2666019 0.0100832 0.0627829 0.0555650 0.0591447 0.2612942 0.2613246 0.0000000 0.2707504 0.2566123 0.2519833 0.2522772 0.2658962 0.2521991 0.2664683 0.2520015 0.2565699 0.2656897 0.2521236 0.0591697 0.0591700 0.2808355 
n298_197   0.2849169 0.2658723 0.2707739 0.2658784 0.2657363 0.2646570 0.2646876 0.2707504 0.0000000 0.0551461 0.0515908 0.2704297 0.0033364 0.0480614 0.1425330 0.0515777 0.0202340 0.0270736 0.0551523 0.2704766 0.2705934 0.1264753 
n295_194   0.2852558 0.2518267 0.2616619 0.2568221 0.2566861 0.2648725 0.2649031 0.2566123 0.0551461 0.0000000 0.0033362 0.2707476 0.0515669 0.0305622 0.1348864 0.0305443 0.0410039 0.0480101 0.0340200 0.2565845 0.2614888 0.1225655 
n296_195   0.2804526 0.2472273 0.2569980 0.2521888 0.2520560 0.2602106 0.2602408 0.2519833 0.0515908 0.0033362 0.0000000 0.2660331 0.0480284 0.0271109 0.1309354 0.0270950 0.0375091 0.0444880 0.0305552 0.2519564 0.2568287 0.1226194 
n266_165   0.0306338 0.2475118 0.2809643 0.2761919 0.2760420 0.1596067 0.1596272 0.2522772 0.2704297 0.2707476 0.2660331 0.0000000 0.2655805 0.2566560 0.2565111 0.2564537 0.2517340 0.2607983 0.2565790 0.2811183 0.2809819 0.2708145 
n297_196   0.2799700 0.2610518 0.2659197 0.2610586 0.2609198 0.2598635 0.2598936 0.2658962 0.0033364 0.0515669 0.0480284 0.2655805 0.0000000 0.0445149 0.1466667 0.0480164 0.0168201 0.0236305 0.0515728 0.2656293 0.2657433 0.1225219 
n287_186   0.2708983 0.2474389 0.2519985 0.2472283 0.2470989 0.2509377 0.2509671 0.2521991 0.0480614 0.0305622 0.0271109 0.2566560 0.0445149 0.0000000 0.1388800 0.0066909 0.0375222 0.0445036 0.0100599 0.2470017 0.2518334 0.1187191 
n200_119   0.2707464 0.2616115 0.2713562 0.2664481 0.2663053 0.2607537 0.2607839 0.2664683 0.1425330 0.1348864 0.1309354 0.2565111 0.1466667 0.1388800 0.0000000 0.1387868 0.1347517 0.1426074 0.1428322 0.2759492 0.2711748 0.1675446 
n289_188   0.2706806 0.2472463 0.2567862 0.2519829 0.2518503 0.2507418 0.2507713 0.2520015 0.0515777 0.0305443 0.0270950 0.2564537 0.0480164 0.0066909 0.1387868 0.0000000 0.0375000 0.0444769 0.0100542 0.2517510 0.2566171 0.1186412 
n294_193   0.2658754 0.2517849 0.2613849 0.2565508 0.2564151 0.2505526 0.2505820 0.2565699 0.0202340 0.0410039 0.0375091 0.2517340 0.0168201 0.0375222 0.1347517 0.0375000 0.0000000 0.0134240 0.0410086 0.2611006 0.2612121 0.1109788 
n275_174   0.2750944 0.2608493 0.2705599 0.2656695 0.2655270 0.2595685 0.2595985 0.2656897 0.0270736 0.0480101 0.0444880 0.2607983 0.0236305 0.0445036 0.1426074 0.0444769 0.0134240 0.0000000 0.0480156 0.2702626 0.2703787 0.1186010 
n290_189   0.2708162 0.2473651 0.2569118 0.2521051 0.2519723 0.2508628 0.2508923 0.2521236 0.0551523 0.0340200 0.0305552 0.2565790 0.0515728 0.0100599 0.1428322 0.0100542 0.0410086 0.0480156 0.0000000 0.2518728 0.2567425 0.1148131 
n280_179   0.2910966 0.0701055 0.0237653 0.0169044 0.0203210 0.2904076 0.2904401 0.0591697 0.2704766 0.2565845 0.2519564 0.2811183 0.2656293 0.2470017 0.2759492 0.2517510 0.2611006 0.2702626 0.2518728 0.0000000 0.0203289 0.2805479 
n299_198   0.2905790 0.0701060 0.0168843 0.0033454 0.0203210 0.2902661 0.2902985 0.0591700 0.2705934 0.2614888 0.2568287 0.2809819 0.2657433 0.2518334 0.2711748 0.2566171 0.2612121 0.2703787 0.2567425 0.0203289 0.0000000 0.2856270 
n236_143   0.2853285 0.2758830 0.2858206 0.2808135 0.2806605 0.2697566 0.2697875 0.2808355 0.1264753 0.1225655 0.1226194 0.2708145 0.1225219 0.1187191 0.1675446 0.1186412 0.1109788 0.1186010 0.1148131 0.2805479 0.2856270 0.0000000 
