23
n293_308   0.0000000 0.3237478 0.0343240 0.1338550 0.2863203 0.3892926 0.3026716 0.2977093 0.0343079 0.0066909 0.0100620 0.0100673 0.1845324 0.2863692 0.2915259 0.3134457 0.2915135 0.0378546 0.2973741 0.4202105 0.0414166 0.4252974 0.3947913 
n286_301   0.3237478 0.0000000 0.3250870 0.3212191 0.2376122 0.4098288 0.2822092 0.1424230 0.3140667 0.3129999 0.3184127 0.3073747 0.3490244 0.2818019 0.2424731 0.1590941 0.2424651 0.3305036 0.2478602 0.3852305 0.3251404 0.4147774 0.4230278 
n290_305   0.0343240 0.3250870 0.0000000 0.1176516 0.2665133 0.3783683 0.2870845 0.2989112 0.0134990 0.0273162 0.0308118 0.0308276 0.1804479 0.2872019 0.2715771 0.3147310 0.2715667 0.0033428 0.2772362 0.3962527 0.0203670 0.4076322 0.3838100 
n236_249   0.1338550 0.3212191 0.1176516 0.0000000 0.2935072 0.3866146 0.3153713 0.2947011 0.1175859 0.1256810 0.1297653 0.1215259 0.1680955 0.3042612 0.2987975 0.3159146 0.2932859 0.1216733 0.3047522 0.3858850 0.1257578 0.3903438 0.4110427 
n292_307   0.2863203 0.2376122 0.2665133 0.2935072 0.0000000 0.3428931 0.0521790 0.2422292 0.2663152 0.2761166 0.2812452 0.2708029 0.2874377 0.0557455 0.0033408 0.2466897 0.0033408 0.2715039 0.0067115 0.3487198 0.2766155 0.3599084 0.3671741 
n255_270   0.3892926 0.4098288 0.3783683 0.3866146 0.3428931 0.0000000 0.3487069 0.4046312 0.3780233 0.3834391 0.3894765 0.3771346 0.3746470 0.3595103 0.3485897 0.4116117 0.3485704 0.3786717 0.3550789 0.0936811 0.3902314 0.2576330 0.0343301 
n278_293   0.3026716 0.2822092 0.2870845 0.3153713 0.0521790 0.3487069 0.0000000 0.2712272 0.2868628 0.3026321 0.3079743 0.2970854 0.3092418 0.0202998 0.0558094 0.2710573 0.0558092 0.2922221 0.0595670 0.3660230 0.2974889 0.3651414 0.3724829 
n266_281   0.2977093 0.1424230 0.2989112 0.2947011 0.2422292 0.4046312 0.2712272 0.0000000 0.2937064 0.2873258 0.2925478 0.2871242 0.3328596 0.2708386 0.2471185 0.0237880 0.2422138 0.3041473 0.2525445 0.3928499 0.3044792 0.3926044 0.4235454 
n295_310   0.0343079 0.3140667 0.0134990 0.1175859 0.2663152 0.3780233 0.2868628 0.2937064 0.0000000 0.0273027 0.0307975 0.0308133 0.1803343 0.2869800 0.2713733 0.3144750 0.2713629 0.0169166 0.2770257 0.3902617 0.0067060 0.3951445 0.3834572 
n294_309   0.0066909 0.3129999 0.0273162 0.1256810 0.2761166 0.3834391 0.3026321 0.2873258 0.0273027 0.0000000 0.0033371 0.0033388 0.1757640 0.2863315 0.2812452 0.3028342 0.2812339 0.0308101 0.2869915 0.4078623 0.0343328 0.4128618 0.3889031 
n275_290   0.0100620 0.3184127 0.0308118 0.1297653 0.2812452 0.3894765 0.3079743 0.2925478 0.0307975 0.0033371 0.0000000 0.0066946 0.1801523 0.2915384 0.2864138 0.3081753 0.2864020 0.0343241 0.2922129 0.4141171 0.0378666 0.4191628 0.3827644 
n297_312   0.0100673 0.3073747 0.0308276 0.1215259 0.2708029 0.3771346 0.2970854 0.2871242 0.0308133 0.0033388 0.0066946 0.0000000 0.1712679 0.2809327 0.2758886 0.3026203 0.2758778 0.0343418 0.2815775 0.4013217 0.0378861 0.4062717 0.3825548 
n200_209   0.1845324 0.3490244 0.1804479 0.1680955 0.2874377 0.3746470 0.3092418 0.3328596 0.1803343 0.1757640 0.1801523 0.1712679 0.0000000 0.3087893 0.2926637 0.3499481 0.2872222 0.1848399 0.2985366 0.3799298 0.1893185 0.4144775 0.3872280 
n277_292   0.2863692 0.2818019 0.2872019 0.3042612 0.0557455 0.3595103 0.0202998 0.2708386 0.2869800 0.2863315 0.2915384 0.2809327 0.3087893 0.0000000 0.0593918 0.2754339 0.0593915 0.2923434 0.0631720 0.3654722 0.2976141 0.3769391 0.3836374 
n300_315   0.2915259 0.2424731 0.2715771 0.2987975 0.0033408 0.3485897 0.0558094 0.2471185 0.2713733 0.2812452 0.2864138 0.2758886 0.2926637 0.0593918 0.0000000 0.2516043 0.0066998 0.2766039 0.0100931 0.3544658 0.2817536 0.3657555 0.3730928 
n265_280   0.3134457 0.1590941 0.3147310 0.3159146 0.2466897 0.4116117 0.2710573 0.0237880 0.3144750 0.3028342 0.3081753 0.3026203 0.3499481 0.2754339 0.2516043 0.0000000 0.2466741 0.3200804 0.2519572 0.4111346 0.3200731 0.4040194 0.4307544 
n274_289   0.2915135 0.2424651 0.2715667 0.2932859 0.0033408 0.3485704 0.0558092 0.2422138 0.2713629 0.2812339 0.2864020 0.2758778 0.2872222 0.0593915 0.0066998 0.2466741 0.0000000 0.2765930 0.0100931 0.3544458 0.2817422 0.3657338 0.3730700 
n287_302   0.0378546 0.3305036 0.0033428 0.1216733 0.2715039 0.3786717 0.2922221 0.3041473 0.0169166 0.0308101 0.0343241 0.0343418 0.1848399 0.2923434 0.2766039 0.3200804 0.2765930 0.0000000 0.2823111 0.3965729 0.0238223 0.4137139 0.3841181 
n280_295   0.2973741 0.2478602 0.2772362 0.3047522 0.0067115 0.3550789 0.0595670 0.2525445 0.2770257 0.2869915 0.2922129 0.2815775 0.2985366 0.0631720 0.0100931 0.2519572 0.0100931 0.2823111 0.0000000 0.3610199 0.2875113 0.3662437 0.3798717 
n244_257   0.4202105 0.3852305 0.3962527 0.3858850 0.3487198 0.0936811 0.3660230 0.3928499 0.3902617 0.4078623 0.4141171 0.4013217 0.3799298 0.3654722 0.3544658 0.4111346 0.3544458 0.3965729 0.3610199 0.0000000 0.4026906 0.2471348 0.1258012 
n296_311   0.0414166 0.3251404 0.0203670 0.1257578 0.2766155 0.3902314 0.2974889 0.3044792 0.0067060 0.0343328 0.0378666 0.0378861 0.1893185 0.2976141 0.2817536 0.3200731 0.2817422 0.0238223 0.2875113 0.4026906 0.0000000 0.3949549 0.3957444 
n244_259   0.4252974 0.4147774 0.4076322 0.3903438 0.3599084 0.2576330 0.3651414 0.3926044 0.3951445 0.4128618 0.4191628 0.4062717 0.4144775 0.3769391 0.3657555 0.4040194 0.3657338 0.4137139 0.3662437 0.2471348 0.3949549 0.0000000 0.2997957 
n251_266   0.3947913 0.4230278 0.3838100 0.4110427 0.3671741 0.0343301 0.3724829 0.4235454 0.3834572 0.3889031 0.3827644 0.3825548 0.3872280 0.3836374 0.3730928 0.4307544 0.3730700 0.3841181 0.3798717 0.1258012 0.3957444 0.2997957 0.0000000 
