25
n298_301   0.0000000 0.0202715 0.1304028 0.3986606 0.2828785 0.3125369 0.2781783 0.0202835 0.0237234 0.0737043 0.2928442 0.0134561 0.3395011 0.3859500 0.4524514 0.3027913 0.2880882 0.0271672 0.0237080 0.0067019 0.0033408 0.3562030 0.2831554 0.2876691 0.0100740 
n296_299   0.0202715 0.0000000 0.1267324 0.4002290 0.2833230 0.3126791 0.2786141 0.0067063 0.0100842 0.0738931 0.2933080 0.0271751 0.3348975 0.3874519 0.4543060 0.3029282 0.2885431 0.0134725 0.0033450 0.0203006 0.0168651 0.3515137 0.2836009 0.2881227 0.0237349 
n200_201   0.1304028 0.1267324 0.0000000 0.3707441 0.2922026 0.3261817 0.2778749 0.1305861 0.1345946 0.1504763 0.2925184 0.1344644 0.3334058 0.3585389 0.4577687 0.3163150 0.2877697 0.1385400 0.1307026 0.1305953 0.1265356 0.3499360 0.2876602 0.2970442 0.1345512 
n251_254   0.3986606 0.4002290 0.3707441 0.0000000 0.4007543 0.3867015 0.3957326 0.3996204 0.4055303 0.4347624 0.4060361 0.3934670 0.4217794 0.0447357 0.3475800 0.3981808 0.4005758 0.3997059 0.4059963 0.3873033 0.3932696 0.4346243 0.4133018 0.4240954 0.3818133 
n277_280   0.2828785 0.2833230 0.2922026 0.4007543 0.0000000 0.3056280 0.0589371 0.2832406 0.2882693 0.3177504 0.0697482 0.2832110 0.2875704 0.3884197 0.4415095 0.3058910 0.0661419 0.2930819 0.2882772 0.2833379 0.2781812 0.3030427 0.0698592 0.0168613 0.2785077 
n286_289   0.3125369 0.3126791 0.3261817 0.3867015 0.3056280 0.0000000 0.2759784 0.3125883 0.3178174 0.3338742 0.2901655 0.3178935 0.1387415 0.3742196 0.4327262 0.0134543 0.2854603 0.3227911 0.3178178 0.3130525 0.3076741 0.1512368 0.2909367 0.3210708 0.3080424 
n280_283   0.2781783 0.2786141 0.2778749 0.3957326 0.0589371 0.2759784 0.0000000 0.2785331 0.2835318 0.2980959 0.0202604 0.2736233 0.2675084 0.3888316 0.4405226 0.2762124 0.0168546 0.2883203 0.2835407 0.2786291 0.2735047 0.2825148 0.0168626 0.0698698 0.2738248 
n289_292   0.0202835 0.0067063 0.1305861 0.3996204 0.2832406 0.3125883 0.2785331 0.0000000 0.0033452 0.0775422 0.2932227 0.0271902 0.3347998 0.3868687 0.4541725 0.3028402 0.2884591 0.0067036 0.0100833 0.0203119 0.0168745 0.3514110 0.2835184 0.2880389 0.0237481 
n287_290   0.0237234 0.0100842 0.1345946 0.4055303 0.2882693 0.3178174 0.2835318 0.0033452 0.0000000 0.0812847 0.2983245 0.0306663 0.3402152 0.3926625 0.4605742 0.3080036 0.2935295 0.0100803 0.0134778 0.0237567 0.0203000 0.3569631 0.2885546 0.2931007 0.0272091 
n236_239   0.0737043 0.0738931 0.1504763 0.4347624 0.3177504 0.3338742 0.2980959 0.0775422 0.0812847 0.0000000 0.3131635 0.0811826 0.3499204 0.4213470 0.4906110 0.3235473 0.3082854 0.0850001 0.0776099 0.0738115 0.0700677 0.3668727 0.3032197 0.3227608 0.0775038 
n292_295   0.2928442 0.2933080 0.2925184 0.4060361 0.0697482 0.2901655 0.0202604 0.2932227 0.2983245 0.3131635 0.0000000 0.2882153 0.2866565 0.3990392 0.4651295 0.2904129 0.0033374 0.3031971 0.2983301 0.2933227 0.2880882 0.3020687 0.0306092 0.0808329 0.2884289 
n275_278   0.0134561 0.0271751 0.1344644 0.3934670 0.2832110 0.3178935 0.2736233 0.0271902 0.0306663 0.0811826 0.2882153 0.0000000 0.3391666 0.3918733 0.4589792 0.3080794 0.2834814 0.0341429 0.0306462 0.0134749 0.0100753 0.3558463 0.2785730 0.2880080 0.0168795 
n266_269   0.3395011 0.3348975 0.3334058 0.4217794 0.2875704 0.1387415 0.2675084 0.3347998 0.3402152 0.3499204 0.2866565 0.3391666 0.0000000 0.3920706 0.4579842 0.1388568 0.2819525 0.3453415 0.3402084 0.3400715 0.3344632 0.0202811 0.2874188 0.3027087 0.3348725 
n255_258   0.3859500 0.3874519 0.3585389 0.0447357 0.3884197 0.3742196 0.3888316 0.3868687 0.3926625 0.4213470 0.3990392 0.3918733 0.3920706 0.0000000 0.3461807 0.3802821 0.3936346 0.3869511 0.3931134 0.3748018 0.3806521 0.4043633 0.4001881 0.4113553 0.3694087 
n244_247   0.4524514 0.4543060 0.4577687 0.3475800 0.4415095 0.4327262 0.4405226 0.4541725 0.4605742 0.4906110 0.4651295 0.4589792 0.4579842 0.3461807 0.0000000 0.4336716 0.4592640 0.4664652 0.4605046 0.4402407 0.4466813 0.4657474 0.4599175 0.4483023 0.4343581 
n285_288   0.3027913 0.3029282 0.3163150 0.3981808 0.3058910 0.0134543 0.2762124 0.3028402 0.3080036 0.3235473 0.2904129 0.3080794 0.1388568 0.3802821 0.4336716 0.0000000 0.2857033 0.3129250 0.3080067 0.3032885 0.2979804 0.1513638 0.2911854 0.3213495 0.2983350 
n299_302   0.2880882 0.2885431 0.2877697 0.4005758 0.0661419 0.2854603 0.0168546 0.2884591 0.2935295 0.3082854 0.0033374 0.2834814 0.2819525 0.3936346 0.4592640 0.2857033 0.0000000 0.2983769 0.2935362 0.2885579 0.2833570 0.2972689 0.0271616 0.0771775 0.2836911 
n290_293   0.0271672 0.0134725 0.1385400 0.3997059 0.2930819 0.3227911 0.2883203 0.0067036 0.0100803 0.0850001 0.3031971 0.0341429 0.3453415 0.3869511 0.4664652 0.3129250 0.2983769 0.0000000 0.0168809 0.0272054 0.0237310 0.3621998 0.2933742 0.2979403 0.0306723 
n295_298   0.0237080 0.0033450 0.1307026 0.4059963 0.2882772 0.3178178 0.2835407 0.0100833 0.0134778 0.0776099 0.2983301 0.0306462 0.3402084 0.3931134 0.4605046 0.3080067 0.2935362 0.0168809 0.0000000 0.0237413 0.0202868 0.3569502 0.2885624 0.2931075 0.0271913 
n294_297   0.0067019 0.0203006 0.1305953 0.3873033 0.2833379 0.3130525 0.2786291 0.0203119 0.0237567 0.0738115 0.2933227 0.0134749 0.3400715 0.3748018 0.4402407 0.3032885 0.2885579 0.0272054 0.0237413 0.0000000 0.0033454 0.3568084 0.2836158 0.2881374 0.0033424 
n297_300   0.0033408 0.0168651 0.1265356 0.3932696 0.2781812 0.3076741 0.2735047 0.0168745 0.0203000 0.0700677 0.2880882 0.0100753 0.3344632 0.3806521 0.4466813 0.2979804 0.2833570 0.0237310 0.0202868 0.0033454 0.0000000 0.3510537 0.2784515 0.2829455 0.0067048 
n265_268   0.3562030 0.3515137 0.3499360 0.4346243 0.3030427 0.1512368 0.2825148 0.3514110 0.3569631 0.3668727 0.3020687 0.3558463 0.0202811 0.4043633 0.4657474 0.1513638 0.2972689 0.3621998 0.3569502 0.3568084 0.3510537 0.0000000 0.3028853 0.3185326 0.3514893 
n274_277   0.2831554 0.2836009 0.2876602 0.4133018 0.0698592 0.2909367 0.0168626 0.2835184 0.2885546 0.3032197 0.0306092 0.2785730 0.2874188 0.4001881 0.4599175 0.2911854 0.0271616 0.2933742 0.2885624 0.2836158 0.2784515 0.3028853 0.0000000 0.0809627 0.2787787 
n278_281   0.2876691 0.2881227 0.2970442 0.4240954 0.0168613 0.3210708 0.0698698 0.2880389 0.2931007 0.3227608 0.0808329 0.2880080 0.3027087 0.4113553 0.4483023 0.3213495 0.0771775 0.2979403 0.2931075 0.2881374 0.2829455 0.3185326 0.0809627 0.0000000 0.2832786 
n293_296   0.0100740 0.0237349 0.1345512 0.3818133 0.2785077 0.3080424 0.2738248 0.0237481 0.0272091 0.0775038 0.2884289 0.0168795 0.3348725 0.3694087 0.4343581 0.2983350 0.2836911 0.0306723 0.0271913 0.0033424 0.0067048 0.3514893 0.2787787 0.2832786 0.0000000 
