25
n278_307   0.0000000 0.2438110 0.3210567 0.3369726 0.3372485 0.2730704 0.3263615 0.4935719 0.3308655 0.3629338 0.3315949 0.4855227 0.3422739 0.3369324 0.0516765 0.2879627 0.0516837 0.3018859 0.0445753 0.0481630 0.2487687 0.4730543 0.3321108 0.4490833 0.0624765 
n266_295   0.2438110 0.0000000 0.2728717 0.2829773 0.2831546 0.1285240 0.2782323 0.3632170 0.2873082 0.3021576 0.2831639 0.3566762 0.2879235 0.2929022 0.2300498 0.1284322 0.2300836 0.2924764 0.2209732 0.2257422 0.0238422 0.3842000 0.2835052 0.3905103 0.2439718 
n296_325   0.3210567 0.2728717 0.0000000 0.0411157 0.0168589 0.3028678 0.0410722 0.3869858 0.0100459 0.1191454 0.0446050 0.3686050 0.0446470 0.0237040 0.3012051 0.3027292 0.3111207 0.1767554 0.3009832 0.3063626 0.2778204 0.3676018 0.0482316 0.3565420 0.3162627 
n293_322   0.3369726 0.2829773 0.0411157 0.0000000 0.0411876 0.3192649 0.0134592 0.4039852 0.0517248 0.1271829 0.0168646 0.3851441 0.0033425 0.0482654 0.3219920 0.3191171 0.3321930 0.1943814 0.3217489 0.3273091 0.2931833 0.3905275 0.0203183 0.3672995 0.3423504 
n289_318   0.3372485 0.2831546 0.0168589 0.0411876 0.0000000 0.3087072 0.0411441 0.3992861 0.0271425 0.1155264 0.0446833 0.3805417 0.0447253 0.0100810 0.3169644 0.3085653 0.3270970 0.1814333 0.3167265 0.3222433 0.2881784 0.3741314 0.0483163 0.3629563 0.3323611 
n285_314   0.2730704 0.1285240 0.3028678 0.3192649 0.3087072 0.0000000 0.3142935 0.3810511 0.3074312 0.3447173 0.3194852 0.3971278 0.3192886 0.3187921 0.2588611 0.0135368 0.2589000 0.3135621 0.2494031 0.2494196 0.1326012 0.4206251 0.3150912 0.3924455 0.2683550 
n298_327   0.3263615 0.2782323 0.0410722 0.0134592 0.0411441 0.3142935 0.0000000 0.3923431 0.0516697 0.1270409 0.0033408 0.3738213 0.0168625 0.0482142 0.3115765 0.3141483 0.3216377 0.1771214 0.3113440 0.3168153 0.2883766 0.3904615 0.0202971 0.3729682 0.3316569 
n251_280   0.4935719 0.3632170 0.3869858 0.4039852 0.3992861 0.3810511 0.3923431 0.0000000 0.3977850 0.4395792 0.3981440 0.0445958 0.4098794 0.4107142 0.4438233 0.3745590 0.4551280 0.3979121 0.4492631 0.4560420 0.3863548 0.3396405 0.4049444 0.3772464 0.4745408 
n295_324   0.3308655 0.2873082 0.0100459 0.0517248 0.0271425 0.3074312 0.0516697 0.3977850 0.0000000 0.1308920 0.0552523 0.3850923 0.0481563 0.0340760 0.3107923 0.3072904 0.3208193 0.1850116 0.3105612 0.3160129 0.2923488 0.3786469 0.0589463 0.3727355 0.3260246 
n236_263   0.3629338 0.3021576 0.1191454 0.1271829 0.1155264 0.3447173 0.1270409 0.4395792 0.1308920 0.0000000 0.1310253 0.4262112 0.1311591 0.1193695 0.3263793 0.3445560 0.3311234 0.2029218 0.3311217 0.3367442 0.2973468 0.4248316 0.1352505 0.4305469 0.3468002 
n297_326   0.3315949 0.2831639 0.0446050 0.0168646 0.0446833 0.3194852 0.0033408 0.3981440 0.0552523 0.1310253 0.0000000 0.3794620 0.0202840 0.0517870 0.3167153 0.3193372 0.3268441 0.1814092 0.3164777 0.3219920 0.2933791 0.3962224 0.0237375 0.3785925 0.3369302 
n255_284   0.4855227 0.3566762 0.3686050 0.3851441 0.3805417 0.3971278 0.3738213 0.0445958 0.3850923 0.4262112 0.3794620 0.0000000 0.3908695 0.3916657 0.4363745 0.3907426 0.4475576 0.3911021 0.4417591 0.4484486 0.3736463 0.3278822 0.3860467 0.3646158 0.4667210 
n294_323   0.3422739 0.2879235 0.0446470 0.0033425 0.0447253 0.3192886 0.0168625 0.4098794 0.0481563 0.1311591 0.0202840 0.3908695 0.0000000 0.0518359 0.3271945 0.3191408 0.3374660 0.1987556 0.3269460 0.3325511 0.2982018 0.3962901 0.0237593 0.3728753 0.3476935 
n290_319   0.3369324 0.2929022 0.0237040 0.0482654 0.0100810 0.3187921 0.0482142 0.4107142 0.0340760 0.1193695 0.0517870 0.3916657 0.0518359 0.0000000 0.3166710 0.3186448 0.3267923 0.1857094 0.3164336 0.3219438 0.2929289 0.3851420 0.0554653 0.3738156 0.3320503 
n280_309   0.0516765 0.2300498 0.3012051 0.3219920 0.3169644 0.2588611 0.3115765 0.4438233 0.3107923 0.3263793 0.3167153 0.4363745 0.3271945 0.3166710 0.0000000 0.2734679 0.0134251 0.2873511 0.0066813 0.0100539 0.2396249 0.4303478 0.3172072 0.4314783 0.0236593 
n286_315   0.2879627 0.1284322 0.3027292 0.3191171 0.3085653 0.0135368 0.3141483 0.3745590 0.3072904 0.3445560 0.3193372 0.3907426 0.3191408 0.3186448 0.2734679 0.0000000 0.2735095 0.3078834 0.2638172 0.2638347 0.1325063 0.4140110 0.3149453 0.3860943 0.2831550 
n300_329   0.0516837 0.2300836 0.3111207 0.3321930 0.3270970 0.2589000 0.3216377 0.4551280 0.3208193 0.3311234 0.3268441 0.4475576 0.3374660 0.3267923 0.0134251 0.2735095 0.0000000 0.2971176 0.0066823 0.0100553 0.2396604 0.4421399 0.3273527 0.4315565 0.0236625 
n200_223   0.3018859 0.2924764 0.1767554 0.1943814 0.1814333 0.3135621 0.1771214 0.3979121 0.1850116 0.2029218 0.1814092 0.3911021 0.1987556 0.1857094 0.2873511 0.3078834 0.2971176 0.0000000 0.2871421 0.2924237 0.2929119 0.4129403 0.2032838 0.4253637 0.3123578 
n299_328   0.0445753 0.2209732 0.3009832 0.3217489 0.3167265 0.2494031 0.3113440 0.4492631 0.3105612 0.3311217 0.3164777 0.4417591 0.3269460 0.3164336 0.0066813 0.2638172 0.0066823 0.2871421 0.0000000 0.0033362 0.2304211 0.4299780 0.3169689 0.4195231 0.0168223 
n292_321   0.0481630 0.2257422 0.3063626 0.3273091 0.3222433 0.2494196 0.3168153 0.4560420 0.3160129 0.3367442 0.3219920 0.4484486 0.3325511 0.3219438 0.0100539 0.2638347 0.0100553 0.2924237 0.0033362 0.0000000 0.2352657 0.4365530 0.3224929 0.4260196 0.0202517 
n265_294   0.2487687 0.0238422 0.2778204 0.2931833 0.2881784 0.1326012 0.2883766 0.3863548 0.2923488 0.2973468 0.2933791 0.3736463 0.2982018 0.2929289 0.2396249 0.1325063 0.2396604 0.2929119 0.2304211 0.2352657 0.0000000 0.3899356 0.2937341 0.3905187 0.2537491 
n244_271   0.4730543 0.3842000 0.3676018 0.3905275 0.3741314 0.4206251 0.3904615 0.3396405 0.3786469 0.4248316 0.3962224 0.3278822 0.3962901 0.3851420 0.4303478 0.4140110 0.4421399 0.4129403 0.4299780 0.4365530 0.3899356 0.0000000 0.4025038 0.1685683 0.4545406 
n275_304   0.3321108 0.2835052 0.0482316 0.0203183 0.0483163 0.3150912 0.0202971 0.4049444 0.0589463 0.1352505 0.0237375 0.3860467 0.0237593 0.0554653 0.3172072 0.3149453 0.3273527 0.2032838 0.3169689 0.3224929 0.2937341 0.4025038 0.0000000 0.3794473 0.3374553 
n244_273   0.4490833 0.3905103 0.3565420 0.3672995 0.3629563 0.3924455 0.3729682 0.3772464 0.3727355 0.4305469 0.3785925 0.3646158 0.3728753 0.3738156 0.4314783 0.3860943 0.4315565 0.4253637 0.4195231 0.4260196 0.3905187 0.1685683 0.3794473 0.0000000 0.4189553 
n274_303   0.0624765 0.2439718 0.3162627 0.3423504 0.3323611 0.2683550 0.3316569 0.4745408 0.3260246 0.3468002 0.3369302 0.4667210 0.3476935 0.3320503 0.0236593 0.2831550 0.0236625 0.3123578 0.0168223 0.0202517 0.2537491 0.4545406 0.3374553 0.4189553 0.0000000 
