24
n236_237   0.0000000 0.2763515 0.1358703 0.3161876 0.1279603 0.4165687 0.1318279 0.3109185 0.1443167 0.3165879 0.1319562 0.3054836 0.3166247 0.3067569 0.1361568 0.3163182 0.3111687 0.1525885 0.3055388 0.1483947 0.1402409 0.4002847 0.4541003 0.1863035 
n266_267   0.2763515 0.0000000 0.2662235 0.2660874 0.2664180 0.3663216 0.2613376 0.1366173 0.2814435 0.2471261 0.2661956 0.2563663 0.2471539 0.0238600 0.2816834 0.2469262 0.2422328 0.2916681 0.1284723 0.2917560 0.2765000 0.3441340 0.3780480 0.3011770 
n296_297   0.1358703 0.2662235 0.0000000 0.3206552 0.0168202 0.3920459 0.0033325 0.3161637 0.0554618 0.3051980 0.0202297 0.2997716 0.3052332 0.2859436 0.0554798 0.3049409 0.2998825 0.0627200 0.3107414 0.0663697 0.0518704 0.4049987 0.4101934 0.1991006 
n277_278   0.3161876 0.2660874 0.3206552 0.0000000 0.3208912 0.4481469 0.3154006 0.3156873 0.3158336 0.0554518 0.3261106 0.0202702 0.0554573 0.2858253 0.3216025 0.0518292 0.0446999 0.3214269 0.3052041 0.3374899 0.3213254 0.4179511 0.4546734 0.3636516 
n290_291   0.1279603 0.2664180 0.0168202 0.3208912 0.0000000 0.4037795 0.0134233 0.3163967 0.0483365 0.3054221 0.0033335 0.2999913 0.3054574 0.2861534 0.0483521 0.3051647 0.3001023 0.0555278 0.3109700 0.0591444 0.0447768 0.3933684 0.4222365 0.1905316 
n255_256   0.4165687 0.3663216 0.3920459 0.4481469 0.4037795 0.0000000 0.3920607 0.4302790 0.4282980 0.4361606 0.4096156 0.4356825 0.4362149 0.4010429 0.4283871 0.4357520 0.4297082 0.4409577 0.4238786 0.4223602 0.4222981 0.2649861 0.0307558 0.4277298 
n295_296   0.1318279 0.2613376 0.0033325 0.3154006 0.0134233 0.3920607 0.0000000 0.3109318 0.0518627 0.3000535 0.0168168 0.2946699 0.3000880 0.2809227 0.0518795 0.2998017 0.2947786 0.0590831 0.3055512 0.0627141 0.0482893 0.3990807 0.4102093 0.1946852 
n286_287   0.3109185 0.1366173 0.3161637 0.3156873 0.3163967 0.4302790 0.3109318 0.0000000 0.3380469 0.2954925 0.3215942 0.3052999 0.2955264 0.1489015 0.3437031 0.2951076 0.2902459 0.3545503 0.0067066 0.3546686 0.3327141 0.3823572 0.4304572 0.3369925 
n298_299   0.1443167 0.2814435 0.0554618 0.3158336 0.0483365 0.4282980 0.0518627 0.3380469 0.0000000 0.3160818 0.0519105 0.2950709 0.3161185 0.3069007 0.0272042 0.3158130 0.3106743 0.0341665 0.3324420 0.0376737 0.0100673 0.4173614 0.4603830 0.1995834 
n299_300   0.3165879 0.2471261 0.3051980 0.0554518 0.3054221 0.4361606 0.3000535 0.2954925 0.3160818 0.0000000 0.3105342 0.0554722 0.0066965 0.2712309 0.3218938 0.0168569 0.0100673 0.3269872 0.2852901 0.3325240 0.3215789 0.4007558 0.4425813 0.3368792 
n287_288   0.1319562 0.2661956 0.0202297 0.3261106 0.0033335 0.4096156 0.0168168 0.3215942 0.0519105 0.3105342 0.0000000 0.3050616 0.3105701 0.2859115 0.0519273 0.3102714 0.3051746 0.0591378 0.3161267 0.0627722 0.0483337 0.3991393 0.4282280 0.1948820 
n278_279   0.3054836 0.2563663 0.2997716 0.0202702 0.2999913 0.4356825 0.2946699 0.3052999 0.2950709 0.0554722 0.3050616 0.0000000 0.0554777 0.2758376 0.3006478 0.0518483 0.0447163 0.3004874 0.2949680 0.3160762 0.3003918 0.4059708 0.4420950 0.3417493 
n292_293   0.3166247 0.2471539 0.3052332 0.0554573 0.3054574 0.4362149 0.3000880 0.2955264 0.3161185 0.0066965 0.3105701 0.0554777 0.0000000 0.2712617 0.3219314 0.0168586 0.0100673 0.3270255 0.2853227 0.3325630 0.3216164 0.4008048 0.4426367 0.3369188 
n265_266   0.3067569 0.0238600 0.2859436 0.2858253 0.2861534 0.4010429 0.2809227 0.1489015 0.3069007 0.2712309 0.2859115 0.2758376 0.2712617 0.0000000 0.3071666 0.2710076 0.2661608 0.3175030 0.1406139 0.3176029 0.3017832 0.3552264 0.4072027 0.3326358 
n293_294   0.1361568 0.2816834 0.0554798 0.3216025 0.0483521 0.4283871 0.0518795 0.3437031 0.0272042 0.3218938 0.0519273 0.3006478 0.3219314 0.3071666 0.0000000 0.3216185 0.3164325 0.0203075 0.3380496 0.0100718 0.0237483 0.4175014 0.4604764 0.1951993 
n280_281   0.3163182 0.2469262 0.3049409 0.0518292 0.3051647 0.4357520 0.2998017 0.2951076 0.3158130 0.0168569 0.3102714 0.0518483 0.0168586 0.2710076 0.3216185 0.0000000 0.0066919 0.3267066 0.2849211 0.3322372 0.3213041 0.4001918 0.4421645 0.3418774 
n274_275   0.3111687 0.2422328 0.2998825 0.0446999 0.3001023 0.4297082 0.2947786 0.2902459 0.3106743 0.0100673 0.3051746 0.0447163 0.0100673 0.2661608 0.3164325 0.0066919 0.0000000 0.3214882 0.2801235 0.3269768 0.3161241 0.3946146 0.4360671 0.3365605 
n275_276   0.1525885 0.2916681 0.0627200 0.3214269 0.0555278 0.4409577 0.0590831 0.3545503 0.0341665 0.3269872 0.0591378 0.3004874 0.3270255 0.3175030 0.0203075 0.3267066 0.3214882 0.0000000 0.3488096 0.0306776 0.0306777 0.4236850 0.4736458 0.1995313 
n285_286   0.3055388 0.1284723 0.3107414 0.3052041 0.3109700 0.4238786 0.3055512 0.0067066 0.3324420 0.2852901 0.3161267 0.2949680 0.2853227 0.1406139 0.3380496 0.2849211 0.2801235 0.3488096 0.0000000 0.3489248 0.3271518 0.3708292 0.4240530 0.3314083 
n294_295   0.1483947 0.2917560 0.0663697 0.3374899 0.0591444 0.4223602 0.0627141 0.3546686 0.0376737 0.3325240 0.0627722 0.3160762 0.3325630 0.3176029 0.0100718 0.3322372 0.3269768 0.0306776 0.3489248 0.0000000 0.0341682 0.4113416 0.4541719 0.2040647 
n297_298   0.1402409 0.2765000 0.0518704 0.3213254 0.0447768 0.4222981 0.0482893 0.3327141 0.0100673 0.3215789 0.0483337 0.3003918 0.3216164 0.3017832 0.0237483 0.3213041 0.3161241 0.0306777 0.3271518 0.0341682 0.0000000 0.4114332 0.4541109 0.1951894 
n244_245   0.4002847 0.3441340 0.4049987 0.4179511 0.3933684 0.2649861 0.3990807 0.3823572 0.4173614 0.4007558 0.3991393 0.4059708 0.4008048 0.3552264 0.4175014 0.4001918 0.3946146 0.4236850 0.3708292 0.4113416 0.4114332 0.0000000 0.2899740 0.4298733 
n251_252   0.4541003 0.3780480 0.4101934 0.4546734 0.4222365 0.0307558 0.4102093 0.4304572 0.4603830 0.4425813 0.4282280 0.4420950 0.4426367 0.4072027 0.4604764 0.4421645 0.4360671 0.4736458 0.4240530 0.4541719 0.4541109 0.2899740 0.0000000 0.4658089 
n200_201   0.1863035 0.3011770 0.1991006 0.3636516 0.1905316 0.4277298 0.1946852 0.3369925 0.1995834 0.3368792 0.1948820 0.3417493 0.3369188 0.3326358 0.1951993 0.3418774 0.3365605 0.1995313 0.3314083 0.2040647 0.1951894 0.4298733 0.4658089 0.0000000 
