24
n236_237   0.0000000 0.2376032 0.0816348 0.2662894 0.0778772 0.3794291 0.0854092 0.2514497 0.0892920 0.2860591 0.0929685 0.2668923 0.2810155 0.2331440 0.0816003 0.0779470 0.2809546 0.0931330 0.0855623 0.0854968 0.3864077 0.3783091 0.1655116 0.2859840 
n266_267   0.2376032 0.0000000 0.2535311 0.2147122 0.2533985 0.3090151 0.2586935 0.1240574 0.2498234 0.2280533 0.2727954 0.2057450 0.2234034 0.0134769 0.2581488 0.2584574 0.2187844 0.2782982 0.2684967 0.2587805 0.3627215 0.3135407 0.2666636 0.2279949 
n296_297   0.0816348 0.2535311 0.0000000 0.2976676 0.0134865 0.3918136 0.0066888 0.2861089 0.0520773 0.3079788 0.0272263 0.2983530 0.3130962 0.2489626 0.0168928 0.0448773 0.3130255 0.0593068 0.0520934 0.0484838 0.4104671 0.3789040 0.1785117 0.3130834 
n277_278   0.2662894 0.2147122 0.2976676 0.0000000 0.2929414 0.3410056 0.3078056 0.2284875 0.2772184 0.0448344 0.3080027 0.0100725 0.0412764 0.2056301 0.2921165 0.2827425 0.0377372 0.2927983 0.2931287 0.2722790 0.3924394 0.3352270 0.3126473 0.0448239 
n290_291   0.0778772 0.2533985 0.0134865 0.2929414 0.0000000 0.3916012 0.0203196 0.2811253 0.0520496 0.3031968 0.0134587 0.2936152 0.3082865 0.2488324 0.0033408 0.0413181 0.3082172 0.0556721 0.0484941 0.0484580 0.4102419 0.3846614 0.1784190 0.3082738 
n255_256   0.3794291 0.3090151 0.3918136 0.3410056 0.3916012 0.0000000 0.3916274 0.3338290 0.3867951 0.3635849 0.3971752 0.3303205 0.3634976 0.3082286 0.3973326 0.3921779 0.3578407 0.4161700 0.4043429 0.3746462 0.2819577 0.0414056 0.3641908 0.3576046 
n295_296   0.0854092 0.2586935 0.0066888 0.3078056 0.0203196 0.3916274 0.0000000 0.2915099 0.0592950 0.3182551 0.0341864 0.3085171 0.3234415 0.2540928 0.0237554 0.0520200 0.3233676 0.0665947 0.0593133 0.0556663 0.4102658 0.3787279 0.1871086 0.3234288 
n286_287   0.2514497 0.1240574 0.2861089 0.2284875 0.2811253 0.3338290 0.2915099 0.0000000 0.3016036 0.2376536 0.2960857 0.2193524 0.2329363 0.1240162 0.2860324 0.2863701 0.2326121 0.3069082 0.2967697 0.2914554 0.3774611 0.3281368 0.2866218 0.2375925 
n298_299   0.0892920 0.2498234 0.0520773 0.2772184 0.0520496 0.3867951 0.0592950 0.3016036 0.0000000 0.3086165 0.0628675 0.2778510 0.3033835 0.2496242 0.0556399 0.0168891 0.3033156 0.0307117 0.0237833 0.0100673 0.4113376 0.3849235 0.1743672 0.3085343 
n299_300   0.2860591 0.2280533 0.3079788 0.0448344 0.3031968 0.3635849 0.3182551 0.2376536 0.3086165 0.0000000 0.3239411 0.0342490 0.0033474 0.2188170 0.3023387 0.3030644 0.0067090 0.3134011 0.3137559 0.3034535 0.3867619 0.3576036 0.3281781 0.0033472 
n287_288   0.0929685 0.2727954 0.0272263 0.3080027 0.0134587 0.3971752 0.0341864 0.2960857 0.0628675 0.3239411 0.0000000 0.3087152 0.3291721 0.2681254 0.0168580 0.0556255 0.3290964 0.0702769 0.0629595 0.0592245 0.4287407 0.3901734 0.1957957 0.3291594 
n278_279   0.2668923 0.2057450 0.2983530 0.0100725 0.2936152 0.3303205 0.3085171 0.2193524 0.2778510 0.0342490 0.3087152 0.0000000 0.0307437 0.1967727 0.2927868 0.2833902 0.0272567 0.2934717 0.2938035 0.2728991 0.3809777 0.3246324 0.3079226 0.0342410 
n292_293   0.2810155 0.2234034 0.3130962 0.0412764 0.3082865 0.3634976 0.3234415 0.2329363 0.3033835 0.0033474 0.3291721 0.0307437 0.0000000 0.2142273 0.3074119 0.2978760 0.0033460 0.3081387 0.3084872 0.2982571 0.3809129 0.3575184 0.3228201 0.0033467 
n265_266   0.2331440 0.0134769 0.2489626 0.2056301 0.2488324 0.3082286 0.2540928 0.1240162 0.2496242 0.2188170 0.2681254 0.1967727 0.2142273 0.0000000 0.2535576 0.2538614 0.2096679 0.2735906 0.2638428 0.2541781 0.3564333 0.3027397 0.2616008 0.2187612 
n289_290   0.0816003 0.2581488 0.0168928 0.2921165 0.0033408 0.3973326 0.0237554 0.2860324 0.0556399 0.3023387 0.0168580 0.2927868 0.3074119 0.2535576 0.0000000 0.0448570 0.3073430 0.0592807 0.0520702 0.0520313 0.4161378 0.3903263 0.1826837 0.3073991 
n293_294   0.0779470 0.2584574 0.0448773 0.2827425 0.0413181 0.3921779 0.0520200 0.2863701 0.0168891 0.3030644 0.0556255 0.2833902 0.2978760 0.2538614 0.0448570 0.0000000 0.2978099 0.0203197 0.0067085 0.0134787 0.4111383 0.3852213 0.1742907 0.3029839 
n280_281   0.2809546 0.2187844 0.3130255 0.0377372 0.3082172 0.3578407 0.3233676 0.2326121 0.3033156 0.0067090 0.3290964 0.0272567 0.0033460 0.2096679 0.3073430 0.2978099 0.0000000 0.3080695 0.3084178 0.2981908 0.3751113 0.3519121 0.3227465 0.0067074 
n275_276   0.0931330 0.2782982 0.0593068 0.2927983 0.0556721 0.4161700 0.0665947 0.3069082 0.0307117 0.3134011 0.0702769 0.2934717 0.3081387 0.2735906 0.0592807 0.0203197 0.3080695 0.0000000 0.0272524 0.0272325 0.4231816 0.4026645 0.1917667 0.3133175 
n294_295   0.0855623 0.2684967 0.0520934 0.2931287 0.0484941 0.4043429 0.0593133 0.2967697 0.0237833 0.3137559 0.0629595 0.2938035 0.3084872 0.2638428 0.0520702 0.0067085 0.3084178 0.0272524 0.0000000 0.0203362 0.4236723 0.3972416 0.1784332 0.3136721 
n297_298   0.0854968 0.2587805 0.0484838 0.2722790 0.0484580 0.3746462 0.0556663 0.2914554 0.0100673 0.3034535 0.0592245 0.2728991 0.2982571 0.2541781 0.0520313 0.0134787 0.2981908 0.0272325 0.0203362 0.0000000 0.3998073 0.3678931 0.1744977 0.3033728 
n244_245   0.3864077 0.3627215 0.4104671 0.3924394 0.4102419 0.2819577 0.4102658 0.3774611 0.4113376 0.3867619 0.4287407 0.3809777 0.3809129 0.3564333 0.4161378 0.4111383 0.3751113 0.4231816 0.4236723 0.3998073 0.0000000 0.2865010 0.3696556 0.3866546 
n251_252   0.3783091 0.3135407 0.3789040 0.3352270 0.3846614 0.0414056 0.3787279 0.3281368 0.3849235 0.3576036 0.3901734 0.3246324 0.3575184 0.3027397 0.3903263 0.3852213 0.3519121 0.4026645 0.3972416 0.3678931 0.2865010 0.0000000 0.3521660 0.3516814 
n200_201   0.1655116 0.2666636 0.1785117 0.3126473 0.1784190 0.3641908 0.1871086 0.2866218 0.1743672 0.3281781 0.1957957 0.3079226 0.3228201 0.2616008 0.1826837 0.1742907 0.3227465 0.1917667 0.1784332 0.1744977 0.3696556 0.3521660 0.0000000 0.3280901 
n300_301   0.2859840 0.2279949 0.3130834 0.0448239 0.3082738 0.3576046 0.3234288 0.2375925 0.3085343 0.0033472 0.3291594 0.0342410 0.0033467 0.2187612 0.3073991 0.3029839 0.0067074 0.3133175 0.3136721 0.3033728 0.3866546 0.3516814 0.3280901 0.0000000 
