25
n236_237   0.0000000 0.3108534 0.0893906 0.3108555 0.0970724 0.3905144 0.0894015 0.3159709 0.0894248 0.3053015 0.0970608 0.3055233 0.3106734 0.3107775 0.1009769 0.1010061 0.3052695 0.3268855 0.1049034 0.3214125 0.0971079 0.4221739 0.4276577 0.1624569 0.3052261 
n266_267   0.3108534 0.0000000 0.2541867 0.2539968 0.2690315 0.4137503 0.2542788 0.1494291 0.2544035 0.2587798 0.2689840 0.2490969 0.2589159 0.0134621 0.2741243 0.2693687 0.2490380 0.2638313 0.2690749 0.1536544 0.2693238 0.3783603 0.4075612 0.2948085 0.2489293 
n296_297   0.0893906 0.2541867 0.0000000 0.2792307 0.0203338 0.3436620 0.0033455 0.2895728 0.0342730 0.2790751 0.0203318 0.2741422 0.2791357 0.2541288 0.0237893 0.0413534 0.2791152 0.2945992 0.0484918 0.2948060 0.0449151 0.3848693 0.3723561 0.1128590 0.2739463 
n277_278   0.3108555 0.2539968 0.2792307 0.0000000 0.2841450 0.4204584 0.2844524 0.2741659 0.2845066 0.0556733 0.2840932 0.0067013 0.0484626 0.2491163 0.2893545 0.3053727 0.0448605 0.0520597 0.3000410 0.2792793 0.3000582 0.4149180 0.4333878 0.3216893 0.0484401 
n290_291   0.0970724 0.2690315 0.0203338 0.2841450 0.0000000 0.3604579 0.0237927 0.3104539 0.0413406 0.2839869 0.0067012 0.2790228 0.2840485 0.2689692 0.0033424 0.0484962 0.2840277 0.2996163 0.0557092 0.3158512 0.0520954 0.4089173 0.3898617 0.1288956 0.2788232 
n255_256   0.3905144 0.4137503 0.3436620 0.4204584 0.3604579 0.0000000 0.3494242 0.4999954 0.3607637 0.4205085 0.3603814 0.4142223 0.4270102 0.4076045 0.3663004 0.3723508 0.4080900 0.4268042 0.3663336 0.5071064 0.3723808 0.3166058 0.0629882 0.3494244 0.4080329 
n295_296   0.0894015 0.2542788 0.0033455 0.2844524 0.0237927 0.3494242 0.0000000 0.2948778 0.0342770 0.2842940 0.0237903 0.2793234 0.2843557 0.2542209 0.0272682 0.0413583 0.2843348 0.2999443 0.0484975 0.3001541 0.0449205 0.3790092 0.3783735 0.1168820 0.2791234 
n286_287   0.3159709 0.1494291 0.2895728 0.2741659 0.3104539 0.4999954 0.2948778 0.0000000 0.3054180 0.2791074 0.3103942 0.2691156 0.2791840 0.1493992 0.3158756 0.3215113 0.2791635 0.2946477 0.3158398 0.0033408 0.3160683 0.4942205 0.5000590 0.3606912 0.2790395 
n298_299   0.0894248 0.2544035 0.0342730 0.2845066 0.0413406 0.3607637 0.0342770 0.3054180 0.0000000 0.2843481 0.0413362 0.2793768 0.2844098 0.2543455 0.0449145 0.0378134 0.2843890 0.3000007 0.0378022 0.3107786 0.0342804 0.3794492 0.3963998 0.1249696 0.2791768 
n299_300   0.3053015 0.2587798 0.2790751 0.0556733 0.2839869 0.4205085 0.2842940 0.2791074 0.2843481 0.0000000 0.2839352 0.0484388 0.0203039 0.2538670 0.2891936 0.3052035 0.0168690 0.0237477 0.2998745 0.2842573 0.2998916 0.4337764 0.4270073 0.3269476 0.0066944 
n287_288   0.0970608 0.2689840 0.0203318 0.2840932 0.0067012 0.3603814 0.0237903 0.3103942 0.0413362 0.2839352 0.0000000 0.2789724 0.2839968 0.2689217 0.0100796 0.0484911 0.2839759 0.2995599 0.0557031 0.3157897 0.0520898 0.4088220 0.3897741 0.1288789 0.2787729 
n278_279   0.3055233 0.2490969 0.2741422 0.0067013 0.2790228 0.4142223 0.2793234 0.2691156 0.2793768 0.0484388 0.2789724 0.0000000 0.0413053 0.2442513 0.2841922 0.3000848 0.0377463 0.0448643 0.2947949 0.2741907 0.2948116 0.4211896 0.4270333 0.3162710 0.0412864 
n292_293   0.3106734 0.2589159 0.2791357 0.0484626 0.2840485 0.4270102 0.2843557 0.2791840 0.2844098 0.0203039 0.2839968 0.0413053 0.0000000 0.2539998 0.2892563 0.2947887 0.0100714 0.0168782 0.2999395 0.2843355 0.2895573 0.4276797 0.4335758 0.3325911 0.0134629 
n265_266   0.3107775 0.0134621 0.2541288 0.2491163 0.2689692 0.4076045 0.2542209 0.1493992 0.2543455 0.2538670 0.2689217 0.2442513 0.2539998 0.0000000 0.2740604 0.2693062 0.2441938 0.2588806 0.2590231 0.1536236 0.2692613 0.3785248 0.4076383 0.3000841 0.2440875 
n289_290   0.1009769 0.2741243 0.0237893 0.2893545 0.0033424 0.3663004 0.0272682 0.3158756 0.0449145 0.2891936 0.0100796 0.2841922 0.2892563 0.2740604 0.0000000 0.0521111 0.2892351 0.3049477 0.0593641 0.3213164 0.0557304 0.4152046 0.3959648 0.1330008 0.2839885 
n293_294   0.1010061 0.2693687 0.0413534 0.3053727 0.0484962 0.3723508 0.0413583 0.3215113 0.0378134 0.3052035 0.0484911 0.3000848 0.2947887 0.2693062 0.0521111 0.0000000 0.3052471 0.3213507 0.0413530 0.3270005 0.0033464 0.3912069 0.4146870 0.1372299 0.2998686 
n280_281   0.3052695 0.2490380 0.2791152 0.0448605 0.2840277 0.4080900 0.2843348 0.2791635 0.2843890 0.0168690 0.2839759 0.0377463 0.0100714 0.2441938 0.2892351 0.3052471 0.0000000 0.0134620 0.2999175 0.2843146 0.2999346 0.4275040 0.4207985 0.3269122 0.0100673 
n274_275   0.3268855 0.2638313 0.2945992 0.0520597 0.2996163 0.4268042 0.2999443 0.2946477 0.3000007 0.0237477 0.2995599 0.0448643 0.0168782 0.2588806 0.3049477 0.3213507 0.0134620 0.0000000 0.3158911 0.2999194 0.3159097 0.4403357 0.4333652 0.3380650 0.0168707 
n275_276   0.1049034 0.2690749 0.0484918 0.3000410 0.0557092 0.3663336 0.0484975 0.3158398 0.0378022 0.2998745 0.0557031 0.2947949 0.2999395 0.2590231 0.0593641 0.0413530 0.2999175 0.3158911 0.0000000 0.3212791 0.0378014 0.3969807 0.4082692 0.1248747 0.2945828 
n285_286   0.3214125 0.1536544 0.2948060 0.2792793 0.3158512 0.5071064 0.3001541 0.0033408 0.3107786 0.2842573 0.3157897 0.2741907 0.2843355 0.1536236 0.3213164 0.3270005 0.2843146 0.2999194 0.3212791 0.0000000 0.3215128 0.5012866 0.5071727 0.3665082 0.2841879 
n294_295   0.0971079 0.2693238 0.0449151 0.3000582 0.0520954 0.3723808 0.0449205 0.3160683 0.0342804 0.2998916 0.0520898 0.2948116 0.2895573 0.2692613 0.0557304 0.0033464 0.2999346 0.3159097 0.0378014 0.3215128 0.0000000 0.3912387 0.4147211 0.1331050 0.2945995 
n244_245   0.4221739 0.3783603 0.3848693 0.4149180 0.4089173 0.3166058 0.3790092 0.4942205 0.3794492 0.4337764 0.4088220 0.4211896 0.4276797 0.3785248 0.4152046 0.3912069 0.4275040 0.4403357 0.3969807 0.5012866 0.3912387 0.0000000 0.3331093 0.4032659 0.4210474 
n251_252   0.4276577 0.4075612 0.3723561 0.4333878 0.3898617 0.0629882 0.3783735 0.5000590 0.3963998 0.4270073 0.3897741 0.4270333 0.4335758 0.4076383 0.3959648 0.4146870 0.4207985 0.4333652 0.4082692 0.5071727 0.4147211 0.3331093 0.0000000 0.3610328 0.4144096 
n200_201   0.1624569 0.2948085 0.1128590 0.3216893 0.1288956 0.3494244 0.1168820 0.3606912 0.1249696 0.3269476 0.1288789 0.3162710 0.3325911 0.3000841 0.1330008 0.1372299 0.3269122 0.3380650 0.1248747 0.3665082 0.1331050 0.4032659 0.3610328 0.0000000 0.3160417 
n300_301   0.3052261 0.2489293 0.2739463 0.0484401 0.2788232 0.4080329 0.2791234 0.2790395 0.2791768 0.0066944 0.2787729 0.0412864 0.0134629 0.2440875 0.2839885 0.2998686 0.0100673 0.0168707 0.2945828 0.2841879 0.2945995 0.4210474 0.4144096 0.3160417 0.0000000 
