24
n236_237   0.0000000 0.2576009 0.0931427 0.2776658 0.0931031 0.3840064 0.0893997 0.2685134 0.0930763 0.2822577 0.2775684 0.2873770 0.2569799 0.0778115 0.2772934 0.2828604 0.0891833 0.2735311 0.0815475 0.0892191 0.3949734 0.3651558 0.1372140 0.2773275 
n266_267   0.2576009 0.0000000 0.2817148 0.2570515 0.2870569 0.3700052 0.2769974 0.1203377 0.2818990 0.2713195 0.2569669 0.2763449 0.0272072 0.2566883 0.2664362 0.2618959 0.2618348 0.1243549 0.2614673 0.2767509 0.3990400 0.3462120 0.2776961 0.2664705 
n296_297   0.0931427 0.2817148 0.0000000 0.3241663 0.0203136 0.4252768 0.0100891 0.2879787 0.0448945 0.3180798 0.3240366 0.3234785 0.2807393 0.0307231 0.3128828 0.3187726 0.0412978 0.2931258 0.0342162 0.0413195 0.4191257 0.4052421 0.1371106 0.3129146 
n277_278   0.2776658 0.2570515 0.3241663 0.0000000 0.3349978 0.3997298 0.3191823 0.2625232 0.3185548 0.0554938 0.0067023 0.0591162 0.2613672 0.2972532 0.0518899 0.0591889 0.3130503 0.2674851 0.3023086 0.3186043 0.4309465 0.3862352 0.3089632 0.0519013 
n290_291   0.0931031 0.2870569 0.0203136 0.3349978 0.0000000 0.4311890 0.0169005 0.2982705 0.0520753 0.3399081 0.3348596 0.3454924 0.2860572 0.0377454 0.3345586 0.3299596 0.0484356 0.3034939 0.0412734 0.0484598 0.4316219 0.4174185 0.1453738 0.3345881 
n255_256   0.3840064 0.3700052 0.4252768 0.3997298 0.4311890 0.0000000 0.4196025 0.4077999 0.4132397 0.4420154 0.3995327 0.4361643 0.3869823 0.3943321 0.4359032 0.4365847 0.4004015 0.4139358 0.4001138 0.4069352 0.3307443 0.0414494 0.3842431 0.4359100 
n295_296   0.0893997 0.2769974 0.0100891 0.3191823 0.0169005 0.4196025 0.0000000 0.2832088 0.0413715 0.3240053 0.3190562 0.3294605 0.2760415 0.0272643 0.3187607 0.3247145 0.0377940 0.2883255 0.0307435 0.0378130 0.4194704 0.3997231 0.1331507 0.3187920 
n286_287   0.2685134 0.1203377 0.2879787 0.2625232 0.2982705 0.4077999 0.2832088 0.0000000 0.2982764 0.2668270 0.2528257 0.2618742 0.1162007 0.2723891 0.2619666 0.2621008 0.2725895 0.0033408 0.2772839 0.2929858 0.4261828 0.3882052 0.2885578 0.2620011 
n298_299   0.0930763 0.2818990 0.0448945 0.3185548 0.0520753 0.4132397 0.0413715 0.2982764 0.0000000 0.3233654 0.3184294 0.3288055 0.2809221 0.0203058 0.3181346 0.3240717 0.0307039 0.3034994 0.0237446 0.0033431 0.4126235 0.3935645 0.1451901 0.3181659 
n299_300   0.2822577 0.2713195 0.3180798 0.0554938 0.3399081 0.4420154 0.3240053 0.2668270 0.3233654 0.0000000 0.0554847 0.0100446 0.2756929 0.3019405 0.0100416 0.0237068 0.3178279 0.2718108 0.3070218 0.3234159 0.4562321 0.4275872 0.3243077 0.0033325 
n278_279   0.2775684 0.2569669 0.3240366 0.0067023 0.3348596 0.3995327 0.3190562 0.2528257 0.3184294 0.0554847 0.0000000 0.0591064 0.2566422 0.2971432 0.0518815 0.0591790 0.3129290 0.2577189 0.3021951 0.3184788 0.4315473 0.3860519 0.3088445 0.0518929 
n292_293   0.2873770 0.2763449 0.3234785 0.0591162 0.3454924 0.4361643 0.3294605 0.2618742 0.3288055 0.0100446 0.0591064 0.0000000 0.2807429 0.3072020 0.0134216 0.0271611 0.3232203 0.2668233 0.3123218 0.3288572 0.4434836 0.4218517 0.3297694 0.0066812 
n265_266   0.2569799 0.0272072 0.2807393 0.2613672 0.2860572 0.3869823 0.2760415 0.1162007 0.2809221 0.2756929 0.2566422 0.2807429 0.0000000 0.2558200 0.2707897 0.2662327 0.2609440 0.1201882 0.2605794 0.2757967 0.3918253 0.3625993 0.2716513 0.2708239 
n293_294   0.0778115 0.2566883 0.0307231 0.2972532 0.0377454 0.3943321 0.0272643 0.2723891 0.0203058 0.3019405 0.2971432 0.3072020 0.2558200 0.0000000 0.2968582 0.3025911 0.0100732 0.2774155 0.0033390 0.0168734 0.3939202 0.3752475 0.1206550 0.2968912 
n280_281   0.2772934 0.2664362 0.3128828 0.0518899 0.3345586 0.4359032 0.3187607 0.2619666 0.3181346 0.0100416 0.0518815 0.0134216 0.2707897 0.2968582 0.0000000 0.0202685 0.3126366 0.2669179 0.3019078 0.3181840 0.4499990 0.4216034 0.3190573 0.0066792 
n274_275   0.2828604 0.2618959 0.3187726 0.0591889 0.3299596 0.4365847 0.3247145 0.2621008 0.3240717 0.0237068 0.0591790 0.0271611 0.2662327 0.3025911 0.0202685 0.0000000 0.3185195 0.2670531 0.3076852 0.3241224 0.4633730 0.4222644 0.3301243 0.0202732 
n275_276   0.0891833 0.2618348 0.0412978 0.3130503 0.0484356 0.4004015 0.0377940 0.2725895 0.0307039 0.3178279 0.3129290 0.3232203 0.2609440 0.0100732 0.3126366 0.3185195 0.0000000 0.2776210 0.0134615 0.0272137 0.3999802 0.3811351 0.1328153 0.3126684 
n285_286   0.2735311 0.1243549 0.2931258 0.2674851 0.3034939 0.4139358 0.2883255 0.0033408 0.3034994 0.2718108 0.2577189 0.2668233 0.1201882 0.2774155 0.2669179 0.2670531 0.2776210 0.0000000 0.2823435 0.2981673 0.4324728 0.3941566 0.2937180 0.2669523 
n294_295   0.0815475 0.2614673 0.0342162 0.3023086 0.0412734 0.4001138 0.0307435 0.2772839 0.0237446 0.3070218 0.3021951 0.3123218 0.2605794 0.0033390 0.3019078 0.3076852 0.0134615 0.2823435 0.0000000 0.0202944 0.3996932 0.3808691 0.1246301 0.3019405 
n297_298   0.0892191 0.2767509 0.0413195 0.3186043 0.0484598 0.4069352 0.0378130 0.2929858 0.0033431 0.3234159 0.3184788 0.3288572 0.2757967 0.0168734 0.3181840 0.3241224 0.0272137 0.2981673 0.0202944 0.0000000 0.4063332 0.3874587 0.1410021 0.3182153 
n244_245   0.3949734 0.3990400 0.4191257 0.4309465 0.4316219 0.3307443 0.4194704 0.4261828 0.4126235 0.4562321 0.4315473 0.4434836 0.3918253 0.3939202 0.4499990 0.4633730 0.3999802 0.4324728 0.3996932 0.4063332 0.0000000 0.3189619 0.3718763 0.4500010 
n251_252   0.3651558 0.3462120 0.4052421 0.3862352 0.4174185 0.0414494 0.3997231 0.3882052 0.3935645 0.4275872 0.3860519 0.4218517 0.3625993 0.3752475 0.4216034 0.4222644 0.3811351 0.3941566 0.3808691 0.3874587 0.3189619 0.0000000 0.3653765 0.4216147 
n200_201   0.1372140 0.2776961 0.1371106 0.3089632 0.1453738 0.3842431 0.1331507 0.2885578 0.1451901 0.3243077 0.3088445 0.3297694 0.2716513 0.1206550 0.3190573 0.3301243 0.1328153 0.2937180 0.1246301 0.1410021 0.3718763 0.3653765 0.0000000 0.3190886 
n300_301   0.2773275 0.2664705 0.3129146 0.0519013 0.3345881 0.4359100 0.3187920 0.2620011 0.3181659 0.0033325 0.0518929 0.0066812 0.2708239 0.2968912 0.0066792 0.0202732 0.3126684 0.2669523 0.3019405 0.3182153 0.4500010 0.4216147 0.3190886 0.0000000 
