24
n236_237   0.0000000 0.3514509 0.1039267 0.3152901 0.1479357 0.3457045 0.3208519 0.3352808 0.2942548 0.0925714 0.0887119 0.0962930 0.2994811 0.3459018 0.3959978 0.0924461 0.3425039 0.0924881 0.3147959 0.1080068 0.1155575 0.3456563 0.1079796 0.1078635 
n266_267   0.3514509 0.0000000 0.3786271 0.2996569 0.3471072 0.3922436 0.1607433 0.3192469 0.2741354 0.3622054 0.3563729 0.3564326 0.2792064 0.0100497 0.3955162 0.3616372 0.1693803 0.3617757 0.2935525 0.3848463 0.3901945 0.4096711 0.3959453 0.3899790 
n298_301   0.1039267 0.3786271 0.0000000 0.3467455 0.1603577 0.3849114 0.3577318 0.3675110 0.3247864 0.0482928 0.0482374 0.0553951 0.3302444 0.3728731 0.4207614 0.0517828 0.3804988 0.0518051 0.3403659 0.0306402 0.0100625 0.4080173 0.0340986 0.0306020 
n277_278   0.3152901 0.2996569 0.3467455 0.0000000 0.3004406 0.3634123 0.2751255 0.0203173 0.0307088 0.3153933 0.3099298 0.3252315 0.0342197 0.2993456 0.3793656 0.3198239 0.2806984 0.3150346 0.0555549 0.3314000 0.3570463 0.3691083 0.3473394 0.3417466 
n200_201   0.1479357 0.3471072 0.1603577 0.3004406 0.0000000 0.3572441 0.3321158 0.3200907 0.2849086 0.1563665 0.1520956 0.1481361 0.2900734 0.3415780 0.4024751 0.1439696 0.3327473 0.1562158 0.3052223 0.1565610 0.1729447 0.3742597 0.1564797 0.1522600 
n255_256   0.3457045 0.3922436 0.3849114 0.3634123 0.3572441 0.0000000 0.3422813 0.3789086 0.3354798 0.3738782 0.3679282 0.3787017 0.3410361 0.3918135 0.3118878 0.3728727 0.3536788 0.3734283 0.3685646 0.3803378 0.3787108 0.0517250 0.3855930 0.3796914 
n286_289   0.3208519 0.1607433 0.3577318 0.2751255 0.3321158 0.3422813 0.0000000 0.2941432 0.2501811 0.3364118 0.3307827 0.3304884 0.2550770 0.1565171 0.3848179 0.3355344 0.0169343 0.3360217 0.2791704 0.3532596 0.3689918 0.3586055 0.3583498 0.3526751 
n278_279   0.3352808 0.3192469 0.3675110 0.0203173 0.3200907 0.3789086 0.2941432 0.0000000 0.0518340 0.3353824 0.3297683 0.3454322 0.0554531 0.3189126 0.3954592 0.3398803 0.2998866 0.3349943 0.0773903 0.3573288 0.3780481 0.3847086 0.3681506 0.3624041 
n280_283   0.2942548 0.2741354 0.3247864 0.0307088 0.2849086 0.3354798 0.2501811 0.0518340 0.0000000 0.2943580 0.2890709 0.3039387 0.0033423 0.2738549 0.3294189 0.2987011 0.2555051 0.2940307 0.0237272 0.3098658 0.3348017 0.3409563 0.3253310 0.3199191 
n289_292   0.0925714 0.3622054 0.0482928 0.3153933 0.1563665 0.3738782 0.3364118 0.3353824 0.2943580 0.0000000 0.0033418 0.0237425 0.2995845 0.3565791 0.4031404 0.0202937 0.3585165 0.0066988 0.3148990 0.0519840 0.0590654 0.3912822 0.0591163 0.0554770 
n287_290   0.0887119 0.3563729 0.0482374 0.3099298 0.1520956 0.3679282 0.3307827 0.3297683 0.2890709 0.0033418 0.0000000 0.0202871 0.2942533 0.3507961 0.3969367 0.0168588 0.3526954 0.0033391 0.3094467 0.0483610 0.0589973 0.3851769 0.0554584 0.0518417 
n296_299   0.0962930 0.3564326 0.0553951 0.3252315 0.1481361 0.3787017 0.3304884 0.3454322 0.3039387 0.0237425 0.0202871 0.0000000 0.3092298 0.3508560 0.4085596 0.0033408 0.3523718 0.0237227 0.3247183 0.0555381 0.0662604 0.3961909 0.0626953 0.0590395 
n299_302   0.2994811 0.2792064 0.3302444 0.0342197 0.2900734 0.3410361 0.2550770 0.0554531 0.0033423 0.2995845 0.2942533 0.3092298 0.0000000 0.2789198 0.3349040 0.3039498 0.2604491 0.2992494 0.0271947 0.3152170 0.3403315 0.3465571 0.3308011 0.3253439 
n265_266   0.3459018 0.0100497 0.3728731 0.2993456 0.3415780 0.3918135 0.1565171 0.3189126 0.2738549 0.3565791 0.3507961 0.3508560 0.2789198 0.0000000 0.3779434 0.3560228 0.1650963 0.3561585 0.2932494 0.3790350 0.3843454 0.4092178 0.3900485 0.3841331 
n244_280   0.3959978 0.3955162 0.4207614 0.3793656 0.4024751 0.3118878 0.3848179 0.3954592 0.3294189 0.4031404 0.3969367 0.4085596 0.3349040 0.3779434 0.0000000 0.4024815 0.3968709 0.3972356 0.3565428 0.4040008 0.4330498 0.3275241 0.4215300 0.4153262 
n295_298   0.0924461 0.3616372 0.0517828 0.3198239 0.1439696 0.3728727 0.3355344 0.3398803 0.2987011 0.0202937 0.0168588 0.0033408 0.3039498 0.3560228 0.4024815 0.0000000 0.3575637 0.0202768 0.3193219 0.0519160 0.0625896 0.3902144 0.0590395 0.0554052 
n285_288   0.3425039 0.1693803 0.3804988 0.2806984 0.3327473 0.3536788 0.0169343 0.2998866 0.2555051 0.3585165 0.3526954 0.3523718 0.2604491 0.1650963 0.3968709 0.3575637 0.0000000 0.3580912 0.2847669 0.3759397 0.3921323 0.3702745 0.3811702 0.3753034 
n290_293   0.0924881 0.3617757 0.0518051 0.3150346 0.1562158 0.3734283 0.3360217 0.3349943 0.2940307 0.0066988 0.0033391 0.0237227 0.2992494 0.3561585 0.3972356 0.0202768 0.3580912 0.0000000 0.3145416 0.0519384 0.0626169 0.3908031 0.0590652 0.0554292 
n274_275   0.3147959 0.2935525 0.3403659 0.0555549 0.3052223 0.3685646 0.2791704 0.0773903 0.0237272 0.3148990 0.3094467 0.3247183 0.0271947 0.2932494 0.3565428 0.3193219 0.2847669 0.3145416 0.0000000 0.3251747 0.3509428 0.3629045 0.3409442 0.3354154 
n275_276   0.1080068 0.3848463 0.0306402 0.3314000 0.1565610 0.3803378 0.3532596 0.3573288 0.3098658 0.0519840 0.0483610 0.0555381 0.3152170 0.3790350 0.4040008 0.0519160 0.3759397 0.0519384 0.3251747 0.0000000 0.0411435 0.4033610 0.0306792 0.0271934 
n297_300   0.1155575 0.3901945 0.0100625 0.3570463 0.1729447 0.3787108 0.3689918 0.3780481 0.3348017 0.0590654 0.0589973 0.0662604 0.3403315 0.3843454 0.4330498 0.0625896 0.3921323 0.0626169 0.3509428 0.0411435 0.0000000 0.4015953 0.0446438 0.0410919 
n251_252   0.3456563 0.4096711 0.4080173 0.3691083 0.3742597 0.0517250 0.3586055 0.3847086 0.3409563 0.3912822 0.3851769 0.3961909 0.3465571 0.4092178 0.3275241 0.3902144 0.3702745 0.3908031 0.3629045 0.4033610 0.4015953 0.0000000 0.4087544 0.4026604 
n294_297   0.1079796 0.3959453 0.0340986 0.3473394 0.1564797 0.3855930 0.3583498 0.3681506 0.3253310 0.0591163 0.0554584 0.0626953 0.3308011 0.3900485 0.4215300 0.0590395 0.3811702 0.0590652 0.3409442 0.0306792 0.0446438 0.4087544 0.0000000 0.0033422 
n293_296   0.1078635 0.3899790 0.0306020 0.3417466 0.1522600 0.3796914 0.3526751 0.3624041 0.3199191 0.0554770 0.0518417 0.0590395 0.3253439 0.3841331 0.4153262 0.0554052 0.3753034 0.0554292 0.3354154 0.0271934 0.0410919 0.4026604 0.0033422 0.0000000 
