23
n236_237   0.0000000 0.2702540 0.0935856 0.2497064 0.1465102 0.3885674 0.2664314 0.2696688 0.2560521 0.0935128 0.0857683 0.0781745 0.2606903 0.2607359 0.2911315 0.3477810 0.2766831 0.2508799 0.0859131 0.0975856 0.4204761 0.0973543 0.0935191 
n266_267   0.2702540 0.0000000 0.2700708 0.2158312 0.2802738 0.3475547 0.0856537 0.2347563 0.2367790 0.2646759 0.2596528 0.2451469 0.2413112 0.2413535 0.0307318 0.3304200 0.0933625 0.2317641 0.2652740 0.2702897 0.3712370 0.2548026 0.2698686 
n298_301   0.0935856 0.2700708 0.0000000 0.2542395 0.1631671 0.4065090 0.2762717 0.2690870 0.2711335 0.0414696 0.0343498 0.0273326 0.2758585 0.2759067 0.2903307 0.3711783 0.2866645 0.2658316 0.0239029 0.0033569 0.4392773 0.0308402 0.0273521 
n277_278   0.2497064 0.2158312 0.2542395 0.0000000 0.2746150 0.3470543 0.2405977 0.0134483 0.0893195 0.2590958 0.2490932 0.2348328 0.1009125 0.0930774 0.2349475 0.3193075 0.2504227 0.0854350 0.2445421 0.2595222 0.3706935 0.2540129 0.2591208 
n200_201   0.1465102 0.2802738 0.1631671 0.2746150 0.0000000 0.4243394 0.3019589 0.2798938 0.2866207 0.1630356 0.1543826 0.1459535 0.2914384 0.2914892 0.3065159 0.4061559 0.3127522 0.2811830 0.1590011 0.1677005 0.4513792 0.1672877 0.1630487 
n255_256   0.3885674 0.3475547 0.4065090 0.3470543 0.4243394 0.0000000 0.3545562 0.3645433 0.3649634 0.3766614 0.3647601 0.3648055 0.3762232 0.3702827 0.3822987 0.3291605 0.3661562 0.3476871 0.3945695 0.4132736 0.0338311 0.3943656 0.4006909 
n286_289   0.2664314 0.0856537 0.2762717 0.2405977 0.3019589 0.3545562 0.0000000 0.2603300 0.2573311 0.2659774 0.2609247 0.2510368 0.2619948 0.2620408 0.1088726 0.3719876 0.0067445 0.2521278 0.2662164 0.2764974 0.3667931 0.2608078 0.2760638 
n278_279   0.2696688 0.2347563 0.2690870 0.0134483 0.2798938 0.3645433 0.2603300 0.0000000 0.1048723 0.2793115 0.2689947 0.2543246 0.1167493 0.1087082 0.2544465 0.3305310 0.2704542 0.1008813 0.2591842 0.2745020 0.3888382 0.2688475 0.2740745 
n280_283   0.2560521 0.2367790 0.2711335 0.0893195 0.2866207 0.3649634 0.2573311 0.1048723 0.0000000 0.2709019 0.2606627 0.2460885 0.0169020 0.0100790 0.2566729 0.3430302 0.2674722 0.0100771 0.2560209 0.2766012 0.3893055 0.2656974 0.2709297 
n289_292   0.0935128 0.2646759 0.0414696 0.2590958 0.1630356 0.3766614 0.2659774 0.2793115 0.2709019 0.0000000 0.0067229 0.0203799 0.2756227 0.2756708 0.2847553 0.3699283 0.2762071 0.2656064 0.0379382 0.0451007 0.4079757 0.0449967 0.0414406 
n287_290   0.0857683 0.2596528 0.0343498 0.2490932 0.1543826 0.3647601 0.2609247 0.2689947 0.2606627 0.0067229 0.0000000 0.0135069 0.2653216 0.2653679 0.2795833 0.3581656 0.2710758 0.2554577 0.0308539 0.0379311 0.3954896 0.0378440 0.0343259 
n296_299   0.0781745 0.2451469 0.0273326 0.2348328 0.1459535 0.3648055 0.2510368 0.2543246 0.2460885 0.0203799 0.0135069 0.0000000 0.2506679 0.2507118 0.2646742 0.3475721 0.2610382 0.2410021 0.0238693 0.0308674 0.3955403 0.0307968 0.0273126 
n292_295   0.2606903 0.2413112 0.2758585 0.1009125 0.2914384 0.3762232 0.2619948 0.1167493 0.0169020 0.2756227 0.2653216 0.2506679 0.0000000 0.0066979 0.2613214 0.3481533 0.2721954 0.0203161 0.2606585 0.2813634 0.4009604 0.2703864 0.2756502 
n299_302   0.2607359 0.2413535 0.2759067 0.0930774 0.2914892 0.3702827 0.2620408 0.1087082 0.0100790 0.2756708 0.2653679 0.2507118 0.0066979 0.0000000 0.2613671 0.3424471 0.2722431 0.0134607 0.2607040 0.2814126 0.3947940 0.2704336 0.2756983 
n265_266   0.2911315 0.0307318 0.2903307 0.2349475 0.3065159 0.3822987 0.1088726 0.2544465 0.2566729 0.2847553 0.2795833 0.2646742 0.2613214 0.2613671 0.0000000 0.3589672 0.1168626 0.2514868 0.2854070 0.2905700 0.4072687 0.2692722 0.2846497 
n244_280   0.3477810 0.3304200 0.3711783 0.3193075 0.4061559 0.3291605 0.3719876 0.3305310 0.3430302 0.3699283 0.3581656 0.3475721 0.3481533 0.3424471 0.3589672 0.0000000 0.3838903 0.3371221 0.3598030 0.3775728 0.3409614 0.3596210 0.3656259 
n285_288   0.2766831 0.0933625 0.2866645 0.2504227 0.3127522 0.3661562 0.0067445 0.2704542 0.2674722 0.2762071 0.2710758 0.2610382 0.2721954 0.2722431 0.1168626 0.3838903 0.0000000 0.2621812 0.2764560 0.2869003 0.3786183 0.2709541 0.2864480 
n274_275   0.2508799 0.2317641 0.2658316 0.0854350 0.2811830 0.3476871 0.2521278 0.1008813 0.0100771 0.2656064 0.2554577 0.2410021 0.0203161 0.0134607 0.2514868 0.3371221 0.2621812 0.0000000 0.2508494 0.2712472 0.3713808 0.2604485 0.2656324 
n275_276   0.0859131 0.2652740 0.0239029 0.2445421 0.1590011 0.3945695 0.2662164 0.2591842 0.2560209 0.0379382 0.0308539 0.0238693 0.2606585 0.2607040 0.2854070 0.3598030 0.2764560 0.2508494 0.0000000 0.0274224 0.4267641 0.0273597 0.0238863 
n297_300   0.0975856 0.2702897 0.0033569 0.2595222 0.1677005 0.4132736 0.2764974 0.2745020 0.2766012 0.0451007 0.0379311 0.0308674 0.2813634 0.2814126 0.2905700 0.3775728 0.2869003 0.2712472 0.0274224 0.0000000 0.4464168 0.0343991 0.0308894 
n251_252   0.4204761 0.3712370 0.4392773 0.3706935 0.4513792 0.0338311 0.3667931 0.3888382 0.3893055 0.4079757 0.3954896 0.3955403 0.4009604 0.3947940 0.4072687 0.3409614 0.3786183 0.3713808 0.4267641 0.4464168 0.0000000 0.4265385 0.4331884 
n294_297   0.0973543 0.2548026 0.0308402 0.2540129 0.1672877 0.3943656 0.2608078 0.2688475 0.2656974 0.0449967 0.0378440 0.0307968 0.2703864 0.2704336 0.2692722 0.3596210 0.2709541 0.2604485 0.0273597 0.0343991 0.4265385 0.0000000 0.0101134 
n293_296   0.0935191 0.2698686 0.0273521 0.2591208 0.1630487 0.4006909 0.2760638 0.2740745 0.2709297 0.0414406 0.0343259 0.0273126 0.2756502 0.2756983 0.2846497 0.3656259 0.2864480 0.2656324 0.0238863 0.0308894 0.4331884 0.0101134 0.0000000 
