25
n236_237   0.0000000 0.3126697 0.0888863 0.2781999 0.0775670 0.3828923 0.0813342 0.2666112 0.0777221 0.2939387 0.0813273 0.2729525 0.2939692 0.2972087 0.0889685 0.0815049 0.2828659 0.2986133 0.0814434 0.2664267 0.0814580 0.3152599 0.4005094 0.1526124 0.2937998 
n266_267   0.3126697 0.0000000 0.3020057 0.2198253 0.2865345 0.3929704 0.2917180 0.1789509 0.2970116 0.2441019 0.2916789 0.2198253 0.2489693 0.0202890 0.3023077 0.3024704 0.2485502 0.2485175 0.3021961 0.1832463 0.3021100 0.3928100 0.4111204 0.3332168 0.2488311 
n296_297   0.0888863 0.3020057 0.0000000 0.2580397 0.0168347 0.3816555 0.0066805 0.2617268 0.0482715 0.2732947 0.0168362 0.2580397 0.2783730 0.2867729 0.0237122 0.0518731 0.2677440 0.2778575 0.0518352 0.2715729 0.0518440 0.3091631 0.3992072 0.1277628 0.2782147 
n277_278   0.2781999 0.2198253 0.2580397 0.0000000 0.2434563 0.3539262 0.2483366 0.1967601 0.2584145 0.0522949 0.2483062 0.0067167 0.0632932 0.2106539 0.2533405 0.2684122 0.0595501 0.0595443 0.2681744 0.1966678 0.2632675 0.3153667 0.3655804 0.2872112 0.0559121 
n290_291   0.0775670 0.2865345 0.0168347 0.2434563 0.0000000 0.3642336 0.0100507 0.2471180 0.0411557 0.2583709 0.0033356 0.2434563 0.2633374 0.2716281 0.0100661 0.0447168 0.2529628 0.2628551 0.0446842 0.2567569 0.0446918 0.3039406 0.3813532 0.1237745 0.2631896 
n255_256   0.3828923 0.3929704 0.3816555 0.3539262 0.3642336 0.0000000 0.3700815 0.3756879 0.3600819 0.3779033 0.3700220 0.3539262 0.3717320 0.3812556 0.3760920 0.3598394 0.3831346 0.3830721 0.3655950 0.3870075 0.3656951 0.3266393 0.0308444 0.4166012 0.3774142 
n295_296   0.0813342 0.2917180 0.0066805 0.2483366 0.0100507 0.3700815 0.0000000 0.2520074 0.0411627 0.2633671 0.0100516 0.2483366 0.2683717 0.2767003 0.0168525 0.0447244 0.2579106 0.2678783 0.0446918 0.2617169 0.0446994 0.2987165 0.3873484 0.1197834 0.2682204 
n286_287   0.2666112 0.1789509 0.2617268 0.1967601 0.2471180 0.3756879 0.2520074 0.0000000 0.2569984 0.2343440 0.2519765 0.1967601 0.2391389 0.1618997 0.2619857 0.2669325 0.2387391 0.2387083 0.2666973 0.0134306 0.2618211 0.3754239 0.3808443 0.2965973 0.2390074 
n298_299   0.0777221 0.2970116 0.0482715 0.2584145 0.0411557 0.3600819 0.0411627 0.2569984 0.0000000 0.2635883 0.0376224 0.2584145 0.2685972 0.2818796 0.0447356 0.0100804 0.2681394 0.2733694 0.0100732 0.2667808 0.0033408 0.2994023 0.3771555 0.1199509 0.2684457 
n299_300   0.2939387 0.2441019 0.2732947 0.0522949 0.2583709 0.3779033 0.2633671 0.2343440 0.2635883 0.0000000 0.2633338 0.0596072 0.0101205 0.2345859 0.2684932 0.2736700 0.0135202 0.0135190 0.2734263 0.2342312 0.2684801 0.3489488 0.3779925 0.3138131 0.0033538 
n287_288   0.0813273 0.2916789 0.0168362 0.2483062 0.0033356 0.3700220 0.0100516 0.2519765 0.0376224 0.2633338 0.0000000 0.2483062 0.2683374 0.2766644 0.0066929 0.0411631 0.2578784 0.2678441 0.0411332 0.2616841 0.0411402 0.3039737 0.3872837 0.1197723 0.2681861 
n278_279   0.2729525 0.2198253 0.2580397 0.0067167 0.2434563 0.3539262 0.2483366 0.1967601 0.2584145 0.0596072 0.2483062 0.0000000 0.0632932 0.2106539 0.2533405 0.2684122 0.0558569 0.0595443 0.2681744 0.1966678 0.2632675 0.3153667 0.3655804 0.2872112 0.0632630 
n292_293   0.2939692 0.2489693 0.2783730 0.0632932 0.2633374 0.3717320 0.2683717 0.2391389 0.2685972 0.0101205 0.2683374 0.0632932 0.0000000 0.2393859 0.2735379 0.2736407 0.0169458 0.0169442 0.2785063 0.2390234 0.2735243 0.3321536 0.3718186 0.3191924 0.0067255 
n265_266   0.2972087 0.0202890 0.2867729 0.2106539 0.2716281 0.3812556 0.2767003 0.1618997 0.2818796 0.2345859 0.2766644 0.2106539 0.2393859 0.0000000 0.2870586 0.2872126 0.2389854 0.2389544 0.2869552 0.1660987 0.2868737 0.3754847 0.3991043 0.3226793 0.2392541 
n289_290   0.0889685 0.3023077 0.0237122 0.2533405 0.0100661 0.3760920 0.0168525 0.2619857 0.0447356 0.2684932 0.0066929 0.2533405 0.2735379 0.2870586 0.0000000 0.0483194 0.2629858 0.2730329 0.0482842 0.2718422 0.0482924 0.3148618 0.3935126 0.1278827 0.2733830 
n293_294   0.0815049 0.3024704 0.0518731 0.2684122 0.0447168 0.3598394 0.0447244 0.2669325 0.0100804 0.2736700 0.0411631 0.2684122 0.2736407 0.2872126 0.0483194 0.0000000 0.2782771 0.2835929 0.0134693 0.2768590 0.0134715 0.2994357 0.3768980 0.1239837 0.2785968 
n280_281   0.2828659 0.2485502 0.2677440 0.0595501 0.2529628 0.3831346 0.2579106 0.2387391 0.2681394 0.0135202 0.2578784 0.0558569 0.0169458 0.2389854 0.2629858 0.2782771 0.0000000 0.0135065 0.2780287 0.2386240 0.2730567 0.3540002 0.3832261 0.3186315 0.0169380 
n274_275   0.2986133 0.2485175 0.2778575 0.0595443 0.2628551 0.3830721 0.2678783 0.2387083 0.2733694 0.0135190 0.2678441 0.0595443 0.0169442 0.2389544 0.2730329 0.2835929 0.0135065 0.0000000 0.2833385 0.2385932 0.2783264 0.3483069 0.3831635 0.3185848 0.0169365 
n275_276   0.0814434 0.3021961 0.0518352 0.2681744 0.0446842 0.3655950 0.0446918 0.2666973 0.0100732 0.2734263 0.0411332 0.2681744 0.2785063 0.2869552 0.0482842 0.0134693 0.2780287 0.2833385 0.0000000 0.2766131 0.0134619 0.2992271 0.3827941 0.1198919 0.2783479 
n285_286   0.2664267 0.1832463 0.2715729 0.1966678 0.2567569 0.3870075 0.2617169 0.0134306 0.2667808 0.2342312 0.2616841 0.1966678 0.2390234 0.1660987 0.2718422 0.2768590 0.2386240 0.2385932 0.2766131 0.0000000 0.2716698 0.3810582 0.3985251 0.3069389 0.2388920 
n297_298   0.0814580 0.3021100 0.0518440 0.2632675 0.0446918 0.3656951 0.0446994 0.2618211 0.0033408 0.2684801 0.0411402 0.2632675 0.2735243 0.2868737 0.0482924 0.0134715 0.2730567 0.2783264 0.0134619 0.2716698 0.0000000 0.3045519 0.3829018 0.1239103 0.2733694 
n244_245   0.3152599 0.3928100 0.3091631 0.3153667 0.3039406 0.3266393 0.2987165 0.3754239 0.2994023 0.3489488 0.3039737 0.3153667 0.3321536 0.3754847 0.3148618 0.2994357 0.3540002 0.3483069 0.2992271 0.3810582 0.3045519 0.0000000 0.3378342 0.3292583 0.3430899 
n251_252   0.4005094 0.4111204 0.3992072 0.3655804 0.3813532 0.0308444 0.3873484 0.3808443 0.3771555 0.3779925 0.3872837 0.3655804 0.3718186 0.3991043 0.3935126 0.3768980 0.3832261 0.3831635 0.3827941 0.3985251 0.3829018 0.3378342 0.0000000 0.4350032 0.3775032 
n200_201   0.1526124 0.3332168 0.1277628 0.2872112 0.1237745 0.4166012 0.1197834 0.2965973 0.1199509 0.3138131 0.1197723 0.2872112 0.3191924 0.3226793 0.1278827 0.1239837 0.3186315 0.3185848 0.1198919 0.3069389 0.1239103 0.3292583 0.4350032 0.0000000 0.3190049 
n300_301   0.2937998 0.2488311 0.2782147 0.0559121 0.2631896 0.3774142 0.2682204 0.2390074 0.2684457 0.0033538 0.2681861 0.0632630 0.0067255 0.2392541 0.2733830 0.2785968 0.0169380 0.0169365 0.2783479 0.2388920 0.2733694 0.3430899 0.3775032 0.3190049 0.0000000 
