23
n236_237   0.0000000 0.0885449 0.2813486 0.0886788 0.1891238 0.2858983 0.3823317 0.2909084 0.0922976 0.2917538 0.2814354 0.1036613 0.2858888 0.0736675 0.2907739 0.0886228 0.4224418 0.0923345 0.3656637 0.0961063 0.2809354 0.2966073 0.0848787 
n287_284   0.0885449 0.0000000 0.2862634 0.0663560 0.1850546 0.2812426 0.3876310 0.2862226 0.0033408 0.2921928 0.2863517 0.0134446 0.2812335 0.0518227 0.2860911 0.0627081 0.3816714 0.0168661 0.3708617 0.0202818 0.2860658 0.3018164 0.0590899 
n278_275   0.2813486 0.2862634 0.0000000 0.3064331 0.2763220 0.0517942 0.3812974 0.0517827 0.2911192 0.3067097 0.0067030 0.3010510 0.0517946 0.2860666 0.0625830 0.2965126 0.4400079 0.2863157 0.3761795 0.2911835 0.0553690 0.3217652 0.2915815 
n275_272   0.0886788 0.0663560 0.3064331 0.0000000 0.1981856 0.3012636 0.3826705 0.3063891 0.0663481 0.3023556 0.3065281 0.0773424 0.3012527 0.0134794 0.3062439 0.0376962 0.4167612 0.0700315 0.3659844 0.0736980 0.3013853 0.3121099 0.0341935 
n200_201   0.1891238 0.1850546 0.2763220 0.1981856 0.0000000 0.2858974 0.3923923 0.2909078 0.1893112 0.2971377 0.2764070 0.2022198 0.2858880 0.1806780 0.2858858 0.1895784 0.4280704 0.1894027 0.3810459 0.1936875 0.2907477 0.3068205 0.1852985 
n299_296   0.2858983 0.2812426 0.0517942 0.3012636 0.2858974 0.0000000 0.4095649 0.0033408 0.2860654 0.3114875 0.0518092 0.2959271 0.0066919 0.2810487 0.0168395 0.2914131 0.4463378 0.2764185 0.4042821 0.2812220 0.0033388 0.3266253 0.2865166 
n255_256   0.3823317 0.3876310 0.3812974 0.3826705 0.3923923 0.4095649 0.0000000 0.4155266 0.3931772 0.4524513 0.3814171 0.4045812 0.4095404 0.3656961 0.4213513 0.3770772 0.3370575 0.3935481 0.0555320 0.3991636 0.4152660 0.4517479 0.3715799 
n300_297   0.2909084 0.2862226 0.0517827 0.3063891 0.2909078 0.0033408 0.4155266 0.0000000 0.2910777 0.3166877 0.0517976 0.3010078 0.0100630 0.2860258 0.0202586 0.2964702 0.4526192 0.2813664 0.4102067 0.2862023 0.0066944 0.3319320 0.2915398 
n289_286   0.0922976 0.0033408 0.2911192 0.0663481 0.1893112 0.2860654 0.3931772 0.2910777 0.0000000 0.2923100 0.2912091 0.0100611 0.2860560 0.0518165 0.2909430 0.0627007 0.3871726 0.0202821 0.3762906 0.0237124 0.2909174 0.3019380 0.0590828 
n286_283   0.2917538 0.2921928 0.3067097 0.3023556 0.2971377 0.3114875 0.4524513 0.3166877 0.2923100 0.0000000 0.3019131 0.3071340 0.3013712 0.2820555 0.3168739 0.2821740 0.4835459 0.2872866 0.4466276 0.2921727 0.3112830 0.0168106 0.2821783 
n277_274   0.2814354 0.2863517 0.0067030 0.3065281 0.2764070 0.0518092 0.3814171 0.0517976 0.2912091 0.3019131 0.0000000 0.3011441 0.0518096 0.2861548 0.0626011 0.2966044 0.4401470 0.2864041 0.3762977 0.2912734 0.0553850 0.3168837 0.2916717 
n290_287   0.1036613 0.0134446 0.3010510 0.0773424 0.2022198 0.2959271 0.4045812 0.3010078 0.0100611 0.3071340 0.3011441 0.0000000 0.2959167 0.0625920 0.3008665 0.0736422 0.3982560 0.0306176 0.3763939 0.0340921 0.3008405 0.3169336 0.0699743 
n274_271   0.2858888 0.2812335 0.0517946 0.3012527 0.2858880 0.0066919 0.4095404 0.0100630 0.2860560 0.3013712 0.0518096 0.2959167 0.0000000 0.2810397 0.0168397 0.2914031 0.4584329 0.2812841 0.4042584 0.2861180 0.0100589 0.3163102 0.2865070 
n293_290   0.0736675 0.0518227 0.2860666 0.0134794 0.1806780 0.2810487 0.3656961 0.2860258 0.0518165 0.2820555 0.2861548 0.0625920 0.2810397 0.0000000 0.2858945 0.0237377 0.3989915 0.0554197 0.3493895 0.0590131 0.2811608 0.2915550 0.0203024 
n280_277   0.2907739 0.2860911 0.0625830 0.3062439 0.2858858 0.0168395 0.4213513 0.0202586 0.2909430 0.3168739 0.0626011 0.3008665 0.0168397 0.2858945 0.0000000 0.2963317 0.4648453 0.2861433 0.4159973 0.2910071 0.0202501 0.3321285 0.2914046 
n297_294   0.0886228 0.0627081 0.2965126 0.0376962 0.1895784 0.2914131 0.3770772 0.2964702 0.0627007 0.2821740 0.2966044 0.0736422 0.2914031 0.0237377 0.2963317 0.0000000 0.4109101 0.0663646 0.3605139 0.0700135 0.2963058 0.2916777 0.0100817 
n244_245   0.4224418 0.3816714 0.4400079 0.4167612 0.4280704 0.4463378 0.3370575 0.4526192 0.3871726 0.4835459 0.4401470 0.3982560 0.4584329 0.3989915 0.4648453 0.4109101 0.0000000 0.3821163 0.3111032 0.3876480 0.4523238 0.4827792 0.4051665 
n295_292   0.0923345 0.0168661 0.2863157 0.0700315 0.1894027 0.2764185 0.3935481 0.2813664 0.0202821 0.2872866 0.2864041 0.0306176 0.2812841 0.0554197 0.2861433 0.0663646 0.3821163 0.0000000 0.3766387 0.0033434 0.2812130 0.2968543 0.0627283 
n251_252   0.3656637 0.3708617 0.3761795 0.3659844 0.3810459 0.4042821 0.0555320 0.4102067 0.3762906 0.4466276 0.3762977 0.3763939 0.4042584 0.3493895 0.4159973 0.3605139 0.3111032 0.3766387 0.0000000 0.3821324 0.4099506 0.4459354 0.3551341 
n296_293   0.0961063 0.0202818 0.2911835 0.0736980 0.1936875 0.2812220 0.3991636 0.2862023 0.0237124 0.2921727 0.2912734 0.0340921 0.2861180 0.0590131 0.2910071 0.0700135 0.3876480 0.0033434 0.3821324 0.0000000 0.2860455 0.3017968 0.0663604 
n292_289   0.2809354 0.2860658 0.0553690 0.3013853 0.2907477 0.0033388 0.4152660 0.0066944 0.2909174 0.3112830 0.0553850 0.3008405 0.0100589 0.2811608 0.0202501 0.2963058 0.4523238 0.2812130 0.4099506 0.2860455 0.0000000 0.3264088 0.2913790 
n285_282   0.2966073 0.3018164 0.3217652 0.3121099 0.3068205 0.3266253 0.4517479 0.3319320 0.3019380 0.0168106 0.3168837 0.3169336 0.3163102 0.2915550 0.3321285 0.2916777 0.4827792 0.2968543 0.4459354 0.3017968 0.3264088 0.0000000 0.2916814 
n298_295   0.0848787 0.0590899 0.2915815 0.0341935 0.1852985 0.2865166 0.3715799 0.2915398 0.0590828 0.2821783 0.2916717 0.0699743 0.2865070 0.0203024 0.2914046 0.0100817 0.4051665 0.0627283 0.3551341 0.0663604 0.2913790 0.2916814 0.0000000 
