24
n236_237   0.0000000 0.2601254 0.0737782 0.2592363 0.0812372 0.3352570 0.0700896 0.2405710 0.0737083 0.2690112 0.0812981 0.2544788 0.2457772 0.0812372 0.0700460 0.2888347 0.2884915 0.2405035 0.0663540 0.0700089 0.3086877 0.3351384 0.0962845 0.2738663 
n266_267   0.2601254 0.0000000 0.2552516 0.2846541 0.2652226 0.3980872 0.2553899 0.1442467 0.2649837 0.3049747 0.2702455 0.2797098 0.0169094 0.2699740 0.2650017 0.3259115 0.3255097 0.1441741 0.2600456 0.2601088 0.4218250 0.4040429 0.2645183 0.3100943 
n296_297   0.0737782 0.2552516 0.0000000 0.2595315 0.0202924 0.3517532 0.0033408 0.2452479 0.0306507 0.2742260 0.0203062 0.2547655 0.2409990 0.0202924 0.0306507 0.2942267 0.2938748 0.2451789 0.0271707 0.0306351 0.3296377 0.3411644 0.1117754 0.2791232 
n277_278   0.2592363 0.2846541 0.2595315 0.0000000 0.2645454 0.4025978 0.2547526 0.2502682 0.2593571 0.0849556 0.2695472 0.0033422 0.2648702 0.2692775 0.2690540 0.0963561 0.1000787 0.2550221 0.2640862 0.2641508 0.3794136 0.4024232 0.2733807 0.0887161 
n290_291   0.0812372 0.2652226 0.0202924 0.2645454 0.0000000 0.3575347 0.0168706 0.2550455 0.0306671 0.2793559 0.0134698 0.2597435 0.2507566 0.0066979 0.0376532 0.2995161 0.2890622 0.2549731 0.0341360 0.0306514 0.3244589 0.3521194 0.1196519 0.2842910 
n255_256   0.3352570 0.3980872 0.3517532 0.4025978 0.3575347 0.0000000 0.3463304 0.3802663 0.3465271 0.4269062 0.3632685 0.3968143 0.3806482 0.3628508 0.3413337 0.4516915 0.4510703 0.3859518 0.3358019 0.3410883 0.3187998 0.0519219 0.3454585 0.4329394 
n295_296   0.0700896 0.2553899 0.0033408 0.2547526 0.0168706 0.3463304 0.0000000 0.2453796 0.0271803 0.2693472 0.0168820 0.2500174 0.2411284 0.0168706 0.0271802 0.2892111 0.2888667 0.2453105 0.0237180 0.0271664 0.3243856 0.3358167 0.1078877 0.2742119 
n286_287   0.2405710 0.1442467 0.2452479 0.2502682 0.2550455 0.3802663 0.2453796 0.0000000 0.2548174 0.2550138 0.2599797 0.2455575 0.1279981 0.2597232 0.2548338 0.2744866 0.2741639 0.0033506 0.2499633 0.2500225 0.3741598 0.3919193 0.2496703 0.2597856 
n298_299   0.0737083 0.2649837 0.0306507 0.2593571 0.0306671 0.3465271 0.0271803 0.2548174 0.0000000 0.2740418 0.0376795 0.2545943 0.2505323 0.0376533 0.0168546 0.2940292 0.2936778 0.2547452 0.0134468 0.0033372 0.3295060 0.3518712 0.1116661 0.2789357 
n299_300   0.2690112 0.3049747 0.2742260 0.0849556 0.2793559 0.4269062 0.2693472 0.2550138 0.2740418 0.0000000 0.2844728 0.0812140 0.2846234 0.2841816 0.2839451 0.0168536 0.0134369 0.2597989 0.2788651 0.2789357 0.3908041 0.4205415 0.2884689 0.0033375 
n287_288   0.0812981 0.2702455 0.0203062 0.2695472 0.0134698 0.3632685 0.0168820 0.2599797 0.0376795 0.2844728 0.0000000 0.2647099 0.2556708 0.0134698 0.0376795 0.3047912 0.2942505 0.2599057 0.0341597 0.0376602 0.3299047 0.3578071 0.1118388 0.2894455 
n278_279   0.2544788 0.2797098 0.2547655 0.0033422 0.2597435 0.3968143 0.2500174 0.2455575 0.2545943 0.0812140 0.2647099 0.0000000 0.2600594 0.2644470 0.2642275 0.1002030 0.0962615 0.2502809 0.2592944 0.2593571 0.3738078 0.3966451 0.2735439 0.0849556 
n265_266   0.2457772 0.0169094 0.2409990 0.2648702 0.2507566 0.3806482 0.2411284 0.1279981 0.2505323 0.2846234 0.2556708 0.2600594 0.0000000 0.2554195 0.2505482 0.3049586 0.3045897 0.1320086 0.2456971 0.2457549 0.4038181 0.3864618 0.2500509 0.2896001 
n289_290   0.0812372 0.2699740 0.0202924 0.2692775 0.0066979 0.3628508 0.0168706 0.2597232 0.0376533 0.2841816 0.0134698 0.2644470 0.2554195 0.0000000 0.0376532 0.3044695 0.2939451 0.2596493 0.0341360 0.0376339 0.3295443 0.3573989 0.1196519 0.2891470 
n293_294   0.0700460 0.2650017 0.0306507 0.2690540 0.0376532 0.3413337 0.0271802 0.2548338 0.0168546 0.2839451 0.0376795 0.2642275 0.2505482 0.0376532 0.0000000 0.3042156 0.3038486 0.2547616 0.0033408 0.0134485 0.3295216 0.3466460 0.1078205 0.2889063 
n280_281   0.2888347 0.3259115 0.2942267 0.0963561 0.2995161 0.4516915 0.2892111 0.2744866 0.2940292 0.0168536 0.3047912 0.1002030 0.3049586 0.3044695 0.3042156 0.0000000 0.0271523 0.2794032 0.2989813 0.2990606 0.4143447 0.4450778 0.3035596 0.0202715 
n274_275   0.2884915 0.3255097 0.2938748 0.1000787 0.2890622 0.4510703 0.2888667 0.2741639 0.2936778 0.0134369 0.2942505 0.0962615 0.3045897 0.2939451 0.3038486 0.0271523 0.0000000 0.2790733 0.2986225 0.2987015 0.4137940 0.4444700 0.3032620 0.0168345 
n285_286   0.2405035 0.1441741 0.2451789 0.2550221 0.2549731 0.3859518 0.2453105 0.0033506 0.2547452 0.2597989 0.2599057 0.2502809 0.1320086 0.2596493 0.2547616 0.2794032 0.2790733 0.0000000 0.2498927 0.2499519 0.3797931 0.3976970 0.2544119 0.2646019 
n294_295   0.0663540 0.2600456 0.0271707 0.2640862 0.0341360 0.3358019 0.0237180 0.2499633 0.0134468 0.2788651 0.0341597 0.2592944 0.2456971 0.0341360 0.0033408 0.2989813 0.2986225 0.2498927 0.0000000 0.0100594 0.3241022 0.3410739 0.1039154 0.2837897 
n297_298   0.0700089 0.2601088 0.0306351 0.2641508 0.0306514 0.3410883 0.0271664 0.2500225 0.0033372 0.2789357 0.0376602 0.2593571 0.2457549 0.0376339 0.0134485 0.2990606 0.2987015 0.2499519 0.0100594 0.0000000 0.3242065 0.3463955 0.1077606 0.2838623 
n244_245   0.3086877 0.4218250 0.3296377 0.3794136 0.3244589 0.3187998 0.3243856 0.3741598 0.3295060 0.3908041 0.3299047 0.3738078 0.4038181 0.3295443 0.3295216 0.4143447 0.4137940 0.3797931 0.3241022 0.3242065 0.0000000 0.3034164 0.3135687 0.3965419 
n251_252   0.3351384 0.4040429 0.3411644 0.4024232 0.3521194 0.0519219 0.3358167 0.3919193 0.3518712 0.4205415 0.3578071 0.3966451 0.3864618 0.3573989 0.3466460 0.4450778 0.4444700 0.3976970 0.3410739 0.3463955 0.3034164 0.0000000 0.3456314 0.4265158 
n200_201   0.0962845 0.2645183 0.1117754 0.2733807 0.1196519 0.3454585 0.1078877 0.2496703 0.1116661 0.2884689 0.1118388 0.2735439 0.2500509 0.1196519 0.1078205 0.3035596 0.3032620 0.2544119 0.1039154 0.1077606 0.3135687 0.3456314 0.0000000 0.2934529 
n300_301   0.2738663 0.3100943 0.2791232 0.0887161 0.2842910 0.4329394 0.2742119 0.2597856 0.2789357 0.0033375 0.2894455 0.0849556 0.2896001 0.2891470 0.2889063 0.0202715 0.0168345 0.2646019 0.2837897 0.2838623 0.3965419 0.4265158 0.2934529 0.0000000 
