24
n236_237   0.0000000 0.3115521 0.0888605 0.3317480 0.0926521 0.4371293 0.0850982 0.3151853 0.1042929 0.3649159 0.0927349 0.3264627 0.3592711 0.2862022 0.0965423 0.3646359 0.3544696 0.0927212 0.3209872 0.1003828 0.4129457 0.4256708 0.2002006 0.3597049 
n266_267   0.3115521 0.0000000 0.2866929 0.3112408 0.2866162 0.4194055 0.2817439 0.1606519 0.3021837 0.3486831 0.2920175 0.3060969 0.3379935 0.0411935 0.3018727 0.3432162 0.3278768 0.2967583 0.1566010 0.3070280 0.3842282 0.4021628 0.3741422 0.3543458 
n296_297   0.0888605 0.2866929 0.0000000 0.3107323 0.0100764 0.3548199 0.0033435 0.3008794 0.0272151 0.3218730 0.0100850 0.3055993 0.3269329 0.2715969 0.0203038 0.3320752 0.3275282 0.0168788 0.3010975 0.0237450 0.3499798 0.3451842 0.1739806 0.3378567 
n277_278   0.3317480 0.3112408 0.3107323 0.0000000 0.3106500 0.4422268 0.3056451 0.2998091 0.3427855 0.0889835 0.3112420 0.0100726 0.0814718 0.2902402 0.3318428 0.0851933 0.0816137 0.3265366 0.2997151 0.3371947 0.4265225 0.4377267 0.3764715 0.0928272 
n290_291   0.0926521 0.2866162 0.0100764 0.3106500 0.0000000 0.3656434 0.0067026 0.2958474 0.0306901 0.3376476 0.0134781 0.3055183 0.3428080 0.2715239 0.0237438 0.3480560 0.3270948 0.0203023 0.2960607 0.0272017 0.3664089 0.3559018 0.1782678 0.3539763 
n255_256   0.4371293 0.4194055 0.3548199 0.4422268 0.3656434 0.0000000 0.3602511 0.3768314 0.4005316 0.4546581 0.3717302 0.4425123 0.4486032 0.4072389 0.3886239 0.4546435 0.4558292 0.3828751 0.3771986 0.3828751 0.2753721 0.0554162 0.4566592 0.4612374 
n295_296   0.0850982 0.2817439 0.0033435 0.3056451 0.0067026 0.3602511 0.0000000 0.2958524 0.0237590 0.3270585 0.0067083 0.3005465 0.3321512 0.2667483 0.0168816 0.3373278 0.3274840 0.0134726 0.2960657 0.0203068 0.3553785 0.3505613 0.1697421 0.3431546 
n286_287   0.3151853 0.1606519 0.3008794 0.2998091 0.2958474 0.3768314 0.2958524 0.0000000 0.3272524 0.3422046 0.3063024 0.2995156 0.3316344 0.1481148 0.3165340 0.3368000 0.3158786 0.3113306 0.0100554 0.3217804 0.3604103 0.3769911 0.4008115 0.3478001 
n298_299   0.1042929 0.3021837 0.0272151 0.3427855 0.0306901 0.4005316 0.0237590 0.3272524 0.0000000 0.3654062 0.0307165 0.3374176 0.3707565 0.2969548 0.0134837 0.3762040 0.3658958 0.0100884 0.3274972 0.0168952 0.3776374 0.3790581 0.1827909 0.3823840 
n299_300   0.3649159 0.3486831 0.3218730 0.0889835 0.3376476 0.4546581 0.3270585 0.3422046 0.3654062 0.0000000 0.3328530 0.0890348 0.0067005 0.3214701 0.3540932 0.0168641 0.0237705 0.3486167 0.3420987 0.3596197 0.4620607 0.4625640 0.3995571 0.0100791 
n287_288   0.0927349 0.2920175 0.0100850 0.3112420 0.0134781 0.3717302 0.0067083 0.3063024 0.0307165 0.3328530 0.0000000 0.3060991 0.3379883 0.2767979 0.0203079 0.3432096 0.3332883 0.0203197 0.3065260 0.0237500 0.3667840 0.3619177 0.1742445 0.3490939 
n278_279   0.3264627 0.3060969 0.3055993 0.0100726 0.3055183 0.4425123 0.3005465 0.2995156 0.3374176 0.0890348 0.3060991 0.0000000 0.0815187 0.2852499 0.3265576 0.0852423 0.0816607 0.3212893 0.2994217 0.3318705 0.4324149 0.4380096 0.3764343 0.0928808 
n292_293   0.3592711 0.3379935 0.3269329 0.0814718 0.3428080 0.4486032 0.3321512 0.3316344 0.3707565 0.0067005 0.3379883 0.0815187 0.0000000 0.3111690 0.3593642 0.0100737 0.0169032 0.3538515 0.3315313 0.3649279 0.4559452 0.4564345 0.3936304 0.0100791 
n265_266   0.2862022 0.0411935 0.2715969 0.2902402 0.2715239 0.4072389 0.2667483 0.1481148 0.2969548 0.3214701 0.2767979 0.2852499 0.3111690 0.0000000 0.2866575 0.3162069 0.3013882 0.2816480 0.1441268 0.2917057 0.3783398 0.4017859 0.3570164 0.3269112 
n293_294   0.0965423 0.3018727 0.0203038 0.3318428 0.0237438 0.3886239 0.0168816 0.3165340 0.0134837 0.3540932 0.0203079 0.3265576 0.3593642 0.2866575 0.0000000 0.3647284 0.3545633 0.0033454 0.3167677 0.0033454 0.3717427 0.3786378 0.1783395 0.3708001 
n280_281   0.3646359 0.3432162 0.3320752 0.0851933 0.3480560 0.4546435 0.3373278 0.3368000 0.3762040 0.0168641 0.3432096 0.0852423 0.0100737 0.3162069 0.3647284 0.0000000 0.0203232 0.3591776 0.3366956 0.3703312 0.4620462 0.4625495 0.3992472 0.0202945 
n274_275   0.3544696 0.3278768 0.3275282 0.0816137 0.3270948 0.4558292 0.3274840 0.3158786 0.3658958 0.0237705 0.3332883 0.0816607 0.0169032 0.3013882 0.3545633 0.0203232 0.0000000 0.3490777 0.3157799 0.3600992 0.4638018 0.4637645 0.3886492 0.0272442 
n275_276   0.0927212 0.2967583 0.0168788 0.3265366 0.0203023 0.3828751 0.0134726 0.3113306 0.0100884 0.3486167 0.0203197 0.3212893 0.3538515 0.2816480 0.0033454 0.3591776 0.3490777 0.0000000 0.3115592 0.0067067 0.3661261 0.3729490 0.1740405 0.3651996 
n285_286   0.3209872 0.1566010 0.3010975 0.2997151 0.2960607 0.3771986 0.2960657 0.0100554 0.3274972 0.3420987 0.3065260 0.2994217 0.3315313 0.1441268 0.3167677 0.3366956 0.3157799 0.3115592 0.0000000 0.3220195 0.3606909 0.3773585 0.4011392 0.3476927 
n294_295   0.1003828 0.3070280 0.0237450 0.3371947 0.0272017 0.3828751 0.0203068 0.3217804 0.0168952 0.3596197 0.0237500 0.3318705 0.3649279 0.2917057 0.0033454 0.3703312 0.3600992 0.0067067 0.3220195 0.0000000 0.3774128 0.3782160 0.1784531 0.3764540 
n244_245   0.4129457 0.3842282 0.3499798 0.4265225 0.3664089 0.2753721 0.3553785 0.3604103 0.3776374 0.4620607 0.3667840 0.4324149 0.4559452 0.3783398 0.3717427 0.4620462 0.4638018 0.3661261 0.3606909 0.3774128 0.0000000 0.2615276 0.4584722 0.4687106 
n251_252   0.4256708 0.4021628 0.3451842 0.4377267 0.3559018 0.0554162 0.3505613 0.3769911 0.3790581 0.4625640 0.3619177 0.4380096 0.4564345 0.4017859 0.3786378 0.4625495 0.4637645 0.3729490 0.3773585 0.3782160 0.2615276 0.0000000 0.4514867 0.4692298 
n200_201   0.2002006 0.3741422 0.1739806 0.3764715 0.1782678 0.4566592 0.1697421 0.4008115 0.1827909 0.3995571 0.1742445 0.3764343 0.3936304 0.3570164 0.1783395 0.3992472 0.3886492 0.1740405 0.4011392 0.1784531 0.4584722 0.4514867 0.0000000 0.3994793 
n300_301   0.3597049 0.3543458 0.3378567 0.0928272 0.3539763 0.4612374 0.3431546 0.3478001 0.3823840 0.0100791 0.3490939 0.0928808 0.0100791 0.3269112 0.3708001 0.0202945 0.0272442 0.3651996 0.3476927 0.3764540 0.4687106 0.4692298 0.3994793 0.0000000 
