22
n236_237   0.0000000 0.2678788 0.0702553 0.2229549 0.0703884 0.3908478 0.2554477 0.0741020 0.2135906 0.2184238 0.2740391 0.0630409 0.2185015 0.2131188 0.0667590 0.2603031 0.0630474 0.0778372 0.3622534 0.3779361 0.1131996 0.2085829 
n266_267   0.2678788 0.0000000 0.2668049 0.2504056 0.2724221 0.4116945 0.1163734 0.2873873 0.2554402 0.2554103 0.0308382 0.2770661 0.2511942 0.2362805 0.2823191 0.1203200 0.2770950 0.2821483 0.3822104 0.4091863 0.2699597 0.2548609 
n296_297   0.0702553 0.2668049 0.0000000 0.2308778 0.0100583 0.3660015 0.2686854 0.0272076 0.2310586 0.2263258 0.2820479 0.0202938 0.2360860 0.2305443 0.0237500 0.2736067 0.0202959 0.0306862 0.3708353 0.3535737 0.1087702 0.2305443 
n277_278   0.2229549 0.2504056 0.2308778 0.0000000 0.2410564 0.4143233 0.2436364 0.2461793 0.0743393 0.0168583 0.2558082 0.2369550 0.0707688 0.0668413 0.2318753 0.2483810 0.2369797 0.2370444 0.3934507 0.4068316 0.2440219 0.0780910 
n290_291   0.0703884 0.2724221 0.0100583 0.2410564 0.0000000 0.3773706 0.2794823 0.0341815 0.2412493 0.2364354 0.2833590 0.0237555 0.2463700 0.2407075 0.0272340 0.2844880 0.0237580 0.0376956 0.3823030 0.3647409 0.1169939 0.2407075 
n255_256   0.3908478 0.4116945 0.3660015 0.4143233 0.3773706 0.0000000 0.4529325 0.3663086 0.3963548 0.4149733 0.4510833 0.3609634 0.3957824 0.3960302 0.3668658 0.4593184 0.3610008 0.3556922 0.3217238 0.0448533 0.4148836 0.3953610 
n286_287   0.2554477 0.1163734 0.2686854 0.2436364 0.2794823 0.4529325 0.0000000 0.2689441 0.2440310 0.2394285 0.1205963 0.2594919 0.2353974 0.2342815 0.2645726 0.0033313 0.2595187 0.2638934 0.4155290 0.4444860 0.2688893 0.2434847 
n298_299   0.0741020 0.2873873 0.0272076 0.2461793 0.0341815 0.3663086 0.2689441 0.0000000 0.2365272 0.2415220 0.2920514 0.0168546 0.2416118 0.2359975 0.0202876 0.2738710 0.0168557 0.0168640 0.3771813 0.3538685 0.1130322 0.2359975 
n299_300   0.2135906 0.2554402 0.2310586 0.0743393 0.2412493 0.3963548 0.2440310 0.2365272 0.0000000 0.0781208 0.2608909 0.2274146 0.0169570 0.0134909 0.2224130 0.2487848 0.2274382 0.2275011 0.3825132 0.3890570 0.2401747 0.0033545 
n278_279   0.2184238 0.2554103 0.2263258 0.0168583 0.2364354 0.4149733 0.2394285 0.2415220 0.0781208 0.0000000 0.2608606 0.2323465 0.0745372 0.0705755 0.2273018 0.2441535 0.2323707 0.2324346 0.3940568 0.4074664 0.2394090 0.0818950 
n265_266   0.2740391 0.0308382 0.2820479 0.2558082 0.2833590 0.4510833 0.1205963 0.2920514 0.2608909 0.2608606 0.0000000 0.2880644 0.2566187 0.2415643 0.2934103 0.1245732 0.2880944 0.2926352 0.4015421 0.4483101 0.2755303 0.2602962 
n293_294   0.0630409 0.2770661 0.0202938 0.2369550 0.0237555 0.3609634 0.2594919 0.0168546 0.2274146 0.2323465 0.2880644 0.0000000 0.2324315 0.2269079 0.0100721 0.2643600 0.0066948 0.0202755 0.3717819 0.3486096 0.1053100 0.2269079 
n280_281   0.2185015 0.2511942 0.2360860 0.0707688 0.2463700 0.3957824 0.2353974 0.2416118 0.0169570 0.0745372 0.2566187 0.2324315 0.0000000 0.0101147 0.2273840 0.2401089 0.2324557 0.2325197 0.3703633 0.3885004 0.2402163 0.0204003 
n274_275   0.2131188 0.2362805 0.2305443 0.0668413 0.2407075 0.3960302 0.2342815 0.2359975 0.0134909 0.0705755 0.2415643 0.2269079 0.0101147 0.0000000 0.2219197 0.2389671 0.2269314 0.2269941 0.3650760 0.3887440 0.2346429 0.0169063 
n275_276   0.0667590 0.2823191 0.0237500 0.2318753 0.0272340 0.3668658 0.2645726 0.0202876 0.2224130 0.2273018 0.2934103 0.0100721 0.2273840 0.2219197 0.0000000 0.2694770 0.0100731 0.0237285 0.3777569 0.3544023 0.1093099 0.2219197 
n285_286   0.2603031 0.1203200 0.2736067 0.2483810 0.2844880 0.4593184 0.0033313 0.2738710 0.2487848 0.2441535 0.1245732 0.2643600 0.2401089 0.2389671 0.2694770 0.0000000 0.2643873 0.2687829 0.4215367 0.4507878 0.2738119 0.2482260 
n294_295   0.0630474 0.2770950 0.0202959 0.2369797 0.0237580 0.3610008 0.2595187 0.0168557 0.2274382 0.2323707 0.2880944 0.0066948 0.2324557 0.2269314 0.0100731 0.2643873 0.0000000 0.0202776 0.3718202 0.3486456 0.1053209 0.2269314 
n297_298   0.0778372 0.2821483 0.0306862 0.2370444 0.0376956 0.3556922 0.2638934 0.0168640 0.2275011 0.2324346 0.2926352 0.0202755 0.2325197 0.2269941 0.0237285 0.2687829 0.0202776 0.0000000 0.3774826 0.3434307 0.1170025 0.2269941 
n244_245   0.3622534 0.3822104 0.3708353 0.3934507 0.3823030 0.3217238 0.4155290 0.3771813 0.3825132 0.3940568 0.4015421 0.3717819 0.3703633 0.3650760 0.3777569 0.4215367 0.3718202 0.3774826 0.0000000 0.3412920 0.3953080 0.3815697 
n251_252   0.3779361 0.4091863 0.3535737 0.4068316 0.3647409 0.0448533 0.4444860 0.3538685 0.3890570 0.4074664 0.4483101 0.3486096 0.3885004 0.3887440 0.3544023 0.4507878 0.3486456 0.3434307 0.3412920 0.0000000 0.4077821 0.3880878 
n200_201   0.1131996 0.2699597 0.1087702 0.2440219 0.1169939 0.4148836 0.2688893 0.1130322 0.2401747 0.2394090 0.2755303 0.1053100 0.2402163 0.2346429 0.1093099 0.2738119 0.1053209 0.1170025 0.3953080 0.4077821 0.0000000 0.2398999 
n300_301   0.2085829 0.2548609 0.2305443 0.0780910 0.2407075 0.3953610 0.2434847 0.2359975 0.0033545 0.0818950 0.2602962 0.2269079 0.0204003 0.0169063 0.2219197 0.2482260 0.2269314 0.2269941 0.3815697 0.3880878 0.2398999 0.0000000 
