26
n299_300   0.0000000 0.0273478 2.3649971 1.8729692 1.5441277 1.8642122 0.1092290 0.4977885 1.4932635 2.5900925 1.7678624 2.2741104 1.5274116 2.0368347 0.0273732 0.5276440 2.3585564 2.3099355 1.5218456 2.1092409 2.3450730 1.8099956 1.8585642 0.0782373 2.2258677 2.3309424 
n300_301   0.0273478 0.0000000 2.2540848 1.7983196 1.5957315 1.7905890 0.1092966 0.5047454 1.5184332 2.7845904 1.7040125 2.1640945 1.5786893 2.1718883 0.0273693 0.5271840 2.5474691 2.2040791 1.5726810 2.1152440 2.2366259 1.8475826 1.8982740 0.0858893 2.1287275 2.2152768 
n297_298   2.3649971 2.2540848 0.0000000 0.3543097 0.8028295 0.3714358 1.9412168 1.8673463 1.0892929 2.9567094 0.3659286 0.3547987 1.9530195 3.9696522 2.1582030 2.4064033 2.6226212 0.0377814 1.8596556 0.1586519 0.1129319 1.7950428 2.1034644 2.2568999 0.1208944 0.3552717 
n290_291   1.8729692 1.7983196 0.3543097 0.0000000 0.6281134 0.0702725 1.7266778 1.8737842 0.9765023 2.8368061 0.0665975 0.1876428 1.6844489 4.1932596 1.7934368 2.0539279 3.4256822 0.3539309 1.6165332 0.3834275 0.3303117 1.8775413 2.2944817 1.7922116 0.3358252 0.1790767 
n236_235   1.5441277 1.5957315 0.8028295 0.6281134 0.0000000 0.6052886 1.4637313 1.9590476 1.0476196 2.8453975 0.5872932 0.6186704 1.9323357 3.0631871 1.5440662 1.9823819 3.2164405 0.7902978 1.8717132 0.7591415 0.7980705 2.1834411 2.4280402 1.6252528 0.7764624 0.6447015 
n287_288   1.8642122 1.7905890 0.3714358 0.0702725 0.6052886 0.0000000 1.6669657 1.9001039 1.0079530 2.8396038 0.0929851 0.1833187 1.5675544 3.7727624 1.7916753 1.9672746 3.5850685 0.3653356 1.5035385 0.4076774 0.3361445 1.8106328 2.2357552 1.7578671 0.3305697 0.1748003 
n274_275   0.1092290 0.1092966 1.9412168 1.7266778 1.4637313 1.6669657 0.0000000 0.5190019 1.4688978 2.7685945 1.6459116 1.9450012 1.5766847 2.3374235 0.1015564 0.5342870 2.7831059 1.9035080 1.5218280 1.9110233 1.8476197 1.9662608 2.0147736 0.1213456 1.7737215 1.9863763 
n277_278   0.4977885 0.5047454 1.8673463 1.8737842 1.9590476 1.9001039 0.5190019 0.0000000 1.4855456 2.1228281 1.8476527 1.9190801 1.7111988 2.8471464 0.4987843 0.1370885 2.6330511 1.6990697 1.6682074 1.8617827 1.6926201 1.9769569 1.7107487 0.5113283 1.6915829 2.0055853 
n200_199   1.4932635 1.5184332 1.0892929 0.9765023 1.0476196 1.0079530 1.4688978 1.4855456 0.0000000 2.3051445 1.0629202 0.9029282 2.1004099 2.7626144 1.5238119 1.6478360 2.5019817 1.0394714 2.1611699 0.9815695 0.9522878 2.0244640 2.5552894 1.4760573 0.9795456 0.9402951 
n251_250   2.5900925 2.7845904 2.9567094 2.8368061 2.8453975 2.8396038 2.7685945 2.1228281 2.3051445 0.0000000 2.6245738 3.3210656 2.4288142 1.9803532 2.7440946 2.1874035 0.3001281 3.0596724 2.3139474 2.8055325 3.2903363 2.1892273 2.7925321 2.6301527 3.2940447 3.1954401 
n289_290   1.7678624 1.7040125 0.3659286 0.0665975 0.5872932 0.0929851 1.6459116 1.8476527 1.0629202 2.6245738 0.0000000 0.2103825 1.5698198 3.8103366 1.6999437 1.9369968 3.0554113 0.3598557 1.3940193 0.3715604 0.3306065 1.7369880 2.1255762 1.7645603 0.3361272 0.1923368 
n296_297   2.2741104 2.1640945 0.3547987 0.1876428 0.6186704 0.1833187 1.9450012 1.9190801 0.9029282 3.3210656 0.2103825 0.0000000 1.7257011 2.6361342 2.1170471 2.1979441 4.1703342 0.3374858 1.7117445 0.3831811 0.3479918 1.8052367 2.1669608 2.0712016 0.3422893 0.0203080 
n285_286   1.5274116 1.5786893 1.9530195 1.6844489 1.9323357 1.5675544 1.5766847 1.7111988 2.1004099 2.4288142 1.5698198 1.7257011 0.0000000 3.2204864 1.5327230 1.6237905 1.9918428 2.0844681 0.0776421 1.7959586 1.5688890 0.9854459 1.1419088 1.5592829 1.5658876 1.6409775 
n244_243   2.0368347 2.1718883 3.9696522 4.1932596 3.0631871 3.7727624 2.3374235 2.8471464 2.7626144 1.9803532 3.8103366 2.6361342 3.2204864 0.0000000 2.1738934 3.0971153 2.5690952 4.9514291 4.0515108 3.1985790 3.3553820 7.2179400 8.0357748 2.2263992 3.4718907 2.8256496 
n292_293   0.0273732 0.0273693 2.1582030 1.7934368 1.5440662 1.7916753 0.1015564 0.4987843 1.5238119 2.7440946 1.6999437 2.1170471 1.5327230 2.1738934 0.0000000 0.5211428 2.4601367 2.1123273 1.5271082 1.9445251 2.1427013 1.8890890 1.9385301 0.0708500 2.0440171 2.1658342 
n278_279   0.5276440 0.5271840 2.4064033 2.0539279 1.9823819 1.9672746 0.5342870 0.1370885 1.6478360 2.1874035 1.9369968 2.1979441 1.6237905 3.0971153 0.5211428 0.0000000 2.6371915 2.2286354 1.5505617 2.1779555 2.0833616 1.7818006 1.5604113 0.5345574 2.0808717 2.2036280 
n255_256   2.3585564 2.5474691 2.6226212 3.4256822 3.2164405 3.5850685 2.7831059 2.6330511 2.5019817 0.3001281 3.0554113 4.1703342 1.9918428 2.5690952 2.4601367 2.6371915 0.0000000 2.7907755 1.8407594 2.4273142 2.5445896 2.1179763 2.4473582 2.5928995 2.5393039 3.9385594 
n298_299   2.3099355 2.2040791 0.0377814 0.3539309 0.7902978 0.3653356 1.9035080 1.6990697 1.0394714 3.0596724 0.3598557 0.3374858 2.0844681 4.9514291 2.1123273 2.2286354 2.7907755 0.0000000 1.9374271 0.1625876 0.1167640 1.7975879 2.1086677 2.2067220 0.1247632 0.3437068 
n286_287   1.5218456 1.5726810 1.8596556 1.6165332 1.8717132 1.5035385 1.5218280 1.6682074 2.1611699 2.3139474 1.3940193 1.7117445 0.0776421 4.0515108 1.5271082 1.5505617 1.8407594 1.9374271 0.0000000 1.7138005 1.5298708 1.0386296 1.1066854 1.5547137 1.5270736 1.6283903 
n275_276   2.1092409 2.1152440 0.1586519 0.3834275 0.7591415 0.4076774 1.9110233 1.8617827 0.9815695 2.8055325 0.3715604 0.3831811 1.7959586 3.1985790 1.9445251 2.1779555 2.4273142 0.1625876 1.7138005 0.0000000 0.1289379 1.9169868 2.2875273 2.0674112 0.1330279 0.3720293 
n294_295   2.3450730 2.2366259 0.1129319 0.3303117 0.7980705 0.3361445 1.8476197 1.6926201 0.9522878 3.2903363 0.3306065 0.3479918 1.5688890 3.3553820 2.1427013 2.0833616 2.5445896 0.1167640 1.5298708 0.1289379 0.0000000 1.7888937 2.2134800 2.2393638 0.0168824 0.3373604 
n266_267   1.8099956 1.8475826 1.7950428 1.8775413 2.1834411 1.8106328 1.9662608 1.9769569 2.0244640 2.1892273 1.7369880 1.8052367 0.9854459 7.2179400 1.8890890 1.7818006 2.1179763 1.7975879 1.0386296 1.9169868 1.7888937 0.0000000 0.1884367 1.8066134 1.8510157 1.7032715 
n265_266   1.8585642 1.8982740 2.1034644 2.2944817 2.4280402 2.2357552 2.0147736 1.7107487 2.5552894 2.7925321 2.1255762 2.1669608 1.1419088 8.0357748 1.9385301 1.5604113 2.4473582 2.1086677 1.1066854 2.2875273 2.2134800 0.1884367 0.0000000 1.9345562 2.2582372 1.9792786 
n280_281   0.0782373 0.0858893 2.2568999 1.7922116 1.6252528 1.7578671 0.1213456 0.5113283 1.4760573 2.6301527 1.7645603 2.0712016 1.5592829 2.2263992 0.0708500 0.5345574 2.5928995 2.2067220 1.5547137 2.0674112 2.2393638 1.8066134 1.9345562 0.0000000 2.1310980 2.1180538 
n293_294   2.2258677 2.1287275 0.1208944 0.3358252 0.7764624 0.3305697 1.7737215 1.6915829 0.9795456 3.2940447 0.3361272 0.3422893 1.5658876 3.4718907 2.0440171 2.0808717 2.5393039 0.1247632 1.5270736 0.1330279 0.0168824 1.8510157 2.2582372 2.1310980 0.0000000 0.3372256 
n295_296   2.3309424 2.2152768 0.3552717 0.1790767 0.6447015 0.1748003 1.9863763 2.0055853 0.9402951 3.1954401 0.1923368 0.0203080 1.6409775 2.8256496 2.1658342 2.2036280 3.9385594 0.3437068 1.6283903 0.3720293 0.3373604 1.7032715 1.9792786 2.1180538 0.3372256 0.0000000 
