23
n299_192   0.0000000 2.6615907 0.1478145 2.7168758 1.8706766 2.0292445 1.9367505 2.5155694 1.9034923 0.4381525 1.8930152 2.3777089 2.0872801 2.4047450 2.1164740 1.8197972 2.1412857 0.1184734 0.0345693 1.8897515 2.4518762 0.4552536 0.0453267 
n236_137   2.6615907 0.0000000 2.5137320 3.0075857 0.8349996 0.8011353 0.7807157 0.6920121 0.7926418 2.6032847 0.7158903 0.7184693 0.7132313 2.5790537 0.6536930 1.2122663 2.8199334 2.3881577 2.7418173 0.7796586 2.5343116 2.7210697 2.5853106 
n274_167   0.1478145 2.5137320 0.0000000 2.5628390 2.0665182 2.2594759 1.8868120 2.6361442 1.9292795 0.4353024 2.1095334 2.3670766 2.3008471 2.2289801 2.1515394 1.9095392 2.2271238 0.1349891 0.1483052 2.0067209 2.2272071 0.4257093 0.1393932 
n286_179   2.7168758 3.0075857 2.5628390 0.0000000 2.8322102 2.7632898 2.5264439 3.0523654 2.7777890 2.4038047 2.3977410 3.0154143 2.3906289 1.1704262 2.5219161 2.6635825 1.2921199 2.7555786 2.4336587 2.6694266 0.0854579 2.3224917 2.8272550 
n289_182   1.8706766 0.8349996 2.0665182 2.8322102 0.0000000 0.0668450 0.1623969 0.2917534 0.1846720 1.8510587 0.2989592 0.3131846 0.3035705 1.8372457 0.2801726 1.2279250 1.9733292 1.9379576 1.9617602 0.0307272 2.2655305 1.8443682 1.9910201 
n287_180   2.0292445 0.8011353 2.2594759 2.7632898 0.0668450 0.0000000 0.1712743 0.2912599 0.1939034 1.9603336 0.2880479 0.3067617 0.2928496 1.9948505 0.2802469 1.2297578 2.2162462 2.0244203 2.0930631 0.0521642 2.2217459 1.9203902 2.0848149 
n296_189   1.9367505 0.7807157 1.8868120 2.5264439 0.1623969 0.1712743 0.0000000 0.2898060 0.0483390 1.7439646 0.2717266 0.3110001 0.3022554 1.8492072 0.2837136 1.1614727 2.0475493 1.9270230 1.9451731 0.1368277 2.1132409 1.8011481 1.8605457 
n293_186   2.5155694 0.6920121 2.6361442 3.0523654 0.2917534 0.2912599 0.2898060 0.0000000 0.3117726 2.3211552 0.1295780 0.0448457 0.1376420 2.0286688 0.0814660 1.0679847 2.1204474 2.6405445 2.3506034 0.2705883 2.4071036 2.3279530 2.6280609 
n295_188   1.9034923 0.7926418 1.9292795 2.7777890 0.1846720 0.1939034 0.0483390 0.3117726 0.0000000 1.7743128 0.3035714 0.3337159 0.3355707 1.8109649 0.2944071 1.1818819 2.1382252 1.9283921 1.9895257 0.1581442 2.1856573 1.8772361 1.8298236 
n278_171   0.4381525 2.6032847 0.4353024 2.4038047 1.8510587 1.9603336 1.7439646 2.3211552 1.7743128 0.0000000 2.0344827 2.2090298 2.3069088 2.3457552 2.0665129 1.7069826 2.2939861 0.4722860 0.4397350 1.8101917 2.1028707 0.1175976 0.4391132 
n297_190   1.8930152 0.7158903 2.1095334 2.3977410 0.2989592 0.2880479 0.2717266 0.1295780 0.3035714 2.0344827 0.0000000 0.1464183 0.0450145 1.8637465 0.1294913 1.0667579 2.0530657 1.9301568 1.8696649 0.2722972 2.0592718 1.9787310 1.8822655 
n294_187   2.3777089 0.7184693 2.3670766 3.0154143 0.3131846 0.3067617 0.3110001 0.0448457 0.3337159 2.2090298 0.1464183 0.0000000 0.1502639 1.9579359 0.0776906 0.9873115 2.1464530 2.4173710 2.2305812 0.2860698 2.4305276 2.2107779 2.4113295 
n298_191   2.0872801 0.7132313 2.3008471 2.3906289 0.3035705 0.2928496 0.3022554 0.1376420 0.3355707 2.3069088 0.0450145 0.1502639 0.0000000 1.8879088 0.1292520 1.0921888 2.0837544 2.0859352 2.1045109 0.2767694 2.0538406 2.2412479 2.1714753 
n265_158   2.4047450 2.5790537 2.2289801 1.1704262 1.8372457 1.9948505 1.8492072 2.0286688 1.8109649 2.3457552 1.8637465 1.9579359 1.8879088 0.0000000 1.8602853 2.2046643 0.1254801 2.5957452 2.5534857 1.7864275 1.0837685 2.5616724 2.7001682 
n275_168   2.1164740 0.6536930 2.1515394 2.5219161 0.2801726 0.2802469 0.2837136 0.0814660 0.2944071 2.0665129 0.1294913 0.0776906 0.1292520 1.8602853 0.0000000 1.0191346 2.0174444 2.2034807 1.9987370 0.2544675 2.2133066 2.0333595 2.2028539 
n200_113   1.8197972 1.2122663 1.9095392 2.6635825 1.2279250 1.2297578 1.1614727 1.0679847 1.1818819 1.7069826 1.0667579 0.9873115 1.0921888 2.2046643 1.0191346 0.0000000 2.1297056 1.7912328 1.9116250 1.2276676 2.4974839 1.8369995 1.7826262 
n266_159   2.1412857 2.8199334 2.2271238 1.2921199 1.9733292 2.2162462 2.0475493 2.1204474 2.1382252 2.2939861 2.0530657 2.1464530 2.0837544 0.1254801 2.0174444 2.1297056 0.0000000 2.5613476 2.3166133 1.9498029 1.2136184 2.5814030 2.3774631 
n280_173   0.1184734 2.3881577 0.1349891 2.7555786 1.9379576 2.0244203 1.9270230 2.6405445 1.9283921 0.4722860 1.9301568 2.4173710 2.0859352 2.5957452 2.2034807 1.7912328 2.5613476 0.0000000 0.1226900 1.9649135 2.3642939 0.4217362 0.1102640 
n300_193   0.0345693 2.7418173 0.1483052 2.4336587 1.9617602 2.0930631 1.9451731 2.3506034 1.9895257 0.4397350 1.8696649 2.2305812 2.1045109 2.5534857 1.9987370 1.9116250 2.3166133 0.1226900 0.0000000 1.9450201 2.2244473 0.4568003 0.0564015 
n290_183   1.8897515 0.7796586 2.0067209 2.6694266 0.0307272 0.0521642 0.1368277 0.2705883 0.1581442 1.8101917 0.2722972 0.2860698 0.2767694 1.7864275 0.2544675 1.2276676 1.9498029 1.9649135 1.9450201 0.0000000 2.1652559 1.8374845 1.9353003 
n285_178   2.4518762 2.5343116 2.2272071 0.0854579 2.2655305 2.2217459 2.1132409 2.4071036 2.1856573 2.1028707 2.0592718 2.4305276 2.0538406 1.0837685 2.2133066 2.4974839 1.2136184 2.3642939 2.2244473 2.1652559 0.0000000 2.0418490 2.5389224 
n277_170   0.4552536 2.7210697 0.4257093 2.3224917 1.8443682 1.9203902 1.8011481 2.3279530 1.8772361 0.1175976 1.9787310 2.2107779 2.2412479 2.5616724 2.0333595 1.8369995 2.5814030 0.4217362 0.4568003 1.8374845 2.0418490 0.0000000 0.4494204 
n292_185   0.0453267 2.5853106 0.1393932 2.8272550 1.9910201 2.0848149 1.8605457 2.6280609 1.8298236 0.4391132 1.8822655 2.4113295 2.1714753 2.7001682 2.2028539 1.7826262 2.3774631 0.1102640 0.0564015 1.9353003 2.5389224 0.4494204 0.0000000 
