24
n295_100   0.0000000 0.2381941 1.0378052 0.9991027 0.1396428 0.9424896 0.2478568 0.1275240 0.9621663 0.2378368 0.2245171 0.9613464 1.0667541 0.9840060 0.9805712 0.0203181 1.0775374 1.1209065 0.9426828 0.1434976 0.9475962 0.2383398 0.4894256 0.7492201 
n275_80    0.2381941 0.0000000 1.0572429 1.0314631 0.2355697 1.0116225 0.0924328 0.2492524 1.0311208 0.0883976 0.0699271 1.0434006 1.0576872 1.0446434 1.0407531 0.2427215 1.0683564 1.1012150 0.9996296 0.2447891 1.0176211 0.0848234 0.5321842 0.7816716 
n275_78    1.0378052 1.0572429 0.0000000 0.2265288 1.0099672 0.0922651 1.0891582 1.0099589 0.7731148 0.9836615 0.9974326 0.2310958 0.0964347 0.2126223 0.2262522 1.0451704 0.0963608 0.6004078 0.0847485 0.9931487 0.2171257 1.0426576 0.8429136 0.9255993 
n296_99    0.9991027 1.0314631 0.2265288 0.0000000 1.0529584 0.1997816 1.0174819 1.0513223 0.8059983 0.9618713 0.9606570 0.0203121 0.2000370 0.0700472 0.0737288 1.0203066 0.1955499 0.5504381 0.1910304 1.0207100 0.0737454 0.9752285 0.8544824 0.8923239 
n289_92    0.1396428 0.2355697 1.0099672 1.0529584 0.0000000 0.9294290 0.2542575 0.0341781 0.9950218 0.2395921 0.2261609 1.0372336 1.0120387 1.0664988 1.0624479 0.1435427 1.0221647 1.1514356 0.9310953 0.0412075 1.0261674 0.2401023 0.5582095 0.8250761 
n294_95    0.9424896 1.0116225 0.0922651 0.1997816 0.9294290 0.0000000 1.0549718 0.9287052 0.7743823 0.9549806 0.9681626 0.2040916 0.0774938 0.1862816 0.1994271 0.9273809 0.0737605 0.5936248 0.0066923 0.9143888 0.1860820 1.0106430 0.7615383 0.8478561 
n294_97    0.2478568 0.0924328 1.0891582 1.0174819 0.2542575 1.0549718 0.0000000 0.2682717 0.9969794 0.0699888 0.0663783 1.0284190 1.0743759 1.0461789 1.0587287 0.2616952 1.0686725 1.1495806 1.0423153 0.2637101 1.0190733 0.0203077 0.5197841 0.7575428 
n287_88    0.1275240 0.2492524 1.0099589 1.0513223 0.0341781 0.9287052 0.2682717 0.0000000 0.9962006 0.2533184 0.2396696 1.0112285 1.0112561 1.0531524 1.0492016 0.1313708 1.0213775 1.1241216 0.9303697 0.0306735 1.0134338 0.2538604 0.5643090 0.8058347 
n200_51    0.9621663 1.0311208 0.7731148 0.8059983 0.9950218 0.7743823 0.9969794 0.9962006 0.0000000 0.9686569 0.9456086 0.8155857 0.7935898 0.7687264 0.7998073 0.9722040 0.7740050 0.7758911 0.7646993 0.9957404 0.7694839 0.9949446 1.0027516 0.8597909 
n297_104   0.2378368 0.0883976 0.9836615 0.9618713 0.2395921 0.9549806 0.0699888 0.2533184 0.9686569 0.0000000 0.0236788 0.9720898 0.9709599 0.9737730 0.9704213 0.2514653 0.9806048 1.0446344 0.9438413 0.2488429 0.9609757 0.0698853 0.5117477 0.7361799 
n298_105   0.2245171 0.0699271 0.9974326 0.9606570 0.2261609 0.9681626 0.0663783 0.2396696 0.9456086 0.0236788 0.0000000 0.9715790 0.9844695 0.9725345 0.9691925 0.2379350 0.9942730 1.0684684 0.9568275 0.2352583 0.9480611 0.0590539 0.5124474 0.7453481 
n295_98    0.9613464 1.0434006 0.2310958 0.0203121 1.0372336 0.2040916 1.0284190 1.0112285 0.8155857 0.9720898 0.9715790 0.0000000 0.2043534 0.0700461 0.0774833 0.9817081 0.1998404 0.5654745 0.1952938 1.0056794 0.0737443 0.9863631 0.8771743 0.9040761 
n298_103   1.0667541 1.0576872 0.0964347 0.2000370 1.0120387 0.0774938 1.0743759 1.0112561 0.7935898 0.9709599 0.9844695 0.2043534 0.0000000 0.1953354 0.2086686 1.0742650 0.0168707 0.5949067 0.0701069 0.9951664 0.1951243 1.0288178 0.8059037 0.8828201 
n289_90    0.9840060 1.0446434 0.2126223 0.0700472 1.0664988 0.1862816 1.0461789 1.0531524 0.7687264 0.9737730 0.9725345 0.0700461 0.1953354 0.0000000 0.0134518 1.0048604 0.1908834 0.5575765 0.1777002 1.0483429 0.0168546 1.0021951 0.8429853 0.8821567 
n290_91    0.9805712 1.0407531 0.2262522 0.0737288 1.0624479 0.1994271 1.0587287 1.0492016 0.7998073 0.9704213 0.9691925 0.0774833 0.2086686 0.0134518 0.0000000 1.0012901 0.2041296 0.5713446 0.1906920 1.0444395 0.0237210 1.0140549 0.8294642 0.8834892 
n296_101   0.0203181 0.2427215 1.0451704 1.0203066 0.1435427 0.9273809 0.2616952 0.1313708 0.9722040 0.2514653 0.2379350 0.9817081 1.0742650 1.0048604 1.0012901 0.0000000 1.0850859 1.1230001 0.9275697 0.1474087 0.9676248 0.2424642 0.5012532 0.7572352 
n297_102   1.0775374 1.0683564 0.0963608 0.1955499 1.0221647 0.0737605 1.0686725 1.0213775 0.7740050 0.9806048 0.9942730 0.1998404 0.0168707 0.1908834 0.2041296 1.0850859 0.0000000 0.5720743 0.0664123 1.0050979 0.1906779 1.0391450 0.7843021 0.8906973 
n236_59    1.1209065 1.1012150 0.6004078 0.5504381 1.1514356 0.5936248 1.1495806 1.1241216 0.7758911 1.0446344 1.0684684 0.5654745 0.5949067 0.5575765 0.5713446 1.1230001 0.5720743 0.0000000 0.5789246 1.1691195 0.5646381 1.1322051 1.0230974 0.9484602 
n293_94    0.9426828 0.9996296 0.0847485 0.1910304 0.9310953 0.0066923 1.0423153 0.9303697 0.7646993 0.9438413 0.9568275 0.1952938 0.0701069 0.1777002 0.1906920 0.9275697 0.0664123 0.5789246 0.0000000 0.9160064 0.1775111 0.9986726 0.7527808 0.8492673 
n290_93    0.1434976 0.2447891 0.9931487 1.0207100 0.0412075 0.9143888 0.2637101 0.0306735 0.9957404 0.2488429 0.2352583 1.0056794 0.9951664 1.0483429 1.0444395 0.1474087 1.0050979 1.1691195 0.9160064 0.0000000 1.0333090 0.2493748 0.5505832 0.8041751 
n287_86    0.9475962 1.0176211 0.2171257 0.0737454 1.0261674 0.1860820 1.0190733 1.0134338 0.7694839 0.9609757 0.9480611 0.0737443 0.1951243 0.0168546 0.0237210 0.9676248 0.1906779 0.5646381 0.1775111 1.0333090 0.0000000 0.9766663 0.8545440 0.9183702 
n293_96    0.2383398 0.0848234 1.0426576 0.9752285 0.2401023 1.0106430 0.0203077 0.2538604 0.9949446 0.0698853 0.0590539 0.9863631 1.0288178 1.0021951 1.0140549 0.2424642 1.0391450 1.1322051 0.9986726 0.2493748 0.9766663 0.0000000 0.5329766 0.7651480 
n236_61    0.4894256 0.5321842 0.8429136 0.8544824 0.5582095 0.7615383 0.5197841 0.5643090 1.0027516 0.5117477 0.5124474 0.8771743 0.8059037 0.8429853 0.8294642 0.5012532 0.7843021 1.0230974 0.7527808 0.5505832 0.8545440 0.5329766 0.0000000 0.7695920 
n200_53    0.7492201 0.7816716 0.9255993 0.8923239 0.8250761 0.8478561 0.7575428 0.8058347 0.8597909 0.7361799 0.7453481 0.9040761 0.8828201 0.8821567 0.8834892 0.7572352 0.8906973 0.9484602 0.8492673 0.8041751 0.9183702 0.7651480 0.7695920 0.0000000 
