6
n300_37    0.0000000 0.0134964 0.0101139 0.0033408 0.0640732 0.0717154 
n280_31    0.0134964 0.0000000 0.0169746 0.0169259 0.0717301 0.0794886 
n274_27    0.0101139 0.0169746 0.0000000 0.0135294 0.0680761 0.0757985 
n292_35    0.0033408 0.0169259 0.0135294 0.0000000 0.0641188 0.0717667 
n278_29    0.0640732 0.0717301 0.0680761 0.0641188 0.0000000 0.0135408 
n277_28    0.0717154 0.0794886 0.0757985 0.0717667 0.0135408 0.0000000 
