7
n292_35    0.0000000 0.0707464 0.0378007 0.2722160 0.3043915 0.0782252 0.0307768 
n274_27    0.0707464 0.0000000 0.0744481 0.2724080 0.2938133 0.0820716 0.0670157 
n299_36    0.0378007 0.0744481 0.0000000 0.2721842 0.3046149 0.0819631 0.0203340 
n278_29    0.2722160 0.2724080 0.2721842 0.0000000 0.0975012 0.2777631 0.2673362 
n277_28    0.3043915 0.2938133 0.3046149 0.0975012 0.0000000 0.3157397 0.2992818 
n280_31    0.0782252 0.0820716 0.0819631 0.2777631 0.3157397 0.0000000 0.0744529 
n300_37    0.0307768 0.0670157 0.0203340 0.2673362 0.2992818 0.0744529 0.0000000 
