7
n274_27    0.0000000 0.1485606 0.1284004 0.1324150 0.1233092 0.5097337 0.5361220 
n300_37    0.1485606 0.0000000 0.1279636 0.0343124 0.0709540 0.4948911 0.5269487 
n280_31    0.1284004 0.1279636 0.0000000 0.1121774 0.1033057 0.4903117 0.4888461 
n299_36    0.1324150 0.0343124 0.1121774 0.0000000 0.0564429 0.4941712 0.5154341 
n292_35    0.1233092 0.0709540 0.1033057 0.0564429 0.0000000 0.4850492 0.4972062 
n277_28    0.5097337 0.4948911 0.4903117 0.4941712 0.4850492 0.0000000 0.1487957 
n278_29    0.5361220 0.5269487 0.4888461 0.5154341 0.4972062 0.1487957 0.0000000 
