7
n274_27    0.0000000 0.1224754 0.1223233 0.1101699 0.1184320 0.6247184 0.6143745 
n300_37    0.1224754 0.0000000 0.1100446 0.0273029 0.0597337 0.5807635 0.5962336 
n280_31    0.1223233 0.1100446 0.0000000 0.0980131 0.1060840 0.6058416 0.6130956 
n299_36    0.1101699 0.0273029 0.0980131 0.0000000 0.0523645 0.5813795 0.5880671 
n292_35    0.1184320 0.0597337 0.1060840 0.0523645 0.0000000 0.5653521 0.5717173 
n277_28    0.6247184 0.5807635 0.6058416 0.5813795 0.5653521 0.0000000 0.1303566 
n278_29    0.6143745 0.5962336 0.6130956 0.5880671 0.5717173 0.1303566 0.0000000 
