25
n251_256   0.0000000 0.4603261 0.4001918 0.4058865 0.4052769 0.3715203 0.3814114 0.4179713 0.3817195 0.3548143 0.4544326 0.3900728 0.3810722 0.3816660 0.4474912 0.3758633 0.3820696 0.3873690 0.4540699 0.3208915 0.4493157 0.3988038 0.4729038 0.0448775 0.4466256 
n299_304   0.4603261 0.0000000 0.2799173 0.2448789 0.2647916 0.2590284 0.2644366 0.2598341 0.2907996 0.2546551 0.0067063 0.2807820 0.2907578 0.2965009 0.0067014 0.2905163 0.2905265 0.2596389 0.0033440 0.4087409 0.3057488 0.2698587 0.0594608 0.4414180 0.0521495 
n275_280   0.4001918 0.2799173 0.0000000 0.2726341 0.0271674 0.2782035 0.0202543 0.2826308 0.0518990 0.2734169 0.2795637 0.0816455 0.0482990 0.0555227 0.2848401 0.0447188 0.0447250 0.0168442 0.2848805 0.4000557 0.1745835 0.0236853 0.2796636 0.4184636 0.2739808 
n286_291   0.4058865 0.2448789 0.2726341 0.0000000 0.2624001 0.1447390 0.2624142 0.0134740 0.2677591 0.1407448 0.2352261 0.2631390 0.2627452 0.2676479 0.2401515 0.2577523 0.2577660 0.2576563 0.2401826 0.4570516 0.2813454 0.2622092 0.2440230 0.4185461 0.2343225 
n297_302   0.4052769 0.2647916 0.0271674 0.2624001 0.0000000 0.2728869 0.0202506 0.2722426 0.0447655 0.2681392 0.2644627 0.0778306 0.0412034 0.0483506 0.2696168 0.0376609 0.0376662 0.0168412 0.2696539 0.3998458 0.1660684 0.0033388 0.2645522 0.4175851 0.2590166 
n265_270   0.3715203 0.2590284 0.2782035 0.1447390 0.2728869 0.0000000 0.2724274 0.1447894 0.2733623 0.0272684 0.2491936 0.2631746 0.2733245 0.2783079 0.2542172 0.2682449 0.2682576 0.2676047 0.2542511 0.4000506 0.2822054 0.2676004 0.2684150 0.3773420 0.2583685 
n293_298   0.3814114 0.2644366 0.0202543 0.2624142 0.0202506 0.2724274 0.0000000 0.2722576 0.0446966 0.2676882 0.2641085 0.0777085 0.0411400 0.0482762 0.2692556 0.0376030 0.0376083 0.0033339 0.2692926 0.3763838 0.1657991 0.0168147 0.2641977 0.3877235 0.2586700 
n285_290   0.4179713 0.2598341 0.2826308 0.0134740 0.2722426 0.1447894 0.2722576 0.0000000 0.2776892 0.1407936 0.2499586 0.2730119 0.2726028 0.2775731 0.2550032 0.2675370 0.2675498 0.2674367 0.2550373 0.4700647 0.2914282 0.2720434 0.2589172 0.4308516 0.2489919 
n289_294   0.3817195 0.2907996 0.0518990 0.2677591 0.0447655 0.2733623 0.0446966 0.2776892 0.0000000 0.2686046 0.2804542 0.0817283 0.0033378 0.0100697 0.2857511 0.0202693 0.0202715 0.0411717 0.2857918 0.4012408 0.1706582 0.0411701 0.2805551 0.4111033 0.2748505 
n266_271   0.3548143 0.2546551 0.2734169 0.1407448 0.2681392 0.0272684 0.2676882 0.1407936 0.2686046 0.0000000 0.2448680 0.2638238 0.2685679 0.2735199 0.2498656 0.2635221 0.2635353 0.2628944 0.2498987 0.3947388 0.2774073 0.2628901 0.2640032 0.3666193 0.2540065 
n274_279   0.4544326 0.0067063 0.2795637 0.2352261 0.2644627 0.2491936 0.2641085 0.2499586 0.2804542 0.2448680 0.0000000 0.2705789 0.2804147 0.2860593 0.0033457 0.2801835 0.2801950 0.2593184 0.0033459 0.4032019 0.3060000 0.2695216 0.0521722 0.4479274 0.0449457 
n236_241   0.3900728 0.2807820 0.0816455 0.2631390 0.0778306 0.2631746 0.0777085 0.2730119 0.0817283 0.2638238 0.2705789 0.0000000 0.0779404 0.0855429 0.2757982 0.0741732 0.0741829 0.0740129 0.2758367 0.3778132 0.1579660 0.0740102 0.2706728 0.4199413 0.2650608 
n290_295   0.3810722 0.2907578 0.0482990 0.2627452 0.0412034 0.2733245 0.0411400 0.2726028 0.0033378 0.2685679 0.2804147 0.0779404 0.0000000 0.0066945 0.2857104 0.0168438 0.0168462 0.0376328 0.2857511 0.4005498 0.1663161 0.0376313 0.2805155 0.4103954 0.2748123 
n287_292   0.3816660 0.2965009 0.0555227 0.2676479 0.0483506 0.2783079 0.0482762 0.2775731 0.0100697 0.2735199 0.2860593 0.0855429 0.0066945 0.0000000 0.2914071 0.0237154 0.0237188 0.0447332 0.2914491 0.4011844 0.1750339 0.0447315 0.2861643 0.4110459 0.2803971 
n300_305   0.4474912 0.0067014 0.2848401 0.2401515 0.2696168 0.2542172 0.2692556 0.2550032 0.2857511 0.2498656 0.0033457 0.2757982 0.2857104 0.2914071 0.0000000 0.2854733 0.2854842 0.2644295 0.0033435 0.3967564 0.3057249 0.2747173 0.0558302 0.4410503 0.0485583 
n295_300   0.3758633 0.2905163 0.0447188 0.2577523 0.0376609 0.2682449 0.0376030 0.2675370 0.0202693 0.2635221 0.2801835 0.0741732 0.0168438 0.0237154 0.2854733 0.0000000 0.0066903 0.0341134 0.2855139 0.3828689 0.1619963 0.0341120 0.2802841 0.4050159 0.2745862 
n296_301   0.3820696 0.2905265 0.0447250 0.2577660 0.0376662 0.2682576 0.0376083 0.2675498 0.0202715 0.2635353 0.2801950 0.0741829 0.0168462 0.0237188 0.2854842 0.0066903 0.0000000 0.0341182 0.2855248 0.3891609 0.1620122 0.0341169 0.2802956 0.4114894 0.2745983 
n294_299   0.3873690 0.2596389 0.0168442 0.2576563 0.0168412 0.2676047 0.0033339 0.2674367 0.0411717 0.2628944 0.2593184 0.0740129 0.0376328 0.0447332 0.2644295 0.0341134 0.0341182 0.0000000 0.2644655 0.3708121 0.1616304 0.0134246 0.2594044 0.3937406 0.2539203 
n292_297   0.4540699 0.0033440 0.2848805 0.2401826 0.2696539 0.2542511 0.2692926 0.2550373 0.2857918 0.2498987 0.0033459 0.2758367 0.2857511 0.2914491 0.0033435 0.2855139 0.2855248 0.2644655 0.0000000 0.4028864 0.3006508 0.2747555 0.0558348 0.4475708 0.0485622 
n244_249   0.3208915 0.4087409 0.4000557 0.4570516 0.3998458 0.4000506 0.3763838 0.4700647 0.4012408 0.3947388 0.4032019 0.3778132 0.4005498 0.4011844 0.3967564 0.3828689 0.3891609 0.3708121 0.4028864 0.0000000 0.4128179 0.3934107 0.4462893 0.3323333 0.4397779 
n200_205   0.4493157 0.3057488 0.1745835 0.2813454 0.1660684 0.2822054 0.1657991 0.2914282 0.1706582 0.2774073 0.3060000 0.1579660 0.1663161 0.1750339 0.3057249 0.1619963 0.1620122 0.1616304 0.3006508 0.4128179 0.0000000 0.1616257 0.3209766 0.4684578 0.3101107 
n298_303   0.3988038 0.2698587 0.0236853 0.2622092 0.0033388 0.2676004 0.0168147 0.2720434 0.0411701 0.2628901 0.2695216 0.0740102 0.0376313 0.0447315 0.2747173 0.0341120 0.0341169 0.0134246 0.2747555 0.3934107 0.1616257 0.0000000 0.2696145 0.4169908 0.2640288 
n277_282   0.4729038 0.0594608 0.2796636 0.2440230 0.2645522 0.2684150 0.2641977 0.2589172 0.2805551 0.2640032 0.0521722 0.2706728 0.2805155 0.2861643 0.0558302 0.2802841 0.2802956 0.2594044 0.0558348 0.4462893 0.3209766 0.2696145 0.0000000 0.4662440 0.0134701 
n255_260   0.0448775 0.4414180 0.4184636 0.4185461 0.4175851 0.3773420 0.3877235 0.4308516 0.4111033 0.3666193 0.4479274 0.4199413 0.4103954 0.4110459 0.4410503 0.4050159 0.4114894 0.3937406 0.4475708 0.3323333 0.4684578 0.4169908 0.4662440 0.0000000 0.4401983 
n278_283   0.4466256 0.0521495 0.2739808 0.2343225 0.2590166 0.2583685 0.2586700 0.2489919 0.2748505 0.2540065 0.0449457 0.2650608 0.2748123 0.2803971 0.0485583 0.2745862 0.2745983 0.2539203 0.0485622 0.4397779 0.3101107 0.2640288 0.0134701 0.4401983 0.0000000 
