7
n278_25    0.0000000 0.0660627 0.2853468 0.2753468 0.2852810 0.2610493 0.2950169 
n277_24    0.0660627 0.0000000 0.3204885 0.3099861 0.3100137 0.2950183 0.3254811 
n300_33    0.2853468 0.3204885 0.0000000 0.0067010 0.0922482 0.0306494 0.0848009 
n299_32    0.2753468 0.3099861 0.0067010 0.0000000 0.0846538 0.0237069 0.0772823 
n280_27    0.2852810 0.3100137 0.0922482 0.0846538 0.0000000 0.0661968 0.0960043 
n292_31    0.2610493 0.2950183 0.0306494 0.0237069 0.0661968 0.0000000 0.0662249 
n274_23    0.2950169 0.3254811 0.0848009 0.0772823 0.0960043 0.0662249 0.0000000 
