27
n275_282   0.0000000 2.0805399 1.8642513 0.3612401 0.4023323 1.7156353 1.1074422 0.3844529 2.1416091 0.4155540 1.6491959 0.1201032 0.1610922 1.8873612 2.1344860 0.6828693 0.1617954 0.1164405 2.2551870 2.0470854 0.3907473 0.3672217 2.0320818 2.0608945 2.2260436 1.9571895 0.3786210 
n278_285   2.0805399 0.0000000 1.6506888 2.3140981 1.8490998 1.6338805 1.9303770 2.3423085 1.8057778 1.9002846 1.8497668 2.0670683 1.9758570 0.4896409 0.5256072 2.6808576 1.9026801 2.1170929 1.9493326 0.4973368 2.1942605 1.9962336 0.4897287 1.6880829 2.6778884 0.4967648 2.0304893 
n286_293   1.8642513 1.6506888 0.0000000 2.0889960 2.5443196 1.0857377 3.4386878 2.3162704 2.8610111 2.3834921 1.1166324 2.0355713 2.1187046 1.5399013 1.4987213 2.5542532 2.0911310 1.9546641 2.6875746 1.5449656 2.4015858 2.2974192 1.4966357 0.0779024 2.4266074 1.5203623 2.2753730 
n290_299   0.3612401 2.3140981 2.0889960 0.0000000 0.3404984 1.6436594 1.0135334 0.0413718 2.1761165 0.3652045 1.6526598 0.3380571 0.3603776 2.3582254 2.5992865 0.6753372 0.3622636 0.3339741 2.0868344 2.3496486 0.0592941 0.1536969 2.2724536 2.2471147 2.9066457 2.1920248 0.1581796 
n285_294   0.4023323 1.8490998 2.5443196 0.3404984 0.0000000 1.6750396 0.9549843 0.3400567 2.1221199 0.0740651 1.6753796 0.3384256 0.3778509 1.6302375 1.6773606 0.6402641 0.3503228 0.3391781 2.3167163 1.6158622 0.3740403 0.3081760 1.5579787 2.6303222 3.6434942 1.5111698 0.3083614 
n265_272   1.7156353 1.6338805 1.0857377 1.6436594 1.6750396 0.0000000 2.1609840 1.7104484 2.2017483 1.8134937 0.1873305 1.7462043 1.8801749 1.3735860 1.5227668 1.8068122 1.8443629 1.5950885 2.1505454 1.4238723 1.7135619 1.5929435 1.4440665 1.1403256 2.3150209 1.4490622 1.6083714 
n200_201   1.1074422 1.9303770 3.4386878 1.0135334 0.9549843 2.1609840 0.0000000 1.0588019 2.4465108 0.9308692 2.1991407 1.0979243 1.1006935 1.8555471 1.7905359 0.9197244 1.0402658 1.0734071 2.7437655 1.7011412 0.9514426 1.0278806 1.8263232 4.4080966 3.6427060 1.7078215 0.9985309 
n287_296   0.3844529 2.3423085 2.3162704 0.0413718 0.3400567 1.7104484 1.0588019 0.0000000 2.3271867 0.3708111 1.7595580 0.3604340 0.3953139 2.4289820 2.8008075 0.6751517 0.3855227 0.3562884 2.2238752 2.4208292 0.0816810 0.1579602 2.3372716 2.3801115 2.8959853 2.2517005 0.1580815 
n251_258   2.1416091 1.8057778 2.8610111 2.1761165 2.1221199 2.2017483 2.4465108 2.3271867 0.0000000 1.8771783 2.1997093 2.2000072 2.0687448 1.8769598 1.8423942 2.1971449 2.2267226 2.1424139 0.3035982 1.8849047 2.0621126 1.9046031 1.8510465 2.8225846 2.4802643 1.8294994 1.8740610 
n286_295   0.4155540 1.9002846 2.3834921 0.3652045 0.0740651 1.8134937 0.9308692 0.3708111 1.8771783 0.0000000 1.7663641 0.3445642 0.3673338 1.6180440 1.6707868 0.6064899 0.3401805 0.3343241 2.1469947 1.5792067 0.3821437 0.3362681 1.5527922 2.6131619 3.6643029 1.5064434 0.3364743 
n266_273   1.6491959 1.8497668 1.1166324 1.6526598 1.6753796 0.1873305 2.1991407 1.7595580 2.1997093 1.7663641 0.0000000 1.7484467 1.8658845 1.5825783 1.6789153 1.8873517 1.8476642 1.5960530 1.8032595 1.6843970 1.6950995 1.6826786 1.7168903 1.1603177 2.5363427 1.7183218 1.6795531 
n294_303   0.1201032 2.0670683 2.0355713 0.3380571 0.3384256 1.7462043 1.0979243 0.3604340 2.2000072 0.3445642 1.7484467 0.0000000 0.1237858 2.0617354 2.3052411 0.6608249 0.1243117 0.0448450 2.2124021 2.1452651 0.3493326 0.3223180 2.1516858 2.3163228 2.3040333 2.0995723 0.3276093 
n297_306   0.1610922 1.9758570 2.1187046 0.3603776 0.3778509 1.8801749 1.1006935 0.3953139 2.0687448 0.3673338 1.8658845 0.1237858 0.0000000 2.0123843 1.9936519 0.6428876 0.0485327 0.1121156 2.2072561 1.8827088 0.3895383 0.3382690 1.9145201 2.3539895 2.3195423 1.8474681 0.3491887 
n274_281   1.8873612 0.4896409 1.5399013 2.3582254 1.6302375 1.3735860 1.8555471 2.4289820 1.8769598 1.6180440 1.5825783 2.0617354 2.0123843 0.0000000 0.1288080 2.0042719 1.9721890 1.9546209 2.3471853 0.1046185 2.2911330 2.0757551 0.1006112 1.5712557 2.8918481 0.1006349 2.0805393 
n280_287   2.1344860 0.5256072 1.4987213 2.5992865 1.6773606 1.5227668 1.7905359 2.8008075 1.8423942 1.6707868 1.6789153 2.3052411 1.9936519 0.1288080 0.0000000 1.9272712 2.1034606 2.0620536 2.0323940 0.0776521 2.5088013 2.1757152 0.0738384 1.5004500 2.6404139 0.0738541 2.1811718 
n236_239   0.6828693 2.6808576 2.5542532 0.6753372 0.6402641 1.8068122 0.9197244 0.6751517 2.1971449 0.6064899 1.8873517 0.6608249 0.6428876 2.0042719 1.9272712 0.0000000 0.6336854 0.6280348 2.5051740 2.0310980 0.6998597 0.6376234 1.9017980 2.6629225 2.4536245 1.8708021 0.6138247 
n298_307   0.1617954 1.9026801 2.0911310 0.3622636 0.3503228 1.8443629 1.0402658 0.3855227 2.2267226 0.3401805 1.8476642 0.1243117 0.0485327 1.9721890 2.1034606 0.6336854 0.0000000 0.1125698 2.4878312 1.9150492 0.3915412 0.3457711 1.9477338 2.3215948 2.5602585 1.8786678 0.3450680 
n293_302   0.1164405 2.1170929 1.9546641 0.3339741 0.3391781 1.5950885 1.0734071 0.3562884 2.1424139 0.3343241 1.5960530 0.0448450 0.1121156 1.9546209 2.0620536 0.6280348 0.1125698 0.0000000 2.3052702 1.9347950 0.3388112 0.3129163 1.9402362 2.1469868 2.2478683 1.8979175 0.3234858 
n255_262   2.2551870 1.9493326 2.6875746 2.0868344 2.3167163 2.1505454 2.7437655 2.2238752 0.3035982 2.1469947 1.8032595 2.2124021 2.2072561 2.3471853 2.0323940 2.5051740 2.4878312 2.3052702 0.0000000 2.1773529 2.0935327 1.8743855 2.1922999 2.9739083 2.5913069 2.0800295 1.8938611 
n292_301   2.0470854 0.4973368 1.5449656 2.3496486 1.6158622 1.4238723 1.7011412 2.4208292 1.8849047 1.5792067 1.6843970 2.1452651 1.8827088 0.1046185 0.0776521 2.0310980 1.9150492 1.9347950 2.1773529 0.0000000 2.2823724 2.0142488 0.0237287 1.5697694 2.5624509 0.0237328 2.0187206 
n289_298   0.3907473 2.1942605 2.4015858 0.0592941 0.3740403 1.7135619 0.9514426 0.0816810 2.0621126 0.3821437 1.6950995 0.3493326 0.3895383 2.2911330 2.5088013 0.6998597 0.3915412 0.3388112 2.0935327 2.2823724 0.0000000 0.2016089 2.2230633 2.6261294 2.7934840 2.1369724 0.2064753 
n295_304   0.3672217 1.9962336 2.2974192 0.1536969 0.3081760 1.5929435 1.0278806 0.1579602 1.9046031 0.3362681 1.6826786 0.3223180 0.3382690 2.0757551 2.1757152 0.6376234 0.3457711 0.3129163 1.8743855 2.0142488 0.2016089 0.0000000 2.0391254 2.3613580 3.6470954 1.9737269 0.0342072 
n299_308   2.0320818 0.4897287 1.4966357 2.2724536 1.5579787 1.4440665 1.8263232 2.3372716 1.8510465 1.5527922 1.7168903 2.1516858 1.9145201 0.1006112 0.0738384 1.9017980 1.9477338 1.9402362 2.1922999 0.0237287 2.2230633 2.0391254 0.0000000 1.5385246 2.6439900 0.0202693 2.0437110 
n285_292   2.0608945 1.6880829 0.0779024 2.2471147 2.6303222 1.1403256 4.4080966 2.3801115 2.8225846 2.6131619 1.1603177 2.3163228 2.3539895 1.5712557 1.5004500 2.6629225 2.3215948 2.1469868 2.9739083 1.5697694 2.6261294 2.3613580 1.5385246 0.0000000 2.3830279 1.5445044 2.3374892 
n244_247   2.2260436 2.6778884 2.4266074 2.9066457 3.6434942 2.3150209 3.6427060 2.8959853 2.4802643 3.6643029 2.5363427 2.3040333 2.3195423 2.8918481 2.6404139 2.4536245 2.5602585 2.2478683 2.5913069 2.5624509 2.7934840 3.6470954 2.6439900 2.3830279 0.0000000 2.5608968 3.5630243 
n300_309   1.9571895 0.4967648 1.5203623 2.1920248 1.5111698 1.4490622 1.7078215 2.2517005 1.8294994 1.5064434 1.7183218 2.0995723 1.8474681 0.1006349 0.0738541 1.8708021 1.8786678 1.8979175 2.0800295 0.0237328 2.1369724 1.9737269 0.0202693 1.5445044 2.5608968 0.0000000 1.9779639 
n296_305   0.3786210 2.0304893 2.2753730 0.1581796 0.3083614 1.6083714 0.9985309 0.1580815 1.8740610 0.3364743 1.6795531 0.3276093 0.3491887 2.0805393 2.1811718 0.6138247 0.3450680 0.3234858 1.8938611 2.0187206 0.2064753 0.0342072 2.0437110 2.3374892 3.5630243 1.9779639 0.0000000 
