24
n287_288   0.0000000 0.0100849 0.0814134 0.3064304 0.3626997 0.3409304 0.3225404 0.3177088 0.0237813 0.3166017 0.3122846 0.0272517 0.0237872 0.0307640 0.0272571 0.0100904 0.3570367 0.3552462 0.0272579 0.3135482 0.3916719 0.1203230 0.2962252 0.3546580 
n290_291   0.0100849 0.0000000 0.0776055 0.3010035 0.3567672 0.3300887 0.3169763 0.3121778 0.0203177 0.3110957 0.3068009 0.0237673 0.0203226 0.0272562 0.0237720 0.0067053 0.3511536 0.3494066 0.0237727 0.3031192 0.3854813 0.1123700 0.2908809 0.3488325 
n236_237   0.0814134 0.0776055 0.0000000 0.3217470 0.3679318 0.3455553 0.3381019 0.3331895 0.0739204 0.3376010 0.3276454 0.0928256 0.0739405 0.0814866 0.0776772 0.0776496 0.3622315 0.3608903 0.0928474 0.3233962 0.4211621 0.1401886 0.3164826 0.3655416 
n278_279   0.3064304 0.3010035 0.3217470 0.0000000 0.3443826 0.3340522 0.0663713 0.0663960 0.3011485 0.0699675 0.0627130 0.3223511 0.3012741 0.3009511 0.2905936 0.3012042 0.3388816 0.4173471 0.3224347 0.3019988 0.4507563 0.3108499 0.0168511 0.4103851 
n285_286   0.3626997 0.3567672 0.3679318 0.3443826 0.0000000 0.1825946 0.3326709 0.3168258 0.3569500 0.3381445 0.3222921 0.3794614 0.3457784 0.3687652 0.3569318 0.3570160 0.0033456 0.4122905 0.3795629 0.1612070 0.4331252 0.3331869 0.3500424 0.4178719 
n265_266   0.3409304 0.3300887 0.3455553 0.3340522 0.1825946 0.0000000 0.3282617 0.3176909 0.3353512 0.3232531 0.3179238 0.3572049 0.3300698 0.3467941 0.3353307 0.3354134 0.1782321 0.3888825 0.3572996 0.0237390 0.4192120 0.3339849 0.3345250 0.3943150 
n280_281   0.3225404 0.3169763 0.3381019 0.0663713 0.3326709 0.3282617 0.0000000 0.0134681 0.3171316 0.0306479 0.0100725 0.3334903 0.3172678 0.3174442 0.3171097 0.3171902 0.3272704 0.3882283 0.3389409 0.2964082 0.4371389 0.3156197 0.0700844 0.3928404 
n299_300   0.3177088 0.3121778 0.3331895 0.0663960 0.3168258 0.3176909 0.0134681 0.0000000 0.3123301 0.0306589 0.0033418 0.3285951 0.3124633 0.3126367 0.3123079 0.3123880 0.3115417 0.3892463 0.3340148 0.2917206 0.4383374 0.3108460 0.0701108 0.3938717 
n293_294   0.0237813 0.0203177 0.0739204 0.3011485 0.3569500 0.3353512 0.3171316 0.3123301 0.0000000 0.3112469 0.3069497 0.0342030 0.0067064 0.0203283 0.0168858 0.0203287 0.3513325 0.3437348 0.0342108 0.3081888 0.3794783 0.1163063 0.2910196 0.3483107 
n274_275   0.3166017 0.3110957 0.3376010 0.0699675 0.3381445 0.3232531 0.0306479 0.0306589 0.3112469 0.0000000 0.0271738 0.3274386 0.3113790 0.3115512 0.3061781 0.3113044 0.3327025 0.3998015 0.3328336 0.2916006 0.4497329 0.3102082 0.0736966 0.3930394 
n292_293   0.3122846 0.3068009 0.3276454 0.0627130 0.3222921 0.3179238 0.0100725 0.0033418 0.3069497 0.0271738 0.0000000 0.3230791 0.3070793 0.3072490 0.3069272 0.3070066 0.3169648 0.3832296 0.3284538 0.2865049 0.4318651 0.3054992 0.0664038 0.3878311 
n296_297   0.0272517 0.0237673 0.0928256 0.3223511 0.3794614 0.3572049 0.3334903 0.3285951 0.0342030 0.3274386 0.3230791 0.0000000 0.0342116 0.0412988 0.0377331 0.0237803 0.3736685 0.3609783 0.0067112 0.3291979 0.4036475 0.1364526 0.3119114 0.3603760 
n294_295   0.0237872 0.0203226 0.0739405 0.3012741 0.3457784 0.3300698 0.3172678 0.3124633 0.0067064 0.3113790 0.3070793 0.0342116 0.0000000 0.0203332 0.0168899 0.0203336 0.3402470 0.3438895 0.0342194 0.3031002 0.3679641 0.1163407 0.2911388 0.3484683 
n275_276   0.0307640 0.0272562 0.0814866 0.3009511 0.3687652 0.3467941 0.3174442 0.3126367 0.0203283 0.3115512 0.3072490 0.0412988 0.0203332 0.0000000 0.0237845 0.0272710 0.3630476 0.3552524 0.0413092 0.3191566 0.3916890 0.1244161 0.2908293 0.3598799 
n297_298   0.0272571 0.0237720 0.0776772 0.2905936 0.3569318 0.3353307 0.3171097 0.3123079 0.0168858 0.3061781 0.3069272 0.0377331 0.0168899 0.0237845 0.0000000 0.0237850 0.3513136 0.3494078 0.0377417 0.3081663 0.3739132 0.1162898 0.2806211 0.3540087 
n289_290   0.0100904 0.0067053 0.0776496 0.3012042 0.3570160 0.3354134 0.3171902 0.3123880 0.0203287 0.3113044 0.3070066 0.0237803 0.0203336 0.0272710 0.0237850 0.0000000 0.3513975 0.3496478 0.0237857 0.3082460 0.3857558 0.1163275 0.2910734 0.3439229 
n286_287   0.3570367 0.3511536 0.3622315 0.3388816 0.0033456 0.1782321 0.3272704 0.3115417 0.3513325 0.3327025 0.3169648 0.3736685 0.3402470 0.3630476 0.3513136 0.3513975 0.0000000 0.4062654 0.3737682 0.1569765 0.4268975 0.3277748 0.3444973 0.4118087 
n255_256   0.3552462 0.3494066 0.3608903 0.4173471 0.4122905 0.3888825 0.3882283 0.3892463 0.3437348 0.3998015 0.3832296 0.3609783 0.3438895 0.3552524 0.3494078 0.3496478 0.4062654 0.0000000 0.3666441 0.3657180 0.2858381 0.3490981 0.4169600 0.0376933 
n295_296   0.0272579 0.0237727 0.0928474 0.3224347 0.3795629 0.3572996 0.3389409 0.3340148 0.0342108 0.3328336 0.3284538 0.0067112 0.0342194 0.0413092 0.0377417 0.0237857 0.3737682 0.3666441 0.0000000 0.3292839 0.4037569 0.1364852 0.3119919 0.3660280 
n266_267   0.3135482 0.3031192 0.3233962 0.3019988 0.1612070 0.0237390 0.2964082 0.2917206 0.3081888 0.2916006 0.2865049 0.3291979 0.3031002 0.3191566 0.3081663 0.3082460 0.1569765 0.3657180 0.3292839 0.0000000 0.3946366 0.3069619 0.3024202 0.3710026 
n244_245   0.3916719 0.3854813 0.4211621 0.4507563 0.4331252 0.4192120 0.4371389 0.4383374 0.3794783 0.4497329 0.4318651 0.4036475 0.3679641 0.3916890 0.3739132 0.3857558 0.4268975 0.2858381 0.4037569 0.3946366 0.0000000 0.3731107 0.4636959 0.3009110 
n200_201   0.1203230 0.1123700 0.1401886 0.3108499 0.3331869 0.3339849 0.3156197 0.3108460 0.1163063 0.3102082 0.3054992 0.1364526 0.1163407 0.1244161 0.1162898 0.1163275 0.3277748 0.3490981 0.1364852 0.3069619 0.3731107 0.0000000 0.3162246 0.3536946 
n277_278   0.2962252 0.2908809 0.3164826 0.0168511 0.3500424 0.3345250 0.0700844 0.0701108 0.2910196 0.0736966 0.0664038 0.3119114 0.2911388 0.2908293 0.2806211 0.2910734 0.3444973 0.4169600 0.3119919 0.3024202 0.4636959 0.3162246 0.0000000 0.4100095 
n251_252   0.3546580 0.3488325 0.3655416 0.4103851 0.4178719 0.3943150 0.3928404 0.3938717 0.3483107 0.3930394 0.3878311 0.3603760 0.3484683 0.3598799 0.3540087 0.3439229 0.4118087 0.0376933 0.3660280 0.3710026 0.3009110 0.3536946 0.4100095 0.0000000 
