24
n287_288   0.0000000 0.0962096 0.2930885 0.3331608 0.3664534 0.2880774 0.3085193 0.0628013 0.3034078 0.3029870 0.0271651 0.0664645 0.0554922 0.0663674 0.0033345 0.3334317 0.3649106 0.0271747 0.3559054 0.4444874 0.3081431 0.1803514 0.2928369 0.3814134 
n236_237   0.0962096 0.0000000 0.2782708 0.2971942 0.3130223 0.2829867 0.3032721 0.0850277 0.2981995 0.2977870 0.0961820 0.0888088 0.0774693 0.0886780 0.1000494 0.2974260 0.3320182 0.0962173 0.3031568 0.4308601 0.3029037 0.1635509 0.2780341 0.3638171 
n278_279   0.2930885 0.2782708 0.0000000 0.2591206 0.2791349 0.0449092 0.0521024 0.2837529 0.0485087 0.0484490 0.2879773 0.2887561 0.2735881 0.2735058 0.2981914 0.2593150 0.3939782 0.2880941 0.2843459 0.4376558 0.0520482 0.3127979 0.0033552 0.3993987 
n285_286   0.3331608 0.2971942 0.2591206 0.0000000 0.1732321 0.2635825 0.2734413 0.3075728 0.2637402 0.2633657 0.3331744 0.3127223 0.3128037 0.3076167 0.3385479 0.0100550 0.3471519 0.3333125 0.1776498 0.3889846 0.2731156 0.3214494 0.2541585 0.3577805 
n265_266   0.3664534 0.3130223 0.2791349 0.1732321 0.0000000 0.2889120 0.2991531 0.3397598 0.2941016 0.2936950 0.3607787 0.3451501 0.3341903 0.3288422 0.3721093 0.1774949 0.4465200 0.3609306 0.0342576 0.4562235 0.2987901 0.3548350 0.2740183 0.4648934 
n280_281   0.2880774 0.2829867 0.0449092 0.2635825 0.2889120 0.0000000 0.0135282 0.2834935 0.0101221 0.0101100 0.2830040 0.2884896 0.2782795 0.2733286 0.2931432 0.2637809 0.3878542 0.2831185 0.2941986 0.4316096 0.0135146 0.3122827 0.0413250 0.4045909 
n299_300   0.3085193 0.3032721 0.0521024 0.2734413 0.2991531 0.0135282 0.0000000 0.3038166 0.0169593 0.0101088 0.3032898 0.3089575 0.2984367 0.2933408 0.3137386 0.2736495 0.3995896 0.3034138 0.3045253 0.4438800 0.0067216 0.3226263 0.0484758 0.4166016 
n293_294   0.0628013 0.0850277 0.2837529 0.3075728 0.3397598 0.2834935 0.3038166 0.0000000 0.2987346 0.2983209 0.0627840 0.0033462 0.0134742 0.0237402 0.0664674 0.3078157 0.3381232 0.0628068 0.3295474 0.4201124 0.2986139 0.1596138 0.2835104 0.3593804 
n274_275   0.3034078 0.2981995 0.0485087 0.2637402 0.2941016 0.0101221 0.0169593 0.2987346 0.0000000 0.0135190 0.2982171 0.3038396 0.2933960 0.2883361 0.3085889 0.2639388 0.3881037 0.2983387 0.2994326 0.4314755 0.0169422 0.3281080 0.0449024 0.4048537 
n292_293   0.3029870 0.2977870 0.0484490 0.2633657 0.2936950 0.0101100 0.0101088 0.2983209 0.0135190 0.0000000 0.2978046 0.3034179 0.2929909 0.2879389 0.3081598 0.2635638 0.3932518 0.2979260 0.2990173 0.4373405 0.0100986 0.3169905 0.0448473 0.4101023 
n296_297   0.0271651 0.0961820 0.2879773 0.3331744 0.3607787 0.2830040 0.3032898 0.0627840 0.2982171 0.2978046 0.0000000 0.0591727 0.0554771 0.0663491 0.0306390 0.3334453 0.3537481 0.0033373 0.3503104 0.4376733 0.3029214 0.1847120 0.2877310 0.3699858 
n294_295   0.0664645 0.0888088 0.2887561 0.3127223 0.3451501 0.2884896 0.3089575 0.0033462 0.3038396 0.3034179 0.0591727 0.0000000 0.0168848 0.0272000 0.0701503 0.3129707 0.3434869 0.0591941 0.3348690 0.4261408 0.3037169 0.1637988 0.2885085 0.3649004 
n275_276   0.0554922 0.0774693 0.2735881 0.3128037 0.3341903 0.2782795 0.2984367 0.0134742 0.2933960 0.2929909 0.0554771 0.0168848 0.0000000 0.0168610 0.0591163 0.3130524 0.3327345 0.0554970 0.3240554 0.4140375 0.2980752 0.1554323 0.2733561 0.3538306 
n297_298   0.0663674 0.0886780 0.2735058 0.3076167 0.3288422 0.2733286 0.2933408 0.0237402 0.2883361 0.2879389 0.0663491 0.0272000 0.0168610 0.0000000 0.0700474 0.3078597 0.3274096 0.0663730 0.3187765 0.4023094 0.2929867 0.1678643 0.2684386 0.3483483 
n289_290   0.0033345 0.1000494 0.2981914 0.3385479 0.3721093 0.2931432 0.3137386 0.0664674 0.3085889 0.3081598 0.0306390 0.0701503 0.0591163 0.0700474 0.0000000 0.3388250 0.3705439 0.0306498 0.3614833 0.4508378 0.3133546 0.1803659 0.2979345 0.3871811 
n286_287   0.3334317 0.2974260 0.2593150 0.0100550 0.1774949 0.2637809 0.2736495 0.3078157 0.2639388 0.2635638 0.3334453 0.3129707 0.3130524 0.3078597 0.3388250 0.0000000 0.3474375 0.3335836 0.1819421 0.3893234 0.2733233 0.3164067 0.2543480 0.3580787 
n255_256   0.3649106 0.3320182 0.3939782 0.3471519 0.4465200 0.3878542 0.3995896 0.3381232 0.3881037 0.3932518 0.3537481 0.3434869 0.3327345 0.3274096 0.3705439 0.3474375 0.0000000 0.3590901 0.4286831 0.3054350 0.3990737 0.3406090 0.3879611 0.0407608 
n295_296   0.0271747 0.0962173 0.2880941 0.3333125 0.3609306 0.2831185 0.3034138 0.0628068 0.2983387 0.2979260 0.0033373 0.0591941 0.0554970 0.0663730 0.0306498 0.3335836 0.3590901 0.0000000 0.3504572 0.4318179 0.3030451 0.1847826 0.2878476 0.3754434 
n266_267   0.3559054 0.3031568 0.2843459 0.1776498 0.0342576 0.2941986 0.3045253 0.3295474 0.2994326 0.2990173 0.3503104 0.3348690 0.3240554 0.3187765 0.3614833 0.1819421 0.4286831 0.3504572 0.0000000 0.4696155 0.3041543 0.3441193 0.2791860 0.4466254 
n244_245   0.4444874 0.4308601 0.4376558 0.3889846 0.4562235 0.4316096 0.4438800 0.4201124 0.4314755 0.4373405 0.4376733 0.4261408 0.4140375 0.4023094 0.4508378 0.3893234 0.3054350 0.4318179 0.4696155 0.0000000 0.4493882 0.4405342 0.4312339 0.3206200 
n300_301   0.3081431 0.3029037 0.0520482 0.2731156 0.2987901 0.0135146 0.0067216 0.2986139 0.0169422 0.0100986 0.3029214 0.3037169 0.2980752 0.2929867 0.3133546 0.2733233 0.3990737 0.3030451 0.3041543 0.4493882 0.0000000 0.3222306 0.0484255 0.4160577 
n200_201   0.1803514 0.1635509 0.3127979 0.3214494 0.3548350 0.3122827 0.3226263 0.1596138 0.3281080 0.3169905 0.1847120 0.1637988 0.1554323 0.1678643 0.1803659 0.3164067 0.3406090 0.1847826 0.3441193 0.4405342 0.3222306 0.0000000 0.3125262 0.3618106 
n277_278   0.2928369 0.2780341 0.0033552 0.2541585 0.2740183 0.0413250 0.0484758 0.2835104 0.0449024 0.0448473 0.2877310 0.2885085 0.2733561 0.2684386 0.2979345 0.2543480 0.3879611 0.2878476 0.2791860 0.4312339 0.0484255 0.3125262 0.0000000 0.3933354 
n251_252   0.3814134 0.3638171 0.3993987 0.3577805 0.4648934 0.4045909 0.4166016 0.3593804 0.4048537 0.4101023 0.3699858 0.3649004 0.3538306 0.3483483 0.3871811 0.3580787 0.0407608 0.3754434 0.4466254 0.3206200 0.4160577 0.3618106 0.3933354 0.0000000 
