26
n299_300   0.0000000 0.0306935 3.0259553 3.1712391 5.1439591 0.4741721 2.0623017 2.0950137 0.1006181 2.8704675 2.5814447 2.0110192 0.0448728 0.4714177 2.1636240 2.3189247 1.6521159 1.7305631 3.1816609 4.0835456 2.0609635 2.6588378 1.7699636 1.9353140 0.1046774 2.0407378 
n300_301   0.0306935 0.0000000 2.7733376 3.3231459 4.9269446 0.4724936 2.0140156 1.9114401 0.1121822 2.6105314 2.4514426 2.0237049 0.0555929 0.4774333 2.1791616 2.3378334 1.6280573 1.7327527 2.9758466 4.0121429 2.1769097 2.5213937 1.7666307 1.8849750 0.1161133 2.1533135 
n290_291   3.0259553 2.7733376 0.0000000 4.0549331 2.8958413 3.6743956 1.3123869 0.7338424 3.3825612 0.0486698 0.1384295 0.2429413 3.0669010 4.0519586 0.2944367 0.3057639 2.5990331 2.4103715 0.0633055 2.5426970 0.2670439 0.1513023 2.1418260 2.0921985 2.9847180 0.2884912 
n244_245   3.1712391 3.3231459 4.0549331 0.0000000 2.2562414 2.8515213 3.7093829 6.3800218 3.1091725 3.7378843 4.4318272 3.3234260 3.2967714 2.6835235 3.8440698 5.0178015 2.6316663 2.9140008 4.8186246 2.0836899 3.9506313 4.6942760 4.0524032 3.1922708 3.1945554 4.3107031 
n255_256   5.1439591 4.9269446 2.8958413 2.2562414 0.0000000 5.2268763 2.4658952 2.9241697 3.8216332 2.7501120 2.6421008 3.1298723 5.2737065 5.3594934 3.0086520 2.8781233 4.5014530 4.1901544 2.6222780 0.2797018 2.9647376 2.9077271 3.7392860 7.4754893 4.5545991 2.7421105 
n277_278   0.4741721 0.4724936 3.6743956 2.8515213 5.2268763 0.0000000 1.9307633 1.9860650 0.4817385 3.6297951 3.4207415 2.4571571 0.4610329 0.1048036 2.4255863 2.4854925 1.8927001 1.9010147 3.9908006 3.7599002 2.6260349 3.7317007 1.7706986 1.6284880 0.4861295 2.6727283 
n200_201   2.0623017 2.0140156 1.3123869 3.7093829 2.4658952 1.9307633 0.0000000 1.2767370 2.2972563 1.2795688 1.3380240 1.2338954 1.9018587 1.9656386 1.1630180 1.2560555 1.7662929 1.7335838 1.2376098 3.7574810 1.3145985 1.4519354 2.6665805 2.8986582 2.1754811 1.4098423 
n236_237   2.0950137 1.9114401 0.7338424 6.3800218 2.9241697 1.9860650 1.2767370 0.0000000 1.9440333 0.6654445 0.7146637 0.6282904 1.8779024 1.9995199 0.6504820 0.6783610 2.7119732 2.6805059 0.6800081 3.5166750 0.6643166 0.7164833 1.7375395 1.7692416 1.8537017 0.6857752 
n274_275   0.1006181 0.1121822 3.3825612 3.1091725 3.8216332 0.4817385 2.2972563 1.9440333 0.0000000 3.4174255 3.1309277 2.2436222 0.0967895 0.4684227 2.3071492 2.4857184 1.7589255 1.7605292 3.5688359 3.6041791 2.5863800 3.1808365 1.8466887 2.0244813 0.1085635 2.6500470 
n289_290   2.8704675 2.6105314 0.0486698 3.7378843 2.7501120 3.6297951 1.2795688 0.6654445 3.4174255 0.0000000 0.1301790 0.2229646 2.9874930 3.9233190 0.2678115 0.2786295 2.6408403 2.4437533 0.0632561 2.4655934 0.2369119 0.1428817 2.1449591 2.0239937 2.8353570 0.2573104 
n296_297   2.5814447 2.4514426 0.1384295 4.4318272 2.6421008 3.4207415 1.3380240 0.7146637 3.1309277 0.1301790 0.0000000 0.2679657 2.6808630 3.2342568 0.3160744 0.3278169 2.5001624 2.4270617 0.1344755 2.3157465 0.2778007 0.0415352 2.0051075 1.8910473 2.5389634 0.2996601 
n275_276   2.0110192 2.0237049 0.2429413 3.3234260 3.1298723 2.4571571 1.2338954 0.6282904 2.2436222 0.2229646 0.2679657 0.0000000 1.8861114 2.6181487 0.0941477 0.1021436 2.3880189 2.5017101 0.2434715 2.8357278 0.0860124 0.2946745 2.2984252 2.0340830 1.9515066 0.0979483 
n292_293   0.0448728 0.0555929 3.0669010 3.2967714 5.2737065 0.4610329 1.9018587 1.8779024 0.0967895 2.9874930 2.6808630 1.8861114 0.0000000 0.4583771 2.1255724 2.2752011 1.6064730 1.7090856 3.0926776 4.2641886 2.1754506 2.8556918 1.6565385 1.8012874 0.1125058 2.1519432 
n278_279   0.4714177 0.4774333 4.0519586 2.6835235 5.3594934 0.1048036 1.9656386 1.9995199 0.4684227 3.9233190 3.2342568 2.6181487 0.4583771 0.0000000 3.0116310 3.1119442 1.8337215 1.8059338 4.5231167 3.9755145 2.9933926 3.7716549 1.6608432 1.6538182 0.4807127 3.0508788 
n298_299   2.1636240 2.1791616 0.2944367 3.8440698 3.0086520 2.4255863 1.1630180 0.6504820 2.3071492 0.2678115 0.3160744 0.0941477 2.1255724 3.0116310 0.0000000 0.0380716 2.3387760 2.2414516 0.2951265 2.6564477 0.1298472 0.3449267 2.3114552 1.9297820 2.0709814 0.1427812 
n297_298   2.3189247 2.3378334 0.3057639 5.0178015 2.8781233 2.4854925 1.2560555 0.6783610 2.4857184 0.2786295 0.3278169 0.1021436 2.2752011 3.1119442 0.0380716 0.0000000 2.6847519 2.5513204 0.3064924 2.6207305 0.1383250 0.3572582 2.4468179 2.1010116 2.2113695 0.1514734 
n286_287   1.6521159 1.6280573 2.5990331 2.6316663 4.5014530 1.8927001 1.7662929 2.7119732 1.7589255 2.6408403 2.5001624 2.3880189 1.6064730 1.8337215 2.3387760 2.6847519 0.0000000 0.0738270 2.9738858 3.3920023 2.6860662 2.7914338 1.0853019 1.1420219 1.5509449 2.7802802 
n285_286   1.7305631 1.7327527 2.4103715 2.9140008 4.1901544 1.9010147 1.7335838 2.6805059 1.7605292 2.4437533 2.4270617 2.5017101 1.7090856 1.8059338 2.2414516 2.5513204 0.0738270 0.0000000 2.5503955 3.4308833 2.5555759 2.6948471 1.1738629 1.2215235 1.5999525 2.5887299 
n287_288   3.1816609 2.9758466 0.0633055 4.8186246 2.6222780 3.9908006 1.2376098 0.6800081 3.5688359 0.0632561 0.1344755 0.2434715 3.0926776 4.5231167 0.2951265 0.3064924 2.9738858 2.5503955 0.0000000 2.4854071 0.2627671 0.1515255 1.9623988 2.0079161 2.9304942 0.2734751 
n251_252   4.0835456 4.0121429 2.5426970 2.0836899 0.2797018 3.7599002 3.7574810 3.5166750 3.6041791 2.4655934 2.3157465 2.8357278 4.2641886 3.9755145 2.6564477 2.6207305 3.3920023 3.4308833 2.4854071 0.0000000 2.8516251 2.4749696 2.9144237 3.3944241 3.2691465 2.7861912 
n294_295   2.0609635 2.1769097 0.2670439 3.9506313 2.9647376 2.6260349 1.3145985 0.6643166 2.5863800 0.2369119 0.2778007 0.0860124 2.1754506 2.9933926 0.1298472 0.1383250 2.6860662 2.5555759 0.2627671 2.8516251 0.0000000 0.3048960 2.5318523 2.1716298 2.1797160 0.0415400 
n295_296   2.6588378 2.5213937 0.1513023 4.6942760 2.9077271 3.7317007 1.4519354 0.7164833 3.1808365 0.1428817 0.0415352 0.2946745 2.8556918 3.7716549 0.3449267 0.3572582 2.7914338 2.6948471 0.1515255 2.4749696 0.3048960 0.0000000 1.8713184 1.7763194 2.6914747 0.3277658 
n266_267   1.7699636 1.7666307 2.1418260 4.0524032 3.7392860 1.7706986 2.6665805 1.7375395 1.8466887 2.1449591 2.0051075 2.2984252 1.6565385 1.6608432 2.3114552 2.4468179 1.0853019 1.1738629 1.9623988 2.9144237 2.5318523 1.8713184 0.0000000 0.1293175 1.7416256 2.7884976 
n265_266   1.9353140 1.8849750 2.0921985 3.1922708 7.4754893 1.6284880 2.8986582 1.7692416 2.0244813 2.0239937 1.8910473 2.0340830 1.8012874 1.6538182 1.9297820 2.1010116 1.1420219 1.2215235 2.0079161 3.3944241 2.1716298 1.7763194 0.1293175 0.0000000 1.8648204 2.4029337 
n280_281   0.1046774 0.1161133 2.9847180 3.1945554 4.5545991 0.4861295 2.1754811 1.8537017 0.1085635 2.8353570 2.5389634 1.9515066 0.1125058 0.4807127 2.0709814 2.2113695 1.5509449 1.5999525 2.9304942 3.2691465 2.1797160 2.6914747 1.7416256 1.8648204 0.0000000 2.1562342 
n293_294   2.0407378 2.1533135 0.2884912 4.3107031 2.7421105 2.6727283 1.4098423 0.6857752 2.6500470 0.2573104 0.2996601 0.0979483 2.1519432 3.0508788 0.1427812 0.1514734 2.7802802 2.5887299 0.2734751 2.7861912 0.0415400 0.3277658 2.7884976 2.4029337 2.1562342 0.0000000 
