26
n299_300   0.0000000 0.0272422 1.7193668 2.6687147 9.0000000 0.4646496 1.9554587 2.1723709 0.1241620 1.7849525 1.9740467 2.0819942 0.0448078 0.4770233 1.7905047 1.7925657 2.2557233 2.4049019 1.7094017 3.1105506 1.8119539 2.0552111 2.0022601 1.9317166 0.1005110 1.7305250 
n300_301   0.0272422 0.0000000 1.7174348 2.9139259 9.0000000 0.4512756 1.8356203 1.9945621 0.1043386 1.8237748 2.0726999 2.2457602 0.0376930 0.4567239 1.9047860 1.9070444 2.3168874 2.4776446 1.7807236 3.0305014 1.9394866 2.1639267 2.0633420 1.9878492 0.0927517 1.8448564 
n290_291   1.7193668 1.7174348 0.0000000 2.8248803 9.0000000 1.5230944 1.1350792 0.7118782 1.7765808 0.0448294 0.1827356 0.2906439 1.6224010 1.8433105 0.3058805 0.3381020 2.0658435 2.0100326 0.0342206 9.0000000 0.2715246 0.1783030 1.5224791 1.6775795 1.5813840 0.2965400 
n244_245   2.6687147 2.9139259 2.8248803 0.0000000 2.5346280 3.4846486 3.2164956 9.0000000 3.1432535 2.8627765 3.7189712 9.0000000 3.0151786 3.7279512 9.0000000 9.0000000 2.2502815 2.3330630 3.3360821 1.8719971 6.2180648 3.4622035 2.3310453 2.1467906 2.5504818 9.0000000 
n255_256   9.0000000 9.0000000 9.0000000 2.5346280 0.0000000 8.9999986 2.8431496 3.0952469 9.0000000 3.8968015 9.0000000 3.4302119 9.0000000 2.7127773 3.9967070 9.0000000 3.2720039 3.1059237 8.3667345 0.2664029 3.9157654 9.0000000 4.4181673 7.4892524 8.9999990 3.5476445 
n277_278   0.4646496 0.4512756 1.5230944 3.4846486 8.9999986 0.0000000 2.0575806 1.8908692 0.4586804 1.5532402 1.9870327 2.5068865 0.4381946 0.1526638 2.1495711 2.2553018 1.6773015 1.7505341 1.6020179 9.0000000 1.9266653 2.0158783 2.7037143 2.5959268 0.4210900 1.9459092 
n200_201   1.9554587 1.8356203 1.1350792 3.2164956 2.8431496 2.0575806 0.0000000 1.1157344 1.8776819 1.1830326 1.0876760 1.1122889 2.0011672 2.2855983 1.0877987 1.1476387 2.1971463 2.4607428 1.1800454 6.8319092 1.0682555 1.1110525 2.5266899 2.1701360 1.7610547 1.0976938 
n236_237   2.1723709 1.9945621 0.7118782 9.0000000 3.0952469 1.8908692 1.1157344 0.0000000 2.3664189 0.6953831 0.8048671 0.6942985 2.1324896 2.0427439 0.6740193 0.6985539 2.1614940 2.1901244 0.7299075 3.9238056 0.6274428 0.7931960 1.8395336 2.0188572 2.0699743 0.6441202 
n274_275   0.1241620 0.1043386 1.7765808 3.1432535 9.0000000 0.4586804 1.8776819 2.3664189 0.0000000 1.8602917 2.0211712 2.0900748 0.1043850 0.4322308 1.7919323 1.7583076 2.2311728 2.2085592 1.8110780 3.2557915 1.8568004 2.0549306 1.8573492 1.9671953 0.1122655 1.7707592 
n289_290   1.7849525 1.8237748 0.0448294 2.8627765 3.8968015 1.5532402 1.1830326 0.6953831 1.8602917 0.0000000 0.1914157 0.2862801 1.6877898 1.8529490 0.2962000 0.3275359 2.1354256 2.0758203 0.0412465 9.0000000 0.2672270 0.1913861 1.4994864 1.6467697 1.5876384 0.2921418 
n296_297   1.9740467 2.0726999 0.1827356 3.7189712 9.0000000 1.9870327 1.0876760 0.8048671 2.0211712 0.1914157 0.0000000 0.3670223 1.8630433 2.1823452 0.3604560 0.3838890 2.2391326 2.2749307 0.1698451 9.0000000 0.3393825 0.0342221 1.6308147 1.7149783 1.7800048 0.3669183 
n275_276   2.0819942 2.2457602 0.2906439 9.0000000 3.4302119 2.5068865 1.1122889 0.6942985 2.0900748 0.2862801 0.3670223 0.0000000 1.9486212 2.3145168 0.1401623 0.1567344 2.1731383 2.1047179 0.2654366 6.6648092 0.1043384 0.3554133 1.5091676 1.6237246 1.8200031 0.1239713 
n292_293   0.0448078 0.0376930 1.6224010 3.0151786 9.0000000 0.4381946 2.0011672 2.1324896 0.1043850 1.6877898 1.8630433 1.9486212 0.0000000 0.4502903 1.6925164 1.6944105 2.2787196 2.3690486 1.6513207 3.8014903 1.7804007 1.9346790 1.9761800 1.9070891 0.0814084 1.7017885 
n278_279   0.4770233 0.4567239 1.8433105 3.7279512 2.7127773 0.1526638 2.2855983 2.0427439 0.4322308 1.8529490 2.1823452 2.3145168 0.4502903 0.0000000 1.8531532 1.8859694 1.9167186 1.9705504 1.8409509 2.7999940 1.9238267 2.1589831 2.6932442 2.9057811 0.4270090 1.9476451 
n298_299   1.7905047 1.9047860 0.3058805 9.0000000 3.9967070 2.1495711 1.0877987 0.6740193 1.7919323 0.2962000 0.3604560 0.1401623 1.6925164 1.8531532 0.0000000 0.0341517 2.1075589 2.0423604 0.2852975 5.7481116 0.1278923 0.3546627 1.5831299 1.7064331 1.5652110 0.1441386 
n297_298   1.7925657 1.9070444 0.3381020 9.0000000 9.0000000 2.2553018 1.1476387 0.6985539 1.7583076 0.3275359 0.3838890 0.1567344 1.6944105 1.8859694 0.0341517 0.0000000 2.3147971 2.2977669 0.3062073 9.0000000 0.1441563 0.3778835 1.6659814 1.7286278 1.5668764 0.1607944 
n286_287   2.2557233 2.3168874 2.0658435 2.2502815 3.2720039 1.6773015 2.1971463 2.1614940 2.2311728 2.1354256 2.2391326 2.1731383 2.2787196 1.9167186 2.1075589 2.3147971 0.0000000 0.0590410 2.2063865 3.8064331 2.0679701 1.9798256 1.2459514 1.2121246 1.8555482 2.1487673 
n285_286   2.4049019 2.4776446 2.0100326 2.3330630 3.1059237 1.7505341 2.4607428 2.1901244 2.2085592 2.0758203 2.2749307 2.1047179 2.3690486 1.9705504 2.0423604 2.2977669 0.0590410 0.0000000 2.1982093 4.0860618 2.0058314 2.0042973 1.1489136 1.1317820 2.0847467 2.0823784 
n287_288   1.7094017 1.7807236 0.0342206 3.3360821 8.3667345 1.6020179 1.1800454 0.7299075 1.8110780 0.0412465 0.1698451 0.2654366 1.6513207 1.8409509 0.2852975 0.3062073 2.2063865 2.1982093 0.0000000 6.4852868 0.2519174 0.1698200 1.5433063 1.7313455 1.5555800 0.2762396 
n251_252   3.1105506 3.0305014 9.0000000 1.8719971 0.2664029 9.0000000 6.8319092 3.9238056 3.2557915 9.0000000 9.0000000 6.6648092 3.8014903 2.7999940 5.7481116 9.0000000 3.8064331 4.0860618 6.4852868 0.0000000 9.0000000 9.0000000 2.6984327 2.8635160 3.7126130 8.9999988 
n294_295   1.8119539 1.9394866 0.2715246 6.2180648 3.9157654 1.9266653 1.0682555 0.6274428 1.8568004 0.2672270 0.3393825 0.1043384 1.7804007 1.9238267 0.1278923 0.1441563 2.0679701 2.0058314 0.2519174 9.0000000 0.0000000 0.3337542 1.4744534 1.6342289 1.6731307 0.0306673 
n295_296   2.0552111 2.1639267 0.1783030 3.4622035 9.0000000 2.0158783 1.1110525 0.7931960 2.0549306 0.1913861 0.0342221 0.3554133 1.9346790 2.1589831 0.3546627 0.3778835 1.9798256 2.0042973 0.1698200 9.0000000 0.3337542 0.0000000 1.6041123 1.6855886 1.8447624 0.3610597 
n266_267   2.0022601 2.0633420 1.5224791 2.3310453 4.4181673 2.7037143 2.5266899 1.8395336 1.8573492 1.4994864 1.6308147 1.5091676 1.9761800 2.6932442 1.5831299 1.6659814 1.2459514 1.1489136 1.5433063 2.6984327 1.4744534 1.6041123 0.0000000 0.1566935 2.2280448 1.4949974 
n265_266   1.9317166 1.9878492 1.6775795 2.1467906 7.4892524 2.5959268 2.1701360 2.0188572 1.9671953 1.6467697 1.7149783 1.6237246 1.9070891 2.9057811 1.7064331 1.7286278 1.2121246 1.1317820 1.7313455 2.8635160 1.6342289 1.6855886 0.1566935 0.0000000 2.1192574 1.7189101 
n280_281   0.1005110 0.0927517 1.5813840 2.5504818 8.9999990 0.4210900 1.7610547 2.0699743 0.1122655 1.5876384 1.7800048 1.8200031 0.0814084 0.4270090 1.5652110 1.5668764 1.8555482 2.0847467 1.5555800 3.7126130 1.6731307 1.8447624 2.2280448 2.1192574 0.0000000 1.6635112 
n293_294   1.7305250 1.8448564 0.2965400 9.0000000 3.5476445 1.9459092 1.0976938 0.6441202 1.7707592 0.2921418 0.3669183 0.1239713 1.7017885 1.9476451 0.1441386 0.1607944 2.1487673 2.0823784 0.2762396 8.9999988 0.0306673 0.3610597 1.4949974 1.7189101 1.6635112 0.0000000 
