23
n274_249   0.0000000 0.2827389 0.2670302 0.3028051 0.2920575 0.2827316 0.0033426 0.2540203 0.2584357 0.0815289 0.2824907 0.2823201 0.0033408 0.3782368 0.0741185 0.2875836 0.3082252 0.2800406 0.3809016 0.3277087 0.2583872 0.2773895 0.2501903 
n290_265   0.2827389 0.0000000 0.0274241 0.0274094 0.0821884 0.0033582 0.2880798 0.3120173 0.3000264 0.2868516 0.0169946 0.0204353 0.2878588 0.3924281 0.2871354 0.0067325 0.0309271 0.3237485 0.3944594 0.3204388 0.2948538 0.0169950 0.1133912 
n275_250   0.2670302 0.0274241 0.0000000 0.0487487 0.0899172 0.0309275 0.2722387 0.2908154 0.2901314 0.2710867 0.0169743 0.0204109 0.2720311 0.3996600 0.2713532 0.0344486 0.0523892 0.3021426 0.3837964 0.3043677 0.2850233 0.0169747 0.1337915 
n296_271   0.3028051 0.0274094 0.0487487 0.0000000 0.1053731 0.0309110 0.3083002 0.3226679 0.3271054 0.2962961 0.0379702 0.0415093 0.3080628 0.4367934 0.3070039 0.0344302 0.0101264 0.3346015 0.4391053 0.3537574 0.3217301 0.0379711 0.1422907 
n236_215   0.2920575 0.0821884 0.0899172 0.1053731 0.0000000 0.0821856 0.2974614 0.3112067 0.3212879 0.2912734 0.0784094 0.0821558 0.2972332 0.4222677 0.2915615 0.0898044 0.1093572 0.3229019 0.4244816 0.3417482 0.3159593 0.0784117 0.1503935 
n287_262   0.2827316 0.0033582 0.0309275 0.0309110 0.0821856 0.0000000 0.2880725 0.3120098 0.3000191 0.2868443 0.0204428 0.0238990 0.2878515 0.3917267 0.2871281 0.0101228 0.0344479 0.3237409 0.3937514 0.3198835 0.2948465 0.0204432 0.1133875 
n299_274   0.0033426 0.2880798 0.2722387 0.3083002 0.2974614 0.2880725 0.0000000 0.2590812 0.2635230 0.0853569 0.2878265 0.2876521 0.0067012 0.3789077 0.0779047 0.2929594 0.3137672 0.2853238 0.3815813 0.3333911 0.2634737 0.2826844 0.2552366 
n266_241   0.2540203 0.3120173 0.2908154 0.3226679 0.3112067 0.3120098 0.2590812 0.0000000 0.1439554 0.2491807 0.3067652 0.3065781 0.2588862 0.4119964 0.2492318 0.3170198 0.3282333 0.0374828 0.4028542 0.3494860 0.1355938 0.3015074 0.2541468 
n285_260   0.2584357 0.3000264 0.2901314 0.3271054 0.3212879 0.3000191 0.2635230 0.1439554 0.0000000 0.2530448 0.3060335 0.3058474 0.2633247 0.4115245 0.2389846 0.3104392 0.3326929 0.1696136 0.4084000 0.3500456 0.0133674 0.3007917 0.2635259 
n277_252   0.0815289 0.2868516 0.2710867 0.2962961 0.2912734 0.2868443 0.0853569 0.2491807 0.2530448 0.0000000 0.2866002 0.2864272 0.0852970 0.3779236 0.0168375 0.2917090 0.3016482 0.2697640 0.3686068 0.3388216 0.2529973 0.2814824 0.2354225 
n297_272   0.2824907 0.0169946 0.0169743 0.0379702 0.0784094 0.0204428 0.2878265 0.3067652 0.3060335 0.2866002 0.0000000 0.0101198 0.2876059 0.4051243 0.2868835 0.0239079 0.0415463 0.3183988 0.4015781 0.3150901 0.3008080 0.0067331 0.1256982 
n293_268   0.2823201 0.0204353 0.0204109 0.0415093 0.0821558 0.0238990 0.2876521 0.3065781 0.3058474 0.2864272 0.0101198 0.0000000 0.2874317 0.4048622 0.2867102 0.0273798 0.0451037 0.3182029 0.4013178 0.3203075 0.3006256 0.0033544 0.1297014 
n280_255   0.0033408 0.2878588 0.2720311 0.3080628 0.2972332 0.2878515 0.0067012 0.2588862 0.2633247 0.0852970 0.2876059 0.2874317 0.0000000 0.3840612 0.0778501 0.2927346 0.3135252 0.2851067 0.3867753 0.3331336 0.2632754 0.2824680 0.2550441 
n251_226   0.3782368 0.3924281 0.3996600 0.4367934 0.4222677 0.3917267 0.3789077 0.4119964 0.4115245 0.3779236 0.4051243 0.4048622 0.3840612 0.0000000 0.3665892 0.3979785 0.4237069 0.4385765 0.0703189 0.3002826 0.3988483 0.3990707 0.3498251 
n278_253   0.0741185 0.2871354 0.2713532 0.3070039 0.2915615 0.2871281 0.0779047 0.2492318 0.2389846 0.0168375 0.2868835 0.2867102 0.0778501 0.3665892 0.0000000 0.2919978 0.3124440 0.2698199 0.3573690 0.3388939 0.2389395 0.2817602 0.2356503 
n289_264   0.2875836 0.0067325 0.0344486 0.0344302 0.0898044 0.0101228 0.2929594 0.3170198 0.3104392 0.2917090 0.0239079 0.0273798 0.2927346 0.3979785 0.2919978 0.0000000 0.0379864 0.3288369 0.4000421 0.3255281 0.3051926 0.0239085 0.1172730 
n295_270   0.3082252 0.0309271 0.0523892 0.0101264 0.1093572 0.0344479 0.3137672 0.3282333 0.3326929 0.3016482 0.0415463 0.0451037 0.3135252 0.4237069 0.3124440 0.0379864 0.0000000 0.3402786 0.4259346 0.3536818 0.3272744 0.0415473 0.1465240 
n265_240   0.2800406 0.3237485 0.3021426 0.3346015 0.3229019 0.3237409 0.2853238 0.0374828 0.1696136 0.2697640 0.3183988 0.3182029 0.2851067 0.4385765 0.2698199 0.3288369 0.3402786 0.0000000 0.4291932 0.3918436 0.1608820 0.3130422 0.2743988 
n255_230   0.3809016 0.3944594 0.3837964 0.4391053 0.4244816 0.3937514 0.3815813 0.4028542 0.4084000 0.3686068 0.4015781 0.4013178 0.3867753 0.0703189 0.3573690 0.4000421 0.4259346 0.4291932 0.0000000 0.2963451 0.3957232 0.3955302 0.3404765 
n244_221   0.3277087 0.3204388 0.3043677 0.3537574 0.3417482 0.3198835 0.3333911 0.3494860 0.3500456 0.3388216 0.3150901 0.3203075 0.3331336 0.3002826 0.3388939 0.3255281 0.3536818 0.3918436 0.2963451 0.0000000 0.3384033 0.3151096 0.2810315 
n286_261   0.2583872 0.2948538 0.2850233 0.3217301 0.3159593 0.2948465 0.2634737 0.1355938 0.0133674 0.2529973 0.3008080 0.3006256 0.2632754 0.3988483 0.2389395 0.3051926 0.3272744 0.1608820 0.3957232 0.3384033 0.0000000 0.2956039 0.2533542 
n294_269   0.2773895 0.0169950 0.0169747 0.0379711 0.0784117 0.0204432 0.2826844 0.3015074 0.3007917 0.2814824 0.0067331 0.0033544 0.2824680 0.3990707 0.2817602 0.0239085 0.0415473 0.3130422 0.3955302 0.3151096 0.2956039 0.0000000 0.1257026 
n200_183   0.2501903 0.1133912 0.1337915 0.1422907 0.1503935 0.1133875 0.2552366 0.2541468 0.2635259 0.2354225 0.1256982 0.1297014 0.2550441 0.3498251 0.2356503 0.1172730 0.1465240 0.2743988 0.3404765 0.2810315 0.2533542 0.1257026 0.0000000 
