26
n265_270   0.0000000 2.5192799 1.8840706 1.3802606 1.7881865 0.1747886 1.3832963 1.8275417 1.7062268 1.3210764 1.7437153 1.6516965 3.2041296 1.2664544 1.6514131 1.6253043 0.8664150 1.7506934 1.7764240 1.6830049 1.7170532 0.8761648 1.3796711 1.3167867 2.1370336 1.2726907 
n255_258   2.5192799 0.0000000 1.6448449 2.2344275 2.0158307 2.6037976 2.4349670 2.1629472 2.4199791 2.4280763 1.9367661 2.0987654 0.2929019 2.3559784 1.7780550 1.6990747 1.7951585 2.0713964 1.9939659 1.7696722 1.7973901 2.0538551 1.9314733 2.3146183 1.5759474 2.4298421 
n275_280   1.8840706 1.6448449 0.0000000 1.6512712 0.3960518 2.1018014 1.5442391 0.4081321 0.6545525 1.4675497 0.3891397 0.3949329 1.9619373 1.4644038 0.1973833 0.1877504 1.5617445 1.0588483 0.3955833 0.1923714 0.1885742 1.6229384 1.5616949 1.4962643 1.8289395 1.3873279 
n277_282   1.3802606 2.2344275 1.6512712 0.0000000 1.6469111 1.3798502 0.4734892 1.6458248 1.6953840 0.4408141 1.6612721 1.4873267 2.9808662 0.4464252 1.5781542 1.4456802 1.4957451 1.8398918 1.5821754 1.5441319 1.5964771 1.4889920 0.0893924 0.4153148 2.0111885 0.4730991 
n296_301   1.7881865 2.0158307 0.3960518 1.6469111 0.0000000 1.9848528 1.9055261 0.0237458 0.6300347 1.8290889 0.1749818 0.1662956 2.5805645 1.8659436 0.3169175 0.3212060 1.3719242 1.0321711 0.1707072 0.3487811 0.3169938 1.3792349 1.6156898 1.7689973 2.3471772 1.8355981 
n266_271   0.1747886 2.6037976 2.1018014 1.3798502 1.9848528 0.0000000 1.6125175 1.9609862 1.6760985 1.5036020 1.9087493 1.7685468 3.0810304 1.4592255 1.7457743 1.7186254 0.9910295 1.7514714 1.8327810 1.7847624 1.8213147 1.0205712 1.5041037 1.4549897 2.1953055 1.4529403 
n299_304   1.3832963 2.4349670 1.5442391 0.4734892 1.9055261 1.6125175 0.0000000 1.8418084 1.5258170 0.0168726 1.8116824 1.7294983 2.6525472 0.1085679 1.7006583 1.4756052 1.7492198 1.5848197 1.7819700 1.5259071 1.6411284 1.8033211 0.4519601 0.0412873 1.7694805 0.1244222 
n295_300   1.8275417 2.1629472 0.4081321 1.6458248 0.0237458 1.9609862 1.8418084 0.0000000 0.6125620 1.7699138 0.1749130 0.1749216 2.7702900 1.8046507 0.3500135 0.3320558 1.4411467 1.0750428 0.1793946 0.3600694 0.3501032 1.4494219 1.6146577 1.7128709 2.1836791 1.7750078 
n236_239   1.7062268 2.4199791 0.6545525 1.6953840 0.6300347 1.6760985 1.5258170 0.6125620 0.0000000 1.4528326 0.6037228 0.6281105 2.3105583 1.4594681 0.6132875 0.5730551 1.6631850 1.2791298 0.6126912 0.6048652 0.5875411 1.7531572 1.5041144 1.5015894 2.0006988 1.4092132 
n300_305   1.3210764 2.4280763 1.4675497 0.4408141 1.8290889 1.5036020 0.0168726 1.7699138 1.4528326 0.0000000 1.7429833 1.6661069 2.8086823 0.0892278 1.6671783 1.4513600 1.6905232 1.5826308 1.7152934 1.5001391 1.6098284 1.8096667 0.4203110 0.0237780 1.8010902 0.1164492 
n290_295   1.7437153 1.9367661 0.3891397 1.6612721 0.1749818 1.9087493 1.8116824 0.1749130 0.6037228 1.7429833 0.0000000 0.0556019 2.5163501 1.7815523 0.3060238 0.2996182 1.2890956 1.0417498 0.0592714 0.3208518 0.3006808 1.3548170 1.6299384 1.6881309 2.3419445 1.7411625 
n289_294   1.6516965 2.0987654 0.3949329 1.4873267 0.1662956 1.7685468 1.7294983 0.1749216 0.6281105 1.6661069 0.0556019 0.0000000 2.5785493 1.7673305 0.3059592 0.2994368 1.3634487 1.0436185 0.0484259 0.3206499 0.3006185 1.4353443 1.4109644 1.6148989 2.1766607 1.6923963 
n251_254   3.2041296 0.2929019 1.9619373 2.9808662 2.5805645 3.0810304 2.6525472 2.7702900 2.3105583 2.8086823 2.5163501 2.5785493 0.0000000 2.4109104 2.2659537 2.3750489 2.2819819 2.0458200 2.6637375 2.4526994 2.1952038 2.2998909 3.0211304 2.7082633 1.8446006 2.4289152 
n280_285   1.2664544 2.3559784 1.4644038 0.4464252 1.8659436 1.4592255 0.1085679 1.8046507 1.4594681 0.0892278 1.7815523 1.7673305 2.4109104 0.0000000 1.5889528 1.4089975 1.7987712 1.5626736 1.7526857 1.4313052 1.5357885 1.8925589 0.4137925 0.0815982 1.9312466 0.1125357 
n298_303   1.6514131 1.7780550 0.1973833 1.5781542 0.3169175 1.7457743 1.7006583 0.3500135 0.6132875 1.6671783 0.3060238 0.3059592 2.2659537 1.5889528 0.0000000 0.1453422 1.3113754 1.0548371 0.3115929 0.1580464 0.0343010 1.3367916 1.5992350 1.6759283 1.6870248 1.5346499 
n294_299   1.6253043 1.6990747 0.1877504 1.4456802 0.3212060 1.7186254 1.4756052 0.3320558 0.5730551 1.4513600 0.2996182 0.2994368 2.3750489 1.4089975 0.1453422 0.0000000 1.5532001 1.0525781 0.2998875 0.0237874 0.1371175 1.6443162 1.4222144 1.4506801 2.1975450 1.3454222 
n285_290   0.8664150 1.7951585 1.5617445 1.4957451 1.3719242 0.9910295 1.7492198 1.4411467 1.6631850 1.6905232 1.2890956 1.3634487 2.2819819 1.7987712 1.3113754 1.5532001 0.0000000 2.0560894 1.3414754 1.5816560 1.3106053 0.0555863 1.7198471 1.7598989 2.6584260 1.7153704 
n200_203   1.7506934 2.0713964 1.0588483 1.8398918 1.0321711 1.7514714 1.5848197 1.0750428 1.2791298 1.5826308 1.0417498 1.0436185 2.0458200 1.5626736 1.0548371 1.0525781 2.0560894 0.0000000 1.0439265 1.1130228 1.0122166 2.1561268 1.8026710 1.5902902 2.2554920 1.6144258 
n287_292   1.7764240 1.9939659 0.3955833 1.5821754 0.1707072 1.8327810 1.7819700 0.1793946 0.6126912 1.7152934 0.0592714 0.0484259 2.6637375 1.7526857 0.3115929 0.2998875 1.3414754 1.0439265 0.0000000 0.3211429 0.3062038 1.4114274 1.5016541 1.6618252 2.1827797 1.7118942 
n293_298   1.6830049 1.7696722 0.1923714 1.5441319 0.3487811 1.7847624 1.5259071 0.3600694 0.6048652 1.5001391 0.3208518 0.3206499 2.4526994 1.4313052 0.1580464 0.0237874 1.5816560 1.1130228 0.3211429 0.0000000 0.1496659 1.6201313 1.5182708 1.4730780 2.0850882 1.3885418 
n297_302   1.7170532 1.7973901 0.1885742 1.5964771 0.3169938 1.8213147 1.6411284 0.3501032 0.5875411 1.6098284 0.3006808 0.3006185 2.1952038 1.5357885 0.0343010 0.1371175 1.3106053 1.0122166 0.3062038 0.1496659 0.0000000 1.3352681 1.6516570 1.5865186 1.7587722 1.4845577 
n286_291   0.8761648 2.0538551 1.6229384 1.4889920 1.3792349 1.0205712 1.8033211 1.4494219 1.7531572 1.8096667 1.3548170 1.4353443 2.2998909 1.8925589 1.3367916 1.6443162 0.0555863 2.1561268 1.4114274 1.6201313 1.3352681 0.0000000 1.7700528 1.8888270 2.7416453 1.7571532 
n278_283   1.3796711 1.9314733 1.5616949 0.0893924 1.6156898 1.5041037 0.4519601 1.6146577 1.5041144 0.4203110 1.6299384 1.4109644 3.0211304 0.4137925 1.5992350 1.4222144 1.7198471 1.8026710 1.5016541 1.5182708 1.6516570 1.7700528 0.0000000 0.3960502 1.8860822 0.4326532 
n292_297   1.3167867 2.3146183 1.4962643 0.4153148 1.7689973 1.4549897 0.0412873 1.7128709 1.5015894 0.0237780 1.6881309 1.6148989 2.7082633 0.0815982 1.6759283 1.4506801 1.7598989 1.5902902 1.6618252 1.4730780 1.5865186 1.8888270 0.3960502 0.0000000 1.8032849 0.1125286 
n244_247   2.1370336 1.5759474 1.8289395 2.0111885 2.3471772 2.1953055 1.7694805 2.1836791 2.0006988 1.8010902 2.3419445 2.1766607 1.8446006 1.9312466 1.6870248 2.1975450 2.6584260 2.2554920 2.1827797 2.0850882 1.7587722 2.7416453 1.8860822 1.8032849 0.0000000 1.7999338 
n274_279   1.2726907 2.4298421 1.3873279 0.4730991 1.8355981 1.4529403 0.1244222 1.7750078 1.4092132 0.1164492 1.7411625 1.6923963 2.4289152 0.1125357 1.5346499 1.3454222 1.7153704 1.6144258 1.7118942 1.3885418 1.4845577 1.7571532 0.4326532 0.1125286 1.7999338 0.0000000 
