25
n286_297   0.0000000 0.2241550 0.2899490 0.1388262 0.2803652 0.2425487 0.2562541 0.2947220 0.2287709 0.2949458 0.3281537 0.1427179 0.0100729 0.2286968 0.2899285 0.3512519 0.3560729 0.2802878 0.2756339 0.2751566 0.2379429 0.2899663 0.2566864 0.2755221 0.2755474 
n300_311   0.2241550 0.0000000 0.3004948 0.2848098 0.3000948 0.0554591 0.0590295 0.3200943 0.0169123 0.3157190 0.3347896 0.2845446 0.2377704 0.0033530 0.3151434 0.3964110 0.3784851 0.3003601 0.3003827 0.2903327 0.0135089 0.3151859 0.2760819 0.2954653 0.3051491 
n290_301   0.2899490 0.3004948 0.0000000 0.3146071 0.0340715 0.3002853 0.3098599 0.0271494 0.3103837 0.1591032 0.3761118 0.3245980 0.2949889 0.3055397 0.0237108 0.4181480 0.4538113 0.0340968 0.0341059 0.0202683 0.3209300 0.0134495 0.0771830 0.0306226 0.0305953 
n266_277   0.1388262 0.2848098 0.3146071 0.0000000 0.3045199 0.2901879 0.3047546 0.3246274 0.2801558 0.3307725 0.3923010 0.0237136 0.1509534 0.2897366 0.3196546 0.4125074 0.4176623 0.3044355 0.3047643 0.2996026 0.2997890 0.3196977 0.3051760 0.2995264 0.2995537 
n294_305   0.2803652 0.3000948 0.0340715 0.3045199 0.0000000 0.2998859 0.3094456 0.0410812 0.3102550 0.1589940 0.3707293 0.3143823 0.2853410 0.3051318 0.0375853 0.4300888 0.4538720 0.0202450 0.0202505 0.0340744 0.3204978 0.0340727 0.0698060 0.0168361 0.0033358 
n277_288   0.2425487 0.0554591 0.3002853 0.2901879 0.2998859 0.0000000 0.0100799 0.3198678 0.0663395 0.3107317 0.3398303 0.2898923 0.2565104 0.0590710 0.3149212 0.4022695 0.3899621 0.3102178 0.3001734 0.2949768 0.0627442 0.3149636 0.2758934 0.3052634 0.3049357 
n278_289   0.2562541 0.0590295 0.3098599 0.3047546 0.3094456 0.0100799 0.0000000 0.3247013 0.0699563 0.3257060 0.3502083 0.3044420 0.2704614 0.0626569 0.3197277 0.4191195 0.4065155 0.3199069 0.3097448 0.2995833 0.0663483 0.3246996 0.2902077 0.3148965 0.3145559 
n296_307   0.2947220 0.3200943 0.0271494 0.3246274 0.0410812 0.3198678 0.3247013 0.0000000 0.3305311 0.1716904 0.3704023 0.3347428 0.2997937 0.3252667 0.0100579 0.4352993 0.4717685 0.0411115 0.0411228 0.0271523 0.3410509 0.0271504 0.0846214 0.0376060 0.0375723 
n280_291   0.2287709 0.0169123 0.3103837 0.2801558 0.3102550 0.0663395 0.0699563 0.3305311 0.0000000 0.3106900 0.3349487 0.2798940 0.2424760 0.0203430 0.3255134 0.3913326 0.3735173 0.3105315 0.3105553 0.3003623 0.0238061 0.3255578 0.2859264 0.3055710 0.3153819 
n200_211   0.2949458 0.3157190 0.1591032 0.3307725 0.1589940 0.3107317 0.3257060 0.1716904 0.3106900 0.0000000 0.4046912 0.3409892 0.3000212 0.3208689 0.1716083 0.4191618 0.4245718 0.1591206 0.1591677 0.1673538 0.3262996 0.1673409 0.1429966 0.1550459 0.1548967 
n244_255   0.3281537 0.3347896 0.3761118 0.3923010 0.3707293 0.3398303 0.3502083 0.3704023 0.3349487 0.4046912 0.0000000 0.3918865 0.3386503 0.3400581 0.3651544 0.2831891 0.3026092 0.3546190 0.3658655 0.3651692 0.3401964 0.3653014 0.3397500 0.3494003 0.3653310 
n265_276   0.1427179 0.2845446 0.3245980 0.0237136 0.3143823 0.2898923 0.3044420 0.3347428 0.2798940 0.3409892 0.3918865 0.0000000 0.1548983 0.2894663 0.3297093 0.4007609 0.4000156 0.3142947 0.3146351 0.3094059 0.2995067 0.3297544 0.3150619 0.3093260 0.3093541 
n285_296   0.0100729 0.2377704 0.2949889 0.1509534 0.2853410 0.2565104 0.2704614 0.2997937 0.2424760 0.3000212 0.3386503 0.1548983 0.0000000 0.2423965 0.2949681 0.3673827 0.3722886 0.2852621 0.2805787 0.2800922 0.2518189 0.2950068 0.2615029 0.2804645 0.2804902 
n292_303   0.2286968 0.0033530 0.3055397 0.2897366 0.3051318 0.0590710 0.0626569 0.3252667 0.0203430 0.3208689 0.3400581 0.2894663 0.2423965 0.0000000 0.3202831 0.4021551 0.3840794 0.3054026 0.3054258 0.2953058 0.0169261 0.3203265 0.2809645 0.3004757 0.3102217 
n295_306   0.2899285 0.3151434 0.0237108 0.3196546 0.0375853 0.3149212 0.3197277 0.0100579 0.3255134 0.1716083 0.3651544 0.3297093 0.2949681 0.3202831 0.0000000 0.4237317 0.4596511 0.0376131 0.0376233 0.0237128 0.3359663 0.0237116 0.0809311 0.0341217 0.0340913 
n251_262   0.3512519 0.3964110 0.4181480 0.4125074 0.4300888 0.4022695 0.4191195 0.4352993 0.3913326 0.4191618 0.2831891 0.4007609 0.3673827 0.4021551 0.4237317 0.0000000 0.0410661 0.4243435 0.4363822 0.4178351 0.4023188 0.4235788 0.3958980 0.4186119 0.4242301 
n255_266   0.3560729 0.3784851 0.4538113 0.4176623 0.4538720 0.3899621 0.4065155 0.4717685 0.3735173 0.4245718 0.3026092 0.4000156 0.3722886 0.3840794 0.4596511 0.0410661 0.0000000 0.4479523 0.4603794 0.4534714 0.3842357 0.4594813 0.4125509 0.4420466 0.4478303 
n297_308   0.2802878 0.3003601 0.0340968 0.3044355 0.0202450 0.3102178 0.3199069 0.0411115 0.3105315 0.1591206 0.3546190 0.3142947 0.2852621 0.3054026 0.0376131 0.4243435 0.4479523 0.0000000 0.0168396 0.0340995 0.3207858 0.0340968 0.0698584 0.0033360 0.0168334 
n275_286   0.2756339 0.3003827 0.0341059 0.3047643 0.0202505 0.3001734 0.3097448 0.0411228 0.3105553 0.1591677 0.3658655 0.3146351 0.2805787 0.3054258 0.0376233 0.4363822 0.4603794 0.0168396 0.0000000 0.0341088 0.3208108 0.0341071 0.0698780 0.0134440 0.0168380 
n289_300   0.2751566 0.2903327 0.0202683 0.2996026 0.0340744 0.2949768 0.2995833 0.0271523 0.3003623 0.1673538 0.3651692 0.3094059 0.2800922 0.2953058 0.0237128 0.4178351 0.4534714 0.0340995 0.0341088 0.0000000 0.3104743 0.0202690 0.0771903 0.0306252 0.0305979 
n274_285   0.2379429 0.0135089 0.3209300 0.2997890 0.3204978 0.0627442 0.0663483 0.3410509 0.0238061 0.3262996 0.3401964 0.2995067 0.2518189 0.0169261 0.3359663 0.4023188 0.3842357 0.3207858 0.3208108 0.3104743 0.0000000 0.3360128 0.2958529 0.3157594 0.3256975 
n287_298   0.2899663 0.3151859 0.0134495 0.3196977 0.0340727 0.3149636 0.3246996 0.0271504 0.3255578 0.1673409 0.3653014 0.3297544 0.2950068 0.3203265 0.0237116 0.4235788 0.4594813 0.0340968 0.0341071 0.0202690 0.3360128 0.0000000 0.0771858 0.0306237 0.0305964 
n236_247   0.2566864 0.2760819 0.0771830 0.3051760 0.0698060 0.2758934 0.2902077 0.0846214 0.2859264 0.1429966 0.3397500 0.3150619 0.2615029 0.2809645 0.0809311 0.3958980 0.4125509 0.0698584 0.0698780 0.0771903 0.2958529 0.0771858 0.0000000 0.0662208 0.0661605 
n298_309   0.2755221 0.2954653 0.0306226 0.2995264 0.0168361 0.3052634 0.3148965 0.0376060 0.3055710 0.1550459 0.3494003 0.3093260 0.2804645 0.3004757 0.0341217 0.4186119 0.4420466 0.0033360 0.0134440 0.0306252 0.3157594 0.0306237 0.0662208 0.0000000 0.0134391 
n293_304   0.2755474 0.3051491 0.0305953 0.2995537 0.0033358 0.3049357 0.3145559 0.0375723 0.3153819 0.1548967 0.3653310 0.3093541 0.2804902 0.3102217 0.0340913 0.4242301 0.4478303 0.0168334 0.0168380 0.0305979 0.3256975 0.0305964 0.0661605 0.0134391 0.0000000 
