26
n244_243   0.0000000 1.9886952 2.0639246 2.4884969 2.4117243 2.3285731 2.5250710 2.0069466 2.9198057 2.1005110 2.0561295 2.0518102 2.0048912 2.3418388 2.9456343 2.7569474 3.4679347 2.4046855 2.7535622 2.2247472 3.0736492 2.3817509 2.1656921 2.1181637 2.0048353 2.2892744 
n274_273   1.9886952 0.0000000 0.1536501 2.4228936 2.1229482 2.5192720 0.5035654 1.7108136 1.6122279 2.0108622 0.1490510 2.1320249 1.7602282 2.1501288 2.3244323 2.3319552 2.2766769 0.5027704 2.3071656 0.1410286 2.8039459 2.2931319 2.6231374 2.3448152 0.1369088 2.3157469 
n280_279   2.0639246 0.1536501 0.0000000 2.2770712 2.3499721 2.5111113 0.5068091 1.5635424 1.6527831 2.1083747 0.1369577 2.1739211 1.6421289 2.3235559 2.8288829 1.8157579 1.7207630 0.5052920 2.5612582 0.1290396 2.5179645 2.1649179 2.7138716 2.2708691 0.1209984 2.2961516 
n293_292   2.4884969 2.4228936 2.2770712 0.0000000 0.2807813 0.1487058 2.8074589 1.9966178 0.9062082 0.3114221 2.4556919 0.1447823 2.0540162 0.3165209 2.1255527 2.0252616 2.2159450 3.0095175 0.6676913 2.2761991 2.0327625 0.0342858 0.3215913 0.2906651 2.1653761 0.1486490 
n289_288   2.4117243 2.1229482 2.3499721 0.2807813 0.0000000 0.3048601 2.4169665 1.7796030 0.9004341 0.0590520 2.3210483 0.2561228 1.8749483 0.0482409 1.9752719 1.7674307 2.0722325 2.2094512 0.5824106 2.1625903 1.8553933 0.2806079 0.1561946 0.1358114 1.9353766 0.3156343 
n297_296   2.3285731 2.5192720 2.5111113 0.1487058 0.3048601 0.0000000 3.2741963 2.0648645 0.8874012 0.3315559 2.5725870 0.1442541 2.2285359 0.3367807 2.0489397 1.9882316 2.0842745 2.8099186 0.6061934 2.3722400 1.9588217 0.1362829 0.3099900 0.2948264 2.2510290 0.0237257 
n277_276   2.5250710 0.5035654 0.5068091 2.8074589 2.4169665 3.2741963 0.0000000 1.7859036 1.9925592 2.6305096 0.4513634 2.4341825 2.0218511 2.3415523 2.4081775 1.9566533 1.7474245 0.1079922 2.1445118 0.4270002 2.2196924 3.0518610 2.6032372 2.2496135 0.4208764 3.6961809 
n265_264   2.0069466 1.7108136 1.5635424 1.9966178 1.7796030 2.0648645 1.7859036 0.0000000 1.6141333 1.7426122 1.7911033 1.8051802 0.1787636 1.8788187 1.9418228 0.9347263 0.9461055 1.7142394 1.7954834 1.8064306 2.1794591 1.8311591 1.6509960 1.5152036 1.7267836 1.9879250 
n200_199   2.9198057 1.6122279 1.6527831 0.9062082 0.9004341 0.8874012 1.9925592 1.6141333 0.0000000 0.9142659 1.8521978 0.8963491 1.7290000 0.9630461 2.4614505 2.0563245 2.1470797 1.9255142 0.8237506 1.8990832 2.1690256 0.9065665 0.9193042 0.8996380 1.6860039 0.8774616 
n287_286   2.1005110 2.0108622 2.1083747 0.3114221 0.0590520 0.3315559 2.6305096 1.7426122 0.9142659 0.0000000 2.1327307 0.2804193 1.7938303 0.0662777 2.1222072 1.8759887 2.1785504 2.3151548 0.6137625 2.1001163 1.9368149 0.3112231 0.1772225 0.1562639 1.8433074 0.3427803 
n299_298   2.0561295 0.1490510 0.1369577 2.4556919 2.3210483 2.5725870 0.4513634 1.7911033 1.8521978 2.1327307 0.0000000 2.1649488 1.9336807 2.2396465 2.3889985 2.1840326 2.1063489 0.4500028 2.4424453 0.0308149 2.8938831 2.3861891 2.5433329 2.2659183 0.0594598 2.3448705 
n275_274   2.0518102 2.1320249 2.1739211 0.1447823 0.2561228 0.1442541 2.4341825 1.8051802 0.8963491 0.2804193 2.1649488 0.0000000 1.9437413 0.2654908 2.3090959 2.1649812 2.4005757 2.4142754 0.5715083 2.0304108 2.0873587 0.1445688 0.2849867 0.2608857 1.8252743 0.1568443 
n266_265   2.0048912 1.7602282 1.6421289 2.0540162 1.8749483 2.2285359 2.0218511 0.1787636 1.7290000 1.7938303 1.9336807 1.9437413 0.0000000 1.9391261 1.8613404 0.9903841 1.0041945 2.0598018 1.9153373 1.9506667 2.1204845 1.8793778 1.8599619 1.6905245 1.8997234 2.1381807 
n290_289   2.3418388 2.1501288 2.3235559 0.3165209 0.0482409 0.3367807 2.3415523 1.8788187 0.9630461 0.0662777 2.2396465 0.2654908 1.9391261 0.0000000 2.0792636 1.7956809 2.1117849 2.1494134 0.5900647 2.1421900 1.7961802 0.3163176 0.1644081 0.1438155 1.9133827 0.3480890 
n251_250   2.9456343 2.3244323 2.8288829 2.1255527 1.9752719 2.0489397 2.4081775 1.9418228 2.4614505 2.1222072 2.3889985 2.3090959 1.8613404 2.0792636 0.0000000 2.3885784 2.0963398 2.1700340 2.4156079 2.4092211 0.3161861 1.9987887 1.7710386 1.8559440 2.4882640 2.1212112 
n285_284   2.7569474 2.3319552 1.8157579 2.0252616 1.7674307 1.9882316 1.9566533 0.9347263 2.0563245 1.8759887 2.1840326 2.1649812 0.9903841 1.7956809 2.3885784 0.0000000 0.0737243 1.7543749 1.7688996 2.2391588 2.6752729 1.7828964 1.7312065 1.6676440 1.9065461 1.9456144 
n286_285   3.4679347 2.2766769 1.7207630 2.2159450 2.0722325 2.0842745 1.7474245 0.9461055 2.1470797 2.1785504 2.1063489 2.4005757 1.0041945 2.1117849 2.0963398 0.0737243 0.0000000 1.6145530 1.8759746 2.1162569 2.2791661 1.9258393 2.1266752 1.9772026 1.8481624 2.0371137 
n278_277   2.4046855 0.5027704 0.5052920 3.0095175 2.2094512 2.8099186 0.1079922 1.7142394 1.9255142 2.3151548 0.4500028 2.4142754 2.0598018 2.1494134 2.1700340 1.7543749 1.6145530 0.0000000 2.3295160 0.4318012 2.2208672 3.0046806 2.3600463 2.0754582 0.4327207 2.7066210 
n236_235   2.7535622 2.3071656 2.5612582 0.6676913 0.5824106 0.6061934 2.1445118 1.7954834 0.8237506 0.6137625 2.4424453 0.5715083 1.9153373 0.5900647 2.4156079 1.7688996 1.8759746 2.3295160 0.0000000 2.3824112 2.1894707 0.6588180 0.6534792 0.5906903 2.1905865 0.6315568 
n300_299   2.2247472 0.1410286 0.1290396 2.2761991 2.1625903 2.3722400 0.4270002 1.8064306 1.8990832 2.1001163 0.0308149 2.0304108 1.9506667 2.1421900 2.4092211 2.2391588 2.1162569 0.4318012 2.3824112 0.0000000 3.0541105 2.2182161 2.4769667 2.2168341 0.0522743 2.1844709 
n255_254   3.0736492 2.8039459 2.5179645 2.0327625 1.8553933 1.9588217 2.2196924 2.1794591 2.1690256 1.9368149 2.8938831 2.0873587 2.1204845 1.7961802 0.3161861 2.6752729 2.2791661 2.2208672 2.1894707 3.0541105 0.0000000 1.9551131 1.8693404 1.8057158 2.7177086 1.9229727 
n294_293   2.3817509 2.2931319 2.1649179 0.0342858 0.2806079 0.1362829 3.0518610 1.8311591 0.9065665 0.3112231 2.3861891 0.1445688 1.8793778 0.3163176 1.9987887 1.7828964 1.9258393 3.0046806 0.6588180 2.2182161 1.9551131 0.0000000 0.3265782 0.3008458 2.1133759 0.1321966 
n295_294   2.1656921 2.6231374 2.7138716 0.3215913 0.1561946 0.3099900 2.6032372 1.6509960 0.9193042 0.1772225 2.5433329 0.2849867 1.8599619 0.1644081 1.7710386 1.7312065 2.1266752 2.3600463 0.6534792 2.4769667 1.8693404 0.3265782 0.0000000 0.0411234 2.0558736 0.3257249 
n296_295   2.1181637 2.3448152 2.2708691 0.2906651 0.1358114 0.2948264 2.2496135 1.5152036 0.8996380 0.1562639 2.2659183 0.2608857 1.6905245 0.1438155 1.8559440 1.6676440 1.9772026 2.0754582 0.5906903 2.2168341 1.8057158 0.3008458 0.0411234 0.0000000 1.8843111 0.3000752 
n292_291   2.0048353 0.1369088 0.1209984 2.1653761 1.9353766 2.2510290 0.4208764 1.7267836 1.6860039 1.8433074 0.0594598 1.8252743 1.8997234 1.9133827 2.4882640 1.9065461 1.8481624 0.4327207 2.1905865 0.0522743 2.7177086 2.1133759 2.0558736 1.8843111 0.0000000 2.1429472 
n298_297   2.2892744 2.3157469 2.2961516 0.1486490 0.3156343 0.0237257 3.6961809 1.9879250 0.8774616 0.3427803 2.3448705 0.1568443 2.1381807 0.3480890 2.1212112 1.9456144 2.0371137 2.7066210 0.6315568 2.1844709 1.9229727 0.1321966 0.3257249 0.3000752 2.1429472 0.0000000 
