26
n244_243   0.0000000 1.8661572 1.8182612 2.9461311 4.5519843 3.5554989 2.2038840 5.5964477 3.7961575 4.4213207 1.7203801 2.8594001 2.6246608 3.8366371 2.2359925 3.0026552 3.2695666 2.1269734 2.7192206 1.7905392 2.1069326 2.9853542 9.0000000 7.2088959 1.7235250 3.1263320 
n274_273   1.8661572 0.0000000 0.1049927 3.0620954 2.5219483 3.0770969 0.5292856 2.3670789 3.2230674 2.6476982 0.1088404 2.6678798 2.1828412 2.6076525 3.1366141 2.2050406 2.6359167 0.5112243 2.4175300 0.1088678 3.0057123 2.9703409 2.5198286 2.6224438 0.1048916 3.0953442 
n280_279   1.8182612 0.1049927 0.0000000 2.6342072 2.2892658 2.5887974 0.5343210 2.3262128 2.6914470 2.3871815 0.0741841 2.2641718 2.1800430 2.2504295 3.7701558 2.0430776 2.5390075 0.5015803 2.1891125 0.0817495 4.4499620 2.4321321 2.3015785 2.2281544 0.0855335 2.6570291 
n293_292   2.9461311 3.0620954 2.6342072 0.0000000 0.3701697 0.1375169 3.0441211 2.1723291 1.0873977 0.3756891 2.3593341 0.0970557 1.8591675 0.3464901 3.9437660 2.7872920 2.7799538 2.6798573 0.6202451 2.4240134 3.7128593 0.0413508 0.3284478 0.3178983 2.5518209 0.1332078 
n289_288   4.5519843 2.5219483 2.2892658 0.3701697 0.0000000 0.3852433 2.6773475 2.1887162 0.9872871 0.0861214 2.0475191 0.3039472 2.0074636 0.0559374 3.5808207 5.7196227 4.1965183 2.8633200 0.6882017 2.1439028 9.0000000 0.3655080 0.1469359 0.1381725 2.1880143 0.3777422 
n297_296   3.5554989 3.0770969 2.5887974 0.1375169 0.3852433 0.0000000 3.5282470 2.0571833 1.1241026 0.3959357 2.1692631 0.1378741 1.8066469 0.3549337 3.4606819 3.2640009 3.2440308 2.9606693 0.6146561 2.2230743 3.6008051 0.1376962 0.3603793 0.3427315 2.3957480 0.0342599 
n277_276   2.2038840 0.5292856 0.5343210 3.0441211 2.6773475 3.5282470 0.0000000 2.2079667 2.1618729 3.1876664 0.5355595 2.5027228 2.1329080 2.9095823 3.2255555 2.6002656 2.7261082 0.1500276 2.0946490 0.5361738 2.3446199 3.4060514 2.6704569 2.9305427 0.5350478 3.1541073 
n265_264   5.5964477 2.3670789 2.3262128 2.1723291 2.1887162 2.0571833 2.2079667 0.0000000 2.1564537 1.9139629 1.9301223 1.9440930 0.1501879 2.2873368 4.3380898 1.2109961 1.0929441 2.4011176 2.3481206 2.0319720 3.7979596 2.2784629 2.4016454 2.2403515 2.0211506 2.1462831 
n200_199   3.7961575 3.2230674 2.6914470 1.0873977 0.9872871 1.1241026 2.1618729 2.1564537 0.0000000 1.0705402 2.7481725 1.1158627 2.2170627 1.0150771 3.8082636 3.5031986 2.6613889 2.6544277 1.2345363 2.8397826 3.8611822 1.1283712 1.0597211 1.0147851 3.1507211 1.0875510 
n287_286   4.4213207 2.6476982 2.3871815 0.3756891 0.0861214 0.3959357 3.1876664 1.9139629 1.0705402 0.0000000 2.2102238 0.3420815 1.7386236 0.0939445 3.8618573 3.8890121 3.3697079 3.2286927 0.7256945 2.2760936 4.7287605 0.3760690 0.1465016 0.1463036 2.3262426 0.3956270 
n299_298   1.7203801 0.1088404 0.0741841 2.3593341 2.0475191 2.1692631 0.5355595 1.9301223 2.7481725 2.2102238 0.0000000 2.1529736 1.8603143 2.0476688 4.3595728 2.2331244 2.8477398 0.4821886 1.9760152 0.0134925 6.3524366 2.3746994 2.0893037 2.1151908 0.0203233 2.3207352 
n275_274   2.8594001 2.6678798 2.2641718 0.0970557 0.3039472 0.1378741 2.5027228 1.9440930 1.1158627 0.3420815 2.1529736 0.0000000 1.8208928 0.2991257 3.7595273 2.7208761 2.7920866 2.5356802 0.6064530 2.0965457 3.4435961 0.1009684 0.2870484 0.2718714 2.1900247 0.1295302 
n266_265   2.6246608 2.1828412 2.1800430 1.8591675 2.0074636 1.8066469 2.1329080 0.1501879 2.2170627 1.7386236 1.8603143 1.8208928 0.0000000 2.0263518 4.7080985 0.9819379 0.9514907 2.2814101 2.2630686 1.9926393 3.3919284 1.8998471 2.3386345 2.2846608 1.9002468 1.8753776 
n290_289   3.8366371 2.6076525 2.2504295 0.3464901 0.0559374 0.3549337 2.9095823 2.2873368 1.0150771 0.0939445 2.0476688 0.2991257 2.0263518 0.0000000 3.3838170 4.7637285 3.8321902 3.0219295 0.6404493 2.1438342 5.7699840 0.3419414 0.1509023 0.1420916 2.1878327 0.3433075 
n251_250   2.2359925 3.1366141 3.7701558 3.9437660 3.5808207 3.4606819 3.2255555 4.3380898 3.8082636 3.8618573 4.3595728 3.7595273 4.7080985 3.3838170 0.0000000 9.0000000 9.0000000 3.9446836 3.3357854 4.7417393 0.3025964 3.5349255 4.8866441 4.4316098 4.3020735 3.5247007 
n285_284   3.0026552 2.2050406 2.0430776 2.7872920 5.7196227 3.2640009 2.6002656 1.2109961 3.5031986 3.8890121 2.2331244 2.7208761 0.9819379 4.7637285 9.0000000 0.0000000 0.0970286 2.5928977 3.3445613 2.2945799 4.5288204 2.9695661 5.4102165 5.0895993 2.2914519 2.9243899 
n286_285   3.2695666 2.6359167 2.5390075 2.7799538 4.1965183 3.2440308 2.7261082 1.0929441 2.6613889 3.3697079 2.8477398 2.7920866 0.9514907 3.8321902 9.0000000 0.0970286 0.0000000 2.7840542 3.3563314 2.8543468 4.4566391 2.8606230 5.6989489 5.4185921 3.0734460 2.9102945 
n278_277   2.1269734 0.5112243 0.5015803 2.6798573 2.8633200 2.9606693 0.1500276 2.4011176 2.6544277 3.2286927 0.4821886 2.5356802 2.2814101 3.0219295 3.9446836 2.5928977 2.7840542 0.0000000 2.3603121 0.4827309 2.4470511 2.9210204 2.6707559 2.9522616 0.4817432 2.8219247 
n236_235   2.7192206 2.4175300 2.1891125 0.6202451 0.6882017 0.6146561 2.0946490 2.3481206 1.2345363 0.7256945 1.9760152 0.6064530 2.2630686 0.6404493 3.3357854 3.3445613 3.3563314 2.3603121 0.0000000 2.0149336 3.0457317 0.6127925 0.6223397 0.6399288 2.0074775 0.5835644 
n300_299   1.7905392 0.1088678 0.0817495 2.4240134 2.1439028 2.2230743 0.5361738 2.0319720 2.8397826 2.2760936 0.0134925 2.0965457 1.9926393 2.1438342 4.7417393 2.2945799 2.8543468 0.4827309 2.0149336 0.0000000 4.8831547 2.3055318 2.1897402 2.2187215 0.0203288 2.3827983 
n255_254   2.1069326 3.0057123 4.4499620 3.7128593 9.0000000 3.6008051 2.3446199 3.7979596 3.8611822 4.7287605 6.3524366 3.4435961 3.3919284 5.7699840 0.3025964 4.5288204 4.4566391 2.4470511 3.0457317 4.8831547 0.0000000 2.9439962 4.9164678 4.5134245 4.4467432 3.7374404 
n294_293   2.9853542 2.9703409 2.4321321 0.0413508 0.3655080 0.1376962 3.4060514 2.2784629 1.1283712 0.3760690 2.3746994 0.1009684 1.8998471 0.3419414 3.5349255 2.9695661 2.8606230 2.9210204 0.6127925 2.3055318 2.9439962 0.0000000 0.3236297 0.3076869 2.4381866 0.1333809 
n295_294   9.0000000 2.5198286 2.3015785 0.3284478 0.1469359 0.3603793 2.6704569 2.4016454 1.0597211 0.1465016 2.0893037 0.2870484 2.3386345 0.1509023 4.8866441 5.4102165 5.6989489 2.6707559 0.6223397 2.1897402 4.9164678 0.3236297 0.0000000 0.0343557 2.2358036 0.3427642 
n296_295   7.2088959 2.6224438 2.2281544 0.3178983 0.1381725 0.3427315 2.9305427 2.2403515 1.0147851 0.1463036 2.1151908 0.2718714 2.2846608 0.1420916 4.4316098 5.0895993 5.4185921 2.9522616 0.6399288 2.2187215 4.5134245 0.3076869 0.0343557 0.0000000 2.2662978 0.3255862 
n292_291   1.7235250 0.1048916 0.0855335 2.5518209 2.1880143 2.3957480 0.5350478 2.0211506 3.1507211 2.3262426 0.0203233 2.1900247 1.9002468 2.1878327 4.3020735 2.2914519 3.0734460 0.4817432 2.0074775 0.0203288 4.4467432 2.4381866 2.2358036 2.2662978 0.0000000 2.5843717 
n298_297   3.1263320 3.0953442 2.6570291 0.1332078 0.3777422 0.0342599 3.1541073 2.1462831 1.0875510 0.3956270 2.3207352 0.1295302 1.8753776 0.3433075 3.5247007 2.9243899 2.9102945 2.8219247 0.5835644 2.3827983 3.7374404 0.1333809 0.3427642 0.3255862 2.5843717 0.0000000 
