26
n299_300   0.0000000 0.0237468 2.0663645 2.6857782 2.6213524 0.5380412 2.0030555 1.7393220 0.1365971 2.1614006 2.0676100 2.1997284 0.0448278 0.5588870 1.9949420 2.0580854 2.5320757 2.4383544 2.4884970 2.2823412 2.0218850 2.0469159 2.2917557 2.3968663 0.1127461 1.9841621 
n300_301   0.0237468 0.0000000 2.0299166 2.7851059 2.5485194 0.5164342 2.0029232 1.7099798 0.1325421 2.0743108 1.9880490 2.1064974 0.0341900 0.5514592 1.9208429 2.0194295 2.5340537 2.4399125 2.3745293 2.2294629 1.9458872 1.9693782 2.2969014 2.3516349 0.1087225 1.9108542 
n290_291   2.0663645 2.0299166 0.0000000 3.4902379 4.5773513 2.8989696 0.9955433 0.4753621 1.8081655 0.0520763 0.1498495 0.3214226 1.9439989 2.4534243 0.3451348 0.3336069 1.9361818 1.9236041 0.0742189 3.7583347 0.3162971 0.1801088 1.6551101 1.6660487 1.9559839 0.2948946 
n244_245   2.6857782 2.7851059 3.4902379 0.0000000 3.4382176 3.9142409 2.0598427 4.2248944 3.1146333 3.4706397 3.5425897 2.9713184 2.5690619 3.9643282 4.5803563 3.5929169 3.4132344 4.1873972 3.3260907 3.4598995 2.9593427 3.8407882 2.5123989 2.6490947 4.0519871 2.8454862 
n255_256   2.6213524 2.5485194 4.5773513 3.4382176 0.0000000 2.8178511 2.6105876 3.7942654 2.1468710 4.0266106 3.1775561 4.2138212 3.0977130 2.5539236 9.0000000 5.6964328 3.4600130 2.7815001 4.4742880 0.3423500 3.4222863 3.1440354 2.4057246 2.2540820 3.1161748 4.3171920 
n277_278   0.5380412 0.5164342 2.8989696 3.9142409 2.8178511 0.0000000 2.5361199 2.2922517 0.5302112 2.9301173 2.0738965 2.8177635 0.5524974 0.1840811 2.2495446 2.2655684 2.5378778 2.4792951 3.4719384 3.3604301 2.3227158 2.2130824 2.9475178 2.4922345 0.5539818 2.4541151 
n200_201   2.0030555 2.0029232 0.9955433 2.0598427 2.6105876 2.5361199 0.0000000 0.8287776 1.8111299 0.9544945 0.8917643 1.0413805 1.9181245 2.5662769 0.9982858 0.9445453 1.7332993 1.8371859 1.0405220 2.7890664 1.0302577 0.8893513 1.5532093 1.4102281 2.0563249 0.9499883 
n236_237   1.7393220 1.7099798 0.4753621 4.2248944 3.7942654 2.2922517 0.8287776 0.0000000 1.7431216 0.4884350 0.4812143 0.5019916 1.7066991 2.2653788 0.5033557 0.4898647 2.0650717 2.0956605 0.4894956 4.1774281 0.4878019 0.4880511 1.8287674 1.6275877 1.8354609 0.4604809 
n274_275   0.1365971 0.1325421 1.8081655 3.1146333 2.1468710 0.5302112 1.8111299 1.7431216 0.0000000 1.8453647 1.8106152 2.1676567 0.1407751 0.5811607 1.9905344 1.9988898 2.8865665 2.6939262 2.0788583 2.2117402 2.0029164 1.7981837 2.3330854 2.2140735 0.1493647 1.9333677 
n289_290   2.1614006 2.0743108 0.0520763 3.4706397 4.0266106 2.9301173 0.9544945 0.4884350 1.8453647 0.0000000 0.1249386 0.2939857 1.9841606 2.4160809 0.3220934 0.3109899 2.1926968 2.1743803 0.0557296 3.3845515 0.3050882 0.1497081 1.7564357 1.7669271 2.0418418 0.2840668 
n296_297   2.0676100 1.9880490 0.1498495 3.5425897 3.1775561 2.0738965 0.8917643 0.4812143 1.8106152 0.1249386 0.0000000 0.3156315 1.9060256 1.8966725 0.3173710 0.2960188 1.9850998 2.0711316 0.1415561 2.5563305 0.3001190 0.0485522 1.7184974 1.6712067 1.9651714 0.2741881 
n275_276   2.1997284 2.1064974 0.3214226 2.9713184 4.2138212 2.8177635 1.0413805 0.5019916 2.1676567 0.2939857 0.3156315 0.0000000 2.0535306 2.1870523 0.1582255 0.1495498 2.0855671 2.1296468 0.3103387 3.4086469 0.1328124 0.3155512 1.9795396 1.8624756 2.1979065 0.1165376 
n292_293   0.0448278 0.0341900 1.9439989 2.5690619 3.0977130 0.5524974 1.9181245 1.7066991 0.1407751 1.9841606 1.9060256 2.0535306 0.0000000 0.5898826 1.8784047 1.9718258 2.5167244 2.4249327 2.2545390 2.3466503 1.9374550 1.8894517 2.1773320 2.3368300 0.1127399 1.8376779 
n278_279   0.5588870 0.5514592 2.4534243 3.9643282 2.5539236 0.1840811 2.5662769 2.2653788 0.5811607 2.4160809 1.8966725 2.1870523 0.5898826 0.0000000 1.8867559 1.8563564 2.6549996 2.5374433 2.5720676 2.6464065 1.8868065 2.0988875 2.6952202 2.6503119 0.6067808 1.8857933 
n298_299   1.9949420 1.9208429 0.3451348 4.5803563 9.0000000 2.2495446 0.9982858 0.5033557 1.9905344 0.3220934 0.3173710 0.1582255 1.8784047 1.8867559 0.0000000 0.0449920 2.2884025 2.2893843 0.3225486 4.2937534 0.1584016 0.3063115 2.2890757 1.9010402 1.9786885 0.1415362 
n297_298   2.0580854 2.0194295 0.3336069 3.5929169 5.6964328 2.2655684 0.9445453 0.4898647 1.9988898 0.3109899 0.2960188 0.1495498 1.9718258 1.8563564 0.0449920 0.0000000 2.1181829 2.1190354 0.3114294 3.4840263 0.1538356 0.3011821 2.1328552 1.8868297 2.1379504 0.1371182 
n286_287   2.5320757 2.5340537 1.9361818 3.4132344 3.4600130 2.5378778 1.7332993 2.0650717 2.8865665 2.1926968 1.9850998 2.0855671 2.5167244 2.6549996 2.2884025 2.1181829 0.0000000 0.0591724 2.1329829 3.3290160 1.9027697 1.9960207 1.0078876 0.9710417 2.3842961 1.9316883 
n285_286   2.4383544 2.4399125 1.9236041 4.1873972 2.7815001 2.4792951 1.8371859 2.0956605 2.6939262 2.1743803 2.0711316 2.1296468 2.4249327 2.5374433 2.2893843 2.1190354 0.0591724 0.0000000 2.1162434 2.8558118 1.9394059 2.1231426 0.9920316 0.9824143 2.3035012 2.0135423 
n287_288   2.4884970 2.3745293 0.0742189 3.3260907 4.4742880 3.4719384 1.0405220 0.4894956 2.0788583 0.0557296 0.1415561 0.3103387 2.2545390 2.5720676 0.3225486 0.3114294 2.1329829 2.1162434 0.0000000 4.4424355 0.2948396 0.1669995 1.9862273 1.8916016 2.2798667 0.2790831 
n251_252   2.2823412 2.2294629 3.7583347 3.4598995 0.3423500 3.3604301 2.7890664 4.1774281 2.2117402 3.3845515 2.5563305 3.4086469 2.3466503 2.6464065 4.2937534 3.4840263 3.3290160 2.8558118 4.4424355 0.0000000 2.6451252 2.5503854 3.1646694 2.9999282 2.8344693 2.9271913 
n294_295   2.0218850 1.9458872 0.3162971 2.9593427 3.4222863 2.3227158 1.0302577 0.4878019 2.0029164 0.3050882 0.3001190 0.1328124 1.9374550 1.8868065 0.1584016 0.1538356 1.9027697 1.9394059 0.2948396 2.6451252 0.0000000 0.2893805 1.8398696 1.7036484 2.0921042 0.0483905 
n295_296   2.0469159 1.9693782 0.1801088 3.8407882 3.1440354 2.2130824 0.8893513 0.4880511 1.7981837 0.1497081 0.0485522 0.3155512 1.8894517 2.0988875 0.3063115 0.3011821 1.9960207 2.1231426 0.1669995 2.5503854 0.2893805 0.0000000 1.6601936 1.6971234 1.9470535 0.2791757 
n266_267   2.2917557 2.2969014 1.6551101 2.5123989 2.4057246 2.9475178 1.5532093 1.8287674 2.3330854 1.7564357 1.7184974 1.9795396 2.1773320 2.6952202 2.2890757 2.1328552 1.0078876 0.9920316 1.9862273 3.1646694 1.8398696 1.6601936 0.0000000 0.1934183 2.1411399 1.9512160 
n265_266   2.3968663 2.3516349 1.6660487 2.6490947 2.2540820 2.4922345 1.4102281 1.6275877 2.2140735 1.7669271 1.6712067 1.8624756 2.3368300 2.6503119 1.9010402 1.8868297 0.9710417 0.9824143 1.8916016 2.9999282 1.7036484 1.6971234 0.1934183 0.0000000 2.5322712 1.7637861 
n280_281   0.1127461 0.1087225 1.9559839 4.0519871 3.1161748 0.5539818 2.0563249 1.8354609 0.1493647 2.0418418 1.9651714 2.1979065 0.1127399 0.6067808 1.9786885 2.1379504 2.3842961 2.3035012 2.2798667 2.8344693 2.0921042 1.9470535 2.1411399 2.5322712 0.0000000 2.0156257 
n293_294   1.9841621 1.9108542 0.2948946 2.8454862 4.3171920 2.4541151 0.9499883 0.4604809 1.9333677 0.2840668 0.2741881 0.1165376 1.8376779 1.8857933 0.1415362 0.1371182 1.9316883 2.0135423 0.2790831 2.9271913 0.0483905 0.2791757 1.9512160 1.7637861 2.0156257 0.0000000 
