25
n287_288   0.0000000 0.0067039 0.1003732 0.2478018 0.2417637 0.2461034 0.2612795 0.2661994 0.0306277 0.2610628 0.2658231 0.0203133 0.0341244 0.0376685 0.0484142 0.0033441 0.2465319 0.4392590 0.0203255 0.2464197 0.3438359 0.2612341 0.1653160 0.2424761 0.4303708 
n290_291   0.0067039 0.0000000 0.1002886 0.2475603 0.2415304 0.2458652 0.2610226 0.2659364 0.0306036 0.2608063 0.2655609 0.0202975 0.0340968 0.0376387 0.0483746 0.0033408 0.2462929 0.4453753 0.0203097 0.2461809 0.3434724 0.2609773 0.1651675 0.2422414 0.4363904 
n236_237   0.1003732 0.1002886 0.0000000 0.2422997 0.2599378 0.2265339 0.2607187 0.2605255 0.0850544 0.2457586 0.2601597 0.1041889 0.0888575 0.0927548 0.1045304 0.0964570 0.2648147 0.4208619 0.1042575 0.2268200 0.3322561 0.2556132 0.1563053 0.2370377 0.4242040 
n278_279   0.2478018 0.2475603 0.2422997 0.0000000 0.2570760 0.2372396 0.0593689 0.0557124 0.2424448 0.0520521 0.0556456 0.2571801 0.2379736 0.2523682 0.2628730 0.2428244 0.2619646 0.4865880 0.2479295 0.2329287 0.4133289 0.0520829 0.2611663 0.0169699 0.4835622 
n285_286   0.2417637 0.2415304 0.2599378 0.2570760 0.0000000 0.1275735 0.2561382 0.2515587 0.2364866 0.2509014 0.2606499 0.2464910 0.2412605 0.2417660 0.2464639 0.2368536 0.0033345 0.4714940 0.2466774 0.1236300 0.4117612 0.2560938 0.2791509 0.2516701 0.4564795 
n265_266   0.2461034 0.2458652 0.2265339 0.2372396 0.1275735 0.0000000 0.2410311 0.2457922 0.2314263 0.2359370 0.2454511 0.2508519 0.2361584 0.2366513 0.2413101 0.2411669 0.1315969 0.4712541 0.2510420 0.0201927 0.4053042 0.2409895 0.2731588 0.2320293 0.4562519 
n280_281   0.2612795 0.2610226 0.2607187 0.0593689 0.2561382 0.2410311 0.0000000 0.0100869 0.2464292 0.0134768 0.0100753 0.2707933 0.2512813 0.2659069 0.2766109 0.2562139 0.2610054 0.4777952 0.2710026 0.2367165 0.3995999 0.0067066 0.2600462 0.0520422 0.4748492 
n299_300   0.2661994 0.2659364 0.2605255 0.0557124 0.2515587 0.2457922 0.0100869 0.0000000 0.2512378 0.0100794 0.0066982 0.2757761 0.2561250 0.2708555 0.2816476 0.2610944 0.2563980 0.4845110 0.2759901 0.2414541 0.4055836 0.0033440 0.2649391 0.0484313 0.4815109 
n293_294   0.0306277 0.0306036 0.0850544 0.2424448 0.2364866 0.2314263 0.2464292 0.2512378 0.0000000 0.2462264 0.2508870 0.0375933 0.0033357 0.0134446 0.0237542 0.0271382 0.2412094 0.4504716 0.0376171 0.2317199 0.3485789 0.2463865 0.1607312 0.2371793 0.4414215 
n274_275   0.2610628 0.2608063 0.2457586 0.0520521 0.2509014 0.2359370 0.0134768 0.0100794 0.2462264 0.0000000 0.0100673 0.2705680 0.2510740 0.2656861 0.2763796 0.2560020 0.2557261 0.4773560 0.2707769 0.2316523 0.3992479 0.0067017 0.2500940 0.0448189 0.4679852 
n292_293   0.2658231 0.2655609 0.2601597 0.0556456 0.2606499 0.2454511 0.0100753 0.0066982 0.2508870 0.0100673 0.0000000 0.2753839 0.2557660 0.2704716 0.2812443 0.2607269 0.2655434 0.4837110 0.2755973 0.2411198 0.4049517 0.0033408 0.2645663 0.0483728 0.4807204 
n296_297   0.0203133 0.0202975 0.1041889 0.2571801 0.2464910 0.2508519 0.2707933 0.2757761 0.0375933 0.2705680 0.2753839 0.0000000 0.0411252 0.0447096 0.0555722 0.0168746 0.2512900 0.4457158 0.0066978 0.2511754 0.3488630 0.2707462 0.1736837 0.2517723 0.4367214 
n294_295   0.0341244 0.0340968 0.0888575 0.2379736 0.2412605 0.2361584 0.2512813 0.2561250 0.0033357 0.2510740 0.2557660 0.0411252 0.0000000 0.0168511 0.0272217 0.0306140 0.2460168 0.4570046 0.0341433 0.2364592 0.3542082 0.2512378 0.1649928 0.2373331 0.4478453 
n275_276   0.0376685 0.0376387 0.0927548 0.2523682 0.2417660 0.2366513 0.2659069 0.2708555 0.0134446 0.2656861 0.2704716 0.0447096 0.0168511 0.0000000 0.0307310 0.0341345 0.2465336 0.4640500 0.0447371 0.2369534 0.3493512 0.2658607 0.1694191 0.2470045 0.4547661 
n297_298   0.0484142 0.0483746 0.1045304 0.2628730 0.2464639 0.2413101 0.2766109 0.2816476 0.0237542 0.2763796 0.2812443 0.0555722 0.0272217 0.0307310 0.0000000 0.0448096 0.2512627 0.4648821 0.0556070 0.2416191 0.3667216 0.2765626 0.1827302 0.2573987 0.4564029 
n289_290   0.0033441 0.0033408 0.0964570 0.2428244 0.2368536 0.2411669 0.2562139 0.2610944 0.0271382 0.2560020 0.2607269 0.0168746 0.0306140 0.0341345 0.0448096 0.0000000 0.2415851 0.4391717 0.0168847 0.2414755 0.3380899 0.2561695 0.1609653 0.2375485 0.4302856 
n286_287   0.2465319 0.2462929 0.2648147 0.2619646 0.0033345 0.1315969 0.2610054 0.2563980 0.2412094 0.2557261 0.2655434 0.2512900 0.2460168 0.2465336 0.2512627 0.2415851 0.0000000 0.4709260 0.2514808 0.1276319 0.4178186 0.2609601 0.2841583 0.2565125 0.4559360 
n255_256   0.4392590 0.4453753 0.4208619 0.4865880 0.4714940 0.4712541 0.4777952 0.4845110 0.4504716 0.4773560 0.4837110 0.4457158 0.4570046 0.4640500 0.4648821 0.4391717 0.4709260 0.0000000 0.4461146 0.4778251 0.3515204 0.4777089 0.4763752 0.4786754 0.0630308 
n295_296   0.0203255 0.0203097 0.1042575 0.2479295 0.2466774 0.2510420 0.2710026 0.2759901 0.0376171 0.2707769 0.2755973 0.0066978 0.0341433 0.0447371 0.0556070 0.0168847 0.2514808 0.4461146 0.0000000 0.2513660 0.3491510 0.2709554 0.1738062 0.2472571 0.4371079 
n266_267   0.2464197 0.2461809 0.2268200 0.2329287 0.1236300 0.0201927 0.2367165 0.2414541 0.2317199 0.2316523 0.2411198 0.2511754 0.2364592 0.2369534 0.2416191 0.2414755 0.1276319 0.4778251 0.2513660 0.0000000 0.4051091 0.2366756 0.2686476 0.2277508 0.4626697 
n244_245   0.3438359 0.3434724 0.3322561 0.4133289 0.4117612 0.4053042 0.3995999 0.4055836 0.3485789 0.3992479 0.4049517 0.3488630 0.3542082 0.3493512 0.3667216 0.3380899 0.4178186 0.3515204 0.3491510 0.4051091 0.0000000 0.3995290 0.3703693 0.4063189 0.3551922 
n300_301   0.2612341 0.2609773 0.2556132 0.0520829 0.2560938 0.2409895 0.0067066 0.0033440 0.2463865 0.0067017 0.0033408 0.2707462 0.2512378 0.2658607 0.2765626 0.2561695 0.2609601 0.4777089 0.2709554 0.2366756 0.3995290 0.0000000 0.2600012 0.0448461 0.4747638 
n200_201   0.1653160 0.1651675 0.1563053 0.2611663 0.2791509 0.2731588 0.2600462 0.2649391 0.1607312 0.2500940 0.2645663 0.1736837 0.1649928 0.1694191 0.1827302 0.1609653 0.2841583 0.4763752 0.1738062 0.2686476 0.3703693 0.2600012 0.0000000 0.2557345 0.4797225 
n277_278   0.2424761 0.2422414 0.2370377 0.0169699 0.2516701 0.2320293 0.0520422 0.0484313 0.2371793 0.0448189 0.0483728 0.2517723 0.2373331 0.2470045 0.2573987 0.2375485 0.2565125 0.4786754 0.2472571 0.2277508 0.4063189 0.0448461 0.2557345 0.0000000 0.4757180 
n251_252   0.4303708 0.4363904 0.4242040 0.4835622 0.4564795 0.4562519 0.4748492 0.4815109 0.4414215 0.4679852 0.4807204 0.4367214 0.4478453 0.4547661 0.4564029 0.4302856 0.4559360 0.0630308 0.4371079 0.4626697 0.3551922 0.4747638 0.4797225 0.4757180 0.0000000 
