26
n299_300   0.0000000 0.0305941 2.5748485 4.7022271 2.6662283 0.4954957 3.5835258 9.0000000 0.1437019 2.7282344 3.0355738 2.9419076 0.0517931 0.5101718 2.8833040 2.9565889 2.3931857 2.3396375 2.9515740 3.6039646 3.2052617 2.6162033 1.8455759 1.8115656 0.1002521 3.5057872 
n300_301   0.0305941 0.0000000 2.6506845 8.9999989 2.3033675 0.4824100 4.4097395 9.0000000 0.1196808 2.8386677 3.0586093 3.0466304 0.0271681 0.4968054 2.9827860 3.0619139 2.1539050 2.1614493 3.0621213 2.9814052 3.0411411 2.7892585 1.8562019 1.8216934 0.0738806 3.1807831 
n290_291   2.5748485 2.6506845 0.0000000 3.0700493 2.3247736 2.3714013 1.1980169 0.7212754 2.2647985 0.0307558 0.1203318 0.3129342 2.7473810 2.5016849 0.2877549 0.2875742 1.9382800 1.8783698 0.0413287 2.7264234 0.3139117 0.1243798 1.6999761 1.6778259 3.0019435 0.3032996 
n244_245   4.7022271 8.9999989 3.0700493 0.0000000 1.8539199 9.0000000 2.7887257 3.7140824 3.1960532 3.3841564 2.8108615 3.1070958 8.9999989 5.4476450 3.5911258 3.9062795 2.7734206 2.7990207 3.0843814 1.6887418 3.3676541 2.5995412 2.6706254 2.4453558 5.2255438 3.3015980 
n255_256   2.6662283 2.3033675 2.3247736 1.8539199 0.0000000 2.6048549 3.1682957 2.4171277 2.2897251 2.4499155 1.9599777 2.2223772 2.2448624 2.3745948 2.0805976 2.0732667 4.1290209 5.8329765 2.4442842 0.2771493 1.8810411 2.2435305 2.4926260 3.2510398 2.7711884 1.9542038 
n277_278   0.4954957 0.4824100 2.3714013 9.0000000 2.6048549 0.0000000 3.9900933 3.4455808 0.5434664 2.4119705 2.6271869 3.1174607 0.5168501 0.1122568 2.7728357 3.0576647 1.9401267 2.0744487 2.3918614 3.2307898 3.3361006 2.3497236 1.9135376 1.8681811 0.5104253 3.9925476 
n200_201   3.5835258 4.4097395 1.1980169 2.7887257 3.1682957 3.9900933 0.0000000 1.0249179 3.5066108 1.1687953 1.1136553 1.0280058 4.8333507 3.4048685 0.9521464 0.9394011 2.6999344 2.5558331 1.1705263 2.1749164 1.0331298 1.0968564 2.0338056 2.1554438 8.9999989 1.0046291 
n236_237   9.0000000 9.0000000 0.7212754 3.7140824 2.4171277 3.4455808 1.0249179 0.0000000 3.6997550 0.7127566 0.7093483 0.7672655 8.9999989 3.4091563 0.6852336 0.6758731 1.9076647 2.0070183 0.7038454 2.4125814 0.7893578 0.7086079 1.9823904 1.9456895 5.6608448 0.7698117 
n274_275   0.1437019 0.1196808 2.2647985 3.1960532 2.2897251 0.5434664 3.5066108 3.6997550 0.0000000 2.3854030 2.5886247 3.4082248 0.1277043 0.5386385 3.0875339 2.9174222 2.1392012 2.1121240 2.5201178 2.7467636 2.4381850 2.6377323 1.9227373 1.8808703 0.1079093 2.6751724 
n289_290   2.7282344 2.8386677 0.0307558 3.3841564 2.4499155 2.4119705 1.1687953 0.7127566 2.3854030 0.0000000 0.1323950 0.3076476 2.9563624 2.8334570 0.2929139 0.2927298 2.0617951 1.9946633 0.0449229 2.8348083 0.3248930 0.1365182 1.6961016 1.6740880 3.2688499 0.3141066 
n296_297   3.0355738 3.0586093 0.1203318 2.8108615 1.9599777 2.6271869 1.1136553 0.7093483 2.5886247 0.1323950 0.0000000 0.2911526 3.2115115 2.8085983 0.2870229 0.2868430 2.2724552 2.1437956 0.1366000 2.8238021 0.3182932 0.0412276 1.7250045 1.8491817 3.6318459 0.3129259 
n275_276   2.9419076 3.0466304 0.3129342 3.1070958 2.2223772 3.1174607 1.0280058 0.7672655 3.4082248 0.3076476 0.2911526 0.0000000 3.1873014 2.8292088 0.0968090 0.0891217 2.6029508 2.4727539 0.3129790 2.5463321 0.1125903 0.3016119 1.8220636 1.6677706 9.0000000 0.1047658 
n292_293   0.0517931 0.0271681 2.7473810 8.9999989 2.2448624 0.5168501 4.8333507 8.9999989 0.1277043 2.9563624 3.2115115 3.1873014 0.0000000 0.5320263 3.1153507 3.2035395 2.1490515 2.2228722 3.1755282 2.7290951 2.9182798 2.9022755 1.8490378 1.8526279 0.0813842 3.3480411 
n278_279   0.5101718 0.4968054 2.5016849 5.4476450 2.3745948 0.1122568 3.4048685 3.4091563 0.5386385 2.8334570 2.8085983 2.8292088 0.5320263 0.0000000 2.6456613 2.7825529 2.0698166 2.2874773 2.4416387 2.9398544 2.9899787 2.4831037 1.8563350 1.8922342 0.5106986 3.3937876 
n298_299   2.8833040 2.9827860 0.2877549 3.5911258 2.0805976 2.7728357 0.9521464 0.6852336 3.0875339 0.2929139 0.2870229 0.0968090 3.1153507 2.6456613 0.0000000 0.0272825 2.4703308 2.3557430 0.2828028 2.1773857 0.1086299 0.3022470 1.7450378 1.7214324 8.9999989 0.0969667 
n297_298   2.9565889 3.0619139 0.2875742 3.9062795 2.0732667 3.0576647 0.9394011 0.6758731 2.9174222 0.2927298 0.2868430 0.0891217 3.2035395 2.7825529 0.0272825 0.0000000 2.4654079 2.4140174 0.2826252 2.2301444 0.1085851 0.3020574 1.7125425 1.6327346 6.1767843 0.1008099 
n286_287   2.3931857 2.1539050 1.9382800 2.7734206 4.1290209 1.9401267 2.6999344 1.9076647 2.1392012 2.0617951 2.2724552 2.6029508 2.1490515 2.0698166 2.4703308 2.4654079 0.0000000 0.0625191 1.9745574 3.5161004 2.3778643 2.1568514 1.0396386 1.0362417 2.2528700 2.7509083 
n285_286   2.3396375 2.1614493 1.8783698 2.7990207 5.8329765 2.0744487 2.5558331 2.0070183 2.1121240 1.9946633 2.1437956 2.4727539 2.2228722 2.2874773 2.3557430 2.4140174 0.0625191 0.0000000 1.9128007 4.7385405 2.2778085 2.1281992 0.9984870 1.0087978 2.5579572 2.3801791 
n287_288   2.9515740 3.0621213 0.0413287 3.0843814 2.4442842 2.3918614 1.1705263 0.7038454 2.5201178 0.0449229 0.1366000 0.3129790 3.1755282 2.4416387 0.2828028 0.2826252 1.9745574 1.9128007 0.0000000 2.5467050 0.3139566 0.1407533 1.7056057 1.7160838 3.6053738 0.3033445 
n251_252   3.6039646 2.9814052 2.7264234 1.6887418 0.2771493 3.2307898 2.1749164 2.4125814 2.7467636 2.8348083 2.8238021 2.5463321 2.7290951 2.9398544 2.1773857 2.2301444 3.5161004 4.7385405 2.5467050 0.0000000 2.0568073 2.9581414 2.2111329 2.3989254 3.6690261 2.1085247 
n294_295   3.2052617 3.0411411 0.3139117 3.3676541 1.8810411 3.3361006 1.0331298 0.7893578 2.4381850 0.3248930 0.3182932 0.1125903 2.9182798 2.9899787 0.1086299 0.1085851 2.3778643 2.2778085 0.3139566 2.0568073 0.0000000 0.3289674 1.9152337 1.8096621 4.1421708 0.0378468 
n295_296   2.6162033 2.7892585 0.1243798 2.5995412 2.2435305 2.3497236 1.0968564 0.7086079 2.6377323 0.1365182 0.0412276 0.3016119 2.9022755 2.4831037 0.3022470 0.3020574 2.1568514 2.1281992 0.1407533 2.9581414 0.3289674 0.0000000 1.7305248 1.7497506 3.2026626 0.3235185 
n266_267   1.8455759 1.8562019 1.6999761 2.6706254 2.4926260 1.9135376 2.0338056 1.9823904 1.9227373 1.6961016 1.7250045 1.8220636 1.8490378 1.8563350 1.7450378 1.7125425 1.0396386 0.9984870 1.7056057 2.2111329 1.9152337 1.7305248 0.0000000 0.1526038 2.1539233 1.8369164 
n265_266   1.8115656 1.8216934 1.6778259 2.4453558 3.2510398 1.8681811 2.1554438 1.9456895 1.8808703 1.6740880 1.8491817 1.6677706 1.8526279 1.8922342 1.7214324 1.6327346 1.0362417 1.0087978 1.7160838 2.3989254 1.8096621 1.7497506 0.1526038 0.0000000 2.0496363 1.8045959 
n280_281   0.1002521 0.0738806 3.0019435 5.2255438 2.7711884 0.5104253 8.9999989 5.6608448 0.1079093 3.2688499 3.6318459 9.0000000 0.0813842 0.5106986 8.9999989 6.1767843 2.2528700 2.5579572 3.6053738 3.6690261 4.1421708 3.2026626 2.1539233 2.0496363 0.0000000 8.9999980 
n293_294   3.5057872 3.1807831 0.3032996 3.3015980 1.9542038 3.9925476 1.0046291 0.7698117 2.6751724 0.3141066 0.3129259 0.1047658 3.3480411 3.3937876 0.0969667 0.1008099 2.7509083 2.3801791 0.3033445 2.1085247 0.0378468 0.3235185 1.8369164 1.8045959 8.9999980 0.0000000 
