24
n287_288   0.0000000 0.0100846 0.0669642 0.2769992 0.2961030 0.2964277 0.3233527 0.3401911 0.0448232 0.3234963 0.3294311 0.0134928 0.0483673 0.0483863 0.0033427 0.3014461 0.3614098 0.0101003 0.3070813 0.4132333 0.0556731 0.1570569 0.2873027 0.3401347 
n290_291   0.0100846 0.0000000 0.0743962 0.2869119 0.3062458 0.3065801 0.3339072 0.3510036 0.0556047 0.3340558 0.3400896 0.0237930 0.0591992 0.0592227 0.0134717 0.3116663 0.3784878 0.0203547 0.3173921 0.4317469 0.0666419 0.1697836 0.2973623 0.3567444 
n236_237   0.0669642 0.0743962 0.0000000 0.2832128 0.2924952 0.2973251 0.3301186 0.3471748 0.0451040 0.3302659 0.3362822 0.0595196 0.0486704 0.0486898 0.0669319 0.2978291 0.3405161 0.0559053 0.3134423 0.4147546 0.0560229 0.1453532 0.2936416 0.3197571 
n278_279   0.2769992 0.2869119 0.2832128 0.0000000 0.2712292 0.2865435 0.0591776 0.0702906 0.2567308 0.0556246 0.0629437 0.2615492 0.2614245 0.2615273 0.2818291 0.2817248 0.3556866 0.2619201 0.3018663 0.4261214 0.2669634 0.3072392 0.0134731 0.3676532 
n285_286   0.2961030 0.3062458 0.2924952 0.2712292 0.0000000 0.1321427 0.2859091 0.2916028 0.2811349 0.2759624 0.2916028 0.2961629 0.2859786 0.2860902 0.3010408 0.0100526 0.3584596 0.2912536 0.1444060 0.4426870 0.2812508 0.3388874 0.2711579 0.3480642 
n265_266   0.2964277 0.3065801 0.2973251 0.2865435 0.1321427 0.0000000 0.2960870 0.3018786 0.2858850 0.2909433 0.3018786 0.2912030 0.2907540 0.2908672 0.3013702 0.1362953 0.3704424 0.2863254 0.0203051 0.4430582 0.2860027 0.3173283 0.2864665 0.3490097 
n280_281   0.3233527 0.3339072 0.3301186 0.0591776 0.2859091 0.2960870 0.0000000 0.0168576 0.3016545 0.0134453 0.0100673 0.3019724 0.3066326 0.3067516 0.3284853 0.2966367 0.3829088 0.3072323 0.3063804 0.4432202 0.3126155 0.3441640 0.0628522 0.4008726 
n299_300   0.3401911 0.3510036 0.3471748 0.0702906 0.2916028 0.3018786 0.0168576 0.0000000 0.3179201 0.0237449 0.0066917 0.3182619 0.3230130 0.3231377 0.3454462 0.3024427 0.3957898 0.3236530 0.3122732 0.4506535 0.3291714 0.3499419 0.0740361 0.4022462 
n293_294   0.0448232 0.0556047 0.0451040 0.2567308 0.2811349 0.2858850 0.3016545 0.3179201 0.0000000 0.3017875 0.3075044 0.0376840 0.0033458 0.0033471 0.0483673 0.2863632 0.3229775 0.0341912 0.3016767 0.3884030 0.0101061 0.1282344 0.2667089 0.3027356 
n274_275   0.3234963 0.3340558 0.3302659 0.0556246 0.2759624 0.2909433 0.0134453 0.0237449 0.3017875 0.0000000 0.0168800 0.3021057 0.3067679 0.3068870 0.3286314 0.2865279 0.3777431 0.3073682 0.3063337 0.4376187 0.3127539 0.3446308 0.0592832 0.3955930 
n292_293   0.3294311 0.3400896 0.3362822 0.0629437 0.2916028 0.3018786 0.0100673 0.0066917 0.3075044 0.0168800 0.0000000 0.3078312 0.3125290 0.3126502 0.3346132 0.3024427 0.3957898 0.3131438 0.3122732 0.4506535 0.3185812 0.3390660 0.0666469 0.4141288 
n296_297   0.0134928 0.0237930 0.0595196 0.2615492 0.2961629 0.2912030 0.3019724 0.3182619 0.0376840 0.3021057 0.3078312 0.0000000 0.0411908 0.0412070 0.0168982 0.3015070 0.3496647 0.0033459 0.3017689 0.4004401 0.0483961 0.1484973 0.2767836 0.3287358 
n294_295   0.0483673 0.0591992 0.0486704 0.2614245 0.2859786 0.2907540 0.3066326 0.3230130 0.0033458 0.3067679 0.3125290 0.0411908 0.0000000 0.0067068 0.0519258 0.2912422 0.3281015 0.0376840 0.3066547 0.3940285 0.0135004 0.1321911 0.2714679 0.3077350 
n297_298   0.0483863 0.0592227 0.0486898 0.2615273 0.2860902 0.2908672 0.3067516 0.3231377 0.0033471 0.3068870 0.3126502 0.0412070 0.0067068 0.0000000 0.0519462 0.2913557 0.3282278 0.0376988 0.3067736 0.3941765 0.0067226 0.1322438 0.2715744 0.3078546 
n289_290   0.0033427 0.0134717 0.0669319 0.2818291 0.3010408 0.3013702 0.3284853 0.3454462 0.0483673 0.3286314 0.3346132 0.0168982 0.0519258 0.0519462 0.0000000 0.3064205 0.3668024 0.0134928 0.3120986 0.4190558 0.0592721 0.1528353 0.2922018 0.3453889 
n286_287   0.3014461 0.3116663 0.2978291 0.2817248 0.0100526 0.1362953 0.2966367 0.3024427 0.2863632 0.2865279 0.3024427 0.3015070 0.2912422 0.2913557 0.3064205 0.0000000 0.3642920 0.2965616 0.1486402 0.4493413 0.2864812 0.3445841 0.2816496 0.3538175 
n255_256   0.3614098 0.3784878 0.3405161 0.3556866 0.3584596 0.3704424 0.3829088 0.3957898 0.3229775 0.3777431 0.3957898 0.3496647 0.3281015 0.3282278 0.3668024 0.3642920 0.0000000 0.3443966 0.3999159 0.2873172 0.3231098 0.3715433 0.3555814 0.0409347 
n295_296   0.0101003 0.0203547 0.0559053 0.2619201 0.2912536 0.2863254 0.3072323 0.3236530 0.0341912 0.3073682 0.3131438 0.0033459 0.0376840 0.0376988 0.0134928 0.2965616 0.3443966 0.0000000 0.2968186 0.3947627 0.0448510 0.1444575 0.2719864 0.3235996 
n266_267   0.3070813 0.3173921 0.3134423 0.3018663 0.1444060 0.0203051 0.3063804 0.3122732 0.3016767 0.3063337 0.3122732 0.3017689 0.3066547 0.3067736 0.3120986 0.1486402 0.3999159 0.2968186 0.0000000 0.4688996 0.3018007 0.3339129 0.3017836 0.3776368 
n244_245   0.4132333 0.4317469 0.4147546 0.4261214 0.4426870 0.4430582 0.4432202 0.4506535 0.3884030 0.4376187 0.4506535 0.4004401 0.3940285 0.3941765 0.4190558 0.4493413 0.2873172 0.3947627 0.4688996 0.0000000 0.3950442 0.4300551 0.4259792 0.3031098 
n298_299   0.0556731 0.0666419 0.0560229 0.2669634 0.2812508 0.2860027 0.3126155 0.3291714 0.0101061 0.3127539 0.3185812 0.0483961 0.0135004 0.0067226 0.0592721 0.2864812 0.3231098 0.0448510 0.3018007 0.3950442 0.0000000 0.1406168 0.2771076 0.3028604 
n200_201   0.1570569 0.1697836 0.1453532 0.3072392 0.3388874 0.3173283 0.3441640 0.3499419 0.1282344 0.3446308 0.3390660 0.1484973 0.1321911 0.1322438 0.1528353 0.3445841 0.3715433 0.1444575 0.3339129 0.4300551 0.1406168 0.0000000 0.3071543 0.3448480 
n277_278   0.2873027 0.2973623 0.2936416 0.0134731 0.2711579 0.2864665 0.0628522 0.0740361 0.2667089 0.0592832 0.0666469 0.2767836 0.2714679 0.2715744 0.2922018 0.2816496 0.3555814 0.2719864 0.3017836 0.4259792 0.2771076 0.3071543 0.0000000 0.3675423 
n251_252   0.3401347 0.3567444 0.3197571 0.3676532 0.3480642 0.3490097 0.4008726 0.4022462 0.3027356 0.3955930 0.4141288 0.3287358 0.3077350 0.3078546 0.3453889 0.3538175 0.0409347 0.3235996 0.3776368 0.3031098 0.3028604 0.3448480 0.3675423 0.0000000 
