25
n300_303   0.0000000 0.2674265 0.0134473 0.2626022 0.0066923 0.2877552 0.3379624 0.2875658 0.3557840 0.2772097 0.2920066 0.2723813 0.0665724 0.2776366 0.3391670 0.0134503 0.2817798 0.2838389 0.2991960 0.2725901 0.2825559 0.0100673 0.2983863 0.0629149 0.2776741 
n289_292   0.2674265 0.0000000 0.2774497 0.0203450 0.2675888 0.0342457 0.3775126 0.0377673 0.3782384 0.0134916 0.3301225 0.0067105 0.2826146 0.0272588 0.3841774 0.2673861 0.3300203 0.1409281 0.3055970 0.0135000 0.0307337 0.2726794 0.3105917 0.2776603 0.0377486 
n236_281   0.0134473 0.2774497 0.0000000 0.2725566 0.0066871 0.2980887 0.3376557 0.2978911 0.3554575 0.2873714 0.2917463 0.2824768 0.0665190 0.2878178 0.3445630 0.0134398 0.2815299 0.2941458 0.2989270 0.2826944 0.2928067 0.0100594 0.2981187 0.0628645 0.2878567 
n296_299   0.2626022 0.0203450 0.2725566 0.0000000 0.2627607 0.0484911 0.3894292 0.0520909 0.3901857 0.0272829 0.3466609 0.0203535 0.2776852 0.0413508 0.3908972 0.2625624 0.3465504 0.1536461 0.3164506 0.0067087 0.0448971 0.2678153 0.3215181 0.2727632 0.0520647 
n292_295   0.0066923 0.2675888 0.0066871 0.2627607 0.0000000 0.2879338 0.3270116 0.2877442 0.3445214 0.2773796 0.2817134 0.2725475 0.0592220 0.2778071 0.3337789 0.0066886 0.2716402 0.2840149 0.2887383 0.2727565 0.2827303 0.0033376 0.2879639 0.0556035 0.2778446 
n298_301   0.2877552 0.0342457 0.2980887 0.0484911 0.2879338 0.0000000 0.3956049 0.0033493 0.3958254 0.0413364 0.3528356 0.0342599 0.3034173 0.0135031 0.3850570 0.2877123 0.3527218 0.1535849 0.3329408 0.0413628 0.0169154 0.2931866 0.3381199 0.2983167 0.0237965 
n251_252   0.3379624 0.3775126 0.3376557 0.3894292 0.3270116 0.3956049 0.0000000 0.3953268 0.0409323 0.3832231 0.4447023 0.3776961 0.3107089 0.3895665 0.3003607 0.3218604 0.4258447 0.4145638 0.4288589 0.3779999 0.3952646 0.3325379 0.4286587 0.3211044 0.4010749 
n297_300   0.2875658 0.0377673 0.2978911 0.0520909 0.2877442 0.0033493 0.3953268 0.0000000 0.3955469 0.0448975 0.3525927 0.0377830 0.3032155 0.0169213 0.3847875 0.2875229 0.3524790 0.1577966 0.3327134 0.0449262 0.0203498 0.2929928 0.3378883 0.2981189 0.0272652 
n255_256   0.3557840 0.3782384 0.3554575 0.3901857 0.3445214 0.3958254 0.0409323 0.3955469 0.0000000 0.3839632 0.4520488 0.3784225 0.3277519 0.3903236 0.2903411 0.3446463 0.4329688 0.3975081 0.4364629 0.3787275 0.3960362 0.3502081 0.4355435 0.3384267 0.4018617 
n287_290   0.2772097 0.0134916 0.2873714 0.0272829 0.2773796 0.0413364 0.3832231 0.0448975 0.3839632 0.0000000 0.3247852 0.0134971 0.2926094 0.0342711 0.3904945 0.2771682 0.3246855 0.1409494 0.3159834 0.0203657 0.0377820 0.2825428 0.3210425 0.2875901 0.0448750 
n285_288   0.2920066 0.3301225 0.2917463 0.3466609 0.2817134 0.3528356 0.4447023 0.3525927 0.4520488 0.3247852 0.0000000 0.3355471 0.2974484 0.3471214 0.4537081 0.2867807 0.0169122 0.3365024 0.1623159 0.3358129 0.3525394 0.2869001 0.1662845 0.2974822 0.3526223 
n290_293   0.2723813 0.0067105 0.2824768 0.0203535 0.2725475 0.0342599 0.3776961 0.0377830 0.3784225 0.0134971 0.3355471 0.0000000 0.2876798 0.0272701 0.3843651 0.2723404 0.3354423 0.1409900 0.3108654 0.0135056 0.0307464 0.2776759 0.3158942 0.2826915 0.0377643 
n278_279   0.0665724 0.2826146 0.0665190 0.2776852 0.0592220 0.3034173 0.3107089 0.3032155 0.3277519 0.2926094 0.2974484 0.2876798 0.0000000 0.2930660 0.3394623 0.0628751 0.2820793 0.2939963 0.2937929 0.2879020 0.2980918 0.0628965 0.2932482 0.0168439 0.2931058 
n293_296   0.2776366 0.0272588 0.2878178 0.0413508 0.2778071 0.0135031 0.3895665 0.0169213 0.3903236 0.0342711 0.3471214 0.0272701 0.2930660 0.0000000 0.3906101 0.2775950 0.3470096 0.1452420 0.3220678 0.0342938 0.0033479 0.2829802 0.3271752 0.2880372 0.0169130 
n244_245   0.3391670 0.3841774 0.3445630 0.3908972 0.3337789 0.3850570 0.3003607 0.3847875 0.2903411 0.3904945 0.4537081 0.3843651 0.3394623 0.3906101 0.0000000 0.3338993 0.4467340 0.3633503 0.4121871 0.3909348 0.3963292 0.3393812 0.4110386 0.3337398 0.4021626 
n280_283   0.0134503 0.2673861 0.0134398 0.2625624 0.0066886 0.2877123 0.3218604 0.2875229 0.3446463 0.2771682 0.2867807 0.2723404 0.0628751 0.2775950 0.3338993 0.0000000 0.2766337 0.2837963 0.2938852 0.2725491 0.2825137 0.0100617 0.2930936 0.0592379 0.2776324 
n286_289   0.2817798 0.3300203 0.2815299 0.3465504 0.2716402 0.3527218 0.4258447 0.3524790 0.4329688 0.3246855 0.0169122 0.3354423 0.2820793 0.3470096 0.4467340 0.2766337 0.0000000 0.3363958 0.1665213 0.3357079 0.3524257 0.2767478 0.1618620 0.2821105 0.3525086 
n200_201   0.2838389 0.1409281 0.2941458 0.1536461 0.2840149 0.1535849 0.4145638 0.1577966 0.3975081 0.1409494 0.3365024 0.1409900 0.2939963 0.1452420 0.3633503 0.2837963 0.3363958 0.0000000 0.3555972 0.1453513 0.1493459 0.2892533 0.3663740 0.2889489 0.1577111 
n266_267   0.2991960 0.3055970 0.2989270 0.3164506 0.2887383 0.3329408 0.4288589 0.3327134 0.4364629 0.3159834 0.1623159 0.3108654 0.2937929 0.3220678 0.4121871 0.2938852 0.1665213 0.3555972 0.0000000 0.3111100 0.3273334 0.2940089 0.0309190 0.2992990 0.3274077 
n295_298   0.2725901 0.0135000 0.2826944 0.0067087 0.2727565 0.0413628 0.3779999 0.0449262 0.3787275 0.0203657 0.3358129 0.0135056 0.2879020 0.0342938 0.3909348 0.2725491 0.3357079 0.1453513 0.3111100 0.0000000 0.0378071 0.2778894 0.3161432 0.2829094 0.0449037 
n294_297   0.2825559 0.0307337 0.2928067 0.0448971 0.2827303 0.0169154 0.3952646 0.0203498 0.3960362 0.0377820 0.3525394 0.0307464 0.2980918 0.0033479 0.3963292 0.2825137 0.3524257 0.1493459 0.3273334 0.0378071 0.0000000 0.2879399 0.3324732 0.2930302 0.0203398 
n274_280   0.0100673 0.2726794 0.0100594 0.2678153 0.0033376 0.2931866 0.3325379 0.2929928 0.3502081 0.2825428 0.2869001 0.2776759 0.0628965 0.2829802 0.3393812 0.0100617 0.2767478 0.2892533 0.2940089 0.2778894 0.2879399 0.0000000 0.2932167 0.0592580 0.2830185 
n265_266   0.2983863 0.3105917 0.2981187 0.3215181 0.2879639 0.3381199 0.4286587 0.3378883 0.4355435 0.3210425 0.1662845 0.3158942 0.2932482 0.3271752 0.4110386 0.2930936 0.1618620 0.3663740 0.0309190 0.3161432 0.3324732 0.2932167 0.0000000 0.2987409 0.3325492 
n277_278   0.0629149 0.2776603 0.0628645 0.2727632 0.0556035 0.2983167 0.3211044 0.2981189 0.3384267 0.2875901 0.2974822 0.2826915 0.0168439 0.2880372 0.3337398 0.0592379 0.2821105 0.2889489 0.2992990 0.2829094 0.2930302 0.0592580 0.2987409 0.0000000 0.2880762 
n275_276   0.2776741 0.0377486 0.2878567 0.0520647 0.2778446 0.0237965 0.4010749 0.0272652 0.4018617 0.0448750 0.3526223 0.0377643 0.2931058 0.0169130 0.4021626 0.2776324 0.3525086 0.1577111 0.3274077 0.0449037 0.0203398 0.2830185 0.3325492 0.2880762 0.0000000 
