25
n266_273   0.0000000 0.2074222 0.0201314 0.3356101 0.4084597 0.2156703 0.2802217 0.2120456 0.2767698 0.2712842 0.2163171 0.2815900 0.3793940 0.2160400 0.1383465 0.2664490 0.2853156 0.1423879 0.2111946 0.2863244 0.2702720 0.2902442 0.3583350 0.2750300 0.2117512 
n299_308   0.2074222 0.0000000 0.2160471 0.2730584 0.3395545 0.0629473 0.2213077 0.0135365 0.2362581 0.2266524 0.0135242 0.2408633 0.3016549 0.0203771 0.2210878 0.2220686 0.2306078 0.2256631 0.0593036 0.2360421 0.2211211 0.2305908 0.2881276 0.2256148 0.0033587 
n265_272   0.0201314 0.2160471 0.0000000 0.3456589 0.4195084 0.2155470 0.2896098 0.2207264 0.2861526 0.2856839 0.2250362 0.2910262 0.3900247 0.2247472 0.1422028 0.2807558 0.2947694 0.1462620 0.2110737 0.2958111 0.2795372 0.2997550 0.3687027 0.2843472 0.2204183 
n200_207   0.3356101 0.2730584 0.3456589 0.0000000 0.4187685 0.2821231 0.1633029 0.2831079 0.1725427 0.1515277 0.2780742 0.1767512 0.4001291 0.2731713 0.3405140 0.1555441 0.1717937 0.3458671 0.2721551 0.1681692 0.1549017 0.1717871 0.3678665 0.1589929 0.2777691 
n244_251   0.4084597 0.3395545 0.4195084 0.4187685 0.0000000 0.3331731 0.3515843 0.3558014 0.3699207 0.3637412 0.3553843 0.3753437 0.2942316 0.3552808 0.3798227 0.3582672 0.3627074 0.3854944 0.3334017 0.3750271 0.3460183 0.3626401 0.2659124 0.3512564 0.3390783 
n278_285   0.2156703 0.0629473 0.2155470 0.2821231 0.3331731 0.0000000 0.2251832 0.0703422 0.2400385 0.2351790 0.0702754 0.2446521 0.3060996 0.0739305 0.2114368 0.2305528 0.2345115 0.2159393 0.0101065 0.2446600 0.2249929 0.2344937 0.2971323 0.2294979 0.0665711 
n290_299   0.2802217 0.2213077 0.2896098 0.1633029 0.3515843 0.2251832 0.0000000 0.2306294 0.0590878 0.0482313 0.2303848 0.0627087 0.3514177 0.2303059 0.2752035 0.0517702 0.0066871 0.2801022 0.2159944 0.0554295 0.0100501 0.0066872 0.3156171 0.0134295 0.2257196 
n280_289   0.2120456 0.0135365 0.2207264 0.2831079 0.3558014 0.0703422 0.2306294 0.0000000 0.2458228 0.2360716 0.0203964 0.2504893 0.3120966 0.0273191 0.2258129 0.2314249 0.2400631 0.2304220 0.0666587 0.2317357 0.2304326 0.2400439 0.3030505 0.2349849 0.0169509 
n293_302   0.2767698 0.2362581 0.2861526 0.1725427 0.3699207 0.2400385 0.0590878 0.2458228 0.0000000 0.0307652 0.2455581 0.0033500 0.3476832 0.2453188 0.2865879 0.0342444 0.0664110 0.2915859 0.2306189 0.0307570 0.0554669 0.0664112 0.3119440 0.0590697 0.2407720 
n298_307   0.2712842 0.2266524 0.2856839 0.1515277 0.3637412 0.2351790 0.0482313 0.2360716 0.0307652 0.0000000 0.2358196 0.0342606 0.3419991 0.2357390 0.2861177 0.0100998 0.0554280 0.2911059 0.2258308 0.0272595 0.0446708 0.0554284 0.3065442 0.0482168 0.2311058 
n274_286   0.2163171 0.0135242 0.2250362 0.2780742 0.3553843 0.0702754 0.2303848 0.0203964 0.2455581 0.2358196 0.0000000 0.2502186 0.3013533 0.0203595 0.2301572 0.2311787 0.2398065 0.2347901 0.0665955 0.2453314 0.2301885 0.2397874 0.2976530 0.2347352 0.0169355 
n294_303   0.2815900 0.2408633 0.2910262 0.1767512 0.3753437 0.2446521 0.0627087 0.2504893 0.0033500 0.0342606 0.2502186 0.0000000 0.3529465 0.2499749 0.2914701 0.0377540 0.0700697 0.2965003 0.2351734 0.0342515 0.0590697 0.0700699 0.3169821 0.0626893 0.2454021 
n251_258   0.3793940 0.3016549 0.3900247 0.4001291 0.2942316 0.3060996 0.3514177 0.3120966 0.3476832 0.3419991 0.3013533 0.3529465 0.0000000 0.3012583 0.3629150 0.3311817 0.3625267 0.3684492 0.3010302 0.3478332 0.3406532 0.3575438 0.0517566 0.3458516 0.3012441 
n236_287   0.2160400 0.0203771 0.2247472 0.2731713 0.3552808 0.0739305 0.2303059 0.0273191 0.2453188 0.2357390 0.0203595 0.2499749 0.3012583 0.0000000 0.2346193 0.2310993 0.2397250 0.2392794 0.0702340 0.2452483 0.2301096 0.2397059 0.2975584 0.2346551 0.0238162 
n286_295   0.1383465 0.2210878 0.1422028 0.3405140 0.3798227 0.2114368 0.2752035 0.2258129 0.2865879 0.2861177 0.2301572 0.2914701 0.3629150 0.2346193 0.0000000 0.2811809 0.2802570 0.0033144 0.2069830 0.2962634 0.2653314 0.2851496 0.3320394 0.2700563 0.2254959 
n297_306   0.2664490 0.2220686 0.2807558 0.1555441 0.3582672 0.2305528 0.0517702 0.2314249 0.0342444 0.0100998 0.2311787 0.0377540 0.3311817 0.2310993 0.2811809 0.0000000 0.0590002 0.2861349 0.2212662 0.0307212 0.0481939 0.0590005 0.3014713 0.0517545 0.2264962 
n287_296   0.2853156 0.2306078 0.2947694 0.1717937 0.3627074 0.2345115 0.0066871 0.2400631 0.0664110 0.0554280 0.2398065 0.0700697 0.3625267 0.2397250 0.2802570 0.0590002 0.0000000 0.2851929 0.2251936 0.0627076 0.0168396 0.0134456 0.3261907 0.0202523 0.2350749 
n285_294   0.1423879 0.2256631 0.1462620 0.3458671 0.3854944 0.2159393 0.2801022 0.2304220 0.2915859 0.2911059 0.2347901 0.2965003 0.3684492 0.2392794 0.0033144 0.2861349 0.2851929 0.0000000 0.2114572 0.3013242 0.2701590 0.2901184 0.3373545 0.2749142 0.2300974 
n277_284   0.2111946 0.0593036 0.2110737 0.2721551 0.3334017 0.0101065 0.2159944 0.0666587 0.2306189 0.2258308 0.0665955 0.2351734 0.3010302 0.0702340 0.2069830 0.2212662 0.2251936 0.2114572 0.0000000 0.2351803 0.2158139 0.2251779 0.2921127 0.2202623 0.0629111 
n275_282   0.2863244 0.2360421 0.2958111 0.1681692 0.3750271 0.2446600 0.0554295 0.2317357 0.0307570 0.0272595 0.2453314 0.0342515 0.3478332 0.2452483 0.2962634 0.0307212 0.0627076 0.3013242 0.2351803 0.0000000 0.0518302 0.0627079 0.3120790 0.0554127 0.2405509 
n296_305   0.2702720 0.2211211 0.2795372 0.1549017 0.3460183 0.2249929 0.0100501 0.2304326 0.0554669 0.0446708 0.2301885 0.0590697 0.3406532 0.2301096 0.2653314 0.0481939 0.0168396 0.2701590 0.2158139 0.0518302 0.0000000 0.0168399 0.3053531 0.0033324 0.2255283 
n289_298   0.2902442 0.2305908 0.2997550 0.1717871 0.3626401 0.2344937 0.0066872 0.2400439 0.0664112 0.0554284 0.2397874 0.0700699 0.3575438 0.2397059 0.2851496 0.0590005 0.0134456 0.2901184 0.2251779 0.0627079 0.0168399 0.0000000 0.3214101 0.0202526 0.2350569 
n255_262   0.3583350 0.2881276 0.3687027 0.3678665 0.2659124 0.2971323 0.3156171 0.3030505 0.3119440 0.3065442 0.2976530 0.3169821 0.0517566 0.2975584 0.3320394 0.3014713 0.3261907 0.3373545 0.2921127 0.3120790 0.3053531 0.3214101 0.0000000 0.3103312 0.2877372 
n295_304   0.2750300 0.2256148 0.2843472 0.1589929 0.3512564 0.2294979 0.0134295 0.2349849 0.0590697 0.0482168 0.2347352 0.0626893 0.3458516 0.2346551 0.2700563 0.0517545 0.0202523 0.2749142 0.2202623 0.0554127 0.0033324 0.0202526 0.3103312 0.0000000 0.2300459 
n292_301   0.2117512 0.0033587 0.2204183 0.2777691 0.3390783 0.0665711 0.2257196 0.0169509 0.2407720 0.2311058 0.0169355 0.2454021 0.3012441 0.0238162 0.2254959 0.2264962 0.2350749 0.2300974 0.0629111 0.2405509 0.2255283 0.2350569 0.2877372 0.2300459 0.0000000 
