24
n287_288   0.0000000 0.0853290 0.3369926 0.3236959 0.2934053 0.2986206 0.0414185 0.3040050 0.0450063 0.3094261 0.2987125 0.0203899 0.0378164 0.0414232 0.0135287 0.3295037 0.3922397 0.2986038 0.0169429 0.3381635 0.0450083 0.1364019 0.3373680 0.3743771 
n236_237   0.0853290 0.0000000 0.3589503 0.3446230 0.3197856 0.3138121 0.1047569 0.3198214 0.1087202 0.3253724 0.3144057 0.0893523 0.1007200 0.1008200 0.0894149 0.3453554 0.4030956 0.3087619 0.0855137 0.3599217 0.1047492 0.1568993 0.3482234 0.3737789 
n278_279   0.3369926 0.3589503 0.0000000 0.3127641 0.0703142 0.3139054 0.3424997 0.0628891 0.3482209 0.0665901 0.0666128 0.3378028 0.3310300 0.3371082 0.3546530 0.3288943 0.5185230 0.2927493 0.3322017 0.3898354 0.3427461 0.3345867 0.0237624 0.5052386 
n285_286   0.3236959 0.3446230 0.3127641 0.0000000 0.3126339 0.1615798 0.3347162 0.3072109 0.3403383 0.3071737 0.3073338 0.3188982 0.3287758 0.3347950 0.3408841 0.0168335 0.4609820 0.1657143 0.3134863 0.3711625 0.3403796 0.3269959 0.3131552 0.4353414 
n300_303   0.2934053 0.3197856 0.0703142 0.3126339 0.0000000 0.3245281 0.3039909 0.0066830 0.3093843 0.0168388 0.0033326 0.2940937 0.2931832 0.2988767 0.2990479 0.3287595 0.4620829 0.3136902 0.2888494 0.3543372 0.3041977 0.3119951 0.0741016 0.4497437 
n265_266   0.2986206 0.3138121 0.3139054 0.1615798 0.3245281 0.0000000 0.3142765 0.3135342 0.3197447 0.3134956 0.3191199 0.2939467 0.3085127 0.3143467 0.3152107 0.1660279 0.4422783 0.0272204 0.2887094 0.4132880 0.3197809 0.3284334 0.3197917 0.4298743 
n294_300   0.0414185 0.1047569 0.3424997 0.3347162 0.3039909 0.3142765 0.0000000 0.3147629 0.0033570 0.3202746 0.3093843 0.0414786 0.0101075 0.0135302 0.0486976 0.3406280 0.3922617 0.3142574 0.0379102 0.3554057 0.0169614 0.1406781 0.3428821 0.3864827 
n280_281   0.3040050 0.3198214 0.0628891 0.3072109 0.0066830 0.3135342 0.3147629 0.0000000 0.3202470 0.0100439 0.0033329 0.3047224 0.3037721 0.3095716 0.3097480 0.3232014 0.4621369 0.3028776 0.2993930 0.3485753 0.3149804 0.3175241 0.0666253 0.4497960 
n293_294   0.0450063 0.1087202 0.3482209 0.3403383 0.3093843 0.3197447 0.0033570 0.3202470 0.0000000 0.3258064 0.3148232 0.0450717 0.0135162 0.0169625 0.0523360 0.3463048 0.3983898 0.3197248 0.0414818 0.3611926 0.0204148 0.1448663 0.3486107 0.3925606 
n274_275   0.3094261 0.3253724 0.0665901 0.3071737 0.0168388 0.3134956 0.3202746 0.0100439 0.3258064 0.0000000 0.0134359 0.3101586 0.3091876 0.3150427 0.3152217 0.3231609 0.4628411 0.3028413 0.3047844 0.3543278 0.3204977 0.3230281 0.0703519 0.4565504 
n292_293   0.2987125 0.3144057 0.0666128 0.3073338 0.0033326 0.3191199 0.3093843 0.0033329 0.3148232 0.0134359 0.0000000 0.2994154 0.2984850 0.3042315 0.3044053 0.3233324 0.4554660 0.3083695 0.2941285 0.3487192 0.3095965 0.3121535 0.0703758 0.4432345 
n296_297   0.0203899 0.0893523 0.3378028 0.3188982 0.2940937 0.2939467 0.0414786 0.3047224 0.0450717 0.3101586 0.2994154 0.0000000 0.0378711 0.0414833 0.0273949 0.3246679 0.3754965 0.2939305 0.0033567 0.3391674 0.0450737 0.1406987 0.3381799 0.3580317 
n275_276   0.0378164 0.1007200 0.3310300 0.3287758 0.2931832 0.3085127 0.0101075 0.3037721 0.0135162 0.3091876 0.2984850 0.0378711 0.0000000 0.0101086 0.0450383 0.3346257 0.3857474 0.3084945 0.0343275 0.3492774 0.0135168 0.1404731 0.3313983 0.3800255 
n297_298   0.0414232 0.1008200 0.3371082 0.3347950 0.2988767 0.3143467 0.0135302 0.3095716 0.0169625 0.3150427 0.3042315 0.0414833 0.0101086 0.0000000 0.0487033 0.3407095 0.3865330 0.3143276 0.0379145 0.3497575 0.0033538 0.1448219 0.3374838 0.3807956 
n289_290   0.0135287 0.0894149 0.3546530 0.3408841 0.2990479 0.3152107 0.0486976 0.3097480 0.0523360 0.3152217 0.3044053 0.0273949 0.0450383 0.0487033 0.0000000 0.3468632 0.3991674 0.3151915 0.0239010 0.3499487 0.0523383 0.1491447 0.3550519 0.3810987 
n286_287   0.3295037 0.3453554 0.3288943 0.0168335 0.3287595 0.1660279 0.3406280 0.3232014 0.3463048 0.3231609 0.3233324 0.3246679 0.3346257 0.3407095 0.3468632 0.0000000 0.4682435 0.1659357 0.3192053 0.3831387 0.3463479 0.3328093 0.3293091 0.4423212 
n255_256   0.3922397 0.4030956 0.5185230 0.4609820 0.4620829 0.4422783 0.3922617 0.4621369 0.3983898 0.4628411 0.4554660 0.3754965 0.3857474 0.3865330 0.3991674 0.4682435 0.0000000 0.4419115 0.3752867 0.3489043 0.3925634 0.3792188 0.5192070 0.0483405 
n266_267   0.2986038 0.3087619 0.2927493 0.1657143 0.3136902 0.0272204 0.3142574 0.3028776 0.3197248 0.3028413 0.3083695 0.2939305 0.3084945 0.3143276 0.3151915 0.1659357 0.4419115 0.0000000 0.2886939 0.4132489 0.3197609 0.3284121 0.2984282 0.4295232 
n295_296   0.0169429 0.0855137 0.3322017 0.3134863 0.2888494 0.2887094 0.0379102 0.2993930 0.0414818 0.3047844 0.2941285 0.0033567 0.0343275 0.0379145 0.0239010 0.3192053 0.3752867 0.2886939 0.0000000 0.3336051 0.0414837 0.1365504 0.3325716 0.3578334 
n244_245   0.3381635 0.3599217 0.3898354 0.3711625 0.3543372 0.4132880 0.3554057 0.3485753 0.3611926 0.3543278 0.3487192 0.3391674 0.3492774 0.3497575 0.3499487 0.3831387 0.3489043 0.4132489 0.3336051 0.0000000 0.3554540 0.3314480 0.3961633 0.3437072 
n298_299   0.0450083 0.1047492 0.3427461 0.3403796 0.3041977 0.3197809 0.0169614 0.3149804 0.0204148 0.3204977 0.3095965 0.0450737 0.0135168 0.0033538 0.0523383 0.3463479 0.3925634 0.3197609 0.0414837 0.3554540 0.0000000 0.1490251 0.3431291 0.3867776 
n200_201   0.1364019 0.1568993 0.3345867 0.3269959 0.3119951 0.3284334 0.1406781 0.3175241 0.1448663 0.3230281 0.3121535 0.1406987 0.1404731 0.1448219 0.1491447 0.3328093 0.3792188 0.3284121 0.1365504 0.3314480 0.1490251 0.0000000 0.3404149 0.3622311 
n277_278   0.3373680 0.3482234 0.0237624 0.3131552 0.0741016 0.3197917 0.3428821 0.0666253 0.3486107 0.0703519 0.0703758 0.3381799 0.3313983 0.3374838 0.3550519 0.3293091 0.5192070 0.2984282 0.3325716 0.3961633 0.3431291 0.3404149 0.0000000 0.5059006 
n251_252   0.3743771 0.3737789 0.5052386 0.4353414 0.4497437 0.4298743 0.3864827 0.4497960 0.3925606 0.4565504 0.4432345 0.3580317 0.3800255 0.3807956 0.3810987 0.4423212 0.0483405 0.4295232 0.3578334 0.3437072 0.3867776 0.3622311 0.5059006 0.0000000 
