27
n200_227   0.0000000 2.0634873 2.8909841 0.9955183 1.1405797 0.7537154 2.2455143 1.0487414 2.3444216 1.2160792 1.0064133 1.0123745 2.3703945 2.0340321 1.5786719 1.6035929 1.2451551 2.3508141 1.9440555 1.9010474 2.6350025 1.0956009 1.8776697 1.2179351 2.5073790 2.8878739 1.0875327 
n274_307   2.0634873 0.0000000 3.2431605 2.9601180 3.4360701 2.4722161 2.0270227 2.8849118 2.0627058 2.9218781 2.6638414 2.9766879 4.6005257 0.1293432 0.4523174 0.4957134 3.0009892 1.6502481 0.1372210 0.1497819 3.2782525 2.7522528 0.1498272 2.5826077 1.6604566 1.8221499 2.9947127 
n255_288   2.8909841 3.2431605 0.0000000 2.1028414 2.4393030 2.4678168 2.6284361 2.4661537 2.5661420 2.2584383 2.2848633 2.1205124 0.3548457 2.9938485 3.1550785 2.3521140 2.2134938 2.5745083 2.9148290 2.6512290 2.6121958 2.1290821 2.7528038 2.3446548 2.1744626 2.7449086 2.4224957 
n298_331   0.9955183 2.9601180 2.1028414 0.0000000 0.3292373 0.6865860 3.3691940 0.1503956 3.5738342 0.2813420 0.1133118 0.0169570 2.0143873 2.8738296 2.9785839 2.5836840 0.3085092 3.2985575 2.9776990 3.0948045 2.1564173 0.1421762 3.0794969 0.2919465 2.5431024 3.9233473 0.3345442 
n296_329   1.1405797 3.4360701 2.4393030 0.3292373 0.0000000 0.7260831 2.5647319 0.3993803 2.9820510 0.1707333 0.3525831 0.3234428 2.3339342 3.3962229 3.0960479 2.8656327 0.2020688 2.7422763 3.3181161 3.5334120 3.0829452 0.3943467 3.5184464 0.1929374 3.2236595 2.9913745 0.0448785 
n236_267   0.7537154 2.4722161 2.4678168 0.6865860 0.7260831 0.0000000 2.8445461 0.7616285 3.2850057 0.6594648 0.7024633 0.6854008 2.3321579 2.5134042 2.0526741 2.0784544 0.7261096 2.5073436 2.4357767 2.5061074 2.6064929 0.8164601 2.4135735 0.6335146 2.0615189 2.9185050 0.7043333 
n286_319   2.2455143 2.0270227 2.6284361 3.3691940 2.5647319 2.8445461 0.0000000 2.5767776 0.0893100 2.4112669 3.1365819 3.2152241 2.5472640 1.8386948 1.8719008 1.8406525 2.4032170 1.0818033 1.9058601 1.9482620 2.3341438 2.5138876 1.8295304 2.4737897 1.5178762 1.0506573 2.7466557 
n293_326   1.0487414 2.8849118 2.4661537 0.1503956 0.3993803 0.7616285 2.5767776 0.0000000 2.9376751 0.3694481 0.0451062 0.1547417 1.8745956 2.7433993 2.6607694 2.2571538 0.4006170 2.8565117 2.7544233 2.8498659 2.2414093 0.1816017 2.8910016 0.3753119 2.1862657 3.1426651 0.3912704 
n285_318   2.3444216 2.0627058 2.5661420 3.5738342 2.9820510 3.2850057 0.0893100 2.9376751 0.0000000 2.9509035 3.9375292 3.3918991 2.8609203 1.9076659 1.9067374 1.9392486 2.9358926 1.0287990 2.0001920 2.0466876 2.4401054 2.6055014 1.9153704 2.8882402 1.6515801 1.0345620 3.4308711 
n289_322   1.2160792 2.9218781 2.2584383 0.2813420 0.1707333 0.6594648 2.4112669 0.3694481 2.9509035 0.0000000 0.3245290 0.2862207 2.1161307 2.7491433 2.6628948 2.6328565 0.0486198 3.2367066 3.0582808 3.0778948 2.1949574 0.3416835 3.0583858 0.0414361 2.7103730 3.1589116 0.1837634 
n294_327   1.0064133 2.6638414 2.2848633 0.1133118 0.3525831 0.7024633 3.1365819 0.0451062 3.9375292 0.3245290 0.0000000 0.1173948 1.9294712 2.5900207 2.4350323 2.0947939 0.3536285 2.6178024 2.6014298 2.6844464 2.2910811 0.1508889 2.7188047 0.3300398 2.3472457 3.1341031 0.3570211 
n297_330   1.0123745 2.9766879 2.1205124 0.0169570 0.3234428 0.6854008 3.2152241 0.1547417 3.3918991 0.2862207 0.1173948 0.0000000 1.9787480 2.8890045 2.9320496 2.5469797 0.3135747 3.6543984 2.9943215 3.1135320 2.2019934 0.1548503 3.0983227 0.2968951 2.5290314 4.2068829 0.3287037 
n251_284   2.3703945 4.6005257 0.3548457 2.0143873 2.3339342 2.3321579 2.5472640 1.8745956 2.8609203 2.1161307 1.9294712 1.9787480 0.0000000 5.5244547 2.8370270 2.3777554 2.1530259 2.5238478 4.9935859 4.1174355 2.4173432 1.9476429 4.3164323 2.1478708 2.5358566 3.1823690 2.2370603 
n280_313   2.0340321 0.1293432 2.9938485 2.8738296 3.3962229 2.5134042 1.8386948 2.7433993 1.9076659 2.7491433 2.5900207 2.8890045 5.5244547 0.0000000 0.4181209 0.4674314 2.8177796 1.5537864 0.0779059 0.0855529 3.4865325 2.6512308 0.0931557 2.6738544 1.6926585 1.6754513 2.9685528 
n277_310   1.5786719 0.4523174 3.1550785 2.9785839 3.0960479 2.0526741 1.8719008 2.6607694 1.9067374 2.6628948 2.4350323 2.9320496 2.8370270 0.4181209 0.0000000 0.1360648 2.5357918 1.7735755 0.4114531 0.4304916 2.5426212 2.4179789 0.4000150 2.5008985 1.6809393 1.9935872 2.9117896 
n278_311   1.6035929 0.4957134 2.3521140 2.5836840 2.8656327 2.0784544 1.8406525 2.2571538 1.9392486 2.6328565 2.0947939 2.5469797 2.3777554 0.4674314 0.1360648 0.0000000 2.5315086 1.8853570 0.4467370 0.4607155 2.5066204 2.2407213 0.4470706 2.6390275 1.7154868 2.1454146 2.5527770 
n287_320   1.2451551 3.0009892 2.2134938 0.3085092 0.2020688 0.7261096 2.4032170 0.4006170 2.9358926 0.0486198 0.3536285 0.3135747 2.1530259 2.8177796 2.5357918 2.5315086 0.0000000 3.2550813 3.1460046 3.1672244 2.1244766 0.3716155 3.1481888 0.0782882 2.6650715 3.1769565 0.2154027 
n266_299   2.3508141 1.6502481 2.5745083 3.2985575 2.7422763 2.5073436 1.0818033 2.8565117 1.0287990 3.2367066 2.6178024 3.6543984 2.5238478 1.5537864 1.7735755 1.8853570 3.2550813 0.0000000 1.6171318 1.6793378 3.3718726 2.7248830 1.7218668 3.4016234 1.6660909 0.1834810 2.8609495 
n299_332   1.9440555 0.1372210 2.9148290 2.9776990 3.3181161 2.4357767 1.9058601 2.7544233 2.0001920 3.0582808 2.6014298 2.9943215 4.9935859 0.0779059 0.4114531 0.4467370 3.1460046 1.6171318 0.0000000 0.0168407 4.1407553 2.6902113 0.0306633 2.8430797 1.8940700 1.8847841 2.8808727 
n300_333   1.9010474 0.1497819 2.6512290 3.0948045 3.5334120 2.5061074 1.9482620 2.8498659 2.0466876 3.0778948 2.6844464 3.1135320 4.1174355 0.0855529 0.4304916 0.4607155 3.1672244 1.6793378 0.0168407 0.0000000 4.3041920 2.7815782 0.0412343 2.7800416 1.8560188 1.9684640 3.0261466 
n244_277   2.6350025 3.2782525 2.6121958 2.1564173 3.0829452 2.6064929 2.3341438 2.2414093 2.4401054 2.1949574 2.2910811 2.2019934 2.4173432 3.4865325 2.5426212 2.5066204 2.1244766 3.3718726 4.1407553 4.3041920 0.0000000 2.4555284 3.1091832 2.1581460 2.2111947 3.6262000 3.0962252 
n275_308   1.0956009 2.7522528 2.1290821 0.1421762 0.3943467 0.8164601 2.5138876 0.1816017 2.6055014 0.3416835 0.1508889 0.1548503 1.9476429 2.6512308 2.4179789 2.2407213 0.3716155 2.7248830 2.6902113 2.7815782 2.4555284 0.0000000 2.7616744 0.3589168 2.4678021 2.7406067 0.4001705 
n292_325   1.8776697 0.1498272 2.7528038 3.0794969 3.5184464 2.4135735 1.8295304 2.8910016 1.9153704 3.0583858 2.7188047 3.0983227 4.3164323 0.0931557 0.4000150 0.4470706 3.1481888 1.7218668 0.0306633 0.0412343 3.1091832 2.7616744 0.0000000 2.8392706 1.7913081 1.9119353 3.0064815 
n290_323   1.2179351 2.5826077 2.3446548 0.2919465 0.1929374 0.6335146 2.4737897 0.3753119 2.8882402 0.0414361 0.3300398 0.2968951 2.1478708 2.6738544 2.5008985 2.6390275 0.0782882 3.4016234 2.8430797 2.7800416 2.1581460 0.3589168 2.8392706 0.0000000 2.6456376 3.5522236 0.1970897 
n244_275   2.5073790 1.6604566 2.1744626 2.5431024 3.2236595 2.0615189 1.5178762 2.1862657 1.6515801 2.7103730 2.3472457 2.5290314 2.5358566 1.6926585 1.6809393 1.7154868 2.6650715 1.6660909 1.8940700 1.8560188 2.2111947 2.4678021 1.7913081 2.6456376 0.0000000 1.4723278 3.0769277 
n265_298   2.8878739 1.8221499 2.7449086 3.9233473 2.9913745 2.9185050 1.0506573 3.1426651 1.0345620 3.1589116 3.1341031 4.2068829 3.1823690 1.6754513 1.9935872 2.1454146 3.1769565 0.1834810 1.8847841 1.9684640 3.6262000 2.7406067 1.9119353 3.5522236 1.4723278 0.0000000 3.1514769 
n295_328   1.0875327 2.9947127 2.4224957 0.3345442 0.0448785 0.7043333 2.7466557 0.3912704 3.4308711 0.1837634 0.3570211 0.3287037 2.2370603 2.9685528 2.9117896 2.5527770 0.2154027 2.8609495 2.8808727 3.0261466 3.0962252 0.4001705 3.0064815 0.1970897 3.0769277 3.1514769 0.0000000 
