26
n292_293   0.0000000 0.3159859 0.3058140 0.3165877 0.4267022 0.3052629 0.0100867 0.2950230 0.0272669 0.3109437 0.4149545 0.3170544 0.0067096 0.0885538 0.2999326 0.3053214 0.4136731 0.3163104 0.3264840 0.3211647 0.3046063 0.2862340 0.3150058 0.0847721 0.0202993 0.3255113 
n287_288   0.3159859 0.0000000 0.0067006 0.0376865 0.4079722 0.2513028 0.3100150 0.0342401 0.3211527 0.0134815 0.4144561 0.1006739 0.3102249 0.3251618 0.0306563 0.0271787 0.3599286 0.0447112 0.0377372 0.0342159 0.2690753 0.1484393 0.2508996 0.3412141 0.3097554 0.2993499 
n290_291   0.3058140 0.0067006 0.0000000 0.0306990 0.3964109 0.2513028 0.2999414 0.0272720 0.3109143 0.0067119 0.4027894 0.0930402 0.3001436 0.3149012 0.0237400 0.0202956 0.3599286 0.0376651 0.0307400 0.0272527 0.2595439 0.1403134 0.2508996 0.3307359 0.2996946 0.2894189 
n294_295   0.3165877 0.0376865 0.0306990 0.0000000 0.4139064 0.2660418 0.3106045 0.0238064 0.3217640 0.0377513 0.4204425 0.0968851 0.3108151 0.3257787 0.0203006 0.0168734 0.3765108 0.0134644 0.0448416 0.0448717 0.2843491 0.1485565 0.2656103 0.3418609 0.3103439 0.3046679 
n251_252   0.4267022 0.4079722 0.3964109 0.4139064 0.0000000 0.4015105 0.4257291 0.4151568 0.4329325 0.4088689 0.0555680 0.4156166 0.4197948 0.4545612 0.4077392 0.4017566 0.3212258 0.4263221 0.4199576 0.4138712 0.4108386 0.4034931 0.4007874 0.4546983 0.4313345 0.4293436 
n286_287   0.3052629 0.2513028 0.2513028 0.2660418 0.4015105 0.0000000 0.3000826 0.2617725 0.2885745 0.2516071 0.4074788 0.2711460 0.2996048 0.3081092 0.2463120 0.2512919 0.3762535 0.2755563 0.2608823 0.2560187 0.1039387 0.2474345 0.0134650 0.3089134 0.2991575 0.1276604 
n300_301   0.0100867 0.3100150 0.2999414 0.3106045 0.4257291 0.3000826 0.0000000 0.2946635 0.0237972 0.3050209 0.4140158 0.3110594 0.0033464 0.0847784 0.2941290 0.2994614 0.4084659 0.3103327 0.3204083 0.3151429 0.2994372 0.2811777 0.3097618 0.0810181 0.0168730 0.3201864 
n275_276   0.2950230 0.0342401 0.0272720 0.0238064 0.4151568 0.2617725 0.2946635 0.0000000 0.3055424 0.0343000 0.4217202 0.0893972 0.2948615 0.3095145 0.0169077 0.0134912 0.3715056 0.0307247 0.0413687 0.0413955 0.2800228 0.1447364 0.2613484 0.3252237 0.2944235 0.3002586 
n274_275   0.0272669 0.3211527 0.3109143 0.3217640 0.4329325 0.2885745 0.0237972 0.3055424 0.0000000 0.3160781 0.4210882 0.3222401 0.0203519 0.0886917 0.3049837 0.3104116 0.4327738 0.3214824 0.3317220 0.3263659 0.3096855 0.2912102 0.2980823 0.0849039 0.0203303 0.3307342 
n289_290   0.3109437 0.0134815 0.0067119 0.0377513 0.4088689 0.2516071 0.3050209 0.0343000 0.3160781 0.0000000 0.4153714 0.1008555 0.3052270 0.3200767 0.0307089 0.0272252 0.3716710 0.0447885 0.0378032 0.0342746 0.2598580 0.1487143 0.2512029 0.3360229 0.3047677 0.2897741 
n255_256   0.4149545 0.4144561 0.4027894 0.4204425 0.0555680 0.4074788 0.4140158 0.4217202 0.4210882 0.4153714 0.0000000 0.4220554 0.4081678 0.4430724 0.4142169 0.4081775 0.3217235 0.4329820 0.4265550 0.4204100 0.4115814 0.3975223 0.4067417 0.4432079 0.4195461 0.4301225 
n236_237   0.3170544 0.1006739 0.0930402 0.0968851 0.4156166 0.2711460 0.3110594 0.0893972 0.3222401 0.1008555 0.4220554 0.0000000 0.3112706 0.3102586 0.0891584 0.0853538 0.3828737 0.1045000 0.1009280 0.0970488 0.2851742 0.1529190 0.2707044 0.3310117 0.3056015 0.3055614 
n299_300   0.0067096 0.3102249 0.3001436 0.3108151 0.4197948 0.2996048 0.0033464 0.2948615 0.0203519 0.3052270 0.4081678 0.3112706 0.0000000 0.0810522 0.2943263 0.2996629 0.4077739 0.3105430 0.3206263 0.3153567 0.2989611 0.2807328 0.3092670 0.0773115 0.0134685 0.3196722 
n278_279   0.0885538 0.3251618 0.3149012 0.3257787 0.4545612 0.3081092 0.0847784 0.3095145 0.0886917 0.3200767 0.4430724 0.3102586 0.0810522 0.0000000 0.3089489 0.3143919 0.3889404 0.3254947 0.3416021 0.3361843 0.3224166 0.2992228 0.3178276 0.0168227 0.0809597 0.3331926 
n297_298   0.2999326 0.0306563 0.0237400 0.0203006 0.4077392 0.2463120 0.2941290 0.0169077 0.3049837 0.0307089 0.4142169 0.0891584 0.2943263 0.3089489 0.0000000 0.0033363 0.3591370 0.0271697 0.0377223 0.0377465 0.2641704 0.1360728 0.2459185 0.3246238 0.2938900 0.2838945 
n298_299   0.3053214 0.0271787 0.0202956 0.0168734 0.4017566 0.2512919 0.2994614 0.0134912 0.3104116 0.0272252 0.4081775 0.0853538 0.2996629 0.3143919 0.0033363 0.0000000 0.3650289 0.0237115 0.0342025 0.0342244 0.2692683 0.1320101 0.2508888 0.3301941 0.2992155 0.2891477 
n244_245   0.4136731 0.3599286 0.3599286 0.3765108 0.3212258 0.3762535 0.4084659 0.3715056 0.4327738 0.3716710 0.3217235 0.3828737 0.4077739 0.3889404 0.3591370 0.3650289 0.0000000 0.3882170 0.3885259 0.3827203 0.3797857 0.3538645 0.3755918 0.4006355 0.4191282 0.4092491 
n293_294   0.3163104 0.0447112 0.0376651 0.0134644 0.4263221 0.2755563 0.3103327 0.0307247 0.3214824 0.0447885 0.4329820 0.1045000 0.3105430 0.3254947 0.0271697 0.0237115 0.3882170 0.0000000 0.0519432 0.0519778 0.2940612 0.1566872 0.2751067 0.3415636 0.3100726 0.3146470 
n296_297   0.3264840 0.0377372 0.0307400 0.0448416 0.4199576 0.2608823 0.3204083 0.0413687 0.3317220 0.0378032 0.4265550 0.1009280 0.3206263 0.3416021 0.0377223 0.0342025 0.3885259 0.0519432 0.0000000 0.0033467 0.2790674 0.1528400 0.2604609 0.3520413 0.3201351 0.3097972 
n295_296   0.3211647 0.0342159 0.0272527 0.0448717 0.4138712 0.2560187 0.3151429 0.0413955 0.3263659 0.0342746 0.4204100 0.0970488 0.3153567 0.3361843 0.0377465 0.0342244 0.3827203 0.0519778 0.0033467 0.0000000 0.2740970 0.1486704 0.2556066 0.3465520 0.3148766 0.3046055 
n266_267   0.3046063 0.2690753 0.2595439 0.2843491 0.4108386 0.1039387 0.2994372 0.2800228 0.3096855 0.2598580 0.4115814 0.2851742 0.2989611 0.3224166 0.2641704 0.2692683 0.3797857 0.2940612 0.2790674 0.2740970 0.0000000 0.2508793 0.1037876 0.3232601 0.2985157 0.0341849 
n200_201   0.2862340 0.1484393 0.1403134 0.1485565 0.4034931 0.2474345 0.2811777 0.1447364 0.2912102 0.1487143 0.3975223 0.1529190 0.2807328 0.2992228 0.1360728 0.1320101 0.3538645 0.1566872 0.1528400 0.1486704 0.2508793 0.0000000 0.2470377 0.3146980 0.2803220 0.2752402 
n285_286   0.3150058 0.2508996 0.2508996 0.2656103 0.4007874 0.0134650 0.3097618 0.2613484 0.2980823 0.2512029 0.4067417 0.2707044 0.3092670 0.3178276 0.2459185 0.2508888 0.3755918 0.2751067 0.2604609 0.2556066 0.1037876 0.2470377 0.0000000 0.3186585 0.3088006 0.1274730 
n277_278   0.0847721 0.3412141 0.3307359 0.3418609 0.4546983 0.3089134 0.0810181 0.3252237 0.0849039 0.3360229 0.4432079 0.3310117 0.0773115 0.0168227 0.3246238 0.3301941 0.4006355 0.3415636 0.3520413 0.3465520 0.3232601 0.3146980 0.3186585 0.0000000 0.0772237 0.3236761 
n280_281   0.0202993 0.3097554 0.2996946 0.3103439 0.4313345 0.2991575 0.0168730 0.2944235 0.0203303 0.3047677 0.4195461 0.3056015 0.0134685 0.0809597 0.2938900 0.2992155 0.4191282 0.3100726 0.3201351 0.3148766 0.2985157 0.2803220 0.3088006 0.0772237 0.0000000 0.3191838 
n265_266   0.3255113 0.2993499 0.2894189 0.3046679 0.4293436 0.1276604 0.3201864 0.3002586 0.3307342 0.2897741 0.4301225 0.3055614 0.3196722 0.3331926 0.2838945 0.2891477 0.4092491 0.3146470 0.3097972 0.3046055 0.0341849 0.2752402 0.1274730 0.3236761 0.3191838 0.0000000 
