26
n290_293   0.0000000 0.0100904 0.0483000 0.0773840 0.3335918 0.0447006 0.3392166 0.3483627 0.0447350 0.0411564 0.3394537 0.3332646 0.0135022 0.3447055 0.2588612 0.3325698 0.0998671 0.0237696 0.0518104 0.3609059 0.3500810 0.3114211 0.3285045 0.3388814 0.0306938 0.2689961 
n289_292   0.0100904 0.0000000 0.0446925 0.0736001 0.3335973 0.0376114 0.3392219 0.3425488 0.0411494 0.0341053 0.3394591 0.3275728 0.0100922 0.3447107 0.2537776 0.3322584 0.0998696 0.0203040 0.0481861 0.3609106 0.3500861 0.3111351 0.3285100 0.3388867 0.0271891 0.2638240 
n294_297   0.0483000 0.0446925 0.0000000 0.0848081 0.3288157 0.0237529 0.3292803 0.3423530 0.0033425 0.0203085 0.3295101 0.3273852 0.0483091 0.3347029 0.2638515 0.3432396 0.1271864 0.0447156 0.0168739 0.3613475 0.3400159 0.3215618 0.3288919 0.3392856 0.0518246 0.2690642 
n236_237   0.0773840 0.0736001 0.0848081 0.0000000 0.3557936 0.0809939 0.3616121 0.3866181 0.0810579 0.0772663 0.3618673 0.3708138 0.0773988 0.3672861 0.2887450 0.3542350 0.1234195 0.0736383 0.0884519 0.3726841 0.3728377 0.3324314 0.3558107 0.3612496 0.0810231 0.2993673 
n278_281   0.3335918 0.3335973 0.3288157 0.3557936 0.0000000 0.3337558 0.0626581 0.3308420 0.3340810 0.3284385 0.0700232 0.3161072 0.3394349 0.0663325 0.3328285 0.2909243 0.3229628 0.3288783 0.3390373 0.0376282 0.0773986 0.2708150 0.0626390 0.0236977 0.3392992 0.3441655 
n298_301   0.0447006 0.0376114 0.0237529 0.0809939 0.3337558 0.0000000 0.3342275 0.3531979 0.0203087 0.0033435 0.3344609 0.3380303 0.0447089 0.3396827 0.2684326 0.3482471 0.1231071 0.0411389 0.0271765 0.3664833 0.3450264 0.3264368 0.3338319 0.3442847 0.0482079 0.2736783 
n280_283   0.3392166 0.3392219 0.3292803 0.3616121 0.0626581 0.3342275 0.0000000 0.3157805 0.3345536 0.3289020 0.0202856 0.3012985 0.3451144 0.0168589 0.3281391 0.3063446 0.3285021 0.3344716 0.3342922 0.0626417 0.0271714 0.2857790 0.0236766 0.0554357 0.3449751 0.3448821 
n266_269   0.3483627 0.3425488 0.3423530 0.3866181 0.3308420 0.3531979 0.3157805 0.0000000 0.3476835 0.3477635 0.3210731 0.0236862 0.3429527 0.3158026 0.3169089 0.1634887 0.3484948 0.3378033 0.3639439 0.3312022 0.3262850 0.1507649 0.3054707 0.3154742 0.3483037 0.3282440 
n293_296   0.0447350 0.0411494 0.0033425 0.0810579 0.3340810 0.0203087 0.3345536 0.3476835 0.0000000 0.0168816 0.3347875 0.3326204 0.0447434 0.3400159 0.2686800 0.3485897 0.1232073 0.0411706 0.0134657 0.3668514 0.3453663 0.3267513 0.3341572 0.3446232 0.0482452 0.2739320 
n297_300   0.0411564 0.0341053 0.0203085 0.0772663 0.3284385 0.0033435 0.3289020 0.3477635 0.0168816 0.0000000 0.3291313 0.3326963 0.0411641 0.3343164 0.2635662 0.3428418 0.1191539 0.0376145 0.0237196 0.3609197 0.3396213 0.3211971 0.3285147 0.3388927 0.0446495 0.2687716 
n300_303   0.3394537 0.3394591 0.3295101 0.3618673 0.0700232 0.3344609 0.0202856 0.3210731 0.3347875 0.3291313 0.0000000 0.3064955 0.3453564 0.0100673 0.3338225 0.3115800 0.3338734 0.3347053 0.3345257 0.0700048 0.0066965 0.2908583 0.0306109 0.0627236 0.3452169 0.3507211 
n265_268   0.3332646 0.3275728 0.3273852 0.3708138 0.3161072 0.3380303 0.3012985 0.0236862 0.3326204 0.3326963 0.3064955 0.0000000 0.3279549 0.3013212 0.3173602 0.1471624 0.3333838 0.3228951 0.3485809 0.3164494 0.3116154 0.1347373 0.2911732 0.3010079 0.3332104 0.3336118 
n287_290   0.0135022 0.0100922 0.0483091 0.0773988 0.3394349 0.0447089 0.3451144 0.3429527 0.0447434 0.0411641 0.3453564 0.3279549 0.0000000 0.3506557 0.2589184 0.3380651 0.0999664 0.0237740 0.0518202 0.3670106 0.3560811 0.3167452 0.3343011 0.3447718 0.0306995 0.2690561 
n292_295   0.3447055 0.3447107 0.3347029 0.3672861 0.0663325 0.3396827 0.0168589 0.3158026 0.3400159 0.3343164 0.0100673 0.3013212 0.3506557 0.0000000 0.3335396 0.3063672 0.3339099 0.3399307 0.3397486 0.0663151 0.0100724 0.2858019 0.0271352 0.0590715 0.3505129 0.3504194 
n255_256   0.2588612 0.2537776 0.2638515 0.2887450 0.3328285 0.2684326 0.3281391 0.3169089 0.2686800 0.2635662 0.3338225 0.3173602 0.2589184 0.3335396 0.0000000 0.3316348 0.2831705 0.2590073 0.2780763 0.3436475 0.3443669 0.3161406 0.3122752 0.3226842 0.2685085 0.0306502 
n286_289   0.3325698 0.3322584 0.3432396 0.3542350 0.2909243 0.3482471 0.3063446 0.1634887 0.3485897 0.3428418 0.3115800 0.1471624 0.3380651 0.3063672 0.3316348 0.0000000 0.3329455 0.3275612 0.3539077 0.3013241 0.3217806 0.0202586 0.3010338 0.3060831 0.3379307 0.3431439 
n200_201   0.0998671 0.0998696 0.1271864 0.1234195 0.3229628 0.1231071 0.3285021 0.3484948 0.1232073 0.1191539 0.3338734 0.3333838 0.0999664 0.3339099 0.2831705 0.3329455 0.0000000 0.1076371 0.1309947 0.3498722 0.3444192 0.3117601 0.3229917 0.3281793 0.1153638 0.2936848 
n295_298   0.0237696 0.0203040 0.0447156 0.0736383 0.3288783 0.0411389 0.3344716 0.3378033 0.0411706 0.0376145 0.3347053 0.3228951 0.0237740 0.3399307 0.2590073 0.3275612 0.1076371 0.0000000 0.0482110 0.3560436 0.3452781 0.3065492 0.3238170 0.3341415 0.0134686 0.2691481 
n275_278   0.0518104 0.0481861 0.0168739 0.0884519 0.3390373 0.0271765 0.3342922 0.3639439 0.0134657 0.0237196 0.3345257 0.3485809 0.0518202 0.3397486 0.2780763 0.3539077 0.1309947 0.0482110 0.0000000 0.3720081 0.3450934 0.3319093 0.3338965 0.3496398 0.0553443 0.2834005 
n244_267   0.3609059 0.3609106 0.3613475 0.3726841 0.0376282 0.3664833 0.0626417 0.3312022 0.3668514 0.3609197 0.0700048 0.3164494 0.3670106 0.0663151 0.3436475 0.3013241 0.3498722 0.3560436 0.3720081 0.0000000 0.0773781 0.2808967 0.0590146 0.0411566 0.3668570 0.3607643 
n299_302   0.3500810 0.3500861 0.3400159 0.3728377 0.0773986 0.3450264 0.0271714 0.3262850 0.3453663 0.3396213 0.0066965 0.3116154 0.3560811 0.0100724 0.3443669 0.3217806 0.3444192 0.3452781 0.3450934 0.0773781 0.0000000 0.3007671 0.0375864 0.0700277 0.3559348 0.3615227 
n285_288   0.3114211 0.3111351 0.3215618 0.3324314 0.2708150 0.3264368 0.2857790 0.1507649 0.3267513 0.3211971 0.2908583 0.1347373 0.3167452 0.2858019 0.3161406 0.0202586 0.3117601 0.3065492 0.3319093 0.2808967 0.3007671 0.0000000 0.2806371 0.2855362 0.3166235 0.3273838 
n274_277   0.3285045 0.3285100 0.3288919 0.3558107 0.0626390 0.3338319 0.0236766 0.3054707 0.3341572 0.3285147 0.0306109 0.2911732 0.3343011 0.0271352 0.3122752 0.3010338 0.3229917 0.3238170 0.3338965 0.0590146 0.0375864 0.2806371 0.0000000 0.0518429 0.3341685 0.3286176 
n277_280   0.3388814 0.3388867 0.3392856 0.3612496 0.0236977 0.3442847 0.0554357 0.3154742 0.3446232 0.3388927 0.0627236 0.3010079 0.3447718 0.0590715 0.3226842 0.3060831 0.3281793 0.3341415 0.3496398 0.0411566 0.0700277 0.2855362 0.0518429 0.0000000 0.3446328 0.3390736 
n296_299   0.0306938 0.0271891 0.0518246 0.0810231 0.3392992 0.0482079 0.3449751 0.3483037 0.0482452 0.0446495 0.3452169 0.3332104 0.0306995 0.3505129 0.2685085 0.3379307 0.1153638 0.0134686 0.0553443 0.3668570 0.3559348 0.3166235 0.3341685 0.3446328 0.0000000 0.2787921 
n251_252   0.2689961 0.2638240 0.2690642 0.2993673 0.3441655 0.2736783 0.3448821 0.3282440 0.2739320 0.2687716 0.3507211 0.3336118 0.2690561 0.3504194 0.0306502 0.3431439 0.2936848 0.2691481 0.2834005 0.3607643 0.3615227 0.3273838 0.3286176 0.3390736 0.2787921 0.0000000 
