23
n292_293   0.0000000 0.2678091 0.2790379 0.3891330 0.2568379 0.0033438 0.2836709 0.0134712 0.3720342 0.2836587 0.0663495 0.2882822 0.2789018 0.3693996 0.2840284 0.2676353 0.2727209 0.2986709 0.3206146 0.2616915 0.0774306 0.0033408 0.3044175 
n287_288   0.2678091 0.0000000 0.0343249 0.3626863 0.2596821 0.2728914 0.0238602 0.2678702 0.3461112 0.0818017 0.2776272 0.0273005 0.0238618 0.3541283 0.0308380 0.0100953 0.0134997 0.2895691 0.1371947 0.2544870 0.2927589 0.2629440 0.2952484 
n294_295   0.2790379 0.0343249 0.0000000 0.3572792 0.2700854 0.2842241 0.0168997 0.2791015 0.3408161 0.0971501 0.2832818 0.0272429 0.0238106 0.3715297 0.0033408 0.0308191 0.0343456 0.2953685 0.1539101 0.2647970 0.2985607 0.2740800 0.3011133 
n251_252   0.3891330 0.3626863 0.3572792 0.0000000 0.3867383 0.3951689 0.3635301 0.3770698 0.0272404 0.3580627 0.4007688 0.3631878 0.3582782 0.2795340 0.3520639 0.3508707 0.3566085 0.3980482 0.3637977 0.3860614 0.4129528 0.3834339 0.4118556 
n286_287   0.2568379 0.2596821 0.2700854 0.3867383 0.0000000 0.2571816 0.2650369 0.2568965 0.3695837 0.2900670 0.2510810 0.2695714 0.2603571 0.3768209 0.2653687 0.2548456 0.2598649 0.1708981 0.2853038 0.0134090 0.2608872 0.2520631 0.1846129 
n300_301   0.0033438 0.2728914 0.2842241 0.3951689 0.2571816 0.0000000 0.2888868 0.0168875 0.3779253 0.2888744 0.0700531 0.2935266 0.2840853 0.3753047 0.2892520 0.2727138 0.2778398 0.2990852 0.3261292 0.2620430 0.0811995 0.0066989 0.3048421 
n275_276   0.2836709 0.0238602 0.0168997 0.3635301 0.2650369 0.2888868 0.0000000 0.2837355 0.3469059 0.0857129 0.2879268 0.0169095 0.0135125 0.3658199 0.0134965 0.0204027 0.0238745 0.2951885 0.1415198 0.2597911 0.3032875 0.2786876 0.3009288 
n274_275   0.0134712 0.2678702 0.2791015 0.3770698 0.2568965 0.0168875 0.2837355 0.0000000 0.3602635 0.2837233 0.0701491 0.2883476 0.2789655 0.3694812 0.2840931 0.2622745 0.2673124 0.2987384 0.3206868 0.2617511 0.0813105 0.0100801 0.3044863 
n255_256   0.3720342 0.3461112 0.3408161 0.0272404 0.3695837 0.3779253 0.3469059 0.3602635 0.0000000 0.3415562 0.3834074 0.3518489 0.3417588 0.2648590 0.3357034 0.3345801 0.3401852 0.3874418 0.3471599 0.3689442 0.3952987 0.3664617 0.3940777 
n236_237   0.2836587 0.0818017 0.0971501 0.3580627 0.2900670 0.2888744 0.0857129 0.2837233 0.3415562 0.0000000 0.2887320 0.0894016 0.0857196 0.3658064 0.0933740 0.0780493 0.0818527 0.3110758 0.1536977 0.2846540 0.3041453 0.2786755 0.3169691 
n278_279   0.0663495 0.2776272 0.2832818 0.4007688 0.2510810 0.0700531 0.2879268 0.0701491 0.3834074 0.2887320 0.0000000 0.2925492 0.2831438 0.3809551 0.2882897 0.2726988 0.2778240 0.3131839 0.3199627 0.2558804 0.0236763 0.0627039 0.3190508 
n297_298   0.2882822 0.0273005 0.0272429 0.3631878 0.2695714 0.2935266 0.0169095 0.2883476 0.3518489 0.0894016 0.2925492 0.0000000 0.0169106 0.3708900 0.0237959 0.0238318 0.0273178 0.2998742 0.1454515 0.2642952 0.2979854 0.2832742 0.3056509 
n298_299   0.2789018 0.0238618 0.0238106 0.3582782 0.2603571 0.2840853 0.0135125 0.2789655 0.3417588 0.0857196 0.2831438 0.0169106 0.0000000 0.3540048 0.0203735 0.0204041 0.0238762 0.2903361 0.1375227 0.2551456 0.2984145 0.2739467 0.2960356 
n244_245   0.3693996 0.3541283 0.3715297 0.2795340 0.3768209 0.3753047 0.3658199 0.3694812 0.2648590 0.3658064 0.3809551 0.3708900 0.3540048 0.0000000 0.3661909 0.3486338 0.3543954 0.4063969 0.3881035 0.3761638 0.3984539 0.3638125 0.4189449 
n293_294   0.2840284 0.0308380 0.0033408 0.3520639 0.2653687 0.2892520 0.0134965 0.2840931 0.3357034 0.0933740 0.2882897 0.0237959 0.0203735 0.3661909 0.0000000 0.0273468 0.0308566 0.2905050 0.1498498 0.2601151 0.3036730 0.2790379 0.2962087 
n296_297   0.2676353 0.0100953 0.0308191 0.3508707 0.2548456 0.2727138 0.0204027 0.2622745 0.3345801 0.0780493 0.2726988 0.0238318 0.0204041 0.3486338 0.0273468 0.0000000 0.0033477 0.2845361 0.1331311 0.2496889 0.2877293 0.2627736 0.2901696 
n295_296   0.2727209 0.0134997 0.0343456 0.3566085 0.2598649 0.2778398 0.0238745 0.2673124 0.3401852 0.0818527 0.2778240 0.0273178 0.0238762 0.3543954 0.0308566 0.0033477 0.0000000 0.2897772 0.1372833 0.2546653 0.2929687 0.2678237 0.2954616 
n266_267   0.2986709 0.2895691 0.2953685 0.3980482 0.1708981 0.2990852 0.2951885 0.2987384 0.3874418 0.3110758 0.3131839 0.2998742 0.2903361 0.4063969 0.2905050 0.2845361 0.2897772 0.0000000 0.3205316 0.1706641 0.3290658 0.2935913 0.0377244 
n200_201   0.3206146 0.1371947 0.1539101 0.3637977 0.2853038 0.3261292 0.1415198 0.3206868 0.3471599 0.1536977 0.3199627 0.1454515 0.1375227 0.3881035 0.1498498 0.1331311 0.1372833 0.3205316 0.0000000 0.2897159 0.3360564 0.3153696 0.3264995 
n285_286   0.2616915 0.2544870 0.2647970 0.3860614 0.0134090 0.2620430 0.2597911 0.2617511 0.3689442 0.2846540 0.2558804 0.2642952 0.2551456 0.3761638 0.2601151 0.2496889 0.2546653 0.1706641 0.2897159 0.0000000 0.2657560 0.2568848 0.1843567 
n277_278   0.0774306 0.2927589 0.2985607 0.4129528 0.2608872 0.0811995 0.3032875 0.0813105 0.3952987 0.3041453 0.0236763 0.2979854 0.2984145 0.3984539 0.3036730 0.2877293 0.2929687 0.3290658 0.3360564 0.2657560 0.0000000 0.0737283 0.3350844 
n280_281   0.0033408 0.2629440 0.2740800 0.3834339 0.2520631 0.0066989 0.2786876 0.0100801 0.3664617 0.2786755 0.0627039 0.2832742 0.2739467 0.3638125 0.2790379 0.2627736 0.2678237 0.2935913 0.3153696 0.2568848 0.0737283 0.0000000 0.2992915 
n265_266   0.3044175 0.2952484 0.3011133 0.4118556 0.1846129 0.3048421 0.3009288 0.3044863 0.3940777 0.3169691 0.3190508 0.3056509 0.2960356 0.4189449 0.2962087 0.2901696 0.2954616 0.0377244 0.3264995 0.1843567 0.3350844 0.2992915 0.0000000 
