26
n299_300   0.0000000 0.0134343 1.9657863 2.3045541 2.0563343 0.5582530 1.9667949 1.9100076 0.1159669 2.1297666 1.8721397 1.9974143 0.0341504 0.5729099 1.9697078 1.9041489 1.9149747 1.8906470 2.0715548 2.4745386 2.4515633 1.9084387 1.8916275 2.1368125 0.1082225 2.3322068 
n300_301   0.0134343 0.0000000 2.1439332 2.2367553 1.9396025 0.5582954 2.0881397 1.9853529 0.1160655 2.2867320 1.9438680 2.0794656 0.0341783 0.5645562 2.0496462 1.9781513 1.9239262 1.8992694 2.2701575 2.3003366 2.5835087 2.0763457 1.9127267 2.1625085 0.1043886 2.3954433 
n290_291   1.9657863 2.1439332 0.0000000 2.8278286 2.3701184 2.1134896 1.1386573 0.5688498 2.1536661 0.0483433 0.1577112 0.3387042 1.8612925 2.1866394 0.3720771 0.3724273 4.0005878 3.9536374 0.0412028 2.4202147 0.3722388 0.1207866 2.3837541 2.1681812 1.8767121 0.3732821 
n244_245   2.3045541 2.2367553 2.8278286 0.0000000 2.3240501 2.6778988 3.4201565 3.7420251 2.2441520 2.7700486 2.9050296 2.6825954 2.0813056 2.6543036 2.9025967 3.4654460 2.9971695 2.6354697 2.9922782 2.4499532 3.2643078 3.1269714 4.3710899 3.5720217 2.1884797 2.8935516 
n255_256   2.0563343 1.9396025 2.3701184 2.3240501 0.0000000 2.0758106 2.7774865 2.2188417 1.9797808 2.5375290 2.4048481 3.5459473 1.8599009 1.8013490 3.3630443 4.2560859 2.4668456 2.3364530 2.7564865 0.2931063 3.5870572 2.7363284 3.0904267 2.8374174 1.7719081 3.2297041 
n277_278   0.5582530 0.5582954 2.1134896 2.6778988 2.0758106 0.0000000 2.0597884 1.7469253 0.5524365 2.2333151 1.9742875 1.9829922 0.5755610 0.1367779 1.9992260 2.0139223 1.8001548 1.6358353 2.0240974 2.0119055 2.1164559 1.9297688 2.7808414 2.5772661 0.5428486 1.9448262 
n200_201   1.9667949 2.0881397 1.1386573 3.4201565 2.7774865 2.0597884 0.0000000 1.3338604 2.0179959 1.1354926 1.1297896 1.1196561 2.0012166 1.9487494 1.1433118 1.1915771 2.5570278 2.4943095 1.0686812 3.1821549 1.0883879 1.1026725 2.1234675 1.8915911 1.9755404 1.1029298 
n236_237   1.9100076 1.9853529 0.5688498 3.7420251 2.2188417 1.7469253 1.3338604 0.0000000 1.9013882 0.5857767 0.5906297 0.6686208 1.9438258 1.7281342 0.7151751 0.6934109 2.4797824 2.3224499 0.5692191 2.3494079 0.7127102 0.5651398 2.5182562 1.8403215 1.8909573 0.7057178 
n274_275   0.1159669 0.1160655 2.1536661 2.2441520 1.9797808 0.5524365 2.0179959 1.9013882 0.0000000 2.2457063 2.0011145 2.1673356 0.1241956 0.5461307 2.3384494 2.1415025 1.8224481 1.7017609 2.2152671 2.6171384 2.3524242 2.0200445 1.9731163 2.1533285 0.1363573 2.3041906 
n289_290   2.1297666 2.2867320 0.0483433 2.7700486 2.5375290 2.2333151 1.1354926 0.5857767 2.2457063 0.0000000 0.1619732 0.3060066 2.0094207 2.2416585 0.3433686 0.3556509 4.3936612 4.4701228 0.0483996 2.6618182 0.3497456 0.1288945 2.5572910 2.4559856 1.9185324 0.3507189 
n296_297   1.8721397 1.9438680 0.1577112 2.9050296 2.4048481 1.9742875 1.1297896 0.5906297 2.0011145 0.1619732 0.0000000 0.3168232 1.8704776 2.0264625 0.3502688 0.3559886 2.8697201 2.5141055 0.1450457 2.9061454 0.3518082 0.0485845 1.9679583 1.9700041 1.7980927 0.3519067 
n275_276   1.9974143 2.0794656 0.3387042 2.6825954 3.5459473 1.9829922 1.1196561 0.6686208 2.1673356 0.3060066 0.3168232 0.0000000 2.0318079 1.9265011 0.1336723 0.1217139 2.6963440 2.6025697 0.3162207 3.4635653 0.1386304 0.2810129 2.3851302 2.2817410 2.0684002 0.1345571 
n292_293   0.0341504 0.0341783 1.8612925 2.0813056 1.8599009 0.5755610 2.0012166 1.9438258 0.1241956 2.0094207 1.8704776 2.0318079 0.0000000 0.5893287 1.9790801 1.9103785 1.9563248 1.9305738 1.9569912 2.1551070 2.3846456 1.8781008 1.8919613 2.0862676 0.1082947 2.2002072 
n278_279   0.5729099 0.5645562 2.1866394 2.6543036 1.8013490 0.1367779 1.9487494 1.7281342 0.5461307 2.2416585 2.0264625 1.9265011 0.5893287 0.0000000 2.0532164 1.9536717 1.4909378 1.3990877 2.1431942 1.9218711 2.0457563 1.9504385 2.6771000 2.5821635 0.5354416 1.8462864 
n298_299   1.9697078 2.0496462 0.3720771 2.9025967 3.3630443 1.9992260 1.1433118 0.7151751 2.3384494 0.3433686 0.3502688 0.1336723 1.9790801 2.0532164 0.0000000 0.0525170 2.3395419 2.2883517 0.3485002 4.3995378 0.1503073 0.3233440 2.2186542 2.0916500 2.0776369 0.1635306 
n297_298   1.9041489 1.9781513 0.3724273 3.4654460 4.2560859 2.0139223 1.1915771 0.6934109 2.1415025 0.3556509 0.3559886 0.1217139 1.9103785 1.9536717 0.0525170 0.0000000 2.3584379 2.2855395 0.3545332 8.9999981 0.1417925 0.3177544 2.4956832 2.2352499 1.9170745 0.1463022 
n286_287   1.9149747 1.9239262 4.0005878 2.9971695 2.4668456 1.8001548 2.5570278 2.4797824 1.8224481 4.3936612 2.8697201 2.6963440 1.9563248 1.4909378 2.3395419 2.3584379 0.0000000 0.0742799 3.5950818 2.9667851 2.3515499 2.8261630 1.2985274 1.1075109 1.8970120 2.2649693 
n285_286   1.8906470 1.8992694 3.9536374 2.6354697 2.3364530 1.6358353 2.4943095 2.3224499 1.7017609 4.4701228 2.5141055 2.6025697 1.9305738 1.3990877 2.2883517 2.2855395 0.0742799 0.0000000 3.5543256 2.9640014 2.2840111 2.6652573 1.2207300 1.0881986 1.8857867 2.2600454 
n287_288   2.0715548 2.2701575 0.0412028 2.9922782 2.7564865 2.0240974 1.0686812 0.5692191 2.2152671 0.0483996 0.1450457 0.3162207 1.9569912 2.1431942 0.3485002 0.3545332 3.5950818 3.5543256 0.0000000 3.0542735 0.3548572 0.1087966 2.2842309 2.1546421 1.9823047 0.3558455 
n251_252   2.4745386 2.3003366 2.4202147 2.4499532 0.2931063 2.0119055 3.1821549 2.3494079 2.6171384 2.6618182 2.9061454 3.4635653 2.1551070 1.9218711 4.3995378 8.9999981 2.9667851 2.9640014 3.0542735 0.0000000 4.5975088 3.4007883 3.4552437 3.4854983 2.0285857 3.7134468 
n294_295   2.4515633 2.5835087 0.3722388 3.2643078 3.5870572 2.1164559 1.0883879 0.7127102 2.3524242 0.3497456 0.3518082 0.1386304 2.3846456 2.0457563 0.1503073 0.1417925 2.3515499 2.2840111 0.3548572 4.5975088 0.0000000 0.3132385 2.6907847 2.4769834 2.1916443 0.0487151 
n295_296   1.9084387 2.0763457 0.1207866 3.1269714 2.7363284 1.9297688 1.1026725 0.5651398 2.0200445 0.1288945 0.0485845 0.2810129 1.8781008 1.9504385 0.3233440 0.3177544 2.8261630 2.6652573 0.1087966 3.4007883 0.3132385 0.0000000 1.9233205 1.9255486 1.8348624 0.3024633 
n266_267   1.8916275 1.9127267 2.3837541 4.3710899 3.0904267 2.7808414 2.1234675 2.5182562 1.9731163 2.5572910 1.9679583 2.3851302 1.8919613 2.6771000 2.2186542 2.4956832 1.2985274 1.2207300 2.2842309 3.4552437 2.6907847 1.9233205 0.0000000 0.2098162 1.8518858 2.7198224 
n265_266   2.1368125 2.1625085 2.1681812 3.5720217 2.8374174 2.5772661 1.8915911 1.8403215 2.1533285 2.4559856 1.9700041 2.2817410 2.0862676 2.5821635 2.0916500 2.2352499 1.1075109 1.0881986 2.1546421 3.4854983 2.4769834 1.9255486 0.2098162 0.0000000 1.8758652 2.4265224 
n280_281   0.1082225 0.1043886 1.8767121 2.1884797 1.7719081 0.5428486 1.9755404 1.8909573 0.1363573 1.9185324 1.7980927 2.0684002 0.1082947 0.5354416 2.0776369 1.9170745 1.8970120 1.8857867 1.9823047 2.0285857 2.1916443 1.8348624 1.8518858 1.8758652 0.0000000 2.0327897 
n293_294   2.3322068 2.3954433 0.3732821 2.8935516 3.2297041 1.9448262 1.1029298 0.7057178 2.3041906 0.3507189 0.3519067 0.1345571 2.2002072 1.8462864 0.1635306 0.1463022 2.2649693 2.2600454 0.3558455 3.7134468 0.0487151 0.3024633 2.7198224 2.4265224 2.0327897 0.0000000 
