26
n292_293   0.0000000 0.2905821 0.2952281 0.3003703 0.4023959 0.2470698 0.0101043 0.2844929 0.0067171 0.2847647 0.4073785 0.2893345 0.0033492 0.0561069 0.2966307 0.2907535 0.3320993 0.3056238 0.2901692 0.2848507 0.2722604 0.3089373 0.2469102 0.0451032 0.0101177 0.2460360 
n287_288   0.2905821 0.0000000 0.0100930 0.0203562 0.3633081 0.2791016 0.2952640 0.0169187 0.2953712 0.0033476 0.3814092 0.0784825 0.2899946 0.2794260 0.0309207 0.0273645 0.3123365 0.0238037 0.0135100 0.0101032 0.2918444 0.1173868 0.2841953 0.2851875 0.3011786 0.2702486 
n290_291   0.2952281 0.0100930 0.0000000 0.0237651 0.3683697 0.2784644 0.2999282 0.0203160 0.3000384 0.0066994 0.3865827 0.0821180 0.2946309 0.2840041 0.0343802 0.0308061 0.3171048 0.0272230 0.0168987 0.0134797 0.2911705 0.1253934 0.2835452 0.2898037 0.3058818 0.2696307 
n294_295   0.3003703 0.0203562 0.0237651 0.0000000 0.3506285 0.2732655 0.3050941 0.0100721 0.3052078 0.0168891 0.3683588 0.0744821 0.2997622 0.2890626 0.0238588 0.0203610 0.3006457 0.0033392 0.0272675 0.0237891 0.2858365 0.1252930 0.2783070 0.2949090 0.3110953 0.2696769 
n251_252   0.4023959 0.3633081 0.3683697 0.3506285 0.0000000 0.3913266 0.4082555 0.3393042 0.4021166 0.3567371 0.0273451 0.3495127 0.4021144 0.4087191 0.3456627 0.3392910 0.2823398 0.3562800 0.3686781 0.3687288 0.4030984 0.3960515 0.3973040 0.4152898 0.4153590 0.3905765 
n286_287   0.2470698 0.2791016 0.2784644 0.2732655 0.3913266 0.0000000 0.2469995 0.2681406 0.2470765 0.2734111 0.4024588 0.2633009 0.2421186 0.2570644 0.2748411 0.2749802 0.2942003 0.2783070 0.2841475 0.2788854 0.1386705 0.2924267 0.0033447 0.2671469 0.2523991 0.1257616 
n300_301   0.0101043 0.2952640 0.2999282 0.3050941 0.4082555 0.2469995 0.0000000 0.2891312 0.0101035 0.2894089 0.4132630 0.2939924 0.0067169 0.0597874 0.3013514 0.2954359 0.3369821 0.3103756 0.2948432 0.2894958 0.2721806 0.3088426 0.2468400 0.0559738 0.0135276 0.2459663 
n275_276   0.2844929 0.0169187 0.0203160 0.0100721 0.3393042 0.2681406 0.2891312 0.0000000 0.2892340 0.0134758 0.3567412 0.0707336 0.2839202 0.2734719 0.0203953 0.0169227 0.2952897 0.0134600 0.0237955 0.0203365 0.2805797 0.1212374 0.2731437 0.2791597 0.2949696 0.2645543 
n274_275   0.0067171 0.2953712 0.3000384 0.3052078 0.4021166 0.2470765 0.0101035 0.2892340 0.0000000 0.2895121 0.4070957 0.2940983 0.0033489 0.0561029 0.3014629 0.2955432 0.3257338 0.3104930 0.2949500 0.2895990 0.2722723 0.3089587 0.2469169 0.0523199 0.0101169 0.2460424 
n289_290   0.2847647 0.0033476 0.0066994 0.0168891 0.3567371 0.2734111 0.2894089 0.0134758 0.2895121 0.0000000 0.3746388 0.0745674 0.2841909 0.2737284 0.0273628 0.0238370 0.3062967 0.0203134 0.0100883 0.0067061 0.2859909 0.1173341 0.2784557 0.2794242 0.2952559 0.2646177 
n255_256   0.4073785 0.3814092 0.3865827 0.3683588 0.0273451 0.4024588 0.4132630 0.3567412 0.4070957 0.3746388 0.0000000 0.3671716 0.4070933 0.4200649 0.3766610 0.3699341 0.2977491 0.3741581 0.3869019 0.3869563 0.4288434 0.4076223 0.4085194 0.4193913 0.4204084 0.4016904 
n236_237   0.2893345 0.0784825 0.0821180 0.0744821 0.3495127 0.2633009 0.2939924 0.0707336 0.2940983 0.0745674 0.3671716 0.0000000 0.2887519 0.2782415 0.0862519 0.0822764 0.2947436 0.0782232 0.0860466 0.0822021 0.2959506 0.1332224 0.2682716 0.2839698 0.2998719 0.2795621 
n299_300   0.0033492 0.2899946 0.2946309 0.2997622 0.4021144 0.2421186 0.0067169 0.2839202 0.0033489 0.2841909 0.4070933 0.2887519 0.0000000 0.0524407 0.2960288 0.2901656 0.3314215 0.3050040 0.2895832 0.2842767 0.2671148 0.3034958 0.2419637 0.0486880 0.0067258 0.2411067 
n278_279   0.0561069 0.2794260 0.2840041 0.2890626 0.4087191 0.2570644 0.0597874 0.2734719 0.0561029 0.2737284 0.4200649 0.2782415 0.0524407 0.0000000 0.2913205 0.2854956 0.3372886 0.2942220 0.2895963 0.2842897 0.2826466 0.2975412 0.2568984 0.0169502 0.0598693 0.2559883 
n297_298   0.2966307 0.0309207 0.0343802 0.0238588 0.3456627 0.2748411 0.3013514 0.0203953 0.3014629 0.0273628 0.3766610 0.0862519 0.2960288 0.2913205 0.0000000 0.0033486 0.3017458 0.0273304 0.0379700 0.0344153 0.2935354 0.1298795 0.2799142 0.2972224 0.3073359 0.2770888 
n298_299   0.2907535 0.0273645 0.0308061 0.0203610 0.3392910 0.2749802 0.2954359 0.0169227 0.2955432 0.0238370 0.3699341 0.0822764 0.2901656 0.2854956 0.0033486 0.0000000 0.3019015 0.0238092 0.0343658 0.0308375 0.2876502 0.1255617 0.2800564 0.2913293 0.3013514 0.2713754 
n244_245   0.3320993 0.3123365 0.3171048 0.3006457 0.2823398 0.2942003 0.3369821 0.2952897 0.3257338 0.3062967 0.2977491 0.2947436 0.3314215 0.3372886 0.3017458 0.3019015 0.0000000 0.3059061 0.3230098 0.3174210 0.3229315 0.3088712 0.2993932 0.3436276 0.3432956 0.3166315 
n293_294   0.3056238 0.0238037 0.0272230 0.0033392 0.3562800 0.2783070 0.3103756 0.0134600 0.3104930 0.0203134 0.3741581 0.0782232 0.3050040 0.2942220 0.0273304 0.0238092 0.3059061 0.0000000 0.0307474 0.0272505 0.2910043 0.1293237 0.2833848 0.3001206 0.3164304 0.2747175 
n296_297   0.2901692 0.0135100 0.0168987 0.0272675 0.3686781 0.2841475 0.2948432 0.0237955 0.2949500 0.0100883 0.3869019 0.0860466 0.2895832 0.2895963 0.0379700 0.0343658 0.3230098 0.0307474 0.0000000 0.0033467 0.2970138 0.1296422 0.2892762 0.2954568 0.3007463 0.2752566 
n295_296   0.2848507 0.0101032 0.0134797 0.0237891 0.3687288 0.2788854 0.2894958 0.0203365 0.2895990 0.0067061 0.3869563 0.0822021 0.2842767 0.2842897 0.0344153 0.0308375 0.3174210 0.0272505 0.0033467 0.0000000 0.2916151 0.1255219 0.2839745 0.2900951 0.2953441 0.2700394 
n266_267   0.2722604 0.2918444 0.2911705 0.2858365 0.4030984 0.1386705 0.2721806 0.2805797 0.2722723 0.2859909 0.4288434 0.2959506 0.2671148 0.2826466 0.2935354 0.2876502 0.3229315 0.2910043 0.2970138 0.2916151 0.0000000 0.3061499 0.1428059 0.2931380 0.2720442 0.0203586 
n200_201   0.3089373 0.1173868 0.1253934 0.1252930 0.3960515 0.2924267 0.3088426 0.1212374 0.3089587 0.1173341 0.4076223 0.1332224 0.3034958 0.2975412 0.1298795 0.1255617 0.3088712 0.1293237 0.1296422 0.1255219 0.3061499 0.0000000 0.2975938 0.3082681 0.3148671 0.2788644 
n285_286   0.2469102 0.2841953 0.2835452 0.2783070 0.3973040 0.0033447 0.2468400 0.2731437 0.2469169 0.2784557 0.4085194 0.2682716 0.2419637 0.2568984 0.2799142 0.2800564 0.2993932 0.2833848 0.2892762 0.2839745 0.1428059 0.2975938 0.0000000 0.2669734 0.2522364 0.1298063 
n277_278   0.0451032 0.2851875 0.2898037 0.2949090 0.4152898 0.2671469 0.0559738 0.2791597 0.0523199 0.2794242 0.4193913 0.2839698 0.0486880 0.0169502 0.2972224 0.2913293 0.3436276 0.3001206 0.2954568 0.2900951 0.2931380 0.3082681 0.2669734 0.0000000 0.0560501 0.2660290 
n280_281   0.0101177 0.3011786 0.3058818 0.3110953 0.4153590 0.2523991 0.0135276 0.2949696 0.0101169 0.2952559 0.4204084 0.2998719 0.0067258 0.0598693 0.3073359 0.3013514 0.3432956 0.3164304 0.3007463 0.2953441 0.2720442 0.3148671 0.2522364 0.0560501 0.0000000 0.2458457 
n265_266   0.2460360 0.2702486 0.2696307 0.2696769 0.3905765 0.1257616 0.2459663 0.2645543 0.2460424 0.2646177 0.4016904 0.2795621 0.2411067 0.2559883 0.2770888 0.2713754 0.3166315 0.2747175 0.2752566 0.2700394 0.0203586 0.2788644 0.1298063 0.2660290 0.2458457 0.0000000 
