26
n287_288   0.0000000 0.0033383 0.0734910 0.2426725 0.2382156 0.2335935 0.2147362 0.2328104 0.0410578 0.2191457 0.2327742 0.0100639 0.0340605 0.0375567 0.0481817 0.0066902 0.2428772 0.3318474 0.0100561 0.2331812 0.3617456 0.0445765 0.2237637 0.0921760 0.2375813 0.3264036 
n290_291   0.0033383 0.0000000 0.0771631 0.2472616 0.2427793 0.2381299 0.2191490 0.2373304 0.0445751 0.2235834 0.2372930 0.0066965 0.0375465 0.0410588 0.0517348 0.0033383 0.2474697 0.3370149 0.0066903 0.2377085 0.3670994 0.0481092 0.2282303 0.0959401 0.2421330 0.3315318 
n236_237   0.0734910 0.0771631 0.0000000 0.2476757 0.2610203 0.2705650 0.2335926 0.2522014 0.1035270 0.2381266 0.2521599 0.0846239 0.0959205 0.0997302 0.1113608 0.0808495 0.2658239 0.3463604 0.0845573 0.2750737 0.3962637 0.1073511 0.2428879 0.1272016 0.2425367 0.3253501 
n278_279   0.2426725 0.2472616 0.2476757 0.0000000 0.2389897 0.2531513 0.0554441 0.0699995 0.2615890 0.0590386 0.0699930 0.2519852 0.2615075 0.2617407 0.2711433 0.2518553 0.2436705 0.3634367 0.2565170 0.2526975 0.4693393 0.2757997 0.0626987 0.2718102 0.0168828 0.3424308 
n285_286   0.2382156 0.2427793 0.2610203 0.2389897 0.0000000 0.1430662 0.2246652 0.2386232 0.2759934 0.2291492 0.2385853 0.2474749 0.2664306 0.2617344 0.2861483 0.2473480 0.0033433 0.3743753 0.2519828 0.1428277 0.4259912 0.2808208 0.2294661 0.2667389 0.2386569 0.3694136 
n265_266   0.2335935 0.2381299 0.2705650 0.2531513 0.1430662 0.0000000 0.2200075 0.2294777 0.2661221 0.2244622 0.2338302 0.2427955 0.2566873 0.2565337 0.2810574 0.2426717 0.1471472 0.3686485 0.2472779 0.0202613 0.4268068 0.2757748 0.2247720 0.2613989 0.2434872 0.3802920 
n280_281   0.2147362 0.2191490 0.2335926 0.0554441 0.2246652 0.2200075 0.0000000 0.0134791 0.2420478 0.0033451 0.0134781 0.2236800 0.2419738 0.2421860 0.2609672 0.2235693 0.2292444 0.3473409 0.2280462 0.2242977 0.4304875 0.2558616 0.0067093 0.2470924 0.0518270 0.3207987 
n299_300   0.2328104 0.2373304 0.2522014 0.0699995 0.2386232 0.2294777 0.0134791 0.0000000 0.2608246 0.0168841 0.0134762 0.2419786 0.2607439 0.2609763 0.2802557 0.2418559 0.2432962 0.3633672 0.2464452 0.2338219 0.4483056 0.2749899 0.0067084 0.2660213 0.0663026 0.3362579 
n293_294   0.0410578 0.0445751 0.1035270 0.2615890 0.2759934 0.2661221 0.2420478 0.2608246 0.0000000 0.2466206 0.2607809 0.0516957 0.0066917 0.0100610 0.0271509 0.0481065 0.2809059 0.3752865 0.0516553 0.2656433 0.4010419 0.0236722 0.2514273 0.1230073 0.2563361 0.3481267 
n274_275   0.2191457 0.2235834 0.2381266 0.0590386 0.2291492 0.2244622 0.0033451 0.0168841 0.2466206 0.0000000 0.0168828 0.2281416 0.2465449 0.2467617 0.2656586 0.2280279 0.2337562 0.3526099 0.2234947 0.2287739 0.4363566 0.2605157 0.0100849 0.2517005 0.0554028 0.3258837 
n292_293   0.2327742 0.2372930 0.2521599 0.0699930 0.2385853 0.2338302 0.0134781 0.0134762 0.2607809 0.0168828 0.0000000 0.2419400 0.2607001 0.2609323 0.2802060 0.2418174 0.2432570 0.3690320 0.2464054 0.2381929 0.4481845 0.2749419 0.0067079 0.2659758 0.0662965 0.3417097 
n296_297   0.0100639 0.0066965 0.0846239 0.2519852 0.2474749 0.2427955 0.2236800 0.2419786 0.0516957 0.2281416 0.2419400 0.0000000 0.0445984 0.0481460 0.0589352 0.0100639 0.2521968 0.3477345 0.0066965 0.2423645 0.3782244 0.0552642 0.2328200 0.1036023 0.2468156 0.3421661 
n294_295   0.0340605 0.0375465 0.0959205 0.2615075 0.2664306 0.2566873 0.2419738 0.2607439 0.0066917 0.2465449 0.2607001 0.0445984 0.0000000 0.0033390 0.0202726 0.0410468 0.2712795 0.3643777 0.0445636 0.2562281 0.3898039 0.0168338 0.2513500 0.1152002 0.2562566 0.3481538 
n275_276   0.0375567 0.0410588 0.0997302 0.2617407 0.2617344 0.2565337 0.2421860 0.2609763 0.0100610 0.2467617 0.2609323 0.0481460 0.0033390 0.0000000 0.0237074 0.0445751 0.2665528 0.3647231 0.0481084 0.2560743 0.3955001 0.0202482 0.2515728 0.1191132 0.2564841 0.3484807 
n297_298   0.0481817 0.0517348 0.1113608 0.2711433 0.2861483 0.2810574 0.2609672 0.2802557 0.0271509 0.2656586 0.2802060 0.0589352 0.0202726 0.0237074 0.0000000 0.0553029 0.2911369 0.3817782 0.0588891 0.2805465 0.3956197 0.0100727 0.2706030 0.1270083 0.2658074 0.3651495 
n289_290   0.0066902 0.0033383 0.0808495 0.2518553 0.2473480 0.2426717 0.2235693 0.2418559 0.0481065 0.2280279 0.2418174 0.0100639 0.0410468 0.0445751 0.0553029 0.0000000 0.2520666 0.3421734 0.0100561 0.2422413 0.3668762 0.0516562 0.2327034 0.0997182 0.2466899 0.3366519 
n286_287   0.2428772 0.2474697 0.2658239 0.2436705 0.0033433 0.1471472 0.2292444 0.2432962 0.2809059 0.2337562 0.2432570 0.2521968 0.2712795 0.2665528 0.2911369 0.2520666 0.0000000 0.3800062 0.2567317 0.1469014 0.4201910 0.2857663 0.2340800 0.2715930 0.2433307 0.3750131 
n255_256   0.3318474 0.3370149 0.3463604 0.3634367 0.3743753 0.3686485 0.3473409 0.3633672 0.3752865 0.3526099 0.3690320 0.3477345 0.3643777 0.3647231 0.3817782 0.3421734 0.3800062 0.0000000 0.3474478 0.3679425 0.3704245 0.3648207 0.3582171 0.3822797 0.3629152 0.0811250 
n295_296   0.0100561 0.0066903 0.0845573 0.2565170 0.2519828 0.2472779 0.2280462 0.2464452 0.0516553 0.2234947 0.2464054 0.0066965 0.0445636 0.0481084 0.0588891 0.0100561 0.2567317 0.3474478 0.0000000 0.2468371 0.3779124 0.0552210 0.2372366 0.1035206 0.2513123 0.3418844 
n266_267   0.2331812 0.2377085 0.2750737 0.2526975 0.1428277 0.0202613 0.2242977 0.2338219 0.2656433 0.2287739 0.2381929 0.2423645 0.2562281 0.2560743 0.2805465 0.2422413 0.1469014 0.3679425 0.2468371 0.0000000 0.4259875 0.2752758 0.2290898 0.2512968 0.2430537 0.3795575 
n244_245   0.3617456 0.3670994 0.3962637 0.4693393 0.4259912 0.4268068 0.4304875 0.4483056 0.4010419 0.4363566 0.4481845 0.3782244 0.3898039 0.3955001 0.3956197 0.3668762 0.4201910 0.3704245 0.3779124 0.4259875 0.0000000 0.3893158 0.4362227 0.3850898 0.4686451 0.3375557 
n298_299   0.0445765 0.0481092 0.1073511 0.2757997 0.2808208 0.2757748 0.2558616 0.2749899 0.0236722 0.2605157 0.2749419 0.0552642 0.0168338 0.0202482 0.0100727 0.0516562 0.2857663 0.3648207 0.0552210 0.2752758 0.3893158 0.0000000 0.2654172 0.1228953 0.2704269 0.3485707 
n300_301   0.2237637 0.2282303 0.2428879 0.0626987 0.2294661 0.2247720 0.0067093 0.0067084 0.2514273 0.0100849 0.0067079 0.2328200 0.2513500 0.2515728 0.2706030 0.2327034 0.2340800 0.3582171 0.2372366 0.2290898 0.4362227 0.2654172 0.0000000 0.2565482 0.0590413 0.3312805 
n200_201   0.0921760 0.0959401 0.1272016 0.2718102 0.2667389 0.2613989 0.2470924 0.2660213 0.1230073 0.2517005 0.2659758 0.1036023 0.1152002 0.1191132 0.1270083 0.0997182 0.2715930 0.3822797 0.1035206 0.2512968 0.3850898 0.1228953 0.2565482 0.0000000 0.2664607 0.3594698 
n277_278   0.2375813 0.2421330 0.2425367 0.0168828 0.2386569 0.2434872 0.0518270 0.0663026 0.2563361 0.0554028 0.0662965 0.2468156 0.2562566 0.2564841 0.2658074 0.2466899 0.2433307 0.3629152 0.2513123 0.2430537 0.4686451 0.2704269 0.0590413 0.2664607 0.0000000 0.3419416 
n251_252   0.3264036 0.3315318 0.3253501 0.3424308 0.3694136 0.3802920 0.3207987 0.3362579 0.3481267 0.3258837 0.3417097 0.3421661 0.3481538 0.3484807 0.3651495 0.3366519 0.3750131 0.0811250 0.3418844 0.3795575 0.3375557 0.3485707 0.3312805 0.3594698 0.3419416 0.0000000 
