26
n300_313   0.0000000 0.2747673 0.2542741 0.2642502 0.3971058 0.0100853 0.2695209 0.2696624 0.4170706 0.2543808 0.2797177 0.2646584 0.2899314 0.3836247 0.2491888 0.2492205 0.0033436 0.3779947 0.0412868 0.0448606 0.2744179 0.2395905 0.2694621 0.0134771 0.2945509 0.2696166 
n287_300   0.2747673 0.0000000 0.0377472 0.1130653 0.4196305 0.2851576 0.3550102 0.3608646 0.4464290 0.0448692 0.0033384 0.0521166 0.0100652 0.4318464 0.3381988 0.3322106 0.2798413 0.4195981 0.2649302 0.2499865 0.0203107 0.1249697 0.0237883 0.2952248 0.3909998 0.0557349 
n293_306   0.2542741 0.0377472 0.0000000 0.0933174 0.4141689 0.2643245 0.3319180 0.3375623 0.4407956 0.0134578 0.0412737 0.0203162 0.0484056 0.4193750 0.3209405 0.3151232 0.2591883 0.4073290 0.2447325 0.2302497 0.0377091 0.1048727 0.0377545 0.2740948 0.3665135 0.0237612 
n236_243   0.2642502 0.1130653 0.0933174 0.0000000 0.4017360 0.2744586 0.3330347 0.3272386 0.4210534 0.1011150 0.1170076 0.1091066 0.1250335 0.4061637 0.3162506 0.3214545 0.2692386 0.3943553 0.2498563 0.2352524 0.1129415 0.1013587 0.1170886 0.2793998 0.3435366 0.1091037 
n251_262   0.3971058 0.4196305 0.4141689 0.4017360 0.0000000 0.4156612 0.5230317 0.5388724 0.0520692 0.4331501 0.4256406 0.4213072 0.4381787 0.0667432 0.4820001 0.4885629 0.4031847 0.0667489 0.3685525 0.3511484 0.4268975 0.4088906 0.4267839 0.4030011 0.2857020 0.4274893 
n280_293   0.0100853 0.2851576 0.2643245 0.2744586 0.4156612 0.0000000 0.2799744 0.2801238 0.4362332 0.2644360 0.2901832 0.2748872 0.3005618 0.4017592 0.2592961 0.2593302 0.0134805 0.3959871 0.0520375 0.0556729 0.2847913 0.2542197 0.2797594 0.0237739 0.3050083 0.2799220 
n265_278   0.2695209 0.3550102 0.3319180 0.3330347 0.5230317 0.2799744 0.0000000 0.0134861 0.5472083 0.3431246 0.3605309 0.3322557 0.3719922 0.5280765 0.1660350 0.1746788 0.2745500 0.5145916 0.2449197 0.2449733 0.3545248 0.3100936 0.3608340 0.2848585 0.4270569 0.3377054 
n266_279   0.2696624 0.3608646 0.3375623 0.3272386 0.5388724 0.2801238 0.0134861 0.0000000 0.5557367 0.3488668 0.3664317 0.3379081 0.3779947 0.5439857 0.1661088 0.1747576 0.2746953 0.5301969 0.2450435 0.2450972 0.3603683 0.3155513 0.3667414 0.2850116 0.4273403 0.3379018 
n255_268   0.4170706 0.4464290 0.4407956 0.4210534 0.0520692 0.4362332 0.5472083 0.5557367 0.0000000 0.4605599 0.4526726 0.4482706 0.4657243 0.0893937 0.4973979 0.5041152 0.4233469 0.0818321 0.3994542 0.3931861 0.4533128 0.4347570 0.4405833 0.4168657 0.3123738 0.4547015 
n275_288   0.2543808 0.0448692 0.0134578 0.1011150 0.4331501 0.2644360 0.3431246 0.3488668 0.4605599 0.0000000 0.0484329 0.0272418 0.0484514 0.4384579 0.3319667 0.3260469 0.2592973 0.4260898 0.2448348 0.2303452 0.0448224 0.1128043 0.0484647 0.2742108 0.3842456 0.0307239 
n290_303   0.2797177 0.0033384 0.0412737 0.1170076 0.4256406 0.2901832 0.3605309 0.3664317 0.4526726 0.0484329 0.0000000 0.0557216 0.0134502 0.4379508 0.3435960 0.3375595 0.2848269 0.4256049 0.2698159 0.2547708 0.0237493 0.1289748 0.0272483 0.3003149 0.3968084 0.0593579 
n297_310   0.2646584 0.0521166 0.0203162 0.1091066 0.4213072 0.2748872 0.3322557 0.3379081 0.4482706 0.0272418 0.0557216 0.0000000 0.0630210 0.4265598 0.3266346 0.3152522 0.2696566 0.4143741 0.2549614 0.2402363 0.0520628 0.1209448 0.0557583 0.2848142 0.3671295 0.0033379 
n289_302   0.2899314 0.0100652 0.0484056 0.1250335 0.4381787 0.3005618 0.3719922 0.3779947 0.4657243 0.0484514 0.0134502 0.0630210 0.0000000 0.4381857 0.3547866 0.3486448 0.2951175 0.4258304 0.2798880 0.2646223 0.0306913 0.1371368 0.0342359 0.3108347 0.4089010 0.0666963 
n251_260   0.3836247 0.4318464 0.4193750 0.4061637 0.0667432 0.4017592 0.5280765 0.5439857 0.0893937 0.4384579 0.4379508 0.4265598 0.4381857 0.0000000 0.4794840 0.4859983 0.3895670 0.0272552 0.3554904 0.3610100 0.4321713 0.4267802 0.4320564 0.3893942 0.2851626 0.4327738 
n286_299   0.2491888 0.3381988 0.3209405 0.3162506 0.4820001 0.2592961 0.1660350 0.1661088 0.4973979 0.3319667 0.3435960 0.3266346 0.3547866 0.4794840 0.0000000 0.0134761 0.2540614 0.4738040 0.2208045 0.2255543 0.3431804 0.3045588 0.3432296 0.2590739 0.3610660 0.3320398 
n285_298   0.2492205 0.3322106 0.3151232 0.3214545 0.4885629 0.2593302 0.1746788 0.1747576 0.5041152 0.3260469 0.3375595 0.3152522 0.3486448 0.4859983 0.0134761 0.0000000 0.2540942 0.4802780 0.2302368 0.2350558 0.3371539 0.3096667 0.3372022 0.2591079 0.3553272 0.3205644 
n299_312   0.0033436 0.2798413 0.2591883 0.2692386 0.4031847 0.0134805 0.2745500 0.2746953 0.4233469 0.2592973 0.2848269 0.2696566 0.2951175 0.3895670 0.2540614 0.2540942 0.0000000 0.3838908 0.0448432 0.0484372 0.2794838 0.2396240 0.2744924 0.0168885 0.2945926 0.2746507 
n255_266   0.3779947 0.4195981 0.4073290 0.3943553 0.0667489 0.3959871 0.5145916 0.5301969 0.0818321 0.4260898 0.4256049 0.4143741 0.4258304 0.0272552 0.4738040 0.4802780 0.3838908 0.0000000 0.3390288 0.3444296 0.4321235 0.4145848 0.4197997 0.3837221 0.2851580 0.4204861 
n277_290   0.0412868 0.2649302 0.2447325 0.2498563 0.3685525 0.0520375 0.2449197 0.2450435 0.3994542 0.2448348 0.2698159 0.2549614 0.2798880 0.3554904 0.2208045 0.2302368 0.0448432 0.3390288 0.0000000 0.0100907 0.2645962 0.2257225 0.2597062 0.0556359 0.2694724 0.2598532 
n278_291   0.0448606 0.2499865 0.2302497 0.2352524 0.3511484 0.0556729 0.2449733 0.2450972 0.3931861 0.2303452 0.2547708 0.2402363 0.2646223 0.3610100 0.2255543 0.2350558 0.0484372 0.3444296 0.0100907 0.0000000 0.2496757 0.2160777 0.2448885 0.0592907 0.2643400 0.2450244 
n295_308   0.2744179 0.0203107 0.0377091 0.1129415 0.4268975 0.2847913 0.3545248 0.3603683 0.4533128 0.0448224 0.0237493 0.0520628 0.0306913 0.4321713 0.3431804 0.3371539 0.2794838 0.4321235 0.2645962 0.2496757 0.0000000 0.1248315 0.0100772 0.2948424 0.3846972 0.0556772 
n200_201   0.2395905 0.1249697 0.1048727 0.1013587 0.4088906 0.2542197 0.3100936 0.3155513 0.4347570 0.1128043 0.1289748 0.1209448 0.1371368 0.4267802 0.3045588 0.3096667 0.2396240 0.4145848 0.2257225 0.2160777 0.1248315 0.0000000 0.1290648 0.2589803 0.3380956 0.1249593 
n296_309   0.2694621 0.0237883 0.0377545 0.1170886 0.4267839 0.2797594 0.3608340 0.3667414 0.4405833 0.0484647 0.0272483 0.0557583 0.0342359 0.4320564 0.3432296 0.3372022 0.2744924 0.4197997 0.2597062 0.2448885 0.0100772 0.1290648 0.0000000 0.2897450 0.3783307 0.0593972 
n274_287   0.0134771 0.2952248 0.2740948 0.2793998 0.4030011 0.0237739 0.2848585 0.2850116 0.4168657 0.2742108 0.3003149 0.2848142 0.3108347 0.3893942 0.2590739 0.2591079 0.0168885 0.3837221 0.0556359 0.0592907 0.2948424 0.2589803 0.2897450 0.0000000 0.3046803 0.2899153 
n244_253   0.2945509 0.3909998 0.3665135 0.3435366 0.2857020 0.3050083 0.4270569 0.4273403 0.3123738 0.3842456 0.3968084 0.3671295 0.4089010 0.2851626 0.3610660 0.3553272 0.2945926 0.2851580 0.2694724 0.2643400 0.3846972 0.3380956 0.3783307 0.3046803 0.0000000 0.3728650 
n298_311   0.2696166 0.0557349 0.0237612 0.1091037 0.4274893 0.2799220 0.3377054 0.3379018 0.4547015 0.0307239 0.0593579 0.0033379 0.0666963 0.4327738 0.3320398 0.3205644 0.2746507 0.4204861 0.2598532 0.2450244 0.0556772 0.1249593 0.0593972 0.2899153 0.3728650 0.0000000 
