23
n292_293   0.0000000 0.3456307 0.3513509 0.3238296 0.4140914 0.2127820 0.0134424 0.3184797 0.0306253 0.4148139 0.3138437 0.0626100 0.3086075 0.3036189 0.3456742 0.3133371 0.3451122 0.2123122 0.2789085 0.2172206 0.0699338 0.0202640 0.1905798 
n287_288   0.3456307 0.0000000 0.0100848 0.0626513 0.5464834 0.3462099 0.3560631 0.0554486 0.3497236 0.5628410 0.0925011 0.3664312 0.0518770 0.0554473 0.4522746 0.0626818 0.0168600 0.3675865 0.1519455 0.3461522 0.3776520 0.3498692 0.3625222 
n290_291   0.3513509 0.0100848 0.0000000 0.0700513 0.5617139 0.3576077 0.3676108 0.0627703 0.3611437 0.5784622 0.1041107 0.3781411 0.0591620 0.0627688 0.4656005 0.0700863 0.0272028 0.3793347 0.1646317 0.3575497 0.3895531 0.3612974 0.3681544 
n294_295   0.3238296 0.0626513 0.0700513 0.0000000 0.5315266 0.3142152 0.3339599 0.0202843 0.3334363 0.5396499 0.1075831 0.3553802 0.0168705 0.0202838 0.4381972 0.0134674 0.0662821 0.3508501 0.1515714 0.3141595 0.3664277 0.3335709 0.3510010 
n251_252   0.4140914 0.5464834 0.5617139 0.5315266 0.0000000 0.4463273 0.4076238 0.5239322 0.4202866 0.0519895 0.4978800 0.3972245 0.5250251 0.5315266 0.2981890 0.5321895 0.5455284 0.4576087 0.4792866 0.4462711 0.3910333 0.4080150 0.4458077 
n286_287   0.2127820 0.3462099 0.3576077 0.3142152 0.4463273 0.0000000 0.2170757 0.3193834 0.2123569 0.4728197 0.3097137 0.2035447 0.3094850 0.3144483 0.3639333 0.3192665 0.3456901 0.1120815 0.3035051 0.0067060 0.2125136 0.2078339 0.1044321 
n300_301   0.0134424 0.3560631 0.3676108 0.3339599 0.4076238 0.2170757 0.0000000 0.3285374 0.0306180 0.4083310 0.3238581 0.0625953 0.3185505 0.3135020 0.3398382 0.3233293 0.3555254 0.2165966 0.2884965 0.2215360 0.0699175 0.0202591 0.1947606 
n275_276   0.3184797 0.0554486 0.0627703 0.0202843 0.5239322 0.3193834 0.3285374 0.0000000 0.3280243 0.5319548 0.0999525 0.3497914 0.0100807 0.0134668 0.4315796 0.0202943 0.0590469 0.3452894 0.1434868 0.3193273 0.3607512 0.3281554 0.3454381 
n274_275   0.0306253 0.3497236 0.3611437 0.3334363 0.4202866 0.2123569 0.0306180 0.3280243 0.0000000 0.4210238 0.3129515 0.0589183 0.3180555 0.3130162 0.3351996 0.3228259 0.3491988 0.2118888 0.2781308 0.2167857 0.0661959 0.0236716 0.1944593 
n255_256   0.4148139 0.5628410 0.5784622 0.5396499 0.0519895 0.4728197 0.4083310 0.5319548 0.4210238 0.0000000 0.5268175 0.4153219 0.5330750 0.5396499 0.3036690 0.5403276 0.5618437 0.4845026 0.5075558 0.4727660 0.4089568 0.4087238 0.4652115 
n236_237   0.3138437 0.0925011 0.1041107 0.1075831 0.4978800 0.3097137 0.3238581 0.0999525 0.3129515 0.5268175 0.0000000 0.3189313 0.0961761 0.0999500 0.4340975 0.1076344 0.0962855 0.3361789 0.1277372 0.3096582 0.3294654 0.3130733 0.3259297 
n278_279   0.0626100 0.3664312 0.3781411 0.3553802 0.3972245 0.2035447 0.0625953 0.3497914 0.0589183 0.4153219 0.3189313 0.0000000 0.3395393 0.3343527 0.3409448 0.3444325 0.3658743 0.2031495 0.2884019 0.2079246 0.0066880 0.0552976 0.1859062 
n297_298   0.3086075 0.0518770 0.0591620 0.0168705 0.5250251 0.3094850 0.3185505 0.0100807 0.3180555 0.5330750 0.0961761 0.3395393 0.0000000 0.0033437 0.4260992 0.0168788 0.0554597 0.3350801 0.1355569 0.3094296 0.3503593 0.3181804 0.3352251 
n298_299   0.3036189 0.0554473 0.0627688 0.0202838 0.5315266 0.3144483 0.3135020 0.0134668 0.3130162 0.5396499 0.0999500 0.3343527 0.0033437 0.0000000 0.4318394 0.0202938 0.0590455 0.3401987 0.1395288 0.3143925 0.3451000 0.3131381 0.3403455 
n244_245   0.3456742 0.4522746 0.4656005 0.4381972 0.2981890 0.3639333 0.3398382 0.4315796 0.3351996 0.3036690 0.4340975 0.3409448 0.4260992 0.4318394 0.0000000 0.4447569 0.4575091 0.3629394 0.3980544 0.3693708 0.3518287 0.3294974 0.3687627 
n293_294   0.3133371 0.0626818 0.0700863 0.0134674 0.5321895 0.3192665 0.3233293 0.0202943 0.3228259 0.5403276 0.1076344 0.3444325 0.0168788 0.0202938 0.4447569 0.0000000 0.0663143 0.3509954 0.1516428 0.3192105 0.3553128 0.3229537 0.3511464 
n296_297   0.3451122 0.0168600 0.0272028 0.0662821 0.5455284 0.3456901 0.3555254 0.0590469 0.3491988 0.5618437 0.0962855 0.3658743 0.0554597 0.0590455 0.4575091 0.0663143 0.0000000 0.3560674 0.1517468 0.3456325 0.3770734 0.3493439 0.3619715 
n266_267   0.2123122 0.3675865 0.3793347 0.3508501 0.4576087 0.1120815 0.2165966 0.3452894 0.2118888 0.4845026 0.3361789 0.2031495 0.3350801 0.3401987 0.3629394 0.3509954 0.3560674 0.0000000 0.2987669 0.1120558 0.2121002 0.2073759 0.0272123 
n200_201   0.2789085 0.1519455 0.1646317 0.1515714 0.4792866 0.3035051 0.2884965 0.1434868 0.2781308 0.5075558 0.1277372 0.2884019 0.1355569 0.1395288 0.3980544 0.1516428 0.1517468 0.2987669 0.0000000 0.3087312 0.2985047 0.2782323 0.2940953 
n285_286   0.2172206 0.3461522 0.3575497 0.3141595 0.4462711 0.0067060 0.2215360 0.3193273 0.2167857 0.4727660 0.3096582 0.2079246 0.3094296 0.3143925 0.3693708 0.3192105 0.3456325 0.1120558 0.3087312 0.0000000 0.2169457 0.2122362 0.1044080 
n277_278   0.0699338 0.3776520 0.3895531 0.3664277 0.3910333 0.2125136 0.0699175 0.3607512 0.0661959 0.4089568 0.3294654 0.0066880 0.3503593 0.3451000 0.3518287 0.3553128 0.3770734 0.2121002 0.2985047 0.2169457 0.0000000 0.0625362 0.1946540 
n280_281   0.0202640 0.3498692 0.3612974 0.3335709 0.4080150 0.2078339 0.0202591 0.3281554 0.0236716 0.4087238 0.3130733 0.0552976 0.3181804 0.3131381 0.3294974 0.3229537 0.3493439 0.2073759 0.2782323 0.2122362 0.0625362 0.0000000 0.1858176 
n265_266   0.1905798 0.3625222 0.3681544 0.3510010 0.4458077 0.1044321 0.1947606 0.3454381 0.1944593 0.4652115 0.3259297 0.1859062 0.3352251 0.3403455 0.3687627 0.3511464 0.3619715 0.0272123 0.2940953 0.1044080 0.1946540 0.1858176 0.0000000 
