26
n292_293   0.0000000 0.3095093 0.2984801 0.3082360 0.4466998 0.2888313 0.0100281 0.3135674 0.0168197 0.3032327 0.4436099 0.2907492 0.0100281 0.0483362 0.3139981 0.3039189 0.4080729 0.3138690 0.2885073 0.2987747 0.2662568 0.2566707 0.2890878 0.0518852 0.0168162 0.2766718 
n287_288   0.3095093 0.0000000 0.0067182 0.0377279 0.4251775 0.3402432 0.2995936 0.0412732 0.3152411 0.0134999 0.4237301 0.0779881 0.3041949 0.3112870 0.0413244 0.0484746 0.4475286 0.0413039 0.0307609 0.0343084 0.3098192 0.1215880 0.3405467 0.3060259 0.3042335 0.3210060 
n290_291   0.2984801 0.0067182 0.0000000 0.0306567 0.4118032 0.3284650 0.2887158 0.0341579 0.3041023 0.0067047 0.4104193 0.0703918 0.2932561 0.3001774 0.0341993 0.0412608 0.4336540 0.0341833 0.0237621 0.0272581 0.2986387 0.1133656 0.3287578 0.2950034 0.2932937 0.3096253 
n294_295   0.3082360 0.0377279 0.0306567 0.0000000 0.4251750 0.3725207 0.2983637 0.0033316 0.3139401 0.0376510 0.4237268 0.0816285 0.3029458 0.3099986 0.0100566 0.0168492 0.4571933 0.0033340 0.0447117 0.0483341 0.3249435 0.1293836 0.3728513 0.3047615 0.3029842 0.3363595 
n251_252   0.4466998 0.4251775 0.4118032 0.4251750 0.0000000 0.4224259 0.4401592 0.4316204 0.4539346 0.4105010 0.0307612 0.4215520 0.4347295 0.4403663 0.4316335 0.4318150 0.3313452 0.4320955 0.4108911 0.4302641 0.3990079 0.4213236 0.4239869 0.4340297 0.4270142 0.4185722 
n286_287   0.2888313 0.3402432 0.3284650 0.3725207 0.4224259 0.0000000 0.2836013 0.3784712 0.2843390 0.3394173 0.4138977 0.3448129 0.2790405 0.2845781 0.3790165 0.3678543 0.4800893 0.3788651 0.3443956 0.3383748 0.1613245 0.3162435 0.0067520 0.2794471 0.2779559 0.1702545 
n300_301   0.0100281 0.2995936 0.2887158 0.2983637 0.4401592 0.2836013 0.0000000 0.3036265 0.0134190 0.2934186 0.4371243 0.2810184 0.0066673 0.0447569 0.3040421 0.2940800 0.4018779 0.3039162 0.2788576 0.2889987 0.2612250 0.2517013 0.2838530 0.0482890 0.0134162 0.2715603 
n275_276   0.3135674 0.0412732 0.0341579 0.0033316 0.4316204 0.3784712 0.3036265 0.0000000 0.3193220 0.0411891 0.4301419 0.0854292 0.3082360 0.3153677 0.0134454 0.0202746 0.4639285 0.0066861 0.0482873 0.0519336 0.3304801 0.1334954 0.3788070 0.3100909 0.3082748 0.3419917 
n274_275   0.0168197 0.3152411 0.3041023 0.3139401 0.4539346 0.2843390 0.0134190 0.3193220 0.0000000 0.3088932 0.4507799 0.2963371 0.0134190 0.0448513 0.3197622 0.3095952 0.4076311 0.3196311 0.2940438 0.3044044 0.2618892 0.2619746 0.2845919 0.0483900 0.0202527 0.2722561 
n289_290   0.3032327 0.0134999 0.0067047 0.0376510 0.4105010 0.3394173 0.2934186 0.0411891 0.3088932 0.0000000 0.4091258 0.0778248 0.2979779 0.3049613 0.0412390 0.0483739 0.4254397 0.0412198 0.0306985 0.0342375 0.3090824 0.1213262 0.3397197 0.2997580 0.2980159 0.3202380 
n255_256   0.4436099 0.4237301 0.4104193 0.4237268 0.0307612 0.4138977 0.4371243 0.4301419 0.4507799 0.4091258 0.0000000 0.4077830 0.4317357 0.4516291 0.4301545 0.4303351 0.3474181 0.4306134 0.4153335 0.4347694 0.3908834 0.4010742 0.4154153 0.4452124 0.4173650 0.4101502 
n236_237   0.2907492 0.0779881 0.0703918 0.0816285 0.4215520 0.3448129 0.2810184 0.0854292 0.2963371 0.0778248 0.4077830 0.0000000 0.2855496 0.2924045 0.0855356 0.0855715 0.4630670 0.0854960 0.0892287 0.0931672 0.3262422 0.1220771 0.3451198 0.2872528 0.2855869 0.3266935 
n299_300   0.0100281 0.3041949 0.2932561 0.3029458 0.4347295 0.2790405 0.0066673 0.3082360 0.0134190 0.2979779 0.4317357 0.2855496 0.0000000 0.0447569 0.3086582 0.2986503 0.3902415 0.3085309 0.2833531 0.2935442 0.2568026 0.2517013 0.2792885 0.0482890 0.0134162 0.2670832 
n278_279   0.0483362 0.3112870 0.3001774 0.3099986 0.4403663 0.2845781 0.0447569 0.3153677 0.0448513 0.3049613 0.4516291 0.2924045 0.0447569 0.0000000 0.3055269 0.2955058 0.4085382 0.3156739 0.2901377 0.3004765 0.2567091 0.2622477 0.2848314 0.0033293 0.0448153 0.2669880 
n297_298   0.3139981 0.0413244 0.0341993 0.0100566 0.4316335 0.3790165 0.3040421 0.0134454 0.3197622 0.0412390 0.4301545 0.0855356 0.3086582 0.3055269 0.0000000 0.0066886 0.4441028 0.0134552 0.0483460 0.0519980 0.3309438 0.1336659 0.3793530 0.3003110 0.3086971 0.3424745 
n298_299   0.3039189 0.0484746 0.0412608 0.0168492 0.4318150 0.3678543 0.2940800 0.0202746 0.3095952 0.0483739 0.4303351 0.0855715 0.2986503 0.2955058 0.0066886 0.0000000 0.4442888 0.0202895 0.0555566 0.0592562 0.3204993 0.1337226 0.3681815 0.2903565 0.2986884 0.3318645 
n244_245   0.4080729 0.4475286 0.4336540 0.4571933 0.3313452 0.4800893 0.4018779 0.4639285 0.4076311 0.4254397 0.3474181 0.4630670 0.3902415 0.4085382 0.4441028 0.4442888 0.0000000 0.4644548 0.4326204 0.4526912 0.4585924 0.4288552 0.4805181 0.4024676 0.4025505 0.4800068 
n293_294   0.3138690 0.0413039 0.0341833 0.0033340 0.4320955 0.3788651 0.3039162 0.0066861 0.3196311 0.0412198 0.4306134 0.0854960 0.3085309 0.3156739 0.0134552 0.0202895 0.4644548 0.0000000 0.0483235 0.0519737 0.3308075 0.1336049 0.3792015 0.3103895 0.3085698 0.3423344 
n296_297   0.2885073 0.0307609 0.0237621 0.0447117 0.4108911 0.3443956 0.2788576 0.0482873 0.2940438 0.0306985 0.4153335 0.0892287 0.2833531 0.2901377 0.0483460 0.0555566 0.4326204 0.0483235 0.0000000 0.0100873 0.3088229 0.1289767 0.3447020 0.2850306 0.2892164 0.3199673 
n295_296   0.2987747 0.0343084 0.0272581 0.0483341 0.4302641 0.3383748 0.2889987 0.0519336 0.3044044 0.0342375 0.4347694 0.0931672 0.2935442 0.3004765 0.0519980 0.0592562 0.4526912 0.0519737 0.0100873 0.0000000 0.3031545 0.1332109 0.3386757 0.2952951 0.2995133 0.3141956 
n266_267   0.2662568 0.3098192 0.2986387 0.3249435 0.3990079 0.1613245 0.2612250 0.3304801 0.2618892 0.3090824 0.3908834 0.3262422 0.2568026 0.2567091 0.3309438 0.3204993 0.4585924 0.3308075 0.3088229 0.3031545 0.0000000 0.2883891 0.1611080 0.2518109 0.2616215 0.0135575 
n200_201   0.2566707 0.1215880 0.1133656 0.1293836 0.4213236 0.3162435 0.2517013 0.1334954 0.2619746 0.1213262 0.4010742 0.1220771 0.2517013 0.2622477 0.1336659 0.1337226 0.4288552 0.1336049 0.1289767 0.1332109 0.2883891 0.0000000 0.3165249 0.2617368 0.2520815 0.2992146 
n285_286   0.2890878 0.3405467 0.3287578 0.3728513 0.4239869 0.0067520 0.2838530 0.3788070 0.2845919 0.3397197 0.4154153 0.3451198 0.2792885 0.2848314 0.3793530 0.3681815 0.4805181 0.3792015 0.3447020 0.3386757 0.1611080 0.3165249 0.0000000 0.2796959 0.2782023 0.1700244 
n277_278   0.0518852 0.3060259 0.2950034 0.3047615 0.4340297 0.2794471 0.0482890 0.3100909 0.0483900 0.2997580 0.4452124 0.2872528 0.0482890 0.0033293 0.3003110 0.2903565 0.4024676 0.3103895 0.2850306 0.2952951 0.2518109 0.2617368 0.2796959 0.0000000 0.0483521 0.2620147 
n280_281   0.0168162 0.3042335 0.2932937 0.3029842 0.4270142 0.2779559 0.0134162 0.3082748 0.0202527 0.2980159 0.4173650 0.2855869 0.0134162 0.0448153 0.3086971 0.2986884 0.4025505 0.3085698 0.2892164 0.2995133 0.2616215 0.2520815 0.2782023 0.0483521 0.0000000 0.2719745 
n265_266   0.2766718 0.3210060 0.3096253 0.3363595 0.4185722 0.1702545 0.2715603 0.3419917 0.2722561 0.3202380 0.4101502 0.3266935 0.2670832 0.2669880 0.3424745 0.3318645 0.4800068 0.3423344 0.3199673 0.3141956 0.0135575 0.2992146 0.1700244 0.2620147 0.2719745 0.0000000 
