22
n287_288   0.0000000 0.0033408 0.0937049 0.3203781 0.3111515 0.3007589 0.2823053 0.2819019 0.0308100 0.2923681 0.2822152 0.0169290 0.0414866 0.0273018 0.0238126 0.3116141 0.4668859 0.3123931 0.4094856 0.1296820 0.3148544 0.4144416 
n290_291   0.0033408 0.0000000 0.0975885 0.3150678 0.3113375 0.3009380 0.2824707 0.2820668 0.0343249 0.2925401 0.2823804 0.0203682 0.0450655 0.0307973 0.0272866 0.3118007 0.4672878 0.3125807 0.4156844 0.1297521 0.3202681 0.4147892 
n236_237   0.0937049 0.0975885 0.0000000 0.3388627 0.3226596 0.3120897 0.3155333 0.3150647 0.0899213 0.3261078 0.3154262 0.0899805 0.0939961 0.0784023 0.0821735 0.3231432 0.5041346 0.3239637 0.4233183 0.1343130 0.3331618 0.4550828 
n278_279   0.3203781 0.3150678 0.3388627 0.0000000 0.2953670 0.2741338 0.0486040 0.0522575 0.3148580 0.0595626 0.0559168 0.3204726 0.3318114 0.3263146 0.3206261 0.2958032 0.4433633 0.2737644 0.4314410 0.3555825 0.0203167 0.4099065 
n285_286   0.3111515 0.3113375 0.3226596 0.2953670 0.0000000 0.1303832 0.2483939 0.2480497 0.2900569 0.2384482 0.2531007 0.3005689 0.3116036 0.3062437 0.3007067 0.0067087 0.4236182 0.1433493 0.3986190 0.3180485 0.2847348 0.3861738 
n265_266   0.3007589 0.3009380 0.3120897 0.2741338 0.1303832 0.0000000 0.2333705 0.2433032 0.2799486 0.2434240 0.2483206 0.2849786 0.3011949 0.2959074 0.2904503 0.1305577 0.4184855 0.0274317 0.4138483 0.3069628 0.2638409 0.3939848 
n280_281   0.2823053 0.2824707 0.3155333 0.0486040 0.2483939 0.2333705 0.0000000 0.0067118 0.2722056 0.0134955 0.0100976 0.2823899 0.2930573 0.2878665 0.2825132 0.2487501 0.4158473 0.2381472 0.4104271 0.3201658 0.0414195 0.3838255 
n299_300   0.2819019 0.2820668 0.3150647 0.0522575 0.2480497 0.2433032 0.0067118 0.0000000 0.2718205 0.0134810 0.0100868 0.2819863 0.2926334 0.2874523 0.2821091 0.2484049 0.4151595 0.2481529 0.4097514 0.3144793 0.0450266 0.3832132 
n293_294   0.0308100 0.0343249 0.0899213 0.3148580 0.2900569 0.2799486 0.2722056 0.2718205 0.0000000 0.2821335 0.2721201 0.0273547 0.0169030 0.0203499 0.0134944 0.2904834 0.4470460 0.2911916 0.3962667 0.1214145 0.3093799 0.4018757 
n274_275   0.2923681 0.2925401 0.3261078 0.0595626 0.2384482 0.2434240 0.0134955 0.0134810 0.2821335 0.0000000 0.0169018 0.2924552 0.3032794 0.2980176 0.2925859 0.2387881 0.4146658 0.2482769 0.4028134 0.3307811 0.0522471 0.3827582 
n292_293   0.2822152 0.2823804 0.3154262 0.0559168 0.2531007 0.2483206 0.0100976 0.0100868 0.2721201 0.0169018 0.0000000 0.2822997 0.2929619 0.2877736 0.2824228 0.2534643 0.4216705 0.2532077 0.4102635 0.3200566 0.0486416 0.3894075 
n296_297   0.0169290 0.0203682 0.0899805 0.3204726 0.3005689 0.2849786 0.2823899 0.2819863 0.0273547 0.2924552 0.2822997 0.0000000 0.0379840 0.0238622 0.0203872 0.3010133 0.4669116 0.2963102 0.4155113 0.1257960 0.3149475 0.4204923 
n294_295   0.0414866 0.0450655 0.0939961 0.3318114 0.3116036 0.3011949 0.2930573 0.2926334 0.0169030 0.3032794 0.2929619 0.0379840 0.0000000 0.0308239 0.0238439 0.3120675 0.4676226 0.3128488 0.4022760 0.1338931 0.3261887 0.4211081 
n275_276   0.0273018 0.0307973 0.0784023 0.3263146 0.3062437 0.2959074 0.2878665 0.2874523 0.0203499 0.2980176 0.2877736 0.0238622 0.0308239 0.0000000 0.0134827 0.3066984 0.4742838 0.3074614 0.4150831 0.1174536 0.3207363 0.4273403 
n297_298   0.0238126 0.0272866 0.0821735 0.3206261 0.3007067 0.2904503 0.2825132 0.2821091 0.0134944 0.2925859 0.2824228 0.0203872 0.0238439 0.0134827 0.0000000 0.3011516 0.4530622 0.3018956 0.4026590 0.1174972 0.3150964 0.4075418 
n286_287   0.3116141 0.3118007 0.3231432 0.2958032 0.0067087 0.1305577 0.2487501 0.2484049 0.2904834 0.2387881 0.2534643 0.3010133 0.3120675 0.3066984 0.3011516 0.0000000 0.4369186 0.1435431 0.3992427 0.3294216 0.2851527 0.3987543 
n255_256   0.4668859 0.4672878 0.5041346 0.4433633 0.4236182 0.4184855 0.4158473 0.4151595 0.4470460 0.4146658 0.4216705 0.4669116 0.4676226 0.4742838 0.4530622 0.4369186 0.0000000 0.4189515 0.4177127 0.4414827 0.4361002 0.0556359 
n266_267   0.3123931 0.3125807 0.3239637 0.2737644 0.1433493 0.0274317 0.2381472 0.2481529 0.2911916 0.2482769 0.2532077 0.2963102 0.3128488 0.3074614 0.3018956 0.1435431 0.4189515 0.0000000 0.4080839 0.3299086 0.2688507 0.3944172 
n244_245   0.4094856 0.4156844 0.4233183 0.4314410 0.3986190 0.4138483 0.4104271 0.4097514 0.3962667 0.4028134 0.4102635 0.4155113 0.4022760 0.4150831 0.4026590 0.3992427 0.4177127 0.4080839 0.0000000 0.4226266 0.4252466 0.3555794 
n200_201   0.1296820 0.1297521 0.1343130 0.3555825 0.3180485 0.3069628 0.3201658 0.3144793 0.1214145 0.3307811 0.3200566 0.1257960 0.1338931 0.1174536 0.1174972 0.3294216 0.4414827 0.3299086 0.4226266 0.0000000 0.3552353 0.3958810 
n277_278   0.3148544 0.3202681 0.3331618 0.0203167 0.2847348 0.2638409 0.0414195 0.0450266 0.3093799 0.0522471 0.0486416 0.3149475 0.3261887 0.3207363 0.3150964 0.2851527 0.4361002 0.2688507 0.4252466 0.3552353 0.0000000 0.4097362 
n251_252   0.4144416 0.4147892 0.4550828 0.4099065 0.3861738 0.3939848 0.3838255 0.3832132 0.4018757 0.3827582 0.3894075 0.4204923 0.4211081 0.4273403 0.4075418 0.3987543 0.0556359 0.3944172 0.3555794 0.3958810 0.4097362 0.0000000 
