25
n292_293   0.0000000 0.2406145 0.2360788 0.2261639 0.3226684 0.2450739 0.0033466 0.2214283 0.0134688 0.2405498 0.3605532 0.2849256 0.0518982 0.2264849 0.2219028 0.3665756 0.2214541 0.2411155 0.2363244 0.2325306 0.2749964 0.2261629 0.0592212 0.0237929 0.2277071 
n287_288   0.2406145 0.0000000 0.0067008 0.0555414 0.3435862 0.3203515 0.2409323 0.0590983 0.2496436 0.0100673 0.3839307 0.1161724 0.2592553 0.0591744 0.0555502 0.3667195 0.0519091 0.0448087 0.0412411 0.2956754 0.1819768 0.3048294 0.2695042 0.2551266 0.3005339 
n290_291   0.2360788 0.0067008 0.0000000 0.0483629 0.3433611 0.3153227 0.2363899 0.0518917 0.2450618 0.0033408 0.3836716 0.1083463 0.2546174 0.0519573 0.0483704 0.3664751 0.0447705 0.0377332 0.0342033 0.2960802 0.1734253 0.2998983 0.2647965 0.2505014 0.2956201 
n294_295   0.2261639 0.0555414 0.0483629 0.0000000 0.3388251 0.2993717 0.2264596 0.0237492 0.2397736 0.0519091 0.3610828 0.0928657 0.2446558 0.0237787 0.0203316 0.3461552 0.0033440 0.0519888 0.0483791 0.2855843 0.1562698 0.2842931 0.2546613 0.2451502 0.2800601 
n251_252   0.3226684 0.3435862 0.3433611 0.3388251 0.0000000 0.3556564 0.3231126 0.3388186 0.3223006 0.3484273 0.0552860 0.3830793 0.3328375 0.3283453 0.3333302 0.3180175 0.3332884 0.3447837 0.3447470 0.3640253 0.3609086 0.3449587 0.3337918 0.3285145 0.3585136 
n286_287   0.2450739 0.3203515 0.3153227 0.2993717 0.3556564 0.0000000 0.2453981 0.2993125 0.2448171 0.3202599 0.3831296 0.3265304 0.2450733 0.3048294 0.2997167 0.3736902 0.2990790 0.3104928 0.3051926 0.1691243 0.3423971 0.0202937 0.2550993 0.2405723 0.1647650 
n300_301   0.0033466 0.2409323 0.2363899 0.2264596 0.3231126 0.2453981 0.0000000 0.2217168 0.0168882 0.2408674 0.3610614 0.2853125 0.0555368 0.2267814 0.2221926 0.3670945 0.2217427 0.2414345 0.2366361 0.2328376 0.2753676 0.2264586 0.0629096 0.0272772 0.2280067 
n275_276   0.2214283 0.0590983 0.0518917 0.0237492 0.3388186 0.2993125 0.2217168 0.0000000 0.2349445 0.0554494 0.3610753 0.0965850 0.2397894 0.0272132 0.0237527 0.3460366 0.0202954 0.0555336 0.0519091 0.2806292 0.1605846 0.2842371 0.2497120 0.2402701 0.2751487 
n274_275   0.0134688 0.2496436 0.2450618 0.2397736 0.3223006 0.2448171 0.0168882 0.2349445 0.0000000 0.2495761 0.3601233 0.2893109 0.0518548 0.2401165 0.2354523 0.3661352 0.2349726 0.2501649 0.2453175 0.2322892 0.2844378 0.2259312 0.0591709 0.0237736 0.2274721 
n289_290   0.2405498 0.0100673 0.0033408 0.0519091 0.3484273 0.3202599 0.2408674 0.0554494 0.2495761 0.0000000 0.3890168 0.1083145 0.2498562 0.0555197 0.0519173 0.3717003 0.0482993 0.0412354 0.0376890 0.3009179 0.1775620 0.3047432 0.2599596 0.2550571 0.3004489 
n255_256   0.3605532 0.3839307 0.3836716 0.3610828 0.0552860 0.3831296 0.3610614 0.3610753 0.3601233 0.3890168 0.0000000 0.4241239 0.3712275 0.3560081 0.3611758 0.3561151 0.3553591 0.3734750 0.3734338 0.3913228 0.3844025 0.3720473 0.3723274 0.3493478 0.3856185 
n236_237   0.2849256 0.1161724 0.1083463 0.0928657 0.3830793 0.3265304 0.2853125 0.0965850 0.2893109 0.1083145 0.4241239 0.0000000 0.2844535 0.0967120 0.0928819 0.3912579 0.0890067 0.1085534 0.1046077 0.3119536 0.2130563 0.3108426 0.2951403 0.3004448 0.3008905 
n278_279   0.0518982 0.2592553 0.2546174 0.2446558 0.3328375 0.2450733 0.0555368 0.2397894 0.0518548 0.2498562 0.3712275 0.2844535 0.0000000 0.2450069 0.2403095 0.3650761 0.2398182 0.2546391 0.2497662 0.2279232 0.2896650 0.2261685 0.0134869 0.0628374 0.2231336 
n297_298   0.2264849 0.0591744 0.0519573 0.0237787 0.3283453 0.3048294 0.2267814 0.0272132 0.2401165 0.0555197 0.3560081 0.0967120 0.2450069 0.0000000 0.0033436 0.3565433 0.0203206 0.0556053 0.0519758 0.2860075 0.1648238 0.2896265 0.2550297 0.2455028 0.2804731 
n298_299   0.2219028 0.0555502 0.0483704 0.0203316 0.3333302 0.2997167 0.2221926 0.0237527 0.2354523 0.0519173 0.3611758 0.0928819 0.2403095 0.0033436 0.0000000 0.3510810 0.0168923 0.0519971 0.0483867 0.2810057 0.1606174 0.2846178 0.2502584 0.2407925 0.2755162 
n244_245   0.3665756 0.3667195 0.3664751 0.3461552 0.3180175 0.3736902 0.3670945 0.3460366 0.3661352 0.3717003 0.3561151 0.3912579 0.3650761 0.3565433 0.3510810 0.0000000 0.3405385 0.3729844 0.3672254 0.3918909 0.3784683 0.3616379 0.3545829 0.3728556 0.3982477 
n293_294   0.2214541 0.0519091 0.0447705 0.0033440 0.3332884 0.2990790 0.2217427 0.0202954 0.2349726 0.0482993 0.3553591 0.0890067 0.2398182 0.0203206 0.0168923 0.3405385 0.0000000 0.0483723 0.0447855 0.2804125 0.1520283 0.2840178 0.2497427 0.2402991 0.2749375 
n296_297   0.2411155 0.0448087 0.0377332 0.0519888 0.3447837 0.3104928 0.2414345 0.0555336 0.2501649 0.0412354 0.3734750 0.1085534 0.2546391 0.0556053 0.0519971 0.3729844 0.0483723 0.0000000 0.0033466 0.3012646 0.1736153 0.2951553 0.2648188 0.2556620 0.2955901 
n295_296   0.2363244 0.0412411 0.0342033 0.0483791 0.3447470 0.3051926 0.2366361 0.0519091 0.2453175 0.0376890 0.3734338 0.1046077 0.2497662 0.0519758 0.0483867 0.3672254 0.0447855 0.0033466 0.0000000 0.2960201 0.1692785 0.2899694 0.2598646 0.2507642 0.2903957 
n266_267   0.2325306 0.2956754 0.2960802 0.2855843 0.3640253 0.1691243 0.2328376 0.2806292 0.2322892 0.3009179 0.3913228 0.3119536 0.2279232 0.2860075 0.2810057 0.3918909 0.2804125 0.3012646 0.2960201 0.0000000 0.3103005 0.1608087 0.2377334 0.2280764 0.0237993 
n200_201   0.2749964 0.1819768 0.1734253 0.1562698 0.3609086 0.3423971 0.2753676 0.1605846 0.2844378 0.1775620 0.3844025 0.2130563 0.2896650 0.1648238 0.1606174 0.3784683 0.1520283 0.1736153 0.1692785 0.3103005 0.0000000 0.3270478 0.3004442 0.2803707 0.3101579 
n285_286   0.2261629 0.3048294 0.2998983 0.2842931 0.3449587 0.0202937 0.2264586 0.2842371 0.2259312 0.3047432 0.3720473 0.3108426 0.2261685 0.2896265 0.2846178 0.3616379 0.2840178 0.2951553 0.2899694 0.1608087 0.3270478 0.0000000 0.2358892 0.2217711 0.1565019 
n277_278   0.0592212 0.2695042 0.2647965 0.2546613 0.3337918 0.2550993 0.0629096 0.2497120 0.0591709 0.2599596 0.3723274 0.2951403 0.0134869 0.2550297 0.2502584 0.3545829 0.2497427 0.2648188 0.2598646 0.2377334 0.3004442 0.2358892 0.0000000 0.0703034 0.2328637 
n280_281   0.0237929 0.2551266 0.2505014 0.2451502 0.3285145 0.2405723 0.0272772 0.2402701 0.0237736 0.2550571 0.3493478 0.3004448 0.0628374 0.2455028 0.2407925 0.3728556 0.2402991 0.2556620 0.2507642 0.2280764 0.2803707 0.2217711 0.0703034 0.0000000 0.2232823 
n265_266   0.2277071 0.3005339 0.2956201 0.2800601 0.3585136 0.1647650 0.2280067 0.2751487 0.2274721 0.3004489 0.3856185 0.3008905 0.2231336 0.2804731 0.2755162 0.3982477 0.2749375 0.2955901 0.2903957 0.0237993 0.3101579 0.1565019 0.2328637 0.2232823 0.0000000 
