26
n299_300   0.0000000 0.0273378 1.7138785 6.4882236 2.7282110 0.4206844 2.2571635 2.1590658 0.1253428 1.7103704 1.5136160 1.9235818 0.0272997 0.3737674 1.7561610 1.8319849 1.7957173 1.7364969 1.5913636 3.2782497 1.9959627 1.5778537 1.6297989 1.6676454 0.1011906 2.0537157 
n300_301   0.0273378 0.0000000 1.8075856 5.5034983 2.4812279 0.3959085 2.4290804 2.3104034 0.1291988 1.7768285 1.5884163 1.9975751 0.0237882 0.3563289 1.8540832 1.9390918 1.8002605 1.7405853 1.6728749 2.9233404 2.0780974 1.6588175 1.5520713 1.6417761 0.0933713 2.1409644 
n290_291   1.7138785 1.8075856 0.0000000 3.2009301 7.0020990 1.9711479 1.2916614 0.6269782 1.9173709 0.0592372 0.1448780 0.2982639 1.8807883 2.1425019 0.2667094 0.2765834 2.4420156 2.1527388 0.0592305 5.9827678 0.2882009 0.1364334 2.1720077 2.1231027 1.7794506 0.2782505 
n244_245   6.4882236 5.5034983 3.2009301 0.0000000 2.4475175 2.9258854 2.7224561 3.0750737 4.5834006 2.7332945 2.8626464 3.9243985 9.0000000 2.4831133 3.0215049 2.9175455 5.6017789 4.6733305 3.2658226 2.9225553 3.9251216 2.8604831 2.6206202 2.8115766 9.0000000 3.3427205 
n255_256   2.7282110 2.4812279 7.0020990 2.4475175 0.0000000 2.5517984 3.8961732 9.0000000 3.2471864 9.0000000 3.7021346 3.0482065 3.0077175 2.4422500 3.9427089 8.9999981 2.7535375 2.7074600 6.5091119 0.4185324 2.9887440 3.5765332 3.6328186 7.5445881 2.8750528 3.2477379 
n277_278   0.4206844 0.3959085 1.9711479 2.9258854 2.5517984 0.0000000 2.8539821 2.5822148 0.4590579 1.8356814 1.8429338 2.0417631 0.4008345 0.1378440 1.9323605 2.0596258 2.2092370 2.2269854 1.9249689 2.3825265 2.1796875 1.9035655 2.0525490 2.1452004 0.4376512 2.3578709 
n200_201   2.2571635 2.4290804 1.2916614 2.7224561 3.8961732 2.8539821 0.0000000 1.1047695 2.2753213 1.2716505 1.2603804 1.0740978 2.5233782 4.2252719 1.1734123 1.1871156 2.4902903 2.4839080 1.2904789 3.3087453 1.1137582 1.3373748 2.1369517 2.1094475 2.3652895 1.0840760 
n236_237   2.1590658 2.3104034 0.6269782 3.0750737 9.0000000 2.5822148 1.1047695 0.0000000 2.4204311 0.6430794 0.6496622 0.6788816 2.2204093 2.7011457 0.6455854 0.6719240 2.3270442 2.1140160 0.6285498 9.0000000 0.6560707 0.6493707 2.1114801 2.7231434 2.4421230 0.6548633 
n274_275   0.1253428 0.1291988 1.9173709 4.5834006 3.2471864 0.4590579 2.2753213 2.4204311 0.0000000 1.9118470 1.6980730 2.2320267 0.1330222 0.4217050 2.0129051 2.0253477 1.9807837 1.9495982 1.7295210 3.1565708 2.4251147 1.7691763 1.7428828 1.7386323 0.1455378 2.5160562 
n289_290   1.7103704 1.7768285 0.0592372 2.7332945 9.0000000 1.8356814 1.2716505 0.6430794 1.9118470 0.0000000 0.1408569 0.3029783 1.8756933 2.1062234 0.2620740 0.2718912 2.6504180 2.3271693 0.0520450 9.0000000 0.2829609 0.1324619 2.0177235 1.9281663 1.7763851 0.2730860 
n296_297   1.5136160 1.5884163 0.1448780 2.8626464 3.7021346 1.8429338 1.2603804 0.6496622 1.6980730 0.1408569 0.0000000 0.3188044 1.6687322 1.8875877 0.2720592 0.2768498 2.1539083 2.0248462 0.1408531 4.9419552 0.2830038 0.0271722 2.0199010 1.9438326 1.6153498 0.2731231 
n275_276   1.9235818 1.9975751 0.2982639 3.9243985 3.0482065 2.0417631 1.0740978 0.6788816 2.2320267 0.3029783 0.3188044 0.0000000 2.0538680 2.5169432 0.1407033 0.1447250 2.4890424 2.2975100 0.2976278 4.1018256 0.1289499 0.3027187 2.1027966 2.1276877 2.1072675 0.1166097 
n292_293   0.0272997 0.0237882 1.8807883 9.0000000 3.0077175 0.4008345 2.5233782 2.2204093 0.1330222 1.8756933 1.6687322 2.0538680 0.0000000 0.3552340 1.9011163 1.9915296 1.7688291 1.6764791 1.7354950 3.1769376 2.1880474 1.7463421 1.5992175 1.6356583 0.1048567 2.2591264 
n278_279   0.3737674 0.3563289 2.1425019 2.4831133 2.4422500 0.1378440 4.2252719 2.7011457 0.4217050 2.1062234 1.8875877 2.5169432 0.3552340 0.0000000 2.1513553 2.3132920 1.9010979 1.9420079 2.0736623 2.7209863 2.5610701 1.9527683 1.7010854 1.7966266 0.4151062 2.6946125 
n298_299   1.7561610 1.8540832 0.2667094 3.0215049 3.9427089 1.9323605 1.1734123 0.6455854 2.0129051 0.2620740 0.2720592 0.1407033 1.9011163 2.1513553 0.0000000 0.0307114 2.4258413 2.2245039 0.2518227 5.0612529 0.1130515 0.2570532 2.0660302 2.2246533 1.9499370 0.1089338 
n297_298   1.8319849 1.9390918 0.2765834 2.9175455 8.9999981 2.0596258 1.1871156 0.6719240 2.0253477 0.2718912 0.2768498 0.1447250 1.9915296 2.3132920 0.0307114 0.0000000 2.5258100 2.3258417 0.2520185 8.1241430 0.1208955 0.2668003 2.2149698 2.4865666 2.0113454 0.1167240 
n286_287   1.7957173 1.8002605 2.4420156 5.6017789 2.7535375 2.2092370 2.4902903 2.3270442 1.9807837 2.6504180 2.1539083 2.4890424 1.7688291 1.9010979 2.4258413 2.5258100 0.0000000 0.0741888 2.4269801 4.2330158 2.4128149 2.4282320 0.9170708 0.9804594 1.8779125 2.4728907 
n285_286   1.7364969 1.7405853 2.1527388 4.6733305 2.7074600 2.2269854 2.4839080 2.1140160 1.9495982 2.3271693 2.0248462 2.2975100 1.6764791 1.9420079 2.2245039 2.3258417 0.0741888 0.0000000 2.2527726 8.9999988 2.2909090 2.2480486 0.9529199 1.0087281 1.8590504 2.3435195 
n287_288   1.5913636 1.6728749 0.0592305 3.2658226 6.5091119 1.9249689 1.2904789 0.6285498 1.7295210 0.0520450 0.1408531 0.2976278 1.7354950 2.0736623 0.2518227 0.2520185 2.4269801 2.2527726 0.0000000 4.4426350 0.2625924 0.1324570 1.9844491 2.0161447 1.6863021 0.2529947 
n251_252   3.2782497 2.9233404 5.9827678 2.9225553 0.4185324 2.3825265 3.3087453 9.0000000 3.1565708 9.0000000 4.9419552 4.1018256 3.1769376 2.7209863 5.0612529 8.1241430 4.2330158 8.9999988 4.4426350 0.0000000 4.1222407 3.9957490 3.3058306 3.5968715 2.9474417 4.7096956 
n294_295   1.9959627 2.0780974 0.2882009 3.9251216 2.9887440 2.1796875 1.1137582 0.6560707 2.4251147 0.2829609 0.2830038 0.1289499 2.1880474 2.5610701 0.1130515 0.1208955 2.4128149 2.2909090 0.2625924 4.1222407 0.0000000 0.2677119 1.7924440 2.0092351 2.1460860 0.0237932 
n295_296   1.5778537 1.6588175 0.1364334 2.8604831 3.5765332 1.9035655 1.3373748 0.6493707 1.7691763 0.1324619 0.0271722 0.3027187 1.7463421 1.9527683 0.2570532 0.2668003 2.4282320 2.2480486 0.1324570 3.9957490 0.2677119 0.0000000 2.1178891 1.9465618 1.7133911 0.2580400 
n266_267   1.6297989 1.5520713 2.1720077 2.6206202 3.6328186 2.0525490 2.1369517 2.1114801 1.7428828 2.0177235 2.0199010 2.1027966 1.5992175 1.7010854 2.0660302 2.2149698 0.9170708 0.9529199 1.9844491 3.3058306 1.7924440 2.1178891 0.0000000 0.1573925 1.6182097 1.7940718 
n265_266   1.6676454 1.6417761 2.1231027 2.8115766 7.5445881 2.1452004 2.1094475 2.7231434 1.7386323 1.9281663 1.9438326 2.1276877 1.6356583 1.7966266 2.2246533 2.4865666 0.9804594 1.0087281 2.0161447 3.5968715 2.0092351 1.9465618 0.1573925 0.0000000 1.6406066 1.9714317 
n280_281   0.1011906 0.0933713 1.7794506 9.0000000 2.8750528 0.4376512 2.3652895 2.4421230 0.1455378 1.7763851 1.6153498 2.1072675 0.1048567 0.4151062 1.9499370 2.0113454 1.8779125 1.8590504 1.6863021 2.9474417 2.1460860 1.7133911 1.6182097 1.6406066 0.0000000 2.2606229 
n293_294   2.0537157 2.1409644 0.2782505 3.3427205 3.2477379 2.3578709 1.0840760 0.6548633 2.5160562 0.2730860 0.2731231 0.1166097 2.2591264 2.6946125 0.1089338 0.1167240 2.4728907 2.3435195 0.2529947 4.7096956 0.0237932 0.2580400 1.7940718 1.9714317 2.2606229 0.0000000 
