24
n290_287   0.0000000 0.2912391 0.0168673 0.2954945 0.0376612 0.0341485 0.1078746 0.3213672 0.3056608 0.0134704 0.0203027 0.0376329 0.0341639 0.3005663 0.0341742 0.4118918 0.4055184 0.2714936 0.2963659 0.3871218 0.3008191 0.2761651 0.2625414 0.2528219 
n277_274   0.2912391 0.0000000 0.2761865 0.0551886 0.2764299 0.2715183 0.2435450 0.0734199 0.0624144 0.2715499 0.2619625 0.2666620 0.2666409 0.0624144 0.2717546 0.3765815 0.3702643 0.2201065 0.0100585 0.3746059 0.0588361 0.2244851 0.1941931 0.1941240 
n289_286   0.0168673 0.2761865 0.0000000 0.2803806 0.0341367 0.0306435 0.0962459 0.3056708 0.2903248 0.0033408 0.0100712 0.0341110 0.0306573 0.2853417 0.0306665 0.4114474 0.4050859 0.2568568 0.2811980 0.3698809 0.2855793 0.2614390 0.2528661 0.2432852 
n274_271   0.2954945 0.0551886 0.2803806 0.0000000 0.2806281 0.2756972 0.2523653 0.0202158 0.0100296 0.2757294 0.2661069 0.2708224 0.2708009 0.0100296 0.2759374 0.4036476 0.3913203 0.2241685 0.0588041 0.3793096 0.0066746 0.2285616 0.2112767 0.2112020 
n297_294   0.0376612 0.2764299 0.0341367 0.2806281 0.0000000 0.0100753 0.0963206 0.3059468 0.2905833 0.0306686 0.0237406 0.0134578 0.0100797 0.2855946 0.0033441 0.3939436 0.3877487 0.2619824 0.2814470 0.3644474 0.2858327 0.2665996 0.2579705 0.2483085 
n293_290   0.0341485 0.2715183 0.0306435 0.2756972 0.0100753 0.0000000 0.0924967 0.3008320 0.2855822 0.0271907 0.0202970 0.0033418 0.0067028 0.2806287 0.0067049 0.3881423 0.3765278 0.2571673 0.2764988 0.3642321 0.2808620 0.2617560 0.2531715 0.2435768 
n236_233   0.1078746 0.2435450 0.0962459 0.2523653 0.0963206 0.0924967 0.0000000 0.2767094 0.2619487 0.0925047 0.0849574 0.0962452 0.0925416 0.2571463 0.0925690 0.3608141 0.3549181 0.2343106 0.2483350 0.3430416 0.2573576 0.2387779 0.2303792 0.2210744 
n280_277   0.3213672 0.0734199 0.3056708 0.0202158 0.3059468 0.3008320 0.2767094 0.0000000 0.0236450 0.3008681 0.2909024 0.2957786 0.2957543 0.0236450 0.3010987 0.4219328 0.4092472 0.2380582 0.0771386 0.3969457 0.0202308 0.2425313 0.2297708 0.2341422 
n300_297   0.3056608 0.0624144 0.2903248 0.0100296 0.2905833 0.2855822 0.2619487 0.0236450 0.0000000 0.2856160 0.2758625 0.2806393 0.2806167 0.0066750 0.2858327 0.4040459 0.3917028 0.2333631 0.0660700 0.3907106 0.0033317 0.2378082 0.2159723 0.2158959 
n287_284   0.0134704 0.2715499 0.0033408 0.2757294 0.0306686 0.0271907 0.0925047 0.3008681 0.2856160 0.0000000 0.0067026 0.0306456 0.0272028 0.2806617 0.0272110 0.4059589 0.3996452 0.2523282 0.2765312 0.3646801 0.2808950 0.2568877 0.2483492 0.2388232 
n296_293   0.0203027 0.2619625 0.0100712 0.2661069 0.0237406 0.0202970 0.0849574 0.2909024 0.2758625 0.0067026 0.0000000 0.0237229 0.0203060 0.2709738 0.0203121 0.3944394 0.3882333 0.2429867 0.2668757 0.3538107 0.2711979 0.2474937 0.2390365 0.2296350 
n294_291   0.0376329 0.2666620 0.0341110 0.2708224 0.0134578 0.0033418 0.0962452 0.2957786 0.2806393 0.0306456 0.0237229 0.0000000 0.0100722 0.2757199 0.0100753 0.3935711 0.3818736 0.2617560 0.2716071 0.3694815 0.2759484 0.2663687 0.2577477 0.2480954 
n275_272   0.0341639 0.2666409 0.0306573 0.2708009 0.0100797 0.0067028 0.0925416 0.2957543 0.2806167 0.0272028 0.0203060 0.0100722 0.0000000 0.2756979 0.0067078 0.3823883 0.3763030 0.2523853 0.2715855 0.3644785 0.2759264 0.2569458 0.2484054 0.2437186 
n292_289   0.3005663 0.0624144 0.2853417 0.0100296 0.2855946 0.2806287 0.2571463 0.0236450 0.0066750 0.2806617 0.2709738 0.2757199 0.2756979 0.0000000 0.2808740 0.4154715 0.4029232 0.2333631 0.0660700 0.3907106 0.0033317 0.2378082 0.2159723 0.2158959 
n298_295   0.0341742 0.2717546 0.0306665 0.2759374 0.0033441 0.0067049 0.0925690 0.3010987 0.2858327 0.0272110 0.0203121 0.0100753 0.0067078 0.2808740 0.0000000 0.3885084 0.3823611 0.2573892 0.2767404 0.3592259 0.2811077 0.2619824 0.2533899 0.2437855 
n255_252   0.4118918 0.3765815 0.4114474 0.4036476 0.3939436 0.3881423 0.3608141 0.4219328 0.4040459 0.4059589 0.3944394 0.3935711 0.3823883 0.4154715 0.3885084 0.0000000 0.0448017 0.3542482 0.3823916 0.2873022 0.4099124 0.3594397 0.3235705 0.3443988 
n251_248   0.4055184 0.3702643 0.4050859 0.3913203 0.3877487 0.3765278 0.3549181 0.4092472 0.3917028 0.3996452 0.3882333 0.3818736 0.3763030 0.4029232 0.3823611 0.0448017 0.0000000 0.3538608 0.3760127 0.3017917 0.3974608 0.3590457 0.3177575 0.3437562 
n285_282   0.2714936 0.2201065 0.2568568 0.2241685 0.2619824 0.2571673 0.2343106 0.2380582 0.2333631 0.2523282 0.2429867 0.2617560 0.2523853 0.2333631 0.2573892 0.3542482 0.3538608 0.0000000 0.2247272 0.3318067 0.2289402 0.0033408 0.1193351 0.1232377 
n278_275   0.2963659 0.0100585 0.2811980 0.0588041 0.2814470 0.2764988 0.2483350 0.0771386 0.0660700 0.2765312 0.2668757 0.2716071 0.2715855 0.0660700 0.2767404 0.3823916 0.3760127 0.2247272 0.0000000 0.3803758 0.0624743 0.2291328 0.1986550 0.1985843 
n244_241   0.3871218 0.3746059 0.3698809 0.3793096 0.3644474 0.3642321 0.3430416 0.3969457 0.3907106 0.3646801 0.3538107 0.3694815 0.3644785 0.3907106 0.3592259 0.2873022 0.3017917 0.3318067 0.3803758 0.0000000 0.3853360 0.3368432 0.3169311 0.3323538 
n299_296   0.3008191 0.0588361 0.2855793 0.0066746 0.2858327 0.2808620 0.2573576 0.0202308 0.0033317 0.2808950 0.2711979 0.2759484 0.2759264 0.0033317 0.2811077 0.4099124 0.3974608 0.2289402 0.0624743 0.3853360 0.0000000 0.2333631 0.2116321 0.2115571 
n286_283   0.2761651 0.2244851 0.2614390 0.2285616 0.2665996 0.2617560 0.2387779 0.2425313 0.2378082 0.2568877 0.2474937 0.2663687 0.2569458 0.2378082 0.2619824 0.3594397 0.3590457 0.0033408 0.2291328 0.3368432 0.2333631 0.0000000 0.1232022 0.1271226 
n265_262   0.2625414 0.1941931 0.2528661 0.2112767 0.2579705 0.2531715 0.2303792 0.2297708 0.2159723 0.2483492 0.2390365 0.2577477 0.2484054 0.2159723 0.2533899 0.3235705 0.3177575 0.1193351 0.1986550 0.3169311 0.2116321 0.1232022 0.0000000 0.0203375 
n266_263   0.2528219 0.1941240 0.2432852 0.2112020 0.2483085 0.2435768 0.2210744 0.2341422 0.2158959 0.2388232 0.2296350 0.2480954 0.2437186 0.2158959 0.2437855 0.3443988 0.3437562 0.1232377 0.1985843 0.3323538 0.2115571 0.1271226 0.0203375 0.0000000 
