26
n295_298   0.0000000 0.1377294 2.1346307 2.4892230 9.0000000 2.5117060 2.6749434 1.1435856 2.3857675 2.7761602 0.3236882 2.5117642 0.3064830 0.1250545 1.8803982 0.0414211 0.2901541 0.1456764 0.3008951 2.2971398 2.0340766 9.0000000 0.2859620 2.7328820 2.0429246 0.5240405 
n290_293   0.1377294 0.0000000 1.9254748 3.1153426 8.9999985 2.5298608 2.3222615 1.1331952 2.2527630 2.5400354 0.3717326 2.4634235 0.3821070 0.0559679 1.8558373 0.1674166 0.3574167 0.0596295 0.3634296 2.0903557 2.0108573 5.7667136 0.3592340 2.3657889 1.8985943 0.5541504 
n266_269   2.1346307 1.9254748 0.0000000 2.9991135 8.9999988 1.9096792 2.0855965 1.8791013 1.9834026 2.0417851 2.1533089 2.2846116 2.2637461 2.0934499 0.9998846 1.9349743 1.9525794 2.0627125 2.2482587 2.2514842 1.0280062 3.8730025 2.2347391 2.1218626 0.2448037 2.0422343 
n244_245   2.4892230 3.1153426 2.9991135 0.0000000 2.4950700 3.5955978 3.6972355 9.0000000 2.8774082 3.6312609 2.6780736 3.7764345 3.7338753 2.9798755 3.4623790 2.8896482 3.6072226 3.1572615 3.1796872 3.2106403 3.4008986 2.1302741 3.6453311 4.0996647 3.1363620 2.7766942 
n255_258   9.0000000 8.9999985 8.9999988 2.4950700 0.0000000 2.7222172 3.0510939 9.0000000 2.6562013 3.6086320 9.0000000 2.9235058 9.0000000 8.9999986 8.9999984 9.0000000 9.0000000 9.0000000 9.0000000 2.8393112 4.7522038 0.2856971 9.0000000 3.2383793 3.5003327 8.9999981 
n277_280   2.5117060 2.5298608 1.9096792 3.5955978 2.7222172 0.0000000 0.4658210 1.9236663 0.3756564 0.4395354 2.4561722 0.1163520 2.3821006 2.6143803 1.6107169 2.7036762 2.9302332 2.7335198 2.5611686 0.4166462 1.5630610 2.3695459 2.5780628 0.4794408 1.6794565 3.9931928 
n299_302   2.6749434 2.3222615 2.0855965 3.6972355 3.0510939 0.4658210 0.0000000 2.5884696 0.1501965 0.0630381 2.4774201 0.4775389 2.3930404 2.4799672 1.6727783 2.8317544 2.8415562 2.3673500 2.5563212 0.1370584 1.6570785 1.9966917 2.3546434 0.0168950 1.7502578 4.2992358 
n200_201   1.1435856 1.1331952 1.8791013 9.0000000 9.0000000 1.9236663 2.5884696 0.0000000 2.4391902 2.4873804 1.3755598 2.0546937 1.3620104 1.1762979 1.8310072 1.1888895 1.4496800 1.1557737 1.4298295 2.6980554 1.9329396 9.0000000 1.3874175 2.5187668 2.1077763 1.1987800 
n274_277   2.3857675 2.2527630 1.9834026 2.8774082 2.6562013 0.3756564 0.1501965 2.4391902 0.0000000 0.1333241 2.3365532 0.3903615 2.2411183 2.4830213 1.6806088 2.5795445 2.4757367 2.4021712 2.3134682 0.1132970 1.7287315 1.9471163 2.2538601 0.1546609 1.7423371 3.4616541 
n292_295   2.7761602 2.5400354 2.0417851 3.6312609 3.6086320 0.4395354 0.0630381 2.4873804 0.1333241 0.0000000 2.9028791 0.4513070 2.6534788 2.7372853 1.7583098 2.8673800 3.2647346 2.6340767 2.8596164 0.1124842 1.7413325 2.0737482 2.6736613 0.0667657 1.8826420 5.0875174 
n275_278   0.3236882 0.3717326 2.1533089 2.6780736 9.0000000 2.4561722 2.4774201 1.3755598 2.3365532 2.9028791 0.0000000 2.5258077 0.1627347 0.3584751 1.8042767 0.3634525 0.1588565 0.4067881 0.1633030 2.3452847 1.9226513 9.0000000 0.1713238 2.5271535 2.0835968 0.5534768 
n278_281   2.5117642 2.4634235 2.2846116 3.7764345 2.9235058 0.1163520 0.4775389 2.0546937 0.3903615 0.4513070 2.5258077 0.0000000 2.4771397 2.5204056 1.7845833 2.8937483 3.0667538 2.7242496 2.5290066 0.4201277 1.6649089 2.6034779 2.5649015 0.5045138 1.8518462 4.1787179 
n297_300   0.3064830 0.3821070 2.2637461 3.7338753 9.0000000 2.3821006 2.3930404 1.3620104 2.2411183 2.6534788 0.1627347 2.4771397 0.0000000 0.3625427 1.8680639 0.3451364 0.1461820 0.4105897 0.1460966 2.3125485 1.9954001 9.0000000 0.0414122 2.3917297 2.3455577 0.5622494 
n289_292   0.1250545 0.0559679 2.0934499 2.9798755 8.9999986 2.6143803 2.4799672 1.1762979 2.4830213 2.7372853 0.3584751 2.5204056 0.3625427 0.0000000 1.8284665 0.1624738 0.3503642 0.0631593 0.3501180 2.2163703 1.9793492 7.1833861 0.3403538 2.5294114 2.0483312 0.5534904 
n285_288   1.8803982 1.8558373 0.9998846 3.4623790 8.9999984 1.6107169 1.6727783 1.8310072 1.6806088 1.7583098 1.8042767 1.7845833 1.8680639 1.8284665 0.0000000 1.9619093 1.7373691 1.8298303 1.7726096 1.7429893 0.0591960 3.6969422 1.8563017 1.7072040 1.0500156 1.7978146 
n296_299   0.0414211 0.1674166 1.9349743 2.8896482 9.0000000 2.7036762 2.8317544 1.1888895 2.5795445 2.8673800 0.3634525 2.8937483 0.3451364 0.1624738 1.9619093 0.0000000 0.3278113 0.1843012 0.3391910 2.4637217 2.1755485 9.0000000 0.3234833 2.8980515 1.8596234 0.5482040 
n294_297   0.2901541 0.3574167 1.9525794 3.6072226 9.0000000 2.9302332 2.8415562 1.4496800 2.4757367 3.2647346 0.1588565 3.0667538 0.1461820 0.3503642 1.7373691 0.3278113 0.0000000 0.3856218 0.0523337 2.6503819 1.9340474 9.0000000 0.1588505 2.8388435 2.0260700 0.5562098 
n287_290   0.1456764 0.0596295 2.0627125 3.1572615 9.0000000 2.7335198 2.3673500 1.1557737 2.4021712 2.6340767 0.4067881 2.7242496 0.4105897 0.0631593 1.8298303 0.1843012 0.3856218 0.0000000 0.3797619 2.2424660 2.0544600 6.0712227 0.3869019 2.4666848 1.9092444 0.5782894 
n293_296   0.3008951 0.3634296 2.2482587 3.1796872 9.0000000 2.5611686 2.5563212 1.4298295 2.3134682 2.8596164 0.1633030 2.5290066 0.1460966 0.3501180 1.7726096 0.3391910 0.0523337 0.3797619 0.0000000 2.4602692 1.9058738 9.0000000 0.1587566 2.5545897 2.1218981 0.5870481 
n280_283   2.2971398 2.0903557 2.2514842 3.2106403 2.8393112 0.4166462 0.1370584 2.6980554 0.1132970 0.1124842 2.3452847 0.4201277 2.3125485 2.2163703 1.7429893 2.4637217 2.6503819 2.2424660 2.4602692 0.0000000 1.6967070 2.0809728 2.3263525 0.1412805 1.8879962 3.5438116 
n286_289   2.0340766 2.0108573 1.0280062 3.4008986 4.7522038 1.5630610 1.6570785 1.9329396 1.7287315 1.7413325 1.9226513 1.6649089 1.9954001 1.9793492 0.0591960 2.1755485 1.9340474 2.0544600 1.9058738 1.6967070 0.0000000 3.5715469 1.9828998 1.6664163 1.0947409 1.9106103 
n251_252   9.0000000 5.7667136 3.8730025 2.1302741 0.2856971 2.3695459 1.9966917 9.0000000 1.9471163 2.0737482 9.0000000 2.6034779 9.0000000 7.1833861 3.6969422 9.0000000 9.0000000 6.0712227 9.0000000 2.0809728 3.5715469 0.0000000 9.0000000 2.0054382 3.1603520 3.4576803 
n298_301   0.2859620 0.3592340 2.2347391 3.6453311 9.0000000 2.5780628 2.3546434 1.3874175 2.2538601 2.6736613 0.1713238 2.5649015 0.0414122 0.3403538 1.8563017 0.3234833 0.1588505 0.3869019 0.1587566 2.3263525 1.9828998 9.0000000 0.0000000 2.3534154 2.1620048 0.5635284 
n300_303   2.7328820 2.3657889 2.1218626 4.0996647 3.2383793 0.4794408 0.0168950 2.5187668 0.1546609 0.0667657 2.5271535 0.5045138 2.3917297 2.5294114 1.7072040 2.8980515 2.8388435 2.4666848 2.5545897 0.1412805 1.6664163 2.0054382 2.3534154 0.0000000 1.8444015 4.0354777 
n265_268   2.0429246 1.8985943 0.2448037 3.1363620 3.5003327 1.6794565 1.7502578 2.1077763 1.7423371 1.8826420 2.0835968 1.8518462 2.3455577 2.0483312 1.0500156 1.8596234 2.0260700 1.9092444 2.1218981 1.8879962 1.0947409 3.1603520 2.1620048 1.8444015 0.0000000 1.9585098 
n236_237   0.5240405 0.5541504 2.0422343 2.7766942 8.9999981 3.9931928 4.2992358 1.1987800 3.4616541 5.0875174 0.5534768 4.1787179 0.5622494 0.5534904 1.7978146 0.5482040 0.5562098 0.5782894 0.5870481 3.5438116 1.9106103 3.4576803 0.5635284 4.0354777 1.9585098 0.0000000 
