22
n287_288   0.0000000 0.0067089 0.0970415 0.3274557 0.2857603 0.2715116 0.3132203 0.3186150 0.0377268 0.3184484 0.0169180 0.0377307 0.0448632 0.0203612 0.2906012 0.4087295 0.2812739 0.3840519 0.3238060 0.1451921 0.3331463 0.3845066 
n290_291   0.0067089 0.0000000 0.0893325 0.3167229 0.2909281 0.2667483 0.3026604 0.3079732 0.0306994 0.3078102 0.0100966 0.0307026 0.0377520 0.0135015 0.2958017 0.3966780 0.2764533 0.3724364 0.3130913 0.1369053 0.3223187 0.3728634 
n236_237   0.0970415 0.0893325 0.0000000 0.3018550 0.2611238 0.2523095 0.2872395 0.2924310 0.0891311 0.2922737 0.0894426 0.0930420 0.1008478 0.1049490 0.2611997 0.3917151 0.2521924 0.3567991 0.2974405 0.1166949 0.3073295 0.3570729 
n278_279   0.3274557 0.3167229 0.3018550 0.0000000 0.2920054 0.2665327 0.0627876 0.0664760 0.3119233 0.0664354 0.3225529 0.3171633 0.3227637 0.3332162 0.2969071 0.4192911 0.2663414 0.4211416 0.0701428 0.3066642 0.0202703 0.4008928 
n285_286   0.2857603 0.2909281 0.2611238 0.2920054 0.0000000 0.1363766 0.2876685 0.2928765 0.2804981 0.2875462 0.2861119 0.2858143 0.2860965 0.3121802 0.0100705 0.4193539 0.1444746 0.4137969 0.2979019 0.2908531 0.2976617 0.3890917 
n265_266   0.2715116 0.2667483 0.2523095 0.2665327 0.1363766 0.0000000 0.2574757 0.2624536 0.2570636 0.2623080 0.2721253 0.2622084 0.2624630 0.2765721 0.1403858 0.4102646 0.0134855 0.4034536 0.2672735 0.2661139 0.2766274 0.4034058 
n280_281   0.3132203 0.3026604 0.2872395 0.0627876 0.2876685 0.2574757 0.0000000 0.0033422 0.2975913 0.0100673 0.3083793 0.3030801 0.3085799 0.3132383 0.2925521 0.3849904 0.2572902 0.3975374 0.0066994 0.2872622 0.0555462 0.3674214 
n299_300   0.3186150 0.3079732 0.2924310 0.0664760 0.2928765 0.2624536 0.0033422 0.0000000 0.3028674 0.0134627 0.3137431 0.3084015 0.3139479 0.3186340 0.2977924 0.3909689 0.2622647 0.4036231 0.0033425 0.2924589 0.0591960 0.3732493 
n293_294   0.0377268 0.0306994 0.0891311 0.3119233 0.2804981 0.2570636 0.2975913 0.3028674 0.0000000 0.3027061 0.0272220 0.0067011 0.0134810 0.0448750 0.2853046 0.4027062 0.2666442 0.3666517 0.3079529 0.1323613 0.3174841 0.3786791 
n274_275   0.3184484 0.3078102 0.2922737 0.0664354 0.2875462 0.2623080 0.0100673 0.0134627 0.3027061 0.0000000 0.3135779 0.3082381 0.3137825 0.3184674 0.2924281 0.3786281 0.2621192 0.4034368 0.0168665 0.2923014 0.0591588 0.3612315 
n296_297   0.0169180 0.0100966 0.0894426 0.3225529 0.2861119 0.2721253 0.3083793 0.3137431 0.0272220 0.3135779 0.0000000 0.0272249 0.0342359 0.0238347 0.2909598 0.4092956 0.2819148 0.3845665 0.3189070 0.1328375 0.3282071 0.3850231 
n275_276   0.0377307 0.0307026 0.0930420 0.3171633 0.2858143 0.2622084 0.3030801 0.3084015 0.0067011 0.3082381 0.0272249 0.0000000 0.0134825 0.0448795 0.2906555 0.4037359 0.2718632 0.3727176 0.3135274 0.1365656 0.3227684 0.3796335 
n297_298   0.0448632 0.0377520 0.1008478 0.3227637 0.2860965 0.2624630 0.3085799 0.3139479 0.0134810 0.3137825 0.0342359 0.0134825 0.0000000 0.0521026 0.2909436 0.4039022 0.2721292 0.3731159 0.3088161 0.1366843 0.3284225 0.3797867 
n289_290   0.0203612 0.0135015 0.1049490 0.3332162 0.3121802 0.2765721 0.3132383 0.3186340 0.0448750 0.3184674 0.0238347 0.0448795 0.0521026 0.0000000 0.3171904 0.4216507 0.2864057 0.3964596 0.3238259 0.1537509 0.3389638 0.3969473 
n286_287   0.2906012 0.2958017 0.2611997 0.2969071 0.0100705 0.1403858 0.2925521 0.2977924 0.2853046 0.2924281 0.2909598 0.2906555 0.2909436 0.3171904 0.0000000 0.4132647 0.1485237 0.3962178 0.3028462 0.2909339 0.3026052 0.3832684 
n255_256   0.4087295 0.3966780 0.3917151 0.4192911 0.4193539 0.4102646 0.3849904 0.3909689 0.4027062 0.3786281 0.4092956 0.4037359 0.4039022 0.4216507 0.4132647 0.0000000 0.4165082 0.2800904 0.3852762 0.3903616 0.4077654 0.0374514 
n266_267   0.2812739 0.2764533 0.2521924 0.2663414 0.1444746 0.0134855 0.2572902 0.2622647 0.2666442 0.2621192 0.2819148 0.2718632 0.2721292 0.2864057 0.1485237 0.4165082 0.0000000 0.4151850 0.2670813 0.2757917 0.2764290 0.4151483 
n244_245   0.3840519 0.3724364 0.3567991 0.4211416 0.4137969 0.4034536 0.3975374 0.4036231 0.3666517 0.4034368 0.3845665 0.3727176 0.3731159 0.3964596 0.3962178 0.2800904 0.4151850 0.0000000 0.4094289 0.3728266 0.4271241 0.2599611 
n300_301   0.3238060 0.3130913 0.2974405 0.0701428 0.2979019 0.2672735 0.0066994 0.0033425 0.3079529 0.0168665 0.3189070 0.3135274 0.3088161 0.3238259 0.3028462 0.3852762 0.2670813 0.4094289 0.0000000 0.2974734 0.0628277 0.3676955 
n200_201   0.1451921 0.1369053 0.1166949 0.3066642 0.2908531 0.2661139 0.2872622 0.2924589 0.1323613 0.2923014 0.1328375 0.1365656 0.1366843 0.1537509 0.2909339 0.3903616 0.2757917 0.3728266 0.2974734 0.0000000 0.3121795 0.3727003 
n277_278   0.3331463 0.3223187 0.3073295 0.0202703 0.2976617 0.2766274 0.0555462 0.0591960 0.3174841 0.0591588 0.3282071 0.3227684 0.3284225 0.3389638 0.3026052 0.4077654 0.2764290 0.4271241 0.0628277 0.3121795 0.0000000 0.3896417 
n251_252   0.3845066 0.3728634 0.3570729 0.4008928 0.3890917 0.4034058 0.3674214 0.3732493 0.3786791 0.3612315 0.3850231 0.3796335 0.3797867 0.3969473 0.3832684 0.0374514 0.4151483 0.2599611 0.3676955 0.3727003 0.3896417 0.0000000 
