23
n286_297   0.0000000 0.2466396 0.4849412 0.2653607 0.2802952 0.2803589 0.1232344 0.2708337 0.2660790 0.2325904 0.2511464 0.2806342 0.3734243 0.2514624 0.0067065 0.4418720 0.2614699 0.3002943 0.1430207 0.2756704 0.2799899 0.2606241 0.3734159 
n300_311   0.2466396 0.0000000 0.4457411 0.0306124 0.2609731 0.2564989 0.1847660 0.2517427 0.2471077 0.0552697 0.0661892 0.2567453 0.3552796 0.0033435 0.2511946 0.4049062 0.2517826 0.2944079 0.1887969 0.2519446 0.2511103 0.0237211 0.4006739 
n251_262   0.4849412 0.4457411 0.0000000 0.4407824 0.4618256 0.4559050 0.3957527 0.4561431 0.4500674 0.4224829 0.4348390 0.4436494 0.3288671 0.4521503 0.4845035 0.0410245 0.4562313 0.4746167 0.4120483 0.4500781 0.4607051 0.4404848 0.1715579 
n274_285   0.2653607 0.0306124 0.4407824 0.0000000 0.2653626 0.2608693 0.2064883 0.2560887 0.2514313 0.0734148 0.0846282 0.2611216 0.3769056 0.0341129 0.2700251 0.4001372 0.2561294 0.2942644 0.2106142 0.2562956 0.2650461 0.0411382 0.4066495 
n275_286   0.2802952 0.2609731 0.4618256 0.2653626 0.0000000 0.0340476 0.2204489 0.0134353 0.0100546 0.2372040 0.2514325 0.0340745 0.4004561 0.2610220 0.2800726 0.4204811 0.0134369 0.1110964 0.2289739 0.0305856 0.1512138 0.2706626 0.3971650 
n290_301   0.2803589 0.2564989 0.4559050 0.2608693 0.0340476 0.0000000 0.2204906 0.0271273 0.0236842 0.2375239 0.2517779 0.0066992 0.3836222 0.2565468 0.2801361 0.4321613 0.0271307 0.1111105 0.2290184 0.0033408 0.1512361 0.2612065 0.4026408 
n266_277   0.1232344 0.1847660 0.3957527 0.2064883 0.2204489 0.2204906 0.0000000 0.2116489 0.2072371 0.1593352 0.1720697 0.2206962 0.3105385 0.1891794 0.1231440 0.3573041 0.2116813 0.2523109 0.0306672 0.2161209 0.2066714 0.1976588 0.3155702 
n294_305   0.2708337 0.2517427 0.4561431 0.2560887 0.0134353 0.0271273 0.2116489 0.0000000 0.0033383 0.2328973 0.2470529 0.0271486 0.3894683 0.2517896 0.2706196 0.4150625 0.0066918 0.1034690 0.2200954 0.0236924 0.1431716 0.2613129 0.3809185 
n293_304   0.2660790 0.2471077 0.4500674 0.2514313 0.0100546 0.0236842 0.2072371 0.0033383 0.0000000 0.2283818 0.2424467 0.0237028 0.3839213 0.2471536 0.2658693 0.4092980 0.0033387 0.0996618 0.2156427 0.0202633 0.1391505 0.2566164 0.3806189 
n277_288   0.2325904 0.0552697 0.4224829 0.0734148 0.2372040 0.2375239 0.1593352 0.2328973 0.2283818 0.0000000 0.0168546 0.2377484 0.3604601 0.0588993 0.2370604 0.3828241 0.2329335 0.2698942 0.1717020 0.2330808 0.2369779 0.0661635 0.3885650 
n278_289   0.2511464 0.0661892 0.4348390 0.0846282 0.2514325 0.2517779 0.1720697 0.2470529 0.2424467 0.0168546 0.0000000 0.2520187 0.3717524 0.0698832 0.2557254 0.3944993 0.2470920 0.2798202 0.1762146 0.2472502 0.2511973 0.0772682 0.4003441 
n296_307   0.2806342 0.2567453 0.4436494 0.2611216 0.0340745 0.0066992 0.2206962 0.0271486 0.0237028 0.2377484 0.2520187 0.0000000 0.3833618 0.2567933 0.2804110 0.4202748 0.0271523 0.1112041 0.2292331 0.0033435 0.1513692 0.2614586 0.3912098 
n244_255   0.3734243 0.3552796 0.3288671 0.3769056 0.4004561 0.3836222 0.3105385 0.3894683 0.3839213 0.3604601 0.3717524 0.3833618 0.0000000 0.3609124 0.3731104 0.2938467 0.3895389 0.4012750 0.3147440 0.3892348 0.4172064 0.3606283 0.2845362 
n292_303   0.2514624 0.0033435 0.4521503 0.0341129 0.2610220 0.2565468 0.1891794 0.2517896 0.2471536 0.0588993 0.0698832 0.2567933 0.3609124 0.0000000 0.2560481 0.4109537 0.2518296 0.2893613 0.1932321 0.2519916 0.2511570 0.0271883 0.4067038 
n285_296   0.0067065 0.2511946 0.4845035 0.2700251 0.2800726 0.2801361 0.1231440 0.2706196 0.2658693 0.2370604 0.2557254 0.2804110 0.3731104 0.2560481 0.0000000 0.4414845 0.2612642 0.3000527 0.1429159 0.2754519 0.2797683 0.2652606 0.3731019 
n255_266   0.4418720 0.4049062 0.0410245 0.4001372 0.4204811 0.4321613 0.3573041 0.4150625 0.4092980 0.3828241 0.3944993 0.4202748 0.2938467 0.4109537 0.4414845 0.0000000 0.4151399 0.4325681 0.3728416 0.4264976 0.4249540 0.4058525 0.1508950 
n298_309   0.2614699 0.2517826 0.4562313 0.2561294 0.0134369 0.0271307 0.2116813 0.0066918 0.0033387 0.2329335 0.2470920 0.0271523 0.3895389 0.2518296 0.2612642 0.4151399 0.0000000 0.1034831 0.2201293 0.0236954 0.1431920 0.2613549 0.3862389 
n236_245   0.3002943 0.2944079 0.4746167 0.2942644 0.1110964 0.1111105 0.2523109 0.1034690 0.0996618 0.2698942 0.2798202 0.1112041 0.4012750 0.2893613 0.3000527 0.4325681 0.1034831 0.0000000 0.2611412 0.1073070 0.1844491 0.2997316 0.4023946 
n265_276   0.1430207 0.1887969 0.4120483 0.2106142 0.2289739 0.2290184 0.0306672 0.2200954 0.2156427 0.1717020 0.1762146 0.2292331 0.3147440 0.1932321 0.1429159 0.3728416 0.2201293 0.2611412 0.0000000 0.2246110 0.2195847 0.2017450 0.3303346 
n289_300   0.2756704 0.2519446 0.4500781 0.2562956 0.0305856 0.0033408 0.2161209 0.0236924 0.0202633 0.2330808 0.2472502 0.0033435 0.3892348 0.2519916 0.2754519 0.4264976 0.0236954 0.1073070 0.2246110 0.0000000 0.1472327 0.2566257 0.3971790 
n200_205   0.2799899 0.2511103 0.4607051 0.2650461 0.1512138 0.1512361 0.2066714 0.1431716 0.1391505 0.2369779 0.2511973 0.1513692 0.4172064 0.2511570 0.2797683 0.4249540 0.1431920 0.1844491 0.2195847 0.1472327 0.0000000 0.2561560 0.3898737 
n280_291   0.2606241 0.0237211 0.4404848 0.0411382 0.2706626 0.2612065 0.1976588 0.2613129 0.2566164 0.0661635 0.0772682 0.2614586 0.3606283 0.0271883 0.2652606 0.4058525 0.2613549 0.2997316 0.2017450 0.2566257 0.2561560 0.0000000 0.4184770 
n244_253   0.3734159 0.4006739 0.1715579 0.4066495 0.3971650 0.4026408 0.3155702 0.3809185 0.3806189 0.3885650 0.4003441 0.3912098 0.2845362 0.4067038 0.3731019 0.1508950 0.3862389 0.4023946 0.3303346 0.3971790 0.3898737 0.4184770 0.0000000 
