24
n292_293   0.0000000 0.3614422 0.3717179 0.4167944 0.4216372 0.3079240 0.3663273 0.3662797 0.3609027 0.0236043 0.3665422 0.4167183 0.0033286 0.0444705 0.3722566 0.3818655 0.3829692 0.3555065 0.3718152 0.0444700 0.3082846 0.3180132 0.2983106 0.0100298 
n287_288   0.3614422 0.0000000 0.0237993 0.4077495 0.4127798 0.3625452 0.0101077 0.0483916 0.0448338 0.3611620 0.0101124 0.4076758 0.3561215 0.3400672 0.0592702 0.2202293 0.0628517 0.0483921 0.0238024 0.3402347 0.3684028 0.3733266 0.3469210 0.3455271 
n295_296   0.3717179 0.0237993 0.0000000 0.4129149 0.4179776 0.3620540 0.0203333 0.0447674 0.0412312 0.3714282 0.0203427 0.4128399 0.3663318 0.3447124 0.0591661 0.2199184 0.0627404 0.0447679 0.0067125 0.3448833 0.3676468 0.3728170 0.3516169 0.3556092 
n251_252   0.4167944 0.4077495 0.4129149 0.0000000 0.2748218 0.3666853 0.4072028 0.4186810 0.4128930 0.4049662 0.4017153 0.0376008 0.4110768 0.3878762 0.4252242 0.3953305 0.4306935 0.4070876 0.4130328 0.3822991 0.4061760 0.3774963 0.3722691 0.4052079 
n244_245   0.4216372 0.4127798 0.4179776 0.2748218 0.0000000 0.4109986 0.4122249 0.4176934 0.4119255 0.4099180 0.4067125 0.2653295 0.4158959 0.3982881 0.4360196 0.4057090 0.4295532 0.4061400 0.4122282 0.3927963 0.4528370 0.4224456 0.4287732 0.4100020 
n286_287   0.3079240 0.3625452 0.3620540 0.3666853 0.4109986 0.0000000 0.3567150 0.3512530 0.3459671 0.2978752 0.3515651 0.3781251 0.3029818 0.2930041 0.3734153 0.3247991 0.3785441 0.3406624 0.3621470 0.2881001 0.1628598 0.0100421 0.1464869 0.2931318 
n290_291   0.3663273 0.0101077 0.0203333 0.4072028 0.4122249 0.3567150 0.0000000 0.0447859 0.0412481 0.3660427 0.0067200 0.4071293 0.3609786 0.3395101 0.0591911 0.2155161 0.0627668 0.0447864 0.0203359 0.3396776 0.3677839 0.3674039 0.3463481 0.3503292 
n275_276   0.3662797 0.0483916 0.0447674 0.4186810 0.4176934 0.3512530 0.0447859 0.0000000 0.0033497 0.3659953 0.0448070 0.4186043 0.3609307 0.3394609 0.0203474 0.2021321 0.0237727 0.0067140 0.0447735 0.3342305 0.3514764 0.3511057 0.3357763 0.3502806 
n294_295   0.3609027 0.0448338 0.0412312 0.4128930 0.4119255 0.3459671 0.0412481 0.0033497 0.0000000 0.3606235 0.0412675 0.4128180 0.3555913 0.3342735 0.0169192 0.1977863 0.0203320 0.0033498 0.0412367 0.3290792 0.3461879 0.3565060 0.3305952 0.3450150 
n274_275   0.0236043 0.3611620 0.3714282 0.4049662 0.4099180 0.2978752 0.3660427 0.3659953 0.3606235 0.0000000 0.3662566 0.4048936 0.0201898 0.0409421 0.3719656 0.3707578 0.3826670 0.3552326 0.3715251 0.0409415 0.2982143 0.3078272 0.2883750 0.0134002 
n289_290   0.3665422 0.0101124 0.0203427 0.4017153 0.4067125 0.3515651 0.0067200 0.0448070 0.0412675 0.3662566 0.0000000 0.4016432 0.3611895 0.3397057 0.0592195 0.2111802 0.0627979 0.0448075 0.0203454 0.3398732 0.3625617 0.3621871 0.3412616 0.3505323 
n255_256   0.4167183 0.4076758 0.4128399 0.0376008 0.2653295 0.3781251 0.4071293 0.4186043 0.4128180 0.4048936 0.4016432 0.0000000 0.4110024 0.3878081 0.4251457 0.4009005 0.4306134 0.4070141 0.4129577 0.3822323 0.4122367 0.3891128 0.3780346 0.4051350 
n299_300   0.0033286 0.3561215 0.3663318 0.4110768 0.4158959 0.3029818 0.3609786 0.3609307 0.3555913 0.0201898 0.3611895 0.4110024 0.0000000 0.0409614 0.3668596 0.3764193 0.3774984 0.3502328 0.3664266 0.0409608 0.3033358 0.3130052 0.2934261 0.0066727 
n278_279   0.0444705 0.3400672 0.3447124 0.3878762 0.3982881 0.2930041 0.3395101 0.3394609 0.3342735 0.0409421 0.3397057 0.3878081 0.0409614 0.0000000 0.3451985 0.3493888 0.3555394 0.3290670 0.3447978 0.0134039 0.2885510 0.3028920 0.2835629 0.0339795 
n297_298   0.3722566 0.0592702 0.0591661 0.4252242 0.4360196 0.3734153 0.0591911 0.0203474 0.0169192 0.3719656 0.0592195 0.4251457 0.3668596 0.3451985 0.0000000 0.2156171 0.0101053 0.0203477 0.0591744 0.3399224 0.3521173 0.3843529 0.3363826 0.3561158 
n200_203   0.3818655 0.2202293 0.2199184 0.3953305 0.4057090 0.3247991 0.2155161 0.2021321 0.1977863 0.3707578 0.2111802 0.4009005 0.3764193 0.3493888 0.2156171 0.0000000 0.2198804 0.2021275 0.2199608 0.3440993 0.3456777 0.3350375 0.3299248 0.3655791 
n298_299   0.3829692 0.0628517 0.0627404 0.4306935 0.4295532 0.3785441 0.0627668 0.0237727 0.0203320 0.3826670 0.0627979 0.4306134 0.3774984 0.3555394 0.0101053 0.2198804 0.0000000 0.0237731 0.0627492 0.3501925 0.3571194 0.3895483 0.3412932 0.3666104 
n293_294   0.3555065 0.0483921 0.0447679 0.4070876 0.4061400 0.3406624 0.0447864 0.0067140 0.0033498 0.3552326 0.0448075 0.4070141 0.3502328 0.3290670 0.0203477 0.2021275 0.0237731 0.0000000 0.0447740 0.3239090 0.3408805 0.3511277 0.3253953 0.3397304 
n296_297   0.3718152 0.0238024 0.0067125 0.4130328 0.4122282 0.3621470 0.0203359 0.0447735 0.0412367 0.3715251 0.0203454 0.4129577 0.3664266 0.3447978 0.0591744 0.2199608 0.0627492 0.0447740 0.0000000 0.3449688 0.3677424 0.3729149 0.3517053 0.3556993 
n277_278   0.0444700 0.3402347 0.3448833 0.3822991 0.3927963 0.2881001 0.3396776 0.3342305 0.3290792 0.0409415 0.3398732 0.3822323 0.0409608 0.0134039 0.3399224 0.3440993 0.3501925 0.3239090 0.3449688 0.0000000 0.2836704 0.2979228 0.2787164 0.0339791 
n266_267   0.3082846 0.3684028 0.3676468 0.4061760 0.4528370 0.1628598 0.3677839 0.3514764 0.3461879 0.2982143 0.3625617 0.4122367 0.3033358 0.2885510 0.3521173 0.3456777 0.3571194 0.3408805 0.3677424 0.2836704 0.0000000 0.1711756 0.0271595 0.2934727 
n285_286   0.3180132 0.3733266 0.3728170 0.3774963 0.4224456 0.0100421 0.3674039 0.3511057 0.3565060 0.3078272 0.3621871 0.3891128 0.3130052 0.3028920 0.3843529 0.3350375 0.3895483 0.3511277 0.3729149 0.2979228 0.1711756 0.0000000 0.1546212 0.3030255 
n265_266   0.2983106 0.3469210 0.3516169 0.3722691 0.4287732 0.1464869 0.3463481 0.3357763 0.3305952 0.2883750 0.3412616 0.3780346 0.2934261 0.2835629 0.3363826 0.3299248 0.3412932 0.3253953 0.3517053 0.2787164 0.0271595 0.1546212 0.0000000 0.2836901 
n280_281   0.0100298 0.3455271 0.3556092 0.4052079 0.4100020 0.2931318 0.3503292 0.3502806 0.3450150 0.0134002 0.3505323 0.4051350 0.0066727 0.0339795 0.3561158 0.3655791 0.3666104 0.3397304 0.3556993 0.0339791 0.2934727 0.3030255 0.2836901 0.0000000 
