26
n295_298   0.0000000 0.1673562 2.1754270 9.0000000 2.6966111 2.6041935 2.6542749 0.1550433 3.0207643 2.3583202 3.2235398 0.3094445 0.1851528 2.5682647 0.6104371 6.9387293 0.3190443 0.2572855 0.3137898 3.0588811 1.3598100 0.2768209 2.6926158 0.8456910 0.0275507 1.9852645 
n290_293   0.1673562 0.0000000 2.2167844 4.2469230 2.8576034 2.4083093 2.7482393 0.0630851 2.7379967 2.1745434 2.4147441 0.3345265 0.0593224 2.3901163 0.6279349 4.4609607 0.3280281 0.2653339 0.3171682 2.7315953 1.3194994 0.2852873 2.5621491 0.8796730 0.1676857 2.0594087 
n266_269   2.1754270 2.2167844 0.0000000 9.0000000 1.7867171 1.4413568 1.4774324 2.1607701 1.5508711 0.9344036 1.4679520 1.9680437 2.3530445 0.9232522 2.3419547 4.8939128 1.9175505 1.7794241 1.8188747 1.6263607 2.5228390 1.8579297 1.4830217 2.0768533 2.2480520 0.1344109 
n255_258   9.0000000 4.2469230 9.0000000 0.0000000 3.0209003 3.4363918 2.1837628 4.4259867 3.0024762 3.9655347 2.8200249 5.0285282 4.8414673 3.8200069 5.7460401 0.2885765 5.8537552 4.6507593 5.3519434 3.7237015 6.0555580 4.3242612 3.1648486 4.1456078 7.9809834 4.3812402 
n277_280   2.6966111 2.8576034 1.7867171 3.0209003 0.0000000 0.5101947 0.1666908 2.5555923 0.4760139 2.1723243 0.5222138 3.1992636 3.5204643 1.8075664 2.0368454 2.4758671 3.3381504 3.0188709 2.6728744 0.5081751 4.0994059 3.4549699 0.4836563 2.3905530 2.7993185 2.0374453 
n299_302   2.6041935 2.4083093 1.4413568 3.4363918 0.5101947 0.0000000 0.4833702 2.5607962 0.1343041 2.7032249 0.0595683 2.7257508 2.5671672 2.3564981 2.6884194 2.8053694 3.6571621 2.6519399 2.6551591 0.1173370 2.5311947 2.7943689 0.0274653 2.9011901 2.7215108 1.7017952 
n278_281   2.6542749 2.7482393 1.4774324 2.1837628 0.1666908 0.4833702 0.0000000 2.4811481 0.4438672 2.3664540 0.4750781 3.2550041 3.2964079 1.9728540 2.2226984 2.3726392 3.6750983 2.9477982 2.9049009 0.4827854 8.5000159 3.4151539 0.4506077 2.4230743 2.8718977 1.7902143 
n287_290   0.1550433 0.0630851 2.1607701 4.4259867 2.5555923 2.5607962 2.4811481 0.0000000 2.7516697 2.2262100 2.6211245 0.3298004 0.0818333 2.4064911 0.6432675 4.3637750 0.3282573 0.2553421 0.3171984 2.7534923 1.3057960 0.2750089 2.5106684 0.8585769 0.1551990 2.1156374 
n274_277   3.0207643 2.7379967 1.5508711 3.0024762 0.4760139 0.1343041 0.4438672 2.7516697 0.0000000 2.1028245 0.1507640 2.8754140 3.0465418 1.9186506 2.7608627 3.2154893 3.8900930 2.9385863 2.9704390 0.1466457 2.7705453 3.4512003 0.1261872 3.5627006 3.1977903 1.8487329 
n286_289   2.3583202 2.1745434 0.9344036 3.9655347 2.1723243 2.7032249 2.3664540 2.2262100 2.1028245 0.0000000 2.0918056 2.0695791 2.1394986 0.0623262 2.6011153 4.5945036 2.1663254 2.1753505 2.3238695 2.2181900 2.7567273 2.1831895 2.6684056 1.9872339 2.3858840 1.0658326 
n292_295   3.2235398 2.4147441 1.4679520 2.8200249 0.5222138 0.0595683 0.4750781 2.6211245 0.1507640 2.0918056 0.0000000 3.2185306 2.6878675 2.0215255 2.8138205 2.7182174 3.6744674 2.9121987 3.0001231 0.1251735 2.5758530 3.0892620 0.0596556 2.6417737 3.2456787 1.6321541 
n275_278   0.3094445 0.3345265 1.9680437 5.0285282 3.1992636 2.7257508 3.2550041 0.3298004 2.8754140 2.0695791 3.2185306 0.0000000 0.3749224 2.2799593 0.6687442 9.0000000 0.1637486 0.1303262 0.1509778 3.2975004 1.2625561 0.1468205 3.1358931 0.8286017 0.2938484 1.9630684 
n289_292   0.1851528 0.0593224 2.3530445 4.8414673 3.5204643 2.5671672 3.2964079 0.0818333 3.0465418 2.1394986 2.6878675 0.3749224 0.0000000 2.3664225 0.6802055 8.8636453 0.3735609 0.3064754 0.3676756 3.0393826 1.3055320 0.3276312 2.6673213 0.8955251 0.1855195 2.1678168 
n285_288   2.5682647 2.3901163 0.9232522 3.8200069 1.8075664 2.3564981 1.9728540 2.4064911 1.9186506 0.0623262 2.0215255 2.2799593 2.3664225 0.0000000 2.3462784 4.4916947 2.4742057 2.4204802 2.7121495 2.0875537 3.3597969 2.4311475 2.3285510 2.1860066 2.6025990 1.0644821 
n236_239   0.6104371 0.6279349 2.3419547 5.7460401 2.0368454 2.6884194 2.2226984 0.6432675 2.7608627 2.6011153 2.8138205 0.6687442 0.6802055 2.3462784 0.0000000 8.9999986 0.6560913 0.6164636 0.6151336 2.5823807 1.7683670 0.6240025 2.6266814 0.9046158 0.6055231 2.6808308 
n251_254   6.9387293 4.4609607 4.8939128 0.2885765 2.4758671 2.8053694 2.3726392 4.3637750 3.2154893 4.5945036 2.7182174 9.0000000 8.8636453 4.4916947 8.9999986 0.0000000 7.0625661 4.9578505 6.4324228 2.9794202 5.3797651 4.5568742 2.8108905 7.1288623 7.9853391 3.5403703 
n294_297   0.3190443 0.3280281 1.9175505 5.8537552 3.3381504 3.6571621 3.6750983 0.3282573 3.8900930 2.1663254 3.6744674 0.1637486 0.3735609 2.4742057 0.6560913 7.0625661 0.0000000 0.1298490 0.0633971 4.0398297 1.2515561 0.1338511 3.6589466 0.8268872 0.3142743 2.1500953 
n297_300   0.2572855 0.2653339 1.7794241 4.6507593 3.0188709 2.6519399 2.9477982 0.2553421 2.9385863 2.1753505 2.9121987 0.1303262 0.3064754 2.4204802 0.6164636 4.9578505 0.1298490 0.0000000 0.1217574 3.0155214 1.3175719 0.0273971 2.7281618 0.7898019 0.2576699 1.9103340 
n293_296   0.3137898 0.3171682 1.8188747 5.3519434 2.6728744 2.6551591 2.9049009 0.3171984 2.9704390 2.3238695 3.0001231 0.1509778 0.3676756 2.7121495 0.6151336 6.4324228 0.0633971 0.1217574 0.0000000 3.0581098 1.2674559 0.1257186 2.7309589 0.8428743 0.3090479 1.9796093 
n280_283   3.0588811 2.7315953 1.6263607 3.7237015 0.5081751 0.1173370 0.4827854 2.7534923 0.1466457 2.2181900 0.1251735 3.2975004 3.0393826 2.0875537 2.5823807 2.9794202 4.0398297 3.0155214 3.0581098 0.0000000 3.2074011 3.3455850 0.1215130 2.3940208 3.0047858 1.8721518 
n200_203   1.3598100 1.3194994 2.5228390 6.0555580 4.0994059 2.5311947 8.5000159 1.3057960 2.7705453 2.7567273 2.5758530 1.2625561 1.3055320 3.3597969 1.7683670 5.3797651 1.2515561 1.3175719 1.2674559 3.2074011 0.0000000 1.2570106 2.6742239 1.4317410 1.2788606 2.2418680 
n298_301   0.2768209 0.2852873 1.8579297 4.3242612 3.4549699 2.7943689 3.4151539 0.2750089 3.4512003 2.1831895 3.0892620 0.1468205 0.3276312 2.4311475 0.6240025 4.5568742 0.1338511 0.0273971 0.1257186 3.3455850 1.2570106 0.0000000 2.8794824 0.7981127 0.2772374 1.9909600 
n300_303   2.6926158 2.5621491 1.4830217 3.1648486 0.4836563 0.0274653 0.4506077 2.5106684 0.1261872 2.6684056 0.0596556 3.1358931 2.6673213 2.3285510 2.6266814 2.8108905 3.6589466 2.7281618 2.7309589 0.1215130 2.6742239 2.8794824 0.0000000 2.6929733 2.9074912 1.7622199 
n244_247   0.8456910 0.8796730 2.0768533 4.1456078 2.3905530 2.9011901 2.4230743 0.8585769 3.5627006 1.9872339 2.6417737 0.8286017 0.8955251 2.1860066 0.9046158 7.1288623 0.8268872 0.7898019 0.8428743 2.3940208 1.4317410 0.7981127 2.6929733 0.0000000 0.8726436 2.0762079 
n296_299   0.0275507 0.1676857 2.2480520 7.9809834 2.7993185 2.7215108 2.8718977 0.1551990 3.1977903 2.3858840 3.2456787 0.2938484 0.1855195 2.6025990 0.6055231 7.9853391 0.3142743 0.2576699 0.3090479 3.0047858 1.2788606 0.2772374 2.9074912 0.8726436 0.0000000 2.0757567 
n265_268   1.9852645 2.0594087 0.1344109 4.3812402 2.0374453 1.7017952 1.7902143 2.1156374 1.8487329 1.0658326 1.6321541 1.9630684 2.1678168 1.0644821 2.6808308 3.5403703 2.1500953 1.9103340 1.9796093 1.8721518 2.2418680 1.9909600 1.7622199 2.0762079 2.0757567 0.0000000 
