26
n292_293   0.0000000 0.3263062 0.3311349 0.3421831 0.4657115 0.2419488 0.0066877 0.3367545 0.0236722 0.3313313 0.4845954 0.3102396 0.0033336 0.0482762 0.3259399 0.3313602 0.3679397 0.3367445 0.3315849 0.3369118 0.2511003 0.3269635 0.2420364 0.0626996 0.0202614 0.2561483 
n287_288   0.3263062 0.0000000 0.0066975 0.0447869 0.4129226 0.2859107 0.3156701 0.0377033 0.3314529 0.0067007 0.4066482 0.1082968 0.3210175 0.3434891 0.0377285 0.0412734 0.3170662 0.0412326 0.0203144 0.0203063 0.2747066 0.1611342 0.2960849 0.3595943 0.3206886 0.2651313 
n290_291   0.3311349 0.0066975 0.0000000 0.0447543 0.4125585 0.2856723 0.3204384 0.0376760 0.3363089 0.0066965 0.4062907 0.1082145 0.3258164 0.3484266 0.0377012 0.0412435 0.3167978 0.0412027 0.0202998 0.0202917 0.2744796 0.1527228 0.2958369 0.3646201 0.3308021 0.2649130 
n294_295   0.3421831 0.0447869 0.0447543 0.0000000 0.4116011 0.3062547 0.3313150 0.0271733 0.3420549 0.0377047 0.4053538 0.1199999 0.3367797 0.3597780 0.0271914 0.0306747 0.3167934 0.0033375 0.0519788 0.0519569 0.2946680 0.1696224 0.3167217 0.3762244 0.3418366 0.2848400 
n251_252   0.4657115 0.4129226 0.4125585 0.4116011 0.0000000 0.3858576 0.4591465 0.4120572 0.4852172 0.4009946 0.0450073 0.4325423 0.4592458 0.4935909 0.4007722 0.4068198 0.2582794 0.4056096 0.4136230 0.4191302 0.3617210 0.4389611 0.3859934 0.5133827 0.4651971 0.3785947 
n286_287   0.2419488 0.2859107 0.2856723 0.3062547 0.3858576 0.0000000 0.2421472 0.3010751 0.2561790 0.2858370 0.3913034 0.3113181 0.2372406 0.2616083 0.3013047 0.2961858 0.3291908 0.3010683 0.2911962 0.2910658 0.1403136 0.2814207 0.0067083 0.2610444 0.2417188 0.1404598 
n300_301   0.0066877 0.3156701 0.3204384 0.3313150 0.4591465 0.2421472 0.0000000 0.3259681 0.0236895 0.3206269 0.4778626 0.3102380 0.0033360 0.0483118 0.3153198 0.3206572 0.3622235 0.3259591 0.3208709 0.3261181 0.2415280 0.3163038 0.2422349 0.0627462 0.0202763 0.2464996 
n275_276   0.3367545 0.0377033 0.0376760 0.0271733 0.4120572 0.3010751 0.3259681 0.0000000 0.3419697 0.0306932 0.4058001 0.1121024 0.3313914 0.3542046 0.0202916 0.0237384 0.3063520 0.0237151 0.0448157 0.0447978 0.2895870 0.1653522 0.3114667 0.3595581 0.3364146 0.2798243 
n274_275   0.0236722 0.3314529 0.3363089 0.3420549 0.4852172 0.2561790 0.0236895 0.3419697 0.0000000 0.3365090 0.4971880 0.3366259 0.0202418 0.0590506 0.3310788 0.3365371 0.3792129 0.3366183 0.3367672 0.3421306 0.2702228 0.3429703 0.2562716 0.0736941 0.0306076 0.2754195 
n289_290   0.3313313 0.0067007 0.0066965 0.0377047 0.4009946 0.2858370 0.3206269 0.0306932 0.3365090 0.0000000 0.3948271 0.1082696 0.3260088 0.3486361 0.0307136 0.0342209 0.3066117 0.0341872 0.0203095 0.0203014 0.2746361 0.1610933 0.2960087 0.3648415 0.3309981 0.2650632 
n255_256   0.4845954 0.4066482 0.4062907 0.4053538 0.0450073 0.3913034 0.4778626 0.4058001 0.4971880 0.3948271 0.0000000 0.4322291 0.4779673 0.5064344 0.4061212 0.4122078 0.2580563 0.3994158 0.4073344 0.4127971 0.3673829 0.4192128 0.3914407 0.5188930 0.4840544 0.3843876 
n236_237   0.3102396 0.1082968 0.1082145 0.1199999 0.4325423 0.3113181 0.3102380 0.1121024 0.3366259 0.1082696 0.4322291 0.0000000 0.3155408 0.3317974 0.1121808 0.1161503 0.3170198 0.1160303 0.1122945 0.1122477 0.2952117 0.1696779 0.3114295 0.3476208 0.3097670 0.2903489 
n299_300   0.0033336 0.3210175 0.3258164 0.3367797 0.4592458 0.2372406 0.0033360 0.3313914 0.0202418 0.3260088 0.4779673 0.3155408 0.0000000 0.0447170 0.3206592 0.3260385 0.3622964 0.3313820 0.3262577 0.3315451 0.2463367 0.3216631 0.2373265 0.0590674 0.0168441 0.2513470 
n278_279   0.0482762 0.3434891 0.3484266 0.3597780 0.4935909 0.2616083 0.0483118 0.3542046 0.0590506 0.3486361 0.5064344 0.3317974 0.0447170 0.0000000 0.3430953 0.3486623 0.3692196 0.3541928 0.3489062 0.3543744 0.2710663 0.3387238 0.2617029 0.0271523 0.0518569 0.2813595 
n297_298   0.3259399 0.0377285 0.0377012 0.0271914 0.4007722 0.3013047 0.3153198 0.0202916 0.3310788 0.0307136 0.4061212 0.1121808 0.3206592 0.3430953 0.0000000 0.0033441 0.3117742 0.0237309 0.0448467 0.0448278 0.2898061 0.1654710 0.3117051 0.3591751 0.3256133 0.2800353 
n298_299   0.3313602 0.0412734 0.0412435 0.0306747 0.4068198 0.2961858 0.3206572 0.0237384 0.3365371 0.0342209 0.4122078 0.1161503 0.3260385 0.3486623 0.0033441 0.0000000 0.3171062 0.0271956 0.0484327 0.0484131 0.2949538 0.1656301 0.3065111 0.3648645 0.3310270 0.2851147 
n244_245   0.3679397 0.3170662 0.3167978 0.3167934 0.2582794 0.3291908 0.3622235 0.3063520 0.3792129 0.3066117 0.2580563 0.3170198 0.3622964 0.3692196 0.3117742 0.3171062 0.0000000 0.3115278 0.3119773 0.3168396 0.3278779 0.3284103 0.3293086 0.3919817 0.3560999 0.3333367 
n293_294   0.3367445 0.0412326 0.0412027 0.0033375 0.4056096 0.3010683 0.3259591 0.0237151 0.3366183 0.0341872 0.3994158 0.1160303 0.3313820 0.3541928 0.0237309 0.0271956 0.3115278 0.0000000 0.0483835 0.0483641 0.2895810 0.1653522 0.3114589 0.3705173 0.3364047 0.2798190 
n296_297   0.3315849 0.0203144 0.0202998 0.0519788 0.4136230 0.2911962 0.3208709 0.0448157 0.3367672 0.0203095 0.4073344 0.1122945 0.3262577 0.3489062 0.0448467 0.0484327 0.3119773 0.0483835 0.0000000 0.0067040 0.2798857 0.1654846 0.3014531 0.3651264 0.3312512 0.2702387 
n295_296   0.3369118 0.0203063 0.0202917 0.0519569 0.4191302 0.2910658 0.3261181 0.0447978 0.3421306 0.0203014 0.4127971 0.1122477 0.3315451 0.3543744 0.0448278 0.0484131 0.3168396 0.0483641 0.0067040 0.0000000 0.2797612 0.1654139 0.3013177 0.3707122 0.3365716 0.2701188 
n266_267   0.2511003 0.2747066 0.2744796 0.2946680 0.3617210 0.1403136 0.2415280 0.2895870 0.2702228 0.2746361 0.3673829 0.2952117 0.2463367 0.2710663 0.2898061 0.2949538 0.3278779 0.2895810 0.2798857 0.2797612 0.0000000 0.2854101 0.1403644 0.2806883 0.2554961 0.0271985 
n200_201   0.3269635 0.1611342 0.1527228 0.1696224 0.4389611 0.2814207 0.3163038 0.1653522 0.3429703 0.1610933 0.4192128 0.1696779 0.3216631 0.3387238 0.1654710 0.1656301 0.3284103 0.1653522 0.1654846 0.1654139 0.2854101 0.0000000 0.2815222 0.3378967 0.3266350 0.2756801 
n285_286   0.2420364 0.2960849 0.2958369 0.3167217 0.3859934 0.0067083 0.2422349 0.3114667 0.2562716 0.2960087 0.3914407 0.3114295 0.2373265 0.2617029 0.3117051 0.3065111 0.3293086 0.3114589 0.3014531 0.3013177 0.1403644 0.2815222 0.0000000 0.2611387 0.2418062 0.1405107 
n277_278   0.0626996 0.3595943 0.3646201 0.3762244 0.5133827 0.2610444 0.0627462 0.3595581 0.0736941 0.3648415 0.5188930 0.3476208 0.0590674 0.0271523 0.3591751 0.3648645 0.3919817 0.3705173 0.3651264 0.3707122 0.2806883 0.3378967 0.2611387 0.0000000 0.0663550 0.2859780 
n280_281   0.0202614 0.3206886 0.3308021 0.3418366 0.4651971 0.2417188 0.0202763 0.3364146 0.0306076 0.3309981 0.4840544 0.3097670 0.0168441 0.0518569 0.3256133 0.3310270 0.3560999 0.3364047 0.3312512 0.3365716 0.2554961 0.3266350 0.2418062 0.0663550 0.0000000 0.2605723 
n265_266   0.2561483 0.2651313 0.2649130 0.2848400 0.3785947 0.1404598 0.2464996 0.2798243 0.2754195 0.2650632 0.3843876 0.2903489 0.2513470 0.2813595 0.2800353 0.2851147 0.3333367 0.2798190 0.2702387 0.2701188 0.0271985 0.2756801 0.1405107 0.2859780 0.2605723 0.0000000 
