28
n200_215   0.0000000 1.1788634 2.4595426 2.0536734 2.1608809 1.0157866 0.9742891 2.2042485 2.2553225 1.1290346 2.0441645 2.0831630 1.1228069 2.0673497 0.9651084 1.0303308 1.0553789 2.9381496 3.8939721 0.9568712 2.2341882 0.9473296 2.1209050 2.0101510 2.0520047 2.1841513 2.2373275 1.0738071 
n287_312   1.1788634 0.0000000 1.8905683 2.0254808 1.6961361 0.2906651 0.3076410 1.9480585 1.9723926 0.0667288 3.1856865 2.4278592 0.1372075 2.1545785 0.6552910 0.3119802 0.0521494 2.3602489 2.6249115 0.3023670 2.1586344 0.3294357 2.1165400 2.4009307 2.1854406 2.0065692 1.5408764 0.1250291 
n265_290   2.4595426 1.8905683 0.0000000 0.9315895 0.9434797 2.0105741 2.1383190 2.5285733 0.1328773 1.6514195 2.4471208 2.1157695 1.6753197 3.0459362 2.0945418 2.0412670 1.7460647 2.8988089 3.4143609 1.8382749 2.8410248 1.9086141 3.1515257 2.0476603 2.7005398 0.9854127 0.8483848 1.7248398 
n285_310   2.0536734 2.0254808 0.9315895 0.0000000 0.8293992 1.9697802 2.0318575 1.9639384 0.9050580 1.9621811 2.4925961 1.6985388 1.8262727 2.4242749 2.4007127 1.8841834 2.0651414 2.4251015 3.5389369 1.8717308 2.3075659 1.8333798 2.3055544 1.8286397 2.2691241 0.0596255 0.8609248 1.8142125 
n265_288   2.1608809 1.6961361 0.9434797 0.8293992 0.0000000 1.6808403 1.8134328 1.8427414 0.8630517 1.7381413 2.8071439 1.6595381 1.6833675 2.2082387 1.8725851 1.6523393 1.6852233 3.7493702 5.4832031 1.6664838 2.1273748 1.6886246 2.1098989 1.8852173 2.1182386 0.8399263 0.1668911 1.7241670 
n297_322   1.0157866 0.2906651 2.0105741 1.9697802 1.6808403 0.0000000 0.1374402 1.9801303 2.0096743 0.3050799 2.4642230 2.2994876 0.2996565 2.3762945 0.6035945 0.0308169 0.2646206 2.5797974 2.7062705 0.1249689 2.2937694 0.1253692 2.3844043 2.2143913 2.5016306 1.8860520 1.6681589 0.2895837 
n275_300   0.9742891 0.3076410 2.1383190 2.0318575 1.8134328 0.1374402 0.0000000 1.8529622 1.9335217 0.3230304 2.4812343 2.7343504 0.3119081 2.1543548 0.6286752 0.1458159 0.2915319 2.2704032 2.7509144 0.1372024 2.2732212 0.1457191 2.2569706 2.6281100 2.2065542 2.0233843 1.6481786 0.3016247 
n274_299   2.2042485 1.9480585 2.5285733 1.9639384 1.8427414 1.9801303 1.8529622 0.0000000 2.1286478 2.0807936 2.1621242 0.4642752 2.2654732 0.1626506 2.1890046 2.1268859 1.8978874 3.4707900 2.7058923 2.1859101 0.1754822 2.1813859 0.1624553 0.4323344 0.1751793 1.8351194 2.3703636 2.2619944 
n266_291   2.2553225 1.9723926 0.1328773 0.9050580 0.8630517 2.0096743 1.9335217 2.1286478 0.0000000 1.7747842 2.6825882 1.9429259 1.7877160 2.5850813 1.9950695 1.9654367 1.8503581 2.7510340 2.8940062 1.7329233 2.6002888 1.8936931 2.6555601 1.8401031 2.4533020 0.9314547 0.7459840 1.9018393 
n289_314   1.1290346 0.0667288 1.6514195 1.9621811 1.7381413 0.3050799 0.3230304 2.0807936 1.7747842 0.0000000 2.6702095 2.2376923 0.1408956 2.0621687 0.6807906 0.3267866 0.0519910 2.4610149 2.5259516 0.3014853 2.1532124 0.3284559 2.1118482 2.2176179 2.1912196 1.8698608 1.5024991 0.1287784 
n244_265   2.0441645 3.1856865 2.4471208 2.4925961 2.8071439 2.4642230 2.4812343 2.1621242 2.6825882 2.6702095 0.0000000 2.3333052 2.4391437 1.8869345 2.9415926 2.3811419 2.4303128 1.9705828 2.2663331 2.6534853 1.9674569 2.6488763 1.9339281 2.3438334 1.9590350 2.5134579 3.0966915 2.3760965 
n277_302   2.0831630 2.4278592 2.1157695 1.6985388 1.6595381 2.2994876 2.7343504 0.4642752 1.9429259 2.2376923 2.3333052 0.0000000 2.3513768 0.5365998 3.0854927 2.3616733 2.3901108 4.3516647 3.4375339 2.4879439 0.5298668 2.2506704 0.5074667 0.0628163 0.5658090 1.7132852 1.9233966 2.4266043 
n296_321   1.1228069 0.1372075 1.6753197 1.8262727 1.6833675 0.2996565 0.3119081 2.2654732 1.7877160 0.1408956 2.4391437 2.3513768 0.0000000 2.4058647 0.6835299 0.3154936 0.1166193 2.1655382 2.7269642 0.2956953 2.6226472 0.3227113 2.4770687 2.5061190 2.5950897 1.7504261 1.5008876 0.0412828 
n299_324   2.0673497 2.1545785 3.0459362 2.4242749 2.2082387 2.3762945 2.1543548 0.1626506 2.5850813 2.0621687 1.8869345 0.5365998 2.4058647 0.0000000 2.1086347 2.5969815 2.0024551 3.7594698 3.0727425 2.5296567 0.0449025 2.5211325 0.0169048 0.4804445 0.1415360 2.2715636 2.4174897 2.3898081 
n236_257   0.9651084 0.6552910 2.0945418 2.4007127 1.8725851 0.6035945 0.6286752 2.1890046 1.9950695 0.6807906 2.9415926 3.0854927 0.6835299 2.1086347 0.0000000 0.6284125 0.6283473 2.7122312 2.6250537 0.6366442 2.1583280 0.6367199 2.1597378 2.3839859 2.0990117 2.1254684 1.9809239 0.6766416 
n298_323   1.0303308 0.3119802 2.0412670 1.8841834 1.6523393 0.0308169 0.1458159 2.1268859 1.9654367 0.3267866 2.3811419 2.3616733 0.3154936 2.5969815 0.6284125 0.0000000 0.2850782 2.3357961 2.5911589 0.1414526 2.4980334 0.1459199 2.6073383 2.2749222 2.7420401 1.8493194 1.6104056 0.3052051 
n290_315   1.0553789 0.0521494 1.7460647 2.0651414 1.6852233 0.2646206 0.2915319 1.8978874 1.8503581 0.0519910 2.4303128 2.3901108 0.1166193 2.0024551 0.6283473 0.2850782 0.0000000 2.2834582 2.5276868 0.2709683 2.0883965 0.2967774 2.0493841 2.2501723 2.1249391 1.9592698 1.4865712 0.1127385 
n251_272   2.9381496 2.3602489 2.8988089 2.4251015 3.7493702 2.5797974 2.2704032 3.4707900 2.7510340 2.4610149 1.9705828 4.3516647 2.1655382 3.7594698 2.7122312 2.3357961 2.2834582 0.0000000 0.2210177 2.3590823 3.4654612 2.7388084 3.7336159 3.4318486 3.6200832 2.4249093 4.0496371 2.1596948 
n255_276   3.8939721 2.6249115 3.4143609 3.5389369 5.4832031 2.7062705 2.7509144 2.7058923 2.8940062 2.5259516 2.2663331 3.4375339 2.7269642 3.0727425 2.6250537 2.5911589 2.5276868 0.2210177 0.0000000 2.8437777 3.0067091 3.2223362 3.0558292 3.0079214 2.9052639 3.8707833 7.4316782 2.7382727 
n294_319   0.9568712 0.3023670 1.8382749 1.8717308 1.6664838 0.1249689 0.1372024 2.1859101 1.7329233 0.3014853 2.6534853 2.4879439 0.2956953 2.5296567 0.6366442 0.1414526 0.2709683 2.3590823 2.8437777 0.0000000 2.8076082 0.0486297 2.6799402 2.3216645 2.8586197 1.7966165 1.6441061 0.2701436 
n292_317   2.2341882 2.1586344 2.8410248 2.3075659 2.1273748 2.2937694 2.2732212 0.1754822 2.6002888 2.1532124 1.9674569 0.5298668 2.6226472 0.0449025 2.1583280 2.4980334 2.0883965 3.4654612 3.0067091 2.8076082 0.0000000 2.7961405 0.0485178 0.4741825 0.1457248 2.1712236 2.3185865 2.6016426 
n293_318   0.9473296 0.3294357 1.9086141 1.8333798 1.6886246 0.1253692 0.1457191 2.1813859 1.8936931 0.3284559 2.6488763 2.2506704 0.3227113 2.5211325 0.6367199 0.1459199 0.2967774 2.7388084 3.2223362 0.0486297 2.7961405 0.0000000 2.6699514 2.3500335 2.7194237 1.7274446 1.6615969 0.2961444 
n300_325   2.1209050 2.1165400 3.1515257 2.3055544 2.1098989 2.3844043 2.2569706 0.1624553 2.6555601 2.1118482 1.9339281 0.5074667 2.4770687 0.0169048 2.1597378 2.6073383 2.0493841 3.7336159 3.0558292 2.6799402 0.0485178 2.6699514 0.0000000 0.4668716 0.1457098 2.1693203 2.2964301 2.4595023 
n278_303   2.0101510 2.4009307 2.0476603 1.8286397 1.8852173 2.2143913 2.6281100 0.4323344 1.8401031 2.2176179 2.3438334 0.0628163 2.5061190 0.4804445 2.3839859 2.2749222 2.2501723 3.4318486 3.0079214 2.3216645 0.4741825 2.3500335 0.4668716 0.0000000 0.4997995 1.8445369 1.9501645 2.4050566 
n280_305   2.0520047 2.1854406 2.7005398 2.2691241 2.1182386 2.5016306 2.2065542 0.1751793 2.4533020 2.1912196 1.9590350 0.5658090 2.5950897 0.1415360 2.0990117 2.7420401 2.1249391 3.6200832 2.9052639 2.8586197 0.1457248 2.7194237 0.1457098 0.4997995 0.0000000 2.1424422 2.2944619 2.5003018 
n286_311   2.1841513 2.0065692 0.9854127 0.0596255 0.8399263 1.8860520 2.0233843 1.8351194 0.9314547 1.8698608 2.5134579 1.7132852 1.7504261 2.2715636 2.1254684 1.8493194 1.9592698 2.4249093 3.8707833 1.7966165 2.1712236 1.7274446 2.1693203 1.8445369 2.1424422 0.0000000 0.9090757 1.7395404 
n266_289   2.2373275 1.5408764 0.8483848 0.8609248 0.1668911 1.6681589 1.6481786 2.3703636 0.7459840 1.5024991 3.0966915 1.9233966 1.5008876 2.4174897 1.9809239 1.6104056 1.4865712 4.0496371 7.4316782 1.6441061 2.3185865 1.6615969 2.2964301 1.9501645 2.2944619 0.9090757 0.0000000 1.5102175 
n295_320   1.0738071 0.1250291 1.7248398 1.8142125 1.7241670 0.2895837 0.3016247 2.2619944 1.9018393 0.1287784 2.3760965 2.4266043 0.0412828 2.3898081 0.6766416 0.3052051 0.1127385 2.1596948 2.7382727 0.2701436 2.6016426 0.2961444 2.4595023 2.4050566 2.5003018 1.7395404 1.5102175 0.0000000 
