22
n286_195   0.0000000 0.2378970 0.2719316 0.2618528 0.2569543 0.2713650 0.2713037 0.0100607 0.1524668 0.2616288 0.3038814 0.2667521 0.2720763 0.2715153 0.2666007 0.2423948 0.1608999 0.2717611 0.2618845 0.2471661 0.2664536 0.2765280 
n275_184   0.2378970 0.0000000 0.0895246 0.0273114 0.0203924 0.2828340 0.2878103 0.2379033 0.2827481 0.0238368 0.1757629 0.0308056 0.2835978 0.0342941 0.0307891 0.0135168 0.2878114 0.2881365 0.0273153 0.0135191 0.2880505 0.2881077 
n236_153   0.2719316 0.0895246 0.0000000 0.0891903 0.0932547 0.2927334 0.2977722 0.2719388 0.3088934 0.1008995 0.1670898 0.0930127 0.2988933 0.0967922 0.0929644 0.0893415 0.3141524 0.2981112 0.0892029 0.0893569 0.2980205 0.2980820 
n296_205   0.2618528 0.0273114 0.0891903 0.0000000 0.0307709 0.2717267 0.2766136 0.2618597 0.2922367 0.0377726 0.1751207 0.0100859 0.2724574 0.0066965 0.0033408 0.0272579 0.2973593 0.2769243 0.0067080 0.0272626 0.2768439 0.2768962 
n294_203   0.2569543 0.0203924 0.0932547 0.0307709 0.0000000 0.2875168 0.2876148 0.2569611 0.2979833 0.0169239 0.1799046 0.0342783 0.2834058 0.0377788 0.0342611 0.0203526 0.3031554 0.2879406 0.0307754 0.0203561 0.2878548 0.2879118 
n274_183   0.2713650 0.2828340 0.2927334 0.2717267 0.2875168 0.0000000 0.0133857 0.2713722 0.2865266 0.2874580 0.3193700 0.2715266 0.0888438 0.2763197 0.2765383 0.2722537 0.2916016 0.0133985 0.2666275 0.2822400 0.0811161 0.0133971 
n292_201   0.2713037 0.2878103 0.2977722 0.2766136 0.2876148 0.0133857 0.0000000 0.2713110 0.2862587 0.2875559 0.3245992 0.2764091 0.0775121 0.2812322 0.2814545 0.2771518 0.2913275 0.0066651 0.2714782 0.2872043 0.0699370 0.0066644 
n285_194   0.0100607 0.2379033 0.2719388 0.2618597 0.2569611 0.2713722 0.2713110 0.0000000 0.1442849 0.2616357 0.3038894 0.2667592 0.2720835 0.2715225 0.2666077 0.2424012 0.1526210 0.2717684 0.2618915 0.2471726 0.2664607 0.2765354 
n265_174   0.1524668 0.2827481 0.3088934 0.2922367 0.2979833 0.2865266 0.2862587 0.1442849 0.0000000 0.3080832 0.3371994 0.3028077 0.2870761 0.3023222 0.2971824 0.2875220 0.0135022 0.2966996 0.2976817 0.2926222 0.2714093 0.2966705 
n293_202   0.2616288 0.0238368 0.1008995 0.0377726 0.0169239 0.2874580 0.2875559 0.2616357 0.3080832 0.0000000 0.1840580 0.0413147 0.2833477 0.0448436 0.0412929 0.0237902 0.3133254 0.2878816 0.0377781 0.0237943 0.2877958 0.2878528 
n200_129   0.3038814 0.1757629 0.1670898 0.1751207 0.1799046 0.3193700 0.3245992 0.3038894 0.3371994 0.1840580 0.0000000 0.1794654 0.3312785 0.1837174 0.1793678 0.1753853 0.3426912 0.3249747 0.1751441 0.1754154 0.3250390 0.3249443 
n290_199   0.2667521 0.0308056 0.0930127 0.0100859 0.0342783 0.2715266 0.2764091 0.2667592 0.3028077 0.0413147 0.1794654 0.0000000 0.2622952 0.0100762 0.0134752 0.0307441 0.3080109 0.2767193 0.0033447 0.0307494 0.2766391 0.2766913 
n278_187   0.2720763 0.2835978 0.2988933 0.2724574 0.2834058 0.0888438 0.0775121 0.2720835 0.2870761 0.2833477 0.3312785 0.2622952 0.0000000 0.2770624 0.2772819 0.2729870 0.2921603 0.0813633 0.2673436 0.2830010 0.0341695 0.0813545 
n289_198   0.2715153 0.0342941 0.0967922 0.0066965 0.0377788 0.2763197 0.2812322 0.2715225 0.3023222 0.0448436 0.1837174 0.0100762 0.2770624 0.0000000 0.0100661 0.0342257 0.3075159 0.2815485 0.0067016 0.0342315 0.2814660 0.2815202 
n295_204   0.2666007 0.0307891 0.0929644 0.0033408 0.0342611 0.2765383 0.2814545 0.2666077 0.2971824 0.0412929 0.1793678 0.0134752 0.2772819 0.0100661 0.0000000 0.0307287 0.3023381 0.2817713 0.0100824 0.0307340 0.2816887 0.2817430 
n298_207   0.2423948 0.0135168 0.0893415 0.0272579 0.0203526 0.2722537 0.2771518 0.2424012 0.2875220 0.0237902 0.1753853 0.0307441 0.2729870 0.0342257 0.0307287 0.0000000 0.2926161 0.2774636 0.0272619 0.0067126 0.2773829 0.2774355 
n266_175   0.1608999 0.2878114 0.3141524 0.2973593 0.3031554 0.2916016 0.2913275 0.1526210 0.0135022 0.3133254 0.3426912 0.3080109 0.2921603 0.3075159 0.3023381 0.2926161 0.0000000 0.3018472 0.3028481 0.2977530 0.2763745 0.3018178 
n300_209   0.2717611 0.2881365 0.2981112 0.2769243 0.2879406 0.0133985 0.0066651 0.2717684 0.2966996 0.2878816 0.3249747 0.2767193 0.0813633 0.2815485 0.2817713 0.2774636 0.3018472 0.0000000 0.2717821 0.2875292 0.0737278 0.0066707 
n287_196   0.2618845 0.0273153 0.0892029 0.0067080 0.0307754 0.2666275 0.2714782 0.2618915 0.2976817 0.0377781 0.1751441 0.0033447 0.2673436 0.0067016 0.0100824 0.0272619 0.3028481 0.2717821 0.0000000 0.0272666 0.2717041 0.2717544 
n297_206   0.2471661 0.0135191 0.0893569 0.0272626 0.0203561 0.2822400 0.2872043 0.2471726 0.2926222 0.0237943 0.1754154 0.0307494 0.2830010 0.0342315 0.0307340 0.0067126 0.2977530 0.2875292 0.0272666 0.0000000 0.2874436 0.2875005 
n277_186   0.2664536 0.2880505 0.2980205 0.2768439 0.2878548 0.0811161 0.0699370 0.2664607 0.2714093 0.2877958 0.3250390 0.2766391 0.0341695 0.2814660 0.2816887 0.2773829 0.2763745 0.0737278 0.2717041 0.2874436 0.0000000 0.0737200 
n280_189   0.2765280 0.2881077 0.2980820 0.2768962 0.2879118 0.0133971 0.0066644 0.2765354 0.2966705 0.2878528 0.3249443 0.2766913 0.0813545 0.2815202 0.2817430 0.2774355 0.3018178 0.0066707 0.2717544 0.2875005 0.0737200 0.0000000 
