23
n292_293   0.0000000 0.2859041 0.2806309 0.2662618 0.4360382 0.3383274 0.2755794 0.0100786 0.4226413 0.2904196 0.0033428 0.0590961 0.2662405 0.2712746 0.4213038 0.2857245 0.2808593 0.3315447 0.2999300 0.3381593 0.0664258 0.0067042 0.3219294 
n287_288   0.2859041 0.0000000 0.0033488 0.0238378 0.3486541 0.2808800 0.0342434 0.2909106 0.3210408 0.0591798 0.2908774 0.2653599 0.0203707 0.0238335 0.3366255 0.0169124 0.0100997 0.2898143 0.1121343 0.2855451 0.2753664 0.2859041 0.2907627 
n290_291   0.2806309 0.0033488 0.0000000 0.0203676 0.3428555 0.2756463 0.0307202 0.2855966 0.3154904 0.0555144 0.2855648 0.2602625 0.0169219 0.0203638 0.3364256 0.0134873 0.0067121 0.2845268 0.1081378 0.2802791 0.2701864 0.2806309 0.2854536 
n294_295   0.2662618 0.0238378 0.0203676 0.0000000 0.3383589 0.2712263 0.0203793 0.2711358 0.3108972 0.0484357 0.2711074 0.2559219 0.0067360 0.0101323 0.3264774 0.0273054 0.0203815 0.2800825 0.1044227 0.2758428 0.2657990 0.2662618 0.2809933 
n251_252   0.4360382 0.3486541 0.3428555 0.3383589 0.0000000 0.4421005 0.3428514 0.4360400 0.0516338 0.3586004 0.4356853 0.4047242 0.3383013 0.3438934 0.3236653 0.3597728 0.3487755 0.4091478 0.3478664 0.4418532 0.4169561 0.4360382 0.4350320 
n286_287   0.3383274 0.2808800 0.2756463 0.2712263 0.4421005 0.0000000 0.2803471 0.3437148 0.3989868 0.3002780 0.3436673 0.3269914 0.2661409 0.2711745 0.3747212 0.2808930 0.2758700 0.2126597 0.2949024 0.0100892 0.3379535 0.3383274 0.1999816 
n275_276   0.2755794 0.0342434 0.0307202 0.0203793 0.3428514 0.2803471 0.0000000 0.2805090 0.3152694 0.0555032 0.2804784 0.2601056 0.0135126 0.0169385 0.3306821 0.0377545 0.0307413 0.2944750 0.1159307 0.2850022 0.2700231 0.2755794 0.2954409 
n274_275   0.0100786 0.2909106 0.2855966 0.2711358 0.4360400 0.3437148 0.2805090 0.0000000 0.4164309 0.2954490 0.0134683 0.0700629 0.2711140 0.2761842 0.4213362 0.2907266 0.2858298 0.3368616 0.3050181 0.3435429 0.0775149 0.0168827 0.3271881 
n255_256   0.4226413 0.3210408 0.3154904 0.3108972 0.0516338 0.3989868 0.3152694 0.4164309 0.0000000 0.3357486 0.4223028 0.3861995 0.3108459 0.3162069 0.2869658 0.3317185 0.3211527 0.3790805 0.3151884 0.3987745 0.3980893 0.4226413 0.3982249 
n236_237   0.2904196 0.0591798 0.0555144 0.0484357 0.3586004 0.3002780 0.0555032 0.2954490 0.3357486 0.0000000 0.2954148 0.2744839 0.0448359 0.0484267 0.3567623 0.0628089 0.0555531 0.2995581 0.1356882 0.3050374 0.2846015 0.2904196 0.3005440 
n299_300   0.0033428 0.2908774 0.2855648 0.2711074 0.4356853 0.3436673 0.2804784 0.0134683 0.4223028 0.2954148 0.0000000 0.0627207 0.2710856 0.2761546 0.4209674 0.2906935 0.2857979 0.3368162 0.3049814 0.3434955 0.0700890 0.0100788 0.3271454 
n278_279   0.0590961 0.2653599 0.2602625 0.2559219 0.4047242 0.3269914 0.2601056 0.0700629 0.3861995 0.2744839 0.0627207 0.0000000 0.2509629 0.2558732 0.4208578 0.2701817 0.2604711 0.3416829 0.2691101 0.3268313 0.0066848 0.0590961 0.3319698 
n297_298   0.2662405 0.0203707 0.0169219 0.0067360 0.3383013 0.2661409 0.0135126 0.2711140 0.3108459 0.0448359 0.2710856 0.2509629 0.0000000 0.0033593 0.3261988 0.0238199 0.0169335 0.2749479 0.1004918 0.2707277 0.2607635 0.2662405 0.2758382 
n298_299   0.2712746 0.0238335 0.0203638 0.0101323 0.3438934 0.2711745 0.0169385 0.2761842 0.3162069 0.0484267 0.2761546 0.2558732 0.0033593 0.0000000 0.3316753 0.0273004 0.0203777 0.2800290 0.1044033 0.2757901 0.2657483 0.2712746 0.2809396 
n244_245   0.4213038 0.3366255 0.3364256 0.3264774 0.3236653 0.3747212 0.3306821 0.4213362 0.2869658 0.3567623 0.4209674 0.4208578 0.3261988 0.3316753 0.0000000 0.3419238 0.3367088 0.4136819 0.3355789 0.3798948 0.4333421 0.4213038 0.4151517 
n296_297   0.2857245 0.0169124 0.0134873 0.0273054 0.3597728 0.2808930 0.0377545 0.2907266 0.3317185 0.0628089 0.2906935 0.2701817 0.0238199 0.0273004 0.3419238 0.0000000 0.0067143 0.2947920 0.1160421 0.2806318 0.2802568 0.2857245 0.2957599 
n295_296   0.2808593 0.0100997 0.0067121 0.0203815 0.3487755 0.2758700 0.0307413 0.2858298 0.3211527 0.0555531 0.2857979 0.2604711 0.0169335 0.0203777 0.3367088 0.0067143 0.0000000 0.2847582 0.1082164 0.2756149 0.2704045 0.2808593 0.2856865 
n266_267   0.3315447 0.2898143 0.2845268 0.2800825 0.4091478 0.2126597 0.2944750 0.3368616 0.3790805 0.2995581 0.3368162 0.3416829 0.2749479 0.2800290 0.4136819 0.2947920 0.2847582 0.0000000 0.3198717 0.2169383 0.3528376 0.3315447 0.0202640 
n200_201   0.2999300 0.1121343 0.1081378 0.1044227 0.3478664 0.2949024 0.1159307 0.3050181 0.3151884 0.1356882 0.3049814 0.2691101 0.1004918 0.1044033 0.3355789 0.1160421 0.1082164 0.3198717 0.0000000 0.3048667 0.2791360 0.2999300 0.3207291 
n285_286   0.3381593 0.2855451 0.2802791 0.2758428 0.4418532 0.0100892 0.2850022 0.3435429 0.3987745 0.3050374 0.3434955 0.3268313 0.2707277 0.2757901 0.3798948 0.2806318 0.2756149 0.2169383 0.3048667 0.0000000 0.3377858 0.3381593 0.2042105 
n277_278   0.0664258 0.2753664 0.2701864 0.2657990 0.4169561 0.3379535 0.2700231 0.0775149 0.3980893 0.2846015 0.0700890 0.0066848 0.2607635 0.2657483 0.4333421 0.2802568 0.2704045 0.3528376 0.2791360 0.3377858 0.0000000 0.0664258 0.3429943 
n280_281   0.0067042 0.2859041 0.2806309 0.2662618 0.4360382 0.3383274 0.2755794 0.0168827 0.4226413 0.2904196 0.0100788 0.0590961 0.2662405 0.2712746 0.4213038 0.2857245 0.2808593 0.3315447 0.2999300 0.3381593 0.0664258 0.0000000 0.3219294 
n265_266   0.3219294 0.2907627 0.2854536 0.2809933 0.4350320 0.1999816 0.2954409 0.3271881 0.3982249 0.3005440 0.3271454 0.3319698 0.2758382 0.2809396 0.4151517 0.2957599 0.2856865 0.0202640 0.3207291 0.2042105 0.3429943 0.3219294 0.0000000 
