22
n286_195   0.0000000 0.2965380 0.3063665 0.3208547 0.2863959 0.2119211 0.2163540 0.0100443 0.1230302 0.2912167 0.3119343 0.3058768 0.2540334 0.3008982 0.3204765 0.3069575 0.1269890 0.2209299 0.3108896 0.3014116 0.2634617 0.2302178 
n275_184   0.2965380 0.0000000 0.0885292 0.0481759 0.0134571 0.2817960 0.2866553 0.3064116 0.2579127 0.0100724 0.1355524 0.0446563 0.3022914 0.0411318 0.0482228 0.0272300 0.2722622 0.2865537 0.0482045 0.0237346 0.3125622 0.2872876 
n236_153   0.3063665 0.0885292 0.0000000 0.0809495 0.0809538 0.2975423 0.3025130 0.3169656 0.2676260 0.0772651 0.1439265 0.0847195 0.3288736 0.0810047 0.0846690 0.0886496 0.2821649 0.3024044 0.0884650 0.0847603 0.3289972 0.3031858 
n296_205   0.3208547 0.0481759 0.0809495 0.0000000 0.0410537 0.3017095 0.3066982 0.3316573 0.2816430 0.0375543 0.1437536 0.0375660 0.3173385 0.0340777 0.0100636 0.0482407 0.2964378 0.3065879 0.0410767 0.0446201 0.3278165 0.3073802 
n294_203   0.2863959 0.0134571 0.0809538 0.0410537 0.0000000 0.2813793 0.2862298 0.2961343 0.2482976 0.0033387 0.1274077 0.0375672 0.2920600 0.0340787 0.0410935 0.0203061 0.2624528 0.2861285 0.0410781 0.0168571 0.3120868 0.2868602 
n274_183   0.2119211 0.2817960 0.2975423 0.3017095 0.2813793 0.0000000 0.0033460 0.2163706 0.2113113 0.2765976 0.2872334 0.2918838 0.0629207 0.2869886 0.3067497 0.2869255 0.2247468 0.0067092 0.2968154 0.2815541 0.0665653 0.0134922 
n292_201   0.2163540 0.2866553 0.3025130 0.3066982 0.2862298 0.0033460 0.0000000 0.2208289 0.2157293 0.2814185 0.2921339 0.2968108 0.0665644 0.2918838 0.3117729 0.2918198 0.2292439 0.0033468 0.3017733 0.2864081 0.0702257 0.0100956 
n285_194   0.0100443 0.3064116 0.3169656 0.3316573 0.2961343 0.2163706 0.2208289 0.0000000 0.1229889 0.3010120 0.3170003 0.3164590 0.2587466 0.3114053 0.3312654 0.3169720 0.1269461 0.2254328 0.3215449 0.3113432 0.2682314 0.2347780 
n265_174   0.1230302 0.2579127 0.2676260 0.2816430 0.2482976 0.2113113 0.2157293 0.1229889 0.0000000 0.2528952 0.2818408 0.2533834 0.2345006 0.2533175 0.2865462 0.2677813 0.0100618 0.2157180 0.2627279 0.2625585 0.2482167 0.2295449 
n293_202   0.2912167 0.0100724 0.0772651 0.0375543 0.0033387 0.2765976 0.2814185 0.3010120 0.2528952 0.0000000 0.1234814 0.0340812 0.2969191 0.0306075 0.0375906 0.0168874 0.2671329 0.2813192 0.0375766 0.0134584 0.3071025 0.2820372 
n200_129   0.3119343 0.1355524 0.1439265 0.1437536 0.1274077 0.2872334 0.2921339 0.3170003 0.2818408 0.1234814 0.0000000 0.1397920 0.3174987 0.1357806 0.1478203 0.1357373 0.2966525 0.2921185 0.1438418 0.1315151 0.3176156 0.2927805 
n290_199   0.3058768 0.0446563 0.0847195 0.0375660 0.0375672 0.2918838 0.2968108 0.3164590 0.2533834 0.0340812 0.1397920 0.0000000 0.3073072 0.0033408 0.0410728 0.0447163 0.2676497 0.2967048 0.0100644 0.0411159 0.3176468 0.2974685 
n278_187   0.2540334 0.3022914 0.3288736 0.3173385 0.2920600 0.0629207 0.0665644 0.2587466 0.2345006 0.2969191 0.3174987 0.3073072 0.0000000 0.3023065 0.3224933 0.3023027 0.2483956 0.0665610 0.3123419 0.2967973 0.0168645 0.0777391 
n289_198   0.3008982 0.0411318 0.0810047 0.0340777 0.0340787 0.2869886 0.2918838 0.3114053 0.2533175 0.0306075 0.1357806 0.0033408 0.3023065 0.0000000 0.0375689 0.0411870 0.2675797 0.2917799 0.0066965 0.0376082 0.3125748 0.2925293 
n295_204   0.3204765 0.0482228 0.0846690 0.0100636 0.0410935 0.3067497 0.3117729 0.3312654 0.2865462 0.0375906 0.1478203 0.0410728 0.3224933 0.0375689 0.0000000 0.0518039 0.3014419 0.3116604 0.0445997 0.0481610 0.3330490 0.3124679 
n298_207   0.3069575 0.0272300 0.0886496 0.0482407 0.0203061 0.2869255 0.2918198 0.3169720 0.2677813 0.0168874 0.1357373 0.0447163 0.3023027 0.0411870 0.0518039 0.0000000 0.2823341 0.2917159 0.0482693 0.0100792 0.3125707 0.2924651 
n266_175   0.1269890 0.2722622 0.2821649 0.2964378 0.2624528 0.2247468 0.2292439 0.1269461 0.0100618 0.2671329 0.2966525 0.2676497 0.2483956 0.2675797 0.3014419 0.2823341 0.0000000 0.2292319 0.2771679 0.2769921 0.2623635 0.2433256 
n300_209   0.2209299 0.2865537 0.3024044 0.3065879 0.2861285 0.0067092 0.0033468 0.2254328 0.2157180 0.2813192 0.2921185 0.2967048 0.0665610 0.2917799 0.3116604 0.2917159 0.2292319 0.0000000 0.3016652 0.2863067 0.0702221 0.0134956 
n287_196   0.3108896 0.0482045 0.0884650 0.0410767 0.0410781 0.2968154 0.3017733 0.3215449 0.2627279 0.0375766 0.1438418 0.0100644 0.3123419 0.0066965 0.0445997 0.0482693 0.2771679 0.3016652 0.0000000 0.0446466 0.3227508 0.3024432 
n297_206   0.3014116 0.0237346 0.0847603 0.0446201 0.0168571 0.2815541 0.2864081 0.3113432 0.2625585 0.0134584 0.1315151 0.0411159 0.2967973 0.0376082 0.0481610 0.0100792 0.2769921 0.2863067 0.0446466 0.0000000 0.3069757 0.2870393 
n277_186   0.2634617 0.3125622 0.3289972 0.3278165 0.3120868 0.0665653 0.0702257 0.2682314 0.2482167 0.3071025 0.3176156 0.3176468 0.0168645 0.3125748 0.3330490 0.3125707 0.2623635 0.0702221 0.3227508 0.3069757 0.0000000 0.0814586 
n280_189   0.2302178 0.2872876 0.3031858 0.3073802 0.2868602 0.0134922 0.0100956 0.2347780 0.2295449 0.2820372 0.2927805 0.2974685 0.0777391 0.2925293 0.3124679 0.2924651 0.2433256 0.0134956 0.3024432 0.2870393 0.0814586 0.0000000 
