23
n292_293   0.0000000 0.3607057 0.3801373 0.4784715 0.2802052 0.0134616 0.3804241 0.0203258 0.3667972 0.4784683 0.3536585 0.0100693 0.0822007 0.3615593 0.4333281 0.3742388 0.3675246 0.2905130 0.4045936 0.2908080 0.0821544 0.0272429 0.2792830 
n287_288   0.3607057 0.0000000 0.0524554 0.4132995 0.3128647 0.3669108 0.0524947 0.3375219 0.0101110 0.4197058 0.0746737 0.3609506 0.3206781 0.0415660 0.4336590 0.0488416 0.0239184 0.2962312 0.1605696 0.3119240 0.2981226 0.3613665 0.2801101 
n294_295   0.3801373 0.0524554 0.0000000 0.4341270 0.3243223 0.3865568 0.0204478 0.3562309 0.0635360 0.4335338 0.0673191 0.3804041 0.3440718 0.0101225 0.4597103 0.0033514 0.0636944 0.3022642 0.1696524 0.3233396 0.3206608 0.3808405 0.2966399 
n251_252   0.4784715 0.4132995 0.4341270 0.0000000 0.4561608 0.4859626 0.4203980 0.4650660 0.4199209 0.0524687 0.3732324 0.4788613 0.4441357 0.4269347 0.3489605 0.4277389 0.4138166 0.4362620 0.4881680 0.4627199 0.4110033 0.4929882 0.4290028 
n286_287   0.2802052 0.3128647 0.3243223 0.4561608 0.0000000 0.2800586 0.3417979 0.2593753 0.3191076 0.4558559 0.2898773 0.2748535 0.2492747 0.3241023 0.4046682 0.3299279 0.3191054 0.1422706 0.3786732 0.0236970 0.2293524 0.2750082 0.1378012 
n300_301   0.0134616 0.3669108 0.3865568 0.4859626 0.2800586 0.0000000 0.3868480 0.0203143 0.3730649 0.4859570 0.3597815 0.0033364 0.0783402 0.3677839 0.4403263 0.3805995 0.3738097 0.3010921 0.4112579 0.2959537 0.0821077 0.0272275 0.2896648 
n275_276   0.3804241 0.0524947 0.0204478 0.4203980 0.3417979 0.3868480 0.0000000 0.3565017 0.0635838 0.4268724 0.0749083 0.3806913 0.3443340 0.0101299 0.4472043 0.0170009 0.0637424 0.3132615 0.1697828 0.3407508 0.3209061 0.3811281 0.3075366 
n274_275   0.0203258 0.3375219 0.3562309 0.4650660 0.2593753 0.0203143 0.3565017 0.0000000 0.3492649 0.4650670 0.3307548 0.0168830 0.0708414 0.3383069 0.4271586 0.3505284 0.3440695 0.2798192 0.3798733 0.2694662 0.0670380 0.0203122 0.2687940 
n289_290   0.3667972 0.0101110 0.0635360 0.4199209 0.3191076 0.3730649 0.0635838 0.3492649 0.0000000 0.4263866 0.0861599 0.3670488 0.3264130 0.0524376 0.4404839 0.0598609 0.0344789 0.2909919 0.1694603 0.3181432 0.3036524 0.3674708 0.2801685 
n255_256   0.4784683 0.4197058 0.4335338 0.0524687 0.4558559 0.4859570 0.4268724 0.4650670 0.4263866 0.0000000 0.3792706 0.4788580 0.4441427 0.4334672 0.3597009 0.4271597 0.4202344 0.4502759 0.5031408 0.4624063 0.4175093 0.4929802 0.4428500 
n236_237   0.3536585 0.0746737 0.0673191 0.3732324 0.2898773 0.3597815 0.0749083 0.3307548 0.0861599 0.3792706 0.0000000 0.3538956 0.3141072 0.0635337 0.4043415 0.0636206 0.0863788 0.2742844 0.1390275 0.2890203 0.2918246 0.3595659 0.2741404 
n299_300   0.0100693 0.3609506 0.3804041 0.4788613 0.2748535 0.0033364 0.3806913 0.0168830 0.3670488 0.4788580 0.3538956 0.0000000 0.0745623 0.3618056 0.4336588 0.3744992 0.3677773 0.2957194 0.4048881 0.2906212 0.0783091 0.0237595 0.2843944 
n278_279   0.0822007 0.3206781 0.3440718 0.4441357 0.2492747 0.0783402 0.3443340 0.0708414 0.3264130 0.4441427 0.3141072 0.0745623 0.0000000 0.3264860 0.4535274 0.3384706 0.3270368 0.2639210 0.3737508 0.2545808 0.0272783 0.0860028 0.2531958 
n297_298   0.3615593 0.0415660 0.0101225 0.4269347 0.3241023 0.3677839 0.0101299 0.3383069 0.0524376 0.4334672 0.0635337 0.3618056 0.3264860 0.0000000 0.4460422 0.0067332 0.0525670 0.2963409 0.1563713 0.3231211 0.3037185 0.3622230 0.2907787 
n244_245   0.4333281 0.4336590 0.4597103 0.3489605 0.4046682 0.4403263 0.4472043 0.4271586 0.4404839 0.3597009 0.4043415 0.4336588 0.4535274 0.4460422 0.0000000 0.4531124 0.4342141 0.4422312 0.4476809 0.4165779 0.4327016 0.4469632 0.4353395 
n293_294   0.3742388 0.0488416 0.0033514 0.4277389 0.3299279 0.3805995 0.0170009 0.3505284 0.0598609 0.4271597 0.0636206 0.3744992 0.3384706 0.0067332 0.4531124 0.0000000 0.0600097 0.3076933 0.1653336 0.3289251 0.3152525 0.3749298 0.3020203 
n296_297   0.3675246 0.0239184 0.0636944 0.4138166 0.3191054 0.3738097 0.0637424 0.3440695 0.0344789 0.4202344 0.0863788 0.3677773 0.3270368 0.0525670 0.4342141 0.0600097 0.0000000 0.3022840 0.1697320 0.3181407 0.3042197 0.3682007 0.2859842 
n266_267   0.2905130 0.2962312 0.3022642 0.4362620 0.1422706 0.3010921 0.3132615 0.2798192 0.2909919 0.4502759 0.2742844 0.2957194 0.2639210 0.2963409 0.4422312 0.3076933 0.3022840 0.0000000 0.3295976 0.1420703 0.2437087 0.2904011 0.0236232 
n200_201   0.4045936 0.1605696 0.1696524 0.4881680 0.3786732 0.4112579 0.1697828 0.3798733 0.1694603 0.5031408 0.1390275 0.4048881 0.3737508 0.1563713 0.4476809 0.1653336 0.1697320 0.3295976 0.0000000 0.3774849 0.3492750 0.4109684 0.3348045 
n285_286   0.2908080 0.3119240 0.3233396 0.4627199 0.0236970 0.2959537 0.3407508 0.2694662 0.3181432 0.4624063 0.2890203 0.2906212 0.2545808 0.3231211 0.4165779 0.3289251 0.3181407 0.1420703 0.3774849 0.0000000 0.2344747 0.2853434 0.1420375 
n277_278   0.0821544 0.2981226 0.3206608 0.4110033 0.2293524 0.0821077 0.3209061 0.0670380 0.3036524 0.4175093 0.2918246 0.0783091 0.0272783 0.3037185 0.4327016 0.3152525 0.3042197 0.2437087 0.3492750 0.2344747 0.0000000 0.0820940 0.2333508 
n280_281   0.0272429 0.3613665 0.3808405 0.4929882 0.2750082 0.0272275 0.3811281 0.0203122 0.3674708 0.4929802 0.3595659 0.0237595 0.0860028 0.3622230 0.4469632 0.3749298 0.3682007 0.2904011 0.4109684 0.2853434 0.0820940 0.0000000 0.2791789 
n265_266   0.2792830 0.2801101 0.2966399 0.4290028 0.1378012 0.2896648 0.3075366 0.2687940 0.2801685 0.4428500 0.2741404 0.2843944 0.2531958 0.2907787 0.4353395 0.3020203 0.2859842 0.0236232 0.3348045 0.1420375 0.2333508 0.2791789 0.0000000 
