25
n292_293   0.0000000 0.2567509 0.2661812 0.2659936 0.3971591 0.2705456 0.0099923 0.2755924 0.0167498 0.2711279 0.4025712 0.3103518 0.0914738 0.2748363 0.2654771 0.4579925 0.2610460 0.2763816 0.2762529 0.2563942 0.2328462 0.2799206 0.0877154 0.0133945 0.2563316 
n287_288   0.2567509 0.0000000 0.0067161 0.0203355 0.3652690 0.2581065 0.2605756 0.0272396 0.2515021 0.0101036 0.3759515 0.0852498 0.3007197 0.0271770 0.0203019 0.4602992 0.0168961 0.0135184 0.0135123 0.2737313 0.1081422 0.2673947 0.3003009 0.2614727 0.2687154 
n290_291   0.2661812 0.0067161 0.0000000 0.0272335 0.3707063 0.2628338 0.2700276 0.0342008 0.2608504 0.0169127 0.3761459 0.0927935 0.3107229 0.0341219 0.0271884 0.4664162 0.0237584 0.0203664 0.0203573 0.2785739 0.1159161 0.2721759 0.3102882 0.2709631 0.2735232 
n294_295   0.2659936 0.0203355 0.0272335 0.0000000 0.3704582 0.2675379 0.2698373 0.0134883 0.2606682 0.0307290 0.3812059 0.0851052 0.3102082 0.0134576 0.0067026 0.4722194 0.0033470 0.0342647 0.0342494 0.2833911 0.1119563 0.2769326 0.3097748 0.2707714 0.2783063 
n251_252   0.3971591 0.3652690 0.3707063 0.3704582 0.0000000 0.3604101 0.4071300 0.3644728 0.3963791 0.3819874 0.0630152 0.4157051 0.4622159 0.3751054 0.3696794 0.3109411 0.3646830 0.3824972 0.3880888 0.3617864 0.3437719 0.3709732 0.4615178 0.3914279 0.3666501 
n286_287   0.2705456 0.2581065 0.2628338 0.2675379 0.3604101 0.0000000 0.2698934 0.2676049 0.2796013 0.2725804 0.3656095 0.2963731 0.3101359 0.2764421 0.2670157 0.4128997 0.2625534 0.2729207 0.2727932 0.1520793 0.2435919 0.0134195 0.3097026 0.2753506 0.1398669 
n300_301   0.0099923 0.2605756 0.2700276 0.2698373 0.4071300 0.2698934 0.0000000 0.2794590 0.0201024 0.2749869 0.4125942 0.3194468 0.0950062 0.2786922 0.2693139 0.4567649 0.2648754 0.2802591 0.2801287 0.2649921 0.2412284 0.2792430 0.0838719 0.0167442 0.2649266 
n275_276   0.2755924 0.0272396 0.0342008 0.0134883 0.3644728 0.2676049 0.2794590 0.0000000 0.2701829 0.0377336 0.3924461 0.0926561 0.3203919 0.0202789 0.0134661 0.4850053 0.0100865 0.0413124 0.0412929 0.2933034 0.1158813 0.2770016 0.3199420 0.2804328 0.2881451 
n274_275   0.0167498 0.2515021 0.2608504 0.2606682 0.3963791 0.2796013 0.0201024 0.2701829 0.0000000 0.2657531 0.4017795 0.3046281 0.0950909 0.2694455 0.2601654 0.4505938 0.2557671 0.2709529 0.2708272 0.2653022 0.2278137 0.2890691 0.0913182 0.0167576 0.2652367 
n289_290   0.2711279 0.0101036 0.0169127 0.0307290 0.3819874 0.2725804 0.2749869 0.0377336 0.2657531 0.0000000 0.3810546 0.0966653 0.3112411 0.0376463 0.0306779 0.4791799 0.0272331 0.0238313 0.0238207 0.2885681 0.1080548 0.2820392 0.3108050 0.2759434 0.2834425 
n255_256   0.4025712 0.3759515 0.3761459 0.3812059 0.0630152 0.3656095 0.4125942 0.3924461 0.4017795 0.3810546 0.0000000 0.4270952 0.4558073 0.3858965 0.3803984 0.3059603 0.3753450 0.3873278 0.3991003 0.3670096 0.3430329 0.3762359 0.4551216 0.3968017 0.3718962 
n236_237   0.3103518 0.0852498 0.0927935 0.0851052 0.4157051 0.2963731 0.3194468 0.0926561 0.3046281 0.0966653 0.4270952 0.0000000 0.3301826 0.0924324 0.0849582 0.5055881 0.0813026 0.1006299 0.1005845 0.3026756 0.1438597 0.3060950 0.3349658 0.3154275 0.2974558 
n278_279   0.0914738 0.3007197 0.3107229 0.3102082 0.4622159 0.3101359 0.0950062 0.3203919 0.0950909 0.3112411 0.4558073 0.3301826 0.0000000 0.3194818 0.3095864 0.5017552 0.3049348 0.3216371 0.3165549 0.2798368 0.2705060 0.3149849 0.0099988 0.0915195 0.2849414 
n297_298   0.2748363 0.0271770 0.0341219 0.0134576 0.3751054 0.2764421 0.2786922 0.0202789 0.2694455 0.0376463 0.3858965 0.0924324 0.3194818 0.0000000 0.0066921 0.4898496 0.0100635 0.0412157 0.0411973 0.2924806 0.1194963 0.2859193 0.3190345 0.2796605 0.2873405 
n298_299   0.2654771 0.0203019 0.0271884 0.0067026 0.3696794 0.2670157 0.2693139 0.0134661 0.2601654 0.0306779 0.3803984 0.0849582 0.3095864 0.0066921 0.0000000 0.4776317 0.0033408 0.0342077 0.0341925 0.2828297 0.1117595 0.2763889 0.3091556 0.2702438 0.2777573 
n244_245   0.4579925 0.4602992 0.4664162 0.4722194 0.3109411 0.4128997 0.4567649 0.4850053 0.4505938 0.4791799 0.3059603 0.5055881 0.5017552 0.4898496 0.4776317 0.0000000 0.4720199 0.4864610 0.4801634 0.4451157 0.4303015 0.4122279 0.4886886 0.4641536 0.4387281 
n293_294   0.2610460 0.0168961 0.0237584 0.0033470 0.3646830 0.2625534 0.2648754 0.0100865 0.2557671 0.0272331 0.3753450 0.0813026 0.3049348 0.0100635 0.0033408 0.4720199 0.0000000 0.0307457 0.0307320 0.2782729 0.1079949 0.2718842 0.3045094 0.2657890 0.2732288 
n296_297   0.2763816 0.0135184 0.0203664 0.0342647 0.3824972 0.2729207 0.2802591 0.0413124 0.2709529 0.0238313 0.3873278 0.1006299 0.3216371 0.0412157 0.0342077 0.4864610 0.0307457 0.0000000 0.0067360 0.2940167 0.1240415 0.2874073 0.3211840 0.2812384 0.2888431 
n295_296   0.2762529 0.0135123 0.0203573 0.0342494 0.3880888 0.2727932 0.2801287 0.0412929 0.2708272 0.0238207 0.3991003 0.1005845 0.3165549 0.0411973 0.0341925 0.4801634 0.0307320 0.0067360 0.0000000 0.2938776 0.1239855 0.2872723 0.3161099 0.2811071 0.2887068 
n266_267   0.2563942 0.2737313 0.2785739 0.2833911 0.3617864 0.1520793 0.2649921 0.2933034 0.2653022 0.2885681 0.3670096 0.3026756 0.2798368 0.2924806 0.2828297 0.4451157 0.2782729 0.2940167 0.2938776 0.0000000 0.2443090 0.1602185 0.2843579 0.2611087 0.0377908 
n200_201   0.2328462 0.1081422 0.1159161 0.1119563 0.3437719 0.2435919 0.2412284 0.1158813 0.2278137 0.1080548 0.3430329 0.1438597 0.2705060 0.1194963 0.1117595 0.4303015 0.1079949 0.1240415 0.1239855 0.2443090 0.0000000 0.2526993 0.2701351 0.2374059 0.2395153 
n285_286   0.2799206 0.2673947 0.2721759 0.2769326 0.3709732 0.0134195 0.2792430 0.2770016 0.2890691 0.2820392 0.3762359 0.3060950 0.3149849 0.2859193 0.2763889 0.4122279 0.2718842 0.2874073 0.2872723 0.1602185 0.2526993 0.0000000 0.3145436 0.2847825 0.1478854 
n277_278   0.0877154 0.3003009 0.3102882 0.3097748 0.4615178 0.3097026 0.0838719 0.3199420 0.0913182 0.3108050 0.4551216 0.3349658 0.0099988 0.3190345 0.3091556 0.4886886 0.3045094 0.3211840 0.3161099 0.2843579 0.2701351 0.3145436 0.0000000 0.0877591 0.2894898 
n280_281   0.0133945 0.2614727 0.2709631 0.2707714 0.3914279 0.2753506 0.0167442 0.2804328 0.0167576 0.2759434 0.3968017 0.3154275 0.0915195 0.2796605 0.2702438 0.4641536 0.2657890 0.2812384 0.2811071 0.2611087 0.2374059 0.2847825 0.0877591 0.0000000 0.2610445 
n265_266   0.2563316 0.2687154 0.2735232 0.2783063 0.3666501 0.1398669 0.2649266 0.2881451 0.2652367 0.2834425 0.3718962 0.2974558 0.2849414 0.2873405 0.2777573 0.4387281 0.2732288 0.2888431 0.2887068 0.0377908 0.2395153 0.1478854 0.2894898 0.2610445 0.0000000 
