26
n299_300   0.0000000 0.0066611 2.1111995 3.0427912 2.8725640 0.5327212 1.8462738 1.7417507 0.1207968 2.0428873 2.1885697 1.7716682 0.0376837 0.5570180 2.0066055 2.0288043 1.8772328 1.9130437 1.9529569 2.7314602 2.0638393 2.1036232 1.8866303 2.1892109 0.0891241 1.9814174 
n300_301   0.0066611 0.0000000 2.1064137 3.1755169 2.8436659 0.5319432 1.8423020 1.7381544 0.1206473 2.0383148 2.1834832 1.7679481 0.0376388 0.5412456 2.0021508 2.0242691 1.9201723 1.9577450 1.9486869 2.7060309 2.0591206 2.0988705 1.9150796 2.2273553 0.0852504 1.9770169 
n290_291   2.1111995 2.1064137 0.0000000 2.7145013 3.0525135 1.8160667 0.8922924 0.6052801 1.8349453 0.0308251 0.1547676 0.3703093 2.0141022 1.6732090 0.3251738 0.3152525 1.8609551 1.7381904 0.0449379 2.6535852 0.3444031 0.1635742 1.9633142 2.0368267 1.9705211 0.3165342 
n244_245   3.0427912 3.1755169 2.7145013 0.0000000 2.3935465 3.7340161 3.0737960 2.2244299 3.0885292 2.6388698 2.6749610 2.4315721 2.9495484 3.6586238 2.2232476 2.1463870 5.8030449 4.8385601 2.6913834 2.2771445 2.2074435 3.1293043 2.1568811 2.6600516 3.8014602 2.3272349 
n255_256   2.8725640 2.8436659 3.0525135 2.3935465 0.0000000 3.2047426 3.4372700 3.0086142 2.4559854 3.5475032 3.3948478 2.5893744 2.7184901 2.8770120 2.9757270 2.6566397 2.8447428 2.7351693 3.5984811 0.2601427 2.9250435 3.1382502 3.0703409 3.3992748 2.7011568 2.9419178 
n277_278   0.5327212 0.5319432 1.8160667 3.7340161 3.2047426 0.0000000 1.7646575 1.6749238 0.4983134 1.8428579 1.8737904 1.5340239 0.4889139 0.1500079 1.6081688 1.6799642 1.6903680 1.6626816 1.8166072 3.5143231 1.7527844 1.9161756 1.8398247 2.0440322 0.5088428 1.5728437 
n200_201   1.8462738 1.8423020 0.8922924 3.0737960 3.4372700 1.7646575 0.0000000 0.8362292 1.7043460 0.8775595 0.8854997 0.8564938 1.7793127 1.7178066 0.8471707 0.8851641 2.2382773 2.1355376 0.9009834 2.8455621 0.9077331 0.8990347 2.0184406 1.9246519 1.9114691 0.8369834 
n236_237   1.7417507 1.7381544 0.6052801 2.2244299 3.0086142 1.6749238 0.8362292 0.0000000 1.7145152 0.6024589 0.6489633 0.7039879 1.6606236 1.5701923 0.6880300 0.6700240 1.9134447 1.9034966 0.5947692 2.7594278 0.6091051 0.6941438 1.7679569 1.9506307 1.8106847 0.6471656 
n274_275   0.1207968 0.1206473 1.8349453 3.0885292 2.4559854 0.4983134 1.7043460 1.7145152 0.0000000 1.7444766 1.8844236 1.6349855 0.1169928 0.5136339 1.7234166 1.7929245 2.0458073 1.9075555 1.7300795 2.6690426 1.8144171 1.8571093 1.8288561 2.1708730 0.1091497 1.7846720 
n289_290   2.0428873 2.0383148 0.0308251 2.6388698 3.5475032 1.8428579 0.8775595 0.6024589 1.7444766 0.0000000 0.1338592 0.3573259 1.9509438 1.6965834 0.3130900 0.3033376 1.9288854 1.7766135 0.0202926 2.9897231 0.3318665 0.1423725 2.0662360 2.1477206 1.8340136 0.3095944 
n296_297   2.1885697 2.1834832 0.1547676 2.6749610 3.3948478 1.8737904 0.8854997 0.6489633 1.8844236 0.1338592 0.0000000 0.4100248 2.1477186 1.8947374 0.3553657 0.3450346 2.1447097 2.0252926 0.1420834 2.8492201 0.3696400 0.0415566 2.3512383 2.4949532 1.9564642 0.3456981 
n275_276   1.7716682 1.7679481 0.3703093 2.4315721 2.5893744 1.5340239 0.8564938 0.7039879 1.6349855 0.3573259 0.4100248 0.0000000 1.7201403 1.5421093 0.1637300 0.1643150 2.6814315 2.4885925 0.3738301 2.2278468 0.1296881 0.4035164 2.1580154 2.4773154 1.5733356 0.1210582 
n292_293   0.0376837 0.0376388 2.0141022 2.9495484 2.7184901 0.4889139 1.7793127 1.6606236 0.1169928 1.9509438 2.1477186 1.7201403 0.0000000 0.5120854 1.8844456 1.9569706 1.9045007 1.8897315 1.8681107 2.5668362 1.9586930 2.0656122 1.8885925 2.1913515 0.0932760 1.8845478 
n278_279   0.5570180 0.5412456 1.6732090 3.6586238 2.8770120 0.1500079 1.7178066 1.5701923 0.5136339 1.6965834 1.8947374 1.5421093 0.5120854 0.0000000 1.6142630 1.7798519 1.4496031 1.4502188 1.6731662 3.5525179 1.7180672 1.9353428 1.9589771 2.2315661 0.5197250 1.5672326 
n298_299   2.0066055 2.0021508 0.3251738 2.2232476 2.9757270 1.6081688 0.8471707 0.6880300 1.7234166 0.3130900 0.3553657 0.1637300 1.8844456 1.6142630 0.0000000 0.0414212 2.5625077 2.3899188 0.3342800 2.2334224 0.1553772 0.3615361 1.8984849 2.1424229 1.7740788 0.1462779 
n297_298   2.0288043 2.0242691 0.3152525 2.1463870 2.6566397 1.6799642 0.8851641 0.6700240 1.7929245 0.3033376 0.3450346 0.1643150 1.9569706 1.7798519 0.0414212 0.0000000 2.5609135 2.3879623 0.3242887 2.0784071 0.1473268 0.3511230 1.8649189 2.0971287 1.7917481 0.1469076 
n286_287   1.8772328 1.9201723 1.8609551 5.8030449 2.8447428 1.6903680 2.2382773 1.9134447 2.0458073 1.9288854 2.1447097 2.6814315 1.9045007 1.4496031 2.5625077 2.5609135 0.0000000 0.0522612 1.8975871 3.3300106 2.4598484 2.1743088 1.4057044 1.3843577 1.8815367 2.5189735 
n285_286   1.9130437 1.9577450 1.7381904 4.8385601 2.7351693 1.6626816 2.1355376 1.9034966 1.9075555 1.7766135 2.0252926 2.4885925 1.8897315 1.4502188 2.3899188 2.3879623 0.0522612 0.0000000 1.7487412 3.2219448 2.3546633 2.0530470 1.4043695 1.3424688 1.8419634 2.3558984 
n287_288   1.9529569 1.9486869 0.0449379 2.6913834 3.5984811 1.8166072 0.9009834 0.5947692 1.7300795 0.0202926 0.1420834 0.3738301 1.8681107 1.6731662 0.3342800 0.3242887 1.8975871 1.7487412 0.0000000 3.0246789 0.3479198 0.1507094 2.0483029 2.1292017 1.7807544 0.3251512 
n251_252   2.7314602 2.7060309 2.6535852 2.2771445 0.2601427 3.5143231 2.8455621 2.7594278 2.6690426 2.9897231 2.8492201 2.2278468 2.5668362 3.5525179 2.2334224 2.0784071 3.3300106 3.2219448 3.0246789 0.0000000 2.1108070 2.7963796 2.6681460 3.2626940 2.8307168 2.1138798 
n294_295   2.0638393 2.0591206 0.3444031 2.2074435 2.9250435 1.7527844 0.9077331 0.6091051 1.8144171 0.3318665 0.3696400 0.1296881 1.9586930 1.7180672 0.1553772 0.1473268 2.4598484 2.3546633 0.3479198 2.1108070 0.0000000 0.3751482 1.9842927 2.3139587 1.8563248 0.0413977 
n295_296   2.1036232 2.0988705 0.1635742 3.1293043 3.1382502 1.9161756 0.8990347 0.6941438 1.8571093 0.1423725 0.0415566 0.4035164 2.0656122 1.9353428 0.3615361 0.3511230 2.1743088 2.0530470 0.1507094 2.7963796 0.3751482 0.0000000 2.4055913 2.5883583 1.8869262 0.3452055 
n266_267   1.8866303 1.9150796 1.9633142 2.1568811 3.0703409 1.8398247 2.0184406 1.7679569 1.8288561 2.0662360 2.3512383 2.1580154 1.8885925 1.9589771 1.8984849 1.8649189 1.4057044 1.4043695 2.0483029 2.6681460 1.9842927 2.4055913 0.0000000 0.1512369 1.8319252 2.0806752 
n265_266   2.1892109 2.2273553 2.0368267 2.6600516 3.3992748 2.0440322 1.9246519 1.9506307 2.1708730 2.1477206 2.4949532 2.4773154 2.1913515 2.2315661 2.1424229 2.0971287 1.3843577 1.3424688 2.1292017 3.2626940 2.3139587 2.5883583 0.1512369 0.0000000 2.1337865 2.2813969 
n280_281   0.0891241 0.0852504 1.9705211 3.8014602 2.7011568 0.5088428 1.9114691 1.8106847 0.1091497 1.8340136 1.9564642 1.5733356 0.0932760 0.5197250 1.7740788 1.7917481 1.8815367 1.8419634 1.7807544 2.8307168 1.8563248 1.8869262 1.8319252 2.1337865 0.0000000 1.7889705 
n293_294   1.9814174 1.9770169 0.3165342 2.3272349 2.9419178 1.5728437 0.8369834 0.6471656 1.7846720 0.3095944 0.3456981 0.1210582 1.8845478 1.5672326 0.1462779 0.1469076 2.5189735 2.3558984 0.3251512 2.1138798 0.0413977 0.3452055 2.0806752 2.2813969 1.7889705 0.0000000 
