24
n287_288   0.0000000 0.0033457 0.0703232 0.3417779 0.2930846 0.2980019 0.3579084 0.3517994 0.0483709 0.3472352 0.3525905 0.0067081 0.0484234 0.0483929 0.0448186 0.2877472 0.4200890 0.0134871 0.2974193 0.4572860 0.3465946 0.1700221 0.3423137 0.4198643 
n290_291   0.0033457 0.0000000 0.0666739 0.3418235 0.2881937 0.2930833 0.3525905 0.3465285 0.0448286 0.3419841 0.3473057 0.0033479 0.0448773 0.0448499 0.0412910 0.2828927 0.4201445 0.0100965 0.2925114 0.4512730 0.3413550 0.1658691 0.3370898 0.4199197 
n236_237   0.0703232 0.0666739 0.0000000 0.3470609 0.2982669 0.3032160 0.3575854 0.3514845 0.0776537 0.3469236 0.3522731 0.0666821 0.0777378 0.0776905 0.0665575 0.2928879 0.4256995 0.0741188 0.3026218 0.4769407 0.3462852 0.1786230 0.3476353 0.4126715 
n278_279   0.3417779 0.3418235 0.3470609 0.0000000 0.2733406 0.3033884 0.0666155 0.0703184 0.3753551 0.0593557 0.0629845 0.3473445 0.3699281 0.3756108 0.3643246 0.2681552 0.4320286 0.3527550 0.3079635 0.4823429 0.0666790 0.3516603 0.0134864 0.4378028 
n285_286   0.2930846 0.2881937 0.2982669 0.2733406 0.0000000 0.1209220 0.2685327 0.2735323 0.3192202 0.2590138 0.2637868 0.2885375 0.3141700 0.3194224 0.3086594 0.0033634 0.4269384 0.2885794 0.1166063 0.4505045 0.2688035 0.2628490 0.2737731 0.4323405 
n265_266   0.2980019 0.2930833 0.3032160 0.3033884 0.1209220 0.0000000 0.2989972 0.3144828 0.3243055 0.2991661 0.3041956 0.2934334 0.3192261 0.3245121 0.3136766 0.1168462 0.4392133 0.2934757 0.0203356 0.4580909 0.3095084 0.3139713 0.3092410 0.4512267 
n280_281   0.3579084 0.3525905 0.3575854 0.0666155 0.2685327 0.2989972 0.0000000 0.0100760 0.3859754 0.0067069 0.0033437 0.3530228 0.3804844 0.3862415 0.3748075 0.2633838 0.4842420 0.3584760 0.3031093 0.4948166 0.0067059 0.3748465 0.0593715 0.4902318 
n299_300   0.3517994 0.3465285 0.3514845 0.0703184 0.2735323 0.3144828 0.0100760 0.0000000 0.3795972 0.0100870 0.0067050 0.3469518 0.3741558 0.3798575 0.3685345 0.2683442 0.4768604 0.3523546 0.3186415 0.4944896 0.0033408 0.3685791 0.0630392 0.4827917 
n293_294   0.0483709 0.0448286 0.0776537 0.3753551 0.3192202 0.3243055 0.3859754 0.3795972 0.0000000 0.3749147 0.3804650 0.0484037 0.0066873 0.0066832 0.0100553 0.3136654 0.4568949 0.0556254 0.3236630 0.4888144 0.3742119 0.1786128 0.3759863 0.4566378 
n274_275   0.3472352 0.3419841 0.3469236 0.0593557 0.2590138 0.2991661 0.0067069 0.0100870 0.3749147 0.0000000 0.0033473 0.3424020 0.3694940 0.3751698 0.3638975 0.2539341 0.4717368 0.3477830 0.3032805 0.4821789 0.0067131 0.3639462 0.0521706 0.4776441 
n292_293   0.3525905 0.3473057 0.3522731 0.0629845 0.2637868 0.3041956 0.0033437 0.0067050 0.3804650 0.0033473 0.0000000 0.3477308 0.3750090 0.3807257 0.3693720 0.2586722 0.4780137 0.3531482 0.3083241 0.4885224 0.0033468 0.3694159 0.0557693 0.4839625 
n296_297   0.0067081 0.0033479 0.0666821 0.3473445 0.2885375 0.2934334 0.3530228 0.3469518 0.0484037 0.3424020 0.3477308 0.0000000 0.0484555 0.0484259 0.0448490 0.2832293 0.4144080 0.0067186 0.2928603 0.4518484 0.3417713 0.1660569 0.3425825 0.4204473 
n294_295   0.0484234 0.0448773 0.0777378 0.3699281 0.3141700 0.3192261 0.3804844 0.3741558 0.0066873 0.3694940 0.3750090 0.0484555 0.0000000 0.0066903 0.0100658 0.3086537 0.4509206 0.0556851 0.3185949 0.4826061 0.3688034 0.1829642 0.3705486 0.4506687 
n275_276   0.0483929 0.0448499 0.0776905 0.3756108 0.3194224 0.3245121 0.3862415 0.3798575 0.0066832 0.3751698 0.3807257 0.0484259 0.0066903 0.0000000 0.0100597 0.3138625 0.4572393 0.0556511 0.3238687 0.4891985 0.3744660 0.1873074 0.3762430 0.4569817 
n297_298   0.0448186 0.0412910 0.0665575 0.3643246 0.3086594 0.3136766 0.3748075 0.3685345 0.0100553 0.3638975 0.3693720 0.0448490 0.0100658 0.0100597 0.0000000 0.3031928 0.4446875 0.0520348 0.3130584 0.4896368 0.3632188 0.1829189 0.3649336 0.4444413 
n286_287   0.2877472 0.2828927 0.2928879 0.2681552 0.0033634 0.1168462 0.2633838 0.2683442 0.3136654 0.2539341 0.2586722 0.2832293 0.3086537 0.3138625 0.3031928 0.0000000 0.4204382 0.2832706 0.1125682 0.4437891 0.2636488 0.2577560 0.2685781 0.4257980 
n255_256   0.4200890 0.4201445 0.4256995 0.4320286 0.4269384 0.4392133 0.4842420 0.4768604 0.4568949 0.4717368 0.4780137 0.4144080 0.4509206 0.4572393 0.4446875 0.4204382 0.0000000 0.4203041 0.4324214 0.3691872 0.4707980 0.4571094 0.4516749 0.0518780 
n295_296   0.0134871 0.0100965 0.0741188 0.3527550 0.2885794 0.2934757 0.3584760 0.3523546 0.0556254 0.3477830 0.3531482 0.0067186 0.0556851 0.0556511 0.0520348 0.2832706 0.4203041 0.0000000 0.2929025 0.4580515 0.3471413 0.1747064 0.3479663 0.4263895 
n266_267   0.2974193 0.2925114 0.3026218 0.3079635 0.1166063 0.0203356 0.3031093 0.3186415 0.3236630 0.3032805 0.3083241 0.2928603 0.3185949 0.3238687 0.3130584 0.1125682 0.4324214 0.2929025 0.0000000 0.4367530 0.3136543 0.3077827 0.3138517 0.4443210 
n244_245   0.4572860 0.4512730 0.4769407 0.4823429 0.4505045 0.4580909 0.4948166 0.4944896 0.4888144 0.4821789 0.4885224 0.4518484 0.4826061 0.4891985 0.4896368 0.4437891 0.3691872 0.4580515 0.4367530 0.0000000 0.4883074 0.4630069 0.4897292 0.3629574 
n300_301   0.3465946 0.3413550 0.3462852 0.0666790 0.2688035 0.3095084 0.0067059 0.0033408 0.3742119 0.0067131 0.0033468 0.3417713 0.3688034 0.3744660 0.3632188 0.2636488 0.4707980 0.3471413 0.3136543 0.4883074 0.0000000 0.3632690 0.0594280 0.4766908 
n200_201   0.1700221 0.1658691 0.1786230 0.3516603 0.2628490 0.3139713 0.3748465 0.3685791 0.1786128 0.3639462 0.3694159 0.1660569 0.1829642 0.1873074 0.1829189 0.2577560 0.4571094 0.1747064 0.3077827 0.4630069 0.3632690 0.0000000 0.3406753 0.4370055 
n277_278   0.3423137 0.3370898 0.3476353 0.0134864 0.2737731 0.3092410 0.0593715 0.0630392 0.3759863 0.0521706 0.0557693 0.3425825 0.3705486 0.3762430 0.3649336 0.2685781 0.4516749 0.3479663 0.3138517 0.4897292 0.0594280 0.3406753 0.0000000 0.4575962 
n251_252   0.4198643 0.4199197 0.4126715 0.4378028 0.4323405 0.4512267 0.4902318 0.4827917 0.4566378 0.4776441 0.4839625 0.4204473 0.4506687 0.4569817 0.4444413 0.4257980 0.0518780 0.4263895 0.4443210 0.3629574 0.4766908 0.4370055 0.4575962 0.0000000 
