49
n244_487   0.0000000 0.4137711 0.4306580 0.4158199 0.4513976 0.4574266 0.3897459 0.4211930 0.4647113 0.4144539 0.4336750 0.3266815 0.4340355 0.4342800 0.4499077 0.4519069 0.4496079 0.4282868 0.4343044 0.4222358 0.4219585 0.4339728 0.4090889 0.3958510 0.4436765 0.4197134 0.4569540 0.4277928 0.4141684 0.4590977 0.4436765 0.4223055 0.4277959 0.4406225 0.4195276 0.4334056 0.4255957 0.4202228 0.4597990 0.4768343 0.4075392 0.4149922 0.4142555 0.4377181 0.3380611 0.4343801 0.4279118 0.4374804 0.4434138 
n299_600   0.4137711 0.0000000 0.2186390 0.3963977 0.2614582 0.2472449 0.3790019 0.2622678 0.3899927 0.2522919 0.3839494 0.4011595 0.0486224 0.3965724 0.2328298 0.3847269 0.4069378 0.0486355 0.2725006 0.2876593 0.3842929 0.2923783 0.3725679 0.3670626 0.4257954 0.0033476 0.4203480 0.4080356 0.3349628 0.3787431 0.4138644 0.3968563 0.3784490 0.2927567 0.3912865 0.3440693 0.3850916 0.3344279 0.3080757 0.2564914 0.3910147 0.3781771 0.2521857 0.0134776 0.3832094 0.2926294 0.4025834 0.0168904 0.4074933 
n286_573   0.4306580 0.2186390 0.0000000 0.4638245 0.1118684 0.1119115 0.3884507 0.2468815 0.3545030 0.2371549 0.4500959 0.3882134 0.2427687 0.4640734 0.0168662 0.4383976 0.4674586 0.2428560 0.2616552 0.2766026 0.4505092 0.2812470 0.4376344 0.3492653 0.4803596 0.2186851 0.4675080 0.4765722 0.3719142 0.3541795 0.4675808 0.4516493 0.4441077 0.2816074 0.4503301 0.4186377 0.4566564 0.3494116 0.2961276 0.2804435 0.3945945 0.4437534 0.2324695 0.2323505 0.3937650 0.2814864 0.4706897 0.2275945 0.4607083 
n298_595   0.4158199 0.3963977 0.4638245 0.0000000 0.4833142 0.4709817 0.3184069 0.4463853 0.4508960 0.4397014 0.0555136 0.4385328 0.3916383 0.0271925 0.4909305 0.1005205 0.3773504 0.4099340 0.4600347 0.4469519 0.0555553 0.4663109 0.0483428 0.4442543 0.3894283 0.4022217 0.3838939 0.0134480 0.3352232 0.4578645 0.3894283 0.0237455 0.0519396 0.4591644 0.3502622 0.1959151 0.3557984 0.3294629 0.4467913 0.4508456 0.3345605 0.0519171 0.4458969 0.4198606 0.4133656 0.4597169 0.0306707 0.4139059 0.3774394 
n266_533   0.4513976 0.2614582 0.1118684 0.4833142 0.0000000 0.0341365 0.4130941 0.2714765 0.3884331 0.2613780 0.4564186 0.4184125 0.2821683 0.4835773 0.1319055 0.4572058 0.4946209 0.2822752 0.2868180 0.2971196 0.4568388 0.2916716 0.4498756 0.3772347 0.5011086 0.2615147 0.4942713 0.4696234 0.4079768 0.3825810 0.4943505 0.4708308 0.4503794 0.3022793 0.4698243 0.4562879 0.4763213 0.4015448 0.3070169 0.3167191 0.4194763 0.4560960 0.2612674 0.2612454 0.4241856 0.2919217 0.4903818 0.2758922 0.4871958 
n265_532   0.4574266 0.2472449 0.1119115 0.4709817 0.0341365 0.0000000 0.4131255 0.2814999 0.3830643 0.2712514 0.4570939 0.4242886 0.2675179 0.4712360 0.1319559 0.4452784 0.4816013 0.2676175 0.2970698 0.3075260 0.4575152 0.3069474 0.4444970 0.3888391 0.4943689 0.2472980 0.4812634 0.4707604 0.3907767 0.3772532 0.4813395 0.4586806 0.4510442 0.3127629 0.4633561 0.4440022 0.4697959 0.3845090 0.3226130 0.3168267 0.4195081 0.4506799 0.2711358 0.2566302 0.4243158 0.3072129 0.4779284 0.2614142 0.4743189 
n285_570   0.3897459 0.3790019 0.3884507 0.3184069 0.4130941 0.4131255 0.0000000 0.3845143 0.4523239 0.3788397 0.3233904 0.3286020 0.4090622 0.3295154 0.4126704 0.3186123 0.2755238 0.4092427 0.3969241 0.3789137 0.3236726 0.3848012 0.3129130 0.4072194 0.2956117 0.3846850 0.2858230 0.3288701 0.1243533 0.4527699 0.2856258 0.3190902 0.3182999 0.3847112 0.2566301 0.2964549 0.2664275 0.1281901 0.3961636 0.3660845 0.0100550 0.3180917 0.3786637 0.4018918 0.3502034 0.3789393 0.3349773 0.4016787 0.2753651 
n290_581   0.4211930 0.2622678 0.2468815 0.4463853 0.2714765 0.2814999 0.3845143 0.0000000 0.3286786 0.0134893 0.4262924 0.4010066 0.2933708 0.4527328 0.2665949 0.4088379 0.4500667 0.2833739 0.0101032 0.0377990 0.4266808 0.0448902 0.4269166 0.3069290 0.4561524 0.2623247 0.4505219 0.4521572 0.3681073 0.3343829 0.4437522 0.4408697 0.4204773 0.0413389 0.4265654 0.3955881 0.4327028 0.3509806 0.0778256 0.1608402 0.3846931 0.4269948 0.0203423 0.2670100 0.4016269 0.0413237 0.4527077 0.2767468 0.4371030 
n255_512   0.4647113 0.3899927 0.3545030 0.4508960 0.3884331 0.3830643 0.4523239 0.3286786 0.0000000 0.3176884 0.4501221 0.3999523 0.3971151 0.4574031 0.3655739 0.4184182 0.4306120 0.3738833 0.3400893 0.3569734 0.4505355 0.3679640 0.4376562 0.2756307 0.4305752 0.3900838 0.4251071 0.4566888 0.4203338 0.0272026 0.4185886 0.4450874 0.4441318 0.3680608 0.4262239 0.3832653 0.4136390 0.4084282 0.3790867 0.3775002 0.4718220 0.4437774 0.3175480 0.3956418 0.4240339 0.3678910 0.4639565 0.4071935 0.4121846 
n295_592   0.4144539 0.2522919 0.2371549 0.4397014 0.2613780 0.2712514 0.3788397 0.0134893 0.3176884 0.0000000 0.4198118 0.3888388 0.2828997 0.4459869 0.2565713 0.4025105 0.4563102 0.2730492 0.0238080 0.0377913 0.4201932 0.0412840 0.4204248 0.3068609 0.4624465 0.2523462 0.4567750 0.4454227 0.3625467 0.3232941 0.4499418 0.4342285 0.4140478 0.0413305 0.4326229 0.3894053 0.4388104 0.3455501 0.0778094 0.1608055 0.3790156 0.4205014 0.0067085 0.2569683 0.3894366 0.0413153 0.4459620 0.2665658 0.4432321 
n287_574   0.4336750 0.3839494 0.4500959 0.0555136 0.4564186 0.4570939 0.3233904 0.4262924 0.4501221 0.4198118 0.0000000 0.4375575 0.3971089 0.0627857 0.4702159 0.1042646 0.3766818 0.4030262 0.4395147 0.4268244 0.0066947 0.4517221 0.0237295 0.4248989 0.3773876 0.3896679 0.3832102 0.0590938 0.3238336 0.4570749 0.3887328 0.0555167 0.0033386 0.4454960 0.3441519 0.1959182 0.3551745 0.3181825 0.4204338 0.4124993 0.3396485 0.0271811 0.4258309 0.4069853 0.4250956 0.4452762 0.0664531 0.4011398 0.3767706 
n255_510   0.3266815 0.4011595 0.3882134 0.4385328 0.4184125 0.4242886 0.3286020 0.4010066 0.3999523 0.3888388 0.4375575 0.0000000 0.4326131 0.4645494 0.4124194 0.4324524 0.4121043 0.4264955 0.4074378 0.4020706 0.4379574 0.4013114 0.4064455 0.4124454 0.4243890 0.4070025 0.4128116 0.4508521 0.3666280 0.4121815 0.4125051 0.4452330 0.4316658 0.4018697 0.3781034 0.3890261 0.3834207 0.3609707 0.4072632 0.3822357 0.3342438 0.4123048 0.3886571 0.4247020 0.0517337 0.4016793 0.4711749 0.4244736 0.4001313 
n277_556   0.4340355 0.0486224 0.2427687 0.3916383 0.2821683 0.2675179 0.4090622 0.2933708 0.3971151 0.2828997 0.3971089 0.4326131 0.0000000 0.4041315 0.2524767 0.3980132 0.4573554 0.0135383 0.3041284 0.3091376 0.3974671 0.3139909 0.3854902 0.3913062 0.4705454 0.0450360 0.4648108 0.4157403 0.3632065 0.3916792 0.4578834 0.4044229 0.3915003 0.3088120 0.4340047 0.3673634 0.4274016 0.3626077 0.3414627 0.2926937 0.4216166 0.3912123 0.2827776 0.0558099 0.4198881 0.3142646 0.4102243 0.0521834 0.4510818 
n293_586   0.4342800 0.3965724 0.4640734 0.0271925 0.4835773 0.4712360 0.3295154 0.4527328 0.4574031 0.4459869 0.0627857 0.4645494 0.4041315 0.0000000 0.4911994 0.1083064 0.4011001 0.4101185 0.4665127 0.4533103 0.0628334 0.4728458 0.0555399 0.4505810 0.4136246 0.4023997 0.4079065 0.0341425 0.3403892 0.4644411 0.4136246 0.0134750 0.0591776 0.4727278 0.3731452 0.2140963 0.3788617 0.3403925 0.4531462 0.4572132 0.3459421 0.0591506 0.4522360 0.4200522 0.4515842 0.4661906 0.0033408 0.4140928 0.4011949 
n285_572   0.4499077 0.2328298 0.0168662 0.4909305 0.1319055 0.1319559 0.4126704 0.2665949 0.3655739 0.2565713 0.4702159 0.4124194 0.2524767 0.4911994 0.0000000 0.4645354 0.4878431 0.2525688 0.2818214 0.2972305 0.4706514 0.3019973 0.4573897 0.3660943 0.4937808 0.2328793 0.4806987 0.5041674 0.3955916 0.3592383 0.4807746 0.4783172 0.4640629 0.3023900 0.4702853 0.4439529 0.4767875 0.3723202 0.3173164 0.2856113 0.4190408 0.4636802 0.2517517 0.2468277 0.4181460 0.3022578 0.4980827 0.2419629 0.4737658 
n236_471   0.4519069 0.3847269 0.4383976 0.1005205 0.4572058 0.4452784 0.3186123 0.4088379 0.4184182 0.4025105 0.1042646 0.4324524 0.3980132 0.1083064 0.4645354 0.0000000 0.3713640 0.4039465 0.4217385 0.4093423 0.1043457 0.4276902 0.0965822 0.4320210 0.3947672 0.3848166 0.3778402 0.1082287 0.3244790 0.4188254 0.3833273 0.1044622 0.1004546 0.4275868 0.3389608 0.1871152 0.3444077 0.3188149 0.4151342 0.4073790 0.3347779 0.1004077 0.4083981 0.4020485 0.4260686 0.4214467 0.1122367 0.3962320 0.3714515 
n274_547   0.4496079 0.4069378 0.4674586 0.3773504 0.4946209 0.4816013 0.2755238 0.4500667 0.4306120 0.4563102 0.3766818 0.4121043 0.4573554 0.4011001 0.4878431 0.3713640 0.0000000 0.4575675 0.4637104 0.4767663 0.3828571 0.4835404 0.3657388 0.4890732 0.0376233 0.4128214 0.0306592 0.3886512 0.2967871 0.4375364 0.0306408 0.3954446 0.3770427 0.4834195 0.0592219 0.3377539 0.0628731 0.2814456 0.4632948 0.4303751 0.2806107 0.3712818 0.4560840 0.4306460 0.4239150 0.4768223 0.4071324 0.4304135 0.0236958 
n278_557   0.4282868 0.0486355 0.2428560 0.4099340 0.2822752 0.2676175 0.4092427 0.2833739 0.3738833 0.2730492 0.4030262 0.4264955 0.0135383 0.4101185 0.2525688 0.4039465 0.4575675 0.0000000 0.2939760 0.2939247 0.4033906 0.3037178 0.3913122 0.3855120 0.4707667 0.0450481 0.4650283 0.4218192 0.3633598 0.3685988 0.4580959 0.4104154 0.3973745 0.3041148 0.4342015 0.3617902 0.4275939 0.3627594 0.3416024 0.2928062 0.4218053 0.3970794 0.2729321 0.0558251 0.4265528 0.3039811 0.4162639 0.0558010 0.4512896 
n287_576   0.4343044 0.2725006 0.2616552 0.4600347 0.2868180 0.2970698 0.3969241 0.0101032 0.3400893 0.0238080 0.4395147 0.4074378 0.3041284 0.4665127 0.2818214 0.4217385 0.4637104 0.2939760 0.0000000 0.0485304 0.4399177 0.0557383 0.4401620 0.3179455 0.4699134 0.2725601 0.4641870 0.4659132 0.3802346 0.3459005 0.4572709 0.4544289 0.4335922 0.0521293 0.4397752 0.4081868 0.4460294 0.3627879 0.0892488 0.1737750 0.3971096 0.4402438 0.0307758 0.2773128 0.4080713 0.0521100 0.4664869 0.2871973 0.4504804 
n298_597   0.4222358 0.2876593 0.2766026 0.4469519 0.2971196 0.3075260 0.3789137 0.0377990 0.3569734 0.0377913 0.4268244 0.4020706 0.3091376 0.4533103 0.2972305 0.4093423 0.4767663 0.2939247 0.0485304 0.0000000 0.4272138 0.0203402 0.4274501 0.3181310 0.4898793 0.2877227 0.4772634 0.4527331 0.3683655 0.3629398 0.4768944 0.4414279 0.4210000 0.0169111 0.4459737 0.3960695 0.4522794 0.3512240 0.0815974 0.1694533 0.3790896 0.4275285 0.0449081 0.2925711 0.4026952 0.0169050 0.4532851 0.3026663 0.4632902 
n289_578   0.4219585 0.3842929 0.4505092 0.0555553 0.4568388 0.4575152 0.3236726 0.4266808 0.4505355 0.4201932 0.0066947 0.4379574 0.3974671 0.0628334 0.4706514 0.1043457 0.3828571 0.4033906 0.4399177 0.4272138 0.0000000 0.4521380 0.0237470 0.4195233 0.3835791 0.3900174 0.3894562 0.0591382 0.3241166 0.4574962 0.3950286 0.0555594 0.0033408 0.4459053 0.3500409 0.1960786 0.3611628 0.3184595 0.4150689 0.4128719 0.3399471 0.0272012 0.4262186 0.4073526 0.4196142 0.4456851 0.0665037 0.4015011 0.3829474 
n294_589   0.4339728 0.2923783 0.2812470 0.4663109 0.2916716 0.3069474 0.3848012 0.0448902 0.3679640 0.0412840 0.4517221 0.4013114 0.3139909 0.4728458 0.3019973 0.4276902 0.4835404 0.3037178 0.0557383 0.0203402 0.4521380 0.0000000 0.4523899 0.3338436 0.4967823 0.2924428 0.4840485 0.4722355 0.3741743 0.3740272 0.4836725 0.4606666 0.4457083 0.0169114 0.4459736 0.4198572 0.4522810 0.3568838 0.0741158 0.1779919 0.3849803 0.4524748 0.0484314 0.2973165 0.4019327 0.0033491 0.4728197 0.3074677 0.4699291 
n296_591   0.4090889 0.3725679 0.4376344 0.0483428 0.4498756 0.4444970 0.3129130 0.4269166 0.4376562 0.4204248 0.0237295 0.4064455 0.3854902 0.0555399 0.4573897 0.0965822 0.3657388 0.3913122 0.4401620 0.4274501 0.0237470 0.4523899 0.0000000 0.4249166 0.3721793 0.3781987 0.3721553 0.0555024 0.3133391 0.4444787 0.3776009 0.0483453 0.0203004 0.4461533 0.3390704 0.1871707 0.3445192 0.3077798 0.4332730 0.4130984 0.3289318 0.0033362 0.4264540 0.3952456 0.3945297 0.4459329 0.0591703 0.3894921 0.3658251 
n244_489   0.3958510 0.3670626 0.3492653 0.4442543 0.3772347 0.3888391 0.4072194 0.3069290 0.2756307 0.3068609 0.4248989 0.4124454 0.3913062 0.4505810 0.3660943 0.4320210 0.4890732 0.3855120 0.3179455 0.3181310 0.4195233 0.3338436 0.4249166 0.0000000 0.4955944 0.3671471 0.4897086 0.4499884 0.4083341 0.2808705 0.4825408 0.4383983 0.4191101 0.3285426 0.4515690 0.3835729 0.4643622 0.3959871 0.3181521 0.3490866 0.4254527 0.4309237 0.3067266 0.3725100 0.4185197 0.3283961 0.4570575 0.3837276 0.4755055 
n299_598   0.4436765 0.4257954 0.4803596 0.3894283 0.5011086 0.4943689 0.2956117 0.4561524 0.4305752 0.4624465 0.3773876 0.4243890 0.4705454 0.4136246 0.4937808 0.3947672 0.0376233 0.4707667 0.4699134 0.4898793 0.3835791 0.4967823 0.3721793 0.4955944 0.0000000 0.4318379 0.0134409 0.4009301 0.3122257 0.4435258 0.0066811 0.4078700 0.3777498 0.4966570 0.0665372 0.3651833 0.0702277 0.2966121 0.4694910 0.4367686 0.3008498 0.3777804 0.4622161 0.4501535 0.4363995 0.4899405 0.4197744 0.4499066 0.0134345 
n292_585   0.4197134 0.0033476 0.2186851 0.4022217 0.2615147 0.2472980 0.3846850 0.2623247 0.3900838 0.2523462 0.3896679 0.4070025 0.0450360 0.4023997 0.2328793 0.3848166 0.4128214 0.0450481 0.2725601 0.2877227 0.3900174 0.2924428 0.3781987 0.3671471 0.4318379 0.0000000 0.4263540 0.4139486 0.3403241 0.3788311 0.4198136 0.4026888 0.3841279 0.2928214 0.3970699 0.3494752 0.3908226 0.3397775 0.3081444 0.2565466 0.3967942 0.3838495 0.2522400 0.0100839 0.3889075 0.2926941 0.4084599 0.0134798 0.4133873 
n292_583   0.4569540 0.4203480 0.4675080 0.3838939 0.4942713 0.4812634 0.2858230 0.4505219 0.4251071 0.4567750 0.3832102 0.4128116 0.4648108 0.4079065 0.4806987 0.3778402 0.0306592 0.4650283 0.4641870 0.4772634 0.3894562 0.4840485 0.3721553 0.4897086 0.0134409 0.4263540 0.0000000 0.3953135 0.3021947 0.4379732 0.0066903 0.4021932 0.3835792 0.4839273 0.0592849 0.3544726 0.0629401 0.2867863 0.4504194 0.4250102 0.2909918 0.3777551 0.4565482 0.4445566 0.4246502 0.4773196 0.4140083 0.4443135 0.0066911 
n297_594   0.4277928 0.4080356 0.4765722 0.0134480 0.4696234 0.4707604 0.3288701 0.4521572 0.4566888 0.4454227 0.0590938 0.4508521 0.4157403 0.0341425 0.5041674 0.1082287 0.3886512 0.4218192 0.4659132 0.4527331 0.0591382 0.4722355 0.0555024 0.4499884 0.4009301 0.4139486 0.3953135 0.0000000 0.3459484 0.4637130 0.4009301 0.0306658 0.0555057 0.4721178 0.3611753 0.2047180 0.3667924 0.3400931 0.4525695 0.4566319 0.3452586 0.0591105 0.4516615 0.4318657 0.4321443 0.4655917 0.0376548 0.4258165 0.3887429 
n265_530   0.4141684 0.3349628 0.3719142 0.3352232 0.4079768 0.3907767 0.1243533 0.3681073 0.4203338 0.3625467 0.3238336 0.3666280 0.3632065 0.3403892 0.3955916 0.3244790 0.2967871 0.3633598 0.3802346 0.3683655 0.3241166 0.3741743 0.3133391 0.4083341 0.3122257 0.3403241 0.3021947 0.3459484 0.0000000 0.4207440 0.3019838 0.3298119 0.3187350 0.3740862 0.2576551 0.3130392 0.2671014 0.0237656 0.3791797 0.3551578 0.1365095 0.3185262 0.3623802 0.3565426 0.3666326 0.3683887 0.3459380 0.3563592 0.2914414 
n251_504   0.4590977 0.3787431 0.3541795 0.4578645 0.3825810 0.3772532 0.4527699 0.3343829 0.0272026 0.3232941 0.4570749 0.4121815 0.3916792 0.4644411 0.3592383 0.4188254 0.4375364 0.3685988 0.3459005 0.3629398 0.4574962 0.3740272 0.4444787 0.2808705 0.4435258 0.3788311 0.4379732 0.4637130 0.4207440 0.0000000 0.4313250 0.4520014 0.4510256 0.3741262 0.4391311 0.4130984 0.4263055 0.4145197 0.3852481 0.3774466 0.4722899 0.4506613 0.3231505 0.3843124 0.4366890 0.3739526 0.4710662 0.3956969 0.4247942 
n300_599   0.4436765 0.4138644 0.4675808 0.3894283 0.4943505 0.4813395 0.2856258 0.4437522 0.4185886 0.4499418 0.3887328 0.4125051 0.4578834 0.4136246 0.4807746 0.3833273 0.0306408 0.4580959 0.4572709 0.4768944 0.3950286 0.4836725 0.3776009 0.4825408 0.0066811 0.4198136 0.0066903 0.4009301 0.3019838 0.4313250 0.0000000 0.4078700 0.3891082 0.4835515 0.0592486 0.3542184 0.0629016 0.2865878 0.4568624 0.4246925 0.2907904 0.3832398 0.4497200 0.4378407 0.4243329 0.4769504 0.4197744 0.4376026 0.0066872 
n275_550   0.4223055 0.3968563 0.4516493 0.0237455 0.4708308 0.4586806 0.3190902 0.4408697 0.4450874 0.4342285 0.0555167 0.4452330 0.4044229 0.0134750 0.4783172 0.1044622 0.3954446 0.4104154 0.4544289 0.4414279 0.0555594 0.4606666 0.0483453 0.4383983 0.4078700 0.4026888 0.4021932 0.0306658 0.3298119 0.4520014 0.4078700 0.0000000 0.0519424 0.4605525 0.3676800 0.2051973 0.3733568 0.3298165 0.4474783 0.4453198 0.3352871 0.0519199 0.4403877 0.4203572 0.4326108 0.4541143 0.0168867 0.4143924 0.3955381 
n290_579   0.4277959 0.3784490 0.4441077 0.0519396 0.4503794 0.4510442 0.3182999 0.4204773 0.4441318 0.4140478 0.0033386 0.4316658 0.3915003 0.0591776 0.4640629 0.1004546 0.3770427 0.3973745 0.4335922 0.4210000 0.0033408 0.4457083 0.0203004 0.4191101 0.3777498 0.3841279 0.3835792 0.0555057 0.3187350 0.4510256 0.3891082 0.0519424 0.0000000 0.4395291 0.3444763 0.1916184 0.3555113 0.3131260 0.4146608 0.4068045 0.3344492 0.0237375 0.4200231 0.4013231 0.4192995 0.4393133 0.0628275 0.3955191 0.3771316 
n275_552   0.4406225 0.2927567 0.2816074 0.4591644 0.3022793 0.3127629 0.3847112 0.0413389 0.3680608 0.0413305 0.4454960 0.4018697 0.3088120 0.4727278 0.3023900 0.4275868 0.4834195 0.3041148 0.0521293 0.0169111 0.4459053 0.0169114 0.4461533 0.3285426 0.4966570 0.2928214 0.4839273 0.4721178 0.3740862 0.3741262 0.4835515 0.4605525 0.4395291 0.0000000 0.4523561 0.4139071 0.4587175 0.3568018 0.0778579 0.1737264 0.3848902 0.4462366 0.0484851 0.2977024 0.3961200 0.0134932 0.4727018 0.3078692 0.4698128 
n277_554   0.4195276 0.3912865 0.4503301 0.3502622 0.4698243 0.4633561 0.2566301 0.4265654 0.4262239 0.4326229 0.3441519 0.3781034 0.4340047 0.3731452 0.4702853 0.3389608 0.0592219 0.4342015 0.4397752 0.4459737 0.3500409 0.4459736 0.3390704 0.4515690 0.0665372 0.3970699 0.0592849 0.3611753 0.2576551 0.4391311 0.0592486 0.3676800 0.3444763 0.4523561 0.0000000 0.3175342 0.0169267 0.2431649 0.4268269 0.4074866 0.2615891 0.3444282 0.4324124 0.4145853 0.3898494 0.4395840 0.3789520 0.4143632 0.0519682 
n200_399   0.4334056 0.3440693 0.4186377 0.1959151 0.4562879 0.4440022 0.2964549 0.3955881 0.3832653 0.3894053 0.1959182 0.3890261 0.3673634 0.2140963 0.4439529 0.1871152 0.3377539 0.3617902 0.4081868 0.3960695 0.1960786 0.4198572 0.1871707 0.3835729 0.3651833 0.3494752 0.3544726 0.2047180 0.3130392 0.4130984 0.3542184 0.2051973 0.1916184 0.4139071 0.3175342 0.0000000 0.3228192 0.3075588 0.4258835 0.3831868 0.3067477 0.1915157 0.3951669 0.3658304 0.3771851 0.4137090 0.2186944 0.3715221 0.3428682 
n278_555   0.4255957 0.3850916 0.4566564 0.3557984 0.4763213 0.4697959 0.2664275 0.4327028 0.4136390 0.4388104 0.3551745 0.3834207 0.4274016 0.3788617 0.4767875 0.3444077 0.0628731 0.4275939 0.4460294 0.4522794 0.3611628 0.4522810 0.3445192 0.4643622 0.0702277 0.3908226 0.0629401 0.3667924 0.2671014 0.4263055 0.0629016 0.3733568 0.3555113 0.4587175 0.0169267 0.3228192 0.0000000 0.2524318 0.4392077 0.4072052 0.2714587 0.3499157 0.4385958 0.4081774 0.3952441 0.4458368 0.3847152 0.4079599 0.0555809 
n266_531   0.4202228 0.3344279 0.3494116 0.3294629 0.4015448 0.3845090 0.1281901 0.3509806 0.4084282 0.3455501 0.3181825 0.3609707 0.3626077 0.3403925 0.3723202 0.3188149 0.2814456 0.3627594 0.3627879 0.3512240 0.3184595 0.3568838 0.3077798 0.3959871 0.2966121 0.3397775 0.2867863 0.3400931 0.0237656 0.4145197 0.2865878 0.3298165 0.3131260 0.3568018 0.2431649 0.3075588 0.2524318 0.0000000 0.3617931 0.3492471 0.1403980 0.3129229 0.3453938 0.3559600 0.3553107 0.3512435 0.3459406 0.3557773 0.2762868 
n236_473   0.4597990 0.3080757 0.2961276 0.4467913 0.3070169 0.3226130 0.3961636 0.0778256 0.3790867 0.0778094 0.4204338 0.4072632 0.3414627 0.4531462 0.3173164 0.4151342 0.4632948 0.3416024 0.0892488 0.0815974 0.4150689 0.0741158 0.4332730 0.3181521 0.4694910 0.3081444 0.4504194 0.4525695 0.3791797 0.3852481 0.4568624 0.4474783 0.4146608 0.0778579 0.4268269 0.4258835 0.4392077 0.3617931 0.0000000 0.1907264 0.3963485 0.4333529 0.0853705 0.3131209 0.3901265 0.0703871 0.4531210 0.3234969 0.4500797 
n200_401   0.4768343 0.2564914 0.2804435 0.4508456 0.3167191 0.3168267 0.3660845 0.1608402 0.3775002 0.1608055 0.4124993 0.3822357 0.2926937 0.4572132 0.2856113 0.4073790 0.4303751 0.2928062 0.1737750 0.1694533 0.4128719 0.1779919 0.4130984 0.3490866 0.4367686 0.2565466 0.4250102 0.4566319 0.3551578 0.3774466 0.4246925 0.4453198 0.4068045 0.1737264 0.4074866 0.3831868 0.4072052 0.3492471 0.1907264 0.0000000 0.3662533 0.4190150 0.1649968 0.2709472 0.3821818 0.1736575 0.4637577 0.2710949 0.4121031 
n286_571   0.4075392 0.3910147 0.3945945 0.3345605 0.4194763 0.4195081 0.0100550 0.3846931 0.4718220 0.3790156 0.3396485 0.3342438 0.4216166 0.3459421 0.4190408 0.3347779 0.2806107 0.4218053 0.3971096 0.3790896 0.3399471 0.3849803 0.3289318 0.4254527 0.3008498 0.3967942 0.2909918 0.3452586 0.1365095 0.4722899 0.2907904 0.3352871 0.3344492 0.3848902 0.2615891 0.3067477 0.2714587 0.1403980 0.3963485 0.3662533 0.0000000 0.3342249 0.3788394 0.4142979 0.3560255 0.3791153 0.3515354 0.4140761 0.2804483 
n295_590   0.4149922 0.3781771 0.4437534 0.0519171 0.4560960 0.4506799 0.3180917 0.4269948 0.4437774 0.4205014 0.0271811 0.4123048 0.3912123 0.0591506 0.4636802 0.1004077 0.3712818 0.3970794 0.4402438 0.4275285 0.0272012 0.4524748 0.0033362 0.4309237 0.3777804 0.3838495 0.3777551 0.0591105 0.3185262 0.4506613 0.3832398 0.0519199 0.0237375 0.4462366 0.3444282 0.1915157 0.3499157 0.3129229 0.4333529 0.4190150 0.3342249 0.0000000 0.4265320 0.4010243 0.4002943 0.4460161 0.0627997 0.3952273 0.3713693 
n296_593   0.4142555 0.2521857 0.2324695 0.4458969 0.2612674 0.2711358 0.3786637 0.0203423 0.3175480 0.0067085 0.4258309 0.3886571 0.2827776 0.4522360 0.2517517 0.4083981 0.4560840 0.2729321 0.0307758 0.0449081 0.4262186 0.0484314 0.4264540 0.3067266 0.4622161 0.2522400 0.4565482 0.4516615 0.3623802 0.3231505 0.4497200 0.4403877 0.4200231 0.0484851 0.4324124 0.3951669 0.4385958 0.3453938 0.0853705 0.1649968 0.3788394 0.4265320 0.0000000 0.2568598 0.3892543 0.0484673 0.4522109 0.2664526 0.4430141 
n280_561   0.4377181 0.0134776 0.2323505 0.4198606 0.2612454 0.2566302 0.4018918 0.2670100 0.3956418 0.2569683 0.4069853 0.4247020 0.0558099 0.4200522 0.2468277 0.4020485 0.4306460 0.0558251 0.2773128 0.2925711 0.4073526 0.2973165 0.3952456 0.3725100 0.4501535 0.0100839 0.4445566 0.4318657 0.3565426 0.3843124 0.4378407 0.4203572 0.4013231 0.2977024 0.4145853 0.3658304 0.4081774 0.3559600 0.3131209 0.2709472 0.4142979 0.4010243 0.2568598 0.0000000 0.4061605 0.2975726 0.4262641 0.0237452 0.4312449 
n251_502   0.3380611 0.3832094 0.3937650 0.4133656 0.4241856 0.4243158 0.3502034 0.4016269 0.4240339 0.3894366 0.4250956 0.0517337 0.4198881 0.4515842 0.4181460 0.4260686 0.4239150 0.4265528 0.4080713 0.4026952 0.4196142 0.4019327 0.3945297 0.4185197 0.4363995 0.3889075 0.4246502 0.4321443 0.3666326 0.4366890 0.4243329 0.4326108 0.4192995 0.3961200 0.3898494 0.3771851 0.3952441 0.3553107 0.3901265 0.3821818 0.3560255 0.4002943 0.3892543 0.4061605 0.0000000 0.4023026 0.4580865 0.4121788 0.4117541 
n293_588   0.4343801 0.2926294 0.2814864 0.4597169 0.2919217 0.3072129 0.3789393 0.0413237 0.3678910 0.0413153 0.4452762 0.4016793 0.3142646 0.4661906 0.3022578 0.4214467 0.4768223 0.3039811 0.0521100 0.0169050 0.4456851 0.0033491 0.4459329 0.3283961 0.4899405 0.2926941 0.4773196 0.4655917 0.3683887 0.3739526 0.4769504 0.4541143 0.4393133 0.0134932 0.4395840 0.4137090 0.4458368 0.3512435 0.0703871 0.1736575 0.3791153 0.4460161 0.0484673 0.2975726 0.4023026 0.0000000 0.4661648 0.3077340 0.4633410 
n294_587   0.4279118 0.4025834 0.4706897 0.0306707 0.4903818 0.4779284 0.3349773 0.4527077 0.4639565 0.4459620 0.0664531 0.4711749 0.4102243 0.0033408 0.4980827 0.1122367 0.4071324 0.4162639 0.4664869 0.4532851 0.0665037 0.4728197 0.0591703 0.4570575 0.4197744 0.4084599 0.4140083 0.0376548 0.3459380 0.4710662 0.4197744 0.0168867 0.0628275 0.4727018 0.3789520 0.2186944 0.3847152 0.3459406 0.4531210 0.4637577 0.3515354 0.0627997 0.4522109 0.4262641 0.4580865 0.4661648 0.0000000 0.4202532 0.4072287 
n274_549   0.4374804 0.0168904 0.2275945 0.4139059 0.2758922 0.2614142 0.4016787 0.2767468 0.4071935 0.2665658 0.4011398 0.4244736 0.0521834 0.4140928 0.2419629 0.3962320 0.4304135 0.0558010 0.2871973 0.3026663 0.4015011 0.3074677 0.3894921 0.3837276 0.4499066 0.0134798 0.4443135 0.4258165 0.3563592 0.3956969 0.4376026 0.4143924 0.3955191 0.3078692 0.4143632 0.3715221 0.4079599 0.3557773 0.3234969 0.2710949 0.4140761 0.3952273 0.2664526 0.0237452 0.4121788 0.3077340 0.4202532 0.0000000 0.4310108 
n280_559   0.4434138 0.4074933 0.4607083 0.3774394 0.4871958 0.4743189 0.2753651 0.4371030 0.4121846 0.4432321 0.3767706 0.4001313 0.4510818 0.4011949 0.4737658 0.3714515 0.0236958 0.4512896 0.4504804 0.4632902 0.3829474 0.4699291 0.3658251 0.4755055 0.0134345 0.4133873 0.0066911 0.3887429 0.2914414 0.4247942 0.0066872 0.3955381 0.3771316 0.4698128 0.0519682 0.3428682 0.0555809 0.2762868 0.4500797 0.4121031 0.2804483 0.3713693 0.4430141 0.4312449 0.4117541 0.4633410 0.4072287 0.4310108 0.0000000 
