28
n265_270   0.0000000 2.3871809 9.0000000 2.1429184 2.2926546 1.7552241 2.0426177 2.7781723 2.1192876 2.7744915 0.1828821 2.3536112 2.0916248 2.0406935 2.6543653 2.0390814 2.7408294 1.2549828 2.8122455 1.8411464 0.1872617 2.1501235 1.2669230 1.5049519 2.3171124 2.6684981 1.8388044 9.0000000 
n298_303   2.3871809 0.0000000 5.0513549 0.1619776 1.0844097 2.0435917 1.8342327 0.3689727 1.8420528 0.3695937 2.1745787 0.3698963 1.7360411 1.9054183 0.8069076 0.1367088 2.5200182 2.4505049 0.3582330 0.1615008 2.1247957 0.0377701 2.4898320 2.5965061 0.3635287 2.5052758 1.8642242 3.7502616 
n251_256   9.0000000 5.0513549 0.0000000 2.8198979 2.0965987 1.9474925 1.7920557 2.4133924 1.8755469 2.4886228 4.4266213 2.6845493 1.8368339 1.8979626 2.4928578 3.8091109 2.0296978 2.1272525 2.1150039 3.5472881 4.5191307 3.3594290 2.2518227 1.8308827 2.5565690 1.9253066 1.8456860 0.3735250 
n275_280   2.1429184 0.1619776 2.8198979 0.0000000 1.0612099 1.9672133 1.9086548 0.3132136 1.9525387 0.3137230 2.0488067 0.3082423 1.8781985 1.9738013 0.6789614 0.0965668 2.4450750 2.0424919 0.3085449 0.1121503 2.0054841 0.1404580 2.1967347 2.4773972 0.3405657 2.1691818 1.8185719 3.5980012 
n200_201   2.2926546 1.0844097 2.0965987 1.0612099 0.0000000 1.6767426 1.7039165 1.0538027 1.7272877 1.0126261 1.7839056 0.9154154 1.7936786 1.7366134 1.1514968 1.0456402 2.3503030 2.8413408 0.9314644 1.0898312 1.7881226 1.0688131 2.8910289 1.8132013 0.9259001 2.2951992 1.9371805 2.3100373 
n277_282   1.7552241 2.0435917 1.9474925 1.9672133 1.6767426 0.0000000 0.4284634 2.5296332 0.4290684 2.4620621 1.7547796 2.1760616 0.4291918 0.4346246 5.1399025 2.2270660 2.2253254 1.8092485 2.2962413 2.3762407 1.7587410 1.9101310 2.1525373 0.1490084 2.3203652 2.1511376 0.4284677 1.7837263 
n299_304   2.0426177 1.8342327 1.7920557 1.9086548 1.7039165 0.4284634 0.0000000 2.2250227 0.0341861 2.2159871 1.9808136 2.0443049 0.0891037 0.0202901 2.6374316 2.0493157 2.2508720 1.6997345 2.0506697 2.1511403 1.9415939 1.8151793 1.8256005 0.4409102 2.2385259 2.3396275 0.1404752 1.9719159 
n296_301   2.7781723 0.3689727 2.4133924 0.3132136 1.0538027 2.5296332 2.2250227 0.0000000 2.2948768 0.0412370 2.4838657 0.1704256 2.2766008 2.2714821 0.8572158 0.3245510 2.3591407 2.4177267 0.1747695 0.3459908 2.4173967 0.3345000 2.5037269 3.3375461 0.1703231 2.0126337 2.2379567 2.6843006 
n292_297   2.1192876 1.8420528 1.8755469 1.9525387 1.7272877 0.4290684 0.0341861 2.2948768 0.0000000 2.2852119 2.0518820 2.0526236 0.0929029 0.0483424 3.0917280 2.0515859 2.5632454 1.6397868 2.0663167 2.2153488 2.0100366 1.8177426 1.8151563 0.4415312 2.2579971 2.4003746 0.1403126 2.0633048 
n295_300   2.7744915 0.3695937 2.4886228 0.3137230 1.0126261 2.4620621 2.2159871 0.0412370 2.2852119 0.0000000 2.6022857 0.1616163 2.2671079 2.1653397 0.8780484 0.3193894 2.3138269 2.5339257 0.1658975 0.3294779 2.5269507 0.3350504 2.4628823 3.3062608 0.1615199 1.8081822 2.1724954 2.9010527 
n266_306   0.1828821 2.1745787 4.4266213 2.0488067 1.7839056 1.7547796 1.9808136 2.4838657 2.0518820 2.6022857 0.0000000 2.1431865 1.9995813 1.9790133 2.5751279 1.9290484 3.4089685 1.2126507 2.4292449 1.7419610 0.0033381 1.9844096 1.2023412 1.6382102 2.1665706 3.7763557 1.8532470 3.8852038 
n290_295   2.3536112 0.3698963 2.6845493 0.3082423 0.9154154 2.1760616 2.0443049 0.1704256 2.0526236 0.1616163 2.1431865 0.0000000 1.9499246 2.1888242 0.9191582 0.3247493 2.7362011 2.0994674 0.0664746 0.3250046 2.0961419 0.3351863 2.2105695 2.6423740 0.0556283 1.9590862 1.7898431 3.3093067 
n280_285   2.0916248 1.7360411 1.8368339 1.8781985 1.7936786 0.4291918 0.0891037 2.2766008 0.0929029 2.2671079 1.9995813 1.9499246 0.0000000 0.1044750 2.9491946 2.0231001 2.6580528 1.7413388 1.9503818 2.1809771 1.9593276 1.7959194 1.7829943 0.4487656 2.0852711 2.6357730 0.1286315 1.9878353 
n300_305   2.0406935 1.9054183 1.8979626 1.9738013 1.7366134 0.4346246 0.0202901 2.2714821 0.0483424 2.1653397 1.9790133 2.1888242 0.1044750 0.0000000 2.6969544 2.0826899 2.1110006 1.6970730 2.2047638 2.1429354 1.9398494 1.8793993 1.7535430 0.4600830 2.4298455 2.1766264 0.1570405 2.1006578 
n236_239   2.6543653 0.8069076 2.4928578 0.6789614 1.1514968 5.1399025 2.6374316 0.8572158 3.0917280 0.8780484 2.5751279 0.9191582 2.9491946 2.6969544 0.0000000 0.6952092 4.6967181 2.7002869 0.8843253 0.6862281 2.5863156 0.7924241 2.4421861 9.0000000 0.8920182 3.9816498 2.8646832 2.9884895 
n294_299   2.0390814 0.1367088 3.8091109 0.0965668 1.0456402 2.2270660 2.0493157 0.3245510 2.0515859 0.3193894 1.9290484 0.3247493 2.0231001 2.0826899 0.6952092 0.0000000 2.3773082 2.0383899 0.3351642 0.0483794 1.8905838 0.1200611 2.1433322 2.9569892 0.3292250 2.1064303 1.9635258 3.5029241 
n244_249   2.7408294 2.5200182 2.0296978 2.4450750 2.3503030 2.2253254 2.2508720 2.3591407 2.5632454 2.3138269 3.4089685 2.7362011 2.6580528 2.1110006 4.6967181 2.3773082 0.0000000 2.5909622 3.2788707 2.4678054 3.4377462 2.2483118 2.5449609 2.7148948 3.0951550 0.4137818 2.5603383 2.2559887 
n285_290   1.2549828 2.4505049 2.1272525 2.0424919 2.8413408 1.8092485 1.6997345 2.4177267 1.6397868 2.5339257 1.2126507 2.0994674 1.7413388 1.6970730 2.7002869 2.0383899 2.5909622 0.0000000 2.3799514 1.9976495 1.2303025 2.1812271 0.0813675 1.9622212 2.1489850 2.2896181 1.6649292 2.0920015 
n287_292   2.8122455 0.3582330 2.1150039 0.3085449 0.9314644 2.2962413 2.0506697 0.1747695 2.0663167 0.1658975 2.4292449 0.0664746 1.9503818 2.2047638 0.8843253 0.3351642 3.2788707 2.3799514 0.0000000 0.3299378 2.3659552 0.3241249 2.5324336 2.7801278 0.0665795 2.1200530 1.7247087 2.6773389 
n293_298   1.8411464 0.1615008 3.5472881 0.1121503 1.0898312 2.3762407 2.1511403 0.3459908 2.2153488 0.3294779 1.7419610 0.3250046 2.1809771 2.1429354 0.6862281 0.0483794 2.4678054 1.9976495 0.3299378 0.0000000 1.7105445 0.1442760 2.0980850 3.2246322 0.3351479 2.1257798 2.0616860 3.7839957 
n236_307   0.1872617 2.1247957 4.5191307 2.0054841 1.7881226 1.7587410 1.9415939 2.4173967 2.0100366 2.5269507 0.0033381 2.0961419 1.9593276 1.9398494 2.5863156 1.8905838 3.4377462 1.2303025 2.3659552 1.7105445 0.0000000 1.9435098 1.2198534 1.6416396 2.1179764 3.8228925 1.8190450 3.9315119 
n297_302   2.1501235 0.0377701 3.3594290 0.1404580 1.0688131 1.9101310 1.8151793 0.3345000 1.8177426 0.3350504 1.9844096 0.3351863 1.7959194 1.8793993 0.7924241 0.1200611 2.2483118 2.1812271 0.3241249 0.1442760 1.9435098 0.0000000 2.1198072 2.6633374 0.3291846 2.4500373 1.7635095 3.5558967 
n286_291   1.2669230 2.4898320 2.2518227 2.1967347 2.8910289 2.1525373 1.8256005 2.5037269 1.8151563 2.4628823 1.2023412 2.2105695 1.7829943 1.7535430 2.4421861 2.1433322 2.5449609 0.0813675 2.5324336 2.0980850 1.2198534 2.1198072 0.0000000 2.1530784 2.2583902 2.3524685 1.8066889 2.2600987 
n278_283   1.5049519 2.5965061 1.8308827 2.4773972 1.8132013 0.1490084 0.4409102 3.3375461 0.4415312 3.3062608 1.6382102 2.6423740 0.4487656 0.4600830 9.0000000 2.9569892 2.7148948 1.9622212 2.7801278 3.2246322 1.6416396 2.6633374 2.1530784 0.0000000 2.8843968 2.4433821 0.4540432 1.8789351 
n289_294   2.3171124 0.3635287 2.5565690 0.3405657 0.9259001 2.3203652 2.2385259 0.1703231 2.2579971 0.1615199 2.1665706 0.0556283 2.0852711 2.4298455 0.8920182 0.3292250 3.0951550 2.1489850 0.0665795 0.3351479 2.1179764 0.3291846 2.2583902 2.8843968 0.0000000 2.0295977 1.8908682 2.9435658 
n244_247   2.6684981 2.5052758 1.9253066 2.1691818 2.2951992 2.1511376 2.3396275 2.0126337 2.4003746 1.8081822 3.7763557 1.9590862 2.6357730 2.1766264 3.9816498 2.1064303 0.4137818 2.2896181 2.1200530 2.1257798 3.8228925 2.4500373 2.3524685 2.4433821 2.0295977 0.0000000 2.3041680 1.9689655 
n274_279   1.8388044 1.8642242 1.8456860 1.8185719 1.9371805 0.4284677 0.1404752 2.2379567 0.1403126 2.1724954 1.8532470 1.7898431 0.1286315 0.1570405 2.8646832 1.9635258 2.5603383 1.6649292 1.7247087 2.0616860 1.8190450 1.7635095 1.8066889 0.4540432 1.8908682 2.3041680 0.0000000 2.2090379 
n255_260   9.0000000 3.7502616 0.3735250 3.5980012 2.3100373 1.7837263 1.9719159 2.6843006 2.0633048 2.9010527 3.8852038 3.3093067 1.9878353 2.1006578 2.9884895 3.5029241 2.2559887 2.0920015 2.6773389 3.7839957 3.9315119 3.5558967 2.2600987 1.8789351 2.9435658 1.9689655 2.2090379 0.0000000 
