26
n299_300   0.0000000 0.0100736 1.9321164 2.2594042 2.3891914 0.5326411 1.7280794 1.9621184 0.1241109 1.9046951 2.0938353 1.7582379 0.0237407 0.5185361 1.9282736 1.8785989 1.8071277 1.6289656 2.0284636 3.6523528 1.7827155 1.9176113 1.8667839 1.9687646 0.1163766 1.7267823 
n300_301   0.0100736 0.0000000 1.9270827 2.4285912 2.2201833 0.5400652 1.6895943 1.9210583 0.1361767 1.8921015 2.0871375 1.7262726 0.0306882 0.5256664 1.8897761 1.8420670 1.7824597 1.6078764 2.0224907 3.1894093 1.7498893 1.9126314 1.8730501 1.9762491 0.1283264 1.6958086 
n290_291   1.9321164 1.9270827 0.0000000 3.1632372 2.8863391 1.3861748 1.0862842 0.5411210 2.0018352 0.0377279 0.1488387 0.2711842 1.9237669 1.4225878 0.3015427 0.2854541 1.8030822 1.7564529 0.0593111 2.4254463 0.2860252 0.1742898 1.7789238 1.8331987 2.0501437 0.2809763 
n244_245   2.2594042 2.4285912 3.1632372 0.0000000 2.5047385 3.5675789 1.6906765 3.6035025 2.3165958 2.9986477 3.3263329 2.6663920 2.1628794 3.7094505 4.0948253 3.7696547 2.8790276 2.6995044 2.5028922 2.1068023 3.4052981 3.7517759 2.3440317 2.0010148 2.1989532 2.9984394 
n255_256   2.3891914 2.2201833 2.8863391 2.5047385 0.0000000 2.2660641 2.9473302 3.5553406 2.4477178 2.8207781 3.3558190 2.4623661 2.4754777 2.2942243 2.5139491 2.7568379 2.5373904 2.7050413 3.0530606 0.2972051 2.5610084 3.2925578 1.9933755 2.2333639 2.4844387 2.6151540 
n277_278   0.5326411 0.5400652 1.3861748 3.5675789 2.2660641 0.0000000 1.5141053 2.2448387 0.5084122 1.4371719 1.5265226 1.4295416 0.5181329 0.1408524 1.5404182 1.5311806 1.4860967 1.3592207 1.5056066 2.7255979 1.5095052 1.4947153 1.6275110 1.9058970 0.5664113 1.5557273 
n200_201   1.7280794 1.6895943 1.0862842 1.6906765 2.9473302 1.5141053 0.0000000 1.1939968 1.8695331 1.0057298 1.1266968 1.0998213 1.7616334 1.7393577 1.0912411 1.0431681 1.8682376 1.7237900 0.9840543 2.5156620 1.0577247 1.1490312 2.0534914 2.0891111 1.6769310 1.1292287 
n236_237   1.9621184 1.9210583 0.5411210 3.6035025 3.5553406 2.2448387 1.1939968 0.0000000 1.8432420 0.5782171 0.6444213 0.6496926 1.8782373 2.0641469 0.6896068 0.6706268 1.7149392 1.8591793 0.5631085 4.5550638 0.6231452 0.6934086 2.1537522 2.2478474 1.7972438 0.6321182 
n274_275   0.1241109 0.1361767 2.0018352 2.3165958 2.4477178 0.5084122 1.8695331 1.8432420 0.0000000 1.9830859 1.9689352 1.9258416 0.1121186 0.4955760 2.0091954 2.0028081 1.8002740 1.6896507 2.0534053 2.7723709 1.9590266 1.9108330 1.9586616 2.0713515 0.1401975 1.7831494 
n289_290   1.9046951 1.8921015 0.0377279 2.9986477 2.8207781 1.4371719 1.0057298 0.5782171 1.9830859 0.0000000 0.1614666 0.2658249 1.9314619 1.4112384 0.2813642 0.2657553 1.8312447 1.7534138 0.0630040 2.3812166 0.2808326 0.1741800 1.7753348 1.7362570 2.0196216 0.2758228 
n296_297   2.0938353 2.0871375 0.1488387 3.3263329 3.3558190 1.5265226 1.1266968 0.6444213 1.9689352 0.1614666 0.0000000 0.2979347 2.0051682 1.4354664 0.3403589 0.3232503 1.9336618 1.9226021 0.1702365 2.6971776 0.3187291 0.0556101 1.9856218 2.0196863 2.0749831 0.3139933 
n275_276   1.7582379 1.7262726 0.2711842 2.6663920 2.4623661 1.4295416 1.0998213 0.6496926 1.9258416 0.2658249 0.2979347 0.0000000 1.7894697 1.5358578 0.1488178 0.1361327 1.7151605 1.6217823 0.2817884 2.3407266 0.1127344 0.3177809 1.8562153 1.9251420 2.0117022 0.1325845 
n292_293   0.0237407 0.0306882 1.9237669 2.1628794 2.4754777 0.5181329 1.7616334 1.8782373 0.1121186 1.9314619 2.0051682 1.7894697 0.0000000 0.4910628 1.9746211 1.9224478 1.7787377 1.6556490 2.0190516 3.4104843 1.8148034 1.8671296 1.8769258 1.9806189 0.1045051 1.7570282 
n278_279   0.5185361 0.5256664 1.4225878 3.7094505 2.2942243 0.1408524 1.7393577 2.0641469 0.4955760 1.4112384 1.4354664 1.5358578 0.4910628 0.0000000 1.6366281 1.6263843 1.7420080 1.6118111 1.5287240 2.4896608 1.5897060 1.4313496 1.7458192 1.9374620 0.5286037 1.5625612 
n298_299   1.9282736 1.8897761 0.3015427 4.0948253 2.5139491 1.5404182 1.0912411 0.6896068 2.0091954 0.2813642 0.3403589 0.1488178 1.9746211 1.6366281 0.0000000 0.0271928 1.7417555 1.6595329 0.3078966 2.5281056 0.1321294 0.3557466 1.6393612 1.7547126 2.1400975 0.1442611 
n297_298   1.8785989 1.8420670 0.2854541 3.7696547 2.7568379 1.5311806 1.0431681 0.6706268 2.0028081 0.2657553 0.3232503 0.1361327 1.9224478 1.6263843 0.0271928 0.0000000 1.8069963 1.7191041 0.2916207 2.6021201 0.1198028 0.3382776 1.7178766 1.8415348 2.0246450 0.1398321 
n286_287   1.8071277 1.7824597 1.8030822 2.8790276 2.5373904 1.4860967 1.8682376 1.7149392 1.8002740 1.8312447 1.9336618 1.7151605 1.7787377 1.7420080 1.7417555 1.8069963 0.0000000 0.0667969 1.6451335 2.4780215 1.8522320 2.2644060 0.9864945 0.9875995 1.8364022 1.8437616 
n285_286   1.6289656 1.6078764 1.7564529 2.6995044 2.7050413 1.3592207 1.7237900 1.8591793 1.6896507 1.7534138 1.9226021 1.6217823 1.6556490 1.6118111 1.6595329 1.7191041 0.0667969 0.0000000 1.5650028 2.9005567 1.7641658 2.1395681 0.9501841 0.9718810 1.8009555 1.7567215 
n287_288   2.0284636 2.0224907 0.0593111 2.5028922 3.0530606 1.5056066 0.9840543 0.5631085 2.0534053 0.0630040 0.1702365 0.2817884 2.0190516 1.5287240 0.3078966 0.2916207 1.6451335 1.5650028 0.0000000 2.6043704 0.2868081 0.1920555 1.6741934 1.6727547 2.0920620 0.2817470 
n251_252   3.6523528 3.1894093 2.4254463 2.1068023 0.2972051 2.7255979 2.5156620 4.5550638 2.7723709 2.3812166 2.6971776 2.3407266 3.4104843 2.4896608 2.5281056 2.6021201 2.4780215 2.9005567 2.6043704 0.0000000 2.2921799 2.9005113 2.2529386 3.0060300 3.0541308 2.3507694 
n294_295   1.7827155 1.7498893 0.2860252 3.4052981 2.5610084 1.5095052 1.0577247 0.6231452 1.9590266 0.2808326 0.3187291 0.1127344 1.8148034 1.5897060 0.1321294 0.1198028 1.8522320 1.7641658 0.2868081 2.2921799 0.0000000 0.3283266 1.7912591 1.8689204 2.0568113 0.0411765 
n295_296   1.9176113 1.9126314 0.1742898 3.7517759 3.2925578 1.4947153 1.1490312 0.6934086 1.9108330 0.1741800 0.0556101 0.3177809 1.8671296 1.4313496 0.3557466 0.3382776 2.2644060 2.1395681 0.1920555 2.9005113 0.3283266 0.0000000 1.7540312 1.8678596 2.0118419 0.3071969 
n266_267   1.8667839 1.8730501 1.7789238 2.3440317 1.9933755 1.6275110 2.0534914 2.1537522 1.9586616 1.7753348 1.9856218 1.8562153 1.8769258 1.7458192 1.6393612 1.7178766 0.9864945 0.9501841 1.6741934 2.2529386 1.7912591 1.7540312 0.0000000 0.1774305 1.8075599 1.8939772 
n265_266   1.9687646 1.9762491 1.8331987 2.0010148 2.2333639 1.9058970 2.0891111 2.2478474 2.0713515 1.7362570 2.0196863 1.9251420 1.9806189 1.9374620 1.7547126 1.8415348 0.9875995 0.9718810 1.6727547 3.0060300 1.8689204 1.8678596 0.1774305 0.0000000 1.8796304 1.8699581 
n280_281   0.1163766 0.1283264 2.0501437 2.1989532 2.4844387 0.5664113 1.6769310 1.7972438 0.1401975 2.0196216 2.0749831 2.0117022 0.1045051 0.5286037 2.1400975 2.0246450 1.8364022 1.8009555 2.0920620 3.0541308 2.0568113 2.0118419 1.8075599 1.8796304 0.0000000 1.9090134 
n293_294   1.7267823 1.6958086 0.2809763 2.9984394 2.6151540 1.5557273 1.1292287 0.6321182 1.7831494 0.2758228 0.3139933 0.1325845 1.7570282 1.5625612 0.1442611 0.1398321 1.8437616 1.7567215 0.2817470 2.3507694 0.0411765 0.3071969 1.8939772 1.8699581 1.9090134 0.0000000 
