23
n292_293   0.0000000 0.2578806 0.2481508 0.2588585 0.3721316 0.2433885 0.2391258 0.0168803 0.3598767 0.2533238 0.0739447 0.2537011 0.2587447 0.3238564 0.2687960 0.2534320 0.2628771 0.2763050 0.2484879 0.2576755 0.0776639 0.0067083 0.2762446 
n287_288   0.2578806 0.0000000 0.0067206 0.0523626 0.3455566 0.2732623 0.0487631 0.2724609 0.3500132 0.0857141 0.2381536 0.0486965 0.0523410 0.3576922 0.0596710 0.0378252 0.0342887 0.2976182 0.1373735 0.2829544 0.2428646 0.2629099 0.2975517 
n290_291   0.2481508 0.0067206 0.0000000 0.0451362 0.3401326 0.2632936 0.0415723 0.2625331 0.3388395 0.0781323 0.2287053 0.0415159 0.0451177 0.3464713 0.0523647 0.0307833 0.0272858 0.2873278 0.1291794 0.2780115 0.2333542 0.2531070 0.2872642 
n294_295   0.2588585 0.0523626 0.0451362 0.0000000 0.3640506 0.2788811 0.0169991 0.2735016 0.3567879 0.0820973 0.2439441 0.0135399 0.0169766 0.3652673 0.0135486 0.0559673 0.0523169 0.3033815 0.1335724 0.2939496 0.2487088 0.2639099 0.3033133 
n251_252   0.3721316 0.3455566 0.3401326 0.3640506 0.0000000 0.3959711 0.3525453 0.3772114 0.0629552 0.3684820 0.3532172 0.3636265 0.3696511 0.3310105 0.3699286 0.3453330 0.3455212 0.4173408 0.3395695 0.3951200 0.3587624 0.3836526 0.4111866 
n286_287   0.2433885 0.2732623 0.2632936 0.2788811 0.3959711 0.0000000 0.2585376 0.2481429 0.3836133 0.2835819 0.2247621 0.2735522 0.2787578 0.3728149 0.2891251 0.2636333 0.2733711 0.1194281 0.2586527 0.0100333 0.2293991 0.2529559 0.1194052 
n275_276   0.2391258 0.0487631 0.0415723 0.0169991 0.3525453 0.2585376 0.0000000 0.2533520 0.3456274 0.0783469 0.2246565 0.0135515 0.0169922 0.3482376 0.0239246 0.0523523 0.0487206 0.2872816 0.1295442 0.2731639 0.2292888 0.2440237 0.2872180 
n274_275   0.0168803 0.2724609 0.2625331 0.2735016 0.3772114 0.2481429 0.2533520 0.0000000 0.3648764 0.2627586 0.0851342 0.2682269 0.2733810 0.3398337 0.2836471 0.2628708 0.2724265 0.2912120 0.2628929 0.2625249 0.0889109 0.0237474 0.2911475 
n255_256   0.3598767 0.3500132 0.3388395 0.3567879 0.0629552 0.3836133 0.3456274 0.3648764 0.0000000 0.3551694 0.3468116 0.3565756 0.3625209 0.3141715 0.3625869 0.3440172 0.3442040 0.3992770 0.3215141 0.4010983 0.3522986 0.3711865 0.3932763 
n236_237   0.2533238 0.0857141 0.0781323 0.0820973 0.3684820 0.2835819 0.0783469 0.2627586 0.3551694 0.0000000 0.2386397 0.0782379 0.0820631 0.3524252 0.0897446 0.0894745 0.0856375 0.3185788 0.1128923 0.2987385 0.2433622 0.2583248 0.3185063 
n278_279   0.0739447 0.2381536 0.2287053 0.2439441 0.3532172 0.2247621 0.2246565 0.0851342 0.3468116 0.2386397 0.0000000 0.2389113 0.2438374 0.3335430 0.2536599 0.2338105 0.2430010 0.2611741 0.2247074 0.2386986 0.0033277 0.0814085 0.2660106 
n297_298   0.2537011 0.0486965 0.0415159 0.0135399 0.3636265 0.2735522 0.0135515 0.2682269 0.3565756 0.0782379 0.2389113 0.0000000 0.0033575 0.3591651 0.0238924 0.0522807 0.0486542 0.2980220 0.1293575 0.2884962 0.2436388 0.2587095 0.2979553 
n298_299   0.2587447 0.0523410 0.0451177 0.0169766 0.3696511 0.2787578 0.0169922 0.2733810 0.3625209 0.0820631 0.2438374 0.0033575 0.0000000 0.3651017 0.0273903 0.0559442 0.0522953 0.3034121 0.1335157 0.2938192 0.2485999 0.2637937 0.3033439 
n244_245   0.3238564 0.3576922 0.3464713 0.3652673 0.3310105 0.3728149 0.3482376 0.3398337 0.3141715 0.3524252 0.3335430 0.3591651 0.3651017 0.0000000 0.3708995 0.3639856 0.3582226 0.3932840 0.3294377 0.3785095 0.3389097 0.3345546 0.3931892 
n293_294   0.2687960 0.0596710 0.0523647 0.0135486 0.3699286 0.2891251 0.0239246 0.2836471 0.3625869 0.0897446 0.2536599 0.0238924 0.0273903 0.3708995 0.0000000 0.0633110 0.0596186 0.3191097 0.1334724 0.3044147 0.2584904 0.2739240 0.3190370 
n296_297   0.2534320 0.0378252 0.0307833 0.0559673 0.3453330 0.2636333 0.0523523 0.2628708 0.3440172 0.0894745 0.2338105 0.0522807 0.0559442 0.3639856 0.0633110 0.0000000 0.0101105 0.2925869 0.1372148 0.2783715 0.2384986 0.2584338 0.2925218 
n295_296   0.2628771 0.0342887 0.0272858 0.0523169 0.3455212 0.2733711 0.0487206 0.2724265 0.3442040 0.0856375 0.2430010 0.0486542 0.0522953 0.3582226 0.0596186 0.0101105 0.0000000 0.3078942 0.1330850 0.2883019 0.2477449 0.2679451 0.3078249 
n266_267   0.2763050 0.2976182 0.2873278 0.3033815 0.4173408 0.1194281 0.2872816 0.2912120 0.3992770 0.3185788 0.2611741 0.2980220 0.3034121 0.3932840 0.3191097 0.2925869 0.3078942 0.0000000 0.2974006 0.1313025 0.2660237 0.2862853 0.0133521 
n200_201   0.2484879 0.1373735 0.1291794 0.1335724 0.3395695 0.2586527 0.1295442 0.2628929 0.3215141 0.1128923 0.2247074 0.1293575 0.1335157 0.3294377 0.1334724 0.1372148 0.1330850 0.2974006 0.0000000 0.2732878 0.2293415 0.2581299 0.2973342 
n285_286   0.2576755 0.2829544 0.2780115 0.2939496 0.3951200 0.0100333 0.2731639 0.2625249 0.4010983 0.2987385 0.2386986 0.2884962 0.2938192 0.3785095 0.3044147 0.2783715 0.2883019 0.1313025 0.2732878 0.0000000 0.2434240 0.2674320 0.1312771 
n277_278   0.0776639 0.2428646 0.2333542 0.2487088 0.3587624 0.2293991 0.2292888 0.0889109 0.3522986 0.2433622 0.0033277 0.2436388 0.2485999 0.3389097 0.2584904 0.2384986 0.2477449 0.2660237 0.2293415 0.2434240 0.0000000 0.0851668 0.2708921 
n280_281   0.0067083 0.2629099 0.2531070 0.2639099 0.3836526 0.2529559 0.2440237 0.0237474 0.3711865 0.2583248 0.0814085 0.2587095 0.2637937 0.3345546 0.2739240 0.2584338 0.2679451 0.2862853 0.2581299 0.2674320 0.0851668 0.0000000 0.2862221 
n265_266   0.2762446 0.2975517 0.2872642 0.3033133 0.4111866 0.1194052 0.2872180 0.2911475 0.3932763 0.3185063 0.2660106 0.2979553 0.3033439 0.3931892 0.3190370 0.2925218 0.3078249 0.0133521 0.2973342 0.1312771 0.2708921 0.2862221 0.0000000 
