26
n299_300   0.0000000 0.0168952 1.8733345 2.5876332 2.9440777 0.3638129 1.4839118 1.9331791 0.1286097 1.9006378 2.2239650 1.9303921 0.0413031 0.3636943 1.7969213 1.8027788 1.6431330 1.5366429 1.8285208 2.1592985 1.8073530 2.1255443 1.9675886 1.7983319 0.1007660 1.8400336 
n300_301   0.0168952 0.0000000 1.9137636 2.5202128 2.7485193 0.3468986 1.4835241 1.9299698 0.1326156 1.9422399 2.2834977 2.0665516 0.0377587 0.3467833 1.8720451 1.8785534 1.6161422 1.5124811 1.8668137 2.0632419 1.8839794 2.1792066 1.8888907 1.7323721 0.0968872 1.9194096 
n290_291   1.8733345 1.9137636 0.0000000 2.8613370 2.6368933 1.5693630 1.1509425 0.6607098 1.8950681 0.0627242 0.1874271 0.3349930 1.7281634 1.6423722 0.3407763 0.3460880 1.6514084 1.6438498 0.0627518 2.3424153 0.3249473 0.1613670 2.0492369 1.9735630 1.9402972 0.3303328 
n244_245   2.5876332 2.5202128 2.8613370 0.0000000 3.0073907 2.5943939 4.9414183 9.0000000 2.2367820 2.8785627 3.0254918 2.7984235 2.7153129 2.3281808 3.3415854 3.4941228 2.1853396 2.1356589 2.8394282 2.2832189 2.7153969 3.0605152 2.0091244 2.1726042 2.4169439 3.0300025 
n255_256   2.9440777 2.7485193 2.6368933 3.0073907 0.0000000 2.1355111 2.7953707 2.2068767 2.8429675 3.4802370 3.3849933 3.4507203 2.8048212 2.2884610 3.3050527 3.1668030 3.2226513 2.9721333 3.1504490 0.3309947 3.0132658 3.7403975 3.7665005 3.2988633 2.5896802 3.2604556 
n277_278   0.3638129 0.3468986 1.5693630 2.5943939 2.1355111 0.0000000 1.7253731 1.6538461 0.3629201 1.5619466 1.6843711 1.7667878 0.3515595 0.1832713 1.5643894 1.5970216 1.6375974 1.4382641 1.5436490 2.0366637 1.6296546 1.6035427 1.9100079 1.7055626 0.3923362 1.5986678 
n200_201   1.4839118 1.4835241 1.1509425 4.9414183 2.7953707 1.7253731 0.0000000 1.1240942 1.6327689 1.2005632 1.1286068 1.2295748 1.5104123 1.7908001 1.1001423 1.1150661 1.8190738 2.1950551 1.2522126 2.6451650 1.1007426 1.1124169 2.0228152 1.9237884 1.7295818 1.1026523 
n236_237   1.9331791 1.9299698 0.6607098 9.0000000 2.2068767 1.6538461 1.1240942 0.0000000 1.7193351 0.6264793 0.7059751 0.6031152 1.8599750 1.7490872 0.6524858 0.6452547 2.6563791 2.2612640 0.6689092 2.3001916 0.5972177 0.6698654 2.1316979 2.8161252 1.9327346 0.5742054 
n274_275   0.1286097 0.1326156 1.8950681 2.2367820 2.8429675 0.3629201 1.6327689 1.7193351 0.0000000 1.8963040 1.9722854 2.0625309 0.1205192 0.3800698 1.7970545 1.8435719 1.7957171 1.5873482 1.7946408 2.2688443 1.7692612 1.9009122 1.8129694 1.6400545 0.1451142 1.7669875 
n289_290   1.9006378 1.9422399 0.0627242 2.8785627 3.4802370 1.5619466 1.2005632 0.6264793 1.8963040 0.0000000 0.1787968 0.3080499 1.7516797 1.6404450 0.3082445 0.3188470 1.6083435 1.5815804 0.0554979 2.4167404 0.3192697 0.1447110 1.9159808 1.9653865 2.0585509 0.3246079 
n296_297   2.2239650 2.2834977 0.1874271 3.0254918 3.3849933 1.6843711 1.1286068 0.7059751 1.9722854 0.1787968 0.0000000 0.3358631 2.0706398 1.7501505 0.3147490 0.3310710 1.6803511 1.7845830 0.1788451 2.4918153 0.3535058 0.0341933 2.2267712 2.0034308 2.2141100 0.3591287 
n275_276   1.9303921 2.0665516 0.3349930 2.7984235 3.4507203 1.7667878 1.2295748 0.6031152 2.0625309 0.3080499 0.3358631 0.0000000 1.9288297 1.6071545 0.1531240 0.1574911 1.8578352 1.7550481 0.3241636 2.2768915 0.1491946 0.3034817 2.5634606 2.0981383 2.0976255 0.1409112 
n292_293   0.0413031 0.0377587 1.7281634 2.7153129 2.8048212 0.3515595 1.5104123 1.8599750 0.1205192 1.7516797 2.0706398 1.9288297 0.0000000 0.3404919 1.6968460 1.7672480 1.5894894 1.4887610 1.6647273 2.1314689 1.7055246 1.9856671 1.8850149 1.7586766 0.0853116 1.7348989 
n278_279   0.3636943 0.3467833 1.6423722 2.3281808 2.2884610 0.1832713 1.7908001 1.7490872 0.3800698 1.6404450 1.7501505 1.6071545 0.3404919 0.0000000 1.5408300 1.5726030 1.5982267 1.4287587 1.6511269 2.0731583 1.5030857 1.6931083 2.0449352 1.6891762 0.3569889 1.5003422 
n298_299   1.7969213 1.8720451 0.3407763 3.3415854 3.3050527 1.5643894 1.1001423 0.6524858 1.7970545 0.3082445 0.3147490 0.1531240 1.6968460 1.5408300 0.0000000 0.0308306 1.8509430 1.8151132 0.3243641 2.3488773 0.1618746 0.2934295 2.5674721 2.0964223 1.7934997 0.1661214 
n297_298   1.8027788 1.8785534 0.3460880 3.4941228 3.1668030 1.5970216 1.1150661 0.6452547 1.8435719 0.3188470 0.3310710 0.1574911 1.7672480 1.5726030 0.0308306 0.0000000 1.9718111 1.9309282 0.3295603 2.4176950 0.1792968 0.3092336 2.6628353 2.2704503 1.7993297 0.1749834 
n286_287   1.6431330 1.6161422 1.6514084 2.1853396 3.2226513 1.6375974 1.8190738 2.6563791 1.7957171 1.6083435 1.6803511 1.8578352 1.5894894 1.5982267 1.8509430 1.9718111 0.0000000 0.0811728 1.6211242 1.9237969 2.0167309 1.7778645 0.8074609 0.7863051 1.6741050 2.1494211 
n285_286   1.5366429 1.5124811 1.6438498 2.1356589 2.9721333 1.4382641 2.1950551 2.2612640 1.5873482 1.5815804 1.7845830 1.7550481 1.4887610 1.4287587 1.8151132 1.9309282 0.0811728 0.0000000 1.6174820 1.8069658 1.8548108 1.7775795 0.8293920 0.8408669 1.6179429 1.9652049 
n287_288   1.8285208 1.8668137 0.0627518 2.8394282 3.1504490 1.5436490 1.2522126 0.6689092 1.7946408 0.0554979 0.1788451 0.3241636 1.6647273 1.6511269 0.3243641 0.3295603 1.6211242 1.6174820 0.0000000 2.3582906 0.3305120 0.1447502 2.0536690 1.9066125 1.9452375 0.3359424 
n251_252   2.1592985 2.0632419 2.3424153 2.2832189 0.3309947 2.0366637 2.6451650 2.3001916 2.2688443 2.4167404 2.4918153 2.2768915 2.1314689 2.0731583 2.3488773 2.4176950 1.9237969 1.8069658 2.3582906 0.0000000 2.3306472 2.7353891 2.9970377 3.8993486 2.2335026 2.3160050 
n294_295   1.8073530 1.8839794 0.3249473 2.7153969 3.0132658 1.6296546 1.1007426 0.5972177 1.7692612 0.3192697 0.3535058 0.1491946 1.7055246 1.5030857 0.1618746 0.1792968 2.0167309 1.8548108 0.3305120 2.3306472 0.0000000 0.3255195 2.2577600 1.9884088 1.7654968 0.0449229 
n295_296   2.1255443 2.1792066 0.1613670 3.0605152 3.7403975 1.6035427 1.1124169 0.6698654 1.9009122 0.1447110 0.0341933 0.3034817 1.9856671 1.6931083 0.2934295 0.3092336 1.7778645 1.7775795 0.1447502 2.7353891 0.3255195 0.0000000 2.1168915 1.9196544 2.1168097 0.3309165 
n266_267   1.9675886 1.8888907 2.0492369 2.0091244 3.7665005 1.9100079 2.0228152 2.1316979 1.8129694 1.9159808 2.2267712 2.5634606 1.8850149 2.0449352 2.5674721 2.6628353 0.8074609 0.8293920 2.0536690 2.9970377 2.2577600 2.1168915 0.0000000 0.1916467 1.9636728 2.1432993 
n265_266   1.7983319 1.7323721 1.9735630 2.1726042 3.2988633 1.7055626 1.9237884 2.8161252 1.6400545 1.9653865 2.0034308 2.0981383 1.7586766 1.6891762 2.0964223 2.2704503 0.7863051 0.8408669 1.9066125 3.8993486 1.9884088 1.9196544 0.1916467 0.0000000 1.8403147 1.9142080 
n280_281   0.1007660 0.0968872 1.9402972 2.4169439 2.5896802 0.3923362 1.7295818 1.9327346 0.1451142 2.0585509 2.2141100 2.0976255 0.0853116 0.3569889 1.7934997 1.7993297 1.6741050 1.6179429 1.9452375 2.2335026 1.7654968 2.1168097 1.9636728 1.8403147 0.0000000 1.7921927 
n293_294   1.8400336 1.9194096 0.3303328 3.0300025 3.2604556 1.5986678 1.1026523 0.5742054 1.7669875 0.3246079 0.3591287 0.1409112 1.7348989 1.5003422 0.1661214 0.1749834 2.1494211 1.9652049 0.3359424 2.3160050 0.0449229 0.3309165 2.1432993 1.9142080 1.7921927 0.0000000 
