24
n292_293   0.0000000 0.3319311 0.3422325 0.3196819 0.3882232 0.2476579 0.3147774 0.0067031 0.3376855 0.3873006 0.3933300 0.0033408 0.0702953 0.3313679 0.3257963 0.4190680 0.3306637 0.3592993 0.3528086 0.2814181 0.3356231 0.0779922 0.0135058 0.2613755 
n287_288   0.3319311 0.0000000 0.0100818 0.0376917 0.4103944 0.2874529 0.0272534 0.3251833 0.0100879 0.4282371 0.1008742 0.3375863 0.3320734 0.0273206 0.0203636 0.3617486 0.0307233 0.0237832 0.0271707 0.3585206 0.1371118 0.3331265 0.3372644 0.3307119 
n290_291   0.3422325 0.0100818 0.0000000 0.0411805 0.3978949 0.2971345 0.0307057 0.3353664 0.0067010 0.4154314 0.0969607 0.3479661 0.3423812 0.0307804 0.0237925 0.3723781 0.0341880 0.0272210 0.0306124 0.3691654 0.1494215 0.3434711 0.3476319 0.3409779 
n294_295   0.3196819 0.0376917 0.0411805 0.0000000 0.3844914 0.2911548 0.0237090 0.3131050 0.0412055 0.4085878 0.1044554 0.3252188 0.3301882 0.0377231 0.0306727 0.3552788 0.0202732 0.0555291 0.0589815 0.3568268 0.1615960 0.3312298 0.3249130 0.3291741 
n251_252   0.3882232 0.4103944 0.3978949 0.3844914 0.0000000 0.4045947 0.3797835 0.3807597 0.4098133 0.0552647 0.4298556 0.3943626 0.4168101 0.3923834 0.3918978 0.3451267 0.3971294 0.4352500 0.4400627 0.4167131 0.4283783 0.4181893 0.3877476 0.3980295 
n286_287   0.2476579 0.2874529 0.2971345 0.2911548 0.4045947 0.0000000 0.2715191 0.2419324 0.2920189 0.3858517 0.3496320 0.2526164 0.2468225 0.3027202 0.2920437 0.3953294 0.2863977 0.3130539 0.3173140 0.1497672 0.3240424 0.2522444 0.2380417 0.1333106 
n275_276   0.3147774 0.0272534 0.0307057 0.0237090 0.3797835 0.2715191 0.0000000 0.3082559 0.0307243 0.3968802 0.0930584 0.3202775 0.3149088 0.0272759 0.0203311 0.3444575 0.0168729 0.0448512 0.0482844 0.3406804 0.1410015 0.3158972 0.3199774 0.3136241 
n274_275   0.0067031 0.3251833 0.3353664 0.3131050 0.3807597 0.2419324 0.3082559 0.0000000 0.3308626 0.3798630 0.3858185 0.0100849 0.0701763 0.3246350 0.3191356 0.4112618 0.3239526 0.3522182 0.3458192 0.2753203 0.3288556 0.0778595 0.0134834 0.2555098 
n289_290   0.3376855 0.0100879 0.0067010 0.0412055 0.4098133 0.2920189 0.0307243 0.3308626 0.0000000 0.4276239 0.1047183 0.3433920 0.3378316 0.0308001 0.0238069 0.3726318 0.0342088 0.0272375 0.0306310 0.3694182 0.1456326 0.3389067 0.3430629 0.3412101 
n255_256   0.3873006 0.4282371 0.4154314 0.4085878 0.0552647 0.3858517 0.3968802 0.3798630 0.4276239 0.0000000 0.4414728 0.3934202 0.4153928 0.4098020 0.4092894 0.3399127 0.4146174 0.4536830 0.4585812 0.4277469 0.4404795 0.4167626 0.3750680 0.4030252 
n236_237   0.3933300 0.1008742 0.0969607 0.1044554 0.4298556 0.3496320 0.0930584 0.3858185 0.1047183 0.4414728 0.0000000 0.3994982 0.4050982 0.1009635 0.0931300 0.4267002 0.0968525 0.1205273 0.1241554 0.4155282 0.1746157 0.4064287 0.3990978 0.3912475 
n299_300   0.0033408 0.3375863 0.3479661 0.3252188 0.3943626 0.2526164 0.3202775 0.0100849 0.3433920 0.3934202 0.3994982 0.0000000 0.0740474 0.3370118 0.3313924 0.4254289 0.3362912 0.3537476 0.3473129 0.2866264 0.3412880 0.0818018 0.0169334 0.2664261 
n278_279   0.0702953 0.3320734 0.3423812 0.3301882 0.4168101 0.2468225 0.3149088 0.0701763 0.3378316 0.4153928 0.4050982 0.0740474 0.0000000 0.3315097 0.3259345 0.4359885 0.3308048 0.3594592 0.3475253 0.2860975 0.3357672 0.0203444 0.0778005 0.2659348 
n297_298   0.3313679 0.0273206 0.0307804 0.0377231 0.3923834 0.3027202 0.0272759 0.3246350 0.0308001 0.4098020 0.1009635 0.3370118 0.3315097 0.0000000 0.0067202 0.3848024 0.0307487 0.0449623 0.0447952 0.3688503 0.1580017 0.3325595 0.3366911 0.3406990 
n298_299   0.3257963 0.0203636 0.0237925 0.0306727 0.3918978 0.2920437 0.0203311 0.3191356 0.0238069 0.4092894 0.0931300 0.3313924 0.3259345 0.0067202 0.0000000 0.3727669 0.0237681 0.0378065 0.0412283 0.3635013 0.1494209 0.3269642 0.3310777 0.3355410 
n244_245   0.4190680 0.3617486 0.3723781 0.3552788 0.3451267 0.3953294 0.3444575 0.4112618 0.3726318 0.3399127 0.4267002 0.4254289 0.4359885 0.3848024 0.3727669 0.0000000 0.3604607 0.3843478 0.3888986 0.4368867 0.4209738 0.4442455 0.4185457 0.4184392 
n293_294   0.3306637 0.0307233 0.0341880 0.0202732 0.3971294 0.2863977 0.0168729 0.3239526 0.0342088 0.4146174 0.0968525 0.3362912 0.3308048 0.0307487 0.0237681 0.3604607 0.0000000 0.0484027 0.0518424 0.3571254 0.1533955 0.3318508 0.3359720 0.3294538 
n296_297   0.3592993 0.0237832 0.0272210 0.0555291 0.4352500 0.3130539 0.0448512 0.3522182 0.0272375 0.4536830 0.1205273 0.3537476 0.3594592 0.0449623 0.0378065 0.3843478 0.0484027 0.0000000 0.0168791 0.3868729 0.1664452 0.3606137 0.3648219 0.3579840 
n295_296   0.3528086 0.0271707 0.0306124 0.0589815 0.4400627 0.3173140 0.0482844 0.3458192 0.0306310 0.4585812 0.1241554 0.3473129 0.3475253 0.0447952 0.0412283 0.3888986 0.0518424 0.0168791 0.0000000 0.3858089 0.1702118 0.3486334 0.3582770 0.3570075 
n266_267   0.2814181 0.3585206 0.3691654 0.3568268 0.4167131 0.1497672 0.3406804 0.2753203 0.3694182 0.4277469 0.4155282 0.2866264 0.2860975 0.3688503 0.3635013 0.4368867 0.3571254 0.3868729 0.3858089 0.0000000 0.3871195 0.2919066 0.2766163 0.0203041 
n200_201   0.3356231 0.1371118 0.1494215 0.1615960 0.4283783 0.3240424 0.1410015 0.3288556 0.1456326 0.4404795 0.1746157 0.3412880 0.3357672 0.1580017 0.1494209 0.4209738 0.1533955 0.1664452 0.1702118 0.3871195 0.0000000 0.3368308 0.3409629 0.3582016 
n277_278   0.0779922 0.3331265 0.3434711 0.3312298 0.4181893 0.2522444 0.3158972 0.0778595 0.3389067 0.4167626 0.4064287 0.0818018 0.0203444 0.3325595 0.3269642 0.4442455 0.3318508 0.3606137 0.3486334 0.2919066 0.3368308 0.0000000 0.0856106 0.2715393 
n280_281   0.0135058 0.3372644 0.3476319 0.3249130 0.3877476 0.2380417 0.3199774 0.0134834 0.3430629 0.3750680 0.3990978 0.0169334 0.0778005 0.3366911 0.3310777 0.4185457 0.3359720 0.3648219 0.3582770 0.2766163 0.3409629 0.0856106 0.0000000 0.2567009 
n265_266   0.2613755 0.3307119 0.3409779 0.3291741 0.3980295 0.1333106 0.3136241 0.2555098 0.3412101 0.4030252 0.3912475 0.2664261 0.2659348 0.3406990 0.3355410 0.4184392 0.3294538 0.3579840 0.3570075 0.0203041 0.3582016 0.2715393 0.2567009 0.0000000 
