23
n290_287   0.0000000 0.0033424 0.3630426 0.0482030 0.0482296 0.1036964 0.0202965 0.0446886 0.3526608 0.3518468 0.0237430 0.0482395 0.4575102 0.1804543 0.3525032 0.4578671 0.3466258 0.3472953 0.5253804 0.3736685 0.3637037 0.3635824 0.3798282 
n289_286   0.0033424 0.0000000 0.3577208 0.0446649 0.0446895 0.0998934 0.0168789 0.0411637 0.3474063 0.3466106 0.0203090 0.0446986 0.4514721 0.1762558 0.3472508 0.4518229 0.3414243 0.3420781 0.5188130 0.3682784 0.3583710 0.3582513 0.3743876 
n274_271   0.3630426 0.3577208 0.0000000 0.3412790 0.3574389 0.3630330 0.3520672 0.3521854 0.0306135 0.2749638 0.3576172 0.3468761 0.4150862 0.3207975 0.0271358 0.4213315 0.2751239 0.0698065 0.4664436 0.3298219 0.0846002 0.0375994 0.3460082 
n297_294   0.0482030 0.0446649 0.3412790 0.0000000 0.0202750 0.0921725 0.0411133 0.0168607 0.3311855 0.3462861 0.0446617 0.0202790 0.4324670 0.1592518 0.3310366 0.4449848 0.3411064 0.3259790 0.5245989 0.3514295 0.3418946 0.3417800 0.3574262 
n293_290   0.0482296 0.0446895 0.3574389 0.0202750 0.0000000 0.0922232 0.0411360 0.0033446 0.3471389 0.3573287 0.0446864 0.0202902 0.4452316 0.1676895 0.3469836 0.4455761 0.3520708 0.3418181 0.5316800 0.3518972 0.3580879 0.3579683 0.3579034 
n236_233   0.1036964 0.0998934 0.3630330 0.0921725 0.0922232 0.0000000 0.0960396 0.0884769 0.3526540 0.3468626 0.0998864 0.0885162 0.4572308 0.1593726 0.3524965 0.4575871 0.3416712 0.3314788 0.5453890 0.3520725 0.3475275 0.3635727 0.3635735 
n295_292   0.0202965 0.0168789 0.3520672 0.0411133 0.0411360 0.0960396 0.0000000 0.0376278 0.3418318 0.3519081 0.0033450 0.0411443 0.4449881 0.1719504 0.3416786 0.4453324 0.3466856 0.3365471 0.5186698 0.3570943 0.3527053 0.3525874 0.3630934 
n294_291   0.0446886 0.0411637 0.3521854 0.0168607 0.0033446 0.0884769 0.0376278 0.0000000 0.3419490 0.3520808 0.0411609 0.0168734 0.4393428 0.1635632 0.3417958 0.4396817 0.3468569 0.3366637 0.5316468 0.3572685 0.3528237 0.3527057 0.3633262 
n300_297   0.3526608 0.3474063 0.0306135 0.3311855 0.3471389 0.3526540 0.3418318 0.3419490 0.0000000 0.2611052 0.3473064 0.3367060 0.4098158 0.3109483 0.0100648 0.4160191 0.2612578 0.0589891 0.4607047 0.3147663 0.0735852 0.0067003 0.3306223 
n286_283   0.3518468 0.3466106 0.2749638 0.3462861 0.3573287 0.3468626 0.3519081 0.3520808 0.2611052 0.0000000 0.3574510 0.3574651 0.3904585 0.3253230 0.2607594 0.3907499 0.0134459 0.2518188 0.4229009 0.1795976 0.2661537 0.2658443 0.1882980 
n296_293   0.0237430 0.0203090 0.3576172 0.0446617 0.0446864 0.0998864 0.0033450 0.0411609 0.3473064 0.3574510 0.0000000 0.0446955 0.4513364 0.1762430 0.3471509 0.4516871 0.3521884 0.3419801 0.5256809 0.3571506 0.3582671 0.3581474 0.3631510 
n275_272   0.0482395 0.0446986 0.3468761 0.0202790 0.0202902 0.0885162 0.0411443 0.0168734 0.3367060 0.3574651 0.0446955 0.0000000 0.4454050 0.1636423 0.3365548 0.4457498 0.3522039 0.3314574 0.5320485 0.3626900 0.3475036 0.3473872 0.3688000 
n255_252   0.4575102 0.4514721 0.4150862 0.4324670 0.4452316 0.4572308 0.4449881 0.4393428 0.4098158 0.3904585 0.4513364 0.4454050 0.0000000 0.4205751 0.4037026 0.0135104 0.3906056 0.4036011 0.3515733 0.4184393 0.4152754 0.4096743 0.4250271 
n200_197   0.1804543 0.1762558 0.3207975 0.1592518 0.1676895 0.1593726 0.1719504 0.1635632 0.3109483 0.3253230 0.1762430 0.1636423 0.4205751 0.0000000 0.3108076 0.4268660 0.3202825 0.2909022 0.4983171 0.3303616 0.3009993 0.3212639 0.3412027 
n280_277   0.3525032 0.3472508 0.0271358 0.3310366 0.3469836 0.3524965 0.3416786 0.3417958 0.0100648 0.2607594 0.3471509 0.3365548 0.4037026 0.3108076 0.0000000 0.4098482 0.2609121 0.0625611 0.4541491 0.3145696 0.0772178 0.0168546 0.3304159 
n251_248   0.4578671 0.4518229 0.4213315 0.4449848 0.4455761 0.4575871 0.4453324 0.4396817 0.4160191 0.3907499 0.4516871 0.4457498 0.0135104 0.4268660 0.4098482 0.0000000 0.3908972 0.4097417 0.3463870 0.4187561 0.4095466 0.4158748 0.4253505 
n285_282   0.3466258 0.3414243 0.2751239 0.3411064 0.3520708 0.3416712 0.3466856 0.3468569 0.2612578 0.0134459 0.3521884 0.3522039 0.3906056 0.3202825 0.2609121 0.3908972 0.0000000 0.2519659 0.4057629 0.1712193 0.2663094 0.2659996 0.1798160 
n278_275   0.3472953 0.3420781 0.0698065 0.3259790 0.3418181 0.3314788 0.3365471 0.3366637 0.0589891 0.2518188 0.3419801 0.3314574 0.4036011 0.2909022 0.0625611 0.4097417 0.2519659 0.0000000 0.4544274 0.2996978 0.0203052 0.0662615 0.3152192 
n244_241   0.5253804 0.5188130 0.4664436 0.5245989 0.5316800 0.5453890 0.5186698 0.5316468 0.4607047 0.4229009 0.5256809 0.5320485 0.3515733 0.4983171 0.4541491 0.3463870 0.4057629 0.4544274 0.0000000 0.4769688 0.4669751 0.4669050 0.4902981 
n265_262   0.3736685 0.3682784 0.3298219 0.3514295 0.3518972 0.3520725 0.3570943 0.3572685 0.3147663 0.1795976 0.3571506 0.3626900 0.4184393 0.3303616 0.3145696 0.4187561 0.1712193 0.2996978 0.4769688 0.0000000 0.3149978 0.3094503 0.0168097 
n277_274   0.3637037 0.3583710 0.0846002 0.3418946 0.3580879 0.3475275 0.3527053 0.3528237 0.0735852 0.2661537 0.3582671 0.3475036 0.4152754 0.3009993 0.0772178 0.4095466 0.2663094 0.0203052 0.4669751 0.3149978 0.0000000 0.0810063 0.3308681 
n292_289   0.3635824 0.3582513 0.0375994 0.3417800 0.3579683 0.3635727 0.3525874 0.3527057 0.0067003 0.2658443 0.3581474 0.3473872 0.4096743 0.3212639 0.0168546 0.4158748 0.2659996 0.0662615 0.4669050 0.3094503 0.0810063 0.0000000 0.3251773 
n266_263   0.3798282 0.3743876 0.3460082 0.3574262 0.3579034 0.3635735 0.3630934 0.3633262 0.3306223 0.1882980 0.3631510 0.3688000 0.4250271 0.3412027 0.3304159 0.4253505 0.1798160 0.3152192 0.4902981 0.0168097 0.3308681 0.3251773 0.0000000 
