26
n287_288   0.0000000 0.0101137 0.0896190 0.2444141 0.2392647 0.2791327 0.2589774 0.2686111 0.0523826 0.2733710 0.2736527 0.0204159 0.0523101 0.0415501 0.0451509 0.0101148 0.2440440 0.3681828 0.0238882 0.2795414 0.3596818 0.0415431 0.2637265 0.1091738 0.2297988 0.3582300 
n290_291   0.0101137 0.0000000 0.0933485 0.2488974 0.2389957 0.2838053 0.2635379 0.2732202 0.0559573 0.2780035 0.2782901 0.0238512 0.0558798 0.0450780 0.0486951 0.0067171 0.2437689 0.3675149 0.0273395 0.2842205 0.3648242 0.0450704 0.2683104 0.1129928 0.2342003 0.3522929 
n236_237   0.0896190 0.0933485 0.0000000 0.2534234 0.2479412 0.2989172 0.2733510 0.2831584 0.1012125 0.2880021 0.2882999 0.0818242 0.0971670 0.0895609 0.0934436 0.0933605 0.2527647 0.3792790 0.0856462 0.2993543 0.3200995 0.0895444 0.2781841 0.1292650 0.2389033 0.3578177 
n278_279   0.2444141 0.2488974 0.2534234 0.0000000 0.2329177 0.2576551 0.0776033 0.0813028 0.2538633 0.0812138 0.0850814 0.2343052 0.2534751 0.2392376 0.2441370 0.2489421 0.2424551 0.3893454 0.2391285 0.2580303 0.3348739 0.2391783 0.0775729 0.2587337 0.0410877 0.3786031 
n285_286   0.2392647 0.2389957 0.2479412 0.2329177 0.0000000 0.1660364 0.2570109 0.2665583 0.2536958 0.2712755 0.2616675 0.2292543 0.2482558 0.2390850 0.2439795 0.2437574 0.0066848 0.3873955 0.2340348 0.1791548 0.3116788 0.2390259 0.2617177 0.2484970 0.2280409 0.3715562 
n265_266   0.2791327 0.2838053 0.2989172 0.2576551 0.1660364 0.0000000 0.2929251 0.3029793 0.2892677 0.3079429 0.3030087 0.2684381 0.2888172 0.2789137 0.2791905 0.2838602 0.1746834 0.4323297 0.2634929 0.0343064 0.3563790 0.2788394 0.2978779 0.2839669 0.2623325 0.3974014 
n280_281   0.2589774 0.2635379 0.2733510 0.0776033 0.2570109 0.2929251 0.0000000 0.0168169 0.2638604 0.0236440 0.0202341 0.2536188 0.2634548 0.2393833 0.2539885 0.2635867 0.2668988 0.3934786 0.2585820 0.2881258 0.3508473 0.2489513 0.0134222 0.2738121 0.0850128 0.3886582 
n299_300   0.2686111 0.2732202 0.2831584 0.0813028 0.2665583 0.3029793 0.0168169 0.0000000 0.2735550 0.0270749 0.0100337 0.2631674 0.2731328 0.2487553 0.2635522 0.2732718 0.2765783 0.3991785 0.2681964 0.2981204 0.3507012 0.2584439 0.0033281 0.2834693 0.0811971 0.3943301 
n293_294   0.0523826 0.0559573 0.1012125 0.2538633 0.2536958 0.2892677 0.2638604 0.2735550 0.0000000 0.2783443 0.2786315 0.0450662 0.0067310 0.0169750 0.0204320 0.0559639 0.2585743 0.3624460 0.0486781 0.2896913 0.3481369 0.0169723 0.2686390 0.1292653 0.2438959 0.3414224 
n274_275   0.2733710 0.2780035 0.2880021 0.0812138 0.2712755 0.3079429 0.0236440 0.0270749 0.2783443 0.0000000 0.0305413 0.2678858 0.2779139 0.2533887 0.2682780 0.2780565 0.2813595 0.3987093 0.2630011 0.3030549 0.3670502 0.2631353 0.0236348 0.2933716 0.0886472 0.3938670 
n292_293   0.2736527 0.2782901 0.2882999 0.0850814 0.2616675 0.3030087 0.0202341 0.0100337 0.2786315 0.0305413 0.0000000 0.2681610 0.2782004 0.2536479 0.2685540 0.2783432 0.2716171 0.4052057 0.2732275 0.3033693 0.3561139 0.2634053 0.0066737 0.2936756 0.0849706 0.4003246 
n296_297   0.0204159 0.0238512 0.0818242 0.2343052 0.2292543 0.2684381 0.2536188 0.2631674 0.0450662 0.2678858 0.2681610 0.0000000 0.0450042 0.0343746 0.0379272 0.0238538 0.2339559 0.3505480 0.0101178 0.2688302 0.3367582 0.0343689 0.2583265 0.1129807 0.2199383 0.3298743 
n294_295   0.0523101 0.0558798 0.0971670 0.2534751 0.2482558 0.2888172 0.2634548 0.2731328 0.0067310 0.2779139 0.2782004 0.0450042 0.0000000 0.0169522 0.0204033 0.0558863 0.2530873 0.3618635 0.0486110 0.2892397 0.3419316 0.0169496 0.2682252 0.1290794 0.2435251 0.3408781 
n275_276   0.0415501 0.0450780 0.0895609 0.2392376 0.2390850 0.2789137 0.2393833 0.2487553 0.0169750 0.2533887 0.2536479 0.0343746 0.0169522 0.0000000 0.0101318 0.0450832 0.2438599 0.3565779 0.0379241 0.2741855 0.3423662 0.0067336 0.2440057 0.1211382 0.2294938 0.3357219 
n297_298   0.0451509 0.0486951 0.0934436 0.2441370 0.2439795 0.2791905 0.2539885 0.2635522 0.0204320 0.2682780 0.2685540 0.0379272 0.0204033 0.0101318 0.0000000 0.0487008 0.2487896 0.3511245 0.0414982 0.2845352 0.3480849 0.0033595 0.2587037 0.1252247 0.2343171 0.3304081 
n289_290   0.0101148 0.0067171 0.0933605 0.2489421 0.2437574 0.2838602 0.2635867 0.2732718 0.0559639 0.2780565 0.2783432 0.0238538 0.0558863 0.0450832 0.0487008 0.0000000 0.2485631 0.3675987 0.0273425 0.2842755 0.3593313 0.0450756 0.2683606 0.1130080 0.2342410 0.3576633 
n286_287   0.2440440 0.2437689 0.2527647 0.2424551 0.0066848 0.1746834 0.2668988 0.2765783 0.2585743 0.2813595 0.2716171 0.2339559 0.2530873 0.2438599 0.2487896 0.2485631 0.0000000 0.3932349 0.2387696 0.1879787 0.3169383 0.2437990 0.2716696 0.2533330 0.2375038 0.3772796 
n255_256   0.3681828 0.3675149 0.3792790 0.3893454 0.3873955 0.4323297 0.3934786 0.3991785 0.3624460 0.3987093 0.4052057 0.3505480 0.3618635 0.3565779 0.3511245 0.3675987 0.3932349 0.0000000 0.3618926 0.4329617 0.3009975 0.3453035 0.3934142 0.3448507 0.3829310 0.0660089 
n295_296   0.0238882 0.0273395 0.0856462 0.2391285 0.2340348 0.2634929 0.2585820 0.2681964 0.0486781 0.2630011 0.2732275 0.0101178 0.0486110 0.0379241 0.0414982 0.0273425 0.2387696 0.3618926 0.0000000 0.2638777 0.3479406 0.0379178 0.2633216 0.1169974 0.2246550 0.3409142 
n266_267   0.2795414 0.2842205 0.2993543 0.2580303 0.1791548 0.0343064 0.2881258 0.2981204 0.2896913 0.3030549 0.3033693 0.2688302 0.2892397 0.2741855 0.2845352 0.2842755 0.1879787 0.4329617 0.2638777 0.0000000 0.3572559 0.2792472 0.2930497 0.2843823 0.2627144 0.3979830 
n244_245   0.3596818 0.3648242 0.3200995 0.3348739 0.3116788 0.3563790 0.3508473 0.3507012 0.3481369 0.3670502 0.3561139 0.3367582 0.3419316 0.3423662 0.3480849 0.3593313 0.3169383 0.3009975 0.3479406 0.3572559 0.0000000 0.3422638 0.3561875 0.3479107 0.3513406 0.2813929 
n298_299   0.0415431 0.0450704 0.0895444 0.2391783 0.2390259 0.2788394 0.2489513 0.2584439 0.0169723 0.2631353 0.2634053 0.0343689 0.0169496 0.0067336 0.0033595 0.0450756 0.2437990 0.3453035 0.0379178 0.2792472 0.3422638 0.0000000 0.2536320 0.1211143 0.2294381 0.3247534 
n300_301   0.2637265 0.2683104 0.2781841 0.0775729 0.2617177 0.2978779 0.0134222 0.0033281 0.2686390 0.0236348 0.0066737 0.2583265 0.2682252 0.2440057 0.2587037 0.2683606 0.2716696 0.3934142 0.2633216 0.2930497 0.3561875 0.2536320 0.0000000 0.2834769 0.0774722 0.3885944 
n200_201   0.1091738 0.1129928 0.1292650 0.2587337 0.2484970 0.2839669 0.2738121 0.2834693 0.1292653 0.2933716 0.2936756 0.1129807 0.1290794 0.1211382 0.1252247 0.1130080 0.2533330 0.3448507 0.1169974 0.2843823 0.3479107 0.1211143 0.2834769 0.0000000 0.2436097 0.3294674 
n277_278   0.2297988 0.2342003 0.2389033 0.0410877 0.2280409 0.2623325 0.0850128 0.0811971 0.2438959 0.0886472 0.0849706 0.2199383 0.2435251 0.2294938 0.2343171 0.2342410 0.2375038 0.3829310 0.2246550 0.2627144 0.3513406 0.2294381 0.0774722 0.2436097 0.0000000 0.3665929 
n251_252   0.3582300 0.3522929 0.3578177 0.3786031 0.3715562 0.3974014 0.3886582 0.3943301 0.3414224 0.3938670 0.4003246 0.3298743 0.3408781 0.3357219 0.3304081 0.3576633 0.3772796 0.0660089 0.3409142 0.3979830 0.2813929 0.3247534 0.3885944 0.3294674 0.3665929 0.0000000 
