25
n297_316   0.0000000 0.0203548 0.0377583 0.2552825 0.0377474 0.3532035 0.2273870 0.2557899 0.2179762 0.2225870 0.0169238 0.3313557 0.0342408 0.2458710 0.0413153 0.2090088 0.3010645 0.2226229 0.2456247 0.1320335 0.2045333 0.0169204 0.3428990 0.0702795 0.3589948 
n293_312   0.0203548 0.0000000 0.0307664 0.2460064 0.0307575 0.3426714 0.2228307 0.2509002 0.2134810 0.2180637 0.0101135 0.3211164 0.0272807 0.2410577 0.0342875 0.2000977 0.3013207 0.2180982 0.2364671 0.1241300 0.1956765 0.0101115 0.3376789 0.0629824 0.3593257 
n289_308   0.0377583 0.0307664 0.0000000 0.2313780 0.0067114 0.3207154 0.2090513 0.2507304 0.1998982 0.2043900 0.0272851 0.2998331 0.0033486 0.2408973 0.0100990 0.1781035 0.2807546 0.2044204 0.2268002 0.1121118 0.1738183 0.0272796 0.3158582 0.0520232 0.3368311 
n266_285   0.2552825 0.2460064 0.2313780 0.0000000 0.2313041 0.4286837 0.2695396 0.1868322 0.2595515 0.2644267 0.2413448 0.4155321 0.2267765 0.1779140 0.2316206 0.2551791 0.4111651 0.2644770 0.0237040 0.2596987 0.2504159 0.2412830 0.4349333 0.2269208 0.4599326 
n295_314   0.0377474 0.0307575 0.0067114 0.2313041 0.0000000 0.3203199 0.2133981 0.2553057 0.2041922 0.2087082 0.0272772 0.2944996 0.0033477 0.2454118 0.0100962 0.1822847 0.2855141 0.2087399 0.2267280 0.1120781 0.1779775 0.0272718 0.3103878 0.0484004 0.3311890 
n255_274   0.3532035 0.3426714 0.3207154 0.4286837 0.3203199 0.0000000 0.3755843 0.4398074 0.3754548 0.3757267 0.3373695 0.0591194 0.3205785 0.4276476 0.3261915 0.3699589 0.3326303 0.3813000 0.4406598 0.3464052 0.3643724 0.3315070 0.0964904 0.3263215 0.1120185 
n292_311   0.2273870 0.2228307 0.2090513 0.2695396 0.2133981 0.3755843 0.0000000 0.2452448 0.0066832 0.0236901 0.2183619 0.3308306 0.2089680 0.2548792 0.2136856 0.0627453 0.3652853 0.0168463 0.2502161 0.2554265 0.0591128 0.2180916 0.3414553 0.2134833 0.3746582 
n286_305   0.2557899 0.2509002 0.2507304 0.1868322 0.2553057 0.4398074 0.2452448 0.0000000 0.2452331 0.2500113 0.2512137 0.4272856 0.2506279 0.0134582 0.2458775 0.2456397 0.3875864 0.2500563 0.1779469 0.2944604 0.2409390 0.2511486 0.4347205 0.2554049 0.4660654 
n299_318   0.2179762 0.2134810 0.1998982 0.2595515 0.2041922 0.3754548 0.0066832 0.2452331 0.0000000 0.0168250 0.2090706 0.3307194 0.1998190 0.2451086 0.2044646 0.0554413 0.3592249 0.0100504 0.2405078 0.2456320 0.0518488 0.2088137 0.3413399 0.2042740 0.3745292 
n274_293   0.2225870 0.2180637 0.2043900 0.2644267 0.2087082 0.3757267 0.0236901 0.2500113 0.0168250 0.0000000 0.2136264 0.3420387 0.2043087 0.2498840 0.2089878 0.0590682 0.3480901 0.0202440 0.2498114 0.2504188 0.0554567 0.2133631 0.3415815 0.2087916 0.3747999 
n294_313   0.0169238 0.0101135 0.0272851 0.2413448 0.0272772 0.3373695 0.2183619 0.2512137 0.2090706 0.2136264 0.0000000 0.3159634 0.0238159 0.2413553 0.0307866 0.2002190 0.2962889 0.2136597 0.2318662 0.1201750 0.1957948 0.0067258 0.3324064 0.0593421 0.3539046 
n251_268   0.3313557 0.3211164 0.2998331 0.4155321 0.2944996 0.0591194 0.3308306 0.4272856 0.3307194 0.3420387 0.3159634 0.0000000 0.2997067 0.4153265 0.3051407 0.3365452 0.3211588 0.3473595 0.4272783 0.3355661 0.3312129 0.3102980 0.0888760 0.3156980 0.1080517 
n287_306   0.0342408 0.0272807 0.0033486 0.2267765 0.0033477 0.3205785 0.2089680 0.2506279 0.1998190 0.2043087 0.0238159 0.2997067 0.0000000 0.2407995 0.0067165 0.1780338 0.2806374 0.2043392 0.2222266 0.1082073 0.1737505 0.0238111 0.3157236 0.0484333 0.3366858 
n285_304   0.2458710 0.2410577 0.2408973 0.1779140 0.2454118 0.4276476 0.2548792 0.0134582 0.2451086 0.2498840 0.2413553 0.4153265 0.2407995 0.0000000 0.2361195 0.2455148 0.3755252 0.2499289 0.1691577 0.2839823 0.2408169 0.2412935 0.4286659 0.2455076 0.4534507 
n290_309   0.0413153 0.0342875 0.0100990 0.2316206 0.0100962 0.3261915 0.2136856 0.2458775 0.2044646 0.2089878 0.0307866 0.3051407 0.0067165 0.2361195 0.0000000 0.1825229 0.2859276 0.2090197 0.2270369 0.1161072 0.1782092 0.0307804 0.3213003 0.0556607 0.3424420 
n278_297   0.2090088 0.2000977 0.1781035 0.2551791 0.1822847 0.3699589 0.0627453 0.2456397 0.0554413 0.0590682 0.2002190 0.3365452 0.1780338 0.2455148 0.1825229 0.0000000 0.3432758 0.0590717 0.2456164 0.2365529 0.0033408 0.1955245 0.3307119 0.1956551 0.3634079 
n244_259   0.3010645 0.3013207 0.2807546 0.4111651 0.2855141 0.3326303 0.3652853 0.3875864 0.3592249 0.3480901 0.2962889 0.3211588 0.2806374 0.3755252 0.2859276 0.3432758 0.0000000 0.3649419 0.3988210 0.3002227 0.3378793 0.2962082 0.3114245 0.2754834 0.3266656 
n280_299   0.2226229 0.2180982 0.2044204 0.2644770 0.2087399 0.3813000 0.0168463 0.2500563 0.0100504 0.0202440 0.2136597 0.3473595 0.2043392 0.2499289 0.2090197 0.0590717 0.3649419 0.0000000 0.2452981 0.2504640 0.0554599 0.2133962 0.3468926 0.2088233 0.3803558 
n265_284   0.2456247 0.2364671 0.2268002 0.0237040 0.2267280 0.4406598 0.2502161 0.1779469 0.2405078 0.2498114 0.2318662 0.4272783 0.2222266 0.1691577 0.2270369 0.2456164 0.3988210 0.2452981 0.0000000 0.2547785 0.2409158 0.2318075 0.4470130 0.2176537 0.4661741 
n200_205   0.1320335 0.1241300 0.1121118 0.2596987 0.1120781 0.3464052 0.2554265 0.2944604 0.2456320 0.2504188 0.1201750 0.3355661 0.1082073 0.2839823 0.1161072 0.2365529 0.3002227 0.2504640 0.2547785 0.0000000 0.2319064 0.1201480 0.3354755 0.1199611 0.3623811 
n277_296   0.2045333 0.1956765 0.1738183 0.2504159 0.1779775 0.3643724 0.0591128 0.2409390 0.0518488 0.0554567 0.1957948 0.3312129 0.1737505 0.2408169 0.1782092 0.0033408 0.3378793 0.0554599 0.2409158 0.2319064 0.0000000 0.1911342 0.3254292 0.1912626 0.3578825 
n275_294   0.0169204 0.0101115 0.0272796 0.2412830 0.0272718 0.3315070 0.2180916 0.2511486 0.2088137 0.2133631 0.0067258 0.3102980 0.0238111 0.2412935 0.0307804 0.1955245 0.2962082 0.2133962 0.2318075 0.1201480 0.1911342 0.0000000 0.3265841 0.0593296 0.3478844 
n255_272   0.3428990 0.3376789 0.3158582 0.4349333 0.3103878 0.0964904 0.3414553 0.4347205 0.3413399 0.3415815 0.3324064 0.0888760 0.3157236 0.4286659 0.3213003 0.3307119 0.3114245 0.3468926 0.4470130 0.3354755 0.3254292 0.3265841 0.0000000 0.3267659 0.0411370 
n236_249   0.0702795 0.0629824 0.0520232 0.2269208 0.0484004 0.3263215 0.2134833 0.2554049 0.2042740 0.2087916 0.0593421 0.3156980 0.0484333 0.2455076 0.0556607 0.1956551 0.2754834 0.2088233 0.2176537 0.1199611 0.1912626 0.0593296 0.3267659 0.0000000 0.3422124 
n251_266   0.3589948 0.3593257 0.3368311 0.4599326 0.3311890 0.1120185 0.3746582 0.4660654 0.3745292 0.3747999 0.3539046 0.1080517 0.3366858 0.4534507 0.3424420 0.3634079 0.3266656 0.3803558 0.4661741 0.3623811 0.3578825 0.3478844 0.0411370 0.3422124 0.0000000 
