25
n292_293   0.0000000 0.2769666 0.2716680 0.2774529 0.3579577 0.2578107 0.0066798 0.2673640 0.0202399 0.2671544 0.3802179 0.2775002 0.0517341 0.2624926 0.2576322 0.3710921 0.2724362 0.2764832 0.2765642 0.2390353 0.2525686 0.2530935 0.0552710 0.0167887 0.2206860 
n287_288   0.2769666 0.0000000 0.0100514 0.0593013 0.3878156 0.3138475 0.2772172 0.0520537 0.2726300 0.0066918 0.4229022 0.1001155 0.2646455 0.0448060 0.0447879 0.4413186 0.0556502 0.0271749 0.0271815 0.3135406 0.1809486 0.3087395 0.2642862 0.2767097 0.2882331 
n290_291   0.2716680 0.0100514 0.0000000 0.0555986 0.3815019 0.3127588 0.2719125 0.0483973 0.2673597 0.0033337 0.4162378 0.1037935 0.2594169 0.0412033 0.0411866 0.4344596 0.0519725 0.0236898 0.0236956 0.3124538 0.1764171 0.3076716 0.2590658 0.2714170 0.2872486 
n294_295   0.2774529 0.0593013 0.0555986 0.0000000 0.3709786 0.3076860 0.2777043 0.0273251 0.2731088 0.0520479 0.4052540 0.0962943 0.2651114 0.0272673 0.0272564 0.4048827 0.0033476 0.0554275 0.0554414 0.3134851 0.1725983 0.3026322 0.2647510 0.2771952 0.2830411 
n251_252   0.3579577 0.3878156 0.3815019 0.3709786 0.0000000 0.3570691 0.3530438 0.3489642 0.3640911 0.3763710 0.0552426 0.3921616 0.3592258 0.3482900 0.3424319 0.2576429 0.3652480 0.3743815 0.3744961 0.3477479 0.3350196 0.3517070 0.3538437 0.3573994 0.3464014 
n286_287   0.2578107 0.3138475 0.3127588 0.3076860 0.3570691 0.0000000 0.2580408 0.2974630 0.2676651 0.3080117 0.3747776 0.2883599 0.2492851 0.2869055 0.2867706 0.3898267 0.3024429 0.3064716 0.3065628 0.1723951 0.2623081 0.0033425 0.2446148 0.2621579 0.1472419 
n300_301   0.0066798 0.2772172 0.2719125 0.2777043 0.3530438 0.2580408 0.0000000 0.2676043 0.0202550 0.2673943 0.3751777 0.2777517 0.0517735 0.2627277 0.2578620 0.3656638 0.2726821 0.2767330 0.2768141 0.2344736 0.2527928 0.2533186 0.0553132 0.0168012 0.2208778 
n275_276   0.2673640 0.0520537 0.0483973 0.0273251 0.3489642 0.2974630 0.2676043 0.0000000 0.2630675 0.0448766 0.3822067 0.0886813 0.2603716 0.0203482 0.0203401 0.3937364 0.0238412 0.0482496 0.0482615 0.2979464 0.1641307 0.2924796 0.2600181 0.2671171 0.2731473 
n274_275   0.0202399 0.2726300 0.2673597 0.2731088 0.3640911 0.2676651 0.0202550 0.2630675 0.0000000 0.2628613 0.3865765 0.2778459 0.0589739 0.2582170 0.2533781 0.3714220 0.2681155 0.2721546 0.2722343 0.2486259 0.2577444 0.2628806 0.0625437 0.0236361 0.2300206 
n289_290   0.2671544 0.0066918 0.0033337 0.0520479 0.3763710 0.3080117 0.2673943 0.0448766 0.2628613 0.0000000 0.4108932 0.1000598 0.2549375 0.0377157 0.0377005 0.4289955 0.0484375 0.0202774 0.0202823 0.3077113 0.1723685 0.3029522 0.2545926 0.2669078 0.2826418 
n255_256   0.3802179 0.4229022 0.4162378 0.4052540 0.0552426 0.3747776 0.3751777 0.3822067 0.3865765 0.4108932 0.0000000 0.4159484 0.3761586 0.3814537 0.3752888 0.2924023 0.3992392 0.4086789 0.4088053 0.3760138 0.3617260 0.3692734 0.3706505 0.3796192 0.3745337 
n236_237   0.2775002 0.1001155 0.1037935 0.0962943 0.3921616 0.2883599 0.2777517 0.0886813 0.2778459 0.1000598 0.4159484 0.0000000 0.2651556 0.0810165 0.0809829 0.4173877 0.0924471 0.1034743 0.1035011 0.2891095 0.1765797 0.2834251 0.2647950 0.2772424 0.2737550 
n278_279   0.0517341 0.2646455 0.2594169 0.2651114 0.3592258 0.2492851 0.0517735 0.2603716 0.0589739 0.2549375 0.3761586 0.2651556 0.0000000 0.2503164 0.2502006 0.3781492 0.2601511 0.2641838 0.2642612 0.2351876 0.2626864 0.2446075 0.0101008 0.0552398 0.2168845 
n297_298   0.2624926 0.0448060 0.0412033 0.0272673 0.3482900 0.2869055 0.2627277 0.0203482 0.2582170 0.0377157 0.3814537 0.0810165 0.2503164 0.0000000 0.0067048 0.3988010 0.0237917 0.0410774 0.0410875 0.2925025 0.1555068 0.2819989 0.2499781 0.2622508 0.2629509 
n298_299   0.2576322 0.0447879 0.0411866 0.0272564 0.3424319 0.2867706 0.2578620 0.0203401 0.2533781 0.0377005 0.3752888 0.0809829 0.2502006 0.0067048 0.0000000 0.3985996 0.0237822 0.0410607 0.0410708 0.2923643 0.1511924 0.2818667 0.2498626 0.2573953 0.2628289 
n244_245   0.3710921 0.4413186 0.4344596 0.4048827 0.2576429 0.3898267 0.3656638 0.3937364 0.3714220 0.4289955 0.2924023 0.4173877 0.3781492 0.3988010 0.3985996 0.0000000 0.3988739 0.4266578 0.4267906 0.3876732 0.3694433 0.3842289 0.3726059 0.3653771 0.3804111 
n293_294   0.2724362 0.0556502 0.0519725 0.0033476 0.3652480 0.3024429 0.2726821 0.0238412 0.2681155 0.0484375 0.3992392 0.0924471 0.2601511 0.0237917 0.0237822 0.3988739 0.0000000 0.0518128 0.0518257 0.3081905 0.1682935 0.2974267 0.2597982 0.2721839 0.2779741 
n296_297   0.2764832 0.0271749 0.0236898 0.0554275 0.3743815 0.3064716 0.2767330 0.0482496 0.2721546 0.0202774 0.4086789 0.1034743 0.2641838 0.0410774 0.0410607 0.4266578 0.0518128 0.0000000 0.0066835 0.3114687 0.1758652 0.3014403 0.2638257 0.2762272 0.2812430 
n295_296   0.2765642 0.0271815 0.0236956 0.0554414 0.3744961 0.3065628 0.2768141 0.0482615 0.2722343 0.0202823 0.4088053 0.1035011 0.2642612 0.0410875 0.0410708 0.4267906 0.0518257 0.0066835 0.0000000 0.3115617 0.1759133 0.3015298 0.2639029 0.2763081 0.2813256 
n266_267   0.2390353 0.3135406 0.3124538 0.3134851 0.3477479 0.1723951 0.2344736 0.2979464 0.2486259 0.3077113 0.3760138 0.2891095 0.2351876 0.2925025 0.2923643 0.3876732 0.3081905 0.3114687 0.3115617 0.0000000 0.2713004 0.1766929 0.2306041 0.2432978 0.0411292 
n200_201   0.2525686 0.1809486 0.1764171 0.1725983 0.3350196 0.2623081 0.2527928 0.1641307 0.2577444 0.1723685 0.3617260 0.1765797 0.2626864 0.1555068 0.1511924 0.3694433 0.1682935 0.1758652 0.1759133 0.2713004 0.0000000 0.2575653 0.2579443 0.2477442 0.2473335 
n285_286   0.2530935 0.3087395 0.3076716 0.3026322 0.3517070 0.0033425 0.2533186 0.2924796 0.2628806 0.3029522 0.3692734 0.2834251 0.2446075 0.2819989 0.2818667 0.3842289 0.2974267 0.3014403 0.3015298 0.1766929 0.2575653 0.0000000 0.2399659 0.2574190 0.1513819 
n277_278   0.0552710 0.2642862 0.2590658 0.2647510 0.3538437 0.2446148 0.0553132 0.2600181 0.0625437 0.2545926 0.3706505 0.2647950 0.0101008 0.2499781 0.2498626 0.3726059 0.2597982 0.2638257 0.2639029 0.2306041 0.2579443 0.2399659 0.0000000 0.0587861 0.2124119 
n280_281   0.0167887 0.2767097 0.2714170 0.2771952 0.3573994 0.2621579 0.0168012 0.2671171 0.0236361 0.2669078 0.3796192 0.2772424 0.0552398 0.2622508 0.2573953 0.3653771 0.2721839 0.2762272 0.2763081 0.2432978 0.2477442 0.2574190 0.0587861 0.0000000 0.2248660 
n265_266   0.2206860 0.2882331 0.2872486 0.2830411 0.3464014 0.1472419 0.2208778 0.2731473 0.2300206 0.2826418 0.3745337 0.2737550 0.2168845 0.2629509 0.2628289 0.3804111 0.2779741 0.2812430 0.2813256 0.0411292 0.2473335 0.1513819 0.2124119 0.2248660 0.0000000 
