22
n292_293   0.0000000 0.3924849 0.3979530 0.4254301 0.2900084 0.4045562 0.0377551 0.4188772 0.3974181 0.0033379 0.0666814 0.3870657 0.4442350 0.3976452 0.3862788 0.3924455 0.2655099 0.4026014 0.2952733 0.0741336 0.0271944 0.2762546 
n287_288   0.3924849 0.0000000 0.0520750 0.3886449 0.3645112 0.0485222 0.3693479 0.3833358 0.0972464 0.3987013 0.3700622 0.0342895 0.4984341 0.0556679 0.0203696 0.0135007 0.3506223 0.1582766 0.3640881 0.3703700 0.3810745 0.3568371 
n294_295   0.3979530 0.0520750 0.0000000 0.4055969 0.3806428 0.0237583 0.3810365 0.4001857 0.1127121 0.4042158 0.3694177 0.0238004 0.5477661 0.0033424 0.0520438 0.0520613 0.3725457 0.1748621 0.3866255 0.3697245 0.3864667 0.3789795 
n251_252   0.4254301 0.3886449 0.4055969 0.0000000 0.4080028 0.3944660 0.4197081 0.0271591 0.4009421 0.4320026 0.3885255 0.3949886 0.3532536 0.4113696 0.4008358 0.4010570 0.4232828 0.4089107 0.4142876 0.3888515 0.4129739 0.4173059 
n286_287   0.2900084 0.3645112 0.3806428 0.4080028 0.0000000 0.3815707 0.2953650 0.4081919 0.3874303 0.2953724 0.2799588 0.3526820 0.4781420 0.3862096 0.3585476 0.3644676 0.1617290 0.4009449 0.0033491 0.2903027 0.2949655 0.1662460 
n275_276   0.4045562 0.0485222 0.0237583 0.3944660 0.3815707 0.0000000 0.3874731 0.3946928 0.1088780 0.4108879 0.3757323 0.0203675 0.5411737 0.0272097 0.0484932 0.0485094 0.3675145 0.1752239 0.3875730 0.3760453 0.3929548 0.3739053 
n274_275   0.0377551 0.3693479 0.3810365 0.4197081 0.2953650 0.3874731 0.0000000 0.4132076 0.3930318 0.0413194 0.0630966 0.3703553 0.4313641 0.3807437 0.3696138 0.3693050 0.2660684 0.4165236 0.2899303 0.0705184 0.0238038 0.2768429 
n255_256   0.4188772 0.3833358 0.4001857 0.0271591 0.4081919 0.3946928 0.4132076 0.0000000 0.3955479 0.4253797 0.3887083 0.3896324 0.3526809 0.4059236 0.3954442 0.3956607 0.4234756 0.4034411 0.4144787 0.3890345 0.4065485 0.4174970 
n236_237   0.3974181 0.0972464 0.1127121 0.4009421 0.3874303 0.1088780 0.3930318 0.3955479 0.0000000 0.4036677 0.3691554 0.0932849 0.5423011 0.1166202 0.0933746 0.1010947 0.3783751 0.1747359 0.3934830 0.3694618 0.3859549 0.3848681 
n299_300   0.0033379 0.3987013 0.4042158 0.4320026 0.2953724 0.4108879 0.0413194 0.4253797 0.4036677 0.0000000 0.0704215 0.3932408 0.4446278 0.4039021 0.3924361 0.3986631 0.2706149 0.4088910 0.3006835 0.0779209 0.0306898 0.2814577 
n278_279   0.0666814 0.3700622 0.3694177 0.3885255 0.2799588 0.3757323 0.0630966 0.3887083 0.3691554 0.0704215 0.0000000 0.3588915 0.4301915 0.3691356 0.3640487 0.3700193 0.2514547 0.3861980 0.2851451 0.0134792 0.0593740 0.2619626 
n297_298   0.3870657 0.0342895 0.0238004 0.3949886 0.3526820 0.0203675 0.3703553 0.3896324 0.0932849 0.3932408 0.3588915 0.0000000 0.5202947 0.0272581 0.0342681 0.0342803 0.3449732 0.1580245 0.3584299 0.3591893 0.3757225 0.3511317 
n244_245   0.4442350 0.4984341 0.5477661 0.3532536 0.4781420 0.5411737 0.4313641 0.3526809 0.5423011 0.4446278 0.4301915 0.5202947 0.0000000 0.5473067 0.5197861 0.5188681 0.4679387 0.5420649 0.4775433 0.4367480 0.4376976 0.4886212 
n293_294   0.3976452 0.0556679 0.0033424 0.4113696 0.3862096 0.0272097 0.3807437 0.4059236 0.1166202 0.4039021 0.3691356 0.0272581 0.5473067 0.0000000 0.0556346 0.0556533 0.3780379 0.1791110 0.3922376 0.3694420 0.3861692 0.3845249 
n296_297   0.3862788 0.0203696 0.0520438 0.4008358 0.3585476 0.0484932 0.3696138 0.3954442 0.0933746 0.3924361 0.3640487 0.0342681 0.5197861 0.0556346 0.0000000 0.0067143 0.3448046 0.1622975 0.3643479 0.3643508 0.3749668 0.3509578 
n295_296   0.3924455 0.0135007 0.0520613 0.4010570 0.3644676 0.0485094 0.3693050 0.3956607 0.1010947 0.3986631 0.3700193 0.0342803 0.5188681 0.0556533 0.0067143 0.0000000 0.3505774 0.1666660 0.3640445 0.3703271 0.3810332 0.3567927 
n266_267   0.2655099 0.3506223 0.3725457 0.4232828 0.1617290 0.3675145 0.2660684 0.4234756 0.3783751 0.2706149 0.2514547 0.3449732 0.4679387 0.3780379 0.3448046 0.3505774 0.0000000 0.3668071 0.1660313 0.2612715 0.2657226 0.0168069 
n200_201   0.4026014 0.1582766 0.1748621 0.4089107 0.4009449 0.1752239 0.4165236 0.4034411 0.1747359 0.4088910 0.3861980 0.1580245 0.5420649 0.1791110 0.1622975 0.1666660 0.3668071 0.0000000 0.4071412 0.3806513 0.3970360 0.3671369 
n285_286   0.2952733 0.3640881 0.3866255 0.4142876 0.0033491 0.3875730 0.2899303 0.4144787 0.3934830 0.3006835 0.2851451 0.3584299 0.4775433 0.3922376 0.3643479 0.3640445 0.1660313 0.4071412 0.0000000 0.2955718 0.3002658 0.1705839 
n277_278   0.0741336 0.3703700 0.3697245 0.3888515 0.2903027 0.3760453 0.0705184 0.3890345 0.3694618 0.0779209 0.0134792 0.3591893 0.4367480 0.3694420 0.3643508 0.3703271 0.2612715 0.3806513 0.2955718 0.0000000 0.0667464 0.2719569 
n280_281   0.0271944 0.3810745 0.3864667 0.4129739 0.2949655 0.3929548 0.0238038 0.4065485 0.3859549 0.0306898 0.0593740 0.3757225 0.4376976 0.3861692 0.3749668 0.3810332 0.2657226 0.3970360 0.3002658 0.0667464 0.0000000 0.2764783 
n265_266   0.2762546 0.3568371 0.3789795 0.4173059 0.1662460 0.3739053 0.2768429 0.4174970 0.3848681 0.2814577 0.2619626 0.3511317 0.4886212 0.3845249 0.3509578 0.3567927 0.0168069 0.3671369 0.1705839 0.2719569 0.2764783 0.0000000 
