24
n255_258   0.0000000 0.4121658 0.3758828 0.3821297 0.3778353 0.3823107 0.4358208 0.3801192 0.3935309 0.4479957 0.3380358 0.3814274 0.3814777 0.3624893 0.3761067 0.4173170 0.0449054 0.3718329 0.4552133 0.3913579 0.3818549 0.3771484 0.3265601 0.3108958 
n278_281   0.4121658 0.0000000 0.3208722 0.3208722 0.3421824 0.3248725 0.0665946 0.3047971 0.3352133 0.0739541 0.3033893 0.3002361 0.3055136 0.3160619 0.3153798 0.0134437 0.4123408 0.3365148 0.0778036 0.3216209 0.3097987 0.3356735 0.2933485 0.3442716 
n290_293   0.3758828 0.3208722 0.0000000 0.0067223 0.0557286 0.0592625 0.3204890 0.2775755 0.0665321 0.3308848 0.2835556 0.2835456 0.0238036 0.0892591 0.0033506 0.3154505 0.3822889 0.0520742 0.3368573 0.1657189 0.0238119 0.0521144 0.2779794 0.3302735 
n289_292   0.3821297 0.3208722 0.0067223 0.0000000 0.0557286 0.0592625 0.3204890 0.2775755 0.0665321 0.3308848 0.2835556 0.2835456 0.0238036 0.0892591 0.0033506 0.3154505 0.3822889 0.0520742 0.3368573 0.1657189 0.0238119 0.0521144 0.2779794 0.3302735 
n294_297   0.3778353 0.3421824 0.0557286 0.0557286 0.0000000 0.0203685 0.3417658 0.3027133 0.0272750 0.3524639 0.2935280 0.3089737 0.0629501 0.0969789 0.0520742 0.3253181 0.3775569 0.0033562 0.3586482 0.1741948 0.0629731 0.0135353 0.2878569 0.3357205 
n298_301   0.3823107 0.3248725 0.0592625 0.0592625 0.0203685 0.0000000 0.3353941 0.3118112 0.0067114 0.3459787 0.3078197 0.3181597 0.0628155 0.0967670 0.0555932 0.3084771 0.3820293 0.0169199 0.3520861 0.1822080 0.0628384 0.0135073 0.3020248 0.3451903 
n280_283   0.4358208 0.0665946 0.3204890 0.3204890 0.3417658 0.3353941 0.0000000 0.3213994 0.3458766 0.0066855 0.3253132 0.3167475 0.3051534 0.3268176 0.3150052 0.0739568 0.4299678 0.3361074 0.0100673 0.3383766 0.3094329 0.3352682 0.3149466 0.3451265 
n266_269   0.3801192 0.3047971 0.2775755 0.2775755 0.3027133 0.3118112 0.3213994 0.0000000 0.3219112 0.3318370 0.1714504 0.0167650 0.2631648 0.2926479 0.2724587 0.3093733 0.3854787 0.2973991 0.3378356 0.2836216 0.2726639 0.3022003 0.1669008 0.3229919 
n297_300   0.3935309 0.3352133 0.0665321 0.0665321 0.0272750 0.0067114 0.3458766 0.3219112 0.0000000 0.3566044 0.3120848 0.3283749 0.0701094 0.1044233 0.0628220 0.3185774 0.3932406 0.0237896 0.3628130 0.1907805 0.0701352 0.0203476 0.3120086 0.3503384 
n300_303   0.4479957 0.0739541 0.3308848 0.3308848 0.3524639 0.3459787 0.0066855 0.3318370 0.3566044 0.0000000 0.3357735 0.3271355 0.3153447 0.3373306 0.3253188 0.0813882 0.4420552 0.3467187 0.0168546 0.3490742 0.3196597 0.3458466 0.3252654 0.3559617 
n286_289   0.3380358 0.3033893 0.2835556 0.2835556 0.2935280 0.3078197 0.3253132 0.1714504 0.3120848 0.3357735 0.0000000 0.1717175 0.2785814 0.2946442 0.2783761 0.3079429 0.3595095 0.2882711 0.3417919 0.2497650 0.2781148 0.2982250 0.0100303 0.3251225 
n265_268   0.3814274 0.3002361 0.2835456 0.2835456 0.3089737 0.3181597 0.3167475 0.0167650 0.3283749 0.3271355 0.1717175 0.0000000 0.2689783 0.2987935 0.2783679 0.3047971 0.3868097 0.3035943 0.3330975 0.2841446 0.2731176 0.3084461 0.1671596 0.3232349 
n296_299   0.3814777 0.3055136 0.0238036 0.0238036 0.0629501 0.0628155 0.3051534 0.2631648 0.0701094 0.3153447 0.2785814 0.2689783 0.0000000 0.0929339 0.0203383 0.3002070 0.3816364 0.0592567 0.3211731 0.1697011 0.0067071 0.0556473 0.2730518 0.3099712 
n236_239   0.3624893 0.3160619 0.0892591 0.0892591 0.0969789 0.0967670 0.3268176 0.2926479 0.1044233 0.3373306 0.2946442 0.2987935 0.0929339 0.0000000 0.0853985 0.3207012 0.3626396 0.0930681 0.3433820 0.1571845 0.0929690 0.0892812 0.2889452 0.3308948 
n287_290   0.3761067 0.3153798 0.0033506 0.0033506 0.0520742 0.0555932 0.3150052 0.2724587 0.0628220 0.3253188 0.2783761 0.2783679 0.0203383 0.0853985 0.0000000 0.3100040 0.3762628 0.0484438 0.3312344 0.1613636 0.0203454 0.0484811 0.2728521 0.3247147 
n277_280   0.4173170 0.0134437 0.3154505 0.3154505 0.3253181 0.3084771 0.0739568 0.3093733 0.3185774 0.0813882 0.3079429 0.3047971 0.3002070 0.3207012 0.3100040 0.0000000 0.4174945 0.3197992 0.0852885 0.3113718 0.3044711 0.3198677 0.2978556 0.3550791 
n251_254   0.0449054 0.4123408 0.3822889 0.3822889 0.3775569 0.3820293 0.4299678 0.3854787 0.3932406 0.4420552 0.3595095 0.3868097 0.3816364 0.3626396 0.3762628 0.4174945 0.0000000 0.3715595 0.4492105 0.3862219 0.3820138 0.3768710 0.3476677 0.3108700 
n293_296   0.3718329 0.3365148 0.0520742 0.0520742 0.0033562 0.0169199 0.3361074 0.2973991 0.0237896 0.3467187 0.2882711 0.3035943 0.0592567 0.0930681 0.0484438 0.3197992 0.3715595 0.0000000 0.3528428 0.1697829 0.0592783 0.0101195 0.2826535 0.3301150 
n274_277   0.4552133 0.0778036 0.3368573 0.3368573 0.3586482 0.3520861 0.0100673 0.3378356 0.3628130 0.0168546 0.3417919 0.3330975 0.3211731 0.3433820 0.3312344 0.0852885 0.4492105 0.3528428 0.0000000 0.3552526 0.3255157 0.3519501 0.3311843 0.3622322 
n200_201   0.3913579 0.3216209 0.1657189 0.1657189 0.1741948 0.1822080 0.3383766 0.2836216 0.1907805 0.3490742 0.2497650 0.2841446 0.1697011 0.1571845 0.1613636 0.3113718 0.3862219 0.1697829 0.3552526 0.0000000 0.1652149 0.1698222 0.2444963 0.3370159 
n295_298   0.3818549 0.3097987 0.0238119 0.0238119 0.0629731 0.0628384 0.3094329 0.2726639 0.0701352 0.3196597 0.2781148 0.2731176 0.0067071 0.0929690 0.0203454 0.3044711 0.3820138 0.0592783 0.3255157 0.1652149 0.0000000 0.0556676 0.2725971 0.3142684 
n275_278   0.3771484 0.3356735 0.0521144 0.0521144 0.0135353 0.0135073 0.3352682 0.3022003 0.0203476 0.3458466 0.2982250 0.3084461 0.0556473 0.0892812 0.0484811 0.3198677 0.3768710 0.0101195 0.3519501 0.1698222 0.0556676 0.0000000 0.2925146 0.3292948 
n285_288   0.3265601 0.2933485 0.2779794 0.2779794 0.2878569 0.3020248 0.3149466 0.1669008 0.3120086 0.3252654 0.0100303 0.1671596 0.2730518 0.2889452 0.2728521 0.2978556 0.3476677 0.2826535 0.3311843 0.2444963 0.2725971 0.2925146 0.0000000 0.3191281 
n244_247   0.3108958 0.3442716 0.3302735 0.3302735 0.3357205 0.3451903 0.3451265 0.3229919 0.3503384 0.3559617 0.3251225 0.3232349 0.3099712 0.3308948 0.3247147 0.3550791 0.3108700 0.3301150 0.3622322 0.3370159 0.3142684 0.3292948 0.3191281 0.0000000 
