24
n287_288   0.0000000 0.0033432 0.1074916 0.3287197 0.3593800 0.3013997 0.3187253 0.3289269 0.0483423 0.3184728 0.0134614 0.0519828 0.0662897 0.0411834 0.0067075 0.3536699 0.4065535 0.3072071 0.4289092 0.0447541 0.3236362 0.1918204 0.3334104 0.4016251 
n290_291   0.0033432 0.0000000 0.1114374 0.3342457 0.3651413 0.3066872 0.3185739 0.3287692 0.0519550 0.3183216 0.0168768 0.0556204 0.0699975 0.0447518 0.0100910 0.3593800 0.4126783 0.3125488 0.4290520 0.0483446 0.3234818 0.1962717 0.3389680 0.4077137 
n236_237   0.1074916 0.1114374 0.0000000 0.3377160 0.3546140 0.2964088 0.3329154 0.3432632 0.1154075 0.3383556 0.1000287 0.1194681 0.1349369 0.1074900 0.1154271 0.3489385 0.4288912 0.3021666 0.4531141 0.1114357 0.3378895 0.1872595 0.3479161 0.4238513 
n278_279   0.3287197 0.3342457 0.3377160 0.0000000 0.3764667 0.3194456 0.0625525 0.0698086 0.3292599 0.0662132 0.3244217 0.3349836 0.3502442 0.3236754 0.3398333 0.3706056 0.4449841 0.3244372 0.4810361 0.3291111 0.0661455 0.3414326 0.0134724 0.4155566 
n285_286   0.3593800 0.3651413 0.3546140 0.3764667 0.0000000 0.1514343 0.3444479 0.3549802 0.3482322 0.3499940 0.3493928 0.3540937 0.3810335 0.3485713 0.3652582 0.0033517 0.4268678 0.1556150 0.4532208 0.3541805 0.3495046 0.3665446 0.3764369 0.4027090 
n265_266   0.3013997 0.3066872 0.2964088 0.3194456 0.1514343 0.0000000 0.3039494 0.3139687 0.2911627 0.3091952 0.2920785 0.2965280 0.3214617 0.2914310 0.3067900 0.1472382 0.4258989 0.0169366 0.4603786 0.2966024 0.3087799 0.3085858 0.3241008 0.3859149 
n280_281   0.3187253 0.3185739 0.3329154 0.0625525 0.3444479 0.3039494 0.0000000 0.0066986 0.3192506 0.0033444 0.3144610 0.3248922 0.3399769 0.3137441 0.3296879 0.3388465 0.4209923 0.3088446 0.4751615 0.3191094 0.0033408 0.3212452 0.0625471 0.3924668 
n299_300   0.3289269 0.3287692 0.3432632 0.0698086 0.3549802 0.3139687 0.0066986 0.0000000 0.3294677 0.0100745 0.3246268 0.3351949 0.3504639 0.3238796 0.3400472 0.3492961 0.4325784 0.3189212 0.4876946 0.3293187 0.0033408 0.3314091 0.0698026 0.4036381 
n293_294   0.0483423 0.0519550 0.1154075 0.3292599 0.3482322 0.2911627 0.3192506 0.3294677 0.0000000 0.3246117 0.0484299 0.0033435 0.0306541 0.0067048 0.0556012 0.3426208 0.4078145 0.2968663 0.4361577 0.0100877 0.3241687 0.1966841 0.3339573 0.4079194 
n274_275   0.3184728 0.3183216 0.3383556 0.0662132 0.3499940 0.3091952 0.0033444 0.0100745 0.3246117 0.0000000 0.3142119 0.3303025 0.3454957 0.3190583 0.3294247 0.3443447 0.4271570 0.3141242 0.4818768 0.3244663 0.0067000 0.3265800 0.0662075 0.3983882 
n296_297   0.0134614 0.0168768 0.1000287 0.3244217 0.3493928 0.2920785 0.3144610 0.3246268 0.0484299 0.3142119 0.0000000 0.0520767 0.0664088 0.0412569 0.0203166 0.3437557 0.3890816 0.2978070 0.4415052 0.0448340 0.3193568 0.1792239 0.3290996 0.3842496 
n294_295   0.0519828 0.0556204 0.1194681 0.3349836 0.3540937 0.2965280 0.3248922 0.3351949 0.0033435 0.3303025 0.0520767 0.0000000 0.0341810 0.0100922 0.0592909 0.3484289 0.4142055 0.3022881 0.4428840 0.0134972 0.3298485 0.2012839 0.3397155 0.4143100 
n275_276   0.0662897 0.0699975 0.1349369 0.3502442 0.3810335 0.3214617 0.3399769 0.3504639 0.0306541 0.3454957 0.0664088 0.0341810 0.0000000 0.0236990 0.0662921 0.3751506 0.4135422 0.3274550 0.4536588 0.0271677 0.3450141 0.2096006 0.3550480 0.4311814 
n297_298   0.0411834 0.0447518 0.1074900 0.3236754 0.3485713 0.2914310 0.3137441 0.3238796 0.0067048 0.3190583 0.0412569 0.0100922 0.0236990 0.0000000 0.0483508 0.3429525 0.3956900 0.2971418 0.4234283 0.0033428 0.3186258 0.1877966 0.3283398 0.4017000 
n289_290   0.0067075 0.0100910 0.1154271 0.3398333 0.3652582 0.3067900 0.3296879 0.3400472 0.0556012 0.3294247 0.0203166 0.0592909 0.0662921 0.0483508 0.0000000 0.3594955 0.4064039 0.3126532 0.4351117 0.0519664 0.3346690 0.1963431 0.3445872 0.4014773 
n286_287   0.3536699 0.3593800 0.3489385 0.3706056 0.0033517 0.1472382 0.3388465 0.3492961 0.3426208 0.3443447 0.3437557 0.3484289 0.3751506 0.3429525 0.3594955 0.0000000 0.4205867 0.1513912 0.4466710 0.3485145 0.3438663 0.3608231 0.3705762 0.3966516 
n255_256   0.4065535 0.4126783 0.4288912 0.4449841 0.4268678 0.4258989 0.4209923 0.4325784 0.4078145 0.4271570 0.3890816 0.4142055 0.4135422 0.3956900 0.4064039 0.4205867 0.0000000 0.4391019 0.3612344 0.4016437 0.4265123 0.3871207 0.4449505 0.0546942 
n266_267   0.3072071 0.3125488 0.3021666 0.3244372 0.1556150 0.0169366 0.3088446 0.3189212 0.2968663 0.3141242 0.2978070 0.3022881 0.3274550 0.2971418 0.3126532 0.1513912 0.4391019 0.0000000 0.4554038 0.3023639 0.3137003 0.3144153 0.3291150 0.3983600 
n244_245   0.4289092 0.4290520 0.4531141 0.4810361 0.4532208 0.4603786 0.4751615 0.4876946 0.4361577 0.4818768 0.4415052 0.4428840 0.4536588 0.4234283 0.4351117 0.4466710 0.3612344 0.4554038 0.0000000 0.4296667 0.4811013 0.4211320 0.4933360 0.3616464 
n298_299   0.0447541 0.0483446 0.1114357 0.3291111 0.3541805 0.2966024 0.3191094 0.3293187 0.0100877 0.3244663 0.0448340 0.0134972 0.0271677 0.0033428 0.0519664 0.3485145 0.4016437 0.3023639 0.4296667 0.0000000 0.3240238 0.1922149 0.3338049 0.4077040 
n300_301   0.3236362 0.3234818 0.3378895 0.0661455 0.3495046 0.3087799 0.0033408 0.0033408 0.3241687 0.0067000 0.3193568 0.3298485 0.3450141 0.3186258 0.3346690 0.3438663 0.4265123 0.3137003 0.4811013 0.3240238 0.0000000 0.3261368 0.0661398 0.3978042 
n200_201   0.1918204 0.1962717 0.1872595 0.3414326 0.3665446 0.3085858 0.3212452 0.3314091 0.1966841 0.3265800 0.1792239 0.2012839 0.2096006 0.1877966 0.1963431 0.3608231 0.3871207 0.3144153 0.4211320 0.1922149 0.3261368 0.0000000 0.3414053 0.3715959 
n277_278   0.3334104 0.3389680 0.3479161 0.0134724 0.3764369 0.3241008 0.0625471 0.0698026 0.3339573 0.0662075 0.3290996 0.3397155 0.3550480 0.3283398 0.3445872 0.3705762 0.4449505 0.3291150 0.4933360 0.3338049 0.0661398 0.3414053 0.0000000 0.4155246 
n251_252   0.4016251 0.4077137 0.4238513 0.4155566 0.4027090 0.3859149 0.3924668 0.4036381 0.4079194 0.3983882 0.3842496 0.4143100 0.4311814 0.4017000 0.4014773 0.3966516 0.0546942 0.3983600 0.3616464 0.4077040 0.3978042 0.3715959 0.4155246 0.0000000 
