24
n287_288   0.0000000 0.0100795 0.1075880 0.2811807 0.3010885 0.2807163 0.3063802 0.3010460 0.0555644 0.2960625 0.3110643 0.0272152 0.0628129 0.0628210 0.0519810 0.0134682 0.2966401 0.4449842 0.2807529 0.3742334 0.0483722 0.1721434 0.2915567 0.4274123 
n290_291   0.0100795 0.0000000 0.0998865 0.2714149 0.2910476 0.2709636 0.2962649 0.2910118 0.0448084 0.2860962 0.3008955 0.0168867 0.0519494 0.0519559 0.0412749 0.0033431 0.2866453 0.4267968 0.2709988 0.3631581 0.0377254 0.1637297 0.2816374 0.4096258 
n236_237   0.1075880 0.0998865 0.0000000 0.2429703 0.2664564 0.2378211 0.2623132 0.2573171 0.0848058 0.2526160 0.2667756 0.0960349 0.0923321 0.0923447 0.0810929 0.1037002 0.2621640 0.4146703 0.2288757 0.3360365 0.0773334 0.1431994 0.2575541 0.4030610 
n278_279   0.2811807 0.2714149 0.2429703 0.0000000 0.2853115 0.2287995 0.0659938 0.0659963 0.2620172 0.0516042 0.0695663 0.2806961 0.2667618 0.2716442 0.2573373 0.2761985 0.2908274 0.4254756 0.2429324 0.3066216 0.2524767 0.2809873 0.0202130 0.4030179 
n285_286   0.3010885 0.2910476 0.2664564 0.2853115 0.0000000 0.1347178 0.2996460 0.2946531 0.2811574 0.2952605 0.3045503 0.2859899 0.2909796 0.2910403 0.2809423 0.2959603 0.0134328 0.4282963 0.1347361 0.3401266 0.2808583 0.2941087 0.2904678 0.4111532 
n265_266   0.2807163 0.2709636 0.2378211 0.2287995 0.1347178 0.0000000 0.2470305 0.2421649 0.2524243 0.2377916 0.2514012 0.2660528 0.2618751 0.2619265 0.2522346 0.2757408 0.1349614 0.3993084 0.0271401 0.3043511 0.2521611 0.2698734 0.2335391 0.3836094 
n280_281   0.3063802 0.2962649 0.2623132 0.0659938 0.2996460 0.2470305 0.0000000 0.0168163 0.2819208 0.0236341 0.0202060 0.2958158 0.2868013 0.2918314 0.2771088 0.3012126 0.2952208 0.4429786 0.2615306 0.3213630 0.2721008 0.3007983 0.0733662 0.4137514 
n299_300   0.3010460 0.2910118 0.2573171 0.0659963 0.2946531 0.2421649 0.0168163 0.0000000 0.2767711 0.0202096 0.0100322 0.2905720 0.2816142 0.2866038 0.2719954 0.2959213 0.2902509 0.4319132 0.2565528 0.3268857 0.2670278 0.2908748 0.0733690 0.4030525 
n293_294   0.0555644 0.0448084 0.0848058 0.2620172 0.2811574 0.2524243 0.2819208 0.2767711 0.0000000 0.2719412 0.2864854 0.0342058 0.0067240 0.0067247 0.0101067 0.0483634 0.2767986 0.4037498 0.2524573 0.3419412 0.0067188 0.1434069 0.2770301 0.3870541 
n274_275   0.2960625 0.2860962 0.2526160 0.0516042 0.2952605 0.2377916 0.0236341 0.0202096 0.2719412 0.0000000 0.0236089 0.2856648 0.2767531 0.2817087 0.2671957 0.2909739 0.2908475 0.4319446 0.2521004 0.3117643 0.2622620 0.2905761 0.0588209 0.4030815 
n292_293   0.3110643 0.3008955 0.2667756 0.0695663 0.3045503 0.2514012 0.0202060 0.0100322 0.2864854 0.0236089 0.0000000 0.3004389 0.2913904 0.2964475 0.2816497 0.3058681 0.3001057 0.4493799 0.2659780 0.3372657 0.2766147 0.3007533 0.0769708 0.4199002 
n296_297   0.0272152 0.0168867 0.0960349 0.2806961 0.2859899 0.2660528 0.2958158 0.2905720 0.0342058 0.2856648 0.3004389 0.0000000 0.0412411 0.0412462 0.0307217 0.0203079 0.2816113 0.4261090 0.2660875 0.3625915 0.0272296 0.1595076 0.2910510 0.4089706 
n294_295   0.0628129 0.0519494 0.0923321 0.2667618 0.2909796 0.2618751 0.2868013 0.2816142 0.0067240 0.2767531 0.2913904 0.0412411 0.0000000 0.0135113 0.0169222 0.0555380 0.2865776 0.4153417 0.2619093 0.3525963 0.0134992 0.1515638 0.2818787 0.3984023 
n275_276   0.0628210 0.0519559 0.0923447 0.2716442 0.2910403 0.2619265 0.2918314 0.2866038 0.0067247 0.2817087 0.2964475 0.0412462 0.0135113 0.0000000 0.0169241 0.0555450 0.2866369 0.4091004 0.2619607 0.3526796 0.0135008 0.1515875 0.2868741 0.3923032 
n297_298   0.0519810 0.0412749 0.0810929 0.2573373 0.2809423 0.2522346 0.2771088 0.2719954 0.0101067 0.2671957 0.2816497 0.0307217 0.0169222 0.0169241 0.0000000 0.0448143 0.2765871 0.3862213 0.2522675 0.3367452 0.0033527 0.1393976 0.2722490 0.3699027 
n289_290   0.0134682 0.0033431 0.1037002 0.2761985 0.2959603 0.2757408 0.3012126 0.2959213 0.0483634 0.2909739 0.3058681 0.0203079 0.0555380 0.0555450 0.0448143 0.0000000 0.2915367 0.4326750 0.2757767 0.3685555 0.0412465 0.1678782 0.2864933 0.4153787 
n286_287   0.2966401 0.2866453 0.2621640 0.2908274 0.0134328 0.1349614 0.2952208 0.2902509 0.2767986 0.2908475 0.3001057 0.2816113 0.2865776 0.2866369 0.2765871 0.2915367 0.0000000 0.4292229 0.1349797 0.3461430 0.2765046 0.2946942 0.2960346 0.4120341 
n255_256   0.4449842 0.4267968 0.4146703 0.4254756 0.4282963 0.3993084 0.4429786 0.4319132 0.4037498 0.4319446 0.4493799 0.4261090 0.4153417 0.4091004 0.3862213 0.4326750 0.4292229 0.0000000 0.3935927 0.2963454 0.3921705 0.4190876 0.4263342 0.0412726 
n266_267   0.2807529 0.2709988 0.2288757 0.2429324 0.1347361 0.0271401 0.2615306 0.2565528 0.2524573 0.2521004 0.2659780 0.2660875 0.2619093 0.2619607 0.2522675 0.2757767 0.1349797 0.3935927 0.0000000 0.3152436 0.2521940 0.2699084 0.2477794 0.3836606 
n244_245   0.3742334 0.3631581 0.3360365 0.3066216 0.3401266 0.3043511 0.3213630 0.3268857 0.3419412 0.3117643 0.3372657 0.3625915 0.3525963 0.3526796 0.3367452 0.3685555 0.3461430 0.2963454 0.3152436 0.0000000 0.3313075 0.3666089 0.3071973 0.2811961 
n298_299   0.0483722 0.0377254 0.0773334 0.2524767 0.2808583 0.2521611 0.2721008 0.2670278 0.0067188 0.2622620 0.2766147 0.0272296 0.0134992 0.0135008 0.0033527 0.0412465 0.2765046 0.3921705 0.2521940 0.3313075 0.0000000 0.1352971 0.2672757 0.3757212 
n200_201   0.1721434 0.1637297 0.1431994 0.2809873 0.2941087 0.2698734 0.3007983 0.2908748 0.1434069 0.2905761 0.3007533 0.1595076 0.1515638 0.1515875 0.1393976 0.1678782 0.2946942 0.4190876 0.2699084 0.3666089 0.1352971 0.0000000 0.2855913 0.4186319 
n277_278   0.2915567 0.2816374 0.2575541 0.0202130 0.2904678 0.2335391 0.0733662 0.0733690 0.2770301 0.0588209 0.0769708 0.2910510 0.2818787 0.2868741 0.2722490 0.2864933 0.2960346 0.4263342 0.2477794 0.3071973 0.2672757 0.2855913 0.0000000 0.4038210 
n251_252   0.4274123 0.4096258 0.4030610 0.4030179 0.4111532 0.3836094 0.4137514 0.4030525 0.3870541 0.4030815 0.4199002 0.4089706 0.3984023 0.3923032 0.3699027 0.4153787 0.4120341 0.0412726 0.3836606 0.2811961 0.3757212 0.4186319 0.4038210 0.0000000 
