24
n292_293   0.0000000 0.3355399 0.3242460 0.2989807 0.4757245 0.2999836 0.0067231 0.3137959 0.0169153 0.3247618 0.4703077 0.3305698 0.0591431 0.3194122 0.4264042 0.3039326 0.3297877 0.3195629 0.2811254 0.2948197 0.3000740 0.0591196 0.0203650 0.2955055 
n287_288   0.3355399 0.0000000 0.0168195 0.0515911 0.4190079 0.3195184 0.3357005 0.0515687 0.3354297 0.0134366 0.4022791 0.1192436 0.3409711 0.0516377 0.4018034 0.0480535 0.0168287 0.0100529 0.3053460 0.1675734 0.3300221 0.3408018 0.3362088 0.3149749 
n290_291   0.3242460 0.0168195 0.0000000 0.0479468 0.4362914 0.2985056 0.3244006 0.0479262 0.3241406 0.0100356 0.4192009 0.1151071 0.3295821 0.0479889 0.3947183 0.0444307 0.0134070 0.0066742 0.2896112 0.1588622 0.3086828 0.3294203 0.3248852 0.2990374 
n294_295   0.2989807 0.0515911 0.0479468 0.0000000 0.4067167 0.2934587 0.2991224 0.0133812 0.2938662 0.0444554 0.4020527 0.1073559 0.2993223 0.0167874 0.3669161 0.0033244 0.0479724 0.0409326 0.2750200 0.1466103 0.3035627 0.2991789 0.3046413 0.2842817 
n251_252   0.4757245 0.4190079 0.4362914 0.4067167 0.0000000 0.4749420 0.4695343 0.4123935 0.4823494 0.4307635 0.0557242 0.4146123 0.4699942 0.4189598 0.3701885 0.4011728 0.4246133 0.4247462 0.4454030 0.4266100 0.4755448 0.4697339 0.4704429 0.4449338 
n286_287   0.2999836 0.3195184 0.2985056 0.2934587 0.4749420 0.0000000 0.3001262 0.2933941 0.2998879 0.3089875 0.4569438 0.3145294 0.3306307 0.3088348 0.4306466 0.2935868 0.3139113 0.3039018 0.1428080 0.2896997 0.0066734 0.3304678 0.3056709 0.1507114 
n300_301   0.0067231 0.3357005 0.3244006 0.2991224 0.4695343 0.3001262 0.0000000 0.3139454 0.0169225 0.3249173 0.4641561 0.3361532 0.0591698 0.3195642 0.4266117 0.3040769 0.3299448 0.3197147 0.2812587 0.2949595 0.2952293 0.0591452 0.0203736 0.2956460 
n275_276   0.3137959 0.0515687 0.0479262 0.0133812 0.4123935 0.2933941 0.3139454 0.0000000 0.3085768 0.0444362 0.4077042 0.1073082 0.3141564 0.0167802 0.3722945 0.0100163 0.0479526 0.0409149 0.2751128 0.1465440 0.3034953 0.3140040 0.3195934 0.2843793 
n274_275   0.0169153 0.3354297 0.3241406 0.2938662 0.4823494 0.2998879 0.0169225 0.3085768 0.0000000 0.3246564 0.4768883 0.3414190 0.0627984 0.3141441 0.4206146 0.2987825 0.3296802 0.3194596 0.2861558 0.2899381 0.2999782 0.0627723 0.0238229 0.3006346 
n289_290   0.3247618 0.0134366 0.0100356 0.0444554 0.4307635 0.3089875 0.3249173 0.0444362 0.3246564 0.0000000 0.4137837 0.1035918 0.3301084 0.0444954 0.3953719 0.0409529 0.0100411 0.0033325 0.2950001 0.1590938 0.3193287 0.3299455 0.3254044 0.3044989 
n255_256   0.4703077 0.4022791 0.4192009 0.4020527 0.0557242 0.4569438 0.4641561 0.4077042 0.4768883 0.4137837 0.0000000 0.4037505 0.4586073 0.4142345 0.3437156 0.3965318 0.4022602 0.4078978 0.4341020 0.4155934 0.4637600 0.4583553 0.4714494 0.4336471 
n236_237   0.3305698 0.1192436 0.1151071 0.1073559 0.4146123 0.3145294 0.3361532 0.1073082 0.3414190 0.1035918 0.4037505 0.0000000 0.3522839 0.1113273 0.3742277 0.1035510 0.1151717 0.1074437 0.2760600 0.1596072 0.3249632 0.3521071 0.3420269 0.2853614 
n278_279   0.0591431 0.3409711 0.3295821 0.2993223 0.4699942 0.3306307 0.0591698 0.3141564 0.0627984 0.3301084 0.4586073 0.3522839 0.0000000 0.3197798 0.4388821 0.3042804 0.3351685 0.3248693 0.2911005 0.2952652 0.3307327 0.0135158 0.0665150 0.3056704 
n297_298   0.3194122 0.0516377 0.0479889 0.0167874 0.4189598 0.3088348 0.3195642 0.0167802 0.3141441 0.0444954 0.4142345 0.1113273 0.3197798 0.0000000 0.3784586 0.0134036 0.0480156 0.0409693 0.2851229 0.1467577 0.3191705 0.3196234 0.3203077 0.2945092 
n244_245   0.4264042 0.4018034 0.3947183 0.3669161 0.3701885 0.4306466 0.4266117 0.3722945 0.4206146 0.3953719 0.3437156 0.3742277 0.4388821 0.3784586 0.0000000 0.3616487 0.3840634 0.3896425 0.3981365 0.3268654 0.4429261 0.4386451 0.4334030 0.4148290 
n293_294   0.3039326 0.0480535 0.0444307 0.0033244 0.4011728 0.2935868 0.3040769 0.0100163 0.2987825 0.0409529 0.3965318 0.1035510 0.3042804 0.0134036 0.3616487 0.0000000 0.0444554 0.0374461 0.2703229 0.1426206 0.3036953 0.3041341 0.3096394 0.2795358 
n296_297   0.3297877 0.0168287 0.0134070 0.0479724 0.4246133 0.3139113 0.3299448 0.0479526 0.3296802 0.0100411 0.4022602 0.1151717 0.3351685 0.0480156 0.3840634 0.0444554 0.0000000 0.0066779 0.2998493 0.1631711 0.3243201 0.3350035 0.3304420 0.3094010 
n295_296   0.3195629 0.0100529 0.0066742 0.0409326 0.4247462 0.3039018 0.3197147 0.0409149 0.3194596 0.0033325 0.4078978 0.1074437 0.3248693 0.0409693 0.3896425 0.0374461 0.0066779 0.0000000 0.2899989 0.1549514 0.3141682 0.3247108 0.3201927 0.2994387 
n266_267   0.2811254 0.3053460 0.2896112 0.2750200 0.4454030 0.1428080 0.2812587 0.2751128 0.2861558 0.2950001 0.4341020 0.2760600 0.2911005 0.2851229 0.3981365 0.2703229 0.2998493 0.2899989 0.0000000 0.2711167 0.1510094 0.2909612 0.2866490 0.0271610 
n200_201   0.2948197 0.1675734 0.1588622 0.1466103 0.4266100 0.2896997 0.2949595 0.1465440 0.2899381 0.1590938 0.4155934 0.1596072 0.2952652 0.1467577 0.3268654 0.1426206 0.1631711 0.1549514 0.2711167 0.0000000 0.2997796 0.2999199 0.3004509 0.2803565 
n285_286   0.3000740 0.3300221 0.3086828 0.3035627 0.4755448 0.0066734 0.2952293 0.3034953 0.2999782 0.3193287 0.4637600 0.3249632 0.3307327 0.3191705 0.4429261 0.3036953 0.3243201 0.3141682 0.1510094 0.2997796 0.0000000 0.3305697 0.3057636 0.1589945 
n277_278   0.0591196 0.3408018 0.3294203 0.2991789 0.4697339 0.3304678 0.0591452 0.3140040 0.0627723 0.3299455 0.4583553 0.3521071 0.0135158 0.3196234 0.4386451 0.3041341 0.3350035 0.3247108 0.2909612 0.2999199 0.3305697 0.0000000 0.0664883 0.3055226 
n280_281   0.0203650 0.3362088 0.3248852 0.3046413 0.4704429 0.3056709 0.0203736 0.3195934 0.0238229 0.3254044 0.4714494 0.3420269 0.0665150 0.3203077 0.4334030 0.3096394 0.3304420 0.3201927 0.2866490 0.3004509 0.3057636 0.0664883 0.0000000 0.2960799 
n265_266   0.2955055 0.3149749 0.2990374 0.2842817 0.4449338 0.1507114 0.2956460 0.2843793 0.3006346 0.3044989 0.4336471 0.2853614 0.3056704 0.2945092 0.4148290 0.2795358 0.3094010 0.2994387 0.0271610 0.2803565 0.1589945 0.3055226 0.2960799 0.0000000 
