24
n287_288   0.0000000 0.0134991 0.0892229 0.3311225 0.3138148 0.3595918 0.2974428 0.3022038 0.0555819 0.3076339 0.2970817 0.0100851 0.0592280 0.0557585 0.0100957 0.3191235 0.4281094 0.0169090 0.3602450 0.4413086 0.0557490 0.1373182 0.3365644 0.4410041 
n290_291   0.0134991 0.0000000 0.0892616 0.3261375 0.3037751 0.3544331 0.2926671 0.2974070 0.0556050 0.3028047 0.2923122 0.0100890 0.0592528 0.0557818 0.0100997 0.3090177 0.4225483 0.0169156 0.3550750 0.4295463 0.0557722 0.1373816 0.3315491 0.4353571 
n236_237   0.0892229 0.0892616 0.0000000 0.3134636 0.3086479 0.3310411 0.2758136 0.2804408 0.1043405 0.2856822 0.2754824 0.0778491 0.1082681 0.1046793 0.0854275 0.3031361 0.4667916 0.0854725 0.3316283 0.4609801 0.1046629 0.1332900 0.3135371 0.4803994 
n278_279   0.3311225 0.3261375 0.3134636 0.0000000 0.2258660 0.2559271 0.0484599 0.0556856 0.3408234 0.0557335 0.0594234 0.3146827 0.3348388 0.3473438 0.3256889 0.2352811 0.4008206 0.3202459 0.2563535 0.4217725 0.3473202 0.3030879 0.0237878 0.4069075 
n285_286   0.3138148 0.3037751 0.3086479 0.2258660 0.0000000 0.1248075 0.2168695 0.2211797 0.3175724 0.2259586 0.2212839 0.2978093 0.3230192 0.3075679 0.3085217 0.0066859 0.3993611 0.3032215 0.1168088 0.4227628 0.3075415 0.2867624 0.2256564 0.4183630 
n265_266   0.3595918 0.3544331 0.3310411 0.2559271 0.1248075 0.0000000 0.2463219 0.2507970 0.3462148 0.2558125 0.2509159 0.3424662 0.3519019 0.3410360 0.3539367 0.1329005 0.4510582 0.3482683 0.0203212 0.4689048 0.3410118 0.3243501 0.2559945 0.4436407 
n280_281   0.2974428 0.2926671 0.2758136 0.0484599 0.2168695 0.2463219 0.0000000 0.0067057 0.3067701 0.0100880 0.0101004 0.2818221 0.3011169 0.3129027 0.2922741 0.2261751 0.3882181 0.2871003 0.2467295 0.4152084 0.3128767 0.2816048 0.0521576 0.4000409 
n299_300   0.3022038 0.2974070 0.2804408 0.0556856 0.2211797 0.2507970 0.0067057 0.0000000 0.3115674 0.0100787 0.0100911 0.2864954 0.3058778 0.3177435 0.2970069 0.2305313 0.3877427 0.2918044 0.2512129 0.4206604 0.3177177 0.2862732 0.0521080 0.3995472 
n293_294   0.0555819 0.0556050 0.1043405 0.3408234 0.3175724 0.3462148 0.3067701 0.3115674 0.0000000 0.3170555 0.3063972 0.0447907 0.0100742 0.0306890 0.0519755 0.3228877 0.4328777 0.0520026 0.3468344 0.4207217 0.0306836 0.1493351 0.3463183 0.4394231 
n274_275   0.3076339 0.3028047 0.2856822 0.0557335 0.2259586 0.2558125 0.0100880 0.0100787 0.3170555 0.0000000 0.0134943 0.2917980 0.3113141 0.3232922 0.3023958 0.2353779 0.3939225 0.2971514 0.2562385 0.4270996 0.3232667 0.2915698 0.0557525 0.4058312 
n292_293   0.2970817 0.2923122 0.2754824 0.0594234 0.2212839 0.2509159 0.0101004 0.0100911 0.3063972 0.0134943 0.0000000 0.2814827 0.3007522 0.3125204 0.2919201 0.2306400 0.3886617 0.2867534 0.2513321 0.4146748 0.3124943 0.2812659 0.0558229 0.4005006 
n296_297   0.0100851 0.0100890 0.0778491 0.3146827 0.2978093 0.3424662 0.2818221 0.2864954 0.0447907 0.2917980 0.2814827 0.0000000 0.0483751 0.0449328 0.0067071 0.3029994 0.4153099 0.0067106 0.3430798 0.4222239 0.0449250 0.1250514 0.3200033 0.4279675 
n275_276   0.0592280 0.0592528 0.1082681 0.3348388 0.3230192 0.3519019 0.3011169 0.3058778 0.0100742 0.3113141 0.3007522 0.0483751 0.0000000 0.0341959 0.0556017 0.3283748 0.4387997 0.0556308 0.3525345 0.4334680 0.0341899 0.1535582 0.3402841 0.4453958 
n297_298   0.0557585 0.0557818 0.1046793 0.3473438 0.3075679 0.3410360 0.3129027 0.3177435 0.0306890 0.3232922 0.3125204 0.0449328 0.0341959 0.0000000 0.0521404 0.3128177 0.4457253 0.0521677 0.3416444 0.4462793 0.0067043 0.1413070 0.3528969 0.4589076 
n289_290   0.0100957 0.0100997 0.0854275 0.3256889 0.3085217 0.3539367 0.2922741 0.2970069 0.0519755 0.3023958 0.2919201 0.0067071 0.0556017 0.0521404 0.0000000 0.3137922 0.4219346 0.0134941 0.3545768 0.4350218 0.0521314 0.1332336 0.3310917 0.4347195 
n286_287   0.3191235 0.3090177 0.3031361 0.2352811 0.0066859 0.1329005 0.2261751 0.2305313 0.3228877 0.2353779 0.2306400 0.3029994 0.3283748 0.3128177 0.3137922 0.0000000 0.4114818 0.3084531 0.1248092 0.4352472 0.3127916 0.2918639 0.2350598 0.4308143 
n255_256   0.4281094 0.4225483 0.4667916 0.4008206 0.3993611 0.4510582 0.3882181 0.3877427 0.4328777 0.3939225 0.3886617 0.4153099 0.4387997 0.4457253 0.4219346 0.4114818 0.0000000 0.4091969 0.4577954 0.3523634 0.4457168 0.4437945 0.3824989 0.0307414 
n295_296   0.0169090 0.0169156 0.0854725 0.3202459 0.3032215 0.3482683 0.2871003 0.2918044 0.0520026 0.2971514 0.2867534 0.0067106 0.0556308 0.0521677 0.0134941 0.3084531 0.4091969 0.0000000 0.3488953 0.4224912 0.0521587 0.1333047 0.3256089 0.4217466 
n266_267   0.3602450 0.3550750 0.3316283 0.2563535 0.1168088 0.0203212 0.2467295 0.2512129 0.3468344 0.2562385 0.2513321 0.3430798 0.3525345 0.3416444 0.3545768 0.1248092 0.4577954 0.3488953 0.0000000 0.4698317 0.3416202 0.3249210 0.2564210 0.4502955 
n244_245   0.4413086 0.4295463 0.4609801 0.4217725 0.4227628 0.4689048 0.4152084 0.4206604 0.4207217 0.4270996 0.4146748 0.4222239 0.4334680 0.4462793 0.4350218 0.4352472 0.3523634 0.4224912 0.4698317 0.0000000 0.4462709 0.4563900 0.4348216 0.3471050 
n298_299   0.0557490 0.0557722 0.1046629 0.3473202 0.3075415 0.3410118 0.3128767 0.3177177 0.0306836 0.3232667 0.3124943 0.0449250 0.0341899 0.0067043 0.0521314 0.3127916 0.4457168 0.0521587 0.3416202 0.4462709 0.0000000 0.1412863 0.3528738 0.4589021 
n200_201   0.1373182 0.1373816 0.1332900 0.3030879 0.2867624 0.3243501 0.2816048 0.2862732 0.1493351 0.2915698 0.2812659 0.1250514 0.1535582 0.1413070 0.1332336 0.2918639 0.4437945 0.1333047 0.3249210 0.4563900 0.1412863 0.0000000 0.3139410 0.4635807 
n277_278   0.3365644 0.3315491 0.3135371 0.0237878 0.2256564 0.2559945 0.0521576 0.0521080 0.3463183 0.0557525 0.0558229 0.3200033 0.3402841 0.3528969 0.3310917 0.2350598 0.3824989 0.3256089 0.2564210 0.4348216 0.3528738 0.3139410 0.0000000 0.3951885 
n251_252   0.4410041 0.4353571 0.4803994 0.4069075 0.4183630 0.4436407 0.4000409 0.3995472 0.4394231 0.4058312 0.4005006 0.4279675 0.4453958 0.4589076 0.4347195 0.4308143 0.0307414 0.4217466 0.4502955 0.3471050 0.4589021 0.4635807 0.3951885 0.0000000 
