21
n292_293   0.0000000 0.2639026 0.2632117 0.4315950 0.3149863 0.0033463 0.2535445 0.0169026 0.4025434 0.2542055 0.0851759 0.2585879 0.3257594 0.2638670 0.2686952 0.2841279 0.2443907 0.3306208 0.0851118 0.0067120 0.2944978 
n287_288   0.2639026 0.0000000 0.0518905 0.4441634 0.2682770 0.2589022 0.0483428 0.2685430 0.4080574 0.0776244 0.2992891 0.0483383 0.3034666 0.0168758 0.0202973 0.2536885 0.1119153 0.2780165 0.3038746 0.2540428 0.2397234 
n294_295   0.2632117 0.0518905 0.0000000 0.4368094 0.2724643 0.2582275 0.0202857 0.2678376 0.4068075 0.0886497 0.2935339 0.0168660 0.3182415 0.0411737 0.0447100 0.2625188 0.1314646 0.2822399 0.3033402 0.2533837 0.2530524 
n251_252   0.4315950 0.4441634 0.4368094 0.0000000 0.5164466 0.4252062 0.4362542 0.4441501 0.0519145 0.4310590 0.4630120 0.4369609 0.3455735 0.4500417 0.4563070 0.4318152 0.4260144 0.5369638 0.4878508 0.4256479 0.4264586 
n286_287   0.3149863 0.2682770 0.2724643 0.5164466 0.0000000 0.3095773 0.2723698 0.3095882 0.4781198 0.2487684 0.3047138 0.2725456 0.3574079 0.2682534 0.2731056 0.1197727 0.2827674 0.0100611 0.3251611 0.3043343 0.1277463 
n300_301   0.0033463 0.2589022 0.2582275 0.4252062 0.3095773 0.0000000 0.2486331 0.0134815 0.3964089 0.2492768 0.0813640 0.2536351 0.3202590 0.2588674 0.2636593 0.2789657 0.2491608 0.3250879 0.0813030 0.0033461 0.2892503 
n275_276   0.2535445 0.0483428 0.0202857 0.4362542 0.2723698 0.2486331 0.0000000 0.2581129 0.4066679 0.0849421 0.2831868 0.0168736 0.3133457 0.0376747 0.0411962 0.2531088 0.1275588 0.2821423 0.2928544 0.2438574 0.2485357 
n274_275   0.0169026 0.2685430 0.2678376 0.4441501 0.3095882 0.0134815 0.2581129 0.0000000 0.4146001 0.2587895 0.0813577 0.2631895 0.3145747 0.2685066 0.2733635 0.2891866 0.2586633 0.3251025 0.0812968 0.0100849 0.2892569 
n255_256   0.4025434 0.4080574 0.4068075 0.0519145 0.4781198 0.3964089 0.4066679 0.4146001 0.0000000 0.3959794 0.4386771 0.4069526 0.3088919 0.4136744 0.4196283 0.3970571 0.3907633 0.4976522 0.4698427 0.3968130 0.3859492 
n236_237   0.2542055 0.0776244 0.0886497 0.4310590 0.2487684 0.2492768 0.0849421 0.2587895 0.3959794 0.0000000 0.2837309 0.0849332 0.2934871 0.0813199 0.0850665 0.2255607 0.1118628 0.2582416 0.2934239 0.2444846 0.2121131 
n278_279   0.0851759 0.2992891 0.2935339 0.4630120 0.3047138 0.0813640 0.2831868 0.0813577 0.4386771 0.2837309 0.0000000 0.2833703 0.3579421 0.2992476 0.3043320 0.2947663 0.2791568 0.3201365 0.0412347 0.0776081 0.3000642 
n297_298   0.2585879 0.0483383 0.0168660 0.4369609 0.2725456 0.2536351 0.0168736 0.2631895 0.4069526 0.0849332 0.2833703 0.0000000 0.3080088 0.0376712 0.0411924 0.2530537 0.1275437 0.2823245 0.2930441 0.2488206 0.2437059 
n244_245   0.3257594 0.3034666 0.3182415 0.3455735 0.3574079 0.3202590 0.3133457 0.3145747 0.3088919 0.2934871 0.3579421 0.3080088 0.0000000 0.3083865 0.3135233 0.2993335 0.3034703 0.3739707 0.3744689 0.3149299 0.2944408 
n296_297   0.2638670 0.0168758 0.0411737 0.4500417 0.2682534 0.2588674 0.0376747 0.2685066 0.4136744 0.0813199 0.2992476 0.0376712 0.3083865 0.0000000 0.0033408 0.2536664 0.1157722 0.2779919 0.3091444 0.2540088 0.2397028 
n295_296   0.2686952 0.0202973 0.0447100 0.4563070 0.2731056 0.2636593 0.0411962 0.2733635 0.4196283 0.0850665 0.3043320 0.0411924 0.3135233 0.0033408 0.0000000 0.2584182 0.1196989 0.2829097 0.3142944 0.2587668 0.2443655 
n266_267   0.2841279 0.2536885 0.2625188 0.4318152 0.1197727 0.2789657 0.2531088 0.2891866 0.3970571 0.2255607 0.2947663 0.2530537 0.2993335 0.2536664 0.2584182 0.0000000 0.2584625 0.1316885 0.3149552 0.2840904 0.0203188 
n200_201   0.2443907 0.1119153 0.1314646 0.4260144 0.2827674 0.2491608 0.1275588 0.2586633 0.3907633 0.1118628 0.2791568 0.1275437 0.3034703 0.1157722 0.1196989 0.2584625 0.0000000 0.2926947 0.2937032 0.2443736 0.2444093 
n285_286   0.3306208 0.2780165 0.2822399 0.5369638 0.0100611 0.3250879 0.2821423 0.3251025 0.4976522 0.2582416 0.3201365 0.2823245 0.3739707 0.2779919 0.2829097 0.1316885 0.2926947 0.0000000 0.3410038 0.3197282 0.1397962 
n277_278   0.0851118 0.3038746 0.3033402 0.4878508 0.3251611 0.0813030 0.2928544 0.0812968 0.4698427 0.2934239 0.0412347 0.2930441 0.3744689 0.3091444 0.3142944 0.3149552 0.2937032 0.3410038 0.0000000 0.0775502 0.3204086 
n280_281   0.0067120 0.2540428 0.2533837 0.4256479 0.3043343 0.0033461 0.2438574 0.0100849 0.3968130 0.2444846 0.0776081 0.2488206 0.3149299 0.2540088 0.2587668 0.2840904 0.2443736 0.3197282 0.0775502 0.0000000 0.2841592 
n265_266   0.2944978 0.2397234 0.2530524 0.4264586 0.1277463 0.2892503 0.2485357 0.2892569 0.3859492 0.2121131 0.3000642 0.2437059 0.2944408 0.2397028 0.2443655 0.0203188 0.2444093 0.1397962 0.3204086 0.2841592 0.0000000 
