26
n299_300   0.0000000 0.0202303 1.9059125 2.4700542 2.3566901 0.4974265 2.2506486 2.3375544 0.1128890 1.7633102 1.8027222 1.7741251 0.0483780 0.4163742 1.7435251 1.8183758 1.8950416 1.9393256 1.9432274 3.0933611 1.9355111 1.8736543 1.8548895 1.7676224 0.0892963 2.0132337 
n300_301   0.0202303 0.0000000 1.9757792 2.5244073 2.6032745 0.5112215 2.3469979 2.2221756 0.1167400 1.8241017 1.8658860 1.7359846 0.0592022 0.4287219 1.7377144 1.8120200 1.8923796 1.8932425 1.9750259 3.4391098 1.9282719 1.9413027 1.7775228 1.6347749 0.1008288 1.9649294 
n290_291   1.9059125 1.9757792 0.0000000 2.4429218 3.6420509 1.4824621 1.1159759 0.6946891 1.8434501 0.0344659 0.1517011 0.3624984 1.8331890 1.4868960 0.3513238 0.3398152 2.6591443 2.2196870 0.0672600 3.8002674 0.3510275 0.1517214 3.0563085 2.6801061 1.8057022 0.3628160 
n244_245   2.4700542 2.5244073 2.4429218 0.0000000 1.6491304 4.4749249 3.0069534 2.0672397 2.6046843 2.4936199 2.5480136 2.9242346 2.5380380 3.6978298 2.9375127 2.8470748 2.6750199 2.4615201 2.7075430 2.0671206 2.5457350 2.4819292 3.1448902 3.9314007 2.2478978 2.4715193 
n255_256   2.3566901 2.6032745 3.6420509 1.6491304 0.0000000 3.8493500 3.1972834 2.6234935 2.6868982 3.4457189 3.1679548 3.1817242 2.4886352 2.8755560 4.1638379 3.2159069 2.5481288 2.3084247 3.2036072 0.3791601 2.9048777 3.4335176 3.3319370 2.5364834 2.7899773 3.3350816 
n277_278   0.4974265 0.5112215 1.4824621 4.4749249 3.8493500 0.0000000 1.9407280 2.4154947 0.4359841 1.5664928 1.5115915 1.8240029 0.4973307 0.1382184 1.7308930 1.6944892 2.3173303 2.5229817 1.7708532 3.6381846 1.8700277 1.5380773 1.9116701 1.9161485 0.4841648 1.9894345 
n200_201   2.2506486 2.3469979 1.1159759 3.0069534 3.1972834 1.9407280 0.0000000 1.0532821 1.9880655 1.0964314 1.0043175 1.1494880 2.2083988 1.9389472 1.2060897 1.1042334 2.1345526 1.8464452 1.0633765 4.8256663 1.1186858 0.9225806 1.8985507 1.7479748 2.0295699 1.0572035 
n236_237   2.3375544 2.2221756 0.6946891 2.0672397 2.6234935 2.4154947 1.0532821 0.0000000 2.2709485 0.6837515 0.6752092 0.6819169 2.3915317 2.0637253 0.6554950 0.6022387 1.8684516 1.6988110 0.6657112 3.7636100 0.6735528 0.6485356 2.1297436 2.0757448 2.1007403 0.6837047 
n274_275   0.1128890 0.1167400 1.8434501 2.6046843 2.6868982 0.4359841 1.9880655 2.2709485 0.0000000 1.7388901 1.6755807 1.8822521 0.1049689 0.4165940 1.8898609 1.8162356 1.6010286 1.6330490 1.9954147 3.5939527 2.0209197 1.6758053 1.6090178 1.6160216 0.1090624 2.0577553 
n289_290   1.7633102 1.8241017 0.0344659 2.4936199 3.4457189 1.5664928 1.0964314 0.6837515 1.7388901 0.0000000 0.1262725 0.3447573 1.7330128 1.4925419 0.3279604 0.3222877 2.3850035 2.0270577 0.0823356 3.4329038 0.3335713 0.1387277 2.9643765 2.6059656 1.7082099 0.3450497 
n296_297   1.8027222 1.8658860 0.1517011 2.5480136 3.1679548 1.5115915 1.0043175 0.6752092 1.6755807 0.1262725 0.0000000 0.3116954 1.7318621 1.3937434 0.2906214 0.2797560 2.1599386 1.9821527 0.1824081 3.6353898 0.2852581 0.0274170 2.5303666 2.1243703 1.7080891 0.2959425 
n275_276   1.7741251 1.7359846 0.3624984 2.9242346 3.1817242 1.8240029 1.1494880 0.6819169 1.8822521 0.3447573 0.3116954 0.0000000 1.7785527 1.7219892 0.1509401 0.1383154 1.6957397 1.6964306 0.3987003 3.0461855 0.0897474 0.3228398 2.0941074 1.7043325 1.7784320 0.0897721 
n292_293   0.0483780 0.0592022 1.8331890 2.5380380 2.4886352 0.4973307 2.2083988 2.3915317 0.1049689 1.7330128 1.7318621 1.7785527 0.0000000 0.4355030 1.7836116 1.7891166 1.9772564 2.0255721 1.9054402 2.9101909 1.9029653 1.8355860 1.8956950 1.7688021 0.0816512 2.0191158 
n278_279   0.4163742 0.4287219 1.4868960 3.6978298 2.8755560 0.1382184 1.9389472 2.0637253 0.4165940 1.4925419 1.3937434 1.7219892 0.4355030 0.0000000 1.6418262 1.6381833 1.9118691 2.0484256 1.6778516 3.0676781 1.7317661 1.4390824 1.8803468 1.7104295 0.4234126 1.8696239 
n298_299   1.7435251 1.7377144 0.3513238 2.9375127 4.1638379 1.7308930 1.2060897 0.6554950 1.8898609 0.3279604 0.2906214 0.1509401 1.7836116 1.6418262 0.0000000 0.0450219 1.8356955 1.8042648 0.3809916 3.4126452 0.1383455 0.3121967 2.3627185 2.0976030 1.6887752 0.1468684 
n297_298   1.8183758 1.8120200 0.3398152 2.8470748 3.2159069 1.6944892 1.1042334 0.6022387 1.8162356 0.3222877 0.2797560 0.1383154 1.7891166 1.6381833 0.0450219 0.0000000 1.8300228 1.7641770 0.3688281 3.2936732 0.1177171 0.2957130 2.2986605 2.0030439 1.7577272 0.1259505 
n286_287   1.8950416 1.8923796 2.6591443 2.6750199 2.5481288 2.3173303 2.1345526 1.8684516 1.6010286 2.3850035 2.1599386 1.6957397 1.9772564 1.9118691 1.8356955 1.8300228 0.0000000 0.0777748 2.4904762 3.5134112 1.6731243 2.0207094 0.6895414 0.7098849 1.9005451 1.6120130 
n285_286   1.9393256 1.8932425 2.2196870 2.4615201 2.3084247 2.5229817 1.8464452 1.6988110 1.6330490 2.0270577 1.9821527 1.6964306 2.0255721 2.0484256 1.8042648 1.7641770 0.0777748 0.0000000 2.0568012 3.5445741 1.6444839 1.9020080 0.7082557 0.7196444 1.9468939 1.5850214 
n287_288   1.9432274 1.9750259 0.0672600 2.7075430 3.2036072 1.7708532 1.0633765 0.6657112 1.9954147 0.0823356 0.1824081 0.3987003 1.9054402 1.6778516 0.3809916 0.3688281 2.4904762 2.0568012 0.0000000 3.0802712 0.3866444 0.1779605 3.0079850 2.7298856 1.8741507 0.3990729 
n251_252   3.0933611 3.4391098 3.8002674 2.0671206 0.3791601 3.6381846 4.8256663 3.7636100 3.5939527 3.4329038 3.6353898 3.0461855 2.9101909 3.0676781 3.4126452 3.2936732 3.5134112 3.5445741 3.0802712 0.0000000 2.8877298 3.8222698 3.6385203 4.6687364 3.2303818 3.1805919 
n294_295   1.9355111 1.9282719 0.3510275 2.5457350 2.9048777 1.8700277 1.1186858 0.6735528 2.0209197 0.3335713 0.2852581 0.0897474 1.9029653 1.7317661 0.1383455 0.1177171 1.6731243 1.6444839 0.3866444 2.8877298 0.0000000 0.3013583 2.0162204 1.7110741 1.9024273 0.0273181 
n295_296   1.8736543 1.9413027 0.1517214 2.4819292 3.4335176 1.5380773 0.9225806 0.6485356 1.6758053 0.1387277 0.0274170 0.3228398 1.8355860 1.4390824 0.3121967 0.2957130 2.0207094 1.9020080 0.1779605 3.8222698 0.3013583 0.0000000 2.5296422 2.1681880 1.7083142 0.3123092 
n266_267   1.8548895 1.7775228 3.0563085 3.1448902 3.3319370 1.9116701 1.8985507 2.1297436 1.6090178 2.9643765 2.5303666 2.0941074 1.8956950 1.8803468 2.3627185 2.2986605 0.6895414 0.7082557 3.0079850 3.6385203 2.0162204 2.5296422 0.0000000 0.1950491 1.8283081 1.9756812 
n265_266   1.7676224 1.6347749 2.6801061 3.9314007 2.5364834 1.9161485 1.7479748 2.0757448 1.6160216 2.6059656 2.1243703 1.7043325 1.7688021 1.7104295 2.0976030 2.0030439 0.7098849 0.7196444 2.7298856 4.6687364 1.7110741 2.1681880 0.1950491 0.0000000 1.8770020 1.6216058 
n280_281   0.0892963 0.1008288 1.8057022 2.2478978 2.7899773 0.4841648 2.0295699 2.1007403 0.1090624 1.7082099 1.7080891 1.7784320 0.0816512 0.4234126 1.6887752 1.7577272 1.9005451 1.9468939 1.8741507 3.2303818 1.9024273 1.7083142 1.8283081 1.8770020 0.0000000 2.0181240 
n293_294   2.0132337 1.9649294 0.3628160 2.4715193 3.3350816 1.9894345 1.0572035 0.6837047 2.0577553 0.3450497 0.2959425 0.0897721 2.0191158 1.8696239 0.1468684 0.1259505 1.6120130 1.5850214 0.3990729 3.1805919 0.0273181 0.3123092 1.9756812 1.6216058 2.0181240 0.0000000 
