25
n280_307   0.0000000 0.0033333 0.2447921 0.2490559 0.3226841 0.2394251 0.0100623 0.2795440 0.2640304 0.2390480 0.3561805 0.2345997 0.3831868 0.2647250 0.0812780 0.2659470 0.2605740 0.2342234 0.2592809 0.2752702 0.3516083 0.0738289 0.2707871 0.2539501 0.3686372 
n300_327   0.0033333 0.0000000 0.2399113 0.2441529 0.3171949 0.2345915 0.0066894 0.2744038 0.2590132 0.2342234 0.3504142 0.2298018 0.3771550 0.2596929 0.0812716 0.2608897 0.2555610 0.2294344 0.2542960 0.2701521 0.3458676 0.0738232 0.2656961 0.2490118 0.3627569 
n275_302   0.2447921 0.2399113 0.0000000 0.0413178 0.3120299 0.0342486 0.2401871 0.0857575 0.0168864 0.0342025 0.3738237 0.0307369 0.3537100 0.0273045 0.2736694 0.2817578 0.3071099 0.0306940 0.0134832 0.3231540 0.3691709 0.2637780 0.2815173 0.1128636 0.3636424 
n290_317   0.2490559 0.2441529 0.0413178 0.0000000 0.3395112 0.0134628 0.2444338 0.0974043 0.0520401 0.0271814 0.3918149 0.0168761 0.3712622 0.0558102 0.2737100 0.2816731 0.3070472 0.0237160 0.0484731 0.3175706 0.3870792 0.2738148 0.2814327 0.1329917 0.3933938 
n251_274   0.3226841 0.3171949 0.3120299 0.3395112 0.0000000 0.3285071 0.3175781 0.3515031 0.3332434 0.3331228 0.1050409 0.3281155 0.2788629 0.3342134 0.3605092 0.3426590 0.3948705 0.3275542 0.3280252 0.3998688 0.1013062 0.3435902 0.3480537 0.3169356 0.0558437 
n289_316   0.2394251 0.2345915 0.0342486 0.0134628 0.3285071 0.0000000 0.2348599 0.0934703 0.0448600 0.0202801 0.3799690 0.0100736 0.3596953 0.0485710 0.2685168 0.2815219 0.3014966 0.0168523 0.0413267 0.3119325 0.3752854 0.2686196 0.2812817 0.1248679 0.3814946 
n274_301   0.0100623 0.0066894 0.2401871 0.2444338 0.3175781 0.2348599 0.0000000 0.2747259 0.2593140 0.2344909 0.3508467 0.2300640 0.3776315 0.2599952 0.0889355 0.2611946 0.2558585 0.2296957 0.2545907 0.2704690 0.3462942 0.0813960 0.2660073 0.2492990 0.3632090 
n236_257   0.2795440 0.2744038 0.0857575 0.0974043 0.3515031 0.0934703 0.2747259 0.0000000 0.0972526 0.0933372 0.4047701 0.0896033 0.3823263 0.1014241 0.2993165 0.3241436 0.3398714 0.0894720 0.0934502 0.3508977 0.3876656 0.2890569 0.3293873 0.1457165 0.4064899 
n294_321   0.2640304 0.2590132 0.0168864 0.0520401 0.3332434 0.0448600 0.2593140 0.0972526 0.0000000 0.0447981 0.3969779 0.0412902 0.3763299 0.0378261 0.2936696 0.3021454 0.3282023 0.0412322 0.0033368 0.3447235 0.3922257 0.2835035 0.3018855 0.1287511 0.3865240 
n296_323   0.2390480 0.2342234 0.0342025 0.0271814 0.3331228 0.0202801 0.2344909 0.0933372 0.0447981 0.0000000 0.3848387 0.0168533 0.3585958 0.0485043 0.2781278 0.2863064 0.3010644 0.0033347 0.0412697 0.3114835 0.3801422 0.2681888 0.2860618 0.1246864 0.3863834 
n251_276   0.3561805 0.3504142 0.3738237 0.3918149 0.1050409 0.3799690 0.3508467 0.4047701 0.3969779 0.3848387 0.0000000 0.3795023 0.2996014 0.3861242 0.3892155 0.3901425 0.4319682 0.3788306 0.3912984 0.4371685 0.0378678 0.3716065 0.3959015 0.3621385 0.1333535 
n287_314   0.2345997 0.2298018 0.0307369 0.0168761 0.3281155 0.0100736 0.2300640 0.0896033 0.0412902 0.0168533 0.3795023 0.0000000 0.3592564 0.0449721 0.2634819 0.2867570 0.3011600 0.0134446 0.0377742 0.3115832 0.3748246 0.2635828 0.2865117 0.1208160 0.3810245 
n244_267   0.3831868 0.3771550 0.3537100 0.3712622 0.2788629 0.3596953 0.3776315 0.3823263 0.3763299 0.3585958 0.2996014 0.3592564 0.0000000 0.3531075 0.4053772 0.4050390 0.4101723 0.3527852 0.3707767 0.4227686 0.2839205 0.3814064 0.4109316 0.3584812 0.3167507 
n297_324   0.2647250 0.2596929 0.0273045 0.0558102 0.3342134 0.0485710 0.2599952 0.1014241 0.0378261 0.0485043 0.3861242 0.0449721 0.3531075 0.0000000 0.2944510 0.2979096 0.3290945 0.0449081 0.0343194 0.3456670 0.3749532 0.2842545 0.2976532 0.1331962 0.3876778 
n278_305   0.0812780 0.0812716 0.2736694 0.2737100 0.3605092 0.2685168 0.0889355 0.2993165 0.2936696 0.2781278 0.3892155 0.2634819 0.4053772 0.2944510 0.0000000 0.2854177 0.2894644 0.2730174 0.2887400 0.3047015 0.3905882 0.0134041 0.2903751 0.2731769 0.3907644 
n286_313   0.2659470 0.2608897 0.2817578 0.2816731 0.3426590 0.2815219 0.2611946 0.3241436 0.3021454 0.2863064 0.3901425 0.2867570 0.4050390 0.2979096 0.2854177 0.0000000 0.1811000 0.2810933 0.2971224 0.1806030 0.3920314 0.2753218 0.0067483 0.2705693 0.3794579 
n266_293   0.2605740 0.2555610 0.3071099 0.3070472 0.3948705 0.3014966 0.2558585 0.3398714 0.3282023 0.3010644 0.4319682 0.3011600 0.4101723 0.3290945 0.2894644 0.1811000 0.0000000 0.2957475 0.3230125 0.0203422 0.4276226 0.2793367 0.1854141 0.3120653 0.4401558 
n295_322   0.2342234 0.2294344 0.0306940 0.0237160 0.3275542 0.0168523 0.2296957 0.0894720 0.0412322 0.0033347 0.3788306 0.0134446 0.3527852 0.0449081 0.2730174 0.2810933 0.2957475 0.0000000 0.0377212 0.3060867 0.3741619 0.2631523 0.2808538 0.1206358 0.3803479 
n293_320   0.2592809 0.2542960 0.0134832 0.0484731 0.3280252 0.0413267 0.2545907 0.0934502 0.0033368 0.0412697 0.3912984 0.0377742 0.3707767 0.0343194 0.2887400 0.2971224 0.3230125 0.0377212 0.0000000 0.3394205 0.3865693 0.2786389 0.2968673 0.1247943 0.3809088 
n265_292   0.2752702 0.2701521 0.3231540 0.3175706 0.3998688 0.3119325 0.2704690 0.3508977 0.3447235 0.3114835 0.4371685 0.3115832 0.4227686 0.3456670 0.3047015 0.1806030 0.0203422 0.3060867 0.3394205 0.0000000 0.4328145 0.2943631 0.1849043 0.3282050 0.4454136 
n255_282   0.3516083 0.3458676 0.3691709 0.3870792 0.1013062 0.3752854 0.3462942 0.3876656 0.3922257 0.3801422 0.0378678 0.3748246 0.2839205 0.3749532 0.3905882 0.3920314 0.4276226 0.3741619 0.3865693 0.4328145 0.0000000 0.3729042 0.3978242 0.3575384 0.1294968 
n277_304   0.0738289 0.0738232 0.2637780 0.2738148 0.3435902 0.2686196 0.0813960 0.2890569 0.2835035 0.2681888 0.3716065 0.2635828 0.3814064 0.2842545 0.0134041 0.2753218 0.2793367 0.2631523 0.2786389 0.2943631 0.3729042 0.0000000 0.2802133 0.2683335 0.3848311 
n285_312   0.2707871 0.2656961 0.2815173 0.2814327 0.3480537 0.2812817 0.2660073 0.3293873 0.3018855 0.2860618 0.3959015 0.2865117 0.4109316 0.2976532 0.2903751 0.0067483 0.1854141 0.2808538 0.2968673 0.1849043 0.3978242 0.2802133 0.0000000 0.2754332 0.3851464 
n200_213   0.2539501 0.2490118 0.1128636 0.1329917 0.3169356 0.1248679 0.2492990 0.1457165 0.1287511 0.1246864 0.3621385 0.1208160 0.3584812 0.1331962 0.2731769 0.2705693 0.3120653 0.1206358 0.1247943 0.3282050 0.3575384 0.2683335 0.2754332 0.0000000 0.3572063 
n255_280   0.3686372 0.3627569 0.3636424 0.3933938 0.0558437 0.3814946 0.3632090 0.4064899 0.3865240 0.3863834 0.1333535 0.3810245 0.3167507 0.3876778 0.3907644 0.3794579 0.4401558 0.3803479 0.3809088 0.4454136 0.1294968 0.3848311 0.3851464 0.3572063 0.0000000 
