24
n287_288   0.0000000 0.0067084 0.1015654 0.2733803 0.2779877 0.2525696 0.2635433 0.2482064 0.0522354 0.2536686 0.2530295 0.0413547 0.0486301 0.0449944 0.0486838 0.2836132 0.3856309 0.0413757 0.2418518 0.3975956 0.2533344 0.1900522 0.2686347 0.3678632 
n290_291   0.0067084 0.0000000 0.0936445 0.2628558 0.2724925 0.2473031 0.2531679 0.2380887 0.0449674 0.2434489 0.2428386 0.0342340 0.0414048 0.0378192 0.0414503 0.2780606 0.3731109 0.0342512 0.2366927 0.3911072 0.2431295 0.1808827 0.2581765 0.3556717 
n236_237   0.1015654 0.0936445 0.0000000 0.2484157 0.2433526 0.2145624 0.2440203 0.2291180 0.0897357 0.2391407 0.2338191 0.1013354 0.0859183 0.0820311 0.0860154 0.2536004 0.3570147 0.1013893 0.2093273 0.3868566 0.2340985 0.1727242 0.2438125 0.3399228 
n278_279   0.2733803 0.2628558 0.2484157 0.0000000 0.2275798 0.1992052 0.0414576 0.0378465 0.2680867 0.0486331 0.0378465 0.2729337 0.2630889 0.2578265 0.2581351 0.2376531 0.3556240 0.2783514 0.1942491 0.4170172 0.0378775 0.2674054 0.0100969 0.3437407 
n285_286   0.2779877 0.2724925 0.2433526 0.2275798 0.0000000 0.1176096 0.2089528 0.2040053 0.2777962 0.1997090 0.1993738 0.2877462 0.2727350 0.2622403 0.2730773 0.0101087 0.3671694 0.2879200 0.1133067 0.3983323 0.2041977 0.2778193 0.2231151 0.3498779 
n265_266   0.2525696 0.2473031 0.2145624 0.1992052 0.1176096 0.0000000 0.1768049 0.1721418 0.2426262 0.1680180 0.1677406 0.2570805 0.2378175 0.2278863 0.2281550 0.1258889 0.3268001 0.2572327 0.0203438 0.3614719 0.1679329 0.2473308 0.1949025 0.3104896 
n280_281   0.2635433 0.2531679 0.2440203 0.0414576 0.2089528 0.1768049 0.0000000 0.0100940 0.2583246 0.0203763 0.0100940 0.2631162 0.2533915 0.2482054 0.2485016 0.2187267 0.3499569 0.2684540 0.1720481 0.3858476 0.0101020 0.2576716 0.0379405 0.3381750 
n299_300   0.2482064 0.2380887 0.2291180 0.0378465 0.2040053 0.1721418 0.0100940 0.0000000 0.2431173 0.0169122 0.0067026 0.2478103 0.2382970 0.2332422 0.2335184 0.2136857 0.3436301 0.2530104 0.1674324 0.3853163 0.0067079 0.2472821 0.0343498 0.3319772 
n293_294   0.0522354 0.0449674 0.0897357 0.2680867 0.2777962 0.2426262 0.2583246 0.2431173 0.0000000 0.2435452 0.2479036 0.0521221 0.0033408 0.0134807 0.0169277 0.2782362 0.3434375 0.0521489 0.2371217 0.3916178 0.2482015 0.1766528 0.2633744 0.3267381 
n274_275   0.2536686 0.2434489 0.2391407 0.0486331 0.1997090 0.1680180 0.0203763 0.0169122 0.2435452 0.0000000 0.0169122 0.2532611 0.2387155 0.2385562 0.2388398 0.2093316 0.3328910 0.2585156 0.1633391 0.3738573 0.0169257 0.2527103 0.0450845 0.3214151 
n292_293   0.2530295 0.2428386 0.2338191 0.0378465 0.1993738 0.1677406 0.0100940 0.0067026 0.2479036 0.0169122 0.0000000 0.2526240 0.2430516 0.2379594 0.2382417 0.2089781 0.3378962 0.2578634 0.1630705 0.3792137 0.0067079 0.2472821 0.0343498 0.3263460 
n296_297   0.0413547 0.0342340 0.1013354 0.2729337 0.2877462 0.2570805 0.2631162 0.2478103 0.0521221 0.2532611 0.2526240 0.0000000 0.0485250 0.0448975 0.0485785 0.2934549 0.3907760 0.0066875 0.2462947 0.4152765 0.2529280 0.1941751 0.2681973 0.3729094 
n294_295   0.0486301 0.0414048 0.0859183 0.2630889 0.2727350 0.2378175 0.2533915 0.2382970 0.0033408 0.2387155 0.2430516 0.0485250 0.0000000 0.0100863 0.0135095 0.2731659 0.3378647 0.0485498 0.2323608 0.3856336 0.2433429 0.1723014 0.2584051 0.3212962 
n275_276   0.0449944 0.0378192 0.0820311 0.2578265 0.2622403 0.2278863 0.2482054 0.2332422 0.0134807 0.2385562 0.2379594 0.0448975 0.0100863 0.0000000 0.0100971 0.2626523 0.3437624 0.0449204 0.2225359 0.3671931 0.2382436 0.1633944 0.2531767 0.3270466 
n297_298   0.0486838 0.0414503 0.0860154 0.2581351 0.2730773 0.2281550 0.2485016 0.2335184 0.0169277 0.2388398 0.2382417 0.0485785 0.0135095 0.0100971 0.0000000 0.2735092 0.3561998 0.0486033 0.2227972 0.3739544 0.2385266 0.1635811 0.2534795 0.3391522 
n286_287   0.2836132 0.2780606 0.2536004 0.2376531 0.0101087 0.1258889 0.2187267 0.2136857 0.2782362 0.2093316 0.2089781 0.2934549 0.2731659 0.2626523 0.2735092 0.0000000 0.3733981 0.2936330 0.1215080 0.3986947 0.2138891 0.2886236 0.2331262 0.3559420 
n255_256   0.3856309 0.3731109 0.3570147 0.3556240 0.3671694 0.3268001 0.3499569 0.3436301 0.3434375 0.3328910 0.3378962 0.3907760 0.3378647 0.3437624 0.3561998 0.3733981 0.0000000 0.3851802 0.3374017 0.2873088 0.3439934 0.3490019 0.3557195 0.0306919 
n295_296   0.0413757 0.0342512 0.1013893 0.2783514 0.2879200 0.2572327 0.2684540 0.2530104 0.0521489 0.2585156 0.2578634 0.0066875 0.0485498 0.0449204 0.0486033 0.2936330 0.3851802 0.0000000 0.2464390 0.4155494 0.2581747 0.1942849 0.2735794 0.3731481 
n266_267   0.2418518 0.2366927 0.2093273 0.1942491 0.1133067 0.0203438 0.1720481 0.1674324 0.2371217 0.1633391 0.1630705 0.2462947 0.2323608 0.2225359 0.2227972 0.1215080 0.3374017 0.2464390 0.0000000 0.3546539 0.1632567 0.2320378 0.1899800 0.3208606 
n244_245   0.3975956 0.3911072 0.3868566 0.4170172 0.3983323 0.3614719 0.3858476 0.3853163 0.3916178 0.3738573 0.3792137 0.4152765 0.3856336 0.3671931 0.3739544 0.3986947 0.2873088 0.4155494 0.3546539 0.0000000 0.3857375 0.3667993 0.4113288 0.2826103 
n300_301   0.2533344 0.2431295 0.2340985 0.0378775 0.2041977 0.1679329 0.0101020 0.0067079 0.2482015 0.0169257 0.0067079 0.2529280 0.2433429 0.2382436 0.2385266 0.2138891 0.3439934 0.2581747 0.1632567 0.3857375 0.0000000 0.2525225 0.0343779 0.3323247 
n200_201   0.1900522 0.1808827 0.1727242 0.2674054 0.2778193 0.2473308 0.2576716 0.2472821 0.1766528 0.2527103 0.2472821 0.1941751 0.1723014 0.1633944 0.1635811 0.2886236 0.3490019 0.1942849 0.2320378 0.3667993 0.2525225 0.0000000 0.2627064 0.3323239 
n277_278   0.2686347 0.2581765 0.2438125 0.0100969 0.2231151 0.1949025 0.0379405 0.0343498 0.2633744 0.0450845 0.0343498 0.2681973 0.2584051 0.2531767 0.2534795 0.2331262 0.3557195 0.2735794 0.1899800 0.4113288 0.0343779 0.2627064 0.0000000 0.3438341 
n251_252   0.3678632 0.3556717 0.3399228 0.3437407 0.3498779 0.3104896 0.3381750 0.3319772 0.3267381 0.3214151 0.3263460 0.3729094 0.3212962 0.3270466 0.3391522 0.3559420 0.0306919 0.3731481 0.3208606 0.2826103 0.3323247 0.3323239 0.3438341 0.0000000 
