25
n287_288   0.0000000 0.0136131 0.1285552 0.3624663 0.3368843 0.3607039 0.3507970 0.3560086 0.0634011 0.3566859 0.3562966 0.0452988 0.0671296 0.0633791 0.0707339 0.3423778 0.4319416 0.0452988 0.3655904 0.3630478 0.0670656 0.3616050 0.1883763 0.3684518 0.3955362 
n290_291   0.0136131 0.0000000 0.1164843 0.3457209 0.3370692 0.3551091 0.3343370 0.3394413 0.0487686 0.3400823 0.3397138 0.0310211 0.0560337 0.0487520 0.0559597 0.3425668 0.4135875 0.0310211 0.3599651 0.3571433 0.0523613 0.3449101 0.1750374 0.3515588 0.3898575 
n236_237   0.1285552 0.1164843 0.0000000 0.3378699 0.3238510 0.3578521 0.3371954 0.3534545 0.1123216 0.3429351 0.3425650 0.1165679 0.1122704 0.1044000 0.1121174 0.3292162 0.4277269 0.1125574 0.3626970 0.3707429 0.1082776 0.3477531 0.1778133 0.3436122 0.4097841 
n278_279   0.3624663 0.3457209 0.3378699 0.0000000 0.2624578 0.2638444 0.0517121 0.0588846 0.3507519 0.0481662 0.0517019 0.3572056 0.3505387 0.3393692 0.3499732 0.2626795 0.3692443 0.3514315 0.2634767 0.3537191 0.3447464 0.0552536 0.3489836 0.0066762 0.3808864 
n285_286   0.3368843 0.3370692 0.3238510 0.2624578 0.0000000 0.1228125 0.2719978 0.2817098 0.3255559 0.2672859 0.2719368 0.3376124 0.3307390 0.3199635 0.3198047 0.0099610 0.3937051 0.3320393 0.1345452 0.3778105 0.3148136 0.2766295 0.3290860 0.2629447 0.3830719 
n265_266   0.3607039 0.3551091 0.3578521 0.2638444 0.1228125 0.0000000 0.2685366 0.2683438 0.3544355 0.2638266 0.2587121 0.3501014 0.3432647 0.3430388 0.3536494 0.1308018 0.3785599 0.3444071 0.0236258 0.3466374 0.3484199 0.2633440 0.3416374 0.2593888 0.3734656 
n280_281   0.3507970 0.3343370 0.3371954 0.0517121 0.2719978 0.2685366 0.0000000 0.0133972 0.3392906 0.0100315 0.0066674 0.3456161 0.3390877 0.3281106 0.3385457 0.2769618 0.3858392 0.3399455 0.2728819 0.3644309 0.3334008 0.0100189 0.3483339 0.0517495 0.3918341 
n299_300   0.3560086 0.3394413 0.3534545 0.0588846 0.2817098 0.2683438 0.0133972 0.0000000 0.3444234 0.0167946 0.0066629 0.3507985 0.3442162 0.3331664 0.3436643 0.2867426 0.3972679 0.3450886 0.2726860 0.3697009 0.3384891 0.0033215 0.3648493 0.0589273 0.4033596 
n293_294   0.0634011 0.0487686 0.1123216 0.3507519 0.3255559 0.3544355 0.3392906 0.3444234 0.0000000 0.3450749 0.3447004 0.0524279 0.0135611 0.0169811 0.0204078 0.3309552 0.4124169 0.0524279 0.3592826 0.3507095 0.0169752 0.3499266 0.1534063 0.3566301 0.3887629 
n274_275   0.3566859 0.3400823 0.3429351 0.0481662 0.2672859 0.2638266 0.0100315 0.0167946 0.3450749 0.0000000 0.0100296 0.3514649 0.3448668 0.3337927 0.3443130 0.2722184 0.3691891 0.3457422 0.2681520 0.3590665 0.3391268 0.0133968 0.3485748 0.0482010 0.3750474 
n292_293   0.3562966 0.3397138 0.3425650 0.0517019 0.2719368 0.2587121 0.0066674 0.0066629 0.3447004 0.0100296 0.0000000 0.3510818 0.3444928 0.3334326 0.3439401 0.2768995 0.3857464 0.3453665 0.2630106 0.3643440 0.3387602 0.0033219 0.3537870 0.0517393 0.3917395 
n296_297   0.0452988 0.0310211 0.1165679 0.3572056 0.3376124 0.3501014 0.3456161 0.3507985 0.0524279 0.3514649 0.3510818 0.0000000 0.0597376 0.0524099 0.0596584 0.3431213 0.4262239 0.0067723 0.3549355 0.3629393 0.0560405 0.3563595 0.1751187 0.3631499 0.4020584 
n294_295   0.0671296 0.0560337 0.1122704 0.3505387 0.3307390 0.3432647 0.3390877 0.3442162 0.0135611 0.3448668 0.3444928 0.0597376 0.0000000 0.0169742 0.0203994 0.3361763 0.4121457 0.0560501 0.3480486 0.3451047 0.0169682 0.3497146 0.1577028 0.3564115 0.3885154 
n275_276   0.0633791 0.0487520 0.1044000 0.3393692 0.3199635 0.3430388 0.3281106 0.3331664 0.0169811 0.3337927 0.3334326 0.0524099 0.0169742 0.0000000 0.0169527 0.3253154 0.4060123 0.0487661 0.3478193 0.3447275 0.0135373 0.3385785 0.1533328 0.3451423 0.3825835 
n297_298   0.0707339 0.0559597 0.1121174 0.3499732 0.3198047 0.3536494 0.3385457 0.3436643 0.0204078 0.3443130 0.3439401 0.0596584 0.0203994 0.0169527 0.0000000 0.3251530 0.4175431 0.0559760 0.3584833 0.3608586 0.0033580 0.3491517 0.1616027 0.3558338 0.3937622 
n286_287   0.3423778 0.3425668 0.3292162 0.2626795 0.0099610 0.1308018 0.2769618 0.2867426 0.3309552 0.2722184 0.2768995 0.3431213 0.3361763 0.3253154 0.3251530 0.0000000 0.3996073 0.3375022 0.1346517 0.3835955 0.3201266 0.2816232 0.3344887 0.2631671 0.3888943 
n255_256   0.4319416 0.4135875 0.4277269 0.3692443 0.3937051 0.3785599 0.3858392 0.3972679 0.4124169 0.3691891 0.3857464 0.4262239 0.4121457 0.4060123 0.4175431 0.3996073 0.0000000 0.4198630 0.3951358 0.3358995 0.4118667 0.3912115 0.3924459 0.3752367 0.0482049 
n295_296   0.0452988 0.0310211 0.1125574 0.3514315 0.3320393 0.3444071 0.3399455 0.3450886 0.0524279 0.3457422 0.3453665 0.0067723 0.0560501 0.0487661 0.0559760 0.3375022 0.4198630 0.0000000 0.3492082 0.3683509 0.0523765 0.3506033 0.1707191 0.3573223 0.3959167 
n266_267   0.3655904 0.3599651 0.3626970 0.2634767 0.1345452 0.0236258 0.2728819 0.2726860 0.3592826 0.2681520 0.2630106 0.3549355 0.3480486 0.3478193 0.3584833 0.1346517 0.3951358 0.3492082 0.0000000 0.3625580 0.3532281 0.2676612 0.3518935 0.2590275 0.3899452 
n244_245   0.3630478 0.3571433 0.3707429 0.3537191 0.3778105 0.3466374 0.3644309 0.3697009 0.3507095 0.3590665 0.3643440 0.3629393 0.3451047 0.3447275 0.3608586 0.3835955 0.3358995 0.3683509 0.3625580 0.0000000 0.3555631 0.3696747 0.3829046 0.3540191 0.3201430 
n298_299   0.0670656 0.0523613 0.1082776 0.3447464 0.3148136 0.3484199 0.3334008 0.3384891 0.0169752 0.3391268 0.3387602 0.0560405 0.0169682 0.0135373 0.0033580 0.3201266 0.4118667 0.0523765 0.3532281 0.3555631 0.0000000 0.3439401 0.1574988 0.3505646 0.3882572 
n300_301   0.3616050 0.3449101 0.3477531 0.0552536 0.2766295 0.2633440 0.0100189 0.0033215 0.3499266 0.0133968 0.0033219 0.3563595 0.3497146 0.3385785 0.3491517 0.2816232 0.3912115 0.3506033 0.2676612 0.3696747 0.3439401 0.0000000 0.3590513 0.0552936 0.3972481 
n200_201   0.1883763 0.1750374 0.1778133 0.3489836 0.3290860 0.3416374 0.3483339 0.3648493 0.1534063 0.3485748 0.3537870 0.1751187 0.1577028 0.1533328 0.1616027 0.3344887 0.3924459 0.1707191 0.3518935 0.3829046 0.1574988 0.3590513 0.0000000 0.3548222 0.3695282 
n277_278   0.3684518 0.3515588 0.3436122 0.0066762 0.2629447 0.2593888 0.0517495 0.0589273 0.3566301 0.0482010 0.0517393 0.3631499 0.3564115 0.3451423 0.3558338 0.2631671 0.3752367 0.3573223 0.2590275 0.3540191 0.3505646 0.0552936 0.3548222 0.0000000 0.3869854 
n251_252   0.3955362 0.3898575 0.4097841 0.3808864 0.3830719 0.3734656 0.3918341 0.4033596 0.3887629 0.3750474 0.3917395 0.4020584 0.3885154 0.3825835 0.3937622 0.3888943 0.0482049 0.3959167 0.3899452 0.3201430 0.3882572 0.3972481 0.3695282 0.3869854 0.0000000 
