26
n265_270   0.0000000 2.1152158 2.0375792 2.0433468 1.9395874 1.6292063 2.0450039 1.6630947 1.8810635 0.1572945 1.7718662 1.6552531 1.8134475 1.7883106 1.6663065 2.1097751 1.8084841 1.9266890 1.6626225 0.9263498 0.8860420 1.7190217 1.6750938 2.7938631 1.4979084 2.2771963 
n298_303   2.1152158 0.0000000 1.8795754 0.1204355 0.1285002 1.9135810 0.9890141 1.7692749 0.2700563 2.1858831 0.3070588 1.8217865 0.3176792 0.2849814 1.7133031 0.0134603 0.5633388 0.1327316 1.8499364 1.5362804 1.4813614 0.2860384 1.8916666 2.0915290 1.8035364 1.8250586 
n251_256   2.0375792 1.8795754 0.0000000 1.7369103 1.7772590 2.2496992 2.0934989 2.4978344 2.1630546 2.3007245 1.8881623 2.8444987 2.1037405 2.0890678 2.2476718 1.9531323 1.8495826 1.8450543 2.7004111 2.0156265 1.9491770 1.8223262 2.0101505 1.9227327 2.5397787 0.3358523 
n275_280   2.0433468 0.1204355 1.7369103 0.0000000 0.1124247 1.9886341 1.0119563 1.9769318 0.2953983 2.3260692 0.3285283 1.9960353 0.3395724 0.3107709 1.9962745 0.1366216 0.6184841 0.1203956 2.0803581 1.5303273 1.5475889 0.3068951 1.9616164 2.4071893 2.1273574 1.7933120 
n293_298   1.9395874 0.1285002 1.7772590 0.1124247 0.0000000 1.8214085 0.9399407 1.9532158 0.2849460 1.9863678 0.3116811 2.0062013 0.3276381 0.3164035 1.7407558 0.1406286 0.6306752 0.0521240 2.0545532 1.5087274 1.4775560 0.2955879 1.8705575 2.3908634 1.8747658 1.8200843 
n277_282   1.6292063 1.9135810 2.2496992 1.9886341 1.8214085 0.0000000 1.8555211 0.4135839 1.7423471 1.7790610 1.6465144 0.4134017 1.6829172 1.6692674 0.3943235 1.8809003 1.9027134 1.8713864 0.3901045 1.6945896 1.6778253 1.7076565 0.1321143 1.7714591 0.4145747 2.3205847 
n200_205   2.0450039 0.9890141 2.0934989 1.0119563 0.9399407 1.8555211 0.0000000 1.6933235 0.9461411 1.8802272 0.9929982 1.7959727 0.9445079 0.9483521 1.6758168 1.0294875 0.9383991 1.0185832 1.9020803 1.8963571 1.8578144 0.9220032 1.7532456 2.0120778 1.6603655 1.9421841 
n299_304   1.6630947 1.7692749 2.4978344 1.9769318 1.9532158 0.4135839 1.6933235 0.0000000 1.7831955 1.7510370 1.8252002 0.0342234 1.8728500 1.6812659 0.0742113 1.7730236 2.2371320 1.8845964 0.0307769 1.7580787 1.6840328 1.8913935 0.3987096 1.9722286 0.1288576 2.3162895 
n296_301   1.8810635 0.2700563 2.1630546 0.2953983 0.2849460 1.7423471 0.9461411 1.7831955 0.0000000 2.0533789 0.1659265 1.8695703 0.1531789 0.0483472 1.7816605 0.2901190 0.6225262 0.3117851 1.8650325 1.4760065 1.5206165 0.1573140 1.7641461 1.9568516 1.8228598 2.2355724 
n266_271   0.1572945 2.1858831 2.3007245 2.3260692 1.9863678 1.7790610 1.8802272 1.7510370 2.0533789 0.0000000 1.9893976 1.6810395 2.0436766 1.9457151 1.5681405 2.1216422 1.8318720 2.1240362 1.7570891 1.0672825 0.9943178 1.9236549 1.9738333 2.6984785 1.4647520 2.9563581 
n290_295   1.7718662 0.3070588 1.8881623 0.3285283 0.3116811 1.6465144 0.9929982 1.8252002 0.1659265 1.9893976 0.0000000 1.9164123 0.0306712 0.1873940 1.6958905 0.3179430 0.6072360 0.3335384 1.9114840 1.5212833 1.5672414 0.0555303 1.5698346 1.9135024 1.7994256 2.0561891 
n292_297   1.6552531 1.8217865 2.8444987 1.9960353 2.0062013 0.4134017 1.7959727 0.0342234 1.8695703 1.6810395 1.9164123 0.0000000 1.9700108 1.7575947 0.0816587 1.8258114 2.2732153 1.9334810 0.0377831 1.7871321 1.7106208 1.9928437 0.4159634 2.0710748 0.1329204 2.4739402 
n289_294   1.8134475 0.3176792 2.1037405 0.3395724 0.3276381 1.6829172 0.9445079 1.8728500 0.1531789 2.0436766 0.0306712 1.9700108 0.0000000 0.1742551 1.7651851 0.3392668 0.5846791 0.3446584 1.9645935 1.5496536 1.6324406 0.0447461 1.6278473 1.8451587 1.8816659 2.1680532 
n295_300   1.7883106 0.2849814 2.0890678 0.3107709 0.3164035 1.6692674 0.9483521 1.6812659 0.0483472 1.9457151 0.1873940 1.7575947 0.1742551 0.0000000 1.6790761 0.3005292 0.6248038 0.3382224 1.7538537 1.5134308 1.5358441 0.1785052 1.6887394 1.9966309 1.7741775 2.1609591 
n280_285   1.6663065 1.7133031 2.2476718 1.9962745 1.7407558 0.3943235 1.6758168 0.0742113 1.7816605 1.5681405 1.6958905 0.0816587 1.7651851 1.6790761 0.0000000 1.7447127 1.9621704 1.7519980 0.0780418 1.7597083 1.6860497 1.8463731 0.3756193 2.0951692 0.1088100 2.0206749 
n297_302   2.1097751 0.0134603 1.9531323 0.1366216 0.1406286 1.8809003 1.0294875 1.7730236 0.2901190 2.1216422 0.3179430 1.8258114 0.3392668 0.3005292 1.7447127 0.0000000 0.5791137 0.1492419 1.8540943 1.5590116 1.5027567 0.3066321 1.8924612 2.0564848 1.8381862 1.9397543 
n236_241   1.8084841 0.5633388 1.8495826 0.6184841 0.6306752 1.9027134 0.9383991 2.2371320 0.6225262 1.8318720 0.6072360 2.2732153 0.5846791 0.6248038 1.9621704 0.5791137 0.0000000 0.6217969 2.2633282 1.6957581 1.6499356 0.6102525 1.7539642 2.0295344 1.9031834 1.7101360 
n294_299   1.9266890 0.1327316 1.8450543 0.1203956 0.0521240 1.8713864 1.0185832 1.8845964 0.3117851 2.1240362 0.3335384 1.9334810 0.3446584 0.3382224 1.7519980 0.1492419 0.6217969 0.0000000 1.9781172 1.5307077 1.4987552 0.3168952 1.9534007 2.3746493 1.8087666 1.8676804 
n300_305   1.6626225 1.8499364 2.7004111 2.0803581 2.0545532 0.3901045 1.9020803 0.0307769 1.8650325 1.7570891 1.9114840 0.0377831 1.9645935 1.7538537 0.0780418 1.8540943 2.2633282 1.9781172 0.0000000 1.8550771 1.7728961 1.9872495 0.3985561 2.0203799 0.1288872 2.3158216 
n286_291   0.9263498 1.5362804 2.0156265 1.5303273 1.5087274 1.6945896 1.8963571 1.7580787 1.4760065 1.0672825 1.5212833 1.7871321 1.5496536 1.5134308 1.7597083 1.5590116 1.6957581 1.5307077 1.8550771 0.0000000 0.0342038 1.3846193 1.6515574 3.1139168 1.6453004 2.0740985 
n285_290   0.8860420 1.4813614 1.9491770 1.5475889 1.4775560 1.6778253 1.8578144 1.6840328 1.5206165 0.9943178 1.5672414 1.7106208 1.6324406 1.5358441 1.6860497 1.5027567 1.6499356 1.4987552 1.7728961 0.0342038 0.0000000 1.4523403 1.6358528 2.8376488 1.5765265 2.0141192 
n287_292   1.7190217 0.2860384 1.8223262 0.3068951 0.2955879 1.7076565 0.9220032 1.8913935 0.1573140 1.9236549 0.0555303 1.9928437 0.0447461 0.1785052 1.8463731 0.3066321 0.6102525 0.3168952 1.9872495 1.3846193 1.4523403 0.0000000 1.6605934 1.9030738 1.8639259 2.0088908 
n278_283   1.6750938 1.8916666 2.0101505 1.9616164 1.8705575 0.1321143 1.7532456 0.3987096 1.7641461 1.9738333 1.5698346 0.4159634 1.6278473 1.6887394 0.3756193 1.8924612 1.7539642 1.9534007 0.3985561 1.6515574 1.6358528 1.6605934 0.0000000 1.9464238 0.3899965 2.3162396 
n244_249   2.7938631 2.0915290 1.9227327 2.4071893 2.3908634 1.7714591 2.0120778 1.9722286 1.9568516 2.6984785 1.9135024 2.0710748 1.8451587 1.9966309 2.0951692 2.0564848 2.0295344 2.3746493 2.0203799 3.1139168 2.8376488 1.9030738 1.9464238 0.0000000 2.2834514 2.4459619 
n274_279   1.4979084 1.8035364 2.5397787 2.1273574 1.8747658 0.4145747 1.6603655 0.1288576 1.8228598 1.4647520 1.7994256 0.1329204 1.8816659 1.7741775 0.1088100 1.8381862 1.9031834 1.8087666 0.1288872 1.6453004 1.5765265 1.8639259 0.3899965 2.2834514 0.0000000 2.2375028 
n255_260   2.2771963 1.8250586 0.3358523 1.7933120 1.8200843 2.3205847 1.9421841 2.3162895 2.2355724 2.9563581 2.0561891 2.4739402 2.1680532 2.1609591 2.0206749 1.9397543 1.7101360 1.8676804 2.3158216 2.0740985 2.0141192 2.0088908 2.3162396 2.4459619 2.2375028 0.0000000 
