26
n287_288   0.0000000 0.0066908 0.0810202 0.3025915 0.2973112 0.2783445 0.2968455 0.2968463 0.0376313 0.3028302 0.3021779 0.0134569 0.0341571 0.0306329 0.0376042 0.0033381 0.2925155 0.3153027 0.0134500 0.2726986 0.3603069 0.0376292 0.2965706 0.1554505 0.2926452 0.3357813 
n290_291   0.0066908 0.0000000 0.0810065 0.3079039 0.3025749 0.2834792 0.3021020 0.3021036 0.0376247 0.3081475 0.3074820 0.0134545 0.0341511 0.0306276 0.0375976 0.0033375 0.2977458 0.3206713 0.0134476 0.2777782 0.3660776 0.0376227 0.3018220 0.1554260 0.2978815 0.3413097 
n236_237   0.0810202 0.0810065 0.0000000 0.3272815 0.3069221 0.2980693 0.3213028 0.3213078 0.0809525 0.3275417 0.3323596 0.0736302 0.0773066 0.0735214 0.0808910 0.0773019 0.3020773 0.3399450 0.0735915 0.2922258 0.3759123 0.0809477 0.3210060 0.1758964 0.3170302 0.3610435 
n278_279   0.3025915 0.3079039 0.3272815 0.0000000 0.2824308 0.2590769 0.0626568 0.0590250 0.2926319 0.0591762 0.0663871 0.2979191 0.2879621 0.2826081 0.2870742 0.3028667 0.2777160 0.3545214 0.2977442 0.2680425 0.3453957 0.2873309 0.0626198 0.3256884 0.0168805 0.3707776 
n285_286   0.2973112 0.3025749 0.3069221 0.2824308 0.0000000 0.1277634 0.2863205 0.2817450 0.3029853 0.2871149 0.2871496 0.2926739 0.2982608 0.2928205 0.2973321 0.2975804 0.0169022 0.3374245 0.2925028 0.1195002 0.3777208 0.2976011 0.2865037 0.3485261 0.2727509 0.3592597 
n265_266   0.2783445 0.2834792 0.2980693 0.2590769 0.1277634 0.0000000 0.2679438 0.2634420 0.2888290 0.2686779 0.2687104 0.2737934 0.2841659 0.2788282 0.2832904 0.2785945 0.1238530 0.3178561 0.2736342 0.0204095 0.3635055 0.2835433 0.2681101 0.3437507 0.2542176 0.3391816 
n280_281   0.2968455 0.3021020 0.3213028 0.0626568 0.2863205 0.2679438 0.0000000 0.0100700 0.2972062 0.0237430 0.0203125 0.2922139 0.2925190 0.2871345 0.2916144 0.2971140 0.2815985 0.3754859 0.2920432 0.2769780 0.3823554 0.2918761 0.0134515 0.3197510 0.0518409 0.3919503 
n299_300   0.2968463 0.3021036 0.3213078 0.0590250 0.2817450 0.2634420 0.0100700 0.0000000 0.2972071 0.0203008 0.0100919 0.2922140 0.2925191 0.2871338 0.2916144 0.2971149 0.2770436 0.3755031 0.2920433 0.2724410 0.3828069 0.2918761 0.0033418 0.3249907 0.0482626 0.3919720 
n293_294   0.0376313 0.0376247 0.0809525 0.2926319 0.3029853 0.2888290 0.2972062 0.2972071 0.0000000 0.3032011 0.3025472 0.0306524 0.0100775 0.0202642 0.0271360 0.0341274 0.2981488 0.3002919 0.0306365 0.2830677 0.3439116 0.0271539 0.2969306 0.1513742 0.2828117 0.3203765 
n274_275   0.3028302 0.3081475 0.3275417 0.0591762 0.2871149 0.2686779 0.0237430 0.0203008 0.3032011 0.0000000 0.0307151 0.2981539 0.2984689 0.2930193 0.2975380 0.3031059 0.2823770 0.3762337 0.2979789 0.2777414 0.3952075 0.2978076 0.0237286 0.3259460 0.0555218 0.3990272 
n292_293   0.3021779 0.3074820 0.3323596 0.0663871 0.2871496 0.2687104 0.0203125 0.0100919 0.3025472 0.0307151 0.0000000 0.2975123 0.2978258 0.2923900 0.2968990 0.3024525 0.2824111 0.3874062 0.2973379 0.2777749 0.3896031 0.2971673 0.0134808 0.3305221 0.0591273 0.4041591 
n296_297   0.0134569 0.0134545 0.0736302 0.2979191 0.2926739 0.2737934 0.2922139 0.2922140 0.0306524 0.2981539 0.2975123 0.0000000 0.0272045 0.0237206 0.0306305 0.0100688 0.2879005 0.3158061 0.0066965 0.2681879 0.3553175 0.0306507 0.2919430 0.1472994 0.2880253 0.3363219 
n294_295   0.0341571 0.0341511 0.0773066 0.2879621 0.2982608 0.2841659 0.2925190 0.2925191 0.0100775 0.2984689 0.2978258 0.0272045 0.0000000 0.0168611 0.0237076 0.0306671 0.2934471 0.3059200 0.0271905 0.2784466 0.3446124 0.0237232 0.2922475 0.1474216 0.2781933 0.3261882 
n275_276   0.0306329 0.0306276 0.0735214 0.2826081 0.2928205 0.2788282 0.2871345 0.2871338 0.0202642 0.2930193 0.2923900 0.0237206 0.0168611 0.0000000 0.0202498 0.0271638 0.2880439 0.3007174 0.0237083 0.2731696 0.3387716 0.0202631 0.2868683 0.1351957 0.2729199 0.3208335 
n297_298   0.0376042 0.0375976 0.0808910 0.2870742 0.2973321 0.2832904 0.2916144 0.2916144 0.0271360 0.2975380 0.2968990 0.0306305 0.0237076 0.0202498 0.0000000 0.0341029 0.2925370 0.3106169 0.0306146 0.2680766 0.3492215 0.0066867 0.2913444 0.1512477 0.2773433 0.3309860 
n289_290   0.0033381 0.0033375 0.0773019 0.3028667 0.2975804 0.2785945 0.2971140 0.2971149 0.0341274 0.3031059 0.3024525 0.0100688 0.0306671 0.0271638 0.0341029 0.0000000 0.2927798 0.3155893 0.0100637 0.2729421 0.3606458 0.0341256 0.2968386 0.1513370 0.2929098 0.3360902 
n286_287   0.2925155 0.2977458 0.3020773 0.2777160 0.0169022 0.1238530 0.2815985 0.2770436 0.2981488 0.2823770 0.2824111 0.2879005 0.2934471 0.2880439 0.2925370 0.2927798 0.0000000 0.3426300 0.2877325 0.1156390 0.3779419 0.2928003 0.2817772 0.3434351 0.2680899 0.3646232 
n255_256   0.3153027 0.3206713 0.3399450 0.3545214 0.3374245 0.3178561 0.3754859 0.3755031 0.3002919 0.3762337 0.3874062 0.3158061 0.3059200 0.3007174 0.3106169 0.3155893 0.3426300 0.0000000 0.3156207 0.2972293 0.2515587 0.3109005 0.3700127 0.3568581 0.3649237 0.0445051 
n295_296   0.0134500 0.0134476 0.0735915 0.2977442 0.2925028 0.2736342 0.2920432 0.2920433 0.0306365 0.2979789 0.2973379 0.0066965 0.0271905 0.0237083 0.0306146 0.0100637 0.2877325 0.3156207 0.0000000 0.2680328 0.3499606 0.0306349 0.2917726 0.1472191 0.2878570 0.3361228 
n266_267   0.2726986 0.2777782 0.2922258 0.2680425 0.1195002 0.0204095 0.2769780 0.2724410 0.2830677 0.2777414 0.2777749 0.2681879 0.2784466 0.2731696 0.2680766 0.2729421 0.1156390 0.2972293 0.2680328 0.0000000 0.3519369 0.2683114 0.2771524 0.3374389 0.2631315 0.3179245 
n244_245   0.3603069 0.3660776 0.3759123 0.3453957 0.3777208 0.3635055 0.3823554 0.3828069 0.3439116 0.3952075 0.3896031 0.3553175 0.3446124 0.3387716 0.3492215 0.3606458 0.3779419 0.2515587 0.3499606 0.3519369 0.0000000 0.3495563 0.3882321 0.3864747 0.3557206 0.2605303 
n298_299   0.0376292 0.0376227 0.0809477 0.2873309 0.2976011 0.2835433 0.2918761 0.2918761 0.0271539 0.2978076 0.2971673 0.0306507 0.0237232 0.0202631 0.0066867 0.0341256 0.2928003 0.3109005 0.0306349 0.2683114 0.3495563 0.0000000 0.2916057 0.1474219 0.2775886 0.3312951 
n300_301   0.2965706 0.3018220 0.3210060 0.0626198 0.2865037 0.2681101 0.0134515 0.0033418 0.2969306 0.0237286 0.0134808 0.2919430 0.2922475 0.2868683 0.2913444 0.2968386 0.2817772 0.3700127 0.2917726 0.2771524 0.3882321 0.2916057 0.0000000 0.3246857 0.0518101 0.3863645 
n200_201   0.1554505 0.1554260 0.1758964 0.3256884 0.3485261 0.3437507 0.3197510 0.3249907 0.1513742 0.3259460 0.3305221 0.1472994 0.1474216 0.1351957 0.1512477 0.1513370 0.3434351 0.3568581 0.1472191 0.3374389 0.3864747 0.1474219 0.3246857 0.0000000 0.3155034 0.3784863 
n277_278   0.2926452 0.2978815 0.3170302 0.0168805 0.2727509 0.2542176 0.0518409 0.0482626 0.2828117 0.0555218 0.0591273 0.2880253 0.2781933 0.2729199 0.2773433 0.2929098 0.2680899 0.3649237 0.2878570 0.2631315 0.3557206 0.2775886 0.0518101 0.3155034 0.0000000 0.3813906 
n251_252   0.3357813 0.3413097 0.3610435 0.3707776 0.3592597 0.3391816 0.3919503 0.3919720 0.3203765 0.3990272 0.4041591 0.3363219 0.3261882 0.3208335 0.3309860 0.3360902 0.3646232 0.0445051 0.3361228 0.3179245 0.2605303 0.3312951 0.3863645 0.3784863 0.3813906 0.0000000 
