17
n295_252   0.0000000 0.3822892 0.0168566 0.3169482 0.3114101 0.0556573 0.0202831 0.2854899 0.1406786 0.0966718 0.0484497 0.4528401 0.4402237 0.0448618 0.0556794 0.2750166 0.0520581 
n244_219   0.3822892 0.0000000 0.3591099 0.3961628 0.4077872 0.3768808 0.3648585 0.4138488 0.3937359 0.3939420 0.3537951 0.3208966 0.3146618 0.3596300 0.3711116 0.4076639 0.3481332 
n287_246   0.0168566 0.3591099 0.0000000 0.2904960 0.2851804 0.0377490 0.0033369 0.2601892 0.1244452 0.0776626 0.0307301 0.4395435 0.4271565 0.0272400 0.0377638 0.2501126 0.0342397 
n286_245   0.3169482 0.3961628 0.2904960 0.0000000 0.0169613 0.3117263 0.2957285 0.1585390 0.3497041 0.2954786 0.2907609 0.4622390 0.4624317 0.2959210 0.3011816 0.1542962 0.2855633 
n285_244   0.3114101 0.4077872 0.2851804 0.0169613 0.0000000 0.3062318 0.2903685 0.1584003 0.3438871 0.3005138 0.2854393 0.4756133 0.4823511 0.2905581 0.2957746 0.1541618 0.2802855 
n293_250   0.0556573 0.3768808 0.0377490 0.3117263 0.3062318 0.0000000 0.0412957 0.2651899 0.1367776 0.0966877 0.0203182 0.4654194 0.4526047 0.0168855 0.0066988 0.2502966 0.0237699 
n290_249   0.0202831 0.3648585 0.0033369 0.2957285 0.2903685 0.0412957 0.0000000 0.2651959 0.1284977 0.0814291 0.0342392 0.4460106 0.4335165 0.0307296 0.0413129 0.2550417 0.0377684 
n266_235   0.2854899 0.4138488 0.2601892 0.1585390 0.1584003 0.2651899 0.2651959 0.0000000 0.3109779 0.2849133 0.2652365 0.4969484 0.4827455 0.2702099 0.2553186 0.0169301 0.2602296 
n200_185   0.1406786 0.3937359 0.1244452 0.3497041 0.3438871 0.1367776 0.1284977 0.3109779 0.0000000 0.1406955 0.1286037 0.4927472 0.4861987 0.1325966 0.1408700 0.2950894 0.1326883 
n236_211   0.0966718 0.3939420 0.0776626 0.2954786 0.3005138 0.0966877 0.0814291 0.2849133 0.1406955 0.0000000 0.0852717 0.4716162 0.4588970 0.0852304 0.0967270 0.2646781 0.0890872 
n298_255   0.0484497 0.3537951 0.0307301 0.2907609 0.2854393 0.0203182 0.0342392 0.2652365 0.1286037 0.0852717 0.0000000 0.4594767 0.4467500 0.0100815 0.0203261 0.2503400 0.0033434 
n255_228   0.4528401 0.3208966 0.4395435 0.4622390 0.4756133 0.4654194 0.4460106 0.4969484 0.4927472 0.4716162 0.4594767 0.0000000 0.0593206 0.4593547 0.4588843 0.4964743 0.4528845 
n251_226   0.4402237 0.3146618 0.4271565 0.4624317 0.4823511 0.4526047 0.4335165 0.4827455 0.4861987 0.4588970 0.4467500 0.0593206 0.0000000 0.4466324 0.4461785 0.4822944 0.4402685 
n275_240   0.0448618 0.3596300 0.0272400 0.2959210 0.2905581 0.0168855 0.0307296 0.2702099 0.1325966 0.0852304 0.0100815 0.4593547 0.4466324 0.0000000 0.0168920 0.2552062 0.0134786 
n294_251   0.0556794 0.3711116 0.0377638 0.3011816 0.2957746 0.0066988 0.0413129 0.2553186 0.1408700 0.0967270 0.0203261 0.4588843 0.4461785 0.0168920 0.0000000 0.2406353 0.0237791 
n265_234   0.2750166 0.4076639 0.2501126 0.1542962 0.1541618 0.2502966 0.2550417 0.0169301 0.2950894 0.2646781 0.2503400 0.4964743 0.4822944 0.2552062 0.2406353 0.0000000 0.2552831 
n297_254   0.0520581 0.3481332 0.0342397 0.2855633 0.2802855 0.0237699 0.0377684 0.2602296 0.1326883 0.0890872 0.0033434 0.4528845 0.4402685 0.0134786 0.0237791 0.2552831 0.0000000 
