25
n287_288   0.0000000 0.0067084 0.0887149 0.2882242 0.2336011 0.2710568 0.2823175 0.2680811 0.0341280 0.2883160 0.2730258 0.0033454 0.0306468 0.0272072 0.0377512 0.0067015 0.2201745 0.3548337 0.0100937 0.2819538 0.4099811 0.2737479 0.1695270 0.2833219 0.3276768 
n290_291   0.0067084 0.0000000 0.0886998 0.2881676 0.2381989 0.2710047 0.2822625 0.2680294 0.0341224 0.2882594 0.2729728 0.0033448 0.0306418 0.0202715 0.0377450 0.0067004 0.2246929 0.3547607 0.0100921 0.2818989 0.4098925 0.2736947 0.1694963 0.2832665 0.3276109 
n236_237   0.0887149 0.0886998 0.0000000 0.2487787 0.2240670 0.2463937 0.2432895 0.2297646 0.0735840 0.2484897 0.2344370 0.0849083 0.0699174 0.0736952 0.0850312 0.0886037 0.2108201 0.3121308 0.0925559 0.2521315 0.3643132 0.2350392 0.1440199 0.2491843 0.2915869 
n278_279   0.2882242 0.2881676 0.2487787 0.0000000 0.2315481 0.2408974 0.0412275 0.0341657 0.2778114 0.0448589 0.0376850 0.2831117 0.2730031 0.2733024 0.2833322 0.2878227 0.2222665 0.3711578 0.2830231 0.2509094 0.4217480 0.0412642 0.3046115 0.0134958 0.3331023 
n285_286   0.2336011 0.2381989 0.2240670 0.2315481 0.0000000 0.1231654 0.2307503 0.2262639 0.2376754 0.2358667 0.2309338 0.2335172 0.2331409 0.2288597 0.2292428 0.2379233 0.0134533 0.3432628 0.2385045 0.1393253 0.3859675 0.2359019 0.2628598 0.2315501 0.3066341 
n265_266   0.2710568 0.2710047 0.2463937 0.2408974 0.1231654 0.0000000 0.2447821 0.2402130 0.2608424 0.2500253 0.2449784 0.2661052 0.2561747 0.2517843 0.2425109 0.2706857 0.1190602 0.3541793 0.2713558 0.0516411 0.4031565 0.2456154 0.2816647 0.2459953 0.3119591 
n280_281   0.2823175 0.2822625 0.2432895 0.0412275 0.2307503 0.2447821 0.0000000 0.0134428 0.2720209 0.0237542 0.0168484 0.2772613 0.2672607 0.2675522 0.2774741 0.2819266 0.2215051 0.3533283 0.2771758 0.2548299 0.3961509 0.0202920 0.2985079 0.0412835 0.3220726 
n299_300   0.2680811 0.2680294 0.2297646 0.0341657 0.2262639 0.2402130 0.0134428 0.0000000 0.2579855 0.0168747 0.0033384 0.2631217 0.2533053 0.2535802 0.2633180 0.2677125 0.2170733 0.3490045 0.2630427 0.2501907 0.4027948 0.0067008 0.2839250 0.0342118 0.3120642 
n293_294   0.0341280 0.0341224 0.0735840 0.2778114 0.2376754 0.2608424 0.2720209 0.2579855 0.0000000 0.2774871 0.2628535 0.0306271 0.0033383 0.0134547 0.0237576 0.0340868 0.2241990 0.3540163 0.0376537 0.2715328 0.3858066 0.2635430 0.1607065 0.2729819 0.3269260 
n274_275   0.2883160 0.2882594 0.2484897 0.0448589 0.2358667 0.2500253 0.0237542 0.0168747 0.2774871 0.0000000 0.0203041 0.2832006 0.2726845 0.2729831 0.2830006 0.2879142 0.2265382 0.3603306 0.2831120 0.2506098 0.4095306 0.0237751 0.2891650 0.0449205 0.3279186 
n292_293   0.2730258 0.2729728 0.2344370 0.0376850 0.2309338 0.2449784 0.0168484 0.0033384 0.2628535 0.0203041 0.0000000 0.2680294 0.2581424 0.2584232 0.2682315 0.2726492 0.2216803 0.3430504 0.2679481 0.2550359 0.3962737 0.0100780 0.2890008 0.0377360 0.3064511 
n296_297   0.0033454 0.0033448 0.0849083 0.2831117 0.2335172 0.2661052 0.2772613 0.2631217 0.0306271 0.2832006 0.2680294 0.0000000 0.0271638 0.0237385 0.0342204 0.0033408 0.2200960 0.3492209 0.0067103 0.2769047 0.4038625 0.2687355 0.1652129 0.2782445 0.3222833 
n294_295   0.0306468 0.0306418 0.0699174 0.2730031 0.2331409 0.2561747 0.2672607 0.2533053 0.0033383 0.2726845 0.2581424 0.0271638 0.0000000 0.0100690 0.0203187 0.0306099 0.2197393 0.3487267 0.0341542 0.2667815 0.3916710 0.2588174 0.1565690 0.2682026 0.3218219 
n275_276   0.0272072 0.0202715 0.0736952 0.2733024 0.2288597 0.2517843 0.2675522 0.2535802 0.0134547 0.2729831 0.2584232 0.0237385 0.0100690 0.0000000 0.0169111 0.0271746 0.2155188 0.3438196 0.0306997 0.2623212 0.3864713 0.2590996 0.1526045 0.2684960 0.3170697 
n297_298   0.0377512 0.0377450 0.0850312 0.2833322 0.2292428 0.2425109 0.2774741 0.2633180 0.0237576 0.2830006 0.2682315 0.0342204 0.0203187 0.0169111 0.0000000 0.0377058 0.2158765 0.3496465 0.0413087 0.2528822 0.3927345 0.2689389 0.1610536 0.2784591 0.3226585 
n289_290   0.0067015 0.0067004 0.0886037 0.2878227 0.2379233 0.2706857 0.2819266 0.2677125 0.0340868 0.2879142 0.2726492 0.0033408 0.0306099 0.0271746 0.0377058 0.0000000 0.2244346 0.3543203 0.0100817 0.2815638 0.4093624 0.2733694 0.1693056 0.2829283 0.3272110 
n286_287   0.2201745 0.2246929 0.2108201 0.2222665 0.0134533 0.1190602 0.2215051 0.2170733 0.2241990 0.2265382 0.2216803 0.2200960 0.2197393 0.2155188 0.2158765 0.2244346 0.0000000 0.3324936 0.2249800 0.1312289 0.3744485 0.2265727 0.2532210 0.2222685 0.2964006 
n255_256   0.3548337 0.3547607 0.3121308 0.3711578 0.3432628 0.3541793 0.3533283 0.3490045 0.3540163 0.3603306 0.3430504 0.3492209 0.3487267 0.3438196 0.3496465 0.3543203 0.3324936 0.0000000 0.3490958 0.3558681 0.3037370 0.3501021 0.3299325 0.3600160 0.0662618 
n295_296   0.0100937 0.0100921 0.0925559 0.2830231 0.2385045 0.2713558 0.2771758 0.2630427 0.0376537 0.2831120 0.2679481 0.0067103 0.0341542 0.0306997 0.0413087 0.0100817 0.2249800 0.3490958 0.0000000 0.2822669 0.3920615 0.2686538 0.1738883 0.2781583 0.3221744 
n266_267   0.2819538 0.2818989 0.2521315 0.2509094 0.1393253 0.0516411 0.2548299 0.2501907 0.2715328 0.2506098 0.2550359 0.2769047 0.2667815 0.2623212 0.2528822 0.2815638 0.1312289 0.3558681 0.2822669 0.0000000 0.4108069 0.2557054 0.2828091 0.2561035 0.3236008 
n244_245   0.4099811 0.4098925 0.3643132 0.4217480 0.3859675 0.4031565 0.3961509 0.4027948 0.3858066 0.4095306 0.3962737 0.4038625 0.3916710 0.3864713 0.3927345 0.4093624 0.3744485 0.3037370 0.3920615 0.4108069 0.0000000 0.4100125 0.3870343 0.4097139 0.3039479 
n300_301   0.2737479 0.2736947 0.2350392 0.0412642 0.2359019 0.2456154 0.0202920 0.0067008 0.2635430 0.0237751 0.0100780 0.2687355 0.2588174 0.2590996 0.2689389 0.2733694 0.2265727 0.3501021 0.2686538 0.2557054 0.4100125 0.0000000 0.2897767 0.0413213 0.3130223 
n200_201   0.1695270 0.1694963 0.1440199 0.3046115 0.2628598 0.2816647 0.2985079 0.2839250 0.1607065 0.2891650 0.2890008 0.1652129 0.1565690 0.1526045 0.1610536 0.1693056 0.2532210 0.3299325 0.1738883 0.2828091 0.3870343 0.2897767 0.0000000 0.3000360 0.3187627 
n277_278   0.2833219 0.2832665 0.2491843 0.0134958 0.2315501 0.2459953 0.0412835 0.0342118 0.2729819 0.0449205 0.0377360 0.2782445 0.2682026 0.2684960 0.2784591 0.2829283 0.2222685 0.3600160 0.2781583 0.2561035 0.4097139 0.0413213 0.3000360 0.0000000 0.3225276 
n251_252   0.3276768 0.3276109 0.2915869 0.3331023 0.3066341 0.3119591 0.3220726 0.3120642 0.3269260 0.3279186 0.3064511 0.3222833 0.3218219 0.3170697 0.3226585 0.3272110 0.2964006 0.0662618 0.3221744 0.3236008 0.3039479 0.3130223 0.3187627 0.3225276 0.0000000 
