25
n251_256   0.0000000 0.3773546 0.3708182 0.3799538 0.3705037 0.3535980 0.3708987 0.3690983 0.3756495 0.3761796 0.3646076 0.3776954 0.4120938 0.3651379 0.3563245 0.3759114 0.3559057 0.3716167 0.3770378 0.3828120 0.2940418 0.0411891 0.4288955 0.3650087 0.3829533 
n299_304   0.3773546 0.0000000 0.2775675 0.2671937 0.2773546 0.2629904 0.2776264 0.2626103 0.2726131 0.2823339 0.2683856 0.0067180 0.2927573 0.2633331 0.0739062 0.2727927 0.0775622 0.2729448 0.2782937 0.0033503 0.3715765 0.3599509 0.2935483 0.2724978 0.0100923 
n275_280   0.3708182 0.2775675 0.0000000 0.2332106 0.0134425 0.2342754 0.0100622 0.2331570 0.0410185 0.0134396 0.2443018 0.2778070 0.0923147 0.0410332 0.2770265 0.0410418 0.2816786 0.0481605 0.0518014 0.2823722 0.3113354 0.3432081 0.1598130 0.0100588 0.2778506 
n286_291   0.3799538 0.2671937 0.2332106 0.0000000 0.2330398 0.1231788 0.2332597 0.0134193 0.2240040 0.2287683 0.1232571 0.2674228 0.2673303 0.2240837 0.2714227 0.2241475 0.2760340 0.2381865 0.2432174 0.2719261 0.3201286 0.3523461 0.2969032 0.2284879 0.2720100 
n297_302   0.3705037 0.2773546 0.0134425 0.2330398 0.0000000 0.2341039 0.0168585 0.2329865 0.0409934 0.0202657 0.2441206 0.2775937 0.0922559 0.0410080 0.2768145 0.0410166 0.2814621 0.0481309 0.0517695 0.2821546 0.3110887 0.3429261 0.1639090 0.0033382 0.2822433 
n265_270   0.3535980 0.2629904 0.2342754 0.1231788 0.2341039 0.0000000 0.2343250 0.1192522 0.2294637 0.2387801 0.0271593 0.2632159 0.2627731 0.2295446 0.2573505 0.2296107 0.2618880 0.2392786 0.2443373 0.2677061 0.2955383 0.3266055 0.2972374 0.2295285 0.2677883 
n293_298   0.3708987 0.2776264 0.0100622 0.2332597 0.0168585 0.2343250 0.0000000 0.2332061 0.0445865 0.0033329 0.2443536 0.2778660 0.0962044 0.0446024 0.2770852 0.0446118 0.2817383 0.0517755 0.0554429 0.2824322 0.3008601 0.3432819 0.1641423 0.0134557 0.2825210 
n285_290   0.3690983 0.2626103 0.2331570 0.0134193 0.2329865 0.1192522 0.2332061 0.0000000 0.2151848 0.2287160 0.1193276 0.2628351 0.2672662 0.2240328 0.2668236 0.2240965 0.2714123 0.2381314 0.2431607 0.2673178 0.3200474 0.3418739 0.2921475 0.2284359 0.2673997 
n289_294   0.3756495 0.2726131 0.0410185 0.2240040 0.0409934 0.2294637 0.0445865 0.2151848 0.0000000 0.0481032 0.2394028 0.2728477 0.0883215 0.0066820 0.2720838 0.0066833 0.2767068 0.0271133 0.0306190 0.2773860 0.3109019 0.3479007 0.1636029 0.0374888 0.2774725 
n294_299   0.3761796 0.2823339 0.0134396 0.2287683 0.0202657 0.2387801 0.0033329 0.2287160 0.0481032 0.0000000 0.2488768 0.2825779 0.0999603 0.0481204 0.2817821 0.0481306 0.2864591 0.0553284 0.0590167 0.2871661 0.3056854 0.3483812 0.1682269 0.0168491 0.2872571 
n266_271   0.3646076 0.2683856 0.2443018 0.1232571 0.2441206 0.0271593 0.2443536 0.1193276 0.2394028 0.2488768 0.0000000 0.2686167 0.2732890 0.2394872 0.2720799 0.2395575 0.2767043 0.2494003 0.2545577 0.2731431 0.3051761 0.3374827 0.3083587 0.2394703 0.2732279 
n274_279   0.3776954 0.0067180 0.2778070 0.2674228 0.2775937 0.2632159 0.2778660 0.2628351 0.2728477 0.2825779 0.2686167 0.0000000 0.2930118 0.2635591 0.0739646 0.2730277 0.0776236 0.2779629 0.2833571 0.0100980 0.3604976 0.3602729 0.2938041 0.2727322 0.0101000 
n236_241   0.4120938 0.2927573 0.0923147 0.2673303 0.0922559 0.2627731 0.0962044 0.2672662 0.0883215 0.0999603 0.2732890 0.2930118 0.0000000 0.0883530 0.2926039 0.0883731 0.2973532 0.0923366 0.0962782 0.2976597 0.3279560 0.3774289 0.1766610 0.0884858 0.2977557 
n290_295   0.3651379 0.2633331 0.0410332 0.2240837 0.0410080 0.2295446 0.0446024 0.2240328 0.0066820 0.0481204 0.2394872 0.2635591 0.0883530 0.0000000 0.2628244 0.0066857 0.2674013 0.0271230 0.0306299 0.2680548 0.3110085 0.3377486 0.1555165 0.0375021 0.2681373 
n278_283   0.3563245 0.0739062 0.2770265 0.2714227 0.2768145 0.2573505 0.2770852 0.2668236 0.2720838 0.2817821 0.2720799 0.0739646 0.2926039 0.2628244 0.0000000 0.2722627 0.0100808 0.2771817 0.2825570 0.0775993 0.3603697 0.3393885 0.3033980 0.2719689 0.0776167 
n287_292   0.3759114 0.2727927 0.0410418 0.2241475 0.0410166 0.2296107 0.0446118 0.2240965 0.0066833 0.0481306 0.2395575 0.2730277 0.0883731 0.0066857 0.2722627 0.0000000 0.2768892 0.0271285 0.0306362 0.2775693 0.3111106 0.3481395 0.1637033 0.0375100 0.2776559 
n277_282   0.3559057 0.0775622 0.2816786 0.2760340 0.2814621 0.2618880 0.2817383 0.2714123 0.2767068 0.2864591 0.2767043 0.0776236 0.2973532 0.2674013 0.0100808 0.2768892 0.0000000 0.2818362 0.2872483 0.0812703 0.3655239 0.3389945 0.2935652 0.2765896 0.0812886 
n295_300   0.3716167 0.2729448 0.0481605 0.2381865 0.0481309 0.2392786 0.0517755 0.2381314 0.0271133 0.0553284 0.2494003 0.2779629 0.0923366 0.0271230 0.2771817 0.0271285 0.2818362 0.0000000 0.0100652 0.2777244 0.3169789 0.3439372 0.1642243 0.0445868 0.2826194 
n296_301   0.3770378 0.2782937 0.0518014 0.2432174 0.0517695 0.2443373 0.0554429 0.2431607 0.0306190 0.0590167 0.2545577 0.2833571 0.0962782 0.0306299 0.2825570 0.0306362 0.2872483 0.0100652 0.0000000 0.2831128 0.3227059 0.3491670 0.1727435 0.0482028 0.2880506 
n292_297   0.3828120 0.0033503 0.2823722 0.2719261 0.2821546 0.2677061 0.2824322 0.2673178 0.2773860 0.2871661 0.2731431 0.0100980 0.2976597 0.2680548 0.0775993 0.2775693 0.0812703 0.2777244 0.2831128 0.0000000 0.3769935 0.3652813 0.2984649 0.2772682 0.0134846 
n244_249   0.2940418 0.3715765 0.3113354 0.3201286 0.3110887 0.2955383 0.3008601 0.3200474 0.3109019 0.3056854 0.3051761 0.3604976 0.3279560 0.3110085 0.3603697 0.3111106 0.3655239 0.3169789 0.3227059 0.3769935 0.0000000 0.2737249 0.3703581 0.3060226 0.3711366 
n255_260   0.0411891 0.3599509 0.3432081 0.3523461 0.3429261 0.3266055 0.3432819 0.3418739 0.3479007 0.3483812 0.3374827 0.3602729 0.3774289 0.3377486 0.3393885 0.3481395 0.3389945 0.3439372 0.3491670 0.3652813 0.2737249 0.0000000 0.3996077 0.3376325 0.3654123 
n200_205   0.4288955 0.2935483 0.1598130 0.2969032 0.1639090 0.2972374 0.1641423 0.2921475 0.1636029 0.1682269 0.3083587 0.2938041 0.1766610 0.1555165 0.3033980 0.1637033 0.2935652 0.1642243 0.1727435 0.2984649 0.3703581 0.3996077 0.0000000 0.1597508 0.2985615 
n298_303   0.3650087 0.2724978 0.0100588 0.2284879 0.0033382 0.2295285 0.0134557 0.2284359 0.0374888 0.0168491 0.2394703 0.2727322 0.0884858 0.0375021 0.2719689 0.0375100 0.2765896 0.0445868 0.0482028 0.2772682 0.3060226 0.3376325 0.1597508 0.0000000 0.2773546 
n280_285   0.3829533 0.0100923 0.2778506 0.2720100 0.2822433 0.2677883 0.2825210 0.2673997 0.2774725 0.2872571 0.2732279 0.0101000 0.2977557 0.2681373 0.0776167 0.2776559 0.0812886 0.2826194 0.2880506 0.0134846 0.3711366 0.3654123 0.2985615 0.2773546 0.0000000 
