26
n299_300   0.0000000 0.0201513 1.8770233 2.3918645 9.0000000 0.3530870 1.7587160 1.8786831 0.0998347 1.7551514 1.8596404 1.9094602 0.0270672 0.3776665 2.0757237 2.0532338 2.1157015 2.1744507 2.0297607 4.7116031 2.1092682 1.9010306 1.7584082 1.8248741 0.0846439 2.0626123 
n300_301   0.0201513 0.0000000 1.9058135 2.5248306 9.0000000 0.3531731 1.8603894 1.9797984 0.0960613 1.7805584 1.9190216 2.0137558 0.0236376 0.3777586 2.2142422 2.1894536 2.1164255 2.1750798 2.0631063 4.2648221 2.2383880 1.9755559 1.7569477 1.8233605 0.0809454 2.1858172 
n290_291   1.8770233 1.9058135 0.0000000 2.8550217 2.3776923 2.4422524 1.1470176 0.5596926 2.1118514 0.0628239 0.1573923 0.3733572 1.8710278 2.0035365 0.3497434 0.3621983 2.0159816 1.7814434 0.0627465 2.2759359 0.3575599 0.1448750 1.7398148 1.7364563 1.6751128 0.3513724 
n244_245   2.3918645 2.5248306 2.8550217 0.0000000 2.5118181 1.9800008 2.3207049 2.9293608 2.7301088 2.9280265 2.7268890 3.0882190 2.4060379 2.2551257 2.3072834 2.4813212 5.0887673 9.0000000 2.8963752 2.1699669 3.1407708 2.8148355 4.0673785 3.8649892 2.5019989 3.0004443 
n255_256   9.0000000 9.0000000 2.3776923 2.5118181 0.0000000 9.0000000 3.1009082 2.9139269 9.0000000 2.1587933 2.1587704 2.2391944 9.0000000 4.5535034 2.4865201 2.3207412 4.0816104 2.9521244 2.4676427 0.3134356 2.3295736 2.0908572 2.9025513 2.2928867 9.0000000 2.5336477 
n277_278   0.3530870 0.3531731 2.4422524 1.9800008 9.0000000 0.0000000 2.1502278 2.0356682 0.3571851 2.3789433 2.4545821 2.1777122 0.3541324 0.1240049 2.2807795 2.3196201 2.2214196 2.1261298 2.6272096 4.3974321 2.5013854 2.5191781 1.9709500 1.7845995 0.3951280 2.5511064 
n200_201   1.7587160 1.8603894 1.1470176 2.3207049 3.1009082 2.1502278 0.0000000 1.0933989 1.9820056 1.1088470 1.1183441 1.1253171 1.7840554 1.7694471 1.1091094 1.1476417 1.9931371 2.1600007 1.1651483 6.7065384 1.1946977 1.1690112 1.8868991 1.8118786 1.7617557 1.2126613 
n236_237   1.8786831 1.9797984 0.5596926 2.9293608 2.9139269 2.0356682 1.0933989 0.0000000 1.9930486 0.5467086 0.5559247 0.5924974 1.9562647 1.7681620 0.5995392 0.6008921 2.7273631 2.3795453 0.5451357 2.6546629 0.5990199 0.5494550 2.1364138 2.2134430 2.0034353 0.6162377 
n274_275   0.0998347 0.0960613 2.1118514 2.7301088 9.0000000 0.3571851 1.9820056 1.9930486 0.0000000 1.9766844 2.1315781 2.2180094 0.0924375 0.3635546 2.2954514 2.3187941 2.2686500 2.2193683 2.3073552 8.9999982 2.4990138 2.2451644 1.8203195 1.8336885 0.1276646 2.4348117 
n289_290   1.7551514 1.7805584 0.0628239 2.9280265 2.1587933 2.3789433 1.1088470 0.5467086 1.9766844 0.0000000 0.1704642 0.3509318 1.7501140 1.8925043 0.3456881 0.3464287 2.0279969 1.7896197 0.0776574 2.2939941 0.3580853 0.1576914 1.8401057 1.8278270 1.5756753 0.3573327 
n296_297   1.8596404 1.9190216 0.1573923 2.7268890 2.1587704 2.4545821 1.1183441 0.5559247 2.1315781 0.1704642 0.0000000 0.3525034 1.8519483 1.9724838 0.3408498 0.3241544 2.1830904 1.8812536 0.1611156 2.2776596 0.3095345 0.0414175 1.9269576 2.0383649 1.7226097 0.3147512 
n275_276   1.9094602 2.0137558 0.3733572 3.0882190 2.2391944 2.1777122 1.1253171 0.5924974 2.2180094 0.3509318 0.3525034 0.0000000 2.0638462 2.1609702 0.0981686 0.1061888 2.4938064 2.3043784 0.3795061 2.1512163 0.0905648 0.3371453 2.0638358 1.9591912 1.9025794 0.1022060 
n292_293   0.0270672 0.0236376 1.8710278 2.4060379 9.0000000 0.3541324 1.7840554 1.9562647 0.0924375 1.7501140 1.8519483 2.0638462 0.0000000 0.3550243 2.2142881 2.1894970 2.0232953 2.0769316 2.0223946 5.0188699 2.3015776 1.8929126 1.9021960 1.9943032 0.0773538 2.2458719 
n278_279   0.3776665 0.3777586 2.0035365 2.2551257 4.5535034 0.1240049 1.7694471 1.7681620 0.3635546 1.8925043 1.9724838 2.1609702 0.3550243 0.0000000 2.3892770 2.3577951 2.1476063 1.9224102 2.0822278 3.8579317 2.2689327 2.0283188 1.8938610 1.8580789 0.4016845 2.3087604 
n298_299   2.0757237 2.2142422 0.3497434 2.3072834 2.4865201 2.2807795 1.1091094 0.5995392 2.2954514 0.3456881 0.3408498 0.0981686 2.2142881 2.3892770 0.0000000 0.0346433 2.2078569 2.0630347 0.3610841 2.5018150 0.1143227 0.3308057 2.0707813 1.9665170 1.9431422 0.1181459 
n297_298   2.0532338 2.1894536 0.3621983 2.4813212 2.3207412 2.3196201 1.1476417 0.6008921 2.3187941 0.3464287 0.3241544 0.1061888 2.1894970 2.3577951 0.0346433 0.0000000 2.1482168 2.0099478 0.3618614 2.3860779 0.1143856 0.3143098 2.1328968 2.0384741 2.0079430 0.1264403 
n286_287   2.1157015 2.1164255 2.0159816 5.0887673 4.0816104 2.2214196 1.9931371 2.7273631 2.2686500 2.0279969 2.1830904 2.4938064 2.0232953 2.1476063 2.2078569 2.1482168 0.0000000 0.0735240 2.1223493 2.8256768 2.4883843 1.9754357 1.0540346 1.1008965 1.9603970 2.6023340 
n285_286   2.1744507 2.1750798 1.7814434 9.0000000 2.9521244 2.1261298 2.1600007 2.3795453 2.2193683 1.7896197 1.8812536 2.3043784 2.0769316 1.9224102 2.0630347 2.0099478 0.0735240 0.0000000 1.8625734 2.5327502 2.1983947 1.6984993 0.9862527 1.0380404 1.9773080 2.2847116 
n287_288   2.0297607 2.0631063 0.0627465 2.8963752 2.4676427 2.6272096 1.1651483 0.5451357 2.3073552 0.0776574 0.1611156 0.3795061 2.0223946 2.0822278 0.3610841 0.3618614 2.1223493 1.8625734 0.0000000 2.3573999 0.3572278 0.1488729 1.7736050 1.7990091 1.7980533 0.3510478 
n251_252   4.7116031 4.2648221 2.2759359 2.1699669 0.3134356 4.3974321 6.7065384 2.6546629 8.9999982 2.2939941 2.2776596 2.1512163 5.0188699 3.8579317 2.5018150 2.3860779 2.8256768 2.5327502 2.3573999 0.0000000 2.5606181 2.1708116 2.7834103 2.7376080 3.3981472 2.7963244 
n294_295   2.1092682 2.2383880 0.3575599 3.1407708 2.3295736 2.5013854 1.1946977 0.5990199 2.4990138 0.3580853 0.3095345 0.0905648 2.3015776 2.2689327 0.1143227 0.1143856 2.4883843 2.1983947 0.3572278 2.5606181 0.0000000 0.3165171 2.0924036 2.0864870 2.0620087 0.0275845 
n295_296   1.9010306 1.9755559 0.1448750 2.8148355 2.0908572 2.5191781 1.1690112 0.5494550 2.2451644 0.1576914 0.0414175 0.3371453 1.8929126 2.0283188 0.3308057 0.3143098 1.9754357 1.6984993 0.1488729 2.1708116 0.3165171 0.0000000 1.9074262 1.9240911 1.8305812 0.3218042 
n266_267   1.7584082 1.7569477 1.7398148 4.0673785 2.9025513 1.9709500 1.8868991 2.1364138 1.8203195 1.8401057 1.9269576 2.0638358 1.9021960 1.8938610 2.0707813 2.1328968 1.0540346 0.9862527 1.7736050 2.7834103 2.0924036 1.9074262 0.0000000 0.1661000 1.7536446 2.1820848 
n265_266   1.8248741 1.8233605 1.7364563 3.8649892 2.2928867 1.7845995 1.8118786 2.2134430 1.8336885 1.8278270 2.0383649 1.9591912 1.9943032 1.8580789 1.9665170 2.0384741 1.1008965 1.0380404 1.7990091 2.7376080 2.0864870 1.9240911 0.1661000 0.0000000 1.7999562 2.1270270 
n280_281   0.0846439 0.0809454 1.6751128 2.5019989 9.0000000 0.3951280 1.7617557 2.0034353 0.1276646 1.5756753 1.7226097 1.9025794 0.0773538 0.4016845 1.9431422 2.0079430 1.9603970 1.9773080 1.7980533 3.3981472 2.0620087 1.8305812 1.7536446 1.7999562 0.0000000 1.9289795 
n293_294   2.0626123 2.1858172 0.3513724 3.0004443 2.5336477 2.5511064 1.2126613 0.6162377 2.4348117 0.3573327 0.3147512 0.1022060 2.2458719 2.3087604 0.1181459 0.1264403 2.6023340 2.2847116 0.3510478 2.7963244 0.0275845 0.3218042 2.1820848 2.1270270 1.9289795 0.0000000 
