23
n292_293   0.0000000 0.2770612 0.2772064 0.2772173 0.4035251 0.2766678 0.0100837 0.2870002 0.0203012 0.4031184 0.2975714 0.0067020 0.0811361 0.2822053 0.4250949 0.2729180 0.2726310 0.2862250 0.2622243 0.2718479 0.0627293 0.0067036 0.2711598 
n287_288   0.2770612 0.0000000 0.0033454 0.0307002 0.3481181 0.2466518 0.2922068 0.0376954 0.2668322 0.3579475 0.0774236 0.2822757 0.2618834 0.0342019 0.4179922 0.0203269 0.0203087 0.2516600 0.1560280 0.2420400 0.2525587 0.2673074 0.2567753 
n290_291   0.2772064 0.0033454 0.0000000 0.0272090 0.3483105 0.2467771 0.2923619 0.0341673 0.2669709 0.3581462 0.0736770 0.2824245 0.2620189 0.0306911 0.4182372 0.0168898 0.0168748 0.2517889 0.1518044 0.2421626 0.2526885 0.2674465 0.2569075 
n294_295   0.2772173 0.0307002 0.0272090 0.0000000 0.3483107 0.2467904 0.2923710 0.0066942 0.2669827 0.3581446 0.0736865 0.2824348 0.2620312 0.0100691 0.3939150 0.0307340 0.0307064 0.2568138 0.1518193 0.2421762 0.2527015 0.2674583 0.2569202 
n251_252   0.4035251 0.3481181 0.3483105 0.3483107 0.0000000 0.3797873 0.4044668 0.3590714 0.4026512 0.0409454 0.3476627 0.4098408 0.4196353 0.3484142 0.3434686 0.3490813 0.3541063 0.4205637 0.3645064 0.3742927 0.4085553 0.4034206 0.4093945 
n286_287   0.2766678 0.2466518 0.2467771 0.2467904 0.3797873 0.0000000 0.2917870 0.2469119 0.2667516 0.3567079 0.2710501 0.2818731 0.2704560 0.2424303 0.3940163 0.2470818 0.2517035 0.1303638 0.2851334 0.0033341 0.2518298 0.2669305 0.1264139 
n300_301   0.0100837 0.2922068 0.2923619 0.2923710 0.4044668 0.2917870 0.0000000 0.3023684 0.0306981 0.4040579 0.3132017 0.0100859 0.0925133 0.2974727 0.4377932 0.2880088 0.2877025 0.3015472 0.2770301 0.2868653 0.0738054 0.0168924 0.2861313 
n275_276   0.2870002 0.0376954 0.0341673 0.0066942 0.3590714 0.2469119 0.3023684 0.0000000 0.2766159 0.3690230 0.0810953 0.2922968 0.2715941 0.0168572 0.4000657 0.0377372 0.0377032 0.2662950 0.1600701 0.2422951 0.2621484 0.2771111 0.2664055 
n274_275   0.0203012 0.2668322 0.2669709 0.2669827 0.4026512 0.2667516 0.0306981 0.2766159 0.0000000 0.3962407 0.2870053 0.0272025 0.0810188 0.2718917 0.4123111 0.2627288 0.2624547 0.2761788 0.2522321 0.2619972 0.0626391 0.0134677 0.2613387 
n255_256   0.4031184 0.3579475 0.3581462 0.3581446 0.0409454 0.3567079 0.4040579 0.3690230 0.3962407 0.0000000 0.3629569 0.4094238 0.4188354 0.3582516 0.3537612 0.3589446 0.3640166 0.4020810 0.3690493 0.3513869 0.4020859 0.3969941 0.3911867 
n236_237   0.2975714 0.0774236 0.0736770 0.0736865 0.3476627 0.2710501 0.3132017 0.0810953 0.2870053 0.3629569 0.0000000 0.3029639 0.2915237 0.0774100 0.4063872 0.0775145 0.0774415 0.2711729 0.1728740 0.2662782 0.2723091 0.2875226 0.2712855 
n299_300   0.0067020 0.2822757 0.2824245 0.2824348 0.4098408 0.2818731 0.0100859 0.2922968 0.0272025 0.4094238 0.3029639 0.0000000 0.0886614 0.2874646 0.4373859 0.2781114 0.2778176 0.2915053 0.2673141 0.2770156 0.0700621 0.0134726 0.2763114 
n278_279   0.0811361 0.2618834 0.2620189 0.2620312 0.4196353 0.2704560 0.0925133 0.2715941 0.0810188 0.4188354 0.2915237 0.0886614 0.0000000 0.2669029 0.4230132 0.2577984 0.2575305 0.2658636 0.2616926 0.2656945 0.0168846 0.0736941 0.2656617 
n297_298   0.2822053 0.0342019 0.0306911 0.0100691 0.3484142 0.2424303 0.2974727 0.0168572 0.2718917 0.3582516 0.0774100 0.2874646 0.2669029 0.0000000 0.3940369 0.0342398 0.0342090 0.2523934 0.1559924 0.2378377 0.2575115 0.2723773 0.2524980 
n244_245   0.4250949 0.4179922 0.4182372 0.3939150 0.3434686 0.3940163 0.4377932 0.4000657 0.4123111 0.3537612 0.4063872 0.4373859 0.4230132 0.3940369 0.0000000 0.4192339 0.4247272 0.4182123 0.4301084 0.3883821 0.4002156 0.4131094 0.4061915 
n296_297   0.2729180 0.0203269 0.0168898 0.0307340 0.3490813 0.2470818 0.2880088 0.0377372 0.2627288 0.3589446 0.0775145 0.2781114 0.2577984 0.0342398 0.4192339 0.0000000 0.0067138 0.2521010 0.1562248 0.2424602 0.2485019 0.2631968 0.2572281 
n295_296   0.2726310 0.0203087 0.0168748 0.0307064 0.3541063 0.2517035 0.2877025 0.0377032 0.2624547 0.3640166 0.0774415 0.2778176 0.2575305 0.0342090 0.4247272 0.0067138 0.0000000 0.2567597 0.1519350 0.2470545 0.2482451 0.2629217 0.2619248 
n266_267   0.2862250 0.2516600 0.2517889 0.2568138 0.4205637 0.1303638 0.3015472 0.2662950 0.2761788 0.4020810 0.2711729 0.2915053 0.2658636 0.2523934 0.4182123 0.2521010 0.2567597 0.0000000 0.2901627 0.1264187 0.2473317 0.2763649 0.0305450 
n200_201   0.2622243 0.1560280 0.1518044 0.1518193 0.3645064 0.2851334 0.2770301 0.1600701 0.2522321 0.3690493 0.1728740 0.2673141 0.2616926 0.1559924 0.4301084 0.1562248 0.1519350 0.2901627 0.0000000 0.2802800 0.2432323 0.2526774 0.2852362 
n285_286   0.2718479 0.2420400 0.2421626 0.2421762 0.3742927 0.0033341 0.2868653 0.2422951 0.2619972 0.3513869 0.2662782 0.2770156 0.2656945 0.2378377 0.3883821 0.2424602 0.2470545 0.1264187 0.2802800 0.0000000 0.2471778 0.2621724 0.1224895 
n277_278   0.0627293 0.2525587 0.2526885 0.2527015 0.4085553 0.2518298 0.0738054 0.2621484 0.0626391 0.4020859 0.2723091 0.0700621 0.0168846 0.2575115 0.4002156 0.2485019 0.2482451 0.2473317 0.2432323 0.2471778 0.0000000 0.0554738 0.2471460 
n280_281   0.0067036 0.2673074 0.2674465 0.2674583 0.4034206 0.2669305 0.0168924 0.2771111 0.0134677 0.3969941 0.2875226 0.0134726 0.0736941 0.2723773 0.4131094 0.2631968 0.2629217 0.2763649 0.2526774 0.2621724 0.0554738 0.0000000 0.2615131 
n265_266   0.2711598 0.2567753 0.2569075 0.2569202 0.4093945 0.1264139 0.2861313 0.2664055 0.2613387 0.3911867 0.2712855 0.2763114 0.2656617 0.2524980 0.4061915 0.2572281 0.2619248 0.0305450 0.2852362 0.1224895 0.2471460 0.2615131 0.0000000 
