23
n300_307   0.0000000 0.2304511 0.2494322 0.2691326 0.2691570 0.2539295 0.2739608 0.0168584 0.2590007 0.2641442 0.2846682 0.2702998 0.2594614 0.2595174 0.2593199 0.0968988 0.3998914 0.0100673 0.4344569 0.2634008 0.0817027 0.2737268 0.4348932 
n266_273   0.2304511 0.0000000 0.0273330 0.3068903 0.3069209 0.2807401 0.3119916 0.2444454 0.2860577 0.3016058 0.3178715 0.2966881 0.2865805 0.3019794 0.2864179 0.2693862 0.5062761 0.2349434 0.4363911 0.1495340 0.2499142 0.1581577 0.4491793 
n265_272   0.2494322 0.0273330 0.0000000 0.3115407 0.3064244 0.2802888 0.3166654 0.2540675 0.2906056 0.3011186 0.3225812 0.3124184 0.2911378 0.2959655 0.2909719 0.2793731 0.5048398 0.2540284 0.4555972 0.1410522 0.2596338 0.1495514 0.4687289 
n298_305   0.2691326 0.3068903 0.3115407 0.0000000 0.0237725 0.0342231 0.0033450 0.2692266 0.0342092 0.0272250 0.0307307 0.1499073 0.0377714 0.0817462 0.0342460 0.3108184 0.4593918 0.2643324 0.4347682 0.3332498 0.3059462 0.3448136 0.4295663 
n294_301   0.2691570 0.3069209 0.3064244 0.0237725 0.0000000 0.0237868 0.0272239 0.2643992 0.0307488 0.0033448 0.0203698 0.1501440 0.0342944 0.0741658 0.0307818 0.3057144 0.4537525 0.2643561 0.4225828 0.3279830 0.3008701 0.3394625 0.4174367 
n290_297   0.2539295 0.2807401 0.2802888 0.0342231 0.0237868 0.0000000 0.0377233 0.2492672 0.0067024 0.0272416 0.0378043 0.1541769 0.0100905 0.0703967 0.0067096 0.2996700 0.4397273 0.2492298 0.4091903 0.3055906 0.2848521 0.3166589 0.4041200 
n297_304   0.2739608 0.3119916 0.3166654 0.0033450 0.0272239 0.0377233 0.0000000 0.2740574 0.0377079 0.0306908 0.0342153 0.1540229 0.0412908 0.0854873 0.0377485 0.3159308 0.4656193 0.2691326 0.4408089 0.3385285 0.3110299 0.3501789 0.4355794 
n280_287   0.0168584 0.2444454 0.2540675 0.2692266 0.2643992 0.2492672 0.2740574 0.0000000 0.2590893 0.2594161 0.2847708 0.2703948 0.2595504 0.2545561 0.2594088 0.0931060 0.3938778 0.0134597 0.4407868 0.2632542 0.0779823 0.2735748 0.4412330 
n289_296   0.2590007 0.2860577 0.2906056 0.0342092 0.0307488 0.0067024 0.0377079 0.2590893 0.0000000 0.0342372 0.0377887 0.1541033 0.0100865 0.0741684 0.0067069 0.3102435 0.4526721 0.2542668 0.4216054 0.3162777 0.2952200 0.3275287 0.4164737 
n293_300   0.2641442 0.3016058 0.3011186 0.0272250 0.0033448 0.0272416 0.0306908 0.2594161 0.0342372 0.0000000 0.0238140 0.1459268 0.0378035 0.0704279 0.0342739 0.3004209 0.4534428 0.2593749 0.4222986 0.3225090 0.2956092 0.3338943 0.4171560 
n275_282   0.2846682 0.3178715 0.3225812 0.0307307 0.0203698 0.0378043 0.0342153 0.2847708 0.0377887 0.0238140 0.0000000 0.1586291 0.0413800 0.0933026 0.0378298 0.3273917 0.4611382 0.2797641 0.4426046 0.3504283 0.3224127 0.3623069 0.4373513 
n200_205   0.2702998 0.2966881 0.3124184 0.1499073 0.1501440 0.1541769 0.1540229 0.2703948 0.1541033 0.1459268 0.1586291 0.0000000 0.1585340 0.1546007 0.1542826 0.3173911 0.4825895 0.2654738 0.4432038 0.3448302 0.3073287 0.3566154 0.4446325 
n295_302   0.2594614 0.2865805 0.2911378 0.0377714 0.0342944 0.0100905 0.0412908 0.2595504 0.0100865 0.0378035 0.0413800 0.1585340 0.0000000 0.0780048 0.0100973 0.3051051 0.4525976 0.2547177 0.4156999 0.3168679 0.2901773 0.3281459 0.4164684 
n236_243   0.2595174 0.3019794 0.2959655 0.0817462 0.0741658 0.0703967 0.0854873 0.2545561 0.0741684 0.0704279 0.0933026 0.1546007 0.0780048 0.0000000 0.0742507 0.3105703 0.4352884 0.2547746 0.4284666 0.3059469 0.3007738 0.3170279 0.4232989 
n287_294   0.2593199 0.2864179 0.2909719 0.0342460 0.0307818 0.0067096 0.0377485 0.2594088 0.0067069 0.0342739 0.0378298 0.1542826 0.0100973 0.0742507 0.0000000 0.3106384 0.4532981 0.2545796 0.4221785 0.3166817 0.2955934 0.3279501 0.4170395 
n278_285   0.0968988 0.2693862 0.2793731 0.3108184 0.3057144 0.2996700 0.3159308 0.0931060 0.3102435 0.3004209 0.3273917 0.3173911 0.3051051 0.3105703 0.3106384 0.0000000 0.4364490 0.0931021 0.4681857 0.2990921 0.0272314 0.3100119 0.4750061 
n244_251   0.3998914 0.5062761 0.5048398 0.4593918 0.4537525 0.4397273 0.4656193 0.3938778 0.4526721 0.4534428 0.4611382 0.4825895 0.4525976 0.4352884 0.4532981 0.4364490 0.0000000 0.3995637 0.3045850 0.5469556 0.4313609 0.5627036 0.3003122 
n274_281   0.0100673 0.2349434 0.2540284 0.2643324 0.2643561 0.2492298 0.2691326 0.0134597 0.2542668 0.2593749 0.2797641 0.2654738 0.2547177 0.2547746 0.2545796 0.0931021 0.3995637 0.0000000 0.4406323 0.2632116 0.0779796 0.2735281 0.4410780 
n251_258   0.4344569 0.4363911 0.4555972 0.4347682 0.4225828 0.4091903 0.4408089 0.4407868 0.4216054 0.4222986 0.4426046 0.4432038 0.4156999 0.4284666 0.4221785 0.4681857 0.3045850 0.4406323 0.0000000 0.5462612 0.4619048 0.5621356 0.0168385 
n285_292   0.2634008 0.1495340 0.1410522 0.3332498 0.3279830 0.3055906 0.3385285 0.2632542 0.3162777 0.3225090 0.3504283 0.3448302 0.3168679 0.3059469 0.3166817 0.2990921 0.5469556 0.2632116 0.5462612 0.0000000 0.2841678 0.0066884 0.5468955 
n277_284   0.0817027 0.2499142 0.2596338 0.3059462 0.3008701 0.2848521 0.3110299 0.0779823 0.2952200 0.2956092 0.3224127 0.3073287 0.2901773 0.3007738 0.2955934 0.0272314 0.4313609 0.0779796 0.4619048 0.2841678 0.0000000 0.2948538 0.4686638 
n286_293   0.2737268 0.1581577 0.1495514 0.3448136 0.3394625 0.3166589 0.3501789 0.2735748 0.3275287 0.3338943 0.3623069 0.3566154 0.3281459 0.3170279 0.3279501 0.3100119 0.5627036 0.2735281 0.5621356 0.0066884 0.2948538 0.0000000 0.5628020 
n255_262   0.4348932 0.4491793 0.4687289 0.4295663 0.4174367 0.4041200 0.4355794 0.4412330 0.4164737 0.4171560 0.4373513 0.4446325 0.4164684 0.4232989 0.4170395 0.4750061 0.3003122 0.4410780 0.0168385 0.5468955 0.4686638 0.5628020 0.0000000 
