19
n293_264   0.0000000 1.8279230 0.0412879 0.6604185 4.8790248 0.3529296 0.3585277 0.1123545 0.1203569 0.3643611 0.3363163 1.8153967 2.1817432 1.9690135 5.6005424 0.1363727 0.8940490 0.3310048 3.6331644 
n265_248   1.8279230 0.0000000 1.7312485 1.7874384 3.5863192 2.2782326 2.2173798 1.9573758 1.8817862 1.8761124 1.9201585 0.9281070 0.2024574 0.9578332 2.8848500 1.9539280 1.9000096 2.0193722 2.0233702 
n294_265   0.0412879 1.7312485 0.0000000 0.6522161 9.0000000 0.3653815 0.3710903 0.1165568 0.1205974 0.3650168 0.3369127 1.8344191 2.0498038 1.9524406 9.0000000 0.1366480 0.9086631 0.3371738 3.1296994 
n236_225   0.6604185 1.7874384 0.6522161 0.0000000 9.0000000 0.7532855 0.7239595 0.5930104 0.6273085 0.6948607 0.6949944 2.0556132 1.8202389 2.0197010 9.0000000 0.6175720 1.0244900 0.6853933 2.9083906 
n255_242   4.8790248 3.5863192 9.0000000 9.0000000 0.0000000 9.0000000 9.0000000 9.0000000 9.0000000 9.0000000 9.0000000 3.3839132 3.3345609 3.1654913 0.3416794 5.8712321 9.0000000 9.0000000 2.3578306 
n295_266   0.3529296 2.2782326 0.3653815 0.7532855 9.0000000 0.0000000 0.0377734 0.3197017 0.3258881 0.1665695 0.1667876 1.8108522 2.4856954 1.8945640 9.0000000 0.3195387 0.9365252 0.1753523 2.4538938 
n296_267   0.3585277 2.2173798 0.3710903 0.7239595 9.0000000 0.0377734 0.0000000 0.3200082 0.3152806 0.1711434 0.1713683 1.7484021 2.3357128 1.8261725 9.0000000 0.3090476 0.8734709 0.1800004 2.3358096 
n275_254   0.1123545 1.9573758 0.1165568 0.5930104 9.0000000 0.3197017 0.3200082 0.0000000 0.0968937 0.3199862 0.3093948 1.5961815 2.2458294 1.7547629 9.0000000 0.1085134 0.9046190 0.2886279 2.7501691 
n298_269   0.1203569 1.8817862 0.1205974 0.6273085 9.0000000 0.3258881 0.3152806 0.0968937 0.0000000 0.3098298 0.3045347 1.5192287 2.0083790 1.6272812 9.0000000 0.0307636 0.8923642 0.2889002 2.6661534 
n287_260   0.3643611 1.8761124 0.3650168 0.6948607 9.0000000 0.1665695 0.1711434 0.3199862 0.3098298 0.0000000 0.0631540 1.8033868 2.0749685 1.8881823 9.0000000 0.3089957 0.8872669 0.0558144 2.2148708 
n289_262   0.3363163 1.9201585 0.3369127 0.6949944 9.0000000 0.1667876 0.1713683 0.3093948 0.3045347 0.0631540 0.0000000 1.8657751 2.0615784 2.0017923 9.0000000 0.3038238 0.9462340 0.0557918 2.2287048 
n286_259   1.8153967 0.9281070 1.8344191 2.0556132 3.3839132 1.8108522 1.7484021 1.5961815 1.5192287 1.8033868 1.8657751 0.0000000 1.1197683 0.0592193 2.2268698 1.5452726 2.1875232 1.6966626 2.1710687 
n266_249   2.1817432 0.2024574 2.0498038 1.8202389 3.3345609 2.4856954 2.3357128 2.2458294 2.0083790 2.0749685 2.0615784 1.1197683 0.0000000 1.1411715 2.7473327 2.0126787 1.8610333 2.2302051 1.7678914 
n285_258   1.9690135 0.9578332 1.9524406 2.0197010 3.1654913 1.8945640 1.8261725 1.7547629 1.6272812 1.8881823 2.0017923 0.0592193 1.1411715 0.0000000 2.0545381 1.6892903 2.1432243 1.8389845 2.2440715 
n251_240   5.6005424 2.8848500 9.0000000 9.0000000 0.3416794 9.0000000 9.0000000 9.0000000 9.0000000 9.0000000 9.0000000 2.2268698 2.7473327 2.0545381 0.0000000 9.0000000 9.0000000 9.0000000 1.9751406 
n297_268   0.1363727 1.9539280 0.1366480 0.6175720 5.8712321 0.3195387 0.3090476 0.1085134 0.0307636 0.3089957 0.3038238 1.5452726 2.0126787 1.6892903 9.0000000 0.0000000 0.9270799 0.2881329 2.7324771 
n200_197   0.8940490 1.9000096 0.9086631 1.0244900 9.0000000 0.9365252 0.8734709 0.9046190 0.8923642 0.8872669 0.9462340 2.1875232 1.8610333 2.1432243 9.0000000 0.9270799 0.0000000 0.9237068 3.3214476 
n290_263   0.3310048 2.0193722 0.3371738 0.6853933 9.0000000 0.1753523 0.1800004 0.2886279 0.2889002 0.0558144 0.0557918 1.6966626 2.2302051 1.8389845 9.0000000 0.2881329 0.9237068 0.0000000 2.2494410 
n244_233   3.6331644 2.0233702 3.1296994 2.9083906 2.3578306 2.4538938 2.3358096 2.7501691 2.6661534 2.2148708 2.2287048 2.1710687 1.7678914 2.2440715 1.9751406 2.7324771 3.3214476 2.2494410 0.0000000 
