26
n299_300   0.0000000 0.0134533 2.9278394 2.7544859 2.4446967 0.5365097 2.3909955 2.6649756 0.1131775 2.4667307 2.1799255 1.8621564 0.0272685 0.5705434 2.2774850 2.3818070 2.2169863 2.3905115 2.5317272 2.2132440 2.1189014 2.1161948 2.4024553 2.3289233 0.0742258 2.2103801 
n300_301   0.0134533 0.0000000 2.8611728 2.7783403 2.3288173 0.5297114 2.3315318 2.4804185 0.1212146 2.4206833 2.1440436 1.8582943 0.0342746 0.5634227 2.2854690 2.3902271 2.2073874 2.3787433 2.4826035 2.2234852 2.0845738 2.0823959 2.5360909 2.3984237 0.0817697 2.1731693 
n290_291   2.9278394 2.8611728 0.0000000 2.5431047 2.3972395 3.4528572 1.1909377 0.6014266 3.3603828 0.0486715 0.1462783 0.3311131 2.8398803 3.6969407 0.3442685 0.3346955 1.8076338 1.8043419 0.0594733 2.7857800 0.3521295 0.1377176 1.9683350 2.2143075 2.8499198 0.3475937 
n244_245   2.7544859 2.7783403 2.5431047 0.0000000 2.2750616 3.2560911 2.8225371 2.9448523 2.6485037 2.4314174 2.4718570 2.4658052 2.6078988 3.0426972 2.7050408 2.4949542 3.2443113 3.5621352 2.6547150 2.4197855 2.1491052 2.4479347 4.2040898 3.6000356 2.9745246 2.2944257 
n255_256   2.4446967 2.3288173 2.3972395 2.2750616 0.0000000 2.1020196 2.5357774 2.9094584 2.9308353 2.1777959 2.2546756 2.0416552 2.4091197 2.2093004 2.0742756 2.4156394 2.7092663 2.7666921 2.5701159 0.3434785 2.3911126 2.2394710 3.1446308 2.6686777 2.7822092 2.2898744 
n277_278   0.5365097 0.5297114 3.4528572 3.2560911 2.1020196 0.0000000 2.9860276 3.1320466 0.5600472 2.8994992 2.4292027 2.7996341 0.5377287 0.0930732 2.8417349 3.0010102 1.9576262 1.8405451 2.7448999 2.2606871 2.5458701 2.4379793 2.3680942 2.5358954 0.5628327 2.5874441 
n200_201   2.3909955 2.3315318 1.1909377 2.8225371 2.5357774 2.9860276 0.0000000 1.0161911 2.7228053 1.1502180 1.1631786 1.0060428 2.3357295 3.9629809 1.0994909 1.1028359 2.9455060 2.5027649 1.1950245 2.2562929 0.9815310 1.1590907 2.3622928 2.2885948 2.1661346 1.0238694 
n236_237   2.6649756 2.4804185 0.6014266 2.9448523 2.9094584 3.1320466 1.0161911 0.0000000 2.7550898 0.5631606 0.6429979 0.6173760 2.5328873 2.8745572 0.6309264 0.6409400 1.7790485 1.7936282 0.6262855 2.5323790 0.5809008 0.6404265 1.8707477 2.0518790 2.5378897 0.5826872 
n274_275   0.1131775 0.1212146 3.3603828 2.6485037 2.9308353 0.5600472 2.7228053 2.7550898 0.0000000 3.0651604 3.0000571 2.1914449 0.1256504 0.6018932 2.6786469 2.6192575 2.1009903 2.1177241 3.5198833 2.5861614 2.4915641 3.2007493 2.2624519 2.1266424 0.1169907 2.6880045 
n289_290   2.4667307 2.4206833 0.0486715 2.4314174 2.1777959 2.8994992 1.1502180 0.5631606 3.0651604 0.0000000 0.1299018 0.3098814 2.4800608 3.0499455 0.3283679 0.3186772 1.7478790 1.7760696 0.0522660 2.6130118 0.3303468 0.1215576 1.9796255 2.2673781 2.5375565 0.3313616 
n296_297   2.1799255 2.1440436 0.1462783 2.4718570 2.2546756 2.4292027 1.1631786 0.6429979 3.0000571 0.1299018 0.0000000 0.3732571 2.1328341 2.6578387 0.3871436 0.3763574 1.6408309 1.6997639 0.1424507 2.5598595 0.3830415 0.0379809 2.3141548 2.5051912 2.3489317 0.3726308 
n275_276   1.8621564 1.8582943 0.3311131 2.4658052 2.0416552 2.7996341 1.0060428 0.6173760 2.1914449 0.3098814 0.3732571 0.0000000 1.7980708 2.8047879 0.1464048 0.1384857 1.8713821 2.0596939 0.3550706 2.6594498 0.1177622 0.3612873 1.9484276 1.9018127 1.9031563 0.1219304 
n292_293   0.0272685 0.0342746 2.8398803 2.6078988 2.4091197 0.5377287 2.3357295 2.5328873 0.1256504 2.4800608 2.1328341 1.7980708 0.0000000 0.5559518 2.1812911 2.3243878 2.2567413 2.4954234 2.5252110 2.2191558 2.0366438 2.1562237 2.4353223 2.3594661 0.0896159 2.1209042 
n278_279   0.5705434 0.5634227 3.6969407 3.0426972 2.2093004 0.0930732 3.9629809 2.8745572 0.6018932 3.0499455 2.6578387 2.8047879 0.5559518 0.0000000 3.0499154 3.2075587 2.2137255 2.1123422 2.8767195 2.4755440 2.6719111 2.6685803 2.2852593 2.4289332 0.5888361 2.6870384 
n298_299   2.2774850 2.2854690 0.3442685 2.7050408 2.0742756 2.8417349 1.0994909 0.6309264 2.6786469 0.3283679 0.3871436 0.1464048 2.1812911 3.0499154 0.0000000 0.0448398 1.6424700 1.8290714 0.3802384 2.5424648 0.1462283 0.3812950 2.0892838 2.0296234 2.2292419 0.1509583 
n297_298   2.3818070 2.3902271 0.3346955 2.4949542 2.4156394 3.0010102 1.1028359 0.6409400 2.6192575 0.3186772 0.3763574 0.1384857 2.3243878 3.2075587 0.0448398 0.0000000 1.7755569 1.8793491 0.3699175 2.8508010 0.1258154 0.3646327 2.1426255 2.1529484 2.3469005 0.1342147 
n286_287   2.2169863 2.2073874 1.8076338 3.2443113 2.7092663 1.9576262 2.9455060 1.7790485 2.1009903 1.7478790 1.6408309 1.8713821 2.2567413 2.2137255 1.6424700 1.7755569 0.0000000 0.0705346 1.8808310 2.5940056 2.0078183 1.7940690 1.2330261 1.1741217 2.0043498 2.1083019 
n285_286   2.3905115 2.3787433 1.8043419 3.5621352 2.7666921 1.8405451 2.5027649 1.7936282 2.1177241 1.7760696 1.6997639 2.0596939 2.4954234 2.1123422 1.8290714 1.8793491 0.0705346 0.0000000 1.8765194 2.4984740 2.1673377 1.8284253 1.2516220 1.1447485 2.1685438 2.2831351 
n287_288   2.5317272 2.4826035 0.0594733 2.6547150 2.5701159 2.7448999 1.1950245 0.6262855 3.5198833 0.0522660 0.1424507 0.3550706 2.5252110 2.8767195 0.3802384 0.3699175 1.8808310 1.8765194 0.0000000 2.9006943 0.3696599 0.1380458 2.0964508 2.4039213 2.5417838 0.3707971 
n251_252   2.2132440 2.2234852 2.7857800 2.4197855 0.3434785 2.2606871 2.2562929 2.5323790 2.5861614 2.6130118 2.5598595 2.6594498 2.2191558 2.4755440 2.5424648 2.8508010 2.5940056 2.4984740 2.9006943 0.0000000 2.7467922 2.6032935 3.4344466 2.5922572 2.5271184 2.6468737 
n294_295   2.1189014 2.0845738 0.3521295 2.1491052 2.3911126 2.5458701 0.9815310 0.5809008 2.4915641 0.3303468 0.3830415 0.1177622 2.0366438 2.6719111 0.1462283 0.1258154 2.0078183 2.1673377 0.3696599 2.7467922 0.0000000 0.3703705 1.7569991 1.8106584 2.0892884 0.0307422 
n295_296   2.1161948 2.0823959 0.1377176 2.4479347 2.2394710 2.4379793 1.1590907 0.6404265 3.2007493 0.1215576 0.0379809 0.3612873 2.1562237 2.6685803 0.3812950 0.3646327 1.7940690 1.8284253 0.1380458 2.6032935 0.3703705 0.0000000 2.4779886 2.6072859 2.2742957 0.3601335 
n266_267   2.4024553 2.5360909 1.9683350 4.2040898 3.1446308 2.3680942 2.3622928 1.8707477 2.2624519 1.9796255 2.3141548 1.9484276 2.4353223 2.2852593 2.0892838 2.1426255 1.2330261 1.2516220 2.0964508 3.4344466 1.7569991 2.4779886 0.0000000 0.1983102 2.2466760 1.8893842 
n265_266   2.3289233 2.3984237 2.2143075 3.6000356 2.6686777 2.5358954 2.2885948 2.0518790 2.1266424 2.2673781 2.5051912 1.9018127 2.3594661 2.4289332 2.0296234 2.1529484 1.1741217 1.1447485 2.4039213 2.5922572 1.8106584 2.6072859 0.1983102 0.0000000 2.2794205 1.9503951 
n280_281   0.0742258 0.0817697 2.8499198 2.9745246 2.7822092 0.5628327 2.1661346 2.5378897 0.1169907 2.5375565 2.3489317 1.9031563 0.0896159 0.5888361 2.2292419 2.3469005 2.0043498 2.1685438 2.5417838 2.5271184 2.0892884 2.2742957 2.2466760 2.2794205 0.0000000 2.2271278 
n293_294   2.2103801 2.1731693 0.3475937 2.2944257 2.2898744 2.5874441 1.0238694 0.5826872 2.6880045 0.3313616 0.3726308 0.1219304 2.1209042 2.6870384 0.1509583 0.1342147 2.1083019 2.2831351 0.3707971 2.6468737 0.0307422 0.3601335 1.8893842 1.9503951 2.2271278 0.0000000 
