24
n300_303   0.0000000 0.2375765 0.2229704 0.2232890 0.3858298 0.0033429 0.2431661 0.2383847 0.0521639 0.2325909 0.0033408 0.2370044 0.2241041 0.2377292 0.2335088 0.0593935 0.2781689 0.2186381 0.2413067 0.4297787 0.2283039 0.4025665 0.0237938 0.2283003 
n289_292   0.2375765 0.0000000 0.0100779 0.0168807 0.4227226 0.2326438 0.0631921 0.0595304 0.2279204 0.0100734 0.2327920 0.2524231 0.1013032 0.2537205 0.0707532 0.2278067 0.1632561 0.2340822 0.2568105 0.4562707 0.0706823 0.3726301 0.2425121 0.0669716 
n290_293   0.2229704 0.0100779 0.0000000 0.0134656 0.4034337 0.2181528 0.0595016 0.0558602 0.2135357 0.0066965 0.2182908 0.2572630 0.0973800 0.2532673 0.0670112 0.2134307 0.1589330 0.2336666 0.2616714 0.4360108 0.0669441 0.3783891 0.2277915 0.0632546 
n296_299   0.2232890 0.0168807 0.0134656 0.0000000 0.3981589 0.2184635 0.0522395 0.0486348 0.2138390 0.0134595 0.2186019 0.2572429 0.0896928 0.2581886 0.0596547 0.2230181 0.1505038 0.2384554 0.2616497 0.4305375 0.0595951 0.3842705 0.2281179 0.0559440 
n255_258   0.3858298 0.4227226 0.4034337 0.3981589 0.0000000 0.3856771 0.4371553 0.4309264 0.3805752 0.4161196 0.3863534 0.4273345 0.4113890 0.4443533 0.4380025 0.4042399 0.4435830 0.4241226 0.4264409 0.0593501 0.4439609 0.3205877 0.3802061 0.4445803 
n292_295   0.0033429 0.2326438 0.2181528 0.2184635 0.3856771 0.0000000 0.2381815 0.2334347 0.0558342 0.2276985 0.0067016 0.2320916 0.2192573 0.2327975 0.2285975 0.0631066 0.2729095 0.2138509 0.2363704 0.4296048 0.2234380 0.4024063 0.0272837 0.2234345 
n298_301   0.2431661 0.0631921 0.0595016 0.0522395 0.4371553 0.2381815 0.0000000 0.0033472 0.2334096 0.0594734 0.2383339 0.2682195 0.1056870 0.2895305 0.0203968 0.2428552 0.1592915 0.2688677 0.2726871 0.4562589 0.0203768 0.3969711 0.2481518 0.0169390 
n297_300   0.2383847 0.0595304 0.0558602 0.0486348 0.4309264 0.2334347 0.0033472 0.0000000 0.2286950 0.0558338 0.2335839 0.2632694 0.1017721 0.2844257 0.0169563 0.2380834 0.1550651 0.2639037 0.2677162 0.4498868 0.0169397 0.3910829 0.2433364 0.0135186 
n278_281   0.0521639 0.2279204 0.2135357 0.2138390 0.3805752 0.0558342 0.2334096 0.2286950 0.0000000 0.2230124 0.0485625 0.2180305 0.2288930 0.2139776 0.2337789 0.0203079 0.2783654 0.1955399 0.2222485 0.4172441 0.2187760 0.4026422 0.0558099 0.2187727 
n287_290   0.2325909 0.0100734 0.0066965 0.0134595 0.4161196 0.2276985 0.0594734 0.0558338 0.2230124 0.0000000 0.2278432 0.2473617 0.0973319 0.2531195 0.0632133 0.2229017 0.1588494 0.2335329 0.2517248 0.4493367 0.0669121 0.3781383 0.2374858 0.0632245 
n280_283   0.0033408 0.2327920 0.2182908 0.2186019 0.3863534 0.0067016 0.2383339 0.2335839 0.0485625 0.2278432 0.0000000 0.2373044 0.2287961 0.2380311 0.2287432 0.0557564 0.2730868 0.2189136 0.2416122 0.4303730 0.2235798 0.3964899 0.0203446 0.2235764 
n285_288   0.2370044 0.2524231 0.2572630 0.2572429 0.4273345 0.2320916 0.2682195 0.2632694 0.2180305 0.2473617 0.2373044 0.0000000 0.2730252 0.1595366 0.2736689 0.2272356 0.2897701 0.1425614 0.0134836 0.4785213 0.2788329 0.3958466 0.2374285 0.2737362 
n236_239   0.2241041 0.1013032 0.0973800 0.0896928 0.4113890 0.2192573 0.1056870 0.1017721 0.2288930 0.0973319 0.2287961 0.2730252 0.0000000 0.2897900 0.1178658 0.2382941 0.1678721 0.2690961 0.2775123 0.4502228 0.1177461 0.3957604 0.2384835 0.1137478 
n265_268   0.2377292 0.2537205 0.2532673 0.2581886 0.4443533 0.2327975 0.2895305 0.2844257 0.2139776 0.2531195 0.2380311 0.1595366 0.2897900 0.0000000 0.3008474 0.2185787 0.3281747 0.0203481 0.1635060 0.4912063 0.2848392 0.4290810 0.2381561 0.2899535 
n275_278   0.2335088 0.0707532 0.0670112 0.0596547 0.4380025 0.2285975 0.0203968 0.0169563 0.2337789 0.0632133 0.2287432 0.2736689 0.1178658 0.3008474 0.0000000 0.2432425 0.1682986 0.2798062 0.2781670 0.4720715 0.0204028 0.3976554 0.2384224 0.0169605 
n277_280   0.0593935 0.2278067 0.2134307 0.2230181 0.4042399 0.0631066 0.2428552 0.2380834 0.0203079 0.2229017 0.0557564 0.2272356 0.2382941 0.2185787 0.2432425 0.0000000 0.2884187 0.2000231 0.2314897 0.4420955 0.2280232 0.3971466 0.0630790 0.2280196 
n200_203   0.2781689 0.1632561 0.1589330 0.1505038 0.4435830 0.2729095 0.1592915 0.1550651 0.2783654 0.1588494 0.2730868 0.2897701 0.1678721 0.3281747 0.1682986 0.2884187 0.0000000 0.3062878 0.2943524 0.4904139 0.1681262 0.4431604 0.2784020 0.1638176 
n266_269   0.2186381 0.2340822 0.2336666 0.2384554 0.4241226 0.2138509 0.2688677 0.2639037 0.1955399 0.2335329 0.2189136 0.1425614 0.2690961 0.0203481 0.2798062 0.2000231 0.3062878 0.0000000 0.1464620 0.4696149 0.2642794 0.4039305 0.2190251 0.2692522 
n286_289   0.2413067 0.2568105 0.2616714 0.2616497 0.4264409 0.2363704 0.2726871 0.2677162 0.2222485 0.2517248 0.2416122 0.0134836 0.2775123 0.1635060 0.2781670 0.2314897 0.2943524 0.1464620 0.0000000 0.4774912 0.2833561 0.3955802 0.2417392 0.2782358 
n251_254   0.4297787 0.4562707 0.4360108 0.4305375 0.0593501 0.4296048 0.4562589 0.4498868 0.4172441 0.4493367 0.4303730 0.4785213 0.4502228 0.4912063 0.4720715 0.4420955 0.4904139 0.4696149 0.4774912 0.0000000 0.4706978 0.3661934 0.4299330 0.4713615 
n293_296   0.2283039 0.0706823 0.0669441 0.0595951 0.4439609 0.2234380 0.0203768 0.0169397 0.2187760 0.0669121 0.2235798 0.2788329 0.1177461 0.2848392 0.0204028 0.2280232 0.1681262 0.2642794 0.2833561 0.4706978 0.0000000 0.4032862 0.2331737 0.0033474 
n244_247   0.4025665 0.3726301 0.3783891 0.3842705 0.3205877 0.4024063 0.3969711 0.3910829 0.4026422 0.3781383 0.3964899 0.3958466 0.3957604 0.4290810 0.3976554 0.3971466 0.4431604 0.4039305 0.3955802 0.3661934 0.4032862 0.0000000 0.3914715 0.4038370 
n274_277   0.0237938 0.2425121 0.2277915 0.2281179 0.3802061 0.0272837 0.2481518 0.2433364 0.0558099 0.2374858 0.0203446 0.2374285 0.2384835 0.2381561 0.2384224 0.0630790 0.2784020 0.2190251 0.2417392 0.4299330 0.2331737 0.3914715 0.0000000 0.2331700 
n294_297   0.2283003 0.0669716 0.0632546 0.0559440 0.4445803 0.2234345 0.0169390 0.0135186 0.2187727 0.0632245 0.2235764 0.2737362 0.1137478 0.2899535 0.0169605 0.2280196 0.1638176 0.2692522 0.2782358 0.4713615 0.0033474 0.4038370 0.2331700 0.0000000 
