27
n280_325   0.0000000 0.2674156 0.2670651 0.2578171 0.3014181 0.2871662 0.0033334 0.0664888 0.2478355 0.2418411 0.2623950 0.2922433 0.0592227 0.2767842 0.4085276 0.3072498 0.2669607 0.3070995 0.2623778 0.2670023 0.2577227 0.3023307 0.3566914 0.4034925 0.0271687 0.2466528 0.0066846 
n294_341   0.2674156 0.0000000 0.0520289 0.0168973 0.2716024 0.2474177 0.2624590 0.2672760 0.0853720 0.2374574 0.0203197 0.2522146 0.2626706 0.0592366 0.3791052 0.2720803 0.0520094 0.2924183 0.0237709 0.0448193 0.0067049 0.1700771 0.3351377 0.3685765 0.2774765 0.2422445 0.2674466 
n287_334   0.2670651 0.0520289 0.0000000 0.0484516 0.2868610 0.2526841 0.2621161 0.2720396 0.1046439 0.2425797 0.0520270 0.2575235 0.2674100 0.0134791 0.3969357 0.2873709 0.0067080 0.3133023 0.0556521 0.0203255 0.0448761 0.1745087 0.3466005 0.3980260 0.2771102 0.2474089 0.2670960 
n275_320   0.2578171 0.0168973 0.0484516 0.0000000 0.2667684 0.2427363 0.2529252 0.2576820 0.0816239 0.2328460 0.0168967 0.2475029 0.2531271 0.0556262 0.3735108 0.2672365 0.0448456 0.2924162 0.0203310 0.0412799 0.0100919 0.1658672 0.3298553 0.3630510 0.2677446 0.2376023 0.2578467 
n285_330   0.3014181 0.2716024 0.2868610 0.2667684 0.0000000 0.2190719 0.2962336 0.3013967 0.2617478 0.2002821 0.2521281 0.2236762 0.2914610 0.2918463 0.4022747 0.1404578 0.2867484 0.1571429 0.2570321 0.2765298 0.2618738 0.2565447 0.3799494 0.4151944 0.3228313 0.1958409 0.3014539 
n285_332   0.2871662 0.2474177 0.2526841 0.2427363 0.2190719 0.0000000 0.2820712 0.2870684 0.2286747 0.1285507 0.2332912 0.0033451 0.2872932 0.2622239 0.4100799 0.2058351 0.2525854 0.2193701 0.2380648 0.2425529 0.2380014 0.2669000 0.4047929 0.3925961 0.3027906 0.1285094 0.2871999 
n292_339   0.0033334 0.2624590 0.2621161 0.2529252 0.2962336 0.2820712 0.0000000 0.0628166 0.2430181 0.2370841 0.2574752 0.2871115 0.0555873 0.2717689 0.4024788 0.3073350 0.2620137 0.3071846 0.2574584 0.2620545 0.2528328 0.2971267 0.3510647 0.3974767 0.0237103 0.2418619 0.0033337 
n277_322   0.0664888 0.2672760 0.2720396 0.2576820 0.3013967 0.2870684 0.0628166 0.0000000 0.2477539 0.2468396 0.2622578 0.2921440 0.0306922 0.2818268 0.3962537 0.3022400 0.2719331 0.3020924 0.2622407 0.2719757 0.2575876 0.2920354 0.3343892 0.3970053 0.0776750 0.2516908 0.0664954 
n236_273   0.2478355 0.0853720 0.1046439 0.0816239 0.2617478 0.2286747 0.2430181 0.2477539 0.0000000 0.2005822 0.0816252 0.2333485 0.2432576 0.1124076 0.3451541 0.2622055 0.1046042 0.2871921 0.0854229 0.0968068 0.0778684 0.1573903 0.3194641 0.3403596 0.2576093 0.2051145 0.2478637 
n265_310   0.2418411 0.2374574 0.2425797 0.2328460 0.2002821 0.1285507 0.2370841 0.2468396 0.2005822 0.0000000 0.2235463 0.1325949 0.2422277 0.2472717 0.3672241 0.1829472 0.2424853 0.2051477 0.2282443 0.2329067 0.2281839 0.2568996 0.3624132 0.3682138 0.2564058 0.0134634 0.2418684 
n298_345   0.2623950 0.0203197 0.0520270 0.0168967 0.2521281 0.2332912 0.2574752 0.2622578 0.0816252 0.2235463 0.0000000 0.2379947 0.2576816 0.0592343 0.3618780 0.2572585 0.0520074 0.2820635 0.0033460 0.0448176 0.0134841 0.1657428 0.3295922 0.3515709 0.2723799 0.2282384 0.2624252 
n286_333   0.2922433 0.2522146 0.2575235 0.2475029 0.2236762 0.0033451 0.2871115 0.2921440 0.2333485 0.1325949 0.2379947 0.0000000 0.2923732 0.2671260 0.4161233 0.2103613 0.2574229 0.2239818 0.2428012 0.2473155 0.2427363 0.2718317 0.4107992 0.3984993 0.3079834 0.1325522 0.2922778 
n278_323   0.0592227 0.2626706 0.2674100 0.2531271 0.2914610 0.2872932 0.0555873 0.0306922 0.2432576 0.2422277 0.2576816 0.2923732 0.0000000 0.2771445 0.3965763 0.2870044 0.2673053 0.2868653 0.2576648 0.2673471 0.2530345 0.2872929 0.3401562 0.3916045 0.0665641 0.2421429 0.0592286 
n290_337   0.2767842 0.0592366 0.0134791 0.0556262 0.2918463 0.2622239 0.2717689 0.2818268 0.1124076 0.2472717 0.0592343 0.2671260 0.2771445 0.0000000 0.4085345 0.2923666 0.0134741 0.3184782 0.0628971 0.0272202 0.0520157 0.1830633 0.3633280 0.4096636 0.2869660 0.2521328 0.2768164 
n255_296   0.4085276 0.3791052 0.3969357 0.3735108 0.4022747 0.4100799 0.4024788 0.3962537 0.3451541 0.3672241 0.3618780 0.4161233 0.3965763 0.4085345 0.0000000 0.4152140 0.3967759 0.4402656 0.3618535 0.3908113 0.3678242 0.4026747 0.3559807 0.0628603 0.4088311 0.3789887 0.4085814 
n266_309   0.3072498 0.2720803 0.2873709 0.2672365 0.1404578 0.2058351 0.3073350 0.3022400 0.2622055 0.1829472 0.2572585 0.2103613 0.2870044 0.2923666 0.4152140 0.0000000 0.2872580 0.0307997 0.2622042 0.2622760 0.2623320 0.2430213 0.3804333 0.4225700 0.3233424 0.1828860 0.3126506 
n289_336   0.2669607 0.0520094 0.0067080 0.0448456 0.2867484 0.2525854 0.2620137 0.2719331 0.1046042 0.2424853 0.0520074 0.2574229 0.2673053 0.0134741 0.3967759 0.2872580 0.0000000 0.3131785 0.0556313 0.0203179 0.0448593 0.1744417 0.3522356 0.3978654 0.2770016 0.2473126 0.2669915 
n265_308   0.3070995 0.2924183 0.3133023 0.2924162 0.1571429 0.2193701 0.3071846 0.3020924 0.2871921 0.2051477 0.2820635 0.2239818 0.2868653 0.3184782 0.4402656 0.0307997 0.3131785 0.0000000 0.2871931 0.2872712 0.2873346 0.2673329 0.4039704 0.4415223 0.3231828 0.2050779 0.3018462 
n297_344   0.2623778 0.0237709 0.0556521 0.0203310 0.2570321 0.2380648 0.2574584 0.2622407 0.0854229 0.2282443 0.0033460 0.2428012 0.2576648 0.0628971 0.3618535 0.2622042 0.0556313 0.2871931 0.0000000 0.0484011 0.0169007 0.1700531 0.3295701 0.3515471 0.2723620 0.2329699 0.2624081 
n295_342   0.2670023 0.0448193 0.0203255 0.0412799 0.2765298 0.2425529 0.2620545 0.2719757 0.0968068 0.2329067 0.0448176 0.2473155 0.2673471 0.0272202 0.3908113 0.2622760 0.0203179 0.2872712 0.0484011 0.0000000 0.0377443 0.1573150 0.3353533 0.3918805 0.2770451 0.2376645 0.2670332 
n293_340   0.2577227 0.0067049 0.0448761 0.0100919 0.2618738 0.2380014 0.2528328 0.2575876 0.0778684 0.2281839 0.0134841 0.2427363 0.2530345 0.0520157 0.3678242 0.2623320 0.0448593 0.2873346 0.0169007 0.0377443 0.0000000 0.1616261 0.3244935 0.3574362 0.2676459 0.2329080 0.2577522 
n200_231   0.3023307 0.1700771 0.1745087 0.1658672 0.2565447 0.2669000 0.2971267 0.2920354 0.1573903 0.2568996 0.1657428 0.2718317 0.2872929 0.1830633 0.4026747 0.2430213 0.1744417 0.2673329 0.1700531 0.1573150 0.1616261 0.0000000 0.3803768 0.4036672 0.2923277 0.2618295 0.3023666 
n244_281   0.3566914 0.3351377 0.3466005 0.3298553 0.3799494 0.4047929 0.3510647 0.3343892 0.3194641 0.3624132 0.3295922 0.4107992 0.3401562 0.3633280 0.3559807 0.3804333 0.3522356 0.4039704 0.3295701 0.3353533 0.3244935 0.3803768 0.0000000 0.3569673 0.3458276 0.3681666 0.3567361 
n251_292   0.4034925 0.3685765 0.3980260 0.3630510 0.4151944 0.3925961 0.3974767 0.3970053 0.3403596 0.3682138 0.3515709 0.3984993 0.3916045 0.4096636 0.0628603 0.4225700 0.3978654 0.4415223 0.3515471 0.3918805 0.3574362 0.4036672 0.3569673 0.0000000 0.4037919 0.3800188 0.4035455 
n274_319   0.0271687 0.2774765 0.2771102 0.2677446 0.3228313 0.3027906 0.0237103 0.0776750 0.2576093 0.2564058 0.2723799 0.3079834 0.0665641 0.2869660 0.4088311 0.3233424 0.2770016 0.3231828 0.2723620 0.2770451 0.2676459 0.2923277 0.3458276 0.4037919 0.0000000 0.2613239 0.0271713 
n266_311   0.2466528 0.2422445 0.2474089 0.2376023 0.1958409 0.1285094 0.2418619 0.2516908 0.2051145 0.0134634 0.2282384 0.1325522 0.2421429 0.2521328 0.3789887 0.1828860 0.2473126 0.2050779 0.2329699 0.2376645 0.2329080 0.2618295 0.3681666 0.3800188 0.2613239 0.0000000 0.2466807 
n299_346   0.0066846 0.2674466 0.2670960 0.2578467 0.3014539 0.2871999 0.0033337 0.0664954 0.2478637 0.2418684 0.2624252 0.2922778 0.0592286 0.2768164 0.4085814 0.3126506 0.2669915 0.3018462 0.2624081 0.2670332 0.2577522 0.3023666 0.3567361 0.4035455 0.0271713 0.2466807 0.0000000 
