26
n292_325   0.0000000 0.1058548 2.4635860 2.5697372 1.9731174 2.8961152 2.6289710 3.3211290 2.0038721 2.6487328 2.4677707 2.6087359 2.1845362 0.4584898 0.0787053 2.5736570 2.1709045 2.2667489 0.0561255 2.4952058 0.0524933 2.7278084 2.3706430 3.6023177 2.7180453 0.4877939 
n274_307   0.1058548 0.0000000 2.3053708 2.5061755 2.1400559 2.9261412 2.6192454 2.8912208 2.1191563 2.7943078 2.6195764 2.5943061 2.2009458 0.4162778 0.0937895 2.3356141 2.3517946 2.0400699 0.1054898 2.7618441 0.1055673 2.6068995 2.6868027 3.5115680 2.7804192 0.4798251 
n298_331   2.4635860 2.3053708 0.0000000 1.8372378 2.9791264 4.4413509 0.1945319 2.6203565 3.2960409 0.3047457 0.7574219 0.2221990 0.9394867 2.8464249 2.6918587 0.0523859 0.3620610 1.9648124 2.2670240 0.3495978 2.3914079 0.1808038 0.3681049 3.2559343 0.3038393 2.7756521 
n265_298   2.5697372 2.5061755 1.8372378 0.0000000 1.0970357 2.9863037 1.8174211 2.7424463 1.1091679 2.0728162 2.2813069 1.7974183 2.2954090 3.0811732 2.4607762 1.6643433 2.1736965 0.1952855 2.4277348 2.1788526 2.5682545 1.8811239 2.1145826 5.2488816 1.8970417 2.9091737 
n286_319   1.9731174 2.1400559 2.9791264 1.0970357 0.0000000 2.9171065 3.4463751 4.0383790 0.0667658 2.7572056 2.3291605 3.0411836 4.2690927 2.0193756 1.9704717 3.1040716 2.7785564 1.1998390 1.9670468 3.1574002 2.0120549 2.8118488 2.8019888 3.6360381 2.8986086 2.1734581 
n251_284   2.8961152 2.9261412 4.4413509 2.9863037 2.9171065 0.0000000 2.4333243 0.2915053 2.8120833 2.4377100 2.4998610 2.4906712 3.2813482 4.5165447 2.8109089 3.4298553 2.6402150 3.6108468 2.5440561 2.6039488 2.3867138 2.8834109 2.8780281 3.2567030 2.4162796 2.8916308 
n293_326   2.6289710 2.6192454 0.1945319 1.8174211 3.4463751 2.4333243 0.0000000 2.2066684 3.4522910 0.2614661 0.7662478 0.0202936 1.0182452 3.1947254 2.8235772 0.1855982 0.3153805 1.8642301 2.3586621 0.2929149 2.4852523 0.1332574 0.3096007 3.6681202 0.2766257 3.3215705 
n255_288   3.3211290 2.8912208 2.6203565 2.7424463 4.0383790 0.2915053 2.2066684 0.0000000 4.5197790 2.5301149 2.7591149 2.1523693 3.0873732 5.1708592 2.9646768 2.3492254 2.7178120 2.9060098 2.9274176 2.8019545 2.7947598 2.3740512 2.9987935 4.2944292 2.6212578 3.6428515 
n285_318   2.0038721 2.1191563 3.2960409 1.1091679 0.0667658 2.8120833 3.4522910 4.5197790 0.0000000 2.5420917 2.1741671 3.1613386 4.9967159 1.9372910 2.0010147 3.4638636 2.4887664 1.1771006 2.0741256 2.6952927 2.0840695 2.7784559 2.4402481 3.3617004 2.6482543 2.0796590 
n295_328   2.6487328 2.7943078 0.3047457 2.0728162 2.7572056 2.4377100 0.2614661 2.5301149 2.5420917 0.0000000 0.6332674 0.2766241 0.9992330 2.9096115 2.8786389 0.2993072 0.1375503 2.0605656 2.4353589 0.1207041 2.5840187 0.2658365 0.1291147 2.6880092 0.0412658 3.2448646 
n236_265   2.4677707 2.6195764 0.7574219 2.2813069 2.3291605 2.4998610 0.7662478 2.7591149 2.1741671 0.6332674 0.0000000 0.7778713 1.4082290 3.3983121 2.4011721 0.7449847 0.6687795 2.6608020 2.2891934 0.6589609 2.4655807 0.7420662 0.6693208 2.8454984 0.5972578 4.1128155 
n294_327   2.6087359 2.5943061 0.2221990 1.7974183 3.0411836 2.4906712 0.0202936 2.1523693 3.1613386 0.2766241 0.7778713 0.0000000 1.0439111 3.0953401 2.8801530 0.2128980 0.3318667 1.8430744 2.3391567 0.3088230 2.4632792 0.1499177 0.3259364 3.3537321 0.2921261 3.2134224 
n200_225   2.1845362 2.2009458 0.9394867 2.2954090 4.2690927 3.2813482 1.0182452 3.0873732 4.9967159 0.9992330 1.4082290 1.0439111 0.0000000 2.5498095 2.2332401 0.9463047 1.0629432 2.3716440 1.9942731 1.1234988 2.0392067 1.0055501 1.0779663 3.0317163 1.0134323 3.6292822 
n277_310   0.4584898 0.4162778 2.8464249 3.0811732 2.0193756 4.5165447 3.1947254 5.1708592 1.9372910 2.9096115 3.3983121 3.0953401 2.5498095 0.0000000 0.4186170 2.9636106 3.1846634 2.4055840 0.4709814 3.7013152 0.4570265 3.2692812 3.6890978 2.8501609 3.1061138 0.1299293 
n280_313   0.0787053 0.0937895 2.6918587 2.4607762 1.9704717 2.8109089 2.8235772 2.9646768 2.0010147 2.8786389 2.4011721 2.8801530 2.2332401 0.4186170 0.0000000 2.6574798 2.3661177 2.1743030 0.0822874 2.7710126 0.0785181 2.9295302 2.6941999 3.3657780 3.0646183 0.4820636 
n297_330   2.5736570 2.3356141 0.0523859 1.6643433 3.1040716 3.4298553 0.1855982 2.3492254 3.4638636 0.2993072 0.7449847 0.2128980 0.9463047 2.9636106 2.6574798 0.0000000 0.3619737 1.8424760 2.3060791 0.3438734 2.4356696 0.1853387 0.3681835 3.3538217 0.3092628 2.7915499 
n287_320   2.1709045 2.3517946 0.3620610 2.1736965 2.7785564 2.6402150 0.3153805 2.7178120 2.4887664 0.1375503 0.6687795 0.3318667 1.0629432 3.1846634 2.3661177 0.3619737 0.0000000 2.0651458 2.0814186 0.0484569 2.1764077 0.2931932 0.0558484 2.7593354 0.1456240 3.3827072 
n266_299   2.2667489 2.0400699 1.9648124 0.1952855 1.1998390 3.6108468 1.8642301 2.9060098 1.1771006 2.0605656 2.6608020 1.8430744 2.3716440 2.4055840 2.1743030 1.8424760 2.0651458 0.0000000 2.0648906 2.2149529 2.1631857 1.9277161 2.1091650 4.0829617 1.9311631 2.3218157 
n299_332   0.0561255 0.1054898 2.2670240 2.4277348 1.9670468 2.5440561 2.3586621 2.9274176 2.0741256 2.4353589 2.2891934 2.3391567 1.9942731 0.4709814 0.0822874 2.3060791 2.0814186 2.0648906 0.0000000 2.3793760 0.0169450 2.4866987 2.2664194 3.4376127 2.4984699 0.5095953 
n290_323   2.4952058 2.7618441 0.3495978 2.1788526 3.1574002 2.6039488 0.2929149 2.8019545 2.6952927 0.1207041 0.6589609 0.3088230 1.1234988 3.7013152 2.7710126 0.3438734 0.0484569 2.2149529 2.3793760 0.0000000 2.5061865 0.2660347 0.0341685 3.2574525 0.1285704 4.3711230 
n300_333   0.0524933 0.1055673 2.3914079 2.5682545 2.0120549 2.3867138 2.4852523 2.7947598 2.0840695 2.5840187 2.4655807 2.4632792 2.0392067 0.4570265 0.0785181 2.4356696 2.1764077 2.1631857 0.0169450 2.5061865 0.0000000 2.5068986 2.3790941 3.1081632 2.6563890 0.5168067 
n275_308   2.7278084 2.6068995 0.1808038 1.8811239 2.8118488 2.8834109 0.1332574 2.3740512 2.7784559 0.2658365 0.7420662 0.1499177 1.0055501 3.2692812 2.9295302 0.1853387 0.2931932 1.9277161 2.4866987 0.2660347 2.5068986 0.0000000 0.2821004 2.8289647 0.2707659 3.3840849 
n289_322   2.3706430 2.6868027 0.3681049 2.1145826 2.8019888 2.8780281 0.3096007 2.9987935 2.4402481 0.1291147 0.6693208 0.3259364 1.0779663 3.6890978 2.6941999 0.3681835 0.0558484 2.1091650 2.2664194 0.0341685 2.3790941 0.2821004 0.0000000 2.8554117 0.1370952 3.7364251 
n244_275   3.6023177 3.5115680 3.2559343 5.2488816 3.6360381 3.2567030 3.6681202 4.2944292 3.3617004 2.6880092 2.8454984 3.3537321 3.0317163 2.8501609 3.3657780 3.3538217 2.7593354 4.0829617 3.4376127 3.2574525 3.1081632 2.8289647 2.8554117 0.0000000 2.7550694 2.7283643 
n296_329   2.7180453 2.7804192 0.3038393 1.8970417 2.8986086 2.4162796 0.2766257 2.6212578 2.6482543 0.0412658 0.5972578 0.2921261 1.0134323 3.1061138 3.0646183 0.3092628 0.1456240 1.9311631 2.4984699 0.1285704 2.6563890 0.2707659 0.1370952 2.7550694 0.0000000 3.6878979 
n278_311   0.4877939 0.4798251 2.7756521 2.9091737 2.1734581 2.8916308 3.3215705 3.6428515 2.0796590 3.2448646 4.1128155 3.2134224 3.6292822 0.1299293 0.4820636 2.7915499 3.3827072 2.3218157 0.5095953 4.3711230 0.5168067 3.3840849 3.7364251 2.7283643 3.6878979 0.0000000 
