25
n287_288   0.0000000 0.0033398 0.0775316 0.2849848 0.3137797 0.3236241 0.2726873 0.2828084 0.0376710 0.2827979 0.2828840 0.0134730 0.0375992 0.0446720 0.0067002 0.3145147 0.4497223 0.0067076 0.2979909 0.3443071 0.0446972 0.2825257 0.1158407 0.2849194 0.4307349 
n290_291   0.0033398 0.0000000 0.0737949 0.2899786 0.3189526 0.3288586 0.2775648 0.2877580 0.0411950 0.2877475 0.2878351 0.0168808 0.0411164 0.0482254 0.0100737 0.3197019 0.4560160 0.0100848 0.3030453 0.3496853 0.0482526 0.2874692 0.1197759 0.2899124 0.4368627 
n236_237   0.0775316 0.0737949 0.0000000 0.3049810 0.3335122 0.3440250 0.2826671 0.2929442 0.1042442 0.2929336 0.2876286 0.0927057 0.1040432 0.1079769 0.0850785 0.3343002 0.5032952 0.0851723 0.3278250 0.3667449 0.1080405 0.2926487 0.1395897 0.3049123 0.4751762 
n278_279   0.2849848 0.2899786 0.3049810 0.0000000 0.2365049 0.2557748 0.0702088 0.0778367 0.3212841 0.0739754 0.0814828 0.2998975 0.3206433 0.3196016 0.2952794 0.2370372 0.4372730 0.2956057 0.2553660 0.3259785 0.3198167 0.0813923 0.2786704 0.0134713 0.4180907 
n285_286   0.3137797 0.3189526 0.3335122 0.2365049 0.0000000 0.1399628 0.2167519 0.2255529 0.3296685 0.2304291 0.2304994 0.3294381 0.3404439 0.3289739 0.3244651 0.0101262 0.4569491 0.3191449 0.1358413 0.3238824 0.3345973 0.2213649 0.3067050 0.2364485 0.4311989 
n265_266   0.3236241 0.3288586 0.3440250 0.2557748 0.1399628 0.0000000 0.2405365 0.2496288 0.3617509 0.2547086 0.2547865 0.3453147 0.3610287 0.3547613 0.3344441 0.1443610 0.4581680 0.3348117 0.0446547 0.3241155 0.3550039 0.2544690 0.3227768 0.2557147 0.3962637 
n280_281   0.2726873 0.2775648 0.2826671 0.0702088 0.2167519 0.2405365 0.0000000 0.0168842 0.3081107 0.0100794 0.0168887 0.2872589 0.3075015 0.3019667 0.2827326 0.2172321 0.4222239 0.2830429 0.2401570 0.3037696 0.3021667 0.0168708 0.2814389 0.0775367 0.4110306 
n299_300   0.2828084 0.2877580 0.2929442 0.0778367 0.2255529 0.2496288 0.0168842 0.0000000 0.3187781 0.0203282 0.0067014 0.2975900 0.3181462 0.3125117 0.2930101 0.2260544 0.4165343 0.2933319 0.2492330 0.2986906 0.3127201 0.0066943 0.2916573 0.0852542 0.4054134 
n293_294   0.0376710 0.0411950 0.1042442 0.3212841 0.3296685 0.3617509 0.3081107 0.3187781 0.0000000 0.3187671 0.3188638 0.0519491 0.0272441 0.0342350 0.0447714 0.3304483 0.4633128 0.0448205 0.3451000 0.3608514 0.0342541 0.3184493 0.1399831 0.3212129 0.4439355 
n274_275   0.2827979 0.2877475 0.2929336 0.0739754 0.2304291 0.2547086 0.0100794 0.0203282 0.3187671 0.0000000 0.0203336 0.2975793 0.3181352 0.3125007 0.2883702 0.2309434 0.4217456 0.2933213 0.2543030 0.2992887 0.3127092 0.0203120 0.2916467 0.0813444 0.4105688 
n292_293   0.2828840 0.2878351 0.2876286 0.0814828 0.2304994 0.2547865 0.0168887 0.0067014 0.3188638 0.0203336 0.0000000 0.2976697 0.3182316 0.3125954 0.2930887 0.2310139 0.4232719 0.2934106 0.2543807 0.2937015 0.3128040 0.0066965 0.2917351 0.0889257 0.4120470 
n296_297   0.0134730 0.0168808 0.0927057 0.2998975 0.3294381 0.3453147 0.2872589 0.2975900 0.0519491 0.2975793 0.2976697 0.0000000 0.0518502 0.0590805 0.0203206 0.3302167 0.4759532 0.0066938 0.3189060 0.3666162 0.0591140 0.2972890 0.1280256 0.2998298 0.4562563 
n275_276   0.0375992 0.0411164 0.1040432 0.3206433 0.3404439 0.3610287 0.3075015 0.3181462 0.0272441 0.3181352 0.3182316 0.0518502 0.0000000 0.0341699 0.0446861 0.3412547 0.4680437 0.0447352 0.3444134 0.3720801 0.0341890 0.3178186 0.1438385 0.3205722 0.4485894 
n297_298   0.0446720 0.0482254 0.1079769 0.3196016 0.3289739 0.3547613 0.3019667 0.3125117 0.0342350 0.3125007 0.3125954 0.0590805 0.0341699 0.0000000 0.0518374 0.3297506 0.4687640 0.0518942 0.3383216 0.3769393 0.0135016 0.3121919 0.1477107 0.3195309 0.4557026 
n289_290   0.0067002 0.0100737 0.0850785 0.2952794 0.3244651 0.3344441 0.2827326 0.2930101 0.0447714 0.2883702 0.2930887 0.0203206 0.0446861 0.0518374 0.0000000 0.3252304 0.4628303 0.0134884 0.3084200 0.3504622 0.0518667 0.2927145 0.1238360 0.2952123 0.4434855 
n286_287   0.3145147 0.3197019 0.3343002 0.2370372 0.0101262 0.1443610 0.2172321 0.2260544 0.3304483 0.2309434 0.2310139 0.3302167 0.3412547 0.3297506 0.3252304 0.0000000 0.4703441 0.3198950 0.1402044 0.3193126 0.3353904 0.2218567 0.3074170 0.2369805 0.4447420 
n255_256   0.4497223 0.4560160 0.5032952 0.4372730 0.4569491 0.4581680 0.4222239 0.4165343 0.4633128 0.4217456 0.4232719 0.4759532 0.4680437 0.4687640 0.4628303 0.4703441 0.0000000 0.4633485 0.4698391 0.3141418 0.4757263 0.4226756 0.4504116 0.4428514 0.0625963 
n295_296   0.0067076 0.0100848 0.0851723 0.2956057 0.3191449 0.3348117 0.2830429 0.2933319 0.0448205 0.2933213 0.2934106 0.0066938 0.0447352 0.0518942 0.0134884 0.3198950 0.4633485 0.0000000 0.3087589 0.3558298 0.0519235 0.2930358 0.1239724 0.2955385 0.4439809 
n266_267   0.2979909 0.3030453 0.3278250 0.2553660 0.1358413 0.0446547 0.2401570 0.2492330 0.3451000 0.2543030 0.2543807 0.3189060 0.3444134 0.3383216 0.3084200 0.1402044 0.4698391 0.3087589 0.0000000 0.3444516 0.3338318 0.2540642 0.3070547 0.2553060 0.4183551 
n244_245   0.3443071 0.3496853 0.3667449 0.3259785 0.3238824 0.3241155 0.3037696 0.2986906 0.3608514 0.2992887 0.2937015 0.3666162 0.3720801 0.3769393 0.3504622 0.3193126 0.3141418 0.3558298 0.3444516 0.0000000 0.3722774 0.3038786 0.3483084 0.3259067 0.2985401 
n298_299   0.0446972 0.0482526 0.1080405 0.3198167 0.3345973 0.3550039 0.3021667 0.3127201 0.0342541 0.3127092 0.3128040 0.0591140 0.0341890 0.0135016 0.0518667 0.3353904 0.4757263 0.0519235 0.3338318 0.3722774 0.0000000 0.3123999 0.1477999 0.3197459 0.4560384 
n300_301   0.2825257 0.2874692 0.2926487 0.0813923 0.2213649 0.2544690 0.0168708 0.0066943 0.3184493 0.0203120 0.0066965 0.2972890 0.3178186 0.3121919 0.2927145 0.2218567 0.4226756 0.2930358 0.2540642 0.3038786 0.3123999 0.0000000 0.2913645 0.0888265 0.4114704 
n200_201   0.1158407 0.1197759 0.1395897 0.2786704 0.3067050 0.3227768 0.2814389 0.2916573 0.1399831 0.2916467 0.2917351 0.1280256 0.1438385 0.1477107 0.1238360 0.3074170 0.4504116 0.1239724 0.3070547 0.3483084 0.1477999 0.2913645 0.0000000 0.2786064 0.4430165 
n277_278   0.2849194 0.2899124 0.3049123 0.0134713 0.2364485 0.2557147 0.0775367 0.0852542 0.3212129 0.0813444 0.0889257 0.2998298 0.3205722 0.3195309 0.2952123 0.2369805 0.4428514 0.2955385 0.2553060 0.3259067 0.3197459 0.0888265 0.2786064 0.0000000 0.4235312 
n251_252   0.4307349 0.4368627 0.4751762 0.4180907 0.4311989 0.3962637 0.4110306 0.4054134 0.4439355 0.4105688 0.4120470 0.4562563 0.4485894 0.4557026 0.4434855 0.4447420 0.0625963 0.4439809 0.4183551 0.2985401 0.4560384 0.4114704 0.4430165 0.4235312 0.0000000 
