29
n280_325   0.0000000 0.3489880 0.3597472 0.3592157 0.2648741 0.2558502 0.0100599 0.0884829 0.0168488 0.3717126 0.2466295 0.3592874 0.2652622 0.0811501 0.3708377 0.4623338 0.2656026 0.3766389 0.2795776 0.2509230 0.3648258 0.3539836 0.3263315 0.3959546 0.4685817 0.0168308 0.3595277 0.2463319 0.0168665 
n294_341   0.3489880 0.0000000 0.0342326 0.0168733 0.2853764 0.3118020 0.3438020 0.3053452 0.3548478 0.0816474 0.2916303 0.0168816 0.3113557 0.2958990 0.0412732 0.4318896 0.2810605 0.0448421 0.2903521 0.2710085 0.0237514 0.0237724 0.1484682 0.4094555 0.4379457 0.3433321 0.0272378 0.3067671 0.3497369 
n287_334   0.3597472 0.0342326 0.0000000 0.0447467 0.2952651 0.3327042 0.3544960 0.3154841 0.3656997 0.1045622 0.3119851 0.0447688 0.3376593 0.3059325 0.0067002 0.4694657 0.3063462 0.0100785 0.3003044 0.2907712 0.0483298 0.0100798 0.1651004 0.4273980 0.4758413 0.3540091 0.0134734 0.3169366 0.3605260 
n275_320   0.3592157 0.0168733 0.0447467 0.0000000 0.2948269 0.3268154 0.3485025 0.3150172 0.3596047 0.1005189 0.3011817 0.0271551 0.3317308 0.3054786 0.0518773 0.4494966 0.2853602 0.0554974 0.2998589 0.2752670 0.0341139 0.0341443 0.1564471 0.4205623 0.4684895 0.3534859 0.0376555 0.3164897 0.3544722 
n285_330   0.2648741 0.2853764 0.2952651 0.2948269 0.0000000 0.2269996 0.2602217 0.2262752 0.2651215 0.3112056 0.2136832 0.2948897 0.2360458 0.2269000 0.3054054 0.3828972 0.1524827 0.3106893 0.0100553 0.1400372 0.3051371 0.2900251 0.2552266 0.3333475 0.3946386 0.2647653 0.2901470 0.2179177 0.2604685 
n285_332   0.2558502 0.3118020 0.3327042 0.3268154 0.2269996 0.0000000 0.2512406 0.2361801 0.2609110 0.3228462 0.1529723 0.3216503 0.0066930 0.2182651 0.3323177 0.4374161 0.2369641 0.3489889 0.2409520 0.2228631 0.3323126 0.3166000 0.2953341 0.4077245 0.4249911 0.2557453 0.3218723 0.1569362 0.2562728 
n292_339   0.0100599 0.3438020 0.3544960 0.3485025 0.2602217 0.2512406 0.0000000 0.0847744 0.0066939 0.3663738 0.2420669 0.3540427 0.2606015 0.0774693 0.3655145 0.4563455 0.2609347 0.3712764 0.2748396 0.2463430 0.3595451 0.3487722 0.3108157 0.3904329 0.4625472 0.0134401 0.3542807 0.2417757 0.0067009 
n277_322   0.0884829 0.3053452 0.3154841 0.3150172 0.2262752 0.2361801 0.0847744 0.0000000 0.0923310 0.3162278 0.2225397 0.3150829 0.2453324 0.0236420 0.3258972 0.4480088 0.2362585 0.3313301 0.2354722 0.2222089 0.3202829 0.3100929 0.2893350 0.3948756 0.4608596 0.0884497 0.3153007 0.2315186 0.0886060 
n300_347   0.0168488 0.3548478 0.3656997 0.3596047 0.2651215 0.2609110 0.0066939 0.0923310 0.0000000 0.3777858 0.2516240 0.3652316 0.2703943 0.0812129 0.3768917 0.4693253 0.2658515 0.3827479 0.2798419 0.2511551 0.3651488 0.3598806 0.3213351 0.4022819 0.4756394 0.0202594 0.3654749 0.2513190 0.0067008 
n236_273   0.3717126 0.0816474 0.1045622 0.1005189 0.3112056 0.3228462 0.3663738 0.3162278 0.3777858 0.0000000 0.3022419 0.0967047 0.3223807 0.3066035 0.1123477 0.4383207 0.3120745 0.1163326 0.3163637 0.2963476 0.1044336 0.0929412 0.1783180 0.4277687 0.4511029 0.3658665 0.0967813 0.3176093 0.3725271 
n265_310   0.2466295 0.2916303 0.3119851 0.3011817 0.2136832 0.1529723 0.2420669 0.2225397 0.2516240 0.3022419 0.0000000 0.3011859 0.1568952 0.2049177 0.3223913 0.4132214 0.2096617 0.3278197 0.2273997 0.1960869 0.3115536 0.2963256 0.2960314 0.3974194 0.4440361 0.2465287 0.3014569 0.0307775 0.2470339 
n298_345   0.3592874 0.0168816 0.0447688 0.0271551 0.2948897 0.3216503 0.3540427 0.3150829 0.3652316 0.0967047 0.3011859 0.0000000 0.3265366 0.3055430 0.0519030 0.4624846 0.2854695 0.0555250 0.2999224 0.2753715 0.0066925 0.0341611 0.1565413 0.3964094 0.4622344 0.3535569 0.0376741 0.3164927 0.3600643 
n286_333   0.2652622 0.3113557 0.3376593 0.3317308 0.2360458 0.0066930 0.2606015 0.2453324 0.2703943 0.3223807 0.1568952 0.3265366 0.0000000 0.2272208 0.3372663 0.4303973 0.2461538 0.3540421 0.2501652 0.2318773 0.3372627 0.3214580 0.2948814 0.4193007 0.4181095 0.2651530 0.3267609 0.1651926 0.2657039 
n278_323   0.0811501 0.2958990 0.3059325 0.3054786 0.2269000 0.2182651 0.0774693 0.0236420 0.0812129 0.3066035 0.2049177 0.3055430 0.2272208 0.0000000 0.3162298 0.4429419 0.2275019 0.3215992 0.2313166 0.2136011 0.3053744 0.3006060 0.2899293 0.3899746 0.4557266 0.0811198 0.3057561 0.2137108 0.0812639 
n290_337   0.3708377 0.0412732 0.0067002 0.0518773 0.3054054 0.3323177 0.3655145 0.3258972 0.3768917 0.1123477 0.3223913 0.0519030 0.3372663 0.3162298 0.0000000 0.4756333 0.3166650 0.0168744 0.3105138 0.3008645 0.0554989 0.0168766 0.1649250 0.4396639 0.4820611 0.3650095 0.0203031 0.3274062 0.3716483 
n255_296   0.4623338 0.4318896 0.4694657 0.4494966 0.3828972 0.4374161 0.4563455 0.4480088 0.4693253 0.4383207 0.4132214 0.4624846 0.4303973 0.4429419 0.4756333 0.0000000 0.4316883 0.4821978 0.3946219 0.4190864 0.4755203 0.4561756 0.4121324 0.3576528 0.0449983 0.4621257 0.4562913 0.4252436 0.4634345 
n266_309   0.2656026 0.2810605 0.3063462 0.2853602 0.1524827 0.2369641 0.2609347 0.2362585 0.2658515 0.3120745 0.2096617 0.2854695 0.2461538 0.2275019 0.3166650 0.4316883 0.0000000 0.3220458 0.1650360 0.0100915 0.2956001 0.2908206 0.2855798 0.4087366 0.4441183 0.2605940 0.2959093 0.2138861 0.2611829 
n289_336   0.3766389 0.0448421 0.0100785 0.0554974 0.3106893 0.3489889 0.3712764 0.3313301 0.3827479 0.1163326 0.3278197 0.0555250 0.3540421 0.3215992 0.0168744 0.4821978 0.3220458 0.0000000 0.3158355 0.3061222 0.0591405 0.0203091 0.1779095 0.4461008 0.4886832 0.3707619 0.0237541 0.3328693 0.3774666 
n286_331   0.2795776 0.2903521 0.3003044 0.2998589 0.0100553 0.2409520 0.2748396 0.2354722 0.2798419 0.3163637 0.2273997 0.2999224 0.2501652 0.2313166 0.3105138 0.3946219 0.1650360 0.3158355 0.0000000 0.1523635 0.3102412 0.2950261 0.2598587 0.3387953 0.4065644 0.2794619 0.2951504 0.2316981 0.2751025 
n265_308   0.2509230 0.2710085 0.2907712 0.2752670 0.1400372 0.2228631 0.2463430 0.2222089 0.2511551 0.2963476 0.1960869 0.2753715 0.2318773 0.2136011 0.3008645 0.4190864 0.0100915 0.3061222 0.1523635 0.0000000 0.2853558 0.2755902 0.2704634 0.3906469 0.4312921 0.2460240 0.2805693 0.2002461 0.2465751 
n297_344   0.3648258 0.0237514 0.0483298 0.0341139 0.3051371 0.3323126 0.3595451 0.3202829 0.3651488 0.1044336 0.3115536 0.0066925 0.3372627 0.3053744 0.0554989 0.4755203 0.2956001 0.0591405 0.3102412 0.2853558 0.0000000 0.0412005 0.1649486 0.4083197 0.4752644 0.3590503 0.0447497 0.3270776 0.3656185 
n295_342   0.3539836 0.0237724 0.0100798 0.0341443 0.2900251 0.3166000 0.3487722 0.3100929 0.3598806 0.0929412 0.2963256 0.0341611 0.3214580 0.3006060 0.0168766 0.4561756 0.2908206 0.0203091 0.2950261 0.2755902 0.0412005 0.0000000 0.1524423 0.4148387 0.4624301 0.3482949 0.0033422 0.3011799 0.3547456 
n200_231   0.3263315 0.1484682 0.1651004 0.1564471 0.2552266 0.2953341 0.3108157 0.2893350 0.3213351 0.1783180 0.2960314 0.1565413 0.2948814 0.2899293 0.1649250 0.4121324 0.2855798 0.1779095 0.2598587 0.2704634 0.1649486 0.1524423 0.0000000 0.3620085 0.4242561 0.3261935 0.1566154 0.3113403 0.3164373 
n244_281   0.3959546 0.4094555 0.4273980 0.4205623 0.3333475 0.4077245 0.3904329 0.3948756 0.4022819 0.4277687 0.3974194 0.3964094 0.4193007 0.3899746 0.4396639 0.3576528 0.4087366 0.4461008 0.3387953 0.3906469 0.4083197 0.4148387 0.3620085 0.0000000 0.3746518 0.3957810 0.4209093 0.4146205 0.3968454 
n251_292   0.4685817 0.4379457 0.4758413 0.4684895 0.3946386 0.4249911 0.4625472 0.4608596 0.4756394 0.4511029 0.4440361 0.4622344 0.4181095 0.4557266 0.4820611 0.0449983 0.4441183 0.4886832 0.4065644 0.4312921 0.4752644 0.4624301 0.4242561 0.3746518 0.0000000 0.4683703 0.4625479 0.4565790 0.4697034 
n274_319   0.0168308 0.3433321 0.3540091 0.3534859 0.2647653 0.2557453 0.0134401 0.0884497 0.0202594 0.3658665 0.2465287 0.3535569 0.2651530 0.0811198 0.3650095 0.4621257 0.2605940 0.3707619 0.2794619 0.2460240 0.3590503 0.3482949 0.3261935 0.3957810 0.4683703 0.0000000 0.3537944 0.2462313 0.0202808 
n296_343   0.3595277 0.0272378 0.0134734 0.0376555 0.2901470 0.3218723 0.3542807 0.3153007 0.3654749 0.0967813 0.3014569 0.0376741 0.3267609 0.3057561 0.0203031 0.4562913 0.2959093 0.0237541 0.2951504 0.2805693 0.0447497 0.0033422 0.1566154 0.4209093 0.4625479 0.3537944 0.0000000 0.3063420 0.3603054 
n266_311   0.2463319 0.3067671 0.3169366 0.3164897 0.2179177 0.1569362 0.2417757 0.2315186 0.2513190 0.3176093 0.0307775 0.3164927 0.1651926 0.2137108 0.3274062 0.4252436 0.2138861 0.3328693 0.2316981 0.2002461 0.3270776 0.3011799 0.3113403 0.4146205 0.4565790 0.2462313 0.3063420 0.0000000 0.2467353 
n299_346   0.0168665 0.3497369 0.3605260 0.3544722 0.2604685 0.2562728 0.0067009 0.0886060 0.0067008 0.3725271 0.2470339 0.3600643 0.2657039 0.0812639 0.3716483 0.4634345 0.2611829 0.3774666 0.2751025 0.2465751 0.3656185 0.3547456 0.3164373 0.3968454 0.4697034 0.0202808 0.3603054 0.2467353 0.0000000 
