26
n299_300   0.0000000 0.0033478 2.4650821 2.1650310 2.4306923 0.4814094 1.3894283 2.1877960 0.1047295 2.2377607 2.0750540 1.6892276 0.0272973 0.5442039 2.0869250 2.0003062 1.5745739 1.5219071 2.2267406 2.4081732 1.8321141 1.9556511 1.6907830 1.6787892 0.0740228 1.8860676 
n300_301   0.0033478 0.0000000 2.4817553 2.1762262 2.3619889 0.4881211 1.3871427 2.1995241 0.1086464 2.2501693 2.1207209 1.6952400 0.0307889 0.5515052 2.0972344 2.0095124 1.5715606 1.5191056 2.2391519 2.4241326 1.8394523 1.9642862 1.6966965 1.7081615 0.0777587 1.8939036 
n290_291   2.4650821 2.4817553 0.0000000 2.0534944 3.0121437 2.8189204 0.9303260 0.6231109 2.7017064 0.0519909 0.1527565 0.3172325 2.4834391 2.8490403 0.3058361 0.3210671 1.3668876 1.4439225 0.0739425 3.0316449 0.3456928 0.1529132 1.5530332 1.4917190 2.2033304 0.3452876 
n244_245   2.1650310 2.1762262 2.0534944 0.0000000 2.7062578 2.9376104 2.1895034 2.6149107 2.1604509 2.4466446 2.3081839 1.7624369 2.0674464 2.5604800 1.6554777 1.6612915 2.2948566 2.1860035 2.0414227 2.0267704 1.6696370 2.0810343 1.8908059 1.9514516 2.1590054 1.7511548 
n255_256   2.4306923 2.3619889 3.0121437 2.7062578 0.0000000 2.2086633 1.8884304 2.2678486 2.2164535 3.1636999 3.4023173 2.6942902 2.2744209 2.2515250 2.6931383 2.9010114 2.7050077 3.1949393 3.6991538 0.2871282 2.3658249 3.1637325 2.2380574 2.6351511 2.4432227 2.2948502 
n277_278   0.4814094 0.4881211 2.8189204 2.9376104 2.2086633 0.0000000 1.2738034 2.5228332 0.5140569 2.7288043 2.8767865 2.1478896 0.4950072 0.1361084 2.5041234 2.3118573 1.8445543 1.6333016 2.8091860 2.1667407 2.3354645 2.6240550 1.4754259 1.5506912 0.5026780 2.3660101 
n200_201   1.3894283 1.3871427 0.9303260 2.1895034 1.8884304 1.2738034 0.0000000 0.7959977 1.4193504 0.9042838 0.9046782 0.9302565 1.3761298 1.3172188 1.0509503 1.0681408 1.5420819 1.5735358 0.9147845 1.9473997 0.9410981 0.9168291 1.7513262 1.7125937 1.1765174 0.9770612 
n236_237   2.1877960 2.1995241 0.6231109 2.6149107 2.2678486 2.5228332 0.7959977 0.0000000 2.0285411 0.6292671 0.6219468 0.5724443 2.2001566 2.4945477 0.6055785 0.6214430 1.5581008 1.6030140 0.6142217 2.1570944 0.6235718 0.6370646 1.7537382 1.9155959 1.8546563 0.6065521 
n274_275   0.1047295 0.1086464 2.7017064 2.1604509 2.2164535 0.5140569 1.4193504 2.0285411 0.0000000 2.3719359 2.3595842 1.8426614 0.1166905 0.5805146 2.2780609 2.1718914 1.6618079 1.5754222 2.2985237 2.2506229 2.0503555 2.1514596 1.7147691 1.7473088 0.1161213 2.0735643 
n289_290   2.2377607 2.2501693 0.0519909 2.4466446 3.1636999 2.7288043 0.9042838 0.6292671 2.3719359 0.0000000 0.1361860 0.2968431 2.2509843 2.5852334 0.2961616 0.3112180 1.3003909 1.3936165 0.0628823 3.2215159 0.3244419 0.1365845 1.6066267 1.5534140 1.9955089 0.3240708 
n296_297   2.0750540 2.1207209 0.1527565 2.3081839 3.4023173 2.8767865 0.9046782 0.6219468 2.3595842 0.1361860 0.0000000 0.3012180 2.1295555 2.6535858 0.3010352 0.3161852 1.2112318 1.2762926 0.1402027 3.5570706 0.3289556 0.0484306 1.5817637 1.5043050 1.8527089 0.3282435 
n275_276   1.6892276 1.6952400 0.3172325 1.7624369 2.6942902 2.1478896 0.9302565 0.5724443 1.8426614 0.2968431 0.3012180 0.0000000 1.7483035 2.0653770 0.1042521 0.1199665 1.5283684 1.5344421 0.3010743 2.6908425 0.0777484 0.2961002 1.7929031 1.7641317 1.5750326 0.0851993 
n292_293   0.0272973 0.0307889 2.4834391 2.0674464 2.2744209 0.4950072 1.3761298 2.2001566 0.1166905 2.2509843 2.1295555 1.7483035 0.0000000 0.5443740 2.1807487 2.0854314 1.6101381 1.6194051 2.1905835 2.1917011 1.9021693 2.0026125 1.6400458 1.6277778 0.0817084 1.9600619 
n278_279   0.5442039 0.5515052 2.8490403 2.5604800 2.2515250 0.1361084 1.3172188 2.4945477 0.5805146 2.5852334 2.6535858 2.0653770 0.5443740 0.0000000 2.5539575 2.3501085 1.7591865 1.6473783 2.6502178 2.2171913 2.3683191 2.3212548 1.4730555 1.4620846 0.5683027 2.4482410 
n298_299   2.0869250 2.0972344 0.3058361 1.6554777 2.6931383 2.5041234 1.0509503 0.6055785 2.2780609 0.2961616 0.3010352 0.1042521 2.1807487 2.5539575 0.0000000 0.0237355 1.5269041 1.5329827 0.3113511 2.4926811 0.1202518 0.3064428 1.7292532 1.6573172 1.9507725 0.1241592 
n297_298   2.0003062 2.0095124 0.3210671 1.6612915 2.9010114 2.3118573 1.0681408 0.6214430 2.1718914 0.3112180 0.3161852 0.1199665 2.0854314 2.3501085 0.0237355 0.0000000 1.5186638 1.5581587 0.3163552 2.5978325 0.1363771 0.3217084 1.7727823 1.6976754 1.8403871 0.1403651 
n286_287   1.5745739 1.5715606 1.3668876 2.2948566 2.7050077 1.8445543 1.5420819 1.5581008 1.6618079 1.3003909 1.2112318 1.5283684 1.6101381 1.7591865 1.5269041 1.5186638 0.0000000 0.0778224 1.3011177 3.3035285 1.5860654 1.2260927 0.9370768 0.9283501 1.5493591 1.5319502 
n285_286   1.5219071 1.5191056 1.4439225 2.1860035 3.1949393 1.6333016 1.5735358 1.6030140 1.5754222 1.3936165 1.2762926 1.5344421 1.6194051 1.6473783 1.5329827 1.5581587 0.0778224 0.0000000 1.3695393 3.9673539 1.5925782 1.2486142 0.8967338 0.9470553 1.5519110 1.5138099 
n287_288   2.2267406 2.2391519 0.0739425 2.0414227 3.6991538 2.8091860 0.9147845 0.6142217 2.2985237 0.0628823 0.1402027 0.3010743 2.1905835 2.6502178 0.3113511 0.3163552 1.3011177 1.3695393 0.0000000 3.4790172 0.3183687 0.1444991 1.5626003 1.4863034 2.0164607 0.3180077 
n251_252   2.4081732 2.4241326 3.0316449 2.0267704 0.2871282 2.1667407 1.9473997 2.1570944 2.2506229 3.2215159 3.5570706 2.6908425 2.1917011 2.2171913 2.4926811 2.5978325 3.3035285 3.9673539 3.4790172 0.0000000 2.4370152 3.0072003 2.4309732 2.6824797 2.4056845 2.2557384 
n294_295   1.8321141 1.8394523 0.3456928 1.6696370 2.3658249 2.3354645 0.9410981 0.6235718 2.0503555 0.3244419 0.3289556 0.0777484 1.9021693 2.3683191 0.1202518 0.1363771 1.5860654 1.5925782 0.3183687 2.4370152 0.0000000 0.3236142 1.9217116 1.8768062 1.7027921 0.0341258 
n295_296   1.9556511 1.9642862 0.1529132 2.0810343 3.1637325 2.6240550 0.9168291 0.6370646 2.1514596 0.1365845 0.0484306 0.2961002 2.0026125 2.3212548 0.3064428 0.3217084 1.2260927 1.2486142 0.1444991 3.0072003 0.3236142 0.0000000 1.6202039 1.6225050 1.7270034 0.3281514 
n266_267   1.6907830 1.6966965 1.5530332 1.8908059 2.2380574 1.4754259 1.7513262 1.7537382 1.7147691 1.6066267 1.5817637 1.7929031 1.6400458 1.4730555 1.7292532 1.7727823 0.9370768 0.8967338 1.5626003 2.4309732 1.9217116 1.6202039 0.0000000 0.1562833 1.6613475 1.7840891 
n265_266   1.6787892 1.7081615 1.4917190 1.9514516 2.6351511 1.5506912 1.7125937 1.9155959 1.7473088 1.5534140 1.5043050 1.7641317 1.6277778 1.4620846 1.6573172 1.6976754 0.9283501 0.9470553 1.4863034 2.6824797 1.8768062 1.6225050 0.1562833 0.0000000 1.7043582 1.7474873 
n280_281   0.0740228 0.0777587 2.2033304 2.1590054 2.4432227 0.5026780 1.1765174 1.8546563 0.1161213 1.9955089 1.8527089 1.5750326 0.0817084 0.5683027 1.9507725 1.8403871 1.5493591 1.5519110 2.0164607 2.4056845 1.7027921 1.7270034 1.6613475 1.7043582 0.0000000 1.7542414 
n293_294   1.8860676 1.8939036 0.3452876 1.7511548 2.2948502 2.3660101 0.9770612 0.6065521 2.0735643 0.3240708 0.3282435 0.0851993 1.9600619 2.4482410 0.1241592 0.1403651 1.5319502 1.5138099 0.3180077 2.2557384 0.0341258 0.3281514 1.7840891 1.7474873 1.7542414 0.0000000 
