17
n298_255   0.0000000 0.0410735 0.3841073 0.0134517 0.3894590 0.1391818 0.0168333 0.0446193 0.3307070 0.3951309 0.3157336 0.3001803 0.0770998 0.0066950 0.0340560 0.3159152 0.3051044 
n290_247   0.0410735 0.0000000 0.3616530 0.0340794 0.3670201 0.1350499 0.0375305 0.0202666 0.3048454 0.3614798 0.2903552 0.2753566 0.0733568 0.0340808 0.0066903 0.2905212 0.2801201 
n251_214   0.3841073 0.3616530 0.0000000 0.3785955 0.3614867 0.3300547 0.3836094 0.3725653 0.3954287 0.0518330 0.3960483 0.3678218 0.3611355 0.3732041 0.3615544 0.3904899 0.3731944 
n294_251   0.0134517 0.0340794 0.3785955 0.0000000 0.3839102 0.1312150 0.0100574 0.0375903 0.3204936 0.3895405 0.3057044 0.2903638 0.0697740 0.0066978 0.0271276 0.3058800 0.2952266 
n244_211   0.3894590 0.3670201 0.3614867 0.3839102 0.0000000 0.3845026 0.3889535 0.3672154 0.3569609 0.3723520 0.3631814 0.3360306 0.3883429 0.3784842 0.3614642 0.3523246 0.3411904 
n200_173   0.1391818 0.1350499 0.3300547 0.1312150 0.3845026 0.0000000 0.1350418 0.1391244 0.2956061 0.3511694 0.2812500 0.2664102 0.1269446 0.1312214 0.1270396 0.2814109 0.2711286 
n275_234   0.0168333 0.0375305 0.3836094 0.0100574 0.3889535 0.1350418 0.0000000 0.0410551 0.3251934 0.3946164 0.3103330 0.2949084 0.0733520 0.0100578 0.0305532 0.3105112 0.2997950 
n296_253   0.0446193 0.0202666 0.3725653 0.0375903 0.3672154 0.1391244 0.0410551 0.0000000 0.3202695 0.3723853 0.3054918 0.2901636 0.0770695 0.0375918 0.0134447 0.3056671 0.2950226 
n274_233   0.3307070 0.3048454 0.3954287 0.3204936 0.3569609 0.2956061 0.3251934 0.3202695 0.0000000 0.3953308 0.0626723 0.0202859 0.3351033 0.3205196 0.3047600 0.0554373 0.0237152 
n255_218   0.3951309 0.3614798 0.0518330 0.3895405 0.3723520 0.3511694 0.3946164 0.3723853 0.3953308 0.0000000 0.3901665 0.3621730 0.3718126 0.3840758 0.3613812 0.3903937 0.3675040 
n277_236   0.3157336 0.2903552 0.3960483 0.3057044 0.3631814 0.2812500 0.3103330 0.3054918 0.0626723 0.3901665 0.0000000 0.0411920 0.3200769 0.3057282 0.2902734 0.0134817 0.0447183 
n299_256   0.3001803 0.2753566 0.3678218 0.2903638 0.3360306 0.2664102 0.2949084 0.2901636 0.0202859 0.3621730 0.0411920 0.0000000 0.3044576 0.2903853 0.2752788 0.0412141 0.0033421 
n236_203   0.0770998 0.0733568 0.3611355 0.0697740 0.3883429 0.1269446 0.0733520 0.0770695 0.3351033 0.3718126 0.3200769 0.3044576 0.0000000 0.0697770 0.0660257 0.3202608 0.3094001 
n297_254   0.0066950 0.0340808 0.3732041 0.0066978 0.3784842 0.1312214 0.0100578 0.0375918 0.3205196 0.3840758 0.3057282 0.2903853 0.0697770 0.0000000 0.0271287 0.3059038 0.2952488 
n287_244   0.0340560 0.0066903 0.3615544 0.0271276 0.3614642 0.1270396 0.0305532 0.0134447 0.3047600 0.3613812 0.2902734 0.2752788 0.0660257 0.0271287 0.0000000 0.2904394 0.2800411 
n278_237   0.3159152 0.2905212 0.3904899 0.3058800 0.3523246 0.2814109 0.3105112 0.3056671 0.0554373 0.3903937 0.0134817 0.0412141 0.3202608 0.3059038 0.2904394 0.0000000 0.0447423 
n280_239   0.3051044 0.2801201 0.3731944 0.2952266 0.3411904 0.2711286 0.2997950 0.2950226 0.0237152 0.3675040 0.0447183 0.0033421 0.3094001 0.2952488 0.2800411 0.0447423 0.0000000 
