23
n255_258   0.0000000 0.4785500 0.4351482 0.4462985 0.4094902 0.4290755 0.3925033 0.4521145 0.2901555 0.4333455 0.4396602 0.4116696 0.4096668 0.4286174 0.0555464 0.4588906 0.4038363 0.3919896 0.3868120 0.4045299 0.4155915 0.3987841 0.3527388 
n278_281   0.4785500 0.0000000 0.3642982 0.0168683 0.3094253 0.3533094 0.3266541 0.1002501 0.4118124 0.0963802 0.0963494 0.3106167 0.3260323 0.3641846 0.4929034 0.1041048 0.3471704 0.3361639 0.3150472 0.3257329 0.3146979 0.3312294 0.2890822 
n289_292   0.4351482 0.3642982 0.0000000 0.3531991 0.2999660 0.0067091 0.3163458 0.3756024 0.3772132 0.3641392 0.3640017 0.1201752 0.3370263 0.0134788 0.4545481 0.3755472 0.0775531 0.0775564 0.0591922 0.0664718 0.3102956 0.0628483 0.1735736 
n277_280   0.4462985 0.0168683 0.3531991 0.0000000 0.2989755 0.3423711 0.3158921 0.0812231 0.3879116 0.0774636 0.0774381 0.3002975 0.3153034 0.3530901 0.4599384 0.0925688 0.3363412 0.3255017 0.3046894 0.3152180 0.3041651 0.3206273 0.2740875 
n286_289   0.4094902 0.3094253 0.2999660 0.2989755 0.0000000 0.2948554 0.1160163 0.3090554 0.3582520 0.3089436 0.3088314 0.2700316 0.1277822 0.2998731 0.4345549 0.3143913 0.2841445 0.2741437 0.2549159 0.2695006 0.0100579 0.2697148 0.2448253 
n290_293   0.4290755 0.3533094 0.0067091 0.3423711 0.2948554 0.0000000 0.3111046 0.3699919 0.3715115 0.3531529 0.3530204 0.1122942 0.3316451 0.0067077 0.4483062 0.3643901 0.0701477 0.0701508 0.0519702 0.0591789 0.3051110 0.0555877 0.1692990 
n266_269   0.3925033 0.3266541 0.3163458 0.3158921 0.1160163 0.3111046 0.0000000 0.3367789 0.3822505 0.3313485 0.3312259 0.2856187 0.0377431 0.3162467 0.4111368 0.3423068 0.3053135 0.2949779 0.2751487 0.2902015 0.1199914 0.2852260 0.2550887 
n280_283   0.4521145 0.1002501 0.3756024 0.0812231 0.3090554 0.3699919 0.3367789 0.0000000 0.4109491 0.0168392 0.0202591 0.3370314 0.3361262 0.3811128 0.4724967 0.0341196 0.3690260 0.3522956 0.3307142 0.3469489 0.3143198 0.3472697 0.2989798 
n244_247   0.2901555 0.4118124 0.3772132 0.3879116 0.3582520 0.3715115 0.3822505 0.4109491 0.0000000 0.3931283 0.3991097 0.3603608 0.3988173 0.3826930 0.3217190 0.4173413 0.3649089 0.3536508 0.3484901 0.3706379 0.3639211 0.3488469 0.2952202 
n299_300   0.4333455 0.0963802 0.3641392 0.0774636 0.3089436 0.3531529 0.3313485 0.0168392 0.3931283 0.0000000 0.0033338 0.3209382 0.3307131 0.3640257 0.4531490 0.0306259 0.3522488 0.3359034 0.3148038 0.3306764 0.3142057 0.3309726 0.2837785 
n300_301   0.4396602 0.0963494 0.3640017 0.0774381 0.3088314 0.3530204 0.3312259 0.0202591 0.3991097 0.0033338 0.0000000 0.3208202 0.3305910 0.3638882 0.4596659 0.0341179 0.3521171 0.3357790 0.3146888 0.3305544 0.3140911 0.3308503 0.2836769 
n236_239   0.4116696 0.3106167 0.1201752 0.3002975 0.2700316 0.1122942 0.2856187 0.3370314 0.3603608 0.3209382 0.3208202 0.0000000 0.3055372 0.1201463 0.4248129 0.3209059 0.1043928 0.0966494 0.0777357 0.0928602 0.2750242 0.0891070 0.1239924 
n265_268   0.4096668 0.3260323 0.3370263 0.3153034 0.1277822 0.3316451 0.0377431 0.3361262 0.3988173 0.3307131 0.3305910 0.3055372 0.0000000 0.3369196 0.4287667 0.3416362 0.3102057 0.2998096 0.2947141 0.3101596 0.1318212 0.3104269 0.2741000 
n287_290   0.4286174 0.3641846 0.0134788 0.3530901 0.2998731 0.0067077 0.3162467 0.3811128 0.3826930 0.3640257 0.3638882 0.1201463 0.3369196 0.0000000 0.4478136 0.3754287 0.0775354 0.0775387 0.0591789 0.0664568 0.3101990 0.0628341 0.1777744 
n251_254   0.0555464 0.4929034 0.4545481 0.4599384 0.4345549 0.4483062 0.4111368 0.4724967 0.3217190 0.4531490 0.4596659 0.4248129 0.4287667 0.4478136 0.0000000 0.4730892 0.4105401 0.4164215 0.4048479 0.4230492 0.4408966 0.4171593 0.3757895 
n274_277   0.4588906 0.1041048 0.3755472 0.0925688 0.3143913 0.3643901 0.3423068 0.0341196 0.4173413 0.0306259 0.0341179 0.3209059 0.3416362 0.3754287 0.4730892 0.0000000 0.3634449 0.3468422 0.3254204 0.3469051 0.3196992 0.3418477 0.3043328 
n297_298   0.4038363 0.3471704 0.0775531 0.3363412 0.2841445 0.0701477 0.3053135 0.3690260 0.3649089 0.3522488 0.3521171 0.1043928 0.3102057 0.0775354 0.4105401 0.3634449 0.0000000 0.0134558 0.0376845 0.0447442 0.2892289 0.0412216 0.1522847 
n298_299   0.3919896 0.3361639 0.0775564 0.3255017 0.2741437 0.0701508 0.2949779 0.3522956 0.3536508 0.3359034 0.3357790 0.0966494 0.2998096 0.0775387 0.4164215 0.3468422 0.0134558 0.0000000 0.0376865 0.0447464 0.2791525 0.0412237 0.1440037 
n293_296   0.3868120 0.3150472 0.0591922 0.3046894 0.2549159 0.0519702 0.2751487 0.3307142 0.3484901 0.3148038 0.3146888 0.0777357 0.2947141 0.0591789 0.4048479 0.3254204 0.0376845 0.0376865 0.0000000 0.0203007 0.2597891 0.0100785 0.1198871 
n275_278   0.4045299 0.3257329 0.0664718 0.3152180 0.2695006 0.0591789 0.2902015 0.3469489 0.3706379 0.3306764 0.3305544 0.0928602 0.3101596 0.0664568 0.4230492 0.3469051 0.0447442 0.0447464 0.0203007 0.0000000 0.2744795 0.0237469 0.1359247 
n285_288   0.4155915 0.3146979 0.3102956 0.3041651 0.0100579 0.3051110 0.1199914 0.3143198 0.3639211 0.3142057 0.3140911 0.2750242 0.1318212 0.3101990 0.4408966 0.3196992 0.2892289 0.2791525 0.2597891 0.2744795 0.0000000 0.2746999 0.2496156 
n294_297   0.3987841 0.3312294 0.0628483 0.3206273 0.2697148 0.0555877 0.2852260 0.3472697 0.3488469 0.3309726 0.3308503 0.0891070 0.3104269 0.0628341 0.4171593 0.3418477 0.0412216 0.0412237 0.0100785 0.0237469 0.2746999 0.0000000 0.1319804 
n200_203   0.3527388 0.2890822 0.1735736 0.2740875 0.2448253 0.1692990 0.2550887 0.2989798 0.2952202 0.2837785 0.2836769 0.1239924 0.2741000 0.1777744 0.3757895 0.3043328 0.1522847 0.1440037 0.1198871 0.1359247 0.2496156 0.1319804 0.0000000 
