26
n295_298   0.0000000 1.5602553 3.4980826 1.9423289 2.4165761 0.1447168 2.3237098 2.6416788 0.2978828 1.9030334 1.7207925 0.5932107 0.2880891 1.7845561 0.0307381 0.2730654 0.1484675 0.1653086 1.0536354 2.5051234 0.2781918 0.2830414 2.6489856 2.4016383 2.4047970 1.3664131 
n266_269   1.5602553 0.0000000 1.9495627 1.8719119 2.3405461 1.7595819 2.3165399 2.1922706 1.8292997 1.8833578 0.7984041 1.4008883 2.3540727 0.8310412 1.5549803 2.1303376 1.7155672 1.7092679 2.3517717 2.3239608 1.9068127 1.8024791 2.7323885 2.3652382 4.3790112 0.1862810 
n255_258   3.4980826 1.9495627 0.0000000 2.3498558 2.9984790 3.0522584 2.9130012 2.9046080 3.5785385 2.4177567 2.0661367 9.0000000 3.4181799 2.0482359 3.5251526 3.2972238 3.1368965 3.5844786 3.4025346 2.6332683 3.5050240 3.6379866 0.2802595 2.9360874 2.8274525 1.9997460 
n277_280   1.9423289 1.8719119 2.3498558 0.0000000 0.4375309 1.9410905 0.4367968 0.4484146 1.8395716 0.0926359 1.8506169 2.3477902 1.7771886 1.6754396 1.8369858 1.7658328 2.0719498 1.9734380 2.5108432 0.4912543 1.9884547 1.9411801 3.2494143 0.4434690 3.0381837 2.0535833 
n299_302   2.4165761 2.3405461 2.9984790 0.4375309 0.0000000 1.9956792 0.0554492 0.1370181 1.7926641 0.4120028 1.8597418 2.4490340 1.7259447 1.6729898 2.2571390 1.7592152 2.2150871 2.2197788 2.6752850 0.1243090 1.8494686 1.9602307 4.4689552 0.0168793 2.7752502 2.1627922 
n287_290   0.1447168 1.7595819 3.0522584 1.9410905 1.9956792 0.0000000 1.8592906 2.0945243 0.3410814 1.7976341 1.7478469 0.6783548 0.3195411 1.7450226 0.1571547 0.3084224 0.0448075 0.0520202 1.2878702 2.0268899 0.3098019 0.3148629 2.3369384 1.9866095 2.5839046 1.4903247 
n292_295   2.3237098 2.3165399 2.9130012 0.4367968 0.0554492 1.8592906 0.0000000 0.1452138 1.6565737 0.4047526 1.8718341 2.2736102 1.6210053 1.7114095 2.1775769 1.6505658 2.0467427 2.0911064 2.8795523 0.1244141 1.7303728 1.8266872 3.5224868 0.0518579 2.4679843 2.0409016 
n274_277   2.6416788 2.1922706 2.9046080 0.4484146 0.1370181 2.0945243 0.1452138 0.0000000 1.8078205 0.4104139 1.9154181 2.5113780 1.8441621 1.7446691 2.4449042 1.8127039 2.3174093 2.4296741 2.7126177 0.1292561 1.9409283 2.1331900 3.6781985 0.1410092 3.4104378 2.0246228 
n275_278   0.2978828 1.8292997 3.5785385 1.8395716 1.7926641 0.3410814 1.6565737 1.8078205 0.0000000 1.7919761 1.7808325 0.5862157 0.1449769 1.6610100 0.3353921 0.1329404 0.3455459 0.3573476 1.1045519 1.8965974 0.1494146 0.1493993 2.8054545 1.8351439 2.8100402 1.7397078 
n278_281   1.9030334 1.8833578 2.4177567 0.0926359 0.4120028 1.7976341 0.4047526 0.4104139 1.7919761 0.0000000 1.8995359 2.4266676 1.7640898 1.7172355 1.8706057 1.7264661 1.9844888 1.8943488 2.4759655 0.4573771 2.0117672 2.0148822 3.1696872 0.4237323 2.6730394 2.1389763 
n286_289   1.7207925 0.7984041 2.0661367 1.8506169 1.8597418 1.7478469 1.8718341 1.9154181 1.7808325 1.8995359 0.0000000 1.8877559 1.8177302 0.0855795 1.6384865 1.8168408 1.7982150 1.8503473 2.9849421 1.8328432 1.8647001 1.8192798 2.6068072 1.9109505 2.9332063 0.8540823 
n236_239   0.5932107 1.4008883 9.0000000 2.3477902 2.4490340 0.6783548 2.2736102 2.5113780 0.5862157 2.4266676 1.8877559 0.0000000 0.6196334 1.9405874 0.6276133 0.6198296 0.6781545 0.7144092 1.0893277 2.7534744 0.6380629 0.6463305 5.7251236 2.5662097 2.4124341 1.4873714 
n293_296   0.2880891 2.3540727 3.4181799 1.7771886 1.7259447 0.3195411 1.6210053 1.8441621 0.1449769 1.7640898 1.8177302 0.6196334 0.0000000 1.7806482 0.3039679 0.0377748 0.3240015 0.3466640 1.1544550 1.9596238 0.1245974 0.1245513 2.6421493 1.7194731 2.3909561 1.7045813 
n285_288   1.7845561 0.8310412 2.0482359 1.6754396 1.6729898 1.7450226 1.7114095 1.7446691 1.6610100 1.7172355 0.0855795 1.9405874 1.7806482 0.0000000 1.6692957 1.7099866 1.7953721 1.8474800 2.6323123 1.6769211 1.8187251 1.8099852 2.9222538 1.7142736 2.7593592 0.8527708 
n296_299   0.0307381 1.5549803 3.5251526 1.8369858 2.2571390 0.1571547 2.1775769 2.4449042 0.3353921 1.8706057 1.6384865 0.6276133 0.3039679 1.6692957 0.0000000 0.2880495 0.1483331 0.1738172 1.0250820 2.3345024 0.3094692 0.3145232 2.7076897 2.2446298 2.2939502 1.3447437 
n294_297   0.2730654 2.1303376 3.2972238 1.7658328 1.7592152 0.3084224 1.6505658 1.8127039 0.1329404 1.7264661 1.8168408 0.6198296 0.0377748 1.7099866 0.2880495 0.0000000 0.3128308 0.3350821 1.0992990 1.9242030 0.1210974 0.1250484 2.5978899 1.7524465 2.5068305 1.6692287 
n289_292   0.1484675 1.7155672 3.1368965 2.0719498 2.2150871 0.0448075 2.0467427 2.3174093 0.3455459 1.9844888 1.7982150 0.6781545 0.3240015 1.7953721 0.1483331 0.3128308 0.0000000 0.0482673 1.2127271 2.3247493 0.3245546 0.3349986 2.5252414 2.1585011 2.3434743 1.4837015 
n290_293   0.1653086 1.7092679 3.5844786 1.9734380 2.2197788 0.0520202 2.0911064 2.4296741 0.3573476 1.8943488 1.8503473 0.7144092 0.3466640 1.8474800 0.1738172 0.3350821 0.0482673 0.0000000 1.2855975 2.2802705 0.3298531 0.3350299 2.5257890 2.2079351 2.5307390 1.5213190 
n200_203   1.0536354 2.3517717 3.4025346 2.5108432 2.6752850 1.2878702 2.8795523 2.7126177 1.1045519 2.4759655 2.9849421 1.0893277 1.1544550 2.6323123 1.0250820 1.0992990 1.2127271 1.2855975 0.0000000 2.7911692 1.2304423 1.2821771 4.6047205 2.5613874 2.6723922 2.0076220 
n280_283   2.5051234 2.3239608 2.6332683 0.4912543 0.1243090 2.0268899 0.1244141 0.1292561 1.8965974 0.4573771 1.8328432 2.7534744 1.9596238 1.6769211 2.3345024 1.9242030 2.3247493 2.2802705 2.7911692 0.0000000 2.0381926 2.1240877 3.6234053 0.1324362 2.7440538 2.3353244 
n297_300   0.2781918 1.9068127 3.5050240 1.9884547 1.8494686 0.3098019 1.7303728 1.9409283 0.1494146 2.0117672 1.8647001 0.6380629 0.1245974 1.8187251 0.3094692 0.1210974 0.3245546 0.3298531 1.2304423 2.0381926 0.0000000 0.0203462 2.7353576 1.8418481 3.3656910 1.6065481 
n298_301   0.2830414 1.8024791 3.6379866 1.9411801 1.9602307 0.3148629 1.8266872 2.1331900 0.1493993 2.0148822 1.8192798 0.6463305 0.1245513 1.8099852 0.3145232 0.1250484 0.3349986 0.3350299 1.2821771 2.1240877 0.0203462 0.0000000 2.7591324 1.9514152 3.1693787 1.6429038 
n251_254   2.6489856 2.7323885 0.2802595 3.2494143 4.4689552 2.3369384 3.5224868 3.6781985 2.8054545 3.1696872 2.6068072 5.7251236 2.6421493 2.9222538 2.7076897 2.5978899 2.5252414 2.5257890 4.6047205 3.6234053 2.7353576 2.7591324 0.0000000 4.0938852 2.2068699 2.9854185 
n300_303   2.4016383 2.3652382 2.9360874 0.4434690 0.0168793 1.9866095 0.0518579 0.1410092 1.8351439 0.4237323 1.9109505 2.5662097 1.7194731 1.7142736 2.2446298 1.7524465 2.1585011 2.2079351 2.5613874 0.1324362 1.8418481 1.9514152 4.0938852 0.0000000 2.7099027 2.1407682 
n244_247   2.4047970 4.3790112 2.8274525 3.0381837 2.7752502 2.5839046 2.4679843 3.4104378 2.8100402 2.6730394 2.9332063 2.4124341 2.3909561 2.7593592 2.2939502 2.5068305 2.3434743 2.5307390 2.6723922 2.7440538 3.3656910 3.1693787 2.2068699 2.7099027 0.0000000 2.8835058 
n265_268   1.3664131 0.1862810 1.9997460 2.0535833 2.1627922 1.4903247 2.0409016 2.0246228 1.7397078 2.1389763 0.8540823 1.4873714 1.7045813 0.8527708 1.3447437 1.6692287 1.4837015 1.5213190 2.0076220 2.3353244 1.6065481 1.6429038 2.9854185 2.1407682 2.8835058 0.0000000 
