22
n255_258   0.0000000 0.3576544 0.3587966 0.3581895 0.3529692 0.3520756 0.3472545 0.3688223 0.3312326 0.3525130 0.3584008 0.3207338 0.3580424 0.3321586 0.3638993 0.0375907 0.3636691 0.3750911 0.3684198 0.3015686 0.3753250 0.3629495 
n278_281   0.3576544 0.0000000 0.2843511 0.2838997 0.2643266 0.2456618 0.2690548 0.0698096 0.3509017 0.2737699 0.0625890 0.3301186 0.2741912 0.2561687 0.0662369 0.3625299 0.2737720 0.2706819 0.2784992 0.3857281 0.0736310 0.0100284 
n290_293   0.3587966 0.2843511 0.0000000 0.0066949 0.0306165 0.2650857 0.0271302 0.3196314 0.3423913 0.0305861 0.3098506 0.3265182 0.0134533 0.0775246 0.3149802 0.3524848 0.0375865 0.1811206 0.0410345 0.4095298 0.3255958 0.2894946 
n289_292   0.3581895 0.2838997 0.0066949 0.0000000 0.0236854 0.2646712 0.0202387 0.3191105 0.3365359 0.0236614 0.3093484 0.3208083 0.0066912 0.0700761 0.3144674 0.3518925 0.0305861 0.1724752 0.0340097 0.4088077 0.3250610 0.2890337 
n294_297   0.3529692 0.2643266 0.0306165 0.0236854 0.0000000 0.2507478 0.0033374 0.3036898 0.3211783 0.0066885 0.2941171 0.3057636 0.0168383 0.0700649 0.2991273 0.3522571 0.0066886 0.1682751 0.0168221 0.3919434 0.3094816 0.2693078 
n286_289   0.3520756 0.2456618 0.2650857 0.2646712 0.2507478 0.0000000 0.2458698 0.2646234 0.3251971 0.2504488 0.2554992 0.3102664 0.2552113 0.2513785 0.2602496 0.3569187 0.2600407 0.2893355 0.2642927 0.3738391 0.2605644 0.2502170 
n298_301   0.3472545 0.2690548 0.0271302 0.0202387 0.0033374 0.2458698 0.0000000 0.3086782 0.3157284 0.0033341 0.2990478 0.3004390 0.0134291 0.0663447 0.3040915 0.3465570 0.0100550 0.1639427 0.0134162 0.3858891 0.3145194 0.2740706 
n280_283   0.3688223 0.0698096 0.3196314 0.3191105 0.3036898 0.2646234 0.3086782 0.0000000 0.3780469 0.3136495 0.0134453 0.3621126 0.3089245 0.2754326 0.0168478 0.3737620 0.3136510 0.3000974 0.3186376 0.4152452 0.0237158 0.0734576 
n266_269   0.3312326 0.3509017 0.3423913 0.3365359 0.3211783 0.3251971 0.3157284 0.3780469 0.0000000 0.3207727 0.3675464 0.0306588 0.3260601 0.3061576 0.3730932 0.3362771 0.3314347 0.3684454 0.3310295 0.3645697 0.3846272 0.3400050 
n297_300   0.3525130 0.2737699 0.0305861 0.0236614 0.0066885 0.2504488 0.0033341 0.3136495 0.3207727 0.0000000 0.3039624 0.3053818 0.0168213 0.0699916 0.3090392 0.3518028 0.0134345 0.1680847 0.0168051 0.3914225 0.3195400 0.2788200 
n300_303   0.3584008 0.0625890 0.3098506 0.3093484 0.2941171 0.2554992 0.2990478 0.0134453 0.3675464 0.3039624 0.0000000 0.3518034 0.2992843 0.2661536 0.0033430 0.3632885 0.3039640 0.2905312 0.3088922 0.4095981 0.0168785 0.0662071 
n265_268   0.3207338 0.3301186 0.3265182 0.3208083 0.3057636 0.3102664 0.3004390 0.3621126 0.0306588 0.3053818 0.3518034 0.0000000 0.3105544 0.2910429 0.3572384 0.3257107 0.3158096 0.3362820 0.3154279 0.3533100 0.3685254 0.3195261 
n296_299   0.3580424 0.2741912 0.0134533 0.0066912 0.0168383 0.2552113 0.0134291 0.3089245 0.3260601 0.0168213 0.2992843 0.3105544 0.0000000 0.0627548 0.3043328 0.3573183 0.0236761 0.1640612 0.0270781 0.3972617 0.3147719 0.2792516 
n236_239   0.3321586 0.2561687 0.0775246 0.0700761 0.0700649 0.2513785 0.0663447 0.2754326 0.3061576 0.0699916 0.2661536 0.2910429 0.0627548 0.0000000 0.2614776 0.3314966 0.0774286 0.1435674 0.0810161 0.3647210 0.2809678 0.2562541 
n292_295   0.3638993 0.0662369 0.3149802 0.3144674 0.2991273 0.2602496 0.3040915 0.0168478 0.3730932 0.3090392 0.0033430 0.3572384 0.3043328 0.2614776 0.0000000 0.3688178 0.3090408 0.2955353 0.3140023 0.4154997 0.0203042 0.0698725 
n251_254   0.0375907 0.3625299 0.3524848 0.3518925 0.3522571 0.3569187 0.3465570 0.3737620 0.3362771 0.3518028 0.3632885 0.3257107 0.3573183 0.3314966 0.3688178 0.0000000 0.3629307 0.3746060 0.3676705 0.2961008 0.3803119 0.3678529 
n293_296   0.3636691 0.2737720 0.0375865 0.0305861 0.0066886 0.2600407 0.0100550 0.3136510 0.3314347 0.0134345 0.3039640 0.3158096 0.0236761 0.0774286 0.3090408 0.3629307 0.0000000 0.1766632 0.0236532 0.4032121 0.3195412 0.2788220 
n200_201   0.3750911 0.2706819 0.1811206 0.1724752 0.1682751 0.2893355 0.1639427 0.3000974 0.3684454 0.1680847 0.2905312 0.3362820 0.1640612 0.1435674 0.2955353 0.3746060 0.1766632 0.0000000 0.1806054 0.3924681 0.2959348 0.2754087 
n275_278   0.3684198 0.2784992 0.0410345 0.0340097 0.0168221 0.2642927 0.0134162 0.3186376 0.3310295 0.0168051 0.3088922 0.3154279 0.0270781 0.0810161 0.3140023 0.3676705 0.0236532 0.1806054 0.0000000 0.4081625 0.3245763 0.2835836 
n244_247   0.3015686 0.3857281 0.4095298 0.4088077 0.3919434 0.3738391 0.3858891 0.4152452 0.3645697 0.3914225 0.4095981 0.3533100 0.3972617 0.3647210 0.4154997 0.2961008 0.4032121 0.3924681 0.4081625 0.0000000 0.4278152 0.3912243 
n274_277   0.3753250 0.0736310 0.3255958 0.3250610 0.3094816 0.2605644 0.3145194 0.0237158 0.3846272 0.3195400 0.0168785 0.3685254 0.3147719 0.2809678 0.0203042 0.3803119 0.3195412 0.2959348 0.3245763 0.4278152 0.0000000 0.0773043 
n277_280   0.3629495 0.0100284 0.2894946 0.2890337 0.2693078 0.2502170 0.2740706 0.0734576 0.3400050 0.2788200 0.0662071 0.3195261 0.2792516 0.2562541 0.0698725 0.3678529 0.2788220 0.2754087 0.2835836 0.3912243 0.0773043 0.0000000 
