24
n300_303   0.0000000 0.2661180 0.2723697 0.3353471 0.0100191 0.2471146 0.2424184 0.0740427 0.2709630 0.0201953 0.2671703 0.2324166 0.2641171 0.2421355 0.2478714 0.0815022 0.0033221 0.2740349 0.2723412 0.3524448 0.2425419 0.3443213 0.0202099 0.2675510 
n289_292   0.2661180 0.0000000 0.0203360 0.3967968 0.2710542 0.0593589 0.0557353 0.2838371 0.0033377 0.2607436 0.2984747 0.2524566 0.1128513 0.2528224 0.0521781 0.2988827 0.2711227 0.1620826 0.3039142 0.4275701 0.0484730 0.3781918 0.2610197 0.0237886 
n296_299   0.2723697 0.0203360 0.0000000 0.3982870 0.2773675 0.0522789 0.0486792 0.2846829 0.0237791 0.2669193 0.2995459 0.2533442 0.1132259 0.2537122 0.0451389 0.2997772 0.2774382 0.1713127 0.3050078 0.4291943 0.0450615 0.3795855 0.2672040 0.0033529 
n255_258   0.3353471 0.3967968 0.3982870 0.0000000 0.3358966 0.3848400 0.3791168 0.3788320 0.4026591 0.3410222 0.4224226 0.3475540 0.4243222 0.3707614 0.3801842 0.3904228 0.3409016 0.4621072 0.4290380 0.0486841 0.3793352 0.2729552 0.3254230 0.4043549 
n292_295   0.0100191 0.2710542 0.2773675 0.3358966 0.0000000 0.2519252 0.2471983 0.0777825 0.2759317 0.0236224 0.2721273 0.2371213 0.2690799 0.2469097 0.2526986 0.0852821 0.0133958 0.2790662 0.2773376 0.3530272 0.2473248 0.3498331 0.0236395 0.2725170 
n298_301   0.2471146 0.0593589 0.0522789 0.3848400 0.2519252 0.0000000 0.0033438 0.2689931 0.0629999 0.2518203 0.2833159 0.2382417 0.0896692 0.2385862 0.0238580 0.2837435 0.2519879 0.1494917 0.2886319 0.4221372 0.0238171 0.3725114 0.2421571 0.0559188 
n297_300   0.2424184 0.0557353 0.0486792 0.3791168 0.2471983 0.0033438 0.0000000 0.2641217 0.0593589 0.2470950 0.2783602 0.2335921 0.0897248 0.2339297 0.0204025 0.2787781 0.2472595 0.1453728 0.2836374 0.4161111 0.0203684 0.3669459 0.2374953 0.0523004 
n278_281   0.0740427 0.2838371 0.2846829 0.3788320 0.0777825 0.2689931 0.2641217 0.0000000 0.2888378 0.0739905 0.2792765 0.2442779 0.2868224 0.2542499 0.2643498 0.0202941 0.0777989 0.2911686 0.2845745 0.3904044 0.2642597 0.3749885 0.0740452 0.2797561 
n287_290   0.2709630 0.0033377 0.0237791 0.4026591 0.2759317 0.0629999 0.0593589 0.2888378 0.0000000 0.2655461 0.3035655 0.2524939 0.1167865 0.2528598 0.0557878 0.3039826 0.2760018 0.1662959 0.3090461 0.4336818 0.0520572 0.3838424 0.2658281 0.0272489 
n280_283   0.0201953 0.2607436 0.2669193 0.3410222 0.0236224 0.2518203 0.2470950 0.0739905 0.2655461 0.0000000 0.2719758 0.2369887 0.2737547 0.2467718 0.2525932 0.0814445 0.0236271 0.2789514 0.2771832 0.3466298 0.2472214 0.3496433 0.0201960 0.2621421 
n285_288   0.2671703 0.2984747 0.2995459 0.4224226 0.2721273 0.2833159 0.2783602 0.2792765 0.3035655 0.2719758 0.0000000 0.1539340 0.3172138 0.1581451 0.2842039 0.2893284 0.2721964 0.3550594 0.0033509 0.4754322 0.2785071 0.4201324 0.2674357 0.2995136 
n266_269   0.2324166 0.2524566 0.2533442 0.3475540 0.2371213 0.2382417 0.2335921 0.2442779 0.2524939 0.2369887 0.1539340 0.0000000 0.2743041 0.0306315 0.2389695 0.2538395 0.2371794 0.3039323 0.1582744 0.3890128 0.2337105 0.3489480 0.2232800 0.2533189 
n236_239   0.2641171 0.1128513 0.1132259 0.4243222 0.2690799 0.0896692 0.0897248 0.2868224 0.1167865 0.2737547 0.3172138 0.2743041 0.0000000 0.2747051 0.0936343 0.3020431 0.2691483 0.1722997 0.3228466 0.4516646 0.0895984 0.3942361 0.2637163 0.1172244 
n265_268   0.2421355 0.2528224 0.2537122 0.3707614 0.2469097 0.2385862 0.2339297 0.2542499 0.2528598 0.2467718 0.1581451 0.0306315 0.2747051 0.0000000 0.2393159 0.2639539 0.2469708 0.3093518 0.1625143 0.4137296 0.2340485 0.3601401 0.2376039 0.2536868 
n275_278   0.2478714 0.0521781 0.0451389 0.3801842 0.2526986 0.0238580 0.0204025 0.2643498 0.0557878 0.2525932 0.2842039 0.2389695 0.0936343 0.2393159 0.0000000 0.2790196 0.2527617 0.1500101 0.2895396 0.4105518 0.0135043 0.3737274 0.2428963 0.0487451 
n277_280   0.0815022 0.2988827 0.2997772 0.3904228 0.0852821 0.2837435 0.2787781 0.0202941 0.3039826 0.0814445 0.2893284 0.2538395 0.3020431 0.2639539 0.2790196 0.0000000 0.0853002 0.3064471 0.2947071 0.4021808 0.2789254 0.3864465 0.0815049 0.2947554 
n299_302   0.0033221 0.2711227 0.2774382 0.3409016 0.0133958 0.2519879 0.2472595 0.0777989 0.2760018 0.0236271 0.2721964 0.2371794 0.2691483 0.2469708 0.2527617 0.0853002 0.0000000 0.2745449 0.2774083 0.3581433 0.2473861 0.3499282 0.0236442 0.2725862 
n200_203   0.2740349 0.1620826 0.1713127 0.4621072 0.2790662 0.1494917 0.1453728 0.2911686 0.1662959 0.2789514 0.3550594 0.3039323 0.1722997 0.3093518 0.1500101 0.3064471 0.2745449 0.0000000 0.3610163 0.4974345 0.1455208 0.4300601 0.2688335 0.1715922 
n286_289   0.2723412 0.3039142 0.3050078 0.4290380 0.2773376 0.2886319 0.2836374 0.2845745 0.3090461 0.2771832 0.0033509 0.1582744 0.3228466 0.1625143 0.2895396 0.2947071 0.2774083 0.3610163 0.0000000 0.4825983 0.2837878 0.4266427 0.2726128 0.3049747 
n251_254   0.3524448 0.4275701 0.4291943 0.0486841 0.3530272 0.4221372 0.4161111 0.3904044 0.4336818 0.3466298 0.4754322 0.3890128 0.4516646 0.4137296 0.4105518 0.4021808 0.3581433 0.4974345 0.4825983 0.0000000 0.4163581 0.2678560 0.3423043 0.4355264 
n293_296   0.2425419 0.0484730 0.0450615 0.3793352 0.2473248 0.0238171 0.0203684 0.2642597 0.0520572 0.2472214 0.2785071 0.2337105 0.0895984 0.2340485 0.0135043 0.2789254 0.2473861 0.1455208 0.2837878 0.4163581 0.0000000 0.3561268 0.2376157 0.0486613 
n244_247   0.3443213 0.3781918 0.3795855 0.2729552 0.3498331 0.3725114 0.3669459 0.3749885 0.3838424 0.3496433 0.4201324 0.3489480 0.3942361 0.3601401 0.3737274 0.3864465 0.3499282 0.4300601 0.4266427 0.2678560 0.3561268 0.0000000 0.3394239 0.3854313 
n274_277   0.0202099 0.2610197 0.2672040 0.3254230 0.0236395 0.2421571 0.2374953 0.0740452 0.2658281 0.0201960 0.2674357 0.2232800 0.2637163 0.2376039 0.2428963 0.0815049 0.0236442 0.2688335 0.2726128 0.3423043 0.2376157 0.3394239 0.0000000 0.2624210 
n295_298   0.2675510 0.0237886 0.0033529 0.4043549 0.2725170 0.0559188 0.0523004 0.2797561 0.0272489 0.2621421 0.2995136 0.2533189 0.1172244 0.2536868 0.0487451 0.2947554 0.2725862 0.1715922 0.3049747 0.4355264 0.0486613 0.3854313 0.2624210 0.0000000 
