23
n292_293   0.0000000 0.3002611 0.2902475 0.3164366 0.2481358 0.2753793 0.0100531 0.3104606 0.3262380 0.2896426 0.0033367 0.0662961 0.2803059 0.3416381 0.2950980 0.3049432 0.3049388 0.2570660 0.2664553 0.2434622 0.0699437 0.0033358 0.2384141 
n287_288   0.3002611 0.0000000 0.0447577 0.3538317 0.3016107 0.0341648 0.3100448 0.0100788 0.3583729 0.0959295 0.3053374 0.3105763 0.0376793 0.3685967 0.0483029 0.0168604 0.0168603 0.3111302 0.1395094 0.2965857 0.3056104 0.3052413 0.3012474 
n294_295   0.2902475 0.0447577 0.0000000 0.3488011 0.2964954 0.0168775 0.2999055 0.0554983 0.3533256 0.1035803 0.2952535 0.3107396 0.0203050 0.3741143 0.0100808 0.0482704 0.0482701 0.3010367 0.1436496 0.2915060 0.3057705 0.2951610 0.2812528 
n251_252   0.3164366 0.3538317 0.3488011 0.0000000 0.3433538 0.3270775 0.3268840 0.3703209 0.0272516 0.3529499 0.3216410 0.3432280 0.3323945 0.2574252 0.3430560 0.3482965 0.3588302 0.3380381 0.3178675 0.3380342 0.3329446 0.3215388 0.3328843 
n286_287   0.2481358 0.3016107 0.2964954 0.3433538 0.0000000 0.2963338 0.2573194 0.3120033 0.3482735 0.3008852 0.2528747 0.2725208 0.3014253 0.3699903 0.3014026 0.3013078 0.2960305 0.1597579 0.2823540 0.0033481 0.2627079 0.2527966 0.1516126 
n275_276   0.2753793 0.0341648 0.0168775 0.3270775 0.2963338 0.0000000 0.2848487 0.0447422 0.3315069 0.0921068 0.2802805 0.2954280 0.0033408 0.3626372 0.0134582 0.0376347 0.0376345 0.2959084 0.1314632 0.2913480 0.2905593 0.2801933 0.2762656 
n274_275   0.0100531 0.3100448 0.2999055 0.3268840 0.2573194 0.2848487 0.0000000 0.3203760 0.3368135 0.2943448 0.0134370 0.0773204 0.2898378 0.3524304 0.3048131 0.3147768 0.3147723 0.2663408 0.2758382 0.2525912 0.0810205 0.0134332 0.2474718 
n289_290   0.3104606 0.0100788 0.0554983 0.3703209 0.3120033 0.0447422 0.3203760 0.0000000 0.3749325 0.1074293 0.3156105 0.3209295 0.0483110 0.3853629 0.0590937 0.0271719 0.0271718 0.3266516 0.1517753 0.3069043 0.3158951 0.3155106 0.3165680 
n255_256   0.3262380 0.3583729 0.3533256 0.0272516 0.3482735 0.3315069 0.3368135 0.3749325 0.0000000 0.3413579 0.3264834 0.3533703 0.3368464 0.2764075 0.3475528 0.3528133 0.3633882 0.3481194 0.3222728 0.3429242 0.3429676 0.3314002 0.3429050 
n236_237   0.2896426 0.0959295 0.1035803 0.3529499 0.3008852 0.0921068 0.2943448 0.1074293 0.3413579 0.0000000 0.2946352 0.3049319 0.0959138 0.3721577 0.1073944 0.1034195 0.1034185 0.3103720 0.1391561 0.2958750 0.3000098 0.2945434 0.3005187 
n299_300   0.0033367 0.3053374 0.2952535 0.3216410 0.2528747 0.2802805 0.0134370 0.3156105 0.3264834 0.2946352 0.0000000 0.0699676 0.2852415 0.3470136 0.3001361 0.3100478 0.3100434 0.2618567 0.2713066 0.2481706 0.0736333 0.0066879 0.2430831 
n278_279   0.0662961 0.3105763 0.3107396 0.3432280 0.2725208 0.2954280 0.0773204 0.3209295 0.3533703 0.3049319 0.0699676 0.0000000 0.3005002 0.3749991 0.3157259 0.3153178 0.3153133 0.2817308 0.2915740 0.2676827 0.0236738 0.0699475 0.2624240 
n297_298   0.2803059 0.0376793 0.0203050 0.3323945 0.3014253 0.0033408 0.2898378 0.0483110 0.3368464 0.0959138 0.2852415 0.3005002 0.0000000 0.3682004 0.0168657 0.0411635 0.0411632 0.2907967 0.1355061 0.2964042 0.2955985 0.2851526 0.2712940 
n244_245   0.3416381 0.3685967 0.3741143 0.2574252 0.3699903 0.3626372 0.3524304 0.3853629 0.2764075 0.3721577 0.3470136 0.3749991 0.3682004 0.0000000 0.3793572 0.3684406 0.3792151 0.3864085 0.3322288 0.3644843 0.3691390 0.3469022 0.3865004 
n293_294   0.2950980 0.0483029 0.0100808 0.3430560 0.3014026 0.0134582 0.3048131 0.0590937 0.3475528 0.1073944 0.3001361 0.3157259 0.0168657 0.3793572 0.0000000 0.0518284 0.0518280 0.2961305 0.1476831 0.2963817 0.3107263 0.3000419 0.2860591 
n296_297   0.3049432 0.0168604 0.0482704 0.3482965 0.3013078 0.0376347 0.3147768 0.0271719 0.3528133 0.1034195 0.3100478 0.3153178 0.0411635 0.3684406 0.0518284 0.0000000 0.0066981 0.3158822 0.1354252 0.2962887 0.3103258 0.3099501 0.3059478 
n295_296   0.3049388 0.0168603 0.0482701 0.3588302 0.2960305 0.0376345 0.3147723 0.0271718 0.3633882 0.1034185 0.3100434 0.3153133 0.0411632 0.3792151 0.0518280 0.0066981 0.0000000 0.3104985 0.1434166 0.2910506 0.3103214 0.3099457 0.3006395 
n266_267   0.2570660 0.3111302 0.3010367 0.3380381 0.1597579 0.2959084 0.2663408 0.3266516 0.3481194 0.3103720 0.2618567 0.2817308 0.2907967 0.3864085 0.2961305 0.3158822 0.3104985 0.0000000 0.2723532 0.1556151 0.2817068 0.2617757 0.0134262 
n200_201   0.2664553 0.1395094 0.1436496 0.3178675 0.2823540 0.1314632 0.2758382 0.1517753 0.3222728 0.1391561 0.2713066 0.2915740 0.1355061 0.3322288 0.1476831 0.1354252 0.1434166 0.2723532 0.0000000 0.2774491 0.2916709 0.2712224 0.2629246 
n285_286   0.2434622 0.2965857 0.2915060 0.3380342 0.0033481 0.2913480 0.2525912 0.3069043 0.3429242 0.2958750 0.2481706 0.2676827 0.2964042 0.3644843 0.2963817 0.2962887 0.2910506 0.1556151 0.2774491 0.0000000 0.2579358 0.2480941 0.1475128 
n277_278   0.0699437 0.3056104 0.3057705 0.3329446 0.2627079 0.2905593 0.0810205 0.3158951 0.3429676 0.3000098 0.0736333 0.0236738 0.2955985 0.3691390 0.3107263 0.3103258 0.3103214 0.2817068 0.2916709 0.2579358 0.0000000 0.0736121 0.2624012 
n280_281   0.0033358 0.3052413 0.2951610 0.3215388 0.2527966 0.2801933 0.0134332 0.3155106 0.3314002 0.2945434 0.0066879 0.0699475 0.2851526 0.3469022 0.3000419 0.3099501 0.3099457 0.2617757 0.2712224 0.2480941 0.0736121 0.0000000 0.2430085 
n265_266   0.2384141 0.3012474 0.2812528 0.3328843 0.1516126 0.2762656 0.2474718 0.3165680 0.3429050 0.3005187 0.2430831 0.2624240 0.2712940 0.3865004 0.2860591 0.3059478 0.3006395 0.0134262 0.2629246 0.1475128 0.2624012 0.2430085 0.0000000 
