26
n265_270   0.0000000 1.9590899 9.0000000 1.9813892 1.7328625 2.3062294 2.1504776 1.8565812 0.1327363 1.9321622 2.0482215 1.8569756 2.1391555 1.9592360 2.1313754 1.0838245 1.1234789 2.0091386 1.7401680 1.9592612 1.8057089 1.9482215 1.9856670 3.7632727 1.7972920 4.9296750 
n298_303   1.9590899 0.0000000 2.4042163 0.1130248 2.4883625 1.0548948 2.1530375 0.3342170 2.3285209 0.4066189 0.3397769 2.0229733 0.6679574 0.1208229 2.0619887 2.2995095 2.4355501 0.4061987 0.1249926 0.0342695 0.3819181 2.4406737 2.1013385 8.9999984 2.6389787 3.1385718 
n251_256   9.0000000 2.4042163 0.0000000 2.6211816 3.2285890 5.1533800 2.6318820 2.3685216 9.0000000 2.8044329 2.4291398 2.9396179 4.5087721 2.6220927 2.8814755 2.9813439 3.3747082 2.8032749 2.6519255 2.5802437 2.5625719 2.5439228 2.6176081 2.0494563 2.5423152 0.2874974 
n275_280   1.9813892 0.1130248 2.6211816 0.0000000 2.9094071 1.0680084 2.8286380 0.3015603 2.2297320 0.3525733 0.3068659 2.4870998 0.6315672 0.0933008 2.6747236 2.7999942 2.7413130 0.3468634 0.0933891 0.1209978 0.3297475 2.6658302 2.5294024 4.0960729 3.2097295 2.9600377 
n277_282   1.7328625 2.4883625 3.2285890 2.9094071 0.0000000 2.2891682 0.4323417 2.7167138 1.7348077 2.9502227 2.9651012 0.4513928 3.0532479 2.4420075 0.4379539 1.7826382 1.7984834 3.1688101 2.5002704 2.5962268 3.1263470 0.1053261 0.4793954 4.1445780 0.4301611 3.1056241 
n200_205   2.3062294 1.0548948 5.1533800 1.0680084 2.2891682 0.0000000 1.6446323 1.1854856 2.6879254 1.2742711 1.2232480 1.8308921 1.0057627 1.1500322 1.6454974 2.5103867 2.2967445 1.1688705 1.1323400 1.1121271 1.1448732 2.2910455 1.6090909 3.5416885 1.8737175 4.7018068 
n299_304   2.1504776 2.1530375 2.6318820 2.8286380 0.4323417 1.6446323 0.0000000 2.2470288 2.1673280 2.1795642 2.3026462 0.1223357 3.0560910 2.2140782 0.0274347 1.6070656 1.5888955 2.3346886 2.3938288 2.2869290 2.1680413 0.4664143 0.0672576 4.4588052 0.1467901 3.0742533 
n296_301   1.8565812 0.3342170 2.3685216 0.3015603 2.7167138 1.1854856 2.2470288 0.0000000 1.9165734 0.1987043 0.0377985 2.1481565 0.7046177 0.3454655 2.3588516 2.4323451 2.5235738 0.1987096 0.3407425 0.3561503 0.1718207 2.4999710 2.3546276 8.9999987 2.7888345 2.5064969 
n266_271   0.1327363 2.3285209 9.0000000 2.2297320 1.7348077 2.6879254 2.1673280 1.9165734 0.0000000 2.0808945 1.9967449 1.9477648 2.1356255 2.5889909 2.1477886 1.0600712 1.0954254 2.1235758 2.2776359 2.3074756 1.8571026 2.0362200 1.9995003 5.0146268 1.9196587 5.9855708 
n290_295   1.9321622 0.4066189 2.8044329 0.3525733 2.9502227 1.2742711 2.1795642 0.1987043 2.0808945 0.0000000 0.1985299 1.9704613 0.7350702 0.3935061 2.2766901 2.5138061 2.4100748 0.0819467 0.3885305 0.4191342 0.0558579 2.5136452 2.3390915 3.7336688 2.7656611 2.6119576 
n295_300   2.0482215 0.3397769 2.4291398 0.3068659 2.9651012 1.2232480 2.3026462 0.0377985 1.9967449 0.1985299 0.0000000 2.1978373 0.6776366 0.3511169 2.4209174 2.6943133 2.8089190 0.1985353 0.3463666 0.3618792 0.1716750 2.5443852 2.4164896 6.0120650 2.9848284 2.5420876 
n280_285   1.8569756 2.0229733 2.9396179 2.4870998 0.4513928 1.8308921 0.1223357 2.1481565 1.9477648 1.9704613 2.1978373 0.0000000 2.8779956 1.9485980 0.1020485 1.7017267 1.8062946 2.1019453 2.1365189 2.2477705 2.0035389 0.4797566 0.1222315 4.3074962 0.1685474 2.8916429 
n236_241   2.1391555 0.6679574 4.5087721 0.6315672 3.0532479 1.0057627 3.0560910 0.7046177 2.1356255 0.7350702 0.6776366 2.8779956 0.0000000 0.6944613 3.0421068 3.0113862 2.8395475 0.7279045 0.6662995 0.7131190 0.7131743 2.9897086 2.9867028 4.1280405 3.4022895 3.0907087 
n294_299   1.9592360 0.1208229 2.6220927 0.0933008 2.4420075 1.1500322 2.2140782 0.3454655 2.5889909 0.3935061 0.3511169 1.9485980 0.6944613 0.0000000 2.1173994 2.3804627 2.4019585 0.3639952 0.0272392 0.1371918 0.3692977 2.2967894 2.1022846 6.0744343 2.4546232 2.9704529 
n300_305   2.1313754 2.0619887 2.8814755 2.6747236 0.4379539 1.6454974 0.0274347 2.3588516 2.1477886 2.2766901 2.4209174 0.1020485 3.0421068 2.1173994 0.0000000 1.5748786 1.6081055 2.4473637 2.2809610 2.2372853 2.2641788 0.4722583 0.0523905 4.4723808 0.1465917 3.0824953 
n286_291   1.0838245 2.2995095 2.9813439 2.7999942 1.7826382 2.5103867 1.6070656 2.4323451 1.0600712 2.5138061 2.6943133 1.7017267 3.0113862 2.3804627 1.5748786 0.0000000 0.0592127 2.6428338 2.3753853 2.6104087 2.4763301 1.9849618 1.5545440 9.0000000 1.5009219 2.7725016 
n285_290   1.1234789 2.4355501 3.3747082 2.7413130 1.7984834 2.2967445 1.5888955 2.5235738 1.0954254 2.4100748 2.8089190 1.8062946 2.8395475 2.4019585 1.6081055 0.0592127 0.0000000 2.6110159 2.5368317 2.7920561 2.4483775 2.0945136 1.6102378 4.9487081 1.5572598 3.0693455 
n287_292   2.0091386 0.4061987 2.8032749 0.3468634 3.1688101 1.1688705 2.3346886 0.1987096 2.1235758 0.0819467 0.1985353 2.1019453 0.7279045 0.3639952 2.4473637 2.6428338 2.6110159 0.0000000 0.3708460 0.4186927 0.0631573 2.7641168 2.5208634 4.0778846 3.0354799 2.6418406 
n293_298   1.7401680 0.1249926 2.6519255 0.0933891 2.5002704 1.1323400 2.3938288 0.3407425 2.2776359 0.3885305 0.3463666 2.1365189 0.6662995 0.0272392 2.2809610 2.3753853 2.5368317 0.3708460 0.0000000 0.1414846 0.3644517 2.4773726 2.2647751 6.0113658 2.6075450 3.2562183 
n297_302   1.9592612 0.0342695 2.5802437 0.1209978 2.5962268 1.1121271 2.2869290 0.3561503 2.3074756 0.4191342 0.3618792 2.2477705 0.7131190 0.1371918 2.2372853 2.6104087 2.7920561 0.4186927 0.1414846 0.0000000 0.3939838 2.4161372 2.2831928 5.0500994 2.8467702 3.1547126 
n289_294   1.8057089 0.3819181 2.5625719 0.3297475 3.1263470 1.1448732 2.1680413 0.1718207 1.8571026 0.0558579 0.1716750 2.0035389 0.7131743 0.3692977 2.2641788 2.4763301 2.4483775 0.0631573 0.3644517 0.3939838 0.0000000 2.4921399 2.3258917 3.3289998 2.7370081 2.4758110 
n278_283   1.9482215 2.4406737 2.5439228 2.6658302 0.1053261 2.2910455 0.4664143 2.4999710 2.0362200 2.5136452 2.5443852 0.4797566 2.9897086 2.2967894 0.4722583 1.9849618 2.0945136 2.7641168 2.4773726 2.4161372 2.4921399 0.0000000 0.5018347 3.3631828 0.4514266 2.4935802 
n292_297   1.9856670 2.1013385 2.6176081 2.5294024 0.4793954 1.6090909 0.0672576 2.3546276 1.9995003 2.3390915 2.4164896 0.1222315 2.9867028 2.1022846 0.0523905 1.5545440 1.6102378 2.5208634 2.2647751 2.2831928 2.3258917 0.5018347 0.0000000 4.1800930 0.1595225 2.6727088 
n244_249   3.7632727 8.9999984 2.0494563 4.0960729 4.1445780 3.5416885 4.4588052 8.9999987 5.0146268 3.7336688 6.0120650 4.3074962 4.1280405 6.0744343 4.4723808 9.0000000 4.9487081 4.0778846 6.0113658 5.0500994 3.3289998 3.3631828 4.1800930 0.0000000 9.0000000 1.9108485 
n274_279   1.7972920 2.6389787 2.5423152 3.2097295 0.4301611 1.8737175 0.1467901 2.7888345 1.9196587 2.7656611 2.9848284 0.1685474 3.4022895 2.4546232 0.1465917 1.5009219 1.5572598 3.0354799 2.6075450 2.8467702 2.7370081 0.4514266 0.1595225 9.0000000 0.0000000 2.4032599 
n255_260   4.9296750 3.1385718 0.2874974 2.9600377 3.1056241 4.7018068 3.0742533 2.5064969 5.9855708 2.6119576 2.5420876 2.8916429 3.0907087 2.9704529 3.0824953 2.7725016 3.0693455 2.6418406 3.2562183 3.1547126 2.4758110 2.4935802 2.6727088 1.9108485 2.4032599 0.0000000 
