26
n295_298   0.0000000 0.1324424 1.7736224 3.0032613 3.0643591 1.7199170 2.0463601 0.8870224 2.0083413 1.8766567 0.2875855 1.7461447 0.3024527 0.1699794 1.9285880 2.2634987 0.0203349 0.2522062 0.2473194 0.1366084 1.9639108 1.8709470 0.2914103 1.9223380 1.9041752 0.5854582 
n290_293   0.1324424 0.0000000 1.7817913 2.9873203 2.5483686 1.9991464 1.9300912 0.9252265 2.1842785 1.9141510 0.2980742 1.9900480 0.3138530 0.0665427 1.9540601 2.5123042 0.1203796 0.2623088 0.2622036 0.0555917 1.9102652 1.9014353 0.3076989 1.8559725 2.0150648 0.6438705 
n266_269   1.7736224 1.7817913 0.0000000 2.0107376 2.7845599 1.7414275 1.8215186 1.8471285 2.2108825 1.7415109 1.8991838 1.4932679 2.0295573 1.6868076 1.0886485 1.8037732 1.7382574 1.6799580 1.7395361 1.6627375 1.9081172 1.0577847 1.9041961 1.8165804 0.1866367 1.6978372 
n244_245   3.0032613 2.9873203 2.0107376 0.0000000 2.0238609 2.2302275 2.5486056 3.6904603 2.3122528 2.7458345 9.0000000 2.3900270 9.0000000 3.8501794 2.4746687 1.8050209 3.2329610 3.8792316 8.9999989 3.2630449 3.0485544 2.1671319 8.9999985 2.6244213 2.2576823 2.8802866 
n255_258   3.0643591 2.5483686 2.7845599 2.0238609 0.0000000 3.4620210 2.2717236 2.9194637 2.5286229 2.4742791 2.1710915 2.9785941 2.8064311 2.5013207 2.4852390 0.3196363 3.1562149 2.3752383 2.5929443 2.4768151 2.0355078 2.4902807 2.7101781 2.2751723 3.5900849 2.3797478 
n277_280   1.7199170 1.9991464 1.7414275 2.2302275 3.4620210 0.0000000 0.4145817 2.4212866 0.4572102 0.4273844 2.4430445 0.1043674 2.4439475 2.0435358 2.4404979 3.7520046 1.7178279 2.1488837 2.3691080 2.1482795 0.4523579 2.6080507 2.2256331 0.4206365 1.6574420 2.1439850 
n299_302   2.0463601 1.9300912 1.8215186 2.5486056 2.2717236 0.4145817 0.0000000 2.3169434 0.1444327 0.0739845 1.9119353 0.4727062 2.5007222 2.0886595 2.3348205 2.5283883 1.9653399 1.8014547 2.0814712 2.0556856 0.1244303 2.7192695 2.3244610 0.0168567 1.6533680 1.8157962 
n200_201   0.8870224 0.9252265 1.8471285 3.6904603 2.9194637 2.4212866 2.3169434 0.0000000 2.6896124 2.3654671 1.0618917 2.1205126 1.1390939 0.9884762 2.4630827 2.9062592 0.9224052 1.0018666 0.9755713 0.9731860 2.0876324 2.3154287 1.0356600 2.2583884 2.0014296 1.0075458 
n274_277   2.0083413 2.1842785 2.2108825 2.3122528 2.5286229 0.4572102 0.1444327 2.6896124 0.0000000 0.1654635 2.0095661 0.5185305 2.3236615 2.2665372 2.8529908 3.1039024 1.9302731 1.7777408 1.9628379 2.1733705 0.1738829 3.7163346 2.1627084 0.1402617 1.9692677 1.9209670 
n292_295   1.8766567 1.9141510 1.7415109 2.7458345 2.4742791 0.4273844 0.0739845 2.3654671 0.1654635 0.0000000 1.9984709 0.4661163 2.1758924 2.1164887 2.1951401 2.4376754 1.8087690 1.6948390 1.9386073 2.0368457 0.1365706 2.4271134 2.0384061 0.0702442 1.6775303 1.8362806 
n275_278   0.2875855 0.2980742 1.8991838 9.0000000 2.1710915 2.4430445 1.9119353 1.0618917 2.0095661 1.9984709 0.0000000 2.2528554 0.2101433 0.3514459 1.9780819 1.7948603 0.2824070 0.1202794 0.1202382 0.3083358 1.8484408 1.8885676 0.1965487 1.9208158 2.1073279 0.5775257 
n278_281   1.7461447 1.9900480 1.4932679 2.3900270 2.9785941 0.1043674 0.4727062 2.1205126 0.5185305 0.4661163 2.2528554 0.0000000 2.2021399 2.1344666 2.0371107 2.6137387 1.7439455 1.8971808 2.1066773 2.1372827 0.4723803 2.1422037 2.1182626 0.4724162 1.4560120 2.2317223 
n297_300   0.3024527 0.3138530 2.0295573 9.0000000 2.8064311 2.4439475 2.5007222 1.1390939 2.3236615 2.1758924 0.2101433 2.2021399 0.0000000 0.3801742 1.8746167 2.5350170 0.2920739 0.1447827 0.1531474 0.3238667 2.1455463 1.8704338 0.0666230 2.3084214 2.4746938 0.6329743 
n289_292   0.1699794 0.0665427 1.6868076 3.8501794 2.5013207 2.0435358 2.0886595 0.9884762 2.2665372 2.1164887 0.3514459 2.1344666 0.3801742 0.0000000 2.0460217 2.3883901 0.1572490 0.3076779 0.3075486 0.0965518 2.0131705 2.0321558 0.3621487 2.0021304 2.0144846 0.6786601 
n285_288   1.9285880 1.9540601 1.0886485 2.4746687 2.4852390 2.4404979 2.3348205 2.4630827 2.8529908 2.1951401 1.9780819 2.0371107 1.8746167 2.0460217 0.0000000 2.0413739 1.8854270 1.8155608 1.8754657 2.0896921 2.0612510 0.0702606 1.9048506 2.2105110 1.1766531 2.4021357 
n251_254   2.2634987 2.5123042 1.8037732 1.8050209 0.3196363 3.7520046 2.5283883 2.9062592 3.1039024 2.4376754 1.7948603 2.6137387 2.5350170 2.3883901 2.0413739 0.0000000 2.4423209 2.0433279 2.0663361 2.1964634 2.3596581 2.0880654 2.3835295 2.5333154 2.4488581 2.6552837 
n296_299   0.0203349 0.1203796 1.7382574 3.2329610 3.1562149 1.7178279 1.9653399 0.9224052 1.9302731 1.8087690 0.2824070 1.7439455 0.2920739 0.1572490 1.8854270 2.4423209 0.0000000 0.2425531 0.2377368 0.1285753 1.9196389 1.8305646 0.2812125 1.8509661 1.9794954 0.5784668 
n294_297   0.2522062 0.2623088 1.6799580 3.8792316 2.3752383 2.1488837 1.8014547 1.0018666 1.7777408 1.6948390 0.1202794 1.8971808 0.1447827 0.3076779 1.8155608 2.0433279 0.2425531 0.0000000 0.0342280 0.2620253 1.7401969 1.8058888 0.1406231 1.7739510 1.9462148 0.5626674 
n293_296   0.2473194 0.2622036 1.7395361 8.9999989 2.5929443 2.3691080 2.0814712 0.9755713 1.9628379 1.9386073 0.1202382 2.1066773 0.1531474 0.3075486 1.8754657 2.0663361 0.2377368 0.0342280 0.0000000 0.2670236 1.9628605 1.8678875 0.1406476 2.0453574 1.9930428 0.5473717 
n287_290   0.1366084 0.0555917 1.6627375 3.2630449 2.4768151 2.1482795 2.0556856 0.9731860 2.1733705 2.0368457 0.3083358 2.1372827 0.3238667 0.0965518 2.0896921 2.1964634 0.1285753 0.2620253 0.2670236 0.0000000 2.1256535 2.0719078 0.3236716 1.9714171 1.9898741 0.6190182 
n280_283   1.9639108 1.9102652 1.9081172 3.0485544 2.0355078 0.4523579 0.1244303 2.0876324 0.1738829 0.1365706 1.8484408 0.4723803 2.1455463 2.0131705 2.0612510 2.3596581 1.9196389 1.7401969 1.9628605 2.1256535 0.0000000 2.3461807 2.0538764 0.1203771 1.8001746 1.7434925 
n286_289   1.8709470 1.9014353 1.0577847 2.1671319 2.4902807 2.6080507 2.7192695 2.3154287 3.7163346 2.4271134 1.8885676 2.1422037 1.8704338 2.0321558 0.0702606 2.0880654 1.8305646 1.8058888 1.8678875 2.0719078 2.3461807 0.0000000 1.8628486 2.5387485 1.1614636 2.3415039 
n298_301   0.2914103 0.3076989 1.9041961 8.9999985 2.7101781 2.2256331 2.3244610 1.0356600 2.1627084 2.0384061 0.1965487 2.1182626 0.0666230 0.3621487 1.9048506 2.3835295 0.2812125 0.1406231 0.1406476 0.3236716 2.0538764 1.8628486 0.0000000 2.1604290 2.3202388 0.5857973 
n300_303   1.9223380 1.8559725 1.8165804 2.6244213 2.2751723 0.4206365 0.0168567 2.2583884 0.1402617 0.0702442 1.9208158 0.4724162 2.3084214 2.0021304 2.2105110 2.5333154 1.8509661 1.7739510 2.0453574 1.9714171 0.1203771 2.5387485 2.1604290 0.0000000 1.6214419 1.7809124 
n265_268   1.9041752 2.0150648 0.1866367 2.2576823 3.5900849 1.6574420 1.6533680 2.0014296 1.9692677 1.6775303 2.1073279 1.4560120 2.4746938 2.0144846 1.1766531 2.4488581 1.9794954 1.9462148 1.9930428 1.9898741 1.8001746 1.1614636 2.3202388 1.6214419 0.0000000 1.9173566 
n236_237   0.5854582 0.6438705 1.6978372 2.8802866 2.3797478 2.1439850 1.8157962 1.0075458 1.9209670 1.8362806 0.5775257 2.2317223 0.6329743 0.6786601 2.4021357 2.6552837 0.5784668 0.5626674 0.5473717 0.6190182 1.7434925 2.3415039 0.5857973 1.7809124 1.9173566 0.0000000 
