21
n200_201   0.0000000 0.1880317 0.2008871 0.1839179 0.2795138 0.2646019 0.2932683 0.2694756 0.1924026 0.2144322 0.2647327 0.4057559 0.2697841 0.2793625 0.2695476 0.3998280 0.1882434 0.1882664 0.2694791 0.2787780 0.4002834 
n290_293   0.1880317 0.0000000 0.0168453 0.0237106 0.2565263 0.2465814 0.2746254 0.2513420 0.0100686 0.1036334 0.2467024 0.4183174 0.2513623 0.2519136 0.2514081 0.3622165 0.0271682 0.0271704 0.2510820 0.2698188 0.4012796 
n295_300   0.2008871 0.0168453 0.0000000 0.0340951 0.2659102 0.2605014 0.2890562 0.2653550 0.0202677 0.1151777 0.2606305 0.4238535 0.2653777 0.2612433 0.2654255 0.3784587 0.0376031 0.0376061 0.2650792 0.2841568 0.4067016 
n294_297   0.1839179 0.0237106 0.0340951 0.0000000 0.2520623 0.2421755 0.2700826 0.2469118 0.0271698 0.0922885 0.2422953 0.4129687 0.2469315 0.2474716 0.2469769 0.3625565 0.0033453 0.0033455 0.2466558 0.2653012 0.3960301 
n265_266   0.2795138 0.2565263 0.2659102 0.2520623 0.0000000 0.2019989 0.2242052 0.2064762 0.2613703 0.2612019 0.2064091 0.3621878 0.1427152 0.0202549 0.2065296 0.3208986 0.2568375 0.2568745 0.1467469 0.2195069 0.3462682 
n280_281   0.2646019 0.2465814 0.2605014 0.2421755 0.2019989 0.0000000 0.0375914 0.0033408 0.2513469 0.2564088 0.0033408 0.3046484 0.1762383 0.2018521 0.0033420 0.2904473 0.2468771 0.2469118 0.1760488 0.0306043 0.2996248 
n278_279   0.2932683 0.2746254 0.2890562 0.2700826 0.2242052 0.0375914 0.0000000 0.0411203 0.2795815 0.2848711 0.0411084 0.3353399 0.2061033 0.2240406 0.0411304 0.3050516 0.2749633 0.2750043 0.2058793 0.0202223 0.3301000 
n300_305   0.2694756 0.2513420 0.2653550 0.2469118 0.2064762 0.0033408 0.0411203 0.0000000 0.2561417 0.2612448 0.0066980 0.3098223 0.1805555 0.2063265 0.0067015 0.2955290 0.2516452 0.2516809 0.1803605 0.0340968 0.3047618 
n287_290   0.1924026 0.0100686 0.0202677 0.0271698 0.2613703 0.2513469 0.2795815 0.2561417 0.0000000 0.1075187 0.2514706 0.4244113 0.2561628 0.2567269 0.2562104 0.3678455 0.0306458 0.0306483 0.2558765 0.2747405 0.4072300 
n236_237   0.2144322 0.1036334 0.1151777 0.0922885 0.2612019 0.2564088 0.2848711 0.2612448 0.1075187 0.0000000 0.2565360 0.4312497 0.2613112 0.2610628 0.2613144 0.3854984 0.0961053 0.0961145 0.2610170 0.2799880 0.4138837 
n292_295   0.2647327 0.2467024 0.2606305 0.2422953 0.2064091 0.0033408 0.0411084 0.0066980 0.2514706 0.2565360 0.0000000 0.3048041 0.1804979 0.2062585 0.0066996 0.2857104 0.2469988 0.2470335 0.1803032 0.0340866 0.2997784 
n255_256   0.4057559 0.4183174 0.4238535 0.4129687 0.3621878 0.3046484 0.3353399 0.3098223 0.4244113 0.4312497 0.3048041 0.0000000 0.3468442 0.3620665 0.3099073 0.2809792 0.4189150 0.4189990 0.3468750 0.3296949 0.0411240 
n286_289   0.2697841 0.2513623 0.2653777 0.2469315 0.1427152 0.1762383 0.2061033 0.1805555 0.2561628 0.2613112 0.1804979 0.3468442 0.0000000 0.1426479 0.1806017 0.3002689 0.2516657 0.2423205 0.0033408 0.2015380 0.3363013 
n266_267   0.2793625 0.2519136 0.2612433 0.2474716 0.0202549 0.2018521 0.2240406 0.2063265 0.2567269 0.2610628 0.2062585 0.3620665 0.1426479 0.0000000 0.2063799 0.3207168 0.2522179 0.2522538 0.1466774 0.2193470 0.3461551 
n299_304   0.2695476 0.2514081 0.2654255 0.2469769 0.2065296 0.0033420 0.0411304 0.0067015 0.2562104 0.2613144 0.0066996 0.3099073 0.1806017 0.2063799 0.0000000 0.2956095 0.2517118 0.2517475 0.1804075 0.0341048 0.3048452 
n244_245   0.3998280 0.3622165 0.3784587 0.3625565 0.3208986 0.2904473 0.3050516 0.2955290 0.3678455 0.3854984 0.2857104 0.2809792 0.3002689 0.3207168 0.2956095 0.0000000 0.3681102 0.3681771 0.2951553 0.3049099 0.2907928 
n275_276   0.1882434 0.0271682 0.0376031 0.0033453 0.2568375 0.2468771 0.2749633 0.2516452 0.0306458 0.0961053 0.2469988 0.4189150 0.2516657 0.2522179 0.2517118 0.3681102 0.0000000 0.0067081 0.2513836 0.2701493 0.3903969 
n293_296   0.1882664 0.0271704 0.0376061 0.0033455 0.2568745 0.2469118 0.2750043 0.2516809 0.0306483 0.0961145 0.2470335 0.4189990 0.2423205 0.2522538 0.2517475 0.3681771 0.0067081 0.0000000 0.2420506 0.2701891 0.4019212 
n285_288   0.2694791 0.2510820 0.2650792 0.2466558 0.1467469 0.1760488 0.2058793 0.1803605 0.2558765 0.2610170 0.1803032 0.3468750 0.0033408 0.1466774 0.1804075 0.2951553 0.2513836 0.2420506 0.0000000 0.2013193 0.3363308 
n277_278   0.2787780 0.2698188 0.2841568 0.2653012 0.2195069 0.0306043 0.0202223 0.0340968 0.2747405 0.2799880 0.0340866 0.3296949 0.2015380 0.2193470 0.0341048 0.3049099 0.2701493 0.2701891 0.2013193 0.0000000 0.3245016 
n251_252   0.4002834 0.4012796 0.4067016 0.3960301 0.3462682 0.2996248 0.3301000 0.3047618 0.4072300 0.4138837 0.2997784 0.0411240 0.3363013 0.3461551 0.3048452 0.2907928 0.3903969 0.4019212 0.3363308 0.3245016 0.0000000 
