26
n299_300   0.0000000 0.0134663 1.9483049 3.4798224 3.9217245 0.4635281 1.6761174 1.9473105 0.1010798 1.9899912 1.8511442 1.8988884 0.0272418 0.4278591 2.0184523 2.1114512 1.9569225 2.0228351 1.9714538 8.9999981 2.0606962 1.8524998 1.6935638 1.5677350 0.0704058 2.1846656 
n300_301   0.0134663 0.0000000 2.0313752 3.7016635 3.9527219 0.4697856 1.6696619 1.8663771 0.1127502 2.0772653 1.9268685 1.9779303 0.0342033 0.4337539 2.1084024 2.2113676 1.9227262 1.9855159 2.0564609 8.9999987 2.1541055 1.9283852 1.6931565 1.5674297 0.0778172 2.2900593 
n290_291   1.9483049 2.0313752 0.0000000 3.5969373 3.4754740 1.9423687 1.2940796 0.5971891 1.9454036 0.0448396 0.1365433 0.2654824 1.8422668 2.0292521 0.2641144 0.2691951 1.6445306 1.6120288 0.0668020 3.5187925 0.2307071 0.1245137 1.7880341 1.7659283 1.9770350 0.2400057 
n244_245   3.4798224 3.7016635 3.5969373 0.0000000 2.2870019 2.0523197 1.6555918 3.3161471 3.9583476 3.1895674 4.4657696 3.2630058 3.5052620 2.0544062 2.9656113 3.2244478 2.1186220 2.3473615 3.5611244 1.7791608 2.9898132 3.5672670 2.9448674 2.9222305 3.9925179 3.3757081 
n255_256   3.9217245 3.9527219 3.4754740 2.2870019 0.0000000 3.0887947 1.9959300 2.8169223 4.2216608 2.8488036 2.5318748 2.5479848 3.8894824 2.6813152 2.1506142 2.2847561 3.3828137 2.5201902 2.8361827 0.2680133 2.9825291 2.4876466 4.5720081 3.7968437 8.9999988 3.3546275 
n277_278   0.4635281 0.4697856 1.9423687 2.0523197 3.0887947 0.0000000 1.6500912 1.6819255 0.5037412 1.9663642 1.9710761 1.6831333 0.4635739 0.1287649 1.8579138 2.0876798 1.9162897 2.0396146 1.8938273 4.0231224 1.8970987 1.9122167 1.7589290 1.5969690 0.4190893 1.8308455 
n200_201   1.6761174 1.6696619 1.2940796 1.6555918 1.9959300 1.6500912 0.0000000 1.1704703 1.7327856 1.2342485 1.2588319 1.2380032 1.7706176 1.6423315 1.2970881 1.2957079 2.0104855 2.0515223 1.3134816 2.2159570 1.2531612 1.2607109 1.7909859 1.9282172 1.7467567 1.3024137 
n236_237   1.9473105 1.8663771 0.5971891 3.3161471 2.8169223 1.6819255 1.1704703 0.0000000 1.6896390 0.5646304 0.5873013 0.6684516 1.9265650 1.7392703 0.6658971 0.6820161 1.7289870 1.7686570 0.6021972 2.4805589 0.7293468 0.5875937 1.8436195 1.9339580 1.8661931 0.7104076 
n274_275   0.1010798 0.1127502 1.9454036 3.9583476 4.2216608 0.5037412 1.7327856 1.6896390 0.0000000 1.9479915 1.8504350 1.8084818 0.1049115 0.4658974 1.9234042 1.9243443 2.1615906 2.1783574 1.9828464 8.9999985 2.0416540 1.8761293 1.8646217 1.7789227 0.1204245 2.1198257 
n289_290   1.9899912 2.0772653 0.0448396 3.1895674 2.8488036 1.9663642 1.2342485 0.5646304 1.9479915 0.0000000 0.1449670 0.2655529 1.9241782 1.9572313 0.2641839 0.2692671 1.6638499 1.6306784 0.0630880 3.0862279 0.2498885 0.1327817 1.7761790 1.7828591 2.0199050 0.2594337 
n296_297   1.8511442 1.9268685 0.1365433 4.4657696 2.5318748 1.9710761 1.2588319 0.5873013 1.8504350 0.1449670 0.0000000 0.2404146 1.7540168 2.0096111 0.2246730 0.2294456 1.7000595 1.6401221 0.1408739 2.6140835 0.2394966 0.0519866 1.6264540 1.7341996 1.8470877 0.2394641 
n275_276   1.8988884 1.9779303 0.2654824 3.2630058 2.5479848 1.6831333 1.2380032 0.6684516 1.8084818 0.2655529 0.2404146 0.0000000 1.8331462 1.7564501 0.1537322 0.1711822 2.1355154 1.9405434 0.2703134 2.5310091 0.1246040 0.2352954 2.0976349 2.2325416 1.8180023 0.1368391 
n292_293   0.0272418 0.0342033 1.8422668 3.5052620 3.8894824 0.4635739 1.7706176 1.9265650 0.1049115 1.9241782 1.7540168 1.8331462 0.0000000 0.4216795 1.9041792 1.9863475 2.0388077 2.1113383 1.8630946 8.9999982 1.9424252 1.7551870 1.7640907 1.6288011 0.0777858 2.0523299 
n278_279   0.4278591 0.4337539 2.0292521 2.0544062 2.6813152 0.1287649 1.6423315 1.7392703 0.4658974 1.9572313 2.0096111 1.7564501 0.4216795 0.0000000 1.9455912 2.1823782 2.1092323 2.0325954 2.0320625 3.1520456 2.1636551 2.0161192 1.7421940 1.6599768 0.3965180 2.1192488 
n298_299   2.0184523 2.1084024 0.2641144 2.9656113 2.1506142 1.8579138 1.2970881 0.6658971 1.9234042 0.2641839 0.2246730 0.1537322 1.9041792 1.9455912 0.0000000 0.0377324 2.2650312 2.0439930 0.2639623 2.0856427 0.1447927 0.2297391 2.1086573 2.2960761 2.0464203 0.1529898 
n297_298   2.1114512 2.2113676 0.2691951 3.2244478 2.2847561 2.0876798 1.2957079 0.6820161 1.9243443 0.2692671 0.2294456 0.1711822 1.9863475 2.1823782 0.0377324 0.0000000 2.3017585 2.1741618 0.2690403 2.0879069 0.1619331 0.2299077 2.1583640 2.4055471 2.0994906 0.1703428 
n286_287   1.9569225 1.9227262 1.6445306 2.1186220 3.3828137 1.9162897 2.0104855 1.7289870 2.1615906 1.6638499 1.7000595 2.1355154 2.0388077 2.1092323 2.2650312 2.3017585 0.0000000 0.0968409 1.8102223 3.6199787 2.2781808 1.6957441 0.7529253 0.7369142 2.0252948 2.3574263 
n285_286   2.0228351 1.9855159 1.6120288 2.3473615 2.5201902 2.0396146 2.0515223 1.7686570 2.1783574 1.6306784 1.6401221 1.9405434 2.1113383 2.0325954 2.0439930 2.1741618 0.0968409 0.0000000 1.7382187 2.9918416 2.0049508 1.7031565 0.7821097 0.7731624 2.1025177 2.1839367 
n287_288   1.9714538 2.0564609 0.0668020 3.5611244 2.8361827 1.8938273 1.3134816 0.6021972 1.9828464 0.0630880 0.1408739 0.2703134 1.8630946 2.0320625 0.2639623 0.2690403 1.8102223 1.7382187 0.0000000 2.7844675 0.2453152 0.1287541 1.8577090 1.8645346 2.0007149 0.2644576 
n251_252   8.9999981 8.9999987 3.5187925 1.7791608 0.2680133 4.0231224 2.2159570 2.4805589 8.9999985 3.0862279 2.6140835 2.5310091 8.9999982 3.1520456 2.0856427 2.0879069 3.6199787 2.9918416 2.7844675 0.0000000 2.9995486 2.5281836 4.9267497 4.3263114 9.0000000 3.1007149 
n294_295   2.0606962 2.1541055 0.2307071 2.9898132 2.9825291 1.8970987 1.2531612 0.7293468 2.0416540 0.2498885 0.2394966 0.1246040 1.9424252 2.1636551 0.1447927 0.1619331 2.2781808 2.0049508 0.2453152 2.9995486 0.0000000 0.2348388 2.1841316 2.3433640 2.0010771 0.0412787 
n295_296   1.8524998 1.9283852 0.1245137 3.5672670 2.4876466 1.9122167 1.2607109 0.5875937 1.8761293 0.1327817 0.0519866 0.2352954 1.7551870 2.0161192 0.2297391 0.2299077 1.6957441 1.7031565 0.1287541 2.5281836 0.2348388 0.0000000 1.7822057 1.9106766 1.8067346 0.2395159 
n266_267   1.6935638 1.6931565 1.7880341 2.9448674 4.5720081 1.7589290 1.7909859 1.8436195 1.8646217 1.7761790 1.6264540 2.0976349 1.7640907 1.7421940 2.1086573 2.1583640 0.7529253 0.7821097 1.8577090 4.9267497 2.1841316 1.7822057 0.0000000 0.0968540 1.8334354 1.9986071 
n265_266   1.5677350 1.5674297 1.7659283 2.9222305 3.7968437 1.5969690 1.9282172 1.9339580 1.7789227 1.7828591 1.7341996 2.2325416 1.6288011 1.6599768 2.2960761 2.4055471 0.7369142 0.7731624 1.8645346 4.3263114 2.3433640 1.9106766 0.0968540 0.0000000 1.7448648 2.1846430 
n280_281   0.0704058 0.0778172 1.9770350 3.9925179 8.9999988 0.4190893 1.7467567 1.8661931 0.1204245 2.0199050 1.8470877 1.8180023 0.0777858 0.3965180 2.0464203 2.0994906 2.0252948 2.1025177 2.0007149 9.0000000 2.0010771 1.8067346 1.8334354 1.7448648 0.0000000 2.0905850 
n293_294   2.1846656 2.2900593 0.2400057 3.3757081 3.3546275 1.8308455 1.3024137 0.7104076 2.1198257 0.2594337 0.2394641 0.1368391 2.0523299 2.1192488 0.1529898 0.1703428 2.3574263 2.1839367 0.2644576 3.1007149 0.0412787 0.2395159 1.9986071 2.1846430 2.0905850 0.0000000 
