25
n292_293   0.0000000 0.2194629 0.2238614 0.2194902 0.3250826 0.2200720 0.0067125 0.2288208 0.0202974 0.2284728 0.3253753 0.2427287 0.0626812 0.2238979 0.2285415 0.3792742 0.2239906 0.2239187 0.2284058 0.2244855 0.2511693 0.2245430 0.0663746 0.0100900 0.2383155 
n287_288   0.2194629 0.0000000 0.0033350 0.0168399 0.3045726 0.2015148 0.2193806 0.0202749 0.2281450 0.0066875 0.3046191 0.0661849 0.2287811 0.0271079 0.0271144 0.3569501 0.0168359 0.0033357 0.0066856 0.2237392 0.1152042 0.2058631 0.2287214 0.2238379 0.2419481 
n290_291   0.2238614 0.0033350 0.0000000 0.0202474 0.3094634 0.2058113 0.2237772 0.0237005 0.2236693 0.0100506 0.3095091 0.0698126 0.2332365 0.0305566 0.0305640 0.3621784 0.0202426 0.0066842 0.0100478 0.2281577 0.1190645 0.2101825 0.2331753 0.2282589 0.2418135 
n294_295   0.2194902 0.0168399 0.0202474 0.0000000 0.2997613 0.2059997 0.2194079 0.0100707 0.2281728 0.0236850 0.2998067 0.0698058 0.2288090 0.0168301 0.0168341 0.3623435 0.0066902 0.0202517 0.0236784 0.2329442 0.1230567 0.2103755 0.2287493 0.2238654 0.2513880 
n251_252   0.3250826 0.3045726 0.3094634 0.2997613 0.0000000 0.3091332 0.3249525 0.3051010 0.3300021 0.3146669 0.0271675 0.3520686 0.3569771 0.3093841 0.3097962 0.2658445 0.2996769 0.3095488 0.3145719 0.3042655 0.3456690 0.3093124 0.3568615 0.3248049 0.3196388 
n286_287   0.2200720 0.2015148 0.2058113 0.2059997 0.3091332 0.0000000 0.2199890 0.2151420 0.2287829 0.2103020 0.3143697 0.2333313 0.2340179 0.2236496 0.2237037 0.3790634 0.2104164 0.2058631 0.2102406 0.1188901 0.2418491 0.0033350 0.2383870 0.2199779 0.1268597 
n300_301   0.0067125 0.2193806 0.2237772 0.2194079 0.3249525 0.2199890 0.0000000 0.2287342 0.0202905 0.2283867 0.3252449 0.2426359 0.0626596 0.2238137 0.2284543 0.3791170 0.2239064 0.2238344 0.2283197 0.2244006 0.2510732 0.2244580 0.0663517 0.0100866 0.2382246 
n275_276   0.2288208 0.0202749 0.0237005 0.0100707 0.3051010 0.2151420 0.2287342 0.0000000 0.2376102 0.0271588 0.3051467 0.0772920 0.2382790 0.0202630 0.0202678 0.3517349 0.0100683 0.0237056 0.0271513 0.2424573 0.1271371 0.2195755 0.2382158 0.2332524 0.2611589 
n274_275   0.0202974 0.2281450 0.2236693 0.2281728 0.3300021 0.2287829 0.0202905 0.2376102 0.0000000 0.2372501 0.3303009 0.2516740 0.0698919 0.2326246 0.2373206 0.3788463 0.2281116 0.2326462 0.2371801 0.2332376 0.2601809 0.2332998 0.0736222 0.0237228 0.2425481 
n289_290   0.2284728 0.0066875 0.0100506 0.0236850 0.3146669 0.2103020 0.2283867 0.0271588 0.2372501 0.0000000 0.3147140 0.0698549 0.2379161 0.0340433 0.0340515 0.3677918 0.0236794 0.0100527 0.0134325 0.2327942 0.1230357 0.2147008 0.2378531 0.2328978 0.2512258 
n255_256   0.3253753 0.3046191 0.3095091 0.2998067 0.0271675 0.3143697 0.3252449 0.3051467 0.3303009 0.3147140 0.0000000 0.3521157 0.3573057 0.3094298 0.3098421 0.2658875 0.2997223 0.3095945 0.3146178 0.3046641 0.3406992 0.3145523 0.3571899 0.3250977 0.3200624 
n236_237   0.2427287 0.0661849 0.0698126 0.0698058 0.3520686 0.2333313 0.2426359 0.0772920 0.2516740 0.0698549 0.3521157 0.0000000 0.2428353 0.0845729 0.0845934 0.3968665 0.0735046 0.0698282 0.0734886 0.2613538 0.1391822 0.2378747 0.2427704 0.2472418 0.2758974 
n278_279   0.0626812 0.2287811 0.2332365 0.2288090 0.3569771 0.2340179 0.0626596 0.2382790 0.0698919 0.2379161 0.3573057 0.2428353 0.0000000 0.2332752 0.2379871 0.4019915 0.2333724 0.2289079 0.2334332 0.2476917 0.2562859 0.2385773 0.0203326 0.0662894 0.2619864 
n297_298   0.2238979 0.0271079 0.0305566 0.0168301 0.3093841 0.2236496 0.2238137 0.0202630 0.2326246 0.0340433 0.3094298 0.0845729 0.2332752 0.0000000 0.0066805 0.3727450 0.0168261 0.0305632 0.0340338 0.2512394 0.1348395 0.2281256 0.2332139 0.2282964 0.2701324 
n298_299   0.2285415 0.0271144 0.0305640 0.0168341 0.3097962 0.2237037 0.2284543 0.0202678 0.2373206 0.0340515 0.3098421 0.0845934 0.2379871 0.0066805 0.0000000 0.3784796 0.0168301 0.0305705 0.0340420 0.2468223 0.1348723 0.2193080 0.2379241 0.2329669 0.2656191 
n244_245   0.3792742 0.3569501 0.3621784 0.3623435 0.2658445 0.3790634 0.3791170 0.3517349 0.3788463 0.3677918 0.2658875 0.3968665 0.4019915 0.3727450 0.3784796 0.0000000 0.3516212 0.3622836 0.3676778 0.4073814 0.4116979 0.3845566 0.4018502 0.3846527 0.4251235 
n293_294   0.2239906 0.0168359 0.0202426 0.0066902 0.2996769 0.2104164 0.2239064 0.0100683 0.2281116 0.0236794 0.2997223 0.0735046 0.2333724 0.0168261 0.0168301 0.3516212 0.0000000 0.0202469 0.0236728 0.2375260 0.1230259 0.2148178 0.2333110 0.2283910 0.2560848 
n296_297   0.2239187 0.0033357 0.0066842 0.0202517 0.3095488 0.2058631 0.2238344 0.0237056 0.2326462 0.0100527 0.3095945 0.0698282 0.2289079 0.0305632 0.0305705 0.3622836 0.0202469 0.0000000 0.0033364 0.2282164 0.1151754 0.2102357 0.2288481 0.2283176 0.2465323 
n295_296   0.2284058 0.0066856 0.0100478 0.0236784 0.3145719 0.2102406 0.2283197 0.0271513 0.2371801 0.0134325 0.3146178 0.0734886 0.2334332 0.0340338 0.0340420 0.3676778 0.0236728 0.0033364 0.0000000 0.2327257 0.1190633 0.2146379 0.2333718 0.2328293 0.2511514 
n266_267   0.2244855 0.2237392 0.2281577 0.2329442 0.3042655 0.1188901 0.2244006 0.2424573 0.2332376 0.2327942 0.3046641 0.2613538 0.2476917 0.2512394 0.2468223 0.4073814 0.2375260 0.2282164 0.2327257 0.0000000 0.2562432 0.1189518 0.2476250 0.2243896 0.0168735 
n200_201   0.2511693 0.1152042 0.1190645 0.1230567 0.3456690 0.2418491 0.2510732 0.1271371 0.2601809 0.1230357 0.3406992 0.1391822 0.2562859 0.1348395 0.1348723 0.4116979 0.1230259 0.1151754 0.1190633 0.2562432 0.0000000 0.2464324 0.2562160 0.2557181 0.2752835 
n285_286   0.2245430 0.2058631 0.2101825 0.2103755 0.3093124 0.0033350 0.2244580 0.2195755 0.2332998 0.2147008 0.3145523 0.2378747 0.2385773 0.2281256 0.2193080 0.3845566 0.2148178 0.2102357 0.2146379 0.1189518 0.2464324 0.0000000 0.2429685 0.2244469 0.1269258 
n277_278   0.0663746 0.2287214 0.2331753 0.2287493 0.3568615 0.2383870 0.0663517 0.2382158 0.0736222 0.2378531 0.3571899 0.2427704 0.0203326 0.2332139 0.2379241 0.4018502 0.2333110 0.2288481 0.2333718 0.2476250 0.2562160 0.2429685 0.0000000 0.0700018 0.2619141 
n280_281   0.0100900 0.2238379 0.2282589 0.2238654 0.3248049 0.2199779 0.0100866 0.2332524 0.0237228 0.2328978 0.3250977 0.2472418 0.0662894 0.2282964 0.2329669 0.3846527 0.2283910 0.2283176 0.2328293 0.2243896 0.2557181 0.2244469 0.0700018 0.0000000 0.2382136 
n265_266   0.2383155 0.2419481 0.2418135 0.2513880 0.3196388 0.1268597 0.2382246 0.2611589 0.2425481 0.2512258 0.3200624 0.2758974 0.2619864 0.2701324 0.2656191 0.4251235 0.2560848 0.2465323 0.2511514 0.0168735 0.2752835 0.1269258 0.2619141 0.2382136 0.0000000 
