26
n294_267   0.0000000 2.4828256 0.3036174 0.1167034 2.6738544 0.1009325 1.1594966 2.8050429 2.5401082 0.3509408 0.6085427 2.0721602 0.3242796 2.3491691 0.3191222 2.1414762 0.6204098 2.7264167 0.1127606 0.0272967 3.2043276 3.0157431 2.1444487 2.7404167 2.7483054 0.3402883 
n277_250   2.4828256 0.0000000 2.4602604 2.4318967 0.4444590 2.2568018 2.3327315 0.4397659 0.4584635 2.5323216 2.5563865 1.8752805 2.5295666 1.7470517 2.6249178 1.6909159 2.5333632 0.1361210 3.0952158 2.3534643 2.3036873 0.4154065 1.8635929 2.2965292 0.4463269 2.3890896 
n295_268   0.3036174 2.4602604 0.0000000 0.2780808 2.5213916 0.2988581 1.1349229 2.5747257 2.2687061 0.1842594 0.6507640 2.1319959 0.1583997 2.2789984 0.0450816 2.2307104 0.6537617 2.7224927 0.2980451 0.3190047 2.7073937 2.7267105 2.6052983 2.5450801 2.5665926 0.1583214 
n298_271   0.1167034 2.4318967 0.2780808 0.0000000 2.4355014 0.0414236 1.1465568 2.6187843 2.2748020 0.2922334 0.5761606 2.2418969 0.2831141 2.0412127 0.2931186 1.9882632 0.5973863 2.8624409 0.1126521 0.1328385 2.6043919 2.5013969 2.2509826 2.4954867 2.4375432 0.2928962 
n300_273   2.6738544 0.4444590 2.5213916 2.4355014 0.0000000 2.3036993 2.7291119 0.0270229 0.0480123 2.6041690 2.7607080 1.8466751 2.5090195 1.4478383 2.7615003 1.5929047 2.7144245 0.4654604 2.9547408 2.5388601 1.9477272 0.1112254 1.6107924 2.1972980 0.0845878 2.5114623 
n297_270   0.1009325 2.2568018 0.2988581 0.0414236 2.3036993 0.0000000 1.2291742 2.4621407 2.2191289 0.3080321 0.5760421 2.2843069 0.2933943 2.1306624 0.3193963 2.0365900 0.5819177 2.6039807 0.1165653 0.1166873 3.2165984 2.4754288 2.2930370 2.6784447 2.3708378 0.3087563 
n200_177   1.1594966 2.3327315 1.1349229 1.1465568 2.7291119 1.2291742 0.0000000 2.6282797 2.3762633 1.2689607 1.4315971 2.1154524 1.2208614 2.3676555 1.1968042 2.6464235 1.2749650 2.3026560 1.2088846 1.1276129 2.9657356 3.1446691 2.2653341 2.7338897 2.4575034 1.2401069 
n299_272   2.8050429 0.4397659 2.5747257 2.6187843 0.0270229 2.4621407 2.6282797 0.0000000 0.0624355 2.7515040 2.9362762 1.7509804 2.6450903 1.4183161 2.8245667 1.5574234 2.7304273 0.4606633 3.2373743 2.6793632 1.9519157 0.1192894 1.6361559 2.2053172 0.0960961 2.5197007 
n292_265   2.5401082 0.4584635 2.2687061 2.2748020 0.0480123 2.2191289 2.3762633 0.0624355 0.0000000 2.8205611 2.9090796 1.9414237 2.5944557 1.5211063 2.4564393 1.6198393 2.8294122 0.4667189 2.9502391 2.4854386 1.9647640 0.1271921 1.7749809 2.2215802 0.0960645 2.5942503 
n287_260   0.3509408 2.5323216 0.1842594 0.2922334 2.6041690 0.3080321 1.2689607 2.7515040 2.8205611 0.0000000 0.6639021 2.0510279 0.0779110 2.0095146 0.1886536 2.0037183 0.6553051 2.4080106 0.3275119 0.3673041 2.9509978 3.2203456 2.1144080 2.7416342 2.9620847 0.0854662 
n236_213   0.6085427 2.5563865 0.6507640 0.5761606 2.7607080 0.5760421 1.4315971 2.9362762 2.9090796 0.6639021 0.0000000 2.1001046 0.6916935 2.1763825 0.6607090 2.1691152 0.3028956 2.7370295 0.5816385 0.6173022 4.8005463 2.5810749 2.2096555 4.1421280 2.5667674 0.6312874 
n265_238   2.0721602 1.8752805 2.1319959 2.2418969 1.8466751 2.2843069 2.1154524 1.7509804 1.9414237 2.0510279 2.1001046 0.0000000 2.1420441 1.2233588 2.1024971 1.1953706 2.5430369 1.8748478 2.2970240 2.0049041 2.2760135 1.9920244 0.1873136 2.3079065 1.8634527 2.2626361 
n289_262   0.3242796 2.5295666 0.1583997 0.2831141 2.5090195 0.2933943 1.2208614 2.6450903 2.5944557 0.0779110 0.6916935 2.1420441 0.0000000 2.1811449 0.1581984 2.0482532 0.6686089 2.7279176 0.3078122 0.3292915 3.0018017 3.0623891 2.3498330 2.8740396 2.8376503 0.0593527 
n286_259   2.3491691 1.7470517 2.2789984 2.0412127 1.4478383 2.1306624 2.3676555 1.4183161 1.5211063 2.0095146 2.1763825 1.2233588 2.1811449 0.0000000 2.1094647 0.0890901 2.6295803 1.6448121 2.2250203 2.3367527 1.5847237 1.5296512 1.1801413 1.5850427 1.4834833 2.3295873 
n296_269   0.3191222 2.6249178 0.0450816 0.2931186 2.7615003 0.3193963 1.1968042 2.8245667 2.4564393 0.1886536 0.6607090 2.1024971 0.1581984 2.1094647 0.0000000 2.0660267 0.6539201 2.9377409 0.3134951 0.3462203 2.6610547 3.0428438 2.5556851 2.6767437 2.7573832 0.1668343 
n285_258   2.1414762 1.6909159 2.2307104 1.9882632 1.5929047 2.0365900 2.6464235 1.5574234 1.6198393 2.0037183 2.1691152 1.1953706 2.0482532 0.0890901 2.0660267 0.0000000 2.4890741 1.7036005 2.1608019 2.1280823 1.7239445 1.7789201 1.2187052 1.7041137 1.6351714 2.3246239 
n236_212   0.6204098 2.5333632 0.6537617 0.5973863 2.7144245 0.5819177 1.2749650 2.7304273 2.8294122 0.6553051 0.3028956 2.5430369 0.6686089 2.6295803 0.6539201 2.4890741 0.0000000 2.6525082 0.5952094 0.5982215 2.8339889 3.0609579 3.0193157 2.5136451 2.8257582 0.6260065 
n278_251   2.7264167 0.1361210 2.7224927 2.8624409 0.4654604 2.6039807 2.3026560 0.4606633 0.4667189 2.4080106 2.7370295 1.8748478 2.7279176 1.6448121 2.9377409 1.7036005 2.6525082 0.0000000 2.8098454 2.5151765 2.1294611 0.4355321 1.8471615 2.0562138 0.4600326 2.5597481 
n275_248   0.1127606 3.0952158 0.2980451 0.1126521 2.9547408 0.1165653 1.2088846 3.2373743 2.9502391 0.3275119 0.5816385 2.2970240 0.3078122 2.2250203 0.3134951 2.1608019 0.5952094 2.8098454 0.0000000 0.1206815 3.6715566 3.0050505 2.3690542 2.9486628 3.0822674 0.3180255 
n293_266   0.0272967 2.3534643 0.3190047 0.1328385 2.5388601 0.1166873 1.1276129 2.6793632 2.4854386 0.3673041 0.6173022 2.0049041 0.3292915 2.3367527 0.3462203 2.1280823 0.5982215 2.5151765 0.1206815 0.0000000 3.4638973 3.0500458 2.0713793 2.6631370 2.7741111 0.3511844 
n255_228   3.2043276 2.3036873 2.7073937 2.6043919 1.9477272 3.2165984 2.9657356 1.9519157 1.9647640 2.9509978 4.8005463 2.2760135 3.0018017 1.5847237 2.6610547 1.7239445 2.8339889 2.1294611 3.6715566 3.4638973 0.0000000 1.9724693 2.6319856 0.2429828 1.8647994 2.9956457 
n274_247   3.0157431 0.4154065 2.7267105 2.5013969 0.1112254 2.4754288 3.1446691 0.1192894 0.1271921 3.2203456 2.5810749 1.9920244 3.0623891 1.5296512 3.0428438 1.7789201 3.0609579 0.4355321 3.0050505 3.0500458 1.9724693 0.0000000 1.7990647 2.1753158 0.0922330 3.0702515 
n266_239   2.1444487 1.8635929 2.6052983 2.2509826 1.6107924 2.2930370 2.2653341 1.6361559 1.7749809 2.1144080 2.2096555 0.1873136 2.3498330 1.1801413 2.5556851 1.2187052 3.0193157 1.8471615 2.3690542 2.0713793 2.6319856 1.7990647 0.0000000 2.8769009 1.6125610 2.4774754 
n251_224   2.7404167 2.2965292 2.5450801 2.4954867 2.1972980 2.6784447 2.7338897 2.2053172 2.2215802 2.7416342 4.1421280 2.3079065 2.8740396 1.5850427 2.6767437 1.7041137 2.5136451 2.0562138 2.9486628 2.6631370 0.2429828 2.1753158 2.8769009 0.0000000 2.1372720 2.7954561 
n280_253   2.7483054 0.4463269 2.5665926 2.4375432 0.0845878 2.3708378 2.4575034 0.0960961 0.0960645 2.9620847 2.5667674 1.8634527 2.8376503 1.4834833 2.7573832 1.6351714 2.8257582 0.4600326 3.0822674 2.7741111 1.8647994 0.0922330 1.6125610 2.1372720 0.0000000 2.8405834 
n290_263   0.3402883 2.3890896 0.1583214 0.2928962 2.5114623 0.3087563 1.2401069 2.5197007 2.5942503 0.0854662 0.6312874 2.2626361 0.0593527 2.3295873 0.1668343 2.3246239 0.6260065 2.5597481 0.3180255 0.3511844 2.9956457 3.0702515 2.4774754 2.7954561 2.8405834 0.0000000 
