24
n292_293   0.0000000 0.2791762 0.2792402 0.2694674 0.4792593 0.2935338 0.0033328 0.2745325 0.0066797 0.5062928 0.2845990 0.0589369 0.2844704 0.2794535 0.4915310 0.2743308 0.2596709 0.2548187 0.2994433 0.2402265 0.2738867 0.0517167 0.0168255 0.3206080 
n287_288   0.2791762 0.0000000 0.0067064 0.0702930 0.4234348 0.2842551 0.2792013 0.0703610 0.2840663 0.4546926 0.1084602 0.2890975 0.0703559 0.0666594 0.4480076 0.0777354 0.0272437 0.0237764 0.2848047 0.1485554 0.2796024 0.2888329 0.2793917 0.2951939 
n290_291   0.2792402 0.0067064 0.0000000 0.0629209 0.4174540 0.2742492 0.2792653 0.0629815 0.2841316 0.4484515 0.1006569 0.2891643 0.0629769 0.0593205 0.4418253 0.0702825 0.0203274 0.0168959 0.2747741 0.1402933 0.2696516 0.2888995 0.2794558 0.2850037 
n294_295   0.2694674 0.0702930 0.0629209 0.0000000 0.3880441 0.2549673 0.2694915 0.0134986 0.2742964 0.4240070 0.0853311 0.2792613 0.0169098 0.0134939 0.4113785 0.0067114 0.0484365 0.0448570 0.2507101 0.1241430 0.2504696 0.2742284 0.2696728 0.2655509 
n251_252   0.4792593 0.4234348 0.4174540 0.3880441 0.0000000 0.4534082 0.4726568 0.4000889 0.4727568 0.0628061 0.4059247 0.4857525 0.3998995 0.3939691 0.3318174 0.3997689 0.3992373 0.3993728 0.3818033 0.3591238 0.4477350 0.4723306 0.4860412 0.3937943 
n286_287   0.2935338 0.2842551 0.2742492 0.2549673 0.4534082 0.0000000 0.2884623 0.2648444 0.2834322 0.4862443 0.2503433 0.2985607 0.2647187 0.2598409 0.4855293 0.2454828 0.2596937 0.2548410 0.1772459 0.2170397 0.0134448 0.2883024 0.2986719 0.1904696 
n300_301   0.0033328 0.2792013 0.2792653 0.2694915 0.4726568 0.2884623 0.0000000 0.2745572 0.0033315 0.4994363 0.2795750 0.0553229 0.2844961 0.2794787 0.4848235 0.2743554 0.2596940 0.2548413 0.2943170 0.2355207 0.2689495 0.0481419 0.0134263 0.3153192 
n275_276   0.2745325 0.0703610 0.0629815 0.0134986 0.4000889 0.2648444 0.2745572 0.0000000 0.2793962 0.4303613 0.0854146 0.2843987 0.0169255 0.0135064 0.4238295 0.0203493 0.0484827 0.0448997 0.2605435 0.1242674 0.2602917 0.2793263 0.2747433 0.2756159 
n274_275   0.0066797 0.2840663 0.2841316 0.2742964 0.4727568 0.2834322 0.0033315 0.2793962 0.0000000 0.4995439 0.2794912 0.0589129 0.2894000 0.2843494 0.4911976 0.2791903 0.2644364 0.2595525 0.2992813 0.2401055 0.2640522 0.0516957 0.0168189 0.3204300 
n255_256   0.5062928 0.4546926 0.4484515 0.4240070 0.0628061 0.4862443 0.4994363 0.4303613 0.4995439 0.0000000 0.4240138 0.5059939 0.4301579 0.4239680 0.3533852 0.4363425 0.4294262 0.4295751 0.4053957 0.3817619 0.4803491 0.4990794 0.5133480 0.4178195 
n236_237   0.2845990 0.1084602 0.1006569 0.0853311 0.4059247 0.2503433 0.2795750 0.0854146 0.2794912 0.4240138 0.0000000 0.2995197 0.0891857 0.0853841 0.4299427 0.0929446 0.0853548 0.0815712 0.2554629 0.1202986 0.2458676 0.2892215 0.2797659 0.2704192 
n278_279   0.0589369 0.2890975 0.2891643 0.2792613 0.4857525 0.2985607 0.0553229 0.2843987 0.0589129 0.5059939 0.2995197 0.0000000 0.2944739 0.2893869 0.4906238 0.2843166 0.2693323 0.2644141 0.3095222 0.2542413 0.2787848 0.0134135 0.0698656 0.3257102 
n297_298   0.2844704 0.0703559 0.0629769 0.0169098 0.3998995 0.2647187 0.2844961 0.0169255 0.2894000 0.4301579 0.0891857 0.2944739 0.0000000 0.0033514 0.4114254 0.0237928 0.0520637 0.0484628 0.2604196 0.1282434 0.2601680 0.2893261 0.2846917 0.2754847 
n298_299   0.2794535 0.0666594 0.0593205 0.0134939 0.3939691 0.2598409 0.2794787 0.0135064 0.2843494 0.4239680 0.0853841 0.2893869 0.0033514 0.0000000 0.4054027 0.0203422 0.0484655 0.0448839 0.2555626 0.1242228 0.2553166 0.2842776 0.2796695 0.2705157 
n244_245   0.4915310 0.4480076 0.4418253 0.4113785 0.3318174 0.4855293 0.4848235 0.4238295 0.4911976 0.3533852 0.4299427 0.4906238 0.4114254 0.4054027 0.0000000 0.4234855 0.4231906 0.4233367 0.4165627 0.3814269 0.4796452 0.4904708 0.5053185 0.4479709 
n293_294   0.2743308 0.0777354 0.0702825 0.0067114 0.3997689 0.2454828 0.2743554 0.0203493 0.2791903 0.4363425 0.0929446 0.2843166 0.0237928 0.0203422 0.4234855 0.0000000 0.0556446 0.0520269 0.2603533 0.1282256 0.2410341 0.2792460 0.2745412 0.2754125 
n296_297   0.2596709 0.0272437 0.0203274 0.0484365 0.3992373 0.2596937 0.2596940 0.0484827 0.2644364 0.4294262 0.0853548 0.2693323 0.0520637 0.0484655 0.4231906 0.0556446 0.0000000 0.0033462 0.2601840 0.1241255 0.2551721 0.2690909 0.2598663 0.2752447 
n295_296   0.2548187 0.0237764 0.0168959 0.0448570 0.3993728 0.2548410 0.2548413 0.0448997 0.2595525 0.4295751 0.0815712 0.2644141 0.0484628 0.0448839 0.4233367 0.0520269 0.0033462 0.0000000 0.2553198 0.1201256 0.2503456 0.2641783 0.2550092 0.2702676 
n266_267   0.2994433 0.2848047 0.2747741 0.2507101 0.3818033 0.1772459 0.2943170 0.2605435 0.2992813 0.4053957 0.2554629 0.3095222 0.2604196 0.2555626 0.4165627 0.2603533 0.2601840 0.2553198 0.0000000 0.2128813 0.1731501 0.2990814 0.3097437 0.0447546 
n200_201   0.2402265 0.1485554 0.1402933 0.1241430 0.3591238 0.2170397 0.2355207 0.1242674 0.2401055 0.3817619 0.1202986 0.2542413 0.1282434 0.1242228 0.3814269 0.1282256 0.1241255 0.1201256 0.2128813 0.0000000 0.2127462 0.2399445 0.2403304 0.2268708 
n285_286   0.2738867 0.2796024 0.2696516 0.2504696 0.4477350 0.0134448 0.2689495 0.2602917 0.2640522 0.4803491 0.2458676 0.2787848 0.2601680 0.2553166 0.4796452 0.2410341 0.2551721 0.2503456 0.1731501 0.2127462 0.0000000 0.2688037 0.2788851 0.1863046 
n277_278   0.0517167 0.2888329 0.2888995 0.2742284 0.4723306 0.2883024 0.0481419 0.2793263 0.0516957 0.4990794 0.2892215 0.0134135 0.2893261 0.2842776 0.4904708 0.2792460 0.2690909 0.2641783 0.2990814 0.2399445 0.2688037 0.0000000 0.0625285 0.3150090 
n280_281   0.0168255 0.2793917 0.2794558 0.2696728 0.4860412 0.2986719 0.0134263 0.2747433 0.0168189 0.5133480 0.2797659 0.0698656 0.2846917 0.2796695 0.5053185 0.2745412 0.2598663 0.2550092 0.3097437 0.2403304 0.2788851 0.0625285 0.0000000 0.3312379 
n265_266   0.3206080 0.2951939 0.2850037 0.2655509 0.3937943 0.1904696 0.3153192 0.2756159 0.3204300 0.4178195 0.2704192 0.3257102 0.2754847 0.2705157 0.4479709 0.2754125 0.2752447 0.2702676 0.0447546 0.2268708 0.1863046 0.3150090 0.3312379 0.0000000 
