26
n299_300   0.0000000 0.0204239 1.8421035 2.4905644 3.1789152 0.5121287 2.1821814 1.7891148 0.1263649 2.0403026 2.2640286 2.0104494 0.0344504 0.5424322 1.8056836 1.8554915 2.1430904 2.1367222 2.1408900 3.7619334 1.9613708 2.2050550 2.0152706 2.1382162 0.0980379 1.9231411 
n300_301   0.0204239 0.0000000 1.9175149 2.2956984 2.8954924 0.5115917 2.0767652 1.7165540 0.1220508 2.0413706 2.2658617 1.9597435 0.0204299 0.5418591 1.7647546 1.8122405 2.1405954 2.1342457 2.1422602 3.3238166 1.9534290 2.2066540 1.9232343 2.0418601 0.0939747 1.9155178 
n290_291   1.8421035 1.9175149 0.0000000 2.5286717 3.0113698 1.7317377 1.0099746 0.5778099 1.8823499 0.0595963 0.1457832 0.3304722 1.9194284 1.5784606 0.3136583 0.3195028 2.7628600 2.7974829 0.0559084 4.0619869 0.3478025 0.1543517 2.3191012 2.1148548 2.0586929 0.3307868 
n244_245   2.4905644 2.2956984 2.5286717 0.0000000 2.1890027 3.2252968 2.6763929 3.1803336 2.6619688 2.7353740 3.4127826 2.9681569 2.4365604 5.5061255 2.9745479 2.7987822 3.0141157 3.2069616 2.7269824 2.1224171 2.9929326 3.0615040 2.5759675 2.4634830 2.7690564 2.7329321 
n255_256   3.1789152 2.8954924 3.0113698 2.1890027 0.0000000 3.5570335 3.6233823 4.1362666 2.6544091 3.2275535 4.6431215 3.5166066 2.7373346 3.9084188 2.6876772 2.6974361 9.0000000 9.0000000 3.2316169 0.3351243 3.0053937 4.0408130 8.9999989 9.0000000 2.5875779 3.3904481 
n277_278   0.5121287 0.5115917 1.7317377 3.2252968 3.5570335 0.0000000 2.2854903 2.2534336 0.4354707 1.7636569 2.0275370 1.9435193 0.4892219 0.1251708 1.7253120 1.7612579 2.1919496 2.0901402 1.8400541 3.1822032 1.9510523 2.1202158 1.8308698 1.9315244 0.4635514 2.0754833 
n200_201   2.1821814 2.0767652 1.0099746 2.6763929 3.6233823 2.2854903 0.0000000 0.9352521 2.0189798 1.0073444 0.9723657 1.0591530 2.0716613 1.8617188 1.0409242 1.0579638 2.0630774 1.9441437 1.0211136 2.7395170 1.1069839 0.9874407 2.3852799 2.2703027 2.2808545 1.0898429 
n236_237   1.7891148 1.7165540 0.5778099 3.1803336 4.1362666 2.2534336 0.9352521 0.0000000 1.6315735 0.5856084 0.5349796 0.5538972 1.7863880 1.7587907 0.5774573 0.5618267 2.6139485 2.7123369 0.5454885 2.8912977 0.5607230 0.5276357 2.3101560 2.0116575 1.7869754 0.5838197 
n274_275   0.1263649 0.1220508 1.8823499 2.6619688 2.6544091 0.4354707 2.0189798 1.6315735 0.0000000 2.0430113 2.5236702 2.0256957 0.1137722 0.4556084 1.7773446 1.8257008 2.0114590 1.8870340 2.2518325 3.1189750 2.0605361 2.4491041 2.0918580 2.0857523 0.1182631 2.0183910 
n289_290   2.0403026 2.0413706 0.0595963 2.7353740 3.2275535 1.7636569 1.0073444 0.5856084 2.0430113 0.0000000 0.1456478 0.3139171 2.0836741 1.5769031 0.3191618 0.3192554 2.5297937 2.5562610 0.0558262 4.4647474 0.3359806 0.1542067 2.4447055 2.2630300 2.2498560 0.3250790 
n296_297   2.2640286 2.2658617 0.1457832 3.4127826 4.6431215 2.0275370 0.9723657 0.5349796 2.5236702 0.1456478 0.0000000 0.2756452 2.2684381 1.9220630 0.2807720 0.2859705 2.6080142 2.3120020 0.1371792 7.1374265 0.2802363 0.0306884 2.4643899 2.4777662 2.6955816 0.2859297 
n275_276   2.0104494 1.9597435 0.3304722 2.9681569 3.5166066 1.9435193 1.0591530 0.5538972 2.0256957 0.3139171 0.2756452 0.0000000 2.0103352 1.7050121 0.1714574 0.1627690 2.5316823 2.2035839 0.3137308 4.7944166 0.1668700 0.3024977 2.3725790 2.3828009 1.9441753 0.1710580 
n292_293   0.0344504 0.0204299 1.9194284 2.4365604 2.7373346 0.4892219 2.0716613 1.7863880 0.1137722 2.0836741 2.2684381 2.0103352 0.0000000 0.5184889 1.8056155 1.8554178 2.1422949 2.0876001 2.1968891 3.2337178 2.0034482 2.2091218 2.0585659 2.1877008 0.0861724 1.9636507 
n278_279   0.5424322 0.5418591 1.5784606 5.5061255 3.9084188 0.1251708 1.8617188 1.7587907 0.4556084 1.5769031 1.9220630 1.7050121 0.5184889 0.0000000 1.5907685 1.6256033 1.9415389 2.0192891 1.6678239 3.7090386 1.7460077 2.0050372 1.6956354 1.7871229 0.5063030 1.7146971 
n298_299   1.8056836 1.7647546 0.3136583 2.9745479 2.6876772 1.7253120 1.0409242 0.5774573 1.7773446 0.3191618 0.2807720 0.1714574 1.8056155 1.5907685 0.0000000 0.0272075 2.0534482 1.7959359 0.3187851 5.2224953 0.1843989 0.2967876 2.1609113 2.1176136 1.7903772 0.1844346 
n297_298   1.8554915 1.8122405 0.3195028 2.7987822 2.6974361 1.7612579 1.0579638 0.5618267 1.8257008 0.3192554 0.2859705 0.1627690 1.8554178 1.6256033 0.0272075 0.0000000 2.1413905 1.8996676 0.3188785 5.3109093 0.1755492 0.3021207 2.2102857 2.1650226 1.8394256 0.1755819 
n286_287   2.1430904 2.1405954 2.7628600 3.0141157 9.0000000 2.1919496 2.0630774 2.6139485 2.0114590 2.5297937 2.6080142 2.5316823 2.1422949 1.9415389 2.0534482 2.1413905 0.0000000 0.0816148 2.7487229 8.9999984 2.2328928 2.8692284 1.0690176 1.0420916 2.3039246 2.3613932 
n285_286   2.1367222 2.1342457 2.7974829 3.2069616 9.0000000 2.0901402 1.9441437 2.7123369 1.8870340 2.5562610 2.3120020 2.2035839 2.0876001 2.0192891 1.7959359 1.8996676 0.0816148 0.0000000 2.6180126 5.0297804 2.0525580 2.4406518 1.0125578 0.9873372 2.1504028 2.2157064 
n287_288   2.1408900 2.1422602 0.0559084 2.7269824 3.2316169 1.8400541 1.0211136 0.5454885 2.2518325 0.0558262 0.1371792 0.3137308 2.1968891 1.6678239 0.3187851 0.3188785 2.7487229 2.6180126 0.0000000 4.7484858 0.3413398 0.1456136 2.4400569 2.3196556 2.4386680 0.3360948 
n251_252   3.7619334 3.3238166 4.0619869 2.1224171 0.3351243 3.1822032 2.7395170 2.8912977 3.1189750 4.4647474 7.1374265 4.7944166 3.2337178 3.7090386 5.2224953 5.3109093 8.9999984 5.0297804 4.7484858 0.0000000 3.9064611 6.6538571 2.7232935 2.9957565 2.8642632 4.8545927 
n294_295   1.9613708 1.9534290 0.3478025 2.9929326 3.0053937 1.9510523 1.1069839 0.5607230 2.0605361 0.3359806 0.2802363 0.1668700 2.0034482 1.7460077 0.1843989 0.1755492 2.2328928 2.0525580 0.3413398 3.9064611 0.0000000 0.2909742 2.2667851 2.1303096 2.0284104 0.0593602 
n295_296   2.2050550 2.2066540 0.1543517 3.0615040 4.0408130 2.1202158 0.9874407 0.5276357 2.4491041 0.1542067 0.0306884 0.3024977 2.2091218 2.0050372 0.2967876 0.3021207 2.8692284 2.4406518 0.1456136 6.6538571 0.2909742 0.0000000 2.2886760 2.3662558 2.5239550 0.3128757 
n266_267   2.0152706 1.9232343 2.3191012 2.5759675 8.9999989 1.8308698 2.3852799 2.3101560 2.0918580 2.4447055 2.4643899 2.3725790 2.0585659 1.6956354 2.1609113 2.2102857 1.0690176 1.0125578 2.4400569 2.7232935 2.2667851 2.2886760 0.0000000 0.1535929 2.2023672 2.1447148 
n265_266   2.1382162 2.0418601 2.1148548 2.4634830 9.0000000 1.9315244 2.2703027 2.0116575 2.0857523 2.2630300 2.4777662 2.3828009 2.1877008 1.7871229 2.1176136 2.1650226 1.0420916 0.9873372 2.3196556 2.9957565 2.1303096 2.3662558 0.1535929 0.0000000 2.2443222 2.1070284 
n280_281   0.0980379 0.0939747 2.0586929 2.7690564 2.5875779 0.4635514 2.2808545 1.7869754 0.1182631 2.2498560 2.6955816 1.9441753 0.0861724 0.5063030 1.7903772 1.8394256 2.3039246 2.1504028 2.4386680 2.8642632 2.0284104 2.5239550 2.2023672 2.2443222 0.0000000 2.0320782 
n293_294   1.9231411 1.9155178 0.3307868 2.7329321 3.3904481 2.0754833 1.0898429 0.5838197 2.0183910 0.3250790 0.2859297 0.1710580 1.9636507 1.7146971 0.1844346 0.1755819 2.3613932 2.2157064 0.3360948 4.8545927 0.0593602 0.3128757 2.1447148 2.1070284 2.0320782 0.0000000 
