26
n287_288   0.0000000 0.0100779 0.0962800 0.3520324 0.3167858 0.2866953 0.3116661 0.3216020 0.0447016 0.3270122 0.3269281 0.0168771 0.0376660 0.0412832 0.0341931 0.0100817 0.3015391 0.4009351 0.0168546 0.2817230 0.4368706 0.0412129 0.3212024 0.1552091 0.3576309 0.4165570 
n290_291   0.0100779 0.0000000 0.1000180 0.3570761 0.3116005 0.2817148 0.3164889 0.3264784 0.0482176 0.3319237 0.3318371 0.0202838 0.0411557 0.0447954 0.0376721 0.0134629 0.2964608 0.4179582 0.0202572 0.2767779 0.4547185 0.0447189 0.3260720 0.1592003 0.3627109 0.4338724 
n236_237   0.0962800 0.1000180 0.0000000 0.3373025 0.3028392 0.2872414 0.3124198 0.3223841 0.0925537 0.3174987 0.3277261 0.0962370 0.0850557 0.0890352 0.0813879 0.1000582 0.2878223 0.4022045 0.0961035 0.2775787 0.4260200 0.0888776 0.3219826 0.1516330 0.3427997 0.4118830 
n278_279   0.3520324 0.3570761 0.3373025 0.0000000 0.3475391 0.3103403 0.0512865 0.0548318 0.3632000 0.0655628 0.0584212 0.3574613 0.3526325 0.3372789 0.3476780 0.3572364 0.3316626 0.4111811 0.3674902 0.3055466 0.5310903 0.3582729 0.0547741 0.3359699 0.0033067 0.4216106 
n285_286   0.3167858 0.3116005 0.3028392 0.3475391 0.0000000 0.1198787 0.3429537 0.3536252 0.3169520 0.3645357 0.3486160 0.3115671 0.3069675 0.2924286 0.3022572 0.3217769 0.0135177 0.4619821 0.3210923 0.1042932 0.4608302 0.3021737 0.3531786 0.2910227 0.3531141 0.4726621 
n265_266   0.2866953 0.2817148 0.2872414 0.3103403 0.1198787 0.0000000 0.2956653 0.3053845 0.2915696 0.3104101 0.3105815 0.2816836 0.2819006 0.2678040 0.2773230 0.2915050 0.1081325 0.4193351 0.2908921 0.0203364 0.4363425 0.2772501 0.3050087 0.2566501 0.3156195 0.4238110 
n280_281   0.3116661 0.3164889 0.3124198 0.0512865 0.3429537 0.2956653 0.0000000 0.0099810 0.3222837 0.0200948 0.0133435 0.3219977 0.3122171 0.2975648 0.3074721 0.3166295 0.3271464 0.4061846 0.3264112 0.2909523 0.5055749 0.3175610 0.0099706 0.3006287 0.0548657 0.4165680 
n299_300   0.3216020 0.3264784 0.3223841 0.0548318 0.3536252 0.3053845 0.0099810 0.0000000 0.3270723 0.0234963 0.0099790 0.3320676 0.3221747 0.3073519 0.3173787 0.3266238 0.3375930 0.4119557 0.3365195 0.3006191 0.5183292 0.3275908 0.0066281 0.3104040 0.0584297 0.4224078 
n293_294   0.0447016 0.0482176 0.0925537 0.3632000 0.3169520 0.2915696 0.3222837 0.3270723 0.0000000 0.3429579 0.3324434 0.0411460 0.0067192 0.0169438 0.0101057 0.0482364 0.3016967 0.4364712 0.0410914 0.2865644 0.4672036 0.0169154 0.3266645 0.1551580 0.3688927 0.4527345 
n274_275   0.3270122 0.3319237 0.3174987 0.0655628 0.3645357 0.3104101 0.0200948 0.0234963 0.3429579 0.0000000 0.0269254 0.3375638 0.3326289 0.3176092 0.3277736 0.3320719 0.3482647 0.4233176 0.3420422 0.3056153 0.5255992 0.3381274 0.0234720 0.3157132 0.0692180 0.4342761 
n292_293   0.3269281 0.3318371 0.3277261 0.0584212 0.3486160 0.3105815 0.0133435 0.0099790 0.3324434 0.0269254 0.0000000 0.3374742 0.3275130 0.3125869 0.3226859 0.3319853 0.3326775 0.4180211 0.3419502 0.3057842 0.5253401 0.3329722 0.0099686 0.3156349 0.0620400 0.4285497 
n296_297   0.0168771 0.0202838 0.0962370 0.3574613 0.3115671 0.2816836 0.3219977 0.3320676 0.0411460 0.3375638 0.3374742 0.0000000 0.0341454 0.0377358 0.0306873 0.0202916 0.2964284 0.4065235 0.0066937 0.2767471 0.4604935 0.0376717 0.3316528 0.1510385 0.3631050 0.4222428 
n294_295   0.0376660 0.0411557 0.0850557 0.3526325 0.3069675 0.2819006 0.3122171 0.3221747 0.0067192 0.3326289 0.3275130 0.0341454 0.0000000 0.0101248 0.0033550 0.0411716 0.2919044 0.4247984 0.0341002 0.2769600 0.4550740 0.0101080 0.3217737 0.1470693 0.3582434 0.4408577 
n275_276   0.0412832 0.0447954 0.0890352 0.3372789 0.2924286 0.2678040 0.2975648 0.3073519 0.0169438 0.3176092 0.3125869 0.0377358 0.0101248 0.0000000 0.0067406 0.0448127 0.2776345 0.4263976 0.0376859 0.2629537 0.4564183 0.0135391 0.3069716 0.1473971 0.3427750 0.4425277 
n297_298   0.0341931 0.0376721 0.0813879 0.3476780 0.3022572 0.2773230 0.3074721 0.3173787 0.0101057 0.3277736 0.3226859 0.0306873 0.0033550 0.0067406 0.0000000 0.0376867 0.2872750 0.4193734 0.0306468 0.2724097 0.4494554 0.0067294 0.3169843 0.1472354 0.3532543 0.4353476 
n289_290   0.0100817 0.0134629 0.1000582 0.3572364 0.3217769 0.2915050 0.3166295 0.3266238 0.0482364 0.3320719 0.3319853 0.0202916 0.0411716 0.0448127 0.0376867 0.0000000 0.3064353 0.4181503 0.0202650 0.2865010 0.4491481 0.0447363 0.3262171 0.1592659 0.3628740 0.4340719 
n286_287   0.3015391 0.2964608 0.2878223 0.3316626 0.0135177 0.1081325 0.3271464 0.3375930 0.3016967 0.3482647 0.3326775 0.2964284 0.2919044 0.2776345 0.2872750 0.3064353 0.0000000 0.4433797 0.3057875 0.0927891 0.4490298 0.2871980 0.3371698 0.2763131 0.3371119 0.4538453 
n255_256   0.4009351 0.4179582 0.4022045 0.4111811 0.4619821 0.4193351 0.4061846 0.4119557 0.4364712 0.4233176 0.4180211 0.4065235 0.4247984 0.4263976 0.4193734 0.4181503 0.4433797 0.0000000 0.4172240 0.4074495 0.3683858 0.4310820 0.4168810 0.4058462 0.4110024 0.0556695 
n295_296   0.0168546 0.0202572 0.0961035 0.3674902 0.3210923 0.2908921 0.3264112 0.3365195 0.0410914 0.3420422 0.3419502 0.0066937 0.0341002 0.0376859 0.0306468 0.0202650 0.3057875 0.4172240 0.0000000 0.2859002 0.4597129 0.0376218 0.3360989 0.1508233 0.3732053 0.4331086 
n266_267   0.2817230 0.2767779 0.2775787 0.3055466 0.1042932 0.0203364 0.2909523 0.3006191 0.2865644 0.3056153 0.3057842 0.2767471 0.2769600 0.2629537 0.2724097 0.2865010 0.0927891 0.4074495 0.2859002 0.0000000 0.4307637 0.2723388 0.3002499 0.2474109 0.3107925 0.4173990 
n244_245   0.4368706 0.4547185 0.4260200 0.5310903 0.4608302 0.4363425 0.5055749 0.5183292 0.4672036 0.5255992 0.5253401 0.4604935 0.4550740 0.4564183 0.4494554 0.4491481 0.4490298 0.3683858 0.4597129 0.4307637 0.0000000 0.4557091 0.5176305 0.3993115 0.5383467 0.4233585 
n298_299   0.0412129 0.0447189 0.0888776 0.3582729 0.3021737 0.2772501 0.3175610 0.3275908 0.0169154 0.3381274 0.3329722 0.0376717 0.0101080 0.0135391 0.0067294 0.0447363 0.2871980 0.4310820 0.0376218 0.2723388 0.4557091 0.0000000 0.3271818 0.1553689 0.3639315 0.4472620 
n300_301   0.3212024 0.3260720 0.3219826 0.0547741 0.3531786 0.3050087 0.0099706 0.0066281 0.3266645 0.0234720 0.0099686 0.3316528 0.3217737 0.3069716 0.3169843 0.3262171 0.3371698 0.4168810 0.3360989 0.3002499 0.5176305 0.3271818 0.0000000 0.3100213 0.0583681 0.4273766 
n200_201   0.1552091 0.1592003 0.1516330 0.3359699 0.2910227 0.2566501 0.3006287 0.3104040 0.1551580 0.3157132 0.3156349 0.1510385 0.1470693 0.1473971 0.1472354 0.1592659 0.2763131 0.4058462 0.1508233 0.2474109 0.3993115 0.1553689 0.3100213 0.0000000 0.3414413 0.4220942 
n277_278   0.3576309 0.3627109 0.3427997 0.0033067 0.3531141 0.3156195 0.0548657 0.0584297 0.3688927 0.0692180 0.0620400 0.3631050 0.3582434 0.3427750 0.3532543 0.3628740 0.3371119 0.4110024 0.3732053 0.3107925 0.5383467 0.3639315 0.0583681 0.3414413 0.0000000 0.4214266 
n251_252   0.4165570 0.4338724 0.4118830 0.4216106 0.4726621 0.4238110 0.4165680 0.4224078 0.4527345 0.4342761 0.4285497 0.4222428 0.4408577 0.4425277 0.4353476 0.4340719 0.4538453 0.0556695 0.4331086 0.4173990 0.4233585 0.4472620 0.4273766 0.4220942 0.4214266 0.0000000 
