25
n287_288   0.0000000 0.0033320 0.0773809 0.2182154 0.2562694 0.2182834 0.2465497 0.2320350 0.0481263 0.2370897 0.2365528 0.0306229 0.0516722 0.0446727 0.0445734 0.0066764 0.2417460 0.3663424 0.0236620 0.2138167 0.3485640 0.0410644 0.1446388 0.2274309 0.3777662 
n290_291   0.0033320 0.0000000 0.0736732 0.2136806 0.2514842 0.2137470 0.2418296 0.2274139 0.0445772 0.2324310 0.2319056 0.0271536 0.0481066 0.0411337 0.0410423 0.0033302 0.2370580 0.3719306 0.0202323 0.2093065 0.3431522 0.0375491 0.1405397 0.2228381 0.3834405 
n236_237   0.0773809 0.0736732 0.0000000 0.2570686 0.2818724 0.2572584 0.2872152 0.2717331 0.0773715 0.2771510 0.2765097 0.0888282 0.0810654 0.0738239 0.0810790 0.0773391 0.2769977 0.3973878 0.0811559 0.2525300 0.3674332 0.0773949 0.1619100 0.2668512 0.4149502 
n278_279   0.2182154 0.2136806 0.2570686 0.0000000 0.2194977 0.2103480 0.0520880 0.0412945 0.2277767 0.0378365 0.0448235 0.2277786 0.2323210 0.2236771 0.2276713 0.2135088 0.2103294 0.3616727 0.2229342 0.2059086 0.3280868 0.2278561 0.2730057 0.0100869 0.3848129 
n285_286   0.2562694 0.2514842 0.2818724 0.2194977 0.0000000 0.1410880 0.2476521 0.2283541 0.2761110 0.2289295 0.2328650 0.2566175 0.2809652 0.2718065 0.2712736 0.2561261 0.0134958 0.4151886 0.2612788 0.1370425 0.3451089 0.2762105 0.3145463 0.2287735 0.4274265 
n265_266   0.2182834 0.2137470 0.2572584 0.2103480 0.1410880 0.0000000 0.2333952 0.2191152 0.2418797 0.2196541 0.2235731 0.2185721 0.2465115 0.2377227 0.2417557 0.2181617 0.1247750 0.3974364 0.2230039 0.0067206 0.3448231 0.2419649 0.2832613 0.2240466 0.4093934 
n280_281   0.2465497 0.2418296 0.2872152 0.0520880 0.2476521 0.2333952 0.0000000 0.0169169 0.2565593 0.0203806 0.0203390 0.2565558 0.2612888 0.2523369 0.2466766 0.2416206 0.2381118 0.3739467 0.2514833 0.2288179 0.3557925 0.2468789 0.2987447 0.0629808 0.3916618 
n299_300   0.2320350 0.2274139 0.2717331 0.0412945 0.2283541 0.2191152 0.0169169 0.0000000 0.2418055 0.0101017 0.0033459 0.2418050 0.2464357 0.2376498 0.2416930 0.2272188 0.2190842 0.3677101 0.2368539 0.2146304 0.3334567 0.2418906 0.2829488 0.0520064 0.3852496 
n293_294   0.0481263 0.0445772 0.0773715 0.2277767 0.2761110 0.2418797 0.2565593 0.2418055 0.0000000 0.2469500 0.2371026 0.0590153 0.0033261 0.0168583 0.0236605 0.0481004 0.2661990 0.3893637 0.0517225 0.2372636 0.3653371 0.0202419 0.1404023 0.2324122 0.4011526 
n274_275   0.2370897 0.2324310 0.2771510 0.0378365 0.2289295 0.2196541 0.0203806 0.0101017 0.2469500 0.0000000 0.0134944 0.2469485 0.2516179 0.2427683 0.2468348 0.2322310 0.2196336 0.3682584 0.2419518 0.2151571 0.3339465 0.2470374 0.2884833 0.0485159 0.3858290 
n292_293   0.2365528 0.2319056 0.2765097 0.0448235 0.2328650 0.2235731 0.0203390 0.0033459 0.2371026 0.0134944 0.0000000 0.2463861 0.2417043 0.2329655 0.2369925 0.2317064 0.2235409 0.3731144 0.2414025 0.2190639 0.3386202 0.2371858 0.2878105 0.0519668 0.3907768 
n296_297   0.0306229 0.0271536 0.0888282 0.2277786 0.2566175 0.2185721 0.2565558 0.2418050 0.0590153 0.2469485 0.2463861 0.0000000 0.0626201 0.0555221 0.0626306 0.0306065 0.2420709 0.3781172 0.0066919 0.2140987 0.3379004 0.0590329 0.1532496 0.2371328 0.3897328 
n294_295   0.0516722 0.0481066 0.0810654 0.2323210 0.2809652 0.2465115 0.2612888 0.2464357 0.0033261 0.2516179 0.2417043 0.0626201 0.0000000 0.0202715 0.0270957 0.0516443 0.2709879 0.3950127 0.0552871 0.2418682 0.3707997 0.0236634 0.1444401 0.2369848 0.4068888 
n275_276   0.0446727 0.0411337 0.0738239 0.2236771 0.2718065 0.2377227 0.2523369 0.2376498 0.0168583 0.2427683 0.2329655 0.0555221 0.0202715 0.0000000 0.0202742 0.0446487 0.2619378 0.3908577 0.0482565 0.2331241 0.3549926 0.0168631 0.1448744 0.2282943 0.4027015 
n297_298   0.0445734 0.0410423 0.0810790 0.2276713 0.2712736 0.2417557 0.2466766 0.2416930 0.0236605 0.2468348 0.2369925 0.0626306 0.0270957 0.0202742 0.0000000 0.0445494 0.2614248 0.3898836 0.0552964 0.2371421 0.3599168 0.0033316 0.1527841 0.2323045 0.4016938 
n289_290   0.0066764 0.0033302 0.0773391 0.2135088 0.2561261 0.2181617 0.2416206 0.2272188 0.0481004 0.2322310 0.2317064 0.0306065 0.0516443 0.0446487 0.0445494 0.0000000 0.2416110 0.3716060 0.0236493 0.2136975 0.3377596 0.0410423 0.1445588 0.2226581 0.3889383 
n286_287   0.2417460 0.2370580 0.2769977 0.2103294 0.0134958 0.1247750 0.2381118 0.2190842 0.2661990 0.2196336 0.2235409 0.2420709 0.2709879 0.2619378 0.2614248 0.2416110 0.0000000 0.4031197 0.2466422 0.1208179 0.3341651 0.2662943 0.3040112 0.2194835 0.4151590 
n255_256   0.3663424 0.3719306 0.3973878 0.3616727 0.4151886 0.3974364 0.3739467 0.3677101 0.3893637 0.3682584 0.3731144 0.3781172 0.3950127 0.3908577 0.3898836 0.3716060 0.4031197 0.0000000 0.3835701 0.3917325 0.2821140 0.3843652 0.4294068 0.3673033 0.0378381 
n295_296   0.0236620 0.0202323 0.0811559 0.2229342 0.2612788 0.2230039 0.2514833 0.2368539 0.0517225 0.2419518 0.2414025 0.0066919 0.0552871 0.0482565 0.0552964 0.0236493 0.2466422 0.3835701 0.0000000 0.2185065 0.3487825 0.0517378 0.1446976 0.2322169 0.3952657 
n266_267   0.2138167 0.2093065 0.2525300 0.2059086 0.1370425 0.0067206 0.2288179 0.2146304 0.2372636 0.2151571 0.2190639 0.2140987 0.2418682 0.2331241 0.2371421 0.2136975 0.1208179 0.3917325 0.2185065 0.0000000 0.3395139 0.2373469 0.2783484 0.2195265 0.4036013 
n244_245   0.3485640 0.3431522 0.3674332 0.3280868 0.3451089 0.3448231 0.3557925 0.3334567 0.3653371 0.3339465 0.3386202 0.3379004 0.3707997 0.3549926 0.3599168 0.3377596 0.3341651 0.2821140 0.3487825 0.3395139 0.0000000 0.3654741 0.3920826 0.3334582 0.2973003 
n298_299   0.0410644 0.0375491 0.0773949 0.2278561 0.2762105 0.2419649 0.2468789 0.2418906 0.0202419 0.2470374 0.2371858 0.0590329 0.0236634 0.0168631 0.0033316 0.0410423 0.2662943 0.3843652 0.0517378 0.2373469 0.3654741 0.0000000 0.1487237 0.2324935 0.3960945 
n200_201   0.1446388 0.1405397 0.1619100 0.2730057 0.3145463 0.2832613 0.2987447 0.2829488 0.1404023 0.2884833 0.2878105 0.1532496 0.1444401 0.1448744 0.1527841 0.1445588 0.3040112 0.4294068 0.1446976 0.2783484 0.3920826 0.1487237 0.0000000 0.2830451 0.4350601 
n277_278   0.2274309 0.2228381 0.2668512 0.0100869 0.2287735 0.2240466 0.0629808 0.0520064 0.2324122 0.0485159 0.0519668 0.2371328 0.2369848 0.2282943 0.2323045 0.2226581 0.2194835 0.3673033 0.2322169 0.2195265 0.3334582 0.2324935 0.2830451 0.0000000 0.3906263 
n251_252   0.3777662 0.3834405 0.4149502 0.3848129 0.4274265 0.4093934 0.3916618 0.3852496 0.4011526 0.3858290 0.3907768 0.3897328 0.4068888 0.4027015 0.4016938 0.3889383 0.4151590 0.0378381 0.3952657 0.4036013 0.2973003 0.3960945 0.4350601 0.3906263 0.0000000 
