26
n244_251   0.0000000 2.3266510 2.5521440 1.8608248 2.3202043 2.7824450 2.1744392 3.7594488 2.1663960 1.9185192 2.3113203 2.3880895 3.0172990 2.9907246 2.9267007 2.3481698 2.4891658 1.9530027 2.8125471 2.3715015 2.7114848 2.0038871 2.8060861 2.4746184 2.7494385 2.8076254 
n275_282   2.3266510 0.0000000 2.0736263 2.8582215 0.3764590 1.9221950 0.3576660 2.0656436 0.3576771 1.2905463 0.3474504 0.1055146 1.5665009 1.7899953 1.5346822 0.1336819 0.1464569 0.6707531 1.5395801 0.1135430 1.9799764 0.3472505 2.8399175 1.4366934 2.1375306 1.3902689 
n278_285   2.5521440 2.0736263 0.0000000 2.3554503 1.8013893 2.0313394 1.7894851 1.9631189 1.8541259 4.0869009 1.6492263 2.2442584 0.5321402 1.8507110 0.4941133 2.6323966 2.6698376 1.7708690 0.5088290 2.2542681 0.1894798 1.8474681 3.3293143 0.5163594 1.9286978 0.5084726 
n255_262   1.8608248 2.8582215 2.3554503 0.0000000 2.3567270 3.2452931 2.1335178 3.1320745 2.1384032 3.1102022 2.4112173 2.7698624 3.2583063 2.7887658 2.9217181 3.6514386 3.4154354 2.5822654 3.4127839 3.0310787 2.4864556 2.4010154 0.3722974 3.3524502 2.8993596 3.2266907 
n287_294   2.3202043 0.3764590 1.8013893 2.3567270 0.0000000 2.1087924 0.1093552 2.1841030 0.1133559 1.2929739 0.0633219 0.3414110 1.4686022 2.0080527 1.5520194 0.3767860 0.3836133 0.6891159 1.4919762 0.3474010 1.8287757 0.0781612 2.1623875 1.4885486 2.1084160 1.4390893 
n286_293   2.7824450 1.9221950 2.0313394 3.2452931 2.1087924 0.0000000 2.0672035 1.1143869 2.0461983 3.0646293 1.9046774 1.9789286 2.0056768 1.0273795 2.0897562 1.8858651 1.9252128 2.4467110 2.1252211 1.9722706 2.0470721 1.9754899 2.2855307 2.0075881 0.0594064 1.9929882 
n295_302   2.1744392 0.3576660 1.7894851 2.1335178 0.1093552 2.0672035 0.0000000 2.0130373 0.0272594 1.4779635 0.1214800 0.3179557 1.4273430 1.8820844 1.5317546 0.3516014 0.3467849 0.7032445 1.5520810 0.3237123 1.9557574 0.1213827 2.0574564 1.5482232 2.0266328 1.4953672 
n265_272   3.7594488 2.0656436 1.9631189 3.1320745 2.1841030 1.1143869 2.0130373 0.0000000 2.0617185 3.3297871 2.1231954 1.9744212 1.9285425 0.1502504 2.0969102 2.1119582 2.3709522 2.4799912 2.0864486 2.1926126 2.4500308 2.4443648 2.9211023 1.9953052 1.1105312 1.9565118 
n296_303   2.1663960 0.3576771 1.8541259 2.1384032 0.1133559 2.0461983 0.0272594 2.0617185 0.0000000 1.4085870 0.1175456 0.3125233 1.4451751 1.9240487 1.6062937 0.3405287 0.3357650 0.6758411 1.5721762 0.3182314 2.0309850 0.1296198 2.2090662 1.5681797 2.0459048 1.5143224 
n200_205   1.9185192 1.2905463 4.0869009 3.1102022 1.2929739 3.0646293 1.4779635 3.3297871 1.4085870 0.0000000 1.3449198 1.3834907 2.2789252 3.7400518 2.0279275 1.5237809 1.5498959 1.5217865 2.3328117 1.3433769 3.5913444 1.4417627 4.1479089 2.2055393 3.2390746 2.3335806 
n290_297   2.3113203 0.3474504 1.6492263 2.4112173 0.0633219 1.9046774 0.1214800 2.1231954 0.1175456 1.3449198 0.0000000 0.3297477 1.3607839 1.9720520 1.4084092 0.3589501 0.3711515 0.6629377 1.4021094 0.3299282 1.7769121 0.0782976 2.2504918 1.3788384 1.9045605 1.3350774 
n293_300   2.3880895 0.1055146 2.2442584 2.7698624 0.3414110 1.9789286 0.3179557 1.9744212 0.3125233 1.3834907 0.3297477 0.0000000 1.5676949 1.7725878 1.5325927 0.1132972 0.1134892 0.7041597 1.5618334 0.0273272 2.1027532 0.3643059 2.6130269 1.4538015 2.2097879 1.4558312 
n280_287   3.0172990 1.5665009 0.5321402 3.2583063 1.4686022 2.0056768 1.4273430 1.9285425 1.4451751 2.2789252 1.3607839 1.5676949 0.0000000 1.9298202 0.1088530 1.7019736 1.6948036 1.6422432 0.0966801 1.5759155 0.6042368 1.4538697 3.2892656 0.1204541 2.0772256 0.1125382 
n266_273   2.9907246 1.7899953 1.8507110 2.7887658 2.0080527 1.0273795 1.8820844 0.1502504 1.9240487 3.7400518 1.9720520 1.7725878 1.9298202 0.0000000 2.2258527 1.7787038 2.0099123 2.1484386 2.1660397 1.9095763 2.4489575 2.1129827 3.3549718 2.1577609 1.0255834 2.0596130 
n274_281   2.9267007 1.5346822 0.4941133 2.9217181 1.5520194 2.0897562 1.5317546 2.0969102 1.6062937 2.0279275 1.4084092 1.5325927 0.1088530 2.2258527 0.0000000 1.7978365 1.8231542 1.6761462 0.1007631 1.5403758 0.5317112 1.6139402 2.9662802 0.1167022 2.1671330 0.1088151 
n297_304   2.3481698 0.1336819 2.6323966 3.6514386 0.3767860 1.8858651 0.3516014 2.1119582 0.3405287 1.5237809 0.3589501 0.1132972 1.7019736 1.7787038 1.7978365 0.0000000 0.0343038 0.7456796 1.7017455 0.1214162 2.4130921 0.3828095 3.1735838 1.5531548 2.0926676 1.5251125 
n298_305   2.4891658 0.1464569 2.6698376 3.4154354 0.3836133 1.9252128 0.3467849 2.3709522 0.3357650 1.5498959 0.3711515 0.1134892 1.6948036 2.0099123 1.8231542 0.0343038 0.0000000 0.7673779 1.7248454 0.1216235 2.5779462 0.3954772 3.1304405 1.5729781 2.0947551 1.5444030 
n236_241   1.9530027 0.6707531 1.7708690 2.5822654 0.6891159 2.4467110 0.7032445 2.4799912 0.6758411 1.5217865 0.6629377 0.7041597 1.6422432 2.1484386 1.6761462 0.7456796 0.7673779 0.0000000 1.6585618 0.7067389 1.7170786 0.7383448 2.5444824 1.5940926 2.5596628 1.5391924 
n292_299   2.8125471 1.5395801 0.5088290 3.4127839 1.4919762 2.1252211 1.5520810 2.0864486 1.5721762 2.3328117 1.4021094 1.5618334 0.0966801 2.1660397 0.1007631 1.7017455 1.7248454 1.6585618 0.0000000 1.5464226 0.5553709 1.5496506 3.8920984 0.0556464 2.2054463 0.0484466 
n294_301   2.3715015 0.1135430 2.2542681 3.0310787 0.3474010 1.9722706 0.3237123 2.1926126 0.3182314 1.3433769 0.3299282 0.0273272 1.5759155 1.9095763 1.5403758 0.1214162 0.1216235 0.7067389 1.5464226 0.0000000 2.1482912 0.3649400 2.6819041 1.4397216 2.2008963 1.4417095 
n277_284   2.7114848 1.9799764 0.1894798 2.4864556 1.8287757 2.0470721 1.9557574 2.4500308 2.0309850 3.5913444 1.7769121 2.1027532 0.6042368 2.4489575 0.5317112 2.4130921 2.5779462 1.7170786 0.5553709 2.1482912 0.0000000 1.9790432 3.0693240 0.5794274 2.1715108 0.5791148 
n289_296   2.0038871 0.3472505 1.8474681 2.4010154 0.0781612 1.9754899 0.1213827 2.4443648 0.1296198 1.4417627 0.0782976 0.3643059 1.4538697 2.1129827 1.6139402 0.3828095 0.3954772 0.7383448 1.5496506 0.3649400 1.9790432 0.0000000 2.1229309 1.4942037 1.9752893 1.4445303 
n251_258   2.8060861 2.8399175 3.3293143 0.3722974 2.1623875 2.2855307 2.0574564 2.9211023 2.2090662 4.1479089 2.2504918 2.6130269 3.2892656 3.3549718 2.9662802 3.1735838 3.1304405 2.5444824 3.8920984 2.6819041 3.0693240 2.1229309 0.0000000 3.4126132 2.1808464 3.2771759 
n299_306   2.4746184 1.4366934 0.5163594 3.3524502 1.4885486 2.0075881 1.5482232 1.9953052 1.5681797 2.2055393 1.3788384 1.4538015 0.1204541 2.1577609 0.1167022 1.5531548 1.5729781 1.5940926 0.0556464 1.4397216 0.5794274 1.4942037 3.4126132 0.0000000 2.0791516 0.0202703 
n285_292   2.7494385 2.1375306 1.9286978 2.8993596 2.1084160 0.0594064 2.0266328 1.1105312 2.0459048 3.2390746 1.9045605 2.2097879 2.0772256 1.0255834 2.1671330 2.0926676 2.0947551 2.5596628 2.2054463 2.2008963 2.1715108 1.9752893 2.1808464 2.0791516 0.0000000 2.0631031 
n300_307   2.8076254 1.3902689 0.5084726 3.2266907 1.4390893 1.9929882 1.4953672 1.9565118 1.5143224 2.3335806 1.3350774 1.4558312 0.1125382 2.0596130 0.1088151 1.5251125 1.5444030 1.5391924 0.0484466 1.4417095 0.5791148 1.4445303 3.2771759 0.0202703 2.0631031 0.0000000 
