26
n295_298   0.0000000 2.2855556 3.3285916 1.7938248 1.6769494 0.1120631 1.8065208 0.3063404 1.7265496 1.5821958 0.3276961 0.1199521 1.5269089 0.6567472 2.1429260 0.0484640 0.3208020 0.3054259 0.1199165 1.7941526 1.1524679 0.3492885 1.5398358 1.5699941 2.7659048 2.5677464 
n266_269   2.2855556 0.0000000 4.0615496 2.5302221 2.0375167 2.2970870 1.9493754 2.6233622 2.4917657 0.9663706 2.5322533 2.4285740 0.8957071 1.9369698 2.4344513 2.4906934 2.1201409 2.2533192 2.2490695 2.1852930 3.0735711 2.7840065 2.2392504 2.0027364 3.6430579 0.1625390 
n255_258   3.3285916 4.0615496 0.0000000 2.1873501 1.7695239 3.3443488 1.8708645 8.9999986 1.9989697 3.5636377 2.8795985 3.0136900 2.9424963 8.9999983 0.3141742 3.5136869 2.8700763 3.6882794 3.1645784 1.9203981 2.8662040 2.9350800 1.8730265 1.8111691 2.0227358 2.6256181 
n277_280   1.7938248 2.5302221 2.1873501 0.0000000 0.4216027 1.7476401 0.3980645 1.5053539 0.1164088 2.2939604 1.4591786 1.8440521 2.0747720 1.9835338 2.5099989 1.7201330 1.6004741 1.6250477 1.8378431 0.4719703 2.9870960 1.4627600 0.4037044 0.4083231 2.2636082 2.6574517 
n299_302   1.6769494 2.0375167 1.7695239 0.4216027 0.0000000 1.6130002 0.0891405 1.6836239 0.4270395 1.9069847 1.4841528 1.7103121 1.7931486 1.8869337 1.7022681 1.5953100 1.8507098 1.8528576 1.7043297 0.0931479 3.1523674 1.5858673 0.0520638 0.0203507 2.5625676 2.0113606 
n287_290   0.1120631 2.2970870 3.3443488 1.7476401 1.6130002 0.0000000 1.7351501 0.3329748 1.7388505 1.5566594 0.3670314 0.0447955 1.5638753 0.6655846 2.4850713 0.1161818 0.3711549 0.3432497 0.0412456 1.8154082 1.3205855 0.3778906 1.5295831 1.5132375 2.4871102 2.4242594 
n274_277   1.8065208 1.9493754 1.8708645 0.3980645 0.0891405 1.7351501 0.0000000 1.5750419 0.3907073 1.8398902 1.3315535 1.8505165 1.7113246 1.8327144 1.7944924 1.6185784 1.6352849 1.6587420 1.8081950 0.1285535 2.6928374 1.4154842 0.1084937 0.0815286 2.7672845 2.0565294 
n275_278   0.3063404 2.6233622 8.9999986 1.5053539 1.6836239 0.3329748 1.5750419 0.0000000 1.3679384 1.6509100 0.1573898 0.3388868 1.5780482 0.6408908 2.3278037 0.3067648 0.1489936 0.1408143 0.3494938 1.8951591 1.1213913 0.1698254 1.5194131 1.5417945 2.3205748 2.5539173 
n278_281   1.7265496 2.4917657 1.9989697 0.1164088 0.4270395 1.7388505 0.3907073 1.3679384 0.0000000 1.9680885 1.4118577 1.7605618 1.8491008 1.8273333 1.9654018 1.6702239 1.5829313 1.6395283 1.8275855 0.4582662 2.3869270 1.4498450 0.4275576 0.4136671 2.1135103 2.4076723 
n286_289   1.5821958 0.9663706 3.5636377 2.2939604 1.9069847 1.5566594 1.8398902 1.6509100 1.9680885 0.0000000 1.6289767 1.5596009 0.0629439 1.6336487 2.0709283 1.6171999 1.5861793 1.6530603 1.5874855 1.8892277 1.8039291 1.6818850 1.8643976 1.8211625 2.3809519 1.0993437 
n297_300   0.3276961 2.5322533 2.8795985 1.4591786 1.4841528 0.3670314 1.3315535 0.1573898 1.4118577 1.6289767 0.0000000 0.3781159 1.6119853 0.6134808 2.2155100 0.3175034 0.1616799 0.1576090 0.3835984 1.6073701 1.2595161 0.0592698 1.3090876 1.3922403 2.2863644 2.5769300 
n289_292   0.1199521 2.4285740 3.0136900 1.8440521 1.7103121 0.0447955 1.8505165 0.3388868 1.7605618 1.5596009 0.3781159 0.0000000 1.5428233 0.6749086 2.3714696 0.1241291 0.3650224 0.3425586 0.0483118 1.8596622 1.3081087 0.3836653 1.6171081 1.5990294 2.7967568 2.4898771 
n285_288   1.5269089 0.8957071 2.9424963 2.0747720 1.7931486 1.5638753 1.7113246 1.5780482 1.8491008 0.0629439 1.6119853 1.5428233 0.0000000 1.6949328 1.9320349 1.5942575 1.5350628 1.5749617 1.5720010 1.7972332 1.8132140 1.6641867 1.7556874 1.7180446 2.3527406 1.0274196 
n236_239   0.6567472 1.9369698 8.9999983 1.9835338 1.8869337 0.6655846 1.8327144 0.6408908 1.8273333 1.6336487 0.6134808 0.6749086 1.6949328 0.0000000 2.4799301 0.6583524 0.6288512 0.6555140 0.6646777 1.8864347 1.2443659 0.6191811 1.9013000 1.8599308 2.3521608 1.9144158 
n251_254   2.1429260 2.4344513 0.3141742 2.5099989 1.7022681 2.4850713 1.7944924 2.3278037 1.9654018 2.0709283 2.2155100 2.3714696 1.9320349 2.4799301 0.0000000 2.2560056 1.9294118 2.1620066 2.5151482 1.7666363 3.0446909 2.3987176 1.6570311 1.7655947 1.6059592 2.2396352 
n296_299   0.0484640 2.4906934 3.5136869 1.7201330 1.5953100 0.1161818 1.6185784 0.3067648 1.6702239 1.6171999 0.3175034 0.1241291 1.5942575 0.6583524 2.2560056 0.0000000 0.3156458 0.3003725 0.1201209 1.6727704 1.1590211 0.3439663 1.5135490 1.4974969 3.0021154 2.7729774 
n294_297   0.3208020 2.1201409 2.8700763 1.6004741 1.8507098 0.3711549 1.6352849 0.1489936 1.5829313 1.5861793 0.1616799 0.3650224 1.5350628 0.6288512 1.9294118 0.3156458 0.0000000 0.0413241 0.3820233 1.9204377 1.1797603 0.1787001 1.6245550 1.6802529 2.2390396 2.2957527 
n293_296   0.3054259 2.2533192 3.6882794 1.6250477 1.8528576 0.3432497 1.6587420 0.1408143 1.6395283 1.6530603 0.1576090 0.3425586 1.5749617 0.6555140 2.1620066 0.3003725 0.0413241 0.0000000 0.3592458 1.9228066 1.1933343 0.1745451 1.6259617 1.6818105 2.3476132 2.4702022 
n290_293   0.1199165 2.2490695 3.1645784 1.8378431 1.7043297 0.0412456 1.8081950 0.3494938 1.8275855 1.5874855 0.3835984 0.0483118 1.5720010 0.6646777 2.5151482 0.1201209 0.3820233 0.3592458 0.0000000 1.8920940 1.2853980 0.3938515 1.6121060 1.5941970 2.7424178 2.4368215 
n280_283   1.7941526 2.1852930 1.9203981 0.4719703 0.0931479 1.8154082 0.1285535 1.8951591 0.4582662 1.8892277 1.6073701 1.8596622 1.7972332 1.8864347 1.7666363 1.6727704 1.9204377 1.9228066 1.8920940 0.0000000 4.6512717 1.6699981 0.1204334 0.0892535 2.7041835 2.2622963 
n200_203   1.1524679 3.0735711 2.8662040 2.9870960 3.1523674 1.3205855 2.6928374 1.1213913 2.3869270 1.8039291 1.2595161 1.3081087 1.8132140 1.2443659 3.0446909 1.1590211 1.1797603 1.1933343 1.2853980 4.6512717 0.0000000 1.2404696 2.7905975 2.9896624 3.6803153 8.9999984 
n298_301   0.3492885 2.7840065 2.9350800 1.4627600 1.5858673 0.3778906 1.4154842 0.1698254 1.4498450 1.6818850 0.0592698 0.3836653 1.6641867 0.6191811 2.3987176 0.3439663 0.1787001 0.1745451 0.3938515 1.6699981 1.2404696 0.0000000 1.4089909 1.4825200 2.2106272 2.8558795 
n292_295   1.5398358 2.2392504 1.8730265 0.4037044 0.0520638 1.5295831 0.1084937 1.5194131 0.4275576 1.8643976 1.3090876 1.6171081 1.7556874 1.9013000 1.6570311 1.5135490 1.6245550 1.6259617 1.6121060 0.1204334 2.7905975 1.4089909 0.0000000 0.0448682 2.2809692 2.2026813 
n300_303   1.5699941 2.0027364 1.8111691 0.4083231 0.0203507 1.5132375 0.0815286 1.5417945 0.4136671 1.8211625 1.3922403 1.5990294 1.7180446 1.8599308 1.7655947 1.4974969 1.6802529 1.6818105 1.5941970 0.0892535 2.9896624 1.4825200 0.0448682 0.0000000 2.5418803 1.9364202 
n244_247   2.7659048 3.6430579 2.0227358 2.2636082 2.5625676 2.4871102 2.7672845 2.3205748 2.1135103 2.3809519 2.2863644 2.7967568 2.3527406 2.3521608 1.6059592 3.0021154 2.2390396 2.3476132 2.7424178 2.7041835 3.6803153 2.2106272 2.2809692 2.5418803 0.0000000 3.2367001 
n265_268   2.5677464 0.1625390 2.6256181 2.6574517 2.0113606 2.4242594 2.0565294 2.5539173 2.4076723 1.0993437 2.5769300 2.4898771 1.0274196 1.9144158 2.2396352 2.7729774 2.2957527 2.4702022 2.4368215 2.2622963 8.9999984 2.8558795 2.2026813 1.9364202 3.2367001 0.0000000 
