32
n300_339   0.0000000 0.4103738 0.2495600 0.3918615 0.3587175 0.3657562 0.3898043 0.3601514 0.3655876 0.3901806 0.3700683 0.4020448 0.4033820 0.4033476 0.0067003 0.3919026 0.0670134 0.0033408 0.3982842 0.3921463 0.3804172 0.3846592 0.0669725 0.3918685 0.3034810 0.3652888 0.3651352 0.2496416 0.3858706 0.0100802 0.4148970 0.4215420 
n290_325   0.4103738 0.0000000 0.4127543 0.0238099 0.2828898 0.2678913 0.3153828 0.2678098 0.2627219 0.3156778 0.2827071 0.1052029 0.0168959 0.3102699 0.4161382 0.0595563 0.3979107 0.4098524 0.0522389 0.0486192 0.0486192 0.0169084 0.4167194 0.0238092 0.4019398 0.2729346 0.2725939 0.4000737 0.0522566 0.4022549 0.3090477 0.1807505 
n251_270   0.2495600 0.4127543 0.0000000 0.3822329 0.3753248 0.3529240 0.3687588 0.3528145 0.3527631 0.3691099 0.3750630 0.3869832 0.3992542 0.3646271 0.2541870 0.3703553 0.2800858 0.2492817 0.3765002 0.3705796 0.3705796 0.3870754 0.2699717 0.3942788 0.2892320 0.3524765 0.3581419 0.0375498 0.3645328 0.2436556 0.3755786 0.4003003 
n296_333   0.3918615 0.0238099 0.3822329 0.0000000 0.2777108 0.2628191 0.3045772 0.2627392 0.2576899 0.3048608 0.2775322 0.0895556 0.0168815 0.2942390 0.3974940 0.0486314 0.3797198 0.3913699 0.0414404 0.0378814 0.0378814 0.0203416 0.3980449 0.0067112 0.3961908 0.2678251 0.2674922 0.3819330 0.0414541 0.3840049 0.2989427 0.1675841 
n277_306   0.3587175 0.2828898 0.3753248 0.2777108 0.0000000 0.0413258 0.2515891 0.0413142 0.0342625 0.2518180 0.0100731 0.2924535 0.2774943 0.2721385 0.3640762 0.2469267 0.3526023 0.3582814 0.2571714 0.2521964 0.2521964 0.2772660 0.3410349 0.2777109 0.3541325 0.0448830 0.0377584 0.3754107 0.2471513 0.3573959 0.2767018 0.3087087 
n300_337   0.3657562 0.2678913 0.3529240 0.2628191 0.0413258 0.0000000 0.2467989 0.0067096 0.0134900 0.2470220 0.0413037 0.2824387 0.2725151 0.2621614 0.3711755 0.2326839 0.3595595 0.3653083 0.2427091 0.2378338 0.2378338 0.2624048 0.3478468 0.2628186 0.3435989 0.0033460 0.0168927 0.3530122 0.2328938 0.3643996 0.2717412 0.2987808 
n285_320   0.3898043 0.3153828 0.3687588 0.3045772 0.2515891 0.2467989 0.0000000 0.2420565 0.2371749 0.0067189 0.2462720 0.2933610 0.2990030 0.1518534 0.4023505 0.2937607 0.3841005 0.3962050 0.2992281 0.2939248 0.2939248 0.3038075 0.3838055 0.3045785 0.3864617 0.2516687 0.2417860 0.3572799 0.2885322 0.3948368 0.1558637 0.3049200 
n292_327   0.3601514 0.2678098 0.3528145 0.2627392 0.0413142 0.0067096 0.2420565 0.0000000 0.0134862 0.2422750 0.0412922 0.2823527 0.2724322 0.2620820 0.3597379 0.2326140 0.3483011 0.3539621 0.2426359 0.2377621 0.2377621 0.2623252 0.3367730 0.2627387 0.3434921 0.0100888 0.0168880 0.3529026 0.2328238 0.3530869 0.2716588 0.2986892 
n280_311   0.3655876 0.2627219 0.3527631 0.2576899 0.0342625 0.0134900 0.2371749 0.0134862 0.0000000 0.2373886 0.0342452 0.2672126 0.2574950 0.2572776 0.3710039 0.2277978 0.3593946 0.3651401 0.2377409 0.2329022 0.2329022 0.2572862 0.3476888 0.2576892 0.3434427 0.0169036 0.0100856 0.3528512 0.2280028 0.3642323 0.2617700 0.2933688 
n286_321   0.3901806 0.3156778 0.3691099 0.3048608 0.2518180 0.2470220 0.0067189 0.2422750 0.2373886 0.0000000 0.2464943 0.2880808 0.2992805 0.1519862 0.4027413 0.2940328 0.3844705 0.3965888 0.2995060 0.2941972 0.2941972 0.3040898 0.3841749 0.3048621 0.3868325 0.2518978 0.2420041 0.3576183 0.2887989 0.3952181 0.1560001 0.3052043 
n278_307   0.3700683 0.2827071 0.3750630 0.2775322 0.0100731 0.0413037 0.2462720 0.0412922 0.0342452 0.2464943 0.0000000 0.2922634 0.2773160 0.2666214 0.3755006 0.2467725 0.3638490 0.3696151 0.2570092 0.2520379 0.2520379 0.2770880 0.3520987 0.2775323 0.3538890 0.0448599 0.0377393 0.3751489 0.2469958 0.3686963 0.2711507 0.3085051 
n236_255   0.4020448 0.1052029 0.3869832 0.0895556 0.2924535 0.2824387 0.2933610 0.2823527 0.2672126 0.2880808 0.2922634 0.0000000 0.0856762 0.2939182 0.4077301 0.0935079 0.3897689 0.4015387 0.0857833 0.0819684 0.0819684 0.1012139 0.4082957 0.0934786 0.4016355 0.2875800 0.2771337 0.3692816 0.0858139 0.3940716 0.2933300 0.1503827 
n289_324   0.4033820 0.0168959 0.3992542 0.0168815 0.2774943 0.2725151 0.2990030 0.2724322 0.2574950 0.2992805 0.2773160 0.0856762 0.0000000 0.2993024 0.4090873 0.0558184 0.3910599 0.4028727 0.0485538 0.0449596 0.0449596 0.0134727 0.4096562 0.0203259 0.3950637 0.2775849 0.2672869 0.3932384 0.0485701 0.3953750 0.2987016 0.1674749 
n266_291   0.4033476 0.3102699 0.3646271 0.2942390 0.2721385 0.2621614 0.1518534 0.2620820 0.2572776 0.1519862 0.2666214 0.2939182 0.2993024 0.0000000 0.4090450 0.2784051 0.4038613 0.4028391 0.2837480 0.2785580 0.2785580 0.2987819 0.4039066 0.2942398 0.3837031 0.2618440 0.2620203 0.3651410 0.2732859 0.4014418 0.0169606 0.2998819 
n280_313   0.0067003 0.4161382 0.2541870 0.3974940 0.3640762 0.3711755 0.4023505 0.3597379 0.3710039 0.4027413 0.3755006 0.4077301 0.4090873 0.4090450 0.0000000 0.3975339 0.0669437 0.0033379 0.4039640 0.3977822 0.3859743 0.3902273 0.0669028 0.3975016 0.3034071 0.3707004 0.3705431 0.2542694 0.3914599 0.0100699 0.4206680 0.4273711 
n298_335   0.3919026 0.0595563 0.3703553 0.0486314 0.2469267 0.2326839 0.2937607 0.2326140 0.2277978 0.2940328 0.2467725 0.0935079 0.0558184 0.2784051 0.3975339 0.0000000 0.3797633 0.3914111 0.0203855 0.0169419 0.0169419 0.0558623 0.3980847 0.0486300 0.3777297 0.2374640 0.2371767 0.3584532 0.0067097 0.3840474 0.2830217 0.1676395 
n278_309   0.0670134 0.3979107 0.2800858 0.3797198 0.3526023 0.3595595 0.3841005 0.3483011 0.3593946 0.3844705 0.3638490 0.3897689 0.3910599 0.4038613 0.0669437 0.3797633 0.0000000 0.0632399 0.3860279 0.3799966 0.3684607 0.3726703 0.0135047 0.3797259 0.3140040 0.3653122 0.3589525 0.2748397 0.3738338 0.0668607 0.4154318 0.4093090 
n292_329   0.0033408 0.4098524 0.2492817 0.3913699 0.3582814 0.3653083 0.3962050 0.3539621 0.3651401 0.3965888 0.3696151 0.4015387 0.4028727 0.4028391 0.0033379 0.3914111 0.0632399 0.0000000 0.3977822 0.3916542 0.3799434 0.3841803 0.0632014 0.3913770 0.3031261 0.3648420 0.3646888 0.2493631 0.3853887 0.0066954 0.4143705 0.4210037 
n293_330   0.3982842 0.0522389 0.3765002 0.0414404 0.2571714 0.2427091 0.2992281 0.2426359 0.2377409 0.2995060 0.2570092 0.0857833 0.0485538 0.2837480 0.4039640 0.0203855 0.3860279 0.3977822 0.0000000 0.0033539 0.0101080 0.0485916 0.4045255 0.0414392 0.3776285 0.2475655 0.2472631 0.3644818 0.0135179 0.3903347 0.2883954 0.1589497 
n294_331   0.3921463 0.0486192 0.3705796 0.0378814 0.2521964 0.2378338 0.2939248 0.2377621 0.2329022 0.2941972 0.2520379 0.0819684 0.0449596 0.2785580 0.3977822 0.0169419 0.3799966 0.3916542 0.0033539 0.0000000 0.0067206 0.0449945 0.3983338 0.0378803 0.3779607 0.2426555 0.2423602 0.3586675 0.0101111 0.3842837 0.2831778 0.1546729 
n275_304   0.3804172 0.0486192 0.3705796 0.0378814 0.2521964 0.2378338 0.2939248 0.2377621 0.2329022 0.2941972 0.2520379 0.0819684 0.0449596 0.2785580 0.3859743 0.0169419 0.3684607 0.3799434 0.0101080 0.0067206 0.0000000 0.0449945 0.3865071 0.0378803 0.3723629 0.2426555 0.2423602 0.3586675 0.0101111 0.3727137 0.2831778 0.1546729 
n287_322   0.3846592 0.0169084 0.3870754 0.0203416 0.2772660 0.2624048 0.3038075 0.2623252 0.2572862 0.3040898 0.2770880 0.1012139 0.0134727 0.2987819 0.3902273 0.0558623 0.3726703 0.3841803 0.0485916 0.0449945 0.0449945 0.0000000 0.3907651 0.0203410 0.3889513 0.2674005 0.2670687 0.3748977 0.0486079 0.3769224 0.3035005 0.1762289 
n277_308   0.0669725 0.4167194 0.2699717 0.3980449 0.3410349 0.3478468 0.3838055 0.3367730 0.3476888 0.3841749 0.3520987 0.4082957 0.4096562 0.4039066 0.0669028 0.3980847 0.0135047 0.0632014 0.4045255 0.3983338 0.3865071 0.3907651 0.0000000 0.3980525 0.3146771 0.3535008 0.3472654 0.2648083 0.3920010 0.0668199 0.4154771 0.4283871 
n295_332   0.3918685 0.0238092 0.3942788 0.0067112 0.2777109 0.2628186 0.3045785 0.2627387 0.2576892 0.3048621 0.2775323 0.0934786 0.0203259 0.2942398 0.3975016 0.0486300 0.3797259 0.3913770 0.0414392 0.0378803 0.0378803 0.0203410 0.3980525 0.0000000 0.4027159 0.2678248 0.2674918 0.3819393 0.0414529 0.3840113 0.2989437 0.1675817 
n244_263   0.3034810 0.4019398 0.2892320 0.3961908 0.3541325 0.3435989 0.3864617 0.3434921 0.3434427 0.3868325 0.3538890 0.4016355 0.3950637 0.3837031 0.3034071 0.3777297 0.3140040 0.3031261 0.3776285 0.3779607 0.3723629 0.3889513 0.3146771 0.4027159 0.0000000 0.3431635 0.3373825 0.2792852 0.3718338 0.2968610 0.3949565 0.4132166 
n299_336   0.3652888 0.2729346 0.3524765 0.2678251 0.0448830 0.0033460 0.2516687 0.0100888 0.0169036 0.2518978 0.0448599 0.2875800 0.2775849 0.2618440 0.3707004 0.2374640 0.3653122 0.3648420 0.2475655 0.2426555 0.2426555 0.2674005 0.3535008 0.2678248 0.3431635 0.0000000 0.0203209 0.3525646 0.2376786 0.3639356 0.2714112 0.3040539 
n274_301   0.3651352 0.2725939 0.3581419 0.2674922 0.0377584 0.0168927 0.2417860 0.0168880 0.0100856 0.2420041 0.0377393 0.2771337 0.2672869 0.2620203 0.3705431 0.2371767 0.3589525 0.3646888 0.2472631 0.2423602 0.2423602 0.2670687 0.3472654 0.2674918 0.3373825 0.0203209 0.0000000 0.3582296 0.2373908 0.3637832 0.2665329 0.2928209 
n255_276   0.2496416 0.4000737 0.0375498 0.3819330 0.3754107 0.3530122 0.3572799 0.3529026 0.3528512 0.3576183 0.3751489 0.3692816 0.3932384 0.3651410 0.2542694 0.3584532 0.2748397 0.2493631 0.3644818 0.3586675 0.3586675 0.3748977 0.2648083 0.3819393 0.2792852 0.3525646 0.3582296 0.0000000 0.3527330 0.2437356 0.3761095 0.3882466 
n297_334   0.3858706 0.0522566 0.3645328 0.0414541 0.2471513 0.2328938 0.2885322 0.2328238 0.2280028 0.2887989 0.2469958 0.0858139 0.0485701 0.2732859 0.3914599 0.0067097 0.3738338 0.3853887 0.0135179 0.0101111 0.0101111 0.0486079 0.3920010 0.0414529 0.3718338 0.2376786 0.2373908 0.3527330 0.0000000 0.3780993 0.2778760 0.1590136 
n274_303   0.0100802 0.4022549 0.2436556 0.3840049 0.3573959 0.3643996 0.3948368 0.3530869 0.3642323 0.3952181 0.3686963 0.3940716 0.3953750 0.4014418 0.0100699 0.3840474 0.0668607 0.0066954 0.3903347 0.3842837 0.3727137 0.3769224 0.0668199 0.3840113 0.2968610 0.3639356 0.3637832 0.2437356 0.3780993 0.0000000 0.4129255 0.4132850 
n265_290   0.4148970 0.3090477 0.3755786 0.2989427 0.2767018 0.2717412 0.1558637 0.2716588 0.2617700 0.1560001 0.2711507 0.2933300 0.2987016 0.0169606 0.4206680 0.2830217 0.4154318 0.4143705 0.2883954 0.2831778 0.2831778 0.3035005 0.4154771 0.2989437 0.3949565 0.2714112 0.2665329 0.3761095 0.2778760 0.4129255 0.0000000 0.2992785 
n200_211   0.4215420 0.1807505 0.4003003 0.1675841 0.3087087 0.2987808 0.3049200 0.2986892 0.2933688 0.3052043 0.3085051 0.1503827 0.1674749 0.2998819 0.4273711 0.1676395 0.4093090 0.4210037 0.1589497 0.1546729 0.1546729 0.1762289 0.4283871 0.1675817 0.4132166 0.3040539 0.2928209 0.3882466 0.1590136 0.4132850 0.2992785 0.0000000 
