26
n265_270   0.0000000 1.7500043 7.4127417 1.6959553 1.6557786 2.2772438 1.7452681 1.6416665 0.1732209 1.9199921 1.9576143 1.7011500 1.6405139 2.0518485 1.6686688 1.7874561 0.9402057 1.7973818 1.8689679 1.7052209 1.7801494 0.9178929 6.0848884 1.9140371 3.4795166 1.6714991 
n298_303   1.7500043 0.0000000 3.5689324 0.1580352 1.4674287 1.1885051 1.6732556 0.3356684 1.7523080 0.3649721 0.3769846 0.3698481 1.6403303 0.6865482 0.1086347 1.6946164 1.6712499 0.4079572 0.0556127 1.6191595 1.8585869 1.6088123 2.3236926 1.7200549 4.6252017 0.1084856 
n251_256   7.4127417 3.5689324 0.0000000 3.6618395 3.6281138 3.6222526 3.0466256 2.9860102 9.0000000 3.1118155 2.6885481 2.7181622 2.7672651 4.1314341 3.6115542 3.0137002 7.4814018 2.8125990 3.2235106 4.1224612 2.6094961 9.0000000 2.2018562 3.1376354 0.3762669 3.5216046 
n275_280   1.6959553 0.1580352 3.6618395 0.0000000 1.3960330 1.1457380 1.7269036 0.3458579 1.7734421 0.3357137 0.3415352 0.3746874 1.6327738 0.7532793 0.1088029 1.6988935 1.8693253 0.3771905 0.1746557 1.5506335 1.8343777 1.7235516 2.2954964 1.7391501 5.3589590 0.1086534 
n277_282   1.6557786 1.4674287 3.6281138 1.3960330 0.0000000 1.3916642 0.4684141 1.4304170 1.7750715 1.4549704 1.4049552 1.4086187 0.4549507 1.7551089 1.4702621 0.4416281 1.4472257 1.4279682 1.4971903 0.1292821 0.4556248 1.3566670 3.4520014 0.5295908 2.4393809 1.4856937 
n200_205   2.2772438 1.1885051 3.6222526 1.1457380 1.3916642 0.0000000 1.6566101 1.1139617 2.4071601 1.0250262 1.0534071 1.1122062 1.6689776 1.0366614 1.0850589 1.6172105 1.9394533 1.0736443 1.2209363 1.5731987 1.5941836 1.9665632 2.4752269 1.7794306 3.6354061 1.1318573 
n299_304   1.7452681 1.6732556 3.0466256 1.7269036 0.4684141 1.6566101 0.0000000 1.7729252 1.9496717 1.9264928 1.8816557 1.7695510 0.0632318 1.7203895 1.7117347 0.0203514 1.8261772 1.9306521 1.6947371 0.4742929 0.0343353 1.5190761 2.1803202 0.1625251 3.2792986 1.8038792 
n296_301   1.6416665 0.3356684 2.9860102 0.3458579 1.4304170 1.1139617 1.7729252 0.0000000 1.4698414 0.1413506 0.1411327 0.0272720 1.7545138 0.6806805 0.3193478 1.6999262 1.7964299 0.1580063 0.3083540 1.5808823 1.8715446 1.5550516 2.4054227 1.9222779 3.5671436 0.2975801 
n266_271   0.1732209 1.7523080 9.0000000 1.7734421 1.7750715 2.4071601 1.9496717 1.4698414 0.0000000 1.8538123 1.9627006 1.4738017 1.7883677 1.9909935 1.6618790 2.0766786 1.0385848 1.7485741 1.8385417 1.7469695 2.0307592 0.9806185 5.7893540 2.1129179 3.1503247 1.5802884 
n290_295   1.9199921 0.3649721 3.1118155 0.3357137 1.4549704 1.0250262 1.9264928 0.1413506 1.8538123 0.0000000 0.0272251 0.1626846 1.8714338 0.6744569 0.3249863 1.8736044 1.8284705 0.0704887 0.3419382 1.6101768 2.0433692 1.6868169 2.0763029 1.8918913 2.9797078 0.3190758 
n289_294   1.9576143 0.3769846 2.6885481 0.3415352 1.4049552 1.0534071 1.8816557 0.1411327 1.9627006 0.0272251 0.0000000 0.1582802 1.8293564 0.7021071 0.3414478 1.8313351 1.8299242 0.0703845 0.3535278 1.5506232 1.9927391 1.6880471 2.2738437 1.8488374 2.6664236 0.3353750 
n295_300   1.7011500 0.3698481 2.7181622 0.3746874 1.4086187 1.1122062 1.7695510 0.0272720 1.4738017 0.1626846 0.1582802 0.0000000 1.7512578 0.6896936 0.3411364 1.6969420 1.7891072 0.1841686 0.3411354 1.5549917 1.8675913 1.5819796 2.3946263 1.8476475 3.1188351 0.3298171 
n280_285   1.6405139 1.6403303 2.7672651 1.6327738 0.4549507 1.6689776 0.0632318 1.7545138 1.7883677 1.8714338 1.8293564 1.7512578 0.0000000 1.6466810 1.6788448 0.0632646 1.6046882 1.8753608 1.6977194 0.4613926 0.0595492 1.3836080 2.3048011 0.1290072 2.6699085 1.7675454 
n236_241   2.0518485 0.6865482 4.1314341 0.7532793 1.7551089 1.0366614 1.7203895 0.6806805 1.9909935 0.6744569 0.7021071 0.6896936 1.6466810 0.0000000 0.7067803 1.7174516 1.8009333 0.7830569 0.7160570 1.6953686 1.7355011 1.7550172 2.3752739 1.9106892 8.9999988 0.6949974 
n294_299   1.6686688 0.1086347 3.6115542 0.1088029 1.4702621 1.0850589 1.7117347 0.3193478 1.6618790 0.3249863 0.3414478 0.3411364 1.6788448 0.7067803 0.0000000 1.7437580 1.7353200 0.3712345 0.1162874 1.7080234 1.8946612 1.6078990 2.5644840 1.7615639 5.0097087 0.0307413 
n300_305   1.7874561 1.6946164 3.0137002 1.6988935 0.4416281 1.6172105 0.0203514 1.6999262 2.0766786 1.8736044 1.8313351 1.6969420 0.0632646 1.7174516 1.7437580 0.0000000 1.7756541 1.8350010 1.7165212 0.4544089 0.0343528 1.4836174 2.1726392 0.1581443 2.8898403 1.8048167 
n285_290   0.9402057 1.6712499 7.4814018 1.8693253 1.4472257 1.9394533 1.8261772 1.7964299 1.0385848 1.8284705 1.8299242 1.7891072 1.6046882 1.8009333 1.7353200 1.7756541 0.0000000 1.8808984 1.9147431 1.4744807 1.7815966 0.0780758 2.9468674 1.6252261 3.7893704 1.7073659 
n287_292   1.7973818 0.4079572 2.8125990 0.3771905 1.4279682 1.0736443 1.9306521 0.1580063 1.7485741 0.0704887 0.0703845 0.1841686 1.8753608 0.7830569 0.3712345 1.8350010 1.8808984 0.0000000 0.3889709 1.5777107 2.0480094 1.7313009 2.1761733 1.9963564 2.5781823 0.3761135 
n297_302   1.8689679 0.0556127 3.2235106 0.1746557 1.4971903 1.2209363 1.6947371 0.3083540 1.8385417 0.3419382 0.3535278 0.3411354 1.6977194 0.7160570 0.1162874 1.7165212 1.9147431 0.3889709 0.0000000 1.7006048 1.9071275 1.7618133 2.0478020 1.7150720 4.0247584 0.1122513 
n278_283   1.7052209 1.6191595 4.1224612 1.5506335 0.1292821 1.5731987 0.4742929 1.5808823 1.7469695 1.6101768 1.5506232 1.5549917 0.4613926 1.6953686 1.7080234 0.4544089 1.4744807 1.5777107 1.7006048 0.0000000 0.4547717 1.4718695 3.2556801 0.5064815 2.6491505 1.7202139 
n292_297   1.7801494 1.8585869 2.6094961 1.8343777 0.4556248 1.5941836 0.0343353 1.8715446 2.0307592 2.0433692 1.9927391 1.8675913 0.0595492 1.7355011 1.8946612 0.0343528 1.7815966 2.0480094 1.9071275 0.4547717 0.0000000 1.4877753 2.3154207 0.1538421 2.6972419 2.0075956 
n286_291   0.9178929 1.6088123 9.0000000 1.7235516 1.3566670 1.9665632 1.5190761 1.5550516 0.9806185 1.6868169 1.6880471 1.5819796 1.3836080 1.7550172 1.6078990 1.4836174 0.0780758 1.7313009 1.7618133 1.4718695 1.4877753 0.0000000 2.3063294 1.4205942 4.0464331 1.5834975 
n244_249   6.0848884 2.3236926 2.2018562 2.2954964 3.4520014 2.4752269 2.1803202 2.4054227 5.7893540 2.0763029 2.2738437 2.3946263 2.3048011 2.3752739 2.5644840 2.1726392 2.9468674 2.1761733 2.0478020 3.2556801 2.3154207 2.3063294 0.0000000 1.9540265 1.8939666 2.5563693 
n274_279   1.9140371 1.7200549 3.1376354 1.7391501 0.5295908 1.7794306 0.1625251 1.9222779 2.1129179 1.8918913 1.8488374 1.8476475 0.1290072 1.9106892 1.7615639 0.1581443 1.6252261 1.9963564 1.7150720 0.5064815 0.1538421 1.4205942 1.9540265 0.0000000 3.1997889 1.8157110 
n255_260   3.4795166 4.6252017 0.3762669 5.3589590 2.4393809 3.6354061 3.2792986 3.5671436 3.1503247 2.9797078 2.6664236 3.1188351 2.6699085 8.9999988 5.0097087 2.8898403 3.7893704 2.5781823 4.0247584 2.6491505 2.6972419 4.0464331 1.8939666 3.1997889 0.0000000 4.4246253 
n293_298   1.6714991 0.1084856 3.5216046 0.1086534 1.4856937 1.1318573 1.8038792 0.2975801 1.5802884 0.3190758 0.3353750 0.3298171 1.7675454 0.6949974 0.0307413 1.8048167 1.7073659 0.3761135 0.1122513 1.7202139 2.0075956 1.5834975 2.5563693 1.8157110 4.4246253 0.0000000 
