19
n266_235   0.0000000 2.3383461 2.7584893 2.6128510 2.7982742 2.5490241 1.0661101 2.7598926 3.0011331 2.6116996 1.1114940 2.7285812 2.3272084 3.1509166 2.8983668 2.5404272 2.9492645 2.3995318 0.1756807 
n296_253   2.3383461 0.0000000 0.3794079 0.1940150 0.3282195 2.5585711 2.4457751 0.8517002 2.1806167 0.1904570 2.8198566 0.3736197 0.0483601 2.1954365 0.1720597 0.3445651 0.3435117 0.6824646 2.0833186 
n297_254   2.7584893 0.3794079 0.0000000 0.3967621 0.1731767 2.4258086 3.0495766 1.2151843 1.8210960 0.3879027 3.4228103 0.0308918 0.3790027 2.7857141 0.3496999 0.1688449 0.1600682 0.7400064 2.3922557 
n289_248   2.6128510 0.1940150 0.3967621 0.0000000 0.3441163 2.6006986 3.1236306 1.0532171 2.1523601 0.0744653 2.8771635 0.3792133 0.1886545 2.8032800 0.0413674 0.3790961 0.3717706 0.7179380 2.3249536 
n294_251   2.7982742 0.3282195 0.1731767 0.3441163 0.0000000 2.4150400 2.4599153 1.0541645 1.9344515 0.3515936 3.0233272 0.1602724 0.3502452 2.5303222 0.3054458 0.1431202 0.0710904 0.6271848 2.3460370 
n244_219   2.5490241 2.5585711 2.4258086 2.6006986 2.4150400 0.0000000 2.7690027 2.6141036 1.8638573 2.4973241 2.4711009 2.4982413 2.4468066 1.8988077 2.5230975 2.5229140 2.2786100 2.4370340 2.0129170 
n285_244   1.0661101 2.4457751 3.0495766 3.1236306 2.4599153 2.7690027 0.0000000 2.4921876 2.5874042 2.8654033 0.0783346 2.7631258 2.6073997 3.2547433 2.8576650 2.5399309 2.3776277 2.3634216 1.0457492 
n200_187   2.7598926 0.8517002 1.2151843 1.0532171 1.0541645 2.6141036 2.4921876 0.0000000 2.9821973 0.9506437 2.5961020 1.1981825 0.8824423 2.6916154 0.9929448 1.0819281 1.0300247 0.9643891 2.4110997 
n255_228   3.0011331 2.1806167 1.8210960 2.1523601 1.9344515 1.8638573 2.5874042 2.9821973 0.0000000 2.3326819 2.4154188 1.8940301 2.2263731 0.3453350 2.2328260 1.9248204 1.9756518 2.4417875 2.5059531 
n287_246   2.6116996 0.1904570 0.3879027 0.0744653 0.3515936 2.4973241 2.8654033 0.9506437 2.3326819 0.0000000 2.7305166 0.3760034 0.1848570 2.8219153 0.0596295 0.3690681 0.3863063 0.6457205 2.2957329 
n286_245   1.1114940 2.8198566 3.4228103 2.8771635 3.0233272 2.4711009 0.0783346 2.5961020 2.4154188 2.7305166 0.0000000 3.0490591 2.9101983 3.0383367 2.9469948 2.6323991 2.7601257 2.4857862 1.0506434 
n298_255   2.7285812 0.3736197 0.0308918 0.3792133 0.1602724 2.4982413 2.7631258 1.1981825 1.8940301 0.3760034 3.0490591 0.0000000 0.3790255 2.9727748 0.3441568 0.1602896 0.1515009 0.6918178 2.3734548 
n295_252   2.3272084 0.0483601 0.3790027 0.1886545 0.3502452 2.4468066 2.6073997 0.8824423 2.2263731 0.1848570 2.9101983 0.3790255 0.0000000 2.6635672 0.1805482 0.3612079 0.3601795 0.6971602 2.0886640 
n251_226   3.1509166 2.1954365 2.7857141 2.8032800 2.5303222 1.8988077 3.2547433 2.6916154 0.3453350 2.8219153 3.0383367 2.9727748 2.6635672 0.0000000 2.9704799 2.6091420 2.7100652 2.7523481 2.6554470 
n290_249   2.8983668 0.1720597 0.3496999 0.0413674 0.3054458 2.5230975 2.8576650 0.9929448 2.2328260 0.0596295 2.9469948 0.3441568 0.1805482 2.9704799 0.0000000 0.3440506 0.3430809 0.6728753 2.4512454 
n275_240   2.5404272 0.3445651 0.1688449 0.3790961 0.1431202 2.5229140 2.5399309 1.0819281 1.9248204 0.3690681 2.6323991 0.1602896 0.3612079 2.6091420 0.3440506 0.0000000 0.1304790 0.6723924 2.2855950 
n293_250   2.9492645 0.3435117 0.1600682 0.3717706 0.0710904 2.2786100 2.3776277 1.0300247 1.9756518 0.3863063 2.7601257 0.1515009 0.3601795 2.7100652 0.3430809 0.1304790 0.0000000 0.6474289 2.4276242 
n236_211   2.3995318 0.6824646 0.7400064 0.7179380 0.6271848 2.4370340 2.3634216 0.9643891 2.4417875 0.6457205 2.4857862 0.6918178 0.6971602 2.7523481 0.6728753 0.6723924 0.6474289 0.0000000 2.6526127 
n265_234   0.1756807 2.0833186 2.3922557 2.3249536 2.3460370 2.0129170 1.0457492 2.4110997 2.5059531 2.2957329 1.0506434 2.3734548 2.0886640 2.6554470 2.4512454 2.2855950 2.4276242 2.6526127 0.0000000 
