21
n292_293   0.0000000 0.3030807 0.3032059 0.2729933 0.2959795 0.2582252 0.2779376 0.0168530 0.3030807 0.3015493 0.2583672 0.0552383 0.2733470 0.3429305 0.2886038 0.2638231 0.2445231 0.2487971 0.0662231 0.0168516 0.2588646 
n287_288   0.3030807 0.0000000 0.0100998 0.0591350 0.3753290 0.3156615 0.0627783 0.3025090 0.0067122 0.3751006 0.1200683 0.3174804 0.0628205 0.4423247 0.0272391 0.3320481 0.1872452 0.3054022 0.3178569 0.3180421 0.3265348 
n290_291   0.3032059 0.0100998 0.0000000 0.0591537 0.3755004 0.3157947 0.0627993 0.3026337 0.0100998 0.3752717 0.1201089 0.3176137 0.0628406 0.4492220 0.0272475 0.3321914 0.1873131 0.3055294 0.3179904 0.3181758 0.3266746 
n294_295   0.2729933 0.0591350 0.0591537 0.0000000 0.3411880 0.3095857 0.0168170 0.2724874 0.0591350 0.3360261 0.1003834 0.2868629 0.0168278 0.4163057 0.0519661 0.3154587 0.1697910 0.2994329 0.2872017 0.2873679 0.3100875 
n251_252   0.2959795 0.3753290 0.3755004 0.3411880 0.0000000 0.3141665 0.3571426 0.3009096 0.3753290 0.0307141 0.3369551 0.3055011 0.3411384 0.3080854 0.3590736 0.3305618 0.3060706 0.3146736 0.3115122 0.3007499 0.3250789 
n286_287   0.2582252 0.3156615 0.3157947 0.3095857 0.3141665 0.0000000 0.3148158 0.2629351 0.3156615 0.3038526 0.3149337 0.2677080 0.3043364 0.4015290 0.2953142 0.1747386 0.2896069 0.0067133 0.2730274 0.2723115 0.1703589 
n275_276   0.2779376 0.0627783 0.0627993 0.0168170 0.3571426 0.3148158 0.0000000 0.2774210 0.0627783 0.3518761 0.1119335 0.2918945 0.0202439 0.4161572 0.0555763 0.3207410 0.1740852 0.3045890 0.2922395 0.2924088 0.3153268 
n274_275   0.0168530 0.3025090 0.3026337 0.2724874 0.3009096 0.2629351 0.2774210 0.0000000 0.3025090 0.3065220 0.2578927 0.0588232 0.2728398 0.3594804 0.2880630 0.2685799 0.2491558 0.2534495 0.0698679 0.0271281 0.2635878 
n289_290   0.3030807 0.0067122 0.0100998 0.0591350 0.3753290 0.3156615 0.0627783 0.3025090 0.0000000 0.3751006 0.1200683 0.3174804 0.0628205 0.4489956 0.0272391 0.3320481 0.1872452 0.3054022 0.3178569 0.3180421 0.3265348 
n255_256   0.3015493 0.3751006 0.3752717 0.3360261 0.0307141 0.3038526 0.3518761 0.3065220 0.3751006 0.0000000 0.3263215 0.3006225 0.3359779 0.3031601 0.3588603 0.3199969 0.3059020 0.3043408 0.3065847 0.3063586 0.3145988 
n236_237   0.2583672 0.1200683 0.1201089 0.1003834 0.3369551 0.3149337 0.1119335 0.2578927 0.1200683 0.3263215 0.0000000 0.2670045 0.1120095 0.3887970 0.1122966 0.2793224 0.1446482 0.3047045 0.2672751 0.2724641 0.2899012 
n278_279   0.0552383 0.3174804 0.3176137 0.2868629 0.3055011 0.2677080 0.2918945 0.0588232 0.3174804 0.3006225 0.2670045 0.0000000 0.2872373 0.3740973 0.3027740 0.2630436 0.2529228 0.2581605 0.0305565 0.0623581 0.2581011 
n297_298   0.2733470 0.0628205 0.0628406 0.0168278 0.3411384 0.3043364 0.0202439 0.2728398 0.0628205 0.3359779 0.1120095 0.2872373 0.0000000 0.4051323 0.0519340 0.3048480 0.1742088 0.2942558 0.2826804 0.2877435 0.2995625 
n244_245   0.3429305 0.4423247 0.4492220 0.4163057 0.3080854 0.4015290 0.4161572 0.3594804 0.4489956 0.3031601 0.3887970 0.3740973 0.4051323 0.0000000 0.4258774 0.4074986 0.3725552 0.3960680 0.3856279 0.3700748 0.4013822 
n296_297   0.2886038 0.0272391 0.0272475 0.0519661 0.3590736 0.2953142 0.0555763 0.2880630 0.0272391 0.3588603 0.1122966 0.3027740 0.0519340 0.4258774 0.0000000 0.3112305 0.1787453 0.2853262 0.3031331 0.3033095 0.3058795 
n266_267   0.2638231 0.3320481 0.3321914 0.3154587 0.3305618 0.1747386 0.3207410 0.2685799 0.3320481 0.3199969 0.2793224 0.2630436 0.3048480 0.4074986 0.3112305 0.0000000 0.2706890 0.1704282 0.2686538 0.2780486 0.0169098 
n200_201   0.2445231 0.1872452 0.1873131 0.1697910 0.3060706 0.2896069 0.1740852 0.2491558 0.1872452 0.3059020 0.1446482 0.2529228 0.1742088 0.3725552 0.1787453 0.2706890 0.0000000 0.2797164 0.2581093 0.2583818 0.2757702 
n285_286   0.2487971 0.3054022 0.3055294 0.2994329 0.3146736 0.0067133 0.3045890 0.2534495 0.3054022 0.3043408 0.3047045 0.2581605 0.2942558 0.3960680 0.2853262 0.1704282 0.2797164 0.0000000 0.2633994 0.2627138 0.1660769 
n277_278   0.0662231 0.3178569 0.3179904 0.2872017 0.3115122 0.2730274 0.2922395 0.0698679 0.3178569 0.3065847 0.2672751 0.0305565 0.2826804 0.3856279 0.3031331 0.2686538 0.2581093 0.2633994 0.0000000 0.0734516 0.2636591 
n280_281   0.0168516 0.3180421 0.3181758 0.2873679 0.3007499 0.2723115 0.2924088 0.0271281 0.3180421 0.3063586 0.2724641 0.0623581 0.2877435 0.3700748 0.3033095 0.2780486 0.2583818 0.2627138 0.0734516 0.0000000 0.2729908 
n265_266   0.2588646 0.3265348 0.3266746 0.3100875 0.3250789 0.1703589 0.3153268 0.2635878 0.3265348 0.3145988 0.2899012 0.2581011 0.2995625 0.4013822 0.3058795 0.0169098 0.2757702 0.1660769 0.2636591 0.2729908 0.0000000 
