23
n292_293   0.0000000 0.3198812 0.3199124 0.2933553 0.4247561 0.2580119 0.0033321 0.3090746 0.0134465 0.3146425 0.4437550 0.3472952 0.0702074 0.3092748 0.3199038 0.4955710 0.2986950 0.3147334 0.2882999 0.3364269 0.2630495 0.0591398 0.2932138 
n287_288   0.3198812 0.0000000 0.0100833 0.0342831 0.3710627 0.3146558 0.3147254 0.0377868 0.3206163 0.0067061 0.3757284 0.1006898 0.3427935 0.0413728 0.0485255 0.4606015 0.0378276 0.0134965 0.3642584 0.1250206 0.3201446 0.3252865 0.3702052 
n290_291   0.3199124 0.0100833 0.0000000 0.0307723 0.3825575 0.3093306 0.3147567 0.0342597 0.3206476 0.0033445 0.3872661 0.0968165 0.3428241 0.0378239 0.0449383 0.4548955 0.0342973 0.0100963 0.3642879 0.1250402 0.3147756 0.3253176 0.3702344 
n294_295   0.2933553 0.0342831 0.0307723 0.0000000 0.3542201 0.2879518 0.2883802 0.0100842 0.2940201 0.0272858 0.3765461 0.0815385 0.3264065 0.0134935 0.0203447 0.4344966 0.0033450 0.0272941 0.3417444 0.1089410 0.2932204 0.3093274 0.3474973 
n251_252   0.4247561 0.3710627 0.3825575 0.3542201 0.0000000 0.3842647 0.4254072 0.3429404 0.4449420 0.3768097 0.0591919 0.4136588 0.4395834 0.3656700 0.3772105 0.3737539 0.3600891 0.3769184 0.4437443 0.3957594 0.3842974 0.4255921 0.4307329 
n286_287   0.2580119 0.3146558 0.3093306 0.2879518 0.3842647 0.0000000 0.2532674 0.2879749 0.2582272 0.3041352 0.4202504 0.3414392 0.2935511 0.3036016 0.3141361 0.4753410 0.2932457 0.2931971 0.1616330 0.3595745 0.0033466 0.2778805 0.1657614 
n300_301   0.0033321 0.3147254 0.3147567 0.2883802 0.4254072 0.2532674 0.0000000 0.3039939 0.0100635 0.3095215 0.4444414 0.3419438 0.0665458 0.3041909 0.3147479 0.4890849 0.2936822 0.3096110 0.2833588 0.3311499 0.2582715 0.0555363 0.2882421 
n275_276   0.3090746 0.0377868 0.0342597 0.0100842 0.3429404 0.2879749 0.3039939 0.0000000 0.3097807 0.0307575 0.3649293 0.0852644 0.3315918 0.0168997 0.0237821 0.4227039 0.0134858 0.0307669 0.3362057 0.1128210 0.2932440 0.3143872 0.3419126 
n274_275   0.0134465 0.3206163 0.3206476 0.2940201 0.4449420 0.2582272 0.0100635 0.3097807 0.0000000 0.3153637 0.4576322 0.3481058 0.0777825 0.3099817 0.3206389 0.4899039 0.2993740 0.3154550 0.2991684 0.3372090 0.2632695 0.0665677 0.3041623 
n289_290   0.3146425 0.0067061 0.0033445 0.0272858 0.3768097 0.3041352 0.3095215 0.0307575 0.3153637 0.0000000 0.3814969 0.0929838 0.3373701 0.0343000 0.0413777 0.4542514 0.0307911 0.0067147 0.3586879 0.1210293 0.3095397 0.3200044 0.3645870 
n255_256   0.4437550 0.3757284 0.3872661 0.3765461 0.0591919 0.4202504 0.4444414 0.3649293 0.4576322 0.3814969 0.0000000 0.4437303 0.4718889 0.3883401 0.4002323 0.3899494 0.3826025 0.3937992 0.4886368 0.4389311 0.4202866 0.4572198 0.4748169 
n236_237   0.3472952 0.1006898 0.0968165 0.0815385 0.4136588 0.3414392 0.3419438 0.0852644 0.3481058 0.0929838 0.4437303 0.0000000 0.3656428 0.0891547 0.0968281 0.4881507 0.0853593 0.0930118 0.3833913 0.1334513 0.3471508 0.3424766 0.3895323 
n278_279   0.0702074 0.3427935 0.3428241 0.3264065 0.4395834 0.2935511 0.0665458 0.3315918 0.0777825 0.3373701 0.4718889 0.3656428 0.0000000 0.3318079 0.3428163 0.5109690 0.3320407 0.3374678 0.3259273 0.3489922 0.2988712 0.0168918 0.3256234 
n297_298   0.3092748 0.0413728 0.0378239 0.0134935 0.3656700 0.3036016 0.3041909 0.0168997 0.3099817 0.0343000 0.3883401 0.0891547 0.3318079 0.0000000 0.0066993 0.4407224 0.0169176 0.0343105 0.3470728 0.1169154 0.3089949 0.3145912 0.3528681 
n298_299   0.3199038 0.0485255 0.0449383 0.0203447 0.3772105 0.3141361 0.3147479 0.0237821 0.3206389 0.0413777 0.4002323 0.0968281 0.3428163 0.0066993 0.0000000 0.4467537 0.0238072 0.0413904 0.3524202 0.1249457 0.3196140 0.3253091 0.3582582 
n244_245   0.4955710 0.4606015 0.4548955 0.4344966 0.3737539 0.4753410 0.4890849 0.4227039 0.4899039 0.4542514 0.3899494 0.4881507 0.5109690 0.4407224 0.4467537 0.0000000 0.4410787 0.4543825 0.4685073 0.4829018 0.4822553 0.5027095 0.4610082 
n293_294   0.2986950 0.0378276 0.0342973 0.0033450 0.3600891 0.2932457 0.2936822 0.0134858 0.2993740 0.0307911 0.3826025 0.0853593 0.3320407 0.0169176 0.0238072 0.4410787 0.0000000 0.0308006 0.3474925 0.1129497 0.2985585 0.3148060 0.3532972 
n296_297   0.3147334 0.0134965 0.0100963 0.0272941 0.3769184 0.2931971 0.3096110 0.0307669 0.3154550 0.0067147 0.3937992 0.0930118 0.3374678 0.0343105 0.0413904 0.4543825 0.0308006 0.0000000 0.3468007 0.1210656 0.2985069 0.3200969 0.3525900 
n266_267   0.2882999 0.3642584 0.3642879 0.3417444 0.4437443 0.1616330 0.2833588 0.3362057 0.2991684 0.3586879 0.4886368 0.3833913 0.3259273 0.3470728 0.3524202 0.4685073 0.3474925 0.3468007 0.0000000 0.3713393 0.1659681 0.3096178 0.0169118 
n200_201   0.3364269 0.1250206 0.1250402 0.1089410 0.3957594 0.3595745 0.3311499 0.1128210 0.3372090 0.1210293 0.4389311 0.1334513 0.3489922 0.1169154 0.1249457 0.4829018 0.1129497 0.1210656 0.3713393 0.0000000 0.3654537 0.3320175 0.3773682 
n285_286   0.2630495 0.3201446 0.3147756 0.2932204 0.3842974 0.0033466 0.2582715 0.2932440 0.2632695 0.3095397 0.4202866 0.3471508 0.2988712 0.3089949 0.3196140 0.4822553 0.2985585 0.2985069 0.1659681 0.3654537 0.0000000 0.2830732 0.1701218 
n277_278   0.0591398 0.3252865 0.3253176 0.3093274 0.4255921 0.2778805 0.0555363 0.3143872 0.0665677 0.3200044 0.4572198 0.3424766 0.0168918 0.3145912 0.3253091 0.5027095 0.3148060 0.3200969 0.3096178 0.3320175 0.2830732 0.0000000 0.3146878 
n265_266   0.2932138 0.3702052 0.3702344 0.3474973 0.4307329 0.1657614 0.2882421 0.3419126 0.3041623 0.3645870 0.4748169 0.3895323 0.3256234 0.3528681 0.3582582 0.4610082 0.3532972 0.3525900 0.0169118 0.3773682 0.1701218 0.3146878 0.0000000 
