26
n265_270   0.0000000 2.2207721 3.9473089 2.7719094 1.5201157 1.8932235 2.2782575 0.1850519 3.1149464 2.2186116 1.7482600 3.2328558 1.8043771 2.2300900 1.7148071 2.6808260 1.0682248 2.1039356 2.7859790 2.4122944 1.0531693 1.5066548 1.7306211 2.1815525 1.8000213 2.5532664 
n298_303   2.2207721 0.0000000 1.7316661 0.1293181 2.0728349 1.8847645 0.3093236 2.0660163 0.2936391 0.3250692 2.0164469 0.3205034 1.8731395 0.0239034 0.5955006 0.1498825 3.1009060 1.1089208 0.2945802 0.1502019 2.5787803 1.9865901 1.7602696 3.3178733 1.8951266 2.0178763 
n251_256   3.9473089 1.7316661 0.0000000 1.6608304 2.5931373 4.1631255 1.5948512 3.0757728 1.6703949 1.5667896 4.0846726 1.6753798 3.3932863 1.7027052 2.5513456 1.7297599 2.3998984 1.9124067 1.6449173 1.7786939 2.4574447 3.0367780 3.7062064 1.8969405 2.9074756 0.3013622 
n275_280   2.7719094 0.1293181 1.6608304 0.0000000 2.2229221 1.9324608 0.3364005 2.3366968 0.3041150 0.3412655 1.9706828 0.3205465 1.9207672 0.1210603 0.6465045 0.1250569 3.5548401 1.0572173 0.2997564 0.1293105 2.9075580 2.0872067 1.8439028 3.6423621 1.8656051 2.2345913 
n277_282   1.5201157 2.0728349 2.5931373 2.2229221 0.0000000 0.3395045 2.0478710 1.6515779 2.2555429 1.9351425 0.3553393 2.1382571 0.3331539 2.0681501 1.8840709 2.4395228 2.0476155 1.6700101 2.0052588 2.4503775 2.0468182 0.1204992 0.3220515 2.9580492 0.3553410 3.4452834 
n299_304   1.8932235 1.8847645 4.1631255 1.9324608 0.3395045 0.0000000 2.0964040 1.8898466 2.1305980 2.0360671 0.0999357 2.0676613 0.0235758 1.8822149 1.6585168 1.9793892 1.8303404 1.6053724 1.9930639 1.9849231 1.8394969 0.3452836 0.0374826 2.1649427 0.1477696 4.3340472 
n296_301   2.2782575 0.3093236 1.5948512 0.3364005 2.0478710 2.0964040 0.0000000 2.4291692 0.1447979 0.0306683 2.1462682 0.1365401 2.0918874 0.3141271 0.6169350 0.3086649 2.7159666 1.1364816 0.1285971 0.3146250 2.5141894 2.3202354 1.9208630 2.3641091 1.9642265 1.8668898 
n266_271   0.1850519 2.0660163 3.0757728 2.3366968 1.6515779 1.8898466 2.4291692 0.0000000 2.8720857 2.3274940 1.8851541 3.1437717 1.8020324 1.9865977 1.8391789 2.3050855 1.1068228 1.9989341 2.7792015 2.1264218 1.1480492 1.6895588 1.7603288 1.7076173 2.1834695 2.8450943 
n290_295   3.1149464 0.2936391 1.6703949 0.3041150 2.2555429 2.1305980 0.1447979 2.8720857 0.0000000 0.1614366 2.1755274 0.0485651 2.0268757 0.2881135 0.6150284 0.3195714 2.8207130 1.0685755 0.0450199 0.3098811 2.6493827 2.3618934 1.9719177 2.9732633 1.9259863 1.9687238 
n295_300   2.2186116 0.3250692 1.5667896 0.3412655 1.9351425 2.0360671 0.0306683 2.3274940 0.1614366 0.0000000 1.9819017 0.1529768 2.0308635 0.3299608 0.6150310 0.3243625 2.4872631 1.1223456 0.1448685 0.3304820 2.3677138 2.1743786 1.8669827 2.4673447 1.8755380 1.8609511 
n280_285   1.7482600 2.0164469 4.0846726 1.9706828 0.3553393 0.0999357 2.1462682 1.8851541 2.1755274 1.9819017 0.0000000 2.0076774 0.0997246 2.0117389 1.7438290 2.0808430 1.7544841 1.6930994 1.9379905 2.0619144 1.7681587 0.3502272 0.1076395 2.2149396 0.1560531 4.0612609 
n289_294   3.2328558 0.3205034 1.6753798 0.3205465 2.1382571 2.0676613 0.1365401 3.1437717 0.0485651 0.1529768 2.0076774 0.0000000 1.9703825 0.3147304 0.6422664 0.3360970 2.7741045 1.1168179 0.0379194 0.3260436 2.4386851 2.2266340 1.9170281 2.8328546 1.8756358 1.9752065 
n300_305   1.8043771 1.8731395 3.3932863 1.9207672 0.3331539 0.0235758 2.0918874 1.8020324 2.0268757 2.0308635 0.0997246 1.9703825 0.0000000 1.8705482 1.5407907 1.9309847 1.8094003 1.5415997 1.9022226 1.8993830 1.8556049 0.3334282 0.0339138 2.1937806 0.1433173 3.4945359 
n297_302   2.2300900 0.0239034 1.7027052 0.1210603 2.0681501 1.8822149 0.3141271 1.9865977 0.2881135 0.3299608 2.0117389 0.3147304 1.8705482 0.0000000 0.5947646 0.1370953 3.0304053 1.1237856 0.2890332 0.1416020 2.5252729 1.9818993 1.7575107 2.9823788 1.8904144 2.0135142 
n236_241   1.7148071 0.5955006 2.5513456 0.6465045 1.8840709 1.6585168 0.6169350 1.8391789 0.6150284 0.6150310 1.7438290 0.6422664 1.5407907 0.5947646 0.0000000 0.6892755 2.2972636 0.8874344 0.6094442 0.6741030 2.1914232 1.9034468 1.5135734 3.5749113 1.5372513 1.9710451 
n294_299   2.6808260 0.1498825 1.7297599 0.1250569 2.4395228 1.9793892 0.3086649 2.3050855 0.3195714 0.3243625 2.0808430 0.3360970 1.9309847 0.1370953 0.6892755 0.0000000 2.4039911 1.0700446 0.3096686 0.0414913 2.2278580 2.3876889 1.8827335 3.4956146 2.2421022 2.1081606 
n285_290   1.0682248 3.1009060 2.3998984 3.5548401 2.0476155 1.8303404 2.7159666 1.1068228 2.8207130 2.4872631 1.7544841 2.7741045 1.8094003 3.0304053 2.2972636 2.4039911 0.0000000 2.3654054 2.8560982 2.6686414 0.0669880 1.8334759 1.8206793 1.8903319 1.8774852 2.5485741 
n200_203   2.1039356 1.1089208 1.9124067 1.0572173 1.6700101 1.6053724 1.1364816 1.9989341 1.0685755 1.1223456 1.6930994 1.1168179 1.5415997 1.1237856 0.8874344 1.0700446 2.3654054 0.0000000 1.0583638 1.1035512 2.4062401 1.9121660 1.6213865 8.9999989 1.8571734 2.7678216 
n287_292   2.7859790 0.2945802 1.6449173 0.2997564 2.0052588 1.9930639 0.1285971 2.7792015 0.0450199 0.1448685 1.9379905 0.0379194 1.9022226 0.2890332 0.6094442 0.3096686 2.8560982 1.0583638 0.0000000 0.2999215 2.5700379 2.1906800 1.8199230 3.5683409 1.8137429 1.8601594 
n293_298   2.4122944 0.1502019 1.7786939 0.1293105 2.4503775 1.9849231 0.3146250 2.1264218 0.3098811 0.3304820 2.0619144 0.3260436 1.8993830 0.1416020 0.6741030 0.0414913 2.6686414 1.1035512 0.2999215 0.0000000 2.4449328 2.3943308 1.8530639 3.4614990 2.1446277 2.1437434 
n286_291   1.0531693 2.5787803 2.4574447 2.9075580 2.0468182 1.8394969 2.5141894 1.1480492 2.6493827 2.3677138 1.7681587 2.4386851 1.8556049 2.5252729 2.1914232 2.2278580 0.0669880 2.4062401 2.5700379 2.4449328 0.0000000 1.8362465 1.8349507 2.0201978 1.7244330 2.3334091 
n278_283   1.5066548 1.9865901 3.0367780 2.0872067 0.1204992 0.3452836 2.3202354 1.6895588 2.3618934 2.1743786 0.3502272 2.2266340 0.3334282 1.9818993 1.9034468 2.3876889 1.8334759 1.9121660 2.1906800 2.3943308 1.8362465 0.0000000 0.3221315 2.7448186 0.3498827 3.6216853 
n292_297   1.7306211 1.7602696 3.7062064 1.8439028 0.3220515 0.0374826 1.9208630 1.7603288 1.9719177 1.8669827 0.1076395 1.9170281 0.0339138 1.7575107 1.5135734 1.8827335 1.8206793 1.6213865 1.8199230 1.8530639 1.8349507 0.3221315 0.0000000 2.2700322 0.1351713 3.8386211 
n244_249   2.1815525 3.3178733 1.8969405 3.6423621 2.9580492 2.1649427 2.3641091 1.7076173 2.9732633 2.4673447 2.2149396 2.8328546 2.1937806 2.9823788 3.5749113 3.4956146 1.8903319 8.9999989 3.5683409 3.4614990 2.0201978 2.7448186 2.2700322 0.0000000 2.1965005 1.9766515 
n274_279   1.8000213 1.8951266 2.9074756 1.8656051 0.3553410 0.1477696 1.9642265 2.1834695 1.9259863 1.8755380 0.1560531 1.8756358 0.1433173 1.8904144 1.5372513 2.2421022 1.8774852 1.8571734 1.8137429 2.1446277 1.7244330 0.3498827 0.1351713 2.1965005 0.0000000 3.0971912 
n255_260   2.5532664 2.0178763 0.3013622 2.2345913 3.4452834 4.3340472 1.8668898 2.8450943 1.9687238 1.8609511 4.0612609 1.9752065 3.4945359 2.0135142 1.9710451 2.1081606 2.5485741 2.7678216 1.8601594 2.1437434 2.3334091 3.6216853 3.8386211 1.9766515 3.0971912 0.0000000 
