25
n299_300   0.0000000 0.0100634 2.1217941 3.0724516 2.4083291 0.4537144 1.9734537 1.9158213 0.1245635 1.9355003 2.1554911 1.8605690 0.0556560 0.4389623 1.8978795 2.0527242 1.5510588 2.0437962 2.0809723 2.3615179 2.2955841 1.8490075 1.9387590 0.1007942 2.2053826 
n300_301   0.0100634 0.0000000 2.0945719 3.2170595 2.3624629 0.4531739 1.8603753 1.8476821 0.1204915 1.9123869 2.0711350 1.8583594 0.0520135 0.4384493 1.8621749 1.9766691 1.5496290 2.0183792 2.0469107 2.2597772 2.1986676 1.8100869 1.9362838 0.1008653 2.1180037 
n290_291   2.1217941 2.0945719 0.0000000 2.3721387 2.3153639 2.4616699 1.0682919 0.6370390 2.0363090 0.0594475 0.1284928 0.2613639 2.2841469 1.9709081 0.2725232 0.2519878 1.9076288 0.0667551 2.0377568 0.2574682 0.1490635 1.6553480 1.8314995 1.9837804 0.2376418 
n244_245   3.0724516 3.2170595 2.3721387 0.0000000 1.8544621 2.5173950 3.9405569 2.8969926 3.2381357 2.2352204 2.5462050 2.0789050 2.8263871 2.5680122 2.3779160 2.2897707 3.6085391 2.5451001 2.1294164 2.4535468 2.7900916 3.1537622 3.0431915 2.6875683 2.3127926 
n255_256   2.4083291 2.3624629 2.3153639 1.8544621 0.0000000 2.8976402 2.2936369 3.1523006 3.0382711 2.3489352 2.5741481 2.1936388 2.6646886 4.6007495 2.5138339 2.7648435 1.9740400 2.5594548 0.3141555 2.8149864 2.8213942 2.8829107 3.6745389 2.5301629 2.4762790 
n277_278   0.4537144 0.4531739 2.4616699 2.5173950 2.8976402 0.0000000 1.8896913 1.8322366 0.4302843 2.2916691 2.5499411 2.2303234 0.4816448 0.1245612 1.7935967 1.9614934 1.2114682 2.4060136 2.5135198 2.0755951 2.6988994 1.6854252 1.5796713 0.4424232 2.0366413 
n200_201   1.9734537 1.8603753 1.0682919 3.9405569 2.2936369 1.8896913 0.0000000 1.1229956 1.7678004 1.0959365 1.0622090 0.9815724 1.9395663 1.7240314 1.0846861 1.1024652 1.6253509 1.0669626 2.5048673 0.9537994 1.1464773 2.1494930 2.0369125 1.9775601 0.9547861 
n236_237   1.9158213 1.8476821 0.6370390 2.8969926 3.1523006 1.8322366 1.1229956 0.0000000 1.8854311 0.6440651 0.6123220 0.5143174 2.0877079 1.8045507 0.5983235 0.5831905 1.8393235 0.6455183 2.8097363 0.5908665 0.6376916 1.7423214 1.7856453 1.8008127 0.5660789 
n274_275   0.1245635 0.1204915 2.0363090 3.2381357 3.0382711 0.4302843 1.7678004 1.8854311 0.0000000 2.0457343 2.2847312 2.0744112 0.1373343 0.4096986 1.9418867 2.0033253 1.3126679 2.1953185 2.2823030 2.2741946 2.3860951 1.8864675 1.6759823 0.1334175 2.1614915 
n289_290   1.9355003 1.9123869 0.0594475 2.2352204 2.3489352 2.2916691 1.0959365 0.6440651 2.0457343 0.0000000 0.1450033 0.2762534 2.0968501 1.8709728 0.2879554 0.2771129 2.0129150 0.0779558 2.1607202 0.2826289 0.1662786 1.8540250 2.0188765 1.8815973 0.2620192 
n296_297   2.1554911 2.0711350 0.1284928 2.5462050 2.5741481 2.5499411 1.0622090 0.6123220 2.2847312 0.1450033 0.0000000 0.2574301 2.1960777 2.0672975 0.3143003 0.2931465 1.8157315 0.1367094 2.4121200 0.2734516 0.0449100 1.7218668 1.8022658 2.0101996 0.2628916 
n275_276   1.8605690 1.8583594 0.2613639 2.0789050 2.1936388 2.2303234 0.9815724 0.5143174 2.0744112 0.2762534 0.2574301 0.0000000 2.0806695 1.8795541 0.1579803 0.1579611 1.9598683 0.2763962 1.8968996 0.1248566 0.2819075 1.6274072 1.6714681 1.7552839 0.1086796 
n292_293   0.0556560 0.0520135 2.2841469 2.8263871 2.6646886 0.4816448 1.9395663 2.0877079 0.1373343 2.0968501 2.1960777 2.0806695 0.0000000 0.4661816 2.1385905 2.2379461 1.5503902 2.1906020 2.2490987 2.4959641 2.4020191 1.8465176 2.1864998 0.1089396 2.3748320 
n278_279   0.4389623 0.4384493 1.9709081 2.5680122 4.6007495 0.1245612 1.7240314 1.8045507 0.4096986 1.8709728 2.0672975 1.8795541 0.4661816 0.0000000 1.6094659 1.6871465 1.1815308 1.9809123 3.3903218 1.7688548 2.1508934 1.6993079 1.5486610 0.4086354 1.7061640 
n298_299   1.8978795 1.8621749 0.2725232 2.3779160 2.5138339 1.7935967 1.0846861 0.5983235 1.9418867 0.2879554 0.3143003 0.1579803 2.1385905 1.6094659 0.0000000 0.0448419 1.9174843 0.2937809 2.4572206 0.1290084 0.3147927 1.4724300 1.6536274 1.7649348 0.1205579 
n297_298   2.0527242 1.9766691 0.2519878 2.2897707 2.7648435 1.9614934 1.1024652 0.5831905 2.0033253 0.2771129 0.2931465 0.1579611 2.2379461 1.6871465 0.0448419 0.0000000 2.0222734 0.2828171 2.6150800 0.1129253 0.2930189 1.4796400 1.6379073 1.8896744 0.1126386 
n286_287   1.5510588 1.5496290 1.9076288 3.6085391 1.9740400 1.2114682 1.6253509 1.8393235 1.3126679 2.0129150 1.8157315 1.9598683 1.5503902 1.1815308 1.9174843 2.0222734 0.0000000 2.1946588 2.4355953 1.8753142 1.9139483 0.9611832 0.8893696 1.4405046 1.9619251 
n287_288   2.0437962 2.0183792 0.0667551 2.5451001 2.5594548 2.4060136 1.0669626 0.6455183 2.1953185 0.0779558 0.1367094 0.2763962 2.1906020 1.9809123 0.2937809 0.2828171 2.1946588 0.0000000 2.2289372 0.2676700 0.1619738 1.7688749 1.9821368 2.0040936 0.2572301 
n251_252   2.0809723 2.0469107 2.0377568 2.1294164 0.3141555 2.5135198 2.5048673 2.8097363 2.2823030 2.1607202 2.4121200 1.8968996 2.2490987 3.3903218 2.4572206 2.6150800 2.4355953 2.2289372 0.0000000 2.3135693 2.3204378 2.5433481 2.5429933 2.2655208 2.3234376 
n294_295   2.3615179 2.2597772 0.2574682 2.4535468 2.8149864 2.0755951 0.9537994 0.5908665 2.2741946 0.2826289 0.2734516 0.1248566 2.4959641 1.7688548 0.1290084 0.1129253 1.8753142 0.2676700 2.3135693 0.0000000 0.2737013 1.5300303 1.7468308 2.0030473 0.0412812 
n295_296   2.2955841 2.1986676 0.1490635 2.7900916 2.8213942 2.6988994 1.1464773 0.6376916 2.3860951 0.1662786 0.0449100 0.2819075 2.4020191 2.1508934 0.3147927 0.2930189 1.9139483 0.1619738 2.3204378 0.2737013 0.0000000 1.7837330 1.8451413 2.1344712 0.2631300 
n266_267   1.8490075 1.8100869 1.6553480 3.1537622 2.8829107 1.6854252 2.1494930 1.7423214 1.8864675 1.8540250 1.7218668 1.6274072 1.8465176 1.6993079 1.4724300 1.4796400 0.9611832 1.7688749 2.5433481 1.5300303 1.7837330 0.0000000 0.1615615 1.7116439 1.4341948 
n265_266   1.9387590 1.9362838 1.8314995 3.0431915 3.6745389 1.5796713 2.0369125 1.7856453 1.6759823 2.0188765 1.8022658 1.6714681 2.1864998 1.5486610 1.6536274 1.6379073 0.8893696 1.9821368 2.5429933 1.7468308 1.8451413 0.1615615 0.0000000 1.8756102 1.6263734 
n280_281   0.1007942 0.1008653 1.9837804 2.6875683 2.5301629 0.4424232 1.9775601 1.8008127 0.1334175 1.8815973 2.0101996 1.7552839 0.1089396 0.4086354 1.7649348 1.8896744 1.4405046 2.0040936 2.2655208 2.0030473 2.1344712 1.7116439 1.8756102 0.0000000 1.9178469 
n293_294   2.2053826 2.1180037 0.2376418 2.3127926 2.4762790 2.0366413 0.9547861 0.5660789 2.1614915 0.2620192 0.2628916 0.1086796 2.3748320 1.7061640 0.1205579 0.1126386 1.9619251 0.2572301 2.3234376 0.0412812 0.2631300 1.4341948 1.6263734 1.9178469 0.0000000 
