22
n287_288   0.0000000 0.0854121 0.3218576 0.3119876 0.3333712 0.3275905 0.3167292 0.0484610 0.3169454 0.0033464 0.0484663 0.0448564 0.0412878 0.3171871 0.3074018 0.3390125 0.4032136 0.0412764 0.3220790 0.1368356 0.3268516 0.3234135 
n236_237   0.0854121 0.0000000 0.3277465 0.3122801 0.3340985 0.3282349 0.3173501 0.1007826 0.3175672 0.0892014 0.1007941 0.0968574 0.0929898 0.3174845 0.3448132 0.3397535 0.4280087 0.0929637 0.3227114 0.1329013 0.3327827 0.3617045 
n278_279   0.3218576 0.3277465 0.0000000 0.2607436 0.2417975 0.0738493 0.0627838 0.3328093 0.0628179 0.3271377 0.3328547 0.3324989 0.3270144 0.2655760 0.3425200 0.2420742 0.4259252 0.3216060 0.0664579 0.3010487 0.0168400 0.3592770 
n285_286   0.3119876 0.3122801 0.2607436 0.0000000 0.1401582 0.2660186 0.2513811 0.3171240 0.2515429 0.3172046 0.3171668 0.3064418 0.3063283 0.0033315 0.3323253 0.1526019 0.3829404 0.2960742 0.2562503 0.2767250 0.2653670 0.3435364 
n265_266   0.3333712 0.3340985 0.2417975 0.1401582 0.0000000 0.2614142 0.2468628 0.3441365 0.2470212 0.3387451 0.3441837 0.3327338 0.3329046 0.1442347 0.3437245 0.0134719 0.4136120 0.3222677 0.2517033 0.3023961 0.2463153 0.3497825 
n280_281   0.3275905 0.3282349 0.0738493 0.2660186 0.2614142 0.0000000 0.0100835 0.3386454 0.0168948 0.3329178 0.3386917 0.3383281 0.3327917 0.2708924 0.3541163 0.2617163 0.4272156 0.3273333 0.0134804 0.3014891 0.0775054 0.3711779 
n299_300   0.3167292 0.3173501 0.0627838 0.2513811 0.2468628 0.0100835 0.0000000 0.3276029 0.0067061 0.3219739 0.3276474 0.3272981 0.3218529 0.2561557 0.3375680 0.2471462 0.4146415 0.3164822 0.0033444 0.2910265 0.0663888 0.3542251 
n293_294   0.0484610 0.1007826 0.3328093 0.3171240 0.3441365 0.3386454 0.3276029 0.0000000 0.3278290 0.0520514 0.0067076 0.0169022 0.0134847 0.3223587 0.3179376 0.3498662 0.4154617 0.0134809 0.3330402 0.1619206 0.3378755 0.3341949 
n274_275   0.3169454 0.3175672 0.0628179 0.2515429 0.2470212 0.0168948 0.0067061 0.3278290 0.0000000 0.3221948 0.3278735 0.3275237 0.3220736 0.2563213 0.3321740 0.2473049 0.4026339 0.3166982 0.0100858 0.2912207 0.0664257 0.3487024 
n296_297   0.0033464 0.0892014 0.3271377 0.3172046 0.3387451 0.3329178 0.3219739 0.0520514 0.3221948 0.0000000 0.0520570 0.0484263 0.0448384 0.3224413 0.3125950 0.3444306 0.4091537 0.0448260 0.3273636 0.1409207 0.3321644 0.3287257 
n294_295   0.0484663 0.1007941 0.3328547 0.3171668 0.3441837 0.3386917 0.3276474 0.0067076 0.3278735 0.0520570 0.0000000 0.0169039 0.0134861 0.3224024 0.3288614 0.3499144 0.4156534 0.0134823 0.3330856 0.1619401 0.3379216 0.3453876 
n275_276   0.0448564 0.0968574 0.3324989 0.3064418 0.3327338 0.3383281 0.3272981 0.0169022 0.3275237 0.0484263 0.0169039 0.0000000 0.0100825 0.3115971 0.3232348 0.3441210 0.4154459 0.0100797 0.3327293 0.1575905 0.3375597 0.3396176 
n297_298   0.0412878 0.0929898 0.3270144 0.3063283 0.3329046 0.3327917 0.3218529 0.0134847 0.3220736 0.0448384 0.0134861 0.0100825 0.0000000 0.3114812 0.3178048 0.3385357 0.4092250 0.0067015 0.3272401 0.1533429 0.3320388 0.3340539 
n286_287   0.3171871 0.3174845 0.2655760 0.0033315 0.1442347 0.2708924 0.2561557 0.3223587 0.2563213 0.3224413 0.3224024 0.3115971 0.3114812 0.0000000 0.3376632 0.1567517 0.3825518 0.3011553 0.2610580 0.2816831 0.2702269 0.3489618 
n255_256   0.3074018 0.3448132 0.3425200 0.3323253 0.3437245 0.3541163 0.3375680 0.3179376 0.3321740 0.3125950 0.3288614 0.3232348 0.3178048 0.3376632 0.0000000 0.3494476 0.3016734 0.3073595 0.3430750 0.3124121 0.3589314 0.0306276 
n266_267   0.3390125 0.3397535 0.2420742 0.1526019 0.0134719 0.2617163 0.2471462 0.3498662 0.2473049 0.3444306 0.3499144 0.3441210 0.3385357 0.1567517 0.3494476 0.0000000 0.4137335 0.3278121 0.2519928 0.3077938 0.2465975 0.3555636 
n244_245   0.4032136 0.4280087 0.4259252 0.3829404 0.4136120 0.4272156 0.4146415 0.4154617 0.4026339 0.4091537 0.4156534 0.4154459 0.4092250 0.3825518 0.3016734 0.4137335 0.0000000 0.3973605 0.4208170 0.3737111 0.4316342 0.3284619 
n298_299   0.0412764 0.0929637 0.3216060 0.2960742 0.3222677 0.3273333 0.3164822 0.0134809 0.3166982 0.0448260 0.0134823 0.0100797 0.0067015 0.3011553 0.3073595 0.3278121 0.3973605 0.0000000 0.3218271 0.1491306 0.3265955 0.3233680 
n300_301   0.3220790 0.3227114 0.0664579 0.2562503 0.2517033 0.0134804 0.0033444 0.3330402 0.0100858 0.3273636 0.3330856 0.3327293 0.3272401 0.2610580 0.3430750 0.2519928 0.4208170 0.3218271 0.0000000 0.2961841 0.0700805 0.3598670 
n200_201   0.1368356 0.1329013 0.3010487 0.2767250 0.3023961 0.3014891 0.2910265 0.1619206 0.2912207 0.1409207 0.1619401 0.1575905 0.1533429 0.2816831 0.3124121 0.3077938 0.3737111 0.1491306 0.2961841 0.0000000 0.3059148 0.3230638 
n277_278   0.3268516 0.3327827 0.0168400 0.2653670 0.2463153 0.0775054 0.0663888 0.3378755 0.0664257 0.3321644 0.3379216 0.3375597 0.3320388 0.2702269 0.3589314 0.2465975 0.4316342 0.3265955 0.0700805 0.3059148 0.0000000 0.3760847 
n251_252   0.3234135 0.3617045 0.3592770 0.3435364 0.3497825 0.3711779 0.3542251 0.3341949 0.3487024 0.3287257 0.3453876 0.3396176 0.3340539 0.3489618 0.0306276 0.3555636 0.3284619 0.3233680 0.3598670 0.3230638 0.3760847 0.0000000 
