26
n299_300   0.0000000 0.0100311 1.6133780 2.3078649 2.4728809 0.3904681 1.6346112 1.5700701 0.1122793 1.4181552 1.4161153 1.7938449 0.0270771 0.3792754 1.5815414 1.6047660 1.6303034 1.7346655 1.5911885 2.5399431 1.5702544 1.4189749 1.8378171 1.5972943 0.0700296 1.5152138 
n300_301   0.0100311 0.0000000 1.6196866 2.2636685 2.4549502 0.3962509 1.6410207 1.6007453 0.1161788 1.4232727 1.4684217 1.8740960 0.0305265 0.3849756 1.6452907 1.6701418 1.6562332 1.7636457 1.5973612 2.6022139 1.6328100 1.4715092 1.8708668 1.6514995 0.0736974 1.5740517 
n290_291   1.6133780 1.6196866 0.0000000 3.0151222 2.6267954 1.5361750 1.0807536 0.7451262 1.8742443 0.0670723 0.2094401 0.4094418 1.6790967 1.5571894 0.3647091 0.3641561 1.6442521 1.8336340 0.0981379 2.7438946 0.3475393 0.2181547 2.0226049 1.9736290 1.6957386 0.3592939 
n244_245   2.3078649 2.2636685 3.0151222 0.0000000 1.8142673 1.9312091 3.3924580 2.0832450 2.3413144 2.8838002 3.0131578 2.5030704 2.2213071 1.9683917 2.9463845 2.9371746 2.4626179 2.6765841 4.0481190 2.0129755 2.9055455 2.9954052 2.2771975 2.1145653 2.3743964 2.9320680 
n255_256   2.4728809 2.4549502 2.6267954 1.8142673 0.0000000 3.0950646 3.0333101 2.1340346 2.3683859 2.7477409 3.1281706 2.7226820 2.4210478 3.6932051 3.4323300 3.7699519 2.1005024 2.2592943 2.8899189 0.3243790 3.4509468 3.2161831 3.0609744 2.8201845 2.5195062 3.2408707 
n277_278   0.3904681 0.3962509 1.5361750 1.9312091 3.0950646 0.0000000 2.1157526 1.6112914 0.4379595 1.3504737 1.4772125 2.0351968 0.3955237 0.0932059 1.7934252 1.7902356 1.6359513 1.6095257 1.4602460 2.4384640 1.6945863 1.5541730 1.8395759 1.5914195 0.4150539 1.6610841 
n200_201   1.6346112 1.6410207 1.0807536 3.3924580 3.0333101 2.1157526 0.0000000 0.9871507 1.6499594 1.0484897 0.9648700 0.9899193 1.7211481 2.0547384 0.8862591 0.8648348 1.8973027 2.2409287 1.0528093 3.2110078 1.0075461 0.9471805 2.0534601 1.9975356 1.5161058 0.9939331 
n236_237   1.5700701 1.6007453 0.7451262 2.0832450 2.1340346 1.6112914 0.9871507 0.0000000 1.8329827 0.7628454 0.7346956 0.7481066 1.5183230 1.6688732 0.7142202 0.7032383 1.7436091 1.8767525 0.8081485 2.8793017 0.7085478 0.7322585 1.9312158 2.0277595 1.5730874 0.7091645 
n274_275   0.1122793 0.1161788 1.8742443 2.3413144 2.3683859 0.4379595 1.6499594 1.8329827 0.0000000 1.6582021 1.5757494 1.9621692 0.1281024 0.4326400 1.6771238 1.7652507 1.6224628 1.7181355 1.7408470 2.2810367 1.8286837 1.5793395 2.0822791 1.7818364 0.1200769 1.7576590 
n289_290   1.4181552 1.4232727 0.0670723 2.8838002 2.7477409 1.3504737 1.0484897 0.7628454 1.6582021 0.0000000 0.1686967 0.3729660 1.4659759 1.4400854 0.3304821 0.3299877 1.6046925 1.6875828 0.0673563 2.5300827 0.3307139 0.1769830 2.0215487 2.0423240 1.5068731 0.3421752 
n296_297   1.4161153 1.4684217 0.2094401 3.0131578 3.1281706 1.4772125 0.9648700 0.7346956 1.5757494 0.1686967 0.0000000 0.3203238 1.4686099 1.5175220 0.2915369 0.2911087 1.5872733 1.7575865 0.1643205 2.8030832 0.2869406 0.0309175 2.2942691 2.4671203 1.5080006 0.2871992 
n275_276   1.7938449 1.8740960 0.4094418 2.5030704 2.7226820 2.0351968 0.9899193 0.7481066 1.9621692 0.3729660 0.3203238 0.0000000 1.8737492 2.0125313 0.1637567 0.1635964 1.7623255 1.9010602 0.3844214 2.5969570 0.1096841 0.3413394 2.6031840 2.8758168 1.7591519 0.1177227 
n292_293   0.0270771 0.0305265 1.6790967 2.2213071 2.4210478 0.3955237 1.7211481 1.5183230 0.1281024 1.4659759 1.4686099 1.8737492 0.0000000 0.3780944 1.6416951 1.6938308 1.6051734 1.7331366 1.6553946 2.7192148 1.6328116 1.4716945 1.8761533 1.6556134 0.0848771 1.5741253 
n278_279   0.3792754 0.3849756 1.5571894 1.9683917 3.6932051 0.0932059 2.0547384 1.6688732 0.4326400 1.4400854 1.5175220 2.0125313 0.3780944 0.0000000 1.8157346 1.8125011 1.8349039 1.9075818 1.5352126 2.5545071 1.6796222 1.5980931 1.9813177 1.6753997 0.4026531 1.6807309 
n298_299   1.5815414 1.6452907 0.3647091 2.9463845 3.4323300 1.7934252 0.8862591 0.7142202 1.6771238 0.3304821 0.2915369 0.1637567 1.6416951 1.8157346 0.0000000 0.0203865 1.5656878 1.6932515 0.3307472 3.1067030 0.1255217 0.3016430 2.0805131 2.5036403 1.6330174 0.1173495 
n297_298   1.6047660 1.6701418 0.3641561 2.9371746 3.7699519 1.7902356 0.8648348 0.7032383 1.7652507 0.3299877 0.2911087 0.1635964 1.6938308 1.8125011 0.0203865 0.0000000 1.5671251 1.7014595 0.3302520 3.2700466 0.1253993 0.3011987 2.0982132 2.5329060 1.7172844 0.1172353 
n286_287   1.6303034 1.6562332 1.6442521 2.4626179 2.1005024 1.6359513 1.8973027 1.7436091 1.6224628 1.6046925 1.5872733 1.7623255 1.6051734 1.8349039 1.5656878 1.5671251 0.0000000 0.0628674 1.7043833 2.1483467 1.6402693 1.6416012 0.9918814 0.9823439 1.6114059 1.6793233 
n285_286   1.7346655 1.7636457 1.8336340 2.6765841 2.2592943 1.6095257 2.2409287 1.8767525 1.7181355 1.6875828 1.7575865 1.9010602 1.7331366 1.9075818 1.6932515 1.7014595 0.0628674 0.0000000 1.8321600 2.3162583 1.7945917 1.8231846 1.0206360 1.0093470 1.7136898 1.8039846 
n287_288   1.5911885 1.5973612 0.0981379 4.0481190 2.8899189 1.4602460 1.0528093 0.8081485 1.7408470 0.0673563 0.1643205 0.3844214 1.6553946 1.5352126 0.3307472 0.3302520 1.7043833 1.8321600 0.0000000 2.8691527 0.3362682 0.1725631 2.3024320 2.2116120 1.6396239 0.3478294 
n251_252   2.5399431 2.6022139 2.7438946 2.0129755 0.3243790 2.4384640 3.2110078 2.8793017 2.2810367 2.5300827 2.8030832 2.5969570 2.7192148 2.5545071 3.1067030 3.2700466 2.1483467 2.3162583 2.8691527 0.0000000 3.1642677 2.8672263 3.5513074 3.2078372 2.6690098 3.2431118 
n294_295   1.5702544 1.6328100 0.3475393 2.9055455 3.4509468 1.6945863 1.0075461 0.7085478 1.8286837 0.3307139 0.2869406 0.1096841 1.6328116 1.6796222 0.1255217 0.1253993 1.6402693 1.7945917 0.3362682 3.1642677 0.0000000 0.3126512 2.0667007 2.2881681 1.6224350 0.0273295 
n295_296   1.4189749 1.4715092 0.2181547 2.9954052 3.2161831 1.5541730 0.9471805 0.7322585 1.5793395 0.1769830 0.0309175 0.3413394 1.4716945 1.5980931 0.3016430 0.3011987 1.6416012 1.8231846 0.1725631 2.8672263 0.3126512 0.0000000 2.2852076 2.4569979 1.5323432 0.3129346 
n266_267   1.8378171 1.8708668 2.0226049 2.2771975 3.0609744 1.8395759 2.0534601 1.9312158 2.0822791 2.0215487 2.2942691 2.6031840 1.8761533 1.9813177 2.0805131 2.0982132 0.9918814 1.0206360 2.3024320 3.5513074 2.0667007 2.2852076 0.0000000 0.1285981 1.7868012 2.0549259 
n265_266   1.5972943 1.6514995 1.9736290 2.1145653 2.8201845 1.5914195 1.9975356 2.0277595 1.7818364 2.0423240 2.4671203 2.8758168 1.6556134 1.6753997 2.5036403 2.5329060 0.9823439 1.0093470 2.2116120 3.2078372 2.2881681 2.4569979 0.1285981 0.0000000 1.5831775 2.3253911 
n280_281   0.0700296 0.0736974 1.6957386 2.3743964 2.5195062 0.4150539 1.5161058 1.5730874 0.1200769 1.5068731 1.5080006 1.7591519 0.0848771 0.4026531 1.6330174 1.7172844 1.6114059 1.7136898 1.6396239 2.6690098 1.6224350 1.5323432 1.7868012 1.5831775 0.0000000 1.5937378 
n293_294   1.5152138 1.5740517 0.3592939 2.9320680 3.2408707 1.6610841 0.9939331 0.7091645 1.7576590 0.3421752 0.2871992 0.1177227 1.5741253 1.6807309 0.1173495 0.1172353 1.6793233 1.8039846 0.3478294 3.2431118 0.0273295 0.3129346 2.0549259 2.3253911 1.5937378 0.0000000 
