24
n292_293   0.0000000 0.3048953 0.2999443 0.3254202 0.3797181 0.2806083 0.3250332 0.0237293 0.3048953 0.3680316 0.3212566 0.0771853 0.3103993 0.3101221 0.3583713 0.3356490 0.2999533 0.2999918 0.2845603 0.3520294 0.2804413 0.0808318 0.0100806 0.2994364 
n287_288   0.3048953 0.0000000 0.0033408 0.0517638 0.3848311 0.2802604 0.0552718 0.2998614 0.0066951 0.3676985 0.0698840 0.3138428 0.0481836 0.0446417 0.3579337 0.0589217 0.0168546 0.0168546 0.2940577 0.1506993 0.2851927 0.3292647 0.2997917 0.2940490 
n290_291   0.2999443 0.0033408 0.0000000 0.0482070 0.3793227 0.2851926 0.0517035 0.2949441 0.0033408 0.3623188 0.0662412 0.3088467 0.0446443 0.0411181 0.3526062 0.0553325 0.0134550 0.0134561 0.2990729 0.1466627 0.2901597 0.3241665 0.2948755 0.2990639 
n294_295   0.3254202 0.0517638 0.0482070 0.0000000 0.4189138 0.3102454 0.0306346 0.3305730 0.0517638 0.4009709 0.0773261 0.3450779 0.0306587 0.0271923 0.3572253 0.0066979 0.0482082 0.0482124 0.3298183 0.1547723 0.3155736 0.3611697 0.3304971 0.3298079 
n251_252   0.3797181 0.3848311 0.3793227 0.4189138 0.0000000 0.3689640 0.4128161 0.4021068 0.3790021 0.0271427 0.3850321 0.4129082 0.4191001 0.4133711 0.2706153 0.4247648 0.3904072 0.3904640 0.3679716 0.4190115 0.3630305 0.4305713 0.3964994 0.3786827 
n286_287   0.2806083 0.2802604 0.2851926 0.3102454 0.3689640 0.0000000 0.3051011 0.2953141 0.2900500 0.3521781 0.2909710 0.3097189 0.3102764 0.3052914 0.3371185 0.3202807 0.2852010 0.2852368 0.1070946 0.3308005 0.0168350 0.3250923 0.2904263 0.1070918 
n275_276   0.3250332 0.0552718 0.0517035 0.0306346 0.4128161 0.3051011 0.0000000 0.3301782 0.0552718 0.3950343 0.0809281 0.3396092 0.0340994 0.0306218 0.3681630 0.0376011 0.0517048 0.0517093 0.3244633 0.1669725 0.3102087 0.3555737 0.3301025 0.3294712 
n274_275   0.0237293 0.2998614 0.2949441 0.3305730 0.4021068 0.2953141 0.3301782 0.0000000 0.2998614 0.3900456 0.3314441 0.0734853 0.3154562 0.3151738 0.3801771 0.3408694 0.2949529 0.2949905 0.2993077 0.3626109 0.2951370 0.0771149 0.0202882 0.3144841 
n289_290   0.3048953 0.0066951 0.0033408 0.0517638 0.3790021 0.2900500 0.0552718 0.2998614 0.0000000 0.3620159 0.0698840 0.3138428 0.0481836 0.0446417 0.3579337 0.0589217 0.0168546 0.0168546 0.3040087 0.1506993 0.2950502 0.3292647 0.2997917 0.3039995 
n255_256   0.3680316 0.3676985 0.3623188 0.4009709 0.0271427 0.3521781 0.3950343 0.3900456 0.3620159 0.0000000 0.3735267 0.3951144 0.4011417 0.3955479 0.2656175 0.4066774 0.3731451 0.3731980 0.3512413 0.4014164 0.3463981 0.4123466 0.3845311 0.3617147 
n236_237   0.3212566 0.0698840 0.0662412 0.0773261 0.3850321 0.2909710 0.0809281 0.3314441 0.0698840 0.3735267 0.0000000 0.3306313 0.0809952 0.0772940 0.3584579 0.0847343 0.0662429 0.0662488 0.3151318 0.1511178 0.2959897 0.3464586 0.3263176 0.3151221 
n278_279   0.0771853 0.3138428 0.3088467 0.3450779 0.4129082 0.3097189 0.3396092 0.0734853 0.3138428 0.3951144 0.3306313 0.0000000 0.3297174 0.3294207 0.3957069 0.3555470 0.3088561 0.3088962 0.3036763 0.3667303 0.3095312 0.0168428 0.0734799 0.3189244 
n297_298   0.3103993 0.0481836 0.0446443 0.0306587 0.4191001 0.3102764 0.0340994 0.3154562 0.0481836 0.4011417 0.0809952 0.3297174 0.0000000 0.0033374 0.3686974 0.0376310 0.0446454 0.0446493 0.3349965 0.1588842 0.3154235 0.3454954 0.3153833 0.3349859 
n298_299   0.3101221 0.0446417 0.0411181 0.0271923 0.4133711 0.3052914 0.0306218 0.3151738 0.0446417 0.3955479 0.0772940 0.3294207 0.0033374 0.0000000 0.3633152 0.0341342 0.0411192 0.0411227 0.3298620 0.1547996 0.3104042 0.3451820 0.3151009 0.3298516 
n244_245   0.3583713 0.3579337 0.3526062 0.3572253 0.2706153 0.3371185 0.3681630 0.3801771 0.3579337 0.2656175 0.3584579 0.3957069 0.3686974 0.3633152 0.0000000 0.3626174 0.3526179 0.3526667 0.3406729 0.3628843 0.3368234 0.4017748 0.3747134 0.3516166 
n293_294   0.3356490 0.0589217 0.0553325 0.0066979 0.4247648 0.3202807 0.0376011 0.3408694 0.0589217 0.4066774 0.0847343 0.3555470 0.0376310 0.0341342 0.3626174 0.0000000 0.0553339 0.0553388 0.3400920 0.1629355 0.3256851 0.3718605 0.3407916 0.3400811 
n296_297   0.2999533 0.0168546 0.0134550 0.0482082 0.3904072 0.2852010 0.0517048 0.2949529 0.0168546 0.3731451 0.0662429 0.3088561 0.0446454 0.0411192 0.3526179 0.0553339 0.0000000 0.0066981 0.3091314 0.1466665 0.2901683 0.3241766 0.2948843 0.3091220 
n295_296   0.2999918 0.0168546 0.0134561 0.0482124 0.3904640 0.2852368 0.0517093 0.2949905 0.0168546 0.3731980 0.0662488 0.3088962 0.0446493 0.0411227 0.3526667 0.0553388 0.0066981 0.0000000 0.3091715 0.1466815 0.2902050 0.3242196 0.2949219 0.3091621 
n266_267   0.2845603 0.2940577 0.2990729 0.3298183 0.3679716 0.1070946 0.3244633 0.2993077 0.3040087 0.3512413 0.3151318 0.3036763 0.3349965 0.3298620 0.3406729 0.3400920 0.3091314 0.3091715 0.0000000 0.3249572 0.1109244 0.3188866 0.2944066 0.0202317 
n200_201   0.3520294 0.1506993 0.1466627 0.1547723 0.4190115 0.3308005 0.1669725 0.3626109 0.1506993 0.4014164 0.1511178 0.3667303 0.1588842 0.1547996 0.3628843 0.1629355 0.1466665 0.1466815 0.3249572 0.0000000 0.3308209 0.3778675 0.3572859 0.3100706 
n285_286   0.2804413 0.2851927 0.2901597 0.3155736 0.3630305 0.0168350 0.3102087 0.2951370 0.2950502 0.3463981 0.2959897 0.3095312 0.3154235 0.3104042 0.3368234 0.3256851 0.2901683 0.2902050 0.1109244 0.3308209 0.0000000 0.3248933 0.2902525 0.1109216 
n277_278   0.0808318 0.3292647 0.3241665 0.3611697 0.4305713 0.3250923 0.3555737 0.0771149 0.3292647 0.4123466 0.3464586 0.0168428 0.3454954 0.3451820 0.4017748 0.3718605 0.3241766 0.3242196 0.3188866 0.3778675 0.3248933 0.0000000 0.0771101 0.3344535 
n280_281   0.0100806 0.2997917 0.2948755 0.3304971 0.3964994 0.2904263 0.3301025 0.0202882 0.2997917 0.3845311 0.3263176 0.0734799 0.3153833 0.3151009 0.3747134 0.3407916 0.2948843 0.2949219 0.2944066 0.3572859 0.2902525 0.0771101 0.0000000 0.3094854 
n265_266   0.2994364 0.2940490 0.2990639 0.3298079 0.3786827 0.1070918 0.3294712 0.3144841 0.3039995 0.3617147 0.3151221 0.3189244 0.3349859 0.3298516 0.3516166 0.3400811 0.3091220 0.3091621 0.0202317 0.3100706 0.1109216 0.3344535 0.3094854 0.0000000 
