26
n299_300   0.0000000 0.0135256 2.1389858 2.2471917 3.9414428 0.4924816 2.2245254 2.4550994 0.1258557 2.2453220 2.1943595 2.2092326 0.0344583 0.4780372 1.9880594 2.0101867 2.7033899 2.5175628 2.4314113 3.4148364 2.2687680 2.0738423 2.2702372 2.1033642 0.0976388 2.1694872 
n300_301   0.0135256 0.0000000 2.2393097 2.1423453 3.6983162 0.4852760 2.2665959 2.3964839 0.1257912 2.3562461 2.3008634 2.2039266 0.0344414 0.4777460 1.9842432 2.0062211 2.5531205 2.4531572 2.5612754 3.4029102 2.2629925 2.1693373 2.3868281 2.1505369 0.0975895 2.1645017 
n290_291   2.1389858 2.2393097 0.0000000 3.1144120 2.2547384 1.9304537 1.0134468 0.7343244 2.5244520 0.0344648 0.1735098 0.2904060 2.2976029 1.7763460 0.2900647 0.3059897 2.2220343 2.2874759 0.0523677 2.0633195 0.3009981 0.1732583 2.0297664 2.3881425 2.3827697 0.2904178 
n244_245   2.2471917 2.1423453 3.1144120 0.0000000 2.7471982 2.3100288 4.3201879 4.2919346 2.4050719 3.4508829 9.0000000 3.7930642 2.2384647 2.1883792 2.6181563 2.7833342 2.2913661 2.3310850 3.2379514 2.3482900 4.0833719 9.0000000 3.1556332 2.7591254 2.5540125 3.6750717 
n255_256   3.9414428 3.6983162 2.2547384 2.7471982 0.0000000 6.5338720 2.9541245 2.7821172 9.0000000 2.0641942 2.6315116 2.2552561 3.4739675 9.0000000 2.1586130 2.0284769 2.5943405 2.5635132 2.3463723 0.3803560 2.0141553 2.4957830 2.0223735 2.1889055 6.2162087 1.9598965 
n277_278   0.4924816 0.4852760 1.9304537 2.3100288 6.5338720 0.0000000 1.8859204 2.3881879 0.5138577 2.0160976 1.9338170 1.8128877 0.5062552 0.1170002 1.7531201 1.8292232 2.0795143 2.1395411 2.0550955 3.6957949 1.8388405 1.9369939 2.1328781 1.9012028 0.4775747 1.8438932 
n200_201   2.2245254 2.2665959 1.0134468 4.3201879 2.9541245 1.8859204 0.0000000 0.9711283 2.3244829 1.0161525 1.1889907 0.9269265 2.1980863 1.8996661 0.9546019 1.0257380 1.7560575 1.8036558 1.0721250 2.4787495 0.9835860 1.1547996 2.0945232 2.5996484 2.2369020 0.9359854 
n236_237   2.4550994 2.3964839 0.7343244 4.2919346 2.7821172 2.3881879 0.9711283 0.0000000 2.4490511 0.7057356 0.8096560 0.7401503 2.6538027 2.3210922 0.7333923 0.7420115 1.9548253 2.1444847 0.7334669 2.4524367 0.7630801 0.7460451 2.9060223 3.1438864 2.4782164 0.7393759 
n274_275   0.1258557 0.1257912 2.5244520 2.4050719 9.0000000 0.5138577 2.3244829 2.4490511 0.0000000 2.5996487 2.2608209 2.4121280 0.1257950 0.4914447 2.3058169 2.4446329 2.2348514 2.2003692 2.6404543 3.6385819 2.4624664 2.1752875 2.2050746 2.1060674 0.1175643 2.3060418 
n289_290   2.2453220 2.3562461 0.0344648 3.4508829 2.0641942 2.0160976 1.0161525 0.7057356 2.5996487 0.0000000 0.1962716 0.3118459 2.4213021 1.8445567 0.3008965 0.3170858 2.3196615 2.3910566 0.0598296 2.0567610 0.3067339 0.1870905 1.9497040 2.2790585 2.5180507 0.3012691 
n296_297   2.1943595 2.3008634 0.1735098 9.0000000 2.6315116 1.9338170 1.1889907 0.8096560 2.2608209 0.1962716 0.0000000 0.3143928 2.4698664 1.7967345 0.3414996 0.3525849 2.4191435 2.4977492 0.2005999 1.9675226 0.3299026 0.0414800 2.5458924 3.1571856 2.2360185 0.3130305 
n275_276   2.2092326 2.2039266 0.2904060 3.7930642 2.2552561 1.8128877 0.9269265 0.7401503 2.4121280 0.3118459 0.3143928 0.0000000 2.4445122 1.7647491 0.1257418 0.1423198 1.9836547 2.1336419 0.3392518 1.8475988 0.1381222 0.3136732 2.5754259 2.4994943 2.2326834 0.1337418 
n292_293   0.0344583 0.0344414 2.2976029 2.2384647 3.4739675 0.5062552 2.1980863 2.6538027 0.1257950 2.4213021 2.4698664 2.4445122 0.0000000 0.4835676 2.0388379 2.0623453 2.5274257 2.4184964 2.6386105 3.1310323 2.3946409 2.3198875 2.1522846 1.9644609 0.0977154 2.2835004 
n278_279   0.4780372 0.4777460 1.7763460 2.1883792 9.0000000 0.1170002 1.8996661 2.3210922 0.4914447 1.8445567 1.7967345 1.7647491 0.4835676 0.0000000 1.7466308 1.7924432 2.0036411 1.9823236 1.8777780 3.4591476 1.8212879 1.8360804 1.9954209 1.9453006 0.4690908 1.7656159 
n298_299   1.9880594 1.9842432 0.2900647 2.6181563 2.1586130 1.7531201 0.9546019 0.7333923 2.3058169 0.3008965 0.3414996 0.1257418 2.0388379 1.7466308 0.0000000 0.0308536 2.0257580 2.1822445 0.3223656 1.7646007 0.1297927 0.3292932 2.4262750 2.3999991 1.8966198 0.1254814 
n297_298   2.0101867 2.0062211 0.3059897 2.7833342 2.0284769 1.8292232 1.0257380 0.7420115 2.4446329 0.3170858 0.3525849 0.1423198 2.0623453 1.7924432 0.0308536 0.0000000 2.1063378 2.2199510 0.3390652 1.8720038 0.1379805 0.3401705 2.3707930 2.3984230 1.9519124 0.1379603 
n286_287   2.7033899 2.5531205 2.2220343 2.2913661 2.5943405 2.0795143 1.7560575 1.9548253 2.2348514 2.3196615 2.4191435 1.9836547 2.5274257 2.0036411 2.0257580 2.1063378 0.0000000 0.0306963 2.2081003 2.3626417 1.9830089 2.2216975 1.2242332 1.3719385 1.9284730 1.9314489 
n285_286   2.5175628 2.4531572 2.2874759 2.3310850 2.5635132 2.1395411 1.8036558 2.1444847 2.2003692 2.3910566 2.4977492 2.1336419 2.4184964 1.9823236 2.1822445 2.2199510 0.0306963 0.0000000 2.2722353 2.4723009 2.1325391 2.2875329 1.1885631 1.3721974 2.0250303 2.0331995 
n287_288   2.4314113 2.5612754 0.0523677 3.2379514 2.3463723 2.0550955 1.0721250 0.7334669 2.6404543 0.0598296 0.2005999 0.3392518 2.6386105 1.8777780 0.3223656 0.3390652 2.2081003 2.2722353 0.0000000 2.1751975 0.3335043 0.2003581 1.9309848 2.2522286 2.6275962 0.3057016 
n251_252   3.4148364 3.4029102 2.0633195 2.3482900 0.3803560 3.6957949 2.4787495 2.4524367 3.6385819 2.0567610 1.9675226 1.8475988 3.1310323 3.4591476 1.7646007 1.8720038 2.3626417 2.4723009 2.1751975 0.0000000 1.8956006 1.8942191 2.5777641 3.0744193 3.5908581 1.7832231 
n294_295   2.2687680 2.2629925 0.3009981 4.0833719 2.0141553 1.8388405 0.9835860 0.7630801 2.4624664 0.3067339 0.3299026 0.1381222 2.3946409 1.8212879 0.1297927 0.1379805 1.9830089 2.1325391 0.3335043 1.8956006 0.0000000 0.3127038 2.4301346 2.7016546 2.1893644 0.0378301 
n295_296   2.0738423 2.1693373 0.1732583 9.0000000 2.4957830 1.9369939 1.1547996 0.7460451 2.1752875 0.1870905 0.0414800 0.3136732 2.3198875 1.8360804 0.3292932 0.3401705 2.2216975 2.2875329 0.2003581 1.8942191 0.3127038 0.0000000 2.4676246 3.0319102 2.1515208 0.3012941 
n266_267   2.2702372 2.3868281 2.0297664 3.1556332 2.0223735 2.1328781 2.0945232 2.9060223 2.2050746 1.9497040 2.5458924 2.5754259 2.1522846 1.9954209 2.4262750 2.3707930 1.2242332 1.1885631 1.9309848 2.5777641 2.4301346 2.4676246 0.0000000 0.1812624 2.3467479 2.4223126 
n265_266   2.1033642 2.1505369 2.3881425 2.7591254 2.1889055 1.9012028 2.5996484 3.1438864 2.1060674 2.2790585 3.1571856 2.4994943 1.9644609 1.9453006 2.3999991 2.3984230 1.3719385 1.3721974 2.2522286 3.0744193 2.7016546 3.0319102 0.1812624 0.0000000 2.0711091 2.6926926 
n280_281   0.0976388 0.0975895 2.3827697 2.5540125 6.2162087 0.4775747 2.2369020 2.4782164 0.1175643 2.5180507 2.2360185 2.2326834 0.0977154 0.4690908 1.8966198 1.9519124 1.9284730 2.0250303 2.6275962 3.5908581 2.1893644 2.1515208 2.3467479 2.0711091 0.0000000 2.1439355 
n293_294   2.1694872 2.1645017 0.2904178 3.6750717 1.9598965 1.8438932 0.9359854 0.7393759 2.3060418 0.3012691 0.3130305 0.1337418 2.2835004 1.7656159 0.1254814 0.1379603 1.9314489 2.0331995 0.3057016 1.7832231 0.0378301 0.3012941 2.4223126 2.6926926 2.1439355 0.0000000 
