24
n255_258   0.0000000 0.4478382 0.4334863 0.4342736 0.4339610 0.4276063 0.4539630 0.4404444 0.4101340 0.4343074 0.4214419 0.3113362 0.4345356 0.4663107 0.4223558 0.4341650 0.3920436 0.0594801 0.4213394 0.4473868 0.4399686 0.4339337 0.4279203 0.4408725 
n278_281   0.4478382 0.0000000 0.2895831 0.0203301 0.2793701 0.2643973 0.2745448 0.2897521 0.2903560 0.0521039 0.0448918 0.4044802 0.2693506 0.3273722 0.2903987 0.2846748 0.2601087 0.3925474 0.0448797 0.2847078 0.2898965 0.2693978 0.0484955 0.2795678 
n289_292   0.4334863 0.2895831 0.0000000 0.2842199 0.0519983 0.0412833 0.3098521 0.0066980 0.2999994 0.2944229 0.2839531 0.4083524 0.3097446 0.0931741 0.3108783 0.0066998 0.1371053 0.3968928 0.2838804 0.0377159 0.0593023 0.0448458 0.2892191 0.0341938 
n277_280   0.4342736 0.0203301 0.2842199 0.0000000 0.2740901 0.2592384 0.2795192 0.2843848 0.3006882 0.0520796 0.0448709 0.3914629 0.2742866 0.3216783 0.3007337 0.2791838 0.2599718 0.3800293 0.0448589 0.2793803 0.2845254 0.2641984 0.0484729 0.2742834 
n294_297   0.4339610 0.2793701 0.0519983 0.2740901 0.0000000 0.0100579 0.3041893 0.0520233 0.3002553 0.2841500 0.2738355 0.4084362 0.3040838 0.0777783 0.3056446 0.0520375 0.1207148 0.4093012 0.2737652 0.0483762 0.0100540 0.0134456 0.2790226 0.0447969 
n298_301   0.4276063 0.2643973 0.0412833 0.2592384 0.0100579 0.0000000 0.2993938 0.0413028 0.2848265 0.2690899 0.2590012 0.3965972 0.2992898 0.0666481 0.2900899 0.0413151 0.1167245 0.3912772 0.2589344 0.0377239 0.0168639 0.0033372 0.2640735 0.0342010 
n286_289   0.4539630 0.2745448 0.3098521 0.2795192 0.3041893 0.2993938 0.0000000 0.3100355 0.1494131 0.2742822 0.2641118 0.4277807 0.0100673 0.3268867 0.1494403 0.3048197 0.2898682 0.3986256 0.2640437 0.3153949 0.3097079 0.3046448 0.2692256 0.3100294 
n290_293   0.4404444 0.2897521 0.0066980 0.2843848 0.0520233 0.0413028 0.3100355 0.0000000 0.3056297 0.2945951 0.2841177 0.4086155 0.3099279 0.1009546 0.3110630 0.0067030 0.1371760 0.4034716 0.2840449 0.0377337 0.0593310 0.0448672 0.2893875 0.0342099 
n266_269   0.4101340 0.2903560 0.2999994 0.3006882 0.3002553 0.2848265 0.1494131 0.3056297 0.0000000 0.2798713 0.2747063 0.4349149 0.1451576 0.3114059 0.0238026 0.3004353 0.2803660 0.3576488 0.2746356 0.3112189 0.3057583 0.2848235 0.2799104 0.3058722 
n300_303   0.4343074 0.0521039 0.2944229 0.0520796 0.2841500 0.2690899 0.2742822 0.2945951 0.2798713 0.0000000 0.0067044 0.4159265 0.2690942 0.3270234 0.2799112 0.2894881 0.2647846 0.3683418 0.0134759 0.2895226 0.2947428 0.2741197 0.0033444 0.2843514 
n280_283   0.4214419 0.0448918 0.2839531 0.0448709 0.2738355 0.2590012 0.2641118 0.2841177 0.2747063 0.0067044 0.0000000 0.4033809 0.2590059 0.3160223 0.2747450 0.2790879 0.2547426 0.3623875 0.0067001 0.2791192 0.2842580 0.2639555 0.0033434 0.2740284 
n244_247   0.3113362 0.4044802 0.4083524 0.3914629 0.4084362 0.3965972 0.4277807 0.4086155 0.4349149 0.4159265 0.4033809 0.0000000 0.4212467 0.4407657 0.4414643 0.4023521 0.3983647 0.2557150 0.4032819 0.4091752 0.3964661 0.4026539 0.4096978 0.4030073 
n285_288   0.4345356 0.2693506 0.3097446 0.2742866 0.3040838 0.2992898 0.0100673 0.3099279 0.1451576 0.2690942 0.2590059 0.4212467 0.0000000 0.3267734 0.1451838 0.3047138 0.2845520 0.3923460 0.2589391 0.3152856 0.3096005 0.3045390 0.2640780 0.3099218 
n236_239   0.4663107 0.3273722 0.0931741 0.3216783 0.0777783 0.0666481 0.3268867 0.1009546 0.3114059 0.3270234 0.3160223 0.4407657 0.3267734 0.0000000 0.3224982 0.1009822 0.1496196 0.4415828 0.3159421 0.0892732 0.0853981 0.0703517 0.3215579 0.0931102 
n265_268   0.4223558 0.2903987 0.3108783 0.3007337 0.3056446 0.2900899 0.1494403 0.3110630 0.0238026 0.2799112 0.2747450 0.4414643 0.1451838 0.3224982 0.0000000 0.3058274 0.2804061 0.3632215 0.2746743 0.3167037 0.3111952 0.2900869 0.2799504 0.3113118 
n287_290   0.4341650 0.2846748 0.0066998 0.2791838 0.0520375 0.0413151 0.3048197 0.0067030 0.3004353 0.2894881 0.2790879 0.4023521 0.3047138 0.1009822 0.3058274 0.0000000 0.1331026 0.3975022 0.2790163 0.0377440 0.0593472 0.0448795 0.2843185 0.0342192 
n200_203   0.3920436 0.2601087 0.1371053 0.2599718 0.1207148 0.1167245 0.2898682 0.1371760 0.2803660 0.2647846 0.2547426 0.3983647 0.2845520 0.1496196 0.2804061 0.1331026 0.0000000 0.3805747 0.2546766 0.1370357 0.1328831 0.1207275 0.2597910 0.1329241 
n251_254   0.0594801 0.3925474 0.3968928 0.3800293 0.4093012 0.3912772 0.3986256 0.4034716 0.3576488 0.3683418 0.3623875 0.2557150 0.3923460 0.4415828 0.3632215 0.3975022 0.3805747 0.0000000 0.3622968 0.4100226 0.4093012 0.3972920 0.3683382 0.4038422 
n274_277   0.4213394 0.0448797 0.2838804 0.0448589 0.2737652 0.2589344 0.2640437 0.2840449 0.2746356 0.0134759 0.0067001 0.4032819 0.2589391 0.3159421 0.2746743 0.2790163 0.2546766 0.3622968 0.0000000 0.2790476 0.2841851 0.2638874 0.0100801 0.2739580 
n295_298   0.4473868 0.2847078 0.0377159 0.2793803 0.0483762 0.0377239 0.3153949 0.0377337 0.3112189 0.2895226 0.2791192 0.4091752 0.3152856 0.0892732 0.3167037 0.0377440 0.1370357 0.4100226 0.2790476 0.0000000 0.0556346 0.0412644 0.2843514 0.0033364 
n293_296   0.4399686 0.2898965 0.0593023 0.2845254 0.0100540 0.0168639 0.3097079 0.0593310 0.3057583 0.2947428 0.2842580 0.3964661 0.3096005 0.0853981 0.3111952 0.0593472 0.1328831 0.4093012 0.2841851 0.0556346 0.0000000 0.0202900 0.2895315 0.0520122 
n275_278   0.4339337 0.2693978 0.0448458 0.2641984 0.0134456 0.0033372 0.3046448 0.0448672 0.2848235 0.2741197 0.2639555 0.4026539 0.3045390 0.0703517 0.2900869 0.0448795 0.1207275 0.3972920 0.2638874 0.0412644 0.0202900 0.0000000 0.2690661 0.0377223 
n292_295   0.4279203 0.0484955 0.2892191 0.0484729 0.2790226 0.2640735 0.2692256 0.2893875 0.2799104 0.0033444 0.0033434 0.4096978 0.2640780 0.3215579 0.2799504 0.2843185 0.2597910 0.3683382 0.0100801 0.2843514 0.2895315 0.2690661 0.0000000 0.2792198 
n296_299   0.4408725 0.2795678 0.0341938 0.2742834 0.0447969 0.0342010 0.3100294 0.0342099 0.3058722 0.2843514 0.2740284 0.4030073 0.3099218 0.0931102 0.3113118 0.0342192 0.1329241 0.4038422 0.2739580 0.0033364 0.0520122 0.0377223 0.2792198 0.0000000 
