24
n200_191   0.0000000 1.9253509 2.1158327 1.0265825 1.7752567 2.2564934 1.1006104 0.9893097 1.0026973 2.3493475 1.1959980 2.4425845 2.1299190 2.3681043 1.0309575 2.2414255 1.2574864 1.0830579 1.1932450 2.2880623 1.1539845 1.0262321 9.0000000 2.7907248 
n285_262   1.9253509 0.0000000 1.7650268 1.7905960 0.0967689 1.6443028 1.7164402 1.8592123 1.7832035 1.6738328 1.9774795 1.7967613 1.7883415 1.6419712 1.7592572 0.8692920 1.9870107 2.0785575 2.0059679 1.7413963 2.0508400 1.7171454 3.3853020 1.0201817 
n274_251   2.1158327 1.7650268 0.0000000 1.8178232 1.9297497 0.1523392 2.0443195 2.1966488 1.9549350 0.1567812 2.0604424 0.3919824 0.1318903 0.1525459 1.9741225 1.6057483 1.8977766 1.9797155 1.9699093 0.3905303 1.8519921 2.0727289 2.0420344 1.7438543 
n236_219   1.0265825 1.7905960 1.8178232 0.0000000 2.0599093 1.8748383 0.6333464 0.6259689 0.6414799 1.8597717 0.8039568 2.1790514 1.7487419 1.8526778 0.6580027 1.8858342 0.7633778 0.8008712 0.7330928 1.9848432 0.8144908 0.6073640 2.8038143 1.9595826 
n286_263   1.7752567 0.0967689 1.9297497 2.0599093 0.0000000 1.7873267 1.8207344 1.9410032 1.9863963 1.8528150 1.9702012 1.7858651 1.9901724 1.8144499 1.9938536 0.8850869 2.0308167 2.2060614 2.0034899 1.7526193 2.1350531 1.8165550 3.4836938 0.9986001 
n292_269   2.2564934 1.6443028 0.1523392 1.8748383 1.7873267 0.0000000 2.1384146 2.3691922 2.1311865 0.0550442 2.0741748 0.4174914 0.1041533 0.0514499 2.1026390 1.5377846 1.9538348 1.9599737 1.9645035 0.4164046 1.8941390 1.9878377 2.2641277 1.6287506 
n293_270   1.1006104 1.7164402 2.0443195 0.6333464 1.8207344 2.1384146 0.0000000 0.0785110 0.1133324 2.1977127 0.3740107 2.9109122 2.0404216 2.1533136 0.1133481 1.7521436 0.3455318 0.3398288 0.3123132 2.5636430 0.3247253 0.0273783 2.3865178 1.9788229 
n275_252   0.9893097 1.8592123 2.1966488 0.6259689 1.9410032 2.3691922 0.0785110 0.0000000 0.0746636 2.4426989 0.3340966 2.7481004 2.0324383 2.3887667 0.0746720 1.7392144 0.3127313 0.3288275 0.2966537 2.5830989 0.3188629 0.0709102 2.5844333 1.9825219 
n297_274   1.0026973 1.7832035 1.9549350 0.6414799 1.9863963 2.1311865 0.1133324 0.0746636 0.0000000 2.1887343 0.3638149 2.9339384 2.0164043 2.1456303 0.0204318 1.8941467 0.3518378 0.3512435 0.3239085 2.5848789 0.3410004 0.1053075 2.3235755 2.1075161 
n300_277   2.3493475 1.6738328 0.1567812 1.8597717 1.8528150 0.0550442 2.1977127 2.4426989 2.1887343 0.0000000 2.1617803 0.4443295 0.0964304 0.0167241 2.1268121 1.5317579 1.9902149 1.9085414 2.0141142 0.4381211 1.7777627 2.1770348 2.3589972 1.5488716 
n290_267   1.1959980 1.9774795 2.0604424 0.8039568 1.9702012 2.0741748 0.3740107 0.3340966 0.3638149 2.1617803 0.0000000 2.4040048 1.8931035 2.1190615 0.3639574 1.7555217 0.0668804 0.1892306 0.0706677 2.4232864 0.1895964 0.3560589 2.7861814 1.7031190 
n278_255   2.4425845 1.7967613 0.3919824 2.1790514 1.7858651 0.4174914 2.9109122 2.7481004 2.9339384 0.4443295 2.4040048 0.0000000 0.4241447 0.4310861 2.7108871 1.7823854 2.1747463 2.2294030 2.0604383 0.0927919 2.1454838 2.7488721 3.0108929 1.9923531 
n280_257   2.1299190 1.7883415 0.1318903 1.7487419 1.9901724 0.1041533 2.0404216 2.0324383 2.0164043 0.0964304 1.8931035 0.4241447 0.0000000 0.0925696 1.9609112 1.7056699 1.7956932 1.9389305 1.8820779 0.4162130 1.8065660 1.9806364 1.9560123 1.6790950 
n299_276   2.3681043 1.6419712 0.1525459 1.8526778 1.8144499 0.0514499 2.1533136 2.3887667 2.1456303 0.0167241 2.1190615 0.4310861 0.0925696 0.0000000 2.0852452 1.6055027 1.9532134 2.0199394 1.9762623 0.4305452 1.8731554 2.1334360 2.2590593 1.6512522 
n298_275   1.0309575 1.7592572 1.9741225 0.6580027 1.9938536 2.1026390 0.1133481 0.0746720 0.0204318 2.1268121 0.3639574 2.7108871 1.9609112 2.0852452 0.0000000 1.8937454 0.3458407 0.3513753 0.3240193 2.4243339 0.3411242 0.1053215 2.3882206 2.1150632 
n266_243   2.2414255 0.8692920 1.6057483 1.8858342 0.8850869 1.5377846 1.7521436 1.7392144 1.8941467 1.5317579 1.7555217 1.7823854 1.7056699 1.6055027 1.8937454 0.0000000 1.8233486 2.1146705 1.7570451 1.7610235 1.8814433 1.9590990 3.5754062 0.1636379 
n289_266   1.2574864 1.9870107 1.8977766 0.7633778 2.0308167 1.9538348 0.3455318 0.3127313 0.3518378 1.9902149 0.0668804 2.1747463 1.7956932 1.9532134 0.3458407 1.8233486 0.0000000 0.1625136 0.0594986 2.2410294 0.1628232 0.3282976 2.2797278 1.7675334 
n295_272   1.0830579 2.0785575 1.9797155 0.8008712 2.2060614 1.9599737 0.3398288 0.3288275 0.3512435 1.9085414 0.1892306 2.2294030 1.9389305 2.0199394 0.3513753 2.1146705 0.1625136 0.0000000 0.1628323 2.1395368 0.0378704 0.3120587 2.4851302 1.8700589 
n287_264   1.1932450 2.0059679 1.9699093 0.7330928 2.0034899 1.9645035 0.3123132 0.2966537 0.3239085 2.0141142 0.0706677 2.0604383 1.8820779 1.9762623 0.3240193 1.7570451 0.0594986 0.1628323 0.0000000 2.0740463 0.1631430 0.3066990 2.3333385 1.6408893 
n277_254   2.2880623 1.7413963 0.3905303 1.9848432 1.7526193 0.4164046 2.5636430 2.5830989 2.5848789 0.4381211 2.4232864 0.0927919 0.4162130 0.4305452 2.4243339 1.7610235 2.2410294 2.1395368 2.0740463 0.0000000 2.0821887 2.4397307 2.6574136 1.8876426 
n296_273   1.1539845 2.0508400 1.8519921 0.8144908 2.1350531 1.8941390 0.3247253 0.3188629 0.3410004 1.7777627 0.1895964 2.1454838 1.8065660 1.8731554 0.3411242 1.8814433 0.1628232 0.0378704 0.1631430 2.0821887 0.0000000 0.3079681 2.2468280 1.6741048 
n294_271   1.0262321 1.7171454 2.0727289 0.6073640 1.8165550 1.9878377 0.0273783 0.0709102 0.1053075 2.1770348 0.3560589 2.7488721 1.9806364 2.1334360 0.1053215 1.9590990 0.3282976 0.3120587 0.3066990 2.4397307 0.3079681 0.0000000 2.3163955 2.1878164 
n244_225   9.0000000 3.3853020 2.0420344 2.8038143 3.4836938 2.2641277 2.3865178 2.5844333 2.3235755 2.3589972 2.7861814 3.0108929 1.9560123 2.2590593 2.3882206 3.5754062 2.2797278 2.4851302 2.3333385 2.6574136 2.2468280 2.3163955 0.0000000 3.2879863 
n265_242   2.7907248 1.0201817 1.7438543 1.9595826 0.9986001 1.6287506 1.9788229 1.9825219 2.1075161 1.5488716 1.7031190 1.9923531 1.6790950 1.6512522 2.1150632 0.1636379 1.7675334 1.8700589 1.6408893 1.8876426 1.6741048 2.1878164 3.2879863 0.0000000 
