21
n296_267   0.0000000 0.0237808 0.0237498 0.1124015 0.2838244 0.3533801 0.3334868 0.0556426 0.0519226 0.0519377 0.2795058 0.3166710 0.0483560 0.2607441 0.3272944 0.0272578 0.2607866 0.0812889 0.2742802 0.0066936 0.3112900 
n290_263   0.0237808 0.0000000 0.0067027 0.1125238 0.2893027 0.3586636 0.3282748 0.0521375 0.0484363 0.0484505 0.2746765 0.3171497 0.0448794 0.2609412 0.3221336 0.0100961 0.2609838 0.0851862 0.2694870 0.0237783 0.3117581 
n287_260   0.0237498 0.0067027 0.0000000 0.1123689 0.2888742 0.3521174 0.3273976 0.0520679 0.0483711 0.0483852 0.2742715 0.3166724 0.0448190 0.2605575 0.3212778 0.0100830 0.2606001 0.0850709 0.2690907 0.0237473 0.3112900 
n200_185   0.1124015 0.1125238 0.1123689 0.0000000 0.2691125 0.3487429 0.2925037 0.1009646 0.0968905 0.0892371 0.2598074 0.3277478 0.0930861 0.2756441 0.3017478 0.1125822 0.2756897 0.1046112 0.2597392 0.1161981 0.3222745 
n274_251   0.2838244 0.2893027 0.2888742 0.2691125 0.0000000 0.3462982 0.3481316 0.2799355 0.2743755 0.2643790 0.0700979 0.2700664 0.2695586 0.2313161 0.3252946 0.2944944 0.2266878 0.2839469 0.0625662 0.2837865 0.2697031 
n244_223   0.3533801 0.3586636 0.3521174 0.3487429 0.3462982 0.0000000 0.2703416 0.3486109 0.3423779 0.3424724 0.3307716 0.3764733 0.3370814 0.3937687 0.2598969 0.3591776 0.3886473 0.3534020 0.3251290 0.3583814 0.3706172 
n251_228   0.3334868 0.3282748 0.3273976 0.2925037 0.3481316 0.2703416 0.0000000 0.3186188 0.3178761 0.3179640 0.3480177 0.3964237 0.3127290 0.3567280 0.0520145 0.3341724 0.3568639 0.3337051 0.3422199 0.3334398 0.3903704 
n298_269   0.0556426 0.0521375 0.0520679 0.1009646 0.2799355 0.3486109 0.3186188 0.0000000 0.0237950 0.0238020 0.2756196 0.3018097 0.0067048 0.2516669 0.3177853 0.0557817 0.2517078 0.0666267 0.2704098 0.0556365 0.2965337 
n293_264   0.0519226 0.0484363 0.0483711 0.0968905 0.2743755 0.3423779 0.3178761 0.0237950 0.0000000 0.0134686 0.2700875 0.3011125 0.0168845 0.2463459 0.3118369 0.0520524 0.2463857 0.0591172 0.2649291 0.0519170 0.2958500 
n275_252   0.0519377 0.0484505 0.0483852 0.0892371 0.2643790 0.3424724 0.3179640 0.0238020 0.0134686 0.0000000 0.2601317 0.2906799 0.0168895 0.2367156 0.3119229 0.0520677 0.2367535 0.0592118 0.2550540 0.0519320 0.2854993 
n278_255   0.2795058 0.2746765 0.2742715 0.2598074 0.0700979 0.3307716 0.3480177 0.2756196 0.2700875 0.2601317 0.0000000 0.2754990 0.2652884 0.2319130 0.3362480 0.2797641 0.2272696 0.2796260 0.0100401 0.2794685 0.2751263 
n286_259   0.3166710 0.3171497 0.3166724 0.3277478 0.2700664 0.3764733 0.3964237 0.3018097 0.3011125 0.2906799 0.2754990 0.0000000 0.2960965 0.1704241 0.4131909 0.3225854 0.1661862 0.3215142 0.2702910 0.3114286 0.0033534 
n297_268   0.0483560 0.0448794 0.0448190 0.0930861 0.2695586 0.3370814 0.3127290 0.0067048 0.0168845 0.0168895 0.2652884 0.2960965 0.0000000 0.2416933 0.3067409 0.0484767 0.2417322 0.0592040 0.2601667 0.0483508 0.2908713 
n265_242   0.2607441 0.2609412 0.2605575 0.2756441 0.2313161 0.3937687 0.3567280 0.2516669 0.2463459 0.2367156 0.2319130 0.1704241 0.2416933 0.0000000 0.3504931 0.2659399 0.0271615 0.2603687 0.2270470 0.2558975 0.1702083 
n255_232   0.3272944 0.3221336 0.3212778 0.3017478 0.3252946 0.2598969 0.0520145 0.3177853 0.3118369 0.3119229 0.3362480 0.4131909 0.3067409 0.3504931 0.0000000 0.3279636 0.3506251 0.3275063 0.3195915 0.3272487 0.4070028 
n289_262   0.0272578 0.0100961 0.0100830 0.1125822 0.2944944 0.3591776 0.3341724 0.0557817 0.0520524 0.0520677 0.2797641 0.3225854 0.0484767 0.2659399 0.3279636 0.0000000 0.2613345 0.0890128 0.2745327 0.0272549 0.3171497 
n266_243   0.2607866 0.2609838 0.2606001 0.2756897 0.2266878 0.3886473 0.3568639 0.2517078 0.2463857 0.2367535 0.2272696 0.1661862 0.2417322 0.0271615 0.3506251 0.2613345 0.0000000 0.2604112 0.2224384 0.2559392 0.1659764 
n236_217   0.0812889 0.0851862 0.0850709 0.1046112 0.2839469 0.3534020 0.3337051 0.0666267 0.0591172 0.0592118 0.2796260 0.3215142 0.0592040 0.2603687 0.3275063 0.0890128 0.2604112 0.0000000 0.2743972 0.0849417 0.3161009 
n277_254   0.2742802 0.2694870 0.2690907 0.2597392 0.0625662 0.3251290 0.3422199 0.2704098 0.2649291 0.2550540 0.0100401 0.2702910 0.2601667 0.2270470 0.3195915 0.2745327 0.2224384 0.2743972 0.0000000 0.2742438 0.2699269 
n295_266   0.0066936 0.0237783 0.0237473 0.1161981 0.2837865 0.3583814 0.3334398 0.0556365 0.0519170 0.0519320 0.2794685 0.3114286 0.0483508 0.2558975 0.3272487 0.0272549 0.2559392 0.0849417 0.2742438 0.0000000 0.3060880 
n285_258   0.3112900 0.3117581 0.3112900 0.3222745 0.2697031 0.3706172 0.3903704 0.2965337 0.2958500 0.2854993 0.2751263 0.0033534 0.2908713 0.1702083 0.4070028 0.3171497 0.1659764 0.3161009 0.2699269 0.3060880 0.0000000 
