26
n299_300   0.0000000 0.0306865 1.7180951 2.4610610 4.0299402 0.4654382 2.2424747 2.2580024 0.1251977 1.6974798 2.1386096 1.9516029 0.0557250 0.4936025 2.0477662 2.0570850 3.0498136 2.7578301 1.6571993 3.6261346 1.8168305 1.8815940 2.5142985 2.4157122 0.1052292 1.8724681 
n300_301   0.0306865 0.0000000 1.6348934 2.2844619 5.0099350 0.4585182 2.2348131 2.2559676 0.1332556 1.6158246 2.1088899 1.8625491 0.0667235 0.4864017 1.9508616 1.9592023 2.7895017 2.6251589 1.5791714 4.1275456 1.8543679 1.8573787 2.4633944 2.3610877 0.1211885 1.9125011 
n290_291   1.7180951 1.6348934 0.0000000 2.4105146 3.4031820 1.6773579 1.0806305 0.6754460 1.5380156 0.0378008 0.1540513 0.2904541 1.7419548 1.6244633 0.3060048 0.3002191 1.6731818 1.5336380 0.0342345 2.8768414 0.2911772 0.1251707 1.6841573 1.5972327 1.6723420 0.3006935 
n244_245   2.4610610 2.2844619 2.4105146 0.0000000 2.4323418 3.0639785 2.9431225 2.5887504 2.0716891 2.6417357 2.5358029 2.3296683 2.4089804 2.8674013 2.2349096 2.1761302 1.9427913 1.9087133 2.6200386 1.6961997 2.3529549 2.3996784 2.4208175 2.5941873 2.3403843 2.4477570 
n255_256   4.0299402 5.0099350 3.4031820 2.4323418 0.0000000 8.9999987 9.0000000 3.0413724 2.9096657 3.5224332 2.7232818 3.0460900 3.2306803 9.0000000 3.1839782 3.1897730 4.6276248 3.4347738 3.4837723 0.3003568 2.8792893 3.0009090 4.5879721 4.1507175 3.1750489 2.9663253 
n277_278   0.4654382 0.4585182 1.6773579 3.0639785 8.9999987 0.0000000 2.1503849 2.6732628 0.4450206 1.6889289 1.8098102 1.9816985 0.4879946 0.1139543 2.0903425 2.0998403 2.2377290 2.0700272 1.6259870 3.2719971 2.0419382 1.6311298 2.0626514 2.3468492 0.4396874 2.0908873 
n200_201   2.2424747 2.2348131 1.0806305 2.9431225 9.0000000 2.1503849 0.0000000 1.0271101 2.2537411 1.0977720 1.0694512 1.1590082 2.4118559 2.0616884 1.1319237 1.1487870 1.8429165 1.6730957 1.0933678 3.4594703 1.1102446 1.0494942 1.7970828 1.6679715 2.3091345 1.0911944 
n236_237   2.2580024 2.2559676 0.6754460 2.5887504 3.0413724 2.6732628 1.0271101 0.0000000 2.3469620 0.6682605 0.7402516 0.6498194 2.2597855 2.4275943 0.6101062 0.6007545 2.3272958 2.2340662 0.6759140 2.2890326 0.6022484 0.6874874 1.8978718 2.2180486 2.4169974 0.6765849 
n274_275   0.1251977 0.1332556 1.5380156 2.0716891 2.9096657 0.4450206 2.2537411 2.3469620 0.0000000 1.5208797 1.9584680 1.7480830 0.1331823 0.4810516 1.9119704 1.8775623 2.9490393 2.5969963 1.5686327 2.5938846 1.9383110 1.7781986 2.4695463 2.3505699 0.1011065 2.0006524 
n289_290   1.6974798 1.6158246 0.0378008 2.6417357 3.5224332 1.6889289 1.0977720 0.6682605 1.5208797 0.0000000 0.1800633 0.3069687 1.7208930 1.7206184 0.3332181 0.3327820 1.6158012 1.5085435 0.0593414 3.1375569 0.3181923 0.1500612 1.7773958 1.6829689 1.7168320 0.3116496 
n296_297   2.1386096 2.1088899 0.1540513 2.5358029 2.7232818 1.8098102 1.0694512 0.7402516 1.9584680 0.1800633 0.0000000 0.2794391 2.2835720 1.7833600 0.3270297 0.3165853 1.8548878 1.7024356 0.1582097 2.8779849 0.3067744 0.0520198 1.9185412 1.6924024 1.9806823 0.3165586 
n275_276   1.9516029 1.8625491 0.2904541 2.3296683 3.0460900 1.9816985 1.1590082 0.6498194 1.7480830 0.3069687 0.2794391 0.0000000 1.9990545 1.8468072 0.1366878 0.1408647 1.9753770 1.8217152 0.3162043 2.5739203 0.1407886 0.2790291 1.6722008 1.7704122 1.9132338 0.1406027 
n292_293   0.0557250 0.0667235 1.7419548 2.4089804 3.2306803 0.4879946 2.4118559 2.2597855 0.1331823 1.7208930 2.2835720 1.9990545 0.0000000 0.5089615 2.0074317 2.1081177 2.6616698 2.5774314 1.6795531 2.9290457 1.8981890 2.0401624 2.4208882 2.4551201 0.1210221 1.9584704 
n278_279   0.4936025 0.4864017 1.6244633 2.8674013 9.0000000 0.1139543 2.0616884 2.4275943 0.4810516 1.7206184 1.7833600 1.8468072 0.5089615 0.0000000 1.8670211 1.8738659 2.1240990 2.0088851 1.5949853 3.0978948 1.8608867 1.6302584 2.1088367 2.2091693 0.4743491 1.9548442 
n298_299   2.0477662 1.9508616 0.3060048 2.2349096 3.1839782 2.0903425 1.1319237 0.6101062 1.9119704 0.3332181 0.3270297 0.1366878 2.0074317 1.8670211 0.0000000 0.0377592 1.8553824 1.7015400 0.3270687 2.4374446 0.1253565 0.3110088 1.6669860 1.7861522 1.9569156 0.1250623 
n297_298   2.0570850 1.9592023 0.3002191 2.1761302 3.1897730 2.0998403 1.1487870 0.6007545 1.8775623 0.3327820 0.3165853 0.1408647 2.1081177 1.8738659 0.0377592 0.0000000 1.8692477 1.7129691 0.3210877 2.5055396 0.1333975 0.3110213 1.7224109 1.8690035 1.8896015 0.1332212 
n286_287   3.0498136 2.7895017 1.6731818 1.9427913 4.6276248 2.2377290 1.8429165 2.3272958 2.9490393 1.6158012 1.8548878 1.9753770 2.6616698 2.1240990 1.8553824 1.8692477 0.0000000 0.0782366 1.7162550 3.1355634 2.2163972 1.7962912 1.4251554 1.1197781 3.1408435 2.0562914 
n285_286   2.7578301 2.6251589 1.5336380 1.9087133 3.4347738 2.0700272 1.6730957 2.2340662 2.5969963 1.5085435 1.7024356 1.8217152 2.5774314 2.0088851 1.7015400 1.7129691 0.0782366 0.0000000 1.6615566 2.4842670 1.9846036 1.6594465 1.2751909 1.0293124 2.7298001 1.8940832 
n287_288   1.6571993 1.5791714 0.0342345 2.6200386 3.4837723 1.6259870 1.0933678 0.6759140 1.5686327 0.0593414 0.1582097 0.3162043 1.6795531 1.5949853 0.3270687 0.3210877 1.7162550 1.6615566 0.0000000 3.1851147 0.3066611 0.1291671 1.7191733 1.6245575 1.6148006 0.3163528 
n251_252   3.6261346 4.1275456 2.8768414 1.6961997 0.3003568 3.2719971 3.4594703 2.2890326 2.5938846 3.1375569 2.8779849 2.5739203 2.9290457 3.0978948 2.4374446 2.5055396 3.1355634 2.4842670 3.1851147 0.0000000 2.5403712 2.9545513 5.3161581 4.7835539 3.1514354 2.8443394 
n294_295   1.8168305 1.8543679 0.2911772 2.3529549 2.8792893 2.0419382 1.1102446 0.6022484 1.9383110 0.3181923 0.3067744 0.1407886 1.8981890 1.8608867 0.1253565 0.1333975 2.2163972 1.9846036 0.3066611 2.5403712 0.0000000 0.3016776 1.7305270 1.8602257 1.8873090 0.0448006 
n295_296   1.8815940 1.8573787 0.1251707 2.3996784 3.0009090 1.6311298 1.0494942 0.6874874 1.7781986 0.1500612 0.0520198 0.2790291 2.0401624 1.6302584 0.3110088 0.3110213 1.7962912 1.6594465 0.1291671 2.9545513 0.3016776 0.0000000 1.7099796 1.5231293 1.7633198 0.3007515 
n266_267   2.5142985 2.4633944 1.6841573 2.4208175 4.5879721 2.0626514 1.7970828 1.8978718 2.4695463 1.7773958 1.9185412 1.6722008 2.4208882 2.1088367 1.6669860 1.7224109 1.4251554 1.2751909 1.7191733 5.3161581 1.7305270 1.7099796 0.0000000 0.2214473 1.9168392 1.6364509 
n265_266   2.4157122 2.3610877 1.5972327 2.5941873 4.1507175 2.3468492 1.6679715 2.2180486 2.3505699 1.6829689 1.6924024 1.7704122 2.4551201 2.2091693 1.7861522 1.8690035 1.1197781 1.0293124 1.6245575 4.7835539 1.8602257 1.5231293 0.2214473 0.0000000 2.0411616 1.7795913 
n280_281   0.1052292 0.1211885 1.6723420 2.3403843 3.1750489 0.4396874 2.3091345 2.4169974 0.1011065 1.7168320 1.9806823 1.9132338 0.1210221 0.4743491 1.9569156 1.8896015 3.1408435 2.7298001 1.6148006 3.1514354 1.8873090 1.7633198 1.9168392 2.0411616 0.0000000 1.9465821 
n293_294   1.8724681 1.9125011 0.3006935 2.4477570 2.9663253 2.0908873 1.0911944 0.6765849 2.0006524 0.3116496 0.3165586 0.1406027 1.9584704 1.9548442 0.1250623 0.1332212 2.0562914 1.8940832 0.3163528 2.8443394 0.0448006 0.3007515 1.6364509 1.7795913 1.9465821 0.0000000 
