25
n287_288   0.0000000 0.0100922 0.0968943 0.3128724 0.2975177 0.2764782 0.3024281 0.3074417 0.0272909 0.3131603 0.2916193 0.0168835 0.0238163 0.0272985 0.0272795 0.0067106 0.3028863 0.3955944 0.0203232 0.2715102 0.4438880 0.0238090 0.1576072 0.3283573 0.4084952 
n290_291   0.0100922 0.0000000 0.0892684 0.3177827 0.2970750 0.2763819 0.3019767 0.3069817 0.0238044 0.3182180 0.2911873 0.0134647 0.0203499 0.0238110 0.0237944 0.0033449 0.3024341 0.4012268 0.0168830 0.2714160 0.4431614 0.0203436 0.1573899 0.3282368 0.4142296 
n236_237   0.0968943 0.0892684 0.0000000 0.3185464 0.3074127 0.2869840 0.3077857 0.3128365 0.0969650 0.3241917 0.3075521 0.0929116 0.0931058 0.0892672 0.0969210 0.0891596 0.3128551 0.4192882 0.0929394 0.2819351 0.4371357 0.0930754 0.1655448 0.3290287 0.4132673 
n278_279   0.3128724 0.3177827 0.3185464 0.0000000 0.2865271 0.2415322 0.0590795 0.0627042 0.3342224 0.0702308 0.0664183 0.3280051 0.3287660 0.3230621 0.3340237 0.3124759 0.2917979 0.3458590 0.3336143 0.2412502 0.3686755 0.3286364 0.3139993 0.0203080 0.3406175 
n285_286   0.2975177 0.2970750 0.3074127 0.2865271 0.0000000 0.1404289 0.2858526 0.2960550 0.3181667 0.2966332 0.2909109 0.3070155 0.3128374 0.3072743 0.3179815 0.2919222 0.0067147 0.3463064 0.3071174 0.1363487 0.3960922 0.3127159 0.3343399 0.2965326 0.3354819 
n265_266   0.2764782 0.2763819 0.2869840 0.2415322 0.1404289 0.0000000 0.2364527 0.2320170 0.2918244 0.2464096 0.2273243 0.2860441 0.2866950 0.2813541 0.2916599 0.2713819 0.1444210 0.3456295 0.2913062 0.0168703 0.3619257 0.2865861 0.2925572 0.2610517 0.3348290 
n280_281   0.3024281 0.3019767 0.3077857 0.0590795 0.2858526 0.2364527 0.0000000 0.0134396 0.3180366 0.0271843 0.0168318 0.3119859 0.3127047 0.3071391 0.3178513 0.2967867 0.2911102 0.3512215 0.3174631 0.2364373 0.3571204 0.3125831 0.2978867 0.0738383 0.3459431 
n299_300   0.3074417 0.3069817 0.3128365 0.0627042 0.2960550 0.2320170 0.0134396 0.0000000 0.3231543 0.0341571 0.0100553 0.3170537 0.3177854 0.3121787 0.3229649 0.3017571 0.3013942 0.3567211 0.3225702 0.2320023 0.3684683 0.3176614 0.3083195 0.0775428 0.3514049 
n293_294   0.0272909 0.0238044 0.0969650 0.3342224 0.3181667 0.2918244 0.3180366 0.3231543 0.0000000 0.3346878 0.3069729 0.0237845 0.0033449 0.0135034 0.0203594 0.0203499 0.3184147 0.4070916 0.0272674 0.2867437 0.4630318 0.0169235 0.1659100 0.3449239 0.4265434 
n274_275   0.3131603 0.3182180 0.3241917 0.0702308 0.2966332 0.2464096 0.0271843 0.0341571 0.3346878 0.0000000 0.0376473 0.3284584 0.3292214 0.3235069 0.3344885 0.3129018 0.3019840 0.3631871 0.3340781 0.2463922 0.3573191 0.3290914 0.3144293 0.0852803 0.3578186 
n292_293   0.2916193 0.2911873 0.3075521 0.0664183 0.2909109 0.2273243 0.0168318 0.0100553 0.3069729 0.0376473 0.0000000 0.3010414 0.3017309 0.2962649 0.3067967 0.2860819 0.2962093 0.3568006 0.3064233 0.2273104 0.3627531 0.3016149 0.3030598 0.0850286 0.3514825 
n296_297   0.0168835 0.0134647 0.0929116 0.3280051 0.3070155 0.2860441 0.3119859 0.3170537 0.0237845 0.3284584 0.3010414 0.0000000 0.0203329 0.0237911 0.0237745 0.0100722 0.3124501 0.4127521 0.0033422 0.2810139 0.4553262 0.0203267 0.1612903 0.3385978 0.4259710 
n294_295   0.0238163 0.0203499 0.0931058 0.3287660 0.3128374 0.2866950 0.3127047 0.3177854 0.0033449 0.3292214 0.3017309 0.0203329 0.0000000 0.0101011 0.0169216 0.0169136 0.3130804 0.4009975 0.0237958 0.2816519 0.4564484 0.0135033 0.1616377 0.3393864 0.4202725 
n275_276   0.0272985 0.0238110 0.0892672 0.3230621 0.3072743 0.2813541 0.3071391 0.3121787 0.0135034 0.3235069 0.2962649 0.0237911 0.0101011 0.0000000 0.0203651 0.0203556 0.3075120 0.4072179 0.0272750 0.2763529 0.4495031 0.0169282 0.1615315 0.3335925 0.4203386 
n297_298   0.0272795 0.0237944 0.0969210 0.3340237 0.3179815 0.2916599 0.3178513 0.3229649 0.0203594 0.3344885 0.3067967 0.0237745 0.0169216 0.0203651 0.0000000 0.0203414 0.3235105 0.4076922 0.0272559 0.2865832 0.4560641 0.0033464 0.1658291 0.3391275 0.4208314 
n289_290   0.0067106 0.0033449 0.0891596 0.3124759 0.2919222 0.2713819 0.2967867 0.3017571 0.0203499 0.3129018 0.2860819 0.0100722 0.0169136 0.0203556 0.0203414 0.0000000 0.2972400 0.3952169 0.0134711 0.2664514 0.4368100 0.0169085 0.1531748 0.3228542 0.4081043 
n286_287   0.3028863 0.3024341 0.3128551 0.2917979 0.0067147 0.1444210 0.2911102 0.3013942 0.3184147 0.3019840 0.2962093 0.3124501 0.3130804 0.3075120 0.3235105 0.2972400 0.0000000 0.3520866 0.3125540 0.1403204 0.4022888 0.3182023 0.3400085 0.3018801 0.3411723 
n255_256   0.3955944 0.4012268 0.4192882 0.3458590 0.3463064 0.3456295 0.3512215 0.3567211 0.4070916 0.3631871 0.3568006 0.4127521 0.4009975 0.4072179 0.4076922 0.3952169 0.3520866 0.0000000 0.4191564 0.3458675 0.3141311 0.4135759 0.3965596 0.3564497 0.0307697 
n295_296   0.0203232 0.0168830 0.0929394 0.3336143 0.3071174 0.2913062 0.3174631 0.3225702 0.0272674 0.3340781 0.3064233 0.0033422 0.0237958 0.0272750 0.0272559 0.0134711 0.3125540 0.4191564 0.0000000 0.2862360 0.4554897 0.0237884 0.1656345 0.3442930 0.4196225 
n266_267   0.2715102 0.2714160 0.2819351 0.2412502 0.1363487 0.0168703 0.2364373 0.2320023 0.2867437 0.2463922 0.2273104 0.2810139 0.2816519 0.2763529 0.2865832 0.2664514 0.1403204 0.3458675 0.2862360 0.0000000 0.3676630 0.2815455 0.2874619 0.2607415 0.3350584 
n244_245   0.4438880 0.4431614 0.4371357 0.3686755 0.3960922 0.3619257 0.3571204 0.3684683 0.4630318 0.3573191 0.3627531 0.4553262 0.4564484 0.4495031 0.4560641 0.4368100 0.4022888 0.3141311 0.4554897 0.3676630 0.0000000 0.4496636 0.4196838 0.3977444 0.3035348 
n298_299   0.0238090 0.0203436 0.0930754 0.3286364 0.3127159 0.2865861 0.3125831 0.3176614 0.0169235 0.3290914 0.3016149 0.0203267 0.0135033 0.0169282 0.0033464 0.0169085 0.3182023 0.4135759 0.0237884 0.2815455 0.4496636 0.0000000 0.1615823 0.3392515 0.4268257 
n200_201   0.1576072 0.1573899 0.1655448 0.3139993 0.3343399 0.2925572 0.2978867 0.3083195 0.1659100 0.3144293 0.3030598 0.1612903 0.1616377 0.1615315 0.1658291 0.1531748 0.3400085 0.3965596 0.1656345 0.2874619 0.4196838 0.1615823 0.0000000 0.3240208 0.3965056 
n277_278   0.3283573 0.3282368 0.3290287 0.0203080 0.2965326 0.2610517 0.0738383 0.0775428 0.3449239 0.0852803 0.0850286 0.3385978 0.3393864 0.3335925 0.3391275 0.3228542 0.3018801 0.3564497 0.3442930 0.2607415 0.3977444 0.3392515 0.3240208 0.0000000 0.3511400 
n251_252   0.4084952 0.4142296 0.4132673 0.3406175 0.3354819 0.3348290 0.3459431 0.3514049 0.4265434 0.3578186 0.3514825 0.4259710 0.4202725 0.4203386 0.4208314 0.4081043 0.3411723 0.0307697 0.4196225 0.3350584 0.3035348 0.4268257 0.3965056 0.3511400 0.0000000 
