26
n299_300   0.0000000 0.0343201 1.8688490 3.4535185 4.2286084 0.4610145 1.9590005 2.1150480 0.1425974 1.9735822 1.7544872 2.4442420 0.0342743 0.5062838 2.4648833 2.2604796 1.9715244 1.9000420 1.8084843 3.9572333 2.8653445 1.9690975 2.2717522 2.2852839 0.1173318 2.6788418 
n300_301   0.0343201 0.0000000 1.7884682 3.6504448 5.2467004 0.4600727 1.9074453 2.0679704 0.1466976 1.8537754 1.6300165 2.0930004 0.0342720 0.4980060 2.2073896 2.0397322 1.9327144 1.8773376 1.6764145 4.0571433 2.4977487 1.8177611 2.3900158 2.5420631 0.1173251 2.3574327 
n290_291   1.8688490 1.7884682 0.0000000 3.3446600 2.8530477 1.6601105 1.0118901 0.6832739 1.8435993 0.0597360 0.1387959 0.3900306 1.8927959 1.6428233 0.3549858 0.3548541 2.4698225 2.9312880 0.0559333 3.0838003 0.3375427 0.1642902 2.8769835 3.0574786 1.7780558 0.3496591 
n244_245   3.4535185 3.6504448 3.3446600 0.0000000 2.1198829 2.8145811 3.5968590 3.5447411 3.3914701 3.0497365 3.3303843 3.0737545 3.3018482 2.7730864 4.5103905 4.8082172 3.3783527 2.8367326 3.5499606 2.4328050 3.6911516 3.2594579 8.9999987 4.8692801 2.5843909 3.6045881 
n255_256   4.2286084 5.2467004 2.8530477 2.1198829 0.0000000 3.6296127 3.1728012 4.0060107 8.9999986 2.5544608 3.3626560 3.9078639 4.7416541 3.7553383 3.6076135 3.7670444 4.0387405 3.5207338 3.3274201 0.3600137 3.0951498 3.2079475 2.4458140 1.8722304 4.5092506 3.0190674 
n277_278   0.4610145 0.4600727 1.6601105 2.8145811 3.6296127 0.0000000 1.6994585 1.9592922 0.4216831 1.7406443 1.7515445 2.0131040 0.4668120 0.1021203 1.9606400 1.9178148 1.7278880 1.7271580 1.7347794 4.0340604 2.0043378 1.8232806 2.0283392 2.2500249 0.4677829 1.8010508 
n200_201   1.9590005 1.9074453 1.0118901 3.5968590 3.1728012 1.6994585 0.0000000 1.1907265 1.9201079 1.0533120 1.0058193 1.1826125 1.9524207 1.8650548 1.0703555 1.0709390 1.7723986 1.8231848 0.9945694 3.1875203 1.1847222 1.0544246 1.7304646 1.7558178 2.0190954 1.1190804 
n236_237   2.1150480 2.0679704 0.6832739 3.5447411 4.0060107 1.9592922 1.1907265 0.0000000 2.3243886 0.7325531 0.6445998 0.6356424 2.0687609 2.1382412 0.7366418 0.6913168 2.8652442 3.0573373 0.7183630 6.2366821 0.6597344 0.6814713 3.0892792 2.9101914 2.1648265 0.6782841 
n274_275   0.1425974 0.1466976 1.8435993 3.3914701 8.9999986 0.4216831 1.9201079 2.3243886 0.0000000 1.9391048 1.6667296 2.1447764 0.1256490 0.4499346 2.1507646 1.9906569 1.9434363 2.0351095 1.7551402 5.5229130 2.4951304 1.8623143 2.1779917 2.2831620 0.1135504 2.3080831 
n289_290   1.9735822 1.8537754 0.0597360 3.0497365 2.5544608 1.7406443 1.0533120 0.7325531 1.9391048 0.0000000 0.1649141 0.4087788 1.9996906 1.7805164 0.3727702 0.3850135 2.5175527 2.9961255 0.0670974 2.8869559 0.3490493 0.1915196 2.7596275 3.0204308 1.8747102 0.3739134 
n296_297   1.7544872 1.6300165 0.1387959 3.3303843 3.3626560 1.7515445 1.0058193 0.6445998 1.6667296 0.1649141 0.0000000 0.3791423 1.6825641 1.6365432 0.3347476 0.3352588 2.3664119 2.7522694 0.1512998 3.5845767 0.3123909 0.0307807 3.0029813 2.9600698 1.6540531 0.3470399 
n275_276   2.4442420 2.0930004 0.3900306 3.0737545 3.9078639 2.0131040 1.1826125 0.6356424 2.1447764 0.4087788 0.3791423 0.0000000 2.2688035 2.2438991 0.1722184 0.1720933 2.3240122 2.3641443 0.3885608 4.7349714 0.1637206 0.3918904 2.7143717 2.7540981 2.3380945 0.1549278 
n292_293   0.0342743 0.0342720 1.8927959 3.3018482 4.7416541 0.4668120 1.9524207 2.0687609 0.1256490 1.9996906 1.6825641 2.2688035 0.0000000 0.4979278 2.4035837 2.2080873 1.9992992 1.9261682 1.7982826 3.5757133 2.5245338 1.8814051 2.1232918 2.1892601 0.1052425 2.3816887 
n278_279   0.5062838 0.4980060 1.6428233 2.7730864 3.7553383 0.1021203 1.8650548 2.1382412 0.4499346 1.7805164 1.6365432 2.2438991 0.4979278 0.0000000 2.1230749 2.0653631 1.8435015 1.8803626 1.6520218 4.3311646 2.2838770 1.7315577 2.2824995 2.5664341 0.4982188 2.0306591 
n298_299   2.4648833 2.2073896 0.3549858 4.5103905 3.6076135 1.9606400 1.0703555 0.7366418 2.1507646 0.3727702 0.3347476 0.1722184 2.4035837 2.1230749 0.0000000 0.0378651 2.1444390 2.2404059 0.3598930 4.4073228 0.1773229 0.3467030 2.5503408 2.6124237 2.3073576 0.1730585 
n297_298   2.2604796 2.0397322 0.3548541 4.8082172 3.7670444 1.9178148 1.0709390 0.6913168 1.9906569 0.3850135 0.3352588 0.1720933 2.2080873 2.0653631 0.0378651 0.0000000 2.1743393 2.3803155 0.3597591 4.4918723 0.1685053 0.3527192 2.2554436 2.4378251 2.1245509 0.1642907 
n286_287   1.9715244 1.9327144 2.4698225 3.3783527 4.0387405 1.7278880 1.7723986 2.8652442 1.9434363 2.5175527 2.3664119 2.3240122 1.9992992 1.8435015 2.1444390 2.1743393 0.0000000 0.0711335 2.3396913 3.7237057 1.9996460 2.2263910 1.0080304 0.9743843 2.0313708 2.0225929 
n285_286   1.9000420 1.8773376 2.9312880 2.8367326 3.5207338 1.7271580 1.8231848 3.0573373 2.0351095 2.9961255 2.7522694 2.3641443 1.9261682 1.8803626 2.2404059 2.3803155 0.0711335 0.0000000 2.6648962 3.5783254 2.0741056 2.5640744 1.0282115 0.9659576 2.0456642 2.0521625 
n287_288   1.8084843 1.6764145 0.0559333 3.5499606 3.3274201 1.7347794 0.9945694 0.7183630 1.7551402 0.0670974 0.1512998 0.3885608 1.7982826 1.6520218 0.3598930 0.3597591 2.3396913 2.6648962 0.0000000 2.8143818 0.3418796 0.1772649 2.5394234 2.6816489 1.7395455 0.3546800 
n251_252   3.9572333 4.0571433 3.0838003 2.4328050 0.3600137 4.0340604 3.1875203 6.2366821 5.5229130 2.8869559 3.5845767 4.7349714 3.5757133 4.3311646 4.4073228 4.4918723 3.7237057 3.5783254 2.8143818 0.0000000 3.6500501 3.6016568 2.7794510 2.1946793 3.5379332 3.7827043 
n294_295   2.8653445 2.4977487 0.3375427 3.6911516 3.0951498 2.0043378 1.1847222 0.6597344 2.4951304 0.3490493 0.3123909 0.1637206 2.5245338 2.2838770 0.1773229 0.1685053 1.9996460 2.0741056 0.3418796 3.6500501 0.0000000 0.3118525 2.4203204 2.5024288 2.4276908 0.0560166 
n295_296   1.9690975 1.8177611 0.1642902 3.2594579 3.2079475 1.8232806 1.0544246 0.6814713 1.8623143 0.1915196 0.0307807 0.3918904 1.8814051 1.7315577 0.3467030 0.3527192 2.2263910 2.5640744 0.1772649 3.6016568 0.3118525 0.0000000 2.6839076 2.7259813 1.8478160 0.3523923 
n266_267   2.2717522 2.3900158 2.8769835 8.9999987 2.4458140 2.0283392 1.7304646 3.0892792 2.1779917 2.7596275 3.0029813 2.7143717 2.1232918 2.2824995 2.5503408 2.2554436 1.0080304 1.0282115 2.5394234 2.7794510 2.4203204 2.6839076 0.0000000 0.1962560 2.5124248 2.3323333 
n265_266   2.2852839 2.5420631 3.0574786 4.8692801 1.8722304 2.2500249 1.7558178 2.9101914 2.2831620 3.0204308 2.9600698 2.7540981 2.1892601 2.5664341 2.6124237 2.4378251 0.9743843 0.9659576 2.6816489 2.1946793 2.5024288 2.7259813 0.1962560 0.0000000 2.4630522 2.3798297 
n280_281   0.1173318 0.1173251 1.7780558 2.5843909 4.5092506 0.4677829 2.0190954 2.1648265 0.1135504 1.8747102 1.6540531 2.3380945 0.1052425 0.4982188 2.3073576 2.1245509 2.0313708 2.0456642 1.7395455 3.5379332 2.4276908 1.8478160 2.5124248 2.4630522 0.0000000 2.2385154 
n293_294   2.6788418 2.3574327 0.3496591 3.6045881 3.0190674 1.8010508 1.1190804 0.6782841 2.3080831 0.3739134 0.3470399 0.1549278 2.3816887 2.0306591 0.1730585 0.1642907 2.0225929 2.0521625 0.3546800 3.7827043 0.0560166 0.3523923 2.3323333 2.3798297 2.2385154 0.0000000 
