26
n299_300   0.0000000 0.0272458 2.2102415 3.2714897 2.6801941 0.4677020 2.0014875 2.5054021 0.1206959 2.2496933 2.0648049 2.1104736 0.0484720 0.4891723 1.8780954 1.9074211 2.1544938 2.2021649 2.1607378 2.6544467 1.9325499 1.9680212 1.8821797 2.0664286 0.0932224 2.0221966 
n300_301   0.0272458 0.0000000 2.1467980 3.5711988 2.7446572 0.4610463 1.9139594 2.8098858 0.1247910 2.1839283 2.0937496 2.1354580 0.0521045 0.4683439 1.8656326 1.8944891 2.3093975 2.3647542 2.1003923 2.6496132 1.9192232 2.0451580 1.9070258 2.0548856 0.0971400 2.0070791 
n290_291   2.2102415 2.1467980 0.0000000 2.6176101 2.8293127 2.1424023 1.1545800 0.7974615 2.1254403 0.0342943 0.1290893 0.2968185 2.1296651 2.0259080 0.2817127 0.3186638 2.5522331 2.5372874 0.0378415 2.6402577 0.3866926 0.1332468 1.5564486 1.8310921 2.4948755 0.3629090 
n244_245   3.2714897 3.5711988 2.6176101 0.0000000 2.5404272 3.0500691 3.2664550 3.9469701 3.5208705 2.7256683 3.0597932 2.9320769 3.0542814 3.4674844 2.7614987 3.3035703 4.9657592 6.3333550 2.6206802 2.5217740 4.3527769 3.1624844 3.2962786 2.7700755 2.8802379 3.6663621 
n255_256   2.6801941 2.7446572 2.8293127 2.5404272 0.0000000 3.8004792 2.9856767 2.4873661 2.7656309 3.1537819 3.9309506 8.9999990 2.3640650 3.5901735 3.2686703 3.4810898 2.4875660 2.3718782 3.2802183 0.3405441 6.1771788 3.8649244 2.1136603 2.5592173 2.8006444 8.9999983 
n277_278   0.4677020 0.4610463 2.1424023 3.0500691 3.8004792 0.0000000 2.3763099 2.2667486 0.4606920 2.0913293 2.1724041 2.0603074 0.4677828 0.0816556 1.9701778 2.2457487 2.2837717 2.7996091 2.2222089 3.2735009 2.0829343 2.0284582 1.8255151 1.7202296 0.4352976 2.0438258 
n200_201   2.0014875 1.9139594 1.1545800 3.2664550 2.9856767 2.3763099 0.0000000 1.1340992 1.9523007 1.1549869 1.1928155 1.0902562 1.9158014 2.3996764 1.0023034 1.0715066 2.6662053 2.6822151 1.2238807 2.6384078 1.0909839 1.1245150 1.7617467 2.1904870 1.9581168 1.0917966 
n236_237   2.5054021 2.8098858 0.7974615 3.9469701 2.4873661 2.2667486 1.1340992 0.0000000 2.5691615 0.7861551 0.7253061 0.7355524 2.4180137 2.5092528 0.6956875 0.7235454 3.0851297 3.7498427 0.8077428 1.9948360 0.7643790 0.7547246 1.8522640 2.4144896 2.5587370 0.7634260 
n274_275   0.1206959 0.1247910 2.1254403 3.5208705 2.7656309 0.4606920 1.9523007 2.5691615 0.0000000 2.2657836 2.1693576 2.3968964 0.1167480 0.4682644 2.0915860 2.0476212 2.0541044 2.1482326 2.1271653 2.4192141 2.1284655 2.1081222 1.6222572 1.8930397 0.1087999 2.2384570 
n289_290   2.2496933 2.1839283 0.0342943 2.7256683 3.1537819 2.0913293 1.1549869 0.7861551 2.2657836 0.0000000 0.1289533 0.3123332 2.1660559 1.9807288 0.2971148 0.3293419 2.6933687 2.5439452 0.0449289 2.9021740 0.4104554 0.1291072 1.6381180 1.8660449 2.6202778 0.3799750 
n296_297   2.0648049 2.0937496 0.1290893 3.0597932 3.9309506 2.1724041 1.1928155 0.7253061 2.1693576 0.1289533 0.0000000 0.2807950 2.0777020 2.0141978 0.2608025 0.2965545 2.5749632 2.5880649 0.1290086 2.9315667 0.3624926 0.0414068 1.5408703 1.7794428 2.4282595 0.3229245 
n275_276   2.1104736 2.1354580 0.2968185 2.9320769 8.9999990 2.0603074 1.0902562 0.7355524 2.3968964 0.3123332 0.2807950 0.0000000 2.2308761 2.2584437 0.1376821 0.1716770 3.0576083 2.6780232 0.2962899 3.5396460 0.1498511 0.2857231 1.5556664 1.7553255 2.6355878 0.1415089 
n292_293   0.0484720 0.0521045 2.1296651 3.0542814 2.3640650 0.4677828 1.9158014 2.4180137 0.1167480 2.1660559 2.0777020 2.2308761 0.0000000 0.4754476 1.8952495 1.9248062 2.1765425 2.2826428 2.1330014 2.3574061 2.0861452 1.9806519 1.8665985 1.9197839 0.0894059 2.1911959 
n278_279   0.4891723 0.4683439 2.0259080 3.4674844 3.5901735 0.0816556 2.3996764 2.5092528 0.4682644 1.9807288 2.0141978 2.2584437 0.4754476 0.0000000 1.9587900 2.0824836 2.3316758 2.8774427 2.0967831 2.9298027 2.0739488 1.9748493 1.8077378 1.7472836 0.4494441 2.0767380 
n298_299   1.8780954 1.8656326 0.2817127 2.7614987 3.2686703 1.9701778 1.0023034 0.6956875 2.0915860 0.2971148 0.2608025 0.1376821 1.8952495 1.9587900 0.0000000 0.0521696 2.8417466 2.7643478 0.2973985 2.5228864 0.1628386 0.2661017 1.3882879 1.6386841 2.1570428 0.1374825 
n297_298   1.9074211 1.8944891 0.3186638 3.3035703 3.4810898 2.2457487 1.0715066 0.7235454 2.0476212 0.3293419 0.2965545 0.1716770 1.9248062 2.0824836 0.0521696 0.0000000 2.6565217 2.5180968 0.3352179 2.6649510 0.1844554 0.2915819 1.4504819 1.7539111 2.1458814 0.1584608 
n286_287   2.1544938 2.3093975 2.5522331 4.9657592 2.4875660 2.2837717 2.6662053 3.0851297 2.0541044 2.6933687 2.5749632 3.0576083 2.1765425 2.3316758 2.8417466 2.6565217 0.0000000 0.1084931 2.4524491 2.5050400 2.9088393 2.1815559 0.9006600 0.9869539 2.0730850 2.9134465 
n285_286   2.2021649 2.3647542 2.5372874 6.3333550 2.3718782 2.7996091 2.6822151 3.7498427 2.1482326 2.5439452 2.5880649 2.6780232 2.2826428 2.8774427 2.7643478 2.5180968 0.1084931 0.0000000 2.4454238 2.5103841 2.7348646 2.3037195 0.8531867 0.9340643 2.1684288 2.8461499 
n287_288   2.1607378 2.1003923 0.0378415 2.6206802 3.2802183 2.2222089 1.2238807 0.8077428 2.1271653 0.0449289 0.1290086 0.2962899 2.1330014 2.0967831 0.2973985 0.3352179 2.4524491 2.4454238 0.0000000 2.8910155 0.3922152 0.1290741 1.5855963 1.8337623 2.4308611 0.3682696 
n251_252   2.6544467 2.6496132 2.6402577 2.5217740 0.3405441 3.2735009 2.6384078 1.9948360 2.4192141 2.9021740 2.9315667 3.5396460 2.3574061 2.9298027 2.5228864 2.6649510 2.5050400 2.5103841 2.8910155 0.0000000 6.7386510 3.2760341 2.3026095 2.4385705 2.8760473 4.5854082 
n294_295   1.9325499 1.9192232 0.3866926 4.3527769 6.1771788 2.0829343 1.0909839 0.7643790 2.1284655 0.4104554 0.3624926 0.1498511 2.0861452 2.0739488 0.1628386 0.1844554 2.9088393 2.7348646 0.3922152 6.7386510 0.0000000 0.3679629 1.4472607 1.6835957 2.1348016 0.0413720 
n295_296   1.9680212 2.0451580 0.1332468 3.1624844 3.8649244 2.0284582 1.1245150 0.7547246 2.1081222 0.1291072 0.0414068 0.2857231 1.9806519 1.9748493 0.2661017 0.2915819 2.1815559 2.3037195 0.1290741 3.2760341 0.3679629 0.0000000 1.5121790 1.6805409 2.1835488 0.3284893 
n266_267   1.8821797 1.9070258 1.5564486 3.2962786 2.1136603 1.8255151 1.7617467 1.8522640 1.6222572 1.6381180 1.5408703 1.5556664 1.8665985 1.8077378 1.3882879 1.4504819 0.9006600 0.8531867 1.5855963 2.3026095 1.4472607 1.5121790 0.0000000 0.1578375 1.7500671 1.4480683 
n265_266   2.0664286 2.0548856 1.8310921 2.7700755 2.5592173 1.7202296 2.1904870 2.4144896 1.8930397 1.8660449 1.7794428 1.7553255 1.9197839 1.7472836 1.6386841 1.7539111 0.9869539 0.9340643 1.8337623 2.4385705 1.6835957 1.6805409 0.1578375 0.0000000 1.9472092 1.6928091 
n280_281   0.0932224 0.0971400 2.4948755 2.8802379 2.8006444 0.4352976 1.9581168 2.5587370 0.1087999 2.6202778 2.4282595 2.6355878 0.0894059 0.4494441 2.1570428 2.1458814 2.0730850 2.1684288 2.4308611 2.8760473 2.1348016 2.1835488 1.7500671 1.9472092 0.0000000 2.2453303 
n293_294   2.0221966 2.0070791 0.3629090 3.6663621 8.9999983 2.0438258 1.0917966 0.7634260 2.2384570 0.3799750 0.3229245 0.1415089 2.1911959 2.0767380 0.1374825 0.1584608 2.9134465 2.8461499 0.3682696 4.5854082 0.0413720 0.3284893 1.4480683 1.6928091 2.2453303 0.0000000 
