26
n280_321   0.0000000 2.2340213 0.0741575 1.5991337 0.4113405 2.0829316 0.0779794 2.2128274 1.7008088 1.7324814 2.1691853 1.6316631 2.0531137 2.2738095 1.4124737 1.8670639 2.1805183 2.2191351 0.4162879 2.4489462 2.2306115 0.1048177 3.4629237 1.9936093 0.0630670 2.1578044 
n298_339   2.2340213 0.0000000 2.3290371 2.7044248 3.2037670 0.3244616 2.3811582 0.1442557 2.9523736 2.9222537 0.3507119 3.3448532 0.3239247 0.1361598 1.1575316 2.6003922 0.6154988 0.1280316 2.8394496 0.3240754 0.0342207 2.5065071 2.7621913 2.1259982 2.4389817 0.3296945 
n300_341   0.0741575 2.3290371 0.0000000 1.6553845 0.3942835 2.1092153 0.0169144 2.2982053 1.7643436 1.6211940 2.1435617 1.6305319 2.0008395 2.3666002 1.4477477 1.8042168 2.4278506 2.4872728 0.3929669 2.2592311 2.4540413 0.1203803 2.8551501 2.0458904 0.0237605 2.1510282 
n285_326   1.5991337 2.7044248 1.6553845 0.0000000 1.8964977 2.6248552 1.6785352 2.3958391 0.0516875 0.9509733 2.5680869 0.9599438 2.7709464 2.6882711 1.8827912 2.3414244 2.5784455 2.7792577 1.9386323 2.7889773 2.8405935 1.7522345 3.4555442 2.3638520 1.5478680 2.5195012 
n277_318   0.4113405 3.2037670 0.3942835 1.8964977 0.0000000 2.0856930 0.4002332 3.0512850 1.9175488 1.8701701 2.2934356 1.8995161 2.0679969 3.2012108 1.4786594 2.3420073 2.1793135 2.9294055 0.1122713 2.6369313 3.2224028 0.4037935 2.2750990 1.9664941 0.3822453 2.3392209 
n296_337   2.0829316 0.3244616 2.1092153 2.6248552 2.0856930 0.0000000 2.1096964 0.3183337 2.5099955 2.0803002 0.0376819 2.0706455 0.1577416 0.3080258 0.9714541 2.8821061 0.6357825 0.3245156 2.2374537 0.1664749 0.3255322 2.0847810 2.3596117 2.1031888 2.1419815 0.1497098 
n299_340   0.0779794 2.3811582 0.0169144 1.6785352 0.4002332 2.1096964 0.0000000 2.2987669 1.7903834 1.6696847 2.0929877 1.6259430 1.9709969 2.3671906 1.4050190 1.7972546 2.4876956 2.4879048 0.3988920 2.2211725 2.4546646 0.1245118 2.9335857 2.0364581 0.0272516 2.1164811 
n294_335   2.2128274 0.1442557 2.2982053 2.3958391 3.0512850 0.3183337 2.2987669 0.0000000 2.5185958 2.4892574 0.3340082 2.7700549 0.3402459 0.0271763 1.0208563 2.3768644 0.6131605 0.1083122 2.9956556 0.3032568 0.1362096 2.6613279 2.7303397 2.0692353 2.3381715 0.3359961 
n286_327   1.7008088 2.9523736 1.7643436 0.0516875 1.9175488 2.5099955 1.7903834 2.5185958 0.0000000 0.9727333 2.4582620 0.9812673 2.7305574 2.8594571 1.7884008 2.3906455 2.8108230 2.9686010 1.9611623 2.7482097 3.0416084 1.8752637 3.1411602 2.6005620 1.6433396 2.4861330 
n265_306   1.7324814 2.9222537 1.6211940 0.9509733 1.8701701 2.0803002 1.6696847 2.4892574 0.9727333 0.0000000 1.9316803 0.1440699 2.2748501 2.3410339 1.9539711 2.2796853 3.5085485 2.6169258 1.9681589 2.4587194 2.9453996 1.8341210 3.4821686 2.1234781 1.6722775 2.2751656 
n295_336   2.1691853 0.3507119 2.1435617 2.5680869 2.2934356 0.0376819 2.0929877 0.3340082 2.4582620 1.9316803 0.0000000 1.9998474 0.1701422 0.3284658 0.9795279 2.9380252 0.6531731 0.3456414 2.4867748 0.1744953 0.3518801 2.1189475 2.4527166 2.1035216 2.1774002 0.1532138 
n266_307   1.6316631 3.3448532 1.6305319 0.9599438 1.8995161 2.0706455 1.6259430 2.7700549 0.9812673 0.1440699 1.9998474 0.0000000 2.4645647 2.6687447 2.0823769 1.8507087 3.5816306 2.7280412 1.9122368 2.8078119 3.2227933 1.7822111 4.8868299 1.9155216 1.6310057 2.5506640 
n289_330   2.0531137 0.3239247 2.0008395 2.7709464 2.0679969 0.1577416 1.9709969 0.3402459 2.7305574 2.2748501 0.1701422 2.4645647 0.0000000 0.3404253 1.0236546 2.9802408 0.6115502 0.3520155 2.0163149 0.0967575 0.3249925 2.0806301 2.3421184 2.1717351 2.0898920 0.0703976 
n293_334   2.2738095 0.1361598 2.3666002 2.6882711 3.2012108 0.3080258 2.3671906 0.0271763 2.8594571 2.3410339 0.3284658 2.6687447 0.3404253 0.0000000 1.0637745 2.4828125 0.6049484 0.0890270 3.1364858 0.2931380 0.1281957 2.7735827 2.6918634 2.0616823 2.4092605 0.3254040 
n200_233   1.4124737 1.1575316 1.4477477 1.8827912 1.4786594 0.9714541 1.4050190 1.0208563 1.7884008 1.9539711 0.9795279 2.0823769 1.0236546 1.0637745 0.0000000 2.2650085 0.9291058 1.1349095 1.5030504 0.9956671 1.2107228 1.4623864 3.2596401 2.0282532 1.4646523 1.0078384 
n251_292   1.8670639 2.6003922 1.8042168 2.3414244 2.3420073 2.8821061 1.7972546 2.3768644 2.3906455 2.2796853 2.9380252 1.8507087 2.9802408 2.4828125 2.2650085 0.0000000 7.7191779 2.4500886 2.4297884 3.0989888 3.0727791 1.8800811 2.4589490 0.2930935 1.8016806 3.1102128 
n236_273   2.1805183 0.6154988 2.4278506 2.5784455 2.1793135 0.6357825 2.4876956 0.6131605 2.8108230 3.5085485 0.6531731 3.5816306 0.6115502 0.6049484 0.9291058 7.7191779 0.0000000 0.6155401 2.0529296 0.5964119 0.5989362 2.1267506 3.1988529 2.8285704 2.4398867 0.5836863 
n275_316   2.2191351 0.1280316 2.4872728 2.7792577 2.9294055 0.3245156 2.4879048 0.1083122 2.9686010 2.6169258 0.3456414 2.7280412 0.3520155 0.0890270 1.1349095 2.4500886 0.6155401 0.0000000 2.7657444 0.3088363 0.1163358 2.5682777 3.2559019 2.0807503 2.5341033 0.3253164 
n278_319   0.4162879 2.8394496 0.3929669 1.9386323 0.1122713 2.2374537 0.3988920 2.9956556 1.9611623 1.9681589 2.4867748 1.9122368 2.0163149 3.1364858 1.5030504 2.4297884 2.0529296 2.7657444 0.0000000 2.6025863 3.0907232 0.4148673 2.4142857 2.0037152 0.3757446 2.2073582 
n287_328   2.4489462 0.3240754 2.2592311 2.7889773 2.6369313 0.1664749 2.2211725 0.3032568 2.7482097 2.4587194 0.1744953 2.8078119 0.0967575 0.2931380 0.9956671 3.0989888 0.5964119 0.3088363 2.6025863 0.0000000 0.3147257 2.4158179 3.6564314 2.2955811 2.3763218 0.0630039 
n297_338   2.2306115 0.0342207 2.4540413 2.8405935 3.2224028 0.3255322 2.4546646 0.1362096 3.0416084 2.9453996 0.3518801 3.2227933 0.3249925 0.1281957 1.2107228 3.0727791 0.5989362 0.1163358 3.0907232 0.3147257 0.0000000 2.5890863 3.0461157 2.4178244 2.5169325 0.3307850 
n274_315   0.1048177 2.5065071 0.1203803 1.7522345 0.4037935 2.0847810 0.1245118 2.6613279 1.8752637 1.8341210 2.1189475 1.7822111 2.0806301 2.7735827 1.4623864 1.8800811 2.1267506 2.5682777 0.4148673 2.4158179 2.5890863 0.0000000 3.1325553 2.2481329 0.1085614 2.1880836 
n244_283   3.4629237 2.7621913 2.8551501 3.4555442 2.2750990 2.3596117 2.9335857 2.7303397 3.1411602 3.4821686 2.4527166 4.8868299 2.3421184 2.6918634 3.2596401 2.4589490 3.1988529 3.2559019 2.4142857 3.6564314 3.0461157 3.1325553 0.0000000 2.1876088 3.2064817 2.8832827 
n255_296   1.9936093 2.1259982 2.0458904 2.3638520 1.9664941 2.1031888 2.0364581 2.0692353 2.6005620 2.1234781 2.1035216 1.9155216 2.1717351 2.0616823 2.0282532 0.2930935 2.8285704 2.0807503 2.0037152 2.2955811 2.4178244 2.2481329 2.1876088 0.0000000 2.0096632 2.2823774 
n292_333   0.0630670 2.4389817 0.0237605 1.5478680 0.3822453 2.1419815 0.0272516 2.3381715 1.6433396 1.6722775 2.1774002 1.6310057 2.0898920 2.4092605 1.4646523 1.8016806 2.4398867 2.5341033 0.3757446 2.3763218 2.5169325 0.1085614 3.2064817 2.0096632 0.0000000 2.2559751 
n290_331   2.1578044 0.3296945 2.1510282 2.5195012 2.3392209 0.1497098 2.1164811 0.3359961 2.4861330 2.2751656 0.1532138 2.5506640 0.0703976 0.3254040 1.0078384 3.1102128 0.5836863 0.3253164 2.2073582 0.0630039 0.3307850 2.1880836 2.8832827 2.2823774 2.2559751 0.0000000 
