23
n295_272   0.0000000 0.0629358 0.2913519 0.3283655 0.2569335 0.0592650 0.2562602 0.0520286 0.4725624 0.2913873 0.0556237 0.0702753 0.3063573 0.2513397 0.2566420 0.0272302 0.2522639 0.2099270 0.0307235 0.2521068 0.0307068 0.1124420 0.0033459 
n298_275   0.0629358 0.0000000 0.2560081 0.3066992 0.2765804 0.0168852 0.2660589 0.0100824 0.4456031 0.2656857 0.0067051 0.0272191 0.2854204 0.2610656 0.2762624 0.0556514 0.2717898 0.1917478 0.0593084 0.2816964 0.0592750 0.0967920 0.0592650 
n286_263   0.2913519 0.2560081 0.0000000 0.1531309 0.2526993 0.2560566 0.2620024 0.2512307 0.4399674 0.0066992 0.2511865 0.2606591 0.1446030 0.2570274 0.2525992 0.2862235 0.2480475 0.2564510 0.2914337 0.2576460 0.2810259 0.2190962 0.2861714 
n266_243   0.3283655 0.3066992 0.1531309 0.0000000 0.2667276 0.3067595 0.2663842 0.3015644 0.4588485 0.1615140 0.3015099 0.3116772 0.0341660 0.2613844 0.2666212 0.3177556 0.2619984 0.2966450 0.3232236 0.2717693 0.3122998 0.2522676 0.3228898 
n300_277   0.2569335 0.2765804 0.2526993 0.2667276 0.0000000 0.2666320 0.0555346 0.2617182 0.4040621 0.2623810 0.2665272 0.2763221 0.2471576 0.0519122 0.0100613 0.2522329 0.0066965 0.2920378 0.2571949 0.0033408 0.2472842 0.2239793 0.2617926 
n294_271   0.0592650 0.0168852 0.2560566 0.3067595 0.2666320 0.0000000 0.2562770 0.0067031 0.4398413 0.2657364 0.0100762 0.0237496 0.2854756 0.2513558 0.2663275 0.0520213 0.2619037 0.1786684 0.0556565 0.2716727 0.0556252 0.0929233 0.0556159 
n278_255   0.2562602 0.2660589 0.2620024 0.2663842 0.0555346 0.2562770 0.0000000 0.2514449 0.3970197 0.2717967 0.2561772 0.2658113 0.2468465 0.0100564 0.0591293 0.2515746 0.0519602 0.2815187 0.2565201 0.0591790 0.2466422 0.2143004 0.2611034 
n293_270   0.0520286 0.0100824 0.2512307 0.3015644 0.2617182 0.0067031 0.2514449 0.0000000 0.4459787 0.2608445 0.0033427 0.0168818 0.2804464 0.2465591 0.2614203 0.0448593 0.2570205 0.1829539 0.0484544 0.2667220 0.0484274 0.0853256 0.0484193 
n244_225   0.4725624 0.4456031 0.4399674 0.4588485 0.4040621 0.4398413 0.3970197 0.4459787 0.0000000 0.4462408 0.4521753 0.4647547 0.4387749 0.3909438 0.4217885 0.4531936 0.4039754 0.4714919 0.4598889 0.4102615 0.4465120 0.3793968 0.4657977 
n285_262   0.2913873 0.2656857 0.0066992 0.1615140 0.2623810 0.2657364 0.2717967 0.2608445 0.4462408 0.0000000 0.2607985 0.2703948 0.1528734 0.2667502 0.2622765 0.2963373 0.2576710 0.2661481 0.3016254 0.2673985 0.2910615 0.2283105 0.2862066 
n297_274   0.0556237 0.0067051 0.2511865 0.3015099 0.2665272 0.0100762 0.2561772 0.0033427 0.4521753 0.2607985 0.0000000 0.0203023 0.2803964 0.2512583 0.2662230 0.0484192 0.2618011 0.1828741 0.0520333 0.2715656 0.0520042 0.0890919 0.0519955 
n275_252   0.0702753 0.0272191 0.2606591 0.3116772 0.2763221 0.0237496 0.2658113 0.0168818 0.4647547 0.2703948 0.0203023 0.0000000 0.3007641 0.2608229 0.2664009 0.0629154 0.2715361 0.1915619 0.0666131 0.2814331 0.0665754 0.1006364 0.0665641 
n265_242   0.3063573 0.2854204 0.1446030 0.0341660 0.2471576 0.2854756 0.2468465 0.2804464 0.4387749 0.1528734 0.2803964 0.3007641 0.0000000 0.2419922 0.2468791 0.2960939 0.2425506 0.2807967 0.3013764 0.2520517 0.2908237 0.2326242 0.3010673 
n277_254   0.2513397 0.2610656 0.2570274 0.2613844 0.0519122 0.2513558 0.0100564 0.2465591 0.3909438 0.2667502 0.2512583 0.2608229 0.2419922 0.0000000 0.0554886 0.2466861 0.0483556 0.2764016 0.2515938 0.0555340 0.2417916 0.2096724 0.2561479 
n280_257   0.2566420 0.2762624 0.2525992 0.2666212 0.0100613 0.2663275 0.0591293 0.2614203 0.4217885 0.2622765 0.2662230 0.2664009 0.2468791 0.0554886 0.0000000 0.2519474 0.0100658 0.2919193 0.2569027 0.0134533 0.2470053 0.2237304 0.2614946 
n289_266   0.0272302 0.0556514 0.2862235 0.3177556 0.2522329 0.0520213 0.2515746 0.0448593 0.4531936 0.2963373 0.0484192 0.0629154 0.2960939 0.2466861 0.2519474 0.0000000 0.2475899 0.2053096 0.0033473 0.2571699 0.0033456 0.1007407 0.0237593 
n274_251   0.2522639 0.2717898 0.2480475 0.2619984 0.0066965 0.2619037 0.0519602 0.2570205 0.4039754 0.2576710 0.2618011 0.2715361 0.2425506 0.0483556 0.0100658 0.2475899 0.0000000 0.2871450 0.2525198 0.0100737 0.2426733 0.2195029 0.2570936 
n200_191   0.2099270 0.1917478 0.2564510 0.2966450 0.2920378 0.1786684 0.2815187 0.1829539 0.4714919 0.2661481 0.1828741 0.1915619 0.2807967 0.2764016 0.2919193 0.2053096 0.2871450 0.0000000 0.2099270 0.2972773 0.2097887 0.1448322 0.2053291 
n287_264   0.0307235 0.0593084 0.2914337 0.3232236 0.2571949 0.0556565 0.2565201 0.0484544 0.4598889 0.3016254 0.0520333 0.0666131 0.3013764 0.2515938 0.2569027 0.0033473 0.2525198 0.2099270 0.0000000 0.2621704 0.0067102 0.1046701 0.0272326 
n292_269   0.2521068 0.2816964 0.2576460 0.2717693 0.0033408 0.2716727 0.0591790 0.2667220 0.4102615 0.2673985 0.2715656 0.2814331 0.2520517 0.0555340 0.0134533 0.2571699 0.0100737 0.2972773 0.2621704 0.0000000 0.2521825 0.2287142 0.2569335 
n290_267   0.0307068 0.0592750 0.2810259 0.3122998 0.2472842 0.0556252 0.2466422 0.0484274 0.4465120 0.2910615 0.0520042 0.0665754 0.2908237 0.2417916 0.2470053 0.0033456 0.2426733 0.2097887 0.0067102 0.2521825 0.0000000 0.1046083 0.0272179 
n236_219   0.1124420 0.0967920 0.2190962 0.2522676 0.2239793 0.0929233 0.2143004 0.0853256 0.3793968 0.2283105 0.0890919 0.1006364 0.2326242 0.2096724 0.2237304 0.1007407 0.2195029 0.1448322 0.1046701 0.2287142 0.1046083 0.0000000 0.1084776 
n296_273   0.0033459 0.0592650 0.2861714 0.3228898 0.2617926 0.0556159 0.2611034 0.0484193 0.4657977 0.2862066 0.0519955 0.0665641 0.3010673 0.2561479 0.2614946 0.0237593 0.2570936 0.2053291 0.0272326 0.2569335 0.0272179 0.1084776 0.0000000 
