26
n299_300   0.0000000 0.0206065 2.5684936 3.1546525 4.0202703 0.4969752 2.1316177 2.3512733 0.0868335 2.3392991 2.0182618 2.5847271 0.0419827 0.5130560 3.0043574 2.9432589 1.2970234 1.3423276 2.3710157 3.8588375 2.5781304 2.0286295 1.6212330 1.5963040 0.0908236 2.8287146 
n300_301   0.0206065 0.0000000 2.6310815 2.9392849 3.7709267 0.5034820 2.1000153 2.2990729 0.0866552 2.3904743 2.0604962 2.5011412 0.0454788 0.5269826 2.9588440 2.9000191 1.3582516 1.3846359 2.4236263 4.2578078 2.5161628 2.1672380 1.6201470 1.5910905 0.0945584 2.8160924 
n290_291   2.5684936 2.6310815 0.0000000 3.2956856 3.7405410 2.3780392 1.3161679 0.6822885 2.2478120 0.0594198 0.1502638 0.3396373 2.6616537 2.4679384 0.4003167 0.3948435 2.1926626 2.1246540 0.0707789 2.9207819 0.3405782 0.1334801 1.9938866 1.8939804 2.5806065 0.4040791 
n244_245   3.1546525 2.9392849 3.2956856 0.0000000 3.1098490 3.0371164 4.1803251 4.2961001 3.4267117 3.2320098 3.1185708 3.5793137 3.3784982 3.3775364 3.5803525 4.0080200 5.1342149 3.7583071 2.7584738 2.8638553 3.7274579 3.5789950 3.2701693 3.9044968 2.9164275 3.8938635 
n255_256   4.0202703 3.7709267 3.7405410 3.1098490 0.0000000 4.5910841 3.2907169 3.2791291 3.6952281 4.1130896 8.9999989 8.9999988 3.5912486 8.9999985 8.9999987 8.9999982 4.5158493 5.2347214 4.2888293 0.3509716 8.9999989 8.9999989 2.3500973 2.5401674 4.1396617 8.9999982 
n277_278   0.4969752 0.5034820 2.3780392 3.0371164 4.5910841 0.0000000 1.8295615 1.9355221 0.4582197 2.3192714 2.3171729 2.0200381 0.5184971 0.1214289 2.2694582 2.3456700 1.3321343 1.3347009 2.2763971 8.9999981 2.3196110 2.2392384 1.5773929 1.5556391 0.5091903 2.1659935 
n200_201   2.1316177 2.1000153 1.3161679 4.1803251 3.2907169 1.8295615 0.0000000 1.1738222 2.2770632 1.3061821 1.2504514 1.2675315 2.4081088 1.9551891 1.3876400 1.3564942 2.6677069 2.5442661 1.3932790 2.4192586 1.1161146 1.2485289 2.2817355 1.9906345 2.0213281 1.2082538 
n236_237   2.3512733 2.2990729 0.6822885 4.2961001 3.2791291 1.9355221 1.1738222 0.0000000 2.1590666 0.6797412 0.6727526 0.7476582 2.3632941 2.0009159 0.6831269 0.6840554 1.9327390 1.8594786 0.6839900 3.2437252 0.7568168 0.6391034 2.1610105 1.8502274 2.3205367 0.7871376 
n274_275   0.0868335 0.0866552 2.2478120 3.4267117 3.6952281 0.4582197 2.2770632 2.1590666 0.0000000 2.1497447 1.8497586 2.4499517 0.0866386 0.4872203 2.8569361 2.8016293 1.3345540 1.4224747 2.1638628 4.1180896 2.4446643 1.9369068 1.6323572 1.6075244 0.0867811 2.5607865 
n289_290   2.3392991 2.3904743 0.0594198 3.2320098 4.1130896 2.3192714 1.3061821 0.6797412 2.1497447 0.0000000 0.1414952 0.3343849 2.3936011 2.4512909 0.3936486 0.3882278 2.0371330 2.0215686 0.0669084 2.8022770 0.3178824 0.1290690 2.0752630 2.0118711 2.3362288 0.3858241 
n296_297   2.0182618 2.0604962 0.1502638 3.1185708 8.9999989 2.3171729 1.2504514 0.6727526 1.8497586 0.1414952 0.0000000 0.3064826 2.0581353 2.2854409 0.3629695 0.3585992 1.8363872 1.7641087 0.1545800 2.9055028 0.2893562 0.0412034 1.7794191 1.8746636 2.1388970 0.3539151 
n275_276   2.5847271 2.5011412 0.3396373 3.5793137 8.9999988 2.0200381 1.2675315 0.7476582 2.4499517 0.3343849 0.3064826 0.0000000 2.6545265 2.2933804 0.1858114 0.1954936 2.1938599 2.0199046 0.3575626 2.7542294 0.1193534 0.3287277 2.4530381 2.1003207 2.5142099 0.1729068 
n292_293   0.0419827 0.0454788 2.6616537 3.3784982 3.5912486 0.5184971 2.4081088 2.3632941 0.0866386 2.3936011 2.0581353 2.6545265 0.0000000 0.5282647 2.9796429 2.9196880 1.4260730 1.4836015 2.4268446 4.1666762 2.5701941 2.1278749 1.6869310 1.6544795 0.0985989 2.7434846 
n278_279   0.5130560 0.5269826 2.4679384 3.3775364 8.9999985 0.1214289 1.9551891 2.0009159 0.4872203 2.4512909 2.2854409 2.2933804 0.5282647 0.0000000 2.7015816 2.8153544 1.4208891 1.4229043 2.2531101 4.3316358 2.5973268 2.2096615 1.5067609 1.4856828 0.5334174 2.3554197 
n298_299   3.0043574 2.9588440 0.4003167 3.5803525 8.9999987 2.2694582 1.3876400 0.6831269 2.8569361 0.3936486 0.3629695 0.1858114 2.9796429 2.7015816 0.0000000 0.0270869 2.3984078 2.3618085 0.3952724 2.7407852 0.1949842 0.3816550 2.5990924 2.2144398 3.1537303 0.2315127 
n297_298   2.9432589 2.9000191 0.3948435 4.0080200 8.9999982 2.3456700 1.3564942 0.6840554 2.8016293 0.3882278 0.3585992 0.1954936 2.9196880 2.8153544 0.0270869 0.0000000 2.3260805 2.2919647 0.3958289 2.5513307 0.2003659 0.3707236 2.4189173 2.0848930 3.0856338 0.2420682 
n286_287   1.2970234 1.3582516 2.1926626 5.1342149 4.5158493 1.3321343 2.6677069 1.9327390 1.3345540 2.0371330 1.8363872 2.1938599 1.4260730 1.4208891 2.3984078 2.3260805 0.0000000 0.0709601 1.8259729 9.0000000 2.3764793 1.7826109 1.1363843 1.1190839 1.2860150 2.6101142 
n285_286   1.3423276 1.3846359 2.1246540 3.7583071 5.2347214 1.3347009 2.5442661 1.8594786 1.4224747 2.0215686 1.7641087 2.0199046 1.4836015 1.4229043 2.3618085 2.2919647 0.0709601 0.0000000 1.7578217 8.9579128 2.3754218 1.7392367 1.0790011 1.1049275 1.3133483 2.5942332 
n287_288   2.3710157 2.4236263 0.0707789 2.7584738 4.2888293 2.2763971 1.3932790 0.6839900 2.1638628 0.0669084 0.1545800 0.3575626 2.4268446 2.2531101 0.3952724 0.3958289 1.8259729 1.7578217 0.0000000 3.1340949 0.3404819 0.1376785 2.0364507 1.9378982 2.3613747 0.4047311 
n251_252   3.8588375 4.2578078 2.9207819 2.8638553 0.3509716 8.9999981 2.4192586 3.2437252 4.1180896 2.8022770 2.9055028 2.7542294 4.1666762 4.3316358 2.7407852 2.5513307 9.0000000 8.9579128 3.1340949 0.0000000 2.7065936 3.0556940 2.4184260 2.4938236 3.7248546 2.6907907 
n294_295   2.5781304 2.5161628 0.3405782 3.7274579 8.9999989 2.3196110 1.1161146 0.7568168 2.4446643 0.3178824 0.2893562 0.1193534 2.5701941 2.5973268 0.1949842 0.2003659 2.3764793 2.3754218 0.3404819 2.7065936 0.0000000 0.3006638 2.3018800 1.9508505 2.5276631 0.0732818 
n295_296   2.0286295 2.1672380 0.1334801 3.5789950 8.9999989 2.2392384 1.2485289 0.6391034 1.9369068 0.1290690 0.0412034 0.3287277 2.1278749 2.2096615 0.3816550 0.3707236 1.7826109 1.7392367 0.1376785 3.0556940 0.3006638 0.0000000 1.7694710 1.7961910 2.1315602 0.3441060 
n266_267   1.6212330 1.6201470 1.9938866 3.2701693 2.3500973 1.5773929 2.2817355 2.1610105 1.6323572 2.0752630 1.7794191 2.4530381 1.6869310 1.5067609 2.5990924 2.4189173 1.1363843 1.0790011 2.0364507 2.4184260 2.3018800 1.7694710 0.0000000 0.1497799 1.5417800 2.4164670 
n265_266   1.5963040 1.5910905 1.8939804 3.9044968 2.5401674 1.5556391 1.9906345 1.8502274 1.6075244 2.0118711 1.8746636 2.1003207 1.6544795 1.4856828 2.2144398 2.0848930 1.1190839 1.1049275 1.9378982 2.4938236 1.9508505 1.7961910 0.1497799 0.0000000 1.4389369 1.9726837 
n280_281   0.0908236 0.0945584 2.5806065 2.9164275 4.1396617 0.5091903 2.0213281 2.3205367 0.0867811 2.3362288 2.1388970 2.5142099 0.0985989 0.5334174 3.1537303 3.0856338 1.2860150 1.3133483 2.3613747 3.7248546 2.5276631 2.1315602 1.5417800 1.4389369 0.0000000 2.6560762 
n293_294   2.8287146 2.8160924 0.4040791 3.8938635 8.9999982 2.1659935 1.2082538 0.7871376 2.5607865 0.3858241 0.3539151 0.1729068 2.7434846 2.3554197 0.2315127 0.2420682 2.6101142 2.5942332 0.4047311 2.6907907 0.0732818 0.3441060 2.4164670 1.9726837 2.6560762 0.0000000 
