26
n299_300   0.0000000 0.0168709 2.1925219 2.1552555 2.6264285 0.4602683 1.7585534 1.6576563 0.1043080 2.3632928 2.3340284 2.0664684 0.0483216 0.4473914 1.9102496 1.9066305 1.4816679 1.4803547 2.2408450 2.5441001 2.1640337 2.0714221 1.5190301 1.4910269 0.1005010 2.2196438 
n300_301   0.0168709 0.0000000 2.3880999 2.3784014 2.7370197 0.4793993 1.7905510 1.6904580 0.1159947 2.6038355 2.5638607 2.3396302 0.0591041 0.4661895 2.1341894 2.1293179 1.5535634 1.5528961 2.4475815 2.4136676 2.4742011 2.2371436 1.5218352 1.5146788 0.1121322 2.5529515 
n290_291   2.1925219 2.3880999 0.0000000 2.1467936 2.8516662 2.0859475 1.1670501 0.7146369 2.0371392 0.0628406 0.1770067 0.3886634 2.4376747 2.5139293 0.3883918 0.3830288 2.1294406 2.1959548 0.0590818 2.3645142 0.3774878 0.1770531 2.2344524 2.0025086 2.4522335 0.3888286 
n244_245   2.1552555 2.3784014 2.1467936 0.0000000 2.0940313 3.4384121 2.2319735 2.2287003 2.3870731 2.1242957 1.9421391 2.2096578 2.1644339 2.3056796 2.3301380 2.7620785 2.5615112 2.9115249 2.0216417 1.9807930 2.2668349 1.8358217 2.4807590 2.0112020 2.1235169 2.4851539 
n255_256   2.6264285 2.7370197 2.8516662 2.0940313 0.0000000 3.0894495 2.0594786 2.0861049 2.7300184 2.5163699 2.9134148 2.2225757 3.7011015 2.8285967 2.3635619 2.6707047 2.1908144 2.1462921 2.7043661 0.3143591 2.3818728 2.9809037 2.5204485 1.9537824 2.8532291 2.3018942 
n277_278   0.4602683 0.4793993 2.0859475 3.4384121 3.0894495 0.0000000 1.8555026 1.5233794 0.4118696 1.7948145 2.4197731 2.3292211 0.4538087 0.1359807 2.0785013 2.1264418 1.3649982 1.3460344 1.9832685 2.1149031 2.2767343 2.2957439 1.4457302 1.5162291 0.4046532 2.3236650 
n200_201   1.7585534 1.7905510 1.1670501 2.2319735 2.0594786 1.8555026 0.0000000 0.9322056 1.7719862 1.1915210 1.1917330 1.1430420 1.7640000 1.6330031 1.1408802 1.1468177 1.9607231 2.0600018 1.1211645 2.2352780 1.1282265 1.1582388 1.8439384 1.8032277 1.6739340 1.1619131 
n236_237   1.6576563 1.6904580 0.7146369 2.2287003 2.0861049 1.5233794 0.9322056 0.0000000 1.8043902 0.7049491 0.6781499 0.6853504 1.7239976 1.5985762 0.6728966 0.6182062 2.1401215 2.1517965 0.6773025 2.1958581 0.6781916 0.6606080 1.7240980 1.6105163 1.5985226 0.6853008 
n274_275   0.1043080 0.1159947 2.0371392 2.3870731 2.7300184 0.4118696 1.7719862 1.8043902 0.0000000 1.9983626 2.2725355 1.9635424 0.1083594 0.4048639 1.9650709 1.9659932 1.5669258 1.5279392 2.0930689 2.5825043 2.1542110 2.0243688 1.5232410 1.4945771 0.0889968 2.0859878 
n289_290   2.3632928 2.6038355 0.0628406 2.1242957 2.5163699 1.7948145 1.1915210 0.7049491 1.9983626 0.0000000 0.1690180 0.3948628 2.6638917 2.0713511 0.3890898 0.3891763 2.0554420 2.0837830 0.0483800 2.0135955 0.3778154 0.1690628 2.1108574 1.8160915 2.4235623 0.3891650 
n296_297   2.3340284 2.5638607 0.1770067 1.9421391 2.9134148 2.4197731 1.1917330 0.6781499 2.2725355 0.1690180 0.0000000 0.3706901 2.5167278 2.9891449 0.3478388 0.3269563 2.0474843 2.1739285 0.1477276 2.4151261 0.3478929 0.0518742 1.9783478 1.8040421 2.3773101 0.3642903 
n275_276   2.0664684 2.3396302 0.3886634 2.2096578 2.2225757 2.3292211 1.1430420 0.6853504 1.9635424 0.3948628 0.3706901 0.0000000 2.1793610 2.4995078 0.1400187 0.1444269 1.7847824 1.7691919 0.3656422 2.3303398 0.0966399 0.3708549 1.8851513 1.7899416 1.9841632 0.0965407 
n292_293   0.0483216 0.0591041 2.4376747 2.1644339 3.7011015 0.4538087 1.7640000 1.7239976 0.1083594 2.6638917 2.5167278 2.1793610 0.0000000 0.4409242 2.1805767 2.1282552 1.4589742 1.4429318 2.5769147 2.9659461 2.2916535 2.2618603 1.5436619 1.4896199 0.0967072 2.3563454 
n278_279   0.4473914 0.4661895 2.5139293 2.3056796 2.8285967 0.1359807 1.6330031 1.5985762 0.4048639 2.0713511 2.9891449 2.4995078 0.4409242 0.0000000 2.2696674 2.3154181 1.3810320 1.4076327 2.3468699 2.1169458 2.4368087 2.8402665 1.4411412 1.5200681 0.3747368 2.4929320 
n298_299   1.9102496 2.1341894 0.3883918 2.3301380 2.3635619 2.0785013 1.1408802 0.6728966 1.9650709 0.3890898 0.3478388 0.1400187 2.1805767 2.2696674 0.0000000 0.0446791 1.6840921 1.7561319 0.3654078 2.1760836 0.1398808 0.3537419 1.7012672 1.6212429 1.9113879 0.1397332 
n297_298   1.9066305 2.1293179 0.3830288 2.7620785 2.6707047 2.1264418 1.1468177 0.6182062 1.9659932 0.3891763 0.3269563 0.1444269 2.1282552 2.3154181 0.0446791 0.0000000 1.7264123 1.7745600 0.3546591 2.2423013 0.1401995 0.3326864 1.8275333 1.7745862 1.8261880 0.1483290 
n286_287   1.4816679 1.5535634 2.1294406 2.5615112 2.1908144 1.3649982 1.9607231 2.1401215 1.5669258 2.0554420 2.0474843 1.7847824 1.4589742 1.3810320 1.6840921 1.7264123 0.0000000 0.0591792 2.1377928 2.4529284 1.8535609 1.9063423 1.2028237 1.0561135 1.5648661 1.7710022 
n285_286   1.4803547 1.5528961 2.1959548 2.9115249 2.1462921 1.3460344 2.0600018 2.1517965 1.5279392 2.0837830 2.1739285 1.7691919 1.4429318 1.4076327 1.7561319 1.7745600 0.0591792 0.0000000 2.1679785 2.2971234 1.8455117 2.0120809 1.2025307 1.0553237 1.5459203 1.7909942 
n287_288   2.2408450 2.4475815 0.0590818 2.0216417 2.7043661 1.9832685 1.1211645 0.6773025 2.0930689 0.0483800 0.1477276 0.3656422 2.5769147 2.3468699 0.3654078 0.3546591 2.1377928 2.1679785 0.0000000 2.1184861 0.3545375 0.1477675 2.1350531 1.9466358 2.3724930 0.3711273 
n251_252   2.5441001 2.4136676 2.3645142 1.9807930 0.3143591 2.1149031 2.2352780 2.1958581 2.5825043 2.0135955 2.4151261 2.3303398 2.9659461 2.1169458 2.1760836 2.2423013 2.4529284 2.2971234 2.1184861 0.0000000 2.4639458 2.4785883 1.7598971 1.6712018 2.3166773 2.4372824 
n294_295   2.1640337 2.4742011 0.3774878 2.2668349 2.3818728 2.2767343 1.1282265 0.6781916 2.1542110 0.3778154 0.3478929 0.0966399 2.2916535 2.4368087 0.1398808 0.1401995 1.8535609 1.8455117 0.3545375 2.4639458 0.0000000 0.3480489 1.9686908 1.8622553 1.9873476 0.0341462 
n295_296   2.0714221 2.2371436 0.1770531 1.8358217 2.9809037 2.2957439 1.1582388 0.6606080 2.0243688 0.1690628 0.0518742 0.3708549 2.2618603 2.8402665 0.3537419 0.3326864 1.9063423 2.0120809 0.1477675 2.4785883 0.3480489 0.0000000 1.9053991 1.7429733 2.0537627 0.3699090 
n266_267   1.5190301 1.5218352 2.2344524 2.4807590 2.5204485 1.4457302 1.8439384 1.7240980 1.5232410 2.1108574 1.9783478 1.8851513 1.5436619 1.4411412 1.7012672 1.8275333 1.2028237 1.2025307 2.1350531 1.7598971 1.9686908 1.9053991 0.0000000 0.1403544 1.4481656 1.9890241 
n265_266   1.4910269 1.5146788 2.0025086 2.0112020 1.9537824 1.5162291 1.8032277 1.6105163 1.4945771 1.8160915 1.8040421 1.7899416 1.4896199 1.5200681 1.6212429 1.7745862 1.0561135 1.0553237 1.9466358 1.6712018 1.8622553 1.7429733 0.1403544 0.0000000 1.5240292 1.8812298 
n280_281   0.1005010 0.1121322 2.4522335 2.1235169 2.8532291 0.4046532 1.6739340 1.5985226 0.0889968 2.4235623 2.3773101 1.9841632 0.0967072 0.3747368 1.9113879 1.8261880 1.5648661 1.5459203 2.3724930 2.3166773 1.9873476 2.0537627 1.4481656 1.5240292 0.0000000 2.0759749 
n293_294   2.2196438 2.5529515 0.3888286 2.4851539 2.3018942 2.3236650 1.1619131 0.6853008 2.0859878 0.3891650 0.3642903 0.0965407 2.3563454 2.4929320 0.1397332 0.1483290 1.7710022 1.7909942 0.3711273 2.4372824 0.0341462 0.3699090 1.9890241 1.8812298 2.0759749 0.0000000 
