24
n292_293   0.0000000 0.2576732 0.2527287 0.2231849 0.3974978 0.2426465 0.0067242 0.2182807 0.0101127 0.2578541 0.3859652 0.2434793 0.0033548 0.0523403 0.2232187 0.3637201 0.2625308 0.2574106 0.2526025 0.2522262 0.2427852 0.0487169 0.0135183 0.2531842 
n287_288   0.2576732 0.0000000 0.0100835 0.0596135 0.3534614 0.3185953 0.2572627 0.0595727 0.2424373 0.0134860 0.3426244 0.1055665 0.2524138 0.2574388 0.0596191 0.3404531 0.0413730 0.0378071 0.3352321 0.1984253 0.3240140 0.2524650 0.2473063 0.3414183 
n290_291   0.2527287 0.0100835 0.0000000 0.0559582 0.3593775 0.3076733 0.2523272 0.0559200 0.2376070 0.0100893 0.3427201 0.1095349 0.2475114 0.2524988 0.0559634 0.3348610 0.0378273 0.0342818 0.3297232 0.1894134 0.3130063 0.2475609 0.2424432 0.3358527 
n294_295   0.2231849 0.0596135 0.0559582 0.0000000 0.3598936 0.3129470 0.2228369 0.0134977 0.2087682 0.0596493 0.3489484 0.0860461 0.2182241 0.2279169 0.0135078 0.3183316 0.0522804 0.0486410 0.3137688 0.1717565 0.3183183 0.2231609 0.2133957 0.3197407 
n251_252   0.3974978 0.3534614 0.3593775 0.3598936 0.0000000 0.4596148 0.4033363 0.3596168 0.3913634 0.3654196 0.0307891 0.3728168 0.4039002 0.4101418 0.3599649 0.3350792 0.3772762 0.3711963 0.4601895 0.4138568 0.4662475 0.4039059 0.3974139 0.4668648 
n286_287   0.2426465 0.3185953 0.3076733 0.3129470 0.4596148 0.0000000 0.2422626 0.3073116 0.2325885 0.3242516 0.4401187 0.3141203 0.2375199 0.2522468 0.3130038 0.4170791 0.3351277 0.3294374 0.1627741 0.3517862 0.0033294 0.2525181 0.2373834 0.1715783 
n300_301   0.0067242 0.2572627 0.2523272 0.2228369 0.4033363 0.2422626 0.0000000 0.2179415 0.0100989 0.2574430 0.3917213 0.2430938 0.0033502 0.0522666 0.2228705 0.3692604 0.2621118 0.2570010 0.2470732 0.2518264 0.2424020 0.0486483 0.0134999 0.2476387 
n275_276   0.2182807 0.0595727 0.0559200 0.0134977 0.3596168 0.3073116 0.2179415 0.0000000 0.2039835 0.0596084 0.3486808 0.0859865 0.2133632 0.2229751 0.0134987 0.3180918 0.0522447 0.0486079 0.3081157 0.1716342 0.3126365 0.2182569 0.2085755 0.3140272 
n274_275   0.0101127 0.2424373 0.2376070 0.2087682 0.3913634 0.2325885 0.0100989 0.2039835 0.0000000 0.2426054 0.3799233 0.2285480 0.0067178 0.0414660 0.2087987 0.3576082 0.2471908 0.2421949 0.2374960 0.2468508 0.2327207 0.0379076 0.0033483 0.2380367 
n289_290   0.2578541 0.0134860 0.0100893 0.0596493 0.3654196 0.3242516 0.2574430 0.0596084 0.2426054 0.0000000 0.3544010 0.1135785 0.2525902 0.2576194 0.0596549 0.3521381 0.0413974 0.0378294 0.3354794 0.1985577 0.3297170 0.2526415 0.2474784 0.3416716 
n255_256   0.3859652 0.3426244 0.3427201 0.3489484 0.0307891 0.4401187 0.3917213 0.3486808 0.3799233 0.3544010 0.0000000 0.3672440 0.3922663 0.4050756 0.3490163 0.3190250 0.3660843 0.3600960 0.4612118 0.3835133 0.4465777 0.3988719 0.3801545 0.4679073 
n236_237   0.2434793 0.1055665 0.1095349 0.0860461 0.3728168 0.3141203 0.2430938 0.0859865 0.2285480 0.1135785 0.3672440 0.0000000 0.2383316 0.2483741 0.0860549 0.3528009 0.1013915 0.0974453 0.3314165 0.1854578 0.3195144 0.2434546 0.2333281 0.3263413 
n299_300   0.0033548 0.2524138 0.2475114 0.2182241 0.4039002 0.2375199 0.0033502 0.2133632 0.0067178 0.2525902 0.3922663 0.2383316 0.0000000 0.0486685 0.2182567 0.3636126 0.2572333 0.2521587 0.2473905 0.2470231 0.2376553 0.0450687 0.0101025 0.2479575 
n278_279   0.0523403 0.2574388 0.2524988 0.2279169 0.4101418 0.2522468 0.0522666 0.2229751 0.0414660 0.2576194 0.4050756 0.2483741 0.0486685 0.0000000 0.2279518 0.3813082 0.2622922 0.2571766 0.2374987 0.2619263 0.2571844 0.0101043 0.0450420 0.2380395 
n297_298   0.2232187 0.0596191 0.0559634 0.0135078 0.3599649 0.3130038 0.2228705 0.0134987 0.2087987 0.0596549 0.3490163 0.0860549 0.2182567 0.2279518 0.0000000 0.3183900 0.0522852 0.0486454 0.3138259 0.1717793 0.3183766 0.2231946 0.2134272 0.3197996 
n244_245   0.3637201 0.3404531 0.3348610 0.3183316 0.3350792 0.4170791 0.3692604 0.3180918 0.3576082 0.3521381 0.3190250 0.3528009 0.3636126 0.3813082 0.3183900 0.0000000 0.3459862 0.3402065 0.4433977 0.3804390 0.4232971 0.3817434 0.3633341 0.4310888 
n296_297   0.2625308 0.0413730 0.0378273 0.0522804 0.3772762 0.3351277 0.2621118 0.0522447 0.2471908 0.0413974 0.3660843 0.1013915 0.2572333 0.2622922 0.0522852 0.3459862 0.0000000 0.0033377 0.3239092 0.1803192 0.3406744 0.2572862 0.2520903 0.3299736 
n295_296   0.2574106 0.0378071 0.0342818 0.0486410 0.3711963 0.3294374 0.2570010 0.0486079 0.2421949 0.0378294 0.3600960 0.0974453 0.2521587 0.2571766 0.0486454 0.3402065 0.0033377 0.0000000 0.3293988 0.1758469 0.3349379 0.2522098 0.2470584 0.3355195 
n266_267   0.2526025 0.3352321 0.3297232 0.3137688 0.4601895 0.1627741 0.2470732 0.3081157 0.2374960 0.3354794 0.4612118 0.3314165 0.2473905 0.2374987 0.3138259 0.4433977 0.3239092 0.3293988 0.0000000 0.3639901 0.1670687 0.2377533 0.2423265 0.0306686 
n200_201   0.2522262 0.1984253 0.1894134 0.1717565 0.4138568 0.3517862 0.2518264 0.1716342 0.2468508 0.1985577 0.3835133 0.1854578 0.2470231 0.2619263 0.1717793 0.3804390 0.1803192 0.1758469 0.3639901 0.0000000 0.3574615 0.2569292 0.2517427 0.3644744 
n285_286   0.2427852 0.3240140 0.3130063 0.3183183 0.4662475 0.0033294 0.2424020 0.3126365 0.2327207 0.3297170 0.4465777 0.3195144 0.2376553 0.2571844 0.3183766 0.4232971 0.3406744 0.3349379 0.1670687 0.3574615 0.0000000 0.2574616 0.2375186 0.1759331 
n277_278   0.0487169 0.2524650 0.2475609 0.2231609 0.4039059 0.2525181 0.0486483 0.2182569 0.0379076 0.2526415 0.3988719 0.2434546 0.0450687 0.0101043 0.2231946 0.3817434 0.2572862 0.2522098 0.2377533 0.2569292 0.2574616 0.0000000 0.0414642 0.2382943 
n280_281   0.0135183 0.2473063 0.2424432 0.2133957 0.3974139 0.2373834 0.0134999 0.2085755 0.0033483 0.2474784 0.3801545 0.2333281 0.0101025 0.0450420 0.2134272 0.3633341 0.2520903 0.2470584 0.2423265 0.2517427 0.2375186 0.0414642 0.0000000 0.2428803 
n265_266   0.2531842 0.3414183 0.3358527 0.3197407 0.4668648 0.1715783 0.2476387 0.3140272 0.2380367 0.3416716 0.4679073 0.3263413 0.2479575 0.2380395 0.3197996 0.4310888 0.3299736 0.3355195 0.0306686 0.3644744 0.1759331 0.2382943 0.2428803 0.0000000 
