36
n287_304   0.0000000 0.0487038 0.3692002 3.0843726 0.3323726 2.1417161 2.2524885 2.0993481 0.3399069 0.1427037 0.3274595 3.2746525 2.3191995 0.3275349 1.8960639 0.3450897 2.3563102 2.4839247 0.3102262 0.2989735 0.3221119 0.3513013 0.3503476 0.0632765 2.2567213 0.1342708 0.3457073 2.0986478 2.2559054 0.3509626 3.0163098 2.7704035 0.3059945 0.3003144 1.1863011 0.7685945 
n290_309   0.0487038 0.0000000 0.3521624 3.2496733 0.3171405 2.1742423 2.1479764 1.9193253 0.3466180 0.1221407 0.3008557 3.1704166 2.2178472 0.3173823 1.7904316 0.3349350 2.0581829 2.3574478 0.2897610 0.2789941 0.3168626 0.3402726 0.3520471 0.0523382 2.1517736 0.1179725 0.3524896 2.1874832 2.2684149 0.3234484 3.1176757 2.7243234 0.3008496 0.3009126 1.0898944 0.7403310 
n294_313   0.3692002 0.3521624 0.0000000 3.9971243 0.3391249 1.9368382 2.4214759 1.7207327 0.1177115 0.3295479 0.2700889 3.5264682 2.4256168 0.3884059 1.6437137 0.0977241 2.2341485 2.7396206 0.3226783 0.3397137 0.3178691 0.0379400 0.4339983 0.3574709 2.3022630 0.3184717 0.1385267 1.9327594 2.7689973 0.2916300 3.3046123 2.8147121 0.2848066 0.3181818 1.0024980 0.6515094 
n251_256   3.0843726 3.2496733 3.9971243 0.0000000 6.6653740 2.1382514 3.6117830 2.4412291 3.6630639 3.2438373 8.9999988 0.3166348 3.3318698 4.9694160 2.2032192 3.3015248 3.5840798 3.4042433 8.9999989 4.4617157 8.9999986 3.6037722 5.8291429 3.5155538 3.7771153 3.0570044 3.4073812 2.1514867 3.3497399 7.0320569 1.8784088 3.4587119 9.0000000 5.5327100 9.0000000 3.5284098 
n297_322   0.3323726 0.3171405 0.3391249 6.6653740 0.0000000 2.0111447 2.1741644 2.2451892 0.3217899 0.3171706 0.2637939 4.7539488 2.1796020 0.1686573 1.9500335 0.3046768 2.1212794 2.4863322 0.0273132 0.1255791 0.2841814 0.3160108 0.1728628 0.3389730 2.1240082 0.3061433 0.3391902 2.0147727 1.9460314 0.3071078 4.0849146 2.0452175 0.2849487 0.2694952 1.0443433 0.6875443 
n286_301   2.1417161 2.1742423 1.9368382 2.1382514 2.0111447 0.0000000 1.9143411 1.0695086 1.8492105 2.0206438 2.4262229 2.1344086 1.9585117 1.9857108 1.0179141 2.0841061 1.9074550 2.0634526 1.9839169 2.1751798 2.0082777 1.9619724 2.3407668 2.1876319 1.9891454 1.8976535 1.9690098 0.0342672 1.8825849 2.2209722 2.4118936 1.8358894 1.9218238 2.1118325 2.4733460 1.9793127 
n300_325   2.2524885 2.1479764 2.4214759 3.6117830 2.1741644 1.9143411 0.0000000 2.4077411 2.3803446 2.0098465 1.9668975 3.4038991 0.0556351 2.1706933 2.0167909 2.5635678 0.1460112 0.1169591 2.1368969 2.0614509 2.1425188 2.3103316 2.3128672 2.2959171 0.0202480 1.8866052 2.3691421 2.0359611 0.4216988 2.2677586 2.4756016 0.4408797 2.1862604 2.1158265 2.0104459 1.9551449 
n265_272   2.0993481 1.9193253 1.7207327 2.4412291 2.2451892 1.0695086 2.4077411 0.0000000 1.7215080 1.8723045 2.2797231 2.2926778 2.4331914 2.1507551 0.1850749 1.5687914 2.2860796 2.3545624 2.3638979 1.9549586 1.9998103 1.6886711 2.5130213 2.0444294 2.4126597 1.8478476 1.7879855 1.0636110 2.8075812 2.0567513 3.2472194 2.5192747 2.0952063 2.0569363 3.0733969 2.2021594 
n297_320   0.3399069 0.3466180 0.1177115 3.6630639 0.3217899 1.8492105 2.3803446 1.7215080 0.0000000 0.3231922 0.2694850 3.0210978 2.5735070 0.3812160 1.6149274 0.1174332 2.2205026 3.0129809 0.3112454 0.3005491 0.3009090 0.0976700 0.3942813 0.3513519 2.4355543 0.3015639 0.0308524 1.9603713 2.3756175 0.2857871 3.1642302 2.3900323 0.2903561 0.2907175 1.0161276 0.6423779 
n296_319   0.1427037 0.1221407 0.3295479 3.2438373 0.3171706 2.0206438 2.0098465 1.8723045 0.3231922 0.0000000 0.2901426 3.5143860 2.1198953 0.3235396 1.7963555 0.3177533 2.0665360 2.2518140 0.2952087 0.2843405 0.3162538 0.3230189 0.3582782 0.1427701 2.0594691 0.0273341 0.3404274 1.9836432 2.1058937 0.3175775 2.9408268 2.4190845 0.3007199 0.2895225 1.0831864 0.7440316 
n296_317   0.3274595 0.3008557 0.2700889 8.9999988 0.2637939 2.4262229 1.9668975 2.2797231 0.2694850 0.2901426 0.0000000 5.1621464 2.0930348 0.2958801 2.1584571 0.2641746 2.0251750 2.2876077 0.2336955 0.2335412 0.1382200 0.2593661 0.2952708 0.3271196 1.9675524 0.2795532 0.2800570 2.3720477 1.9331004 0.0451275 2.8838186 2.0623601 0.1217780 0.1260582 0.9974593 0.6587523 
n255_260   3.2746525 3.1704166 3.5264682 0.3166348 4.7539488 2.1344086 3.4038991 2.2926778 3.0210978 3.5143860 5.1621464 0.0000000 3.2409209 3.8296914 1.9634369 3.1914600 3.4353791 3.5402705 4.4102160 3.9631055 4.5204204 3.2862820 4.0703143 3.1995172 3.1549085 3.2634339 2.9638416 2.2383482 4.6016415 4.9537513 1.6885792 4.2850066 6.1311502 3.6164545 9.0000000 3.0353753 
n292_311   2.3191995 2.2178472 2.4256168 3.3318698 2.1796020 1.9585117 0.0556351 2.4331914 2.5735070 2.1198953 2.0930348 3.2409209 0.0000000 2.2246070 1.9200560 2.6378131 0.1588779 0.1169397 2.1807135 2.1104586 2.1977610 2.3139874 2.3205221 2.4347853 0.0484350 2.0243221 2.6404049 2.0859170 0.4417098 2.5124166 2.8309605 0.4614928 2.2463511 2.1314630 1.9054927 1.8691489 
n293_314   0.3275349 0.3173823 0.3884059 4.9694160 0.1686573 1.9857108 2.1706933 2.1507551 0.3812160 0.3235396 0.2958801 3.8296914 2.2246070 0.0000000 2.0639753 0.3812225 2.2614975 2.2614613 0.1599289 0.1134881 0.3170511 0.3754595 0.0522773 0.3218864 2.1667031 0.3177911 0.3881631 2.1235463 2.3528234 0.3355663 4.1199914 2.4398760 0.2905567 0.3011288 1.1425051 0.7387693 
n266_273   1.8960639 1.7904316 1.6437137 2.2032192 1.9500335 1.0179141 2.0167909 0.1850749 1.6149274 1.7963555 2.1584571 1.9634369 1.9200560 2.0639753 0.0000000 1.5029539 1.8359687 1.9109690 2.0477237 1.9316299 1.9135722 1.6413910 2.2820221 1.9744158 2.0281847 1.7734594 1.7329140 0.9979475 2.6840517 1.9572343 2.6052866 2.3645429 1.9459263 1.8753331 2.4218597 1.9810050 
n275_286   0.3450897 0.3349350 0.0977241 3.3015248 0.3046768 2.0841061 2.5635678 1.5687914 0.1174332 0.3177533 0.2641746 3.1914600 2.6378131 0.3812225 1.5029539 0.0000000 2.3145275 3.0916756 0.2996034 0.3278103 0.3061332 0.0859444 0.4194060 0.3397015 2.4928852 0.3068495 0.1381902 1.9979916 2.7468127 0.2749313 3.5060543 2.8567077 0.2955079 0.3012907 1.0105775 0.6329932 
n274_285   2.3563102 2.0581829 2.2341485 3.5840798 2.1212794 1.9074550 0.1460112 2.2860796 2.2205026 2.0665360 2.0251750 3.4353791 0.1588779 2.2614975 1.8359687 2.3145275 0.0000000 0.1415625 2.0856854 2.1409285 2.2057990 2.2020779 2.3661296 2.1453801 0.1461421 1.8865892 2.3751785 2.0278097 0.4690553 2.4650928 2.7285462 0.4822532 2.1551863 2.0907656 1.9699824 1.8765790 
n280_293   2.4839247 2.3574478 2.7396206 3.4042433 2.4863322 2.0634526 0.1169591 2.3545624 3.0129809 2.2518140 2.2876077 3.5402705 0.1169397 2.2614613 1.9109690 3.0916756 0.1415625 0.0000000 2.2633717 2.3336254 2.4132322 2.8249644 2.4724088 2.4641162 0.1090549 2.0409934 3.1054281 2.1536555 0.4534173 2.8673673 2.9083241 0.4468940 2.4133939 2.3287497 2.0196126 2.2615784 
n298_323   0.3102262 0.2897610 0.3226783 8.9999989 0.0273132 1.9839169 2.1368969 2.3638979 0.3112454 0.2952087 0.2336955 4.4102160 2.1807135 0.1599289 2.0477237 0.2996034 2.0856854 2.2633717 0.0000000 0.1174525 0.2786739 0.3055551 0.1684672 0.3107235 2.0882083 0.2845436 0.3283818 1.9930485 1.9485446 0.2799703 4.3048686 2.0922654 0.2688016 0.2642363 1.0251753 0.6494845 
n275_288   0.2989735 0.2789941 0.3397137 4.4617157 0.1255791 2.1751798 2.0614509 1.9549586 0.3005491 0.2843405 0.2335412 3.9631055 2.1104586 0.1134881 1.9316299 0.3278103 2.1409285 2.3336254 0.1174525 0.0000000 0.2681078 0.3113502 0.1337997 0.2940845 2.0578352 0.2738540 0.3174791 2.1885704 2.1083626 0.2747086 5.1276995 2.2804579 0.2583811 0.2484123 0.9741666 0.6419504 
n289_306   0.3221119 0.3168626 0.3178691 8.9999986 0.2841814 2.0082777 2.1425188 1.9998103 0.3009090 0.3162538 0.1382200 4.5204204 2.1977610 0.3170511 1.9135722 0.3061332 2.2057990 2.4132322 0.2786739 0.2681078 0.0000000 0.3064220 0.3401704 0.3327933 2.0960209 0.3001606 0.3175449 2.0571905 2.0062459 0.1510144 3.0298419 2.2018042 0.0523843 0.0523818 1.0098606 0.6880578 
n293_312   0.3513013 0.3402726 0.0379400 3.6037722 0.3160108 1.9619724 2.3103316 1.6886711 0.0976700 0.3230189 0.2593661 3.2862820 2.3139874 0.3754595 1.6413910 0.0859444 2.2020779 2.8249644 0.3055551 0.3113502 0.3064220 0.0000000 0.4133411 0.3455923 2.2014055 0.3067118 0.1177684 1.9986544 2.6716618 0.2805046 3.3381696 2.6503302 0.2900405 0.2906497 0.9867959 0.6165598 
n294_315   0.3503476 0.3520471 0.4339983 5.8291429 0.1728628 2.3407668 2.3128672 2.5130213 0.3942813 0.3582782 0.2952708 4.0703143 2.3205221 0.0522773 2.2820221 0.4194060 2.3661296 2.4724088 0.1684672 0.1337997 0.3401704 0.4133411 0.0000000 0.3688035 2.3083010 0.3465266 0.4137972 2.5324519 2.2907128 0.3465055 4.6724239 2.3726779 0.3352109 0.3292929 1.1637892 0.7722153 
n289_308   0.0632765 0.0523382 0.3574709 3.5155538 0.3389730 2.1876319 2.2959171 2.0444294 0.3513519 0.1427701 0.3271196 3.1995172 2.4347853 0.3218864 1.9744158 0.3397015 2.1453801 2.4641162 0.3107235 0.2940845 0.3327933 0.3455923 0.3688035 0.0000000 2.3547828 0.1426014 0.3572512 2.2010979 2.2481252 0.3447945 3.0448080 2.7573860 0.3164513 0.3219313 1.2035615 0.7716882 
n299_324   2.2567213 2.1517736 2.3022630 3.7771153 2.1240082 1.9891454 0.0202480 2.4126597 2.4355543 2.0594691 1.9675524 3.1549085 0.0484350 2.1667031 2.0281847 2.4928852 0.1461421 0.1090549 2.0882083 2.0578352 2.0960209 2.2014055 2.3083010 2.3547828 0.0000000 1.9304453 2.4236148 2.1201253 0.4287149 2.2688623 2.6212596 0.4409541 2.1402997 2.0349857 2.0129401 1.9584642 
n295_318   0.1342708 0.1179725 0.3184717 3.0570044 0.3061433 1.8976535 1.8866052 1.8478476 0.3015639 0.0273341 0.2795532 3.2634339 2.0243221 0.3177911 1.7734594 0.3068495 1.8865892 2.0409934 0.2845436 0.2738540 0.3001606 0.3067118 0.3465266 0.1426014 1.9304453 0.0000000 0.3182515 1.8643513 1.9236811 0.3014007 2.8351362 2.1441926 0.2901316 0.2740252 1.0508650 0.7031108 
n298_321   0.3457073 0.3524896 0.1385267 3.4073812 0.3391902 1.9690098 2.3691421 1.7879855 0.0308524 0.3404274 0.2800570 2.9638416 2.6404049 0.3881631 1.7329140 0.1381902 2.3751785 3.1054281 0.3283818 0.3174791 0.3175449 0.1177684 0.4137972 0.3572512 2.4236148 0.3182515 0.0000000 2.0941369 2.5543864 0.2909799 3.0906424 2.5718151 0.3067337 0.3071217 1.0622730 0.6696321 
n285_300   2.0986478 2.1874832 1.9327594 2.1514867 2.0147727 0.0342672 2.0359611 1.0636110 1.9603713 1.9836432 2.3720477 2.2383482 2.0859170 2.1235463 0.9979475 1.9979916 2.0278097 2.1536555 1.9930485 2.1885704 2.0571905 1.9986544 2.5324519 2.2010979 2.1201253 1.8643513 2.0941369 0.0000000 2.0532065 2.2153364 2.2868363 1.9994547 1.9665841 2.1596107 2.4672755 2.0220675 
n278_291   2.2559054 2.2684149 2.7689973 3.3497399 1.9460314 1.8825849 0.4216988 2.8075812 2.3756175 2.1058937 1.9331004 4.6016415 0.4417098 2.3528234 2.6840517 2.7468127 0.4690553 0.4534173 1.9485446 2.1083626 2.0062459 2.6716618 2.2907128 2.2481252 0.4287149 1.9236811 2.5543864 2.0532065 0.0000000 2.0845726 2.5082939 0.1256929 2.2571582 2.1158282 2.3580711 2.0468510 
n295_316   0.3509626 0.3234484 0.2916300 7.0320569 0.3071078 2.2209722 2.2677586 2.0567513 0.2857871 0.3175775 0.0451275 4.9537513 2.5124166 0.3355663 1.9572343 0.2749313 2.4650928 2.8673673 0.2799703 0.2747086 0.1510144 0.2805046 0.3465055 0.3447945 2.2688623 0.3014007 0.2909799 2.2153364 2.0845726 0.0000000 2.8896150 2.3054023 0.1427258 0.1428746 1.0703025 0.6688749 
n244_249   3.0163098 3.1176757 3.3046123 1.8784088 4.0849146 2.4118936 2.4756016 3.2472194 3.1642302 2.9408268 2.8838186 1.6885792 2.8309605 4.1199914 2.6052866 3.5060543 2.7285462 2.9083241 4.3048686 5.1276995 3.0298419 3.3381696 4.6724239 3.0448080 2.6212596 2.8351362 3.0906424 2.2868363 2.5082939 2.8896150 0.0000000 2.7189703 3.1426709 3.0445900 4.0102722 3.2313154 
n277_290   2.7704035 2.7243234 2.8147121 3.4587119 2.0452175 1.8358894 0.4408797 2.5192747 2.3900323 2.4190845 2.0623601 4.2850066 0.4614928 2.4398760 2.3645429 2.8567077 0.4822532 0.4468940 2.0922654 2.2804579 2.2018042 2.6503302 2.3726779 2.7573860 0.4409541 2.1441926 2.5718151 1.9994547 0.1256929 2.3054023 2.7189703 0.0000000 2.3204859 2.2805403 2.5549376 2.4874495 
n290_307   0.3059945 0.3008496 0.2848066 9.0000000 0.2849487 1.9218238 2.1862604 2.0952063 0.2903561 0.3007199 0.1217780 6.1311502 2.2463511 0.2905567 1.9459263 0.2955079 2.1551863 2.4133939 0.2688016 0.2583811 0.0523843 0.2900405 0.3352109 0.3164513 2.1402997 0.2901316 0.3067337 1.9665841 2.2571582 0.1427258 3.1426709 2.3204859 0.0000000 0.0488465 0.9640817 0.6684518 
n287_302   0.3003144 0.3009126 0.3181818 5.5327100 0.2694952 2.1118325 2.1158265 2.0569363 0.2907175 0.2895225 0.1260582 3.6164545 2.1314630 0.3011288 1.8753331 0.3012907 2.0907656 2.3287497 0.2642363 0.2484123 0.0523818 0.2906497 0.3292929 0.3219313 2.0349857 0.2740252 0.3071217 2.1596107 2.1158282 0.1428746 3.0445900 2.2805403 0.0488465 0.0000000 0.9422002 0.6808832 
n200_201   1.1863011 1.0898944 1.0024980 9.0000000 1.0443433 2.4733460 2.0104459 3.0733969 1.0161276 1.0831864 0.9974593 9.0000000 1.9054927 1.1425051 2.4218597 1.0105775 1.9699824 2.0196126 1.0251753 0.9741666 1.0098606 0.9867959 1.1637892 1.2035615 2.0129401 1.0508650 1.0622730 2.4672755 2.3580711 1.0703025 4.0102722 2.5549376 0.9640817 0.9422002 0.0000000 1.1966014 
n236_237   0.7685945 0.7403310 0.6515094 3.5284098 0.6875443 1.9793127 1.9551449 2.2021594 0.6423779 0.7440316 0.6587523 3.0353753 1.8691489 0.7387693 1.9810050 0.6329932 1.8765790 2.2615784 0.6494845 0.6419504 0.6880578 0.6165598 0.7722153 0.7716882 1.9584642 0.7031108 0.6696321 2.0220675 2.0468510 0.6688749 3.2313154 2.4874495 0.6684518 0.6808832 1.1966014 0.0000000 
