25
n292_293   0.0000000 0.3008426 0.3007628 0.2912770 0.4156107 0.2128456 0.0100868 0.2913893 0.0203255 0.3925262 0.2775431 0.0100868 0.0591458 0.2916823 0.2867288 0.4125930 0.2917245 0.3104860 0.3156120 0.2531776 0.2533738 0.2125814 0.0591052 0.0101037 0.2679300 
n287_288   0.3008426 0.0000000 0.0033310 0.0480004 0.4136649 0.2422852 0.3153397 0.0444238 0.3054842 0.3786426 0.0846657 0.3153397 0.3095996 0.0444630 0.0409444 0.4139093 0.0480100 0.0235996 0.0270370 0.2809726 0.1552410 0.2467862 0.3140659 0.3005710 0.2959961 
n290_291   0.3007628 0.0033310 0.0000000 0.0444846 0.4135495 0.2422215 0.3152556 0.0409258 0.3054030 0.3785388 0.0809719 0.3152556 0.3095177 0.0409628 0.0374595 0.4195367 0.0444934 0.0201898 0.0236122 0.2808986 0.1552022 0.2467225 0.3139823 0.3004913 0.2959176 
n294_295   0.2912770 0.0480004 0.0444846 0.0000000 0.4149666 0.2383203 0.3056224 0.0168109 0.2958748 0.3797977 0.0811081 0.3056224 0.2999662 0.0168259 0.0134293 0.4090991 0.0066907 0.0515229 0.0550962 0.2960354 0.1596337 0.2428106 0.3043940 0.2962004 0.3015666 
n251_252   0.4156107 0.4136649 0.4135495 0.4149666 0.0000000 0.3476226 0.4267266 0.4086718 0.4033088 0.0480861 0.3872315 0.4267266 0.4027949 0.3971609 0.4033151 0.3265192 0.4150364 0.4247458 0.4252471 0.3969095 0.3579067 0.3527715 0.4023202 0.4158536 0.4096541 
n286_287   0.2128456 0.2422852 0.2422215 0.2383203 0.3476226 0.0000000 0.2171110 0.2334764 0.2083325 0.3212732 0.2253412 0.2171110 0.2165089 0.2291346 0.2245912 0.3710804 0.2383622 0.2467708 0.2514640 0.1399609 0.2064471 0.0101068 0.2206124 0.2085503 0.1442545 
n300_301   0.0100868 0.3153397 0.3152556 0.3056224 0.4267266 0.2171110 0.0000000 0.3057426 0.0237470 0.4033304 0.2820980 0.0067086 0.0627191 0.3060518 0.3010109 0.4181836 0.3060952 0.3251387 0.3303577 0.2623215 0.2670995 0.2168410 0.0626759 0.0134906 0.2772541 
n275_276   0.2913893 0.0444238 0.0409258 0.0168109 0.4086718 0.2334764 0.3057426 0.0000000 0.2959895 0.3738257 0.0773138 0.3057426 0.3000829 0.0134170 0.0100394 0.4146324 0.0168143 0.0479281 0.0514803 0.2907486 0.1553404 0.2379358 0.3045127 0.2963155 0.2962287 
n274_275   0.0203255 0.3054842 0.3054030 0.2958748 0.4033088 0.2083325 0.0237470 0.2959895 0.0000000 0.3806218 0.2820831 0.0237470 0.0591192 0.2860875 0.2913086 0.4177796 0.2963302 0.3151724 0.3203255 0.2530676 0.2577919 0.2037718 0.0590786 0.0169110 0.2678120 
n255_256   0.3925262 0.3786426 0.3785388 0.3797977 0.0480861 0.3212732 0.4033304 0.3738257 0.3806218 0.0000000 0.3533163 0.4033304 0.3857854 0.3628570 0.3686982 0.2961443 0.3798615 0.3892306 0.3896794 0.3796250 0.3318474 0.3262542 0.3853359 0.3927528 0.3805977 
n236_237   0.2775431 0.0846657 0.0809719 0.0811081 0.3872315 0.2253412 0.2820980 0.0773138 0.2820831 0.3533163 0.0000000 0.2916866 0.2861429 0.0773840 0.0736824 0.3934564 0.0811237 0.0883630 0.0921388 0.2771369 0.1438686 0.2341701 0.2905222 0.2823918 0.2777085 
n299_300   0.0100868 0.3153397 0.3152556 0.3056224 0.4267266 0.2171110 0.0067086 0.3057426 0.0237470 0.4033304 0.2916866 0.0000000 0.0627191 0.3060518 0.3010109 0.4181836 0.3060952 0.3251387 0.3303577 0.2623215 0.2670995 0.2168410 0.0626759 0.0134906 0.2772541 
n278_279   0.0591458 0.3095996 0.3095177 0.2999662 0.4027949 0.2165089 0.0627191 0.3000829 0.0591192 0.3857854 0.2861429 0.0627191 0.0000000 0.3003850 0.2953905 0.4055412 0.2950034 0.3094518 0.3145567 0.2616026 0.2617771 0.2162404 0.0067085 0.0555748 0.2718334 
n297_298   0.2916823 0.0444630 0.0409628 0.0168259 0.3971609 0.2291346 0.3060518 0.0134170 0.2860875 0.3628570 0.0773840 0.3060518 0.3003850 0.0000000 0.0033312 0.4150802 0.0168293 0.0479702 0.0515256 0.2861017 0.1554875 0.2335734 0.3048202 0.2966141 0.2915450 
n298_299   0.2867288 0.0409444 0.0374595 0.0134293 0.4033151 0.2245912 0.3010109 0.0100394 0.2913086 0.3686982 0.0736824 0.3010109 0.2953905 0.0033312 0.0000000 0.4092374 0.0134320 0.0444366 0.0479744 0.2811925 0.1513744 0.2290048 0.2998037 0.2916287 0.2865927 
n244_245   0.4125930 0.4139093 0.4195367 0.4090991 0.3265192 0.3710804 0.4181836 0.4146324 0.4177796 0.2961443 0.3934564 0.4181836 0.4055412 0.4150802 0.4092374 0.0000000 0.4210520 0.4190016 0.4194942 0.4328954 0.3489052 0.3763998 0.4104998 0.4128349 0.4108034 
n293_294   0.2917245 0.0480100 0.0444934 0.0066907 0.4150364 0.2383622 0.3060952 0.0168143 0.2963302 0.3798615 0.0811237 0.3060952 0.2950034 0.0168293 0.0134320 0.4210520 0.0000000 0.0515331 0.0551071 0.2960861 0.1596630 0.2428531 0.3048634 0.2966568 0.3016182 
n296_297   0.3104860 0.0235996 0.0201898 0.0515229 0.4247458 0.2467708 0.3251387 0.0479281 0.3151724 0.3892306 0.0883630 0.3251387 0.3094518 0.0479702 0.0444366 0.4190016 0.0515331 0.0000000 0.0033288 0.2903840 0.1632995 0.2512961 0.3139152 0.3155226 0.3055895 
n295_296   0.3156120 0.0270370 0.0236122 0.0550962 0.4252471 0.2514640 0.3303577 0.0514803 0.3203255 0.3896794 0.0921388 0.3303577 0.3145567 0.0515256 0.0479744 0.4194942 0.0551071 0.0033288 0.0000000 0.2953728 0.1674850 0.2560163 0.3190433 0.3206826 0.3106857 
n266_267   0.2531776 0.2809726 0.2808986 0.2960354 0.3969095 0.1399609 0.2623215 0.2907486 0.2530676 0.3796250 0.2771369 0.2623215 0.2616026 0.2861017 0.2811925 0.4328954 0.2960861 0.2903840 0.2953728 0.0000000 0.2421610 0.1439530 0.2658738 0.2533393 0.0410326 
n200_201   0.2533738 0.1552410 0.1552022 0.1596337 0.3579067 0.2064471 0.2670995 0.1553404 0.2577919 0.3318474 0.1438686 0.2670995 0.2617771 0.1554875 0.1513744 0.3489052 0.1596630 0.1632995 0.1674850 0.2421610 0.0000000 0.2107568 0.2660507 0.2580694 0.2517338 
n285_286   0.2125814 0.2467862 0.2467225 0.2428106 0.3527715 0.0101068 0.2168410 0.2379358 0.2037718 0.3262542 0.2341701 0.2168410 0.2162404 0.2335734 0.2290048 0.3763998 0.2428531 0.2512961 0.2560163 0.1439530 0.2107568 0.0000000 0.2203384 0.2082921 0.1482738 
n277_278   0.0591052 0.3140659 0.3139823 0.3043940 0.4023202 0.2206124 0.0626759 0.3045127 0.0590786 0.3853359 0.2905222 0.0626759 0.0067085 0.3048202 0.2998037 0.4104998 0.3048634 0.3139152 0.3190433 0.2658738 0.2660507 0.2203384 0.0000000 0.0555356 0.2761565 
n280_281   0.0101037 0.3005710 0.3004913 0.2962004 0.4158536 0.2085503 0.0134906 0.2963155 0.0169110 0.3927528 0.2823918 0.0134906 0.0555748 0.2966141 0.2916287 0.4128349 0.2966568 0.3155226 0.3206826 0.2533393 0.2580694 0.2082921 0.0555356 0.0000000 0.2681027 
n265_266   0.2679300 0.2959961 0.2959176 0.3015666 0.4096541 0.1442545 0.2772541 0.2962287 0.2678120 0.3805977 0.2777085 0.2772541 0.2718334 0.2915450 0.2865927 0.4108034 0.3016182 0.3055895 0.3106857 0.0410326 0.2517338 0.1482738 0.2761565 0.2681027 0.0000000 
