24
n287_288   0.0000000 0.0202686 0.0853848 0.2792167 0.2748072 0.2814024 0.2588372 0.2745570 0.0592180 0.2592073 0.2643818 0.0306320 0.0519392 0.0665898 0.0629918 0.0202927 0.2846264 0.5324446 0.0271523 0.2556011 0.4436220 0.1492711 0.2691616 0.4979992 
n290_291   0.0202686 0.0000000 0.0776705 0.2686185 0.2695979 0.2810457 0.2485868 0.2640269 0.0446804 0.2489389 0.2540232 0.0167978 0.0375855 0.0518643 0.0483371 0.0066776 0.2793450 0.5020730 0.0134009 0.2552803 0.4289181 0.1243725 0.2587288 0.4690276 
n236_237   0.0853848 0.0776705 0.0000000 0.2459595 0.2561807 0.2724241 0.2312994 0.2414681 0.0893283 0.2316249 0.2366040 0.0666165 0.0816754 0.0932958 0.0856272 0.0777675 0.2657936 0.4930170 0.0629253 0.2468811 0.4502788 0.1291368 0.2363273 0.4601589 
n278_279   0.2792167 0.2686185 0.2459595 0.0000000 0.2555656 0.2576544 0.0594707 0.0670510 0.2795504 0.0595444 0.0632699 0.2542296 0.2643115 0.2899317 0.2697158 0.2690200 0.2702567 0.5421102 0.2493005 0.2468526 0.4559606 0.2503742 0.0100944 0.5002921 
n285_286   0.2748072 0.2695979 0.2561807 0.2555656 0.0000000 0.1504922 0.2415743 0.2620230 0.2860874 0.2419176 0.2469901 0.2551474 0.2756538 0.2966122 0.2710953 0.2700024 0.0134562 0.5052488 0.2501968 0.1294167 0.4291092 0.2614338 0.2509657 0.4931442 
n265_266   0.2814024 0.2810457 0.2724241 0.2576544 0.1504922 0.0000000 0.2386480 0.2591373 0.2974791 0.2389888 0.2440713 0.2762156 0.2974675 0.3133547 0.2977420 0.2706913 0.1463254 0.5026723 0.2710941 0.0170039 0.4264747 0.2530006 0.2479919 0.4761320 
n280_281   0.2588372 0.2485868 0.2312994 0.0594707 0.2415743 0.2386480 0.0000000 0.0204057 0.2591329 0.0067215 0.0101159 0.2345940 0.2443638 0.2691959 0.2495873 0.2489507 0.2461517 0.5001610 0.2298120 0.2281723 0.4305022 0.2265949 0.0486060 0.4671664 
n299_300   0.2745570 0.2640269 0.2414681 0.0670510 0.2620230 0.2591373 0.0204057 0.0000000 0.2700887 0.0204314 0.0101194 0.2497127 0.2550360 0.2803445 0.2603677 0.2644201 0.2667336 0.4876093 0.2448118 0.2482595 0.4387591 0.2465142 0.0560331 0.4550850 
n293_294   0.0592180 0.0446804 0.0893283 0.2795504 0.2860874 0.2974791 0.2591329 0.2700887 0.0000000 0.2595039 0.2646880 0.0341410 0.0100311 0.0236776 0.0237309 0.0447344 0.2960971 0.5101299 0.0306398 0.2710066 0.4624030 0.1494074 0.2694763 0.4766644 
n274_275   0.2592073 0.2489389 0.2316249 0.0595444 0.2419176 0.2389888 0.0067215 0.0204314 0.2595039 0.0000000 0.0101280 0.2349234 0.2447097 0.2695844 0.2499423 0.2493040 0.2465025 0.5010407 0.2301335 0.2284945 0.4312141 0.2269127 0.0486659 0.4679666 
n292_293   0.2643818 0.2540232 0.2366040 0.0632699 0.2469901 0.2440713 0.0101159 0.0101194 0.2646880 0.0101280 0.0000000 0.2399039 0.2497715 0.2748512 0.2550512 0.2543977 0.2516077 0.5019190 0.2350756 0.2334786 0.4379877 0.2318548 0.0523246 0.4687695 
n296_297   0.0306320 0.0167978 0.0666165 0.2542296 0.2551474 0.2762156 0.2345940 0.2497127 0.0341410 0.2349234 0.2399039 0.0000000 0.0271548 0.0412134 0.0377257 0.0168178 0.2647196 0.4889774 0.0033288 0.2506134 0.4412882 0.1244599 0.2445269 0.4564448 
n294_295   0.0519392 0.0375855 0.0816754 0.2643115 0.2756538 0.2974675 0.2443638 0.2550360 0.0100311 0.2447097 0.2497715 0.0271548 0.0000000 0.0236783 0.0202681 0.0376308 0.2855147 0.5033556 0.0236936 0.2709991 0.4488446 0.1410028 0.2544605 0.4701781 
n275_276   0.0665898 0.0518643 0.0932958 0.2899317 0.2966122 0.3133547 0.2691959 0.2803445 0.0236776 0.2695844 0.2748512 0.0412134 0.0236783 0.0000000 0.0306912 0.0519273 0.3067662 0.5101177 0.0376711 0.2862701 0.4899284 0.1579223 0.2797070 0.4766756 
n297_298   0.0629918 0.0483371 0.0856272 0.2697158 0.2710953 0.2977420 0.2495873 0.2603677 0.0237309 0.2499423 0.2550512 0.0377257 0.0202681 0.0306912 0.0000000 0.0483956 0.2809072 0.5118331 0.0341985 0.2712505 0.4504083 0.1454251 0.2597787 0.4782550 
n289_290   0.0202927 0.0066776 0.0777675 0.2690200 0.2700024 0.2706913 0.2489507 0.2644201 0.0447344 0.2493040 0.2543977 0.0168178 0.0376308 0.0519273 0.0483956 0.0000000 0.2797678 0.5030326 0.0134168 0.2453340 0.4296779 0.1325548 0.2591118 0.4698942 
n286_287   0.2846264 0.2793450 0.2657936 0.2702567 0.0134562 0.1463254 0.2461517 0.2667336 0.2960971 0.2465025 0.2516077 0.2647196 0.2855147 0.3067662 0.2809072 0.2797678 0.0000000 0.5191615 0.2597033 0.1253793 0.4229739 0.2663357 0.2604970 0.4999591 
n255_256   0.5324446 0.5020730 0.4930170 0.5421102 0.5052488 0.5026723 0.5001610 0.4876093 0.5101299 0.5010407 0.5019190 0.4889774 0.5033556 0.5101177 0.5118331 0.5030326 0.5191615 0.0000000 0.4820487 0.4873028 0.4077756 0.4658313 0.5207504 0.0415013 
n295_296   0.0271523 0.0134009 0.0629253 0.2493005 0.2501968 0.2710941 0.2298120 0.2448118 0.0306398 0.2301335 0.2350756 0.0033288 0.0236936 0.0376711 0.0341985 0.0134168 0.2597033 0.4820487 0.0000000 0.2456904 0.4348070 0.1204233 0.2396675 0.4498127 
n266_267   0.2556011 0.2552803 0.2468811 0.2468526 0.1294167 0.0170039 0.2281723 0.2482595 0.2710066 0.2284945 0.2334786 0.2506134 0.2709991 0.2862701 0.2712505 0.2453340 0.1253793 0.4873028 0.2456904 0.0000000 0.4062102 0.2375540 0.2373615 0.4613264 
n244_245   0.4436220 0.4289181 0.4502788 0.4559606 0.4291092 0.4264747 0.4305022 0.4387591 0.4624030 0.4312141 0.4379877 0.4412882 0.4488446 0.4899284 0.4504083 0.4296779 0.4229739 0.4077756 0.4348070 0.4062102 0.0000000 0.3933321 0.4369199 0.4086143 
n200_201   0.1492711 0.1243725 0.1291368 0.2503742 0.2614338 0.2530006 0.2265949 0.2465142 0.1494074 0.2269127 0.2318548 0.1244599 0.1410028 0.1579223 0.1454251 0.1325548 0.2663357 0.4658313 0.1204233 0.2375540 0.3933321 0.0000000 0.2360395 0.4405879 
n277_278   0.2691616 0.2587288 0.2363273 0.0100944 0.2509657 0.2479919 0.0486060 0.0560331 0.2694763 0.0486659 0.0523246 0.2445269 0.2544605 0.2797070 0.2597787 0.2591118 0.2604970 0.5207504 0.2396675 0.2373615 0.4369199 0.2360395 0.0000000 0.4800326 
n251_252   0.4979992 0.4690276 0.4601589 0.5002921 0.4931442 0.4761320 0.4671664 0.4550850 0.4766644 0.4679666 0.4687695 0.4564448 0.4701781 0.4766756 0.4782550 0.4698942 0.4999591 0.0415013 0.4498127 0.4613264 0.4086143 0.4405879 0.4800326 0.0000000 
