26
n299_300   0.0000000 0.0134936 1.6321970 4.3588045 3.0098442 0.3878233 1.9127599 1.5191830 0.1668311 1.4987331 1.9160932 1.9692819 0.0238387 0.3656368 1.8185925 1.8501665 1.7258748 1.6291642 1.5197161 3.7881048 2.0390831 1.9956968 1.8231733 2.1286566 0.0705594 2.0113649 
n300_301   0.0134936 0.0000000 1.6307415 4.5572284 2.8298067 0.3875262 1.8831757 1.4978222 0.1710590 1.4978449 1.9487954 2.0024869 0.0203710 0.3653633 1.8452109 1.8774000 1.7678270 1.6666887 1.5187421 3.4455002 2.0316318 2.0306892 1.8600744 2.1795830 0.0705313 2.0042175 
n290_291   1.6321970 1.6307415 0.0000000 2.2255825 2.3949917 1.9407325 1.0177007 0.6509790 1.6500269 0.0273347 0.1546804 0.2944769 1.6004244 1.7812886 0.3009357 0.2907490 1.9575028 1.7932177 0.0524827 2.3192739 0.2749097 0.1419936 2.0234860 1.7697224 1.5593301 0.2804785 
n244_245   4.3588045 4.5572284 2.2255825 0.0000000 2.5198837 3.1689636 2.0101721 2.2258482 9.0000000 2.1262017 1.9505311 2.6154612 3.9681522 3.5793683 2.9129824 2.7782215 2.4929659 2.5149112 2.3153119 2.2680996 2.5109223 2.2020613 3.1537161 3.0720735 5.2089382 2.5546277 
n255_256   3.0098442 2.8298067 2.3949917 2.5198837 0.0000000 2.3592989 3.2717191 2.9383954 2.5916184 2.4720693 2.4968067 2.7074002 2.6806630 2.4024325 2.6675255 2.5648750 3.3345223 3.1250973 2.6046165 0.3975405 2.6311950 2.3273733 2.0263444 1.9537376 2.6817833 2.6457330 
n277_278   0.3878233 0.3875262 1.9407325 3.1689636 2.3592989 0.0000000 2.0002502 1.5829856 0.4040945 1.9430014 2.3623473 2.1882604 0.3881139 0.0772294 1.9686070 1.9630279 1.7533102 1.5380870 1.8995622 2.3943878 2.3016076 2.4224192 1.7612706 1.8167760 0.3870063 2.1510595 
n200_201   1.9127599 1.8831757 1.0177007 2.0101721 3.2717191 2.0002502 0.0000000 1.0692577 1.9848647 1.0179575 1.0721757 1.0685023 1.9828564 2.0958288 1.1328119 1.1808577 2.0490075 2.0001333 0.9836705 8.9999987 1.0809474 1.0120656 2.2847082 1.9613745 1.8920550 1.0752753 
n236_237   1.5191830 1.4978222 0.6509790 2.2258482 2.9383954 1.5829856 1.0692577 0.0000000 1.7594754 0.6506961 0.7037836 0.7370745 1.5994477 1.5262238 0.7410469 0.7323575 1.5804287 1.5373300 0.6618071 2.6937329 0.6674760 0.7029142 1.7152257 1.8147549 1.4884164 0.6671917 
n274_275   0.1668311 0.1710590 1.6500269 9.0000000 2.5916184 0.4040945 1.9848647 1.7594754 0.0000000 1.4973753 1.9049351 2.0440220 0.1712807 0.4077825 1.8754580 1.8719404 1.9670773 1.7300788 1.5509615 3.3905032 1.9039228 1.9838419 1.7658691 1.8425042 0.1625860 1.9130463 
n289_290   1.4987331 1.4978449 0.0273347 2.1262017 2.4720693 1.9430014 1.0179575 0.6506961 1.4973753 0.0000000 0.1546516 0.2844669 1.4710496 1.7509053 0.2908033 0.2807543 1.8487208 1.6799585 0.0524781 2.3834349 0.2651406 0.1419691 1.9143260 1.6840879 1.4208813 0.2762345 
n296_297   1.9160932 1.9487954 0.1546804 1.9505311 2.4968067 2.3623473 1.0721757 0.7037836 1.9049351 0.1546516 0.0000000 0.2797729 1.8695259 2.1343278 0.2966786 0.2923065 2.0363100 1.9394791 0.1641409 2.5566697 0.2752883 0.0417347 2.2425782 1.9459022 1.9421092 0.2965840 
n275_276   1.9692819 2.0024869 0.2944769 2.6154612 2.7074002 2.1882604 1.0685023 0.7370745 2.0440220 0.2844669 0.2797729 0.0000000 1.9227794 2.1239815 0.1460252 0.1380527 2.4775579 2.2965195 0.3020124 2.6803423 0.1173038 0.2652730 2.2140963 2.0955957 1.9133390 0.1338225 
n292_293   0.0238387 0.0203710 1.6004244 3.9681522 2.6806630 0.3881139 1.9828564 1.5994477 0.1712807 1.4710496 1.8695259 1.9227794 0.0000000 0.3718418 1.7545583 1.7845857 1.8203622 1.7137344 1.5403948 3.2494524 1.9493475 1.9455484 1.8808866 2.2083282 0.0781480 1.9235466 
n278_279   0.3656368 0.3653633 1.7812886 3.5793683 2.4024325 0.0772294 2.0958288 1.5262238 0.4077825 1.7509053 2.1343278 2.1239815 0.3718418 0.0000000 2.0403693 2.0792684 1.6733179 1.5469233 1.7137633 2.6493017 2.1294227 2.2157476 1.6643413 1.7159700 0.3419299 2.0066509 
n298_299   1.8185925 1.8452109 0.3009357 2.9129824 2.6675255 1.9686070 1.1328119 0.7410469 1.8754580 0.2908033 0.2966786 0.1460252 1.7545583 2.0403693 0.0000000 0.0204721 2.4555548 2.2955537 0.3087908 2.6602289 0.1551867 0.2924840 2.1689988 1.9153361 1.7397463 0.1684120 
n297_298   1.8501665 1.8774000 0.2907490 2.7782215 2.5648750 1.9630279 1.1808577 0.7323575 1.8719404 0.2807543 0.2923065 0.1380527 1.7845857 2.0792684 0.0204721 0.0000000 2.5205774 2.3525434 0.2931966 2.7048267 0.1470920 0.2881189 2.1705797 1.9182300 1.7690891 0.1601727 
n286_287   1.7258748 1.7678270 1.9575028 2.4929659 3.3345223 1.7533102 2.0490075 1.5804287 1.9670773 1.8487208 2.0363100 2.4775579 1.8203622 1.6733179 2.4555548 2.5205774 0.0000000 0.0635902 2.0439854 2.4162464 2.0845485 2.0336080 0.9463495 0.9891416 1.7323445 2.1321012 
n285_286   1.6291642 1.6666887 1.7932177 2.5149112 3.1250973 1.5380870 2.0001333 1.5373300 1.7300788 1.6799585 1.9394791 2.2965195 1.7137344 1.5469233 2.2955537 2.3525434 0.0635902 0.0000000 1.8672414 2.1532696 2.0162038 1.9372109 0.9572111 0.9610690 1.6527405 2.0608968 
n287_288   1.5197161 1.5187421 0.0524827 2.3153119 2.6046165 1.8995622 0.9836705 0.6618071 1.5509615 0.0524781 0.1641409 0.3020124 1.5403948 1.7137633 0.3087908 0.2931966 2.0439854 1.8672414 0.0000000 2.4623688 0.2873771 0.1472329 2.1248998 1.8480691 1.5085697 0.3036909 
n251_252   3.7881048 3.4455002 2.3192739 2.2680996 0.3975405 2.3943878 8.9999987 2.6937329 3.3905032 2.3834349 2.5566697 2.6803423 3.2494524 2.6493017 2.6602289 2.7048267 2.4162464 2.1532696 2.4623688 0.0000000 2.6900403 2.5371303 2.2664887 2.3489436 3.2191447 2.5132641 
n294_295   2.0390831 2.0316318 0.2749097 2.5109223 2.6311950 2.3016076 1.0809474 0.6674760 1.9039228 0.2651406 0.2752883 0.1173038 1.9493475 2.1294227 0.1551867 0.1470920 2.0845485 2.0162038 0.2873771 2.6900403 0.0000000 0.2818770 1.9115095 1.7479117 1.8953998 0.0415362 
n295_296   1.9956968 2.0306892 0.1419936 2.2020613 2.3273733 2.4224192 1.0120656 0.7029142 1.9838419 0.1419691 0.0417347 0.2652730 1.9455484 2.2157476 0.2924840 0.2881189 2.0336080 1.9372109 0.1472329 2.5371303 0.2818770 0.0000000 2.3159935 1.9584542 1.8873891 0.2926025 
n266_267   1.8231733 1.8600744 2.0234860 3.1537161 2.0263444 1.7612706 2.2847082 1.7152257 1.7658691 1.9143260 2.2425782 2.2140963 1.8808866 1.6643413 2.1689988 2.1705797 0.9463495 0.9572111 2.1248998 2.2664887 1.9115095 2.3159935 0.0000000 0.1449731 1.7633159 1.8998704 
n265_266   2.1286566 2.1795830 1.7697224 3.0720735 1.9537376 1.8167760 1.9613745 1.8147549 1.8425042 1.6840879 1.9459022 2.0955957 2.2083282 1.7159700 1.9153361 1.9182300 0.9891416 0.9610690 1.8480691 2.3489436 1.7479117 1.9584542 0.1449731 0.0000000 1.9048261 1.8166461 
n280_281   0.0705594 0.0705313 1.5593301 5.2089382 2.6817833 0.3870063 1.8920550 1.4884164 0.1625860 1.4208813 1.9421092 1.9133390 0.0781480 0.3419299 1.7397463 1.7690891 1.7323445 1.6527405 1.5085697 3.2191447 1.8953998 1.8873891 1.7633159 1.9048261 0.0000000 1.7960327 
n293_294   2.0113649 2.0042175 0.2804785 2.5546277 2.6457330 2.1510595 1.0752753 0.6671917 1.9130463 0.2762345 0.2965840 0.1338225 1.9235466 2.0066509 0.1684120 0.1601727 2.1321012 2.0608968 0.3036909 2.5132641 0.0415362 0.2926025 1.8998704 1.8166461 1.7960327 0.0000000 
