23
n292_293   0.0000000 0.3126525 0.3073491 0.2981202 0.3399519 0.2405557 0.2879946 0.0134467 0.3399687 0.2631965 0.0066965 0.0849809 0.2875825 0.2927744 0.3296986 0.2928438 0.3174002 0.3228947 0.2542156 0.2294690 0.2265846 0.0774539 0.2399568 
n287_288   0.3126525 0.0000000 0.0033433 0.0628637 0.3699353 0.3468362 0.0556014 0.3232112 0.3644840 0.1039149 0.3233925 0.3658697 0.0519541 0.0555905 0.3749973 0.0556029 0.0342040 0.0342129 0.3536219 0.1642671 0.3415505 0.3601358 0.3421462 
n290_291   0.3073491 0.0033433 0.0000000 0.0591973 0.3701926 0.3412228 0.0519747 0.3178209 0.3647366 0.1038732 0.3180006 0.3601419 0.0483503 0.0519635 0.3748280 0.0519760 0.0306963 0.0307043 0.3479317 0.1600082 0.3359780 0.3544584 0.3365572 
n294_295   0.2981202 0.0628637 0.0591973 0.0000000 0.3703308 0.3100386 0.0203151 0.3084721 0.3648772 0.1001385 0.3086493 0.3292722 0.0168754 0.0203109 0.3645575 0.0134734 0.0701977 0.0702155 0.3274392 0.1520260 0.3104191 0.3234628 0.3163790 
n251_252   0.3399519 0.3699353 0.3701926 0.3703308 0.0000000 0.3698294 0.3540534 0.3347171 0.0100844 0.3469561 0.3459962 0.3741968 0.3535347 0.3593038 0.2742633 0.3593899 0.3755785 0.3706772 0.3972392 0.3356293 0.3638127 0.3627293 0.3684113 
n286_287   0.2405557 0.3468362 0.3412228 0.3100386 0.3698294 0.0000000 0.2996944 0.2311357 0.3643736 0.2998710 0.2502749 0.2686000 0.2893093 0.2945440 0.3476000 0.2993396 0.3517829 0.3575990 0.1476463 0.2646388 0.0100633 0.2637971 0.1353857 
n275_276   0.2879946 0.0556014 0.0519747 0.0203151 0.3540534 0.2996944 0.0000000 0.2981964 0.3437216 0.0887692 0.2983703 0.3235105 0.0100773 0.0134763 0.3484067 0.0134792 0.0628625 0.0628786 0.3167981 0.1398397 0.3000585 0.3181095 0.3059077 
n274_275   0.0134467 0.3232112 0.3178209 0.3084721 0.3347171 0.2311357 0.2981964 0.0000000 0.3347337 0.2730360 0.0202884 0.0925335 0.2977684 0.3030427 0.3245261 0.2978453 0.3280135 0.3335983 0.2446283 0.2388094 0.2173487 0.0849229 0.2305608 
n255_256   0.3399687 0.3644840 0.3647366 0.3648772 0.0100844 0.3643736 0.3437216 0.3347337 0.0000000 0.3469733 0.3460133 0.3742152 0.3481979 0.3539234 0.2694701 0.3540081 0.3700892 0.3652154 0.3915950 0.3304350 0.3584049 0.3627471 0.3629798 
n236_237   0.2631965 0.1039149 0.1038732 0.1001385 0.3469561 0.2998710 0.0887692 0.2730360 0.3469733 0.0000000 0.2732006 0.3130460 0.0886489 0.0924909 0.3358780 0.0925117 0.1115848 0.1155982 0.3096374 0.1395705 0.2948869 0.3077232 0.2942165 
n299_300   0.0066965 0.3233925 0.3180006 0.3086493 0.3459962 0.2502749 0.2983703 0.0202884 0.3460133 0.2732006 0.0000000 0.0926436 0.2979420 0.3032181 0.3246840 0.3032901 0.3281958 0.3287499 0.2641179 0.2389588 0.2361036 0.0850240 0.2496509 
n278_279   0.0849809 0.3658697 0.3601419 0.3292722 0.3741968 0.2686000 0.3235105 0.0925335 0.3742152 0.3130460 0.0926436 0.0000000 0.3230441 0.3231986 0.3515129 0.3285870 0.3708709 0.3768028 0.2733523 0.2622471 0.2591139 0.0237164 0.2587211 
n297_298   0.2875825 0.0519541 0.0483503 0.0168754 0.3535347 0.2893093 0.0100773 0.2977684 0.3481979 0.0886489 0.2979420 0.3230441 0.0000000 0.0033437 0.3478973 0.0100774 0.0591742 0.0591894 0.3108861 0.1396471 0.2896570 0.3176517 0.3001063 
n298_299   0.2927744 0.0555905 0.0519635 0.0203109 0.3593038 0.2945440 0.0134763 0.3030427 0.3539234 0.0924909 0.3032181 0.3231986 0.0033437 0.0000000 0.3536160 0.0134764 0.0628504 0.0628665 0.3163106 0.1438062 0.2949000 0.3123657 0.3054389 
n244_245   0.3296986 0.3749973 0.3748280 0.3645575 0.2742633 0.3476000 0.3484067 0.3245261 0.2694701 0.3358780 0.3246840 0.3515129 0.3478973 0.3536160 0.0000000 0.3537007 0.3750932 0.3702006 0.3410940 0.3045819 0.3417830 0.3458869 0.3359976 
n293_294   0.2928438 0.0556029 0.0519760 0.0134734 0.3593899 0.2993396 0.0134792 0.2978453 0.3540081 0.0925117 0.3032901 0.3285870 0.0100774 0.0134764 0.3537007 0.0000000 0.0628644 0.0628805 0.3164172 0.1438392 0.2997028 0.3180026 0.3055428 
n296_297   0.3174002 0.0342040 0.0306963 0.0701977 0.3755785 0.3517829 0.0628625 0.3280135 0.3700892 0.1115848 0.3281958 0.3708709 0.0591742 0.0628504 0.3750932 0.0628644 0.0000000 0.0067045 0.3586205 0.1684548 0.3464735 0.3651068 0.3470825 
n295_296   0.3228947 0.0342129 0.0307043 0.0702155 0.3706772 0.3575990 0.0628786 0.3335983 0.3652154 0.1155982 0.3287499 0.3768028 0.0591894 0.0628665 0.3702006 0.0628805 0.0067045 0.0000000 0.3645165 0.1728473 0.3522475 0.3709870 0.3528742 
n266_267   0.2542156 0.3536219 0.3479317 0.3274392 0.3972392 0.1476463 0.3167981 0.2446283 0.3915950 0.3096374 0.2641179 0.2733523 0.3108861 0.3163106 0.3410940 0.3164172 0.3586205 0.3645165 0.0000000 0.2786936 0.1393729 0.2685187 0.0168355 
n200_201   0.2294690 0.1642671 0.1600082 0.1520260 0.3356293 0.2646388 0.1398397 0.2388094 0.3304350 0.1395705 0.2389588 0.2622471 0.1396471 0.1438062 0.3045819 0.1438392 0.1684548 0.1728473 0.2786936 0.0000000 0.2501885 0.2625675 0.2639424 
n285_286   0.2265846 0.3415505 0.3359780 0.3104191 0.3638127 0.0100633 0.3000585 0.2173487 0.3584049 0.2948869 0.2361036 0.2591139 0.2896570 0.2949000 0.3417830 0.2997028 0.3464735 0.3522475 0.1393729 0.2501885 0.0000000 0.2543707 0.1272635 
n277_278   0.0774539 0.3601358 0.3544584 0.3234628 0.3627293 0.2637971 0.3181095 0.0849229 0.3627471 0.3077232 0.0850240 0.0237164 0.3176517 0.3123657 0.3458869 0.3180026 0.3651068 0.3709870 0.2685187 0.2625675 0.2543707 0.0000000 0.2539849 
n265_266   0.2399568 0.3421462 0.3365572 0.3163790 0.3684113 0.1353857 0.3059077 0.2305608 0.3629798 0.2942165 0.2496509 0.2587211 0.3001063 0.3054389 0.3359976 0.3055428 0.3470825 0.3528742 0.0168355 0.2639424 0.1272635 0.2539849 0.0000000 
