24
n280_277   0.0000000 0.0239832 0.2395324 0.0820086 0.2491155 0.2396797 0.2800122 0.0744645 0.0238843 0.2651201 0.2851373 0.2300956 0.2394014 0.2539601 0.4878494 0.2540735 0.2399479 0.0345092 0.2348277 0.2694913 0.0204889 0.4260016 0.4184782 0.2550513 
n300_297   0.0239832 0.0000000 0.2403241 0.0898397 0.2499448 0.2398021 0.2909944 0.0821922 0.0344794 0.2758468 0.2962136 0.2401914 0.2496466 0.2548088 0.4879914 0.2645786 0.2400706 0.0101703 0.2450018 0.2802730 0.0033732 0.4324285 0.4248200 0.2606019 
n297_294   0.2395324 0.2403241 0.0000000 0.2627450 0.0168827 0.0520591 0.2573319 0.2529798 0.2488272 0.2432260 0.2622480 0.0448616 0.0520018 0.0237672 0.4624386 0.1006584 0.0521075 0.2547043 0.0484428 0.2472792 0.2450011 0.4012853 0.3777081 0.1369821 
n278_275   0.0820086 0.0898397 0.2627450 0.0000000 0.2726111 0.2625534 0.2992507 0.0203355 0.0933341 0.2889841 0.3045055 0.2526932 0.2622488 0.2723147 0.5082438 0.2723282 0.2628521 0.1014074 0.2575576 0.2934417 0.0859403 0.4293762 0.4158260 0.2635164 
n293_290   0.2491155 0.2499448 0.0168827 0.2726111 0.0000000 0.0629823 0.2671024 0.2627139 0.2585246 0.2528204 0.2720879 0.0556630 0.0629127 0.0272456 0.4624276 0.1045913 0.0630414 0.2645171 0.0593031 0.2569042 0.2546801 0.3895717 0.3663882 0.1452305 
n295_292   0.2396797 0.2398021 0.0520591 0.2625534 0.0629823 0.0000000 0.2427054 0.2528006 0.2538667 0.2573431 0.2524709 0.0203170 0.0272103 0.0703928 0.4556520 0.1084551 0.0067007 0.2541393 0.0237655 0.2614374 0.2444655 0.3893479 0.3661870 0.1409611 
n286_283   0.2800122 0.2909944 0.2573319 0.2992507 0.2671024 0.2427054 0.0000000 0.2886770 0.2946050 0.1402733 0.0100727 0.2425298 0.2470888 0.2669351 0.4501478 0.2774131 0.2525084 0.2958329 0.2473145 0.1480981 0.2906644 0.4462490 0.4601309 0.2683205 
n277_274   0.0744645 0.0821922 0.2529798 0.0203355 0.2627139 0.2528006 0.2886770 0.0000000 0.0856749 0.2741518 0.2938469 0.2430761 0.2525077 0.2624283 0.4948633 0.2624388 0.2530857 0.0936336 0.2478752 0.2785503 0.0783419 0.4170639 0.4037681 0.2537188 
n274_271   0.0238843 0.0344794 0.2488272 0.0933341 0.2585246 0.2538667 0.2946050 0.0856749 0.0000000 0.2744694 0.2998302 0.2440958 0.2535715 0.2634307 0.4922951 0.2734074 0.2541541 0.0451504 0.2489176 0.2739074 0.0309276 0.4427521 0.4350358 0.2744682 
n265_262   0.2651201 0.2758468 0.2432260 0.2889841 0.2528204 0.2573431 0.1402733 0.2741518 0.2744694 0.0000000 0.1403084 0.2475679 0.2521608 0.2429628 0.4576741 0.2623495 0.2576341 0.2805972 0.2523914 0.0202656 0.2705699 0.4394042 0.4531428 0.2582320 
n285_282   0.2851373 0.2962136 0.2622480 0.3045055 0.2720879 0.2524709 0.0100727 0.2938469 0.2998302 0.1403084 0.0000000 0.2522882 0.2569076 0.2719180 0.4383711 0.2824830 0.2624250 0.3010853 0.2571424 0.1481358 0.2958765 0.4465626 0.4604593 0.2733349 
n289_286   0.2300956 0.2401914 0.0448616 0.2526932 0.0556630 0.0203170 0.2425298 0.2430761 0.2440958 0.2475679 0.2522882 0.0000000 0.0066908 0.0629867 0.4566008 0.1006157 0.0203352 0.2545585 0.0033395 0.2516287 0.2448643 0.3782269 0.3492875 0.1327107 
n290_287   0.2394014 0.2496466 0.0520018 0.2622488 0.0629127 0.0272103 0.2470888 0.2525077 0.2535715 0.2521608 0.2569076 0.0066908 0.0000000 0.0703148 0.4563299 0.1043719 0.0272348 0.2641984 0.0100622 0.2562343 0.2543754 0.3895389 0.3601427 0.1408017 
n275_272   0.2539601 0.2548088 0.0237672 0.2723147 0.0272456 0.0703928 0.2669351 0.2624283 0.2634307 0.2429628 0.2719180 0.0629867 0.0703148 0.0000000 0.4814706 0.1084632 0.0704594 0.2694845 0.0666688 0.2470117 0.2595754 0.4133111 0.3893337 0.1535573 
n244_241   0.4878494 0.4879914 0.4624386 0.5082438 0.4624276 0.4556520 0.4501478 0.4948633 0.4922951 0.4576741 0.4383711 0.4566008 0.4563299 0.4814706 0.0000000 0.4963811 0.4499949 0.4941835 0.4630294 0.4625201 0.4807894 0.3873115 0.3820527 0.4519274 
n236_233   0.2540735 0.2645786 0.1006584 0.2723282 0.1045913 0.1084551 0.2774131 0.2624388 0.2734074 0.2623495 0.2824830 0.1006157 0.1043719 0.1084632 0.4963811 0.0000000 0.1085616 0.2794568 0.1045068 0.2664648 0.2594076 0.4011164 0.3837219 0.1326234 
n296_293   0.2399479 0.2400706 0.0521075 0.2628521 0.0630414 0.0067007 0.2525084 0.2530857 0.2541541 0.2576341 0.2624250 0.0203352 0.0272348 0.0704594 0.4499949 0.1085616 0.0000000 0.2544275 0.0237868 0.2617334 0.2447402 0.3898416 0.3666417 0.1411042 
n299_296   0.0345092 0.0101703 0.2547043 0.1014074 0.2645171 0.2541393 0.2958329 0.0936336 0.0451504 0.2805972 0.3010853 0.2545585 0.2641984 0.2694845 0.4941835 0.2794568 0.2544275 0.0000000 0.2544205 0.2850405 0.0135893 0.4320272 0.4368482 0.2754398 
n287_284   0.2348277 0.2450018 0.0484428 0.2575576 0.0593031 0.0237655 0.2473145 0.2478752 0.2489176 0.2523914 0.2571424 0.0033395 0.0100622 0.0666688 0.4630294 0.1045068 0.0237868 0.2544205 0.0000000 0.2564680 0.2497042 0.3780079 0.3435756 0.1368001 
n266_263   0.2694913 0.2802730 0.2472792 0.2934417 0.2569042 0.2614374 0.1480981 0.2785503 0.2739074 0.0202656 0.1481358 0.2516287 0.2562343 0.2470117 0.4625201 0.2664648 0.2617334 0.2850405 0.2564680 0.0000000 0.2749703 0.4318165 0.4453700 0.2623424 
n292_289   0.0204889 0.0033732 0.2450011 0.0859403 0.2546801 0.2444655 0.2906644 0.0783419 0.0309276 0.2705699 0.2958765 0.2448643 0.2543754 0.2595754 0.4807894 0.2594076 0.2447402 0.0135893 0.2497042 0.2749703 0.0000000 0.4320957 0.4244954 0.2554480 
n255_252   0.4260016 0.4324285 0.4012853 0.4293762 0.3895717 0.3893479 0.4462490 0.4170639 0.4427521 0.4394042 0.4465626 0.3782269 0.3895389 0.4133111 0.3873115 0.4011164 0.3898416 0.4320272 0.3780079 0.4318165 0.4320957 0.0000000 0.0622464 0.4149084 
n251_248   0.4184782 0.4248200 0.3777081 0.4158260 0.3663882 0.3661870 0.4601309 0.4037681 0.4350358 0.4531428 0.4604593 0.3492875 0.3601427 0.3893337 0.3820527 0.3837219 0.3666417 0.4368482 0.3435756 0.4453700 0.4244954 0.0622464 0.0000000 0.4031660 
n200_199   0.2550513 0.2606019 0.1369821 0.2635164 0.1452305 0.1409611 0.2683205 0.2537188 0.2744682 0.2582320 0.2733349 0.1327107 0.1408017 0.1535573 0.4519274 0.1326234 0.1411042 0.2754398 0.1368001 0.2623424 0.2554480 0.4149084 0.4031660 0.0000000 
