25
n287_288   0.0000000 0.0134500 0.0965286 0.3026303 0.3180134 0.3074489 0.2863588 0.2864540 0.0482737 0.3121386 0.0134342 0.0482958 0.0628069 0.0482691 0.0033357 0.3235398 0.3783695 0.0100549 0.3074014 0.3403544 0.0555074 0.2915866 0.1239217 0.3019314 0.3904689 
n290_291   0.0134500 0.0000000 0.1043567 0.3082074 0.3237225 0.3027738 0.2917800 0.2918767 0.0555128 0.3177862 0.0202715 0.0555383 0.0702265 0.0555074 0.0100673 0.3293026 0.3785676 0.0168584 0.3027283 0.3462839 0.0628379 0.2970550 0.1320917 0.3074920 0.3906754 
n236_237   0.0965286 0.1043567 0.0000000 0.2716861 0.2722415 0.2627137 0.2561974 0.2562843 0.1041967 0.2808482 0.0888637 0.1003176 0.1160408 0.1002580 0.0927422 0.2773999 0.3502317 0.0851170 0.2626840 0.3187717 0.1081236 0.2611885 0.1078246 0.2710732 0.3618278 
n278_279   0.3026303 0.3082074 0.2716861 0.0000000 0.3087855 0.2932392 0.0741796 0.0742077 0.2766087 0.0892289 0.2874440 0.2815362 0.2969131 0.2813227 0.2976354 0.3142485 0.3611896 0.2872740 0.2883525 0.3019438 0.2813227 0.0779598 0.2236454 0.0203213 0.3559551 
n285_286   0.3180134 0.3237225 0.2722415 0.3087855 0.0000000 0.1452014 0.2882560 0.2883521 0.3073303 0.2984841 0.3073584 0.3124739 0.3341610 0.3122268 0.3129227 0.0101012 0.3795848 0.3023399 0.1451988 0.3810508 0.3231504 0.2935228 0.2717221 0.3080680 0.3748651 
n265_266   0.3074489 0.3027738 0.2627137 0.2932392 0.1452014 0.0000000 0.2675834 0.2676738 0.3018091 0.2780179 0.2969566 0.3069090 0.3284025 0.3066683 0.3024282 0.1494364 0.3680085 0.2920060 0.0135338 0.3983803 0.3174933 0.2726833 0.2618094 0.2925653 0.3750566 
n280_281   0.2863588 0.2917800 0.2561974 0.0741796 0.2882560 0.2675834 0.0000000 0.0067042 0.2610004 0.0342430 0.2761951 0.2658099 0.2860094 0.2656130 0.2814801 0.2935537 0.3607948 0.2713827 0.2675520 0.3231956 0.2656130 0.0100823 0.2183370 0.0740337 0.3555665 
n299_300   0.2864540 0.2918767 0.2562843 0.0742077 0.2883521 0.2676738 0.0067042 0.0000000 0.2610886 0.0342560 0.2762875 0.2658994 0.2861045 0.2657023 0.2815741 0.2936513 0.3553700 0.2714738 0.2676424 0.3180242 0.2657023 0.0033422 0.2184129 0.0740616 0.3501732 
n293_294   0.0482737 0.0555128 0.1041967 0.2766087 0.3073303 0.3018091 0.2610004 0.2610886 0.0000000 0.2858235 0.0411523 0.0100544 0.0237183 0.0100491 0.0447291 0.3127653 0.3721389 0.0376425 0.3017641 0.3456103 0.0168488 0.2660276 0.1197379 0.2759825 0.3895734 
n274_275   0.3121386 0.3177862 0.2808482 0.0892289 0.2984841 0.2780179 0.0342430 0.0342560 0.2858235 0.0000000 0.3015897 0.2908025 0.3117589 0.2905797 0.3070942 0.3038639 0.3772864 0.2966161 0.2779826 0.3503988 0.2905797 0.0377825 0.2416687 0.0890517 0.3719631 
n296_297   0.0134342 0.0202715 0.0888637 0.2874440 0.3073584 0.2969566 0.2761951 0.2762875 0.0411523 0.3015897 0.0000000 0.0411711 0.0555183 0.0411485 0.0100549 0.3127933 0.3722773 0.0033342 0.2969137 0.3345869 0.0483026 0.2813421 0.1121166 0.2867870 0.3842568 
n294_295   0.0482958 0.0555383 0.1003176 0.2815362 0.3124739 0.3069090 0.2658099 0.2658994 0.0100544 0.2908025 0.0411711 0.0000000 0.0202770 0.0066822 0.0447495 0.3179512 0.3777660 0.0376596 0.3068617 0.3510517 0.0134442 0.2708727 0.1236743 0.2808967 0.3953434 
n275_276   0.0628069 0.0702265 0.1160408 0.2969131 0.3341610 0.3284025 0.2860094 0.2861045 0.0237183 0.3117589 0.0555183 0.0202770 0.0000000 0.0202662 0.0591877 0.3398266 0.3956090 0.0519354 0.3283448 0.3682782 0.0271851 0.2912309 0.1275752 0.2962310 0.4134363 
n297_298   0.0482691 0.0555074 0.1002580 0.2813227 0.3122268 0.3066683 0.2656130 0.2657023 0.0100491 0.2905797 0.0411485 0.0066822 0.0202662 0.0000000 0.0447249 0.3176979 0.3774403 0.0376390 0.3066212 0.3507587 0.0066879 0.2706705 0.1235986 0.2806842 0.3949943 
n289_290   0.0033357 0.0100673 0.0927422 0.2976354 0.3129227 0.3024282 0.2814801 0.2815741 0.0447291 0.3070942 0.0100549 0.0447495 0.0591877 0.0447249 0.0000000 0.3184095 0.3728682 0.0066895 0.3023828 0.3351010 0.0519252 0.2866729 0.1199955 0.2969500 0.3848744 
n286_287   0.3235398 0.3293026 0.2773999 0.3142485 0.0101012 0.1494364 0.2935537 0.2936513 0.3127653 0.3038639 0.3127933 0.3179512 0.3398266 0.3176979 0.3184095 0.0000000 0.3911341 0.3077362 0.1494332 0.3926649 0.3287173 0.2988650 0.2768709 0.3135150 0.3863628 
n255_256   0.3783695 0.3785676 0.3502317 0.3611896 0.3795848 0.3680085 0.3607948 0.3553700 0.3721389 0.3772864 0.3722773 0.3777660 0.3956090 0.3774403 0.3728682 0.3911341 0.0000000 0.3668229 0.3796938 0.2832608 0.3894560 0.3610380 0.3387782 0.3609029 0.0342459 
n295_296   0.0100549 0.0168584 0.0851170 0.2872740 0.3023399 0.2920060 0.2713827 0.2714738 0.0376425 0.2966161 0.0033342 0.0376596 0.0519354 0.0376390 0.0066895 0.3077362 0.3668229 0.0000000 0.2919652 0.3293764 0.0447560 0.2764957 0.1120568 0.2866177 0.3787109 
n266_267   0.3074014 0.3027283 0.2626840 0.2883525 0.1451988 0.0135338 0.2675520 0.2676424 0.3017641 0.2779826 0.2969137 0.3068617 0.3283448 0.3066212 0.3023828 0.1494332 0.3796938 0.2919652 0.0000000 0.3920929 0.3174411 0.2726501 0.2617801 0.2925241 0.3868942 
n244_245   0.3403544 0.3462839 0.3187717 0.3019438 0.3810508 0.3983803 0.3231956 0.3180242 0.3456103 0.3503988 0.3345869 0.3510517 0.3682782 0.3507587 0.3351010 0.3926649 0.2832608 0.3293764 0.3920929 0.0000000 0.3507587 0.3234054 0.2927829 0.3018216 0.3043058 
n298_299   0.0555074 0.0628379 0.1081236 0.2813227 0.3231504 0.3174933 0.2656130 0.2657023 0.0168488 0.2905797 0.0483026 0.0134442 0.0271851 0.0066879 0.0519252 0.3287173 0.3894560 0.0447560 0.3174411 0.3507587 0.0000000 0.2706705 0.1317460 0.2806842 0.4073301 
n300_301   0.2915866 0.2970550 0.2611885 0.0779598 0.2935228 0.2726833 0.0100823 0.0033422 0.2660276 0.0377825 0.2813421 0.2708727 0.2912309 0.2706705 0.2866729 0.2988650 0.3610380 0.2764957 0.2726501 0.3234054 0.2706705 0.0000000 0.2230504 0.0778060 0.3558052 
n200_201   0.1239217 0.1320917 0.1078246 0.2236454 0.2717221 0.2618094 0.2183370 0.2184129 0.1197379 0.2416687 0.1121166 0.1236743 0.1275752 0.1235986 0.1199955 0.2768709 0.3387782 0.1120568 0.2617801 0.2927829 0.1317460 0.2230504 0.0000000 0.2231579 0.3499827 
n277_278   0.3019314 0.3074920 0.2710732 0.0203213 0.3080680 0.2925653 0.0740337 0.0740616 0.2759825 0.0890517 0.2867870 0.2808967 0.2962310 0.2806842 0.2969500 0.3135150 0.3609029 0.2866177 0.2925241 0.3018216 0.2806842 0.0778060 0.2231579 0.0000000 0.3608222 
n251_252   0.3904689 0.3906754 0.3618278 0.3559551 0.3748651 0.3750566 0.3555665 0.3501732 0.3895734 0.3719631 0.3842568 0.3953434 0.4134363 0.3949943 0.3848744 0.3863628 0.0342459 0.3787109 0.3868942 0.3043058 0.4073301 0.3558052 0.3499827 0.3608222 0.0000000 
