25
n287_288   0.0000000 0.0033449 0.0847878 0.3063073 0.2570424 0.2758276 0.3364825 0.3263468 0.0626752 0.3420638 0.3317239 0.0341872 0.0663464 0.0626819 0.0626649 0.0100853 0.2664728 0.3520569 0.0483287 0.2807239 0.4220150 0.0590851 0.1599154 0.2816153 0.3686186 
n290_291   0.0033449 0.0000000 0.0810969 0.3014588 0.2524824 0.2711666 0.3314575 0.3213805 0.0590811 0.3370016 0.3267219 0.0307120 0.0627348 0.0590873 0.0590714 0.0067116 0.2618607 0.3469381 0.0447929 0.2760340 0.4164069 0.0555044 0.1558640 0.2769101 0.3633895 
n236_237   0.0847878 0.0810969 0.0000000 0.2909546 0.2518358 0.2562726 0.3204916 0.3105689 0.0735739 0.3259402 0.3158190 0.0886390 0.0772999 0.0773083 0.0735622 0.0886345 0.2515848 0.3407865 0.1038848 0.2562548 0.3982446 0.0699414 0.1432923 0.2667786 0.3517530 
n278_279   0.3063073 0.3014588 0.2909546 0.0000000 0.2814518 0.2809494 0.0883634 0.0883936 0.2812716 0.0922090 0.0921936 0.3013888 0.2814156 0.2863449 0.2763958 0.3117715 0.2960325 0.3739471 0.3167452 0.2961254 0.4290920 0.2670957 0.2770350 0.0168908 0.3966689 
n285_286   0.2570424 0.2524824 0.2518358 0.2814518 0.0000000 0.1511010 0.3156391 0.3057696 0.2379943 0.3210537 0.3109873 0.2572870 0.2427251 0.2427534 0.2332737 0.2621025 0.0134348 0.3152131 0.2718743 0.1552181 0.3590713 0.2199672 0.2429908 0.2670795 0.3361443 
n265_266   0.2758276 0.2711666 0.2562726 0.2809494 0.1511010 0.0000000 0.3156159 0.3107955 0.2378052 0.3210749 0.3160498 0.2760910 0.2425312 0.2473152 0.2377774 0.2810310 0.1592763 0.3251055 0.2910514 0.0202811 0.3484585 0.2333885 0.2570488 0.2618440 0.3355916 
n280_281   0.3364825 0.3314575 0.3204916 0.0883634 0.3156391 0.3156159 0.0000000 0.0134389 0.3053257 0.0236854 0.0168430 0.3313704 0.3054840 0.3157208 0.3104302 0.3421967 0.3258187 0.3845313 0.3420503 0.3209542 0.4457017 0.2957615 0.3054318 0.0772572 0.4075778 
n299_300   0.3263468 0.3213805 0.3105689 0.0883936 0.3057696 0.3107955 0.0134389 0.0000000 0.3006398 0.0236929 0.0033408 0.3212994 0.3007953 0.3058519 0.3006289 0.3319776 0.3158246 0.3903074 0.3318395 0.3161005 0.4520217 0.2861290 0.2956934 0.0772832 0.4135475 
n293_294   0.0626752 0.0590811 0.0735739 0.2812716 0.2379943 0.2378052 0.3053257 0.3006398 0.0000000 0.3158103 0.3058159 0.0627313 0.0100711 0.0202843 0.0202823 0.0663863 0.2471742 0.3201833 0.0774422 0.2424460 0.3759981 0.0168755 0.1352435 0.2573942 0.3359969 
n274_275   0.3420638 0.3370016 0.3259402 0.0922090 0.3210537 0.3210749 0.0236854 0.0236929 0.3158103 0.0000000 0.0271500 0.3369111 0.3159751 0.3211351 0.3158021 0.3478294 0.3313118 0.4018364 0.3476782 0.3264590 0.4586088 0.3010263 0.3107642 0.0810399 0.4253261 
n292_293   0.3317239 0.3267219 0.3158190 0.0921936 0.3109873 0.3160498 0.0168430 0.0033408 0.3058159 0.0271500 0.0000000 0.3266376 0.3059747 0.3110693 0.3058060 0.3374040 0.3211172 0.3961882 0.3372614 0.3213981 0.4584772 0.2912042 0.3008329 0.0810257 0.4196325 
n296_297   0.0341872 0.0307120 0.0886390 0.3013888 0.2572870 0.2760910 0.3313704 0.3212994 0.0627313 0.3369111 0.3266376 0.0000000 0.0664058 0.0627379 0.0627210 0.0377326 0.2667269 0.3417269 0.0134801 0.2809924 0.4221957 0.0591379 0.1559821 0.2768524 0.3580602 
n294_295   0.0663464 0.0627348 0.0772999 0.2814156 0.2427251 0.2425312 0.3054840 0.3007953 0.0100711 0.3159751 0.3059747 0.0664058 0.0000000 0.0237298 0.0237274 0.0700821 0.2424842 0.3254962 0.0811988 0.2472042 0.3817795 0.0203058 0.1311865 0.2575243 0.3414346 
n275_276   0.0626819 0.0590873 0.0773083 0.2863449 0.2427534 0.2473152 0.3157208 0.3058519 0.0202843 0.3211351 0.3110693 0.0627379 0.0237298 0.0000000 0.0271673 0.0663934 0.2519957 0.3257502 0.0774517 0.2520211 0.3876386 0.0237339 0.1393428 0.2622984 0.3417039 
n297_298   0.0626649 0.0590714 0.0735622 0.2763958 0.2332737 0.2377774 0.3104302 0.3006289 0.0202823 0.3158021 0.3058060 0.0627210 0.0237274 0.0271673 0.0000000 0.0663756 0.2423928 0.3307144 0.0774300 0.2424179 0.3931099 0.0100735 0.1352257 0.2573778 0.3521023 
n289_290   0.0100853 0.0067116 0.0886345 0.3117715 0.2621025 0.2810310 0.3421967 0.3319776 0.0663863 0.3478294 0.3374040 0.0377326 0.0700821 0.0663934 0.0663756 0.0000000 0.2716063 0.3579037 0.0519577 0.2859677 0.4285433 0.0627767 0.1642623 0.2868778 0.3746194 
n286_287   0.2664728 0.2618607 0.2515848 0.2960325 0.0134348 0.1592763 0.3258187 0.3158246 0.2471742 0.3313118 0.3211172 0.2667269 0.2424842 0.2519957 0.2423928 0.2716063 0.0000000 0.3253769 0.2862156 0.1634389 0.3698869 0.2289365 0.2474509 0.2813961 0.3412198 
n255_256   0.3520569 0.3469381 0.3407865 0.3739471 0.3152131 0.3251055 0.3845313 0.3903074 0.3201833 0.4018364 0.3961882 0.3417269 0.3254962 0.3257502 0.3307144 0.3579037 0.3253769 0.0000000 0.3632889 0.3249161 0.2854303 0.3207858 0.3577318 0.3630380 0.0409724 
n295_296   0.0483287 0.0447929 0.1038848 0.3167452 0.2718743 0.2910514 0.3420503 0.3318395 0.0774422 0.3476782 0.3372614 0.0134801 0.0811988 0.0774517 0.0774300 0.0519577 0.2862156 0.3632889 0.0000000 0.2960584 0.4463548 0.0737861 0.1727452 0.2917050 0.3801264 
n266_267   0.2807239 0.2760340 0.2562548 0.2961254 0.1552181 0.0202811 0.3209542 0.3161005 0.2424460 0.3264590 0.3213981 0.2809924 0.2472042 0.2520211 0.2424179 0.2859677 0.1634389 0.3249161 0.2960584 0.0000000 0.3482475 0.2380041 0.2618241 0.2766195 0.3353931 
n244_245   0.4220150 0.4164069 0.3982446 0.4290920 0.3590713 0.3484585 0.4457017 0.4520217 0.3759981 0.4586088 0.4584772 0.4221957 0.3817795 0.3876386 0.3931099 0.4285433 0.3698869 0.2854303 0.4463548 0.3482475 0.0000000 0.3767503 0.3931965 0.4172862 0.3003409 
n298_299   0.0590851 0.0555044 0.0699414 0.2670957 0.2199672 0.2333885 0.2957615 0.2861290 0.0168755 0.3010263 0.2912042 0.0591379 0.0203058 0.0237339 0.0100735 0.0627767 0.2289365 0.3207858 0.0737861 0.2380041 0.3767503 0.0000000 0.1313302 0.2436281 0.3366398 
n200_201   0.1599154 0.1558640 0.1432923 0.2770350 0.2429908 0.2570488 0.3054318 0.2956934 0.1352435 0.3107642 0.3008329 0.1559821 0.1311865 0.1393428 0.1352257 0.1642623 0.2474509 0.3577318 0.1727452 0.2618241 0.3931965 0.1313302 0.0000000 0.2626120 0.3688059 
n277_278   0.2816153 0.2769101 0.2667786 0.0168908 0.2670795 0.2618440 0.0772572 0.0772832 0.2573942 0.0810399 0.0810257 0.2768524 0.2575243 0.2622984 0.2573778 0.2868778 0.2813961 0.3630380 0.2917050 0.2766195 0.4172862 0.2436281 0.2626120 0.0000000 0.3854196 
n251_252   0.3686186 0.3633895 0.3517530 0.3966689 0.3361443 0.3355916 0.4075778 0.4135475 0.3359969 0.4253261 0.4196325 0.3580602 0.3414346 0.3417039 0.3521023 0.3746194 0.3412198 0.0409724 0.3801264 0.3353931 0.3003409 0.3366398 0.3688059 0.3854196 0.0000000 
