26
n287_288   0.0000000 0.0033408 0.0857059 0.3741305 0.3766848 0.3578961 0.3572115 0.3748232 0.0307392 0.3748638 0.3687744 0.0134781 0.0342603 0.0412767 0.0342482 0.0033408 0.3645857 0.3756913 0.0168997 0.3576845 0.4717944 0.0307315 0.3632127 0.1676710 0.3683621 0.3816766 
n290_291   0.0033408 0.0000000 0.0895483 0.3801050 0.3827085 0.3637425 0.3630450 0.3808106 0.0342517 0.3808519 0.3747070 0.0168945 0.0377949 0.0448460 0.0377805 0.0067007 0.3705000 0.3816964 0.0203364 0.3635272 0.4787029 0.0342431 0.3691001 0.1720540 0.3742875 0.3877348 
n236_237   0.0857059 0.0895483 0.0000000 0.3342538 0.3482275 0.3412123 0.3461433 0.3634821 0.0857777 0.3635214 0.3575305 0.0933759 0.0896468 0.0972372 0.0819505 0.0895473 0.3366140 0.3640012 0.0972952 0.3410113 0.4250174 0.0857554 0.3520487 0.1548468 0.3176182 0.3698866 
n278_279   0.3741305 0.3801050 0.3342538 0.0000000 0.2869896 0.2806830 0.0742441 0.0855363 0.3745251 0.0817726 0.0817044 0.3799592 0.3806263 0.3858839 0.3745828 0.3800977 0.2714393 0.3630989 0.3861263 0.2859324 0.4120750 0.3744092 0.0856072 0.3571776 0.0134620 0.3692926 
n285_286   0.3766848 0.3827085 0.3482275 0.2869896 0.0000000 0.1376021 0.2818749 0.2921188 0.3770847 0.2815684 0.2867723 0.3885996 0.3832368 0.3824963 0.3710952 0.3827011 0.0101267 0.3584297 0.3948753 0.1333775 0.3951461 0.3769672 0.2924035 0.3248232 0.2763959 0.3698455 
n265_266   0.3578961 0.3637425 0.3412123 0.2806830 0.1376021 0.0000000 0.2756292 0.2857508 0.3639166 0.2753317 0.2804713 0.3694645 0.3699323 0.3635414 0.3697932 0.3637357 0.1252422 0.3453289 0.3755482 0.0135009 0.4314148 0.3638047 0.2806826 0.3293131 0.2702224 0.3567688 
n280_281   0.3572115 0.3630450 0.3461433 0.0742441 0.2818749 0.2756292 0.0000000 0.0237888 0.3575835 0.0203445 0.0203281 0.3629069 0.3635366 0.3686915 0.3634003 0.3630382 0.2664401 0.3346998 0.3689231 0.2808396 0.3876167 0.3574740 0.0238074 0.3293078 0.0705222 0.3460863 
n299_300   0.3748232 0.3808106 0.3634821 0.0855363 0.2921188 0.2857508 0.0237888 0.0000000 0.3752191 0.0307475 0.0100757 0.3806643 0.3813337 0.3866018 0.3811898 0.3808033 0.2764547 0.3454667 0.3868449 0.2910397 0.3810457 0.3751028 0.0067018 0.3291322 0.0817533 0.3570261 
n293_294   0.0307392 0.0342517 0.0857777 0.3745251 0.3770847 0.3639166 0.3575835 0.3752191 0.0000000 0.3752599 0.3691619 0.0377694 0.0033408 0.0168688 0.0100788 0.0342514 0.3649687 0.3640546 0.0413349 0.3637011 0.4519194 0.0066997 0.3635929 0.1722124 0.3687488 0.3820828 
n274_275   0.3748638 0.3808519 0.3635214 0.0817726 0.2815684 0.2753317 0.0203445 0.0307475 0.3752599 0.0000000 0.0272471 0.3807057 0.3813752 0.3866438 0.3812313 0.3808446 0.2661534 0.3458644 0.3868870 0.2805342 0.3996937 0.3751435 0.0307717 0.3346882 0.0780091 0.3574398 
n292_293   0.3687744 0.3747070 0.3575305 0.0817044 0.2867723 0.2804713 0.0203281 0.0100757 0.3691619 0.0272471 0.0000000 0.3745636 0.3752191 0.3804467 0.3750779 0.3746999 0.2712366 0.3396835 0.3806859 0.2857167 0.3872330 0.3690480 0.0100836 0.3289573 0.0779442 0.3511399 
n296_297   0.0134781 0.0168945 0.0933759 0.3799592 0.3885996 0.3694645 0.3629069 0.3806643 0.0377694 0.3807057 0.3745636 0.0000000 0.0413326 0.0484158 0.0413179 0.0168944 0.3762869 0.3875696 0.0033408 0.3692456 0.4785087 0.0377599 0.3689592 0.1763908 0.3741444 0.3936586 
n294_295   0.0342603 0.0377949 0.0896468 0.3806263 0.3832368 0.3699323 0.3635366 0.3813337 0.0033408 0.3813752 0.3752191 0.0413326 0.0000000 0.0203043 0.0134791 0.0377946 0.3710062 0.3641576 0.0449199 0.3697129 0.4516883 0.0100798 0.3696025 0.1766784 0.3747985 0.3821922 
n275_276   0.0412767 0.0448460 0.0972372 0.3858839 0.3824963 0.3635414 0.3686915 0.3866018 0.0168688 0.3866438 0.3804467 0.0484158 0.0203043 0.0000000 0.0202971 0.0448455 0.3702948 0.3752765 0.0520408 0.3574780 0.4713818 0.0168646 0.3747973 0.1762392 0.3800203 0.3935931 
n297_298   0.0342482 0.0377805 0.0819505 0.3745828 0.3710952 0.3697932 0.3634003 0.3811898 0.0100788 0.3812313 0.3750779 0.0413179 0.0134791 0.0202971 0.0000000 0.0377801 0.3590872 0.3699347 0.0449039 0.3695738 0.4586102 0.0100763 0.3694636 0.1766147 0.3746576 0.3881243 
n289_290   0.0033408 0.0067007 0.0895473 0.3800977 0.3827011 0.3637357 0.3630382 0.3808033 0.0342514 0.3808446 0.3746999 0.0168944 0.0377946 0.0448455 0.0377801 0.0000000 0.3704930 0.3816891 0.0203362 0.3635204 0.4786922 0.0342428 0.3690932 0.1720518 0.3742804 0.3877273 
n286_287   0.3645857 0.3705000 0.3366140 0.2714393 0.0101267 0.1252422 0.2664401 0.2764547 0.3649687 0.2661534 0.2712366 0.3762869 0.3710062 0.3702948 0.3590872 0.3704930 0.0000000 0.3411583 0.3824439 0.1211054 0.3769018 0.3648561 0.2767210 0.3136340 0.2610982 0.3522946 
n255_256   0.3756913 0.3816964 0.3640012 0.3630989 0.3584297 0.3453289 0.3346998 0.3454667 0.3640546 0.3458644 0.3396835 0.3875696 0.3641576 0.3752765 0.3699347 0.3816891 0.3411583 0.0000000 0.3938255 0.3451258 0.2967651 0.3639425 0.3458162 0.3466618 0.3457327 0.0272498 
n295_296   0.0168997 0.0203364 0.0972952 0.3861263 0.3948753 0.3755482 0.3689231 0.3868449 0.0413349 0.3868870 0.3806859 0.0033408 0.0449199 0.0520408 0.0449039 0.0203362 0.3824439 0.3938255 0.0000000 0.3753252 0.4856747 0.0413244 0.3750329 0.1763467 0.3802590 0.3999721 
n266_267   0.3576845 0.3635272 0.3410113 0.2859324 0.1333775 0.0135009 0.2808396 0.2910397 0.3637011 0.2805342 0.2857167 0.3692456 0.3697129 0.3574780 0.3695738 0.3635204 0.1211054 0.3451258 0.3753252 0.0000000 0.4311554 0.3635892 0.2859316 0.3178898 0.2753840 0.3565584 
n244_245   0.4717944 0.4787029 0.4250174 0.4120750 0.3951461 0.4314148 0.3876167 0.3810457 0.4519194 0.3996937 0.3872330 0.4785087 0.4516883 0.4713818 0.4586102 0.4786922 0.3769018 0.2967651 0.4856747 0.4311554 0.0000000 0.4517700 0.3874475 0.3935821 0.3934129 0.3077816 
n298_299   0.0307315 0.0342431 0.0857554 0.3744092 0.3769672 0.3638047 0.3574740 0.3751028 0.0066997 0.3751435 0.3690480 0.0377599 0.0100798 0.0168646 0.0100763 0.0342428 0.3648561 0.3639425 0.0413244 0.3635892 0.4517700 0.0000000 0.3634811 0.1721656 0.3686351 0.3819634 
n300_301   0.3632127 0.3691001 0.3520487 0.0856072 0.2924035 0.2806826 0.0238074 0.0067018 0.3635929 0.0307717 0.0100836 0.3689592 0.3696025 0.3747973 0.3694636 0.3690932 0.2767210 0.3458162 0.3750329 0.2859316 0.3874475 0.3634811 0.0000000 0.3236882 0.0818209 0.3573905 
n200_201   0.1676710 0.1720540 0.1548468 0.3571776 0.3248232 0.3293131 0.3293078 0.3291322 0.1722124 0.3346882 0.3289573 0.1763908 0.1766784 0.1762392 0.1766147 0.1720518 0.3136340 0.3466618 0.1763467 0.3178898 0.3935821 0.1721656 0.3236882 0.0000000 0.3515394 0.3465768 
n277_278   0.3683621 0.3742875 0.3176182 0.0134620 0.2763959 0.2702224 0.0705222 0.0817533 0.3687488 0.0780091 0.0779442 0.3741444 0.3747985 0.3800203 0.3746576 0.3742804 0.2610982 0.3457327 0.3802590 0.2753840 0.3934129 0.3686351 0.0818209 0.3515394 0.0000000 0.3517580 
n251_252   0.3816766 0.3877348 0.3698866 0.3692926 0.3698455 0.3567688 0.3460863 0.3570261 0.3820828 0.3574398 0.3511399 0.3936586 0.3821922 0.3935931 0.3881243 0.3877273 0.3522946 0.0272498 0.3999721 0.3565584 0.3077816 0.3819634 0.3573905 0.3465768 0.3517580 0.0000000 
