26
n299_300   0.0000000 0.0100789 1.5320609 3.3375833 3.0970599 0.3904604 1.9196501 1.4838372 0.1050663 1.5878795 1.4584579 2.1370786 0.0272729 0.3966421 1.9686340 2.0588469 1.4216233 1.4617503 1.6142459 2.7580079 1.8194898 1.4277893 1.4215166 1.5325298 0.1089597 1.9396684 
n300_301   0.0100789 0.0000000 1.5545568 3.4819873 3.3667059 0.4088111 1.8688281 1.4762894 0.1089674 1.6117532 1.4777941 2.1926935 0.0307535 0.4093701 2.0031624 2.0964373 1.4195707 1.4595804 1.6386944 2.7598506 1.8496113 1.4465135 1.4232871 1.5369317 0.1128809 1.9735207 
n290_291   1.5320609 1.5545568 0.0000000 2.5928026 2.8674819 1.7928712 1.1488031 0.6522458 1.7156013 0.0483864 0.2025014 0.3133017 1.5638146 1.7219577 0.3364845 0.3318186 1.8616706 1.8724054 0.0743072 2.5951195 0.3244149 0.1933344 1.8684501 1.8624559 1.5830871 0.3183885 
n244_245   3.3375833 3.4819873 2.5928026 0.0000000 2.8117944 3.0621078 3.5131368 2.2977524 4.2127900 2.3935447 2.4469364 2.5209277 3.1811278 3.9356939 2.8178210 2.8597322 2.8592130 2.9321969 2.3300047 2.4239894 2.8180233 2.5458543 3.6564428 3.8616536 3.9116022 2.9689908 
n255_256   3.0970599 3.3667059 2.8674819 2.8117944 0.0000000 2.5874415 3.0974842 5.5845617 3.1527299 2.9348068 3.5212882 3.2469581 3.0103669 3.3105191 3.1620974 3.0808752 3.1976825 3.6944094 3.0300455 0.3097820 3.2053942 3.0759937 2.8806692 2.9556208 2.6835549 4.8985754 
n277_278   0.3904604 0.4088111 1.7928712 3.0621078 2.5874415 0.0000000 1.9787835 1.6627999 0.4164958 1.8594490 1.8110876 2.3260495 0.4028592 0.1411218 2.0351998 2.1424153 1.3636017 1.4218703 1.8979059 3.2684332 2.2072453 1.7037544 1.8031948 1.8132290 0.4501862 2.5077351 
n200_201   1.9196501 1.8688281 1.1488031 3.5131368 3.0974842 1.9787835 0.0000000 1.1102767 1.7437787 1.1592457 1.1982022 1.3280237 1.8308020 1.9510845 1.2046628 1.1418575 2.4130954 2.4827792 1.1566998 2.6165245 1.3538557 1.2176735 1.9735234 2.1261389 1.7638409 1.2946014 
n236_237   1.4838372 1.4762894 0.6522458 2.2977524 5.5845617 1.6627999 1.1102767 0.0000000 1.5326723 0.6766941 0.7007233 0.7011510 1.4345985 1.6362348 0.7131624 0.6679958 1.9032184 2.0409049 0.6960738 2.6693245 0.6648373 0.6996460 1.6222596 1.8727114 1.4141015 0.6745095 
n274_275   0.1050663 0.1089674 1.7156013 4.2127900 3.1527299 0.4164958 1.7437787 1.5326723 0.0000000 1.7847521 1.5984001 1.9753216 0.1050635 0.4167902 1.8351346 1.9149789 1.5191502 1.5402000 1.7784140 3.1392158 1.7278831 1.5930145 1.3919118 1.5404006 0.1334549 1.8382659 
n289_290   1.5878795 1.6117532 0.0483864 2.3935447 2.9348068 1.8594490 1.1592457 0.6766941 1.7847521 0.0000000 0.2019203 0.3566684 1.6218363 1.7162375 0.3580000 0.3532440 2.0484604 2.1189541 0.0629980 2.5520716 0.3574911 0.1927836 1.7960635 1.7648760 1.6297462 0.3510540 
n296_297   1.4584579 1.4777941 0.2025014 2.4469364 3.5212882 1.8110876 1.1982022 0.7007233 1.5984001 0.2019203 0.0000000 0.3708469 1.4876150 1.8129669 0.3661671 0.3670127 2.0592465 2.1680246 0.2069593 2.3834341 0.3633927 0.0377403 1.6907383 1.6290490 1.5233444 0.3467737 
n275_276   2.1370786 2.1926935 0.3133017 2.5209277 3.2469581 2.3260495 1.3280237 0.7011510 1.9753216 0.3566684 0.3708469 0.0000000 2.0768737 2.1485114 0.1976449 0.1933125 1.7784419 1.7634301 0.3635407 3.4057232 0.1450082 0.3638636 1.7205907 1.9058743 2.0115433 0.1492116 
n292_293   0.0272729 0.0307535 1.5638146 3.1811278 3.0103669 0.4028592 1.8308020 1.4345985 0.1050635 1.6218363 1.4876150 2.0768737 0.0000000 0.4091570 1.9163359 1.9604680 1.4678540 1.5099174 1.6491424 2.6896144 1.7395256 1.4558912 1.4529032 1.6161744 0.1046729 1.9535211 
n278_279   0.3966421 0.4093701 1.7219577 3.9356939 3.3105191 0.1411218 1.9510845 1.6362348 0.4167902 1.7162375 1.8129669 2.1485114 0.4091570 0.0000000 1.8864886 1.9764356 1.2931324 1.3469536 1.7773482 2.8721958 2.0640990 1.7041671 1.7822817 1.6137449 0.4482655 2.3061465 
n298_299   1.9686340 2.0031624 0.3364845 2.8178210 3.1620974 2.0351998 1.2046628 0.7131624 1.8351346 0.3580000 0.3661671 0.1976449 1.9163359 1.8864886 0.0000000 0.0415374 1.7875778 1.8088940 0.3528705 3.0715945 0.1536683 0.3650663 1.6977963 1.8329458 1.8950586 0.1538146 
n297_298   2.0588469 2.0964373 0.3318186 2.8597322 3.0808752 2.1424153 1.1418575 0.6679958 1.9149789 0.3532440 0.3670127 0.1933125 1.9604680 1.9764356 0.0415374 0.0000000 1.7572078 1.7778009 0.3481351 3.1320976 0.1412728 0.3659069 1.6762446 1.8114973 1.9785551 0.1497276 
n286_287   1.4216233 1.4195707 1.8616706 2.8592130 3.1976825 1.3636017 2.4130954 1.9032184 1.5191502 2.0484604 2.0592465 1.7784419 1.4678540 1.2931324 1.7875778 1.7572078 0.0000000 0.0481923 2.1991700 2.8059447 1.6569216 1.9130220 0.9802215 0.9044199 1.5388031 1.7050764 
n285_286   1.4617503 1.4595804 1.8724054 2.9321969 3.6944094 1.4218703 2.4827792 2.0409049 1.5402000 2.1189541 2.1680246 1.7634301 1.5099174 1.3469536 1.8088940 1.7778009 0.0481923 0.0000000 2.2367129 3.1224629 1.7385260 2.0062672 1.0142051 0.8867635 1.5844102 1.7596076 
n287_288   1.6142459 1.6386944 0.0743072 2.3300047 3.0300455 1.8979059 1.1566998 0.6960738 1.7784140 0.0629980 0.2069593 0.3635407 1.6491424 1.7773482 0.3528705 0.3481351 2.1991700 2.2367129 0.0000000 2.2999161 0.3636042 0.2114025 1.7761129 1.8151227 1.6056185 0.3459819 
n251_252   2.7580079 2.7598506 2.5951195 2.4239894 0.3097820 3.2684332 2.6165245 2.6693245 3.1392158 2.5520716 2.3834341 3.4057232 2.6896144 2.8721958 3.0715945 3.1320976 2.8059447 3.1224629 2.2999161 0.0000000 2.8442320 2.3663344 2.2189709 2.6282443 2.6176924 3.3527050 
n294_295   1.8194898 1.8496113 0.3244149 2.8180233 3.2053942 2.2072453 1.3538557 0.6648373 1.7278831 0.3574911 0.3633927 0.1450082 1.7395256 2.0640990 0.1536683 0.1412728 1.6569216 1.7385260 0.3636042 2.8442320 0.0000000 0.3512621 1.7735003 1.9074008 1.7554840 0.0483759 
n295_296   1.4277893 1.4465135 0.1933344 2.5458543 3.0759937 1.7037544 1.2176735 0.6996460 1.5930145 0.1927836 0.0377403 0.3638636 1.4558912 1.7041671 0.3650663 0.3659069 1.9130220 2.0062672 0.2114025 2.3663344 0.3512621 0.0000000 1.7517953 1.7170651 1.4906421 0.3349296 
n266_267   1.4215166 1.4232871 1.8684501 3.6564428 2.8806692 1.8031948 1.9735234 1.6222596 1.3919118 1.7960635 1.6907383 1.7205907 1.4529032 1.7822817 1.6977963 1.6762446 0.9802215 1.0142051 1.7761129 2.2189709 1.7735003 1.7517953 0.0000000 0.1797928 1.5409877 1.9979583 
n265_266   1.5325298 1.5369317 1.8624559 3.8616536 2.9556208 1.8132290 2.1261389 1.8727114 1.5404006 1.7648760 1.6290490 1.9058743 1.6161744 1.6137449 1.8329458 1.8114973 0.9044199 0.8867635 1.8151227 2.6282443 1.9074008 1.7170651 0.1797928 0.0000000 1.5234738 2.1098937 
n280_281   0.1089597 0.1128809 1.5830871 3.9116022 2.6835549 0.4501862 1.7638409 1.4141015 0.1334549 1.6297462 1.5233444 2.0115433 0.1046729 0.4482655 1.8950586 1.9785551 1.5388031 1.5844102 1.6056185 2.6176924 1.7554840 1.4906421 1.5409877 1.5234738 0.0000000 1.8034965 
n293_294   1.9396684 1.9735207 0.3183885 2.9689908 4.8985754 2.5077351 1.2946014 0.6745095 1.8382659 0.3510540 0.3467737 0.1492116 1.9535211 2.3061465 0.1538146 0.1497276 1.7050764 1.7596076 0.3459819 3.3527050 0.0483759 0.3349296 1.9979583 2.1098937 1.8034965 0.0000000 
