25
n274_279   0.0000000 0.0167654 0.3644193 0.3249190 0.3592029 0.0235683 0.3305796 0.3244246 0.4022165 0.3300843 0.3411092 0.3619970 0.3254865 0.3227406 0.3463114 0.0585957 0.0550453 0.3301446 0.3352665 0.0201545 0.3248083 0.3177304 0.4466792 0.4680244 0.3255940 
n292_297   0.0167654 0.0000000 0.3700636 0.3199713 0.3648060 0.0201643 0.3255909 0.3194856 0.3912931 0.3251052 0.3360545 0.3568168 0.3205277 0.3178314 0.3412253 0.0550431 0.0515063 0.3251642 0.3302557 0.0033226 0.3198629 0.3128501 0.4468641 0.4615695 0.3206336 
n266_271   0.3644193 0.3700636 0.0000000 0.3599568 0.0201890 0.3641451 0.3553172 0.3434820 0.4656064 0.3599497 0.3663043 0.3493686 0.3500818 0.1795856 0.3716598 0.3327201 0.3378241 0.3600181 0.3818862 0.3700282 0.3708012 0.1754051 0.4630604 0.4977457 0.3605875 
n293_298   0.3249190 0.3199713 0.3599568 0.0000000 0.3543730 0.3245994 0.0377191 0.0848873 0.3700923 0.0134908 0.0519086 0.1638729 0.0412244 0.3084727 0.0554903 0.2996071 0.3045269 0.0203361 0.0342113 0.3249159 0.0272353 0.2935548 0.3853598 0.4047995 0.0412371 
n265_270   0.3592029 0.3648060 0.0201890 0.3543730 0.0000000 0.3589334 0.3497625 0.3380375 0.4467564 0.3543661 0.3498680 0.3490580 0.3445675 0.1710545 0.3551062 0.3325112 0.3327841 0.3544328 0.3761186 0.3647712 0.3651269 0.1669222 0.4568746 0.4912227 0.3549906 
n280_285   0.0235683 0.0201643 0.3641451 0.3245994 0.3589334 0.0000000 0.3302532 0.3241059 0.4025307 0.3297588 0.3407705 0.3616333 0.3251660 0.3174190 0.3459666 0.0621909 0.0586250 0.3298188 0.3349350 0.0235673 0.3244898 0.3124459 0.4528294 0.4743882 0.3252733 
n287_292   0.3305796 0.3255909 0.3553172 0.0377191 0.3497625 0.3302532 0.0000000 0.0887238 0.3763891 0.0377186 0.0203549 0.1598001 0.0033530 0.2940427 0.0237977 0.3000391 0.3049677 0.0342437 0.0519319 0.3305766 0.0447835 0.2793825 0.3804671 0.3997853 0.0033540 
n236_241   0.3244246 0.3194856 0.3434820 0.0848873 0.3380375 0.3241059 0.0887238 0.0000000 0.3589720 0.0848861 0.1039237 0.1596775 0.0924548 0.2931911 0.1077565 0.2846225 0.2894460 0.0848960 0.1000430 0.3244215 0.0924109 0.2883636 0.3788405 0.3925620 0.0924840 
n244_249   0.4022165 0.3912931 0.4656064 0.3700923 0.4467564 0.4025307 0.3763891 0.3589720 0.0000000 0.3700849 0.3761243 0.4156498 0.3763525 0.3842300 0.3815955 0.3743692 0.3798044 0.3813406 0.3926467 0.3967176 0.3869963 0.3787826 0.3254333 0.3161724 0.3818544 
n294_299   0.3300843 0.3251052 0.3599497 0.0134908 0.3543661 0.3297588 0.0377186 0.0848861 0.3700849 0.0000000 0.0519079 0.1638703 0.0412239 0.3084670 0.0554895 0.2996016 0.3045213 0.0169072 0.0342108 0.3300814 0.0272349 0.2935495 0.3853520 0.4047910 0.0412366 
n295_300   0.3411092 0.3360545 0.3663043 0.0519086 0.3498680 0.3407705 0.0203549 0.1039237 0.3761243 0.0519079 0.0000000 0.1681268 0.0203533 0.3139428 0.0033535 0.3101412 0.3151351 0.0483814 0.0663960 0.3411066 0.0591066 0.2988985 0.3801998 0.3995017 0.0237979 
n200_205   0.3619970 0.3568168 0.3493686 0.1638729 0.3490580 0.3616333 0.1598001 0.1596775 0.4156498 0.1638703 0.1681268 0.0000000 0.1557006 0.3037734 0.1722906 0.3302124 0.3353307 0.1638930 0.1807575 0.3619952 0.1722405 0.2938499 0.4240979 0.4385472 0.1639205 
n289_294   0.3254865 0.3205277 0.3500818 0.0412244 0.3445675 0.3251660 0.0033530 0.0924548 0.3763525 0.0412239 0.0203533 0.1557006 0.0000000 0.2891977 0.0237958 0.2951402 0.3000391 0.0377378 0.0554987 0.3254835 0.0483186 0.2746268 0.3804301 0.3997458 0.0067200 
n286_291   0.3227406 0.3178314 0.1795856 0.3084727 0.1710545 0.3174190 0.2940427 0.2931911 0.3842300 0.3084670 0.3139428 0.3037734 0.2891977 0.0000000 0.3189456 0.2879400 0.2927630 0.3085213 0.3289249 0.3178019 0.3185897 0.0100534 0.3994803 0.4192677 0.2989166 
n296_301   0.3463114 0.3412253 0.3716598 0.0554903 0.3551062 0.3459666 0.0237977 0.1077565 0.3815955 0.0554895 0.0033535 0.1722906 0.0237958 0.3189456 0.0000000 0.3151392 0.3201643 0.0519502 0.0700460 0.3463090 0.0627216 0.3038055 0.3856865 0.4051519 0.0272553 
n277_282   0.0585957 0.0550431 0.3327201 0.2996071 0.3325112 0.0621909 0.3000391 0.2846225 0.3743692 0.2996016 0.3101412 0.3302124 0.2951402 0.2879400 0.3151392 0.0000000 0.0033248 0.2996548 0.3045780 0.0585933 0.2945404 0.2831455 0.3995499 0.4137514 0.2952375 
n278_283   0.0550453 0.0515063 0.3378241 0.3045269 0.3327841 0.0586250 0.3049677 0.2894460 0.3798044 0.3045213 0.3151351 0.3353307 0.3000391 0.2927630 0.3201643 0.0033248 0.0000000 0.3045747 0.3095292 0.0550431 0.2994272 0.2879400 0.4051331 0.4194652 0.3001380 
n275_280   0.3301446 0.3251642 0.3600181 0.0203361 0.3544328 0.3298188 0.0342437 0.0848960 0.3813406 0.0169072 0.0483814 0.1638930 0.0377378 0.3085213 0.0519502 0.2996548 0.3045747 0.0000000 0.0342143 0.3301417 0.0272377 0.2936000 0.3854283 0.4048736 0.0377494 
n298_303   0.3352665 0.3302557 0.3818862 0.0342113 0.3761186 0.3349350 0.0519319 0.1000430 0.3926467 0.0342108 0.0663960 0.1807575 0.0554987 0.3289249 0.0700460 0.3045780 0.3095292 0.0342143 0.0000000 0.3352637 0.0067195 0.3135977 0.3858198 0.4169942 0.0555159 
n299_304   0.0201545 0.0033226 0.3700282 0.3249159 0.3647712 0.0235673 0.3305766 0.3244215 0.3967176 0.3300814 0.3411066 0.3619952 0.3254835 0.3178019 0.3463090 0.0585933 0.0550431 0.3301417 0.3352637 0.0000000 0.3248053 0.3128211 0.4468189 0.4615224 0.3255909 
n297_302   0.3248083 0.3198629 0.3708012 0.0272353 0.3651269 0.3244898 0.0447835 0.0924109 0.3869963 0.0272349 0.0591066 0.1722405 0.0483186 0.3185897 0.0627216 0.2945404 0.2994272 0.0272377 0.0067195 0.3248053 0.0000000 0.3034705 0.3745886 0.4052370 0.0483336 
n285_290   0.3177304 0.3128501 0.1754051 0.2935548 0.1669222 0.3124459 0.2793825 0.2883636 0.3787826 0.2935495 0.2988985 0.2938499 0.2746268 0.0100534 0.3038055 0.2831455 0.2879400 0.2936000 0.3135977 0.3128211 0.3034705 0.0000000 0.3939429 0.4135643 0.2841660 
n251_256   0.4466792 0.4468641 0.4630604 0.3853598 0.4568746 0.4528294 0.3804671 0.3788405 0.3254333 0.3853520 0.3801998 0.4240979 0.3804301 0.3994803 0.3856865 0.3995499 0.4051331 0.3854283 0.3858198 0.4468189 0.3745886 0.3939429 0.0000000 0.0447987 0.3859474 
n255_260   0.4680244 0.4615695 0.4977457 0.4047995 0.4912227 0.4743882 0.3997853 0.3925620 0.3161724 0.4047910 0.3995017 0.4385472 0.3997458 0.4192677 0.4051519 0.4137514 0.4194652 0.4048736 0.4169942 0.4615224 0.4052370 0.4135643 0.0447987 0.0000000 0.4054267 
n290_295   0.3255940 0.3206336 0.3605875 0.0412371 0.3549906 0.3252733 0.0033540 0.0924840 0.3818544 0.0412366 0.0237979 0.1639205 0.0067200 0.2989166 0.0272553 0.2952375 0.3001380 0.0377494 0.0555159 0.3255909 0.0483336 0.2841660 0.3859474 0.4054267 0.0000000 
