26
n295_298   0.0000000 2.4453676 3.9581428 2.2853101 3.0369227 0.1128878 2.8087479 0.2163018 2.1002187 2.3677679 0.6665808 0.2637230 0.2950771 2.1645339 2.9129067 0.0448515 0.2791005 0.1166923 0.0931836 3.0960948 1.0162501 0.2739557 2.5172752 3.0202450 2.0976316 2.2892051 
n266_269   2.4453676 0.0000000 9.0000000 2.1675579 1.5893188 3.0490574 1.7072649 2.6613479 1.9714788 1.1782856 2.2955059 2.4095411 2.4122599 1.0924142 5.3896136 2.6237229 2.6453232 2.5618630 2.5185060 1.4804072 2.2941242 2.4092079 1.6433432 1.6508289 2.8950388 0.1748626 
n255_258   3.9581428 9.0000000 0.0000000 2.3921268 2.5215921 3.0081930 2.4311739 2.5381084 2.6305647 2.7558840 3.8465239 2.5163504 2.5589916 2.3928609 0.3139591 3.9911761 2.6324813 3.1322440 2.9459700 2.5936365 3.3150806 2.3831838 2.4135077 2.3645825 2.6205646 4.9756350 
n277_280   2.2853101 2.1675579 2.3921268 0.0000000 0.5326418 2.4546389 0.5051298 2.6336626 0.1324900 2.0923665 1.7009543 2.7714472 3.2431948 2.0072570 2.6393139 2.1198303 2.9906958 2.3395205 2.2374776 0.4984598 2.0360621 2.5704998 0.5113887 0.5248784 3.2306934 1.8899604 
n299_302   3.0369227 1.5893188 2.5215921 0.5326418 0.0000000 3.2914824 0.1582547 3.6508371 0.5556249 2.1419588 2.0432947 4.0959178 4.4337258 2.2138722 2.8022311 2.6471048 3.8808476 3.0655580 3.0306028 0.0779034 2.3175474 3.3078477 0.0448563 0.0169048 2.9746695 1.4275980 
n287_290   0.1128878 3.0490574 3.0081930 2.4546389 3.2914824 0.0000000 2.9102594 0.2641558 2.2781615 2.1855414 0.7239132 0.2837422 0.3105768 1.8928816 2.6745834 0.1209174 0.2839737 0.0742445 0.0485802 3.0366674 1.0307571 0.2888121 2.7431201 3.2692240 2.3752829 2.6417255 
n274_277   2.8087479 1.7072649 2.4311739 0.5051298 0.1582547 2.9102594 0.0000000 4.5091368 0.5335224 1.9060864 2.1175897 6.1263442 4.5243515 1.9645025 2.9781094 2.5042597 4.2566039 2.6130339 2.7333911 0.1167515 2.0766696 4.7166074 0.1497436 0.1495119 2.1857458 1.4644616 
n275_278   0.2163018 2.6613479 2.5381084 2.6336626 3.6508371 0.2641558 4.5091368 0.0000000 2.3283348 2.8777580 0.6865705 0.1449543 0.1536691 2.7859708 2.5853729 0.2302417 0.1410271 0.2392089 0.2246706 3.8311602 1.0118737 0.1327277 3.2565849 3.8610794 2.3361479 2.2806756 
n278_281   2.1002187 1.9714788 2.6305647 0.1324900 0.5556249 2.2781615 0.5335224 2.3283348 0.0000000 2.0346219 1.6572316 2.6437627 2.5901586 1.9112422 3.2245853 2.0107194 2.5834477 2.1441511 2.1021284 0.4975598 1.7581180 2.4676737 0.5192569 0.5397360 3.4201381 1.7741555 
n286_289   2.3677679 1.1782856 2.7558840 2.0923665 2.1419588 2.1855414 1.9060864 2.8777580 2.0346219 0.0000000 3.0949089 2.3667685 2.9145503 0.0739032 8.9999986 2.3965890 3.1271763 2.3736949 2.1380697 1.9869240 3.1031835 2.5035054 2.0020171 2.1376401 9.0000000 1.1695296 
n236_239   0.6665808 2.2955059 3.8465239 1.7009543 2.0432947 0.7239132 2.1175897 0.6865705 1.6572316 3.0949089 0.0000000 0.7248369 0.7074785 3.1082598 3.0236306 0.6330571 0.7336934 0.7139375 0.6600834 2.0588832 1.0481073 0.7257016 2.0229848 2.1449903 2.5253555 1.9978762 
n297_300   0.2637230 2.4095411 2.5163504 2.7714472 4.0959178 0.2837422 6.1263442 0.1449543 2.6437627 2.3667685 0.7248369 0.0000000 0.1792284 2.2047004 2.3957489 0.2788965 0.1660957 0.2677695 0.2532766 3.8091545 1.0446427 0.0412480 3.8190563 4.0599015 2.4524991 2.2094650 
n293_296   0.2950771 2.4122599 2.5589916 3.2431948 4.4337258 0.3105768 4.5243515 0.1536691 2.5901586 2.9145503 0.7074785 0.1792284 0.0000000 2.7669503 2.2491128 0.2952526 0.0593636 0.3102952 0.2893011 4.0597066 1.1780413 0.1793603 4.0849269 4.8422707 2.5876535 2.1528916 
n285_288   2.1645339 1.0924142 2.3928609 2.0072570 2.2138722 1.8928816 1.9645025 2.7859708 1.9112422 0.0739032 3.1082598 2.2047004 2.7669503 0.0000000 4.3613208 2.1437415 3.0375286 2.0832652 1.9012861 2.1375887 2.6241331 2.3805552 2.0560881 2.2069733 9.0000000 1.1353533 
n251_254   2.9129067 5.3896136 0.3139591 2.6393139 2.8022311 2.6745834 2.9781094 2.5853729 3.2245853 8.9999986 3.0236306 2.3957489 2.2491128 4.3613208 0.0000000 3.0187873 2.3691419 2.7731611 2.5491105 2.9486200 2.3478646 2.3363106 3.0273974 2.6916256 2.3826287 4.5027019 
n296_299   0.0448515 2.6237229 3.9911761 2.1198303 2.6471048 0.1209174 2.5042597 0.2302417 2.0107194 2.3965890 0.6330571 0.2788965 0.2952526 2.1437415 3.0187873 0.0000000 0.2739968 0.1206593 0.1128058 2.6089127 1.0002155 0.2740331 2.2054746 2.6360981 2.1757093 2.2961398 
n294_297   0.2791005 2.6453232 2.6324813 2.9906958 3.8808476 0.2839737 4.2566039 0.1410271 2.5834477 3.1271763 0.7336934 0.1660957 0.0593636 3.0375286 2.3691419 0.2739968 0.0000000 0.2835193 0.2685271 3.6282865 1.0965543 0.1620812 3.6301501 4.1363021 2.3248035 2.4620674 
n289_292   0.1166923 2.5618630 3.1322440 2.3395205 3.0655580 0.0742445 2.6130339 0.2392089 2.1441511 2.3736949 0.7139375 0.2677695 0.3102952 2.0832652 2.7731611 0.1206593 0.2835193 0.0000000 0.0448527 2.8702155 0.9739113 0.2780387 2.5269583 3.0481410 2.6438285 2.7181932 
n290_293   0.0931836 2.5185060 2.9459700 2.2374776 3.0306028 0.0485802 2.7333911 0.2246706 2.1021284 2.1380697 0.6600834 0.2532766 0.2893011 1.9012861 2.5491105 0.1128058 0.2685271 0.0448527 0.0000000 2.8437025 0.9752034 0.2536323 2.5042886 3.0135823 2.3838300 2.3615922 
n280_283   3.0960948 1.4804072 2.5936365 0.4984598 0.0779034 3.0366674 0.1167515 3.8311602 0.4975598 1.9869240 2.0588832 3.8091545 4.0597066 2.1375887 2.9486200 2.6089127 3.6282865 2.8702155 2.8437025 0.0000000 2.0157865 3.4766542 0.0854802 0.0854949 2.9036934 1.3362971 
n200_203   1.0162501 2.2941242 3.3150806 2.0360621 2.3175474 1.0307571 2.0766696 1.0118737 1.7581180 3.1031835 1.0481073 1.0446427 1.1780413 2.6241331 2.3478646 1.0002155 1.0965543 0.9739113 0.9752034 2.0157865 0.0000000 1.0582587 2.1278872 2.5223957 2.0036712 2.1379657 
n298_301   0.2739557 2.4092079 2.3831838 2.5704998 3.3078477 0.2888121 4.7166074 0.1327277 2.4676737 2.5035054 0.7257016 0.0412480 0.1793603 2.3805552 2.3363106 0.2740331 0.1620812 0.2780387 0.2536323 3.4766542 1.0582587 0.0000000 3.1426661 3.2924761 2.4473399 2.1069085 
n292_295   2.5172752 1.6433432 2.4135077 0.5113887 0.0448563 2.7431201 0.1497436 3.2565849 0.5192569 2.0020171 2.0229848 3.8190563 4.0849269 2.0560881 3.0273974 2.2054746 3.6301501 2.5269583 2.5042886 0.0854802 2.1278872 3.1426661 0.0000000 0.0484235 2.4831067 1.4721251 
n300_303   3.0202450 1.6508289 2.3645825 0.5248784 0.0169048 3.2692240 0.1495119 3.8610794 0.5397360 2.1376401 2.1449903 4.0599015 4.8422707 2.2069733 2.6916256 2.6360981 4.1363021 3.0481410 3.0135823 0.0854949 2.5223957 3.2924761 0.0484235 0.0000000 2.6513329 1.4781240 
n244_247   2.0976316 2.8950388 2.6205646 3.2306934 2.9746695 2.3752829 2.1857458 2.3361479 3.4201381 9.0000000 2.5253555 2.4524991 2.5876535 9.0000000 2.3826287 2.1757093 2.3248035 2.6438285 2.3838300 2.9036934 2.0036712 2.4473399 2.4831067 2.6513329 0.0000000 3.1165502 
n265_268   2.2892051 0.1748626 4.9756350 1.8899604 1.4275980 2.6417255 1.4644616 2.2806756 1.7741555 1.1695296 1.9978762 2.2094650 2.1528916 1.1353533 4.5027019 2.2961398 2.4620674 2.7181932 2.3615922 1.3362971 2.1379657 2.1069085 1.4721251 1.4781240 3.1165502 0.0000000 
