22
n292_293   0.0000000 0.2833203 0.2883030 0.2882210 0.4177271 0.2633436 0.2781827 0.0168591 0.2883030 0.4182477 0.2976611 0.0483882 0.3622386 0.2883711 0.2732121 0.2834097 0.2430356 0.2530174 0.2684384 0.0483656 0.0033408 0.2531090 
n287_288   0.2833203 0.0000000 0.0033442 0.0413341 0.3579880 0.3052373 0.0342764 0.2931514 0.0033442 0.3642497 0.1123796 0.2729156 0.3853492 0.0413506 0.0100899 0.0169073 0.3147997 0.1617590 0.3052373 0.2829283 0.2884517 0.3315207 
n290_291   0.2883030 0.0033442 0.0000000 0.0448812 0.3634949 0.2999844 0.0377908 0.2981966 0.0067030 0.3698102 0.1084397 0.2778228 0.3850224 0.0448991 0.0134828 0.0203339 0.3145431 0.1659574 0.2999844 0.2879024 0.2934697 0.3312473 
n294_295   0.2882210 0.0413341 0.0448812 0.0000000 0.3633993 0.3155691 0.0067093 0.3034371 0.0448812 0.3697134 0.1202140 0.2827555 0.3856577 0.0067084 0.0377803 0.0448998 0.3146542 0.1701642 0.3155691 0.2929044 0.2933872 0.3313700 
n251_252   0.4177271 0.3579880 0.3634949 0.3633993 0.0000000 0.4256340 0.3636665 0.4297929 0.3634949 0.0413776 0.4163910 0.3811935 0.3292358 0.3636042 0.3522533 0.3522533 0.4236557 0.3808587 0.4321529 0.3928667 0.4175961 0.4244684 
n286_287   0.2633436 0.3052373 0.2999844 0.3155691 0.4256340 0.0000000 0.3051170 0.2882845 0.3103859 0.4203080 0.2991420 0.2532485 0.4298455 0.3102556 0.2999049 0.3105373 0.1324556 0.2583246 0.0067068 0.2530901 0.2683297 0.1408455 
n275_276   0.2781827 0.0342764 0.0377908 0.0067093 0.3636665 0.3051170 0.0000000 0.2931925 0.0377908 0.3699873 0.1123280 0.2728047 0.3856837 0.0067118 0.0307614 0.0378064 0.3146772 0.1616870 0.3051170 0.2828146 0.2832763 0.3313940 
n274_275   0.0168591 0.2931514 0.2981966 0.3034371 0.4297929 0.2882845 0.2931925 0.0000000 0.2981966 0.4303316 0.3130346 0.0592075 0.3792915 0.3035976 0.2829108 0.2932444 0.2574464 0.2725670 0.2935736 0.0591791 0.0202849 0.2628346 
n289_290   0.2883030 0.0033442 0.0067030 0.0448812 0.3634949 0.3103859 0.0377908 0.2981966 0.0000000 0.3698102 0.1162934 0.2778228 0.3910507 0.0448991 0.0134828 0.0203339 0.3200025 0.1659574 0.3103859 0.2879024 0.2934697 0.3368510 
n255_256   0.4182477 0.3642497 0.3698102 0.3697134 0.0413776 0.4203080 0.3699873 0.4303316 0.3698102 0.0000000 0.4294121 0.3816589 0.3291852 0.3699236 0.3584567 0.3584567 0.4306780 0.3873533 0.4267853 0.3933492 0.4181163 0.4312240 
n236_237   0.2976611 0.1123796 0.1084397 0.1202140 0.4163910 0.2991420 0.1123280 0.3130346 0.1162934 0.4294121 0.0000000 0.2974417 0.4082031 0.1202660 0.1084186 0.1163437 0.3244666 0.1656527 0.2991420 0.2972447 0.2975832 0.3359246 
n278_279   0.0483882 0.2729156 0.2778228 0.2827555 0.3811935 0.2532485 0.2728047 0.0592075 0.2778228 0.3816589 0.2974417 0.0000000 0.3620159 0.2829017 0.2629666 0.2730011 0.2381238 0.2627116 0.2582601 0.0066905 0.0519890 0.2481129 
n244_245   0.3622386 0.3853492 0.3850224 0.3856577 0.3292358 0.4298455 0.3856837 0.3792915 0.3910507 0.3291852 0.4082031 0.3620159 0.0000000 0.3913931 0.3793968 0.3912497 0.4031067 0.3682860 0.4363842 0.3617544 0.3621400 0.4038630 
n293_294   0.2883711 0.0413506 0.0448991 0.0067084 0.3636042 0.3102556 0.0067118 0.3035976 0.0448991 0.3699236 0.1202660 0.2829017 0.3913931 0.0000000 0.0377963 0.0449178 0.3198699 0.1702420 0.3102556 0.2930576 0.2935409 0.3367135 
n296_297   0.2732121 0.0100899 0.0134828 0.0377803 0.3522533 0.2999049 0.0307614 0.2829108 0.0134828 0.3584567 0.1084186 0.2629666 0.3793968 0.0377963 0.0000000 0.0067089 0.3094056 0.1574819 0.2999049 0.2728379 0.2782687 0.3259842 
n295_296   0.2834097 0.0169073 0.0203339 0.0448998 0.3522533 0.3105373 0.0378064 0.2932444 0.0203339 0.3584567 0.1163437 0.2730011 0.3912497 0.0449178 0.0067089 0.0000000 0.3201591 0.1660313 0.3105373 0.2830175 0.2885430 0.3370178 
n266_267   0.2430356 0.3147997 0.3145431 0.3146542 0.4236557 0.1324556 0.3146772 0.2574464 0.3200025 0.4306780 0.3244666 0.2381238 0.4031067 0.3198699 0.3094056 0.3201591 0.0000000 0.2580580 0.1365928 0.2379783 0.2478623 0.0237256 
n200_201   0.2530174 0.1617590 0.1659574 0.1701642 0.3808587 0.2583246 0.1616870 0.2725670 0.1659574 0.3873533 0.1656527 0.2627116 0.3682860 0.1702420 0.1574819 0.1660313 0.2580580 0.0000000 0.2583246 0.2625453 0.2579208 0.2935131 
n285_286   0.2684384 0.3052373 0.2999844 0.3155691 0.4321529 0.0067068 0.3051170 0.2935736 0.3103859 0.4267853 0.2991420 0.2582601 0.4363842 0.3102556 0.2999049 0.3105373 0.1365928 0.2583246 0.0000000 0.2580974 0.2734638 0.1450431 
n277_278   0.0483656 0.2829283 0.2879024 0.2929044 0.3928667 0.2530901 0.2828146 0.0591791 0.2879024 0.3933492 0.2972447 0.0066905 0.3617544 0.2930576 0.2728379 0.2830175 0.2379783 0.2625453 0.2580974 0.0000000 0.0519634 0.2479590 
n280_281   0.0033408 0.2884517 0.2934697 0.2933872 0.4175961 0.2683297 0.2832763 0.0202849 0.2934697 0.4181163 0.2975832 0.0519890 0.3621400 0.2935409 0.2782687 0.2885430 0.2478623 0.2579208 0.2734638 0.0519634 0.0000000 0.2580139 
n265_266   0.2531090 0.3315207 0.3312473 0.3313700 0.4244684 0.1408455 0.3313940 0.2628346 0.3368510 0.4312240 0.3359246 0.2481129 0.4038630 0.3367135 0.3259842 0.3370178 0.0237256 0.2935131 0.1450431 0.2479590 0.2580139 0.0000000 
