25
n292_293   0.0000000 0.3044764 0.3210987 0.3039575 0.4163089 0.2297427 0.0100400 0.2988695 0.0447800 0.3042692 0.3980993 0.2942377 0.0928738 0.2885276 0.2934143 0.3357132 0.3043654 0.2999700 0.3056620 0.2359924 0.3154799 0.2160749 0.0850010 0.0272539 0.2361383 
n287_288   0.3044764 0.0000000 0.0169733 0.0595956 0.4892185 0.3354743 0.2992195 0.0522828 0.3092725 0.0067239 0.4429312 0.0942111 0.3129053 0.0522810 0.0558607 0.4184505 0.0633898 0.0309243 0.0344906 0.3095351 0.1728173 0.3196013 0.3122310 0.2892653 0.3094953 
n290_291   0.3210987 0.0169733 0.0000000 0.0707967 0.5047602 0.3470548 0.3157201 0.0633475 0.3259913 0.0169649 0.4574627 0.1061478 0.3296471 0.0633452 0.0669793 0.4323453 0.0746802 0.0416245 0.0452658 0.3262634 0.1821506 0.3309288 0.3289334 0.3055356 0.3154880 
n294_295   0.3039575 0.0595956 0.0707967 0.0000000 0.4656371 0.3347703 0.2987106 0.0273243 0.3087451 0.0595645 0.4209266 0.0673955 0.3019053 0.0273235 0.0307878 0.3933234 0.0067008 0.0560537 0.0597877 0.2976525 0.1507714 0.3189357 0.3117006 0.2887751 0.2976168 
n251_252   0.4163089 0.4892185 0.5047602 0.4656371 0.0000000 0.3649964 0.4224288 0.4593845 0.4412528 0.4888163 0.0272437 0.4499214 0.4262264 0.4538471 0.4599056 0.3173558 0.4595195 0.4896983 0.4973142 0.3975740 0.4612346 0.3484328 0.4188804 0.4229166 0.3859061 
n286_287   0.2297427 0.3354743 0.3470548 0.3347703 0.3649964 0.0000000 0.2343701 0.3236941 0.2490732 0.3352395 0.3659763 0.3314062 0.2530520 0.3130364 0.3180560 0.3862381 0.3410571 0.3417092 0.3477614 0.1247381 0.3239425 0.0100119 0.2426174 0.2351235 0.1206707 
n300_301   0.0100400 0.2992195 0.3157201 0.2987106 0.4224288 0.2343701 0.0000000 0.2936558 0.0412216 0.2990169 0.3921208 0.2890504 0.0890451 0.2833847 0.2882413 0.3302431 0.2991108 0.2947356 0.3003832 0.2312396 0.3156247 0.2206199 0.0812272 0.0237825 0.2313828 
n275_276   0.2988695 0.0522828 0.0633475 0.0273243 0.4593845 0.3236941 0.2936558 0.0000000 0.3036312 0.0522558 0.4150248 0.0599516 0.2968558 0.0203784 0.0238132 0.3885440 0.0308763 0.0487664 0.0524507 0.2981980 0.1380973 0.3080947 0.3065938 0.2837827 0.2981620 
n274_275   0.0447800 0.3092725 0.3259913 0.3087451 0.4412528 0.2490732 0.0412216 0.3036312 0.0000000 0.3090613 0.4102006 0.3046901 0.0966265 0.2932340 0.2981437 0.3411384 0.3091596 0.3047926 0.3048557 0.2366874 0.3318764 0.2396163 0.0811887 0.0307120 0.2412806 
n289_290   0.3042692 0.0067239 0.0169649 0.0595645 0.4888163 0.3352395 0.2990169 0.0522558 0.3090613 0.0000000 0.4425828 0.0941598 0.3126917 0.0522540 0.0558317 0.4181318 0.0633566 0.0309087 0.0344731 0.3093236 0.1727151 0.3193808 0.3120182 0.2890712 0.3092839 
n255_256   0.3980993 0.4429312 0.4574627 0.4209266 0.0272437 0.3659763 0.3921208 0.4150248 0.4102006 0.4425828 0.0000000 0.4059132 0.3955149 0.4097530 0.4154848 0.2856968 0.4151373 0.4433626 0.4504842 0.3677342 0.4166095 0.3493617 0.3822171 0.3925967 0.3565259 
n236_237   0.2942377 0.0942111 0.1061478 0.0673955 0.4499214 0.3314062 0.2890504 0.0599516 0.3046901 0.0941598 0.4059132 0.0000000 0.2927008 0.0599494 0.0635846 0.4094047 0.0674869 0.0865207 0.0904855 0.3111357 0.1563355 0.3155733 0.3024120 0.2792264 0.3110951 
n278_279   0.0928738 0.3129053 0.3296471 0.3019053 0.4262264 0.2530520 0.0890451 0.2968558 0.0966265 0.3126917 0.3955149 0.2927008 0.0000000 0.2865931 0.2914437 0.3341493 0.3023081 0.3035631 0.3092640 0.2443042 0.3132164 0.2435693 0.0133486 0.0778067 0.2495478 
n297_298   0.2885276 0.0522810 0.0633452 0.0273235 0.4538471 0.3130364 0.2833847 0.0203784 0.2932340 0.0522540 0.4097530 0.0599494 0.2865931 0.0000000 0.0033527 0.3823830 0.0308754 0.0487648 0.0524490 0.2878876 0.1427387 0.2976521 0.2962092 0.2736436 0.2878549 
n298_299   0.2934143 0.0558607 0.0669793 0.0307878 0.4599056 0.3180560 0.2882413 0.0238132 0.2981437 0.0558317 0.4154848 0.0635846 0.2914437 0.0033527 0.0000000 0.3878898 0.0343620 0.0523359 0.0560402 0.2927599 0.1467798 0.3025803 0.3011110 0.2784443 0.2927257 
n244_245   0.3357132 0.4184505 0.4323453 0.3933234 0.3173558 0.3862381 0.3302431 0.3885440 0.3411384 0.4181318 0.2856968 0.4094047 0.3341493 0.3823830 0.3878898 0.0000000 0.3877585 0.4013624 0.4080076 0.3595559 0.4209620 0.3692671 0.3221438 0.3310403 0.3607463 
n293_294   0.3043654 0.0633898 0.0746802 0.0067008 0.4595195 0.3410571 0.2991108 0.0308763 0.3091596 0.0633566 0.4151373 0.0674869 0.3023081 0.0308754 0.0343620 0.3877585 0.0000000 0.0598291 0.0635948 0.3035615 0.1553102 0.3250651 0.3121174 0.2891608 0.3035237 
n296_297   0.2999700 0.0309243 0.0416245 0.0560537 0.4896983 0.3417092 0.2947356 0.0487664 0.3047926 0.0309087 0.4433626 0.0865207 0.3035631 0.0487648 0.0523359 0.4013624 0.0598291 0.0000000 0.0033685 0.3106469 0.1732797 0.3256854 0.3029085 0.2848234 0.3106066 
n295_296   0.3056620 0.0344906 0.0452658 0.0597877 0.4973142 0.3477614 0.3003832 0.0524507 0.3048557 0.0344731 0.4504842 0.0904855 0.3092640 0.0524490 0.0560402 0.4080076 0.0635948 0.0033685 0.0000000 0.3164332 0.1778935 0.3315965 0.3029709 0.2903877 0.3163907 
n266_267   0.2359924 0.3095351 0.3262634 0.2976525 0.3975740 0.1247381 0.2312396 0.2981980 0.2366874 0.3093236 0.3677342 0.3111357 0.2443042 0.2878876 0.2927599 0.3595559 0.3035615 0.3106469 0.3164332 0.0000000 0.2927501 0.1129077 0.2339927 0.2365733 0.0169582 
n200_201   0.3154799 0.1728173 0.1821506 0.1507714 0.4612346 0.3239425 0.3156247 0.1380973 0.3318764 0.1727151 0.4166095 0.1563355 0.3132164 0.1427387 0.1467798 0.4209620 0.1553102 0.1732797 0.1778935 0.2927501 0.0000000 0.3083181 0.3125403 0.3054333 0.2990376 
n285_286   0.2160749 0.3196013 0.3309288 0.3189357 0.3484328 0.0100119 0.2206199 0.3080947 0.2396163 0.3193808 0.3493617 0.3155733 0.2435693 0.2976521 0.3025803 0.3692671 0.3250651 0.3256854 0.3315965 0.1129077 0.3083181 0.0000000 0.2332925 0.2258354 0.1089096 
n277_278   0.0850010 0.3122310 0.3289334 0.3117006 0.4188804 0.2426174 0.0812272 0.3065938 0.0811887 0.3120182 0.3822171 0.3024120 0.0133486 0.2962092 0.3011110 0.3221438 0.3121174 0.3029085 0.3029709 0.2339927 0.3125403 0.2332925 0.0000000 0.0701401 0.2391349 
n280_281   0.0272539 0.2892653 0.3055356 0.2887751 0.4229166 0.2351235 0.0237825 0.2837827 0.0307120 0.2890712 0.3925967 0.2792264 0.0778067 0.2736436 0.2784443 0.3310403 0.2891608 0.2848234 0.2903877 0.2365733 0.3054333 0.2258354 0.0701401 0.0000000 0.2367198 
n265_266   0.2361383 0.3094953 0.3154880 0.2976168 0.3859061 0.1206707 0.2313828 0.2981620 0.2412806 0.3092839 0.3565259 0.3110951 0.2495478 0.2878549 0.2927257 0.3607463 0.3035237 0.3106066 0.3163907 0.0169582 0.2990376 0.1089096 0.2391349 0.2367198 0.0000000 
