26
n295_298   0.0000000 2.0137445 4.0940102 3.2585785 3.3061275 0.1642024 3.6553964 0.3927455 3.2004076 2.9797314 0.4061344 0.1509546 3.0342149 0.7023581 3.7401955 0.0380018 0.4127121 0.4011123 0.1510296 3.9546605 1.2063623 0.4319549 3.1039828 3.3939847 3.3720253 2.3127287 
n266_269   2.0137445 0.0000000 3.4236336 2.6553218 2.0683575 2.0760289 2.0390424 2.4778807 2.5708393 0.8844911 1.9854744 2.0779225 0.9036778 2.1446862 2.9558694 2.0428638 2.2064820 2.2653197 2.0730903 2.0971770 2.4408158 2.0763134 2.1744738 2.0584660 3.5502349 0.1850280 
n255_258   4.0940102 3.4236336 0.0000000 2.8980832 3.5649535 4.8427385 3.0523502 4.1890373 3.3417422 3.1744534 4.5443530 4.2575564 3.4534205 3.0287056 0.2859152 4.1476302 3.4232568 3.4865492 3.9606090 3.1962483 8.9999983 4.6102789 3.5353145 3.1754974 2.7424499 2.8990575 
n277_280   3.2585785 2.6553218 2.8980832 0.0000000 0.5696690 3.2048149 0.5276088 2.6568548 0.1010334 1.8686196 2.5592572 3.4560146 1.7936454 2.2158994 2.8147064 3.2948549 2.5195995 2.2958092 3.3285093 0.5346695 2.4678919 2.6601122 0.5786325 0.5697658 1.9280764 2.2528639 
n299_302   3.3061275 2.0683575 3.5649535 0.5696690 0.0000000 3.5198165 0.0848415 4.5375382 0.5984347 2.0686026 3.9609217 3.5618367 2.1218030 3.0540325 4.0570202 3.5099800 4.2310342 3.7915858 3.2851341 0.0663264 2.6039589 3.8233470 0.0338985 0.0133427 2.5512434 1.9281646 
n287_290   0.1642024 2.0760289 4.8427385 3.2048149 3.5198165 0.0000000 4.4554131 0.4217310 2.7765683 2.3525971 0.4157852 0.0487934 2.5710772 0.7555723 5.1518889 0.1595245 0.4228866 0.4052654 0.0344220 4.3576568 1.3028811 0.4356817 3.3781243 3.6454491 3.3913508 2.1172655 
n274_277   3.6553964 2.0390424 3.0523502 0.5276088 0.0848415 4.4554131 0.0000000 5.0897719 0.5574502 1.8916208 3.8312476 4.2584147 1.9871210 2.9107791 4.2138844 3.9271072 5.2050086 4.2108638 4.2113423 0.0700863 2.6152203 4.0260671 0.0965235 0.0924853 2.3306354 2.0617397 
n275_278   0.3927455 2.4778807 4.1890373 2.6568548 4.5375382 0.4217310 5.0897719 0.0000000 2.7599628 2.9351727 0.1475328 0.4235933 2.9962255 0.7280545 4.2872080 0.3737613 0.1561252 0.1562965 0.4357279 9.0000000 1.3190422 0.1604318 4.0995499 4.2918040 3.9117050 2.5913992 
n278_281   3.2004076 2.5708393 3.3417422 0.1010334 0.5984347 2.7765683 0.5574502 2.7599628 0.0000000 1.9777941 2.2710929 3.0468478 1.9326949 2.2810553 3.1380469 3.2351601 2.4973536 2.4048822 2.7934476 0.5745382 2.3406404 2.3478487 0.6080509 0.5892644 2.0444235 2.1310747 
n286_289   2.9797314 0.8844911 3.1744534 1.8686196 2.0686026 2.3525971 1.8916208 2.9351727 1.9777941 0.0000000 2.4421724 2.3427567 0.0819245 1.9979115 2.5181463 2.6970983 2.7892657 2.6285935 2.4571242 2.0525285 2.1665232 2.7674386 2.0501531 2.0545867 3.4968755 0.8476365 
n297_300   0.4061344 1.9854744 4.5443530 2.5592572 3.9609217 0.4157852 3.8312476 0.1475328 2.2710929 2.4421724 0.0000000 0.4300386 2.3804352 0.7718400 5.2392475 0.3867432 0.1472538 0.1514513 0.4293906 5.1338289 1.2656229 0.0379847 3.5603922 4.1729231 3.2436273 2.0762651 
n289_292   0.1509546 2.0779225 4.2575564 3.4560146 3.5618367 0.0487934 4.2584147 0.4235933 3.0468478 2.3427567 0.4300386 0.0000000 2.6076124 0.7170061 3.6000644 0.1508505 0.4248751 0.3995306 0.0273977 4.6540039 1.2463552 0.4373586 3.3019761 3.6917901 3.1931883 2.2075873 
n285_288   3.0342149 0.9036778 3.4534205 1.7936454 2.1218030 2.5710772 1.9871210 2.9962255 1.9326949 0.0819245 2.3804352 2.6076124 0.0000000 1.8875178 2.5240357 2.7422535 2.4702546 2.4526078 2.6967505 2.1624277 2.2377655 2.6846023 2.1026535 2.1557003 2.8579539 0.8220451 
n236_239   0.7023581 2.1446862 3.0287056 2.2158994 3.0540325 0.7555723 2.9107791 0.7280545 2.2810553 1.9979115 0.7718400 0.7170061 1.8875178 0.0000000 4.1029842 0.6724577 0.7020406 0.7150900 0.7454204 3.1245616 1.1946467 0.8394538 2.7308313 2.9500170 3.2459667 2.3563082 
n251_254   3.7401955 2.9558694 0.2859152 2.8147064 4.0570202 5.1518889 4.2138844 4.2872080 3.1380469 2.5181463 5.2392475 3.6000644 2.5240357 4.1029842 0.0000000 4.1581069 2.9736832 3.3220112 3.7619661 4.1801510 5.0811230 4.8767114 4.4538371 3.5416431 3.5747162 2.8500510 
n296_299   0.0380018 2.0428638 4.1476302 3.2948549 3.5099800 0.1595245 3.9271072 0.3737613 3.2351601 2.6970983 0.3867432 0.1508505 2.7422535 0.6724577 4.1581069 0.0000000 0.3931199 0.3818241 0.1509254 4.2972144 1.2282699 0.4117931 3.2772832 3.6116490 3.3778593 2.3078535 
n294_297   0.4127121 2.2064820 3.4232568 2.5195995 4.2310342 0.4228866 5.2050086 0.1561252 2.4973536 2.7892657 0.1472538 0.4248751 2.4702546 0.7020406 2.9736832 0.3931199 0.0000000 0.0525988 0.4369340 7.1752430 1.2660225 0.1688120 3.6743942 4.0237285 3.7010685 2.0820086 
n293_296   0.4011123 2.2653197 3.4865492 2.2958092 3.7915858 0.4052654 4.2108638 0.1562965 2.4048822 2.6285935 0.1514513 0.3995306 2.4526078 0.7150900 3.3220112 0.3818241 0.0525988 0.0000000 0.4189501 5.5552882 1.2833840 0.1731446 3.5116634 3.6355305 3.7682202 2.1802843 
n290_293   0.1510296 2.0730903 3.9606090 3.3285093 3.2851341 0.0344220 4.2113423 0.4357279 2.7934476 2.4571242 0.4293906 0.0273977 2.6967505 0.7454204 3.7619661 0.1509254 0.4369340 0.4189501 0.0000000 4.1225009 1.2824506 0.4366947 3.3909585 3.3916295 3.0618600 2.1597078 
n280_283   3.9546605 2.0971770 3.1962483 0.5346695 0.0663264 4.3576568 0.0700863 9.0000000 0.5745382 2.0525285 5.1338289 4.6540039 2.1624277 3.1245616 4.1801510 4.2972144 7.1752430 5.5552882 4.1225009 0.0000000 2.6051073 5.3242718 0.0737564 0.0662699 2.3431954 2.0358530 
n200_203   1.2063623 2.4408158 8.9999983 2.4678919 2.6039589 1.3028811 2.6152203 1.3190422 2.3406404 2.1665232 1.2656229 1.2463552 2.2377655 1.1946467 5.0811230 1.2282699 1.2660225 1.2833840 1.2824506 2.6051073 0.0000000 1.3642316 2.7423096 2.6277130 2.6050519 2.1142176 
n298_301   0.4319549 2.0763134 4.6102789 2.6601122 3.8233470 0.4356817 4.0260671 0.1604318 2.3478487 2.7674386 0.0379847 0.4373586 2.6846023 0.8394538 4.8767114 0.4117931 0.1688120 0.1731446 0.4366947 5.3242718 1.3642316 0.0000000 3.4510110 4.0164233 3.7956801 2.1760726 
n292_295   3.1039828 2.1744738 3.5353145 0.5786325 0.0338985 3.3781243 0.0965235 4.0995499 0.6080509 2.0501531 3.5603922 3.3019761 2.1026535 2.7308313 4.4538371 3.2772832 3.6743942 3.5116634 3.3909585 0.0737564 2.7423096 3.4510110 0.0000000 0.0409159 2.5262029 1.9917506 
n300_303   3.3939847 2.0584660 3.1754974 0.5697658 0.0133427 3.6454491 0.0924853 4.2918040 0.5892644 2.0545867 4.1729231 3.6917901 2.1557003 2.9500170 3.5416431 3.6116490 4.0237285 3.6355305 3.3916295 0.0662699 2.6277130 4.0164233 0.0409159 0.0000000 2.3909932 1.8545097 
n244_247   3.3720253 3.5502349 2.7424499 1.9280764 2.5512434 3.3913508 2.3306354 3.9117050 2.0444235 3.4968755 3.2436273 3.1931883 2.8579539 3.2459667 3.5747162 3.3778593 3.7010685 3.7682202 3.0618600 2.3431954 2.6050519 3.7956801 2.5262029 2.3909932 0.0000000 3.9722836 
n265_268   2.3127287 0.1850280 2.8990575 2.2528639 1.9281646 2.1172655 2.0617397 2.5913992 2.1310747 0.8476365 2.0762651 2.2075873 0.8220451 2.3563082 2.8500510 2.3078535 2.0820086 2.1802843 2.1597078 2.0358530 2.1142176 2.1760726 1.9917506 1.8545097 3.9722836 0.0000000 
