26
n299_300   0.0000000 0.0203516 1.6230080 2.4637492 2.6738402 0.4462581 2.0867711 1.8204317 0.0783125 1.6589968 1.8182770 1.9807046 0.0238689 0.5026598 1.8022015 1.7440121 1.6909532 1.7300352 1.7069918 2.2816633 1.7129480 1.8838643 1.8586667 1.9357624 0.1051085 1.6457739 
n300_301   0.0203516 0.0000000 1.6500681 2.4117311 2.5018866 0.4648412 2.1224880 1.7808779 0.0857501 1.6872208 1.8245771 1.9079949 0.0307948 0.5160732 1.7747496 1.6858560 1.7200459 1.7069973 1.7369916 2.3531064 1.6571132 1.8923386 1.8587605 1.9751631 0.1050098 1.5936266 
n290_291   1.6230080 1.6500681 0.0000000 4.1534769 3.0661429 1.6413822 1.2399426 0.7442291 1.5723043 0.0631485 0.1851772 0.4765434 1.6501741 1.7195178 0.5082755 0.4678607 1.5709682 1.6005887 0.0593854 3.3801499 0.4291767 0.2027137 1.9274499 2.2625259 1.5942473 0.4476544 
n244_245   2.4637492 2.4117311 4.1534769 0.0000000 2.5870295 2.3939754 9.0000000 2.8977774 2.3918267 3.3891024 5.5599745 3.1295301 2.4586192 2.5666098 3.4442984 3.7594346 2.7792463 2.8804632 3.6585692 2.4120208 4.2519801 3.7275492 2.2380347 2.2481249 2.4606002 4.0148653 
n255_256   2.6738402 2.5018866 3.0661429 2.5870295 0.0000000 2.6827674 7.4475510 2.3650344 2.7570342 3.4863786 2.8346407 2.9048110 2.7835427 2.4324227 2.3729806 2.4095596 4.8389037 5.0238648 3.5420945 0.3237780 2.6006263 2.4934698 4.3093699 2.6721932 3.0549974 2.4816208 
n277_278   0.4462581 0.4648412 1.6413822 2.3939754 2.6827674 0.0000000 2.3787551 1.9952326 0.4480658 1.7109240 1.7727044 1.9201373 0.4657829 0.1332047 1.7736335 1.7753663 1.9557995 2.0567811 1.6162714 2.8896807 1.6701934 1.7599244 2.1995345 2.2519021 0.5222388 1.6951880 
n200_201   2.0867711 2.1224880 1.2399426 9.0000000 7.4475510 2.3787551 0.0000000 1.3047878 2.0055159 1.1991738 1.1101210 1.0730957 2.0544789 2.3754465 1.0629816 1.0344461 2.6727483 2.4403641 1.1362999 2.4063996 1.0690781 1.0312114 2.8412215 2.7647456 1.8771110 1.1033136 
n236_237   1.8204317 1.7808779 0.7442291 2.8977774 2.3650344 1.9952326 1.3047878 0.0000000 1.8553652 0.7608284 0.6656169 0.5665802 1.7910951 2.0950539 0.6414447 0.6075573 1.7520132 1.6583101 0.7145118 2.3290738 0.5590889 0.6900286 1.9354864 1.9473811 1.9217448 0.5812415 
n274_275   0.0783125 0.0857501 1.5723043 2.3918267 2.7570342 0.4480658 2.0055159 1.8553652 0.0000000 1.6354099 1.8531071 1.9227613 0.0859887 0.5125719 1.8201680 1.7277567 1.6674602 1.7587194 1.6820513 2.4902200 1.6650235 1.9209439 1.9525607 2.0235128 0.1299538 1.6530852 
n289_290   1.6589968 1.6872208 0.0631485 3.3891024 3.4863786 1.7109240 1.1991738 0.7608284 1.6354099 0.0000000 0.1989354 0.4694965 1.6873247 1.7596086 0.5153639 0.4748652 1.5302959 1.5586028 0.0630013 3.8924270 0.4427168 0.2071340 1.9003123 2.4045859 1.6137958 0.4683524 
n296_297   1.8182770 1.8245771 0.1851772 5.5599745 2.8346407 1.7727044 1.1101210 0.6656169 1.8531071 0.1989354 0.0000000 0.4494169 1.8522852 1.7871573 0.4899028 0.4438308 1.9738630 1.8937361 0.1805193 2.7847833 0.4305856 0.0344048 2.2236606 2.2728606 1.8985272 0.4562235 
n275_276   1.9807046 1.9079949 0.4765434 3.1295301 2.9048110 1.9201373 1.0730957 0.5665802 1.9227613 0.4694965 0.4494169 0.0000000 1.9177368 1.7478152 0.2063570 0.1797462 1.5276370 1.4708222 0.4421748 2.3242619 0.1448895 0.4676098 2.3158213 2.4462010 1.9969021 0.1485381 
n292_293   0.0238689 0.0307948 1.6501741 2.4586192 2.7835427 0.4657829 2.0544789 1.7910951 0.0859887 1.6873247 1.8522852 1.9177368 0.0000000 0.5238560 1.8909624 1.7911243 1.7035297 1.7432979 1.7370925 2.3698571 1.7911010 1.9203335 2.0229202 1.9315153 0.1131109 1.7180612 
n278_279   0.5026598 0.5160732 1.7195178 2.5666098 2.4324227 0.1332047 2.3754465 2.0950539 0.5125719 1.7596086 1.7871573 1.7478152 0.5238560 0.0000000 1.7945056 1.8397736 2.0587813 2.2561903 1.6957761 3.0206180 1.7346115 1.7741098 2.5596064 2.7258040 0.5638465 1.7209823 
n298_299   1.8022015 1.7747496 0.5082755 3.4442984 2.3729806 1.7736335 1.0629816 0.6414447 1.8201680 0.5153639 0.4899028 0.2063570 1.8909624 1.7945056 0.0000000 0.0342027 1.8512238 1.7373157 0.4727157 2.3098201 0.2014256 0.5154056 2.9838473 3.0163891 1.8923448 0.1833262 
n297_298   1.7440121 1.6858560 0.4678607 3.7594346 2.4095596 1.7753663 1.0344461 0.6075573 1.7277567 0.4748652 0.4438308 0.1797462 1.7911243 1.8397736 0.0342027 0.0000000 1.8617011 1.7463450 0.4408378 2.5403601 0.1750485 0.4679358 3.0126898 3.0199178 1.7955207 0.1576428 
n286_287   1.6909532 1.7200459 1.5709682 2.7792463 4.8389037 1.9557995 2.6727483 1.7520132 1.6674602 1.5302959 1.9738630 1.5276370 1.7035297 2.0587813 1.8512238 1.8617011 0.0000000 0.0517732 1.6130666 2.5861118 1.6876610 1.9653942 1.3156733 1.2674650 1.6848445 1.6365228 
n285_286   1.7300352 1.7069973 1.6005887 2.8804632 5.0238648 2.0567811 2.4403641 1.6583101 1.7587194 1.5586028 1.8937361 1.4708222 1.7432979 2.2561903 1.7373157 1.7463450 0.0517732 0.0000000 1.6151658 2.5932571 1.6633816 1.8875165 1.2347887 1.1571386 1.7236559 1.6421415 
n287_288   1.7069918 1.7369916 0.0593854 3.6585692 3.5420945 1.6162714 1.1362999 0.7145118 1.6820513 0.0630013 0.1805193 0.4421748 1.7370925 1.6957761 0.4727157 0.4408378 1.6130666 1.6151658 0.0000000 3.6927586 0.4110945 0.1931273 1.9650104 2.2637418 1.6824540 0.4284707 
n251_252   2.2816633 2.3531064 3.3801499 2.4120208 0.3237780 2.8896807 2.4063996 2.3290738 2.4902200 3.8924270 2.7847833 2.3242619 2.3698571 3.0206180 2.3098201 2.5403601 2.5861118 2.5932571 3.6927586 0.0000000 2.2038471 2.6764701 3.5969216 2.8337626 2.7170746 2.0928281 
n294_295   1.7129480 1.6571132 0.4291767 4.2519801 2.6006263 1.6701934 1.0690781 0.5590889 1.6650235 0.4427168 0.4305856 0.1448895 1.7911010 1.7346115 0.2014256 0.1750485 1.6876610 1.6633816 0.4110945 2.2038471 0.0000000 0.4551487 2.3228605 2.5544126 1.6740560 0.0483094 
n295_296   1.8838643 1.8923386 0.2027137 3.7275492 2.4934698 1.7599244 1.0312114 0.6900286 1.9209439 0.2071340 0.0344048 0.4676098 1.9203335 1.7741098 0.5154056 0.4679358 1.9653942 1.8875165 0.1931273 2.6764701 0.4551487 0.0000000 1.9839681 2.2287125 1.8567872 0.4806657 
n266_267   1.8586667 1.8587605 1.9274499 2.2380347 4.3093699 2.1995345 2.8412215 1.9354864 1.9525607 1.9003123 2.2236606 2.3158213 2.0229202 2.5596064 2.9838473 3.0126898 1.3156733 1.2347887 1.9650104 3.5969216 2.3228605 1.9839681 0.0000000 0.1840667 1.9719720 2.3268536 
n265_266   1.9357624 1.9751631 2.2625259 2.2481249 2.6721932 2.2519021 2.7647456 1.9473811 2.0235128 2.4045859 2.2728606 2.4462010 1.9315153 2.7258040 3.0163891 3.0199178 1.2674650 1.1571386 2.2637418 2.8337626 2.5544126 2.2287125 0.1840667 0.0000000 2.1126967 2.5611745 
n280_281   0.1051085 0.1050098 1.5942473 2.4606002 3.0549974 0.5222388 1.8771110 1.9217448 0.1299538 1.6137958 1.8985272 1.9969021 0.1131109 0.5638465 1.8923448 1.7955207 1.6848445 1.7236559 1.6824540 2.7170746 1.6740560 1.8567872 1.9719720 2.1126967 0.0000000 1.6581201 
n293_294   1.6457739 1.5936266 0.4476544 4.0148653 2.4816208 1.6951880 1.1033136 0.5812415 1.6530852 0.4683524 0.4562235 0.1485381 1.7180612 1.7209823 0.1833262 0.1576428 1.6365228 1.6421415 0.4284707 2.0928281 0.0483094 0.4806657 2.3268536 2.5611745 1.6581201 0.0000000 
