24
n287_288   0.0000000 0.0033419 0.0959691 0.3269104 0.2559428 0.2671483 0.2863850 0.2767554 0.0341364 0.2763117 0.2821163 0.0067025 0.0306350 0.0376479 0.0341578 0.0100650 0.2513572 0.4052511 0.2817379 0.3630809 0.0376524 0.1034629 0.3170824 0.4163585 
n290_291   0.0033419 0.0000000 0.0921367 0.3215656 0.2511338 0.2622350 0.2813363 0.2717717 0.0306354 0.2713374 0.2770886 0.0033419 0.0271540 0.0341278 0.0306546 0.0134488 0.2465772 0.3992927 0.2767233 0.3574845 0.0341319 0.0995930 0.3118038 0.4103156 
n236_237   0.0959691 0.0921367 0.0000000 0.3371002 0.2707877 0.2908551 0.2960118 0.2862613 0.1110741 0.2857995 0.2963393 0.0921381 0.1033784 0.1149741 0.1111449 0.0995737 0.2661043 0.3834062 0.2916800 0.3687790 0.1112208 0.1307420 0.3219974 0.3947501 
n278_279   0.3269104 0.3215656 0.3371002 0.0000000 0.2568955 0.2528746 0.0810182 0.0774374 0.3376128 0.0773276 0.0849521 0.3269104 0.3321396 0.3429177 0.3378300 0.3423233 0.2522830 0.4450062 0.2534983 0.3567131 0.3382300 0.3279539 0.0271195 0.4633103 
n285_286   0.2559428 0.2511338 0.2707877 0.2568955 0.0000000 0.1272035 0.2203850 0.2202035 0.2795440 0.2198629 0.2293882 0.2559428 0.2745507 0.2844242 0.2700691 0.2699013 0.0100833 0.3709019 0.1235305 0.3102690 0.2703748 0.2658117 0.2524626 0.3766765 
n265_266   0.2671483 0.2622350 0.2908551 0.2528746 0.1272035 0.0000000 0.2254446 0.2252575 0.2813068 0.2249073 0.2301963 0.2671483 0.2762730 0.2862259 0.2717574 0.2765642 0.1232882 0.3692279 0.0238074 0.3140325 0.2720679 0.2624094 0.2479477 0.3858970 
n280_281   0.2863850 0.2813363 0.2960118 0.0810182 0.2203850 0.2254446 0.0000000 0.0066867 0.3014531 0.0134370 0.0134431 0.2863850 0.2962609 0.2959288 0.2967985 0.3009956 0.2159741 0.4034379 0.2170719 0.3142311 0.2971426 0.2921623 0.0773071 0.4150291 
n299_300   0.2767554 0.2717717 0.2862613 0.0774374 0.2202035 0.2252575 0.0066867 0.0000000 0.2916308 0.0066904 0.0066934 0.2767554 0.2865089 0.2861920 0.2870272 0.2911917 0.2157970 0.3922575 0.2168929 0.3043073 0.2873585 0.2824318 0.0737381 0.4036821 
n293_294   0.0341364 0.0306354 0.1110741 0.3376128 0.2795440 0.2813068 0.3014531 0.2916308 0.0000000 0.2911585 0.2971225 0.0341364 0.0100759 0.0168836 0.0134807 0.0446560 0.2748263 0.4275383 0.3063035 0.3693246 0.0168856 0.1071414 0.3276497 0.4389338 
n274_275   0.2763117 0.2713374 0.2857995 0.0773276 0.2198629 0.2249073 0.0134370 0.0066904 0.2911585 0.0000000 0.0134505 0.2763117 0.2860467 0.2857310 0.2865634 0.2907210 0.2154640 0.3915800 0.2165565 0.3038135 0.2868937 0.2819759 0.0736338 0.4029795 
n292_293   0.2821163 0.2770886 0.2963393 0.0849521 0.2293882 0.2301963 0.0134431 0.0066934 0.2971225 0.0134505 0.0000000 0.2821163 0.2919534 0.2916275 0.2924833 0.2966725 0.2249291 0.4038926 0.2260797 0.3145775 0.2928222 0.2824828 0.0812130 0.4154976 
n296_297   0.0067025 0.0033419 0.0921381 0.3269104 0.2559428 0.2671483 0.2863850 0.2767554 0.0341364 0.2763117 0.2821163 0.0000000 0.0306350 0.0376479 0.0341578 0.0168582 0.2513572 0.4052511 0.2817379 0.3630809 0.0376524 0.1034629 0.3170824 0.4103045 
n294_295   0.0306350 0.0271540 0.1033784 0.3321396 0.2745507 0.2762730 0.2962609 0.2865089 0.0100759 0.2860467 0.2919534 0.0306350 0.0000000 0.0134690 0.0100822 0.0376064 0.2698647 0.4213267 0.3010847 0.3529876 0.0134705 0.1032528 0.3222481 0.4326270 
n275_276   0.0376479 0.0341278 0.1149741 0.3429177 0.2844242 0.2862259 0.2959288 0.2861920 0.0168836 0.2857310 0.2916275 0.0376479 0.0134690 0.0000000 0.0168941 0.0482174 0.2796789 0.4280845 0.3113853 0.3748338 0.0203148 0.1110175 0.3328933 0.4394954 
n297_298   0.0341578 0.0306546 0.1111449 0.3378300 0.2700691 0.2717574 0.2967985 0.2870272 0.0134807 0.2865634 0.2924833 0.0341578 0.0100822 0.0168941 0.0000000 0.0446840 0.2654049 0.4278062 0.2861715 0.3695601 0.0033445 0.1072097 0.3278611 0.4392073 
n289_290   0.0100650 0.0134488 0.0995737 0.3423233 0.2699013 0.2765642 0.3009956 0.2911917 0.0446560 0.2907210 0.2966725 0.0168582 0.0376064 0.0482174 0.0446840 0.0000000 0.2652396 0.4055401 0.2913303 0.3634711 0.0482233 0.1149393 0.3323166 0.4166613 
n286_287   0.2513572 0.2465772 0.2661043 0.2522830 0.0100833 0.1232882 0.2159741 0.2157970 0.2748263 0.2154640 0.2249291 0.2513572 0.2698647 0.2796789 0.2654049 0.2652396 0.0000000 0.3706047 0.1196249 0.3100324 0.2657059 0.2611607 0.2478715 0.3763733 
n255_256   0.4052511 0.3992927 0.3834062 0.4450062 0.3709019 0.3692279 0.4034379 0.3922575 0.4275383 0.3915800 0.4038926 0.4052511 0.4213267 0.4280845 0.4278062 0.4055401 0.3706047 0.0000000 0.3710168 0.3404536 0.4283364 0.4350640 0.4215726 0.0411132 
n266_267   0.2817379 0.2767233 0.2916800 0.2534983 0.1235305 0.0238074 0.2170719 0.2168929 0.3063035 0.2165565 0.2260797 0.2817379 0.3010847 0.3113853 0.2861715 0.2913303 0.1196249 0.3710168 0.0000000 0.3046308 0.2865004 0.2819818 0.2485556 0.3877944 
n244_245   0.3630809 0.3574845 0.3687790 0.3567131 0.3102690 0.3140325 0.3142311 0.3043073 0.3693246 0.3038135 0.3145775 0.3630809 0.3529876 0.3748338 0.3695601 0.3634711 0.3100324 0.3404536 0.3046308 0.0000000 0.3700038 0.3803469 0.3406648 0.3727806 
n298_299   0.0376524 0.0341319 0.1112208 0.3382300 0.2703748 0.2720679 0.2971426 0.2873585 0.0168856 0.2868937 0.2928222 0.0376524 0.0134705 0.0203148 0.0033445 0.0482233 0.2657059 0.4283364 0.2865004 0.3700038 0.0000000 0.1073229 0.3282478 0.4397545 
n200_201   0.1034629 0.0995930 0.1307420 0.3279539 0.2658117 0.2624094 0.2921623 0.2824318 0.1071414 0.2819759 0.2824828 0.1034629 0.1032528 0.1110175 0.1072097 0.1149393 0.2611607 0.4350640 0.2819818 0.3803469 0.1073229 0.0000000 0.3180803 0.4596090 
n277_278   0.3170824 0.3118038 0.3219974 0.0271195 0.2524626 0.2479477 0.0773071 0.0737381 0.3276497 0.0736338 0.0812130 0.3170824 0.3222481 0.3328933 0.3278611 0.3323166 0.2478715 0.4215726 0.2485556 0.3406648 0.3282478 0.3180803 0.0000000 0.4393221 
n251_252   0.4163585 0.4103156 0.3947501 0.4633103 0.3766765 0.3858970 0.4150291 0.4036821 0.4389338 0.4029795 0.4154976 0.4103045 0.4326270 0.4394954 0.4392073 0.4166613 0.3763733 0.0411132 0.3877944 0.3727806 0.4397545 0.4596090 0.4393221 0.0000000 
