24
n287_288   0.0000000 0.0067202 0.1090167 0.3070418 0.2744544 0.3586981 0.2599800 0.2702062 0.0597440 0.2697262 0.0203846 0.0524400 0.0451629 0.0595374 0.2839158 0.3744270 0.0203494 0.3582813 0.4160881 0.0523005 0.2752609 0.1797316 0.2849535 0.3759740 
n290_291   0.0067202 0.0000000 0.1090222 0.3177336 0.2744624 0.3587041 0.2599880 0.2702142 0.0597474 0.2697342 0.0203858 0.0524430 0.0451655 0.0595407 0.2839236 0.3744323 0.0203507 0.3582872 0.4228070 0.0523035 0.2752688 0.1797390 0.2952820 0.3759793 
n236_237   0.1090167 0.1090222 0.0000000 0.3014145 0.2582903 0.3367803 0.2503036 0.2603899 0.1130284 0.2500913 0.1050768 0.1051499 0.0972527 0.1168521 0.2631819 0.3506302 0.1048921 0.3313233 0.4123809 0.1131320 0.2653767 0.1624429 0.2795202 0.3643076 
n278_279   0.3070418 0.3177336 0.3014145 0.0000000 0.2415514 0.2766804 0.0897975 0.0899700 0.3310217 0.0821638 0.3074714 0.3248457 0.3137249 0.3346101 0.2369439 0.3487667 0.2963910 0.2827207 0.4426377 0.3346186 0.0898927 0.3020953 0.0343382 0.3382328 
n285_286   0.2744544 0.2744624 0.2582903 0.2415514 0.0000000 0.1450119 0.2227663 0.2274274 0.2911870 0.2225827 0.2648017 0.2809639 0.2705709 0.2901908 0.0168026 0.3013396 0.2544615 0.1447572 0.3714383 0.2902062 0.2278300 0.2547983 0.2317203 0.3197552 
n265_266   0.3586981 0.3587041 0.3367803 0.2766804 0.1450119 0.0000000 0.2610766 0.2467494 0.3662462 0.2417551 0.3417555 0.3549368 0.3433937 0.3650040 0.1409902 0.3525202 0.3362345 0.0202840 0.4490325 0.3650058 0.2471896 0.3215255 0.2663133 0.3724873 
n280_281   0.2599800 0.2599880 0.2503036 0.0897975 0.2227663 0.2610766 0.0000000 0.0134725 0.2763348 0.0134499 0.2550386 0.2663085 0.2561249 0.2753872 0.2274636 0.3308754 0.2448511 0.2669391 0.4102521 0.2754043 0.0168846 0.2761239 0.0706459 0.3261121 
n299_300   0.2702062 0.2702142 0.2603899 0.0899700 0.2274274 0.2467494 0.0134725 0.0000000 0.2868519 0.0067083 0.2651886 0.2766719 0.2663264 0.2858694 0.2228985 0.3315548 0.2548337 0.2524645 0.4231674 0.2858853 0.0033408 0.2766804 0.0707809 0.3267819 
n293_294   0.0597440 0.0597474 0.1130284 0.3310217 0.2911870 0.3662462 0.2763348 0.2868519 0.0000000 0.2863382 0.0560755 0.0067105 0.0135111 0.0343314 0.3065358 0.3932157 0.0559771 0.3658206 0.4239733 0.0343372 0.2920490 0.1803640 0.3080002 0.3948527 
n274_275   0.2697262 0.2697342 0.2500913 0.0821638 0.2225827 0.2417551 0.0134499 0.0067083 0.2863382 0.0000000 0.2647181 0.2761776 0.2658511 0.2853576 0.2180846 0.3199776 0.2543833 0.2474134 0.4098277 0.2853736 0.0100886 0.2660768 0.0632425 0.3152714 
n296_297   0.0203846 0.0203858 0.1050768 0.3074714 0.2648017 0.3417555 0.2550386 0.2651886 0.0560755 0.2647181 0.0000000 0.0488109 0.0415764 0.0558814 0.2748978 0.3623557 0.0067297 0.3413545 0.4097387 0.0486810 0.2702062 0.1712424 0.2853443 0.3638463 
n294_295   0.0524400 0.0524430 0.1051499 0.3248457 0.2809639 0.3549368 0.2663085 0.2766719 0.0067105 0.2761776 0.0488109 0.0000000 0.0067221 0.0273256 0.2961033 0.3814066 0.0487253 0.3545222 0.4179435 0.0273303 0.2817939 0.1716561 0.3020679 0.3829890 
n275_276   0.0451629 0.0451655 0.0972527 0.3137249 0.2705709 0.3433937 0.2561249 0.2663264 0.0135111 0.2658511 0.0415764 0.0067221 0.0000000 0.0203681 0.2854876 0.3693391 0.0415035 0.3429907 0.4051023 0.0203717 0.2713690 0.1628731 0.2913392 0.3708651 
n297_298   0.0595374 0.0595407 0.1168521 0.3346101 0.2901908 0.3650040 0.2753872 0.2858694 0.0343314 0.2853576 0.0558814 0.0273256 0.0203681 0.0000000 0.3054902 0.3918757 0.0557837 0.3645803 0.4362278 0.0067035 0.2910489 0.1797453 0.3115412 0.3935040 
n286_287   0.2839158 0.2839236 0.2631819 0.2369439 0.0168026 0.1409902 0.2274636 0.2228985 0.3065358 0.2180846 0.2748978 0.2961033 0.2854876 0.3054902 0.0000000 0.3065644 0.2643951 0.1407424 0.3772283 0.3055036 0.2232930 0.2596873 0.2271735 0.3201679 
n255_256   0.3744270 0.3744323 0.3506302 0.3487667 0.3013396 0.3525202 0.3308754 0.3315548 0.3932157 0.3199776 0.3623557 0.3814066 0.3693391 0.3918757 0.3065644 0.0000000 0.3564279 0.3521050 0.3547706 0.3918703 0.3371270 0.3448241 0.3372136 0.0559635 
n295_296   0.0203494 0.0203507 0.1048921 0.2963910 0.2544615 0.3362345 0.2448511 0.2548337 0.0559771 0.2543833 0.0067297 0.0487253 0.0415035 0.0557837 0.2643951 0.3564279 0.0000000 0.3358401 0.4157077 0.0485958 0.2597697 0.1709386 0.2746619 0.3578906 
n266_267   0.3582813 0.3582872 0.3313233 0.2827207 0.1447572 0.0202840 0.2669391 0.2524645 0.3658206 0.2474134 0.3413545 0.3545222 0.3429907 0.3645803 0.1407424 0.3521050 0.3358401 0.0000000 0.4409740 0.3645822 0.2529157 0.3211443 0.2722363 0.3653441 
n244_245   0.4160881 0.4228070 0.4123809 0.4426377 0.3714383 0.4490325 0.4102521 0.4231674 0.4239733 0.4098277 0.4097387 0.4179435 0.4051023 0.4362278 0.3772283 0.3547706 0.4157077 0.4409740 0.0000000 0.4362070 0.4295518 0.3736513 0.4222764 0.3319599 
n298_299   0.0523005 0.0523035 0.1131320 0.3346186 0.2902062 0.3650058 0.2754043 0.2858853 0.0343372 0.2853736 0.0486810 0.0273303 0.0203717 0.0067035 0.3055036 0.3918703 0.0485958 0.3645822 0.4362070 0.0000000 0.2910642 0.1797654 0.3115537 0.3934981 
n300_301   0.2752609 0.2752688 0.2653767 0.0898927 0.2278300 0.2471896 0.0168846 0.0033408 0.2920490 0.0100886 0.2702062 0.2817939 0.2713690 0.2910489 0.2232930 0.3371270 0.2597697 0.2529157 0.4295518 0.2910642 0.0000000 0.2818071 0.0707205 0.3323239 
n200_201   0.1797316 0.1797390 0.1624429 0.3020953 0.2547983 0.3215255 0.2761239 0.2766804 0.1803640 0.2660768 0.1712424 0.1716561 0.1628731 0.1797453 0.2596873 0.3448241 0.1709386 0.3211443 0.3736513 0.1797654 0.2818071 0.0000000 0.2856832 0.3398408 
n277_278   0.2849535 0.2952820 0.2795202 0.0343382 0.2317203 0.2663133 0.0706459 0.0707809 0.3080002 0.0632425 0.2853443 0.3020679 0.2913392 0.3115412 0.2271735 0.3372136 0.2746619 0.2722363 0.4222764 0.3115537 0.0707205 0.2856832 0.0000000 0.3207895 
n251_252   0.3759740 0.3759793 0.3643076 0.3382328 0.3197552 0.3724873 0.3261121 0.3267819 0.3948527 0.3152714 0.3638463 0.3829890 0.3708651 0.3935040 0.3201679 0.0559635 0.3578906 0.3653441 0.3319599 0.3934981 0.3323239 0.3398408 0.3207895 0.0000000 
