23
n287_288   0.0000000 0.0066928 0.1093971 0.3246154 0.3060966 0.2837898 0.3178994 0.3237465 0.0414589 0.3293979 0.3237263 0.0134801 0.0379239 0.0343442 0.0033386 0.2947065 0.4333568 0.2905492 0.3453918 0.0414507 0.1539672 0.3185135 0.4264664 
n290_291   0.0066928 0.0000000 0.1094301 0.3355212 0.3166757 0.2940172 0.3286766 0.3346176 0.0414710 0.3403571 0.3345971 0.0134840 0.0379350 0.0343543 0.0033395 0.3051019 0.4460181 0.3009155 0.3455043 0.0414628 0.1540142 0.3293127 0.4390013 
n236_237   0.1093971 0.1094301 0.0000000 0.3625268 0.3357234 0.3143477 0.3607501 0.3669689 0.0975403 0.3729698 0.3669476 0.1095005 0.0858393 0.0897444 0.1055034 0.3301338 0.4565840 0.3266876 0.3431658 0.0975180 0.1711985 0.3614516 0.4638086 
n278_279   0.3246154 0.3355212 0.3625268 0.0000000 0.2615415 0.2267389 0.0784709 0.0783593 0.3223067 0.0822220 0.0746302 0.3357713 0.3055334 0.3111882 0.3300491 0.2510232 0.3886359 0.2278481 0.2944512 0.3221833 0.3438068 0.0134908 0.3937100 
n285_286   0.3060966 0.3166757 0.3357234 0.2615415 0.0000000 0.0856436 0.2826441 0.2874100 0.3042502 0.2929064 0.2824339 0.3169081 0.2932790 0.2934706 0.3113680 0.0100819 0.3448581 0.0974310 0.3254362 0.3041384 0.3375139 0.2561264 0.3605618 
n265_266   0.2837898 0.2940172 0.3143477 0.2267389 0.0856436 0.0000000 0.2466548 0.2512081 0.2818305 0.2563822 0.2464777 0.2942294 0.2712685 0.2714417 0.2888864 0.0778953 0.3203669 0.0237393 0.2977810 0.2817320 0.3033466 0.2216524 0.3355289 
n280_281   0.3178994 0.3286766 0.3607501 0.0784709 0.2826441 0.2466548 0.0000000 0.0067119 0.3156525 0.0101020 0.0033491 0.3289200 0.2990878 0.3046714 0.3232692 0.2717388 0.3748319 0.2478828 0.3217996 0.3155336 0.3423962 0.0708812 0.3865252 
n299_300   0.3237465 0.3346176 0.3669689 0.0783593 0.2874100 0.2512081 0.0067119 0.0000000 0.3214496 0.0100885 0.0033447 0.3348664 0.3047302 0.3103668 0.3291630 0.2764341 0.3685511 0.2524614 0.3160352 0.3213269 0.3484210 0.0707811 0.3801331 
n293_294   0.0414589 0.0414710 0.0975403 0.3223067 0.3042502 0.2818305 0.3156525 0.3214496 0.0000000 0.3270531 0.3214296 0.0414967 0.0100930 0.0067037 0.0379224 0.2929438 0.4167702 0.2885278 0.3318987 0.0134822 0.1497970 0.3162588 0.4024958 
n274_275   0.3293979 0.3403571 0.3729698 0.0822220 0.2929064 0.2563822 0.0101020 0.0100885 0.3270531 0.0000000 0.0067119 0.3406111 0.3101887 0.3158749 0.3348581 0.2818252 0.3805001 0.2576671 0.3270662 0.3269268 0.3542380 0.0745906 0.3922788 
n292_293   0.3237263 0.3345971 0.3669476 0.0746302 0.2824339 0.2464777 0.0033491 0.0033447 0.3214296 0.0067119 0.0000000 0.3348459 0.3047109 0.3103472 0.3291427 0.2715390 0.3685297 0.2477039 0.3160154 0.3213069 0.3484003 0.0670931 0.3801115 
n296_297   0.0134801 0.0134840 0.1095005 0.3357713 0.3169081 0.2942294 0.3289200 0.3348664 0.0414967 0.3406111 0.3348459 0.0000000 0.0379584 0.0343754 0.0100891 0.3053238 0.4404419 0.3011345 0.3568424 0.0414884 0.1458384 0.3295570 0.4393502 
n275_276   0.0379239 0.0379350 0.0858393 0.3055334 0.2932790 0.2712685 0.2990878 0.3047302 0.0100930 0.3101887 0.3047109 0.0379584 0.0000000 0.0033451 0.0344025 0.2821803 0.4104060 0.2726412 0.3204509 0.0100912 0.1371145 0.2996593 0.3906387 
n297_298   0.0343442 0.0343543 0.0897444 0.3111882 0.2934706 0.2714417 0.3046714 0.3103668 0.0067037 0.3158749 0.3103472 0.0343754 0.0033451 0.0000000 0.0308440 0.2823626 0.4170529 0.2779920 0.3262213 0.0067025 0.1413611 0.3052546 0.3970766 
n289_290   0.0033386 0.0033395 0.1055034 0.3300491 0.3113680 0.2888864 0.3232692 0.3291630 0.0379224 0.3348581 0.3291427 0.0100891 0.0344025 0.0308440 0.0000000 0.2998866 0.4396623 0.2957149 0.3509628 0.0379149 0.1498447 0.3238943 0.4327091 
n286_287   0.2947065 0.3051019 0.3301338 0.2510232 0.0100819 0.0778953 0.2717388 0.2764341 0.2929438 0.2818252 0.2715390 0.3053238 0.2821803 0.2823626 0.2998866 0.0000000 0.3327536 0.0895017 0.3137612 0.2928389 0.3306708 0.2457157 0.3481956 
n255_256   0.4333568 0.4460181 0.4565840 0.3886359 0.3448581 0.3203669 0.3748319 0.3685511 0.4167702 0.3805001 0.3685297 0.4404419 0.4104060 0.4170529 0.4396623 0.3327536 0.0000000 0.3114127 0.2777822 0.4238463 0.4631362 0.3818559 0.0449641 
n266_267   0.2905492 0.3009155 0.3266876 0.2278481 0.0974310 0.0237393 0.2478828 0.2524614 0.2885278 0.2576671 0.2477039 0.3011345 0.2726412 0.2779920 0.2957149 0.0895017 0.3114127 0.0000000 0.3043165 0.2884251 0.3153473 0.2227313 0.3264766 
n244_245   0.3453918 0.3455043 0.3431658 0.2944512 0.3254362 0.2977810 0.3217996 0.3160352 0.3318987 0.3270662 0.3160154 0.3568424 0.3204509 0.3262213 0.3509628 0.3137612 0.2777822 0.3043165 0.0000000 0.3266809 0.3589506 0.2994158 0.2881923 
n298_299   0.0414507 0.0414628 0.0975180 0.3221833 0.3041384 0.2817320 0.3155336 0.3213269 0.0134822 0.3269268 0.3213069 0.0414884 0.0100912 0.0067025 0.0379149 0.2928389 0.4238463 0.2884251 0.3266809 0.0000000 0.1497582 0.3161393 0.4036545 
n200_201   0.1539672 0.1540142 0.1711985 0.3438068 0.3375139 0.3033466 0.3423962 0.3484210 0.1497970 0.3542380 0.3484003 0.1458384 0.1371145 0.1413611 0.1498447 0.3306708 0.4631362 0.3153473 0.3589506 0.1497582 0.0000000 0.3375548 0.4681599 
n277_278   0.3185135 0.3293127 0.3614516 0.0134908 0.2561264 0.2216524 0.0708812 0.0707811 0.3162588 0.0745906 0.0670931 0.3295570 0.2996593 0.3052546 0.3238943 0.2457157 0.3818559 0.2227313 0.2994158 0.3161393 0.3375548 0.0000000 0.3868853 
n251_252   0.4264664 0.4390013 0.4638086 0.3937100 0.3605618 0.3355289 0.3865252 0.3801331 0.4024958 0.3922788 0.3801115 0.4393502 0.3906387 0.3970766 0.4327091 0.3481956 0.0449641 0.3264766 0.2881923 0.4036545 0.4681599 0.3868853 0.0000000 
