24
n287_288   0.0000000 0.0203674 0.0937446 0.4258443 0.3910378 0.3846973 0.4552046 0.4406410 0.0706835 0.4270576 0.0307826 0.0707731 0.0521457 0.0705850 0.0067032 0.3851652 0.4219008 0.0272894 0.3967673 0.4920957 0.0781000 0.1860920 0.4059891 0.4286104 
n290_291   0.0203674 0.0000000 0.1056965 0.4408394 0.3921370 0.3857742 0.4709819 0.4560250 0.0821462 0.4420970 0.0378631 0.0822513 0.0632234 0.0820309 0.0134893 0.3862457 0.4363108 0.0343285 0.3978832 0.5156320 0.0896951 0.2000883 0.4204873 0.4431765 
n236_237   0.0937446 0.1056965 0.0000000 0.4135582 0.3549363 0.3496705 0.4354584 0.4355270 0.0782385 0.4220103 0.0938645 0.0783383 0.0669336 0.0782285 0.0898502 0.3493446 0.3960605 0.0899959 0.3612030 0.5074164 0.0896834 0.1640219 0.3880983 0.4025121 
n278_279   0.4258443 0.4408394 0.4135582 0.0000000 0.3459700 0.3128366 0.0898140 0.0745380 0.4396100 0.0783524 0.4397079 0.4403401 0.4063327 0.4328187 0.4328637 0.3458489 0.3777990 0.4332720 0.3177654 0.4658956 0.4391931 0.4531831 0.0168577 0.3722805 
n285_286   0.3910378 0.3921370 0.3549363 0.3459700 0.0000000 0.1271265 0.3837433 0.3651780 0.3844759 0.3648795 0.3911895 0.3850928 0.3536768 0.3781922 0.3847607 0.0101227 0.3736908 0.3851429 0.1311241 0.4421304 0.3713824 0.4099642 0.3342734 0.3799483 
n265_266   0.3846973 0.3857742 0.3496705 0.3128366 0.1271265 0.0000000 0.3371069 0.3197732 0.3493480 0.3255355 0.3721450 0.3613379 0.3310302 0.3547024 0.3784872 0.1270938 0.3866217 0.3662695 0.0170797 0.4641380 0.3664538 0.4123953 0.3016997 0.3930033 
n280_281   0.4552046 0.4709819 0.4354584 0.0898140 0.3837433 0.3371069 0.0000000 0.0169397 0.4547878 0.0343812 0.4697410 0.4555520 0.4277321 0.4551558 0.4625745 0.3836017 0.4372538 0.4630179 0.3485681 0.5199220 0.4686969 0.4705308 0.0782272 0.4312889 
n299_300   0.4406410 0.4560250 0.4355270 0.0745380 0.3651780 0.3197732 0.0169397 0.0000000 0.4474637 0.0169386 0.4548391 0.4482113 0.4207097 0.4478222 0.4478347 0.3650466 0.4170568 0.4482605 0.3309385 0.5038487 0.4612144 0.4629997 0.0632462 0.4112462 
n293_294   0.0706835 0.0821462 0.0782385 0.4396100 0.3844759 0.3493480 0.4547878 0.4474637 0.0000000 0.4337400 0.0706459 0.0067003 0.0168955 0.0342842 0.0669401 0.3786599 0.4029329 0.0669267 0.3608442 0.5002313 0.0413735 0.1770098 0.4193534 0.4094596 
n274_275   0.4270576 0.4420970 0.4220103 0.0783524 0.3648795 0.3255355 0.0343812 0.0169386 0.4337400 0.0000000 0.4409601 0.4344576 0.4075193 0.4340814 0.4340972 0.3647484 0.4032831 0.4345072 0.3308533 0.4957376 0.4472110 0.4550950 0.0669834 0.3975818 
n296_297   0.0307826 0.0378631 0.0938645 0.4397079 0.3911895 0.3721450 0.4697410 0.4548391 0.0706459 0.4409601 0.0000000 0.0707355 0.0521191 0.0705476 0.0237835 0.3853162 0.4351367 0.0033408 0.3903838 0.5152922 0.0780579 0.1861830 0.4194259 0.4419777 
n294_295   0.0707731 0.0822513 0.0783383 0.4403401 0.3850928 0.3613379 0.4555520 0.4482113 0.0067003 0.4344576 0.0707355 0.0000000 0.0169159 0.0343265 0.0670247 0.3792653 0.3968226 0.0670113 0.3730352 0.5085259 0.0414248 0.1772527 0.4200396 0.4032908 
n275_276   0.0521457 0.0632234 0.0669336 0.4063327 0.3536768 0.3310302 0.4277321 0.4207097 0.0168955 0.4075193 0.0521191 0.0169159 0.0000000 0.0168727 0.0485211 0.3481082 0.3832595 0.0485119 0.3422051 0.4773529 0.0237525 0.1548786 0.3870724 0.3895845 
n297_298   0.0705850 0.0820309 0.0782285 0.4328187 0.3781922 0.3547024 0.4551558 0.4478222 0.0342842 0.4340814 0.0705476 0.0343265 0.0168727 0.0000000 0.0668470 0.3724268 0.4089317 0.0668337 0.3662746 0.5070607 0.0134593 0.1680766 0.4127662 0.4155135 
n289_290   0.0067032 0.0134893 0.0898502 0.4328637 0.3847607 0.3784872 0.4625745 0.4478347 0.0669401 0.4340972 0.0237835 0.0670247 0.0485211 0.0668470 0.0000000 0.3789397 0.4153310 0.0203320 0.3904490 0.4999334 0.0743160 0.1815651 0.4127864 0.4219733 
n286_287   0.3851652 0.3862457 0.3493446 0.3458489 0.0101227 0.1270938 0.3836017 0.3650466 0.3786599 0.3647484 0.3853162 0.3792653 0.3481082 0.3724268 0.3789397 0.0000000 0.3735540 0.3793153 0.1310902 0.4419542 0.3656795 0.4039342 0.3341583 0.3798080 
n255_256   0.4219008 0.4363108 0.3960605 0.3777990 0.3736908 0.3866217 0.4372538 0.4170568 0.4029329 0.4032831 0.4351367 0.3968226 0.3832595 0.4089317 0.4153310 0.3735540 0.0000000 0.4287160 0.3924274 0.2896830 0.4216411 0.3899628 0.3647779 0.0134307 
n295_296   0.0272894 0.0343285 0.0899959 0.4332720 0.3851429 0.3662695 0.4630179 0.4482605 0.0669267 0.4345072 0.0033408 0.0670113 0.0485119 0.0668337 0.0203320 0.3793153 0.4287160 0.0000000 0.3843593 0.5081079 0.0743009 0.1817284 0.4131719 0.4354954 
n266_267   0.3967673 0.3978832 0.3612030 0.3177654 0.1311241 0.0170797 0.3485681 0.3309385 0.3608442 0.3308533 0.3903838 0.3730352 0.3422051 0.3662746 0.3904490 0.1310902 0.3924274 0.3843593 0.0000000 0.4490088 0.3782152 0.4116502 0.3065617 0.3988595 
n244_245   0.4920957 0.5156320 0.5074164 0.4658956 0.4421304 0.4641380 0.5199220 0.5038487 0.5002313 0.4957376 0.5152922 0.5085259 0.4773529 0.5070607 0.4999334 0.4419542 0.2896830 0.5081079 0.4490088 0.0000000 0.5062807 0.4925810 0.4510148 0.2792327 
n298_299   0.0781000 0.0896951 0.0896834 0.4391931 0.3713824 0.3664538 0.4686969 0.4612144 0.0413735 0.4472110 0.0780579 0.0414248 0.0237525 0.0134593 0.0743160 0.3656795 0.4216411 0.0743009 0.3782152 0.5062807 0.0000000 0.1768668 0.4189633 0.4283456 
n200_201   0.1860920 0.2000883 0.1640219 0.4531831 0.4099642 0.4123953 0.4705308 0.4629997 0.1770098 0.4550950 0.1861830 0.1772527 0.1548786 0.1680766 0.1815651 0.4039342 0.3899628 0.1817284 0.4116502 0.4925810 0.1768668 0.0000000 0.4262062 0.4027297 
n277_278   0.4059891 0.4204873 0.3880983 0.0168577 0.3342734 0.3016997 0.0782272 0.0632462 0.4193534 0.0669834 0.4194259 0.4200396 0.3870724 0.4127662 0.4127864 0.3341583 0.3647779 0.4131719 0.3065617 0.4510148 0.4189633 0.4262062 0.0000000 0.3593602 
n251_252   0.4286104 0.4431765 0.4025121 0.3722805 0.3799483 0.3930033 0.4312889 0.4112462 0.4094596 0.3975818 0.4419777 0.4032908 0.3895845 0.4155135 0.4219733 0.3798080 0.0134307 0.4354954 0.3988595 0.2792327 0.4283456 0.4027297 0.3593602 0.0000000 
