23
n298_307   0.0000000 0.0484972 0.2904232 0.1122984 0.2112099 0.3345160 0.0779067 0.2110662 0.0448872 0.2302093 0.2859951 0.0033378 0.2304705 0.3635805 0.0100699 0.2209644 0.0448696 0.3994561 0.2352241 0.0412832 0.2947628 0.2858036 0.0202921 
n290_299   0.0484972 0.0000000 0.3064364 0.1245191 0.2351261 0.3467945 0.0856863 0.2349639 0.0033482 0.2450442 0.3075958 0.0449191 0.2453244 0.3764691 0.0449666 0.2355917 0.0307931 0.4129341 0.2501900 0.0272836 0.3108446 0.3073865 0.0557811 
n265_274   0.2904232 0.3064364 0.0000000 0.2849580 0.2698820 0.3941124 0.3068782 0.2699534 0.3066055 0.2606195 0.1296339 0.2957590 0.2707676 0.4131923 0.2961194 0.2606387 0.3008986 0.4449358 0.2758301 0.2903504 0.0237784 0.1338021 0.3062091 
n200_246   0.1122984 0.1245191 0.2849580 0.0000000 0.2398312 0.3453113 0.1124572 0.2396655 0.1204334 0.2449305 0.2913570 0.1083792 0.2452106 0.3748354 0.1084974 0.2354815 0.1203831 0.3930844 0.2500744 0.1163268 0.2999596 0.2911612 0.1203627 
n278_287   0.2112099 0.2351261 0.2698820 0.2398312 0.0000000 0.3643559 0.2449752 0.0100437 0.2302307 0.0703281 0.2655971 0.2159182 0.0742029 0.3948708 0.2161691 0.0667399 0.2299535 0.4182782 0.0779521 0.2251025 0.2691999 0.2654219 0.2301660 
n255_264   0.3345160 0.3467945 0.3941124 0.3453113 0.3643559 0.0000000 0.3575666 0.3640857 0.3466375 0.3763909 0.3959363 0.3349769 0.3708090 0.0378892 0.3353955 0.3708815 0.3520481 0.2611108 0.3766872 0.3406432 0.3937067 0.3956481 0.3400671 
n236_241   0.0779067 0.0856863 0.3068782 0.1124572 0.2449752 0.3575666 0.0000000 0.2496197 0.0818390 0.2548890 0.3024527 0.0741704 0.2551819 0.3941834 0.0742500 0.2453019 0.0818058 0.4124328 0.2601202 0.0779853 0.3223764 0.3022475 0.0855519 
n277_286   0.2110662 0.2349639 0.2699534 0.2396655 0.0100437 0.3640857 0.2496197 0.0000000 0.2300724 0.0702836 0.2656672 0.2157709 0.0741557 0.3945728 0.2111667 0.0666977 0.2297956 0.4179595 0.0779025 0.2249483 0.2692710 0.2602052 0.2250405 
n287_296   0.0448872 0.0033482 0.3066055 0.1204334 0.2302307 0.3466375 0.0818390 0.2300724 0.0000000 0.2400681 0.3020947 0.0413299 0.2403419 0.3762954 0.0413735 0.2306856 0.0272839 0.4127393 0.2451697 0.0237976 0.3110163 0.3018900 0.0521240 
n280_289   0.2302093 0.2450442 0.2606195 0.2449305 0.0703281 0.3763909 0.2548890 0.0702836 0.2400681 0.0000000 0.2661611 0.2350638 0.0134647 0.3946446 0.2353402 0.0066953 0.2397770 0.4448482 0.0168743 0.2348466 0.2599632 0.2659842 0.2497533 
n285_294   0.2859951 0.3075958 0.1296339 0.2913570 0.2655971 0.3959363 0.3024527 0.2656672 0.3020947 0.2661611 0.0000000 0.2913032 0.2664697 0.4151184 0.2916580 0.2563851 0.3022495 0.4540500 0.2715090 0.2916487 0.1253200 0.0135502 0.3017041 
n297_306   0.0033378 0.0449191 0.2957590 0.1083792 0.2159182 0.3349769 0.0741704 0.2157709 0.0413299 0.2350638 0.2913032 0.0000000 0.2353311 0.3640906 0.0066965 0.2257527 0.0413138 0.4000282 0.2401204 0.0377482 0.3001208 0.2911074 0.0168688 
n292_301   0.2304705 0.2453244 0.2707676 0.2452106 0.0742029 0.3708090 0.2551819 0.0741557 0.2403419 0.0134647 0.2664697 0.2353311 0.0000000 0.3889212 0.2356081 0.0067021 0.2400502 0.4383850 0.0033408 0.2351134 0.2700813 0.2662934 0.2500394 
n251_260   0.3635805 0.3764691 0.4131923 0.3748354 0.3948708 0.0378892 0.3941834 0.3945728 0.3762954 0.3946446 0.4151184 0.3640906 0.3889212 0.0000000 0.3645537 0.3889979 0.3819331 0.2816113 0.3949576 0.3700088 0.4127622 0.4148118 0.3693750 
n293_302   0.0100699 0.0449666 0.2961194 0.1084974 0.2161691 0.3353955 0.0742500 0.2111667 0.0413735 0.2353402 0.2916580 0.0066965 0.2356081 0.3645537 0.0000000 0.2260169 0.0413573 0.4005476 0.2404038 0.0377885 0.3004876 0.2807464 0.0100673 
n274_283   0.2209644 0.2355917 0.2606387 0.2354815 0.0667399 0.3708815 0.2453019 0.0666977 0.2306856 0.0066953 0.2563851 0.2257527 0.0067021 0.3889979 0.2260169 0.0000000 0.2304074 0.4322986 0.0100788 0.2255458 0.2599824 0.2562167 0.2402422 
n296_305   0.0448696 0.0307931 0.3008986 0.1203831 0.2299535 0.3520481 0.0818058 0.2297956 0.0272839 0.2397770 0.3022495 0.0413138 0.2400502 0.3819331 0.0413573 0.2304074 0.0000000 0.4189818 0.2448713 0.0100831 0.3052801 0.3020446 0.0521034 
n244_253   0.3994561 0.4129341 0.4449358 0.3930844 0.4182782 0.2611108 0.4124328 0.4179595 0.4127393 0.4448482 0.4540500 0.4000282 0.4383850 0.2816113 0.4005476 0.4322986 0.4189818 0.0000000 0.4448562 0.4064019 0.4713920 0.4598765 0.3996579 
n299_308   0.2352241 0.2501900 0.2758301 0.2500744 0.0779521 0.3766872 0.2601202 0.0779025 0.2451697 0.0168743 0.2715090 0.2401204 0.0033408 0.3949576 0.2404038 0.0100788 0.2448713 0.4448562 0.0000000 0.2398974 0.2751278 0.2713286 0.2549368 
n295_304   0.0412832 0.0272836 0.2903504 0.1163268 0.2251025 0.3406432 0.0779853 0.2249483 0.0237976 0.2348466 0.2916487 0.0377482 0.2351134 0.3700088 0.0377885 0.2255458 0.0100831 0.4064019 0.2398974 0.0000000 0.2946882 0.2914524 0.0484711 
n266_275   0.2947628 0.3108446 0.0237784 0.2999596 0.2691999 0.3937067 0.3223764 0.2692710 0.3110163 0.2599632 0.1253200 0.3001208 0.2700813 0.4127622 0.3004876 0.2599824 0.3052801 0.4713920 0.2751278 0.2946882 0.0000000 0.1294526 0.3106144 
n286_295   0.2858036 0.3073865 0.1338021 0.2911612 0.2654219 0.3956481 0.3022475 0.2602052 0.3018900 0.2659842 0.0135502 0.2911074 0.2662934 0.4148118 0.2807464 0.2562167 0.3020446 0.4598765 0.2713286 0.2914524 0.1294526 0.0000000 0.2906307 
n275_284   0.0202921 0.0557811 0.3062091 0.1203627 0.2301660 0.3400671 0.0855519 0.2250405 0.0521240 0.2497533 0.3017041 0.0168688 0.2500394 0.3693750 0.0100673 0.2402422 0.0521034 0.3996579 0.2549368 0.0484711 0.3106144 0.2906307 0.0000000 
