25
n296_295   0.0000000 0.3107114 0.1330979 0.3002858 0.3054543 0.5030469 0.3053959 0.0702668 0.0591895 0.1970317 0.0777863 0.0306331 0.2751436 0.3055362 0.2602276 0.3108095 0.0237557 0.0376204 0.3103404 0.3397128 0.4440587 0.3341553 0.0411846 0.0628504 0.4058836 
n292_291   0.3107114 0.0000000 0.2744599 0.0740885 0.0067043 0.3943649 0.0777582 0.3157544 0.3047123 0.2730732 0.3212579 0.3098128 0.2118822 0.0100895 0.2027012 0.0237972 0.3158690 0.3146919 0.0168758 0.2702383 0.3683945 0.2701086 0.3203715 0.3047970 0.3627330 
n236_235   0.1330979 0.2744599 0.0000000 0.2694160 0.2645151 0.4367421 0.2642036 0.1129521 0.1010536 0.1454434 0.1210460 0.1087351 0.2507576 0.2697346 0.2314105 0.2695665 0.1248852 0.1165994 0.2793424 0.3290749 0.3940651 0.3289081 0.1207034 0.1049770 0.3644381 
n277_276   0.3002858 0.0740885 0.2694160 0.0000000 0.0666804 0.3821509 0.0237622 0.3000543 0.2892681 0.2836092 0.3002402 0.2942673 0.1848779 0.0666955 0.1849331 0.0855014 0.3053713 0.3045552 0.0777810 0.2459131 0.3624508 0.2457971 0.3101518 0.2944707 0.3568381 
n299_298   0.3054543 0.0067043 0.2645151 0.0666804 0.0000000 0.3826439 0.0703168 0.3052202 0.2943521 0.2631864 0.3106396 0.2993838 0.2027789 0.0033468 0.1937167 0.0169139 0.3105747 0.3042014 0.0100757 0.2603316 0.3569940 0.2602075 0.3097895 0.2944336 0.3514217 
n244_243   0.5030469 0.3943649 0.4367421 0.3821509 0.3826439 0.0000000 0.3940317 0.4500277 0.4432001 0.4050238 0.4704694 0.4614342 0.3707021 0.3888937 0.3533570 0.3769556 0.4962109 0.4743757 0.3880062 0.4214369 0.3653799 0.4212042 0.4749751 0.4433308 0.3375524 
n278_277   0.3053959 0.0777582 0.2642036 0.0237622 0.0703168 0.3940317 0.0000000 0.3051618 0.2942941 0.2782942 0.3053510 0.2993257 0.1848351 0.0740916 0.1803718 0.0892289 0.3105163 0.3096846 0.0814657 0.2358711 0.3623467 0.2357609 0.3153250 0.2995333 0.3567363 
n293_292   0.0702668 0.3157544 0.1129521 0.3000543 0.3052202 0.4500277 0.3051618 0.0000000 0.0100686 0.1750003 0.0134685 0.0518964 0.2548532 0.3053010 0.2403689 0.3105716 0.0665501 0.0591065 0.3101040 0.3283589 0.3993558 0.3281928 0.0628093 0.0134613 0.3635178 
n297_296   0.0591895 0.3047123 0.1010536 0.2892681 0.2943521 0.4432001 0.2942941 0.0100686 0.0000000 0.1661578 0.0168814 0.0411518 0.2447768 0.2944294 0.2305133 0.2996157 0.0555389 0.0482443 0.2991654 0.3170546 0.3926710 0.3168960 0.0518740 0.0033369 0.3572109 
n200_199   0.1970317 0.2730732 0.1454434 0.2836092 0.2631864 0.4050238 0.2782942 0.1750003 0.1661578 0.0000000 0.1839161 0.1703732 0.2544920 0.2683746 0.2350502 0.2684043 0.1924114 0.1701943 0.2679717 0.3171029 0.3730338 0.3169443 0.1746780 0.1704796 0.3505908 
n275_274   0.0777863 0.3212579 0.1210460 0.3002402 0.3106396 0.4704694 0.3053510 0.0134685 0.0168814 0.1839161 0.0000000 0.0591839 0.2598106 0.3107222 0.2452222 0.3160342 0.0740228 0.0664767 0.3155569 0.3228226 0.4182149 0.3226602 0.0702295 0.0203131 0.3813832 
n287_286   0.0306331 0.3098128 0.1087351 0.2942673 0.2993838 0.4614342 0.2993257 0.0518964 0.0411518 0.1703732 0.0591839 0.0000000 0.2544917 0.2994626 0.2400315 0.3046824 0.0271492 0.0066748 0.3042246 0.3169201 0.4108238 0.3115493 0.0100464 0.0447060 0.3744567 
n266_265   0.2751436 0.2118822 0.2507576 0.1848779 0.2027789 0.3707021 0.1848351 0.2548532 0.2447768 0.2544920 0.2598106 0.2544917 0.0000000 0.1981285 0.0237893 0.2073954 0.2548702 0.2642342 0.2163650 0.1372788 0.3352359 0.1372192 0.2694942 0.2496601 0.3027098 
n300_299   0.3055362 0.0100895 0.2697346 0.0666955 0.0033468 0.3888937 0.0740916 0.3053010 0.2944294 0.2683746 0.3107222 0.2994626 0.1981285 0.0000000 0.1983806 0.0203640 0.3106582 0.3042817 0.0134786 0.2655279 0.3630532 0.2654008 0.3098716 0.2945110 0.3574292 
n265_264   0.2602276 0.2027012 0.2314105 0.1849331 0.1937167 0.3533570 0.1803718 0.2403689 0.2305133 0.2350502 0.2452222 0.2400315 0.0237893 0.1983806 0.0000000 0.1982713 0.2403873 0.2495787 0.2071281 0.1169885 0.3079517 0.1169382 0.2547182 0.2257545 0.2766593 
n274_273   0.3108095 0.0237972 0.2695665 0.0855014 0.0169139 0.3769556 0.0892289 0.3105716 0.2996157 0.2684043 0.3160342 0.3046824 0.2073954 0.0203640 0.1982713 0.0000000 0.3159674 0.3095312 0.0272504 0.2606805 0.3741639 0.2605561 0.3151657 0.2996988 0.3571651 
n295_294   0.0237557 0.3158690 0.1248852 0.3053713 0.3105747 0.4962109 0.3105163 0.0665501 0.0555389 0.1924114 0.0740228 0.0271492 0.2548702 0.3106582 0.2403873 0.3159674 0.0000000 0.0340991 0.3210164 0.3174005 0.4376311 0.3120209 0.0376405 0.0591791 0.3997756 
n290_289   0.0376204 0.3146919 0.1165994 0.3045552 0.3042014 0.4743757 0.3096846 0.0591065 0.0482443 0.1701943 0.0664767 0.0066748 0.2642342 0.3042817 0.2495787 0.3095312 0.0340991 0.0000000 0.3090664 0.3275857 0.4230407 0.3221343 0.0100371 0.0518362 0.3860560 
n280_279   0.3103404 0.0168758 0.2793424 0.0777810 0.0100757 0.3880062 0.0814657 0.3101040 0.2991654 0.2679717 0.3155569 0.3042246 0.2163650 0.0134786 0.2071281 0.0272504 0.3210164 0.3090664 0.0000000 0.2751029 0.3622315 0.2749703 0.3146919 0.2992484 0.3566232 
n286_285   0.3397128 0.2702383 0.3290749 0.2459131 0.2603316 0.4214369 0.2358711 0.3283589 0.3170546 0.3171029 0.3228226 0.3169201 0.1372788 0.2655279 0.1169885 0.2606805 0.3174005 0.3275857 0.2751029 0.0000000 0.3878030 0.0067359 0.3283109 0.3116297 0.3468953 
n255_254   0.4440587 0.3683945 0.3940651 0.3624508 0.3569940 0.3653799 0.3623467 0.3993558 0.3926710 0.3730338 0.4182149 0.4108238 0.3352359 0.3630532 0.3079517 0.3741639 0.4376311 0.4230407 0.3622315 0.3878030 0.0000000 0.3875945 0.4240402 0.3927854 0.0378588 
n285_284   0.3341553 0.2701086 0.3289081 0.2457971 0.2602075 0.4212042 0.2357609 0.3281928 0.3168960 0.3169443 0.3226602 0.3115493 0.1372192 0.2654008 0.1169382 0.2605561 0.3120209 0.3221343 0.2749703 0.0067359 0.3875945 0.0000000 0.3228450 0.3114746 0.3467161 
n289_288   0.0411846 0.3203715 0.1207034 0.3101518 0.3097895 0.4749751 0.3153250 0.0628093 0.0518740 0.1746780 0.0702295 0.0100464 0.2694942 0.3098716 0.2547182 0.3151657 0.0376405 0.0100371 0.3146919 0.3283109 0.4240402 0.3228450 0.0000000 0.0554890 0.3869457 
n298_297   0.0628504 0.3047970 0.1049770 0.2944707 0.2944336 0.4433308 0.2995333 0.0134613 0.0033369 0.1704796 0.0203131 0.0447060 0.2496601 0.2945110 0.2257545 0.2996988 0.0591791 0.0518362 0.2992484 0.3116297 0.3927854 0.3114746 0.0554890 0.0000000 0.3573133 
n251_250   0.4058836 0.3627330 0.3644381 0.3568381 0.3514217 0.3375524 0.3567363 0.3635178 0.3572109 0.3505908 0.3813832 0.3744567 0.3027098 0.3574292 0.2766593 0.3571651 0.3997756 0.3860560 0.3566232 0.3468953 0.0378588 0.3467161 0.3869457 0.3573133 0.0000000 
