19
n287_254   0.0000000 0.3053506 0.0134062 0.0134215 0.0696058 0.3575363 0.3798450 0.0445311 0.0134132 0.0167992 0.0516752 0.4178314 0.1384633 0.3059246 0.0339911 0.3005110 0.1031365 0.0659475 0.3062483 
n266_243   0.3053506 0.0000000 0.3153203 0.3157682 0.3628689 0.3222839 0.3436918 0.3365995 0.2954188 0.3002790 0.3475628 0.3641402 0.3002510 0.1317584 0.3206929 0.0238315 0.3515057 0.3573043 0.1238832 
n289_256   0.0134062 0.3153203 0.0000000 0.0202177 0.0696033 0.3681980 0.3908291 0.0516080 0.0202051 0.0167895 0.0588249 0.4237512 0.1464587 0.3159198 0.0409663 0.3104220 0.1107653 0.0659452 0.3162555 
n290_257   0.0134215 0.3157682 0.0202177 0.0000000 0.0770037 0.3634366 0.3859537 0.0516683 0.0202282 0.0236460 0.0588940 0.4242779 0.1425958 0.3163695 0.0410139 0.3108613 0.1070469 0.0733040 0.3167062 
n298_263   0.0696058 0.3628689 0.0696033 0.0770037 0.0000000 0.4077254 0.4316742 0.0305524 0.0769553 0.0806226 0.0305829 0.4725621 0.1968315 0.3635467 0.0340092 0.3576604 0.1422367 0.0033333 0.3639421 
n251_234   0.3575363 0.3222839 0.3681980 0.3634366 0.4077254 0.0000000 0.0414379 0.3910945 0.3684955 0.3738308 0.3915666 0.2812550 0.3412920 0.3128847 0.3795097 0.3275401 0.3956148 0.4018009 0.3132184 
n255_236   0.3798450 0.3436918 0.3908291 0.3859537 0.4316742 0.0414379 0.0000000 0.4145098 0.3911541 0.3966529 0.4150162 0.3014562 0.3739928 0.3286564 0.4025267 0.3491083 0.4011259 0.4255397 0.3290097 
n294_259   0.0445311 0.3365995 0.0516080 0.0516683 0.0305524 0.3910945 0.4145098 0.0000000 0.0516360 0.0551910 0.0066905 0.4545240 0.1672495 0.3371045 0.0100480 0.3315577 0.1263973 0.0270876 0.3374669 
n296_261   0.0134132 0.2954188 0.0202051 0.0202282 0.0769553 0.3684955 0.3911541 0.0516360 0.0000000 0.0033311 0.0588571 0.4297016 0.1465484 0.2959677 0.0409883 0.2906385 0.1108298 0.0732579 0.2962794 
n295_260   0.0167992 0.3002790 0.0167895 0.0236460 0.0806226 0.3738308 0.3966529 0.0551910 0.0033311 0.0000000 0.0624479 0.4354622 0.1505539 0.3008400 0.0444935 0.2954709 0.1146552 0.0769070 0.3011575 
n293_258   0.0516752 0.3475628 0.0588249 0.0588940 0.0305829 0.3915666 0.4150162 0.0066905 0.0588571 0.0624479 0.0000000 0.4550879 0.1758109 0.3375019 0.0168390 0.3424463 0.1344467 0.0271146 0.3378651 
n244_227   0.4178314 0.3641402 0.4237512 0.4242779 0.4725621 0.2812550 0.3014562 0.4545240 0.4297016 0.4354622 0.4550879 0.0000000 0.3778847 0.3870704 0.4358455 0.3644788 0.4289936 0.4660800 0.3762039 
n200_191   0.1384633 0.3002510 0.1464587 0.1425958 0.1968315 0.3412920 0.3739928 0.1672495 0.1465484 0.1505539 0.1758109 0.3778847 0.0000000 0.2957283 0.1547256 0.2954443 0.1625762 0.1924466 0.2860805 
n285_252   0.3059246 0.1317584 0.3159198 0.3163695 0.3635467 0.3128847 0.3286564 0.3371045 0.2959677 0.3008400 0.3375019 0.3870704 0.2957283 0.0000000 0.3211649 0.1439651 0.3682884 0.3579676 0.0067445 
n275_248   0.0339911 0.3206929 0.0409663 0.0410139 0.0340092 0.3795097 0.4025267 0.0100480 0.0409883 0.0444935 0.0168390 0.4358455 0.1547256 0.3211649 0.0000000 0.3157565 0.1145913 0.0305290 0.3215072 
n265_242   0.3005110 0.0238315 0.3104220 0.3108613 0.3576604 0.3275401 0.3491083 0.3315577 0.2906385 0.2954709 0.3424463 0.3644788 0.2954443 0.1439651 0.3157565 0.0000000 0.3410703 0.3521348 0.1359639 
n236_219   0.1031365 0.3515057 0.1107653 0.1070469 0.1422367 0.3956148 0.4011259 0.1263973 0.1108298 0.1146552 0.1344467 0.4289936 0.1625762 0.3682884 0.1145913 0.3410703 0.0000000 0.1381848 0.3577172 
n297_262   0.0659475 0.3573043 0.0659452 0.0733040 0.0033333 0.4018009 0.4255397 0.0270876 0.0732579 0.0769070 0.0271146 0.4660800 0.1924466 0.3579676 0.0305290 0.3521348 0.1381848 0.0000000 0.3583558 
n286_253   0.3062483 0.1238832 0.3162555 0.3167062 0.3639421 0.3132184 0.3290097 0.3374669 0.2962794 0.3011575 0.3378651 0.3762039 0.2860805 0.0067445 0.3215072 0.1359639 0.3577172 0.3583558 0.0000000 
