24
n292_293   0.0000000 0.3027188 0.3081200 0.3292260 0.3979672 0.2418256 0.0100504 0.3182602 0.0168483 0.2923315 0.4106213 0.3034975 0.0134359 0.0889764 0.3234187 0.4365791 0.3234187 0.3188565 0.2658565 0.2928121 0.2514228 0.0927792 0.0202511 0.2913481 
n287_288   0.3027188 0.0000000 0.0100867 0.0307018 0.4076614 0.2882311 0.3081329 0.0272306 0.3082100 0.0067018 0.4390492 0.0968107 0.3134386 0.2874610 0.0271888 0.4254537 0.0271888 0.0272400 0.3038852 0.1702066 0.2985490 0.2925591 0.3181247 0.3361421 
n290_291   0.3081200 0.0100867 0.0000000 0.0342178 0.4140193 0.2935281 0.3135804 0.0307280 0.3136582 0.0100827 0.4457112 0.1007271 0.3189303 0.2927393 0.0306809 0.4197144 0.0306809 0.0307387 0.3040774 0.1746083 0.3039291 0.2978791 0.3236473 0.3363625 
n294_295   0.3292260 0.0307018 0.0342178 0.0000000 0.4139823 0.2829750 0.3348590 0.0100831 0.3349389 0.0306898 0.4456857 0.0929930 0.3403738 0.3081401 0.0100673 0.4305532 0.0033408 0.0342213 0.3035769 0.1831862 0.2932136 0.3133957 0.3452040 0.3358080 
n251_252   0.3979672 0.4076614 0.4140193 0.4139823 0.0000000 0.3265920 0.3982493 0.4075595 0.3986735 0.4011113 0.0378388 0.4030126 0.3924454 0.3429534 0.4134282 0.3207846 0.4073156 0.4022864 0.3150493 0.3795695 0.3375272 0.3596195 0.3982444 0.3310537 
n286_287   0.2418256 0.2882311 0.2935281 0.2829750 0.3265920 0.0000000 0.2518416 0.2779517 0.2423605 0.2780309 0.3379910 0.2897394 0.2567204 0.2325683 0.2828477 0.3471189 0.2828477 0.2936559 0.1203822 0.2741750 0.0066982 0.2372599 0.2466149 0.1407642 
n300_301   0.0100504 0.3081329 0.3135804 0.3348590 0.3982493 0.2518416 0.0000000 0.3237989 0.0134508 0.2976618 0.4109148 0.3089283 0.0033339 0.0852239 0.3289983 0.4368958 0.3289983 0.3244069 0.2709588 0.2981501 0.2615919 0.0890076 0.0168410 0.2966557 
n275_276   0.3182602 0.0272306 0.0307280 0.0100831 0.4075595 0.2779517 0.3237989 0.0000000 0.3238777 0.0272199 0.4389536 0.0892043 0.3292233 0.2975064 0.0066965 0.4245217 0.0066965 0.0342327 0.2985381 0.1743672 0.2881166 0.3026779 0.3339907 0.3305431 
n274_275   0.0168483 0.3082100 0.3136582 0.3349389 0.3986735 0.2423605 0.0134508 0.3238777 0.0000000 0.2977376 0.4113545 0.3090057 0.0168581 0.0777327 0.3290776 0.4245620 0.3290776 0.3244859 0.2712350 0.2982260 0.2519801 0.0814769 0.0168563 0.2969612 
n289_290   0.2923315 0.0067018 0.0100827 0.0306898 0.4011113 0.2780309 0.2976618 0.0272199 0.2977376 0.0000000 0.4321843 0.0967724 0.3028876 0.2873492 0.0271782 0.4130647 0.0271782 0.0272293 0.2934535 0.1616331 0.2881984 0.2924455 0.3075188 0.3252222 
n255_256   0.4106213 0.4390492 0.4457112 0.4456857 0.0378388 0.3379910 0.4109148 0.4389536 0.4113545 0.4321843 0.0000000 0.4219086 0.4050020 0.3546387 0.4450834 0.3263529 0.4386857 0.4211454 0.3262250 0.4036873 0.3491189 0.3716057 0.3989409 0.3371080 
n236_237   0.3034975 0.0968107 0.1007271 0.0929930 0.4030126 0.2897394 0.3089283 0.0892043 0.3090057 0.0967724 0.4219086 0.0000000 0.3142502 0.2988730 0.0890637 0.4210015 0.0890637 0.1046242 0.2993584 0.1753978 0.3001197 0.3040717 0.3189496 0.3314546 
n299_300   0.0134359 0.3134386 0.3189303 0.3403738 0.3924454 0.2567204 0.0033339 0.3292233 0.0168581 0.3028876 0.4050020 0.3142502 0.0000000 0.0890299 0.3344618 0.4432901 0.3344618 0.3247890 0.2759669 0.3033832 0.2665408 0.0928351 0.0202629 0.3018593 
n278_279   0.0889764 0.2874610 0.2927393 0.3081401 0.3429534 0.2325683 0.0852239 0.2975064 0.0777327 0.2873492 0.3546387 0.2988730 0.0890299 0.0000000 0.3025217 0.4115394 0.3025217 0.2980598 0.2423911 0.2880167 0.2420406 0.0100731 0.0890204 0.2670537 
n297_298   0.3234187 0.0271888 0.0306809 0.0100673 0.4134282 0.2828477 0.3289983 0.0066965 0.3290776 0.0271782 0.4450834 0.0890637 0.3344618 0.3025217 0.0000000 0.4305077 0.0066872 0.0341802 0.3035749 0.1786032 0.2930808 0.3077295 0.3392558 0.3358058 
n244_245   0.4365791 0.4254537 0.4197144 0.4305532 0.3207846 0.3471189 0.4368958 0.4245217 0.4245620 0.4130647 0.3263529 0.4210015 0.4432901 0.4115394 0.4305077 0.0000000 0.4237440 0.4130487 0.3755495 0.4027682 0.3583360 0.4174612 0.4365182 0.3926589 
n293_294   0.3234187 0.0271888 0.0306809 0.0033408 0.4073156 0.2828477 0.3289983 0.0066965 0.3290776 0.0271782 0.4386857 0.0890637 0.3344618 0.3025217 0.0066872 0.4237440 0.0000000 0.0306841 0.3035749 0.1786032 0.2930808 0.3077295 0.3392558 0.3358058 
n296_297   0.3188565 0.0272400 0.0307387 0.0342213 0.4022864 0.2936559 0.3244069 0.0342327 0.3244859 0.0272293 0.4211454 0.1046242 0.3247890 0.2980598 0.0341802 0.4130487 0.0306841 0.0000000 0.2990952 0.1746757 0.3040629 0.3032421 0.3346192 0.3311670 
n266_267   0.2658565 0.3038852 0.3040774 0.3035769 0.3150493 0.1203822 0.2709588 0.2985381 0.2712350 0.2934535 0.3262250 0.2993584 0.2759669 0.2423911 0.3035749 0.3755495 0.3035749 0.2990952 0.0000000 0.2733614 0.1284277 0.2471555 0.2705344 0.0272048 
n200_201   0.2928121 0.1702066 0.1746083 0.1831862 0.3795695 0.2741750 0.2981501 0.1743672 0.2982260 0.1616331 0.4036873 0.1753978 0.3033832 0.2880167 0.1786032 0.4027682 0.1786032 0.1746757 0.2733614 0.0000000 0.2843162 0.2931255 0.3080200 0.3042126 
n285_286   0.2514228 0.2985490 0.3039291 0.2932136 0.3375272 0.0066982 0.2615919 0.2881166 0.2519801 0.2881984 0.3491189 0.3001197 0.2665408 0.2420406 0.2930808 0.3583360 0.2930808 0.3040629 0.1284277 0.2843162 0.0000000 0.2467977 0.2562789 0.1490622 
n277_278   0.0927792 0.2925591 0.2978791 0.3133957 0.3596195 0.2372599 0.0890076 0.3026779 0.0814769 0.2924455 0.3716057 0.3040717 0.0928351 0.0100731 0.3077295 0.4174612 0.3077295 0.3032421 0.2471555 0.2931255 0.2467977 0.0000000 0.0928252 0.2719978 
n280_281   0.0202511 0.3181247 0.3236473 0.3452040 0.3982444 0.2466149 0.0168410 0.3339907 0.0168563 0.3075188 0.3989409 0.3189496 0.0202629 0.0890204 0.3392558 0.4365182 0.3392558 0.3346192 0.2705344 0.3080200 0.2562789 0.0928252 0.0000000 0.2911599 
n265_266   0.2913481 0.3361421 0.3363625 0.3358080 0.3310537 0.1407642 0.2966557 0.3305431 0.2969612 0.3252222 0.3371080 0.3314546 0.3018593 0.2670537 0.3358058 0.3926589 0.3358058 0.3311670 0.0272048 0.3042126 0.1490622 0.2719978 0.2911599 0.0000000 
