23
n287_288   0.0000000 0.0168520 0.0958025 0.3357671 0.2954946 0.3213908 0.2754011 0.2802419 0.0482116 0.2753774 0.2852232 0.0237095 0.0411275 0.0518025 0.0446415 0.0134533 0.2905743 0.4508987 0.3062456 0.3841129 0.1349657 0.3250490 0.4695134 
n290_291   0.0168520 0.0000000 0.0882298 0.3358354 0.2854933 0.3160214 0.2754486 0.2802910 0.0411074 0.2754250 0.2852739 0.0202641 0.0375899 0.0482059 0.0410866 0.0100616 0.2806388 0.4379628 0.3009917 0.3732324 0.1269551 0.3251133 0.4562249 
n236_237   0.0958025 0.0882298 0.0000000 0.3308144 0.2708444 0.3056552 0.2804274 0.2853064 0.1035704 0.2804033 0.2903296 0.0958668 0.0959408 0.1036621 0.0997002 0.0920270 0.2660812 0.4676653 0.2908275 0.3899296 0.1471073 0.3201549 0.4738602 
n278_279   0.3357671 0.3358354 0.3308144 0.0000000 0.2902250 0.3155018 0.0885499 0.0885994 0.3467465 0.0848341 0.0924031 0.3313152 0.3362036 0.3471837 0.3361591 0.3413151 0.2853425 0.4808668 0.3005009 0.3958371 0.3358006 0.0168630 0.4937400 
n285_286   0.2954946 0.2854933 0.2708444 0.2902250 0.0000000 0.1267649 0.2472327 0.2473857 0.2859811 0.2427195 0.2521514 0.2860498 0.2762256 0.2911223 0.2761937 0.2905879 0.0100454 0.3905396 0.1190103 0.3676915 0.2904371 0.2999845 0.3848247 
n265_266   0.3213908 0.3160214 0.3056552 0.3155018 0.1267649 0.0000000 0.2662837 0.2664506 0.3165799 0.2616623 0.2713483 0.3215847 0.3064131 0.3219696 0.3063750 0.3213564 0.1228369 0.4200851 0.0168546 0.3852679 0.3208994 0.3155558 0.4143128 
n280_281   0.2754011 0.2754486 0.2804274 0.0885499 0.2472327 0.2662837 0.0000000 0.0067127 0.2854483 0.0033483 0.0100949 0.2806562 0.2757270 0.2857764 0.2756953 0.2804575 0.2471090 0.4498696 0.2522174 0.3358256 0.2702802 0.0773208 0.4686864 
n299_300   0.2802419 0.2802910 0.2853064 0.0885994 0.2473857 0.2664506 0.0067127 0.0000000 0.2903592 0.0033501 0.0033509 0.2855372 0.2805761 0.2906954 0.2757709 0.2853351 0.2472618 0.4500097 0.2523742 0.3410669 0.2751840 0.0773637 0.4688346 
n293_294   0.0482116 0.0411074 0.1035704 0.3467465 0.2859811 0.3165799 0.2854483 0.2903592 0.0000000 0.2854237 0.2954177 0.0446752 0.0066994 0.0168718 0.0168565 0.0411151 0.2811158 0.4506209 0.3015152 0.3737825 0.1391410 0.3358506 0.4692183 
n274_275   0.2753774 0.2754250 0.2804033 0.0848341 0.2427195 0.2616623 0.0033483 0.0033501 0.2854237 0.0000000 0.0067173 0.2806320 0.2757034 0.2857517 0.2756716 0.2804333 0.2425986 0.4498262 0.2476733 0.3357956 0.2703525 0.0736571 0.4686406 
n292_293   0.2852232 0.2852739 0.2903296 0.0924031 0.2521514 0.2713483 0.0100949 0.0033509 0.2954177 0.0067173 0.0000000 0.2905626 0.2855661 0.2957624 0.2807280 0.2903568 0.2520244 0.4563570 0.2571771 0.3464934 0.2801286 0.0811046 0.4753572 
n296_297   0.0237095 0.0202641 0.0958668 0.3313152 0.2860498 0.3215847 0.2806562 0.2855372 0.0446752 0.2806320 0.2905626 0.0000000 0.0376227 0.0482482 0.0411225 0.0168517 0.2811834 0.4505340 0.3064287 0.3897669 0.1350590 0.3307369 0.4691246 
n294_295   0.0411275 0.0375899 0.0959408 0.3362036 0.2762256 0.3064131 0.2757270 0.2805761 0.0066994 0.2757034 0.2855661 0.0376227 0.0000000 0.0100763 0.0100673 0.0341006 0.2714217 0.4385153 0.2915449 0.3790108 0.1311260 0.3254644 0.4568150 
n275_276   0.0518025 0.0482059 0.1036621 0.3471837 0.2911223 0.3219696 0.2857764 0.2906954 0.0168718 0.2857517 0.2957624 0.0482482 0.0100763 0.0000000 0.0202833 0.0446672 0.2862200 0.4446190 0.3067852 0.3961421 0.1432589 0.3362669 0.4630751 
n297_298   0.0446415 0.0410866 0.0997002 0.3361591 0.2761937 0.3063750 0.2756953 0.2757709 0.0168565 0.2756716 0.2807280 0.0411225 0.0100673 0.0202833 0.0000000 0.0375832 0.2713907 0.4268471 0.2915099 0.3789558 0.1350582 0.3254223 0.4448703 
n289_290   0.0134533 0.0100616 0.0920270 0.3413151 0.2905879 0.3213564 0.2804575 0.2853351 0.0411151 0.2804333 0.2903568 0.0168517 0.0341006 0.0446672 0.0375832 0.0000000 0.2856975 0.4443586 0.3062110 0.3786528 0.1229922 0.3305030 0.4627987 
n286_287   0.2905743 0.2806388 0.2660812 0.2853425 0.0100454 0.1228369 0.2471090 0.2472618 0.2811158 0.2425986 0.2520244 0.2811834 0.2714217 0.2862200 0.2713907 0.2856975 0.0000000 0.3965355 0.1151192 0.3677147 0.2855491 0.2950409 0.3907716 
n255_256   0.4508987 0.4379628 0.4676653 0.4808668 0.3905396 0.4200851 0.4498696 0.4500097 0.4506209 0.4498262 0.4563570 0.4505340 0.4385153 0.4446190 0.4268471 0.4443586 0.3965355 0.0000000 0.4031033 0.3206277 0.4569456 0.4810277 0.0411079 
n266_267   0.3062456 0.3009917 0.2908275 0.3005009 0.1190103 0.0168546 0.2522174 0.2523742 0.3015152 0.2476733 0.2571771 0.3064287 0.2915449 0.3067852 0.2915099 0.3062110 0.1151192 0.4031033 0.0000000 0.3744383 0.3109803 0.3005487 0.3974457 
n244_245   0.3841129 0.3732324 0.3899296 0.3958371 0.3676915 0.3852679 0.3358256 0.3410669 0.3737825 0.3357956 0.3464934 0.3897669 0.3790108 0.3961421 0.3789558 0.3786528 0.3677147 0.3206277 0.3744383 0.0000000 0.3901144 0.3841867 0.3204333 
n200_201   0.1349657 0.1269551 0.1471073 0.3358006 0.2904371 0.3208994 0.2702802 0.2751840 0.1391410 0.2703525 0.2801286 0.1350590 0.1311260 0.1432589 0.1350582 0.1229922 0.2855491 0.4569456 0.3109803 0.3901144 0.0000000 0.3250756 0.4631073 
n277_278   0.3250490 0.3251133 0.3201549 0.0168630 0.2999845 0.3155558 0.0773208 0.0773637 0.3358506 0.0736571 0.0811046 0.3307369 0.3254644 0.3362669 0.3254223 0.3305030 0.2950409 0.4810277 0.3005487 0.3841867 0.3250756 0.0000000 0.4939130 
n251_252   0.4695134 0.4562249 0.4738602 0.4937400 0.3848247 0.4143128 0.4686864 0.4688346 0.4692183 0.4686406 0.4753572 0.4691246 0.4568150 0.4630751 0.4448703 0.4627987 0.3907716 0.0411079 0.3974457 0.3204333 0.4631073 0.4939130 0.0000000 
