27
n297_332   0.0000000 0.0066998 2.3384805 2.8229917 3.2283034 0.3060151 2.5799292 2.2347334 2.1832434 0.1121963 2.0903873 0.1164823 3.1090346 2.3836915 0.2875353 2.4504516 2.4549466 0.5245121 0.1321346 2.3104154 2.1650035 2.0194442 0.3004795 0.9734551 2.2540792 0.2948281 0.2616640 
n298_333   0.0066998 0.0000000 2.4615136 2.9279504 3.3815825 0.3169065 2.6639544 2.1781573 2.2271286 0.1202036 2.0983939 0.1245637 3.1335977 2.5119143 0.2981945 2.5854036 2.5280576 0.5395350 0.1403914 2.3744480 2.2193760 2.0661447 0.3112717 0.9875977 2.3666389 0.3055198 0.2614203 
n300_335   2.3384805 2.4615136 0.0000000 1.6616670 1.8812266 1.8261257 0.3978598 3.0772557 0.4171219 2.0593935 3.2499668 2.0268074 3.3602435 0.0169540 2.0369680 0.0937095 3.2578213 1.7673939 2.1615189 0.0307935 2.1774248 1.9698575 2.0717471 2.3213074 0.1340555 1.9223842 1.9621779 
n265_300   2.8229917 2.9279504 1.6616670 0.0000000 0.1416533 2.4632480 2.6177455 3.2787068 2.6432135 2.6091977 7.1093317 2.4576088 4.0769893 1.6809962 3.1998109 1.6428087 4.0771972 2.7981998 2.4465894 1.7165545 1.0948194 1.0267729 2.9197161 2.6522646 1.7999900 2.6783576 3.3593251 
n266_301   3.2283034 3.3815825 1.8812266 0.1416533 0.0000000 2.6699813 3.2021633 2.4101023 3.4252152 2.8320344 3.4118279 2.6490209 2.8116049 1.9048504 3.8131177 1.7970291 3.3321837 4.2969993 2.6368241 2.0211308 1.1898044 1.1746504 3.3941541 2.4050803 2.1782181 2.9325442 3.9918635 
n290_325   0.3060151 0.3169065 1.8261257 2.4632480 2.6699813 0.0000000 2.2686747 2.8841763 1.7366062 0.3234184 2.1318571 0.3178466 2.4316989 1.8127558 0.2078788 1.7953315 2.6447314 0.5931550 0.3173928 1.8177004 2.1527981 2.2419598 0.0854113 1.2868698 1.7975974 0.0741438 0.1895630 
n278_313   2.5799292 2.6639544 0.3978598 2.6177455 3.2021633 2.2686747 0.0000000 3.5204133 0.1136028 2.6748156 2.8752557 2.2862740 2.8253756 0.3795589 2.8109601 0.4423851 3.6694262 2.0751914 2.7561421 0.3860490 2.2859329 2.1419757 2.4379718 2.3614874 0.4218023 2.3320275 2.7465390 
n244_279   2.2347334 2.1781573 3.0772557 3.2787068 2.4101023 2.8841763 3.5204133 0.0000000 2.5855645 2.4081941 2.6380992 2.6451630 1.8305614 3.2511591 2.6538275 3.5773682 1.7857384 3.7967657 2.3328461 3.2219471 2.4801248 2.3471418 3.0905794 2.8630831 3.3796859 3.0056831 2.8187902 
n277_312   2.1832434 2.2271286 0.4171219 2.6432135 3.4252152 1.7366062 0.1136028 2.5855645 0.0000000 2.3830105 2.7534036 2.2339847 2.8142208 0.4109983 2.1700618 0.4695015 5.6503690 1.7907825 2.4781252 0.4108546 2.0668224 1.9097591 1.8376822 2.3614963 0.4239063 1.8224141 2.1201019 
n294_329   0.1121963 0.1202036 2.0593935 2.6091977 2.8320344 0.3234184 2.6748156 2.4081941 2.3830105 0.0000000 2.2386655 0.0934108 2.9864284 2.0945332 0.3192619 2.0821198 2.5244673 0.5671466 0.0520499 2.0089053 2.1393858 1.9637509 0.3286664 1.0945135 1.8949847 0.3333019 0.2980576 
n255_290   2.0903873 2.0983939 3.2499668 7.1093317 3.4118279 2.1318571 2.8752557 2.6380992 2.7534036 2.2386655 0.0000000 2.2999709 0.3327887 3.4830584 2.3837690 3.2338670 2.2695513 2.2017312 2.4508290 3.3525417 2.2783255 2.6779725 2.1096286 2.4793374 4.8965882 2.0784700 2.2465323 
n275_310   0.1164823 0.1245637 2.0268074 2.4576088 2.6490209 0.3178466 2.2862740 2.6451630 2.2339847 0.0934108 2.2999709 0.0000000 2.5761326 2.0609671 0.3093877 2.0489968 2.2920156 0.4934149 0.1011515 1.9777407 2.3178564 2.1605593 0.3174138 0.9622785 1.9035599 0.3276612 0.2828056 
n251_286   3.1090346 3.1335977 3.3602435 4.0769893 2.8116049 2.4316989 2.8253756 1.8305614 2.8142208 2.9864284 0.3327887 2.5761326 0.0000000 3.8007660 2.7640990 3.1724329 2.4790587 2.0992398 3.0549000 3.5986690 2.1808744 2.3429194 2.5119966 2.2033204 3.6404456 2.6507591 2.5710819 
n299_334   2.3836915 2.5119143 0.0169540 1.6809962 1.9048504 1.8127558 0.3795589 3.2511591 0.4109983 2.0945332 3.4830584 2.0609671 3.8007660 0.0000000 2.0200297 0.0976507 3.1292160 1.8037639 2.2002591 0.0308242 2.1600630 1.9564480 2.0937205 2.4104808 0.1298965 1.9416701 1.9465580 
n296_331   0.2875353 0.2981945 2.0369680 3.1998109 3.8131177 0.2078788 2.8109601 2.6538275 2.1700618 0.3192619 2.3837690 0.3093877 2.7640990 2.0200297 0.0000000 2.2220897 2.8405684 0.6019148 0.3085478 2.0374694 2.0673805 2.0229646 0.1938939 1.0973777 2.1449324 0.1985544 0.0523019 
n280_315   2.4504516 2.5854036 0.0937095 1.6428087 1.7970291 1.7953315 0.4423851 3.5773682 0.4695015 2.0821198 3.2338670 2.0489968 3.1724329 0.0976507 2.2220897 0.0000000 3.6443361 1.7057737 2.2716228 0.0897505 2.4501995 2.1752680 2.0295114 2.0176771 0.1592559 1.8873688 2.0349765 
n244_277   2.4549466 2.5280576 3.2578213 4.0771972 3.3321837 2.6447314 3.6694262 1.7857384 5.6503690 2.5244673 2.2695513 2.2920156 2.4790587 3.1292160 2.8405684 3.6443361 0.0000000 2.1594368 2.5264579 3.2952431 2.1670886 2.2901413 2.6937933 2.8029760 3.0662418 2.8289786 2.8554462 
n236_269   0.5245121 0.5395350 1.7673939 2.7981998 4.2969993 0.5931550 2.0751914 3.7967657 1.7907825 0.5671466 2.2017312 0.4934149 2.0992398 1.8037639 0.6019148 1.7057737 2.1594368 0.0000000 0.5569690 1.7405813 2.0990004 1.9886056 0.5706569 0.9673894 1.9226481 0.5462227 0.5386248 
n293_328   0.1321346 0.1403914 2.1615189 2.4465894 2.6368241 0.3173928 2.7561421 2.3328461 2.4781252 0.0520499 2.4508290 0.1011515 3.0549000 2.2002591 0.3085478 2.2716228 2.5264579 0.5569690 0.0000000 2.1058552 2.2471274 1.9674586 0.3171638 1.0151311 2.0121977 0.3222648 0.2871970 
n292_327   2.3104154 2.3744480 0.0307935 1.7165545 2.0211308 1.8177004 0.3860490 3.2219471 0.4108546 2.0089053 3.3525417 1.9777407 3.5986690 0.0308242 2.0374694 0.0897505 3.2952431 1.7405813 2.1058552 0.0000000 2.3130827 2.0069226 2.0608804 2.3522812 0.1297383 1.9130427 1.9158108 
n286_321   2.1650035 2.2193760 2.1774248 1.0948194 1.1898044 2.1527981 2.2859329 2.4801248 2.0668224 2.1393858 2.2783255 2.3178564 2.1808744 2.1600630 2.0673805 2.4501995 2.1670886 2.0990004 2.2471274 2.3130827 0.0000000 0.0594285 2.2020435 1.9408469 2.1839635 2.1765297 2.1597479 
n285_320   2.0194442 2.0661447 1.9698575 1.0267729 1.1746504 2.2419598 2.1419757 2.3471418 1.9097591 1.9637509 2.6779725 2.1605593 2.3429194 1.9564480 2.0229646 2.1752680 2.2901413 1.9886056 1.9674586 2.0069226 0.0594285 0.0000000 2.2018733 1.7583861 2.0229751 2.2287598 2.1106982 
n287_322   0.3004795 0.3112717 2.0717471 2.9197161 3.3941541 0.0854113 2.4379718 3.0905794 1.8376822 0.3286664 2.1096286 0.3174138 2.5119966 2.0937205 0.1938939 2.0295114 2.6937933 0.5706569 0.3171638 2.0608804 2.2020435 2.2018733 0.0000000 1.2540708 2.0182994 0.0740332 0.1806408 
n200_229   0.9734551 0.9875977 2.3213074 2.6522646 2.4050803 1.2868698 2.3614874 2.8630831 2.3614963 1.0945135 2.4793374 0.9622785 2.2033204 2.4104808 1.0973777 2.0176771 2.8029760 0.9673894 1.0151311 2.3522812 1.9408469 1.7583861 1.2540708 0.0000000 2.2893015 1.2248325 1.1045183 
n274_309   2.2540792 2.3666389 0.1340555 1.7999900 2.1782181 1.7975974 0.4218023 3.3796859 0.4239063 1.8949847 4.8965882 1.9035599 3.6404456 0.1298965 2.1449324 0.1592559 3.0662418 1.9226481 2.0121977 0.1297383 2.1839635 2.0229751 2.0182994 2.2893015 0.0000000 1.9590751 2.0509535 
n289_324   0.2948281 0.3055198 1.9223842 2.6783576 2.9325442 0.0741438 2.3320275 3.0056831 1.8224141 0.3333019 2.0784700 0.3276612 2.6507591 1.9416701 0.1985544 1.8873688 2.8289786 0.5462227 0.3222648 1.9130427 2.1765297 2.2287598 0.0740332 1.2248325 1.9590751 0.0000000 0.1716394 
n295_330   0.2616640 0.2614203 1.9621779 3.3593251 3.9918635 0.1895630 2.7465390 2.8187902 2.1201019 0.2980576 2.2465323 0.2828056 2.5710819 1.9465580 0.0523019 2.0349765 2.8554462 0.5386248 0.2871970 1.9158108 2.1597479 2.1106982 0.1806408 1.1045183 2.0509535 0.1716394 0.0000000 
