27
n200_227   0.0000000 1.0732077 2.3852485 2.0071793 2.0426998 2.0757186 1.0851396 1.1542202 2.1812088 1.8484104 1.0419311 1.1733566 4.9540861 1.8681994 1.1627125 2.2337249 2.3228243 1.1269562 3.1306333 1.1376414 1.0583247 2.2971489 1.9525565 2.2376971 1.0903901 1.1694853 3.9046936 
n298_333   1.0732077 0.0000000 1.8036204 2.1203119 1.8172195 1.7231881 0.0237560 0.2957397 1.9705195 1.7316278 0.0969084 0.2962381 2.7525122 1.5230226 0.3063044 1.8226821 1.7698135 0.2962125 2.2709434 0.6491406 0.1045448 1.6930368 1.6360679 1.7719685 0.1088053 0.2960115 2.8988302 
n300_335   2.3852485 1.8036204 0.0000000 1.7918811 2.0134179 0.0933251 1.7756021 1.8612575 3.3430405 0.4736205 1.8504414 1.9981451 2.8320630 0.5065552 1.8548097 2.2798827 0.0169725 1.9627389 4.2446735 1.9764391 1.8720785 0.0344313 0.1252520 2.0622249 2.0398805 2.0012460 2.9723558 
n265_300   2.0071793 2.1203119 1.7918811 0.0000000 0.2062043 1.5166812 2.0497764 2.4889570 1.8510869 2.0132192 1.9311871 1.9941928 2.5260997 2.0760608 2.3122536 1.1240709 1.7934104 1.8818021 2.5847565 2.2226678 1.8666662 1.8745763 1.6829095 1.1230893 2.2751733 2.2293957 2.4337072 
n266_301   2.0426998 1.8172195 2.0134179 0.2062043 0.0000000 1.7902086 1.7590950 2.3761371 1.7097085 2.3112828 1.6735481 1.9337034 2.3144782 2.1727837 2.2341384 1.2498202 2.0506996 1.8620463 2.4535936 2.0991565 1.6155969 2.0961470 1.8197742 1.1620680 1.8158743 2.2569959 2.2963926 
n280_315   2.0757186 1.7231881 0.0933251 1.5166812 1.7902086 0.0000000 1.6973071 1.7783776 3.1556023 0.4663413 1.7437200 1.8340597 2.8671837 0.4988589 1.8359848 2.2040837 0.0818535 1.8089902 3.2577330 1.7950740 1.7628656 0.1011721 0.1253094 2.0467730 1.9738420 1.9066629 2.9660812 
n297_332   1.0851396 0.0237560 1.7756021 2.0497764 1.7590950 1.6973071 0.0000000 0.3121034 1.9044617 1.6789288 0.1087770 0.3126344 2.7483384 1.5282924 0.3229363 1.8626495 1.7426530 0.3076452 2.2873253 0.6770587 0.1165472 1.6678803 1.6902752 1.8098638 0.1289638 0.3123931 2.8265956 
n290_325   1.1542202 0.2957397 1.8612575 2.4889570 2.3761371 1.7783776 0.3121034 0.0000000 2.0022511 1.9259984 0.2844199 0.1759762 2.6003739 1.7721410 0.0594553 1.5966721 1.8254583 0.1756750 2.3844389 0.6885577 0.2896568 1.7743392 1.7134029 1.6154193 0.3016225 0.0377888 3.1487546 
n244_279   2.1812088 1.9705195 3.3430405 1.8510869 1.7097085 3.1556023 1.9044617 2.0022511 0.0000000 2.5445292 1.9864532 2.0360765 2.2773349 2.5952030 1.9873506 2.5444749 3.0816806 1.9632241 1.7945467 2.6875443 1.8779129 2.9698422 3.0578784 2.3200023 1.8020686 2.0119073 1.9090222 
n277_312   1.8484104 1.7316278 0.4736205 2.0132192 2.3112828 0.4663413 1.6789288 1.9259984 2.5445292 0.0000000 1.8301584 2.0842303 2.9332588 0.1137402 1.9264447 2.0057607 0.4677860 2.1430000 3.2232316 2.0640781 1.8188386 0.4894535 0.5101764 2.0612350 1.9179390 1.9953949 3.0490249 
n294_329   1.0419311 0.0969084 1.8504414 1.9311871 1.6735481 1.7437200 0.1087770 0.2844199 1.9864532 1.8301584 0.0000000 0.2952599 2.1436701 1.6427398 0.2953499 1.7091900 1.8151185 0.2849229 2.0341167 0.6128523 0.0306422 1.7790107 1.6900372 1.6312680 0.1128749 0.2901368 2.3032319 
n296_331   1.1733566 0.2962381 1.9981451 1.9941928 1.9337034 1.8340597 0.3126344 0.1759762 2.0360765 2.0842303 0.2952599 0.0000000 2.6148685 1.8272115 0.1715304 1.6040950 1.9577770 0.0412728 2.0990367 0.6351891 0.2956528 1.8553976 1.7246725 1.6186147 0.3238954 0.1585414 2.5460757 
n255_290   4.9540861 2.7525122 2.8320630 2.5260997 2.3144782 2.8671837 2.7483384 2.6003739 2.2773349 2.9332588 2.1436701 2.6148685 0.0000000 3.2744713 2.9595384 2.7585074 2.8385439 2.4903985 1.9098255 3.2673481 2.1879973 2.7341833 2.5968046 2.0926861 2.5327159 2.5019382 0.3231700 
n278_313   1.8681994 1.5230226 0.5065552 2.0760608 2.1727837 0.4988589 1.5282924 1.7721410 2.5952030 0.1137402 1.6427398 1.8272115 3.2744713 0.0000000 1.8605748 2.0602770 0.5145218 1.7599617 2.4548779 1.7698851 1.6581333 0.5295808 0.5005459 2.0647836 1.6772213 1.8185436 3.4183371 
n287_322   1.1627125 0.3063044 1.8548097 2.3122536 2.2341384 1.8359848 0.3229363 0.0594553 1.9873506 1.9264447 0.2953499 0.1715304 2.9595384 1.8605748 0.0000000 1.5869222 1.8192316 0.1844309 2.2892977 0.6790082 0.3006812 1.7395928 1.6887576 1.6308186 0.2857280 0.0449168 2.9238727 
n285_320   2.2337249 1.8226821 2.2798827 1.1240709 1.2498202 2.2040837 1.8626495 1.5966721 2.5444749 2.0057607 1.7091900 1.6040950 2.7585074 2.0602770 1.5869222 0.0000000 2.3075326 1.5418408 4.1179387 1.9246403 1.6538609 2.2626998 2.2589618 0.0860324 1.6966903 1.4890713 2.9070667 
n299_334   2.3228243 1.7698135 0.0169725 1.7934104 2.0506996 0.0818535 1.7426530 1.8254583 3.0816806 0.4677860 1.8151185 1.9577770 2.8385439 0.5145218 1.8192316 2.3075326 0.0000000 1.9235897 3.9590700 1.9684788 1.8359230 0.0239090 0.1131901 2.0860240 1.9978182 1.9605762 2.9805052 
n295_330   1.1269562 0.2962125 1.9627389 1.8818021 1.8620463 1.8089902 0.3076452 0.1756750 1.9632241 2.1430000 0.2849229 0.0412728 2.4903985 1.7599617 0.1844309 1.5418408 1.9235897 0.0000000 2.0110411 0.5953824 0.2954217 1.8244602 1.6924275 1.4844665 0.3235783 0.1582701 2.6942697 
n244_277   3.1306333 2.2709434 4.2446735 2.5847565 2.4535936 3.2577330 2.2873253 2.3844389 1.7945467 3.2232316 2.0341167 2.0990367 1.9098255 2.4548779 2.2892977 4.1179387 3.9590700 2.0110411 0.0000000 2.2613157 2.1762089 3.9105115 3.6697531 3.4974415 2.5017754 2.3311318 2.0705665 
n236_269   1.1376414 0.6491406 1.9764391 2.2226678 2.0991565 1.7950740 0.6770587 0.6885577 2.6875443 2.0640781 0.6128523 0.6351891 3.2673481 1.7698851 0.6790082 1.9246403 1.9684788 0.5953824 2.2613157 0.0000000 0.6307419 1.9728547 1.8295996 1.7359432 0.6420736 0.6808440 2.9962005 
n293_328   1.0583247 0.1045448 1.8720785 1.8666662 1.6155969 1.7628656 0.1165472 0.2896568 1.8779129 1.8188386 0.0306422 0.2956528 2.1879973 1.6581333 0.3006812 1.6538609 1.8359230 0.2954217 2.1762089 0.6307419 0.0000000 1.7289304 1.7007426 1.6585579 0.1206975 0.2954271 2.2006813 
n292_327   2.2971489 1.6930368 0.0344313 1.8745763 2.0961470 0.1011721 1.6678803 1.7743392 2.9698422 0.4894535 1.7790107 1.8553976 2.7341833 0.5295808 1.7395928 2.2626998 0.0239090 1.8244602 3.9105115 1.9728547 1.7289304 0.0000000 0.1253861 2.0876360 1.9018208 1.8632247 2.6622876 
n274_309   1.9525565 1.6360679 0.1252520 1.6829095 1.8197742 0.1253094 1.6902752 1.7134029 3.0578784 0.5101764 1.6900372 1.7246725 2.5968046 0.5005459 1.6887576 2.2589618 0.1131901 1.6924275 3.6697531 1.8295996 1.7007426 0.1253861 0.0000000 2.0468672 1.7705887 1.8112926 2.6700259 
n286_321   2.2376971 1.7719685 2.0622249 1.1230893 1.1620680 2.0467730 1.8098638 1.6154193 2.3200023 2.0612350 1.6312680 1.6186147 2.0926861 2.0647836 1.6308186 0.0860324 2.0860240 1.4844665 3.4974415 1.7359432 1.6585579 2.0876360 2.0468672 0.0000000 1.6198684 1.5284800 2.3454991 
n275_310   1.0903901 0.1088053 2.0398805 2.2751733 1.8158743 1.9738420 0.1289638 0.3016225 1.8020686 1.9179390 0.1128749 0.3238954 2.5327159 1.6772213 0.2857280 1.6966903 1.9978182 0.3235783 2.5017754 0.6420736 0.1206975 1.9018208 1.7705887 1.6198684 0.0000000 0.2910539 2.4073349 
n289_324   1.1694853 0.2960115 2.0012460 2.2293957 2.2569959 1.9066629 0.3123931 0.0377888 2.0119073 1.9953949 0.2901368 0.1585414 2.5019382 1.8185436 0.0449168 1.4890713 1.9605762 0.1582701 2.3311318 0.6808440 0.2954271 1.8632247 1.8112926 1.5284800 0.2910539 0.0000000 2.8933936 
n251_286   3.9046936 2.8988302 2.9723558 2.4337072 2.2963926 2.9660812 2.8265956 3.1487546 1.9090222 3.0490249 2.3032319 2.5460757 0.3231700 3.4183371 2.9238727 2.9070667 2.9805052 2.6942697 2.0705665 2.9962005 2.2006813 2.6622876 2.6700259 2.3454991 2.4073349 2.8933936 0.0000000 
