25
n287_288   0.0000000 0.0033459 0.1086622 0.2479611 0.2580723 0.2575454 0.2779336 0.2826880 0.0705669 0.2779937 0.2927551 0.0203159 0.0705305 0.0744055 0.0523087 0.0033408 0.2678994 0.3969710 0.0168868 0.2725859 0.3223756 0.0559333 0.1457399 0.2526599 0.4101490 
n290_291   0.0033459 0.0000000 0.1127234 0.2530876 0.2632902 0.2627527 0.2833201 0.2881117 0.0743748 0.2833814 0.2982643 0.0237866 0.0743363 0.0782444 0.0560031 0.0067060 0.2731987 0.4034478 0.0203364 0.2779247 0.3281914 0.0596505 0.1500845 0.2578227 0.4167688 
n236_237   0.1086622 0.1127234 0.0000000 0.2521807 0.2335888 0.2519852 0.2637047 0.2683828 0.1085059 0.2735735 0.2782712 0.1084171 0.1084488 0.1164350 0.0969878 0.1125560 0.2478404 0.3580558 0.1045124 0.2668659 0.3225225 0.1008405 0.1286437 0.2473376 0.3531805 
n278_279   0.2479611 0.2530876 0.2521807 0.0000000 0.2187823 0.2229271 0.0778341 0.0815179 0.2616187 0.0853571 0.0890682 0.2569330 0.2614704 0.2624095 0.2380457 0.2526841 0.2327030 0.4013570 0.2521126 0.2371488 0.3264810 0.2427505 0.2575390 0.0168652 0.3898254 
n285_286   0.2580723 0.2632902 0.2335888 0.2187823 0.0000000 0.1070593 0.2430436 0.2475861 0.2678518 0.2525983 0.2571624 0.2574534 0.2676990 0.2686695 0.2488947 0.2628678 0.0100211 0.3802607 0.2526212 0.1188668 0.3222259 0.2536920 0.2534817 0.2052452 0.3860876 
n265_266   0.2575454 0.2627527 0.2519852 0.2229271 0.1070593 0.0000000 0.2465975 0.2511440 0.2624609 0.2466504 0.2607330 0.2569286 0.2623117 0.2632572 0.2483851 0.2623317 0.1187698 0.4035470 0.2521058 0.0201227 0.3330957 0.2531729 0.2667337 0.2093327 0.4037335 
n280_281   0.2779336 0.2833201 0.2637047 0.0778341 0.2430436 0.2465975 0.0000000 0.0033503 0.2876965 0.0135100 0.0100989 0.2872428 0.2875312 0.2824077 0.2573346 0.2828611 0.2574902 0.4112531 0.2822116 0.2613388 0.3335354 0.2621687 0.2688806 0.0740883 0.4044489 
n299_300   0.2826880 0.2881117 0.2683828 0.0815179 0.2475861 0.2511440 0.0033503 0.0000000 0.2925036 0.0169152 0.0067156 0.2920433 0.2923353 0.2871809 0.2619541 0.2876442 0.2621148 0.4169035 0.2869827 0.2659748 0.3386731 0.2668159 0.2639502 0.0777546 0.4100418 
n293_294   0.0705669 0.0743748 0.1085059 0.2616187 0.2678518 0.2624609 0.2876965 0.2925036 0.0000000 0.2928184 0.3026938 0.0704096 0.0067127 0.0307850 0.0237981 0.0742663 0.2778076 0.4332713 0.0667101 0.2776060 0.3501694 0.0272624 0.1536363 0.2663876 0.4336577 
n274_275   0.2779937 0.2833814 0.2735735 0.0853571 0.2525983 0.2466504 0.0135100 0.0169152 0.2928184 0.0000000 0.0237962 0.2873048 0.2926497 0.2874893 0.2670709 0.2829222 0.2672376 0.4224176 0.2822725 0.2613950 0.3394835 0.2719702 0.2788298 0.0815696 0.4155044 
n292_293   0.2927551 0.2982643 0.2782712 0.0890682 0.2571624 0.2607330 0.0100989 0.0067156 0.3026938 0.0237962 0.0000000 0.3022193 0.3025190 0.2972933 0.2717102 0.2977781 0.2718822 0.4290196 0.2970903 0.2757713 0.3496186 0.2766368 0.2737956 0.0852633 0.4220286 
n296_297   0.0203159 0.0237866 0.1084171 0.2569330 0.2574534 0.2569286 0.2872428 0.2920433 0.0704096 0.2873048 0.3022193 0.0000000 0.0703733 0.0742392 0.0521926 0.0237531 0.2672544 0.4076723 0.0033408 0.2719284 0.3376800 0.0558091 0.1535136 0.2616771 0.4150054 
n294_295   0.0705305 0.0743363 0.1084488 0.2614704 0.2676990 0.2623117 0.2875312 0.2923353 0.0067127 0.2926497 0.3025190 0.0703733 0.0000000 0.0307697 0.0237862 0.0742278 0.2776485 0.4330096 0.0666758 0.2774471 0.3499617 0.0272487 0.1535533 0.2662364 0.4333957 
n275_276   0.0744055 0.0782444 0.1164350 0.2624095 0.2686695 0.2632572 0.2824077 0.2871809 0.0307850 0.2874893 0.2972933 0.0742392 0.0307697 0.0000000 0.0203491 0.0781299 0.2786638 0.4213618 0.0705136 0.2784616 0.3560941 0.0237967 0.1665946 0.2671961 0.4217383 
n297_298   0.0523087 0.0560031 0.0969878 0.2380457 0.2488947 0.2483851 0.2573346 0.2619541 0.0237981 0.2670709 0.2717102 0.0521926 0.0237862 0.0203491 0.0000000 0.0559220 0.2586110 0.4096598 0.0485849 0.2632440 0.3280162 0.0033490 0.1413694 0.2426772 0.4100263 
n289_290   0.0033408 0.0067060 0.1125560 0.2526841 0.2628678 0.2623317 0.2828611 0.2876442 0.0742663 0.2829222 0.2977781 0.0237531 0.0742278 0.0781299 0.0559220 0.0000000 0.2727583 0.4027570 0.0203078 0.2774758 0.3276447 0.0595640 0.1498563 0.2574109 0.4160495 
n286_287   0.2678994 0.2731987 0.2478404 0.2327030 0.0100211 0.1187698 0.2574902 0.2621148 0.2778076 0.2672376 0.2718822 0.2672544 0.2776485 0.2786638 0.2586110 0.2727583 0.0000000 0.3975471 0.2623582 0.1307921 0.3227446 0.2634724 0.2681747 0.2189088 0.4035044 
n255_256   0.3969710 0.4034478 0.3580558 0.4013570 0.3802607 0.4035470 0.4112531 0.4169035 0.4332713 0.4224176 0.4290196 0.4076723 0.4330096 0.4213618 0.4096598 0.4027570 0.3975471 0.0000000 0.4017752 0.4219862 0.2994940 0.4156393 0.4103890 0.3892282 0.0555074 
n295_296   0.0168868 0.0203364 0.1045124 0.2521126 0.2526212 0.2521058 0.2822116 0.2869827 0.0667101 0.2822725 0.2970903 0.0033408 0.0666758 0.0705136 0.0485849 0.0203078 0.2623582 0.4017752 0.0000000 0.2670013 0.3322623 0.0521827 0.1493352 0.2568277 0.4090400 
n266_267   0.2725859 0.2779247 0.2668659 0.2371488 0.1188668 0.0201227 0.2613388 0.2659748 0.2776060 0.2613950 0.2757713 0.2719284 0.2774471 0.2784616 0.2632440 0.2774758 0.1307921 0.4219862 0.2670013 0.0000000 0.3498277 0.2681363 0.2819519 0.2232754 0.4221794 
n244_245   0.3223756 0.3281914 0.3225225 0.3264810 0.3222259 0.3330957 0.3335354 0.3386731 0.3501694 0.3394835 0.3496186 0.3376800 0.3499617 0.3560941 0.3280162 0.3276447 0.3227446 0.2994940 0.3322623 0.3498277 0.0000000 0.3333980 0.3458185 0.3157720 0.3101852 
n298_299   0.0559333 0.0596505 0.1008405 0.2427505 0.2536920 0.2531729 0.2621687 0.2668159 0.0272624 0.2719702 0.2766368 0.0558091 0.0272487 0.0237967 0.0033490 0.0595640 0.2634724 0.4156393 0.0521827 0.2681363 0.3333980 0.0000000 0.1454859 0.2474102 0.4160109 
n200_201   0.1457399 0.1500845 0.1286437 0.2575390 0.2534817 0.2667337 0.2688806 0.2639502 0.1536363 0.2788298 0.2737956 0.1535136 0.1535533 0.1665946 0.1413694 0.1498563 0.2681747 0.4103890 0.1493352 0.2819519 0.3458185 0.1454859 0.0000000 0.2526492 0.4038130 
n277_278   0.2526599 0.2578227 0.2473376 0.0168652 0.2052452 0.2093327 0.0740883 0.0777546 0.2663876 0.0815696 0.0852633 0.2616771 0.2662364 0.2671961 0.2426772 0.2574109 0.2189088 0.3892282 0.2568277 0.2232754 0.3157720 0.2474102 0.2526492 0.0000000 0.3830319 
n251_252   0.4101490 0.4167688 0.3531805 0.3898254 0.3860876 0.4037335 0.4044489 0.4100418 0.4336577 0.4155044 0.4220286 0.4150054 0.4333957 0.4217383 0.4100263 0.4160495 0.4035044 0.0555074 0.4090400 0.4221794 0.3101852 0.4160109 0.4038130 0.3830319 0.0000000 
