19
n287_196   0.0000000 0.2564153 0.2314263 0.2562559 0.2513193 0.0743932 0.2512568 0.0559107 0.0238525 0.0067136 0.0633139 0.3019250 0.0522442 0.2508057 0.2964575 0.2612039 0.0067149 0.1212881 0.0669970 
n299_208   0.2564153 0.0000000 0.2653316 0.0066919 0.0033373 0.2762912 0.0706158 0.2664862 0.2669520 0.2563496 0.2769490 0.3061889 0.2663541 0.2857118 0.2957110 0.0134597 0.2514992 0.2467002 0.2819881 
n285_194   0.2314263 0.2653316 0.0000000 0.2651665 0.2601816 0.2264250 0.2602706 0.2461938 0.2415084 0.2313673 0.2513794 0.1846940 0.2411872 0.0134653 0.1890672 0.2652413 0.2266972 0.2368791 0.2562302 
n292_201   0.2562559 0.0066919 0.2651665 0.0000000 0.0033355 0.2761178 0.0705765 0.2663197 0.2667849 0.2561904 0.2767749 0.2954023 0.2661878 0.2855320 0.2850894 0.0134533 0.2513434 0.2465475 0.2818104 
n274_183   0.2513193 0.0033373 0.2601816 0.0033355 0.0000000 0.2710391 0.0668612 0.2613096 0.2617628 0.2512550 0.2716837 0.3007108 0.2611795 0.2803946 0.2903181 0.0100631 0.2464415 0.2416765 0.2766832 
n236_153   0.0743932 0.2762912 0.2264250 0.2761178 0.2710391 0.0000000 0.2712501 0.0594909 0.0706501 0.0743747 0.0669290 0.3124893 0.0558072 0.2456394 0.3069334 0.2812066 0.0743895 0.1090536 0.0706269 
n278_187   0.2512568 0.0706158 0.2602706 0.0705765 0.0668612 0.2712501 0.0000000 0.2511881 0.2616925 0.2511926 0.2613896 0.2953830 0.2510649 0.2804827 0.2850760 0.0781073 0.2463826 0.2367575 0.2663113 
n298_207   0.0559107 0.2664862 0.2461938 0.2663197 0.2613096 0.0594909 0.2511881 0.0000000 0.0522708 0.0558968 0.0067132 0.2913162 0.0033444 0.2660252 0.2859398 0.2713405 0.0559078 0.0973428 0.0100930 
n295_204   0.0238525 0.2669520 0.2415084 0.2667849 0.2617628 0.0706501 0.2616925 0.0522708 0.0000000 0.0238467 0.0596292 0.2966583 0.0486266 0.2612184 0.3020939 0.2718177 0.0238512 0.1172616 0.0632926 
n289_198   0.0067136 0.2563496 0.2313673 0.2561904 0.2512550 0.0743747 0.2511926 0.0558968 0.0238467 0.0000000 0.0632982 0.3018477 0.0522313 0.2507416 0.2963816 0.2611370 0.0067133 0.1212576 0.0669804 
n294_203   0.0633139 0.2769490 0.2513794 0.2767749 0.2716837 0.0669290 0.2613896 0.0067132 0.0596292 0.0632982 0.0000000 0.2968931 0.0100956 0.2713840 0.2914658 0.2818761 0.0633107 0.1052737 0.0100983 
n266_175   0.3019250 0.3061889 0.1846940 0.2954023 0.3007108 0.3124893 0.2953830 0.2913162 0.2966583 0.3018477 0.2968931 0.0000000 0.2859511 0.2026984 0.0237486 0.3168461 0.2966878 0.2708061 0.3020628 
n275_184   0.0522442 0.2663541 0.2411872 0.2661878 0.2611795 0.0558072 0.2510649 0.0033444 0.0486266 0.0522313 0.0100956 0.2859511 0.0000000 0.2608609 0.2806215 0.2712057 0.0522415 0.0934158 0.0134919 
n286_195   0.2508057 0.2857118 0.0134653 0.2855320 0.2803946 0.2456394 0.2804827 0.2660252 0.2612184 0.2507416 0.2713840 0.2026984 0.2608609 0.0000000 0.2071844 0.2856134 0.2459411 0.2564721 0.2763753 
n265_174   0.2964575 0.2957110 0.1890672 0.2850894 0.2903181 0.3069334 0.2850760 0.2859398 0.3020939 0.2963816 0.2914658 0.0237486 0.2806215 0.2071844 0.0000000 0.3062096 0.2912636 0.2655963 0.2965937 
n280_189   0.2612039 0.0134597 0.2652413 0.0134533 0.0100631 0.2812066 0.0781073 0.2713405 0.2718177 0.2611370 0.2818761 0.3168461 0.2712057 0.2856134 0.3062096 0.0000000 0.2562567 0.2466167 0.2869474 
n290_199   0.0067149 0.2514992 0.2266972 0.2513434 0.2464415 0.0743895 0.2463826 0.0559078 0.0238512 0.0067133 0.0633107 0.2966878 0.0522415 0.2459411 0.2912636 0.2562567 0.0000000 0.1212824 0.0669937 
n200_129   0.1212881 0.2467002 0.2368791 0.2465475 0.2416765 0.1090536 0.2367575 0.0973428 0.1172616 0.1212576 0.1052737 0.2708061 0.0934158 0.2564721 0.2655963 0.2466167 0.1212824 0.0000000 0.1091886 
n293_202   0.0669970 0.2819881 0.2562302 0.2818104 0.2766832 0.0706269 0.2663113 0.0100930 0.0632926 0.0669804 0.0100983 0.3020628 0.0134919 0.2763753 0.2965937 0.2869474 0.0669937 0.1091886 0.0000000 
