23
n287_288   0.0000000 0.0033385 0.0962535 0.2608610 0.2176740 0.2303402 0.2558306 0.2508468 0.0447995 0.2604934 0.2555204 0.0100652 0.0376941 0.0591988 0.0448098 0.2269715 0.4132442 0.0134474 0.2213934 0.4553586 0.1561362 0.2652962 0.3897646 
n290_291   0.0033385 0.0000000 0.0924120 0.2559273 0.2130571 0.2256558 0.2560105 0.2510225 0.0412367 0.2606769 0.2556998 0.0066920 0.0341716 0.0555556 0.0412462 0.2222884 0.4070735 0.0100581 0.2167664 0.4488159 0.1519329 0.2603369 0.3837947 
n236_237   0.0962535 0.0924120 0.0000000 0.2797773 0.2502786 0.2633773 0.2798752 0.2747128 0.0965197 0.2846772 0.2795307 0.0924706 0.0926020 0.1159351 0.1003477 0.2600311 0.4500494 0.0962415 0.2540379 0.4593507 0.1475671 0.2892198 0.4194671 
n278_279   0.2608610 0.2559273 0.2797773 0.0000000 0.2008511 0.2135325 0.0629200 0.0520116 0.2716028 0.0592556 0.0555972 0.2609985 0.2615871 0.2916753 0.2816993 0.2052611 0.3936996 0.2657422 0.2136240 0.3738962 0.2811935 0.0135118 0.3650191 
n285_286   0.2176740 0.2130571 0.2502786 0.2008511 0.0000000 0.1077813 0.2185760 0.2094424 0.2366665 0.2185537 0.2138733 0.2177879 0.2271868 0.2460464 0.2367105 0.0066984 0.3398031 0.2222546 0.1001498 0.3758482 0.2459142 0.2049564 0.3128025 
n265_266   0.2303402 0.2256558 0.2633773 0.2135325 0.1077813 0.0000000 0.2315677 0.2222944 0.2357418 0.2315435 0.2267869 0.2304603 0.2308297 0.2543527 0.2358159 0.1117636 0.3540304 0.2349836 0.0134220 0.3976658 0.2402684 0.2087711 0.3327327 
n280_281   0.2558306 0.2560105 0.2798752 0.0629200 0.2185760 0.2315677 0.0000000 0.0101008 0.2667726 0.0169189 0.0134950 0.2610847 0.2568226 0.2867186 0.2768047 0.2279194 0.4227564 0.2658314 0.2316674 0.4019591 0.2861580 0.0701572 0.3929929 
n299_300   0.2508468 0.2510225 0.2747128 0.0520116 0.2094424 0.2222944 0.0101008 0.0000000 0.2616852 0.0067158 0.0033480 0.2560546 0.2518150 0.2814751 0.2716381 0.2186594 0.4105033 0.2607666 0.2223898 0.3901046 0.2760973 0.0591500 0.3812250 
n293_294   0.0447995 0.0412367 0.0965197 0.2716028 0.2366665 0.2357418 0.2667726 0.2616852 0.0000000 0.2715198 0.2664454 0.0412621 0.0067016 0.0377208 0.0237665 0.2462458 0.4262865 0.0447946 0.2312394 0.4184103 0.1607148 0.2760230 0.3965877 
n274_275   0.2604934 0.2606769 0.2846772 0.0592556 0.2185537 0.2315435 0.0169189 0.0067158 0.2715198 0.0000000 0.0100940 0.2657849 0.2615065 0.2915882 0.2816143 0.2278956 0.4226887 0.2705584 0.2316432 0.3953454 0.2861240 0.0664586 0.3929337 
n292_293   0.2555204 0.2556998 0.2795307 0.0555972 0.2138733 0.2267869 0.0134950 0.0033480 0.2664454 0.0100940 0.0000000 0.2607666 0.2565099 0.2863621 0.2764628 0.2231471 0.4102916 0.2655065 0.2268844 0.3957594 0.2711876 0.0627638 0.3810319 
n296_297   0.0100652 0.0066920 0.0924706 0.2609985 0.2177879 0.2304603 0.2610847 0.2560546 0.0412621 0.2657849 0.2607666 0.0000000 0.0341926 0.0555913 0.0412716 0.2270904 0.3954076 0.0033374 0.2215088 0.4491513 0.1520320 0.2654359 0.3724801 
n294_295   0.0376941 0.0341716 0.0926020 0.2615871 0.2271868 0.2308297 0.2568226 0.2518150 0.0067016 0.2615065 0.2565099 0.0341926 0.0000000 0.0306903 0.0168828 0.2366271 0.4137521 0.0376901 0.2218614 0.4304457 0.1522596 0.2659586 0.3845613 
n275_276   0.0591988 0.0555556 0.1159351 0.2916753 0.2460464 0.2543527 0.2867186 0.2814751 0.0377208 0.2915882 0.2863621 0.0555913 0.0306903 0.0000000 0.0341939 0.2557563 0.4265066 0.0591921 0.2451050 0.4687625 0.1734681 0.2961885 0.3849934 
n297_298   0.0448098 0.0412462 0.1003477 0.2816993 0.2367105 0.2358159 0.2768047 0.2716381 0.0237665 0.2816143 0.2764628 0.0412716 0.0168828 0.0341939 0.0000000 0.2462909 0.4203868 0.0448049 0.2267783 0.4494322 0.1607479 0.2861671 0.3909116 
n286_287   0.2269715 0.2222884 0.2600311 0.2052611 0.0066984 0.1117636 0.2279194 0.2186594 0.2462458 0.2278956 0.2231471 0.2270904 0.2366271 0.2557563 0.2462909 0.0000000 0.3509996 0.2316148 0.1040867 0.3875719 0.2556193 0.2093839 0.3235642 
n255_256   0.4132442 0.4070735 0.4500494 0.3936996 0.3398031 0.3540304 0.4227564 0.4105033 0.4262865 0.4226887 0.4102916 0.3954076 0.4137521 0.4265066 0.4203868 0.3509996 0.0000000 0.4010928 0.3487150 0.3480205 0.4366768 0.3811897 0.0520415 
n295_296   0.0134474 0.0100581 0.0962415 0.2657422 0.2222546 0.2349836 0.2658314 0.2607666 0.0447946 0.2705584 0.2655065 0.0033374 0.0376901 0.0591921 0.0448049 0.2316148 0.4010928 0.0000000 0.2259826 0.4552467 0.1519660 0.2702014 0.3779982 
n266_267   0.2213934 0.2167664 0.2540379 0.2136240 0.1001498 0.0134220 0.2316674 0.2223898 0.2312394 0.2316432 0.2268844 0.2215088 0.2218614 0.2451050 0.2267783 0.1040867 0.3487150 0.2259826 0.0000000 0.3977168 0.2311833 0.2177702 0.3275574 
n244_245   0.4553586 0.4488159 0.4593507 0.3738962 0.3758482 0.3976658 0.4019591 0.3901046 0.4184103 0.3953454 0.3957594 0.4491513 0.4304457 0.4687625 0.4494322 0.3875719 0.3480205 0.4552467 0.3977168 0.0000000 0.4597911 0.3732387 0.3212871 
n200_201   0.1561362 0.1519329 0.1475671 0.2811935 0.2459142 0.2402684 0.2861580 0.2760973 0.1607148 0.2861240 0.2711876 0.1520320 0.1522596 0.1734681 0.1607479 0.2556193 0.4366768 0.1519660 0.2311833 0.4597911 0.0000000 0.2906932 0.4066597 
n277_278   0.2652962 0.2603369 0.2892198 0.0135118 0.2049564 0.2087711 0.0701572 0.0591500 0.2760230 0.0664586 0.0627638 0.2654359 0.2659586 0.2961885 0.2861671 0.2093839 0.3811897 0.2702014 0.2177702 0.3732387 0.2906932 0.0000000 0.3643779 
n251_252   0.3897646 0.3837947 0.4194671 0.3650191 0.3128025 0.3327327 0.3929929 0.3812250 0.3965877 0.3929337 0.3810319 0.3724801 0.3845613 0.3849934 0.3909116 0.3235642 0.0520415 0.3779982 0.3275574 0.3212871 0.4066597 0.3643779 0.0000000 
