40
n277_338   0.0000000 2.1461645 1.5670320 0.1422323 2.2530276 1.6272617 2.4317140 2.1777359 2.5660510 2.9866781 2.1104192 0.8008221 2.0591599 0.7811487 0.8085795 2.2999112 2.6362941 0.3928603 0.4120604 0.4119237 1.8796508 2.2128718 0.8036017 2.5494251 2.9402164 2.1225563 2.1929937 2.6676222 2.9280576 0.4503118 2.6919437 0.4451884 0.8344742 2.0849606 2.1917383 1.8066587 0.7669471 3.6103431 1.9873982 0.7557667 
n280_343   2.1461645 0.0000000 3.4369564 2.0369266 2.8319740 3.5408690 0.1290565 2.9659770 2.6487573 0.5037550 3.1942698 2.6270529 2.9439392 2.8020269 2.5489793 2.7900420 2.7101614 2.2473861 2.3641535 2.4300585 3.8876973 2.9724065 2.6778643 0.1049678 0.4756607 2.9690949 2.5902092 2.5397896 0.1165360 2.0804280 0.1125240 2.6725396 2.9598017 3.2096037 2.5405696 5.4244426 2.5161043 9.0000000 4.2408891 2.2794161 
n266_317   1.5670320 3.4369564 0.0000000 1.7499806 1.6370583 0.9068142 3.7372057 2.1251267 2.7672761 2.8027107 1.9987589 1.5760288 1.9670576 1.7719193 1.6508444 1.7513268 2.6649474 1.9918779 2.0000327 1.9312214 0.9524196 2.0332640 1.9146552 3.8199393 2.8206749 1.9111240 1.9443932 1.7240793 4.1990381 2.0706418 3.7151557 2.2190706 1.5646025 2.1891387 1.8763464 0.2033347 1.5671709 2.8673969 1.7479195 1.8599310 
n278_339   0.1422323 2.0369266 1.7499806 0.0000000 1.9139546 1.7331108 2.5665262 2.1638195 2.4451767 2.6215896 2.0099135 0.8895300 2.0408565 0.8441936 0.8717656 1.9754515 2.2062879 0.4172302 0.4247244 0.4245831 1.8430883 2.1035497 0.8528620 2.4206531 3.2493965 1.9556169 1.9749730 2.3036030 2.5261934 0.4366857 2.4057088 0.4445704 0.9028184 2.0246267 2.0113011 1.8506105 0.8293655 3.6253437 2.0568375 0.7815048 
n287_358   2.2530276 2.8319740 1.6370583 1.9139546 0.0000000 3.8136903 2.7799212 0.3495551 3.1397431 5.5402479 0.3201137 2.1718068 0.3726924 2.2630277 2.2427812 0.0560126 3.5587485 3.3548554 4.3946800 4.1991681 3.5551026 0.3259309 2.1050943 3.0662409 4.7169015 0.6296238 0.1680158 0.0523919 2.5766963 3.3851589 2.5138085 3.3452542 2.1544829 0.4119494 0.1723817 1.5634724 2.0858903 4.7104080 1.1982107 2.1494998 
n286_357   1.6272617 3.5408690 0.9068142 1.7331108 3.8136903 0.0000000 3.9621941 4.5844217 2.6426259 3.5282374 4.6846202 1.6346841 4.8125641 1.6398839 1.7625515 3.9135197 4.3957754 1.8036656 1.8827103 1.8658910 0.0597125 4.3401660 1.6722189 3.2483855 3.0623886 2.8677146 3.6805529 3.9510937 4.2586731 1.9500254 3.5337166 2.2490736 1.6417074 4.6821480 3.9458006 1.0074714 1.6265880 2.2950890 2.3263213 1.6163914 
n274_329   2.4317140 0.1290565 3.7372057 2.5665262 2.7799212 3.9621941 0.0000000 3.1736602 2.4401929 0.4758589 3.6870495 2.9946419 3.5746538 4.4261027 2.9538724 2.8147148 2.4675330 2.7540414 3.1005683 3.2219663 3.9975897 3.3855690 4.3016112 0.1212042 0.4346885 2.6401599 2.7470100 2.6156254 0.1248299 3.1554978 0.1167624 3.1491514 3.5496475 3.5395722 2.6920908 5.2419094 3.0316658 4.5597495 9.0000000 3.0184858 
n293_368   2.1777359 2.9659770 2.1251267 2.1638195 0.3495551 4.5844217 3.1736602 0.0000000 3.1634148 9.0000000 0.1215683 1.8763660 0.0486541 1.8565143 1.8171301 0.3327268 4.2399998 2.4514145 2.5850188 2.5280344 4.6081672 0.1257479 2.2222762 3.1260850 4.8293834 0.5996712 0.3674849 0.3386979 2.5935975 2.5280458 2.6213951 2.4256386 1.8536369 0.1471225 0.3742074 2.3203066 1.9115183 9.0000000 1.2877634 1.8607897 
n251_290   2.5660510 2.6487573 2.7672761 2.4451767 3.1397431 2.6426259 2.4401929 3.1634148 0.0000000 2.5039528 3.1661733 2.0869403 3.1880495 3.2247991 2.0860940 2.9162409 0.2613875 2.6717664 2.8321089 2.6913076 2.7461592 3.2758380 2.5183093 2.8154422 2.6085358 2.5912108 2.4348043 3.2516024 2.6047974 2.4288691 2.6951815 3.5069442 1.8950327 3.0736520 2.4640024 2.6301772 2.0543798 2.8904799 2.1436119 2.2987859 
n278_337   2.9866781 0.5037550 2.8027107 2.6215896 5.5402479 3.5282374 0.4758589 9.0000000 2.5039528 0.0000000 9.0000000 3.1015958 9.0000000 3.7872058 2.8151250 5.3056486 3.0033991 2.8482837 3.0842909 3.2004384 3.5947904 9.0000000 3.4269754 0.4622708 0.1371597 3.2065979 4.8975443 4.2286306 0.4751844 3.2353007 0.4673075 3.2124175 3.4283788 9.0000000 4.3857447 4.5793574 3.1422936 7.2004474 4.1077761 2.7309079 
n297_372   2.1104192 3.1942698 1.9987589 2.0099135 0.3201137 4.6846202 3.6870495 0.1215683 3.1661733 9.0000000 0.0000000 1.7404205 0.1135786 1.7288869 1.7732061 0.3150588 3.7253825 2.3340860 2.5351841 2.4800559 4.8590427 0.0100890 1.9526868 3.8926978 5.0207506 0.5987003 0.3599818 0.3204776 3.0492902 2.2853953 2.8777166 2.3293781 1.7494411 0.1430461 0.3722104 1.9317817 1.8017513 9.0000000 1.1558789 1.7028480 
n299_378   0.8008221 2.6270529 1.5760288 0.8895300 2.1718068 1.6346841 2.9946419 1.8763660 2.0869403 3.1015958 1.7404205 0.0000000 1.7311243 0.4568659 0.0742916 2.2163306 2.0219762 0.8342912 0.8578797 0.8575501 1.7519405 1.7048290 0.4102163 4.2627258 2.9488088 1.7834464 1.9434302 2.2686240 3.9323138 0.9214647 3.9466705 0.8436397 0.0485673 1.9327643 2.0787130 1.9187459 0.0272704 4.2613896 2.1061112 0.1417307 
n294_369   2.0591599 2.9439392 1.9670576 2.0408565 0.3726924 4.8125641 3.5746538 0.0486541 3.1880495 9.0000000 0.1135786 1.7311243 0.0000000 1.7248718 1.7041959 0.3610621 4.2985839 2.1906905 2.2946164 2.2501454 5.3454135 0.1135376 1.9530962 3.4996853 4.4870340 0.5925836 0.3912711 0.3737815 2.8316118 2.2967827 2.8673122 2.2304095 1.7097879 0.1387927 0.3982510 2.0251438 1.7595826 8.9999984 1.2514207 1.7425643 
n278_341   0.7811487 2.8020269 1.7719193 0.8441936 2.2630277 1.6398839 4.4261027 1.8565143 3.2247991 3.7872058 1.7288869 0.4568659 1.7248718 0.0000000 0.5069776 2.3433136 2.8648031 0.7572447 0.7902507 0.7899552 1.8433558 1.7628393 0.1258910 4.2480830 3.3609993 2.1181716 2.2929139 2.3388344 3.9605572 0.7875302 3.8678557 0.8761946 0.4841783 1.9767752 2.3879535 1.8068210 0.4776827 2.9757949 2.1582567 0.4781070 
n280_347   0.8085795 2.5489793 1.6508444 0.8717656 2.2427812 1.7625515 2.9538724 1.8171301 2.0860940 2.8151250 1.7732061 0.0742916 1.7041959 0.5069776 0.0000000 2.2906959 2.0272709 0.8614249 0.8856999 0.8853584 1.8501438 1.7363974 0.4771684 3.6175359 2.9390699 1.6211216 2.1107690 2.3949691 3.2956656 0.9566148 3.3058081 0.8953417 0.0818960 1.8209036 2.1707562 1.8172122 0.0743139 3.8190315 2.0951683 0.1374831 
n290_361   2.2999112 2.7900420 1.7513268 1.9754515 0.0560126 3.9135197 2.8147148 0.3327268 2.9162409 5.3056486 0.3150588 2.2163306 0.3610621 2.3433136 2.2906959 0.0000000 3.3243303 3.0628437 3.8485463 3.7076017 3.4600589 0.3264723 2.2097945 3.0181340 4.2713799 0.6460759 0.1464103 0.0487429 2.5412225 3.2567435 2.4798841 3.1928959 2.1984885 0.3935161 0.1506314 1.5792548 2.1270166 4.5473867 1.2706466 2.3586879 
n255_298   2.6362941 2.7101614 2.6649474 2.2062879 3.5587485 4.3957754 2.4675330 4.2399998 0.2613875 3.0033991 3.7253825 2.0219762 4.2985839 2.8648031 2.0272709 3.3243303 0.0000000 2.5960019 2.4681129 2.5001877 4.4813414 3.7542076 2.3108575 2.8446597 2.8047240 2.9701133 2.6840536 3.8892346 2.6970530 2.1752520 2.6287774 2.8499973 1.8330085 3.8456336 2.7892548 2.7833213 1.9892519 3.1941691 2.6472226 2.2873419 
n292_365   0.3928603 2.2473861 1.9918779 0.4172302 3.3548554 1.8036656 2.7540414 2.4514145 2.6717664 2.8482837 2.3340860 0.8342912 2.1906905 0.7572447 0.8614249 3.0628437 2.5960019 0.0000000 0.0203401 0.0272358 1.9295782 2.4635496 0.7577669 2.4785863 2.9045444 2.4704965 2.2192097 3.5812811 2.6991286 0.1174935 2.6376337 0.1057482 0.8090990 2.0729546 2.2645270 2.1166221 0.8000199 2.6071870 2.1267026 0.8773806 
n300_377   0.4120604 2.3641535 2.0000327 0.4247244 4.3946800 1.8827103 3.1005683 2.5850188 2.8321089 3.0842909 2.5351841 0.8578797 2.2946164 0.7902507 0.8856999 3.8485463 2.4681129 0.0203401 0.0000000 0.0135031 2.0189510 2.6918318 0.7908597 2.7512799 3.0752964 2.7252408 2.5567194 4.9182187 2.9471145 0.1177898 2.9550693 0.1060134 0.8318304 2.1661632 2.6158870 2.0779195 0.8225255 2.6080472 2.2688360 0.9052488 
n299_376   0.4119237 2.4300585 1.9312214 0.4245831 4.1991681 1.8658910 3.2219663 2.5280344 2.6913076 3.2004384 2.4800559 0.8575501 2.2501454 0.7899552 0.8853584 3.7076017 2.5001877 0.0272358 0.0135031 0.0000000 1.9992067 2.6292180 0.7905633 2.8430394 3.1943035 2.7274583 2.5015147 4.6486394 3.0559500 0.1257577 3.0647267 0.1138655 0.8315149 2.1261823 2.5583268 2.0765851 0.8222139 2.7325215 2.2703182 0.9048956 
n285_356   1.8796508 3.8876973 0.9524196 1.8430883 3.5551026 0.0597125 3.9975897 4.6081672 2.7461592 3.5947904 4.8590427 1.7519405 5.3454135 1.8433558 1.8501438 3.4600589 4.4813414 1.9295782 2.0189510 1.9992067 0.0000000 4.4699792 1.8178084 3.3609163 3.3194756 2.8692447 3.2704153 3.5376730 4.7170405 1.9758028 3.8121857 2.3887320 1.7328141 4.6274924 3.4663151 1.0299869 1.7161213 2.1454727 2.2225900 1.6580583 
n298_373   2.2128718 2.9724065 2.0332640 2.1035497 0.3259309 4.3401660 3.3855690 0.1257479 3.2758380 9.0000000 0.0100890 1.7048290 0.1135376 1.7628393 1.7363974 0.3264723 3.7542076 2.4635496 2.6918318 2.6292180 4.4699792 0.0000000 1.9951791 3.9152812 4.3560204 0.5742067 0.3661786 0.3263013 3.0594886 2.4059405 2.8864404 2.4577588 1.7135337 0.1474046 0.3785300 2.0078501 1.7638833 9.0000000 1.1739849 1.6686564 
n277_340   0.8036017 2.6778643 1.9146552 0.8528620 2.1050943 1.6722189 4.3016112 2.2222762 2.5183093 3.4269754 1.9526868 0.4102163 1.9530962 0.1258910 0.4771684 2.2097945 2.3108575 0.7577669 0.7908597 0.7905633 1.8178084 1.9951791 0.0000000 4.1365830 3.1434740 2.5995087 2.2855196 2.2339135 4.0711665 0.8085219 3.7775582 0.8909770 0.4357463 2.2519227 2.3799427 1.8931742 0.4296319 2.9093406 2.0658760 0.4296896 
n292_363   2.5494251 0.1049678 3.8199393 2.4206531 3.0662409 3.2483855 0.1212042 3.1260850 2.8154422 0.4622708 3.8926978 4.2627258 3.4996853 4.2480830 3.6175359 3.0181340 2.8446597 2.4785863 2.7512799 2.8430394 3.3609163 3.9152812 4.1365830 0.0000000 0.4432013 3.0119969 2.7698527 2.7254723 0.0449124 2.5281820 0.0414065 3.1564516 4.8462072 3.5523457 2.7090375 6.0645518 3.9490424 4.7104694 4.6696822 3.4318568 
n277_336   2.9402164 0.4756607 2.8206749 3.2493965 4.7169015 3.0623886 0.4346885 4.8293834 2.6085358 0.1371597 5.0207506 2.9488088 4.4870340 3.3609993 2.9390699 4.2713799 2.8047240 2.9045444 3.0752964 3.1943035 3.3194756 4.3560204 3.1434740 0.4432013 0.0000000 3.2552044 4.6007462 3.6681910 0.4476081 3.3826531 0.4210977 3.1165150 3.5877917 4.4983531 4.1586802 4.9513445 3.1766275 4.6271348 3.8049081 2.9331933 
n236_275   2.1225563 2.9690949 1.9111240 1.9556169 0.6296238 2.8677146 2.6401599 0.5996712 2.5912108 3.2065979 0.5987003 1.7834464 0.5925836 2.1181716 1.6211216 0.6460759 2.9701133 2.4704965 2.7252408 2.7274583 2.8692447 0.5742067 2.5995087 3.0119969 3.2552044 0.0000000 0.6701036 0.6482266 2.5328626 2.3307807 2.5467772 2.8230521 1.6984903 0.6438013 0.6536585 2.1013210 1.7591221 2.9116897 1.1426305 1.7841098 
n296_371   2.1929937 2.5902092 1.9443932 1.9749730 0.1680158 3.6805529 2.7470100 0.3674849 2.4348043 4.8975443 0.3599818 1.9434302 0.3912711 2.2929139 2.1107690 0.1464103 2.6840536 2.2192097 2.5567194 2.5015147 3.2704153 0.3661786 2.2855196 2.7698527 4.6007462 0.6701036 0.0000000 0.1509586 2.6140619 2.3287011 2.4263002 2.3624545 1.9973468 0.4316598 0.0238600 1.9767101 1.9728364 5.5756813 1.1319807 1.8958181 
n289_360   2.6676222 2.5397896 1.7240793 2.3036030 0.0523919 3.9510937 2.6156254 0.3386979 3.2516024 4.2286306 0.3204776 2.2686240 0.3737815 2.3388344 2.3949691 0.0487429 3.8892346 3.5812811 4.9182187 4.6486394 3.5376730 0.3263013 2.2339135 2.7254723 3.6681910 0.6482266 0.1509586 0.0000000 2.3332912 3.8462432 2.2818467 3.7652989 2.2502821 0.3872832 0.1510656 1.6595283 2.1757398 5.1477799 1.1589489 2.4021616 
n299_374   2.9280576 0.1165360 4.1990381 2.5261934 2.5766963 4.2586731 0.1248299 2.5935975 2.6047974 0.4751844 3.0492902 3.9323138 2.8316118 3.9605572 3.2956656 2.5412225 2.6970530 2.6991286 2.9471145 3.0559500 4.7170405 3.0594886 4.0711665 0.0449124 0.4476081 2.5328626 2.6140619 2.3332912 0.0000000 2.7587796 0.0168366 3.4380730 4.3684382 2.8597259 2.5597319 7.1259126 3.6734167 3.6988698 4.9755517 3.3371393 
n274_331   0.4503118 2.0804280 2.0706418 0.4366857 3.3851589 1.9500254 3.1554978 2.5280458 2.4288691 3.2353007 2.2853953 0.9214647 2.2967827 0.7875302 0.9566148 3.2567435 2.1752520 0.1174935 0.1177898 0.1257577 1.9758028 2.4059405 0.8085219 2.5281820 3.3826531 2.3307807 2.3287011 3.8462432 2.7587796 0.0000000 2.7655601 0.1734232 0.9056482 2.1868422 2.3429541 2.1512362 0.8955677 2.5795970 2.1902215 0.9226752 
n300_375   2.6919437 0.1125240 3.7151557 2.4057088 2.5138085 3.5337166 0.1167624 2.6213951 2.6951815 0.4673075 2.8777166 3.9466705 2.8673122 3.8678557 3.3058081 2.4798841 2.6287774 2.6376337 2.9550693 3.0647267 3.8121857 2.8864404 3.7775582 0.0414065 0.4210977 2.5467772 2.4263002 2.2818467 0.0168366 2.7655601 0.0000000 3.4499381 4.3858794 2.8966528 2.3793361 5.8238467 3.6861699 3.8384491 3.7519836 3.1189287 
n280_345   0.4451884 2.6725396 2.2190706 0.4445704 3.3452542 2.2490736 3.1491514 2.4256386 3.5069442 3.2124175 2.3293781 0.8436397 2.2304095 0.8761946 0.8953417 3.1928959 2.8499973 0.1057482 0.1060134 0.1138655 2.3887320 2.4577588 0.8909770 3.1564516 3.1165150 2.8230521 2.3624545 3.7652989 3.4380730 0.1734232 3.4499381 0.0000000 0.8406200 2.0867999 2.4131069 2.2384433 0.8078552 3.1402338 2.2862632 0.9483567 
n292_367   0.8344742 2.9598017 1.5646025 0.9028184 2.1544829 1.6417074 3.5496475 1.8536369 1.8950327 3.4283788 1.7494411 0.0485673 1.7097879 0.4841783 0.0818960 2.1984885 1.8330085 0.8090990 0.8318304 0.8315149 1.7328141 1.7135337 0.4357463 4.8462072 3.5877917 1.6984903 1.9973468 2.2502821 4.3684382 0.9056482 4.3858794 0.8406200 0.0000000 1.8270972 2.0512485 1.8223824 0.0486730 3.4717659 1.9265073 0.1463470 
n275_334   2.0849606 3.2096037 2.1891387 2.0246267 0.4119494 4.6821480 3.5395722 0.1471225 3.0736520 9.0000000 0.1430461 1.9327643 0.1387927 1.9767752 1.8209036 0.3935161 3.8456336 2.0729546 2.1661632 2.1261823 4.6274924 0.1474046 2.2519227 3.5523457 4.4983531 0.6438013 0.4316598 0.3872832 2.8597259 2.1868422 2.8966528 2.0867999 1.8270972 0.0000000 0.4193128 2.0429861 1.8948205 9.0000000 1.3093737 1.8298222 
n295_370   2.1917383 2.5405696 1.8763464 2.0113011 0.1723817 3.9458006 2.6920908 0.3742074 2.4640024 4.3857447 0.3722104 2.0787130 0.3982510 2.3879535 2.1707562 0.1506314 2.7892548 2.2645270 2.6158870 2.5583268 3.4663151 0.3785300 2.3799427 2.7090375 4.1586802 0.6536585 0.0238600 0.1510656 2.5597319 2.3429541 2.3793361 2.4131069 2.0512485 0.4193128 0.0000000 1.9065083 2.0253308 7.0681110 1.1711713 1.9016969 
n265_316   1.8066587 5.4244426 0.2033347 1.8506105 1.5634724 1.0074714 5.2419094 2.3203066 2.6301772 4.5793574 1.9317817 1.9187459 2.0251438 1.8068210 1.8172122 1.5792548 2.7833213 2.1166221 2.0779195 2.0765851 1.0299869 2.0078501 1.8931742 6.0645518 4.9513445 2.1013210 1.9767101 1.6595283 7.1259126 2.1512362 5.8238467 2.2384433 1.8223824 2.0429861 1.9065083 0.0000000 1.8715556 3.0051703 1.4942418 1.8723192 
n300_379   0.7669471 2.5161043 1.5671709 0.8293655 2.0858903 1.6265880 3.0316658 1.9115183 2.0543798 3.1422936 1.8017513 0.0272704 1.7595826 0.4776827 0.0743139 2.1270166 1.9892519 0.8000199 0.8225255 0.8222139 1.7161213 1.7638833 0.4296319 3.9490424 3.1766275 1.7591221 1.9728364 2.1757398 3.6734167 0.8955677 3.6861699 0.8078552 0.0486730 1.8948205 2.0253308 1.8715556 0.0000000 4.3360234 2.1911751 0.1378559 
n244_283   3.6103431 9.0000000 2.8673969 3.6253437 4.7104080 2.2950890 4.5597495 9.0000000 2.8904799 7.2004474 9.0000000 4.2613896 8.9999984 2.9757949 3.8190315 4.5473867 3.1941691 2.6071870 2.6080472 2.7325215 2.1454727 9.0000000 2.9093406 4.7104694 4.6271348 2.9116897 5.5756813 5.1477799 3.6988698 2.5795970 3.8384491 3.1402338 3.4717659 9.0000000 7.0681110 3.0051703 4.3360234 0.0000000 4.7338269 4.5554439 
n200_221   1.9873982 4.2408891 1.7479195 2.0568375 1.1982107 2.3263213 9.0000000 1.2877634 2.1436119 4.1077761 1.1558789 2.1061112 1.2514207 2.1582567 2.0951683 1.2706466 2.6472226 2.1267026 2.2688360 2.2703182 2.2225900 1.1739849 2.0658760 4.6696822 3.8049081 1.1426305 1.1319807 1.1589489 4.9755517 2.1902215 3.7519836 2.2862632 1.9265073 1.3093737 1.1711713 1.4942418 2.1911751 4.7338269 0.0000000 2.1879537 
n274_333   0.7557667 2.2794161 1.8599310 0.7815048 2.1494998 1.6163914 3.0184858 1.8607897 2.2987859 2.7309079 1.7028480 0.1417307 1.7425643 0.4781070 0.1374831 2.3586879 2.2873419 0.8773806 0.9052488 0.9048956 1.6580583 1.6686564 0.4296896 3.4318568 2.9331933 1.7841098 1.8958181 2.4021616 3.3371393 0.9226752 3.1189287 0.9483567 0.1463470 1.8298222 1.9016969 1.8723192 0.1378559 4.5554439 2.1879537 0.0000000 
