26
n255_263   0.0000000 0.5088783 0.4893907 0.4388290 0.4641002 0.5029294 0.2942380 0.4575279 0.4754699 0.5090142 0.4267795 0.4819451 0.4328556 0.4825840 0.5225152 0.4387851 0.4332893 0.0341802 0.0203072 0.4388945 0.0376835 0.4893908 0.5363161 0.4574927 0.4706197 0.4457167 
n299_304   0.5088783 0.0000000 0.3030987 0.3458346 0.3569744 0.3031877 0.4455189 0.3624642 0.0774230 0.0066926 0.3510863 0.0811500 0.3457505 0.3136782 0.0100615 0.3512372 0.3568825 0.5298770 0.5162727 0.3402235 0.5366736 0.3347799 0.0168482 0.3622800 0.3300582 0.3792616 
n286_291   0.4893907 0.3030987 0.0000000 0.3141520 0.3301017 0.0100791 0.4394534 0.3353475 0.2780381 0.2980900 0.3038753 0.2829718 0.2988594 0.1603208 0.2930543 0.3246301 0.3143554 0.5028749 0.5031871 0.2936880 0.5094379 0.1687834 0.2930777 0.3298907 0.3091335 0.3354502 
n297_302   0.4388290 0.3458346 0.3141520 0.0000000 0.0134625 0.3299987 0.4214299 0.0134611 0.3088786 0.3405196 0.0306459 0.3140664 0.0271795 0.3088217 0.3405329 0.0066965 0.0412108 0.4579065 0.4455425 0.0341447 0.4641028 0.3193084 0.3352022 0.0483053 0.1197481 0.0447470 
n293_298   0.4641002 0.3569744 0.3301017 0.0134625 0.0000000 0.3463162 0.4399352 0.0134618 0.3194413 0.3515768 0.0447246 0.3247089 0.0411899 0.3246356 0.3515914 0.0202924 0.0555240 0.4838665 0.4710725 0.0482997 0.4902781 0.3353670 0.3461772 0.0627628 0.1237669 0.0591312 
n285_290   0.5029294 0.3031877 0.0100791 0.3299987 0.3463162 0.0000000 0.4460077 0.3516803 0.2781193 0.2981130 0.3194948 0.2830545 0.3143728 0.1687961 0.2931402 0.3407142 0.3302157 0.5166670 0.5169958 0.3090837 0.5233507 0.1688083 0.2931636 0.3460915 0.3195845 0.3517888 
n244_245   0.2942380 0.4455189 0.4394534 0.4214299 0.4399352 0.4460077 0.0000000 0.4399415 0.4329004 0.4519004 0.3978913 0.4330369 0.4037396 0.4396776 0.4581186 0.4213878 0.3978419 0.2992574 0.2892110 0.4095522 0.3042763 0.4647310 0.4581979 0.4212855 0.4219669 0.4096771 
n294_299   0.4575279 0.3624642 0.3353475 0.0134611 0.0134618 0.3516803 0.4399415 0.0000000 0.3246530 0.3570267 0.0447200 0.3299590 0.0411857 0.3298374 0.3570420 0.0168653 0.0555184 0.4838830 0.4644309 0.0482949 0.4902964 0.3406475 0.3515876 0.0627567 0.1357863 0.0591253 
n277_280   0.4754699 0.0774230 0.2780381 0.3088786 0.3194413 0.2781193 0.4329004 0.3246530 0.0000000 0.0774327 0.3138865 0.0100673 0.3088074 0.2982130 0.0737285 0.3140133 0.3193619 0.4954965 0.4760101 0.3035656 0.5019884 0.3135953 0.0811605 0.3245279 0.3142593 0.3405946 
n292_297   0.5090142 0.0066926 0.2980900 0.3405196 0.3515768 0.2981130 0.4519004 0.3570267 0.0774327 0.0000000 0.3457366 0.0811613 0.3404374 0.3033415 0.0100627 0.3458839 0.3514868 0.5300206 0.5164113 0.3349512 0.5368196 0.3241328 0.0168502 0.3568471 0.3248512 0.3737018 
n290_295   0.4267795 0.3510863 0.3038753 0.0306459 0.0447246 0.3194948 0.3978913 0.0447200 0.3138865 0.3457366 0.0000000 0.3191081 0.0033408 0.3087555 0.3457505 0.0376424 0.0271960 0.4455427 0.4333747 0.0100719 0.4516408 0.3192389 0.3403846 0.0554719 0.1236630 0.0306643 
n278_281   0.4819451 0.0811500 0.2829718 0.3140664 0.3247089 0.2830545 0.4330369 0.3299590 0.0100673 0.0811613 0.3191081 0.0000000 0.3139936 0.3032879 0.0774368 0.3192382 0.3246278 0.5021523 0.4824950 0.3087123 0.5087007 0.3187799 0.0849076 0.3298009 0.3143438 0.3460187 
n287_292   0.4328556 0.3457505 0.2988594 0.0271795 0.0411899 0.3143728 0.4037396 0.0411857 0.3088074 0.3404374 0.0033408 0.3139936 0.0000000 0.3037130 0.3404508 0.0341428 0.0237432 0.4517790 0.4395110 0.0066999 0.4579272 0.3141238 0.3351219 0.0518846 0.1197267 0.0271958 
n266_269   0.4825840 0.3136782 0.1603208 0.3088217 0.3246356 0.1687961 0.4396776 0.3298374 0.2982130 0.3033415 0.3087555 0.3032879 0.3037130 0.0000000 0.3034840 0.3192121 0.3192966 0.5028163 0.4963025 0.3088092 0.5093724 0.0202972 0.3035085 0.3244293 0.3194054 0.3405105 
n280_283   0.5225152 0.0100615 0.2930543 0.3405329 0.3515914 0.2931402 0.4581186 0.3570420 0.0737285 0.0100627 0.3457505 0.0774368 0.3404508 0.3034840 0.0000000 0.3458979 0.3515014 0.5439137 0.5300582 0.3349639 0.5508354 0.3242894 0.0134487 0.3568624 0.3300825 0.3737193 
n275_278   0.4387851 0.3512372 0.3246301 0.0066965 0.0202924 0.3407142 0.4213878 0.0168653 0.3140133 0.3458839 0.0376424 0.3192382 0.0341428 0.3192121 0.3458979 0.0000000 0.0483217 0.4578604 0.4454977 0.0411785 0.4640560 0.3298568 0.3405284 0.0554865 0.1277056 0.0518925 
n295_300   0.4332893 0.3568825 0.3143554 0.0412108 0.0555240 0.3302157 0.3978419 0.0555184 0.3193619 0.3514868 0.0271960 0.3246278 0.0237432 0.3192966 0.3515014 0.0483217 0.0000000 0.4584350 0.4460516 0.0306795 0.4646411 0.3299445 0.3460890 0.0701151 0.1358070 0.0168846 
n251_284   0.0341802 0.5298770 0.5028749 0.4579065 0.4838665 0.5166670 0.2992574 0.4838830 0.4954965 0.5300206 0.4455427 0.5021523 0.4517790 0.5028163 0.5439137 0.4578604 0.4584350 0.0000000 0.0341815 0.4579776 0.0033426 0.5098272 0.5581223 0.4770692 0.4905660 0.4713034 
n255_262   0.0203072 0.5162727 0.5031871 0.4455425 0.4710725 0.5169958 0.2892110 0.4644309 0.4760101 0.5164113 0.4333747 0.4824950 0.4395110 0.4963025 0.5300582 0.4454977 0.4460516 0.0341815 0.0000000 0.4456100 0.0376849 0.5032509 0.5440108 0.4643939 0.4712000 0.4587077 
n289_294   0.4388945 0.3402235 0.2936880 0.0341447 0.0482997 0.3090837 0.4095522 0.0482949 0.3035656 0.3349512 0.0100719 0.3087123 0.0066999 0.3088092 0.3349639 0.0411785 0.0306795 0.4579776 0.4456100 0.0000000 0.4641757 0.3192960 0.3296763 0.0591060 0.1236756 0.0341653 
n251_285   0.0376835 0.5366736 0.5094379 0.4641028 0.4902781 0.5233507 0.3042763 0.4902964 0.5019884 0.5368196 0.4516408 0.5087007 0.4579272 0.5093724 0.5508354 0.4640560 0.4646411 0.0033426 0.0376849 0.4641757 0.0000000 0.5164475 0.5651715 0.4834214 0.4970339 0.4776159 
n265_268   0.4893908 0.3347799 0.1687834 0.3193084 0.3353670 0.1688083 0.4647310 0.3406475 0.3135953 0.3241328 0.3192389 0.3187799 0.3141238 0.0202972 0.3242894 0.3298568 0.3299445 0.5098272 0.5032509 0.3192960 0.5164475 0.0000000 0.3243162 0.3351517 0.3354418 0.3514856 
n274_277   0.5363161 0.0168482 0.2930777 0.3352022 0.3461772 0.2931636 0.4581979 0.3515876 0.0811605 0.0168502 0.3403846 0.0849076 0.3351219 0.3035085 0.0134487 0.3405284 0.3460890 0.5581223 0.5440108 0.3296763 0.5651715 0.3243162 0.0000000 0.3514124 0.3248248 0.3681412 
n236_237   0.4574927 0.3622800 0.3298907 0.0483053 0.0627628 0.3460915 0.4212855 0.0627567 0.3245279 0.3568471 0.0554719 0.3298009 0.0518846 0.3244293 0.3568624 0.0554865 0.0701151 0.4770692 0.4643939 0.0591060 0.4834214 0.3351517 0.3514124 0.0000000 0.1277076 0.0737946 
n200_201   0.4706197 0.3300582 0.3091335 0.1197481 0.1237669 0.3195845 0.4219669 0.1357863 0.3142593 0.3248512 0.1236630 0.3143438 0.1197267 0.3194054 0.3300825 0.1277056 0.1358070 0.4905660 0.4712000 0.1236756 0.4970339 0.3354418 0.3248248 0.1277076 0.0000000 0.1357618 
n296_301   0.4457167 0.3792616 0.3354502 0.0447470 0.0591312 0.3517888 0.4096771 0.0591253 0.3405946 0.3737018 0.0306643 0.3460187 0.0271958 0.3405105 0.3737193 0.0518925 0.0168846 0.4713034 0.4587077 0.0341653 0.4776159 0.3514856 0.3681412 0.0737946 0.1357618 0.0000000 
