23
n274_279   0.0000000 0.2751912 0.2700703 0.0236763 0.2650206 0.2559186 0.0168708 0.2844790 0.3350132 0.2512245 0.2696509 0.0305790 0.2744945 0.2747133 0.2652382 0.3731413 0.2650932 0.0625090 0.2556390 0.3523106 0.2560843 0.0661801 0.2795424 
n200_201   0.2751912 0.0000000 0.1391629 0.2702049 0.1350173 0.1311303 0.2709638 0.1311148 0.3627837 0.1271509 0.2602553 0.2702724 0.1430235 0.2604887 0.1351202 0.3901758 0.2558708 0.2610222 0.1269760 0.3688688 0.1312063 0.2659419 0.2699882 
n295_300   0.2700703 0.1391629 0.0000000 0.2602778 0.0100684 0.0341256 0.2658669 0.0885836 0.3467686 0.0306402 0.2893269 0.2651576 0.0168530 0.2846053 0.0033408 0.4068420 0.2943128 0.2510136 0.0340918 0.3909323 0.0341435 0.2558529 0.2895039 
n292_297   0.0236763 0.2702049 0.2602778 0.0000000 0.2553059 0.2463191 0.0202828 0.2744875 0.3352184 0.2416891 0.2743249 0.0066888 0.2646511 0.2794204 0.2555145 0.3675185 0.2697427 0.0624858 0.2460507 0.3468366 0.2464775 0.0661555 0.2842789 
n287_292   0.2650206 0.1350173 0.0100684 0.2553059 0.0000000 0.0306147 0.2608391 0.0847525 0.3307585 0.0271489 0.2841261 0.2601472 0.0066916 0.2794412 0.0066965 0.4065687 0.2890725 0.2461088 0.0305844 0.3848598 0.0306307 0.2509101 0.2843012 
n293_298   0.2559186 0.1311303 0.0341256 0.2463191 0.0306147 0.0000000 0.2517677 0.0810835 0.3465389 0.0033451 0.2795011 0.2511034 0.0375831 0.2748412 0.0306365 0.3898932 0.2844193 0.2372167 0.0134561 0.3742884 0.0134763 0.2419616 0.2796740 
n280_285   0.0168708 0.2709638 0.2658669 0.0202828 0.2608391 0.2517677 0.0000000 0.2802218 0.3412802 0.2470912 0.2654529 0.0271662 0.2702787 0.2704941 0.2610539 0.3685186 0.2609103 0.0590011 0.2514914 0.3477682 0.2519309 0.0626592 0.2753046 
n236_241   0.2844790 0.1311148 0.0885836 0.2744875 0.0847525 0.0810835 0.2802218 0.0000000 0.3576456 0.0773645 0.2992858 0.2745563 0.0922470 0.2748584 0.0848146 0.3958916 0.2994477 0.2748634 0.0810016 0.3744318 0.0811280 0.2798730 0.2796928 
n244_249   0.3350132 0.3627837 0.3467686 0.3352184 0.3307585 0.3465389 0.3412802 0.3576456 0.0000000 0.3412262 0.3405233 0.3353056 0.3358394 0.3517221 0.3413815 0.2561538 0.3355742 0.3407934 0.3405853 0.2336739 0.3417397 0.3516082 0.3570934 
n294_299   0.2512245 0.1271509 0.0306402 0.2416891 0.0271489 0.0033451 0.2470912 0.0773645 0.3412262 0.0000000 0.2746567 0.2464418 0.0340853 0.2700263 0.0271682 0.3900570 0.2795423 0.2326407 0.0100687 0.3687674 0.0100837 0.2373543 0.2748275 
n265_270   0.2696509 0.2602553 0.2893269 0.2743249 0.2841261 0.2795011 0.2654529 0.2992858 0.3405233 0.2746567 0.0000000 0.2839559 0.2938451 0.1227069 0.2843627 0.3840999 0.0202142 0.2462604 0.2692543 0.3578533 0.2796863 0.2510661 0.1266394 
n300_305   0.0305790 0.2702724 0.2651576 0.0066888 0.2601472 0.2511034 0.0271662 0.2745563 0.3353056 0.2464418 0.2839559 0.0000000 0.2695561 0.2794906 0.2603603 0.3676145 0.2793205 0.0697573 0.2508295 0.3469266 0.2512655 0.0734668 0.2843505 
n289_294   0.2744945 0.1430235 0.0168530 0.2646511 0.0066916 0.0375831 0.2702787 0.0922470 0.3358394 0.0340853 0.2938451 0.2695561 0.0000000 0.2891016 0.0134495 0.4121611 0.2988560 0.2553464 0.0375458 0.3903068 0.0376029 0.2602106 0.2940242 
n286_291   0.2747133 0.2604887 0.2846053 0.2794204 0.2794412 0.2748412 0.2704941 0.2748584 0.3517221 0.2700263 0.1227069 0.2794906 0.2891016 0.0000000 0.2796729 0.4132745 0.1111036 0.2558685 0.2646636 0.3802693 0.2750223 0.2607441 0.0100470 
n296_301   0.2652382 0.1351202 0.0033408 0.2555145 0.0066965 0.0306365 0.2610539 0.0848146 0.3413815 0.0271682 0.2843627 0.2603603 0.0134495 0.2796729 0.0000000 0.4069390 0.2893140 0.2463085 0.0306062 0.3852051 0.0306525 0.2511142 0.2845377 
n251_256   0.3731413 0.3901758 0.4068420 0.3675185 0.4065687 0.3898932 0.3685186 0.3958916 0.2561538 0.3900570 0.3840999 0.3676145 0.4121611 0.4132745 0.4069390 0.0000000 0.3843020 0.3518016 0.3952717 0.0447960 0.3904710 0.3683556 0.4132156 
n266_271   0.2650932 0.2558708 0.2943128 0.2697427 0.2890725 0.2844193 0.2609103 0.2994477 0.3355742 0.2795423 0.0202142 0.2793205 0.2988560 0.1111036 0.2893140 0.3843020 0.0000000 0.2464805 0.2740954 0.3580442 0.2846085 0.2512908 0.1149773 
n278_283   0.0625090 0.2610222 0.2510136 0.0624858 0.2461088 0.2372167 0.0590011 0.2748634 0.3407934 0.2326407 0.2462604 0.0697573 0.2553464 0.2558685 0.2463085 0.3518016 0.2464805 0.0000000 0.2369593 0.3368260 0.2373680 0.0168653 0.2605795 
n298_303   0.2556390 0.1269760 0.0340918 0.2460507 0.0305844 0.0134561 0.2514914 0.0810016 0.3405853 0.0100687 0.2692543 0.2508295 0.0375458 0.2646636 0.0306062 0.3952717 0.2740954 0.2369593 0.0000000 0.3738580 0.0134630 0.2416988 0.2694216 
n255_260   0.3523106 0.3688688 0.3909323 0.3468366 0.3848598 0.3742884 0.3477682 0.3744318 0.2336739 0.3687674 0.3578533 0.3469266 0.3903068 0.3802693 0.3852051 0.0447960 0.3580442 0.3368260 0.3738580 0.0000000 0.3691509 0.3476143 0.3802163 
n275_280   0.2560843 0.1312063 0.0341435 0.2464775 0.0306307 0.0134763 0.2519309 0.0811280 0.3417397 0.0100837 0.2796863 0.2512655 0.0376029 0.2750223 0.0306525 0.3904710 0.2846085 0.2373680 0.0134630 0.3691509 0.0000000 0.2421164 0.2798591 
n277_282   0.0661801 0.2659419 0.2558529 0.0661555 0.2509101 0.2419616 0.0626592 0.2798730 0.3516082 0.2373543 0.2510661 0.0734668 0.2602106 0.2607441 0.2511142 0.3683556 0.2512908 0.0168653 0.2416988 0.3476143 0.2421164 0.0000000 0.2654883 
n285_290   0.2795424 0.2699882 0.2895039 0.2842789 0.2843012 0.2796740 0.2753046 0.2796928 0.3570934 0.2748275 0.1266394 0.2843505 0.2940242 0.0100470 0.2845377 0.4132156 0.1149773 0.2605795 0.2694216 0.3802163 0.2798591 0.2654883 0.0000000 
