25
n287_288   0.0000000 0.0067252 0.0750777 0.2592209 0.3087365 0.3264592 0.2926240 0.2924583 0.0417115 0.3042220 0.2978136 0.0204383 0.0417030 0.0562882 0.0033492 0.3031561 0.4018388 0.0169773 0.3200842 0.4506633 0.0453068 0.2921909 0.1624261 0.2642004 0.3871693 
n290_291   0.0067252 0.0000000 0.0751179 0.2485517 0.3089398 0.3266777 0.2812998 0.2811437 0.0417332 0.2926648 0.2864043 0.0204487 0.0417247 0.0563179 0.0033509 0.3033547 0.4021264 0.0169869 0.3202969 0.4509998 0.0453305 0.2808885 0.1625204 0.2534509 0.3874424 
n236_237   0.0750777 0.0751179 0.0000000 0.2693508 0.3028019 0.3088217 0.2974985 0.2973290 0.0711925 0.2979854 0.3027134 0.0712417 0.0711768 0.0865025 0.0712304 0.2972756 0.3872321 0.0674510 0.2971713 0.4425659 0.0749564 0.2970568 0.1487609 0.2743982 0.3664793 
n278_279   0.2592209 0.2485517 0.2693508 0.0000000 0.2852649 0.3195527 0.0864769 0.0904298 0.2642004 0.0904410 0.0943105 0.2538593 0.2587523 0.2853922 0.2538340 0.2799101 0.3754824 0.2486333 0.3017613 0.4285070 0.2692974 0.0903576 0.2911434 0.0168952 0.3609692 
n285_286   0.3087365 0.3089398 0.3028019 0.2852649 0.0000000 0.1796754 0.3142594 0.3140757 0.3026870 0.3088948 0.3141315 0.2975750 0.2911679 0.3251960 0.3028773 0.0168954 0.4552415 0.2919522 0.1657673 0.4483293 0.3080774 0.3137860 0.3268248 0.3019287 0.4524325 
n265_266   0.3264592 0.3266777 0.3088217 0.3195527 0.1796754 0.0000000 0.3380823 0.3378764 0.3202129 0.3504428 0.3379374 0.3149715 0.3083339 0.3433716 0.3204167 0.1751614 0.4278928 0.3091793 0.0203514 0.4799816 0.3257477 0.3375601 0.3445876 0.3136705 0.4461731 
n280_281   0.2926240 0.2812998 0.2974985 0.0864769 0.3142594 0.3380823 0.0000000 0.0100829 0.3037083 0.0238068 0.0134779 0.2926649 0.2921206 0.3263550 0.2869014 0.3086300 0.3944559 0.2870687 0.3196941 0.4008940 0.3091302 0.0100754 0.3266546 0.0982523 0.3794513 
n299_300   0.2924583 0.2811437 0.2973290 0.0904298 0.3140757 0.3378764 0.0100829 0.0000000 0.3035332 0.0273058 0.0067020 0.2924992 0.2919556 0.3261599 0.2867407 0.3084512 0.3946936 0.2869077 0.3195055 0.4075565 0.3089505 0.0033408 0.3264590 0.1022916 0.3796773 
n293_294   0.0417115 0.0417332 0.0711925 0.2642004 0.3026870 0.3202129 0.3037083 0.3035332 0.0000000 0.3155214 0.3089749 0.0345095 0.0135142 0.0273487 0.0380959 0.2971665 0.3947111 0.0309587 0.3139154 0.4429215 0.0169389 0.3032539 0.1532887 0.2692106 0.3864399 
n274_275   0.3042220 0.2926648 0.2979854 0.0904410 0.3088948 0.3504428 0.0238068 0.0273058 0.3155214 0.0000000 0.0307994 0.3042626 0.3036871 0.3386144 0.2983800 0.3146088 0.3954319 0.2985524 0.3316640 0.4151394 0.3210427 0.0272852 0.3327320 0.1023047 0.3803783 
n292_293   0.2978136 0.2864043 0.3027134 0.0943105 0.3141315 0.3379374 0.0134779 0.0067020 0.3089749 0.0307994 0.0000000 0.2978544 0.2972971 0.3317804 0.2920474 0.3085058 0.3943337 0.2922167 0.3195624 0.4005514 0.3144317 0.0033386 0.3320867 0.1062459 0.3793404 
n296_297   0.0204383 0.0204487 0.0712417 0.2538593 0.2975750 0.3149715 0.2926649 0.2924992 0.0345095 0.3042626 0.2978544 0.0000000 0.0345027 0.0488918 0.0169706 0.2920938 0.3949919 0.0033510 0.3087260 0.4364637 0.0380598 0.2922318 0.1533962 0.2587976 0.3805026 
n275_276   0.0417030 0.0417247 0.0711768 0.2587523 0.2911679 0.3083339 0.2921206 0.2919556 0.0135142 0.3036871 0.2972971 0.0345027 0.0000000 0.0273434 0.0380883 0.2804305 0.3812176 0.0309527 0.3021783 0.4282992 0.0169358 0.2916892 0.1445828 0.2638497 0.3731684 
n297_298   0.0562882 0.0563179 0.0865025 0.2853922 0.3251960 0.3433716 0.3263550 0.3261599 0.0273487 0.3386144 0.3317804 0.0488918 0.0273434 0.0000000 0.0525743 0.3194776 0.4207670 0.0452511 0.3368153 0.4565983 0.0100924 0.3258562 0.1665849 0.2905509 0.4120929 
n289_290   0.0033492 0.0033509 0.0712304 0.2538340 0.3028773 0.3204167 0.2869014 0.2867407 0.0380959 0.2983800 0.2920474 0.0169706 0.0380883 0.0525743 0.0000000 0.2973526 0.3949754 0.0135341 0.3141141 0.4432275 0.0416684 0.2864795 0.1578865 0.2587723 0.3804844 
n286_287   0.3031561 0.3033547 0.2972756 0.2799101 0.0168954 0.1751614 0.3086300 0.3084512 0.2971665 0.3146088 0.3085058 0.2920938 0.2804305 0.3194776 0.2973526 0.0000000 0.4481855 0.2865223 0.1613645 0.4348661 0.3025131 0.3081677 0.3332195 0.2964261 0.4454340 
n255_256   0.4018388 0.4021264 0.3872321 0.3754824 0.4552415 0.4278928 0.3944559 0.3946936 0.3947111 0.3954319 0.3943337 0.3949919 0.3812176 0.4207670 0.3949754 0.4481855 0.0000000 0.3883830 0.4066260 0.3033179 0.4008843 0.3877987 0.4014175 0.3569724 0.0488097 
n295_296   0.0169773 0.0169869 0.0674510 0.2486333 0.2919522 0.3091793 0.2870687 0.2869077 0.0309587 0.2985524 0.2922167 0.0033510 0.0309527 0.0452511 0.0135341 0.2865223 0.3883830 0.0000000 0.3030008 0.4293893 0.0344882 0.2866463 0.1489985 0.2535332 0.3740614 
n266_267   0.3200842 0.3202969 0.2971713 0.3017613 0.1657673 0.0203514 0.3196941 0.3195055 0.3139154 0.3316640 0.3195624 0.3087260 0.3021783 0.3368153 0.3141141 0.1613645 0.4066260 0.3030008 0.0000000 0.4568334 0.3193924 0.3192100 0.3259912 0.2960618 0.4243645 
n244_245   0.4506633 0.4509998 0.4425659 0.4285070 0.4483293 0.4799816 0.4008940 0.4075565 0.4429215 0.4151394 0.4005514 0.4364637 0.4282992 0.4565983 0.4432275 0.4348661 0.3033179 0.4293893 0.4568334 0.0000000 0.4355915 0.4071587 0.4582761 0.4355056 0.3307356 
n298_299   0.0453068 0.0453305 0.0749564 0.2692974 0.3080774 0.3257477 0.3091302 0.3089505 0.0169389 0.3210427 0.3144317 0.0380598 0.0169358 0.0100924 0.0416684 0.3025131 0.4008843 0.0344882 0.3193924 0.4355915 0.0000000 0.3086656 0.1533085 0.2743405 0.3925236 
n300_301   0.2921909 0.2808885 0.2970568 0.0903576 0.3137860 0.3375601 0.0100754 0.0033408 0.3032539 0.0272852 0.0033386 0.2922318 0.2916892 0.3258562 0.2864795 0.3081677 0.3877987 0.2866463 0.3192100 0.4071587 0.3086656 0.0000000 0.3261548 0.1022093 0.3729764 
n200_201   0.1624261 0.1625204 0.1487609 0.2911434 0.3268248 0.3445876 0.3266546 0.3264590 0.1532887 0.3327320 0.3320867 0.1533962 0.1445828 0.1665849 0.1578865 0.3332195 0.4014175 0.1489985 0.3259912 0.4582761 0.1533085 0.3261548 0.0000000 0.2963493 0.4200354 
n277_278   0.2642004 0.2534509 0.2743982 0.0168952 0.3019287 0.3136705 0.0982523 0.1022916 0.2692106 0.1023047 0.1062459 0.2587976 0.2638497 0.2905509 0.2587723 0.2964261 0.3569724 0.2535332 0.2960618 0.4355056 0.2743405 0.1022093 0.2963493 0.0000000 0.3429271 
n251_252   0.3871693 0.3874424 0.3664793 0.3609692 0.4524325 0.4461731 0.3794513 0.3796773 0.3864399 0.3803783 0.3793404 0.3805026 0.3731684 0.4120929 0.3804844 0.4454340 0.0488097 0.3740614 0.4243645 0.3307356 0.3925236 0.3729764 0.4200354 0.3429271 0.0000000 
