23
n287_288   0.0000000 0.0100567 0.0774467 0.3032236 0.2936970 0.3569503 0.2835070 0.2884467 0.0518754 0.2834968 0.0376313 0.0518846 0.0376373 0.0518589 0.0100601 0.2887174 0.3740873 0.0306219 0.3682732 0.3672800 0.1684685 0.3032276 0.3741936 
n290_291   0.0100567 0.0000000 0.0737388 0.2981617 0.2836008 0.3405779 0.2835850 0.2885263 0.0482982 0.2835748 0.0341277 0.0483068 0.0341331 0.0518484 0.0066911 0.2786894 0.3743021 0.0271543 0.3626676 0.3729209 0.1642653 0.2981657 0.3744085 
n236_237   0.0774467 0.0737388 0.0000000 0.3034131 0.2686685 0.3296270 0.2887311 0.2937094 0.1002369 0.2938835 0.0849399 0.1002552 0.0849537 0.1040319 0.0663623 0.2638573 0.3798755 0.0774156 0.3513620 0.3785722 0.1770592 0.3188576 0.3971479 
n278_279   0.3032236 0.2981617 0.3034131 0.0000000 0.2448855 0.2885851 0.0627854 0.0664329 0.3350507 0.0701277 0.3241962 0.3245029 0.3087006 0.3348058 0.2982799 0.2402246 0.3794912 0.3135658 0.3090853 0.3563513 0.3188719 0.0134750 0.3740656 
n285_286   0.2936970 0.2836008 0.2686685 0.2448855 0.0000000 0.1478643 0.2547810 0.2595378 0.3091719 0.2499579 0.3091211 0.3092305 0.2988576 0.3247917 0.2835941 0.0100748 0.3575607 0.2986999 0.1645913 0.3405734 0.3087609 0.2592896 0.3744480 
n265_266   0.3569503 0.3405779 0.3296270 0.2885851 0.1478643 0.0000000 0.2941347 0.2991538 0.3571064 0.2890359 0.3682659 0.3571738 0.3571263 0.3739698 0.3405697 0.1437839 0.3975115 0.3569334 0.0272123 0.3903954 0.3568314 0.2987255 0.4091758 
n280_281   0.2835070 0.2835850 0.2887311 0.0627854 0.2547810 0.2941347 0.0000000 0.0033492 0.3197470 0.0067162 0.3091139 0.3094044 0.2939132 0.3144391 0.2836965 0.2500516 0.3920685 0.2986960 0.3095807 0.3625222 0.3193034 0.0775445 0.3979314 
n299_300   0.2884467 0.2885263 0.2937094 0.0664329 0.2595378 0.2991538 0.0033492 0.0000000 0.3249441 0.0100971 0.3142332 0.3145293 0.2989286 0.3195976 0.2886401 0.2547786 0.3978139 0.3037406 0.3147084 0.3680277 0.3244922 0.0812676 0.4037233 
n293_294   0.0518754 0.0482982 0.1002369 0.3350507 0.3091719 0.3571064 0.3197470 0.3249441 0.0000000 0.3197352 0.0554793 0.0066939 0.0237175 0.0376422 0.0483148 0.3040856 0.4096246 0.0482755 0.3797290 0.4021188 0.1990074 0.3403550 0.4036779 
n274_275   0.2834968 0.2835748 0.2938835 0.0701277 0.2499579 0.2890359 0.0067162 0.0100971 0.3197352 0.0000000 0.3091026 0.3093931 0.2939025 0.3144276 0.2836863 0.2452600 0.3861412 0.2986851 0.3043680 0.3682552 0.3246879 0.0850455 0.3919542 
n296_297   0.0376313 0.0341277 0.0849399 0.3241962 0.3091211 0.3682659 0.3091139 0.3142332 0.0554793 0.3091026 0.0000000 0.0554891 0.0411652 0.0554254 0.0341393 0.3040357 0.3975225 0.0066897 0.3912532 0.3842585 0.1770650 0.3294194 0.3976369 
n294_295   0.0518846 0.0483068 0.1002552 0.3245029 0.3092305 0.3571738 0.3094044 0.3145293 0.0066939 0.3093931 0.0554891 0.0000000 0.0237217 0.0376488 0.0483234 0.3041433 0.4097012 0.0482841 0.3798005 0.4021940 0.1990447 0.3297320 0.4037535 
n275_276   0.0376373 0.0341331 0.0849537 0.3087006 0.2988576 0.3571263 0.2939132 0.2989286 0.0237175 0.2939025 0.0411652 0.0237217 0.0000000 0.0271565 0.0341448 0.2938423 0.3859066 0.0341172 0.3797499 0.3787175 0.1814121 0.3138158 0.3801561 
n297_298   0.0518589 0.0518484 0.1040319 0.3348058 0.3247917 0.3739698 0.3144391 0.3195976 0.0376422 0.3144276 0.0554254 0.0376488 0.0271565 0.0000000 0.0518662 0.3195980 0.3974659 0.0518240 0.3858306 0.3902780 0.2033103 0.3401053 0.3975803 
n289_290   0.0100601 0.0066911 0.0663623 0.2982799 0.2835941 0.3405697 0.2836965 0.2886401 0.0483148 0.2836863 0.0341393 0.0483234 0.0341448 0.0518662 0.0000000 0.2786828 0.3744584 0.0271635 0.3626587 0.3730760 0.1643255 0.2982838 0.3745649 
n286_287   0.2887174 0.2786894 0.2638573 0.2402246 0.0100748 0.1437839 0.2500516 0.2547786 0.3040856 0.2452600 0.3040357 0.3041433 0.2938423 0.3195980 0.2786828 0.0000000 0.3521294 0.2936876 0.1604144 0.3352719 0.3036825 0.2545354 0.3688918 
n255_256   0.3740873 0.3743021 0.3798755 0.3794912 0.3575607 0.3975115 0.3920685 0.3978139 0.4096246 0.3861412 0.3975225 0.4097012 0.3859066 0.3974659 0.3744584 0.3521294 0.0000000 0.3856954 0.4215018 0.2939412 0.4090258 0.3908103 0.0342011 
n295_296   0.0306219 0.0271543 0.0774156 0.3135658 0.2986999 0.3569334 0.2986960 0.3037406 0.0482755 0.2986851 0.0066897 0.0482841 0.0341172 0.0518240 0.0271635 0.2936876 0.3856954 0.0000000 0.3795429 0.3785115 0.1727249 0.3187114 0.3858058 
n266_267   0.3682732 0.3626676 0.3513620 0.3090853 0.1645913 0.0272123 0.3095807 0.3147084 0.3797290 0.3043680 0.3912532 0.3798005 0.3797499 0.3858306 0.3626587 0.1604144 0.4215018 0.3795429 0.0000000 0.3905628 0.3738191 0.3195278 0.4335588 
n244_245   0.3672800 0.3729209 0.3785722 0.3563513 0.3405734 0.3903954 0.3625222 0.3680277 0.4021188 0.3682552 0.3842585 0.4021940 0.3787175 0.3902780 0.3730760 0.3352719 0.2939412 0.3785115 0.3905628 0.0000000 0.3670556 0.3729729 0.3040516 
n200_201   0.1684685 0.1642653 0.1770592 0.3188719 0.3087609 0.3568314 0.3193034 0.3244922 0.1990074 0.3246879 0.1770650 0.1990447 0.1814121 0.2033103 0.1643255 0.3036825 0.4090258 0.1727249 0.3738191 0.3670556 0.0000000 0.3292732 0.4033840 
n277_278   0.3032276 0.2981657 0.3188576 0.0134750 0.2592896 0.2987255 0.0775445 0.0812676 0.3403550 0.0850455 0.3294194 0.3297320 0.3138158 0.3401053 0.2982838 0.2545354 0.3908103 0.3187114 0.3195278 0.3729729 0.3292732 0.0000000 0.3853066 
n251_252   0.3741936 0.3744085 0.3971479 0.3740656 0.3744480 0.4091758 0.3979314 0.4037233 0.4036779 0.3919542 0.3976369 0.4037535 0.3801561 0.3975803 0.3745649 0.3688918 0.0342011 0.3858058 0.4335588 0.3040516 0.4033840 0.3853066 0.0000000 
