24
n292_293   0.0000000 0.3122401 0.3075273 0.2923309 0.3805873 0.2576068 0.0033297 0.2923309 0.0167966 0.3175603 0.3803144 0.3066922 0.0733017 0.2823854 0.4446902 0.2922674 0.2923172 0.2874723 0.2524715 0.3129069 0.2525512 0.0551945 0.0202036 0.2478090 
n287_288   0.3122401 0.0000000 0.0101094 0.0342724 0.3996595 0.3132705 0.3071486 0.0342724 0.3171739 0.0203521 0.3992088 0.0664838 0.3222124 0.0342647 0.4532930 0.0377989 0.0272823 0.0272897 0.3126408 0.1361883 0.3128579 0.2966989 0.3069605 0.2974386 
n290_291   0.3075273 0.0101094 0.0000000 0.0273041 0.3944818 0.3085406 0.3024626 0.0273041 0.3124374 0.0101097 0.3940382 0.0556027 0.3174501 0.0272980 0.4416487 0.0307976 0.0169394 0.0169439 0.3079214 0.1242152 0.3081353 0.2920717 0.3022776 0.2927988 
n294_295   0.2923309 0.0342724 0.0273041 0.0000000 0.3888064 0.2932863 0.2873701 0.0067288 0.2971478 0.0377969 0.3883711 0.0412827 0.2968251 0.0067273 0.4234674 0.0033563 0.0169407 0.0169453 0.3028072 0.1242226 0.2929056 0.2721556 0.2871960 0.2877897 
n251_252   0.3805873 0.3996595 0.3944818 0.3888064 0.0000000 0.4106252 0.3750205 0.3888064 0.3747373 0.4116349 0.0304529 0.4225786 0.3860450 0.3829811 0.3202897 0.3887167 0.3887471 0.3832608 0.4396613 0.4179718 0.4100437 0.3638644 0.3635180 0.4158135 
n286_287   0.2576068 0.3132705 0.3085406 0.2932863 0.4106252 0.0000000 0.2528827 0.2832471 0.2622104 0.3186118 0.4103221 0.3077001 0.2715689 0.2833033 0.4339568 0.2932223 0.2932725 0.2933838 0.1433889 0.3038345 0.0067022 0.2525602 0.2621177 0.1233931 
n300_301   0.0033297 0.3071486 0.3024626 0.2873701 0.3750205 0.2528827 0.0000000 0.2873701 0.0134067 0.3124296 0.3747529 0.3016448 0.0696414 0.2774911 0.4445844 0.2873078 0.2873566 0.2825422 0.2524181 0.3078015 0.2478642 0.0516215 0.0167978 0.2477567 
n275_276   0.2923309 0.0342724 0.0273041 0.0067288 0.3888064 0.2832471 0.2873701 0.0000000 0.2971478 0.0377969 0.3883711 0.0484126 0.3020600 0.0067273 0.4234674 0.0101187 0.0169407 0.0169453 0.2977531 0.1242226 0.2828824 0.2772042 0.2871960 0.2828370 
n274_275   0.0167966 0.3171739 0.3124374 0.2971478 0.3747373 0.2622104 0.0134067 0.2971478 0.0000000 0.3225295 0.3800484 0.3115859 0.0769448 0.2871425 0.4503613 0.2970831 0.2971338 0.2922618 0.2617263 0.3178538 0.2571210 0.0587584 0.0236151 0.2570092 
n289_290   0.3175603 0.0203521 0.0101097 0.0377969 0.4116349 0.3186118 0.3124296 0.0377969 0.3225295 0.0000000 0.4111660 0.0664863 0.3328922 0.0377883 0.4599082 0.0413409 0.0272832 0.0272906 0.3179692 0.1281262 0.3181902 0.3069970 0.3122375 0.3026505 
n255_256   0.3803144 0.3992088 0.3940382 0.3883711 0.0304529 0.4103221 0.3747529 0.3883711 0.3800484 0.4111660 0.0000000 0.4161276 0.3857669 0.3825544 0.3101328 0.3941998 0.3883119 0.3828335 0.4393288 0.4421517 0.4097415 0.3636073 0.3632615 0.4155056 
n236_237   0.3066922 0.0664838 0.0556027 0.0412827 0.4225786 0.3077001 0.3016448 0.0484126 0.3115859 0.0664863 0.4161276 0.0000000 0.3112462 0.0484016 0.4399083 0.0448401 0.0448370 0.0448505 0.3173691 0.1239262 0.3072971 0.2861470 0.3014609 0.3020875 
n278_279   0.0733017 0.3222124 0.3174501 0.2968251 0.3860450 0.2715689 0.0696414 0.3020600 0.0769448 0.3328922 0.3857669 0.3112462 0.0000000 0.2919903 0.4498322 0.2967605 0.3020458 0.3021613 0.2661531 0.3227802 0.2664081 0.0236098 0.0769176 0.2662920 
n297_298   0.2823854 0.0342647 0.0272980 0.0067273 0.3829811 0.2833033 0.2774911 0.0067273 0.2871425 0.0377883 0.3825544 0.0484016 0.2919903 0.0000000 0.4115846 0.0101165 0.0169370 0.0169415 0.2927087 0.1162850 0.2829384 0.2674695 0.2773241 0.2778942 
n244_245   0.4446902 0.4532930 0.4416487 0.4234674 0.3202897 0.4339568 0.4445844 0.4234674 0.4503613 0.4599082 0.3101328 0.4399083 0.4498322 0.4115846 0.0000000 0.4233676 0.4234014 0.4235887 0.4649183 0.4481302 0.4333318 0.4259957 0.4319014 0.4523040 
n293_294   0.2922674 0.0377989 0.0307976 0.0033563 0.3887167 0.2932223 0.2873078 0.0101187 0.2970831 0.0413409 0.3941998 0.0448401 0.2967605 0.0101165 0.4233676 0.0000000 0.0203808 0.0203863 0.3027409 0.1241980 0.2928418 0.2720973 0.2871339 0.2877273 
n296_297   0.2923172 0.0272823 0.0169394 0.0169407 0.3887471 0.2932725 0.2873566 0.0169407 0.2971338 0.0272832 0.3883119 0.0448370 0.3020458 0.0169370 0.4234014 0.0203808 0.0000000 0.0067287 0.3027930 0.1202296 0.2928918 0.2771911 0.2871825 0.2877762 
n295_296   0.2874723 0.0272897 0.0169439 0.0169453 0.3832608 0.2933838 0.2825422 0.0169453 0.2922618 0.0272906 0.3828335 0.0448505 0.3021613 0.0169415 0.4235887 0.0203863 0.0067287 0.0000000 0.3029090 0.1202667 0.2930028 0.2772940 0.2823715 0.2878845 
n266_267   0.2524715 0.3126408 0.3079214 0.3028072 0.4396613 0.1433889 0.2524181 0.2977531 0.2617263 0.3179692 0.4393288 0.3173691 0.2661531 0.2927087 0.4649183 0.3027409 0.3027930 0.3029090 0.0000000 0.3343075 0.1391745 0.2520967 0.2616339 0.0306145 
n200_201   0.3129069 0.1361883 0.1242152 0.1242226 0.4179718 0.3038345 0.3078015 0.1242226 0.3178538 0.1281262 0.4421517 0.1239262 0.3227802 0.1162850 0.4481302 0.1241980 0.1202296 0.1202667 0.3343075 0.0000000 0.3034364 0.3026532 0.3076126 0.3186249 
n285_286   0.2525512 0.3128579 0.3081353 0.2929056 0.4100437 0.0067022 0.2478642 0.2828824 0.2571210 0.3181902 0.4097415 0.3072971 0.2664081 0.2829384 0.4333318 0.2928418 0.2928918 0.2930028 0.1391745 0.3034364 0.0000000 0.2475494 0.2570303 0.1193119 
n277_278   0.0551945 0.2966989 0.2920717 0.2721556 0.3638644 0.2525602 0.0516215 0.2772042 0.0587584 0.3069970 0.3636073 0.2861470 0.0236098 0.2674695 0.4259957 0.2720973 0.2771911 0.2772940 0.2520967 0.3026532 0.2475494 0.0000000 0.0587376 0.2474422 
n280_281   0.0202036 0.3069605 0.3022776 0.2871960 0.3635180 0.2621177 0.0167978 0.2871960 0.0236151 0.3122375 0.3632615 0.3014609 0.0769176 0.2773241 0.4319014 0.2871339 0.2871825 0.2823715 0.2616339 0.3076126 0.2570303 0.0587376 0.0000000 0.2569185 
n265_266   0.2478090 0.2974386 0.2927988 0.2877897 0.4158135 0.1233931 0.2477567 0.2828370 0.2570092 0.3026505 0.4155056 0.3020875 0.2662920 0.2778942 0.4523040 0.2877273 0.2877762 0.2878845 0.0306145 0.3186249 0.1193119 0.2474422 0.2569185 0.0000000 
