26
n299_300   0.0000000 0.0488255 3.3145138 2.2488757 4.1373728 0.5190201 2.1346109 1.8403010 0.1017024 2.9338449 2.3954675 2.6558884 0.0597801 0.5228412 2.6053900 2.4859289 2.2009078 2.1611693 2.6934224 3.6980660 2.2612412 2.7385542 2.1283488 2.0709618 0.1292724 2.3924204 
n300_301   0.0488255 0.0000000 3.1635556 2.1879433 3.8685488 0.5192399 2.1011637 1.7380283 0.1175985 2.8971528 2.3448258 2.6191273 0.0709424 0.5296737 2.6383649 2.3950882 2.3353465 2.2513620 2.6623504 3.3512533 2.2337769 2.6687744 2.3436966 2.2584404 0.1541647 2.4316725 
n290_291   3.3145138 3.1635556 0.0000000 2.7964574 3.2101879 2.7890365 1.0896525 0.6557976 3.1990551 0.0555173 0.1451715 0.2723170 3.1561710 3.0376595 0.2965833 0.2962940 2.0878275 2.1657259 0.0738551 4.5451435 0.2964651 0.1619185 3.0698442 2.7819067 2.9006672 0.2716364 
n244_245   2.2488757 2.1879433 2.7964574 0.0000000 1.7726352 2.7589052 3.9086624 2.7144124 2.4113305 2.5653724 2.6078994 3.2981868 2.2715774 2.9072013 3.4758421 3.2391491 9.0000000 8.9999987 2.3254559 2.2838891 2.8247012 2.5883535 2.8988916 2.5156984 2.3167460 3.2595248 
n255_256   4.1373728 3.8685488 3.2101879 1.7726352 0.0000000 4.3726701 2.8518500 2.9183232 3.3381871 2.8130087 2.3488099 3.2391138 3.7007968 6.3526862 3.3910607 3.2241847 5.0202342 4.0091967 3.2067806 0.3244690 2.5905311 2.4344818 2.9290579 2.9404501 3.0091158 2.4039594 
n277_278   0.5190201 0.5192399 2.7890365 2.7589052 4.3726701 0.0000000 1.8369774 1.6688089 0.4483544 2.9270415 2.4116377 2.1668791 0.4876990 0.1412518 2.4305032 2.3001261 1.7296536 1.6394883 2.7556512 6.1951301 2.1314144 2.5580776 2.3275383 2.3139238 0.4971154 2.1930605 
n200_201   2.1346109 2.1011637 1.0896525 3.9086624 2.8518500 1.8369774 0.0000000 1.0407580 2.0320830 1.1054827 1.0392225 1.0658330 2.0845493 1.6904090 1.0266565 0.9993222 2.2372291 2.1846739 1.1066639 2.6981221 1.0524529 1.0569501 2.2531183 2.1803100 1.9633489 0.9285588 
n236_237   1.8403010 1.7380283 0.6557976 2.7144124 2.9183232 1.6688089 1.0407580 0.0000000 1.7658511 0.6296294 0.6489140 0.7495116 1.7658623 1.7915114 0.7114414 0.6838237 1.9589102 1.8343928 0.6627601 2.6102531 0.7216984 0.6579174 1.6994692 1.7358546 1.8096564 0.7150790 
n274_275   0.1017024 0.1175985 3.1990551 2.4113305 3.3381871 0.4483544 2.0320830 1.7658511 0.0000000 3.0395083 2.3461418 2.5141823 0.0936951 0.4595831 2.4816570 2.2166172 1.9203518 1.9340586 2.8163597 2.8089709 2.1324644 2.6697843 2.0565749 2.0443171 0.1130508 2.1865674 
n289_290   2.9338449 2.8971528 0.0555173 2.5653724 2.8130087 2.9270415 1.1054827 0.6296294 3.0395083 0.0000000 0.1125305 0.2380142 3.0492694 3.0192846 0.2616987 0.2711784 2.0738235 2.1829480 0.0554744 3.7624017 0.2658384 0.1366460 3.0177139 2.4983681 2.8923954 0.2374262 
n296_297   2.3954675 2.3448258 0.1451715 2.6078994 2.3488099 2.4116377 1.0392225 0.6489140 2.3461418 0.1125305 0.0000000 0.2477451 2.3271358 2.4848081 0.2626951 0.2768353 2.5327011 2.4704673 0.1406889 2.9860076 0.2611134 0.0413230 3.1619479 2.6799991 2.2477661 0.2473324 
n275_276   2.6558884 2.6191273 0.2723170 3.2981868 3.2391138 2.1668791 1.0658330 0.7495116 2.5141823 0.2380142 0.2477451 0.0000000 2.4561439 2.2830187 0.1532429 0.1530489 2.3697678 2.5635934 0.2671381 3.8126108 0.1407611 0.2382749 3.0297276 2.4018275 2.4415594 0.1367904 
n292_293   0.0597801 0.0709424 3.1561710 2.2715774 3.7007968 0.4876990 2.0845493 1.7658623 0.0936951 3.0492694 2.3271358 2.4561439 0.0000000 0.5054599 2.5536823 2.3758131 2.2871169 2.3098137 2.7152745 2.8661415 2.2291037 2.7151083 2.1329804 2.0714405 0.1291173 2.2425908 
n278_279   0.5228412 0.5296737 3.0376595 2.9072013 6.3526862 0.1412518 1.6904090 1.7915114 0.4595831 3.0192846 2.4848081 2.2830187 0.5054599 0.0000000 2.7488904 2.4176474 1.9242285 1.9454056 2.9332946 9.0000000 2.2353546 2.7153456 2.2833677 2.2501665 0.4938162 2.3732127 
n298_299   2.6053900 2.6383649 0.2965833 3.4758421 3.3910607 2.4305032 1.0266565 0.7114414 2.4816570 0.2616987 0.2626951 0.1532429 2.5536823 2.7488904 0.0000000 0.0341194 2.3330000 2.4716318 0.2914479 4.5991608 0.1246310 0.2580384 2.8012785 2.4536532 2.4078684 0.1167915 
n297_298   2.4859289 2.3950882 0.2962940 3.2391491 3.2241847 2.3001261 0.9993222 0.6838237 2.2166172 0.2711784 0.2768353 0.1530489 2.3758131 2.4176474 0.0341194 0.0000000 2.2659063 2.3959644 0.3016572 4.4498466 0.1324663 0.2721031 2.6429583 2.4024335 2.1263067 0.1164858 
n286_287   2.2009078 2.3353465 2.0878275 9.0000000 5.0202342 1.7296536 2.2372291 1.9589102 1.9203518 2.0738235 2.5327011 2.3697678 2.2871169 1.9242285 2.3330000 2.2659063 0.0000000 0.0669649 2.2450431 3.6097775 2.2757380 2.3058868 0.9758410 0.9641547 2.0157487 2.2262505 
n285_286   2.1611693 2.2513620 2.1657259 8.9999987 4.0091967 1.6394883 2.1846739 1.8343928 1.9340586 2.1829480 2.4704673 2.5635934 2.3098137 1.9454056 2.4716318 2.3959644 0.0669649 0.0000000 2.2575314 3.1300641 2.3677496 2.3625418 1.0078575 1.0226690 1.9827461 2.3542374 
n287_288   2.6934224 2.6623504 0.0738551 2.3254559 3.2067806 2.7556512 1.1066639 0.6627601 2.8163597 0.0554744 0.1406889 0.2671381 2.7152745 2.9332946 0.2914479 0.3016572 2.2450431 2.2575314 0.0000000 4.3310787 0.2856557 0.1572907 2.5803038 2.3960641 2.4665621 0.2570536 
n251_252   3.6980660 3.3512533 4.5451435 2.2838891 0.3244690 6.1951301 2.6981221 2.6102531 2.8089709 3.7624017 2.9860076 3.8126108 2.8661415 9.0000000 4.5991608 4.4498466 3.6097775 3.1300641 4.3310787 0.0000000 3.1399190 3.1296450 2.6931057 2.9896111 3.1518769 3.0708774 
n294_295   2.2612412 2.2337769 0.2964651 2.8247012 2.5905311 2.1314144 1.0524529 0.7216984 2.1324644 0.2658384 0.2611134 0.1407611 2.2291037 2.2353546 0.1246310 0.1324663 2.2757380 2.3677496 0.2856557 3.1399190 0.0000000 0.2518004 2.5495623 2.4249874 2.0017885 0.0628978 
n295_296   2.7385542 2.6687744 0.1619185 2.5883535 2.4344818 2.5580776 1.0569501 0.6579174 2.6697843 0.1366460 0.0413230 0.2382749 2.7151083 2.7153456 0.2580384 0.2721031 2.3058868 2.3625418 0.1572907 3.1296450 0.2518004 0.0000000 3.2340100 2.7220349 2.5371835 0.2427773 
n266_267   2.1283488 2.3436966 3.0698442 2.8988916 2.9290579 2.3275383 2.2531183 1.6994692 2.0565749 3.0177139 3.1619479 3.0297276 2.1329804 2.2833677 2.8012785 2.6429583 0.9758410 1.0078575 2.5803038 2.6931057 2.5495623 3.2340100 0.0000000 0.1798096 2.2329174 2.6033499 
n265_266   2.0709618 2.2584404 2.7819067 2.5156984 2.9404501 2.3139238 2.1803100 1.7358546 2.0443171 2.4983681 2.6799991 2.4018275 2.0714405 2.2501665 2.4536532 2.4024335 0.9641547 1.0226690 2.3960641 2.9896111 2.4249874 2.7220349 0.1798096 0.0000000 2.1800586 2.5385671 
n280_281   0.1292724 0.1541647 2.9006672 2.3167460 3.0091158 0.4971154 1.9633489 1.8096564 0.1130508 2.8923954 2.2477661 2.4415594 0.1291173 0.4938162 2.4078684 2.1263067 2.0157487 1.9827461 2.4665621 3.1518769 2.0017885 2.5371835 2.2329174 2.1800586 0.0000000 2.0268441 
n293_294   2.3924204 2.4316725 0.2716364 3.2595248 2.4039594 2.1930605 0.9285588 0.7150790 2.1865674 0.2374262 0.2473324 0.1367904 2.2425908 2.3732127 0.1167915 0.1164858 2.2262505 2.3542374 0.2570536 3.0708774 0.0628978 0.2427773 2.6033499 2.5385671 2.0268441 0.0000000 
