24
n251_256   0.0000000 0.3992642 0.4027509 0.3889187 0.4022541 0.4184655 0.4136178 0.3839357 0.4031466 0.4113540 0.3840674 0.4251573 0.4192346 0.4029464 0.3939621 0.3917532 0.3970796 0.3884340 0.2935582 0.4110450 0.3504843 0.3831551 0.0411101 0.3562228 
n299_304   0.3992642 0.0000000 0.2625643 0.2507274 0.2576116 0.2708004 0.2617545 0.2510957 0.2621008 0.2513355 0.0340838 0.2853822 0.2663959 0.2619822 0.0033315 0.2526491 0.2571497 0.0100444 0.3983412 0.2792786 0.0883140 0.0235997 0.4126702 0.0883140 
n275_280   0.4027509 0.2625643 0.0000000 0.2958778 0.0203710 0.2968179 0.0203319 0.2913604 0.0447923 0.2907237 0.2258614 0.0850114 0.0237664 0.0412449 0.2580257 0.0342223 0.0377056 0.2581880 0.4256635 0.1680878 0.2300998 0.2441184 0.4108425 0.2346067 
n286_291   0.3889187 0.2507274 0.2958778 0.0000000 0.2858658 0.1430788 0.2998694 0.0100311 0.2855824 0.1347204 0.2331874 0.3246942 0.3047277 0.2854514 0.2462873 0.2806123 0.2852566 0.2464398 0.3658602 0.2885449 0.2144508 0.2326935 0.3897208 0.2144508 
n297_302   0.4022541 0.2576116 0.0203710 0.2858658 0.0000000 0.2867672 0.0203326 0.2813985 0.0377260 0.2807852 0.2211575 0.0775507 0.0237672 0.0342126 0.2531023 0.0272528 0.0307086 0.2532608 0.4190236 0.1597704 0.2210472 0.2392906 0.4046828 0.2255028 
n265_270   0.4184655 0.2708004 0.2968179 0.1430788 0.2867672 0.0000000 0.3008222 0.1472552 0.2821994 0.0305993 0.2527850 0.3207986 0.3056990 0.2820697 0.2662360 0.2867533 0.2914489 0.2664037 0.3954278 0.3047997 0.2290152 0.2522393 0.4137424 0.2290152 
n293_298   0.4136178 0.2617545 0.0203319 0.2998694 0.0203326 0.3008222 0.0000000 0.2953451 0.0447062 0.2850512 0.2251831 0.0774523 0.0033496 0.0411659 0.2572323 0.0341571 0.0376335 0.2573935 0.4306189 0.1677296 0.2295840 0.2433754 0.4218623 0.2340790 
n285_290   0.3839357 0.2510957 0.2913604 0.0100311 0.2813985 0.1472552 0.2953451 0.0000000 0.2811195 0.1388349 0.2335279 0.3200505 0.3001812 0.2809908 0.2466479 0.2761745 0.2807993 0.2468004 0.3666127 0.2888840 0.2103303 0.2330318 0.3847257 0.2103303 
n289_294   0.4031466 0.2621008 0.0447923 0.2855824 0.0377260 0.2821994 0.0447062 0.2811195 0.0000000 0.2762606 0.2299465 0.0812442 0.0482406 0.0033495 0.2575708 0.0101011 0.0134893 0.2577325 0.4200531 0.1514896 0.2253560 0.2436902 0.4047495 0.2298328 
n266_271   0.4113540 0.2513355 0.2907237 0.1347204 0.2807852 0.0305993 0.2850512 0.1388349 0.2762606 0.0000000 0.2337464 0.3254166 0.2898205 0.2761344 0.2468828 0.2807712 0.2854193 0.2470360 0.3829321 0.3042491 0.2150496 0.2332501 0.4066717 0.2150496 
n274_279   0.3840674 0.0340838 0.2258614 0.2331874 0.2211575 0.2527850 0.2251831 0.2335279 0.2299465 0.2337464 0.0000000 0.2524328 0.2296247 0.2253679 0.0306265 0.2164476 0.2207664 0.0306430 0.3832962 0.2608225 0.0737018 0.0202903 0.3971129 0.0737018 
n236_241   0.4251573 0.2853822 0.0850114 0.3246942 0.0775507 0.3207986 0.0774523 0.3200505 0.0812442 0.3254166 0.2524328 0.0000000 0.0811388 0.0775125 0.2856186 0.0701491 0.0737818 0.2858008 0.4488762 0.1846499 0.2523109 0.2712657 0.4391240 0.2569340 
n294_299   0.4192346 0.2663959 0.0237664 0.3047277 0.0237672 0.3056990 0.0033496 0.3001812 0.0482406 0.2898205 0.2296247 0.0811388 0.0000000 0.0446844 0.2618503 0.0376464 0.0411354 0.2620149 0.4304697 0.1718488 0.2340485 0.2479166 0.4275625 0.2385676 
n290_295   0.4029464 0.2619822 0.0412449 0.2854514 0.0342126 0.2820697 0.0411659 0.2809908 0.0033495 0.2761344 0.2253679 0.0775125 0.0446844 0.0000000 0.2574544 0.0067181 0.0100929 0.2576160 0.4198424 0.1514255 0.2252561 0.2435810 0.4045477 0.2297307 
n300_305   0.3939621 0.0033315 0.2580257 0.2462873 0.2531023 0.2662360 0.2572323 0.2466479 0.2575708 0.2468828 0.0306265 0.2856186 0.2618503 0.2574544 0.0000000 0.2481696 0.2526491 0.0066859 0.3930555 0.2746833 0.0846360 0.0201968 0.4072625 0.0846360 
n295_300   0.3917532 0.2526491 0.0342223 0.2806123 0.0272528 0.2867533 0.0341571 0.2761745 0.0101011 0.2807712 0.2164476 0.0701491 0.0376464 0.0067181 0.2481696 0.0000000 0.0033502 0.2483244 0.4084158 0.1433376 0.2163393 0.2344550 0.3932982 0.2207647 
n296_301   0.3970796 0.2571497 0.0377056 0.2852566 0.0307086 0.2914489 0.0376335 0.2807993 0.0134893 0.2854193 0.2207664 0.0737818 0.0411354 0.0100929 0.2526491 0.0033502 0.0000000 0.2528071 0.4138458 0.1472880 0.2206564 0.2388644 0.3986507 0.2251034 
n292_297   0.3884340 0.0100444 0.2581880 0.2464398 0.2532608 0.2664037 0.2573935 0.2468004 0.2577325 0.2470360 0.0306430 0.2858008 0.2620149 0.2576160 0.0066859 0.2483244 0.2528071 0.0000000 0.3933233 0.2748564 0.0846833 0.0202077 0.4016192 0.0846833 
n244_249   0.2935582 0.3983412 0.4256635 0.3658602 0.4190236 0.3954278 0.4306189 0.3666127 0.4200531 0.3829321 0.3832962 0.4488762 0.4304697 0.4198424 0.3930555 0.4084158 0.4138458 0.3933233 0.0000000 0.3895305 0.3441968 0.3823879 0.3147281 0.3498680 
n200_205   0.4110450 0.2792786 0.1680878 0.2885449 0.1597704 0.3047997 0.1677296 0.2888840 0.1514896 0.3042491 0.2608225 0.1846499 0.1718488 0.1514255 0.2746833 0.1433376 0.1472880 0.2748564 0.3895305 0.0000000 0.2416473 0.2651099 0.4186949 0.2461861 
n277_282   0.3504843 0.0883140 0.2300998 0.2144508 0.2210472 0.2290152 0.2295840 0.2103303 0.2253560 0.2150496 0.0737018 0.2523109 0.2340485 0.2252561 0.0846360 0.2163393 0.2206564 0.0846833 0.3441968 0.2416473 0.0000000 0.0735652 0.3628238 0.0067049 
n280_285   0.3831551 0.0235997 0.2441184 0.2326935 0.2392906 0.2522393 0.2433754 0.2330318 0.2436902 0.2332501 0.0202903 0.2712657 0.2479166 0.2435810 0.0201968 0.2344550 0.2388644 0.0202077 0.3823879 0.2651099 0.0735652 0.0000000 0.3961573 0.0735652 
n255_260   0.0411101 0.4126702 0.4108425 0.3897208 0.4046828 0.4137424 0.4218623 0.3847257 0.4047495 0.4066717 0.3971129 0.4391240 0.4275625 0.4045477 0.4072625 0.3932982 0.3986507 0.4016192 0.3147281 0.4186949 0.3628238 0.3961573 0.0000000 0.3686896 
n278_283   0.3562228 0.0883140 0.2346067 0.2144508 0.2255028 0.2290152 0.2340790 0.2103303 0.2298328 0.2150496 0.0737018 0.2569340 0.2385676 0.2297307 0.0846360 0.2207647 0.2251034 0.0846833 0.3498680 0.2461861 0.0067049 0.0735652 0.3686896 0.0000000 
