26
n287_288   0.0000000 0.0100861 0.0813171 0.3020092 0.3165848 0.2970376 0.3178736 0.3231198 0.0519787 0.3074717 0.3230552 0.0168784 0.0555941 0.0483767 0.0628273 0.0067039 0.3111070 0.4079498 0.0134678 0.3126298 0.3901930 0.0628365 0.3283166 0.1483863 0.2971182 0.4191787 
n290_291   0.0100861 0.0000000 0.0851081 0.3022287 0.3110089 0.2972529 0.3181074 0.3233584 0.0519647 0.3076963 0.3232936 0.0203110 0.0555802 0.0483648 0.0628116 0.0100838 0.3055820 0.4140967 0.0168819 0.3128590 0.3904964 0.0628207 0.3285599 0.1484840 0.2973336 0.4254171 
n236_237   0.0813171 0.0851081 0.0000000 0.2753152 0.3045371 0.2754372 0.3008320 0.3059386 0.0554416 0.2907014 0.3058778 0.0701177 0.0590666 0.0518307 0.0663166 0.0812976 0.2991791 0.3821383 0.0664291 0.2905038 0.3764246 0.0663261 0.3110007 0.1236624 0.2706023 0.3871615 
n278_279   0.3020092 0.3022287 0.2753152 0.0000000 0.2748619 0.2518506 0.0521005 0.0593246 0.2758046 0.0521049 0.0593140 0.2862599 0.2808231 0.2707874 0.2805444 0.3019327 0.2799147 0.4505392 0.2912385 0.2566887 0.3832353 0.2805782 0.0592674 0.2901905 0.0101076 0.4430038 
n285_286   0.3165848 0.3110089 0.3045371 0.2748619 0.0000000 0.1481971 0.3002502 0.3104272 0.2944114 0.2952930 0.3103656 0.3106830 0.2995458 0.2892769 0.2994507 0.3215447 0.0167876 0.4747767 0.3158168 0.1564850 0.3644494 0.2994859 0.3155125 0.3306003 0.2701592 0.4799059 
n265_266   0.2970376 0.2972529 0.2754372 0.2518506 0.1481971 0.0000000 0.2616226 0.2760679 0.2708472 0.2566473 0.2760136 0.2864491 0.2758315 0.2658647 0.2805629 0.2969624 0.1522492 0.3896108 0.2914330 0.0272074 0.3382688 0.2805968 0.2809382 0.2852506 0.2375209 0.3883262 
n280_281   0.3178736 0.3181074 0.3008320 0.0521005 0.3002502 0.2616226 0.0000000 0.0135016 0.3013735 0.0067215 0.0134992 0.3017501 0.3065816 0.2961646 0.3062752 0.3177932 0.3054948 0.4572775 0.3068373 0.2665299 0.3551803 0.3063111 0.0169126 0.3217430 0.0413527 0.4496571 
n299_300   0.3231198 0.3233584 0.3059386 0.0593246 0.3104272 0.2760679 0.0135016 0.0000000 0.3064905 0.0135027 0.0067135 0.3068742 0.3117362 0.3012436 0.3114243 0.3230381 0.3157475 0.4633501 0.3119968 0.2810721 0.3715658 0.3114606 0.0100931 0.3270008 0.0484685 0.4684295 
n293_294   0.0519787 0.0519647 0.0554416 0.2758046 0.2944114 0.2708472 0.3013735 0.3064905 0.0000000 0.2912223 0.3064295 0.0412444 0.0033378 0.0033395 0.0168573 0.0519654 0.2891352 0.3887378 0.0377069 0.2858289 0.3601357 0.0168598 0.3115629 0.1277740 0.2710826 0.3996644 
n274_275   0.3074717 0.3076963 0.2907014 0.0521049 0.2952930 0.2566473 0.0067215 0.0135027 0.2912223 0.0000000 0.0135003 0.2915849 0.2963575 0.2860873 0.2960619 0.3073939 0.3005026 0.4572681 0.2966036 0.2615185 0.3608355 0.2960971 0.0169140 0.3113193 0.0413562 0.4496469 
n292_293   0.3230552 0.3232936 0.3058778 0.0593140 0.3103656 0.2760136 0.0134992 0.0067135 0.3064295 0.0135003 0.0000000 0.3068132 0.3116741 0.3011838 0.3113624 0.3229735 0.3156847 0.4698720 0.3119346 0.2810167 0.3714907 0.3113987 0.0100913 0.3269355 0.0484599 0.4683335 
n296_297   0.0168784 0.0203110 0.0701177 0.2862599 0.3106830 0.2864491 0.3017501 0.3068742 0.0412444 0.2915849 0.3068132 0.0000000 0.0448009 0.0377028 0.0519249 0.0168744 0.3052623 0.4013352 0.0033408 0.3017943 0.3721890 0.0519325 0.3119537 0.1360225 0.2814698 0.4124576 
n294_295   0.0555941 0.0555802 0.0590666 0.2808231 0.2995458 0.2758315 0.3065816 0.3117362 0.0033378 0.2963575 0.3116741 0.0448009 0.0000000 0.0066965 0.0202814 0.0555809 0.2942277 0.3946238 0.0412444 0.2909208 0.3657887 0.0202844 0.3168448 0.1318106 0.2760709 0.4056335 
n275_276   0.0483767 0.0483648 0.0518307 0.2707874 0.2892769 0.2658647 0.2961646 0.3012436 0.0033395 0.2860873 0.3011838 0.0377028 0.0066965 0.0000000 0.0134494 0.0483654 0.2840430 0.3828420 0.0341845 0.2807375 0.3544762 0.0134514 0.3062794 0.1237475 0.2660960 0.3936843 
n297_298   0.0628273 0.0628116 0.0663166 0.2805444 0.2994507 0.2805629 0.3062752 0.3114243 0.0168573 0.2960619 0.3113624 0.0519249 0.0202814 0.0134494 0.0000000 0.0628124 0.3042536 0.3885019 0.0483330 0.2957458 0.3600842 0.0066907 0.3165275 0.1398295 0.2757971 0.3994213 
n289_290   0.0067039 0.0100838 0.0812976 0.3019327 0.3215447 0.2969624 0.3177932 0.3230381 0.0519654 0.3073939 0.3229735 0.0168744 0.0555809 0.0483654 0.0628124 0.0000000 0.3160292 0.4136651 0.0134646 0.3125507 0.3900956 0.0628215 0.3282337 0.1483498 0.2970430 0.4249715 
n286_287   0.3111070 0.3055820 0.2991791 0.2799147 0.0167876 0.1522492 0.3054948 0.3157475 0.2891352 0.3005026 0.3156847 0.3052623 0.2942277 0.2840430 0.3042536 0.3160292 0.0000000 0.4741871 0.3103546 0.1605803 0.3701370 0.3042892 0.3208701 0.3250282 0.2751813 0.4859604 
n255_256   0.4079498 0.4140967 0.3821383 0.4505392 0.4747767 0.3896108 0.4572775 0.4633501 0.3887378 0.4572681 0.4698720 0.4013352 0.3946238 0.3828420 0.3885019 0.4136651 0.4741871 0.0000000 0.4071594 0.4135438 0.3012204 0.3945511 0.4697055 0.4119079 0.4316623 0.0591129 
n295_296   0.0134678 0.0168819 0.0664291 0.2912385 0.3158168 0.2914330 0.3068373 0.3119968 0.0377069 0.2966036 0.3119346 0.0033408 0.0412444 0.0341845 0.0483330 0.0134646 0.3103546 0.4071594 0.0000000 0.3068837 0.3777858 0.0483401 0.3171101 0.1319567 0.2864194 0.4183628 
n266_267   0.3126298 0.3128590 0.2905038 0.2566887 0.1564850 0.0272074 0.2665299 0.2810721 0.2858289 0.2615185 0.2810167 0.3017943 0.2909208 0.2807375 0.2957458 0.3125507 0.1605803 0.4135438 0.3068837 0.0000000 0.3546052 0.2957809 0.2859753 0.2953787 0.2422610 0.4180404 
n244_245   0.3901930 0.3904964 0.3764246 0.3832353 0.3644494 0.3382688 0.3551803 0.3715658 0.3601357 0.3608355 0.3714907 0.3721890 0.3657887 0.3544762 0.3600842 0.3900956 0.3701370 0.3012204 0.3777858 0.3546052 0.0000000 0.3601237 0.3770984 0.3818544 0.3660511 0.3106058 
n298_299   0.0628365 0.0628207 0.0663261 0.2805782 0.2994859 0.2805968 0.3063111 0.3114606 0.0168598 0.2960971 0.3113987 0.0519325 0.0202844 0.0134514 0.0066907 0.0628215 0.3042892 0.3945511 0.0483401 0.2957809 0.3601237 0.0000000 0.3165642 0.1398487 0.2758305 0.4055598 
n300_301   0.3283166 0.3285599 0.3110007 0.0592674 0.3155125 0.2809382 0.0169126 0.0100931 0.3115629 0.0169140 0.0100913 0.3119537 0.3168448 0.3062794 0.3165275 0.3282337 0.3208701 0.4697055 0.3171101 0.2859753 0.3770984 0.3165642 0.0000000 0.3215662 0.0484221 0.4681681 
n200_201   0.1483863 0.1484840 0.1236624 0.2901905 0.3306003 0.2852506 0.3217430 0.3270008 0.1277740 0.3113193 0.3269355 0.1360225 0.1318106 0.1237475 0.1398295 0.1483498 0.3250282 0.4119079 0.1319567 0.2953787 0.3818544 0.1398487 0.3215662 0.0000000 0.2853910 0.4226817 
n277_278   0.2971182 0.2973336 0.2706023 0.0101076 0.2701592 0.2375209 0.0413527 0.0484685 0.2710826 0.0413562 0.0484599 0.2814698 0.2760709 0.2660960 0.2757971 0.2970430 0.2751813 0.4316623 0.2864194 0.2422610 0.3660511 0.2758305 0.0484221 0.2853910 0.0000000 0.4243505 
n251_252   0.4191787 0.4254171 0.3871615 0.4430038 0.4799059 0.3883262 0.4496571 0.4684295 0.3996644 0.4496469 0.4683335 0.4124576 0.4056335 0.3936843 0.3994213 0.4249715 0.4859604 0.0591129 0.4183628 0.4180404 0.3106058 0.4055598 0.4681681 0.4226817 0.4243505 0.0000000 
