22
n292_293   0.0000000 0.2747453 0.2854512 0.3304103 0.2895375 0.0033408 0.2748771 0.0033429 0.3410937 0.2893164 0.0411488 0.2752096 0.2798664 0.3970006 0.2903253 0.2749048 0.2906413 0.3044851 0.2848172 0.0376406 0.0033429 0.2570388 
n287_288   0.2747453 0.0000000 0.0447070 0.2941355 0.2648577 0.2745609 0.0305976 0.2700179 0.2994073 0.0883292 0.2744159 0.0271666 0.0306176 0.3559299 0.0482550 0.0134544 0.2947582 0.1307284 0.2602892 0.2697129 0.2749123 0.2609184 
n294_295   0.2854512 0.0447070 0.0000000 0.2953359 0.2848386 0.2852577 0.0341695 0.2806436 0.2906999 0.0999566 0.2851051 0.0307168 0.0341918 0.3469143 0.0033515 0.0447310 0.3208191 0.1391660 0.2801460 0.2803245 0.2856264 0.2809604 
n251_252   0.3304103 0.2941355 0.2953359 0.0000000 0.3298281 0.3355417 0.2845987 0.3253133 0.0410867 0.3247386 0.3246329 0.2849440 0.2896566 0.2750067 0.3002742 0.2943078 0.3625441 0.3350014 0.3301635 0.3248252 0.3306186 0.3308528 
n286_287   0.2895375 0.2648577 0.2848386 0.3298281 0.0000000 0.2893413 0.2648592 0.2847109 0.3352352 0.2991219 0.2942358 0.2651786 0.2697756 0.3780102 0.2897032 0.2650111 0.1470769 0.3036972 0.0066737 0.2844776 0.2897149 0.1349329 
n300_301   0.0033408 0.2745609 0.2852577 0.3355417 0.2893413 0.0000000 0.2746926 0.0066990 0.3463011 0.2891204 0.0446701 0.2750241 0.2796782 0.3912611 0.2901280 0.2747203 0.2955182 0.3042770 0.2846250 0.0411471 0.0066990 0.2617071 
n275_276   0.2748771 0.0305976 0.0341695 0.2845987 0.2648592 0.2746926 0.0000000 0.2701464 0.2898007 0.0809240 0.2745476 0.0168724 0.0202830 0.3403260 0.0376706 0.0306139 0.2997625 0.1229272 0.2602901 0.2698414 0.2750440 0.2610412 
n274_275   0.0033429 0.2700179 0.2806436 0.3253133 0.2847109 0.0066990 0.2701464 0.0000000 0.3359218 0.2844986 0.0376423 0.2704730 0.2751033 0.3914168 0.2854876 0.2701742 0.2857950 0.2995651 0.2800196 0.0341488 0.0067019 0.2523984 
n255_256   0.3410937 0.2994073 0.2906999 0.0410867 0.3352352 0.3463011 0.2898007 0.3359218 0.0000000 0.3353445 0.3352126 0.2901529 0.2949003 0.2706026 0.2956128 0.2995828 0.3680500 0.3457580 0.3355780 0.3354143 0.3413102 0.3361600 
n236_237   0.2893164 0.0883292 0.0999566 0.3247386 0.2991219 0.2891204 0.0809240 0.2844986 0.3353445 0.0000000 0.2889653 0.0810161 0.0847011 0.3887794 0.0999779 0.0883771 0.3361261 0.1427869 0.2943496 0.2841755 0.2894937 0.3003136 
n278_279   0.0411488 0.2744159 0.2851051 0.3246329 0.2942358 0.0446701 0.2745476 0.0376423 0.3352126 0.2889653 0.0000000 0.2654331 0.2700328 0.3788605 0.2899720 0.2745753 0.2953582 0.3041114 0.2894907 0.0100619 0.0446897 0.2615703 
n297_298   0.2752096 0.0271666 0.0307168 0.2849440 0.2651786 0.2750241 0.0168724 0.2704730 0.2901529 0.0810161 0.2654331 0.0000000 0.0033451 0.3460648 0.0342059 0.0271811 0.3001278 0.1230690 0.2606033 0.2607746 0.2753773 0.2613562 
n298_299   0.2798664 0.0306176 0.0341918 0.2896566 0.2697756 0.2796782 0.0202830 0.2751033 0.2949003 0.0847011 0.2700328 0.0033451 0.0000000 0.3511452 0.0376952 0.0306340 0.3049344 0.1269443 0.2651768 0.2653499 0.2800378 0.2659433 
n244_245   0.3970006 0.3559299 0.3469143 0.2750067 0.3780102 0.3912611 0.3403260 0.3914168 0.2706026 0.3887794 0.3788605 0.3460648 0.3511452 0.0000000 0.3522034 0.3508386 0.4141487 0.3830332 0.3784069 0.3680886 0.3972624 0.3854942 
n293_294   0.2903253 0.0482550 0.0033515 0.3002742 0.2897032 0.2901280 0.0376706 0.2854876 0.2956128 0.0999779 0.2899720 0.0342059 0.0376952 0.3522034 0.0000000 0.0482808 0.3259288 0.1431875 0.2849825 0.2851624 0.2905041 0.2858120 
n296_297   0.2749048 0.0134544 0.0447310 0.2943078 0.2650111 0.2747203 0.0306139 0.2701742 0.2995828 0.0883771 0.2745753 0.0271811 0.0306340 0.3508386 0.0482808 0.0000000 0.2949313 0.1308002 0.2604395 0.2698693 0.2750717 0.2610693 
n266_267   0.2906413 0.2947582 0.3208191 0.3625441 0.1470769 0.2955182 0.2997625 0.2857950 0.3680500 0.3361261 0.2953582 0.3001278 0.3049344 0.4141487 0.3259288 0.2949313 0.0000000 0.3356377 0.1431102 0.2855598 0.2908205 0.0411970 
n200_201   0.3044851 0.1307284 0.1391660 0.3350014 0.3036972 0.3042770 0.1229272 0.2995651 0.3457580 0.1427869 0.3041114 0.1230690 0.1269443 0.3830332 0.1431875 0.1308002 0.3356377 0.0000000 0.2989035 0.2992235 0.3046744 0.2950659 
n285_286   0.2848172 0.2602892 0.2801460 0.3301635 0.0066737 0.2846250 0.2602901 0.2800196 0.3355780 0.2943496 0.2894907 0.2606033 0.2651768 0.3784069 0.2849825 0.2604395 0.1431102 0.2989035 0.0000000 0.2797890 0.2849926 0.1310254 
n277_278   0.0376406 0.2697129 0.2803245 0.3248252 0.2844776 0.0411471 0.2698414 0.0341488 0.3354143 0.2841755 0.0100619 0.2607746 0.2653499 0.3680886 0.2851624 0.2698693 0.2855598 0.2992235 0.2797890 0.0000000 0.0411651 0.2569199 
n280_281   0.0033429 0.2749123 0.2856264 0.3306186 0.2897149 0.0066990 0.2750440 0.0067019 0.3413102 0.2894937 0.0446897 0.2753773 0.2800378 0.3972624 0.2905041 0.2750717 0.2908205 0.3046744 0.2849926 0.0411651 0.0000000 0.2571943 
n265_266   0.2570388 0.2609184 0.2809604 0.3308528 0.1349329 0.2617071 0.2610412 0.2523984 0.3361600 0.3003136 0.2615703 0.2613562 0.2659433 0.3854942 0.2858120 0.2610693 0.0411970 0.2950659 0.1310254 0.2569199 0.2571943 0.0000000 
