24
n287_288   0.0000000 0.0134988 0.0704841 0.2926840 0.2578999 0.2969232 0.2925961 0.2821520 0.0522257 0.2817559 0.2874365 0.0377907 0.0522846 0.0487290 0.0523656 0.2635398 0.3870609 0.0378114 0.2764355 0.4018496 0.0487247 0.1536215 0.2819378 0.4103171 
n290_291   0.0134988 0.0000000 0.0630622 0.2769097 0.2528570 0.2810948 0.2768242 0.2666243 0.0413723 0.2662523 0.2717820 0.0237864 0.0414187 0.0379137 0.0414825 0.2584432 0.3807280 0.0237992 0.2711415 0.3954075 0.0379104 0.1369316 0.2664272 0.4037740 
n236_237   0.0704841 0.0630622 0.0000000 0.2807065 0.2422136 0.2895039 0.2956238 0.2851953 0.0703004 0.2847971 0.2904722 0.0741849 0.0703802 0.0667627 0.0704896 0.2476743 0.3837496 0.0742264 0.2794859 0.4241712 0.0667565 0.1486159 0.2650797 0.3894555 
n278_279   0.2926840 0.2769097 0.2807065 0.0000000 0.2639305 0.2959837 0.0817687 0.0780068 0.2765795 0.0779065 0.0818113 0.2713974 0.2769267 0.2665245 0.2773417 0.2794361 0.3865223 0.2715726 0.2914695 0.4479623 0.2721353 0.3232184 0.0202977 0.4154526 
n285_286   0.2578999 0.2528570 0.2422136 0.2639305 0.0000000 0.1408384 0.2578787 0.2480690 0.2523449 0.2477292 0.2478945 0.2526826 0.2526547 0.2432363 0.2432449 0.0134305 0.3650213 0.2528416 0.1451176 0.4288260 0.2383654 0.2812949 0.2490320 0.4053177 
n265_266   0.2969232 0.2810948 0.2895039 0.2959837 0.1408384 0.0000000 0.2702413 0.2601847 0.2751847 0.2650146 0.2652687 0.2859523 0.2755285 0.2709854 0.2709895 0.1494635 0.3864190 0.2861385 0.0203706 0.4605507 0.2658519 0.3054821 0.2803152 0.4343208 
n280_281   0.2925961 0.2768242 0.2956238 0.0817687 0.2578787 0.2702413 0.0000000 0.0134655 0.2711881 0.0203018 0.0168816 0.2713130 0.2715276 0.2664408 0.2772560 0.2686069 0.3690223 0.2714881 0.2704471 0.4594993 0.2720505 0.3068113 0.0704690 0.4216124 
n299_300   0.2821520 0.2666243 0.2851953 0.0780068 0.2480690 0.2601847 0.0134655 0.0000000 0.2610869 0.0203078 0.0033391 0.2612072 0.2614134 0.2564022 0.2670387 0.2586193 0.3691912 0.2613754 0.2603834 0.4455040 0.2619139 0.3122547 0.0667710 0.4150722 
n293_294   0.0522257 0.0413723 0.0703004 0.2765795 0.2523449 0.2751847 0.2711881 0.2610869 0.0000000 0.2607242 0.2661940 0.0521363 0.0134752 0.0169143 0.0203555 0.2531478 0.3856217 0.0521651 0.2653352 0.3950292 0.0169129 0.1448612 0.2661117 0.4087795 
n274_275   0.2817559 0.2662523 0.2847971 0.0779065 0.2477292 0.2650146 0.0203018 0.0203078 0.2607242 0.0000000 0.0237629 0.2608442 0.2610488 0.2560463 0.2666657 0.2582629 0.3624304 0.2610109 0.2652167 0.4592835 0.2615489 0.3064133 0.0666855 0.4144657 
n292_293   0.2874365 0.2717820 0.2904722 0.0818113 0.2478945 0.2652687 0.0168816 0.0033391 0.2661940 0.0237629 0.0000000 0.2663167 0.2665267 0.2614767 0.2722053 0.2584356 0.3752043 0.2664880 0.2654711 0.4522061 0.2670387 0.3177628 0.0705055 0.4214801 
n296_297   0.0377907 0.0237864 0.0741849 0.2713974 0.2526826 0.2859523 0.2713130 0.2612072 0.0521363 0.2608442 0.2663167 0.0000000 0.0486498 0.0486457 0.0522758 0.2582635 0.3870035 0.0067143 0.2759404 0.4070551 0.0486413 0.1452807 0.2610163 0.4102594 
n294_295   0.0522846 0.0414187 0.0703802 0.2769267 0.2526547 0.2755285 0.2715276 0.2614134 0.0134752 0.2610488 0.2665267 0.0486498 0.0000000 0.0169329 0.0203779 0.2582351 0.3678854 0.0486767 0.2656656 0.4071096 0.0169314 0.1450313 0.2664451 0.3904826 
n275_276   0.0487290 0.0379137 0.0667627 0.2665245 0.2432363 0.2709854 0.2664408 0.2564022 0.0169143 0.2560463 0.2614767 0.0486457 0.0169329 0.0000000 0.0169584 0.2487259 0.3687450 0.0486726 0.2611691 0.4021699 0.0135268 0.1410780 0.2562162 0.3914112 
n297_298   0.0523656 0.0414825 0.0704896 0.2773417 0.2432449 0.2709895 0.2772560 0.2670387 0.0203555 0.2666657 0.2722053 0.0522758 0.0203779 0.0169584 0.0000000 0.2487337 0.3868172 0.0523048 0.2611750 0.4015778 0.0033541 0.1452635 0.2668410 0.4100564 
n286_287   0.2635398 0.2584432 0.2476743 0.2794361 0.0134305 0.1494635 0.2686069 0.2586193 0.2531478 0.2582629 0.2584356 0.2582635 0.2582351 0.2487259 0.2487337 0.0000000 0.3830417 0.2584270 0.1538130 0.4417496 0.2438035 0.2871496 0.2641803 0.4243913 
n255_256   0.3870609 0.3807280 0.3837496 0.3865223 0.3650213 0.3864190 0.3690223 0.3691912 0.3856217 0.3624304 0.3752043 0.3870035 0.3678854 0.3687450 0.3868172 0.3830417 0.0000000 0.3872777 0.3748869 0.3099656 0.3807087 0.3721022 0.3808560 0.0595023 
n295_296   0.0378114 0.0237992 0.0742264 0.2715726 0.2528416 0.2861385 0.2714881 0.2613754 0.0521651 0.2610109 0.2664880 0.0067143 0.0486767 0.0486726 0.0523048 0.2584270 0.3872777 0.0000000 0.2761188 0.4198245 0.0486682 0.1453656 0.2611832 0.4105553 
n266_267   0.2764355 0.2711415 0.2794859 0.2914695 0.1451176 0.0203706 0.2704471 0.2603834 0.2653352 0.2652167 0.2654711 0.2759404 0.2656656 0.2611691 0.2611750 0.1538130 0.3748869 0.2761188 0.0000000 0.4477720 0.2561118 0.3003734 0.2758790 0.4220294 
n244_245   0.4018496 0.3954075 0.4241712 0.4479623 0.4288260 0.4605507 0.4594993 0.4455040 0.3950292 0.4592835 0.4522061 0.4070551 0.4071096 0.4021699 0.4015778 0.4417496 0.3099656 0.4198245 0.4477720 0.0000000 0.4020876 0.4274464 0.4474800 0.3477519 
n298_299   0.0487247 0.0379104 0.0667565 0.2721353 0.2383654 0.2658519 0.2720505 0.2619139 0.0169129 0.2615489 0.2670387 0.0486413 0.0169314 0.0135268 0.0033541 0.2438035 0.3807087 0.0486682 0.2561118 0.4020876 0.0000000 0.1410629 0.2617218 0.4037486 
n200_201   0.1536215 0.1369316 0.1486159 0.3232184 0.2812949 0.3054821 0.3068113 0.3122547 0.1448612 0.3064133 0.3177628 0.1452807 0.1450313 0.1410780 0.1452635 0.2871496 0.3721022 0.1453656 0.3003734 0.4274464 0.1410629 0.0000000 0.3069021 0.4014514 
n277_278   0.2819378 0.2664272 0.2650797 0.0202977 0.2490320 0.2803152 0.0704690 0.0667710 0.2661117 0.0666855 0.0705055 0.2610163 0.2664451 0.2562162 0.2668410 0.2641803 0.3808560 0.2611832 0.2758790 0.4474800 0.2617218 0.3069021 0.0000000 0.4095845 
n251_252   0.4103171 0.4037740 0.3894555 0.4154526 0.4053177 0.4343208 0.4216124 0.4150722 0.4087795 0.4144657 0.4214801 0.4102594 0.3904826 0.3914112 0.4100564 0.4243913 0.0595023 0.4105553 0.4220294 0.3477519 0.4037486 0.4014514 0.4095845 0.0000000 
