24
n287_288   0.0000000 0.0033518 0.0737428 0.2652590 0.2298928 0.2385792 0.2945472 0.2846703 0.0447291 0.2846738 0.2896453 0.0203194 0.0341818 0.0447794 0.0067269 0.2298682 0.3476862 0.0168970 0.2477077 0.3417888 0.0376964 0.1349180 0.2559646 0.3534800 
n290_291   0.0033518 0.0000000 0.0774335 0.2699884 0.2344366 0.2431667 0.2994655 0.2895241 0.0482778 0.2895280 0.2945320 0.0237576 0.0376833 0.0483322 0.0101121 0.2344112 0.3423269 0.0203205 0.2523487 0.3364758 0.0412149 0.1389076 0.2606387 0.3480745 
n236_237   0.0737428 0.0774335 0.0000000 0.2746365 0.2578912 0.2622918 0.3094872 0.2994055 0.0922836 0.2994102 0.3044849 0.0811003 0.0810719 0.0886270 0.0812551 0.2578614 0.3856411 0.0773979 0.2717198 0.3742816 0.0810447 0.1390264 0.2652313 0.3917670 
n278_279   0.2652590 0.2699884 0.2746365 0.0000000 0.2994092 0.2747637 0.0697078 0.0770410 0.2888510 0.0660276 0.0807592 0.2746209 0.2889063 0.2990190 0.2703596 0.2993710 0.3942960 0.2698687 0.2843182 0.3883848 0.2840435 0.2937957 0.0100327 0.4109990 
n285_286   0.2298928 0.2344366 0.2578912 0.2994092 0.0000000 0.1473461 0.3299380 0.3195747 0.2572703 0.3195815 0.3247978 0.2342019 0.2433578 0.2529078 0.2347553 0.0134606 0.4014163 0.2296687 0.1596475 0.3847639 0.2480793 0.2567740 0.2846502 0.4132683 
n265_266   0.2385792 0.2431667 0.2622918 0.2747637 0.1473461 0.0000000 0.2992650 0.2893240 0.2711369 0.2893279 0.2943317 0.2476646 0.2569936 0.2667142 0.2434983 0.1473336 0.3729095 0.2430572 0.0100699 0.3508522 0.2617983 0.2611910 0.2653512 0.3841411 
n280_281   0.2945472 0.2994655 0.3094872 0.0697078 0.3299380 0.2992650 0.0000000 0.0201942 0.3141253 0.0100247 0.0236193 0.3042800 0.3141865 0.3246726 0.2998860 0.3298924 0.4404635 0.2993347 0.3091339 0.4223884 0.3091538 0.3242317 0.0624693 0.4581715 
n299_300   0.2846703 0.2895241 0.2994055 0.0770410 0.3195747 0.2893240 0.0201942 0.0000000 0.3091426 0.0133996 0.0033304 0.2942763 0.3040537 0.3143903 0.2899281 0.3195317 0.4227942 0.2893970 0.2990624 0.3992307 0.2990889 0.3139623 0.0697359 0.4399674 
n293_294   0.0447291 0.0482778 0.0922836 0.2888510 0.2572703 0.2711369 0.3141253 0.3091426 0.0000000 0.3040001 0.3142857 0.0518160 0.0100749 0.0203014 0.0519130 0.2572407 0.3850161 0.0482556 0.2806506 0.3898448 0.0134667 0.1549212 0.2792858 0.3911286 
n274_275   0.2846738 0.2895280 0.2994102 0.0660276 0.3195815 0.2893279 0.0100247 0.0133996 0.3040001 0.0000000 0.0167915 0.2942806 0.3040589 0.3143966 0.2899321 0.3195385 0.4284890 0.2894009 0.2990671 0.4106894 0.2990936 0.3139685 0.0588266 0.4459267 
n292_293   0.2896453 0.2945320 0.3044849 0.0807592 0.3247978 0.2943317 0.0236193 0.0033304 0.3142857 0.0167915 0.0000000 0.2993161 0.3091595 0.3195723 0.2949445 0.3247535 0.4288035 0.2944031 0.3041368 0.4050497 0.3041601 0.3191379 0.0734179 0.4461110 
n296_297   0.0203194 0.0237576 0.0811003 0.2746209 0.2342019 0.2476646 0.3042800 0.2942763 0.0518160 0.2942806 0.2993161 0.0000000 0.0411793 0.0518744 0.0272475 0.2388673 0.3419854 0.0033479 0.2568974 0.3467421 0.0447262 0.1428462 0.2652186 0.3477258 
n294_295   0.0341818 0.0376833 0.0810719 0.2889063 0.2433578 0.2569936 0.3141865 0.3040537 0.0100749 0.3040589 0.3091595 0.0411793 0.0000000 0.0100860 0.0412561 0.2433309 0.3741408 0.0376660 0.2663376 0.3733889 0.0033454 0.1427938 0.2793388 0.3801588 
n275_276   0.0447794 0.0483322 0.0886270 0.2990190 0.2529078 0.2667142 0.3246726 0.3143903 0.0203014 0.3143966 0.3195723 0.0518744 0.0100860 0.0000000 0.0519725 0.2528790 0.3856970 0.0483099 0.2761831 0.3737117 0.0134817 0.1429042 0.2893209 0.3918225 
n289_290   0.0067269 0.0101121 0.0812551 0.2703596 0.2347553 0.2434983 0.2998860 0.2899281 0.0519130 0.2899321 0.2949445 0.0272475 0.0412561 0.0519725 0.0000000 0.2347298 0.3427225 0.0237908 0.2526945 0.3368638 0.0448097 0.1391840 0.2609964 0.3484778 
n286_287   0.2298682 0.2344112 0.2578614 0.2993710 0.0134606 0.1473336 0.3298924 0.3195317 0.2572407 0.3195385 0.3247535 0.2388673 0.2433309 0.2528790 0.2347298 0.0000000 0.4189624 0.2343052 0.1596335 0.3847025 0.2480514 0.2519464 0.2846152 0.4311108 
n255_256   0.3476862 0.3423269 0.3856411 0.3942960 0.4014163 0.3729095 0.4404635 0.4227942 0.3850161 0.4284890 0.4288035 0.3419854 0.3741408 0.3856970 0.3427225 0.4189624 0.0000000 0.3421857 0.3837790 0.2475723 0.3797861 0.4246681 0.3887318 0.0411876 
n295_296   0.0168970 0.0203205 0.0773979 0.2698687 0.2296687 0.2430572 0.2993347 0.2893970 0.0482556 0.2894009 0.2944031 0.0033479 0.0376660 0.0483099 0.0237908 0.2343052 0.3421857 0.0000000 0.2522355 0.3521200 0.0411959 0.1388439 0.2605228 0.3479304 
n266_267   0.2477077 0.2523487 0.2717198 0.2843182 0.1596475 0.0100699 0.3091339 0.2990624 0.2806506 0.2990671 0.3041368 0.2568974 0.2663376 0.2761831 0.2526945 0.1596335 0.3837790 0.2522355 0.0000000 0.3558683 0.2712033 0.2705711 0.2747926 0.3951741 
n244_245   0.3417888 0.3364758 0.3742816 0.3883848 0.3847639 0.3508522 0.4223884 0.3992307 0.3898448 0.4106894 0.4050497 0.3467421 0.3733889 0.3737117 0.3368638 0.3847025 0.2475723 0.3521200 0.3558683 0.0000000 0.3790229 0.3513753 0.3774997 0.2612339 
n298_299   0.0376964 0.0412149 0.0810447 0.2840435 0.2480793 0.2617983 0.3091538 0.2990889 0.0134667 0.2990936 0.3041601 0.0447262 0.0033454 0.0134817 0.0448097 0.2480514 0.3797861 0.0411959 0.2712033 0.3790229 0.0000000 0.1468764 0.2745349 0.3858558 
n200_201   0.1349180 0.1389076 0.1390264 0.2937957 0.2567740 0.2611910 0.3242317 0.3139623 0.1549212 0.3139685 0.3191379 0.1428462 0.1427938 0.1429042 0.1391840 0.2519464 0.4246681 0.1388439 0.2705711 0.3513753 0.1468764 0.0000000 0.2841667 0.4183531 
n277_278   0.2559646 0.2606387 0.2652313 0.0100327 0.2846502 0.2653512 0.0624693 0.0697359 0.2792858 0.0588266 0.0734179 0.2652186 0.2793388 0.2893209 0.2609964 0.2846152 0.3887318 0.2605228 0.2747926 0.3774997 0.2745349 0.2841667 0.0000000 0.4053168 
n251_252   0.3534800 0.3480745 0.3917670 0.4109990 0.4132683 0.3841411 0.4581715 0.4399674 0.3911286 0.4459267 0.4461110 0.3477258 0.3801588 0.3918225 0.3484778 0.4311108 0.0411876 0.3479304 0.3951741 0.2612339 0.3858558 0.4183531 0.4053168 0.0000000 
