26
n287_288   0.0000000 0.0100746 0.1074389 0.2905633 0.2554259 0.2509988 0.2953910 0.2906114 0.0375799 0.2956222 0.2856720 0.0237087 0.0306089 0.0340925 0.0410875 0.0134696 0.2649603 0.4015677 0.0168546 0.2419916 0.4316628 0.0411081 0.2956527 0.1595325 0.2855085 0.3958359 
n290_291   0.0100746 0.0000000 0.1035607 0.2855533 0.2598829 0.2462687 0.2903509 0.2856014 0.0340724 0.2905771 0.2806957 0.0202682 0.0271358 0.0306016 0.0375627 0.0033434 0.2694677 0.4010731 0.0134479 0.2373155 0.4311246 0.0375815 0.2906072 0.1553532 0.2805351 0.3953493 
n236_237   0.1074389 0.1035607 0.0000000 0.2949242 0.2886410 0.2745270 0.3096418 0.3047873 0.1034666 0.3048094 0.2997626 0.1111892 0.0958663 0.0996749 0.0996643 0.1074532 0.2986094 0.4292049 0.1034717 0.2699971 0.4190478 0.0997158 0.3099187 0.1805001 0.2948195 0.4232748 
n278_279   0.2905633 0.2855533 0.2949242 0.0000000 0.2561517 0.2514628 0.0483480 0.0483931 0.2854108 0.0448135 0.0448268 0.2952008 0.2803639 0.2709661 0.2754377 0.2906167 0.2657194 0.4311356 0.2852942 0.2423226 0.4440989 0.2755967 0.0519884 0.2708182 0.0033507 0.4251721 
n285_286   0.2554259 0.2598829 0.2886410 0.2561517 0.0000000 0.1421493 0.2651770 0.2605843 0.2596417 0.2702649 0.2558540 0.2645047 0.2503471 0.2504335 0.2456427 0.2647419 0.0066710 0.3833604 0.2596497 0.1343164 0.4233908 0.2457811 0.2654055 0.2556008 0.2513475 0.3940512 
n265_266   0.2509988 0.2462687 0.2745270 0.2514628 0.1421493 0.0000000 0.2604136 0.2558486 0.2460189 0.2559744 0.2511492 0.2461423 0.2368768 0.2369589 0.2414596 0.2510413 0.1502849 0.3507818 0.2414062 0.0270816 0.3621519 0.2415957 0.2606372 0.2513757 0.2466912 0.3557920 
n280_281   0.2953910 0.2903509 0.3096418 0.0483480 0.2651770 0.2604136 0.0000000 0.0203372 0.2902053 0.0237832 0.0169076 0.3000526 0.2851270 0.2756782 0.2801708 0.2954459 0.2748462 0.4365154 0.2900873 0.2511831 0.4503013 0.2803330 0.0237878 0.2755275 0.0447720 0.4305193 
n299_300   0.2906114 0.2856014 0.3047873 0.0483931 0.2605843 0.2558486 0.0203372 0.0000000 0.2854588 0.0238050 0.0033496 0.2901793 0.2804118 0.2710136 0.2754854 0.2906649 0.2701977 0.4366405 0.2803427 0.2466670 0.4563442 0.2756444 0.0033493 0.2708658 0.0448136 0.4306417 
n293_294   0.0375799 0.0340724 0.1034666 0.2854108 0.2596417 0.2460189 0.2902053 0.2854588 0.0000000 0.2904313 0.2805563 0.0410517 0.0066853 0.0168295 0.0305623 0.0375844 0.2692162 0.3898081 0.0340436 0.2370769 0.4306144 0.0305775 0.2904613 0.1552058 0.2803958 0.3896300 
n274_275   0.2956222 0.2905771 0.3048094 0.0448135 0.2702649 0.2559744 0.0237832 0.0238050 0.2904313 0.0000000 0.0203558 0.3002883 0.2853479 0.2758902 0.2805404 0.2956772 0.2800122 0.4426077 0.2903130 0.2467870 0.4560784 0.2807031 0.0272760 0.2807097 0.0483787 0.4365631 
n292_293   0.2856720 0.2806957 0.2997626 0.0448268 0.2558540 0.2511492 0.0169076 0.0033496 0.2805563 0.0203558 0.0000000 0.2902820 0.2755443 0.2662036 0.2706514 0.2857240 0.2654049 0.4306445 0.2804413 0.2420231 0.4501718 0.2708071 0.0067161 0.2660587 0.0412659 0.4246931 
n296_297   0.0237087 0.0202682 0.1111892 0.2952008 0.2645047 0.2461423 0.3000526 0.2901793 0.0410517 0.3002883 0.2902820 0.0000000 0.0340554 0.0375522 0.0445721 0.0237116 0.2741483 0.4064107 0.0066905 0.2371948 0.4427611 0.0445945 0.2952123 0.1635126 0.2901160 0.4006511 
n294_295   0.0306089 0.0271358 0.0958663 0.2803639 0.2503471 0.2368768 0.2851270 0.2804118 0.0066853 0.2853479 0.2755443 0.0340554 0.0000000 0.0100533 0.0236646 0.0306126 0.2598034 0.3839783 0.0271130 0.2280322 0.4189838 0.0236764 0.2853774 0.1470606 0.2753869 0.3838035 
n275_276   0.0340925 0.0306016 0.0996749 0.2709661 0.2504335 0.2369589 0.2756782 0.2710136 0.0168295 0.2758902 0.2662036 0.0375522 0.0100533 0.0000000 0.0271105 0.0340968 0.2598931 0.3895678 0.0305759 0.2281111 0.4248386 0.0271240 0.2759187 0.1471110 0.2660513 0.3893899 
n297_298   0.0410875 0.0375627 0.0996643 0.2754377 0.2456427 0.2414596 0.2801708 0.2754854 0.0305623 0.2805404 0.2706514 0.0445721 0.0236646 0.0271105 0.0000000 0.0410926 0.2550357 0.3784587 0.0375310 0.2325651 0.4069039 0.0066900 0.2804158 0.1431515 0.2704967 0.3782871 
n289_290   0.0134696 0.0033434 0.1074532 0.2906167 0.2647419 0.2510413 0.2954459 0.2906649 0.0375844 0.2956772 0.2857240 0.0237116 0.0306126 0.0340968 0.0410926 0.0000000 0.2648336 0.4070101 0.0168560 0.2420318 0.4373240 0.0411131 0.2957077 0.1595555 0.2855604 0.4012398 
n286_287   0.2649603 0.2694677 0.2986094 0.2657194 0.0066710 0.1502849 0.2748462 0.2701977 0.2692162 0.2800122 0.2654049 0.2741483 0.2598034 0.2598931 0.2550357 0.2648336 0.0000000 0.3894468 0.2692260 0.1423726 0.4353672 0.2551803 0.2750846 0.2651459 0.2608469 0.4002282 
n255_256   0.4015677 0.4010731 0.4292049 0.4311356 0.3833604 0.3507818 0.4365154 0.4366405 0.3898081 0.4426077 0.4306445 0.4064107 0.3839783 0.3895678 0.3784587 0.4070101 0.3894468 0.0000000 0.3949558 0.3560479 0.3202214 0.3843415 0.4427940 0.4238891 0.4312263 0.0306165 
n295_296   0.0168546 0.0134479 0.1034717 0.2852942 0.2596497 0.2414062 0.2900873 0.2803427 0.0340436 0.2903130 0.2804413 0.0066905 0.0271130 0.0305759 0.0375310 0.0168560 0.2692260 0.3949558 0.0000000 0.2325142 0.4307198 0.0375498 0.2853072 0.1552168 0.2802810 0.3892824 
n266_267   0.2419916 0.2373155 0.2699971 0.2423226 0.1343164 0.0270816 0.2511831 0.2466670 0.2370769 0.2467870 0.2420231 0.2371948 0.2280322 0.2281111 0.2325651 0.2420318 0.1423726 0.3560479 0.2325142 0.0000000 0.3621121 0.2326952 0.2513972 0.2469573 0.2376091 0.3560337 
n244_245   0.4316628 0.4311246 0.4190478 0.4440989 0.4233908 0.3621519 0.4503013 0.4563442 0.4306144 0.4560784 0.4501718 0.4427611 0.4189838 0.4248386 0.4069039 0.4373240 0.4353672 0.3202214 0.4307198 0.3621121 0.0000000 0.4130352 0.4626830 0.4491078 0.4441931 0.3150801 
n298_299   0.0411081 0.0375815 0.0997158 0.2755967 0.2457811 0.2415957 0.2803330 0.2756444 0.0305775 0.2807031 0.2708071 0.0445945 0.0236764 0.0271240 0.0066900 0.0411131 0.2551803 0.3843415 0.0375498 0.2326952 0.4130352 0.0000000 0.2805783 0.1432274 0.2706523 0.3841664 
n300_301   0.2956527 0.2906072 0.3099187 0.0519884 0.2654055 0.2606372 0.0237878 0.0033493 0.2904613 0.0272760 0.0067161 0.2952123 0.2853774 0.2759187 0.2804158 0.2957077 0.2750846 0.4427940 0.2853072 0.2513972 0.4626830 0.2805783 0.0000000 0.2757678 0.0483883 0.4248696 
n200_201   0.1595325 0.1553532 0.1805001 0.2708182 0.2556008 0.2513757 0.2755275 0.2708658 0.1552058 0.2807097 0.2660587 0.1635126 0.1470606 0.1471110 0.1431515 0.1595555 0.2651459 0.4238891 0.1552168 0.2469573 0.4491078 0.1432274 0.2757678 0.0000000 0.2659066 0.4179940 
n277_278   0.2855085 0.2805351 0.2948195 0.0033507 0.2513475 0.2466912 0.0447720 0.0448136 0.2803958 0.0483787 0.0412659 0.2901160 0.2753869 0.2660513 0.2704967 0.2855604 0.2608469 0.4312263 0.2802810 0.2376091 0.4441931 0.2706523 0.0483883 0.2659066 0.0000000 0.4252613 
n251_252   0.3958359 0.3953493 0.4232748 0.4251721 0.3940512 0.3557920 0.4305193 0.4306417 0.3896300 0.4365631 0.4246931 0.4006511 0.3838035 0.3893899 0.3782871 0.4012398 0.4002282 0.0306165 0.3892824 0.3560337 0.3150801 0.3841664 0.4248696 0.4179940 0.4252613 0.0000000 
