26
n299_300   0.0000000 0.0168056 2.0465459 2.1012600 2.5963387 0.4200634 1.7426798 1.9887570 0.1156683 1.8873631 1.8451232 1.7518043 0.0700215 0.4378071 1.8721445 1.9253227 2.3023611 2.2335454 2.0034913 2.5102811 1.9868636 1.8964884 1.7838841 1.6143568 0.1156295 2.0273750 
n300_301   0.0168056 0.0000000 2.0477231 2.2408544 2.7812943 0.4140704 1.7399160 2.0277109 0.1234819 1.8862104 1.8480342 1.7553493 0.0737197 0.4316762 1.8424834 1.9285463 2.1881306 2.1266090 2.0046009 2.5381674 1.9484076 1.8974505 1.8133327 1.6651136 0.1274683 1.9872805 
n290_291   2.0465459 2.0477231 0.0000000 2.1609846 2.6262426 2.0071050 1.3415572 0.7261131 2.4387627 0.0485129 0.1578961 0.3762162 2.2102471 2.1460416 0.3759421 0.3537827 1.6133663 1.6420693 0.0593489 2.7035678 0.3536785 0.1618510 1.5473731 1.6539877 2.5848688 0.3477343 
n244_245   2.1012600 2.2408544 2.1609846 0.0000000 1.8833426 3.7989638 2.4106077 2.0991908 2.2567484 2.2835887 2.3484099 7.0296595 2.3299589 4.2962667 4.6379190 4.4622001 3.4059046 3.4334162 2.0630886 1.8795766 4.2583282 2.3800854 3.2594211 3.8773854 2.1752905 3.9423353 
n255_256   2.5963387 2.7812943 2.6262426 1.8833426 0.0000000 2.8022816 2.1695251 2.1415077 2.4817595 2.8389164 2.3464213 3.8558844 4.0928237 2.4595260 2.8095461 2.9940619 2.3256502 2.4696460 2.5499697 0.3425931 2.4396852 2.3908965 2.1005764 2.2586727 2.9166161 2.3061074 
n277_278   0.4200634 0.4140704 2.0071050 3.7989638 2.8022816 0.0000000 1.9780089 1.9359695 0.4450799 1.9223432 2.1915286 1.8478491 0.4723036 0.1080094 1.8157316 1.9448551 2.2906708 2.2363402 2.0493327 2.2434240 1.9494872 2.3395117 1.7116768 1.7947762 0.4199466 1.9444351 
n200_201   1.7426798 1.7399160 1.3415572 2.4106077 2.1695251 1.9780089 0.0000000 1.0866539 1.8713241 1.2805807 1.3155859 1.2359376 1.8948263 1.7731796 1.2515249 1.2344471 2.1618871 2.1105375 1.3421167 1.8310888 1.2884366 1.2995493 2.0657175 2.2692958 1.9042586 1.2515394 
n236_237   1.9887570 2.0277109 0.7261131 2.0991908 2.1415077 1.9359695 1.0866539 0.0000000 2.2264671 0.7077038 0.7668983 0.6337803 2.1402977 1.8964681 0.6148748 0.6080590 1.5645990 1.6970452 0.7055485 2.9414287 0.6090998 0.7342210 1.6330295 1.7112116 2.4965943 0.6165447 
n274_275   0.1156683 0.1234819 2.4387627 2.2567484 2.4817595 0.4450799 1.8713241 2.2264671 0.0000000 2.2418858 2.0947489 2.0249815 0.1357865 0.4440352 2.2065898 2.2723669 2.1973761 2.0837578 2.3566801 3.1768529 2.3375068 2.1110366 1.5950627 1.6172372 0.1356741 2.3962961 
n289_290   1.8873631 1.8862104 0.0485129 2.2835887 2.8389164 1.9223432 1.2805807 0.7077038 2.2418858 0.0000000 0.1411641 0.3369447 2.0643845 2.0469061 0.3478201 0.3264675 1.5680762 1.5658987 0.0449040 2.6136027 0.3317731 0.1450472 1.6594211 1.7874174 2.4476661 0.3260256 
n296_297   1.8451232 1.8480342 0.1578961 2.3484099 2.3464213 2.1915286 1.3155859 0.7668983 2.0947489 0.1411641 0.0000000 0.3828797 1.9772152 2.1891205 0.3769923 0.3547703 1.5748972 1.6229876 0.1452056 2.2116638 0.3540504 0.0594460 1.4719974 1.6783933 2.2072927 0.3427399 
n275_276   1.7518043 1.7553493 0.3762162 7.0296595 3.8558844 1.8478491 1.2359376 0.6337803 2.0249815 0.3369447 0.3828797 0.0000000 1.8693619 2.2934060 0.0934957 0.0898941 1.6148281 1.6921400 0.3530777 2.5649676 0.1014740 0.3759231 1.6538976 2.0279116 2.1635718 0.1014284 
n292_293   0.0700215 0.0737197 2.2102471 2.3299589 4.0928237 0.4723036 1.8948263 2.1402977 0.1357865 2.0643845 1.9772152 1.8693619 0.0000000 0.4713873 2.1055745 2.0719483 1.9787244 1.9308468 2.2077072 3.4468875 2.3321400 2.0365106 1.6934569 1.5449984 0.1399878 2.3918556 
n278_279   0.4378071 0.4316762 2.1460416 4.2962667 2.4595260 0.1080094 1.7731796 1.8964681 0.4440352 2.0469061 2.1891205 2.2934060 0.4713873 0.0000000 2.3061804 2.3877772 2.5832134 2.6593340 2.2546681 2.3674996 2.3163240 2.2770050 1.7391420 1.7594738 0.4317480 2.3026632 
n298_299   1.8721445 1.8424834 0.3759421 4.6379190 2.8095461 1.8157316 1.2515249 0.6148748 2.2065898 0.3478201 0.3769923 0.0934957 2.1055745 2.3061804 0.0000000 0.0309261 1.5798055 1.6540586 0.3469726 2.4713690 0.1013364 0.3756493 1.6027261 1.8992200 2.5097902 0.1012908 
n297_298   1.9253227 1.9285463 0.3537827 4.4622001 2.9940619 1.9448551 1.2344471 0.6080590 2.2723669 0.3264675 0.3547703 0.0898941 2.0719483 2.3877772 0.0309261 0.0000000 1.5632441 1.6361696 0.3256811 2.5530225 0.0977094 0.3535185 1.6393637 1.8780570 2.5302725 0.0976657 
n286_287   2.3023611 2.1881306 1.6133663 3.4059046 2.3256502 2.2906708 2.1618871 1.5645990 2.1973761 1.5680762 1.5748972 1.6148281 1.9787244 2.5832134 1.5798055 1.5632441 0.0000000 0.0553350 1.6499190 2.3984555 1.7806816 1.4912754 0.9051473 0.9721051 1.9353964 1.7436882 
n285_286   2.2335454 2.1266090 1.6420693 3.4334162 2.4696460 2.2363402 2.1105375 1.6970452 2.0837578 1.5658987 1.6229876 1.6921400 1.9308468 2.6593340 1.6540586 1.6361696 0.0553350 0.0000000 1.6476911 2.4604033 1.8748237 1.5349237 0.9125037 0.9658505 1.8482070 1.8362648 
n287_288   2.0034913 2.0046009 0.0593489 2.0630886 2.5499697 2.0493327 1.3421167 0.7055485 2.3566801 0.0449040 0.1452056 0.3530777 2.2077072 2.2546681 0.3469726 0.3256811 1.6499190 1.6476911 0.0000000 2.5179751 0.3366768 0.1449063 1.7626184 1.8320322 2.6692214 0.3308919 
n251_252   2.5102811 2.5381674 2.7035678 1.8795766 0.3425931 2.2434240 1.8310888 2.9414287 3.1768529 2.6136027 2.2116638 2.5649676 3.4468875 2.3674996 2.4713690 2.5530225 2.3984555 2.4604033 2.5179751 0.0000000 1.9499166 2.5054477 1.8525745 2.0439123 2.4607762 1.9545044 
n294_295   1.9868636 1.9484076 0.3536785 4.2583282 2.4396852 1.9494872 1.2884366 0.6090998 2.3375068 0.3317731 0.3540504 0.1014740 2.3321400 2.3163240 0.1013364 0.0977094 1.7806816 1.8748237 0.3366768 1.9499166 0.0000000 0.3583664 1.5978839 1.9542536 2.3502477 0.0204635 
n295_296   1.8964884 1.8974505 0.1618510 2.3800854 2.3908965 2.3395117 1.2995493 0.7342210 2.1110366 0.1450472 0.0594460 0.3759231 2.0365106 2.2770050 0.3756493 0.3535185 1.4912754 1.5349237 0.1449063 2.5054477 0.3583664 0.0000000 1.6019066 1.8978459 2.2251655 0.3528695 
n266_267   1.7838841 1.8133327 1.5473731 3.2594211 2.1005764 1.7116768 2.0657175 1.6330295 1.5950627 1.6594211 1.4719974 1.6538976 1.6934569 1.7391420 1.6027261 1.6393637 0.9051473 0.9125037 1.7626184 1.8525745 1.5978839 1.6019066 0.0000000 0.2197375 1.5483193 1.5974571 
n265_266   1.6143568 1.6651136 1.6539877 3.8773854 2.2586727 1.7947762 2.2692958 1.7112116 1.6172372 1.7874174 1.6783933 2.0279116 1.5449984 1.7594738 1.8992200 1.8780570 0.9721051 0.9658505 1.8320322 2.0439123 1.9542536 1.8978459 0.2197375 0.0000000 1.5099374 1.9906691 
n280_281   0.1156295 0.1274683 2.5848688 2.1752905 2.9166161 0.4199466 1.9042586 2.4965943 0.1356741 2.4476661 2.2072927 2.1635718 0.1399878 0.4317480 2.5097902 2.5302725 1.9353964 1.8482070 2.6692214 2.4607762 2.3502477 2.2251655 1.5483193 1.5099374 0.0000000 2.4102457 
n293_294   2.0273750 1.9872805 0.3477343 3.9423353 2.3061074 1.9444351 1.2515394 0.6165447 2.3962961 0.3260256 0.3427399 0.1014284 2.3918556 2.3026632 0.1012908 0.0976657 1.7436882 1.8362648 0.3308919 1.9545044 0.0204635 0.3528695 1.5974571 1.9906691 2.4102457 0.0000000 
