26
n287_288   0.0000000 0.0066993 0.0891090 0.3313613 0.4278320 0.3262725 0.3421499 0.3366750 0.0413352 0.3535990 0.3420649 0.0307088 0.0377670 0.0413174 0.0413022 0.0134663 0.4279788 0.4080069 0.0237680 0.3259451 0.4106034 0.0377786 0.3422641 0.1866674 0.3366189 0.3729659 
n290_291   0.0066993 0.0000000 0.0815086 0.3258971 0.4279437 0.3263564 0.3422382 0.3367617 0.0342568 0.3479506 0.3421531 0.0237556 0.0307321 0.0342420 0.0342304 0.0066965 0.4280906 0.4141136 0.0168861 0.3260288 0.4047872 0.0307414 0.3423524 0.1867136 0.3311145 0.3787742 
n236_237   0.0891090 0.0815086 0.0000000 0.3157807 0.4163223 0.3210607 0.3318979 0.3264980 0.0741388 0.3375277 0.3318174 0.0930029 0.0703730 0.0741072 0.0740813 0.0890838 0.4170037 0.3844997 0.0853985 0.3207389 0.3812600 0.0703954 0.3320095 0.1824523 0.3209316 0.3677054 
n278_279   0.3313613 0.3258971 0.3157807 0.0000000 0.3542957 0.2606906 0.0702461 0.0665537 0.3053553 0.0703308 0.0702378 0.3425287 0.3052383 0.3051386 0.3050292 0.3366604 0.3486692 0.4329824 0.3317577 0.2703611 0.4039279 0.3000135 0.0702722 0.3754471 0.0033463 0.3913686 
n285_286   0.4278320 0.4279437 0.4163223 0.3542957 0.0000000 0.1988606 0.3488436 0.3381909 0.3920716 0.3546200 0.3436047 0.4275804 0.3919108 0.3978782 0.3977378 0.4403486 0.0100414 0.4741126 0.4218342 0.2078414 0.4659273 0.3920716 0.3438055 0.4281882 0.3545041 0.4314691 
n265_266   0.3262725 0.3263564 0.3210607 0.2606906 0.1988606 0.0000000 0.2808998 0.2758718 0.3110164 0.2913752 0.2808398 0.3430078 0.3108966 0.3107947 0.3161133 0.3371322 0.2034776 0.3849739 0.3322243 0.0376699 0.3470012 0.3110164 0.2809973 0.3753925 0.2654788 0.3459963 
n280_281   0.3421499 0.3422382 0.3318979 0.0702461 0.3488436 0.2808998 0.0000000 0.0100871 0.3212372 0.0203492 0.0134821 0.3592846 0.3211125 0.3210064 0.3208914 0.3532591 0.3489565 0.4149648 0.3482564 0.2908599 0.4156069 0.3157652 0.0134885 0.3810441 0.0739344 0.3743342 
n299_300   0.3366750 0.3367617 0.3264980 0.0665537 0.3381909 0.2758718 0.0100871 0.0000000 0.3159177 0.0169145 0.0033458 0.3536661 0.3157956 0.3156917 0.3155785 0.3476944 0.3382995 0.4206798 0.3427261 0.2857602 0.4095370 0.3104901 0.0033473 0.3810101 0.0702228 0.3744286 
n293_294   0.0413352 0.0342568 0.0741388 0.3053553 0.3920716 0.3110164 0.3212372 0.3159177 0.0000000 0.3267803 0.3211613 0.0377675 0.0033477 0.0067136 0.0134792 0.0413239 0.3922024 0.4023951 0.0307485 0.3107051 0.3940467 0.0100883 0.3213460 0.1783143 0.3104362 0.3736180 
n274_275   0.3535990 0.3479506 0.3375277 0.0703308 0.3546200 0.2913752 0.0203492 0.0169145 0.3267803 0.0000000 0.0203472 0.3651495 0.3266528 0.3265445 0.3264274 0.3590663 0.3547354 0.4274277 0.3540266 0.3014920 0.4164090 0.3212605 0.0203568 0.3873738 0.0740237 0.3860993 
n292_293   0.3420649 0.3421531 0.3318174 0.0702378 0.3436047 0.2808398 0.0134821 0.0033458 0.3211613 0.0203472 0.0000000 0.3591914 0.3210366 0.3209307 0.3208157 0.3531688 0.3437155 0.4267124 0.3481684 0.2907962 0.4154837 0.3156917 0.0067108 0.3867396 0.0739256 0.3800983 
n296_297   0.0307088 0.0237556 0.0930029 0.3425287 0.4275804 0.3430078 0.3592846 0.3536661 0.0377675 0.3651495 0.3591914 0.0000000 0.0342235 0.0377513 0.0377384 0.0307005 0.4277270 0.4386160 0.0067035 0.3426617 0.4173510 0.0342339 0.3594033 0.2002208 0.3478701 0.4084111 
n294_295   0.0377670 0.0307321 0.0703730 0.3052383 0.3919108 0.3108966 0.3211125 0.3157956 0.0033477 0.3266528 0.3210366 0.0342235 0.0000000 0.0033463 0.0100774 0.0377568 0.3920415 0.4022290 0.0272444 0.3105855 0.3938843 0.0067044 0.3212212 0.1738814 0.3103168 0.3734673 
n275_276   0.0413174 0.0342420 0.0741072 0.3051386 0.3978782 0.3107947 0.3210064 0.3156917 0.0067136 0.3265445 0.3209307 0.0377513 0.0033463 0.0000000 0.0134733 0.0413050 0.3980115 0.4029071 0.0307352 0.3104837 0.3937475 0.0100839 0.3211151 0.1782412 0.3102151 0.3740872 
n297_298   0.0413022 0.0342304 0.0740813 0.3050292 0.3977378 0.3161133 0.3208914 0.3155785 0.0134792 0.3264274 0.3208157 0.0377384 0.0100774 0.0134733 0.0000000 0.0412909 0.3978711 0.4081308 0.0307247 0.3157965 0.3829842 0.0033438 0.3210000 0.1656136 0.3101039 0.3791375 
n289_290   0.0134663 0.0066965 0.0890838 0.3366604 0.4403486 0.3371322 0.3532591 0.3476944 0.0413239 0.3590663 0.3531688 0.0307005 0.0377568 0.0413050 0.0412909 0.0000000 0.4405012 0.4262550 0.0237616 0.3367929 0.4168169 0.0377683 0.3533761 0.1955379 0.3419546 0.3903243 
n286_287   0.4279788 0.4280906 0.4170037 0.3486692 0.0100414 0.2034776 0.3489565 0.3382995 0.3922024 0.3547354 0.3437155 0.4277270 0.3920415 0.3980115 0.3978711 0.4405012 0.0000000 0.4880241 0.4219783 0.2125261 0.4591875 0.3922024 0.3439164 0.4217907 0.3488735 0.4445620 
n255_256   0.4080069 0.4141136 0.3844997 0.4329824 0.4741126 0.3849739 0.4149648 0.4206798 0.4023951 0.4274277 0.4267124 0.4386160 0.4022290 0.4029071 0.4081308 0.4262550 0.4880241 0.0000000 0.4263827 0.3905416 0.3297457 0.4023951 0.4269748 0.4555692 0.4389882 0.0482121 
n295_296   0.0237680 0.0168861 0.0853985 0.3317577 0.4218342 0.3322243 0.3482564 0.3427261 0.0307485 0.3540266 0.3481684 0.0067035 0.0272444 0.0307352 0.0307247 0.0237616 0.4219783 0.4263827 0.0000000 0.3318900 0.4054157 0.0272527 0.3483723 0.1913790 0.3370224 0.3966680 
n266_267   0.3259451 0.3260288 0.3207389 0.2703611 0.2078414 0.0376699 0.2908599 0.2857602 0.3107051 0.3014920 0.2907962 0.3426617 0.3105855 0.3104837 0.3157965 0.3367929 0.2125261 0.3905416 0.3318900 0.0000000 0.3580592 0.3107051 0.2909604 0.3750114 0.2752112 0.3512859 
n244_245   0.4106034 0.4047872 0.3812600 0.4039279 0.4659273 0.3470012 0.4156069 0.4095370 0.3940467 0.4164090 0.4154837 0.4173510 0.3938843 0.3937475 0.3829842 0.4168169 0.4591875 0.3297457 0.4054157 0.3580592 0.0000000 0.3887427 0.4157375 0.3856953 0.4097118 0.3082541 
n298_299   0.0377786 0.0307414 0.0703954 0.3000135 0.3920716 0.3110164 0.3157652 0.3104901 0.0100883 0.3212605 0.3156917 0.0342339 0.0067044 0.0100839 0.0033438 0.0377683 0.3922024 0.4023951 0.0272527 0.3107051 0.3887427 0.0000000 0.3158725 0.1698635 0.3050554 0.3736180 
n300_301   0.3422641 0.3423524 0.3320095 0.0702722 0.3438055 0.2809973 0.0134885 0.0033473 0.3213460 0.0203568 0.0067108 0.3594033 0.3212212 0.3211151 0.3210000 0.3533761 0.3439164 0.4269748 0.3483723 0.2909604 0.4157375 0.3158725 0.0000000 0.3812331 0.0739618 0.3803251 
n200_201   0.1866674 0.1867136 0.1824523 0.3754471 0.4281882 0.3753925 0.3810441 0.3810101 0.1783143 0.3873738 0.3867396 0.2002208 0.1738814 0.1782412 0.1656136 0.1955379 0.4217907 0.4555692 0.1913790 0.3750114 0.3856953 0.1698635 0.3812331 0.0000000 0.3756708 0.4128600 
n277_278   0.3366189 0.3311145 0.3209316 0.0033463 0.3545041 0.2654788 0.0739344 0.0702228 0.3104362 0.0740237 0.0739256 0.3478701 0.3103168 0.3102151 0.3101039 0.3419546 0.3488735 0.4389882 0.3370224 0.2752112 0.4097118 0.3050554 0.0739618 0.3756708 0.0000000 0.3970542 
n251_252   0.3729659 0.3787742 0.3677054 0.3913686 0.4314691 0.3459963 0.3743342 0.3744286 0.3736180 0.3860993 0.3800983 0.4084111 0.3734673 0.3740872 0.3791375 0.3903243 0.4445620 0.0482121 0.3966680 0.3512859 0.3082541 0.3736180 0.3803251 0.4128600 0.3970542 0.0000000 
