26
n299_300   0.0000000 0.0168170 2.0046813 2.5584151 2.2679784 0.4634619 1.9400462 2.4292897 0.1239933 2.1504744 1.9382826 1.6789508 0.0376509 0.4602384 1.9867813 1.8661001 2.0152098 1.8580779 2.1596928 3.7922802 1.9884366 1.9041359 1.7346257 1.7007825 0.0698304 1.8602195 
n300_301   0.0168170 0.0000000 1.8967886 2.5424714 2.3200800 0.4572098 1.9888964 2.2749839 0.1199949 2.0268164 1.8100769 1.6320219 0.0341370 0.4355450 1.8795653 1.7710289 2.0470240 1.8854013 2.0036774 4.1636770 1.8539772 1.7800457 1.7378427 1.7285488 0.0661565 1.7416766 
n290_291   2.0046813 1.8967886 0.0000000 3.8469403 2.0012484 1.9994185 0.8926719 0.5679679 1.9521224 0.0342096 0.1243306 0.3177917 2.0718987 2.1021702 0.3075900 0.3341634 1.6889513 1.7602297 0.0519541 2.0546365 0.3404959 0.1242935 1.9351002 1.7735013 2.1008719 0.3179842 
n244_245   2.5584151 2.5424714 3.8469403 0.0000000 2.2301618 2.9143542 3.0270183 2.2152069 2.5429660 3.4691778 3.0802762 3.4070050 2.7481591 3.0589025 3.2744112 3.0226353 3.4430582 3.3267467 3.6573385 2.5194929 2.8525032 2.8231218 9.0000000 3.7314539 2.7079210 3.0857681 
n255_256   2.2679784 2.3200800 2.0012484 2.2301618 0.0000000 2.4704850 2.3824768 2.0179512 2.3552511 1.9952349 2.2034534 2.0977374 2.5072486 2.4990550 2.2266226 2.2930801 2.2062710 2.4337278 1.9830633 0.2760824 2.1492973 2.2755873 2.2976443 2.1732418 2.6495266 2.1390170 
n277_278   0.4634619 0.4572098 1.9994185 2.9143542 2.4704850 0.0000000 2.0168192 2.0025396 0.5178180 2.1465129 2.0433247 1.5796957 0.4782342 0.1242038 1.6721090 1.5337386 2.2261592 2.1333343 2.0292552 2.6584180 1.8020329 2.0060464 2.2724148 2.1925512 0.4903963 1.7298748 
n200_201   1.9400462 1.9888964 0.8926719 3.0270183 2.3824768 2.0168192 0.0000000 0.8177530 2.0179215 0.8701040 0.8487408 0.9684246 2.0660450 2.1690942 0.9424598 0.9665425 1.7422269 1.7136697 0.8725577 2.2077298 0.9970335 0.9270354 1.9133885 1.8086032 2.1332920 0.9196005 
n236_237   2.4292897 2.2749839 0.5679679 2.2152069 2.0179512 2.0025396 0.8177530 0.0000000 2.5968875 0.5380711 0.5601610 0.5401237 2.6413812 2.1804093 0.5685583 0.5747932 2.0954640 2.3786272 0.5386397 2.3106311 0.5614223 0.5676372 2.1448946 2.2093507 2.5253325 0.5600940 
n274_275   0.1239933 0.1199949 1.9521224 2.5429660 2.3552511 0.5178180 2.0179215 2.5968875 0.0000000 2.0762474 1.9589352 1.6752918 0.1323394 0.4878582 1.9386622 1.9041423 2.1144947 2.0165274 2.0517278 3.8970201 1.8721670 1.9103266 1.6204129 1.6837768 0.1401650 1.8243319 
n289_290   2.1504744 2.0268164 0.0342096 3.4691778 1.9952349 2.1465129 0.8701040 0.5380711 2.0762474 0.0000000 0.1124720 0.2814744 2.2301586 2.2657070 0.2869451 0.3230707 1.6861168 1.7565915 0.0342326 2.1021731 0.3078092 0.1085473 1.7989755 1.6464156 2.2631998 0.2912047 
n296_297   1.9382826 1.8100769 0.1243306 3.0802762 2.2034534 2.0433247 0.8487408 0.5601610 1.9589352 0.1124720 0.0000000 0.2929812 2.0066898 2.0836597 0.2829004 0.3082869 1.9235132 1.9417910 0.1164046 2.2169736 0.3035656 0.0413368 2.0403991 1.9132766 2.0336392 0.2820928 
n275_276   1.6789508 1.6320219 0.3177917 3.4070050 2.0977374 1.5796957 0.9684246 0.5401237 1.6752918 0.2814744 0.2929812 0.0000000 1.8092159 1.5344798 0.1326811 0.1569216 1.9247678 1.9590914 0.2867868 2.6195344 0.1664457 0.2777383 1.8139234 1.8429334 1.7851938 0.1531874 
n292_293   0.0376509 0.0341370 2.0718987 2.7481591 2.5072486 0.4782342 2.0660450 2.6413812 0.1323394 2.2301586 2.0066898 1.8092159 0.0000000 0.4617319 2.0196103 1.9409134 2.1431275 1.9651741 2.2001124 5.0605409 1.9727286 1.9696670 1.8020829 1.8197503 0.0662494 1.8585686 
n278_279   0.4602384 0.4355450 2.1021702 3.0589025 2.4990550 0.1242038 2.1690942 2.1804093 0.4878582 2.2657070 2.0836597 1.5344798 0.4617319 0.0000000 1.6595045 1.5512683 2.0270555 2.0811672 2.0978626 2.8584831 1.7356876 2.0509894 2.1753251 2.0436148 0.4673006 1.6687297 
n298_299   1.9867813 1.8795653 0.3075900 3.2744112 2.2266226 1.6721090 0.9424598 0.5685583 1.9386622 0.2869451 0.2829004 0.1326811 2.0196103 1.6595045 0.0000000 0.0449446 1.9516215 2.0242455 0.2822273 2.7602241 0.1291223 0.2623522 1.9724945 1.8230363 2.1312609 0.1246311 
n297_298   1.8661001 1.7710289 0.3341634 3.0226353 2.2930801 1.5337386 0.9665425 0.5747932 1.9041423 0.3230707 0.3082869 0.1569216 1.9409134 1.5512683 0.0449446 0.0000000 1.9848147 2.0600083 0.3181464 2.7833512 0.1536616 0.2869680 1.8515432 1.7571105 1.9916819 0.1447643 
n286_287   2.0152098 2.0470240 1.6889513 3.4430582 2.2062710 2.2261592 1.7422269 2.0954640 2.1144947 1.6861168 1.9235132 1.9247678 2.1431275 2.0270555 1.9516215 1.9848147 0.0000000 0.0521708 1.8299261 2.3388875 2.0679157 1.8892894 1.1040837 0.9276492 1.9258924 2.0548096 
n285_286   1.8580779 1.8854013 1.7602297 3.3267467 2.4337278 2.1333343 1.7136697 2.3786272 2.0165274 1.7565915 1.9417910 1.9590914 1.9651741 2.0811672 2.0242455 2.0600083 0.0521708 0.0000000 1.9127558 2.6904062 2.2081813 1.9066803 1.0685895 0.8863866 1.7837429 2.1486516 
n287_288   2.1596928 2.0036774 0.0519541 3.6573385 1.9830633 2.0292552 0.8725577 0.5386397 2.0517278 0.0342326 0.1164046 0.2867868 2.2001124 2.0978626 0.2822273 0.3181464 1.8299261 1.9127558 0.0000000 2.1227391 0.3194096 0.1124584 1.8928704 1.7291798 2.2320829 0.3024577 
n251_252   3.7922802 4.1636770 2.0546365 2.5194929 0.2760824 2.6584180 2.2077298 2.3106311 3.8970201 2.1021731 2.2169736 2.6195344 5.0605409 2.8584831 2.7602241 2.7833512 2.3388875 2.6904062 2.1227391 0.0000000 2.5448603 2.5384079 2.0648515 1.9611338 4.4304265 2.6149746 
n294_295   1.9884366 1.8539772 0.3404959 2.8525032 2.1492973 1.8020329 0.9970335 0.5614223 1.8721670 0.3078092 0.3035656 0.1664457 1.9727286 1.7356876 0.1291223 0.1536616 2.0679157 2.2081813 0.3194096 2.5448603 0.0000000 0.2930967 2.0234441 1.8199170 2.1312683 0.0449644 
n295_296   1.9041359 1.7800457 0.1242935 2.8231218 2.2755873 2.0060464 0.9270354 0.5676372 1.9103266 0.1085473 0.0413368 0.2777383 1.9696670 2.0509894 0.2623522 0.2869680 1.8892894 1.9066803 0.1124584 2.5384079 0.2930967 0.0000000 2.0850040 1.9622876 1.9957524 0.2719678 
n266_267   1.7346257 1.7378427 1.9351002 9.0000000 2.2976443 2.2724148 1.9133885 2.1448946 1.6204129 1.7989755 2.0403991 1.8139234 1.8020829 2.1753251 1.9724945 1.8515432 1.1040837 1.0685895 1.8928704 2.0648515 2.0234441 2.0850040 0.0000000 0.1736400 1.8243507 1.8837636 
n265_266   1.7007825 1.7285488 1.7735013 3.7314539 2.1732418 2.1925512 1.8086032 2.2093507 1.6837768 1.6464156 1.9132766 1.8429334 1.8197503 2.0436148 1.8230363 1.7571105 0.9276492 0.8863866 1.7291798 1.9611338 1.8199170 1.9622876 0.1736400 0.0000000 1.6633781 1.7599018 
n280_281   0.0698304 0.0661565 2.1008719 2.7079210 2.6495266 0.4903963 2.1332920 2.5253325 0.1401650 2.2631998 2.0336392 1.7851938 0.0662494 0.4673006 2.1312609 1.9916819 1.9258924 1.7837429 2.2320829 4.4304265 2.1312683 1.9957524 1.8243507 1.6633781 0.0000000 1.9830193 
n293_294   1.8602195 1.7416766 0.3179842 3.0857681 2.1390170 1.7298748 0.9196005 0.5600940 1.8243319 0.2912047 0.2820928 0.1531874 1.8585686 1.6687297 0.1246311 0.1447643 2.0548096 2.1486516 0.3024577 2.6149746 0.0449644 0.2719678 1.8837636 1.7599018 1.9830193 0.0000000 
