22
n274_279   0.0000000 0.2786150 0.3239397 0.0067056 0.3353054 0.3402310 0.3181667 0.3684010 0.3398188 0.2552141 0.3185234 0.2249329 0.0629827 0.2553172 0.0740969 0.3347468 0.3463267 0.3973659 0.3406888 0.3240739 0.4029577 0.2294305 
n200_201   0.2786150 0.0000000 0.1485109 0.2685778 0.1612828 0.1443801 0.1285449 0.3539474 0.1403249 0.2442965 0.1568790 0.2434930 0.2880149 0.2538321 0.3036073 0.1610401 0.1487413 0.4102301 0.1445560 0.1404469 0.4057110 0.2433409 
n295_300   0.3239397 0.1485109 0.0000000 0.3235933 0.0238192 0.0412475 0.1006831 0.4032529 0.0448425 0.2677431 0.0237735 0.2667647 0.3444135 0.2775636 0.3559262 0.0272308 0.0412581 0.4707974 0.0377119 0.0448075 0.4452794 0.2665944 
n292_297   0.0067056 0.2685778 0.3235933 0.0000000 0.3349424 0.3293181 0.3076034 0.3570473 0.3289232 0.2454642 0.3181847 0.2156464 0.0556858 0.2455627 0.0666775 0.3343850 0.3353059 0.3855521 0.3297590 0.3134041 0.3910586 0.2200902 
n287_292   0.3353054 0.1612828 0.0238192 0.3349424 0.0000000 0.0484768 0.1085234 0.4036385 0.0521249 0.2825923 0.0100935 0.2815526 0.3561071 0.2926109 0.3732648 0.0134878 0.0521513 0.4650341 0.0485331 0.0520836 0.4396825 0.2813702 
n293_298   0.3402310 0.1443801 0.0412475 0.3293181 0.0484768 0.0000000 0.1085152 0.4268654 0.0100874 0.2825488 0.0448471 0.2815096 0.3503140 0.2925643 0.3673194 0.0484083 0.0135003 0.4965385 0.0134944 0.0168939 0.4701783 0.2813272 
n236_241   0.3181667 0.1285449 0.1006831 0.3076034 0.1085234 0.1085152 0.0000000 0.3669822 0.1045968 0.2686808 0.1085303 0.2617960 0.3279725 0.2835449 0.3444127 0.1124285 0.1126161 0.4070313 0.1086453 0.1124645 0.3902307 0.2616298 
n244_249   0.3684010 0.3539474 0.4032529 0.3570473 0.4036385 0.4268654 0.3669822 0.0000000 0.4195708 0.3863461 0.3973583 0.3278977 0.3666556 0.3680742 0.3773642 0.4029408 0.4338524 0.3471577 0.4274626 0.4087097 0.3310310 0.3276750 
n294_299   0.3398188 0.1403249 0.0448425 0.3289232 0.0521249 0.0100874 0.1045968 0.4195708 0.0000000 0.2879261 0.0484686 0.2811869 0.3498865 0.2980240 0.3668639 0.0520511 0.0203684 0.4895615 0.0169261 0.0203427 0.4634532 0.2810050 
n265_270   0.2552141 0.2442965 0.2677431 0.2454642 0.2825923 0.2825488 0.2686808 0.3863461 0.2879261 0.0000000 0.2724004 0.1369734 0.2643944 0.0307188 0.2795242 0.2825755 0.2880985 0.3996778 0.2829190 0.2779092 0.3820688 0.1409804 
n289_294   0.3185234 0.1568790 0.0237735 0.3181847 0.0100935 0.0448471 0.1085303 0.3973583 0.0484686 0.2724004 0.0000000 0.2714036 0.3388528 0.2822752 0.3555634 0.0100797 0.0484930 0.4643713 0.0448991 0.0484303 0.4390630 0.2712297 
n286_291   0.2249329 0.2434930 0.2667647 0.2156464 0.2815526 0.2815096 0.2617960 0.3278977 0.2811869 0.1369734 0.2714036 0.0000000 0.2286353 0.1370889 0.2428933 0.2865252 0.2870347 0.3664615 0.2818772 0.2768882 0.3543368 0.0100452 
n277_282   0.0629827 0.2880149 0.3444135 0.0556858 0.3561071 0.3503140 0.3279725 0.3666556 0.3498865 0.2643944 0.3388528 0.2286353 0.0000000 0.2694151 0.0237434 0.3555087 0.3564964 0.4083923 0.3507866 0.3339663 0.4085103 0.2331381 
n266_271   0.2553172 0.2538321 0.2775636 0.2455627 0.2926109 0.2925643 0.2835449 0.3680742 0.2980240 0.0307188 0.2822752 0.1370889 0.2694151 0.0000000 0.2846584 0.2925940 0.2982036 0.3811379 0.2929493 0.2878731 0.3694734 0.1371162 
n278_283   0.0740969 0.3036073 0.3559262 0.0666775 0.3732648 0.3673194 0.3444127 0.3773642 0.3668639 0.2795242 0.3555634 0.2428933 0.0237434 0.2846584 0.0000000 0.3726315 0.3683736 0.4090864 0.3625564 0.3505790 0.4151820 0.2474810 
n290_295   0.3347468 0.1610401 0.0272308 0.3343850 0.0134878 0.0484083 0.1124285 0.4029408 0.0520511 0.2825755 0.0100797 0.2865252 0.3555087 0.2925940 0.3726315 0.0000000 0.0520774 0.4704291 0.0484645 0.0520099 0.4449326 0.2863386 
n298_303   0.3463267 0.1487413 0.0412581 0.3353059 0.0521513 0.0135003 0.1126161 0.4338524 0.0203684 0.2880985 0.0484930 0.2870347 0.3564964 0.2982036 0.3683736 0.0520774 0.0000000 0.5042892 0.0033476 0.0203526 0.4776271 0.2868474 
n255_260   0.3973659 0.4102301 0.4707974 0.3855521 0.4650341 0.4965385 0.4070313 0.3471577 0.4895615 0.3996778 0.4643713 0.3664615 0.4083923 0.3811379 0.4090864 0.4704291 0.5042892 0.0000000 0.4972524 0.4766797 0.0590425 0.3770853 
n297_302   0.3406888 0.1445560 0.0377119 0.3297590 0.0485331 0.0134944 0.1086453 0.4274626 0.0169261 0.2829190 0.0448991 0.2818772 0.3507866 0.2929493 0.3625564 0.0484645 0.0033476 0.4972524 0.0000000 0.0169131 0.4708469 0.2816944 
n275_280   0.3240739 0.1404469 0.0448075 0.3134041 0.0520836 0.0168939 0.1124645 0.4087097 0.0203427 0.2779092 0.0484303 0.2768882 0.3339663 0.2878731 0.3505790 0.0520099 0.0203526 0.4766797 0.0169131 0.0000000 0.4509936 0.2767095 
n251_256   0.4029577 0.4057110 0.4452794 0.3910586 0.4396825 0.4701783 0.3902307 0.3310310 0.4634532 0.3820688 0.4390630 0.3543368 0.4085103 0.3694734 0.4151820 0.4449326 0.4776271 0.0590425 0.4708469 0.4509936 0.0000000 0.3540900 
n285_290   0.2294305 0.2433409 0.2665944 0.2200902 0.2813702 0.2813272 0.2616298 0.3276750 0.2810050 0.1409804 0.2712297 0.0100452 0.2331381 0.1371162 0.2474810 0.2863386 0.2868474 0.3770853 0.2816944 0.2767095 0.3540900 0.0000000 
