26
n292_293   0.0000000 0.3458309 0.3510098 0.3506334 0.4730905 0.3303419 0.0033332 0.3456168 0.0202459 0.3508531 0.4302304 0.3546166 0.0066852 0.1073498 0.3622028 0.3622670 0.5164798 0.3450695 0.3515211 0.3618780 0.3907511 0.3561088 0.3254777 0.1035903 0.0100386 0.3791085 
n287_288   0.3458309 0.0000000 0.0033473 0.0411795 0.4449617 0.2666639 0.3512113 0.0376774 0.3575263 0.0033462 0.4384527 0.1034565 0.3511023 0.3112272 0.0518850 0.0518912 0.4011092 0.0376338 0.0100935 0.0168849 0.3230500 0.1472297 0.2669225 0.3113676 0.3567316 0.3124097 
n290_291   0.3510098 0.0033473 0.0000000 0.0447022 0.4385748 0.2713635 0.3564274 0.0411863 0.3627957 0.0067056 0.4443139 0.1072585 0.3563157 0.3162015 0.0554585 0.0554652 0.4066763 0.0411385 0.0134846 0.0203021 0.3281280 0.1512596 0.2716271 0.3163448 0.3619862 0.3174136 
n294_295   0.3506334 0.0411795 0.0447022 0.0000000 0.4745135 0.2851882 0.3560409 0.0168872 0.3623975 0.0446874 0.4610635 0.1033062 0.3559303 0.3106573 0.0306902 0.0306939 0.4122735 0.0033449 0.0447576 0.0518425 0.3375063 0.1550657 0.2854665 0.3107972 0.3615897 0.3266799 
n251_252   0.4730905 0.4449617 0.4385748 0.4745135 0.0000000 0.4320402 0.4794871 0.4687022 0.4930255 0.4506577 0.0556015 0.4614268 0.4793207 0.4562472 0.4748233 0.4684141 0.3435065 0.4678556 0.4635297 0.4696733 0.4830359 0.4675228 0.4328932 0.4564849 0.4676277 0.4697234 
n286_287   0.3303419 0.2666639 0.2713635 0.2851882 0.4320402 0.0000000 0.3356150 0.2759048 0.3466299 0.2712507 0.4255461 0.3094977 0.3355122 0.3004848 0.3003101 0.3003595 0.4106414 0.2801068 0.2717423 0.2713952 0.1719401 0.2851966 0.0100329 0.3000627 0.3410219 0.1718084 
n300_301   0.0033332 0.3512113 0.3564274 0.3560409 0.4794871 0.3356150 0.0000000 0.3509923 0.0236785 0.3562663 0.4362620 0.3600391 0.0033366 0.1112280 0.3677055 0.3677711 0.5232363 0.3504337 0.3569474 0.3673762 0.3964893 0.3615591 0.3307201 0.1074509 0.0134174 0.3847506 
n275_276   0.3456168 0.0376774 0.0411863 0.0168872 0.4687022 0.2759048 0.3509923 0.0000000 0.3573022 0.0411727 0.4553545 0.0995487 0.3508839 0.3058498 0.0272297 0.0272329 0.4068794 0.0134698 0.0412372 0.0482952 0.3325280 0.1510627 0.2761732 0.3059870 0.3565086 0.3217685 
n274_275   0.0202459 0.3575263 0.3627957 0.3623975 0.4930255 0.3466299 0.0236785 0.3573022 0.0000000 0.3626309 0.4489771 0.3664211 0.0271387 0.1113965 0.3741979 0.3742654 0.5375913 0.3567279 0.3633280 0.3738627 0.4085439 0.3574359 0.3416659 0.1113963 0.0236788 0.3965904 
n289_290   0.3508531 0.0033462 0.0067056 0.0446874 0.4506577 0.2712507 0.3562663 0.0411727 0.3626309 0.0000000 0.4440943 0.1072206 0.3561557 0.3160642 0.0554399 0.0554466 0.4064835 0.0411249 0.0134803 0.0202955 0.3279830 0.1512030 0.2715142 0.3162074 0.3618222 0.3172750 
n255_256   0.4302304 0.4384527 0.4443139 0.4610635 0.0556015 0.4255461 0.4362620 0.4553545 0.4489771 0.4440943 0.0000000 0.4482488 0.4361164 0.4377380 0.4613582 0.4550777 0.3223618 0.4545451 0.4568264 0.4629055 0.4827351 0.4478406 0.4263814 0.4379616 0.4250402 0.4694420 
n236_237   0.3546166 0.1034565 0.1072585 0.1033062 0.4614268 0.3094977 0.3600391 0.0995487 0.3664211 0.1072206 0.4482488 0.0000000 0.3599271 0.3197870 0.1110489 0.1109990 0.4006624 0.0994256 0.1073956 0.1150302 0.3581006 0.1466570 0.3098036 0.3150697 0.3656045 0.3365492 
n299_300   0.0066852 0.3511023 0.3563157 0.3559303 0.4793207 0.3355122 0.0033366 0.3508839 0.0271387 0.3561557 0.4361164 0.3599271 0.0000000 0.1111996 0.3675898 0.3676554 0.5230481 0.3503252 0.3568361 0.3672607 0.3963610 0.3614463 0.3306192 0.1074236 0.0168194 0.3846275 
n278_279   0.1073498 0.3112272 0.3162015 0.3106573 0.4562472 0.3004848 0.1112280 0.3058498 0.1113965 0.3160642 0.4377380 0.3197870 0.1111996 0.0000000 0.3215902 0.3216446 0.4860246 0.3053828 0.3113638 0.3163906 0.3530194 0.3258537 0.2957821 0.0236774 0.1112298 0.3469707 
n297_298   0.3622028 0.0518850 0.0554585 0.0306902 0.4748233 0.3003101 0.3677055 0.0272297 0.3741979 0.0554399 0.4613582 0.1110489 0.3675898 0.3215902 0.0000000 0.0067176 0.4240155 0.0271986 0.0555275 0.0627126 0.3538582 0.1634153 0.3006057 0.3217368 0.3733551 0.3427684 
n298_299   0.3622670 0.0518912 0.0554652 0.0306939 0.4684141 0.3003595 0.3677711 0.0272329 0.3742654 0.0554466 0.4550777 0.1109990 0.3676554 0.3216446 0.0067176 0.0000000 0.4304010 0.0272017 0.0555342 0.0627203 0.3539207 0.1676587 0.3006552 0.3217913 0.3734222 0.3428281 
n244_245   0.5164798 0.4011092 0.4066763 0.4122735 0.3435065 0.4106414 0.5232363 0.4068794 0.5375913 0.4064835 0.3223618 0.4006624 0.5230481 0.4860246 0.4240155 0.4304010 0.0000000 0.4061908 0.4185214 0.4242846 0.4794023 0.4291101 0.4053138 0.4790672 0.5302178 0.4598108 
n293_294   0.3450695 0.0376338 0.0411385 0.0033449 0.4678556 0.2801068 0.3504337 0.0134698 0.3567279 0.0411249 0.4545451 0.0994256 0.3503252 0.3053828 0.0271986 0.0272017 0.4061908 0.0000000 0.0411894 0.0482387 0.3320041 0.1508666 0.2803793 0.3055195 0.3559370 0.3212676 
n296_297   0.3515211 0.0100935 0.0134846 0.0447576 0.4635297 0.2717423 0.3569474 0.0412372 0.3633280 0.0134803 0.4568264 0.1073956 0.3568361 0.3113638 0.0555275 0.0555342 0.4185214 0.0411894 0.0000000 0.0067076 0.3286033 0.1514576 0.2720067 0.3115044 0.3625161 0.3178702 
n295_296   0.3618780 0.0168849 0.0203021 0.0518425 0.4696733 0.2713952 0.3673762 0.0482952 0.3738627 0.0202955 0.4629055 0.1150302 0.3672607 0.3163906 0.0627126 0.0627203 0.4242846 0.0482387 0.0067076 0.0000000 0.3281563 0.1595421 0.2716589 0.3213905 0.3678731 0.3278811 
n266_267   0.3907511 0.3230500 0.3281280 0.3375063 0.4830359 0.1719401 0.3964893 0.3325280 0.4085439 0.3279830 0.4827351 0.3581006 0.3963610 0.3530194 0.3538582 0.3539207 0.4794023 0.3320041 0.3286033 0.3281563 0.0000000 0.2873316 0.1678931 0.3582654 0.3913502 0.0202230 
n200_201   0.3561088 0.1472297 0.1512596 0.1550657 0.4675228 0.2851966 0.3615591 0.1510627 0.3574359 0.1512030 0.4478406 0.1466570 0.3614463 0.3258537 0.1634153 0.1676587 0.4291101 0.1508666 0.1514576 0.1595421 0.2873316 0.0000000 0.2906999 0.3312932 0.3671530 0.2772322 
n285_286   0.3254777 0.2669225 0.2716271 0.2854665 0.4328932 0.0100329 0.3307201 0.2761732 0.3416659 0.2715142 0.4263814 0.3098036 0.3306192 0.2957821 0.3006057 0.3006552 0.4053138 0.2803793 0.2720067 0.2716589 0.1678931 0.2906999 0.0000000 0.2953672 0.3360945 0.1677650 
n277_278   0.1035903 0.3113676 0.3163448 0.3107972 0.4564849 0.3000627 0.1074509 0.3059870 0.1113963 0.3162074 0.4379616 0.3150697 0.1074236 0.0236774 0.3217368 0.3217913 0.4790672 0.3055195 0.3115044 0.3213905 0.3582654 0.3312932 0.2953672 0.0000000 0.1074526 0.3420850 
n280_281   0.0100386 0.3567316 0.3619862 0.3615897 0.4676277 0.3410219 0.0134174 0.3565086 0.0236788 0.3618222 0.4250402 0.3656045 0.0168194 0.1112298 0.3733551 0.3734222 0.5302178 0.3559370 0.3625161 0.3678731 0.3913502 0.3671530 0.3360945 0.1074526 0.0000000 0.3796851 
n265_266   0.3791085 0.3124097 0.3174136 0.3266799 0.4697234 0.1718084 0.3847506 0.3217685 0.3965904 0.3172750 0.4694420 0.3365492 0.3846275 0.3469707 0.3427684 0.3428281 0.4598108 0.3212676 0.3178702 0.3278811 0.0202230 0.2772322 0.1677650 0.3420850 0.3796851 0.0000000 
