26
n299_300   0.0000000 0.0273234 1.4276099 3.2167720 2.4312711 0.4427603 2.4213081 1.8212007 0.1502810 1.4520300 1.4994927 1.4213838 0.0633379 0.4676223 1.5539976 1.5683253 1.9900331 2.0376965 1.4992509 1.7724373 1.4923087 1.4847794 1.8521138 2.0004904 0.1291926 1.4663331 
n300_301   0.0273234 0.0000000 1.3657954 3.2131610 2.3576591 0.4357172 2.4041744 1.7924656 0.1459292 1.3663851 1.4827673 1.4716907 0.0633017 0.4681330 1.5363973 1.5503562 1.9125640 1.9518632 1.4322280 1.8746549 1.4758240 1.4683848 1.8891433 2.0441152 0.1417720 1.4503179 
n290_291   1.4276099 1.3657954 0.0000000 2.0708865 3.2010940 1.5552575 1.0614381 0.6615673 1.3619070 0.0307259 0.1165582 0.2677738 1.3270953 1.5018313 0.2427391 0.2530022 1.7902597 1.5544649 0.0448766 2.7697541 0.2386805 0.1245105 1.9628667 1.9852690 1.3321348 0.2385954 
n244_245   3.2167720 3.2131610 2.0708865 0.0000000 2.3735238 2.8123472 3.4131977 4.3905795 3.3300248 2.2145932 2.1569166 2.3791079 2.8520791 2.2442194 2.2356080 2.3704107 2.4437789 2.4257406 2.1444000 2.2715439 2.1658150 2.2385854 2.8799289 2.9641859 3.6736509 2.3643074 
n255_256   2.4312711 2.3576591 3.2010940 2.3735238 0.0000000 3.0887482 3.5135871 4.4620483 2.3938843 2.8714783 4.1738393 2.4695189 2.2581641 2.8026234 2.5965052 2.4526978 4.3138534 3.2889014 2.8706315 0.2340478 3.5892608 4.2978125 9.0000000 4.4298387 2.5008453 3.3926026 
n277_278   0.4427603 0.4357172 1.5552575 2.8123472 3.0887482 0.0000000 2.3961020 2.0954849 0.4533102 1.6071085 1.8089091 1.7768242 0.4347539 0.1495708 1.6642887 1.6541461 1.7419851 1.4768377 1.6276029 2.2874939 1.8267954 1.8027723 1.4342873 1.5680774 0.4870553 1.6578281 
n200_201   2.4213081 2.4041744 1.0614381 3.4131977 3.5135871 2.3961020 0.0000000 1.0227854 2.4630674 1.0160871 0.9664282 1.1709425 2.6473645 2.7137579 1.0106180 1.0396456 1.8707634 1.8467169 1.0019110 3.5308032 1.0520063 1.0455112 1.6816880 1.6457660 2.5240872 1.0813156 
n236_237   1.8212007 1.7924656 0.6615673 4.3905795 4.4620483 2.0954849 1.0227854 0.0000000 1.8776823 0.6628300 0.6587050 0.7438553 1.7559363 2.1357360 0.7240838 0.7333059 2.4874791 2.1451094 0.6871967 3.6640106 0.6565044 0.6745562 2.5496242 2.4854194 1.7785959 0.6807366 
n274_275   0.1502810 0.1459292 1.3619070 3.3300248 2.3938843 0.4533102 2.4630674 1.8776823 0.0000000 1.3824728 1.5937213 1.5162785 0.1634993 0.4462021 1.6179041 1.6609085 2.0821462 2.1284868 1.4265077 2.0305881 1.5007790 1.5767289 1.9005806 2.1042234 0.1585312 1.4744204 
n289_290   1.4520300 1.3663851 0.0307259 2.2145932 2.8714783 1.6071085 1.0160871 0.6628300 1.3824728 0.0000000 0.1167186 0.2730833 1.3276554 1.5274714 0.2425737 0.2528275 1.9456514 1.6711412 0.0485400 2.4522921 0.2435477 0.1246826 1.9893763 2.0304405 1.3520656 0.2434577 
n296_297   1.4994927 1.4827673 0.1165582 2.1569166 4.1738393 1.8089091 0.9664282 0.6587050 1.5937213 0.1167186 0.0000000 0.2476015 1.5434486 1.7812785 0.2286011 0.2381492 1.8270904 1.5624940 0.1247666 3.3798855 0.2245637 0.0342240 2.1251546 2.1736556 1.5356585 0.2244918 
n275_276   1.4213838 1.4716907 0.2677738 2.3791079 2.4695189 1.7768242 1.1709425 0.7438553 1.5162785 0.2730833 0.2476015 0.0000000 1.5128176 1.7589363 0.1605775 0.1605398 1.9979906 1.7445508 0.2937343 2.1338656 0.1361633 0.2571852 1.9568523 1.9446433 1.5137079 0.1359585 
n292_293   0.0633379 0.0633017 1.3270953 2.8520791 2.2581641 0.4347539 2.6473645 1.7559363 0.1634993 1.3276554 1.5434486 1.5128176 0.0000000 0.4535382 1.5316111 1.5696439 1.8796332 1.9567841 1.3868173 1.7351944 1.5119971 1.5581686 1.8458763 2.0900630 0.1462959 1.4853866 
n278_279   0.4676223 0.4681330 1.5018313 2.2442194 2.8026234 0.1495708 2.7137579 2.1357360 0.4462021 1.5274714 1.7812785 1.7589363 0.4535382 0.0000000 1.7187459 1.6718119 1.7476747 1.5564605 1.6021538 1.8246424 1.7736080 1.7753290 1.6115960 1.8555031 0.4935358 1.7822789 
n298_299   1.5539976 1.5363973 0.2427391 2.2356080 2.5965052 1.6642887 1.0106180 0.7240838 1.6179041 0.2425737 0.2286011 0.1605775 1.5316111 1.7187459 0.0000000 0.0272694 1.9391410 1.6809228 0.2674640 2.4326865 0.1320226 0.2424555 1.9190017 2.1006990 1.5595860 0.1318255 
n297_298   1.5683253 1.5503562 0.2530022 2.3704107 2.4526978 1.6541461 1.0396456 0.7333059 1.6609085 0.2528275 0.2381492 0.1605398 1.5696439 1.6718119 0.0272694 0.0000000 1.8543885 1.6162428 0.2781648 2.3829363 0.1279419 0.2527074 1.8872485 1.9854120 1.5741027 0.1318369 
n286_287   1.9900331 1.9125640 1.7902597 2.4437789 4.3138534 1.7419851 1.8707634 2.4874791 2.0821462 1.9456514 1.8270904 1.9979906 1.8796332 1.7476747 1.9391410 1.8543885 0.0000000 0.0700949 1.8142118 3.3651291 1.8639862 1.8964944 0.8978083 0.9698247 2.2686726 1.9196007 
n285_286   2.0376965 1.9518632 1.5544649 2.4257406 3.2889014 1.4768377 1.8467169 2.1451094 2.1284868 1.6711412 1.5624940 1.7445508 1.9567841 1.5564605 1.6809228 1.6162428 0.0700949 0.0000000 1.5807843 2.6088935 1.6179061 1.5934534 0.9119238 0.9843344 2.3849252 1.6615966 
n287_288   1.4992509 1.4322280 0.0448766 2.1444000 2.8706315 1.6276029 1.0019110 0.6871967 1.4265077 0.0485400 0.1247666 0.2937343 1.3868173 1.6021538 0.2674640 0.2781648 1.8142118 1.5807843 0.0000000 2.5556900 0.2633072 0.1328250 2.1626417 2.1453145 1.4393408 0.2631958 
n251_252   1.7724373 1.8746549 2.7697541 2.2715439 0.2340478 2.2874939 3.5308032 3.6640106 2.0305881 2.4522921 3.3798855 2.1338656 1.7351944 1.8246424 2.4326865 2.3829363 3.3651291 2.6088935 2.5556900 0.0000000 2.8115736 3.2678735 3.6760230 3.9607512 1.8932392 2.7114100 
n294_295   1.4923087 1.4758240 0.2386805 2.1658150 3.5892608 1.8267954 1.0520063 0.6565044 1.5007790 0.2435477 0.2245637 0.1361633 1.5119971 1.7736080 0.1320226 0.1279419 1.8639862 1.6179061 0.2633072 2.8115736 0.0000000 0.2202318 1.8415447 1.9072174 1.5213308 0.0341927 
n295_296   1.4847794 1.4683848 0.1245105 2.2385854 4.2978125 1.8027723 1.0455112 0.6745562 1.5767289 0.1246826 0.0342240 0.2571852 1.5581686 1.7753290 0.2424555 0.2527074 1.8964944 1.5934534 0.1328250 3.2678735 0.2202318 0.0000000 2.0453489 2.0895996 1.5200920 0.2201636 
n266_267   1.8521138 1.8891433 1.9628667 2.8799289 9.0000000 1.4342873 1.6816880 2.5496242 1.9005806 1.9893763 2.1251546 1.9568523 1.8458763 1.6115960 1.9190017 1.8872485 0.8978083 0.9119238 2.1626417 3.6760230 1.8415447 2.0453489 0.0000000 0.1865502 2.0022232 1.8754377 
n265_266   2.0004904 2.0441152 1.9852690 2.9641859 4.4298387 1.5680774 1.6457660 2.4854194 2.1042234 2.0304405 2.1736556 1.9446433 2.0900630 1.8555031 2.1006990 1.9854120 0.9698247 0.9843344 2.1453145 3.9607512 1.9072174 2.0895996 0.1865502 0.0000000 2.2024933 2.0097834 
n280_281   0.1291926 0.1417720 1.3321348 3.6736509 2.5008453 0.4870553 2.5240872 1.7785959 0.1585312 1.3520656 1.5356585 1.5137079 0.1462959 0.4935358 1.5595860 1.5741027 2.2686726 2.3849252 1.4393408 1.8932392 1.5213308 1.5200920 2.0022232 2.2024933 0.0000000 1.4943482 
n293_294   1.4663331 1.4503179 0.2385954 2.3643074 3.3926026 1.6578281 1.0813156 0.6807366 1.4744204 0.2434577 0.2244918 0.1359585 1.4853866 1.7822789 0.1318255 0.1318369 1.9196007 1.6615966 0.2631958 2.7114100 0.0341927 0.2201636 1.8754377 2.0097834 1.4943482 0.0000000 
