24
n287_288   0.0000000 0.0100673 0.0738540 0.3197863 0.2939981 0.2745989 0.3212696 0.0447289 0.3162888 0.3212036 0.0168625 0.0411508 0.0341616 0.0341472 0.0100651 0.2941070 0.3750079 0.0202753 0.2644564 0.3928820 0.0376617 0.1318794 0.3250730 0.3696113 
n290_291   0.0100673 0.0000000 0.0738596 0.3248927 0.2887386 0.2743911 0.3264046 0.0411778 0.3213940 0.3263365 0.0168637 0.0376211 0.0306641 0.0306512 0.0100659 0.2888447 0.3690010 0.0202768 0.2642578 0.4043419 0.0341470 0.1318895 0.3302159 0.3750226 
n236_237   0.0738540 0.0738596 0.0000000 0.3146603 0.3044780 0.2699050 0.3104459 0.0926692 0.3057955 0.3003051 0.0701772 0.0887908 0.0813581 0.0813206 0.0664173 0.3045926 0.3532191 0.0738433 0.2598259 0.4226158 0.0850957 0.1198711 0.3199111 0.3428474 
n278_279   0.3197863 0.3248927 0.3146603 0.0000000 0.3146337 0.2747895 0.0815128 0.3307302 0.0666835 0.0739860 0.3251805 0.3199790 0.3305752 0.3303460 0.3250203 0.3147537 0.4352128 0.3303081 0.2645559 0.4523274 0.3357891 0.2794425 0.0033377 0.4350998 
n285_286   0.2939981 0.2887386 0.3044780 0.3146337 0.0000000 0.1317375 0.3160629 0.3090732 0.3166387 0.3265999 0.2940294 0.3035871 0.2990376 0.2988406 0.2938860 0.0066783 0.4291328 0.2989501 0.1315991 0.4463180 0.3040361 0.2646165 0.3198874 0.4231329 
n265_266   0.2745989 0.2743911 0.2699050 0.2747895 0.1317375 0.0000000 0.2860220 0.2997761 0.2865242 0.2961460 0.2647368 0.2943567 0.2847314 0.2845476 0.2744954 0.1317755 0.3938862 0.2694770 0.0306919 0.4237899 0.2896469 0.2364500 0.2797646 0.3942237 
n280_281   0.3212696 0.3264046 0.3104459 0.0815128 0.3160629 0.2860220 0.0000000 0.3266558 0.0204044 0.0203807 0.3266950 0.3159355 0.3265026 0.3262771 0.3265334 0.3161841 0.4371385 0.3318513 0.2755778 0.4419565 0.3317038 0.2857105 0.0852864 0.4370236 
n293_294   0.0447289 0.0411778 0.0926692 0.3307302 0.3090732 0.2997761 0.3266558 0.0000000 0.3216397 0.3265875 0.0411982 0.0100540 0.0168489 0.0168420 0.0411801 0.3091901 0.4042033 0.0447231 0.2892413 0.4406974 0.0202629 0.1523529 0.3361053 0.4158595 
n274_275   0.3162888 0.3213940 0.3057955 0.0666835 0.3166387 0.2865242 0.0204044 0.3216397 0.0000000 0.0135281 0.3216795 0.3109868 0.3214893 0.3212688 0.3215205 0.3167605 0.4256308 0.3268059 0.2760545 0.4424104 0.3266603 0.2809356 0.0703796 0.4255249 
n292_293   0.3212036 0.3263365 0.3003051 0.0739860 0.3265999 0.2961460 0.0203807 0.3265875 0.0135281 0.0000000 0.3266267 0.3158717 0.3264344 0.3262090 0.3264652 0.3267270 0.4250787 0.3317809 0.2855412 0.4539654 0.3316334 0.2856581 0.0777163 0.4249735 
n296_297   0.0168625 0.0168637 0.0701772 0.3251805 0.2940294 0.2647368 0.3266950 0.0411982 0.3216795 0.3266267 0.0000000 0.0376398 0.0306794 0.0306665 0.0134559 0.2941383 0.3807313 0.0033408 0.2644852 0.4102822 0.0341640 0.1279011 0.3305091 0.3810551 
n294_295   0.0411508 0.0376211 0.0887908 0.3199790 0.3035871 0.2943567 0.3159355 0.0100540 0.3109868 0.3158717 0.0376398 0.0000000 0.0134356 0.0134301 0.0376233 0.3037009 0.3978253 0.0411455 0.2839176 0.4339528 0.0168310 0.1399715 0.3252713 0.4093702 
n275_276   0.0341616 0.0306641 0.0813581 0.3305752 0.2990376 0.2847314 0.3265026 0.0168489 0.3214893 0.3264344 0.0306794 0.0134356 0.0000000 0.0066903 0.0306659 0.2991492 0.3866075 0.0341573 0.2744272 0.4347485 0.0100612 0.1400685 0.3359472 0.3867130 
n297_298   0.0341472 0.0306512 0.0813206 0.3303460 0.2988406 0.2845476 0.3262771 0.0168420 0.3212688 0.3262090 0.0306665 0.0134301 0.0066903 0.0000000 0.0306530 0.2989519 0.3978726 0.0341429 0.2742532 0.4343937 0.0033366 0.1399973 0.3357123 0.3979804 
n289_290   0.0100651 0.0100659 0.0664173 0.3250203 0.2938860 0.2744954 0.3265334 0.0411801 0.3215205 0.3264652 0.0134559 0.0376233 0.0306659 0.0306530 0.0000000 0.2939948 0.3690857 0.0168531 0.2643575 0.4045098 0.0341490 0.1278424 0.3303460 0.3693983 
n286_287   0.2941070 0.2888447 0.3045926 0.3147537 0.0066783 0.1317755 0.3161841 0.3091901 0.3167605 0.3267270 0.2941383 0.3037009 0.2991492 0.2989519 0.2939948 0.0000000 0.4418432 0.2990615 0.1316371 0.4465199 0.3041503 0.2647105 0.3200103 0.4357348 
n255_256   0.3750079 0.3690010 0.3532191 0.4352128 0.4291328 0.3938862 0.4371385 0.4042033 0.4256308 0.4250787 0.3807313 0.3978253 0.3866075 0.3978726 0.3690857 0.4418432 0.0000000 0.3804027 0.3873399 0.3801191 0.4038778 0.3369711 0.4414513 0.0412724 
n295_296   0.0202753 0.0202768 0.0738433 0.3303081 0.2989501 0.2694770 0.3318513 0.0447231 0.3268059 0.3317809 0.0033408 0.0411455 0.0341573 0.0341429 0.0168531 0.2990615 0.3804027 0.0000000 0.2692196 0.4160226 0.0376569 0.1318565 0.3356734 0.3807260 
n266_267   0.2644564 0.2642578 0.2598259 0.2645559 0.1315991 0.0306919 0.2755778 0.2892413 0.2760545 0.2855412 0.2644852 0.2839176 0.2744272 0.2742532 0.2643575 0.1316371 0.3873399 0.2692196 0.0000000 0.4114846 0.2792705 0.2221403 0.2694527 0.3876708 
n244_245   0.3928820 0.4043419 0.4226158 0.4523274 0.4463180 0.4237899 0.4419565 0.4406974 0.4424104 0.4539654 0.4102822 0.4339528 0.4347485 0.4343937 0.4045098 0.4465199 0.3801191 0.4160226 0.4114846 0.0000000 0.4407258 0.3697868 0.4519423 0.3748519 
n298_299   0.0376617 0.0341470 0.0850957 0.3357891 0.3040361 0.2896469 0.3317038 0.0202629 0.3266603 0.3316334 0.0341640 0.0168310 0.0100612 0.0033366 0.0341490 0.3041503 0.4038778 0.0376569 0.2792705 0.4407258 0.0000000 0.1441155 0.3411986 0.4039869 
n200_201   0.1318794 0.1318895 0.1198711 0.2794425 0.2646165 0.2364500 0.2857105 0.1523529 0.2809356 0.2856581 0.1279011 0.1399715 0.1400685 0.1399973 0.1278424 0.2647105 0.3369711 0.1318565 0.2221403 0.3697868 0.1441155 0.0000000 0.2844436 0.3372544 
n277_278   0.3250730 0.3302159 0.3199111 0.0033377 0.3198874 0.2797646 0.0852864 0.3361053 0.0703796 0.0777163 0.3305091 0.3252713 0.3359472 0.3357123 0.3303460 0.3200103 0.4414513 0.3356734 0.2694527 0.4519423 0.3411986 0.2844436 0.0000000 0.4413331 
n251_252   0.3696113 0.3750226 0.3428474 0.4350998 0.4231329 0.3942237 0.4370236 0.4158595 0.4255249 0.4249735 0.3810551 0.4093702 0.3867130 0.3979804 0.3693983 0.4357348 0.0412724 0.3807260 0.3876708 0.3748519 0.4039869 0.3372544 0.4413331 0.0000000 
