25
n292_293   0.0000000 0.2774533 0.2725746 0.2773019 0.3695769 0.2292476 0.0067151 0.2819505 0.0272352 0.2677955 0.3911291 0.2881859 0.0774008 0.2872479 0.2824383 0.4224516 0.2823181 0.2826249 0.2777783 0.2248808 0.2955965 0.2296969 0.0736815 0.0169170 0.2160620 
n287_288   0.2774533 0.0000000 0.0100775 0.0376586 0.3620465 0.2613800 0.2825911 0.0411509 0.3020970 0.0067040 0.3832998 0.0850663 0.3022965 0.0447380 0.0412141 0.3860650 0.0411961 0.0203128 0.0168909 0.2430610 0.1267589 0.2616082 0.2873224 0.2977307 0.2343013 
n290_291   0.2725746 0.0100775 0.0000000 0.0341519 0.3620931 0.2661385 0.2776751 0.0376296 0.2970559 0.0033441 0.3833488 0.0813131 0.2972505 0.0411955 0.0376873 0.3982562 0.0376709 0.0168869 0.0134805 0.2384192 0.1228093 0.2663716 0.2823771 0.2927105 0.2297067 
n294_295   0.2773019 0.0376586 0.0341519 0.0000000 0.3511131 0.2565937 0.2824365 0.0100579 0.3019305 0.0306694 0.3720630 0.0812954 0.3021298 0.0134568 0.0100732 0.4034299 0.0033408 0.0376986 0.0341962 0.2383620 0.1227819 0.2568170 0.2871649 0.2975667 0.2296517 
n251_252   0.3695769 0.3620465 0.3620931 0.3511131 0.0000000 0.3407550 0.3754481 0.3561499 0.3973944 0.3567542 0.0338198 0.3634826 0.3642682 0.3729637 0.3676295 0.3282774 0.3566392 0.3622168 0.3568759 0.3317292 0.3500470 0.3514021 0.3587262 0.3813669 0.3209684 
n286_287   0.2292476 0.2613800 0.2661385 0.2565937 0.3407550 0.0000000 0.2293935 0.2611074 0.2475278 0.2614230 0.3563118 0.2819108 0.2428792 0.2662117 0.2615521 0.3641587 0.2614418 0.2712780 0.2665259 0.1000802 0.2843275 0.0100719 0.2381947 0.2433932 0.0925383 
n300_301   0.0067151 0.2825911 0.2776751 0.2824365 0.3754481 0.2293935 0.0000000 0.2871169 0.0272496 0.2728604 0.3971801 0.2934194 0.0774435 0.2924606 0.2876153 0.4288121 0.2874927 0.2878064 0.2829234 0.2250235 0.2959111 0.2298434 0.0737221 0.0169259 0.2161981 
n275_276   0.2819505 0.0411509 0.0376296 0.0100579 0.3561499 0.2611074 0.2871169 0.0000000 0.3067155 0.0341337 0.3772203 0.0849798 0.3069194 0.0168483 0.0134533 0.4092913 0.0134467 0.0411947 0.0376786 0.2427860 0.1227003 0.2613352 0.2918697 0.3023351 0.2340374 
n274_275   0.0272352 0.3020970 0.2970559 0.3019305 0.3973944 0.2475278 0.0272496 0.3067155 0.0000000 0.2921233 0.4197220 0.3132515 0.0923391 0.3122165 0.3072528 0.4401570 0.3071212 0.3074605 0.3024559 0.2526930 0.3207423 0.2480184 0.0885423 0.0377630 0.2435574 
n289_290   0.2677955 0.0067040 0.0033441 0.0306694 0.3567542 0.2614230 0.2728604 0.0341337 0.2921233 0.0000000 0.3778665 0.0775980 0.2923131 0.0376793 0.0341860 0.3926267 0.0341710 0.0134805 0.0100888 0.2338645 0.1189096 0.2616513 0.2775350 0.2877973 0.2251963 
n255_256   0.3911291 0.3832998 0.3833488 0.3720630 0.0338198 0.3563118 0.3971801 0.3772203 0.4197220 0.3778665 0.0000000 0.3848390 0.3912894 0.3945186 0.3890413 0.3485206 0.3777443 0.3779056 0.3724613 0.3522271 0.3709265 0.3671759 0.3855495 0.4089751 0.3464526 
n236_237   0.2881859 0.0850663 0.0813131 0.0812954 0.3634826 0.2819108 0.2934194 0.0849798 0.3132515 0.0775980 0.3848390 0.0000000 0.3083324 0.0888479 0.0851135 0.4167192 0.0850768 0.0851596 0.0814216 0.2580156 0.1390777 0.2724045 0.2932004 0.3088280 0.2490786 
n278_279   0.0774008 0.3022965 0.2972505 0.3021298 0.3642682 0.2428792 0.0774435 0.3069194 0.0923391 0.2923131 0.3912894 0.3083324 0.0000000 0.3124262 0.3074575 0.4464757 0.3073257 0.3076655 0.3026560 0.2434774 0.3104904 0.2433591 0.0100763 0.0887354 0.2344418 
n297_298   0.2872479 0.0447380 0.0411955 0.0134568 0.3729637 0.2662117 0.2924606 0.0168483 0.3122165 0.0376793 0.3945186 0.0888479 0.3124262 0.0000000 0.0033383 0.4151478 0.0168665 0.0447857 0.0412491 0.2477546 0.1307428 0.2664450 0.2972503 0.3078088 0.2389465 
n298_299   0.2824383 0.0412141 0.0376873 0.0100732 0.3676295 0.2615521 0.2876153 0.0134533 0.3072528 0.0341860 0.3890413 0.0851135 0.3074575 0.0033383 0.0000000 0.4094873 0.0134672 0.0412579 0.0377363 0.2431964 0.1268289 0.2617807 0.2923774 0.3028644 0.2344319 
n244_245   0.4224516 0.3860650 0.3982562 0.4034299 0.3282774 0.3641587 0.4288121 0.4092913 0.4401570 0.3926267 0.3485206 0.4167192 0.4464757 0.4151478 0.4094873 0.0000000 0.3978553 0.4103350 0.4046098 0.4052930 0.3951445 0.3751948 0.4402705 0.4351451 0.3937573 
n293_294   0.2823181 0.0411961 0.0376709 0.0033408 0.3566392 0.2614418 0.2874927 0.0134467 0.3071212 0.0341710 0.3777443 0.0850768 0.3073257 0.0168665 0.0134672 0.3978553 0.0000000 0.0412399 0.0377198 0.2430939 0.1267751 0.2616702 0.2922526 0.3027346 0.2343331 
n296_297   0.2826249 0.0203128 0.0168869 0.0376986 0.3622168 0.2712780 0.2878064 0.0411947 0.3074605 0.0134805 0.3779056 0.0851596 0.3076655 0.0447857 0.0412579 0.4103350 0.0412399 0.0000000 0.0033446 0.2433506 0.1269001 0.2715168 0.2925724 0.3030687 0.2345796 
n295_296   0.2777783 0.0168909 0.0134805 0.0341962 0.3568759 0.2665259 0.2829234 0.0376786 0.3024559 0.0100888 0.3724613 0.0814216 0.3026560 0.0412491 0.0377363 0.4046098 0.0377198 0.0033446 0.0000000 0.2387617 0.1229752 0.2667597 0.2876610 0.2980842 0.2300357 
n266_267   0.2248808 0.2430610 0.2384192 0.2383620 0.3317292 0.1000802 0.2250235 0.2427860 0.2526930 0.2338645 0.3522271 0.2580156 0.2434774 0.2477546 0.2431964 0.4052930 0.2430939 0.2433506 0.2387617 0.0000000 0.2610074 0.1040127 0.2387787 0.2389489 0.0169272 
n200_201   0.2955965 0.1267589 0.1228093 0.1227819 0.3500470 0.2843275 0.2959111 0.1227003 0.3207423 0.1189096 0.3709265 0.1390777 0.3104904 0.1307428 0.1268289 0.3951445 0.1267751 0.1269001 0.1229752 0.2610074 0.0000000 0.2845788 0.2954245 0.3163168 0.2568089 
n285_286   0.2296969 0.2616082 0.2663716 0.2568170 0.3514021 0.0100719 0.2298434 0.2613352 0.2480184 0.2616513 0.3671759 0.2724045 0.2433591 0.2664450 0.2617807 0.3751948 0.2616702 0.2715168 0.2667597 0.1040127 0.2845788 0.0000000 0.2386638 0.2438751 0.0964272 
n277_278   0.0736815 0.2873224 0.2823771 0.2871649 0.3587262 0.2381947 0.0737221 0.2918697 0.0885423 0.2775350 0.3855495 0.2932004 0.0100763 0.2972503 0.2923774 0.4402705 0.2922526 0.2925724 0.2876610 0.2387787 0.2954245 0.2386638 0.0000000 0.0849511 0.2297980 
n280_281   0.0169170 0.2977307 0.2927105 0.2975667 0.3813669 0.2433932 0.0169259 0.3023351 0.0377630 0.2877973 0.4089751 0.3088280 0.0887354 0.3078088 0.3028644 0.4351451 0.3027346 0.3030687 0.2980842 0.2389489 0.3163168 0.2438751 0.0849511 0.0000000 0.2299620 
n265_266   0.2160620 0.2343013 0.2297067 0.2296517 0.3209684 0.0925383 0.2161981 0.2340374 0.2435574 0.2251963 0.3464526 0.2490786 0.2344418 0.2389465 0.2344319 0.3937573 0.2343331 0.2345796 0.2300357 0.0169272 0.2568089 0.0964272 0.2297980 0.2299620 0.0000000 
