24
n299_298   0.0000000 1.7214797 1.4868600 2.3580323 2.0334442 0.4516026 1.7031667 2.0402587 0.1290178 1.6216338 1.5237150 1.6232541 2.1201834 1.7030852 0.4503132 1.7609651 2.0455073 1.5172214 1.8635609 1.5214072 0.0563479 0.0827142 1.6844126 0.0204399 
n293_292   1.7214797 0.0000000 0.3705332 2.5221330 2.7714507 1.7879143 0.9878830 0.6899883 1.5662318 0.3930775 0.3406154 0.1507838 2.2824808 0.1257619 1.7879475 0.0486001 2.8423457 0.3688668 2.1618196 0.3513177 1.6670000 1.4816872 0.1341229 1.7305034 
n289_288   1.4868600 0.3705332 0.0000000 2.3264869 2.9586284 1.4325105 0.9002776 0.6832227 1.4040207 0.0484647 0.0378142 0.3224931 2.0492418 0.3063358 1.4770142 0.3405810 2.8432289 0.1128795 2.0280293 0.1009274 1.4686117 1.3927275 0.3069803 1.5210746 
n244_245   2.3580323 2.5221330 2.3264869 0.0000000 1.9543942 1.8970685 2.4145036 1.9975652 2.3551062 2.6221805 2.3655951 2.3346453 3.1690002 2.2497534 1.8051763 2.2619407 1.8028709 2.5743386 3.0674591 2.4555109 2.2790791 2.4144914 2.1221298 2.2927058 
n255_256   2.0334442 2.7714507 2.9586284 1.9543942 0.0000000 2.6097548 2.7048697 2.9086384 1.9869222 3.0183430 3.5517229 2.8519489 2.6716113 2.3374577 2.2622600 2.5805396 0.2943663 3.2513897 3.0565605 3.2658196 1.9572463 2.1130952 2.4969500 2.1684041 
n277_278   0.4516026 1.7879143 1.4325105 1.8970685 2.6097548 0.0000000 1.9582317 1.6916303 0.4470174 1.5982507 1.4516941 1.6477389 1.7832957 1.6722010 0.0972107 1.8289063 2.1859654 1.5426896 1.4695264 1.5187363 0.4052738 0.4040464 1.6199914 0.4252622 
n200_201   1.7031667 0.9878830 0.9002776 2.4145036 2.7048697 1.9582317 0.0000000 0.8993546 1.4970243 0.9713586 0.9482688 0.9125071 2.6162459 0.8230779 1.7556559 0.9209494 2.4373239 0.9925277 2.3495533 0.9476797 1.7937968 1.5487568 0.8526033 1.7441554 
n236_237   2.0402587 0.6899883 0.6832227 1.9975652 2.9086384 1.6916303 0.8993546 0.0000000 2.0266165 0.6823651 0.6732902 0.6726718 1.9468823 0.5763036 1.7295616 0.6819922 2.3338465 0.6745903 2.1686313 0.6446558 2.0696176 1.8433782 0.5841243 1.9906630 
n274_275   0.1290178 1.5662318 1.4040207 2.3551062 1.9869222 0.4470174 1.4970243 2.0266165 0.0000000 1.6127757 1.4381280 1.4384909 2.1543955 1.4963345 0.4446919 1.5530915 2.0096052 1.4500038 1.8402473 1.4563408 0.1209821 0.1123491 1.4992819 0.1293778 
n287_286   1.6216338 0.3930775 0.0484647 2.6221805 3.0183430 1.5982507 0.9713586 0.6823651 1.6127757 0.0000000 0.0593580 0.3510474 2.2290220 0.3272577 1.5628305 0.3740308 2.9738496 0.1495110 2.2120050 0.1368463 1.6561678 1.6182822 0.3333659 1.7203752 
n290_289   1.5237150 0.3406154 0.0378142 2.3655951 3.5517229 1.4516941 0.9482688 0.6732902 1.4381280 0.0593580 0.0000000 0.3056830 2.1305818 0.2793608 1.4070565 0.3173599 3.3228328 0.1251109 1.9948462 0.1168808 1.5048621 1.4262878 0.2849726 1.5591774 
n275_276   1.6232541 0.1507838 0.3224931 2.3346453 2.8519489 1.6477389 0.9125071 0.6726718 1.4384909 0.3510474 0.3056830 0.0000000 1.8188403 0.1092233 1.5983883 0.1458360 2.8358730 0.3555162 1.8012978 0.3265530 1.5994031 1.4659891 0.1053998 1.6518379 
n266_267   2.1201834 2.2824808 2.0492418 3.1690002 2.6716113 1.7832957 2.6162459 1.9468823 2.1543955 2.2290220 2.1305818 1.8188403 0.0000000 2.1605741 1.8584465 2.2325140 2.4078460 2.1418128 0.1806783 1.9950218 2.0888003 2.1012626 2.0393100 2.1901371 
n297_296   1.7030852 0.1257619 0.3063358 2.2497534 2.3374577 1.6722010 0.8230779 0.5763036 1.4963345 0.3272577 0.2793608 0.1092233 2.1605741 0.0000000 1.6735089 0.1172153 2.4662479 0.3158789 1.9991063 0.2886724 1.6110922 1.4558345 0.0307377 1.6973552 
n278_279   0.4503132 1.7879475 1.4770142 1.8051763 2.2622600 0.0972107 1.7556559 1.7295616 0.4446919 1.5628305 1.4070565 1.5983883 1.8584465 1.6735089 0.0000000 1.7900781 2.0492441 1.6317549 1.5425166 1.5748549 0.4169371 0.4203492 1.6007530 0.4369771 
n294_293   1.7609651 0.0486001 0.3405810 2.2619407 2.5805396 1.8289063 0.9209494 0.6819922 1.5530915 0.3740308 0.3173599 0.1458360 2.2325140 0.1172153 1.7900781 0.0000000 2.7961383 0.3511582 2.2835189 0.3223201 1.7012250 1.5096790 0.1293655 1.7424650 
n251_252   2.0455073 2.8423457 2.8432289 1.8028709 0.2943663 2.1859654 2.4373239 2.3338465 2.0096052 2.9738496 3.3228328 2.8358730 2.4078460 2.4662479 2.0492441 2.7961383 0.0000000 2.7029181 2.9673846 2.8016082 2.0068113 2.1774383 2.4344959 2.2345560 
n295_294   1.5172214 0.3688668 0.1128795 2.5743386 3.2513897 1.5426896 0.9925277 0.6745903 1.4500038 0.1495110 0.1251109 0.3555162 2.1418128 0.3158789 1.6317549 0.3511582 2.7029181 0.0000000 2.1506077 0.0307625 1.5490963 1.4403364 0.3165498 1.5752255 
n265_266   1.8635609 2.1618196 2.0280293 3.0674591 3.0565605 1.4695264 2.3495533 2.1686313 1.8402473 2.2120050 1.9948462 1.8012978 0.1806783 1.9991063 1.5425166 2.2835189 2.9673846 2.1506077 0.0000000 2.1235557 1.8196352 1.8892750 1.8395591 1.9137187 
n296_295   1.5214072 0.3513177 0.1009274 2.4555109 3.2658196 1.5187363 0.9476797 0.6446558 1.4563408 0.1368463 0.1168808 0.3265530 1.9950218 0.2886724 1.5748549 0.3223201 2.8016082 0.0307625 2.1235557 0.0000000 1.5246220 1.4186094 0.2892631 1.5500965 
n292_291   0.0563479 1.6670000 1.4686117 2.2790791 1.9572463 0.4052738 1.7937968 2.0696176 0.1209821 1.6561678 1.5048621 1.5994031 2.0888003 1.6110922 0.4169371 1.7012250 2.0068113 1.5490963 1.8196352 1.5246220 0.0000000 0.0748826 1.5934866 0.0490624 
n280_281   0.0827142 1.4816872 1.3927275 2.4144914 2.1130952 0.4040464 1.5487568 1.8433782 0.1123491 1.6182822 1.4262878 1.4659891 2.1012626 1.4558345 0.4203492 1.5096790 2.1774383 1.4403364 1.8892750 1.4186094 0.0748826 0.0000000 1.4220902 0.0751390 
n298_297   1.6844126 0.1341229 0.3069803 2.1221298 2.4969500 1.6199914 0.8526033 0.5841243 1.4992819 0.3333659 0.2849726 0.1053998 2.0393100 0.0307377 1.6007530 0.1293655 2.4344959 0.3165498 1.8395591 0.2892631 1.5934866 1.4220902 0.0000000 1.6787672 
n300_299   0.0204399 1.7305034 1.5210746 2.2927058 2.1684041 0.4252622 1.7441554 1.9906630 0.1293778 1.7203752 1.5591774 1.6518379 2.1901371 1.6973552 0.4369771 1.7424650 2.2345560 1.5752255 1.9137187 1.5500965 0.0490624 0.0751390 1.6787672 0.0000000 
