23
n292_293   0.0000000 0.2880595 0.2775793 0.2822078 0.3360241 0.2333742 0.0033421 0.2721197 0.0168934 0.3349308 0.2466414 0.0100789 0.0630001 0.2819250 0.3419905 0.2772450 0.2774052 0.2774208 0.2330203 0.3064734 0.0594106 0.0100736 0.2332103 
n287_288   0.2880595 0.0000000 0.0100868 0.0556843 0.3342617 0.3127504 0.2933302 0.0485029 0.2829873 0.3328384 0.0778150 0.2982791 0.2870039 0.0520394 0.3674966 0.0520775 0.0237774 0.0237803 0.3235035 0.1610687 0.2822877 0.2823432 0.3237981 
n290_291   0.2775793 0.0100868 0.0000000 0.0448944 0.3396893 0.3181501 0.2827632 0.0378177 0.2725873 0.3382373 0.0666735 0.2876389 0.2817724 0.0413119 0.3731861 0.0413418 0.0134860 0.0134877 0.3179813 0.1485418 0.2770886 0.2719697 0.3182689 
n294_295   0.2822078 0.0556843 0.0448944 0.0000000 0.3451308 0.3066849 0.2874227 0.0134890 0.2771874 0.3489722 0.0702895 0.2923238 0.2864144 0.0168834 0.3665606 0.0033428 0.0448727 0.0448780 0.3065212 0.1401069 0.2817081 0.2765589 0.3067939 
n251_252   0.3360241 0.3342617 0.3396893 0.3451308 0.0000000 0.3345453 0.3416939 0.3282782 0.3416912 0.0482786 0.3167170 0.3469788 0.3513049 0.3340760 0.2724534 0.3397165 0.3394597 0.3394696 0.3295047 0.3430526 0.3461844 0.3298166 0.3293389 
n286_287   0.2333742 0.3127504 0.3181501 0.3066849 0.3345453 0.0000000 0.2382153 0.3016203 0.2238929 0.3504806 0.2807360 0.2428040 0.2186260 0.3173840 0.3630624 0.3015664 0.3131669 0.3131797 0.1085400 0.3317550 0.2143030 0.2236566 0.1046055 
n300_301   0.0033421 0.2933302 0.2827632 0.2874227 0.3416939 0.2382153 0.0000000 0.2772542 0.0203323 0.3405775 0.2515659 0.0067026 0.0667082 0.2871326 0.3477179 0.2824219 0.2825847 0.2826000 0.2378536 0.3118607 0.0631015 0.0134710 0.2380487 
n275_276   0.2721197 0.0485029 0.0378177 0.0134890 0.3282782 0.3016203 0.2772542 0.0000000 0.2671733 0.3382494 0.0629687 0.2820878 0.2762864 0.0100864 0.3555936 0.0100934 0.0377995 0.0378040 0.3014586 0.1360607 0.2716407 0.2665699 0.3017252 
n274_275   0.0168934 0.2829873 0.2725873 0.2771874 0.3416912 0.2238929 0.0203323 0.2671733 0.0000000 0.3405750 0.2469030 0.0272543 0.0593482 0.2769116 0.3364943 0.2722596 0.2724174 0.2724332 0.2235541 0.2959285 0.0557737 0.0134724 0.2237342 
n255_256   0.3349308 0.3328384 0.3382373 0.3489722 0.0482786 0.3504806 0.3405775 0.3382494 0.3405750 0.0000000 0.3153888 0.3400747 0.3501525 0.3326539 0.2671724 0.3435484 0.3380098 0.3380198 0.3404214 0.3414777 0.3450520 0.3287498 0.3451810 
n236_237   0.2466414 0.0778150 0.0666735 0.0702895 0.3167170 0.2807360 0.2515659 0.0629687 0.2469030 0.3153888 0.0000000 0.2562224 0.2557758 0.0665613 0.3608154 0.0666106 0.0666405 0.0666481 0.2905069 0.1481260 0.2512577 0.2413487 0.2907600 
n299_300   0.0100789 0.2982791 0.2876389 0.2923238 0.3469788 0.2428040 0.0067026 0.2820878 0.0272543 0.3400747 0.2562224 0.0000000 0.0741454 0.2920268 0.3530517 0.2872913 0.2874563 0.2874713 0.2474499 0.3169041 0.0705062 0.0203135 0.2476552 
n278_279   0.0630001 0.2870039 0.2817724 0.2864144 0.3513049 0.2186260 0.0667082 0.2762864 0.0593482 0.3501525 0.2557758 0.0741454 0.0000000 0.2861264 0.3406220 0.2814333 0.2815952 0.2816105 0.2276420 0.3053482 0.0134746 0.0556203 0.2278259 
n297_298   0.2819250 0.0520394 0.0413119 0.0168834 0.3340760 0.3173840 0.2871326 0.0100864 0.2769116 0.3326539 0.0665613 0.2920268 0.2861264 0.0000000 0.3666849 0.0134754 0.0412911 0.0412960 0.3172158 0.1441547 0.2814264 0.2762845 0.3175019 
n244_245   0.3419905 0.3674966 0.3731861 0.3665606 0.2724534 0.3630624 0.3477179 0.3555936 0.3364943 0.2671724 0.3608154 0.3530517 0.3406220 0.3666849 0.0000000 0.3609959 0.3672558 0.3672615 0.3694414 0.3902419 0.3355658 0.3357123 0.3637090 
n293_294   0.2772450 0.0520775 0.0413418 0.0033428 0.3397165 0.3015664 0.2824219 0.0100934 0.2722596 0.3435484 0.0666106 0.2872913 0.2814333 0.0134754 0.3609959 0.0000000 0.0413219 0.0413268 0.3014048 0.1442695 0.2767554 0.2716432 0.3016713 
n296_297   0.2774052 0.0237774 0.0134860 0.0448727 0.3394597 0.3131669 0.2825847 0.0377995 0.2724174 0.3380098 0.0666405 0.2874563 0.2815952 0.0412911 0.3672558 0.0413219 0.0000000 0.0067102 0.3130000 0.1484618 0.2769152 0.2718005 0.3132815 
n295_296   0.2774208 0.0237803 0.0134877 0.0448780 0.3394696 0.3131797 0.2826000 0.0378040 0.2724332 0.3380198 0.0666481 0.2874713 0.2816105 0.0412960 0.3672615 0.0413268 0.0067102 0.0000000 0.3028347 0.1484762 0.2769307 0.2718163 0.3031038 
n266_267   0.2330203 0.3235035 0.3179813 0.3065212 0.3295047 0.1085400 0.2378536 0.3014586 0.2235541 0.3404214 0.2905069 0.2474499 0.2276420 0.3172158 0.3694414 0.3014048 0.3130000 0.3028347 0.0000000 0.3157094 0.2232738 0.2233185 0.0100896 
n200_201   0.3064734 0.1610687 0.1485418 0.1401069 0.3430526 0.3317550 0.3118607 0.1360607 0.2959285 0.3414777 0.1481260 0.3169041 0.3053482 0.1441547 0.3902419 0.1442695 0.1484618 0.1484762 0.3157094 0.0000000 0.3005499 0.3006083 0.3159925 
n277_278   0.0594106 0.2822877 0.2770886 0.2817081 0.3461844 0.2143030 0.0631015 0.2716407 0.0557737 0.3450520 0.2512577 0.0705062 0.0134746 0.2814264 0.3355658 0.2767554 0.2769152 0.2769307 0.2232738 0.3005499 0.0000000 0.0520667 0.2234534 
n280_281   0.0100736 0.2823432 0.2719697 0.2765589 0.3298166 0.2236566 0.0134710 0.2665699 0.0134724 0.3287498 0.2413487 0.0203135 0.0556203 0.2762845 0.3357123 0.2716432 0.2718005 0.2718163 0.2233185 0.3006083 0.0520667 0.0000000 0.2234981 
n265_266   0.2332103 0.3237981 0.3182689 0.3067939 0.3293389 0.1046055 0.2380487 0.3017252 0.2237342 0.3451810 0.2907600 0.2476552 0.2278259 0.3175019 0.3637090 0.3016713 0.3132815 0.3031038 0.0100896 0.3159925 0.2234534 0.2234981 0.0000000 
