24
n287_288   0.0000000 0.0100937 0.0812792 0.2728209 0.3040446 0.3082518 0.2777768 0.2876938 0.0591858 0.2825953 0.2825765 0.0411603 0.0627969 0.0663672 0.0556149 0.0067082 0.2991097 0.3450759 0.3086982 0.4076014 0.0519924 0.1359202 0.2489745 0.3676077 
n290_291   0.0100937 0.0000000 0.0813261 0.2828422 0.3042299 0.3139584 0.2931687 0.3033116 0.0629259 0.2980921 0.2980711 0.0447710 0.0665599 0.0701506 0.0593342 0.0101020 0.2992919 0.3511265 0.3144151 0.4142851 0.0556862 0.1402092 0.2637285 0.3738846 
n236_237   0.0812792 0.0813261 0.0000000 0.2931256 0.3250696 0.3137542 0.2934381 0.3035924 0.0663179 0.2983670 0.2983459 0.0774870 0.0699538 0.0735441 0.0627257 0.0813488 0.3199963 0.3561050 0.3142103 0.4317507 0.0590736 0.1315038 0.2786301 0.3790084 
n278_279   0.2728209 0.2828422 0.2931256 0.0000000 0.2590395 0.2726176 0.0446990 0.0518400 0.2918927 0.0482407 0.0482395 0.2773504 0.2967490 0.2967266 0.2826586 0.2828961 0.2543881 0.2978083 0.2826982 0.3721170 0.2776346 0.2734757 0.0271864 0.3237375 
n285_286   0.3040446 0.3042299 0.3250696 0.2590395 0.0000000 0.1599503 0.2639129 0.2736672 0.3188849 0.2686566 0.2686396 0.2986612 0.3239355 0.3340803 0.3140566 0.3043339 0.0033431 0.3177751 0.1641210 0.4015954 0.3087868 0.3252127 0.2496995 0.3397851 
n265_266   0.3082518 0.3139584 0.3137542 0.2726176 0.1599503 0.0000000 0.2677753 0.2775494 0.3078517 0.2725275 0.2725100 0.3024182 0.3128200 0.3126488 0.3130337 0.3034634 0.1558679 0.3330654 0.0168530 0.4237953 0.3077872 0.2986595 0.2631383 0.3670935 
n280_281   0.2777768 0.2931687 0.2934381 0.0446990 0.2639129 0.2677753 0.0000000 0.0066965 0.2922027 0.0033384 0.0033383 0.2823329 0.2970643 0.2970419 0.2829589 0.2879259 0.2592316 0.3336281 0.2777841 0.3826279 0.2779292 0.2691213 0.0447318 0.3557000 
n299_300   0.2876938 0.3033116 0.3035924 0.0518400 0.2736672 0.2775494 0.0066965 0.0000000 0.3023049 0.0100642 0.0033408 0.2923026 0.3072300 0.3072074 0.2929537 0.2979894 0.2689269 0.3387331 0.2877018 0.3940688 0.2878522 0.2789490 0.0518781 0.3616692 
n293_294   0.0591858 0.0629259 0.0663179 0.2918927 0.3188849 0.3078517 0.2922027 0.3023049 0.0000000 0.2971067 0.2970859 0.0590790 0.0033365 0.0271538 0.0237446 0.0556143 0.3138636 0.3331507 0.3082970 0.4244272 0.0202973 0.1274014 0.2774692 0.3552368 
n274_275   0.2825953 0.2980921 0.2983670 0.0482407 0.2686566 0.2725275 0.0033384 0.0100642 0.2971067 0.0000000 0.0066902 0.2871756 0.3019977 0.3019753 0.2878136 0.2928124 0.2639482 0.3388112 0.2826029 0.3881549 0.2827506 0.2738991 0.0482761 0.3610416 
n292_293   0.2825765 0.2980711 0.2983459 0.0482395 0.2686396 0.2725100 0.0033383 0.0033408 0.2970859 0.0066902 0.0000000 0.2871562 0.3019762 0.3019537 0.2877940 0.2927921 0.2639317 0.3387836 0.2825841 0.3881172 0.2827318 0.2738814 0.0482749 0.3559717 
n296_297   0.0411603 0.0447710 0.0774870 0.2773504 0.2986612 0.3024182 0.2823329 0.2923026 0.0590790 0.2871756 0.2871562 0.0000000 0.0626836 0.0662483 0.0555143 0.0411946 0.2937637 0.3342176 0.3028540 0.4069552 0.0518988 0.1356667 0.2631812 0.3563908 
n294_295   0.0627969 0.0665599 0.0699538 0.2967490 0.3239355 0.3128200 0.2970643 0.3072300 0.0033365 0.3019977 0.3019762 0.0626836 0.0000000 0.0306087 0.0271904 0.0592119 0.3188836 0.3382743 0.3132735 0.4302050 0.0237269 0.1313348 0.2822410 0.3605149 
n275_276   0.0663672 0.0701506 0.0735441 0.2967266 0.3340803 0.3126488 0.2970419 0.3072074 0.0271538 0.3019753 0.3019537 0.0662483 0.0306087 0.0000000 0.0306247 0.0627714 0.3289671 0.3544067 0.3131018 0.4301829 0.0271477 0.1351724 0.2822190 0.3771683 
n297_298   0.0556149 0.0593342 0.0627257 0.2826586 0.3140566 0.3130337 0.2829589 0.2929537 0.0237446 0.2878136 0.2877940 0.0555143 0.0271904 0.0306247 0.0000000 0.0556619 0.3090615 0.3442705 0.3134878 0.4242493 0.0033442 0.1235465 0.2683770 0.3667367 
n289_290   0.0067082 0.0101020 0.0813488 0.2828961 0.3043339 0.3034634 0.2879259 0.2979894 0.0556143 0.2928124 0.2927921 0.0411946 0.0592119 0.0627714 0.0556619 0.0000000 0.2993938 0.3397895 0.3039021 0.4018476 0.0520363 0.1360398 0.2587098 0.3621539 
n286_287   0.2991097 0.2992919 0.3199963 0.2543881 0.0033431 0.1558679 0.2592316 0.2689269 0.3138636 0.2639482 0.2639317 0.2937637 0.3188836 0.3289671 0.3090615 0.2993938 0.0000000 0.3127746 0.1600171 0.3960114 0.3038266 0.3201380 0.2451012 0.3346311 
n255_256   0.3450759 0.3511265 0.3561050 0.2978083 0.3177751 0.3330654 0.3336281 0.3387331 0.3331507 0.3388112 0.3387836 0.3342176 0.3382743 0.3544067 0.3442705 0.3397895 0.3127746 0.0000000 0.3383356 0.2694696 0.3387931 0.3239772 0.3077161 0.0519814 
n266_267   0.3086982 0.3144151 0.3142103 0.2826982 0.1641210 0.0168530 0.2777841 0.2877018 0.3082970 0.2826029 0.2825841 0.3028540 0.3132735 0.3131018 0.3134878 0.3039021 0.1600171 0.3383356 0.0000000 0.4297556 0.3082323 0.2990903 0.2684132 0.3726268 
n244_245   0.4076014 0.4142851 0.4317507 0.3721170 0.4015954 0.4237953 0.3826279 0.3940688 0.4244272 0.3881549 0.3881172 0.4069552 0.4302050 0.4301829 0.4242493 0.4018476 0.3960114 0.2694696 0.4297556 0.0000000 0.4244069 0.3735653 0.3772733 0.2849451 
n298_299   0.0519924 0.0556862 0.0590736 0.2776346 0.3087868 0.3077872 0.2779292 0.2878522 0.0202973 0.2827506 0.2827318 0.0518988 0.0237269 0.0271477 0.0033442 0.0520363 0.3038266 0.3387931 0.3082323 0.4244069 0.0000000 0.1195518 0.2634488 0.3610773 
n200_201   0.1359202 0.1402092 0.1315038 0.2734757 0.3252127 0.2986595 0.2691213 0.2789490 0.1274014 0.2738991 0.2738814 0.1356667 0.1313348 0.1351724 0.1235465 0.1360398 0.3201380 0.3239772 0.2990903 0.3735653 0.1195518 0.0000000 0.2589755 0.3458405 
n277_278   0.2489745 0.2637285 0.2786301 0.0271864 0.2496995 0.2631383 0.0447318 0.0518781 0.2774692 0.0482761 0.0482749 0.2631812 0.2822410 0.2822190 0.2683770 0.2587098 0.2451012 0.3077161 0.2684132 0.3772733 0.2634488 0.2589755 0.0000000 0.3339887 
n251_252   0.3676077 0.3738846 0.3790084 0.3237375 0.3397851 0.3670935 0.3557000 0.3616692 0.3552368 0.3610416 0.3559717 0.3563908 0.3605149 0.3771683 0.3667367 0.3621539 0.3346311 0.0519814 0.3726268 0.2849451 0.3610773 0.3458405 0.3339887 0.0000000 
