26
n299_300   0.0000000 0.0202613 3.4627291 3.9137381 3.4323346 0.4203862 2.5760187 2.3034564 0.1010520 3.2465344 3.4819389 2.7915647 0.0134582 0.4378325 2.7929855 2.5108972 2.6591163 2.3689437 3.1238133 3.0829305 2.9181402 3.4991122 2.3793578 2.3185516 0.0704753 3.0666397 
n300_301   0.0202613 0.0000000 3.1215542 3.9907712 3.3794943 0.4019924 2.4845167 2.2909962 0.1085969 2.9565899 3.1489599 2.5881623 0.0134332 0.4195446 2.5894748 2.3475437 2.6018873 2.3268531 3.0238799 2.9448040 2.6955988 3.1809331 2.3112355 2.2543362 0.0703396 2.8174368 
n290_291   3.4627291 3.1215542 0.0000000 3.7347151 2.8900047 2.3785114 1.0350068 0.6338140 3.1691885 0.0558496 0.1086104 0.2735719 3.3511791 2.2713134 0.2251438 0.2201061 1.7603172 1.8600492 0.0820522 3.0639744 0.2534787 0.0971532 2.1278694 1.9430164 3.2613565 0.2687318 
n244_245   3.9137381 3.9907712 3.7347151 0.0000000 1.9960664 5.4886388 4.4927118 3.6566179 3.0950261 3.6409346 3.3274554 3.0520683 3.8374430 4.3532374 3.6594881 3.1900592 9.0000000 4.7830390 3.0613452 2.4800951 3.5069891 3.4937945 2.3930404 2.7023557 3.5447459 3.4033103 
n255_256   3.4323346 3.3794943 2.8900047 1.9960664 0.0000000 2.7522500 4.7802313 3.8460960 3.7479022 2.5984420 2.8846133 2.2708746 3.5074607 2.7175004 2.4634221 2.5105004 8.9999985 7.2491845 2.8431896 0.2958826 2.5539636 2.6600992 3.2720506 3.1970020 3.1006164 2.4842375 
n277_278   0.4203862 0.4019924 2.3785114 5.4886388 2.7522500 0.0000000 2.7011678 2.2214212 0.4448804 2.5750276 2.6002418 2.2449999 0.4140599 0.1168625 2.1364995 2.1446939 2.1742419 2.0193715 2.3076402 2.4631217 2.5294988 2.4903035 1.9749738 1.9149541 0.4190876 2.5493163 
n200_201   2.5760187 2.4845167 1.0350068 4.4927118 4.7802313 2.7011678 0.0000000 1.0464194 2.3221438 1.0818569 0.9839002 1.1645087 2.6149348 2.3886831 0.9927426 0.9554753 1.6961400 1.8504180 0.9571031 6.0100811 1.0083776 1.0018300 2.2419458 1.9190624 2.5255080 1.0049243 
n236_237   2.3034564 2.2909962 0.6338140 3.6566179 3.8460960 2.2214212 1.0464194 0.0000000 2.1821478 0.6728001 0.7179394 0.7544305 2.2697717 2.1951069 0.6019599 0.6020650 2.0723371 2.4562394 0.6846406 5.0613950 0.7073892 0.6624654 2.6823629 2.7984356 2.4548919 0.7174378 
n274_275   0.1010520 0.1085969 3.1691885 3.0950261 3.7479022 0.4448804 2.3221438 2.1821478 0.0000000 3.0949369 2.9250553 2.8589035 0.1009368 0.4570736 2.7709185 2.6009954 2.2910622 2.2953018 2.8977420 3.3531250 2.8531052 2.9310725 2.4662930 2.3833374 0.1008564 2.7184083 
n289_290   3.2465344 2.9565899 0.0558496 3.6409346 2.5984420 2.5750276 1.0818569 0.6728001 3.0949369 0.0000000 0.1050818 0.2823258 3.1516135 2.6858115 0.2391268 0.2339702 1.7825868 1.8846239 0.0822729 2.7363093 0.2674839 0.0974165 2.1442303 2.0922408 3.1791797 0.2838911 
n296_297   3.4819389 3.1489599 0.1086104 3.3274554 2.8846133 2.6002418 0.9839002 0.7179394 2.9250553 0.1050818 0.0000000 0.2877813 3.3740116 2.4355232 0.2392862 0.2341275 1.7471324 1.8875721 0.1213917 3.2090804 0.2830699 0.0379262 2.3816531 2.0727491 3.4003065 0.2999237 
n275_276   2.7915647 2.5881623 0.2735719 3.0520683 2.2708746 2.2449999 1.1645087 0.7544305 2.8589035 0.2823258 0.2877813 0.0000000 2.7247772 2.3156908 0.1128883 0.1125573 1.8171719 1.9630499 0.3097481 2.3026534 0.1086983 0.2940505 2.0749270 1.8885586 2.6267438 0.1289234 
n292_293   0.0134582 0.0134332 3.3511791 3.8374430 3.5074607 0.4140599 2.6149348 2.2697717 0.1009368 3.1516135 3.3740116 2.7247772 0.0000000 0.4312886 2.7261672 2.4572020 2.7037013 2.4037412 3.1277278 3.0533497 2.8452368 3.3885000 2.3116988 2.3127463 0.0630566 2.9851141 
n278_279   0.4378325 0.4195446 2.2713134 4.3532374 2.7175004 0.1168625 2.3886831 2.1951069 0.4570736 2.6858115 2.4355232 2.3156908 0.4312886 0.0000000 2.2324226 2.1318427 1.9593389 1.8221735 2.3766826 2.7969268 2.7122513 2.3392793 1.7735677 1.8578741 0.4363362 2.7314595 
n298_299   2.7929855 2.5894748 0.2251438 3.6594881 2.4634221 2.1364995 0.9927426 0.6019599 2.7709185 0.2391268 0.2392862 0.1128883 2.7261672 2.2324226 0.0000000 0.0203265 1.8107710 2.0345129 0.2588863 2.5514120 0.1132167 0.2345740 2.1777867 2.0023058 2.8613375 0.1256059 
n297_298   2.5108972 2.3475437 0.2201061 3.1900592 2.5105004 2.1446939 0.9554753 0.6020650 2.6009954 0.2339702 0.2341275 0.1125573 2.4572020 2.1318427 0.0203265 0.0000000 1.8779420 2.1197618 0.2535479 2.6034608 0.1128837 0.2294553 2.0700063 1.9111127 2.5650532 0.1252328 
n286_287   2.6591163 2.6018873 1.7603172 9.0000000 8.9999985 2.1742419 1.6961400 2.0723371 2.2910622 1.7825868 1.7471324 1.8171719 2.7037013 1.9593389 1.8107710 1.8779420 0.0000000 0.0591376 1.7048886 7.4288547 1.7742896 1.6804225 1.0119735 1.0941391 2.6284250 1.8058745 
n285_286   2.3689437 2.3268531 1.8600492 4.7830390 7.2491845 2.0193715 1.8504180 2.4562394 2.2953018 1.8846239 1.8875721 1.9630499 2.4037412 1.8221735 2.0345129 2.1197618 0.0591376 0.0000000 1.8235874 4.4020873 1.8478466 1.8101979 1.0628267 1.1173770 2.4308247 1.8457630 
n287_288   3.1238133 3.0238799 0.0820522 3.0613452 2.8431896 2.3076402 0.9571031 0.6846406 2.8977420 0.0822729 0.1213917 0.3097481 3.1277278 2.3766826 0.2588863 0.2535479 1.7048886 1.8235874 0.0000000 2.8731921 0.2990825 0.1134948 1.9984847 1.9604892 3.1551087 0.3164217 
n251_252   3.0829305 2.9448040 3.0639744 2.4800951 0.2958826 2.4631217 6.0100811 5.0613950 3.3531250 2.7363093 3.2090804 2.3026534 3.0533497 2.7969268 2.5514120 2.6034608 7.4288547 4.4020873 2.8731921 0.0000000 2.7205831 2.7474017 3.2914542 4.0495645 2.7007460 2.7301481 
n294_295   2.9181402 2.6955988 0.2534787 3.5069891 2.5539636 2.5294988 1.0083776 0.7073892 2.8531052 0.2674839 0.2830699 0.1086983 2.8452368 2.7122513 0.1132167 0.1128837 1.7742896 1.8478466 0.2990825 2.7205831 0.0000000 0.2789128 2.1150011 1.8229051 2.7366431 0.0342058 
n295_296   3.4991122 3.1809331 0.0971532 3.4937945 2.6600992 2.4903035 1.0018300 0.6624654 2.9310725 0.0974165 0.0379262 0.2940505 3.3885000 2.3392793 0.2345740 0.2294553 1.6804225 1.8101979 0.1134948 2.7474017 0.2789128 0.0000000 2.3339518 2.2474475 3.4150608 0.2956956 
n266_267   2.3793578 2.3112355 2.1278694 2.3930404 3.2720506 1.9749738 2.2419458 2.6823629 2.4662930 2.1442303 2.3816531 2.0749270 2.3116988 1.7735677 2.1777867 2.0700063 1.0119735 1.0628267 1.9984847 3.2914542 2.1150011 2.3339518 0.0000000 0.2059311 2.2735686 2.3214082 
n265_266   2.3185516 2.2543362 1.9430164 2.7023557 3.1970020 1.9149541 1.9190624 2.7984356 2.3833374 2.0922408 2.0727491 1.8885586 2.3127463 1.8578741 2.0023058 1.9111127 1.0941391 1.1173770 1.9604892 4.0495645 1.8229051 2.2474475 0.2059311 0.0000000 2.1291348 2.0159466 
n280_281   0.0704753 0.0703396 3.2613565 3.5447459 3.1006164 0.4190876 2.5255080 2.4548919 0.1008564 3.1791797 3.4003065 2.6267438 0.0630566 0.4363362 2.8613375 2.5650532 2.6284250 2.4308247 3.1551087 2.7007460 2.7366431 3.4150608 2.2735686 2.1291348 0.0000000 2.9028503 
n293_294   3.0666397 2.8174368 0.2687318 3.4033103 2.4842375 2.5493163 1.0049243 0.7174378 2.7184083 0.2838911 0.2999237 0.1289234 2.9851141 2.7314595 0.1256059 0.1252328 1.8058745 1.8457630 0.3164217 2.7301481 0.0342058 0.2956956 2.3214082 2.0159466 2.9028503 0.0000000 
