26
n244_243   0.0000000 3.8434378 3.5568498 4.5752891 3.4286190 2.7911221 5.0826587 2.8041373 2.8128788 2.9700421 4.0848802 6.2004254 3.1426012 3.1943389 1.8095291 3.2577650 2.9412530 1.6975706 3.9091592 3.1065380 3.3456659 4.2276712 3.2805438 4.1565023 4.1709828 4.9562515 
n274_273   3.8434378 0.0000000 0.0742625 2.1056267 2.5104604 0.4699167 2.7677283 2.9033756 0.4726049 2.1891580 2.2188652 2.8698378 2.5274825 2.2380324 2.9936362 1.6549640 1.7638803 2.5857525 2.3713468 2.2830847 2.2737868 0.0781321 0.0893173 1.9786271 1.9224309 0.0854978 
n299_298   3.5568498 0.0742625 0.0000000 2.0260268 2.1758529 0.4988881 2.7919082 2.9080262 0.5086984 1.9347288 2.0894614 3.1577494 2.5842815 1.9993818 3.1018478 1.8372254 1.9825360 2.5371855 2.2741015 1.8548437 1.8328871 0.0448619 0.0819295 1.9570041 1.9012528 0.0306041 
n293_292   4.5752891 2.1056267 2.0260268 0.0000000 0.3609353 2.4770433 2.0994318 1.0337366 2.0611829 0.4098994 0.1162907 2.0178597 0.7191789 0.3493050 3.8048424 2.2529265 2.1719633 3.6929507 0.0520867 0.3691628 0.3394487 1.9362893 1.9825549 0.1207099 0.1126860 1.9975894 
n289_288   3.4286190 2.5104604 2.1758529 0.3609353 0.0000000 2.3217357 2.3504232 0.9246308 2.0855135 0.0780362 0.3558235 2.6090506 0.7076309 0.0341541 4.7164505 2.4140257 2.1410788 2.6170854 0.3671781 0.1712877 0.1624301 2.4116276 2.5966018 0.3290949 0.3238042 2.2881656 
n277_276   2.7911221 0.4699167 0.4988881 2.4770433 2.3217357 0.0000000 2.2390541 2.8215534 0.0972695 2.3474700 2.3542296 2.3799601 2.0172998 2.4474864 3.5475899 1.6390723 1.7307812 3.2429246 2.3977098 2.3048385 2.4578578 0.4717253 0.4494658 2.2527438 2.2356193 0.4858144 
n265_264   5.0826587 2.7677283 2.7919082 2.0994318 2.3504232 2.2390541 0.0000000 2.0900082 2.3632544 2.4498981 2.0729636 0.1710282 2.5297254 2.2921119 4.3381475 1.1589814 1.1554867 4.3822794 1.9162387 2.3833449 2.7155192 2.7843313 2.8781628 2.0286809 1.8910390 2.6907595 
n200_201   2.8041373 2.9033756 2.9080262 1.0337366 0.9246308 2.8215534 2.0900082 0.0000000 2.2495982 0.8947369 1.0896436 2.1286928 0.9265416 0.8913384 3.5606326 2.7079529 2.7743424 3.9268587 1.0865174 0.9792853 0.9510026 2.7985512 2.5022926 1.0605583 1.0444732 2.6093806 
n278_277   2.8128788 0.4726049 0.5086984 2.0611829 2.0855135 0.0972695 2.3632544 2.2495982 0.0000000 2.1914468 1.9014381 2.5563287 1.9482615 2.1456889 3.4248581 1.6612597 1.7553196 2.6659574 2.0433362 2.1827244 2.3158038 0.4810727 0.4577273 1.8639740 1.8542367 0.4954057 
n287_286   2.9700421 2.1891580 1.9347288 0.4098994 0.0780362 2.3474700 2.4498981 0.8947369 2.1914468 0.0000000 0.3920171 2.6008690 0.7443560 0.0630051 4.3807445 2.0577135 1.9938949 2.8149706 0.4099679 0.1764572 0.1584837 2.0939442 2.2113089 0.4002802 0.3879526 2.0207886 
n275_274   4.0848802 2.2188652 2.0894614 0.1162907 0.3558235 2.3542296 2.0729636 1.0896436 1.9014381 0.3920171 0.0000000 1.9707601 0.7137011 0.3442625 6.7866916 2.1743907 2.1018801 3.6312041 0.1206317 0.3504995 0.3267768 2.0588155 2.1140791 0.1366474 0.1284399 2.0584677 
n266_265   6.2004254 2.8698378 3.1577494 2.0178597 2.6090506 2.3799601 0.1710282 2.1286928 2.5563287 2.6008690 1.9707601 0.0000000 2.0160537 2.3786057 3.3423174 1.0819846 1.1369235 3.7228870 2.0101506 2.3085120 2.6168231 3.0372402 3.1753761 2.0879837 1.8652659 3.1245461 
n236_235   3.1426012 2.5274825 2.5842815 0.7191789 0.7076309 2.0172998 2.5297254 0.9265416 1.9482615 0.7443560 0.7137011 2.0160537 0.0000000 0.7063047 3.0017720 2.2413221 2.0521459 2.7907886 0.7223311 0.7115514 0.6819022 2.3854860 2.4731413 0.7603099 0.7413378 2.4497465 
n290_289   3.1943389 2.2380324 1.9993818 0.3493050 0.0341541 2.4474864 2.2921119 0.8913384 2.1456889 0.0630051 0.3442625 2.3786057 0.7063047 0.0000000 3.9598515 2.1985558 2.0691150 2.7799345 0.3554314 0.1540418 0.1367999 2.1586548 2.3023160 0.3286692 0.3176133 2.0601765 
n251_250   1.8095291 2.9936362 3.1018478 3.8048424 4.7164505 3.5475899 4.3381475 3.5606326 3.4248581 4.3807445 6.7866916 3.3423174 3.0017720 3.9598515 0.0000000 4.6473509 6.7758099 0.3055514 4.1715045 9.0000000 8.9999985 3.2667709 2.8819381 3.8979207 3.8693117 3.2717571 
n285_284   3.2577650 1.6549640 1.8372254 2.2529265 2.4140257 1.6390723 1.1589814 2.7079529 1.6612597 2.0577135 2.1743907 1.0819846 2.2413221 2.1985558 4.6473509 0.0000000 0.0629047 5.0040816 2.2069208 2.1792110 2.3072682 1.8829045 1.7147062 2.4770066 2.2085119 1.6773322 
n286_285   2.9412530 1.7638803 1.9825360 2.1719633 2.1410788 1.7307812 1.1554867 2.7743424 1.7553196 1.9938949 2.1018801 1.1369235 2.0521459 2.0691150 6.7758099 0.0629047 0.0000000 5.2713518 2.1293434 2.0441215 2.2055528 2.0658292 1.8674768 2.2966557 2.0683350 1.8244357 
n255_254   1.6975706 2.5857525 2.5371855 3.6929507 2.6170854 3.2429246 4.3822794 3.9268587 2.6659574 2.8149706 3.6312041 3.7228870 2.7907886 2.7799345 0.3055514 5.0040816 5.2713518 0.0000000 4.0652353 3.2783514 4.3166704 2.7787927 2.6193612 3.3508700 3.3159097 2.7772974 
n294_293   3.9091592 2.3713468 2.2741015 0.0520867 0.3671781 2.3977098 1.9162387 1.0865174 2.0433362 0.4099679 0.1206317 2.0101506 0.7223311 0.3554314 4.1715045 2.2069208 2.1293434 4.0652353 0.0000000 0.3871597 0.3566452 2.1594267 2.1911968 0.1329777 0.1247952 2.2366953 
n295_294   3.1065380 2.2830847 1.8548437 0.3691628 0.1712877 2.3048385 2.3833449 0.9792853 2.1827244 0.1764572 0.3504995 2.3085120 0.7115514 0.1540418 9.0000000 2.1792110 2.0441215 3.2783514 0.3871597 0.0000000 0.0522843 2.0203468 2.1938703 0.3713219 0.3656864 1.9480898 
n296_295   3.3456659 2.2737868 1.8328871 0.3394487 0.1624301 2.4578578 2.7155192 0.9510026 2.3158038 0.1584837 0.3267768 2.6168231 0.6819022 0.1367999 8.9999985 2.3072682 2.2055528 4.3166704 0.3566452 0.0522843 0.0000000 1.8757173 2.1125847 0.3464510 0.3350691 1.8571788 
n292_291   4.2276712 0.0781321 0.0448619 1.9362893 2.4116276 0.4717253 2.7843313 2.7985512 0.4810727 2.0939442 2.0588155 3.0372402 2.3854860 2.1586548 3.2667709 1.8829045 2.0658292 2.7787927 2.1594267 2.0203468 1.8757173 0.0000000 0.0819264 1.8806478 1.8301649 0.0519944 
n280_279   3.2805438 0.0893173 0.0819295 1.9825549 2.5966018 0.4494658 2.8781628 2.5022926 0.4577273 2.2113089 2.1140791 3.1753761 2.4731413 2.3023160 2.8819381 1.7147062 1.8674768 2.6193612 2.1911968 2.1938703 2.1125847 0.0819264 0.0000000 1.9355176 1.8816898 0.0933056 
n298_297   4.1565023 1.9786271 1.9570041 0.1207099 0.3290949 2.2527438 2.0286809 1.0605583 1.8639740 0.4002802 0.1366474 2.0879837 0.7603099 0.3286692 3.8979207 2.4770066 2.2966557 3.3508700 0.1329777 0.3713219 0.3464510 1.8806478 1.9355176 0.0000000 0.0203125 1.9303710 
n297_296   4.1709828 1.9224309 1.9012528 0.1126860 0.3238042 2.2356193 1.8910390 1.0444732 1.8542367 0.3879526 0.1284399 1.8652659 0.7413378 0.3176133 3.8693117 2.2085119 2.0683350 3.3159097 0.1247952 0.3656864 0.3350691 1.8301649 1.8816898 0.0203125 0.0000000 1.8765235 
n300_299   4.9562515 0.0854978 0.0306041 1.9975894 2.2881656 0.4858144 2.6907595 2.6093806 0.4954057 2.0207886 2.0584677 3.1245461 2.4497465 2.0601765 3.2717571 1.6773322 1.8244357 2.7772974 2.2366953 1.9480898 1.8571788 0.0519944 0.0933056 1.9303710 1.8765235 0.0000000 
