22
n287_288   0.0000000 0.0067055 0.1164122 0.3028538 0.3185819 0.3030881 0.3300497 0.3191671 0.0629397 0.3140459 0.0237611 0.0629300 0.0702790 0.0100822 0.3079319 0.3455262 0.3137013 0.4342291 0.0702848 0.2055182 0.3030440 0.3673456 
n290_291   0.0067055 0.0000000 0.1124436 0.2976196 0.3187578 0.3032560 0.3245968 0.3138014 0.0556098 0.3087173 0.0168744 0.0556013 0.0628675 0.0033408 0.3081022 0.3399607 0.3084638 0.4412613 0.0628726 0.2009849 0.2978054 0.3616081 
n236_237   0.1164122 0.1124436 0.0000000 0.3019710 0.3015854 0.2808024 0.3290674 0.3182249 0.1007102 0.3131218 0.1084775 0.0967661 0.1044856 0.1163830 0.3017110 0.3329106 0.2813824 0.4329501 0.1044947 0.1700564 0.3021601 0.3492422 
n278_279   0.3028538 0.2976196 0.3019710 0.0000000 0.2978653 0.2827137 0.0739567 0.0592354 0.3231680 0.0556310 0.3079710 0.3231127 0.3337851 0.3027479 0.2823617 0.3489652 0.2829140 0.4448205 0.3338247 0.3275337 0.0168942 0.3767812 
n285_286   0.3185819 0.3187578 0.3015854 0.2978653 0.0000000 0.1534051 0.3288335 0.3078024 0.2974488 0.3080253 0.3133289 0.2973982 0.3028264 0.3240407 0.0100725 0.3548818 0.1535294 0.4320861 0.3077383 0.3173525 0.2980514 0.3719307 
n265_266   0.3030881 0.3032560 0.2808024 0.2827137 0.1534051 0.0000000 0.3184700 0.2975435 0.3133588 0.2925761 0.3085824 0.3133052 0.3188720 0.3084304 0.1450236 0.3330063 0.0341727 0.4023407 0.3238888 0.2963275 0.2880054 0.3487831 
n280_281   0.3300497 0.3245968 0.3290674 0.0739567 0.3288335 0.3184700 0.0000000 0.0202978 0.3564363 0.0237452 0.3353652 0.3563746 0.3675667 0.3299286 0.3126592 0.3714250 0.3081084 0.4514324 0.3676125 0.3552237 0.0702711 0.4001314 
n299_300   0.3191671 0.3138014 0.3182249 0.0592354 0.3078024 0.2975435 0.0202978 0.0000000 0.3451679 0.0100746 0.3244038 0.3451083 0.3561213 0.3190523 0.2920968 0.3489944 0.2977553 0.4327430 0.3561650 0.3387581 0.0556234 0.3768097 
n293_294   0.0629397 0.0556098 0.1007102 0.3231680 0.2974488 0.3133588 0.3564363 0.3451679 0.0000000 0.3398841 0.0556296 0.0100857 0.0168899 0.0592341 0.2975726 0.3396385 0.3082221 0.4460502 0.0168912 0.1831129 0.3233751 0.3612525 
n274_275   0.3140459 0.3087173 0.3131218 0.0556310 0.3080253 0.2925761 0.0237452 0.0100746 0.3398841 0.0000000 0.3192493 0.3398255 0.3507627 0.3139338 0.2923063 0.3546178 0.2927841 0.4390991 0.3508054 0.3443227 0.0520351 0.3826592 
n296_297   0.0237611 0.0168744 0.1084775 0.3079710 0.3133289 0.3085824 0.3353652 0.3244038 0.0556296 0.3192493 0.0000000 0.0519747 0.0592008 0.0202981 0.3134610 0.3565709 0.3138299 0.4605954 0.0592057 0.1877148 0.3081655 0.3787154 
n275_276   0.0629300 0.0556013 0.0967661 0.3231127 0.2973982 0.3133052 0.3563746 0.3451083 0.0100857 0.3398255 0.0519747 0.0000000 0.0134676 0.0592250 0.2975220 0.3452252 0.3081695 0.4400248 0.0134687 0.1875989 0.3233197 0.3670119 
n297_298   0.0702790 0.0628675 0.1044856 0.3337851 0.3028264 0.3188720 0.3675667 0.3561213 0.0168899 0.3507627 0.0592008 0.0134676 0.0000000 0.0665285 0.3029530 0.3615725 0.3136940 0.4527744 0.0067036 0.1964083 0.3340015 0.3838376 
n289_290   0.0100822 0.0033408 0.1163830 0.3027479 0.3240407 0.3084304 0.3299286 0.3190523 0.0592341 0.3139338 0.0202981 0.0592250 0.0665285 0.0000000 0.3133067 0.3453963 0.3136753 0.4475213 0.0665340 0.2054577 0.3029380 0.3672024 
n286_287   0.3079319 0.3081022 0.3017110 0.2823617 0.0100725 0.1450236 0.3126592 0.2920968 0.2975726 0.2923063 0.3134610 0.2975220 0.3029530 0.3133067 0.0000000 0.3437185 0.1451409 0.4196366 0.3078674 0.3174862 0.2825352 0.3604946 
n255_256   0.3455262 0.3399607 0.3329106 0.3489652 0.3548818 0.3330063 0.3714250 0.3489944 0.3396385 0.3546178 0.3565709 0.3452252 0.3615725 0.3453963 0.3437185 0.0000000 0.3333325 0.2808261 0.3616171 0.3498676 0.3491947 0.0412098 
n266_267   0.3137013 0.3084638 0.2813824 0.2829140 0.1535294 0.0341727 0.3081084 0.2977553 0.3082221 0.2927841 0.3138299 0.3081695 0.3136940 0.3136753 0.1451409 0.3333325 0.0000000 0.4083571 0.3186791 0.3124948 0.2882100 0.3491276 
n244_245   0.4342291 0.4412613 0.4329501 0.4448205 0.4320861 0.4023407 0.4514324 0.4327430 0.4460502 0.4390991 0.4605954 0.4400248 0.4527744 0.4475213 0.4196366 0.2808261 0.4083571 0.0000000 0.4587205 0.4268106 0.4512965 0.3010795 
n298_299   0.0702848 0.0628726 0.1044947 0.3338247 0.3077383 0.3238888 0.3676125 0.3561650 0.0168912 0.3508054 0.0592057 0.0134687 0.0067036 0.0665340 0.3078674 0.3616171 0.3186791 0.4587205 0.0000000 0.1964275 0.3340412 0.3838865 
n200_201   0.2055182 0.2009849 0.1700564 0.3275337 0.3173525 0.2963275 0.3552237 0.3387581 0.1831129 0.3443227 0.1877148 0.1875989 0.1964083 0.2054577 0.3174862 0.3498676 0.3124948 0.4268106 0.1964275 0.0000000 0.3170078 0.3723399 
n277_278   0.3030440 0.2978054 0.3021601 0.0168942 0.2980514 0.2880054 0.0702711 0.0556234 0.3233751 0.0520351 0.3081655 0.3233197 0.3340015 0.3029380 0.2825352 0.3491947 0.2882100 0.4512965 0.3340412 0.3170078 0.0000000 0.3770368 
n251_252   0.3673456 0.3616081 0.3492422 0.3767812 0.3719307 0.3487831 0.4001314 0.3768097 0.3612525 0.3826592 0.3787154 0.3670119 0.3838376 0.3672024 0.3604946 0.0412098 0.3491276 0.3010795 0.3838865 0.3723399 0.3770368 0.0000000 
