26
n299_300   0.0000000 0.0306984 2.0202620 2.4972115 3.8174901 0.6315010 1.9824520 1.9051957 0.1588413 2.2483781 2.2400213 3.3984971 0.0412584 0.5928578 2.6013686 3.1406490 1.8425986 1.7659564 1.9945786 3.5183630 2.9995686 2.0490034 1.9662789 1.9235170 0.1009957 2.7400396 
n300_301   0.0306984 0.0000000 2.1870477 2.6249298 3.7487416 0.6382482 1.9167641 1.9851420 0.1459262 2.4582443 2.4496754 3.6219661 0.0376662 0.6002713 2.7908871 3.4467927 1.7331985 1.6643872 2.1565332 3.1756844 3.1232169 2.2211822 1.8891567 1.9616619 0.0969695 2.8411100 
n290_291   2.0202620 2.1870477 0.0000000 2.5824844 4.0559653 2.1390659 0.9149004 0.7867829 2.1114924 0.0485004 0.1496245 0.3628910 2.0280993 2.7151703 0.3933909 0.3690494 2.3321611 2.6009039 0.0667208 3.7295979 0.3577958 0.1370322 1.6747322 1.4816857 1.8896974 0.3700043 
n244_245   2.4972115 2.6249298 2.5824844 0.0000000 2.9984872 3.2388364 2.5959893 3.0216905 2.9160786 2.9626008 2.8114314 3.3267820 2.7319523 2.8595020 3.6921283 3.1045788 3.7519349 4.1677742 2.9395283 2.2815067 3.2244865 2.6749349 2.5897551 2.7886268 3.0502726 3.0809168 
n255_256   3.8174901 3.7487416 4.0559653 2.9984872 0.0000000 4.1381440 4.5694185 6.4542623 3.3976673 4.5111173 3.9914580 3.4765322 3.7437800 5.5692120 5.7874380 6.4086231 2.4121835 2.1805916 5.4442414 0.3075537 4.0836366 4.0623910 2.8663794 3.7724869 3.4178607 4.0016110 
n277_278   0.6315010 0.6382482 2.1390659 3.2388364 4.1381440 0.0000000 2.0404002 1.9848749 0.5703562 2.2790005 1.7863726 2.9033164 0.5865977 0.1446328 2.7305142 2.7665822 2.1713474 1.9792507 2.4231206 2.3258563 2.6128102 1.9413839 2.0495434 2.0974352 0.5921233 2.3578974 
n200_201   1.9824520 1.9167641 0.9149004 2.5959893 4.5694185 2.0404002 0.0000000 0.9654674 1.7173061 0.8577423 0.8982253 0.9044295 2.1010631 2.5597821 0.9062323 0.8691167 1.8818012 2.1400974 0.9018342 6.6203490 0.8688776 0.8389601 1.4653782 1.3128968 2.0331878 0.8485377 
n236_237   1.9051957 1.9851420 0.7867829 3.0216905 6.4542623 1.9848749 0.9654674 0.0000000 2.0863974 0.7641158 0.6881912 0.7665789 2.0284234 1.9693544 0.8203450 0.7982038 1.9942679 2.1711508 0.7178243 3.9711422 0.7077536 0.6712862 1.8024682 1.5098025 2.2220531 0.7097025 
n274_275   0.1588413 0.1459262 2.1114924 2.9160786 3.3976673 0.5703562 1.7173061 2.0863974 0.0000000 2.3575800 1.9059673 2.5633449 0.1415235 0.5691991 2.2013758 2.4791465 1.6425513 1.7015763 2.0750925 3.2273556 2.3532078 1.8450358 2.0394635 2.1353302 0.1370017 2.2399624 
n289_290   2.2483781 2.4582443 0.0485004 2.9626008 4.5111173 2.2790005 0.8577423 0.7641158 2.3575800 0.0000000 0.1411903 0.3392891 2.2593933 3.0439922 0.3748277 0.3511692 2.4037161 2.6929204 0.0449162 4.7448156 0.3402006 0.1287688 1.7983013 1.4972451 2.1234345 0.3628138 
n296_297   2.2400213 2.4496754 0.1496245 2.8114314 3.9914580 1.7863726 0.8982253 0.6881912 1.9059673 0.1411903 0.0000000 0.3301078 2.2509693 2.1347932 0.3594938 0.3248710 1.9413880 2.2071698 0.1414083 4.0613636 0.3307788 0.0412968 1.7626099 1.4467304 1.9343347 0.3533871 
n275_276   3.3984971 3.6219661 0.3628910 3.3267820 3.4765322 2.9033164 0.9044295 0.7665789 2.5633449 0.3392891 0.3301078 0.0000000 3.3210405 4.0700159 0.1586887 0.1460688 1.9724621 2.1471592 0.3450757 3.7254602 0.1015031 0.3293531 1.6611308 1.5574602 2.5249823 0.1253345 
n292_293   0.0412584 0.0376662 2.0280993 2.7319523 3.7437800 0.5865977 2.1010631 2.0284234 0.1415235 2.2593933 2.2509693 3.3210405 0.0000000 0.5771368 2.8270538 3.3938989 1.7160512 1.6494908 2.0481562 3.2399833 3.2381409 2.0572054 1.9387607 1.9032117 0.0853226 2.9969411 
n278_279   0.5928578 0.6002713 2.7151703 2.8595020 5.5692120 0.1446328 2.5597821 1.9693544 0.5691991 3.0439922 2.1347932 4.0700159 0.5771368 0.0000000 3.8975937 3.9859245 2.0951692 1.8078236 3.1225627 2.9007273 3.3152478 2.2490789 2.0657752 1.9690181 0.5596418 2.9120340 
n298_299   2.6013686 2.7908871 0.3933909 3.6921283 5.7874380 2.7305142 0.9062323 0.8203450 2.2013758 0.3748277 0.3594938 0.1586887 2.8270538 3.8975937 0.0000000 0.0594882 2.1283985 2.4066381 0.3685958 3.6417313 0.1300313 0.3575822 1.9411519 1.8197497 2.2170113 0.1549912 
n297_298   3.1406490 3.4467927 0.3690494 3.1045788 6.4086231 2.7665822 0.8691167 0.7982038 2.4791465 0.3511692 0.3248710 0.1460688 3.3938989 3.9859245 0.0594882 0.0000000 2.2166763 2.2809164 0.3626075 4.1916657 0.1019813 0.3291412 1.7250871 1.6560077 2.3757475 0.1259339 
n286_287   1.8425986 1.7331985 2.3321611 3.7519349 2.4121835 2.1713474 1.8818012 1.9942679 1.6425513 2.4037161 1.9413880 1.9724621 1.7160512 2.0951692 2.1283985 2.2166763 0.0000000 0.0594778 2.2960985 2.8124248 2.0232939 2.0212163 0.9844337 0.9807205 1.6013485 2.0229206 
n285_286   1.7659564 1.6643872 2.6009039 4.1677742 2.1805916 1.9792507 2.1400974 2.1711508 1.7015763 2.6929204 2.2071698 2.1471592 1.6494908 1.8078236 2.4066381 2.2809164 0.0594778 0.0000000 2.5566707 2.3953443 2.1272658 2.3118019 1.0071775 0.9804885 1.5410114 2.1267806 
n287_288   1.9945786 2.1565332 0.0667208 2.9395283 5.4442414 2.4231206 0.9018342 0.7178243 2.0750925 0.0449162 0.1414083 0.3450757 2.0481562 3.1225627 0.3685958 0.3626075 2.2960985 2.5566707 0.0000000 4.9596886 0.3526120 0.1289665 1.7623534 1.4520989 1.8963221 0.3756827 
n251_252   3.5183630 3.1756844 3.7295979 2.2815067 0.3075537 2.3258563 6.6203490 3.9711422 3.2273556 4.7448156 4.0613636 3.7254602 3.2399833 2.9007273 3.6417313 4.1916657 2.8124248 2.3953443 4.9596886 0.0000000 3.5129292 4.3739403 2.8990331 3.7864264 3.5780416 3.4506164 
n294_295   2.9995686 3.1232169 0.3577958 3.2244865 4.0836366 2.6128102 0.8688776 0.7077536 2.3532078 0.3402006 0.3307788 0.1015031 3.2381409 3.3152478 0.1300313 0.1019813 2.0232939 2.1272658 0.3526120 3.5129292 0.0000000 0.3300208 1.6757630 1.4701100 2.3777216 0.0273469 
n295_296   2.0490034 2.2211822 0.1370322 2.6749349 4.0623910 1.9413839 0.8389601 0.6712862 1.8450358 0.1287688 0.0412968 0.3293531 2.0572054 2.2490789 0.3575822 0.3291412 2.0212163 2.3118019 0.1289665 4.3739403 0.3300208 0.0000000 1.7103027 1.4830438 1.8726008 0.3525661 
n266_267   1.9662789 1.8891567 1.6747322 2.5897551 2.8663794 2.0495434 1.4653782 1.8024682 2.0394635 1.7983013 1.7626099 1.6611308 1.9387607 2.0657752 1.9411519 1.7250871 0.9844337 1.0071775 1.7623534 2.8990331 1.6757630 1.7103027 0.0000000 0.2308549 1.8691359 1.6819081 
n265_266   1.9235170 1.9616619 1.4816857 2.7886268 3.7724869 2.0974352 1.3128968 1.5098025 2.1353302 1.4972451 1.4467304 1.5574602 1.9032117 1.9690181 1.8197497 1.6560077 0.9807205 0.9804885 1.4520989 3.7864264 1.4701100 1.4830438 0.2308549 0.0000000 1.9416051 1.4750947 
n280_281   0.1009957 0.0969695 1.8896974 3.0502726 3.4178607 0.5921233 2.0331878 2.2220531 0.1370017 2.1234345 1.9343347 2.5249823 0.0853226 0.5596418 2.2170113 2.3757475 1.6013485 1.5410114 1.8963221 3.5780416 2.3777216 1.8726008 1.8691359 1.9416051 0.0000000 2.2630552 
n293_294   2.7400396 2.8411100 0.3700043 3.0809168 4.0016110 2.3578974 0.8485377 0.7097025 2.2399624 0.3628138 0.3533871 0.1253345 2.9969411 2.9120340 0.1549912 0.1259339 2.0229206 2.1267806 0.3756827 3.4506164 0.0273469 0.3525661 1.6819081 1.4750947 2.2630552 0.0000000 
