24
n287_288   0.0000000 0.0033502 0.0850600 0.2681411 0.2495586 0.2406104 0.2873771 0.2874262 0.0203575 0.2828317 0.2876010 0.0134914 0.0238152 0.0307695 0.0272757 0.2589662 0.3617862 0.0100980 0.2401529 0.3384047 0.0272734 0.1440130 0.2537772 0.3727547 
n290_291   0.0033502 0.0000000 0.0813177 0.2633560 0.2542331 0.2452376 0.2873277 0.2873767 0.0169262 0.2827831 0.2875515 0.0100959 0.0203667 0.0272880 0.0238118 0.2636971 0.3563563 0.0067169 0.2447693 0.3331640 0.0238098 0.1399559 0.2490827 0.3672466 
n236_237   0.0850600 0.0813177 0.0000000 0.3131823 0.2980893 0.2688064 0.3332042 0.3388632 0.0850710 0.3339901 0.3390742 0.0926027 0.0888756 0.0964914 0.0851072 0.3081159 0.4132867 0.0888426 0.2682819 0.3820567 0.0926349 0.1817811 0.3028732 0.4250495 
n278_279   0.2681411 0.2633560 0.3131823 0.0000000 0.2775135 0.2922930 0.0623928 0.0624043 0.2680311 0.0660969 0.0624387 0.2778007 0.2730022 0.2731474 0.2778013 0.2872528 0.4172671 0.2730217 0.2921883 0.4338033 0.2777672 0.2873520 0.0100279 0.4351737 
n285_286   0.2495586 0.2542331 0.2980893 0.2775135 0.0000000 0.1276249 0.2771682 0.2772159 0.2589374 0.2677274 0.2773836 0.2635898 0.2638513 0.2639904 0.2686005 0.0066939 0.3825724 0.2637921 0.1274070 0.4045315 0.2685680 0.2979050 0.2725326 0.4055462 
n265_266   0.2406104 0.2452376 0.2688064 0.2922930 0.1276249 0.0000000 0.2971886 0.3025485 0.2546639 0.2927359 0.3027339 0.2545007 0.2595555 0.2548586 0.2642858 0.1355977 0.3782647 0.2546954 0.0202828 0.3762194 0.2642539 0.2784163 0.2872070 0.4011619 
n280_281   0.2873771 0.2873277 0.3332042 0.0623928 0.2771682 0.2971886 0.0000000 0.0201931 0.2921397 0.0236359 0.0202040 0.3022260 0.2972800 0.2974424 0.3022277 0.2868931 0.4106976 0.2973002 0.2866062 0.4445117 0.3021894 0.2969326 0.0587640 0.4406536 
n299_300   0.2874262 0.2873767 0.3388632 0.0624043 0.2772159 0.3025485 0.0201931 0.0000000 0.2921893 0.0236403 0.0066746 0.3022768 0.2973302 0.2974927 0.3022786 0.2869421 0.4285229 0.2973504 0.2918708 0.4511560 0.3022402 0.3019242 0.0587748 0.4407126 
n293_294   0.0203575 0.0169262 0.0850710 0.2680311 0.2589374 0.2546639 0.2921397 0.2921893 0.0000000 0.2875729 0.2923673 0.0272680 0.0033529 0.0101068 0.0067198 0.2684583 0.3732011 0.0238102 0.2541733 0.3330610 0.0067193 0.1399324 0.2536746 0.3843447 
n274_275   0.2828317 0.2827831 0.3339901 0.0660969 0.2677274 0.2927359 0.0236359 0.0236403 0.2875729 0.0000000 0.0236531 0.2976070 0.2926851 0.2928443 0.2976085 0.2773387 0.4170225 0.2927052 0.2822087 0.4393589 0.2975709 0.2972604 0.0624446 0.4290301 
n292_293   0.2876010 0.2875515 0.3390742 0.0624387 0.2773836 0.3027339 0.0202040 0.0066746 0.2923673 0.0236531 0.0000000 0.3024618 0.2975118 0.2976745 0.3024636 0.2871163 0.4288007 0.2975321 0.2920484 0.4390243 0.3024251 0.3021087 0.0588072 0.4410001 
n296_297   0.0134914 0.0100959 0.0926027 0.2778007 0.2635898 0.2545007 0.3022260 0.3022768 0.0272680 0.2976070 0.3024618 0.0000000 0.0307609 0.0377820 0.0342524 0.2731654 0.3618293 0.0033497 0.2540107 0.3436606 0.0342495 0.1521949 0.2632531 0.3727991 
n294_295   0.0238152 0.0203667 0.0888756 0.2730022 0.2638513 0.2595555 0.2972800 0.2973302 0.0033529 0.2926851 0.2975118 0.0307609 0.0000000 0.0135122 0.0101068 0.2734382 0.3789989 0.0272862 0.2590529 0.3385066 0.0101060 0.1440624 0.2585438 0.3902339 
n275_276   0.0307695 0.0272880 0.0964914 0.2731474 0.2639904 0.2548586 0.2974424 0.2974927 0.0101068 0.2928443 0.2976745 0.0377820 0.0135122 0.0000000 0.0169259 0.2735839 0.3679832 0.0342754 0.2543672 0.3387001 0.0169245 0.1482497 0.2586791 0.3790587 
n297_298   0.0272757 0.0238118 0.0851072 0.2778013 0.2686005 0.2642858 0.3022277 0.3022786 0.0067198 0.2976085 0.3024636 0.0342524 0.0101068 0.0169259 0.0000000 0.2782455 0.3845282 0.0307630 0.2637719 0.3332501 0.0067207 0.1481192 0.2632530 0.3958437 
n286_287   0.2589662 0.2636971 0.3081159 0.2872528 0.0066939 0.1355977 0.2868931 0.2869421 0.2684583 0.2773387 0.2871163 0.2731654 0.2734382 0.2735839 0.2782455 0.0000000 0.3937706 0.2733760 0.1353646 0.4160288 0.2782113 0.3079232 0.2822039 0.4170917 
n255_256   0.3617862 0.3563563 0.4132867 0.4172671 0.3825724 0.3782647 0.4106976 0.4285229 0.3732011 0.4170225 0.4288007 0.3618293 0.3789989 0.3679832 0.3845282 0.3937706 0.0000000 0.3618563 0.3717745 0.3330464 0.3844729 0.3900065 0.3997345 0.0341168 
n295_296   0.0100980 0.0067169 0.0888426 0.2730217 0.2637921 0.2546954 0.2973002 0.2973504 0.0238102 0.2927052 0.2975321 0.0033497 0.0272862 0.0342754 0.0307630 0.2733760 0.3618563 0.0000000 0.2542047 0.3384697 0.0307604 0.1481278 0.2585628 0.3728270 
n266_267   0.2401529 0.2447693 0.2682819 0.2921883 0.1274070 0.0202828 0.2866062 0.2918708 0.2541733 0.2822087 0.2920484 0.2540107 0.2590529 0.2543672 0.2637719 0.1353646 0.3717745 0.2542047 0.0000000 0.3756823 0.2637401 0.2729404 0.2871047 0.3944208 
n244_245   0.3384047 0.3331640 0.3820567 0.4338033 0.4045315 0.3762194 0.4445117 0.4511560 0.3330610 0.4393589 0.4390243 0.3436606 0.3385066 0.3387001 0.3332501 0.4160288 0.3330464 0.3384697 0.3756823 0.0000000 0.3436767 0.3491168 0.4159302 0.3382526 
n298_299   0.0272734 0.0238098 0.0926349 0.2777672 0.2685680 0.2642539 0.3021894 0.3022402 0.0067193 0.2975709 0.3024251 0.0342495 0.0101060 0.0169245 0.0067207 0.2782113 0.3844729 0.0307604 0.2637401 0.3436767 0.0000000 0.1481042 0.2632214 0.3957859 
n200_201   0.1440130 0.1399559 0.1817811 0.2873520 0.2979050 0.2784163 0.2969326 0.3019242 0.1399324 0.2972604 0.3021087 0.1521949 0.1440624 0.1482497 0.1481192 0.3079232 0.3900065 0.1481278 0.2729404 0.3491168 0.1481042 0.0000000 0.2726269 0.3899032 
n277_278   0.2537772 0.2490827 0.3028732 0.0100279 0.2725326 0.2872070 0.0587640 0.0587748 0.2536746 0.0624446 0.0588072 0.2632531 0.2585438 0.2586791 0.2632530 0.2822039 0.3997345 0.2585628 0.2871047 0.4159302 0.2632214 0.2726269 0.0000000 0.4172177 
n251_252   0.3727547 0.3672466 0.4250495 0.4351737 0.4055462 0.4011619 0.4406536 0.4407126 0.3843447 0.4290301 0.4410001 0.3727991 0.3902339 0.3790587 0.3958437 0.4170917 0.0341168 0.3728270 0.3944208 0.3382526 0.3957859 0.3899032 0.4172177 0.0000000 
