19
n293_264   0.0000000 2.5356175 0.0448409 0.6066889 3.1009721 0.3153142 0.2955374 0.1166047 0.1127182 0.2697301 0.2493063 2.3979626 2.1194167 2.3459527 3.5617985 0.1331285 0.9059348 0.2749740 2.4132856 
n265_248   2.5356175 0.0000000 2.5365446 2.0061167 2.5114194 2.5076109 2.6127173 2.6548003 2.2735009 2.2840625 2.5872296 0.9228697 0.1415660 0.8896380 2.3752078 2.2160909 1.6911702 2.2535791 2.3715467 
n294_265   0.0448409 2.5365446 0.0000000 0.5900763 3.5126157 0.3374558 0.3001741 0.1164823 0.1205645 0.2846813 0.2688154 2.1859011 2.1678734 2.2550335 4.0785701 0.1246002 0.9431967 0.2954947 2.7913636 
n236_225   0.6066889 2.0061167 0.5900763 0.0000000 2.7515286 0.6852353 0.6595829 0.5626304 0.6103693 0.6429220 0.6252542 2.2177330 1.8727634 2.3273560 2.5847856 0.6264099 0.8702801 0.6522397 2.1529899 
n255_242   3.1009721 2.5114194 3.5126157 2.7515286 0.0000000 2.7384353 2.8334259 3.0012392 2.7842923 3.8084346 2.8283239 3.0685783 2.8740648 2.7026938 0.3491433 3.0162197 2.5274178 2.6497959 2.9278703 
n295_266   0.3153142 2.5076109 0.3374558 0.6852353 2.7384353 0.0000000 0.0413433 0.2841813 0.2686781 0.1619720 0.1533752 2.0409593 2.1422638 2.0886533 2.7690050 0.2944489 1.0518502 0.1667829 2.7344824 
n296_267   0.2955374 2.6127173 0.3001741 0.6595829 2.8334259 0.0413433 0.0000000 0.2497441 0.2500374 0.1371904 0.1247801 1.9618218 2.2133723 2.1070128 2.8845349 0.2697586 0.9835183 0.1457693 2.7652289 
n275_254   0.1166047 2.6548003 0.1164823 0.5626304 3.0012392 0.2841813 0.2497441 0.0000000 0.1049119 0.2451746 0.2253810 2.1438366 2.1276236 2.2032633 3.2745707 0.1250804 0.8802031 0.2505738 2.7831896 
n298_269   0.1127182 2.2735009 0.1205645 0.6103693 2.7842923 0.2686781 0.2500374 0.1049119 0.0000000 0.2213606 0.2022935 2.0610098 1.9665869 2.0649184 3.4230656 0.0343365 0.8675152 0.2215377 2.8611117 
n287_260   0.2697301 2.2840625 0.2846813 0.6429220 3.8084346 0.1619720 0.1371904 0.2451746 0.2213606 0.0000000 0.0629316 1.9733816 1.9828676 1.9996297 3.4003783 0.2402689 0.9902513 0.0894258 2.9570026 
n289_262   0.2493063 2.5872296 0.2688154 0.6252542 2.8283239 0.1533752 0.1247801 0.2253810 0.2022935 0.0629316 0.0000000 2.0875446 2.1348066 2.1641871 3.0353482 0.2161072 0.9727724 0.0703732 2.9790136 
n286_259   2.3979626 0.9228697 2.1859011 2.2177330 3.0685783 2.0409593 1.9618218 2.1438366 2.0610098 1.9733816 2.0875446 0.0000000 0.9426722 0.0520624 3.0122030 1.8593734 2.1306359 1.8923130 2.4153304 
n266_249   2.1194167 0.1415660 2.1678734 1.8727634 2.8740648 2.1422638 2.2133723 2.1276236 1.9665869 1.9828676 2.1348066 0.9426722 0.0000000 0.9436105 2.6855819 1.9608614 1.6648031 2.0134384 2.8645793 
n285_258   2.3459527 0.8896380 2.2550335 2.3273560 2.7026938 2.0886533 2.1070128 2.2032633 2.0649184 1.9996297 2.1641871 0.0520624 0.9436105 0.0000000 2.8977643 1.9376192 2.4454460 1.9455375 2.4887429 
n251_240   3.5617985 2.3752078 4.0785701 2.5847856 0.3491433 2.7690050 2.8845349 3.2745707 3.4230656 3.4003783 3.0353482 3.0122030 2.6855819 2.8977643 0.0000000 3.7617912 2.8101775 2.9081415 3.5198001 
n297_268   0.1331285 2.2160909 0.1246002 0.6264099 3.0162197 0.2944489 0.2697586 0.1250804 0.0343365 0.2402689 0.2161072 1.8593734 1.9608614 1.9376192 3.7617912 0.0000000 0.8898025 0.2404608 2.9517788 
n200_197   0.9059348 1.6911702 0.9431967 0.8702801 2.5274178 1.0518502 0.9835183 0.8802031 0.8675152 0.9902513 0.9727724 2.1306359 1.6648031 2.4454460 2.8101775 0.8898025 0.0000000 0.9581871 1.9629179 
n290_263   0.2749740 2.2535791 0.2954947 0.6522397 2.6497959 0.1667829 0.1457693 0.2505738 0.2215377 0.0894258 0.0703732 1.8923130 2.0134384 1.9455375 2.9081415 0.2404608 0.9581871 0.0000000 3.3414907 
n244_233   2.4132856 2.3715467 2.7913636 2.1529899 2.9278703 2.7344824 2.7652289 2.7831896 2.8611117 2.9570026 2.9790136 2.4153304 2.8645793 2.4887429 3.5198001 2.9517788 1.9629179 3.3414907 0.0000000 
