24
n292_293   0.0000000 0.3116108 0.3063630 0.2956029 0.4070740 0.2860674 0.0066930 0.3060672 0.0100636 0.3116987 0.4007846 0.3221667 0.0517670 0.3059611 0.4369704 0.3064220 0.3012536 0.3008921 0.2901352 0.3008753 0.2965677 0.0517580 0.0100618 0.2801705 
n287_288   0.3116108 0.0000000 0.0033427 0.0306653 0.3829522 0.3057846 0.3116221 0.0306978 0.3113728 0.0067049 0.3714330 0.0966746 0.3202163 0.0341966 0.4040885 0.0376721 0.0168763 0.0134730 0.3258859 0.1732832 0.3109590 0.3151460 0.3065240 0.3154382 
n290_291   0.3063630 0.0033427 0.0000000 0.0271872 0.3771502 0.3005922 0.3063740 0.0272160 0.3061293 0.0033440 0.3657242 0.0928331 0.3149311 0.0306965 0.3981337 0.0341577 0.0134665 0.0100789 0.3205485 0.1689998 0.3057284 0.3098948 0.3013118 0.3101790 
n294_295   0.2956029 0.0306653 0.0271872 0.0000000 0.3544386 0.3049450 0.2956133 0.0134720 0.2953782 0.0306766 0.3539883 0.0964823 0.3040885 0.0168825 0.3806590 0.0100915 0.0271494 0.0237059 0.3146601 0.1688850 0.3101032 0.2991251 0.2906276 0.3043877 
n251_252   0.4070740 0.3829522 0.3771502 0.3544386 0.0000000 0.3959838 0.4014052 0.3599206 0.4015995 0.3830461 0.0449939 0.3704830 0.3938920 0.3603711 0.3434318 0.3717178 0.3651129 0.3651296 0.3942803 0.4136921 0.4018726 0.3992461 0.3893334 0.3890260 
n286_287   0.2860674 0.3057846 0.3005922 0.3049450 0.3959838 0.0000000 0.2860773 0.3007085 0.2807910 0.3058715 0.3957217 0.3435569 0.2854041 0.3002813 0.4354304 0.3103171 0.2951672 0.2951810 0.1608544 0.3099587 0.0067129 0.2801898 0.2811467 0.1525380 
n300_301   0.0066930 0.3116221 0.3063740 0.2956133 0.4014052 0.2860773 0.0000000 0.3060781 0.0100638 0.3117100 0.3951659 0.3221785 0.0517679 0.3059720 0.4246824 0.3064330 0.3012642 0.3009028 0.2901453 0.3008860 0.2965782 0.0517589 0.0100620 0.2801801 
n275_276   0.3060672 0.0306978 0.0272160 0.0134720 0.3599206 0.3007085 0.3060781 0.0000000 0.3058339 0.0307091 0.3594621 0.0965879 0.3146271 0.0169003 0.3863135 0.0237780 0.0271782 0.0237310 0.3253764 0.1775421 0.3058482 0.3095963 0.3010214 0.3149475 
n274_275   0.0100636 0.3113728 0.3061293 0.2953782 0.4015995 0.2807910 0.0100638 0.3058339 0.0000000 0.3114606 0.3953541 0.3172181 0.0482288 0.3057278 0.4313026 0.3061882 0.3010240 0.3006630 0.2853814 0.2910856 0.2912009 0.0482203 0.0134483 0.2754727 
n289_290   0.3116987 0.0067049 0.0033440 0.0306766 0.3830461 0.3058715 0.3117100 0.0307091 0.3114606 0.0000000 0.3715264 0.0967092 0.3203048 0.0342092 0.4041823 0.0376859 0.0168826 0.0134780 0.3259753 0.1733412 0.3110466 0.3152340 0.3066112 0.3155263 
n255_256   0.4007846 0.3714330 0.3657242 0.3539883 0.0449939 0.3957217 0.3951659 0.3594621 0.3953541 0.3715264 0.0000000 0.3700089 0.3877434 0.3599114 0.3669927 0.3712406 0.3538869 0.3539032 0.3992338 0.4131468 0.4016061 0.3930515 0.3832057 0.3939558 
n236_237   0.3221667 0.0966746 0.0928331 0.0964823 0.3704830 0.3435569 0.3221785 0.0965879 0.3172181 0.0967092 0.3700089 0.0000000 0.3158947 0.1004474 0.4361412 0.1082041 0.0851801 0.0850874 0.3484653 0.1868008 0.3490206 0.3108373 0.3170065 0.3376591 
n278_279   0.0517670 0.3202163 0.3149311 0.3040885 0.3938920 0.2854041 0.0517679 0.3146271 0.0482288 0.3203048 0.3877434 0.3158947 0.0000000 0.3044720 0.4484917 0.3149940 0.3097890 0.3094177 0.2936904 0.3001931 0.2958684 0.0134245 0.0553481 0.2837205 
n297_298   0.3059611 0.0341966 0.0306965 0.0168825 0.3603711 0.3002813 0.3059720 0.0169003 0.3057278 0.0342092 0.3599114 0.1004474 0.3044720 0.0000000 0.3757483 0.0272444 0.0306539 0.0271904 0.3202187 0.1774680 0.3054126 0.2995003 0.3009160 0.3098591 
n244_245   0.4369704 0.4040885 0.3981337 0.3806590 0.3434318 0.4354304 0.4246824 0.3863135 0.4313026 0.4041823 0.3669927 0.4361412 0.4484917 0.3757483 0.0000000 0.3985374 0.4033329 0.3977318 0.4477650 0.4365464 0.4484840 0.4425420 0.4309835 0.4353995 
n293_294   0.3064220 0.0376721 0.0341577 0.0100915 0.3717178 0.3103171 0.3064330 0.0237780 0.3061882 0.0376859 0.3712406 0.1082041 0.3149940 0.0272444 0.3985374 0.0000000 0.0376543 0.0341585 0.3309001 0.1819559 0.3155169 0.3099553 0.3013684 0.3203862 
n296_297   0.3012536 0.0168763 0.0134665 0.0271494 0.3651129 0.2951672 0.3012642 0.0271782 0.3010240 0.0168826 0.3538869 0.0851801 0.3097890 0.0306539 0.4033329 0.0376543 0.0000000 0.0033408 0.3149644 0.1647816 0.3002614 0.3047835 0.2962346 0.3046805 
n295_296   0.3008921 0.0134730 0.0100789 0.0237059 0.3651296 0.2951810 0.3009028 0.0237310 0.3006630 0.0134780 0.3539032 0.0850874 0.3094177 0.0271904 0.3977318 0.0341585 0.0033408 0.0000000 0.3149790 0.1645965 0.3002754 0.3044189 0.2958799 0.3046947 
n266_267   0.2901352 0.3258859 0.3205485 0.3146601 0.3942803 0.1608544 0.2901453 0.3253764 0.2853814 0.3259753 0.3992338 0.3484653 0.2936904 0.3202187 0.4477650 0.3309001 0.3149644 0.3149790 0.0000000 0.3156877 0.1695004 0.2839255 0.2798781 0.0066864 
n200_201   0.3008753 0.1732832 0.1689998 0.1688850 0.4136921 0.3099587 0.3008860 0.1775421 0.2910856 0.1733412 0.4131468 0.1868008 0.3001931 0.1774680 0.4365464 0.1819559 0.1647816 0.1645965 0.3156877 0.0000000 0.3207911 0.2953149 0.2958593 0.3053673 
n285_286   0.2965677 0.3109590 0.3057284 0.3101032 0.4018726 0.0067129 0.2965782 0.3058482 0.2912009 0.3110466 0.4016061 0.3490206 0.2958684 0.3054126 0.4484840 0.3155169 0.3002614 0.3002754 0.1695004 0.3207911 0.0000000 0.2905701 0.2915739 0.1610757 
n277_278   0.0517580 0.3151460 0.3098948 0.2991251 0.3992461 0.2801898 0.0517589 0.3095963 0.0482203 0.3152340 0.3930515 0.3108373 0.0134245 0.2995003 0.4425420 0.3099553 0.3047835 0.3044189 0.2839255 0.2953149 0.2905701 0.0000000 0.0553386 0.2740775 
n280_281   0.0100618 0.3065240 0.3013118 0.2906276 0.3893334 0.2811467 0.0100620 0.3010214 0.0134483 0.3066112 0.3832057 0.3170065 0.0553481 0.3009160 0.4309835 0.3013684 0.2962346 0.2958799 0.2798781 0.2958593 0.2915739 0.0553386 0.0000000 0.2752960 
n265_266   0.2801705 0.3154382 0.3101790 0.3043877 0.3890260 0.1525380 0.2801801 0.3149475 0.2754727 0.3155263 0.3939558 0.3376591 0.2837205 0.3098591 0.4353995 0.3203862 0.3046805 0.3046947 0.0066864 0.3053673 0.1610757 0.2740775 0.2752960 0.0000000 
