26
n299_300   0.0000000 0.0100757 1.8328957 2.5339125 2.9994995 0.3999834 2.1801090 2.1328230 0.1243430 1.8577782 1.8202836 1.7838680 0.0134626 0.4111967 1.6242528 1.5465177 1.5121791 1.6143678 1.8781669 2.6066036 1.6518047 1.8982838 1.8604096 1.8736518 0.0776640 1.5894814 
n300_301   0.0100757 0.0000000 1.8306449 2.7685743 2.9620351 0.4183100 2.2734486 2.0528576 0.1322823 1.8554712 1.8180785 1.7817195 0.0237444 0.4112283 1.6455098 1.5661799 1.5320166 1.6364381 1.8757874 2.5101928 1.6499743 1.8958780 1.8888671 1.9024102 0.0889995 1.5877844 
n290_291   1.8328957 1.8306449 0.0000000 8.9999985 2.3357240 1.8183777 1.1570304 0.6347504 1.9637203 0.0412499 0.1448239 0.2916842 1.8714260 1.8881010 0.3180916 0.3129487 2.9562959 2.7626086 0.0592759 2.1103153 0.2661663 0.1532132 2.2080340 2.2056836 1.9821869 0.2767339 
n244_245   2.5339125 2.7685743 8.9999985 0.0000000 2.1378813 2.4414318 2.7981162 9.0000000 3.0611382 8.9999984 3.4628694 8.9999988 2.5730417 2.8827497 8.9999990 8.9999989 2.3696364 2.2386724 4.2766552 1.8479061 4.0102028 4.4975305 2.4803475 2.4614428 2.3957319 3.8677600 
n255_256   2.9994995 2.9620351 2.3357240 2.1378813 0.0000000 3.6552700 3.1845007 3.5690791 3.6791991 2.5572915 3.1833865 3.4503437 3.1438374 5.2595528 3.5151908 3.5233798 2.6640938 2.3657923 2.4603855 0.3832043 3.0349360 3.3250810 3.9411722 3.9367507 3.0611724 3.3939071 
n277_278   0.3999834 0.4183100 1.8183777 2.4414318 3.6552700 0.0000000 2.1307326 2.1804521 0.4345839 1.7673360 1.9464011 1.7210175 0.4007529 0.1200151 1.6113842 1.5600734 1.8970380 1.8465530 2.0535546 2.7083507 1.7136367 2.1417275 1.6313185 1.8988557 0.4469480 1.7164978 
n200_201   2.1801090 2.2734486 1.1570304 2.7981162 3.1845007 2.1307326 0.0000000 1.1338726 2.2839611 1.0829703 0.9692876 1.2076862 2.3384506 2.2953204 1.1192518 1.1179593 1.9271357 2.0489593 1.1121203 2.3839888 1.1109328 0.9994811 2.3264831 1.8924930 2.4633873 1.1279058 
n236_237   2.1328230 2.0528576 0.6347504 9.0000000 3.5690791 2.1804521 1.1338726 0.0000000 2.0247051 0.6011654 0.6338383 0.6675704 2.2047499 2.1642428 0.6996871 0.6658294 3.3609184 4.4495817 0.6169177 3.3328379 0.6646983 0.6875693 2.4131119 2.4309483 1.9586559 0.7309585 
n274_275   0.1243430 0.1322823 1.9637203 3.0611382 3.6791991 0.4345839 2.2839611 2.0247051 0.0000000 2.0243424 2.1249999 1.9330867 0.1243186 0.4473823 1.7303906 1.6431730 1.6435818 1.7633019 2.0676202 3.2228200 1.9003724 2.1774135 1.7389753 1.7742442 0.1407498 1.8191501 
n289_290   1.8577782 1.8554712 0.0412499 8.9999984 2.5572915 1.7673360 1.0829703 0.6011654 2.0243424 0.0000000 0.1493303 0.2769738 1.9273042 1.8324884 0.3028533 0.2978088 2.9357906 2.7460659 0.0521094 2.3899376 0.2519659 0.1535702 2.3115376 2.2059814 2.0438826 0.2572794 
n296_297   1.8202836 1.8180785 0.1448239 3.4628694 3.1833865 1.9464011 0.9692876 0.6338383 2.1249999 0.1493303 0.0000000 0.3077553 1.8837858 2.0886134 0.3187769 0.3184778 2.3126266 2.3900026 0.1533459 3.0601670 0.2669141 0.0595006 2.1354050 2.0466014 2.0189452 0.2928051 
n275_276   1.7838680 1.7817195 0.2916842 8.9999988 3.4503437 1.7210175 1.2076862 0.6675704 1.9330867 0.2769738 0.3077553 0.0000000 1.7136620 1.8204025 0.1611388 0.1657484 3.1896176 3.1803087 0.2976683 2.5216525 0.1202889 0.3175855 2.1388107 1.8141004 1.8423590 0.1575644 
n292_293   0.0134626 0.0237444 1.8714260 2.5730417 3.1438374 0.4007529 2.3384506 2.2047499 0.1243186 1.9273042 1.8837858 1.7136620 0.0000000 0.4053407 1.6780800 1.5956540 1.5859463 1.6684577 1.9498718 2.6206795 1.7073853 1.9250589 1.8187006 1.8595685 0.0776481 1.6411368 
n278_279   0.4111967 0.4112283 1.8881010 2.8827497 5.2595528 0.1200151 2.2953204 2.1642428 0.4473823 1.8324884 2.0886134 1.8204025 0.4053407 0.0000000 1.7234285 1.6652556 1.9374418 1.8354061 2.0496415 3.0606189 1.8218448 2.3191674 1.7548333 2.1184001 0.4588705 1.7139554 
n298_299   1.6242528 1.6455098 0.3180916 8.9999990 3.5151908 1.6113842 1.1192518 0.6996871 1.7303906 0.3028533 0.3187769 0.1611388 1.6780800 1.7234285 0.0000000 0.0237175 2.7500100 3.0966833 0.3243677 3.1960814 0.1365747 0.3287452 2.2080656 1.9495144 1.7356320 0.1745268 
n297_298   1.5465177 1.5661799 0.3129487 8.9999989 3.5233798 1.5600734 1.1179593 0.6658294 1.6431730 0.2978088 0.3184778 0.1657484 1.5956540 1.6652556 0.0237175 0.0000000 2.7167521 3.0357188 0.3191694 3.0809978 0.1368524 0.3288463 2.0295505 1.8499017 1.6483051 0.1705411 
n286_287   1.5121791 1.5320166 2.9562959 2.3696364 2.6640938 1.8970380 1.9271357 3.3609184 1.6435818 2.9357906 2.3126266 3.1896176 1.5859463 1.9374418 2.7500100 2.7167521 0.0000000 0.0854640 3.2771442 2.4405304 2.3510669 2.4500444 0.9238793 0.9772649 1.7232227 2.4169709 
n285_286   1.6143678 1.6364381 2.7626086 2.2386724 2.3657923 1.8465530 2.0489593 4.4495817 1.7633019 2.7460659 2.3900026 3.1803087 1.6684577 1.8354061 3.0966833 3.0357188 0.0854640 0.0000000 3.0282470 2.3122473 2.6443161 2.5399994 0.9356195 0.9867454 1.7741138 2.5486026 
n287_288   1.8781669 1.8757874 0.0592759 4.2766552 2.4603855 2.0535546 1.1121203 0.6169177 2.0676202 0.0521094 0.1533459 0.2976683 1.9498718 2.0496415 0.3243677 0.3191694 3.2771442 3.0282470 0.0000000 2.1461162 0.2571730 0.1576075 2.5729312 2.2941187 2.0287013 0.2727228 
n251_252   2.6066036 2.5101928 2.1103153 1.8479061 0.3832043 2.7083507 2.3839888 3.3328379 3.2228200 2.3899376 3.0601670 2.5216525 2.6206795 3.0606189 3.1960814 3.0809978 2.4405304 2.3122473 2.1461162 0.0000000 2.6741831 3.3183285 3.6257739 2.6973358 2.5464958 2.7772018 
n294_295   1.6518047 1.6499743 0.2661663 4.0102028 3.0349360 1.7136367 1.1109328 0.6646983 1.9003724 0.2519659 0.2669141 0.1202889 1.7073853 1.8218448 0.1365747 0.1368524 2.3510669 2.6443161 0.2571730 2.6741831 0.0000000 0.2714863 2.0218951 1.8778788 1.9025990 0.0377677 
n295_296   1.8982838 1.8958780 0.1532132 4.4975305 3.3250810 2.1417275 0.9994811 0.6875693 2.1774135 0.1535702 0.0595006 0.3175855 1.9250589 2.3191674 0.3287452 0.3288463 2.4500444 2.5399994 0.1576075 3.3183285 0.2714863 0.0000000 2.0867659 2.1954367 2.0677100 0.2872696 
n266_267   1.8604096 1.8888671 2.2080340 2.4803475 3.9411722 1.6313185 2.3264831 2.4131119 1.7389753 2.3115376 2.1354050 2.1388107 1.8187006 1.7548333 2.2080656 2.0295505 0.9238793 0.9356195 2.5729312 3.6257739 2.0218951 2.0867659 0.0000000 0.1785327 1.8121114 2.2362822 
n265_266   1.8736518 1.9024102 2.2056836 2.4614428 3.9367507 1.8988557 1.8924930 2.4309483 1.7742442 2.2059814 2.0466014 1.8141004 1.8595685 2.1184001 1.9495144 1.8499017 0.9772649 0.9867454 2.2941187 2.6973358 1.8778788 2.1954367 0.1785327 0.0000000 1.8843833 2.0157447 
n280_281   0.0776640 0.0889995 1.9821869 2.3957319 3.0611724 0.4469480 2.4633873 1.9586559 0.1407498 2.0438826 2.0189452 1.8423590 0.0776481 0.4588705 1.7356320 1.6483051 1.7232227 1.7741138 2.0287013 2.5464958 1.9025990 2.0677100 1.8121114 1.8843833 0.0000000 1.8206720 
n293_294   1.5894814 1.5877844 0.2767339 3.8677600 3.3939071 1.7164978 1.1279058 0.7309585 1.8191501 0.2572794 0.2928051 0.1575644 1.6411368 1.7139554 0.1745268 0.1705411 2.4169709 2.5486026 0.2727228 2.7772018 0.0377677 0.2872696 2.2362822 2.0157447 1.8206720 0.0000000 
