24
n292_293   0.0000000 0.3015783 0.2960722 0.2859331 0.4003405 0.2918902 0.0033242 0.2909283 0.0201575 0.2911281 0.4002149 0.2961232 0.0066637 0.0770234 0.2855052 0.4180630 0.3011670 0.2960983 0.2559950 0.2514778 0.2875188 0.0733520 0.0033253 0.2711805 
n287_288   0.3015783 0.0000000 0.0169502 0.0413436 0.3727130 0.3138472 0.2966971 0.0414274 0.3114497 0.0067361 0.3787685 0.1278303 0.3017114 0.3216052 0.0378119 0.4139618 0.0204058 0.0169617 0.2875181 0.1558456 0.3138544 0.3217882 0.2966282 0.3077818 
n290_291   0.2960722 0.0169502 0.0000000 0.0448086 0.3773502 0.3132476 0.2912307 0.0483816 0.3058623 0.0101082 0.3834377 0.1315664 0.2962026 0.3057993 0.0412672 0.4074520 0.0238171 0.0203628 0.2869763 0.1596680 0.3132547 0.3059719 0.2911633 0.3071966 
n294_295   0.2859331 0.0413436 0.0448086 0.0000000 0.3442411 0.2929966 0.2811564 0.0033512 0.2955903 0.0342376 0.3500307 0.1076544 0.2860585 0.3055153 0.0169005 0.3948905 0.0412922 0.0377533 0.2769451 0.1390473 0.2930031 0.3056876 0.2810914 0.2968765 
n251_252   0.4003405 0.3727130 0.3773502 0.3442411 0.0000000 0.4019920 0.4060646 0.3450255 0.4056603 0.3718220 0.0307414 0.3498272 0.4005199 0.4067717 0.3441847 0.3069472 0.3830732 0.3773887 0.3302331 0.3519829 0.3971311 0.4069075 0.3947449 0.3516268 
n286_287   0.2918902 0.3138472 0.3132476 0.2929966 0.4019920 0.0000000 0.2923630 0.2930579 0.3016465 0.3081672 0.4141385 0.2883640 0.2973564 0.3427297 0.2874791 0.4485656 0.3184879 0.3132758 0.1225097 0.2618792 0.0101022 0.3374941 0.2869984 0.1227235 
n300_301   0.0033242 0.2966971 0.2912307 0.2811564 0.4060646 0.2923630 0.0000000 0.2861205 0.0235722 0.2863167 0.4059371 0.2912813 0.0033255 0.0807253 0.2807364 0.4239320 0.2962930 0.2912563 0.2607180 0.2469176 0.2879845 0.0770359 0.0066659 0.2760133 
n275_276   0.2909283 0.0414274 0.0483816 0.0033512 0.3450255 0.2930579 0.2861205 0.0000000 0.3006492 0.0377588 0.3508311 0.1115530 0.2910561 0.3106431 0.0203321 0.4006626 0.0448508 0.0412922 0.2770024 0.1431167 0.2930644 0.3108187 0.2860543 0.2969385 
n274_275   0.0201575 0.3114497 0.3058623 0.2955903 0.4056603 0.3016465 0.0235722 0.3006492 0.0000000 0.3008564 0.4055328 0.3059141 0.0270031 0.0843818 0.2951462 0.4115514 0.3110238 0.3058895 0.2652583 0.2702757 0.2972351 0.0806770 0.0167619 0.2806507 
n289_290   0.2911281 0.0067361 0.0101082 0.0342376 0.3718220 0.3081672 0.2863167 0.0377588 0.3008564 0.0000000 0.3778597 0.1197160 0.2912561 0.3108578 0.0307442 0.4017358 0.0135208 0.0101151 0.2820821 0.1474039 0.3081742 0.3110336 0.2862505 0.3021676 
n255_256   0.4002149 0.3787685 0.3834377 0.3500307 0.0307414 0.4141385 0.4059371 0.3508311 0.4055328 0.3778597 0.0000000 0.3556665 0.4003944 0.4011579 0.3499733 0.3170356 0.3892144 0.3834776 0.3515573 0.3578058 0.4092121 0.4012906 0.3946212 0.3735980 
n236_237   0.2961232 0.1278303 0.1315664 0.1076544 0.3498272 0.2883640 0.2912813 0.1115530 0.3059141 0.1197160 0.3556665 0.0000000 0.2864676 0.3156111 0.1078175 0.4192669 0.1276675 0.1236691 0.2865833 0.1517442 0.2883705 0.3107636 0.2912139 0.3067685 
n299_300   0.0066637 0.3017114 0.2962026 0.2860585 0.4005199 0.2973564 0.0033255 0.2910561 0.0270031 0.2912561 0.4003944 0.2864676 0.0000000 0.0844461 0.2856303 0.4238579 0.3012998 0.2962287 0.2654710 0.2515876 0.2929562 0.0807384 0.0100219 0.2808776 
n278_279   0.0770234 0.3216052 0.3057993 0.3055153 0.4067717 0.3427297 0.0807253 0.3106431 0.0843818 0.3108578 0.4011579 0.3156111 0.0844461 0.0000000 0.3050542 0.4535317 0.3211640 0.3159590 0.2845847 0.2798487 0.3324344 0.0100187 0.0733541 0.3058949 
n297_298   0.2855052 0.0378119 0.0412672 0.0169005 0.3441847 0.2874791 0.2807364 0.0203321 0.2951462 0.0307442 0.3499733 0.1078175 0.2856303 0.3050542 0.0000000 0.3948248 0.0377650 0.0342433 0.2765316 0.1350453 0.2874855 0.3052259 0.2806716 0.2964290 
n244_245   0.4180630 0.4139618 0.4074520 0.3948905 0.3069472 0.4485656 0.4239320 0.4006626 0.4115514 0.4017358 0.3170356 0.4192669 0.4238579 0.4535317 0.3948248 0.0000000 0.4133799 0.4074973 0.4002889 0.3882212 0.4494285 0.4474995 0.4123298 0.4077315 
n296_297   0.3011670 0.0204058 0.0238171 0.0412922 0.3830732 0.3184879 0.2962930 0.0448508 0.3110238 0.0135208 0.3892144 0.1276675 0.3012998 0.3211640 0.0377650 0.4133799 0.0000000 0.0033508 0.2920170 0.1556450 0.3184952 0.3213466 0.2962243 0.3123820 
n295_296   0.2960983 0.0169617 0.0203628 0.0377533 0.3773887 0.3132758 0.2912563 0.0412922 0.3058895 0.0101151 0.3834776 0.1236691 0.2962287 0.3159590 0.0342433 0.4074973 0.0033508 0.0000000 0.2870015 0.1514977 0.3132829 0.3161381 0.2911889 0.3072240 
n266_267   0.2559950 0.2875181 0.2869763 0.2769451 0.3302331 0.1225097 0.2607180 0.2770024 0.2652583 0.2820821 0.3515573 0.2865833 0.2654710 0.2845847 0.2765316 0.4002889 0.2920170 0.2870015 0.0000000 0.2418337 0.1265964 0.2797578 0.2513530 0.0410518 
n200_201   0.2514778 0.1558456 0.1596680 0.1390473 0.3519829 0.2618792 0.2469176 0.1431167 0.2702757 0.1474039 0.3578058 0.1517442 0.2515876 0.2798487 0.1350453 0.3882212 0.1556450 0.1514977 0.2418337 0.0000000 0.2623452 0.2800046 0.2562711 0.2607138 
n285_286   0.2875188 0.3138544 0.3132547 0.2930031 0.3971311 0.0101022 0.2879845 0.2930644 0.2972351 0.3081742 0.4092121 0.2883705 0.2929562 0.3324344 0.2874855 0.4494285 0.3184952 0.3132829 0.1265964 0.2623452 0.0000000 0.3272662 0.2826474 0.1268185 
n277_278   0.0733520 0.3217882 0.3059719 0.3056876 0.4069075 0.3374941 0.0770359 0.3108187 0.0806770 0.3110336 0.4012906 0.3107636 0.0807384 0.0100187 0.3052259 0.4474995 0.3213466 0.3161381 0.2797578 0.2800046 0.3272662 0.0000000 0.0696998 0.3009134 
n280_281   0.0033253 0.2966282 0.2911633 0.2810914 0.3947449 0.2869984 0.0066659 0.2860543 0.0167619 0.2862505 0.3946212 0.2912139 0.0100219 0.0733541 0.2806716 0.4123298 0.2962243 0.2911889 0.2513530 0.2562711 0.2826474 0.0696998 0.0000000 0.2664335 
n265_266   0.2711805 0.3077818 0.3071966 0.2968765 0.3516268 0.1227235 0.2760133 0.2969385 0.2806507 0.3021676 0.3735980 0.3067685 0.2808776 0.3058949 0.2964290 0.4077315 0.3123820 0.3072240 0.0410518 0.2607138 0.1268185 0.3009134 0.2664335 0.0000000 
