26
n289_286   0.0000000 0.3316704 0.0521020 3.4081993 1.8244993 0.1291982 2.4757287 1.6350741 1.3335008 0.3483486 1.8862219 0.3149072 1.8908207 1.9105418 2.5651316 0.1499466 1.8255898 0.3488984 0.6783252 3.5099906 3.2747258 0.3147666 1.6859049 0.0857230 2.9571433 2.3027243 
n297_294   0.3316704 0.0000000 0.3364516 5.5015447 1.9563919 0.3303562 3.2049803 1.6567555 1.1203004 0.1463767 1.9177610 0.0308137 2.0320581 2.0521970 3.1575219 0.3644816 1.9098202 0.1423122 0.7129727 3.4766039 3.1027497 0.1463956 1.6171484 0.3250839 3.7948553 3.2067666 
n290_287   0.0521020 0.3364516 0.0000000 3.0053294 1.7839176 0.1330000 2.5578550 1.4786971 1.2868816 0.3359431 1.8065800 0.3196036 1.8502552 1.8662079 2.6346038 0.1538290 1.7848952 0.3593094 0.6656365 3.5592881 3.4723615 0.3140380 1.5502309 0.0668261 2.6519465 2.4242407 
n251_248   3.4081993 5.5015447 3.0053294 0.0000000 1.8963573 2.9109617 2.8104044 1.8248246 3.2097493 6.3820832 2.1579976 5.1261190 1.9945121 1.8866196 3.1248825 3.1836248 1.8926536 5.9839737 2.7847668 3.4021489 2.9691830 3.8208699 1.8328553 2.6395123 2.2976204 0.3237732 
n300_297   1.8244993 1.9563919 1.7839176 1.8963573 0.0000000 1.6448917 1.7751214 0.4187629 1.5233599 2.0611941 0.1467781 1.9963033 0.0378598 0.0898553 1.9519860 1.6718158 0.0273435 1.8865110 2.0146859 1.8268001 1.7034918 1.9846883 0.4180863 1.7475340 2.6049474 2.1350597 
n295_292   0.1291982 0.3303562 0.1330000 2.9109617 1.6448917 0.0000000 2.2419799 1.6254412 1.1512824 0.3350235 1.7227067 0.3249660 1.7007081 1.8181550 2.3103535 0.0306705 1.6793789 0.3536389 0.6939005 2.4647839 2.3571034 0.3080509 1.5850528 0.1538852 2.6339989 2.8427171 
n266_263   2.4757287 3.2049803 2.5578550 2.8104044 1.7751214 2.2419799 0.0000000 1.8670181 2.0238358 3.6766815 1.8172925 3.3157443 1.7885919 1.7150529 0.1543710 2.2686033 1.8062146 2.8128331 1.9928134 0.9979995 0.9216056 4.1852770 2.1061417 2.4907134 4.7518621 2.7616264 
n278_275   1.6350741 1.6567555 1.4786971 1.8248246 0.4187629 1.6254412 1.8670181 0.0000000 1.4986614 1.7710378 0.4108286 1.6856646 0.4169530 0.4115273 1.8202562 1.6593143 0.4116034 1.7848583 1.7322804 2.2295379 1.8099841 1.7663221 0.1132348 1.6172062 2.0785487 2.0025795 
n200_201   1.3335008 1.1203004 1.2868816 3.2097493 1.5233599 1.1512824 2.0238358 1.4986614 0.0000000 1.2280990 1.5704754 1.0714863 1.5316208 1.4809405 2.2137994 1.2202472 1.5559556 1.1467067 1.2418178 2.4475674 2.1908959 1.1119646 1.4671921 1.3409088 2.3688898 3.5555113 
n293_290   0.3483486 0.1463767 0.3359431 6.3820832 2.0611941 0.3350235 3.6766815 1.7710378 1.2280990 0.0000000 1.9432422 0.1298047 2.1023855 2.2215856 3.6370188 0.3577923 2.0166163 0.1337742 0.7531758 3.2006637 2.8214609 0.0413471 1.7591380 0.3480436 3.7688370 3.4926720 
n274_271   1.8862219 1.9177610 1.8065800 2.1579976 0.1467781 1.7227067 1.8172925 0.4108286 1.5704754 1.9432422 0.0000000 1.9560185 0.1382310 0.1342268 1.9600826 1.7239921 0.1594394 2.0089416 1.8846611 2.1496274 1.7597716 1.9073364 0.4498468 1.8336709 2.1518993 2.2843947 
n298_295   0.3149072 0.0308137 0.3196036 5.1261190 1.9963033 0.3249660 3.3157443 1.6856646 1.0714863 0.1298047 1.9560185 0.0000000 2.0750198 2.0551735 3.1607274 0.3474502 1.9140130 0.1298498 0.6856245 3.4997335 2.9276008 0.1298220 1.6448285 0.3085242 3.6779538 2.9631142 
n292_289   1.8908207 2.0320581 1.8502552 1.9945121 0.0378598 1.7007081 1.7885919 0.4169530 1.5316208 2.1023855 0.1382310 2.0750198 0.0000000 0.0858591 1.9179095 1.7293106 0.0485475 1.9572989 1.9985608 1.8970938 1.7658595 2.0229979 0.4170864 1.7776357 2.4532826 2.0701982 
n280_277   1.9105418 2.0521970 1.8662079 1.8866196 0.0898553 1.8181550 1.7150529 0.4115273 1.4809405 2.2215856 0.1342268 2.0551735 0.0858591 0.0000000 1.7424177 1.8183242 0.1014496 1.9788363 1.7741587 1.8290945 1.7012321 2.0795855 0.4234374 1.8621399 2.4148422 2.1454747 
n265_262   2.5651316 3.1575219 2.6346038 3.1248825 1.9519860 2.3103535 0.1543710 1.8202562 2.2137994 3.6370188 1.9600826 3.1607274 1.9179095 1.7424177 0.0000000 2.1735694 1.9889758 2.9795730 2.0020167 1.0124795 0.9751439 3.6852421 2.0548342 2.7376710 3.6514055 3.3167113 
n296_293   0.1499466 0.3644816 0.1538290 3.1836248 1.6718158 0.0306705 2.2686033 1.6593143 1.2202472 0.3577923 1.7239921 0.3474502 1.7293106 1.8183242 2.1735694 0.0000000 1.7073935 0.3771201 0.7346544 2.6187759 2.4911239 0.3299416 1.6172343 0.1754050 2.7852053 2.8260600 
n299_296   1.8255898 1.9098202 1.7848952 1.8926536 0.0273435 1.6793789 1.8062146 0.4116034 1.5559556 2.0166163 0.1594394 1.9140130 0.0485475 0.1014496 1.9889758 1.7073935 0.0000000 1.8861748 2.0493118 1.9675113 1.7300703 1.9461011 0.4045436 1.7484165 2.6119419 2.1264830 
n275_272   0.3488984 0.1423122 0.3593094 5.9839737 1.8865110 0.3536389 2.8128331 1.7848583 1.1467067 0.1337742 2.0089416 0.1298498 1.9572989 1.9788363 2.9795730 0.3771201 1.8861748 0.0000000 0.7604938 3.0499216 2.7673231 0.1255490 1.8550150 0.3483355 3.9034768 3.3434596 
n236_235   0.6783252 0.7129727 0.6656365 2.7847668 2.0146859 0.6939005 1.9928134 1.7322804 1.2418178 0.7531758 1.8846611 0.6856245 1.9985608 1.7741587 2.0020167 0.7346544 2.0493118 0.7604938 0.0000000 2.1042204 2.0959002 0.7156341 1.7054406 0.6235568 2.4102167 2.6594511 
n285_282   3.5099906 3.4766039 3.5592881 3.4021489 1.8268001 2.4647839 0.9979995 2.2295379 2.4475674 3.2006637 2.1496274 3.4997335 1.8970938 1.8290945 1.0124795 2.6187759 1.9675113 3.0499216 2.1042204 0.0000000 0.0782216 3.1655461 2.0328494 3.0273124 3.2946295 5.0986624 
n286_283   3.2747258 3.1027497 3.4723615 2.9691830 1.7034918 2.3571034 0.9216056 1.8099841 2.1908959 2.8214609 1.7597716 2.9276008 1.7658595 1.7012321 0.9751439 2.4911239 1.7300703 2.7673231 2.0959002 0.0782216 0.0000000 2.7773143 1.7743839 2.8590953 3.5134061 4.7479438 
n294_291   0.3147666 0.1463956 0.3140380 3.8208699 1.9846883 0.3080509 4.1852770 1.7663221 1.1119646 0.0413471 1.9073364 0.1298220 2.0229979 2.0795855 3.6852421 0.3299416 1.9461011 0.1255490 0.7156341 3.1655461 2.7773143 0.0000000 1.7330441 0.3257194 3.9597011 2.7619813 
n277_274   1.6859049 1.6171484 1.5502309 1.8328553 0.4180863 1.5850528 2.1061417 0.1132348 1.4671921 1.7591380 0.4498468 1.6448285 0.4170864 0.4234374 2.0548342 1.6172343 0.4045436 1.8550150 1.7054406 2.0328494 1.7743839 1.7330441 0.0000000 1.6349666 1.9676689 2.2569616 
n287_284   0.0857230 0.3250839 0.0668261 2.6395123 1.7475340 0.1538852 2.4907134 1.6172062 1.3409088 0.3480436 1.8336709 0.3085242 1.7776357 1.8621399 2.7376710 0.1754050 1.7484165 0.3483355 0.6235568 3.0273124 2.8590953 0.3257194 1.6349666 0.0000000 2.7852583 2.1897319 
n244_241   2.9571433 3.7948553 2.6519465 2.2976204 2.6049474 2.6339989 4.7518621 2.0785487 2.3688898 3.7688370 2.1518993 3.6779538 2.4532826 2.4148422 3.6514055 2.7852053 2.6119419 3.9034768 2.4102167 3.2946295 3.5134061 3.9597011 1.9676689 2.7852583 0.0000000 3.0030319 
n255_252   2.3027243 3.2067666 2.4242407 0.3237732 2.1350597 2.8427171 2.7616264 2.0025795 3.5555113 3.4926720 2.2843947 2.9631142 2.0701982 2.1454747 3.3167113 2.8260600 2.1264830 3.3434596 2.6594511 5.0986624 4.7479438 2.7619813 2.2569616 2.1897319 3.0030319 0.0000000 
