22
n292_293   0.0000000 0.3155190 0.3462804 0.3699150 0.2589119 0.0067055 0.3520300 0.0237314 0.3699822 0.3461673 0.0963218 0.3571396 0.4214959 0.3462020 0.3260801 0.3156620 0.2730734 0.3001802 0.2542228 0.0926302 0.0168848 0.2829968 
n287_288   0.3155190 0.0000000 0.0481309 0.3573284 0.2699465 0.3048243 0.0590143 0.3251548 0.3468744 0.0739063 0.3086759 0.0552770 0.3948035 0.0481210 0.0202879 0.0134633 0.2752664 0.1202379 0.2651723 0.2988656 0.3047573 0.2702000 
n294_295   0.3462804 0.0481309 0.0000000 0.3845582 0.2886368 0.3351299 0.0168858 0.3562472 0.3737572 0.0963157 0.3390389 0.0134457 0.4416089 0.0066900 0.0553631 0.0482120 0.3097652 0.1319357 0.2837581 0.3288730 0.3350543 0.3044519 
n251_252   0.3699150 0.3573284 0.3845582 0.0000000 0.2944957 0.3583398 0.3906317 0.3859648 0.0376150 0.3703515 0.3631389 0.3959898 0.3175988 0.3844709 0.3634284 0.3524806 0.3310120 0.3356824 0.2941283 0.3742649 0.3689407 0.3361529 
n286_287   0.2589119 0.2699465 0.2886368 0.2944957 0.0000000 0.2490960 0.2939155 0.2683641 0.2936032 0.2923547 0.2479909 0.2986660 0.3812124 0.2885721 0.2798482 0.2700648 0.1240180 0.2791273 0.0033446 0.2530648 0.2546212 0.1276047 
n300_301   0.0067055 0.3048243 0.3351299 0.3583398 0.2490960 0.0000000 0.3407818 0.0202921 0.3584040 0.3350233 0.0963764 0.3458159 0.4142938 0.3350542 0.3152190 0.3049613 0.2733328 0.2897133 0.2444709 0.0926827 0.0134754 0.2728425 
n275_276   0.3520300 0.0590143 0.0168858 0.3906317 0.2939155 0.3407818 0.0000000 0.3620697 0.3797430 0.1002356 0.3447056 0.0203055 0.4481757 0.0168824 0.0590242 0.0518312 0.3094285 0.1443915 0.2890003 0.3344622 0.3407045 0.3041226 
n274_275   0.0237314 0.3251548 0.3562472 0.3859648 0.2683641 0.0202921 0.3620697 0.0000000 0.3860362 0.3561284 0.1038010 0.3672337 0.4254704 0.3561666 0.3358389 0.3253030 0.2978394 0.3096499 0.2636199 0.0925345 0.0202622 0.2973004 
n255_256   0.3699822 0.3468744 0.3737572 0.0376150 0.2936032 0.3584040 0.3797430 0.3860362 0.0000000 0.3646379 0.3632042 0.3850343 0.3132183 0.3736724 0.3528808 0.3420761 0.3304843 0.3361318 0.2886924 0.3743331 0.3690076 0.3250108 
n236_237   0.3461673 0.0739063 0.0963157 0.3703515 0.2923547 0.3350233 0.1002356 0.3561284 0.3646379 0.0000000 0.3330611 0.1039863 0.4006658 0.0962954 0.0739190 0.0665532 0.3195747 0.1281610 0.2874704 0.3229875 0.3456716 0.3141946 
n278_279   0.0963218 0.3086759 0.3390389 0.3631389 0.2479909 0.0963764 0.3447056 0.1038010 0.3632042 0.3330611 0.0000000 0.3497488 0.4117701 0.3389625 0.3190942 0.3088146 0.2574197 0.2932082 0.2433886 0.0237338 0.0962296 0.2618661 
n297_298   0.3571396 0.0552770 0.0134457 0.3959898 0.2986660 0.3458159 0.0203055 0.3672337 0.3850343 0.1039863 0.3497488 0.0000000 0.4539135 0.0134430 0.0625923 0.0553704 0.3201052 0.1442640 0.2937235 0.3394470 0.3457372 0.3147131 
n244_245   0.4214959 0.3948035 0.4416089 0.3175988 0.3812124 0.4142938 0.4481757 0.4254704 0.3132183 0.4006658 0.4117701 0.4539135 0.0000000 0.4293315 0.4012246 0.3949922 0.4220634 0.4057597 0.3757460 0.4123492 0.4200796 0.4029323 
n293_294   0.3462020 0.0481210 0.0066900 0.3844709 0.2885721 0.3350542 0.0168824 0.3561666 0.3736724 0.0962954 0.3389625 0.0134430 0.4293315 0.0000000 0.0553517 0.0482021 0.3096955 0.1360975 0.2836946 0.3287990 0.3349787 0.3043834 
n296_297   0.3260801 0.0202879 0.0553631 0.3634284 0.2798482 0.3152190 0.0590242 0.3358389 0.3528808 0.0739190 0.3190942 0.0625923 0.4012246 0.0553517 0.0000000 0.0066921 0.2955286 0.1284169 0.2750107 0.3091525 0.3151490 0.2903086 
n295_296   0.3156620 0.0134633 0.0482120 0.3524806 0.2700648 0.3049613 0.0518312 0.3253030 0.3420761 0.0665532 0.3088146 0.0553704 0.3949922 0.0482021 0.0066921 0.0000000 0.2855220 0.1204489 0.2652882 0.2989991 0.3048943 0.2803762 
n266_267   0.2730734 0.2752664 0.3097652 0.3310120 0.1240180 0.2733328 0.3094285 0.2978394 0.3304843 0.3195747 0.2574197 0.3201052 0.4220634 0.3096955 0.2955286 0.2855220 0.0000000 0.2830965 0.1238718 0.2581046 0.2791039 0.0203376 
n200_201   0.3001802 0.1202379 0.1319357 0.3356824 0.2791273 0.2897133 0.1443915 0.3096499 0.3361318 0.1281610 0.2932082 0.1442640 0.4057597 0.1360975 0.1284169 0.1204489 0.2830965 0.0000000 0.2787814 0.2835900 0.2997577 0.2879024 
n285_286   0.2542228 0.2651723 0.2837581 0.2941283 0.0033446 0.2444709 0.2890003 0.2636199 0.2886924 0.2874704 0.2433886 0.2937235 0.3757460 0.2836946 0.2750107 0.2652882 0.1238718 0.2787814 0.0000000 0.2484263 0.2499517 0.1236620 
n277_278   0.0926302 0.2988656 0.3288730 0.3742649 0.2530648 0.0926827 0.3344622 0.0925345 0.3743331 0.3229875 0.0237338 0.3394470 0.4123492 0.3287990 0.3091525 0.2989991 0.2581046 0.2835900 0.2484263 0.0000000 0.0925416 0.2625642 
n280_281   0.0168848 0.3047573 0.3350543 0.3689407 0.2546212 0.0134754 0.3407045 0.0202622 0.3690076 0.3456716 0.0962296 0.3457372 0.4200796 0.3349787 0.3151490 0.3048943 0.2791039 0.2997577 0.2499517 0.0925416 0.0000000 0.2786010 
n265_266   0.2829968 0.2702000 0.3044519 0.3361529 0.1276047 0.2728425 0.3041226 0.2973004 0.3250108 0.3141946 0.2618661 0.3147131 0.4029323 0.3043834 0.2903086 0.2803762 0.0203376 0.2879024 0.1236620 0.2625642 0.2786010 0.0000000 
