26
n289_286   0.0000000 0.3574574 0.0557640 2.3568549 1.6606617 0.1408088 1.6781448 1.5680258 1.0139069 0.3401637 1.5226749 0.3686122 1.5734538 1.6235119 1.8205722 0.1488187 1.6024167 0.3615938 0.6729859 1.9229073 2.0379319 0.3234715 1.6717042 0.0779688 3.0255160 2.1659608 
n297_294   0.3574574 0.0000000 0.3690255 4.1524173 1.7927849 0.3470835 1.9210223 1.8256046 1.0002422 0.1703933 1.6862957 0.0238016 1.6563025 1.7520191 2.0793367 0.3808261 1.7900601 0.1793548 0.6341159 2.6318322 2.5989127 0.1532633 1.7209404 0.3525119 3.1966478 5.1529659 
n290_287   0.0557640 0.3690255 0.0000000 2.2144440 1.6677199 0.1450980 1.6785867 1.5213154 1.0744047 0.3683466 1.5017496 0.3803652 1.5994310 1.6268979 1.7340812 0.1573155 1.6088499 0.3734701 0.6647182 1.8535672 1.9157769 0.3454334 1.6197692 0.0780095 2.7876528 2.3349886 
n251_248   2.3568549 4.1524173 2.2144440 0.0000000 2.1593275 2.8056583 3.2643112 2.3937248 3.3237893 3.0285573 2.3962314 4.0426340 2.3203620 2.2836519 2.8393548 2.5852819 2.2572842 4.5695687 2.9154805 2.2670541 2.2551534 3.0217977 2.3346884 2.4290566 1.6825740 0.3550128 
n300_297   1.6606617 1.7927849 1.6677199 2.1593275 0.0000000 1.7733832 2.0270683 0.3541899 1.8941230 2.0791180 0.1151859 1.8273097 0.0340076 0.1077873 2.2295581 1.6481254 0.0100194 2.1862461 1.3835884 1.3884605 1.5327602 1.9609808 0.3833582 1.7171084 2.5344713 2.0721994 
n295_292   0.1408088 0.3470835 0.1450980 2.8056583 1.7733832 0.0000000 2.0943433 1.7329067 1.0335110 0.3410427 1.7058122 0.3525908 1.6965708 1.7294933 2.2776922 0.0448561 1.7078083 0.3628568 0.6728600 2.4375125 2.5521240 0.3189705 1.7897085 0.1662407 2.4700041 2.6991373 
n266_263   1.6781448 1.9210223 1.6785867 3.2643112 2.0270683 2.0943433 0.0000000 2.1414909 2.1412614 2.2345249 1.9689178 1.8772907 1.9850235 2.1000861 0.1833687 1.8051960 2.1139448 1.7252150 2.0040637 1.1338427 1.1681587 2.1179788 2.1911878 1.8009477 4.1991339 9.0000000 
n278_275   1.5680258 1.8256046 1.5213154 2.3937248 0.3541899 1.7329067 2.1414909 0.0000000 1.7510117 2.2832968 0.3046802 1.8227298 0.3645800 0.3321264 2.3428133 1.6112523 0.3649504 2.0130790 1.3981196 1.3150752 1.3772519 1.9350887 0.1191488 1.6378172 2.2697398 2.3191577 
n200_201   1.0139069 1.0002422 1.0744047 3.3237893 1.8941230 1.0335110 2.1412614 1.7510117 0.0000000 0.9934543 1.9012970 1.0267403 1.9615162 1.9511262 2.5582297 1.0572489 1.8871206 1.0691904 0.8268465 2.1865163 2.3646811 1.0210732 1.9706199 1.0476723 2.7858837 3.6275675 
n293_290   0.3401637 0.1703933 0.3683466 3.0285573 2.0791180 0.3410427 2.2345249 2.2832968 0.9934543 0.0000000 1.9440214 0.1747062 1.8952351 2.1459020 2.3670244 0.3859914 1.9888465 0.1619856 0.6414263 2.5079090 2.6640486 0.0485465 2.2896833 0.3632725 3.4016091 3.1124394 
n274_271   1.5226749 1.6862957 1.5017496 2.3962314 0.1151859 1.7058122 1.9689178 0.3046802 1.9012970 1.9440214 0.0000000 1.7448911 0.1229574 0.0998257 2.3888176 1.6463972 0.1190614 2.0740459 1.4213947 1.4525934 1.4803642 1.8401555 0.3367454 1.5717011 3.0470568 2.1886332 
n298_295   0.3686122 0.0238016 0.3803652 4.0426340 1.8273097 0.3525908 1.8772907 1.8227298 1.0267403 0.1747062 1.7448911 0.0000000 1.6856663 1.7439945 2.0661395 0.3865893 1.8245570 0.1880162 0.6510475 2.7277770 2.6909355 0.1533054 1.7815918 0.3636038 3.6930854 5.5707899 
n292_289   1.5734538 1.6563025 1.5994310 2.3203620 0.0340076 1.6965708 1.9850235 0.3645800 1.9615162 1.8952351 0.1229574 1.6856663 0.0000000 0.1195771 2.1788884 1.6365614 0.0374866 2.0300752 1.3769035 1.4281464 1.5525518 1.7967448 0.3941459 1.6455015 2.3601778 2.2250415 
n280_277   1.6235119 1.7520191 1.6268979 2.2836519 0.1077873 1.7294933 2.1000861 0.3321264 1.9511262 2.1459020 0.0998257 1.7439945 0.1195771 0.0000000 2.4705099 1.6688945 0.1116370 2.2335426 1.4313803 1.4110371 1.4620972 2.0191674 0.3546330 1.6785865 2.5618057 2.1990447 
n265_262   1.8205722 2.0793367 1.7340812 2.8393548 2.2295581 2.2776922 0.1833687 2.3428133 2.5582297 2.3670244 2.3888176 2.0661395 2.1788884 2.4705099 0.0000000 2.0232557 2.2706518 1.7678954 2.3280879 1.1321233 1.1666827 2.1788010 2.3660087 1.8512665 3.3753627 3.8064866 
n296_293   0.1488187 0.3808261 0.1573155 2.5852819 1.6481254 0.0448561 1.8051960 1.6112523 1.0572489 0.3859914 1.6463972 0.3865893 1.6365614 1.6688945 2.0232557 0.0000000 1.5907357 0.4087217 0.6813448 2.2223691 2.3145664 0.3624710 1.6617256 0.1745592 2.5056387 2.3752660 
n299_296   1.6024167 1.7900601 1.6088499 2.2572842 0.0100194 1.7078083 2.1139448 0.3649504 1.8871206 1.9888465 0.1190614 1.8245570 0.0374866 0.1116370 2.2706518 1.5907357 0.0000000 2.0857928 1.3592755 1.4295644 1.5818092 1.8803447 0.3945617 1.6556140 2.3860598 2.1199157 
n275_272   0.3615938 0.1793548 0.3734701 4.5695687 2.1862461 0.3628568 1.7252150 2.0130790 1.0691904 0.1619856 2.0740459 0.1880162 2.0300752 2.2335426 1.7678954 0.4087217 2.0857928 0.0000000 0.6922934 2.5889939 2.6310922 0.1408597 2.0189637 0.3859502 3.1719371 4.7495488 
n236_235   0.6729859 0.6341159 0.6647182 2.9154805 1.3835884 0.6728600 2.0040637 1.3981196 0.8268465 0.6414263 1.4213947 0.6510475 1.3769035 1.4313803 2.3280879 0.6813448 1.3592755 0.6922934 0.0000000 1.8009635 1.9565133 0.6162191 1.5589546 0.6323137 3.4983351 3.0103482 
n285_282   1.9229073 2.6318322 1.8535672 2.2670541 1.3884605 2.4375125 1.1338427 1.3150752 2.1865163 2.5079090 1.4525934 2.7277770 1.4281464 1.4110371 1.1321233 2.2223691 1.4295644 2.5889939 1.8009635 0.0000000 0.0671702 2.3351029 1.4170758 1.8829103 2.7767670 2.4865645 
n286_283   2.0379319 2.5989127 1.9157769 2.2551534 1.5327602 2.5521240 1.1681587 1.3772519 2.3646811 2.6640486 1.4803642 2.6909355 1.5525518 1.4620972 1.1666827 2.3145664 1.5818092 2.6310922 1.9565133 0.0671702 0.0000000 2.5958653 1.4380395 1.9978937 2.4217322 2.5304615 
n294_291   0.3234715 0.1532633 0.3454334 3.0217977 1.9609808 0.3189705 2.1179788 1.9350887 1.0210732 0.0485465 1.8401555 0.1533054 1.7967448 2.0191674 2.1788010 0.3624710 1.8803447 0.1408597 0.6162191 2.3351029 2.5958653 0.0000000 2.0399849 0.3569961 3.3146866 3.1607515 
n277_274   1.6717042 1.7209404 1.6197692 2.3346884 0.3833582 1.7897085 2.1911878 0.1191488 1.9706199 2.2896833 0.3367454 1.7815918 0.3941459 0.3546330 2.3660087 1.6617256 0.3945617 2.0189637 1.5589546 1.4170758 1.4380395 2.0399849 0.0000000 1.7218802 2.3184936 2.3723208 
n287_284   0.0779688 0.3525119 0.0780095 2.4290566 1.7171084 0.1662407 1.8009477 1.6378172 1.0476723 0.3632725 1.5717011 0.3636038 1.6455015 1.6785865 1.8512665 0.1745592 1.6556140 0.3859502 0.6323137 1.8829103 1.9978937 0.3569961 1.7218802 0.0000000 2.8023669 2.5948974 
n244_241   3.0255160 3.1966478 2.7876528 1.6825740 2.5344713 2.4700041 4.1991339 2.2697398 2.7858837 3.4016091 3.0470568 3.6930854 2.3601778 2.5618057 3.3753627 2.5056387 2.3860598 3.1719371 3.4983351 2.7767670 2.4217322 3.3146866 2.3184936 2.8023669 0.0000000 1.6980759 
n255_252   2.1659608 5.1529659 2.3349886 0.3550128 2.0721994 2.6991373 9.0000000 2.3191577 3.6275675 3.1124394 2.1886332 5.5707899 2.2250415 2.1990447 3.8064866 2.3752660 2.1199157 4.7495488 3.0103482 2.4865645 2.5304615 3.1607515 2.3723208 2.5948974 1.6980759 0.0000000 
