23
n292_293   0.0000000 0.2665806 0.2617806 0.2857153 0.3800634 0.2521032 0.0033343 0.2666542 0.0134219 0.4377499 0.2949624 0.0695979 0.2711430 0.2760179 0.4861561 0.2861713 0.2714071 0.2572140 0.2962787 0.2521032 0.0696522 0.0168305 0.2523487 
n287_288   0.2665806 0.0000000 0.0033421 0.0447331 0.3977610 0.2862958 0.2617760 0.0376968 0.2616997 0.4506384 0.0846982 0.2852799 0.0341630 0.0376705 0.4380446 0.0447915 0.0168809 0.2530662 0.1314655 0.2862958 0.2808089 0.2761902 0.2529572 
n290_291   0.2617806 0.0033421 0.0000000 0.0411923 0.3920099 0.2813632 0.2570081 0.0341875 0.2569333 0.4444575 0.0809640 0.2803662 0.0306732 0.0341637 0.4384376 0.0412459 0.0134731 0.2483461 0.1274715 0.2813632 0.2759200 0.2713269 0.2482390 
n294_295   0.2857153 0.0447331 0.0411923 0.0000000 0.3921195 0.2909837 0.2807894 0.0272033 0.2807071 0.4445746 0.0883830 0.2948004 0.0237295 0.0271843 0.4503996 0.0134829 0.0482957 0.2530262 0.1434701 0.2909837 0.2902878 0.2955644 0.2529172 
n251_252   0.3800634 0.3977610 0.3920099 0.3921195 0.0000000 0.3585502 0.3744637 0.3981901 0.3799176 0.0553273 0.4264364 0.3959309 0.3808650 0.3865564 0.3804656 0.3986508 0.3919904 0.3702531 0.4467969 0.3692773 0.3908690 0.3912506 0.3536970 
n286_287   0.2521032 0.2862958 0.2813632 0.2909837 0.3585502 0.0000000 0.2473989 0.2911271 0.2520134 0.4205396 0.3152159 0.2561332 0.2859411 0.2909175 0.5018135 0.2914502 0.2815394 0.1119291 0.3119940 0.0067105 0.2518101 0.2567668 0.1118804 
n300_301   0.0033343 0.2617760 0.2570081 0.2807894 0.3744637 0.2473989 0.0000000 0.2713494 0.0100425 0.4317010 0.2899823 0.0659512 0.2663125 0.2711542 0.4797130 0.2812357 0.2665712 0.2524710 0.2912720 0.2473989 0.0660027 0.0134323 0.2476388 
n275_276   0.2666542 0.0376968 0.0341875 0.0272033 0.3981901 0.2911271 0.2713494 0.0000000 0.2712700 0.4511312 0.0809669 0.2852175 0.0168822 0.0203067 0.4446689 0.0272384 0.0412270 0.2531434 0.1395367 0.2911271 0.2807481 0.2859503 0.2530343 
n274_275   0.0134219 0.2616997 0.2569333 0.2807071 0.3799176 0.2520134 0.0100425 0.2712700 0.0000000 0.4375714 0.2898972 0.0695772 0.2662349 0.2710750 0.4674941 0.2811532 0.2664934 0.2571219 0.2911862 0.2520134 0.0696315 0.0236572 0.2522588 
n255_256   0.4377499 0.4506384 0.4444575 0.4445746 0.0553273 0.4205396 0.4317010 0.4511312 0.4375714 0.0000000 0.4629108 0.4547620 0.4325218 0.4325588 0.3907053 0.4516618 0.4444257 0.4272373 0.4905277 0.4321620 0.4493448 0.4498357 0.4093769 
n236_237   0.2949624 0.0846982 0.0809640 0.0883830 0.4264364 0.3152159 0.2899823 0.0809669 0.2898972 0.4629108 0.0000000 0.3042748 0.0771954 0.0809100 0.5002244 0.0885027 0.0884587 0.2712488 0.1514455 0.3152159 0.2997202 0.3049187 0.2711326 
n278_279   0.0695979 0.2852799 0.2803662 0.2948004 0.3959309 0.2561332 0.0659512 0.2852175 0.0695772 0.4547620 0.3042748 0.0000000 0.2800882 0.2850126 0.4784149 0.2952732 0.2902169 0.2564537 0.3054255 0.2561332 0.0133981 0.0769252 0.2561769 
n297_298   0.2711430 0.0341630 0.0306732 0.0237295 0.3808650 0.2859411 0.2663125 0.0168822 0.2662349 0.4325218 0.0771954 0.2800882 0.0000000 0.0100769 0.4384986 0.0237600 0.0376732 0.2482300 0.1353962 0.2859411 0.2756471 0.2808037 0.2481230 
n298_299   0.2760179 0.0376705 0.0341637 0.0271843 0.3865564 0.2909175 0.2711542 0.0203067 0.2710750 0.4325588 0.0809100 0.2850126 0.0100769 0.0000000 0.4382898 0.0272194 0.0411983 0.2529611 0.1394374 0.2909175 0.2805463 0.2857444 0.2528521 
n244_245   0.4861561 0.4380446 0.4384376 0.4503996 0.3804656 0.5018135 0.4797130 0.4446689 0.4674941 0.3907053 0.5002244 0.4784149 0.4384986 0.4382898 0.0000000 0.4575560 0.4506641 0.4705163 0.4694147 0.5018135 0.4728527 0.4990352 0.4765731 
n293_294   0.2861713 0.0447915 0.0412459 0.0134829 0.3986508 0.2914502 0.2812357 0.0272384 0.2811532 0.4516618 0.0885027 0.2952732 0.0237600 0.0272194 0.4575560 0.0000000 0.0483590 0.2534206 0.1436746 0.2914502 0.2907522 0.2960399 0.2533113 
n296_297   0.2714071 0.0168809 0.0134731 0.0482957 0.3919904 0.2815394 0.2665712 0.0412270 0.2664934 0.4444257 0.0884587 0.2902169 0.0376732 0.0411983 0.4506641 0.0483590 0.0000000 0.2484990 0.1354900 0.2815394 0.2857219 0.2810786 0.2483918 
n266_267   0.2572140 0.2530662 0.2483461 0.2530262 0.3702531 0.1119291 0.2524710 0.2531434 0.2571219 0.4272373 0.2712488 0.2564537 0.2482300 0.2529611 0.4705163 0.2534206 0.2484990 0.0000000 0.2632288 0.1119291 0.2567047 0.2667017 0.0135099 
n200_201   0.2962787 0.1314655 0.1274715 0.1434701 0.4467969 0.3119940 0.2912720 0.1395367 0.2911862 0.4905277 0.1514455 0.3054255 0.1353962 0.1394374 0.4694147 0.1436746 0.1354900 0.2632288 0.0000000 0.3119940 0.3008511 0.3062882 0.2631153 
n285_286   0.2521032 0.2862958 0.2813632 0.2909837 0.3692773 0.0067105 0.2473989 0.2911271 0.2520134 0.4321620 0.3152159 0.2561332 0.2859411 0.2909175 0.5018135 0.2914502 0.2815394 0.1119291 0.3119940 0.0000000 0.2518101 0.2567668 0.1118804 
n277_278   0.0696522 0.2808089 0.2759200 0.2902878 0.3908690 0.2518101 0.0660027 0.2807481 0.0696315 0.4493448 0.2997202 0.0133981 0.2756471 0.2805463 0.4728527 0.2907522 0.2857219 0.2567047 0.3008511 0.2518101 0.0000000 0.0769854 0.2518519 
n280_281   0.0168305 0.2761902 0.2713269 0.2955644 0.3912506 0.2567668 0.0134323 0.2859503 0.0236572 0.4498357 0.3049187 0.0769252 0.2808037 0.2857444 0.4990352 0.2960399 0.2810786 0.2667017 0.3062882 0.2567668 0.0769854 0.0000000 0.2617707 
n265_266   0.2523487 0.2529572 0.2482390 0.2529172 0.3536970 0.1118804 0.2476388 0.2530343 0.2522588 0.4093769 0.2711326 0.2561769 0.2481230 0.2528521 0.4765731 0.2533113 0.2483918 0.0135099 0.2631153 0.1118804 0.2518519 0.2617707 0.0000000 
