26
n295_298   0.0000000 0.1892943 2.4764453 3.8548339 3.3921446 2.7270171 1.0617926 2.8109875 1.9239990 2.5313978 0.2916356 2.6263123 0.3409826 0.3450795 1.9331314 2.7168509 0.7751409 0.3388034 0.1714379 0.1848683 3.0364155 2.7325128 0.3300471 2.7932533 0.0487353 2.0830115 
n290_293   0.1892943 0.0000000 3.0897383 3.5143354 2.4822014 2.3063415 1.1906724 2.4134481 2.1440029 2.1707812 0.2965688 2.3159771 0.3300985 0.3447798 2.1949516 3.7684349 0.7534311 0.3441339 0.0273242 0.0379427 2.5435344 3.3949848 0.3302218 2.3457820 0.1586493 2.2372126 
n266_269   2.4764453 3.0897383 0.0000000 3.3897946 1.4545590 1.7031770 1.7561385 1.6772681 0.8315072 1.6462860 2.4344038 1.5323306 2.6117632 2.7002087 0.8644306 3.2337543 1.9634513 2.9881669 2.7901304 3.1064131 1.7765182 0.1526500 2.5267591 1.7637899 2.6935405 2.2279388 
n255_258   3.8548339 3.5143354 3.3897946 0.0000000 3.4223169 2.3494764 2.2609859 2.7529327 3.8066177 2.5661030 3.5521349 3.2601994 2.5581295 2.5688195 3.1808397 0.3044315 2.6281598 2.4303733 3.4970577 3.9248095 2.5639647 2.7331457 2.3768039 2.3488299 3.6157522 2.3975628 
n277_280   3.3921446 2.4822014 1.4545590 3.4223169 0.0000000 0.5299372 1.8189327 0.5218401 1.5719062 0.5370652 2.0804590 0.1415633 2.1381506 2.5101728 1.6497165 2.2945034 1.9953981 2.7395480 2.4676621 2.4221576 0.5212663 1.4491799 2.1847749 0.5520256 3.4026919 3.1808010 
n299_302   2.7270171 2.3063415 1.7031770 2.3494764 0.5299372 0.0000000 2.1387074 0.1046976 1.7679809 0.0483128 2.1652314 0.5393872 2.3041593 2.4761904 1.9823795 2.6831581 2.1484151 2.3569754 2.3320915 2.2060827 0.0741506 1.9118486 2.2841451 0.0237231 2.5084190 7.4201444 
n200_201   1.0617926 1.1906724 1.7561385 2.2609859 1.8189327 2.1387074 0.0000000 1.9438052 1.7798305 2.0756132 1.0983928 1.8655968 1.0773540 1.2018578 1.8042862 2.4627539 0.8935553 1.1669421 1.1862965 1.1927044 1.9504448 1.6095332 1.0612663 2.1997211 1.0940846 2.5379866 
n274_277   2.8109875 2.4134481 1.6772681 2.7529327 0.5218401 0.1046976 1.9438052 0.0000000 1.6442228 0.1284534 2.2769248 0.5312427 2.4297713 2.6542899 1.8304409 2.8952363 2.1023496 2.7405370 2.3687162 2.2388050 0.1164933 1.8318612 2.4066317 0.1165377 2.6453458 9.0000000 
n286_289   1.9239990 2.1440029 0.8315072 3.8066177 1.5719062 1.7679809 1.7798305 1.6442228 0.0000000 1.7084742 2.1016366 1.5608566 2.0297065 2.0810861 0.0699647 3.8326044 1.5936157 2.0328845 2.0603466 2.1950005 1.7969387 0.7871194 2.0753952 1.7711982 2.2420139 2.4002642 
n292_295   2.5313978 2.1707812 1.6462860 2.5661030 0.5370652 0.0483128 2.0756132 0.1284534 1.7084742 0.0000000 2.0554554 0.5610838 2.1880910 2.2187394 1.9103503 3.0856218 2.0445288 2.2947517 2.1918974 2.0825030 0.1046655 1.8412136 2.1704260 0.0591457 2.3465524 8.9999987 
n275_278   0.2916356 0.2965688 2.4344038 3.5521349 2.0804590 2.1652314 1.0983928 2.2769248 2.1016366 2.0554554 0.0000000 2.1279300 0.1300339 0.1337960 2.1813955 3.0497406 0.6260103 0.1377547 0.2908377 0.2857822 2.4933569 3.3610301 0.1382496 2.1601849 0.2609103 2.0399905 
n278_281   2.6263123 2.3159771 1.5323306 3.2601994 0.1415633 0.5393872 1.8655968 0.5312427 1.5608566 0.5610838 2.1279300 0.0000000 2.1318045 2.3280426 1.7662415 2.5071407 2.3440975 2.5200724 2.3037915 2.2643263 0.5453932 1.6341031 2.1780693 0.5465520 2.6426046 3.9843192 
n297_300   0.3409826 0.3300985 2.6117632 2.5581295 2.1381506 2.3041593 1.0773540 2.4297713 2.0297065 2.1880910 0.1300339 2.1318045 0.0000000 0.1720843 2.1362730 2.4709708 0.6308256 0.1719711 0.3295726 0.3242168 2.6050732 3.3350423 0.0274172 2.2982740 0.3026581 2.0162962 
n293_296   0.3450795 0.3447798 2.7002087 2.5688195 2.5101728 2.4761904 1.2018578 2.6542899 2.0810861 2.2187394 0.1337960 2.3280426 0.1720843 0.0000000 2.1796127 2.5115039 0.6857692 0.0308775 0.3385717 0.3278992 2.6486766 2.6610042 0.1809503 2.3251962 0.3120979 2.0311270 
n285_288   1.9331314 2.1949516 0.8644306 3.1808397 1.6497165 1.9823795 1.8042862 1.8304409 0.0699647 1.9103503 2.1813955 1.7662415 2.1362730 2.1796127 0.0000000 3.9585562 1.7656183 2.1260634 2.1070631 2.1481651 2.0254616 0.7859681 2.1877801 1.9541673 2.2572535 2.9535009 
n251_254   2.7168509 3.7684349 3.2337543 0.3044315 2.2945034 2.6831581 2.4627539 2.8952363 3.8326044 3.0856218 3.0497406 2.5071407 2.4709708 2.5115039 3.9585562 0.0000000 2.5440013 2.4421759 3.3249209 3.7443153 3.0464896 3.0940260 2.3170104 2.5864637 2.6858849 1.8575016 
n236_239   0.7751409 0.7534311 1.9634513 2.6281598 1.9953981 2.1484151 0.8935553 2.1023496 1.5936157 2.0445288 0.6260103 2.3440975 0.6308256 0.6857692 1.7656183 2.5440013 0.0000000 0.6761073 0.7319511 0.7334108 2.2761454 2.0323937 0.6298388 2.2017482 0.7328853 2.2712674 
n294_297   0.3388034 0.3441339 2.9881669 2.4303733 2.7395480 2.3569754 1.1669421 2.7405370 2.0328845 2.2947517 0.1377547 2.5200724 0.1719711 0.0308775 2.1260634 2.4421759 0.6761073 0.0000000 0.3379421 0.3272951 2.5865495 2.9585887 0.1763884 2.2220960 0.3061681 1.8280754 
n287_290   0.1714379 0.0273242 2.7901304 3.4970577 2.4676621 2.3320915 1.1862965 2.3687162 2.0603466 2.1918974 0.2908377 2.3037915 0.3295726 0.3385717 2.1070631 3.3249209 0.7319511 0.3379421 0.0000000 0.0379183 2.4958664 3.0242269 0.3186824 2.3728674 0.1500134 2.3320819 
n289_292   0.1848683 0.0379427 3.1064131 3.9248095 2.4221576 2.2060827 1.1927044 2.2388050 2.1950005 2.0825030 0.2857822 2.2643263 0.3242168 0.3278992 2.1481651 3.7443153 0.7334108 0.3272951 0.0379183 0.0000000 2.3491215 3.2498313 0.3243341 2.2423103 0.1544194 2.2356903 
n280_283   3.0364155 2.5435344 1.7765182 2.5639647 0.5212663 0.0741506 1.9504448 0.1164933 1.7969387 0.1046655 2.4933569 0.5453932 2.6050732 2.6486766 2.0254616 3.0464896 2.2761454 2.5865495 2.4958664 2.3491215 0.0000000 1.9573545 2.7602967 0.0778811 2.8402305 9.0000000 
n265_268   2.7325128 3.3949848 0.1526500 2.7331457 1.4491799 1.9118486 1.6095332 1.8318612 0.7871194 1.8412136 3.3610301 1.6341031 3.3350423 2.6610042 0.7859681 3.0940260 2.0323937 2.9585887 3.0242269 3.2498313 1.9573545 0.0000000 3.5029401 1.9878813 3.1110903 2.1469257 
n298_301   0.3300471 0.3302218 2.5267591 2.3768039 2.1847749 2.2841451 1.0612663 2.4066317 2.0753952 2.1704260 0.1382496 2.1780693 0.0274172 0.1809503 2.1877801 2.3170104 0.6298388 0.1763884 0.3186824 0.3243341 2.7602967 3.5029401 0.0000000 2.2784096 0.3028809 2.0673040 
n300_303   2.7932533 2.3457820 1.7637899 2.3488299 0.5520256 0.0237231 2.1997211 0.1165377 1.7711982 0.0591457 2.1601849 0.5465520 2.2982740 2.3251962 1.9541673 2.5864637 2.2017482 2.2220960 2.3728674 2.2423103 0.0778811 1.9878813 2.2784096 0.0000000 2.5547981 8.9999987 
n296_299   0.0487353 0.1586493 2.6935405 3.6157522 3.4026919 2.5084190 1.0940846 2.6453458 2.2420139 2.3465524 0.2609103 2.6426046 0.3026581 0.3120979 2.2572535 2.6858849 0.7328853 0.3061681 0.1500134 0.1544194 2.8402305 3.1110903 0.3028809 2.5547981 0.0000000 2.1727167 
n244_247   2.0830115 2.2372126 2.2279388 2.3975628 3.1808010 7.4201444 2.5379866 9.0000000 2.4002642 8.9999987 2.0399905 3.9843192 2.0162962 2.0311270 2.9535009 1.8575016 2.2712674 1.8280754 2.3320819 2.2356903 9.0000000 2.1469257 2.0673040 8.9999987 2.1727167 0.0000000 
