27
n295_298   0.0000000 0.1741610 2.1935185 2.5380544 2.3253565 2.3326728 2.5204005 2.4616118 0.9979069 2.7111493 0.6116446 2.2997932 0.2571543 2.0422018 0.2473263 0.2765820 2.3692510 0.0272576 0.2669370 0.1655837 0.1914247 2.5923892 2.6396917 3.4290421 2.5845684 0.2470625 2.5306001 
n290_293   0.1741610 0.0000000 2.3761925 2.4941064 2.2605181 2.4413341 2.8796774 2.3301237 0.9693143 2.7243351 0.5865984 2.5046275 0.2819140 2.1866031 0.2814605 0.2964590 2.4685404 0.1741266 0.2814321 0.0630002 0.0592659 2.6772141 2.5931661 3.1193206 2.4916162 0.2864088 2.7994913 
n265_268   2.1935185 2.3761925 0.0000000 0.1403376 2.5277455 2.3321487 1.7584484 1.9173244 2.5453331 1.8700526 2.1902557 1.8625851 2.2398194 2.2816653 2.2903192 2.6438078 0.9861006 2.3829945 2.4521610 2.6610156 2.8626552 1.9860233 0.9633037 3.3238407 2.1371148 2.2086662 1.7534825 
n266_269   2.5380544 2.4941064 0.1403376 0.0000000 2.2292276 2.5341939 1.9129892 2.2083986 2.3754700 2.0921760 2.5744862 1.9532452 2.3152669 2.6365873 2.3739331 2.5801163 0.9734088 2.7353680 2.6366443 2.6197112 2.8157971 2.2539260 0.9377994 3.2490404 2.4542584 2.1731407 1.8688793 
n244_245   2.3253565 2.2605181 2.5277455 2.2292276 0.0000000 4.0864057 3.4696360 2.2023375 2.8606661 2.7785007 1.8585482 3.2940495 2.1896674 3.2792205 2.4860299 2.5570729 1.8408602 2.3533460 2.5590301 2.3835344 2.3182331 2.8472778 1.9269101 2.3147086 2.4929370 2.4961706 3.5051610 
n277_280   2.3326728 2.4413341 2.3321487 2.5341939 4.0864057 0.0000000 0.4197397 1.4901460 2.0104921 0.4013074 2.7073695 0.4195214 2.1448934 0.1244194 1.9683947 1.8243451 2.3346527 2.1561270 1.9103927 2.2590168 2.4705986 0.3847365 2.3439303 2.3287917 1.7598956 1.9728074 0.4259507 
n299_302   2.5204005 2.8796774 1.7584484 1.9129892 3.4696360 0.4197397 0.0000000 2.1813340 2.5166441 0.0812283 3.3699056 0.0341194 2.7167727 0.4391844 2.3100979 2.0750778 1.9957492 2.7068847 2.0891029 2.3891282 3.1561823 0.0851387 2.2546481 5.2798173 2.4347297 2.2452700 0.0202646 
n236_267   2.4616118 2.3301237 1.9173244 2.2083986 2.2023375 1.4901460 2.1813340 0.0000000 2.4188605 2.0798844 9.0000000 2.2466772 2.6745384 1.6861648 2.4386614 2.6517090 2.3266224 2.5553168 2.5663870 2.2633026 2.3386574 2.0803557 2.5476184 0.3123439 0.1737169 2.5019511 2.1285123 
n200_201   0.9979069 0.9693143 2.5453331 2.3754700 2.8606661 2.0104921 2.5166441 2.4188605 0.0000000 2.4621363 0.9814182 2.3654492 1.0279786 1.8168785 1.0368635 0.9977832 2.5892602 0.9983070 1.0123657 0.9680996 1.0325108 2.3776620 2.7703454 3.0386070 3.0744507 1.0250081 2.6045512 
n274_277   2.7111493 2.7243351 1.8700526 2.0921760 2.7785007 0.4013074 0.0812283 2.0798844 2.4621363 0.0000000 2.9654088 0.0736977 2.7295226 0.4201590 2.3831106 2.0065613 1.8993077 2.9371708 2.1076036 2.3604486 2.8626723 0.0813123 2.1265879 5.3337124 2.4836912 2.3140919 0.0737377 
n236_237   0.6116446 0.5865984 2.1902557 2.5744862 1.8585482 2.7073695 3.3699056 9.0000000 0.9814182 2.9654088 0.0000000 3.2719861 0.6462240 2.3863678 0.6293928 0.6616250 2.4918937 0.5880100 0.6631391 0.5499638 0.5411385 3.1386186 2.3326379 4.9647889 9.0000000 0.6721327 3.5009930 
n292_295   2.2997932 2.5046275 1.8625851 1.9532452 3.2940495 0.4195214 0.0341194 2.2466772 2.3654492 0.0736977 3.2719861 0.0000000 2.5181380 0.4389529 2.1749273 2.0598399 1.9395977 2.4433341 2.0735039 2.1457839 2.6840959 0.0775493 2.1796009 5.8991715 2.3908571 2.1194412 0.0271460 
n275_278   0.2571543 0.2819140 2.2398194 2.3152669 2.1896674 2.1448934 2.7167727 2.6745384 1.0279786 2.7295226 0.6462240 2.5181380 0.0000000 2.0106047 0.0929872 0.1405713 2.1030049 0.2619654 0.1447983 0.2768535 0.2869377 2.6060684 2.3425701 3.4103214 3.1317061 0.0929891 2.8188853 
n278_281   2.0422018 2.1866031 2.2816653 2.6365873 3.2792205 0.1244194 0.4391844 1.6861648 1.8168785 0.4201590 2.3863678 0.4389529 2.0106047 0.0000000 1.8531949 1.6315203 2.4354020 1.9601432 1.6680475 2.1504630 2.2062464 0.4027893 2.5170861 3.3763459 2.0040482 1.8596613 0.4455892 
n297_300   0.2473263 0.2814605 2.2903192 2.3739331 2.4860299 1.9683947 2.3100979 2.4386614 1.0368635 2.3831106 0.6293928 2.1749273 0.0929872 1.8531949 0.0000000 0.1044793 1.8779226 0.2423270 0.1084637 0.2618529 0.3019347 2.2258764 2.1070715 3.1963065 2.5916575 0.0238022 2.3764487 
n293_296   0.2765820 0.2964590 2.6438078 2.5801163 2.5570729 1.8243451 2.0750778 2.6517090 0.9977832 2.0065613 0.6616250 2.0598399 0.1405713 1.6315203 0.1044793 0.0000000 2.1065207 0.2765360 0.0377432 0.2765058 0.3175109 1.9415404 2.4163334 6.2777307 3.2398598 0.1124058 2.1291326 
n285_288   2.3692510 2.4685404 0.9861006 0.9734088 1.8408602 2.3346527 1.9957492 2.3266224 2.5892602 1.8993077 2.4918937 1.9395977 2.1030049 2.4354020 1.8779226 2.1065207 0.0000000 2.1873922 1.7830275 2.6814835 3.1724882 1.8656058 0.0702980 2.2247940 2.1046661 1.9145410 1.9490374 
n296_299   0.0272576 0.1741266 2.3829945 2.7353680 2.3533460 2.1561270 2.7068847 2.5553168 0.9983070 2.9371708 0.5880100 2.4433341 0.2619654 1.9601432 0.2423270 0.2765360 2.1873922 0.0000000 0.2668918 0.1655506 0.1913879 2.6797935 2.4023412 3.0006163 2.5830901 0.2517992 2.7203039 
n294_297   0.2669370 0.2814321 2.4521610 2.6366443 2.5590301 1.9103927 2.0891029 2.5663870 1.0123657 2.1076036 0.6631391 2.0735039 0.1447983 1.6680475 0.1084637 0.0377432 1.7830275 0.2668918 0.0000000 0.2619784 0.3073366 2.0358942 2.0743301 3.9848328 2.9659245 0.1204000 2.1442455 
n287_290   0.1655837 0.0630002 2.6610156 2.6197112 2.3835344 2.2590168 2.3891282 2.2633026 0.9680996 2.3604486 0.5499638 2.1457839 0.2768535 2.1504630 0.2618529 0.2765058 2.6814835 0.1655506 0.2619784 0.0000000 0.0629542 2.3240611 2.8555798 3.1376218 2.4314880 0.2666750 2.3365398 
n289_292   0.1914247 0.0592659 2.8626552 2.8157971 2.3182331 2.4705986 3.1561823 2.3386574 1.0325108 2.8626723 0.5411385 2.6840959 0.2869377 2.2062464 0.3019347 0.3175109 3.1724882 0.1913879 0.3073366 0.0629542 0.0000000 3.0191290 3.3011559 3.5146812 2.6739344 0.3070257 3.0549185 
n280_283   2.5923892 2.6772141 1.9860233 2.2539260 2.8472778 0.3847365 0.0851387 2.0803557 2.3776620 0.0813123 3.1386186 0.0775493 2.6060684 0.4027893 2.2258764 1.9415404 1.8656058 2.6797935 2.0358942 2.3240611 3.0191290 0.0000000 2.0977252 6.5790141 2.5389682 2.1777627 0.0738815 
n286_289   2.6396917 2.5931661 0.9633037 0.9377994 1.9269101 2.3439303 2.2546481 2.5476184 2.7703454 2.1265879 2.3326379 2.1796009 2.3425701 2.5170861 2.1070715 2.4163334 0.0702980 2.4023412 2.0743301 2.8555798 3.3011559 2.0977252 0.0000000 2.5550400 2.3423294 2.1034693 2.1932479 
n255_256   3.4290421 3.1193206 3.3238407 3.2490404 2.3147086 2.3287917 5.2798173 0.3123439 3.0386070 5.3337124 4.9647889 5.8991715 3.4103214 3.3763459 3.1963065 6.2777307 2.2247940 3.0006163 3.9848328 3.1376218 3.5146812 6.5790141 2.5550400 0.0000000 0.3062862 4.1745981 4.6144003 
n251_266   2.5845684 2.4916162 2.1371148 2.4542584 2.4929370 1.7598956 2.4347297 0.1737169 3.0744507 2.4836912 9.0000000 2.3908571 3.1317061 2.0040482 2.5916575 3.2398598 2.1046661 2.5830901 2.9659245 2.4314880 2.6739344 2.5389682 2.3423294 0.3062862 0.0000000 2.7860273 2.3658310 
n298_301   0.2470625 0.2864088 2.2086662 2.1731407 2.4961706 1.9728074 2.2452700 2.5019511 1.0250081 2.3140919 0.6721327 2.1194412 0.0929891 1.8596613 0.0238022 0.1124058 1.9145410 0.2517992 0.1204000 0.2666750 0.3070257 2.1777627 2.1034693 4.1745981 2.7860273 0.0000000 2.3065214 
n300_303   2.5306001 2.7994913 1.7534825 1.8688793 3.5051610 0.4259507 0.0202646 2.1285123 2.6045512 0.0737377 3.5009930 0.0271460 2.8188853 0.4455892 2.3764487 2.1291326 1.9490374 2.7203039 2.1442455 2.3365398 3.0549185 0.0738815 2.1932479 4.6144003 2.3658310 2.3065214 0.0000000 
