25
n287_288   0.0000000 0.0134820 0.0897652 0.3639852 0.3226380 0.3958707 0.3639269 0.3640482 0.0522925 0.3766517 0.3702004 0.0237903 0.0559292 0.0523265 0.0559176 0.0100826 0.3280433 0.3801270 0.0203451 0.3652776 0.4006692 0.0595732 0.1787626 0.3700877 0.4071744 
n290_291   0.0134820 0.0000000 0.0975408 0.3691560 0.3221065 0.3951944 0.3690989 0.3692219 0.0596129 0.3819085 0.3754140 0.0307603 0.0632914 0.0596518 0.0632780 0.0168977 0.3275019 0.3853774 0.0272795 0.3646615 0.4060712 0.0669759 0.1878136 0.3752970 0.4126179 
n236_237   0.0897652 0.0975408 0.0000000 0.3456839 0.3003096 0.3649934 0.3458255 0.3513775 0.0857861 0.3637061 0.3573973 0.0974896 0.0896111 0.0858427 0.0895907 0.0936290 0.3055392 0.4097317 0.0936447 0.3413350 0.4244201 0.0934365 0.1601132 0.3516092 0.4240215 
n278_279   0.3639852 0.3691560 0.3456839 0.0000000 0.3163328 0.3399947 0.0595959 0.0559387 0.3578110 0.0633904 0.0596307 0.3756936 0.3576920 0.3580910 0.3461586 0.3639346 0.3272816 0.3940976 0.3633404 0.3348164 0.3897119 0.3518750 0.3601108 0.0067018 0.4271631 
n285_286   0.3226380 0.3221065 0.3003096 0.3163328 0.0000000 0.1513616 0.3107552 0.3108575 0.3281029 0.3223930 0.3164959 0.3282938 0.3279945 0.3283545 0.3226388 0.3281639 0.0100872 0.4272258 0.3114608 0.1432348 0.4240470 0.3281492 0.3299349 0.3219831 0.4284003 
n265_266   0.3958707 0.3951944 0.3649934 0.3399947 0.1513616 0.0000000 0.3578241 0.3579433 0.3952206 0.3704215 0.3640352 0.4021994 0.3950881 0.4013679 0.4021206 0.4020422 0.1555741 0.4356433 0.3833441 0.0309035 0.4513624 0.4083358 0.3916137 0.3458696 0.4441389 
n280_281   0.3639269 0.3690989 0.3458255 0.0595959 0.3107552 0.3578241 0.0000000 0.0033514 0.3522571 0.0101236 0.0067236 0.3756382 0.3521398 0.3525321 0.3410162 0.3638762 0.3216167 0.4130431 0.3632820 0.3470084 0.4165352 0.3466987 0.3548633 0.0633088 0.4209755 
n299_300   0.3640482 0.3692219 0.3513775 0.0559387 0.3108575 0.3579433 0.0033514 0.0000000 0.3578705 0.0067319 0.0033533 0.3757636 0.3577513 0.3581506 0.3465445 0.3639975 0.3217228 0.4131818 0.3634030 0.3471240 0.4102285 0.3522699 0.3605208 0.0596294 0.4211174 
n293_294   0.0522925 0.0596129 0.0857861 0.3578110 0.3281029 0.3952206 0.3522571 0.3578705 0.0000000 0.3703517 0.3639638 0.0595835 0.0033408 0.0100698 0.0168867 0.0559356 0.3335507 0.3922354 0.0559446 0.3646847 0.3940216 0.0203161 0.1782630 0.3638563 0.4319229 
n274_275   0.3766517 0.3819085 0.3637061 0.0633904 0.3223930 0.3704215 0.0101236 0.0067319 0.3703517 0.0000000 0.0101292 0.3885915 0.3702280 0.3706441 0.3588094 0.3765988 0.3334556 0.4267727 0.3759776 0.3594117 0.4238349 0.3646439 0.3731063 0.0671330 0.4349105 
n292_293   0.3702004 0.3754140 0.3573973 0.0596307 0.3164959 0.3640352 0.0067236 0.0033533 0.3639638 0.0101292 0.0000000 0.3820239 0.3638424 0.3642498 0.3525337 0.3701486 0.3274559 0.4198102 0.3695412 0.3531243 0.4108171 0.3583116 0.3666646 0.0633459 0.4278435 
n296_297   0.0237903 0.0307603 0.0974896 0.3756936 0.3282938 0.4021994 0.3756382 0.3757636 0.0595835 0.3885915 0.3820239 0.0000000 0.0632600 0.0596223 0.0632466 0.0272628 0.3337423 0.3866323 0.0100880 0.3713314 0.4013181 0.0669425 0.1876986 0.3819009 0.4139905 
n294_295   0.0559292 0.0632914 0.0896111 0.3576920 0.3279945 0.3950881 0.3521398 0.3577513 0.0033408 0.3702280 0.3638424 0.0632600 0.0000000 0.0134606 0.0203161 0.0595926 0.3334404 0.3924852 0.0596022 0.3645631 0.3942735 0.0237634 0.1827122 0.3637350 0.4322028 
n275_276   0.0523265 0.0596518 0.0858427 0.3580910 0.3283545 0.4013679 0.3525321 0.3581506 0.0100698 0.3706441 0.3642498 0.0596223 0.0134606 0.0000000 0.0168973 0.0559720 0.3338071 0.3921669 0.0559810 0.3705668 0.3939525 0.0203290 0.1783883 0.3641420 0.4318504 
n297_298   0.0559176 0.0632780 0.0895907 0.3461586 0.3226388 0.4021206 0.3410162 0.3465445 0.0168867 0.3588094 0.3525337 0.0632466 0.0203161 0.0168973 0.0000000 0.0595801 0.3280452 0.4041471 0.0595897 0.3712494 0.4060068 0.0033408 0.1738756 0.3520965 0.4445474 
n289_290   0.0100826 0.0168977 0.0936290 0.3639346 0.3281639 0.4020422 0.3638762 0.3639975 0.0559356 0.3765988 0.3701486 0.0272628 0.0595926 0.0559720 0.0595801 0.0000000 0.3336105 0.3677372 0.0238002 0.3711853 0.3998444 0.0632562 0.1740429 0.3700359 0.3942161 
n286_287   0.3280433 0.3275019 0.3055392 0.3272816 0.0100872 0.1555741 0.3216167 0.3217228 0.3335507 0.3334556 0.3274559 0.3337423 0.3334404 0.3338071 0.3280452 0.3336105 0.0000000 0.4334413 0.3167796 0.1474069 0.4302685 0.3335971 0.3354155 0.3330254 0.4346376 
n255_256   0.3801270 0.3853774 0.4097317 0.3940976 0.4272258 0.4356433 0.4130431 0.4131818 0.3922354 0.4267727 0.4198102 0.3866323 0.3924852 0.3921669 0.4041471 0.3677372 0.4334413 0.0000000 0.3917888 0.4349628 0.2851204 0.4103345 0.3785805 0.4063934 0.0412756 
n295_296   0.0203451 0.0272795 0.0936447 0.3633404 0.3114608 0.3833441 0.3632820 0.3634030 0.0559446 0.3759776 0.3695412 0.0100880 0.0596022 0.0559810 0.0595897 0.0238002 0.3167796 0.3917888 0.0000000 0.3533038 0.4002668 0.0632665 0.1784852 0.3694291 0.4193293 
n266_267   0.3652776 0.3646615 0.3413350 0.3348164 0.1432348 0.0309035 0.3470084 0.3471240 0.3646847 0.3594117 0.3531243 0.3713314 0.3645631 0.3705668 0.3712494 0.3711853 0.1474069 0.4349628 0.3533038 0.0000000 0.4321323 0.3771941 0.3611118 0.3406514 0.4434382 
n244_245   0.4006692 0.4060712 0.4244201 0.3897119 0.4240470 0.4513624 0.4165352 0.4102285 0.3940216 0.4238349 0.4108171 0.4013181 0.3942735 0.3939525 0.4060068 0.3998444 0.4302685 0.2851204 0.4002668 0.4321323 0.0000000 0.4122335 0.4069070 0.3960695 0.2920320 
n298_299   0.0595732 0.0669759 0.0934365 0.3518750 0.3281492 0.4083358 0.3466987 0.3522699 0.0203161 0.3646439 0.3583116 0.0669425 0.0237634 0.0203290 0.0033408 0.0632562 0.3335971 0.4103345 0.0632665 0.3771941 0.4122335 0.0000000 0.1782965 0.3578637 0.4511211 
n200_201   0.1787626 0.1878136 0.1601132 0.3601108 0.3299349 0.3916137 0.3548633 0.3605208 0.1782630 0.3731063 0.3666646 0.1876986 0.1827122 0.1783883 0.1738756 0.1740429 0.3354155 0.3785805 0.1784852 0.3611118 0.4069070 0.1782965 0.0000000 0.3661990 0.3921477 
n277_278   0.3700877 0.3752970 0.3516092 0.0067018 0.3219831 0.3458696 0.0633088 0.0596294 0.3638563 0.0671330 0.0633459 0.3819009 0.3637350 0.3641420 0.3520965 0.3700359 0.3330254 0.4063934 0.3694291 0.3406514 0.3960695 0.3578637 0.3661990 0.0000000 0.4277171 
n251_252   0.4071744 0.4126179 0.4240215 0.4271631 0.4284003 0.4441389 0.4209755 0.4211174 0.4319229 0.4349105 0.4278435 0.4139905 0.4322028 0.4318504 0.4445474 0.3942161 0.4346376 0.0412756 0.4193293 0.4434382 0.2920320 0.4511211 0.3921477 0.4277171 0.0000000 
