26
n299_300   0.0000000 0.0342535 1.8496670 2.8391295 2.0412043 0.5267401 2.0594610 1.9179552 0.1618901 1.6861084 1.6379825 1.7050269 0.0413982 0.4994233 1.6972950 1.9492846 1.6660719 1.7895041 1.6232711 2.2849354 1.8069465 1.6389546 1.7441266 1.5317117 0.1207699 1.8575473 
n300_301   0.0342535 0.0000000 1.9285820 2.9590926 1.9942056 0.5267769 2.0220196 1.9099277 0.1574886 1.7860759 1.6709279 1.7025207 0.0342560 0.4857085 1.6972883 1.9850350 1.7554181 1.8924658 1.7151961 2.2207157 1.8448093 1.6984886 1.7483782 1.5106961 0.1165532 1.8978404 
n290_291   1.8496670 1.9285820 0.0000000 4.3457393 3.3700848 2.7068330 1.2005079 0.9051939 1.8168501 0.0666190 0.1410792 0.3764561 2.1117117 2.5146717 0.3311743 0.3370530 2.3909831 2.3098868 0.0629617 6.5902055 0.3042688 0.1491513 2.1663946 2.4193740 1.7262466 0.3200488 
n244_245   2.8391295 2.9590926 4.3457393 0.0000000 2.7201336 2.3699459 2.3610255 2.8994255 2.6011363 3.2210231 3.9846732 3.0118351 3.0303403 2.4702511 3.9205762 3.9988251 2.3107180 2.5454582 4.8649866 2.4987314 3.2115914 4.3078722 2.5628321 3.0298137 2.6038973 3.2388204 
n255_256   2.0412043 1.9942056 3.3700848 2.7201336 0.0000000 2.0745372 2.2012094 2.6705445 2.2733499 3.3617415 2.9680515 2.3170172 1.9580940 2.3101271 2.1064810 2.3251324 3.9923506 2.9237340 4.1364647 0.2936167 2.7762167 2.7842131 3.5549711 3.4959435 1.9841671 2.8315165 
n277_278   0.5267401 0.5267769 2.7068330 2.3699459 2.0745372 0.0000000 2.4739055 2.1304499 0.4909132 2.5607037 2.3139785 2.0027928 0.4985780 0.1245458 1.9588372 2.0291229 1.7891750 1.9980482 2.5431116 2.0297950 2.3815874 2.3559603 1.3502363 1.4163605 0.4916069 2.1546045 
n200_201   2.0594610 2.0220196 1.2005079 2.3610255 2.2012094 2.4739055 0.0000000 1.2261461 2.0843779 1.0859690 1.1804294 1.1055734 1.9744527 2.2909466 1.0513152 1.0520922 2.0146502 1.9258717 1.1667353 2.4017161 1.1226172 1.2146690 2.0957059 2.0559729 2.0729720 1.1686405 
n236_237   1.9179552 1.9099277 0.9051939 2.8994255 2.6705445 2.1304499 1.2261461 0.0000000 1.9080234 0.8351324 0.9297785 0.8057104 1.9988857 2.1944616 0.7831289 0.7814778 1.7791989 1.6590442 0.9188166 3.2689433 0.8690959 0.9656951 2.1125909 2.1996342 1.8463196 0.7704805 
n274_275   0.1618901 0.1574886 1.8168501 2.6011363 2.2733499 0.4909132 2.0843779 1.9080234 0.0000000 1.8441519 1.6025520 1.6319462 0.1534553 0.4574375 1.7848901 1.8261959 1.6567064 1.9216495 1.7365524 2.7351540 1.9543932 1.6207341 1.6495073 1.4761009 0.1244643 1.8729610 
n289_290   1.6861084 1.7860759 0.0666190 3.2210231 3.3617415 2.5607037 1.0859690 0.8351324 1.8441519 0.0000000 0.1367479 0.3588439 1.9419132 2.3992822 0.3042976 0.3096169 2.3108762 2.1400138 0.0665733 4.1578918 0.2985944 0.1365537 1.8946964 2.0431543 1.7686576 0.3089317 
n296_297   1.6379825 1.6709279 0.1410792 3.9846732 2.9680515 2.3139785 1.1804294 0.9297785 1.6025520 0.1367479 0.0000000 0.3094009 1.7738364 2.3645933 0.2888354 0.2995371 2.0888779 2.0720153 0.1328067 4.4841762 0.2684056 0.0342758 1.9750633 1.9975266 1.6523707 0.2884936 
n275_276   1.7050269 1.7025207 0.3764561 3.0118351 2.3170172 2.0027928 1.1055734 0.8057104 1.6319462 0.3588439 0.3094009 0.0000000 1.7019440 2.1315198 0.1449945 0.1535141 2.2930953 2.1120411 0.3590801 3.5301341 0.1367983 0.3201813 2.0498924 2.1859916 1.5693852 0.1325968 
n292_293   0.0413982 0.0342560 2.1117117 3.0303403 1.9580940 0.4985780 1.9744527 1.9988857 0.1534553 1.9419132 1.7738364 1.7019440 0.0000000 0.4718765 1.6998732 1.9523143 1.7924843 1.9356054 1.8578913 2.1609768 1.8436807 1.7721517 1.8128347 1.5826601 0.1048601 1.8964636 
n278_279   0.4994233 0.4857085 2.5146717 2.4702511 2.3101271 0.1245458 2.2909466 2.1944616 0.4574375 2.3992822 2.3645933 2.1315198 0.4718765 0.0000000 2.1215998 2.2708199 1.7977123 1.9660905 2.4583949 1.9775474 2.5011724 2.4166039 1.2676919 1.3294079 0.4583903 2.3742678 
n298_299   1.6972950 1.6972883 0.3311743 3.9205762 2.1064810 1.9588372 1.0513152 0.7831289 1.7848901 0.3042976 0.2888354 0.1449945 1.6998732 2.1215998 0.0000000 0.0484752 2.4285177 2.3451803 0.3203416 2.6831230 0.1411316 0.3043132 1.7435402 1.9986925 1.7150042 0.1409626 
n297_298   1.9492846 1.9850350 0.3370530 3.9988251 2.3251324 2.0291229 1.0520922 0.7814778 1.8261959 0.3096169 0.2995371 0.1535141 1.9523143 2.2708199 0.0484752 0.0000000 2.5748668 2.5462441 0.3261218 2.7711105 0.1579990 0.3152641 1.8084698 2.0352035 1.8844473 0.1619994 
n286_287   1.6660719 1.7554181 2.3909831 2.3107180 3.9923506 1.7891750 2.0146502 1.7791989 1.6567064 2.3108762 2.0888779 2.2930953 1.7924843 1.7977123 2.4285177 2.5748668 0.0000000 0.0703724 2.1119859 4.1432624 3.0334768 2.3526948 0.9974919 0.9711153 1.6856966 2.6431494 
n285_286   1.7895041 1.8924658 2.3098868 2.5454582 2.9237340 1.9980482 1.9258717 1.6590442 1.9216495 2.1400138 2.0720153 2.1120411 1.9356054 1.9660905 2.3451803 2.5462441 0.0703724 0.0000000 2.0509777 3.8607492 2.7200996 2.3294391 1.0785598 1.0205330 1.8146838 2.4177116 
n287_288   1.6232711 1.7151961 0.0629617 4.8649866 4.1364647 2.5431116 1.1667353 0.9188166 1.7365524 0.0665733 0.1328067 0.3590801 1.8578913 2.4583949 0.3203416 0.3261218 2.1119859 2.0509777 0.0000000 4.5183107 0.2988014 0.1407884 1.9997882 2.0828703 1.6953347 0.3144437 
n251_252   2.2849354 2.2207157 6.5902055 2.4987314 0.2936167 2.0297950 2.4017161 3.2689433 2.7351540 4.1578918 4.4841762 3.5301341 2.1609768 1.9775474 2.6831230 2.7711105 4.1432624 3.8607492 4.5183107 0.0000000 3.1743595 3.6566960 5.4879062 5.3405014 2.5028050 3.2729035 
n294_295   1.8069465 1.8448093 0.3042688 3.2115914 2.7762167 2.3815874 1.1226172 0.8690959 1.9543932 0.2985944 0.2684056 0.1367983 1.8436807 2.5011724 0.1411316 0.1579990 3.0334768 2.7200996 0.2988014 3.1743595 0.0000000 0.2835341 2.1365353 2.1882872 1.7901153 0.0521043 
n295_296   1.6389546 1.6984886 0.1491513 4.3078722 2.7842131 2.3559603 1.2146690 0.9656951 1.6207341 0.1365537 0.0342758 0.3201813 1.7721517 2.4166039 0.3043132 0.3152641 2.3526948 2.3294391 0.1407884 3.6566960 0.2835341 0.0000000 2.1524695 2.2272620 1.6206780 0.3040684 
n266_267   1.7441266 1.7483782 2.1663946 2.5628321 3.5549711 1.3502363 2.0957059 2.1125909 1.6495073 1.8946964 1.9750633 2.0498924 1.8128347 1.2676919 1.7435402 1.8084698 0.9974919 1.0785598 1.9997882 5.4879062 2.1365353 2.1524695 0.0000000 0.1668808 1.9123094 2.3050122 
n265_266   1.5317117 1.5106961 2.4193740 3.0298137 3.4959435 1.4163605 2.0559729 2.1996342 1.4761009 2.0431543 1.9975266 2.1859916 1.5826601 1.3294079 1.9986925 2.0352035 0.9711153 1.0205330 2.0828703 5.3405014 2.1882872 2.2272620 0.1668808 0.0000000 1.5837503 2.4390251 
n280_281   0.1207699 0.1165532 1.7262466 2.6038973 1.9841671 0.4916069 2.0729720 1.8463196 0.1244643 1.7686576 1.6523707 1.5693852 0.1048601 0.4583903 1.7150042 1.8844473 1.6856966 1.8146838 1.6953347 2.5028050 1.7901153 1.6206780 1.9123094 1.5837503 0.0000000 1.8015683 
n293_294   1.8575473 1.8978404 0.3200488 3.2388204 2.8315165 2.1546045 1.1686405 0.7704805 1.8729610 0.3089317 0.2884936 0.1325968 1.8964636 2.3742678 0.1409626 0.1619994 2.6431494 2.4177116 0.3144437 3.2729035 0.0521043 0.3040684 2.3050122 2.4390251 1.8015683 0.0000000 
