22
n287_288   0.0000000 0.1214041 0.2994527 0.2579009 0.3046209 0.3152275 0.3208250 0.0521661 0.3045769 0.0307692 0.0485373 0.0485641 0.0033391 0.2628384 0.3773978 0.0307980 0.2993781 0.4029857 0.3207807 0.1811449 0.3160470 0.3598613 
n236_237   0.1214041 0.0000000 0.2829804 0.2522813 0.2830572 0.3039229 0.3094175 0.1213415 0.2934560 0.1172739 0.1172698 0.1214009 0.1255098 0.2571699 0.4284629 0.1173855 0.2832364 0.4231385 0.3093736 0.1635745 0.2991220 0.4222789 
n278_279   0.2994527 0.2829804 0.0000000 0.2715664 0.2918354 0.0522775 0.0559391 0.3044013 0.0522963 0.2830209 0.2989431 0.2940555 0.3049243 0.2613367 0.4164628 0.2677619 0.2764053 0.4179838 0.0559273 0.3156591 0.0169364 0.4039978 
n285_286   0.2579009 0.2522813 0.2715664 0.0000000 0.1374835 0.2863766 0.2917038 0.2731888 0.2762099 0.2578311 0.2679817 0.2681443 0.2630308 0.0066756 0.3831628 0.2431053 0.1375582 0.4032783 0.2916608 0.2939561 0.2820996 0.3773555 
n265_266   0.3046209 0.2830572 0.2918354 0.1374835 0.0000000 0.3126189 0.3181616 0.3153136 0.3020692 0.2989614 0.3097619 0.3099545 0.3101343 0.1374200 0.3950631 0.2833402 0.0134724 0.4349865 0.3181176 0.3156368 0.3026993 0.4015354 
n280_281   0.3152275 0.3039229 0.0522775 0.2863766 0.3126189 0.0000000 0.0033449 0.3202721 0.0067069 0.2984094 0.3146877 0.3148836 0.3152601 0.2862312 0.4143265 0.2828278 0.3021092 0.4227770 0.0033442 0.3208582 0.0486561 0.3960986 
n299_300   0.3208250 0.3094175 0.0559391 0.2917038 0.3181616 0.0033449 0.0000000 0.3259074 0.0100905 0.3038568 0.3202739 0.3204740 0.3208582 0.2915552 0.4143714 0.2881492 0.3075665 0.4293701 0.0067083 0.3153414 0.0522959 0.3961411 
n293_294   0.0521661 0.1213415 0.3044013 0.2731888 0.3153136 0.3202721 0.3259074 0.0000000 0.3095545 0.0485148 0.0033440 0.0169046 0.0558196 0.2782374 0.3837239 0.0485593 0.3099930 0.4284246 0.3258631 0.1810506 0.3211085 0.3900023 
n274_275   0.3045769 0.2934560 0.0522963 0.2762099 0.3020692 0.0067069 0.0100905 0.3095545 0.0000000 0.2880267 0.3040577 0.3042459 0.3100870 0.2760705 0.4021024 0.2726689 0.2917110 0.4103549 0.0100883 0.3101194 0.0486734 0.3841674 
n296_297   0.0307692 0.1172739 0.2830209 0.2578311 0.2989614 0.2984094 0.3038568 0.0485148 0.2880267 0.0000000 0.0449103 0.0449350 0.0342944 0.2627674 0.3960584 0.0134839 0.2937638 0.4091532 0.3038131 0.1677942 0.2991698 0.3780410 
n294_295   0.0485373 0.1172698 0.2989431 0.2679817 0.3097619 0.3146877 0.3202739 0.0033440 0.3040577 0.0449103 0.0000000 0.0134834 0.0521679 0.2729914 0.3775774 0.0449515 0.3044839 0.4218411 0.3202297 0.1765639 0.3155043 0.3837937 
n297_298   0.0485641 0.1214009 0.2940555 0.2681443 0.3099545 0.3148836 0.3204740 0.0169046 0.3042459 0.0449350 0.0134834 0.0000000 0.0521968 0.2682594 0.3778215 0.0414298 0.3046727 0.4094301 0.3204297 0.1768432 0.3105087 0.3840429 
n289_290   0.0033391 0.1255098 0.3049243 0.2630308 0.3101343 0.3152601 0.3208582 0.0558196 0.3100870 0.0342944 0.0521679 0.0521968 0.0000000 0.2680060 0.3835385 0.0343257 0.3048495 0.4093806 0.3208139 0.1856719 0.3216643 0.3658464 
n286_287   0.2628384 0.2571699 0.2613367 0.0066756 0.1374200 0.2862312 0.2915552 0.2782374 0.2760705 0.2627674 0.2729914 0.2682594 0.2680060 0.0000000 0.3886625 0.2479404 0.1374947 0.4030567 0.2915122 0.2991536 0.2716968 0.3828178 
n255_256   0.3773978 0.4284629 0.4164628 0.3831628 0.3950631 0.4143265 0.4143714 0.3837239 0.4021024 0.3960584 0.3775774 0.3778215 0.3835385 0.3886625 0.0000000 0.3781296 0.3949261 0.3423045 0.4207675 0.4152912 0.4358330 0.0413100 
n295_296   0.0307980 0.1173855 0.2677619 0.2431053 0.2833402 0.2828278 0.2881492 0.0485593 0.2726689 0.0134839 0.0449515 0.0414298 0.0343257 0.2479404 0.3781296 0.0000000 0.2782533 0.3973652 0.2881062 0.1679581 0.2835366 0.3605524 
n266_267   0.2993781 0.2832364 0.2764053 0.1375582 0.0134724 0.3021092 0.3075665 0.3099930 0.2917110 0.2937638 0.3044839 0.3046727 0.3048495 0.1374947 0.3949261 0.2782533 0.0000000 0.4287780 0.3075229 0.3103132 0.2923131 0.3955495 
n244_245   0.4029857 0.4231385 0.4179838 0.4032783 0.4349865 0.4227770 0.4293701 0.4284246 0.4103549 0.4091532 0.4218411 0.4094301 0.4093806 0.4030567 0.3423045 0.3973652 0.4287780 0.0000000 0.4293288 0.4230971 0.4441476 0.3092252 
n300_301   0.3207807 0.3093736 0.0559273 0.2916608 0.3181176 0.0033442 0.0067083 0.3258631 0.0100883 0.3038131 0.3202297 0.3204297 0.3208139 0.2915122 0.4207675 0.2881062 0.3075229 0.4293288 0.0000000 0.3264607 0.0522849 0.4023732 
n200_201   0.1811449 0.1635745 0.3156591 0.2939561 0.3156368 0.3208582 0.3153414 0.1810506 0.3101194 0.1677942 0.1765639 0.1768432 0.1856719 0.2991536 0.4152912 0.1679581 0.3103132 0.4230971 0.3264607 0.0000000 0.3326735 0.3908393 
n277_278   0.3160470 0.2991220 0.0169364 0.2820996 0.3026993 0.0486561 0.0522959 0.3211085 0.0486734 0.2991698 0.3155043 0.3105087 0.3216643 0.2716968 0.4358330 0.2835366 0.2923131 0.4441476 0.0522849 0.3326735 0.0000000 0.4230265 
n251_252   0.3598613 0.4222789 0.4039978 0.3773555 0.4015354 0.3960986 0.3961411 0.3900023 0.3841674 0.3780410 0.3837937 0.3840429 0.3658464 0.3828178 0.0413100 0.3605524 0.3955495 0.3092252 0.4023732 0.3908393 0.4230265 0.0000000 
