32
n299_334   0.0000000 0.3899682 0.2955805 0.3485275 0.3616715 0.3166917 0.4018937 0.0033451 0.3005847 0.2723347 0.0134698 0.2929052 0.0484211 0.2980042 0.3375270 0.3218451 0.3907854 0.3906910 0.3059769 0.4027135 0.3907203 0.3379547 0.0033429 0.0448050 0.3005538 0.0100850 0.3116010 0.3971242 0.2725133 0.3906891 0.3008171 0.3851975 
n251_268   0.3899682 0.0000000 0.4186675 0.4560160 0.0377777 0.4314346 0.2953307 0.3903121 0.4245829 0.4259632 0.3730149 0.4030915 0.3613560 0.4090064 0.4191108 0.4374561 0.2909869 0.2912286 0.4310795 0.2964318 0.2861460 0.4564123 0.3840242 0.3555123 0.4245326 0.3843081 0.4377822 0.3179458 0.4143110 0.2908830 0.4267353 0.3176132 
n294_329   0.2955805 0.4186675 0.0000000 0.0375680 0.3951328 0.0168390 0.4007459 0.3007454 0.0033310 0.3278441 0.3057142 0.3226830 0.2751878 0.3226718 0.0811515 0.0202502 0.3837151 0.3781265 0.0066828 0.3840464 0.3723803 0.0306100 0.2903967 0.2603380 0.0033307 0.3008360 0.0202638 0.4016303 0.3070818 0.3836172 0.1275407 0.3897675 
n296_331   0.3485275 0.4560160 0.0375680 0.0000000 0.4312785 0.0202484 0.4558055 0.3540902 0.0410735 0.3553090 0.3483268 0.3444594 0.3159462 0.3444450 0.0962768 0.0236740 0.4194283 0.4135741 0.0446401 0.4198099 0.4075387 0.0066845 0.3429381 0.3053432 0.0410703 0.3431846 0.0236899 0.4261362 0.3499267 0.4251143 0.1478797 0.4194935 
n255_274   0.3616715 0.0377777 0.3951328 0.4312785 0.0000000 0.4074761 0.2853022 0.3619858 0.4008667 0.3903386 0.3562147 0.3803045 0.3395228 0.3860490 0.4319914 0.4133097 0.2710359 0.2712577 0.4071430 0.2763100 0.2663157 0.4316513 0.3559559 0.3285073 0.4008204 0.3562147 0.4136173 0.2920928 0.3792114 0.2709342 0.4028469 0.2917917 
n289_322   0.3166917 0.4314346 0.0168390 0.0202484 0.4074761 0.0000000 0.4190407 0.3220171 0.0202502 0.3336435 0.3165122 0.3178408 0.2854993 0.3178303 0.0850035 0.0033357 0.3959778 0.3902940 0.0237001 0.3963258 0.3844446 0.0134442 0.3113444 0.2753372 0.0202487 0.3115642 0.0033380 0.4086240 0.3231049 0.4014909 0.1317069 0.4021453 
n244_261   0.4018937 0.2953307 0.4007459 0.4558055 0.2853022 0.4190407 0.0000000 0.4079061 0.4065236 0.3961259 0.3961415 0.3973693 0.3782030 0.4032447 0.4433798 0.4249634 0.1784108 0.1827375 0.4128530 0.1871610 0.1783851 0.4435977 0.3958464 0.3665777 0.4064764 0.3961415 0.4252798 0.1919588 0.3792991 0.1783316 0.4266363 0.1788410 
n300_335   0.0033451 0.3903121 0.3007454 0.3540902 0.3619858 0.3220171 0.4079061 0.0000000 0.3057848 0.2773590 0.0168819 0.2980816 0.0520226 0.3032169 0.3430027 0.3272076 0.3967115 0.3966153 0.3112197 0.4087386 0.3966451 0.3434392 0.0067034 0.0483836 0.3057532 0.0134822 0.3168898 0.4031056 0.2775407 0.3966168 0.3060237 0.3910814 
n298_333   0.3005847 0.4245829 0.0033310 0.0410735 0.4008667 0.0202502 0.4065236 0.3057848 0.0000000 0.3330834 0.3107856 0.3278854 0.2800516 0.3278735 0.0848767 0.0236762 0.3893651 0.3837367 0.0033326 0.3897039 0.3779471 0.0340854 0.2953651 0.2651037 0.0066755 0.3058779 0.0236921 0.4074204 0.3121799 0.3892687 0.1315073 0.3954661 
n265_288   0.2723347 0.4259632 0.3278441 0.3553090 0.3903386 0.3336435 0.3961259 0.2773590 0.3330834 0.0000000 0.2769740 0.1366228 0.2474056 0.1407066 0.3774527 0.3389286 0.3562744 0.3506553 0.3387596 0.3676266 0.3562165 0.3446099 0.2720566 0.2425200 0.3330478 0.2722449 0.3391785 0.3623740 0.0237887 0.3502268 0.3178913 0.3509305 
n274_299   0.0134698 0.3730149 0.3057142 0.3483268 0.3562147 0.3165122 0.3961415 0.0168819 0.3107856 0.2769740 0.0000000 0.2976631 0.0483962 0.3027901 0.3162406 0.3216622 0.3851121 0.3850194 0.3162596 0.3969495 0.3850482 0.3377610 0.0100742 0.0483488 0.3107533 0.0100801 0.3114249 0.3913996 0.2771552 0.3850144 0.3006480 0.3795626 
n286_319   0.2929052 0.4030915 0.3226830 0.3444594 0.3803045 0.3178408 0.3973693 0.2980816 0.3278854 0.1366228 0.2976631 0.0000000 0.2623697 0.0101167 0.3610659 0.3230144 0.3298871 0.3461134 0.3335167 0.3460429 0.3406013 0.3339151 0.2926024 0.2524946 0.3278505 0.2928075 0.3232519 0.3574601 0.1165828 0.3399322 0.3075061 0.3460827 
n278_305   0.0484211 0.3613560 0.2751878 0.3159462 0.3395228 0.2854993 0.3782030 0.0520226 0.2800516 0.2474056 0.0483962 0.2623697 0.0000000 0.2672517 0.3002629 0.2904354 0.3563441 0.3562597 0.2852735 0.3676973 0.3562861 0.3058310 0.0448314 0.0134672 0.2800234 0.0448595 0.2806223 0.3737380 0.2380905 0.3562412 0.2755441 0.3621972 
n285_318   0.2980042 0.4090064 0.3226718 0.3444450 0.3860490 0.3178303 0.4032447 0.3032169 0.3278735 0.1407066 0.3027901 0.0101167 0.2672517 0.0000000 0.3610486 0.3230032 0.3352523 0.3515956 0.3335040 0.3515237 0.3460427 0.3339024 0.2976953 0.2573088 0.3278387 0.2979046 0.3232407 0.3630287 0.1205543 0.3453622 0.3179147 0.3515644 
n236_253   0.3375270 0.4191108 0.0811515 0.0962768 0.4319914 0.0850035 0.4433798 0.3430027 0.0848767 0.3774527 0.3162406 0.3610659 0.3002629 0.3610486 0.0000000 0.0887522 0.4136475 0.4135259 0.0887128 0.4197601 0.4074920 0.0887465 0.3320262 0.2898985 0.0848698 0.3322632 0.0888131 0.4201203 0.3662812 0.4192917 0.1604606 0.4135368 
n287_320   0.3218451 0.4374561 0.0202502 0.0236740 0.4133097 0.0033357 0.4249634 0.3272076 0.0236762 0.3389286 0.3216622 0.3230144 0.2904354 0.3230032 0.0887522 0.0000000 0.4017269 0.3960020 0.0271445 0.4020827 0.3901078 0.0168412 0.3164599 0.2802042 0.0236744 0.3166838 0.0066900 0.4144788 0.3283164 0.4072815 0.1357002 0.4079457 
n274_301   0.3907854 0.2909869 0.3837151 0.4194283 0.2710359 0.3959778 0.1784108 0.3967115 0.3893651 0.3562744 0.3851121 0.3298871 0.3563441 0.3352523 0.4136475 0.4017269 0.0000000 0.0100812 0.3955394 0.0134781 0.0067038 0.4197913 0.3848271 0.3561536 0.3893208 0.3731104 0.4020257 0.0702233 0.3295791 0.0134664 0.3969719 0.0592263 
n292_327   0.3906910 0.2912286 0.3781265 0.4135741 0.2712577 0.3902940 0.1827375 0.3966153 0.3837367 0.3506553 0.3850194 0.3461134 0.3562597 0.3515956 0.4135259 0.3960020 0.0100812 0.0000000 0.3898625 0.0100868 0.0033447 0.4139316 0.3847344 0.3560692 0.3836933 0.3730212 0.3962965 0.0739246 0.3349515 0.0168738 0.4028702 0.0628700 
n297_332   0.3059769 0.4310795 0.0066828 0.0446401 0.4071430 0.0237001 0.4128530 0.3112197 0.0033326 0.3387596 0.3162596 0.3335167 0.2852735 0.3335040 0.0887128 0.0271445 0.3955394 0.3898625 0.0000000 0.3958867 0.3840204 0.0376143 0.3007139 0.2702065 0.0100446 0.3113156 0.0271627 0.4137654 0.3176840 0.3954446 0.1356383 0.4016992 
n300_337   0.4027135 0.2964318 0.3840464 0.4198099 0.2763100 0.3963258 0.1871610 0.4087386 0.3897039 0.3676266 0.3969495 0.3460429 0.3676973 0.3515237 0.4197601 0.4020827 0.0134781 0.0100868 0.3958867 0.0000000 0.0067075 0.4201726 0.3966533 0.3675009 0.3896594 0.3847344 0.4023831 0.0776708 0.3405227 0.0203040 0.4090274 0.0665541 
n299_336   0.3907203 0.2861460 0.3723803 0.4075387 0.2663157 0.3844446 0.1783851 0.3966451 0.3779471 0.3562165 0.3850482 0.3406013 0.3562861 0.3460427 0.4074920 0.3901078 0.0067038 0.0033447 0.3840204 0.0067075 0.0000000 0.4078894 0.3847633 0.3560957 0.3779046 0.3730490 0.3903978 0.0702139 0.3295264 0.0134647 0.3969054 0.0592184 
n295_330   0.3379547 0.4564123 0.0306100 0.0066845 0.4316513 0.0134442 0.4435977 0.3434392 0.0340854 0.3446099 0.3377610 0.3339151 0.3058310 0.3339024 0.0887465 0.0168412 0.4197913 0.4139316 0.0376143 0.4201726 0.4078894 0.0000000 0.3324451 0.2953728 0.0340828 0.3326826 0.0168524 0.4265049 0.3393030 0.4254825 0.1398147 0.4198565 
n292_325   0.0033429 0.3840242 0.2903967 0.3429381 0.3559559 0.3113444 0.3958464 0.0067034 0.2953651 0.2720566 0.0100742 0.2926024 0.0448314 0.2976953 0.3320262 0.3164599 0.3848271 0.3847344 0.3007139 0.3966533 0.3847633 0.3324451 0.0000000 0.0412394 0.2953349 0.0067047 0.3062911 0.3911085 0.2722349 0.3847293 0.2955909 0.3792824 
n277_304   0.0448050 0.3555123 0.2603380 0.3053432 0.3285073 0.2753372 0.3665777 0.0483836 0.2651037 0.2425200 0.0483488 0.2524946 0.0134672 0.2573088 0.2898985 0.2802042 0.3561536 0.3560692 0.2702065 0.3675009 0.3560957 0.2953728 0.0412394 0.0000000 0.2650775 0.0448145 0.2705281 0.3621644 0.2332690 0.3560507 0.2655206 0.3508118 
n275_302   0.3005538 0.4245326 0.0033307 0.0410703 0.4008204 0.0202487 0.4064764 0.3057532 0.0066755 0.3330478 0.3107533 0.3278505 0.2800234 0.3278387 0.0848698 0.0236744 0.3893208 0.3836933 0.0100446 0.3896594 0.3779046 0.0340828 0.2953349 0.2650775 0.0000000 0.3058463 0.0236903 0.4073730 0.3121472 0.3892243 0.1314961 0.3954208 
n280_309   0.0100850 0.3843081 0.3008360 0.3431846 0.3562147 0.3115642 0.3961415 0.0134822 0.3058779 0.2722449 0.0100801 0.2928075 0.0448595 0.2979046 0.3322632 0.3166838 0.3731104 0.3730212 0.3113156 0.3847344 0.3730490 0.3326826 0.0067047 0.0448145 0.3058463 0.0000000 0.3065067 0.3792775 0.2724234 0.3730101 0.2957975 0.3676511 
n290_323   0.3116010 0.4377822 0.0202638 0.0236899 0.4136173 0.0033380 0.4252798 0.3168898 0.0236921 0.3391785 0.3114249 0.3232519 0.2806223 0.3232407 0.0888131 0.0066900 0.4020257 0.3962965 0.0271627 0.4023831 0.3903978 0.0168524 0.3062911 0.2705281 0.0236903 0.3065067 0.0000000 0.4147879 0.3285581 0.4075845 0.1357948 0.4082496 
n278_307   0.3971242 0.3179458 0.4016303 0.4261362 0.2920928 0.4086240 0.1919588 0.4031056 0.4074204 0.3623740 0.3913996 0.3574601 0.3737380 0.3630287 0.4201203 0.4144788 0.0702233 0.0739246 0.4137654 0.0776708 0.0702139 0.4265049 0.3911085 0.3621644 0.4073730 0.3792775 0.4147879 0.0000000 0.3457191 0.0776031 0.4094329 0.0100874 
n266_289   0.2725133 0.4143110 0.3070818 0.3499267 0.3792114 0.3231049 0.3792991 0.2775407 0.3121799 0.0237887 0.2771552 0.1165828 0.2380905 0.1205543 0.3662812 0.3283164 0.3295791 0.3349515 0.3176840 0.3405227 0.3295264 0.3393030 0.2722349 0.2332690 0.3121472 0.2724234 0.3285581 0.3457191 0.0000000 0.3237609 0.3075648 0.3294619 
n280_311   0.3906891 0.2908830 0.3836172 0.4251143 0.2709342 0.4014909 0.1783316 0.3966168 0.3892687 0.3502268 0.3850144 0.3399322 0.3562412 0.3453622 0.4192917 0.4072815 0.0134664 0.0168738 0.3954446 0.0203040 0.0134647 0.4254825 0.3847293 0.3560507 0.3892243 0.3730101 0.4075845 0.0776031 0.3237609 0.0000000 0.3968771 0.0664961 
n200_209   0.3008171 0.4267353 0.1275407 0.1478797 0.4028469 0.1317069 0.4266363 0.3060237 0.1315073 0.3178913 0.3006480 0.3075061 0.2755441 0.3179147 0.1604606 0.1357002 0.3969719 0.4028702 0.1356383 0.4090274 0.3969054 0.1398147 0.2955909 0.2655206 0.1314961 0.2957975 0.1357948 0.4094329 0.3075648 0.3968771 0.0000000 0.4029324 
n277_306   0.3851975 0.3176132 0.3897675 0.4194935 0.2917917 0.4021453 0.1788410 0.3910814 0.3954661 0.3509305 0.3795626 0.3460827 0.3621972 0.3515644 0.4135368 0.4079457 0.0592263 0.0628700 0.4016992 0.0665541 0.0592184 0.4198565 0.3792824 0.3508118 0.3954208 0.3676511 0.4082496 0.0100874 0.3294619 0.0664961 0.4029324 0.0000000 
