25
n292_293   0.0000000 0.2607790 0.2712196 0.2560360 0.3941081 0.2791855 0.0066900 0.2764670 0.0168829 0.2659632 0.3769538 0.2812429 0.0100673 0.0630548 0.2716291 0.2663787 0.3677005 0.2818863 0.2819894 0.2523847 0.2628076 0.2635285 0.0667794 0.0169042 0.2574388 
n287_288   0.2607790 0.0000000 0.0067055 0.0203292 0.3069932 0.2834057 0.2554926 0.0307378 0.2504995 0.0033421 0.2980613 0.0485331 0.2606535 0.2554658 0.0272817 0.0203479 0.2782264 0.0203578 0.0203641 0.2627760 0.1137652 0.2781132 0.2606442 0.2552937 0.2679162 
n290_291   0.2712196 0.0067055 0.0000000 0.0272817 0.3183480 0.2942929 0.2658338 0.0378165 0.2607564 0.0033453 0.3093093 0.0558396 0.2710881 0.2658039 0.0343270 0.0273068 0.2890185 0.0273209 0.0273294 0.2733030 0.1219837 0.2889054 0.2710762 0.2656271 0.2785327 
n294_295   0.2560360 0.0203292 0.0272817 0.0000000 0.3185461 0.2839048 0.2507869 0.0168930 0.2458254 0.0237935 0.3203984 0.0485512 0.2559129 0.2554698 0.0134946 0.0067105 0.2891903 0.0343420 0.0343528 0.2585688 0.1142450 0.2786006 0.2606485 0.2505886 0.2636884 
n251_252   0.3941081 0.3069932 0.3183480 0.3185461 0.0000000 0.3995150 0.3817975 0.3352127 0.3811351 0.3126265 0.0416951 0.3466575 0.3817713 0.3867669 0.3195860 0.3138579 0.3071873 0.3240983 0.3300728 0.3781485 0.3672869 0.3997827 0.3932058 0.3815050 0.3843375 
n286_287   0.2791855 0.2834057 0.2942929 0.2839048 0.3995150 0.0000000 0.2736106 0.2995927 0.2784586 0.2888091 0.3886614 0.2942759 0.2741442 0.2775583 0.3003124 0.2947847 0.3771117 0.3054166 0.3055305 0.1428692 0.3233131 0.0168942 0.2829512 0.2733967 0.1471266 
n300_301   0.0066900 0.2554926 0.2658338 0.2507869 0.3817975 0.2736106 0.0000000 0.2710325 0.0100737 0.2606275 0.3649207 0.2757705 0.0033373 0.0557219 0.2662340 0.2610323 0.3558913 0.2764010 0.2765017 0.2424692 0.2676576 0.2581009 0.0594001 0.0100864 0.2474453 
n275_276   0.2764670 0.0307378 0.0378165 0.0168930 0.3352127 0.2995927 0.2710325 0.0000000 0.2659116 0.0342638 0.3371808 0.0521418 0.2763325 0.2758423 0.0238032 0.0169085 0.2838805 0.0450083 0.0450226 0.2682797 0.1264267 0.2886603 0.2811981 0.2708190 0.2734706 
n274_275   0.0168829 0.2504995 0.2607564 0.2458254 0.3811351 0.2784586 0.0100737 0.2659116 0.0000000 0.2555929 0.3642901 0.2706176 0.0134749 0.0593082 0.2611472 0.2559882 0.3552815 0.2712375 0.2713360 0.2425525 0.2625428 0.2628456 0.0630050 0.0134702 0.2475305 
n289_290   0.2659632 0.0033421 0.0033453 0.0237935 0.3126265 0.2888091 0.2606275 0.0342638 0.2555929 0.0000000 0.3036424 0.0521723 0.2658338 0.2605992 0.0307921 0.0238154 0.2835832 0.0238268 0.0238342 0.2680025 0.1178549 0.2834699 0.2658232 0.2604247 0.2731866 
n255_256   0.3769538 0.2980613 0.3093093 0.3203984 0.0416951 0.3886614 0.3649207 0.3371808 0.3642901 0.3036424 0.0000000 0.3487073 0.3648954 0.3698176 0.3214496 0.3156810 0.3141299 0.3259882 0.3320061 0.3925835 0.3743373 0.3823526 0.3761028 0.3646395 0.3989287 
n236_237   0.2812429 0.0485331 0.0558396 0.0485512 0.3466575 0.2942759 0.2757705 0.0521418 0.2706176 0.0521723 0.3487073 0.0000000 0.2811058 0.2806049 0.0558607 0.0485969 0.2888527 0.0595249 0.0595440 0.2780936 0.1385195 0.2834332 0.2859968 0.2755526 0.2833575 
n299_300   0.0100673 0.2606535 0.2710881 0.2559129 0.3817713 0.2741442 0.0033373 0.2763325 0.0134749 0.2658338 0.3648954 0.2811058 0.0000000 0.0594056 0.2714972 0.2662498 0.3619976 0.2817487 0.2818517 0.2475485 0.2729505 0.2586006 0.0631088 0.0134919 0.2525668 
n278_279   0.0630548 0.2554658 0.2658039 0.2554698 0.3867669 0.2775583 0.0557219 0.2758423 0.0593082 0.2605992 0.3698176 0.2806049 0.0594056 0.0000000 0.2710178 0.2657818 0.3613769 0.2763678 0.2764685 0.2367057 0.2767843 0.2620073 0.0066753 0.0519756 0.2416216 
n297_298   0.2716291 0.0272817 0.0343270 0.0134946 0.3195860 0.3003124 0.2662340 0.0238032 0.2611472 0.0307921 0.3214496 0.0558607 0.2714972 0.2710178 0.0000000 0.0067171 0.2901170 0.0414832 0.0414964 0.2743317 0.1182494 0.2948649 0.2763362 0.2660238 0.2795846 
n298_299   0.2663787 0.0203479 0.0273068 0.0067105 0.3138579 0.2947847 0.2610323 0.0169085 0.2559882 0.0238154 0.3156810 0.0485969 0.2662498 0.2657818 0.0067171 0.0000000 0.2846744 0.0343741 0.0343849 0.2690236 0.1143575 0.2893860 0.2710537 0.2608262 0.2742311 
n244_245   0.3677005 0.2782264 0.2890185 0.2891903 0.3071873 0.3771117 0.3558913 0.2838805 0.3552815 0.2835832 0.3141299 0.2888527 0.3619976 0.3613769 0.2901170 0.2846744 0.0000000 0.2790983 0.2895991 0.3290325 0.3281406 0.3710521 0.3675553 0.3441757 0.3347565 
n296_297   0.2818863 0.0203578 0.0273209 0.0343420 0.3240983 0.3054166 0.2764010 0.0450083 0.2712375 0.0238268 0.3259882 0.0595249 0.2817487 0.2763678 0.0414832 0.0343741 0.2790983 0.0000000 0.0067030 0.2729691 0.1261195 0.2999322 0.2817341 0.2761864 0.2781908 
n295_296   0.2819894 0.0203641 0.0273294 0.0343528 0.3300728 0.3055305 0.2765017 0.0450226 0.2713360 0.0238342 0.3320061 0.0595440 0.2818517 0.2764685 0.0414964 0.0343849 0.2895991 0.0067030 0.0000000 0.2730688 0.1261618 0.3000437 0.2818371 0.2762869 0.2782927 
n266_267   0.2523847 0.2627760 0.2733030 0.2585688 0.3781485 0.1428692 0.2424692 0.2682797 0.2425525 0.2680025 0.3925835 0.2780936 0.2475485 0.2367057 0.2743317 0.2690236 0.3290325 0.2729691 0.2730688 0.0000000 0.2906897 0.1601767 0.2417395 0.2422778 0.0033479 
n200_201   0.2628076 0.1137652 0.1219837 0.1142450 0.3672869 0.3233131 0.2676576 0.1264267 0.2625428 0.1178549 0.3743373 0.1385195 0.2729505 0.2767843 0.1182494 0.1143575 0.3281406 0.1261195 0.1261618 0.2906897 0.0000000 0.3235346 0.2821584 0.2674486 0.2960833 
n285_286   0.2635285 0.2781132 0.2889054 0.2786006 0.3997827 0.0168942 0.2581009 0.2886603 0.2628456 0.2834699 0.3823526 0.2834332 0.2586006 0.2620073 0.2948649 0.2893860 0.3710521 0.2999322 0.3000437 0.1601767 0.3235346 0.0000000 0.2672628 0.2578985 0.1645580 
n277_278   0.0667794 0.2606442 0.2710762 0.2606485 0.3932058 0.2829512 0.0594001 0.2811981 0.0630050 0.2658232 0.3761028 0.2859968 0.0631088 0.0066753 0.2763362 0.2710537 0.3675553 0.2817341 0.2818371 0.2417395 0.2821584 0.2672628 0.0000000 0.0556228 0.2466971 
n280_281   0.0169042 0.2552937 0.2656271 0.2505886 0.3815050 0.2733967 0.0100864 0.2708190 0.0134702 0.2604247 0.3646395 0.2755526 0.0134919 0.0519756 0.2660238 0.2608262 0.3441757 0.2761864 0.2762869 0.2422778 0.2674486 0.2578985 0.0556228 0.0000000 0.2472511 
n265_266   0.2574388 0.2679162 0.2785327 0.2636884 0.3843375 0.1471266 0.2474453 0.2734706 0.2475305 0.2731866 0.3989287 0.2833575 0.2525668 0.2416216 0.2795846 0.2742311 0.3347565 0.2781908 0.2782927 0.0033479 0.2960833 0.1645580 0.2466971 0.2472511 0.0000000 
