16
n244_243   0.0000000 2.7744073 2.9822169 2.7805545 1.9618015 3.0656570 2.6710491 3.1324113 2.6921232 2.8811674 3.0845158 2.8726007 1.9248284 1.9160791 3.6683529 2.8572018 
n265_266   2.7744073 0.0000000 2.2395590 2.1422775 2.3105900 2.2596231 1.9785060 2.3034329 2.0131293 2.1408887 1.1016185 2.4409347 1.7791221 2.2433692 1.1199667 0.1567702 
n274_271   2.9822169 2.2395590 0.0000000 0.1247443 3.0735072 0.1370914 0.4664959 0.1250185 3.3652041 0.1411150 1.6715281 0.4144398 3.1555878 2.5538700 1.6429315 2.3197708 
n292_281   2.7805545 2.1422775 0.1247443 0.0000000 2.4072441 0.0632612 0.3904580 0.0238666 2.6244864 0.0308150 1.4070058 0.3504792 2.8275249 2.2702857 1.4260351 2.2076381 
n255_258   1.9618015 2.3105900 3.0735072 2.4072441 0.0000000 2.2538754 1.9635166 2.4068402 2.4233313 2.4840299 2.1288647 1.9119785 1.9037785 0.3302442 2.1881622 2.4919158 
n280_275   3.0656570 2.2596231 0.1370914 0.0632612 2.2538754 0.0000000 0.3784332 0.0595947 2.2570028 0.0669009 1.4594018 0.3390992 2.5411049 2.2759068 1.4853585 2.3136695 
n277_272   2.6710491 1.9785060 0.4664959 0.3904580 1.9635166 0.3784332 0.0000000 0.4031753 2.6964083 0.4150147 1.3623815 0.1049231 3.1424924 1.6998576 1.4068663 2.0315004 
n300_283   3.1324113 2.3034329 0.1250185 0.0238666 2.4068402 0.0595947 0.4031753 0.0000000 3.0057743 0.0273242 1.3800507 0.3624736 2.8243756 2.2257437 1.4253795 2.2575068 
n251_250   2.6921232 2.0131293 3.3652041 2.6244864 2.4233313 2.2570028 2.6964083 3.0057743 0.0000000 2.7984272 2.2708615 2.9640454 0.2601857 2.5324675 2.4448847 2.1590740 
n299_282   2.8811674 2.1408887 0.1411150 0.0308150 2.4840299 0.0669009 0.4150147 0.0273242 2.7984272 0.0000000 1.3803400 0.3736801 2.6510379 2.2886980 1.4258656 2.2062490 
n286_279   3.0845158 1.1016185 1.6715281 1.4070058 2.1288647 1.4594018 1.3623815 1.3800507 2.2708615 1.3803400 0.0000000 1.3883312 2.2371402 2.0438523 0.0554757 1.1074427 
n278_273   2.8726007 2.4409347 0.4144398 0.3504792 1.9119785 0.3390992 0.1049231 0.3624736 2.9640454 0.3736801 1.3883312 0.0000000 3.1042346 1.7528343 1.4299282 2.3949469 
n255_256   1.9248284 1.7791221 3.1555878 2.8275249 1.9037785 2.5411049 3.1424924 2.8243756 0.2601857 2.6510379 2.2371402 3.1042346 0.0000000 2.0642593 2.3703426 2.1571785 
n251_252   1.9160791 2.2433692 2.5538700 2.2702857 0.3302442 2.2759068 1.6998576 2.2257437 2.5324675 2.2886980 2.0438523 1.7528343 2.0642593 0.0000000 2.1128665 2.2229969 
n285_278   3.6683529 1.1199667 1.6429315 1.4260351 2.1881622 1.4853585 1.4068663 1.4253795 2.4448847 1.4258656 0.0554757 1.4299282 2.3703426 2.1128665 0.0000000 1.1233942 
n266_267   2.8572018 0.1567702 2.3197708 2.2076381 2.4919158 2.3136695 2.0315004 2.2575068 2.1590740 2.2062490 1.1074427 2.3949469 2.1571785 2.2229969 1.1233942 0.0000000 
