25
n300_303   0.0000000 0.2799086 0.2911574 0.3178055 0.2962648 0.2800980 0.3017350 0.0596195 0.2749378 0.2190691 0.0100878 0.2590178 0.0066946 0.3583204 0.2287335 0.2915144 0.2855699 0.0558257 0.0066888 0.2814644 0.2590136 0.3186962 0.2909543 0.2964860 0.0272660 
n289_292   0.2799086 0.0000000 0.0169576 0.3390241 0.0343800 0.0101043 0.0308569 0.2692221 0.0067187 0.2446503 0.2748828 0.2920934 0.2799086 0.3830439 0.2547456 0.0747453 0.0238760 0.2846513 0.2796013 0.1874512 0.2920680 0.3454592 0.0238613 0.0273593 0.2854360 
n296_299   0.2911574 0.0169576 0.0000000 0.3452613 0.0308381 0.0135247 0.0273365 0.2747867 0.0101170 0.2348946 0.2860416 0.2816150 0.2911574 0.3705939 0.2448438 0.0709389 0.0203962 0.2903639 0.2908343 0.1739757 0.2815906 0.3456989 0.0203838 0.0204178 0.2911680 
n255_258   0.3178055 0.3390241 0.3452613 0.0000000 0.3393893 0.3392608 0.3452242 0.3129377 0.3336446 0.2886479 0.3067064 0.3409691 0.3178055 0.2631100 0.3051641 0.3390930 0.3391766 0.3176870 0.3174457 0.3520095 0.3409388 0.0271984 0.3450135 0.3455083 0.3283119 
n298_301   0.2962648 0.0343800 0.0308381 0.3393893 0.0000000 0.0308456 0.0033486 0.2748658 0.0273453 0.2397296 0.2911156 0.2868016 0.2962648 0.3770519 0.2497499 0.0746601 0.0169558 0.2904467 0.2959350 0.1829071 0.2867768 0.3398171 0.0169455 0.0204003 0.2962752 
n290_293   0.2800980 0.0101043 0.0135247 0.3392608 0.0308456 0.0000000 0.0273432 0.2640327 0.0033492 0.2298471 0.2750684 0.2866949 0.2800980 0.3768709 0.2397115 0.0709543 0.0204012 0.2793412 0.2797903 0.1828767 0.2866701 0.3457016 0.0203888 0.0238653 0.2801089 
n297_300   0.3017350 0.0308569 0.0273365 0.3452242 0.0033486 0.0273432 0.0000000 0.2801529 0.0238618 0.2447374 0.2965445 0.2922069 0.3017350 0.3832526 0.2548380 0.0784647 0.0135281 0.2958608 0.3013975 0.1874759 0.2921815 0.3456616 0.0135199 0.0169543 0.3017452 
n278_281   0.0596195 0.2692221 0.2747867 0.3129377 0.2748658 0.2640327 0.2801529 0.0000000 0.2590010 0.2098743 0.0559601 0.2492585 0.0596195 0.3461495 0.2194082 0.2855995 0.2693556 0.0134412 0.0595653 0.2652121 0.2439832 0.3190056 0.2745970 0.2799766 0.0632597 
n287_290   0.2749378 0.0067187 0.0101170 0.3336446 0.0273453 0.0033492 0.0238618 0.2590010 0.0000000 0.2347791 0.2699439 0.2814679 0.2749378 0.3709225 0.2447218 0.0672178 0.0169564 0.2741973 0.2746369 0.1784154 0.2814436 0.3400246 0.0169460 0.0204010 0.2749488 
n265_268   0.2190691 0.2446503 0.2348946 0.2886479 0.2397296 0.2298471 0.2447374 0.2098743 0.2347791 0.0000000 0.2144725 0.0978690 0.2190691 0.3235794 0.0169168 0.2249537 0.2349809 0.2140821 0.2188408 0.2450809 0.1057700 0.2736585 0.2348424 0.2347310 0.2236348 
n280_283   0.0100878 0.2748828 0.2860416 0.3067064 0.2911156 0.2750684 0.2965445 0.0559601 0.2699439 0.2144725 0.0000000 0.2541415 0.0100878 0.3527022 0.2240722 0.2863896 0.2804983 0.0521951 0.0100790 0.2764086 0.2541374 0.3075615 0.2858425 0.2913313 0.0237953 
n285_288   0.2590178 0.2920934 0.2816150 0.3409691 0.2868016 0.2866949 0.2922069 0.2492585 0.2814679 0.0978690 0.2541415 0.0000000 0.2590178 0.3476157 0.1099036 0.2655301 0.2817136 0.2536656 0.2587383 0.2876543 0.0067040 0.3359353 0.2815494 0.2764518 0.2638496 
n292_295   0.0066946 0.2799086 0.2911574 0.3178055 0.2962648 0.2800980 0.3017350 0.0596195 0.2749378 0.2190691 0.0100878 0.2590178 0.0000000 0.3583204 0.2287335 0.2915144 0.2855699 0.0558257 0.0066888 0.2814644 0.2590136 0.3186962 0.2909543 0.2964860 0.0272660 
n244_247   0.3583204 0.3830439 0.3705939 0.2631100 0.3770519 0.3768709 0.3832526 0.3461495 0.3709225 0.3235794 0.3527022 0.3476157 0.3583204 0.0000000 0.3296681 0.3824065 0.3705333 0.3510717 0.3516853 0.3772783 0.3475847 0.2580145 0.3766746 0.3766075 0.3700599 
n266_269   0.2287335 0.2547456 0.2448438 0.3051641 0.2497499 0.2397115 0.2548380 0.2194082 0.2447218 0.0169168 0.2240722 0.1099036 0.2287335 0.3296681 0.0000000 0.2347449 0.2449327 0.2236606 0.2284930 0.2551987 0.1179674 0.2898133 0.2447888 0.2499238 0.2333607 
n236_239   0.2915144 0.0747453 0.0709389 0.3390930 0.0746601 0.0709543 0.0784647 0.2855995 0.0672178 0.2249537 0.2863896 0.2655301 0.2915144 0.3824065 0.2347449 0.0000000 0.0709390 0.2851931 0.2911904 0.1873892 0.2655074 0.3395203 0.0708958 0.0746989 0.2915249 
n275_278   0.2855699 0.0238760 0.0203962 0.3391766 0.0169558 0.0204012 0.0135281 0.2693556 0.0169564 0.2349809 0.2804983 0.2817136 0.2855699 0.3705333 0.2449327 0.0709390 0.0000000 0.2847951 0.2852547 0.1781991 0.2816893 0.3396038 0.0067258 0.0101210 0.2855807 
n277_280   0.0558257 0.2846513 0.2903639 0.3176870 0.2904467 0.2793412 0.2958608 0.0134412 0.2741973 0.2140821 0.0521951 0.2536656 0.0558257 0.3510717 0.2236606 0.2851931 0.2847951 0.0000000 0.0557752 0.2750932 0.2483598 0.3237933 0.2901618 0.2956750 0.0521563 
n299_302   0.0066888 0.2796013 0.2908343 0.3174457 0.2959350 0.2797903 0.3013975 0.0595653 0.2746369 0.2188408 0.0100790 0.2587383 0.0066888 0.3516853 0.2284930 0.2911904 0.2852547 0.0557752 0.0000000 0.2811539 0.2587341 0.3124848 0.2906316 0.2961555 0.0272421 
n200_203   0.2814644 0.1874512 0.1739757 0.3520095 0.1829071 0.1828767 0.1874759 0.2652121 0.1784154 0.2450809 0.2764086 0.2876543 0.2814644 0.3772783 0.2551987 0.1873892 0.1781991 0.2750932 0.2811539 0.0000000 0.2876294 0.3531988 0.1827320 0.1830560 0.2759322 
n286_289   0.2590136 0.2920680 0.2815906 0.3409388 0.2867768 0.2866701 0.2921815 0.2439832 0.2814436 0.1057700 0.2541374 0.0067040 0.2590136 0.3475847 0.1179674 0.2655074 0.2816893 0.2483598 0.2587341 0.2876294 0.0000000 0.3359054 0.2815250 0.2764279 0.2638453 
n251_254   0.3186962 0.3454592 0.3456989 0.0271984 0.3398171 0.3457016 0.3456616 0.3190056 0.3400246 0.2736585 0.3075615 0.3359353 0.3186962 0.2580145 0.2898133 0.3395203 0.3396038 0.3237933 0.3124848 0.3531988 0.3359054 0.0000000 0.3454505 0.3459465 0.3292352 
n293_296   0.2909543 0.0238613 0.0203838 0.3450135 0.0169455 0.0203888 0.0135199 0.2745970 0.0169460 0.2348424 0.2858425 0.2815494 0.2909543 0.3766746 0.2447888 0.0708958 0.0067258 0.2901618 0.2906316 0.1827320 0.2815250 0.3454505 0.0000000 0.0101148 0.2909648 
n294_297   0.2964860 0.0273593 0.0204178 0.3455083 0.0204003 0.0238653 0.0169543 0.2799766 0.0204010 0.2347310 0.2913313 0.2764518 0.2964860 0.3766075 0.2499238 0.0746989 0.0101210 0.2956750 0.2961555 0.1830560 0.2764279 0.3459465 0.0101148 0.0000000 0.2964963 
n274_277   0.0272660 0.2854360 0.2911680 0.3283119 0.2962752 0.2801089 0.3017452 0.0632597 0.2749488 0.2236348 0.0237953 0.2638496 0.0272660 0.3700599 0.2333607 0.2915249 0.2855807 0.0521563 0.0272421 0.2759322 0.2638453 0.3292352 0.2909648 0.2964963 0.0000000 
