26
n299_300   0.0000000 0.0134557 2.2005235 3.3939707 6.0771954 0.4507320 2.2397758 2.0288493 0.1401737 2.1675031 2.3652212 2.4684566 0.0411330 0.4523248 2.5633388 2.7294366 1.8482903 1.7330476 2.1528380 5.8000790 3.1414181 2.3475220 3.0804515 2.4450900 0.0811139 3.0105401 
n300_301   0.0134557 0.0000000 2.2985601 3.5719985 5.8978966 0.4640962 2.3169139 1.9911539 0.1442622 2.2624734 2.4793030 2.5993391 0.0411437 0.4657470 2.7096059 2.9023846 1.8525604 1.7366980 2.2460903 6.0621006 3.4023252 2.4615218 3.0071015 2.4815471 0.0811346 3.2409158 
n290_291   2.2005235 2.2985601 0.0000000 2.0422348 2.5312962 1.8171394 1.0053040 0.6046594 2.3364002 0.0416222 0.1577449 0.3456898 2.3273221 1.8158904 0.3149548 0.3044725 2.5700554 2.4438264 0.0523617 2.2301897 0.3355289 0.1621775 2.5395033 2.0677764 2.3607995 0.3300874 
n244_245   3.3939707 3.5719985 2.0422348 0.0000000 2.1401088 2.3606657 2.3139907 1.9761309 3.6498653 2.0537571 2.1211859 2.2913368 3.0230124 2.2664594 2.4544134 2.4696682 3.3273532 4.3071983 2.0614077 1.9756106 2.4717370 2.1144521 2.8783524 3.3574532 5.3796005 2.2335182 
n255_256   6.0771954 5.8978966 2.5312962 2.1401088 0.0000000 4.2990160 2.2335692 2.9658595 4.8037266 2.2266512 2.0754982 2.2164042 4.5231198 3.3373074 2.2773438 2.0850291 4.9271424 4.2497695 2.3616664 0.3054868 2.4134862 2.1988643 2.5179107 2.6856322 4.4298585 2.3696723 
n277_278   0.4507320 0.4640962 1.8171394 2.3606657 4.2990160 0.0000000 1.8651307 1.9569144 0.5265455 1.8692020 2.0887996 2.2498227 0.4766378 0.1121822 2.0718898 2.2619765 2.0651289 2.3151395 1.9370638 3.7739894 2.3167231 2.0161776 2.2250368 1.6741454 0.4887387 2.3373648 
n200_201   2.2397758 2.3169139 1.0053040 2.3139907 2.2335692 1.8651307 0.0000000 1.0235492 2.4507089 1.0030639 1.1321070 1.1368831 2.3006630 1.9690752 1.0152744 1.0699903 3.1731834 3.3777922 1.0164829 1.8600067 1.1714046 1.1178732 1.8028693 1.6388813 2.1626560 1.2254444 
n236_237   2.0288493 1.9911539 0.6046594 1.9761309 2.9658595 1.9569144 1.0235492 0.0000000 2.0609141 0.6119572 0.7323657 0.7430080 2.0215367 1.9106775 0.6890212 0.7001407 2.3958607 2.1963000 0.6212030 2.3264627 0.7810364 0.7141315 2.3803240 1.9329613 1.9438271 0.7814756 
n274_275   0.1401737 0.1442622 2.3364002 3.6498653 4.8037266 0.5265455 2.4507089 2.0609141 0.0000000 2.1618163 2.6072355 2.3844796 0.1692427 0.4946428 2.8348617 3.0469861 1.7545280 1.5945718 2.2122535 4.3407243 3.0282043 2.3774174 2.8991423 2.3823148 0.1733541 2.7110219 
n289_290   2.1675031 2.2624734 0.0416222 2.0537571 2.2266512 1.8692020 1.0030639 0.6119572 2.1618163 0.0000000 0.1491416 0.3179099 2.4163455 1.8313856 0.2983846 0.2881611 2.5246009 2.4046338 0.0379147 2.0956260 0.3184678 0.1535049 2.5155935 2.0119443 2.2021590 0.3131659 
n296_297   2.3652212 2.4793030 0.1577449 2.1211859 2.0754982 2.0887996 1.1321070 0.7323657 2.6072355 0.1491416 0.0000000 0.3503682 2.3834755 2.0402954 0.3085801 0.3032687 2.7452007 3.0292693 0.1532432 2.1228774 0.3191154 0.0629606 2.6033771 2.1857032 2.5152271 0.3240263 
n275_276   2.4684566 2.5993391 0.3456898 2.2913368 2.2164042 2.2498227 1.1368831 0.7430080 2.3844796 0.3179099 0.3503682 0.0000000 2.5271647 2.0630646 0.1407937 0.1489930 2.1377613 2.3129916 0.3283127 2.2230891 0.1450359 0.3296677 2.3265910 2.1001128 2.3207562 0.1448951 
n292_293   0.0411330 0.0411437 2.3273221 3.0230124 4.5231198 0.4766378 2.3006630 2.0215367 0.1692427 2.4163455 2.3834755 2.5271647 0.0000000 0.4783425 2.3902394 2.4525289 1.8680207 1.7599566 2.2725009 4.3169414 3.2695805 2.3015099 3.1190707 2.4746300 0.1037694 3.1228272 
n278_279   0.4523248 0.4657470 1.8158904 2.2664594 3.3373074 0.1121822 1.9690752 1.9106775 0.4946428 1.8313856 2.0402954 2.0630646 0.4783425 0.0000000 2.0080829 2.1151897 2.0290090 2.2688020 1.8963913 3.1001046 2.1111478 2.0031380 2.1551118 1.7388691 0.5026506 1.9277780 
n298_299   2.5633388 2.7096059 0.3149548 2.4544134 2.2773438 2.0718898 1.0152744 0.6890212 2.8348617 0.2983846 0.3085801 0.1407937 2.3902394 2.0080829 0.0000000 0.0272885 2.0187866 2.1597231 0.2980827 2.0664697 0.1491873 0.3096143 2.1118701 2.0434262 2.6854344 0.1450248 
n297_298   2.7294366 2.9023846 0.3044725 2.4696682 2.0850291 2.2619765 1.0699903 0.7001407 3.0469861 0.2881611 0.3032687 0.1489930 2.4525289 2.1151897 0.0272885 0.0000000 2.0893260 2.2439348 0.2926807 1.9390667 0.1574900 0.3042809 2.2418880 2.1172844 2.7667396 0.1532788 
n286_287   1.8482903 1.8525604 2.5700554 3.3273532 4.9271424 2.0651289 3.1731834 2.3958607 1.7545280 2.5246009 2.7452007 2.1377613 1.8680207 2.0290090 2.0187866 2.0893260 0.0000000 0.0738995 2.6945629 3.4204646 2.3857469 3.0143976 0.9576147 0.9237109 1.9326307 2.4471970 
n285_286   1.7330476 1.7366980 2.4438264 4.3071983 4.2497695 2.3151395 3.3777922 2.1963000 1.5945718 2.4046338 3.0292693 2.3129916 1.7599566 2.2688020 2.1597231 2.2439348 0.0738995 0.0000000 2.5556517 3.1972794 2.6848396 3.0976070 0.9199232 0.9601945 1.8393944 2.7438454 
n287_288   2.1528380 2.2460903 0.0523617 2.0614077 2.3616664 1.9370638 1.0164829 0.6212030 2.2122535 0.0379147 0.1532432 0.3283127 2.2725009 1.8963913 0.2980827 0.2926807 2.6945629 2.5556517 0.0000000 1.9879611 0.3183843 0.1532570 2.7157716 2.2182970 2.2364816 0.3130852 
n251_252   5.8000790 6.0621006 2.2301897 1.9756106 0.3054868 3.7739894 1.8600067 2.3264627 4.3407243 2.0956260 2.1228774 2.2230891 4.3169414 3.1001046 2.0664697 1.9390667 3.4204646 3.1972794 1.9879611 0.0000000 2.2977760 2.2343098 3.0827992 2.7646908 4.0962307 2.3191294 
n294_295   3.1414181 3.4023252 0.3355289 2.4717370 2.4134862 2.3167231 1.1714046 0.7810364 3.0282043 0.3184678 0.3191154 0.1450359 3.2695805 2.1111478 0.1491873 0.1574900 2.3857469 2.6848396 0.3183843 2.2977760 0.0000000 0.3146320 2.0709493 1.9124490 3.2169254 0.0307851 
n295_296   2.3475220 2.4615218 0.1621775 2.1144521 2.1988643 2.0161776 1.1178732 0.7141315 2.3774174 0.1535049 0.0629606 0.3296677 2.3015099 2.0031380 0.3096143 0.3042809 3.0143976 3.0976070 0.1532570 2.2343098 0.3146320 0.0000000 2.5905027 2.2323068 2.6198197 0.3195278 
n266_267   3.0804515 3.0071015 2.5395033 2.8783524 2.5179107 2.2250368 1.8028693 2.3803240 2.8991423 2.5155935 2.6033771 2.3265910 3.1190707 2.1551118 2.1118701 2.2418880 0.9576147 0.9199232 2.7157716 3.0827992 2.0709493 2.5905027 0.0000000 0.2080473 3.9453372 2.2049938 
n265_266   2.4450900 2.4815471 2.0677764 3.3574532 2.6856322 1.6741454 1.6388813 1.9329613 2.3823148 2.0119443 2.1857032 2.1001128 2.4746300 1.7388691 2.0434262 2.1172844 0.9237109 0.9601945 2.2182970 2.7646908 1.9124490 2.2323068 0.2080473 0.0000000 2.6840660 2.0043491 
n280_281   0.0811139 0.0811346 2.3607995 5.3796005 4.4298585 0.4887387 2.1626560 1.9438271 0.1733541 2.2021590 2.5152271 2.3207562 0.1037694 0.5026506 2.6854344 2.7667396 1.9326307 1.8393944 2.2364816 4.0962307 3.2169254 2.6198197 3.9453372 2.6840660 0.0000000 3.0793186 
n293_294   3.0105401 3.2409158 0.3300874 2.2335182 2.3696723 2.3373648 1.2254444 0.7814756 2.7110219 0.3131659 0.3240263 0.1448951 3.1228272 1.9277780 0.1450248 0.1532788 2.4471970 2.7438454 0.3130852 2.3191294 0.0307851 0.3195278 2.2049938 2.0043491 3.0793186 0.0000000 
