23
n292_293   0.0000000 0.3094993 0.3145791 0.3043220 0.3627185 0.2329747 0.0066876 0.3194099 0.0134340 0.3144137 0.3852382 0.3350314 0.0410114 0.3094539 0.3093784 0.4278791 0.2946346 0.2603632 0.2949252 0.2326727 0.0410157 0.0168301 0.2603732 
n287_288   0.3094993 0.0000000 0.0033390 0.0306011 0.4318059 0.2669940 0.3094993 0.0375984 0.3049257 0.0066965 0.4639328 0.1034750 0.2996687 0.0340914 0.0340845 0.5255904 0.0134478 0.3108998 0.1269427 0.2717001 0.2997232 0.3198782 0.3106362 
n290_291   0.3145791 0.0033390 0.0000000 0.0340820 0.4378111 0.2718149 0.3145791 0.0411145 0.3099810 0.0100673 0.4702236 0.1073179 0.3046833 0.0375899 0.0375823 0.5323886 0.0168490 0.3160096 0.1309138 0.2765504 0.3047393 0.3250325 0.3157395 
n294_295   0.3043220 0.0306011 0.0340820 0.0000000 0.4317283 0.2667375 0.3043220 0.0134486 0.2997749 0.0375933 0.4638468 0.0996168 0.2945605 0.0033408 0.0033397 0.5248515 0.0236952 0.3057268 0.1189690 0.2714382 0.2946132 0.3146205 0.3054698 
n251_252   0.3627185 0.4318059 0.4378111 0.4317283 0.0000000 0.3364854 0.3682522 0.4495962 0.3737160 0.4375662 0.0592052 0.4552629 0.3521872 0.4323700 0.4377395 0.3001901 0.4261410 0.3522785 0.4313686 0.3470252 0.3573952 0.3739043 0.3625907 
n286_287   0.2329747 0.2669940 0.2718149 0.2667375 0.3364854 0.0000000 0.2329747 0.2811334 0.2328818 0.2716740 0.3640340 0.2908113 0.2240877 0.2716318 0.2715669 0.4242988 0.2668735 0.1191854 0.2813781 0.0067101 0.2285106 0.2514172 0.1230154 
n300_301   0.0066876 0.3094993 0.3145791 0.3043220 0.3682522 0.2329747 0.0000000 0.3194099 0.0202370 0.3144137 0.3909528 0.3350314 0.0480569 0.3094539 0.3093784 0.4222904 0.2946346 0.2603632 0.2949252 0.2326727 0.0480620 0.0236630 0.2603732 
n275_276   0.3194099 0.0375984 0.0411145 0.0134486 0.4495962 0.2811334 0.3194099 0.0000000 0.3147915 0.0446645 0.4825491 0.1150011 0.3094587 0.0168546 0.0168512 0.5521571 0.0375831 0.3210076 0.1266818 0.2859197 0.3095160 0.3299244 0.3207311 
n274_275   0.0134340 0.3049257 0.3099810 0.2997749 0.3737160 0.2328818 0.0202370 0.3147915 0.0000000 0.3098178 0.3965912 0.3303372 0.0410176 0.3048815 0.3048071 0.4282201 0.2901306 0.2604221 0.2904176 0.2325798 0.0410219 0.0236733 0.2604321 
n289_290   0.3144137 0.0066965 0.0100673 0.0375933 0.4375662 0.2716740 0.3144137 0.0446645 0.3098178 0.0000000 0.4699560 0.1112255 0.3045228 0.0411207 0.0411124 0.5320795 0.0202735 0.3158423 0.1349617 0.2764067 0.3045785 0.3248593 0.3155724 
n255_256   0.3852382 0.4639328 0.4702236 0.4638468 0.0592052 0.3640340 0.3909528 0.4825491 0.3965912 0.4699560 0.0000000 0.4818439 0.3743817 0.4645543 0.4701399 0.3211797 0.4580196 0.3804621 0.4697190 0.3749953 0.3797453 0.3967939 0.3911568 
n236_237   0.3350314 0.1034750 0.1073179 0.0996168 0.4552629 0.2908113 0.3350314 0.1150011 0.3303372 0.1112255 0.4818439 0.0000000 0.3248770 0.1034673 0.1034455 0.5379712 0.0958762 0.3260576 0.1469177 0.2956540 0.3249402 0.3457774 0.3155297 
n278_279   0.0410114 0.2996687 0.3046833 0.2945605 0.3521872 0.2240877 0.0480569 0.3094587 0.0410176 0.3045228 0.3743817 0.3248770 0.0000000 0.2996250 0.2995525 0.3995861 0.2898365 0.2420631 0.2756279 0.2237979 0.0066870 0.0516317 0.2465570 
n297_298   0.3094539 0.0340914 0.0375899 0.0033408 0.4323700 0.2716318 0.3094539 0.0168546 0.3048815 0.0411207 0.4645543 0.1034673 0.2996250 0.0000000 0.0066965 0.5256825 0.0271523 0.3108902 0.1229289 0.2763631 0.2996805 0.3198296 0.3106266 
n298_299   0.3093784 0.0340845 0.0375823 0.0033397 0.4377395 0.2715669 0.3093784 0.0168512 0.3048071 0.0411124 0.4701399 0.1034455 0.2995525 0.0066965 0.0000000 0.5316281 0.0271461 0.3108137 0.1229027 0.2762968 0.2996067 0.3197498 0.3105502 
n244_245   0.4278791 0.5255904 0.5323886 0.5248515 0.3001901 0.4242988 0.4222904 0.5521571 0.4282201 0.5320795 0.3211797 0.5379712 0.3995861 0.5256825 0.5316281 0.0000000 0.5186172 0.4186188 0.5003346 0.4361382 0.4050920 0.4223182 0.4180796 
n296_297   0.2946346 0.0134478 0.0168490 0.0236952 0.4261410 0.2668735 0.2946346 0.0375831 0.2901306 0.0202735 0.4580196 0.0958762 0.2898365 0.0271523 0.0271461 0.5186172 0.0000000 0.3006955 0.1190986 0.2715771 0.2898881 0.3048041 0.3004447 
n266_267   0.2603632 0.3108998 0.3160096 0.3057268 0.3522785 0.1191854 0.2603632 0.3210076 0.2604221 0.3158423 0.3804621 0.3260576 0.2420631 0.3108902 0.3108137 0.4186188 0.3006955 0.0000000 0.3060648 0.1270510 0.2465851 0.2654243 0.0237295 
n200_201   0.2949252 0.1269427 0.1309138 0.1189690 0.4313686 0.2813781 0.2949252 0.1266818 0.2904176 0.1349617 0.4697190 0.1469177 0.2756279 0.1229289 0.1229027 0.5003346 0.1190986 0.3060648 0.0000000 0.2861675 0.2756756 0.3051004 0.3058134 
n285_286   0.2326727 0.2717001 0.2765504 0.2714382 0.3470252 0.0067101 0.2326727 0.2859197 0.2325798 0.2764067 0.3749953 0.2956540 0.2237979 0.2763631 0.2762968 0.4361382 0.2715771 0.1270510 0.2861675 0.0000000 0.2282154 0.2510877 0.1309153 
n277_278   0.0410157 0.2997232 0.3047393 0.2946132 0.3573952 0.2285106 0.0480620 0.3095160 0.0410219 0.3045785 0.3797453 0.3249402 0.0066870 0.2996805 0.2996067 0.4050920 0.2898881 0.2465851 0.2756756 0.2282154 0.0000000 0.0516372 0.2511021 
n280_281   0.0168301 0.3198782 0.3250325 0.3146205 0.3739043 0.2514172 0.0236630 0.3299244 0.0236733 0.3248593 0.3967939 0.3457774 0.0516317 0.3198296 0.3197498 0.4223182 0.3048041 0.2654243 0.3051004 0.2510877 0.0516372 0.0000000 0.2700469 
n265_266   0.2603732 0.3106362 0.3157395 0.3054698 0.3625907 0.1230154 0.2603732 0.3207311 0.2604321 0.3155724 0.3911568 0.3155297 0.2465570 0.3106266 0.3105502 0.4180796 0.3004447 0.0237295 0.3058134 0.1309153 0.2511021 0.2700469 0.0000000 
