26
n295_298   0.0000000 2.1765086 2.8532892 2.8919764 3.3818139 0.1943967 3.5397626 0.3684265 3.2557168 2.5170711 0.1633696 2.5812323 0.7239151 3.0641695 0.0448636 0.3388658 0.3326384 0.1588428 3.2286072 1.2158443 0.3392351 0.3222669 2.6157645 3.2456989 3.1663117 2.1252798 
n266_269   2.1765086 0.0000000 5.0516705 2.0474210 1.8706042 2.5963076 2.2355600 2.6371417 2.0981338 1.1436607 2.3849466 1.0767768 2.3425754 3.3931600 2.2927525 2.4138813 2.3124593 2.4506747 2.2540603 2.7113011 2.3857656 2.3814982 1.9076659 1.9404346 3.7355663 0.1956492 
n255_258   2.8532892 5.0516705 0.0000000 2.5496982 3.3081396 3.1723205 2.5951653 3.2920814 2.3786065 3.8973542 2.9691391 5.0564902 3.6843267 0.3730575 3.0668073 2.3783894 2.4450066 2.8679784 2.7135756 5.6009794 3.1780882 2.9950948 2.8139390 3.1394199 2.9115639 7.2788062 
n277_280   2.8919764 2.0474210 2.5496982 0.0000000 0.5291627 4.2826551 0.5057629 2.8407947 0.1216587 2.1029197 3.5046307 2.1000818 2.7270304 2.5239923 2.5334348 2.9565338 2.8137857 3.3248246 0.4913023 3.6437642 2.7745188 2.6684530 0.4836383 0.5071724 2.6275104 2.0668519 
n299_302   3.3818139 1.8706042 3.3081396 0.5291627 0.0000000 3.0668740 0.1598183 2.7587667 0.5009171 2.2506414 2.9849405 2.2571164 3.3311122 2.7623375 2.7702407 2.6747294 2.6900870 3.0424771 0.0899052 2.8344001 2.6714735 2.6946445 0.0597049 0.0378607 2.7138620 2.8535265 
n287_290   0.1943967 2.5963076 3.1723205 4.2826551 3.0668740 0.0000000 3.1858970 0.3512070 5.5828214 2.9574572 0.0558508 3.1494693 0.6718566 3.3906617 0.1720558 0.3223741 0.2947194 0.0558305 2.8679349 1.1127361 0.3233708 0.3344364 2.7779861 2.9650719 3.9397049 2.5709743 
n274_277   3.5397626 2.2355600 2.5951653 0.5057629 0.1598183 3.1858970 0.0000000 2.8667594 0.4634571 2.0152680 2.9151319 2.0618427 2.9532997 2.9180424 2.8636010 2.6772536 2.7722956 2.9701534 0.1259185 3.1252149 2.5546309 2.7290937 0.1469919 0.1641093 2.4342413 2.6100039 
n275_278   0.3684265 2.6371417 3.2920814 2.8407947 2.7587667 0.3512070 2.8667594 0.0000000 3.1588785 2.8652595 0.3167470 3.3865648 0.6466598 4.6488395 0.3626555 0.1685174 0.1510413 0.3276202 2.6496773 1.1274696 0.1821328 0.1598358 2.5314817 2.6929532 3.7885825 2.4029764 
n278_281   3.2557168 2.0981338 2.3786065 0.1216587 0.5009171 5.5828214 0.4634571 3.1588785 0.0000000 1.7851368 4.1469806 1.8214606 2.9483656 2.7375834 2.8881004 3.2205269 3.1389530 3.8453495 0.4643174 3.9591475 3.0905738 2.7907107 0.4929444 0.4865564 2.8265946 2.1287604 
n286_289   2.5170711 1.1436607 3.8973542 2.1029197 2.2506414 2.9574572 2.0152680 2.8652595 1.7851368 0.0000000 2.7842415 0.0593496 2.4536129 4.2378599 2.4059913 2.5723635 2.6619812 2.4785606 2.2460915 2.4940139 2.6598774 2.6293450 2.2080684 2.1979674 3.4403165 1.2966408 
n289_292   0.1633696 2.3849466 2.9691391 3.5046307 2.9849405 0.0558508 2.9151319 0.3167470 4.1469806 2.7842415 0.0000000 3.0624160 0.6621110 3.3708675 0.1420637 0.2944324 0.2733711 0.0272520 2.9786986 1.0494077 0.2951834 0.2951504 2.7127112 2.8082325 3.2569987 2.5545849 
n285_288   2.5812323 1.0767768 5.0564902 2.1000818 2.2571164 3.1494693 2.0618427 3.3865648 1.8214606 0.0593496 3.0624160 0.0000000 2.5191348 5.2189532 2.5271694 2.7973812 2.5819035 2.6915164 2.3508176 2.5013538 2.6591767 2.6286697 2.2141083 2.2039120 3.5065151 1.2004872 
n236_239   0.7239151 2.3425754 3.6843267 2.7270304 3.3311122 0.6718566 2.9532997 0.6466598 2.9483656 2.4536129 0.6621110 2.5191348 0.0000000 2.7439100 0.6953289 0.6506136 0.5889430 0.6706673 2.8208628 0.8741717 0.6705922 0.6588269 3.0109064 3.3608966 3.8932879 2.2606833 
n251_254   3.0641695 3.3931600 0.3730575 2.5239923 2.7623375 3.3906617 2.9180424 4.6488395 2.7375834 4.2378599 3.3708675 5.2189532 2.7439100 0.0000000 2.9957018 2.6352702 2.8855100 3.2375552 2.6652642 9.0000000 3.6596847 3.7406970 2.4867856 2.7352000 4.2969426 3.4074542 
n296_299   0.0448636 2.2927525 3.0668073 2.5334348 2.7702407 0.1720558 2.8636010 0.3626555 2.8881004 2.4059913 0.1420637 2.5271694 0.6953289 2.9957018 0.0000000 0.3391174 0.3328854 0.1334912 2.7603346 1.1641112 0.3448853 0.3281902 2.2930773 2.6202285 3.5129960 2.1375791 
n294_297   0.3388658 2.4138813 2.3783894 2.9565338 2.6747294 0.3223741 2.6772536 0.1685174 3.2205269 2.5723635 0.2944324 2.7973812 0.6506136 2.6352702 0.3391174 0.0000000 0.0595367 0.3104720 2.5134369 1.0627985 0.1507605 0.1338814 2.3437722 2.5353452 2.7533748 2.5817625 
n293_296   0.3326384 2.3124593 2.4450066 2.8137857 2.6900870 0.2947194 2.7722956 0.1510413 3.1389530 2.6619812 0.2733711 2.5819035 0.5889430 2.8855100 0.3328854 0.0595367 0.0000000 0.2889058 2.6718185 1.1338632 0.1423088 0.1256511 2.4745237 2.6975247 2.8964199 2.5182089 
n290_293   0.1588428 2.4506747 2.8679784 3.3248246 3.0424771 0.0558305 2.9701534 0.3276202 3.8453495 2.4785606 0.0272520 2.6915164 0.6706673 3.2375552 0.1334912 0.3104720 0.2889058 0.0000000 3.0355875 1.0314052 0.3003744 0.2999718 2.7597695 2.8589540 3.1983751 2.6298401 
n280_283   3.2286072 2.2540603 2.7135756 0.4913023 0.0899052 2.8679349 0.1259185 2.6496773 0.4643174 2.2460915 2.9786986 2.3508176 2.8208628 2.6652642 2.7603346 2.5134369 2.6718185 3.0355875 0.0000000 3.3353798 2.5104239 2.5296879 0.0783219 0.0937594 2.1591677 3.0986389 
n200_203   1.2158443 2.7113011 5.6009794 3.6437642 2.8344001 1.1127361 3.1252149 1.1274696 3.9591475 2.4940139 1.0494077 2.5013538 0.8741717 9.0000000 1.1641112 1.0627985 1.1338632 1.0314052 3.3353798 0.0000000 1.0446899 0.9831877 2.8352433 2.9429743 7.4932666 2.6324184 
n297_300   0.3392351 2.3857656 3.1780882 2.7745188 2.6714735 0.3233708 2.5546309 0.1821328 3.0905738 2.6598774 0.2951834 2.6591767 0.6705922 3.6596847 0.3448853 0.1507605 0.1423088 0.3003744 2.5104239 1.0446899 0.0000000 0.0450661 2.2989984 2.5429944 4.2882007 2.4785332 
n298_301   0.3222669 2.3814982 2.9950948 2.6684530 2.6946445 0.3344364 2.7290937 0.1598358 2.7907107 2.6293450 0.2951504 2.6286697 0.6588269 3.7406970 0.3281902 0.1338814 0.1256511 0.2999718 2.5296879 0.9831877 0.0450661 0.0000000 2.3142530 2.5631243 3.5485803 2.5475144 
n292_295   2.6157645 1.9076659 2.8139390 0.4836383 0.0597049 2.7779861 0.1469919 2.5314817 0.4929444 2.2080684 2.7127112 2.2141083 3.0109064 2.4867856 2.2930773 2.3437722 2.4745237 2.7597695 0.0783219 2.8352433 2.2989984 2.3142530 0.0000000 0.0633860 2.2790631 2.6101722 
n300_303   3.2456989 1.9404346 3.1394199 0.5071724 0.0378607 2.9650719 0.1641093 2.6929532 0.4865564 2.1979674 2.8082325 2.2039120 3.3608966 2.7352000 2.6202285 2.5353452 2.6975247 2.8589540 0.0937594 2.9429743 2.5429944 2.5631243 0.0633860 0.0000000 2.3442249 2.9296311 
n244_247   3.1663117 3.7355663 2.9115639 2.6275104 2.7138620 3.9397049 2.4342413 3.7885825 2.8265946 3.4403165 3.2569987 3.5065151 3.8932879 4.2969426 3.5129960 2.7533748 2.8964199 3.1983751 2.1591677 7.4932666 4.2882007 3.5485803 2.2790631 2.3442249 0.0000000 6.7591046 
n265_268   2.1252798 0.1956492 7.2788062 2.0668519 2.8535265 2.5709743 2.6100039 2.4029764 2.1287604 1.2966408 2.5545849 1.2004872 2.2606833 3.4074542 2.1375791 2.5817625 2.5182089 2.6298401 3.0986389 2.6324184 2.4785332 2.5475144 2.6101722 2.9296311 6.7591046 0.0000000 
