26
n265_270   0.0000000 2.6155234 3.1370238 2.4646236 1.6012602 2.1881080 2.3783326 2.7724160 0.1703538 3.2059037 2.6855169 1.9474578 2.2049789 2.1766949 5.4515832 1.0290679 3.6481544 2.3017212 2.6695450 2.9751840 1.5908181 1.9165644 0.9437347 2.2075773 1.7310048 2.3464910 
n298_303   2.6155234 0.0000000 9.0000000 0.1248259 2.6367433 0.9114550 2.2650785 0.3035671 2.5910103 0.3108725 0.2934596 1.8825118 0.7260529 0.1129846 9.0000000 1.9927679 0.3218736 0.1328777 0.0520228 0.3327552 2.7249851 1.9600503 2.0220999 2.0953302 2.0014351 5.2119232 
n251_256   3.1370238 9.0000000 0.0000000 9.0000000 2.8184729 9.0000000 4.0520622 4.8672759 3.2741169 3.9115461 5.8642268 4.0977558 4.7657273 9.0000000 2.7813168 4.0055821 4.6286190 9.0000000 9.0000000 5.0394522 3.0191346 3.7680110 9.0000000 3.4694930 3.2697199 0.3511358 
n275_280   2.4646236 0.1248259 9.0000000 0.0000000 2.8602191 0.9831509 2.4432230 0.3127855 2.4511493 0.2934888 0.2921137 2.1141049 0.7471727 0.1290148 5.2206947 2.0127971 0.3046760 0.1369661 0.1127946 0.3203925 2.7479946 2.0884424 1.9571301 2.2436522 2.0963063 5.3784206 
n277_282   1.6012602 2.6367433 2.8184729 2.8602191 0.0000000 1.7953234 0.5596961 3.3495557 1.5790430 3.3076095 3.9627882 0.5232365 2.2195968 2.3442353 2.5083030 3.0989225 2.8802895 2.5318934 2.6024732 2.9721025 0.1119549 0.5378057 2.9286267 0.5306652 0.5201133 2.6665412 
n200_205   2.1881080 0.9114550 9.0000000 0.9831509 1.7953234 0.0000000 1.9986481 0.9718239 2.2446194 1.1006107 0.9730678 1.8233914 1.1368104 0.9333512 9.0000000 1.8443495 1.1179557 0.9290151 0.9121128 1.1011169 1.9092407 1.7550028 1.8281136 1.9060654 1.9243944 3.1860613 
n299_304   2.3783326 2.2650785 4.0520622 2.4432230 0.5596961 1.9986481 0.0000000 2.5764300 2.3836670 2.4282348 2.6847164 0.1198272 1.7274843 2.1954794 3.1322004 2.3838399 2.0645791 2.2794474 2.1470415 2.2647763 0.5881111 0.0482687 2.6477267 0.0271621 0.1157569 2.4446355 
n296_301   2.7724160 0.3035671 4.8672759 0.3127855 3.3495557 0.9718239 2.5764300 0.0000000 2.8173161 0.1493636 0.0307942 2.2911820 0.6623676 0.3134707 9.0000000 2.9182388 0.1744477 0.3288090 0.3300861 0.1621564 2.7726339 2.1803043 3.3181718 2.3635915 2.2331795 2.9005869 
n266_271   0.1703538 2.5910103 3.2741169 2.4511493 1.5790430 2.2446194 2.3836670 2.8173161 0.0000000 3.1633387 2.7280373 2.0171079 2.1146879 2.2239599 9.0000000 1.0538933 3.3370474 2.3651324 2.7358019 3.0646313 1.7083131 1.9212471 0.9782842 2.2127211 1.7748728 2.6000318 
n290_295   3.2059037 0.3108725 3.9115461 0.2934888 3.3076095 1.1006107 2.4282348 0.1493636 3.1633387 0.0000000 0.1369682 2.0750580 0.7154109 0.3109649 9.0000000 2.4740965 0.0594593 0.3211322 0.3005368 0.0379722 2.6755825 2.1424903 2.3863745 2.2466943 2.2277459 3.8394078 
n295_300   2.6855169 0.2934596 5.8642268 0.2921137 3.9627882 0.9730678 2.6847164 0.0307942 2.7280373 0.1369682 0.0000000 2.4258753 0.6788734 0.2977438 9.0000000 2.5302845 0.1658049 0.2973399 0.3088481 0.1495227 3.0086661 2.2992387 2.6919140 2.5097039 2.3599649 3.1206066 
n280_285   1.9474578 1.8825118 4.0977558 2.1141049 0.5232365 1.8233914 0.1198272 2.2911820 2.0171079 2.0750580 2.4258753 0.0000000 1.8214211 1.9254130 2.8332608 2.1765348 1.9129977 2.1093484 1.8400514 2.0168216 0.5203080 0.0962391 2.3212667 0.1158641 0.1197394 2.5965342 
n236_241   2.2049789 0.7260529 4.7657273 0.7471727 2.2195968 1.1368104 1.7274843 0.6623676 2.1146879 0.7154109 0.6788734 1.8214211 0.0000000 0.7177202 3.3364680 1.4999263 0.7423581 0.7091204 0.7361280 0.7271166 2.0961266 1.7097464 1.5615392 1.7951274 1.8218030 3.8494628 
n294_299   2.1766949 0.1129846 9.0000000 0.1290148 2.3442353 0.9333512 2.1954794 0.3134707 2.2239599 0.3109649 0.2977438 1.9254130 0.7177202 0.0000000 9.0000000 2.1604929 0.3064263 0.0449051 0.1128677 0.3328521 2.3859467 1.9118917 2.2342045 2.0385964 1.9148820 4.4665406 
n244_249   5.4515832 9.0000000 2.7813168 5.2206947 2.5083030 9.0000000 3.1322004 9.0000000 9.0000000 9.0000000 9.0000000 2.8332608 3.3364680 9.0000000 0.0000000 2.3937130 9.0000000 8.9999987 9.0000000 9.0000000 2.4367493 2.7928121 2.3904543 2.8261891 2.5230890 2.6169565 
n285_290   1.0290679 1.9927679 4.0055821 2.0127971 3.0989225 1.8443495 2.3838399 2.9182388 1.0538933 2.4740965 2.5302845 2.1765348 1.4999263 2.1604929 2.3937130 0.0000000 2.5886911 2.1326696 2.1351879 2.5284658 3.5840756 2.1189825 0.1005734 2.5364602 2.0383158 2.8280938 
n287_292   3.6481544 0.3218736 4.6286190 0.3046760 2.8802895 1.1179557 2.0645791 0.1744477 3.3370474 0.0594593 0.1658049 1.9129977 0.7423581 0.3064263 9.0000000 2.5886911 0.0000000 0.3108170 0.3165365 0.0706221 2.5848061 1.9364274 2.4645122 1.9374223 2.0046593 3.4810582 
n293_298   2.3017212 0.1328777 9.0000000 0.1369661 2.5318934 0.9290151 2.2794474 0.3288090 2.3651324 0.3211322 0.2973399 2.1093484 0.7091204 0.0449051 8.9999987 2.1326696 0.3108170 0.0000000 0.1287352 0.3433282 2.5122308 2.0985932 2.1045068 2.1512557 2.0964241 4.8325292 
n297_302   2.6695450 0.0520228 9.0000000 0.1127946 2.6024732 0.9121128 2.1470415 0.3300861 2.7358019 0.3005368 0.3088481 1.8400514 0.7361280 0.1128677 9.0000000 2.1351879 0.3165365 0.1287352 0.0000000 0.3221091 2.5108537 1.8707491 2.1253115 1.9942665 1.9509276 4.6221314 
n289_294   2.9751840 0.3327552 5.0394522 0.3203925 2.9721025 1.1011169 2.2647763 0.1621564 3.0646313 0.0379722 0.1495227 2.0168216 0.7271166 0.3328521 9.0000000 2.5284658 0.0706221 0.3433282 0.3221091 0.0000000 2.7194687 2.0791977 2.5266730 2.1117049 2.1580712 3.6748539 
n278_283   1.5908181 2.7249851 3.0191346 2.7479946 0.1119549 1.9092407 0.5881111 2.7726339 1.7083131 2.6755825 3.0086661 0.5203080 2.0961266 2.3859467 2.4367493 3.5840756 2.5848061 2.5122308 2.5108537 2.7194687 0.0000000 0.5416702 3.2781526 0.5655238 0.5251711 2.8759642 
n292_297   1.9165644 1.9600503 3.7680110 2.0884424 0.5378057 1.7550028 0.0482687 2.1803043 1.9212471 2.1424903 2.2992387 0.0962391 1.7097464 1.9118917 2.7928121 2.1189825 1.9364274 2.0985932 1.8707491 2.0791977 0.5416702 0.0000000 2.3779139 0.0482840 0.0848921 2.3204604 
n286_291   0.9437347 2.0220999 9.0000000 1.9571301 2.9286267 1.8281136 2.6477267 3.3181718 0.9782842 2.3863745 2.6919140 2.3212667 1.5615392 2.2342045 2.3904543 0.1005734 2.4645122 2.1045068 2.1253115 2.5266730 3.2781526 2.3779139 0.0000000 2.6281461 2.2038561 3.2378738 
n300_305   2.2075773 2.0953302 3.4694930 2.2436522 0.5306652 1.9060654 0.0271621 2.3635915 2.2127211 2.2466943 2.5097039 0.1158641 1.7951274 2.0385964 2.8261891 2.5364602 1.9374223 2.1512557 1.9942665 2.1117049 0.5655238 0.0482840 2.6281461 0.0000000 0.1118208 2.2663776 
n274_279   1.7310048 2.0014351 3.2697199 2.0963063 0.5201133 1.9243944 0.1157569 2.2331795 1.7748728 2.2277459 2.3599649 0.1197394 1.8218030 1.9148820 2.5230890 2.0383158 2.0046593 2.0964241 1.9509276 2.1580712 0.5251711 0.0848921 2.2038561 0.1118208 0.0000000 2.2318777 
n255_260   2.3464910 5.2119232 0.3511358 5.3784206 2.6665412 3.1860613 2.4446355 2.9005869 2.6000318 3.8394078 3.1206066 2.5965342 3.8494628 4.4665406 2.6169565 2.8280938 3.4810582 4.8325292 4.6221314 3.6748539 2.8759642 2.3204604 3.2378738 2.2663776 2.2318777 0.0000000 
