21
n300_303   0.0000000 0.2779139 0.2779692 0.3512478 0.0067023 0.4152762 0.2783870 0.3457018 0.0518744 0.2784143 0.0554968 0.0168706 0.2543975 0.2777863 0.2685223 0.2837426 0.2783592 0.2784825 0.0341826 0.2392842 0.2783039 
n289_292   0.2779139 0.0000000 0.0100607 0.3452375 0.2682558 0.4152299 0.0236944 0.3348204 0.2780154 0.0236971 0.2831282 0.2779515 0.2742264 0.0066885 0.0168393 0.0271792 0.2881223 0.2786916 0.2933636 0.1433779 0.0663704 
n296_299   0.2779692 0.0100607 0.0000000 0.3453029 0.2683095 0.4153030 0.0271630 0.3348845 0.2780708 0.0271661 0.2831844 0.2780068 0.2742813 0.0168495 0.0202692 0.0306715 0.2933577 0.2838607 0.2934214 0.1475665 0.0700899 
n255_258   0.3512478 0.3452375 0.3453029 0.0000000 0.3457370 0.2552031 0.3566584 0.0376579 0.3516177 0.3566901 0.3627808 0.3508032 0.3411210 0.3450764 0.3456441 0.3572154 0.3569415 0.3521027 0.3685637 0.3291485 0.3296231 
n292_295   0.0067023 0.2682558 0.2683095 0.3457370 0.0000000 0.4152762 0.2687108 0.3402344 0.0447513 0.2687374 0.0483355 0.0100777 0.2450189 0.2681328 0.2589755 0.2739859 0.2686852 0.2688033 0.0307065 0.2301239 0.2686333 
n244_254   0.4152762 0.4152299 0.4153030 0.2552031 0.4152762 0.0000000 0.4159786 0.2601295 0.4157305 0.4160123 0.4220369 0.4145667 0.4048209 0.4150327 0.4039767 0.4226523 0.3981055 0.4046846 0.4221678 0.3749575 0.3813697 
n298_301   0.2783870 0.0236944 0.0271630 0.3566584 0.2687108 0.4159786 0.0000000 0.3354047 0.2784889 0.0067005 0.2836116 0.2784247 0.2844910 0.0306147 0.0066965 0.0168866 0.2985686 0.2890075 0.2938667 0.1517582 0.0738333 
n251_252   0.3457018 0.3348204 0.3348845 0.0376579 0.3402344 0.2601295 0.3354047 0.0000000 0.3405211 0.3354355 0.3515051 0.3452660 0.3302173 0.3346644 0.3246989 0.3359219 0.3458130 0.3410340 0.3628744 0.3086748 0.3144617 
n277_280   0.0518744 0.2780154 0.2780708 0.3516177 0.0447513 0.4157305 0.2784889 0.3405211 0.0000000 0.2785162 0.0100789 0.0554729 0.2498908 0.2778877 0.2686196 0.2838471 0.2737265 0.2738474 0.0628278 0.2393684 0.2736728 
n297_300   0.2784143 0.0236971 0.0271661 0.3566901 0.2687374 0.4160123 0.0067005 0.3354355 0.2785162 0.0000000 0.2836392 0.2784520 0.2744676 0.0306182 0.0066965 0.0168885 0.2985973 0.2890356 0.2938951 0.1517746 0.0738416 
n278_281   0.0554968 0.2831282 0.2831844 0.3627808 0.0483355 0.4220369 0.2836116 0.3515051 0.0100789 0.2836392 0.0000000 0.0591155 0.2548044 0.2829979 0.2736654 0.2890170 0.2788143 0.2789380 0.0665179 0.2441860 0.2787588 
n280_283   0.0168706 0.2779515 0.2780068 0.3508032 0.0100777 0.4145667 0.2784247 0.3452660 0.0554729 0.2784520 0.0591155 0.0000000 0.2592020 0.2778238 0.2685585 0.2837811 0.2833235 0.2834495 0.0412307 0.2393161 0.2781707 
n285_288   0.2543975 0.2742264 0.2742813 0.3411210 0.2450189 0.4048209 0.2844910 0.3302173 0.2498908 0.2744676 0.2548044 0.2592020 0.0000000 0.2741000 0.2745001 0.2797478 0.1276739 0.1199501 0.2597645 0.2401436 0.2646722 
n290_293   0.2777863 0.0066885 0.0168495 0.3450764 0.2681328 0.4150327 0.0306147 0.3346644 0.2778877 0.0306182 0.2829979 0.2778238 0.2741000 0.0000000 0.0236905 0.0341426 0.2879895 0.2785632 0.2932282 0.1515798 0.0737369 
n293_296   0.2685223 0.0168393 0.0202692 0.3456441 0.2589755 0.4039767 0.0066965 0.3246989 0.2686196 0.0066965 0.2736654 0.2685585 0.2745001 0.0236905 0.0000000 0.0100812 0.2884094 0.2789694 0.2837721 0.1435176 0.0664451 
n275_278   0.2837426 0.0271792 0.0306715 0.3572154 0.2739859 0.4226523 0.0168866 0.3359219 0.2838471 0.0168885 0.2890170 0.2837811 0.2797478 0.0341426 0.0100812 0.0000000 0.2937547 0.2842449 0.2993637 0.1561067 0.0776490 
n266_269   0.2783592 0.2881223 0.2933577 0.3569415 0.2686852 0.3981055 0.2985686 0.3458130 0.2737265 0.2985973 0.2788143 0.2833235 0.1276739 0.2879895 0.2884094 0.2937547 0.0000000 0.0377340 0.2840644 0.2486732 0.2784155 
n265_268   0.2784825 0.2786916 0.2838607 0.3521027 0.2688033 0.4046846 0.2890075 0.3410340 0.2738474 0.2890356 0.2789380 0.2834495 0.1199501 0.2785632 0.2789694 0.2842449 0.0377340 0.0000000 0.2793371 0.2445215 0.2690948 
n274_277   0.0341826 0.2933636 0.2934214 0.3685637 0.0307065 0.4221678 0.2938667 0.3628744 0.0628278 0.2938951 0.0665179 0.0412307 0.2597645 0.2932282 0.2837721 0.2993637 0.2840644 0.2793371 0.0000000 0.2587324 0.2940931 
n200_201   0.2392842 0.1433779 0.1475665 0.3291485 0.2301239 0.3749575 0.1517582 0.3086748 0.2393684 0.1517746 0.2441860 0.2393161 0.2401436 0.1515798 0.1435176 0.1561067 0.2486732 0.2445215 0.2587324 0.0000000 0.1394712 
n236_237   0.2783039 0.0663704 0.0700899 0.3296231 0.2686333 0.3813697 0.0738333 0.3144617 0.2736728 0.0738416 0.2787588 0.2781707 0.2646722 0.0737369 0.0664451 0.0776490 0.2784155 0.2690948 0.2940931 0.1394712 0.0000000 
