21
n236_235   0.0000000 0.3113210 0.3042364 0.3164526 0.1172953 0.2933847 0.1212648 0.1171597 0.1092752 0.2927538 0.1214372 0.1256379 0.1132237 0.4039243 0.1800791 0.1296084 0.1296084 0.2879069 0.3042647 0.3860276 0.4429386 
n265_260   0.3113210 0.0000000 0.2642897 0.0169416 0.3171895 0.2694691 0.3116680 0.3229083 0.3062251 0.2638295 0.3005405 0.3119566 0.3115233 0.3763752 0.2830165 0.3110516 0.3164385 0.2589082 0.2643125 0.3524636 0.4241105 
n300_293   0.3042364 0.2642897 0.0000000 0.2799338 0.3215328 0.0597384 0.3159910 0.3211026 0.3105293 0.0343875 0.2943489 0.3056246 0.3158445 0.4016967 0.2519678 0.3055321 0.3160547 0.0633694 0.0033477 0.3954370 0.3936824 
n266_261   0.3164526 0.0169416 0.2799338 0.0000000 0.3279732 0.2801701 0.3223657 0.3337848 0.3168415 0.2794398 0.3110646 0.3226682 0.3222157 0.3714751 0.2932355 0.3217256 0.3271928 0.2694171 0.2799587 0.3476806 0.4377303 
n289_282   0.1172953 0.3171895 0.3215328 0.3279732 0.0000000 0.3052566 0.0033408 0.0033436 0.0067039 0.2933200 0.0343527 0.0379328 0.0100800 0.4233765 0.1848368 0.0450314 0.0450314 0.2996609 0.3215638 0.4173905 0.4528383 
n278_273   0.2933847 0.2694691 0.0597384 0.2801701 0.3052566 0.0000000 0.3050480 0.3048523 0.2945072 0.0596039 0.2786975 0.2896962 0.2997068 0.3829512 0.2469805 0.2896082 0.2999038 0.0238065 0.0560184 0.3768559 0.3929331 
n287_280   0.1212648 0.3116680 0.3159910 0.3223657 0.0033408 0.3050480 0.0000000 0.0067017 0.0100777 0.2880232 0.0378736 0.0414754 0.0134695 0.4169321 0.1803728 0.0486068 0.0486068 0.2942979 0.3160211 0.4109965 0.4460740 
n290_283   0.1171597 0.3229083 0.3211026 0.3337848 0.0033436 0.3048523 0.0067017 0.0000000 0.0100879 0.2929360 0.0379127 0.0415184 0.0134831 0.4227700 0.1846132 0.0486573 0.0486573 0.2992657 0.3211334 0.4167944 0.4521731 
n296_289   0.1092752 0.3062251 0.3105293 0.3168415 0.0067039 0.2945072 0.0100777 0.0100879 0.0000000 0.2827946 0.0273245 0.0308571 0.0033408 0.4106226 0.1759444 0.0378825 0.0378825 0.2890059 0.3105586 0.4047338 0.4394658 
n274_269   0.2927538 0.2638295 0.0343875 0.2794398 0.2933200 0.0596039 0.2880232 0.2929360 0.2827946 0.0000000 0.2673103 0.2780690 0.2878911 0.3753137 0.2414637 0.2779847 0.2880779 0.0632264 0.0308385 0.3808399 0.3979201 
n297_290   0.1214372 0.3005405 0.2943489 0.3110646 0.0343527 0.2786975 0.0378736 0.0379127 0.0273245 0.2673103 0.0000000 0.0101019 0.0308161 0.4110929 0.1805205 0.0203788 0.0203788 0.2733335 0.2943758 0.4051951 0.4187296 
n275_270   0.1256379 0.3119566 0.3056246 0.3226682 0.0379328 0.2896962 0.0414754 0.0415184 0.0308571 0.2780690 0.0101019 0.0000000 0.0343708 0.4246773 0.1803997 0.0169281 0.0169281 0.2842302 0.3056532 0.4186680 0.4325180 
n295_288   0.1132237 0.3115233 0.3158445 0.3222157 0.0100800 0.2997068 0.0134695 0.0134831 0.0033408 0.2878911 0.0308161 0.0343708 0.0000000 0.4167330 0.1802929 0.0414298 0.0414298 0.2941623 0.3158746 0.4108004 0.4458579 
n251_246   0.4039243 0.3763752 0.4016967 0.3714751 0.4233765 0.3829512 0.4169321 0.4227700 0.4106226 0.3753137 0.4110929 0.4246773 0.4167330 0.0000000 0.3975911 0.4245502 0.4305853 0.3769688 0.4017417 0.0377699 0.3154777 
n200_199   0.1800791 0.2830165 0.2519678 0.2932355 0.1848368 0.2469805 0.1803728 0.1846132 0.1759444 0.2414637 0.1805205 0.1803997 0.1802929 0.3975911 0.0000000 0.1850261 0.1894639 0.2466523 0.2468097 0.3918042 0.3950852 
n294_287   0.1296084 0.3110516 0.3055321 0.3217256 0.0450314 0.2896082 0.0486068 0.0486573 0.0378825 0.2779847 0.0203788 0.0169281 0.0414298 0.4245502 0.1850261 0.0000000 0.0066984 0.2841438 0.3055607 0.4185425 0.4403713 
n293_286   0.1296084 0.3164385 0.3160547 0.3271928 0.0450314 0.2999038 0.0486068 0.0486573 0.0378825 0.2880779 0.0203788 0.0169281 0.0414298 0.4305853 0.1894639 0.0066984 0.0000000 0.2943547 0.3160848 0.4245355 0.4465657 
n277_272   0.2879069 0.2589082 0.0633694 0.2694171 0.2996609 0.0238065 0.2942979 0.2992657 0.2890059 0.0632264 0.2733335 0.2842302 0.2941623 0.3769688 0.2466523 0.2841438 0.2943547 0.0000000 0.0596291 0.3709247 0.3985140 
n280_275   0.3042647 0.2643125 0.0033477 0.2799587 0.3215638 0.0560184 0.3160211 0.3211334 0.3105586 0.0308385 0.2943758 0.3056532 0.3158746 0.4017417 0.2468097 0.3055607 0.3160848 0.0596291 0.0000000 0.3954808 0.3929432 
n255_250   0.3860276 0.3524636 0.3954370 0.3476806 0.4173905 0.3768559 0.4109965 0.4167944 0.4047338 0.3808399 0.4051951 0.4186680 0.4108004 0.0377699 0.3918042 0.4185425 0.4245355 0.3709247 0.3954808 0.0000000 0.3049810 
n244_243   0.4429386 0.4241105 0.3936824 0.4377303 0.4528383 0.3929331 0.4460740 0.4521731 0.4394658 0.3979201 0.4187296 0.4325180 0.4458579 0.3154777 0.3950852 0.4403713 0.4465657 0.3985140 0.3929432 0.3049810 0.0000000 
