26
n299_300   0.0000000 0.0169123 3.8547830 4.4053592 4.0368746 0.4554802 2.6429196 2.7798234 0.1209794 3.1896288 2.8762124 2.3082350 0.0557043 0.4282718 2.6886337 2.8770027 2.5369030 3.0542766 3.3749115 3.4920142 2.5018460 2.8700681 3.0487011 3.2443242 0.0743169 2.4284656 
n300_301   0.0169123 0.0000000 3.6947641 4.3629760 3.6862969 0.4698915 2.8121986 3.0537364 0.1170893 3.0925976 2.7887811 2.2597018 0.0557966 0.4420776 2.7062757 2.8971651 2.6167366 3.1779783 3.1257164 3.4997790 2.5172247 2.7944152 3.0555218 3.1012621 0.0744413 2.4429474 
n290_291   3.8547830 3.6947641 0.0000000 3.6715642 2.7365054 3.2987348 1.2583656 0.6081473 4.2370316 0.0378954 0.1293913 0.2462864 4.1551223 3.7648804 0.2270942 0.2224880 1.9583639 1.8705572 0.0560282 2.6436542 0.2357735 0.1376796 1.6177768 1.7926546 3.7942656 0.2260739 
n244_245   4.4053592 4.3629760 3.6715642 0.0000000 2.4530331 3.2761611 3.1393966 4.9292303 3.8273334 3.1421723 3.2267336 2.9342067 5.4127596 3.2262361 2.9650140 2.6070639 3.4014775 3.7780004 3.6651864 2.0011208 3.3444411 3.4230137 3.2510585 3.3568891 3.5308195 3.1858298 
n255_256   4.0368746 3.6862969 2.7365054 2.4530331 0.0000000 9.0000000 2.8297391 2.2217883 3.2618427 2.5031361 2.7848084 2.8445746 4.3615581 5.1439877 3.5140112 3.3529839 3.8646071 3.8959485 2.3204899 0.2511751 3.5228246 2.9989829 2.5389565 3.0543862 3.2119310 3.5206608 
n277_278   0.4554802 0.4698915 3.2987348 3.2761611 9.0000000 0.0000000 2.5655179 2.4980581 0.4827153 3.3040466 2.6513357 3.0348154 0.4957703 0.1011337 3.3370626 3.6496787 2.2917674 2.5338331 3.4595484 9.0000000 2.6482139 2.6582534 3.2939098 2.8606692 0.4421830 2.8340509 
n200_201   2.6429196 2.8121986 1.2583656 3.1393966 2.8297391 2.5655179 0.0000000 1.1308753 2.3085449 1.2342304 1.1343886 1.1050820 2.9374851 2.6904773 1.1063123 1.1396505 2.7647869 2.8730448 1.1864857 3.5000337 1.1167203 1.1206922 2.4289583 2.6508315 2.3728387 1.0701883 
n236_237   2.7798234 3.0537364 0.6081473 4.9292303 2.2217883 2.4980581 1.1308753 0.0000000 2.8100472 0.6142969 0.6247785 0.6509705 2.8957362 2.6894817 0.6334428 0.6171669 2.2649541 2.2191617 0.5839397 2.1485511 0.6456316 0.6513653 1.8636595 2.1845662 3.1124502 0.6458393 
n274_275   0.1209794 0.1170893 4.2370316 3.8273334 3.2618427 0.4827153 2.3085449 2.8100472 0.0000000 3.5481702 3.1203442 2.4841537 0.1414360 0.4348386 3.0531699 3.3121966 2.8047274 3.7325545 3.4568424 3.1386421 2.7983175 2.9782455 4.1064092 4.5095104 0.0781122 2.7032545 
n289_290   3.1896288 3.0925976 0.0378954 3.1421723 2.5031361 3.3040466 1.2342304 0.6142969 3.5481702 0.0000000 0.1210298 0.2360768 3.3518277 3.7778227 0.2123974 0.2078958 1.9909431 1.9005193 0.0450379 2.4366058 0.2209109 0.1291950 1.6137785 1.7881638 3.1565510 0.2114540 
n296_297   2.8762124 2.7887811 0.1293913 3.2267336 2.7848084 2.6513357 1.1343886 0.6247785 3.1203442 0.1210298 0.0000000 0.2316609 3.3122922 2.9008233 0.2465406 0.2416818 2.2131577 2.2028406 0.1336080 2.8988118 0.2403298 0.0237815 1.7717231 2.0932997 3.1020377 0.2604378 
n275_276   2.3082350 2.2597018 0.2462864 2.9342067 2.8445746 3.0348154 1.1050820 0.6509705 2.4841537 0.2360768 0.2316609 0.0000000 2.3597219 3.3591834 0.1297008 0.1215552 2.2740295 2.2052990 0.2317652 2.6050692 0.1293358 0.2512666 1.8421969 2.1364815 2.5448352 0.1211633 
n292_293   0.0557043 0.0557966 4.1551223 5.4127596 4.3615581 0.4957703 2.9374851 2.8957362 0.1414360 3.3518277 3.3122922 2.3597219 0.0000000 0.4670084 3.1675025 3.3318119 2.6784667 3.4005774 3.3947714 4.0852075 2.7915568 3.2064528 3.1908238 3.4379931 0.0971858 2.6275150 
n278_279   0.4282718 0.4420776 3.7648804 3.2262361 5.1439877 0.1011337 2.6904773 2.6894817 0.4348386 3.7778227 2.9008233 3.3591834 0.4670084 0.0000000 3.8692752 4.7928181 2.5190065 2.8308267 3.8112447 6.2364440 2.9889357 2.9110626 2.8217045 2.7278574 0.3969615 3.2413902 
n298_299   2.6886337 2.7062757 0.2270942 2.9650140 3.5140112 3.3370626 1.1063123 0.6334428 3.0531699 0.2123974 0.2465406 0.1297008 3.1675025 3.8692752 0.0000000 0.0273706 2.0982777 2.0404137 0.2225482 3.0595959 0.1375000 0.2617918 1.7735345 2.2550954 2.9487653 0.1292188 
n297_298   2.8770027 2.8971651 0.2224880 2.6070639 3.3529839 3.6496787 1.1396505 0.6171669 3.3121966 0.2078958 0.2416818 0.1215552 3.3318119 4.7928181 0.0273706 0.0000000 2.1528503 2.0921025 0.2179686 2.9608565 0.1334552 0.2568153 1.7732512 2.1962294 3.1871832 0.1211058 
n286_287   2.5369030 2.6167366 1.9583639 3.4014775 3.8646071 2.2917674 2.7647869 2.2649541 2.8047274 1.9909431 2.2131577 2.2740295 2.6784667 2.5190065 2.0982777 2.1528503 0.0000000 0.0555482 2.0005237 4.5110950 1.9239152 2.2227184 0.8744995 0.9661149 2.3375502 1.9296534 
n285_286   3.0542766 3.1779783 1.8705572 3.7780004 3.8959485 2.5338331 2.8730448 2.2191617 3.7325545 1.9005193 2.2028406 2.2052990 3.4005774 2.8308267 2.0404137 2.0921025 0.0555482 0.0000000 1.9443955 4.5455708 1.9169114 2.2586783 0.8867393 0.9776523 3.2513148 1.8799220 
n287_288   3.3749115 3.1257164 0.0560282 3.6651864 2.3204899 3.4595484 1.1864857 0.5839397 3.4568424 0.0450379 0.1336080 0.2317652 3.3947714 3.8112447 0.2225482 0.2179686 2.0005237 1.9443955 0.0000000 2.5222272 0.2357771 0.1378281 1.7157548 1.9821019 3.0780110 0.2214404 
n251_252   3.4920142 3.4997790 2.6436542 2.0011208 0.2511751 9.0000000 3.5000337 2.1485511 3.1386421 2.4366058 2.8988118 2.6050692 4.0852075 6.2364440 3.0595959 2.9608565 4.5110950 4.5455708 2.5222272 0.0000000 3.0359325 3.3949847 2.7317253 2.9882501 3.2963536 2.7710859 
n294_295   2.5018460 2.5172247 0.2357735 3.3444411 3.5228246 2.6482139 1.1167203 0.6456316 2.7983175 0.2209109 0.2403298 0.1293358 2.7915568 2.9889357 0.1375000 0.1334552 1.9239152 1.9169114 0.2357771 3.0359325 0.0000000 0.2601372 1.6632906 2.0359312 2.7194376 0.0203067 
n295_296   2.8700681 2.7944152 0.1376796 3.4230137 2.9989829 2.6582534 1.1206922 0.6513653 2.9782455 0.1291950 0.0237815 0.2512666 3.2064528 2.9110626 0.2617918 0.2568153 2.2227184 2.2586783 0.1378281 3.3949847 0.2601372 0.0000000 1.8458188 2.1484934 2.8727323 0.2809013 
n266_267   3.0487011 3.0555218 1.6177768 3.2510585 2.5389565 3.2939098 2.4289583 1.8636595 4.1064092 1.6137785 1.7717231 1.8421969 3.1908238 2.8217045 1.7735345 1.7732512 0.8744995 0.8867393 1.7157548 2.7317253 1.6632906 1.8458188 0.0000000 0.1209549 2.8997389 1.6368707 
n265_266   3.2443242 3.1012621 1.7926546 3.3568891 3.0543862 2.8606692 2.6508315 2.1845662 4.5095104 1.7881638 2.0932997 2.1364815 3.4379931 2.7278574 2.2550954 2.1962294 0.9661149 0.9776523 1.9821019 2.9882501 2.0359312 2.1484934 0.1209549 0.0000000 3.2770229 1.9497134 
n280_281   0.0743169 0.0744413 3.7942656 3.5308195 3.2119310 0.4421830 2.3728387 3.1124502 0.0781122 3.1565510 3.1020377 2.5448352 0.0971858 0.3969615 2.9487653 3.1871832 2.3375502 3.2513148 3.0780110 3.2963536 2.7194376 2.8727323 2.8997389 3.2770229 0.0000000 2.6299144 
n293_294   2.4284656 2.4429474 0.2260739 3.1858298 3.5206608 2.8340509 1.0701883 0.6458393 2.7032545 0.2114540 0.2604378 0.1211633 2.6275150 3.2413902 0.1292188 0.1211058 1.9296534 1.8799220 0.2214404 2.7710859 0.0203067 0.2809013 1.6368707 1.9497134 2.6299144 0.0000000 
