24
n296_295   0.0000000 0.2593606 0.2311299 0.2695104 0.4372072 0.2310678 0.0377867 0.0100827 0.0378193 0.0413234 0.0168979 0.2846984 0.2643946 0.2901654 0.2642147 0.0067043 0.2642475 0.4222041 0.3262480 0.1667609 0.0413958 0.0970035 0.3315492 0.4402816 
n292_291   0.2593606 0.0000000 0.0521450 0.0067047 0.4070438 0.0593992 0.2590154 0.2742631 0.2592503 0.2592824 0.2741378 0.2115686 0.0033428 0.2212202 0.0033408 0.2692229 0.0033408 0.3808048 0.2732710 0.2840754 0.2643874 0.2840922 0.2631797 0.3922651 
n277_276   0.2311299 0.0521450 0.0000000 0.0594538 0.3787066 0.0135051 0.2308259 0.2454713 0.2260061 0.2310624 0.2453603 0.2029328 0.0557860 0.2124676 0.0557546 0.2406257 0.0557606 0.3806701 0.2543033 0.2547149 0.2308925 0.2498526 0.2539882 0.3981762 
n299_298   0.2695104 0.0067047 0.0594538 0.0000000 0.4197452 0.0667912 0.2691496 0.2846447 0.2693945 0.2694280 0.2845140 0.2209947 0.0033444 0.2308011 0.0100799 0.2795242 0.0100809 0.3930940 0.2836110 0.2946048 0.2746163 0.2946204 0.2733585 0.4047552 
n244_243   0.4372072 0.4070438 0.3787066 0.4197452 0.0000000 0.3786451 0.4312000 0.4375238 0.4316109 0.4316712 0.4373079 0.4196740 0.4133172 0.4204149 0.4007429 0.4498579 0.4130525 0.3865588 0.4542359 0.4332494 0.4382588 0.4584704 0.4404582 0.4086292 
n278_277   0.2310678 0.0593992 0.0135051 0.0667912 0.3786451 0.0000000 0.2307639 0.2454076 0.2259448 0.2310003 0.2452967 0.2120528 0.0630812 0.2217295 0.0630455 0.2405625 0.0630523 0.3925863 0.2641243 0.2645538 0.2308305 0.2548453 0.2637956 0.4103897 
n293_292   0.0377867 0.2590154 0.2308259 0.2691496 0.4312000 0.2307639 0.0000000 0.0413422 0.0067131 0.0033443 0.0485100 0.2744404 0.2640417 0.2798173 0.2638623 0.0448867 0.2638950 0.4041794 0.3269348 0.1538213 0.0101024 0.1008099 0.3322497 0.4342308 
n290_289   0.0100827 0.2742631 0.2454713 0.2846447 0.4375238 0.2454076 0.0413422 0.0000000 0.0413779 0.0448982 0.0067129 0.2899019 0.2794101 0.2954148 0.2792175 0.0168881 0.2792525 0.4285614 0.3317645 0.1667992 0.0449769 0.1009082 0.3371063 0.4467898 
n297_296   0.0378193 0.2592503 0.2260061 0.2693945 0.4316109 0.2259448 0.0067131 0.0413779 0.0000000 0.0100936 0.0485519 0.2746906 0.2642815 0.2800730 0.2641018 0.0449254 0.2641346 0.4045635 0.3272371 0.1539572 0.0033453 0.1008978 0.3325573 0.4346464 
n275_274   0.0413234 0.2592824 0.2310624 0.2694280 0.4316712 0.2310003 0.0033443 0.0448982 0.0100936 0.0000000 0.0521045 0.2747249 0.2643143 0.2801081 0.2641346 0.0484595 0.2641673 0.4037107 0.3272796 0.1539749 0.0135020 0.1046867 0.3326006 0.4337195 
n287_286   0.0168979 0.2741378 0.2453603 0.2845140 0.4373079 0.2452967 0.0485100 0.0067129 0.0485519 0.0521045 0.0000000 0.2897684 0.2792821 0.2952783 0.2790897 0.0237757 0.2791246 0.4283498 0.3316090 0.1755257 0.0521962 0.1087775 0.3369479 0.4465677 
n266_265   0.2846984 0.2115686 0.2029328 0.2209947 0.4196740 0.2120528 0.2744404 0.2899019 0.2746906 0.2747249 0.2897684 0.0000000 0.2162492 0.0307008 0.2161083 0.2949269 0.2161342 0.4287120 0.1575863 0.2841642 0.2799573 0.2955506 0.1534154 0.4405413 
n300_299   0.2643946 0.0033428 0.0557860 0.0033444 0.4133172 0.0630812 0.2640417 0.2794101 0.2642815 0.2643143 0.2792821 0.2162492 0.0000000 0.2259765 0.0067007 0.2743307 0.0067013 0.3868792 0.2783975 0.2892943 0.2694600 0.2893106 0.2682276 0.3984368 
n265_264   0.2901654 0.2212202 0.2124676 0.2308011 0.4204149 0.2217295 0.2798173 0.2954148 0.2800730 0.2801081 0.2952783 0.0307008 0.2259765 0.0000000 0.2258278 0.3004822 0.2258551 0.4237590 0.1533151 0.2947799 0.2853876 0.3011186 0.1491704 0.4355351 
n274_273   0.2642147 0.0033408 0.0557546 0.0100799 0.4007429 0.0630455 0.2638623 0.2792175 0.2641018 0.2641346 0.2790897 0.2161083 0.0067007 0.2258278 0.0000000 0.2741425 0.0066978 0.3865834 0.2782063 0.2890933 0.2692759 0.2891096 0.2680450 0.3981292 
n295_294   0.0067043 0.2692229 0.2406257 0.2795242 0.4498579 0.2405625 0.0448867 0.0168881 0.0449254 0.0484595 0.0237757 0.2949269 0.2743307 0.3004822 0.2741425 0.0000000 0.2741767 0.4280215 0.3370764 0.1753779 0.0485445 0.1047616 0.3424556 0.4462245 
n280_279   0.2642475 0.0033408 0.0557606 0.0100809 0.4130525 0.0630523 0.2638950 0.2792525 0.2641346 0.2641673 0.2791246 0.2161342 0.0067013 0.2258551 0.0066978 0.2741767 0.0000000 0.3866360 0.2782410 0.2891297 0.2693094 0.2891460 0.2680782 0.3981838 
n255_254   0.4222041 0.3808048 0.3806701 0.3930940 0.3865588 0.3925863 0.4041794 0.4285614 0.4045635 0.4037107 0.4283498 0.4287120 0.3868792 0.4237590 0.3865834 0.4280215 0.3866360 0.0000000 0.4474599 0.4423243 0.4048917 0.4461458 0.4351811 0.0628004 
n285_284   0.3262480 0.2732710 0.2543033 0.2836110 0.4542359 0.2641243 0.3269348 0.3317645 0.3272371 0.3272796 0.3316090 0.1575863 0.2783975 0.1533151 0.2782063 0.3370764 0.2782410 0.4474599 0.0000000 0.3321935 0.3329406 0.3280579 0.0100579 0.4607471 
n200_201   0.1667609 0.2840754 0.2547149 0.2946048 0.4332494 0.2645538 0.1538213 0.1667992 0.1539572 0.1539749 0.1755257 0.2841642 0.2892943 0.2947799 0.2890933 0.1753779 0.2891297 0.4423243 0.3321935 0.0000000 0.1583035 0.1796241 0.3375437 0.4740282 
n298_297   0.0413958 0.2643874 0.2308925 0.2746163 0.4382588 0.2308305 0.0101024 0.0449769 0.0033453 0.0135020 0.0521962 0.2799573 0.2694600 0.2853876 0.2692759 0.0485445 0.2693094 0.4048917 0.3329406 0.1583035 0.0000000 0.1048732 0.3383048 0.4350053 
n236_235   0.0970035 0.2840922 0.2498526 0.2946204 0.4584704 0.2548453 0.1008099 0.1009082 0.1008978 0.1046867 0.1087775 0.2955506 0.2893106 0.3011186 0.2891096 0.1047616 0.2891460 0.4461458 0.3280579 0.1796241 0.1048732 0.0000000 0.3333920 0.4647645 
n286_285   0.3315492 0.2631797 0.2539882 0.2733585 0.4404582 0.2637956 0.3322497 0.3371063 0.3325573 0.3326006 0.3369479 0.1534154 0.2682276 0.1491704 0.2680450 0.3424556 0.2680782 0.4351811 0.0100579 0.3375437 0.3383048 0.3333920 0.0000000 0.4603237 
n251_250   0.4402816 0.3922651 0.3981762 0.4047552 0.4086292 0.4103897 0.4342308 0.4467898 0.4346464 0.4337195 0.4465677 0.4405413 0.3984368 0.4355351 0.3981292 0.4462245 0.3981838 0.0628004 0.4607471 0.4740282 0.4350053 0.4647645 0.4603237 0.0000000 
