26
n287_288   0.0000000 0.0033274 0.0699018 0.4196056 0.3345714 0.3553337 0.4392135 0.4263263 0.0376213 0.4391982 0.4327466 0.0271368 0.0341224 0.0376493 0.0341475 0.0066696 0.3338291 0.4090681 0.0202333 0.3439003 0.4498195 0.0306368 0.4394083 0.1620553 0.4075542 0.4405627 
n290_291   0.0033274 0.0000000 0.0698942 0.4133085 0.3345218 0.3495727 0.4327323 0.4199644 0.0341006 0.4327189 0.4263263 0.0236756 0.0306201 0.0341260 0.0306426 0.0033253 0.3337797 0.4028368 0.0168124 0.3382340 0.4431804 0.0271523 0.4329238 0.1577557 0.4013591 0.4340502 
n236_237   0.0699018 0.0698942 0.0000000 0.4055854 0.3277869 0.3599009 0.4309421 0.4182380 0.0923648 0.4376552 0.4245685 0.0924179 0.0885955 0.0924379 0.0886657 0.0735647 0.3270663 0.4194332 0.0847714 0.3424379 0.4480341 0.0848370 0.4311323 0.1574883 0.3997236 0.4385637 
n278_279   0.4196056 0.4133085 0.4055854 0.0000000 0.3090738 0.3307078 0.0522966 0.0523273 0.4326867 0.0559862 0.0486743 0.4456981 0.4266491 0.4206384 0.4076142 0.4192316 0.3033434 0.4525942 0.4324806 0.3357199 0.4407402 0.4078286 0.0523176 0.3801317 0.0134901 0.4864420 
n285_286   0.3345714 0.3345218 0.3277869 0.3090738 0.0000000 0.1650050 0.3150910 0.3152995 0.3506459 0.3208127 0.3096495 0.3635032 0.3452053 0.3398010 0.3455852 0.3398910 0.0170661 0.3822242 0.3517174 0.1560767 0.3549408 0.3397705 0.3152270 0.3479984 0.2986044 0.3943738 
n265_266   0.3553337 0.3495727 0.3599009 0.3307078 0.1650050 0.0000000 0.3198033 0.3200150 0.3659728 0.3198133 0.3143310 0.3675438 0.3604387 0.3549395 0.3608423 0.3550329 0.1649581 0.4120020 0.3557180 0.0274292 0.3843868 0.3549107 0.3199413 0.3641658 0.3199261 0.4250969 
n280_281   0.4392135 0.4327323 0.4309421 0.0522966 0.3150910 0.3198033 0.0000000 0.0067355 0.4526984 0.0101327 0.0033570 0.4661016 0.4464950 0.4403153 0.4268950 0.4388150 0.3092960 0.4580287 0.4524712 0.3247475 0.4422865 0.4271227 0.0067343 0.3919093 0.0486570 0.4920680 
n299_300   0.4263263 0.4199644 0.4182380 0.0523273 0.3152995 0.3200150 0.0067355 0.0000000 0.4395493 0.0101384 0.0033589 0.4526985 0.4334532 0.4273829 0.4142193 0.4259439 0.3095000 0.4446849 0.4393360 0.3249625 0.4425920 0.4144384 0.0067381 0.3798139 0.0486855 0.4780908 
n293_294   0.0376213 0.0341006 0.0923648 0.4326867 0.3506459 0.3659728 0.4526984 0.4395493 0.0000000 0.4596486 0.4460976 0.0591386 0.0033310 0.0202394 0.0168279 0.0375973 0.3498573 0.3966141 0.0518642 0.3543853 0.4558620 0.0134211 0.4529003 0.1747119 0.4204116 0.4342872 
n274_275   0.4391982 0.4327189 0.4376552 0.0559862 0.3208127 0.3198133 0.0101327 0.0101384 0.4596486 0.0000000 0.0067373 0.4660774 0.4533883 0.4471503 0.4335930 0.4387999 0.3149609 0.4650826 0.4524516 0.3247567 0.4492355 0.4338254 0.0101367 0.3982959 0.0523218 0.4994564 
n292_293   0.4327466 0.4263263 0.4245685 0.0486743 0.3096495 0.3143310 0.0033570 0.0033589 0.4460976 0.0067373 0.0000000 0.4593708 0.4399492 0.4338254 0.4205362 0.4323563 0.3039070 0.4513290 0.4458775 0.3192398 0.4356892 0.4207595 0.0033583 0.3858466 0.0450562 0.4850435 
n296_297   0.0271368 0.0236756 0.0924179 0.4456981 0.3635032 0.3675438 0.4661016 0.4526985 0.0591386 0.4660774 0.4593708 0.0000000 0.0555284 0.0591845 0.0555712 0.0271195 0.3626732 0.4213864 0.0066676 0.3670070 0.4771042 0.0519307 0.4663104 0.1796068 0.4332069 0.4467924 
n294_295   0.0341224 0.0306201 0.0885955 0.4266491 0.3452053 0.3604387 0.4464950 0.4334532 0.0033310 0.4533883 0.4399492 0.0555284 0.0000000 0.0168281 0.0134320 0.0341006 0.3444325 0.3967883 0.0482933 0.3489354 0.4495862 0.0100432 0.4466939 0.1747836 0.4144650 0.4344803 
n275_276   0.0376493 0.0341260 0.0924379 0.4206384 0.3398010 0.3549395 0.4403153 0.4273829 0.0202394 0.4471503 0.4338254 0.0591845 0.0168281 0.0000000 0.0168403 0.0376253 0.3390439 0.3909960 0.0519032 0.3435214 0.4433345 0.0134309 0.4405111 0.1792166 0.4085471 0.4283860 
n297_298   0.0341475 0.0306426 0.0886657 0.4076142 0.3455852 0.3608423 0.4268950 0.4142193 0.0168279 0.4335930 0.4205362 0.0555712 0.0134320 0.0168403 0.0000000 0.0341257 0.3448104 0.3972565 0.0483293 0.3493201 0.4501598 0.0033304 0.4270839 0.1658589 0.3957429 0.4350203 
n289_290   0.0066696 0.0033253 0.0735647 0.4192316 0.3398910 0.3550329 0.4388150 0.4259439 0.0375973 0.4387999 0.4323563 0.0271195 0.0341006 0.0376253 0.0341257 0.0000000 0.3391335 0.4087051 0.0202205 0.3436120 0.4494040 0.0306165 0.4390096 0.1619395 0.4071943 0.4401614 
n286_287   0.3338291 0.3337797 0.3270663 0.3033434 0.0170661 0.1649581 0.3092960 0.3095000 0.3498573 0.3149609 0.3039070 0.3626732 0.3444325 0.3390439 0.3448104 0.3391335 0.0000000 0.3820768 0.3509239 0.1603651 0.3606229 0.3390134 0.3094291 0.3472124 0.2929677 0.3942187 
n255_256   0.4090681 0.4028368 0.4194332 0.4525942 0.3822242 0.4120020 0.4580287 0.4446849 0.3966141 0.4650826 0.4513290 0.4213864 0.3967883 0.3909960 0.3972565 0.4087051 0.3820768 0.0000000 0.4276968 0.4117334 0.2975051 0.3909726 0.4582348 0.3981180 0.4459351 0.0378762 
n295_296   0.0202333 0.0168124 0.0847714 0.4324806 0.3517174 0.3557180 0.4524712 0.4393360 0.0518642 0.4524516 0.4458775 0.0066676 0.0482933 0.0519032 0.0483293 0.0202205 0.3509239 0.4276968 0.0000000 0.3552015 0.4765199 0.0447351 0.4526728 0.1749745 0.4202175 0.4533247 
n266_267   0.3439003 0.3382340 0.3424379 0.3357199 0.1560767 0.0274292 0.3247475 0.3249625 0.3543853 0.3247567 0.3192398 0.3670070 0.3489354 0.3435214 0.3493201 0.3436120 0.1603651 0.4117334 0.3552015 0.0000000 0.3781145 0.3434913 0.3248877 0.3702575 0.3248733 0.4180422 
n244_245   0.4498195 0.4431804 0.4480341 0.4407402 0.3549408 0.3843868 0.4422865 0.4425920 0.4558620 0.4492355 0.4356892 0.4771042 0.4495862 0.4433345 0.4501598 0.4494040 0.3606229 0.2975051 0.4765199 0.3781145 0.0000000 0.4433228 0.4424860 0.4286676 0.4214312 0.3297892 
n298_299   0.0306368 0.0271523 0.0848370 0.4078286 0.3397705 0.3549107 0.4271227 0.4144384 0.0134211 0.4338254 0.4207595 0.0519307 0.0100432 0.0134309 0.0033304 0.0306165 0.3390134 0.3909726 0.0447351 0.3434913 0.4433228 0.0000000 0.4273118 0.1659328 0.3959497 0.4283705 
n300_301   0.4394083 0.4329238 0.4311323 0.0523176 0.3152270 0.3199413 0.0067343 0.0067381 0.4529003 0.0101367 0.0033583 0.4663104 0.4466939 0.4405111 0.4270839 0.4390096 0.3094291 0.4582348 0.4526728 0.3248877 0.4424860 0.4273118 0.0000000 0.3920813 0.0486765 0.4922915 
n200_201   0.1620553 0.1577557 0.1574883 0.3801317 0.3479984 0.3641658 0.3919093 0.3798139 0.1747119 0.3982959 0.3858466 0.1796068 0.1747836 0.1792166 0.1658589 0.1619395 0.3472124 0.3981180 0.1749745 0.3702575 0.4286676 0.1659328 0.3920813 0.0000000 0.3686367 0.4304520 
n277_278   0.4075542 0.4013591 0.3997236 0.0134901 0.2986044 0.3199261 0.0486570 0.0486855 0.4204116 0.0523218 0.0450562 0.4332069 0.4144650 0.4085471 0.3957429 0.4071943 0.2929677 0.4459351 0.4202175 0.3248733 0.4214312 0.3959497 0.0486765 0.3686367 0.0000000 0.4794806 
n251_252   0.4405627 0.4340502 0.4385637 0.4864420 0.3943738 0.4250969 0.4920680 0.4780908 0.4342872 0.4994564 0.4850435 0.4467924 0.4344803 0.4283860 0.4350203 0.4401614 0.3942187 0.0378762 0.4533247 0.4180422 0.3297892 0.4283705 0.4922915 0.4304520 0.4794806 0.0000000 
