23
n255_258   0.0000000 0.4385530 0.4841506 0.4705472 0.4196979 0.4575489 0.4075493 0.4701708 0.3824739 0.4386666 0.3808508 0.3713729 0.4707199 0.4436051 0.4769966 0.0514915 0.4258792 0.4642327 0.4639607 0.4637284 0.3751275 0.2648717 0.4513894 
n278_281   0.4385530 0.0000000 0.3033245 0.3138585 0.0930789 0.3033658 0.0854392 0.2977647 0.2719684 0.0203521 0.2858740 0.2573724 0.2980920 0.2523524 0.2978795 0.4702883 0.0969263 0.3087198 0.2928169 0.3084256 0.2808380 0.3915170 0.2880297 
n289_292   0.4841506 0.3033245 0.0000000 0.0449534 0.3032678 0.0378422 0.2928947 0.0100982 0.2820428 0.3033999 0.2860461 0.2573605 0.0203705 0.0815702 0.0101019 0.5251127 0.2980293 0.0414025 0.0169271 0.0413712 0.2860392 0.4034526 0.1579361 
n294_297   0.4705472 0.3138585 0.0449534 0.0000000 0.3137983 0.0067203 0.3032710 0.0413477 0.2973545 0.3139372 0.3118781 0.2721440 0.0378354 0.0777848 0.0413629 0.5038466 0.2980395 0.0033522 0.0342959 0.0101014 0.3118704 0.3913138 0.1578842 
n300_303   0.4196979 0.0930789 0.3032678 0.3137983 0.0000000 0.3033090 0.0067141 0.2977097 0.2426547 0.0930973 0.2560364 0.2286393 0.2980369 0.2620193 0.2978245 0.4634901 0.0169138 0.3086612 0.2927634 0.3083672 0.2512100 0.3854758 0.2777744 
n298_301   0.4575489 0.3033658 0.0378422 0.0067203 0.3033090 0.0000000 0.2929362 0.0342805 0.2871280 0.3034412 0.3014712 0.2622718 0.0307988 0.0703372 0.0342931 0.4902471 0.2877825 0.0033530 0.0272969 0.0033506 0.3014639 0.3796442 0.1494878 
n280_283   0.4075493 0.0854392 0.2928947 0.3032710 0.0067141 0.2929362 0.0000000 0.2874283 0.2331653 0.0854560 0.2463980 0.2193324 0.2877427 0.2522591 0.2875389 0.4505942 0.0100961 0.2982064 0.2825492 0.2979249 0.2416372 0.3738614 0.2677665 
n290_293   0.4701708 0.2977647 0.0100982 0.0413477 0.2977097 0.0342805 0.2874283 0.0000000 0.2867771 0.2978382 0.2907889 0.2619553 0.0169168 0.0777350 0.0067116 0.5102895 0.2925183 0.0378177 0.0134951 0.0377891 0.2907819 0.3910110 0.1577755 
n266_269   0.3824739 0.2719684 0.2820428 0.2973545 0.2426547 0.2871280 0.2331653 0.2867771 0.0000000 0.2720338 0.1563415 0.0271870 0.2819894 0.2565652 0.2868872 0.4238808 0.2474486 0.2923413 0.2768512 0.2920673 0.1521707 0.3447086 0.2572115 
n277_280   0.4386666 0.0203521 0.3033999 0.3139372 0.0930973 0.3034412 0.0854560 0.2978382 0.2720338 0.0000000 0.2859434 0.2574334 0.2981656 0.2524119 0.2979530 0.4572419 0.0969456 0.3087969 0.2928889 0.3085025 0.2809058 0.3857693 0.2881002 
n286_289   0.3808508 0.2858740 0.2860461 0.3118781 0.2560364 0.3014712 0.2463980 0.2907889 0.1563415 0.2859434 0.0000000 0.1398883 0.2859917 0.2653929 0.2857919 0.4039198 0.2609075 0.3067809 0.2808389 0.3064906 0.0033175 0.3432164 0.2611757 
n265_268   0.3713729 0.2573724 0.2573605 0.2721440 0.2286393 0.2622718 0.2193324 0.2619553 0.0271870 0.2574334 0.1398883 0.0000000 0.2573141 0.2375265 0.2620555 0.4121655 0.2286298 0.2672970 0.2523595 0.2670517 0.1358135 0.3394357 0.2429400 
n296_299   0.4707199 0.2980920 0.0203705 0.0378354 0.2980369 0.0307988 0.2877427 0.0169168 0.2819894 0.2981656 0.2859917 0.2573141 0.0000000 0.0740645 0.0169229 0.5038548 0.2928390 0.0343196 0.0033509 0.0342937 0.2859848 0.3796182 0.1537007 
n236_239   0.4436051 0.2523524 0.0815702 0.0777848 0.2620193 0.0703372 0.2522591 0.0777350 0.2565652 0.2524119 0.2653929 0.2375265 0.0740645 0.0000000 0.0777637 0.4821984 0.2669533 0.0740764 0.0703245 0.0740189 0.2653866 0.3788572 0.1326326 
n287_290   0.4769966 0.2978795 0.0101019 0.0413629 0.2978245 0.0342931 0.2875389 0.0067116 0.2868872 0.2979530 0.2857919 0.2620555 0.0169229 0.0777637 0.0000000 0.5175134 0.2926309 0.0378315 0.0135000 0.0378030 0.2857850 0.3971092 0.1578348 
n251_254   0.0514915 0.4702883 0.5251127 0.5038466 0.4634901 0.4902471 0.4505942 0.5102895 0.4238808 0.4572419 0.4039198 0.4121655 0.5038548 0.4821984 0.5175134 0.0000000 0.4700659 0.4972499 0.5037490 0.4831791 0.3980146 0.2645502 0.4838298 
n274_277   0.4258792 0.0969263 0.2980293 0.2980395 0.0169138 0.2877825 0.0100961 0.2925183 0.2474486 0.0969456 0.2609075 0.2286298 0.2928390 0.2669533 0.2926309 0.4700659 0.0000000 0.2930115 0.2876065 0.2927361 0.2560472 0.3854674 0.2778105 
n293_296   0.4642327 0.3087198 0.0414025 0.0033522 0.3086612 0.0033530 0.2982064 0.0378177 0.2923413 0.3087969 0.3067809 0.2672970 0.0343196 0.0740764 0.0378315 0.4972499 0.2930115 0.0000000 0.0307981 0.0067198 0.3067734 0.3856235 0.1537297 
n295_298   0.4639607 0.2928169 0.0169271 0.0342959 0.2927634 0.0272969 0.2825492 0.0134951 0.2768512 0.2928889 0.2808389 0.2523595 0.0033509 0.0703245 0.0135000 0.5037490 0.2876065 0.0307981 0.0000000 0.0307742 0.2808321 0.3854046 0.1494566 
n275_278   0.4637284 0.3084256 0.0413712 0.0101014 0.3083672 0.0033506 0.2979249 0.0377891 0.2920673 0.3085025 0.3064906 0.2670517 0.0342937 0.0740189 0.0378030 0.4831791 0.2927361 0.0067198 0.0307742 0.0000000 0.3064832 0.3852306 0.1494169 
n285_288   0.3751275 0.2808380 0.2860392 0.3118704 0.2512100 0.3014639 0.2416372 0.2907819 0.1521707 0.2809058 0.0033175 0.1358135 0.2859848 0.2653866 0.2857850 0.3980146 0.2560472 0.3067734 0.2808321 0.3064832 0.0000000 0.3377665 0.2611695 
n244_247   0.2648717 0.3915170 0.4034526 0.3913138 0.3854758 0.3796442 0.3738614 0.3910110 0.3447086 0.3857693 0.3432164 0.3394357 0.3796182 0.3788572 0.3971092 0.2645502 0.3854674 0.3856235 0.3854046 0.3852306 0.3377665 0.0000000 0.3860207 
n200_203   0.4513894 0.2880297 0.1579361 0.1578842 0.2777744 0.1494878 0.2677665 0.1577755 0.2572115 0.2881002 0.2611757 0.2429400 0.1537007 0.1326326 0.1578348 0.4838298 0.2778105 0.1537297 0.1494566 0.1494169 0.2611695 0.3860207 0.0000000 
