21
n292_293   0.0000000 0.2637812 0.2741693 0.3440924 0.2553185 0.0169369 0.3326316 0.2684206 0.0485160 0.2739256 0.2692135 0.3804524 0.2692812 0.2734755 0.2783813 0.2717141 0.3369746 0.2550381 0.0450112 0.0067155 0.2654346 
n287_288   0.2637812 0.0000000 0.0237848 0.4574876 0.3196545 0.2739891 0.4565107 0.0815534 0.2988306 0.0272545 0.0238088 0.4724852 0.0203423 0.0202495 0.0236762 0.3343530 0.2102957 0.3143571 0.2932115 0.2595831 0.3272190 
n294_295   0.2741693 0.0237848 0.0000000 0.4558316 0.3370109 0.2797275 0.4548605 0.0856769 0.3097802 0.0168982 0.0134969 0.4707633 0.0033322 0.0237797 0.0272367 0.3522468 0.2204669 0.3315734 0.3040576 0.2699243 0.3448601 
n251_252   0.3440924 0.4574876 0.4558316 0.0000000 0.3790564 0.3729821 0.0203370 0.4452374 0.3554597 0.4503327 0.4570509 0.3022743 0.4495965 0.4563250 0.4626183 0.4344952 0.4936464 0.3780822 0.3568757 0.3493364 0.4260267 
n286_287   0.2553185 0.3196545 0.3370109 0.3790564 0.0000000 0.2754713 0.3668845 0.3200967 0.2846690 0.3315567 0.3193709 0.3840193 0.3316938 0.3083749 0.3135060 0.1813288 0.3788479 0.0100784 0.2855373 0.2596357 0.1720006 
n274_275   0.0169369 0.2739891 0.2797275 0.3729821 0.2754713 0.0000000 0.3610243 0.2834960 0.0632838 0.2794779 0.2747267 0.3929184 0.2747961 0.2838253 0.2888041 0.2875412 0.3485673 0.2751660 0.0632399 0.0238349 0.2810618 
n255_256   0.3326316 0.4565107 0.4548605 0.0203370 0.3668845 0.3610243 0.0000000 0.4442893 0.3438068 0.4493739 0.4560756 0.2860231 0.4486403 0.4553522 0.4616304 0.4213231 0.4662683 0.3659446 0.3451708 0.3377958 0.4130451 
n236_237   0.2684206 0.0815534 0.0856769 0.4452374 0.3200967 0.2834960 0.4442893 0.0000000 0.3025956 0.0895008 0.0857675 0.5085464 0.0819130 0.0815359 0.0852824 0.3464281 0.2102031 0.3147904 0.2980207 0.2741286 0.3391196 
n278_279   0.0485160 0.2988306 0.3097802 0.3554597 0.2846690 0.0632838 0.3438068 0.3025956 0.0000000 0.3095000 0.3045773 0.4065255 0.3046563 0.3089867 0.3141302 0.2931293 0.3551472 0.2843532 0.0169089 0.0557456 0.2817913 
n297_298   0.2739256 0.0272545 0.0168982 0.4503327 0.3315567 0.2794779 0.4493739 0.0895008 0.3095000 0.0000000 0.0100853 0.4781489 0.0134892 0.0272488 0.0307226 0.3409063 0.2159678 0.3261603 0.3037837 0.2696845 0.3393202 
n298_299   0.2692135 0.0238088 0.0134969 0.4570509 0.3193709 0.2747267 0.4560756 0.0857675 0.3045773 0.0100853 0.0000000 0.4720303 0.0101008 0.0238038 0.0272643 0.3409573 0.2207164 0.3140789 0.2989007 0.2649884 0.3393707 
n244_245   0.3804524 0.4724852 0.4707633 0.3022743 0.3840193 0.3929184 0.2860231 0.5085464 0.4065255 0.4781489 0.4720303 0.0000000 0.4643909 0.4702840 0.4767010 0.4475747 0.5118600 0.3896855 0.4063285 0.3923196 0.4463013 
n293_294   0.2692812 0.0203423 0.0033322 0.4495965 0.3316938 0.2747961 0.4486403 0.0819130 0.3046563 0.0134892 0.0101008 0.4643909 0.0000000 0.0203381 0.0237797 0.3467777 0.2159294 0.3262946 0.2989778 0.2650548 0.3394622 
n296_297   0.2734755 0.0202495 0.0237797 0.4563250 0.3083749 0.2838253 0.4553522 0.0815359 0.3089867 0.0272488 0.0238038 0.4702840 0.0203381 0.0000000 0.0033284 0.3227266 0.2102553 0.3031678 0.3032812 0.2692411 0.3157554 
n295_296   0.2783813 0.0236762 0.0272367 0.4626183 0.3135060 0.2888041 0.4616304 0.0852824 0.3141302 0.0307226 0.0272643 0.4767010 0.0237797 0.0033284 0.0000000 0.3280003 0.2147407 0.3082632 0.3083803 0.2741280 0.3209623 
n266_267   0.2717141 0.3343530 0.3522468 0.4344952 0.1813288 0.2875412 0.4213231 0.3464281 0.2931293 0.3409063 0.3409573 0.4475747 0.3467777 0.3227266 0.3280003 0.0000000 0.3463910 0.1944393 0.2929745 0.2717802 0.0344331 
n200_201   0.3369746 0.2102957 0.2204669 0.4936464 0.3788479 0.3485673 0.4662683 0.2102031 0.3551472 0.2159678 0.2207164 0.5118600 0.2159294 0.2102553 0.2147407 0.3463910 0.0000000 0.3844264 0.3549706 0.3433997 0.3750851 
n285_286   0.2550381 0.3143571 0.3315734 0.3780822 0.0100784 0.2751660 0.3659446 0.3147904 0.2843532 0.3261603 0.3140789 0.3896855 0.3262946 0.3031678 0.3082632 0.1944393 0.3844264 0.0000000 0.2852197 0.2593504 0.1849148 
n277_278   0.0450112 0.2932115 0.3040576 0.3568757 0.2855373 0.0632399 0.3451708 0.2980207 0.0169089 0.3037837 0.2989007 0.4063285 0.2989778 0.3032812 0.3083803 0.2929745 0.3549706 0.2852197 0.0000000 0.0522152 0.2864254 
n280_281   0.0067155 0.2595831 0.2699243 0.3493364 0.2596357 0.0238349 0.3377958 0.2741286 0.0557456 0.2696845 0.2649884 0.3923196 0.2650548 0.2692411 0.2741280 0.2717802 0.3433997 0.2593504 0.0522152 0.0000000 0.2654986 
n265_266   0.2654346 0.3272190 0.3448601 0.4260267 0.1720006 0.2810618 0.4130451 0.3391196 0.2817913 0.3393202 0.3393707 0.4463013 0.3394622 0.3157554 0.3209623 0.0344331 0.3750851 0.1849148 0.2864254 0.2654986 0.0000000 
