22
n287_288   0.0000000 0.0067186 0.1001670 0.3037503 0.3142442 0.3143005 0.3041458 0.3145209 0.0413240 0.3245486 0.0134969 0.0377737 0.0377172 0.0307366 0.0033504 0.3194417 0.4388055 0.3247386 0.4217764 0.1604838 0.2935602 0.4777796 
n290_291   0.0067186 0.0000000 0.1001694 0.3037660 0.3142612 0.3143175 0.3041617 0.3145380 0.0413248 0.3245669 0.0134972 0.0377745 0.0377179 0.0307372 0.0033505 0.3194594 0.4388440 0.3247570 0.4218112 0.1562550 0.2935748 0.4778280 
n236_237   0.1001670 0.1001694 0.0000000 0.2874826 0.2677950 0.2583435 0.2829839 0.2930373 0.1117608 0.2976357 0.1001101 0.1078310 0.1076625 0.1000502 0.0963099 0.2726496 0.4125938 0.2583045 0.3959963 0.1234915 0.2775409 0.4500292 
n278_279   0.3037503 0.3037660 0.2874826 0.0000000 0.2583037 0.2211748 0.0589487 0.0698901 0.3294617 0.0734970 0.3086491 0.3240742 0.3286204 0.3185081 0.2985845 0.2630946 0.3442299 0.2348571 0.3664272 0.2445730 0.0066769 0.3724551 
n285_286   0.3142442 0.3142612 0.2677950 0.2583037 0.0000000 0.1038760 0.2493841 0.2589823 0.3298543 0.2586533 0.3140678 0.3244583 0.3238936 0.3138282 0.3089989 0.0033408 0.4007921 0.1194145 0.3794209 0.2494702 0.2534001 0.4380639 
n265_266   0.3143005 0.3143175 0.2583435 0.2211748 0.1038760 0.0000000 0.2170506 0.2216905 0.3247689 0.2259394 0.3141240 0.3245189 0.3239539 0.3138842 0.3090530 0.1077356 0.3726283 0.0271523 0.3571037 0.2353510 0.2165269 0.3909193 
n280_281   0.3041458 0.3041617 0.2829839 0.0589487 0.2493841 0.2170506 0.0000000 0.0100692 0.3350637 0.0134443 0.3090524 0.3296299 0.3290552 0.3189267 0.2989718 0.2541257 0.3670381 0.2306793 0.3458564 0.2404351 0.0517434 0.3849076 
n299_300   0.3145209 0.3145380 0.2930373 0.0698901 0.2589823 0.2216905 0.0100692 0.0000000 0.3458803 0.0237019 0.3194939 0.3403629 0.3397666 0.3294979 0.3092711 0.2637887 0.3728808 0.2354113 0.3514478 0.2499255 0.0625708 0.3909153 
n293_294   0.0413240 0.0413248 0.1117608 0.3294617 0.3298543 0.3247689 0.3350637 0.3458803 0.0000000 0.3563117 0.0412997 0.0033519 0.0168942 0.0100972 0.0377760 0.3351649 0.4448295 0.3405805 0.4276769 0.1774568 0.3189147 0.4841304 
n274_275   0.3245486 0.3245669 0.2976357 0.0734970 0.2586533 0.2259394 0.0134443 0.0237019 0.3563117 0.0000000 0.3295821 0.3507174 0.3393864 0.3397037 0.3192296 0.2634532 0.3834304 0.2397252 0.3563833 0.2591501 0.0661469 0.4017275 
n296_297   0.0134969 0.0134972 0.1001101 0.3086491 0.3140678 0.3141240 0.3090524 0.3194939 0.0412997 0.3295821 0.0000000 0.0377526 0.0376960 0.0307194 0.0100959 0.3192626 0.4385706 0.3245568 0.4156552 0.1562802 0.2983949 0.4775294 
n294_295   0.0377737 0.0377745 0.1078310 0.3240742 0.3244583 0.3245189 0.3296299 0.3403629 0.0033519 0.3507174 0.0377526 0.0000000 0.0134787 0.0067133 0.0342465 0.3297275 0.4384810 0.3350998 0.4214674 0.1731242 0.3136071 0.4774166 
n275_276   0.0377172 0.0377179 0.1076625 0.3286204 0.3238936 0.3239539 0.3290552 0.3397666 0.0168942 0.3393864 0.0376960 0.0134787 0.0000000 0.0067034 0.0341953 0.3291523 0.4376789 0.3345136 0.4207004 0.1728441 0.3181051 0.4765285 
n297_298   0.0307366 0.0307372 0.1000502 0.3185081 0.3138282 0.3138842 0.3189267 0.3294979 0.0100972 0.3397037 0.0307194 0.0067133 0.0067034 0.0000000 0.0272478 0.3190175 0.4260118 0.3243060 0.4092659 0.1645579 0.3081284 0.4642437 
n289_290   0.0033504 0.0033505 0.0963099 0.2985845 0.3089989 0.3090530 0.2989718 0.3092711 0.0377760 0.3192296 0.0100959 0.0342465 0.0341953 0.0272478 0.0000000 0.3141577 0.4325673 0.3194140 0.4156716 0.1562706 0.2884678 0.4711906 
n286_287   0.3194417 0.3194594 0.2726496 0.2630946 0.0033408 0.1077356 0.2541257 0.2637887 0.3351649 0.2634532 0.3192626 0.3297275 0.3291523 0.3190175 0.3141577 0.0000000 0.4066499 0.1233569 0.3851220 0.2542124 0.2581565 0.4442547 
n255_256   0.4388055 0.4388440 0.4125938 0.3442299 0.4007921 0.3726283 0.3670381 0.3728808 0.4448295 0.3834304 0.4385706 0.4384810 0.4376789 0.4260118 0.4325673 0.4066499 0.0000000 0.3836262 0.2625587 0.3789732 0.3439674 0.0699118 
n266_267   0.3247386 0.3247570 0.2583045 0.2348571 0.1194145 0.0271523 0.2306793 0.2354113 0.3405805 0.2397252 0.3245568 0.3350998 0.3345136 0.3243060 0.3194140 0.1233569 0.3836262 0.0000000 0.3737342 0.2446910 0.2301164 0.4022164 
n244_245   0.4217764 0.4218112 0.3959963 0.3664272 0.3794209 0.3571037 0.3458564 0.3514478 0.4276769 0.3563833 0.4156552 0.4214674 0.4207004 0.4092659 0.4156716 0.3851220 0.2625587 0.3737342 0.0000000 0.3519406 0.3553562 0.2586378 
n200_201   0.1604838 0.1562550 0.1234915 0.2445730 0.2494702 0.2353510 0.2404351 0.2499255 0.1774568 0.2591501 0.1562802 0.1731242 0.1728441 0.1645579 0.1562706 0.2542124 0.3789732 0.2446910 0.3519406 0.0000000 0.2351912 0.4145772 
n277_278   0.2935602 0.2935748 0.2775409 0.0066769 0.2534001 0.2165269 0.0517434 0.0625708 0.3189147 0.0661469 0.2983949 0.3136071 0.3181051 0.3081284 0.2884678 0.2581565 0.3439674 0.2301164 0.3553562 0.2351912 0.0000000 0.3721654 
n251_252   0.4777796 0.4778280 0.4500292 0.3724551 0.4380639 0.3909193 0.3849076 0.3909153 0.4841304 0.4017275 0.4775294 0.4774166 0.4765285 0.4642437 0.4711906 0.4442547 0.0699118 0.4022164 0.2586378 0.4145772 0.3721654 0.0000000 
