24
n287_288   0.0000000 0.0135307 0.0932053 0.3366739 0.3011497 0.2906154 0.3200895 0.3103822 0.0378583 0.3050969 0.3152949 0.0238828 0.0413867 0.0449607 0.0379004 0.0067188 0.3009300 0.4286232 0.0203990 0.3010501 0.3681990 0.1845704 0.3148075 0.4359957 
n290_291   0.0135307 0.0000000 0.0932627 0.3369935 0.3069627 0.2963270 0.3203916 0.3050268 0.0378816 0.2997963 0.3155924 0.0238975 0.0414121 0.0449884 0.0379238 0.0067229 0.3067378 0.4427088 0.0204114 0.3068601 0.3687360 0.1891975 0.3151042 0.4502629 
n236_237   0.0932053 0.0932627 0.0000000 0.3303456 0.3277956 0.3161804 0.3246387 0.3142338 0.0969804 0.2984248 0.3249023 0.0971583 0.1008007 0.1047123 0.0970933 0.0854515 0.3275533 0.4415354 0.0932110 0.3269820 0.3736894 0.2068766 0.3033742 0.4625105 
n278_279   0.3366739 0.3369935 0.3303456 0.0000000 0.3729535 0.3724042 0.0776657 0.0777215 0.3428362 0.0777731 0.0777171 0.3546127 0.3481976 0.3538712 0.3433191 0.3370229 0.3726721 0.5721659 0.3486139 0.3680080 0.4541236 0.3600736 0.0168488 0.5735662 
n285_286   0.3011497 0.3069627 0.3277956 0.3729535 0.0000000 0.1372577 0.3677163 0.3508122 0.3067455 0.3625811 0.3621404 0.3019497 0.3118752 0.3281176 0.3124555 0.2958681 0.0203400 0.4695084 0.3018836 0.1412983 0.3991111 0.3180271 0.3614189 0.4825492 
n265_266   0.2906154 0.2963270 0.3161804 0.3724042 0.1372577 0.0000000 0.3377780 0.3271361 0.2905658 0.3276766 0.3380565 0.2913825 0.2955795 0.3114274 0.2961236 0.2854127 0.1456047 0.4760948 0.2913194 0.0308092 0.4007201 0.3223046 0.3493278 0.4892544 
n280_281   0.3200895 0.3203916 0.3246387 0.0776657 0.3677163 0.3377780 0.0000000 0.0202119 0.3205711 0.0202248 0.0202110 0.3375572 0.3257705 0.3312610 0.3210159 0.3204172 0.3674393 0.5420426 0.3317161 0.3444762 0.4472467 0.3424413 0.0664321 0.5433465 
n299_300   0.3103822 0.3050268 0.3142338 0.0777215 0.3508122 0.3271361 0.0202119 0.0000000 0.3101903 0.0202384 0.0066793 0.3218120 0.3153209 0.3207318 0.3106177 0.3050492 0.3505498 0.5426645 0.3161032 0.3337171 0.4349042 0.3369159 0.0664792 0.5439716 
n293_294   0.0378583 0.0378816 0.0969804 0.3428362 0.3067455 0.2905658 0.3205711 0.3101903 0.0000000 0.2999609 0.3208324 0.0414483 0.0033408 0.0134699 0.0067106 0.0307749 0.3065208 0.4286984 0.0378601 0.3009986 0.3682672 0.1843641 0.3207514 0.4360718 
n274_275   0.3050969 0.2997963 0.2984248 0.0777731 0.3625811 0.3276766 0.0202248 0.0202384 0.2999609 0.0000000 0.0202375 0.3164449 0.3050245 0.3103588 0.3003704 0.2998176 0.3623081 0.5283879 0.3107835 0.3342725 0.4350929 0.3212193 0.0665230 0.5296510 
n292_293   0.3152949 0.3155924 0.3249023 0.0777171 0.3621404 0.3380565 0.0202110 0.0066793 0.3208324 0.0202375 0.0000000 0.3326543 0.3260369 0.3315322 0.3212770 0.3156170 0.3618681 0.5425683 0.3268494 0.3447624 0.4476503 0.3427243 0.0664756 0.5438748 
n296_297   0.0238828 0.0238975 0.0971583 0.3546127 0.3019497 0.2913825 0.3375572 0.3218120 0.0414483 0.3164449 0.3326543 0.0000000 0.0449971 0.0485944 0.0379078 0.0169502 0.3017288 0.4289391 0.0033522 0.3018494 0.3745924 0.1891186 0.3321294 0.4363197 
n294_295   0.0413867 0.0414121 0.1008007 0.3481976 0.3118752 0.2955795 0.3257705 0.3153209 0.0033408 0.3050245 0.3260369 0.0449971 0.0000000 0.0168715 0.0100862 0.0342655 0.3116464 0.4347547 0.0413887 0.3060829 0.3738512 0.1886846 0.3259537 0.4421977 
n275_276   0.0449607 0.0449884 0.1047123 0.3538712 0.3281176 0.3114274 0.3312610 0.3207318 0.0134699 0.3103588 0.3315322 0.0485944 0.0168715 0.0000000 0.0134845 0.0377974 0.3278748 0.4482083 0.0449630 0.3221718 0.3683473 0.1888895 0.3314455 0.4558191 
n297_298   0.0379004 0.0379238 0.0970933 0.3433191 0.3124555 0.2961236 0.3210159 0.3106177 0.0067106 0.3003704 0.3212770 0.0379078 0.0100862 0.0134845 0.0000000 0.0308098 0.3122259 0.4362259 0.0343403 0.3066499 0.3687991 0.1756063 0.3211966 0.4437020 
n289_290   0.0067188 0.0067229 0.0854515 0.3370229 0.2958681 0.2854127 0.3204172 0.3050492 0.0307749 0.2998176 0.3156170 0.0169502 0.0342655 0.0377974 0.0308098 0.0000000 0.2956528 0.4291008 0.0135135 0.2957711 0.3623812 0.1800089 0.3151287 0.4364848 
n286_287   0.3009300 0.3067378 0.3275533 0.3726721 0.0203400 0.1456047 0.3674393 0.3505498 0.3065208 0.3623081 0.3618681 0.3017288 0.3116464 0.3278748 0.3122259 0.2956528 0.0000000 0.4763535 0.3016629 0.1496921 0.3931807 0.3235058 0.3611477 0.4895186 
n255_256   0.4286232 0.4427088 0.4415354 0.5721659 0.4695084 0.4760948 0.5420426 0.5426645 0.4286984 0.5283879 0.5425683 0.4289391 0.4347547 0.4482083 0.4362259 0.4291008 0.4763535 0.0000000 0.4288341 0.4959370 0.2963613 0.4220826 0.5562077 0.0485111 
n295_296   0.0203990 0.0204114 0.0932110 0.3486139 0.3018836 0.2913194 0.3317161 0.3161032 0.0378601 0.3107835 0.3268494 0.0033522 0.0413887 0.0449630 0.0343403 0.0135135 0.3016629 0.4288341 0.0000000 0.3017834 0.3745049 0.1845024 0.3263372 0.4362121 
n266_267   0.3010501 0.3068601 0.3269820 0.3680080 0.1412983 0.0308092 0.3444762 0.3337171 0.3009986 0.3342725 0.3447624 0.3018494 0.3060829 0.3221718 0.3066499 0.2957711 0.1496921 0.4959370 0.3017834 0.0000000 0.4132667 0.3332166 0.3450255 0.5094352 
n244_245   0.3681990 0.3687360 0.3736894 0.4541236 0.3991111 0.4007201 0.4472467 0.4349042 0.3682672 0.4350929 0.4476503 0.3745924 0.3738512 0.3683473 0.3687991 0.3623812 0.3931807 0.2963613 0.3745049 0.4132667 0.0000000 0.3742774 0.4350589 0.3076658 
n200_201   0.1845704 0.1891975 0.2068766 0.3600736 0.3180271 0.3223046 0.3424413 0.3369159 0.1843641 0.3212193 0.3427243 0.1891186 0.1886846 0.1888895 0.1756063 0.1800089 0.3235058 0.4220826 0.1845024 0.3332166 0.3742774 0.0000000 0.3374271 0.4611757 
n277_278   0.3148075 0.3151042 0.3033742 0.0168488 0.3614189 0.3493278 0.0664321 0.0664792 0.3207514 0.0665230 0.0664756 0.3321294 0.3259537 0.3314455 0.3211966 0.3151287 0.3611477 0.5562077 0.3263372 0.3450255 0.4350589 0.3374271 0.0000000 0.5575553 
n251_252   0.4359957 0.4502629 0.4625105 0.5735662 0.4825492 0.4892544 0.5433465 0.5439716 0.4360718 0.5296510 0.5438748 0.4363197 0.4421977 0.4558191 0.4437020 0.4364848 0.4895186 0.0485111 0.4362121 0.5094352 0.3076658 0.4611757 0.5575553 0.0000000 
