24
n293_272   0.0000000 2.1813039 2.3319559 0.1326753 2.3452233 1.2053935 1.8568478 0.2526784 0.0307409 1.8705226 1.8754076 2.3152694 0.1254082 0.2833370 2.2498792 0.6355971 0.2834816 0.2630053 5.7439074 2.7042926 2.2740290 0.3044574 0.1329136 1.8571638 
n280_259   2.1813039 0.0000000 0.1211990 1.9706302 0.1131012 2.1796835 1.9534860 2.0860068 2.2151199 0.4560254 1.9424751 2.5673465 2.1621893 2.1306889 0.1414265 2.1060601 2.1367715 1.7795986 9.0000000 2.1101484 0.1132235 2.1265120 1.9195607 0.4729549 
n292_271   2.3319559 0.1211990 0.0000000 2.0066253 0.0272835 2.2565009 2.0519815 2.0368368 2.3067627 0.4945599 2.2229264 2.4997690 2.1169566 2.1765724 0.1546855 2.1064515 2.1370083 1.8503341 9.0000000 2.1449588 0.0273118 2.2810831 1.9965217 0.4976323 
n297_276   0.1326753 1.9706302 2.0066253 0.0000000 2.0160769 1.1719393 1.8915193 0.2776956 0.1326641 1.8504719 1.7004083 2.2969487 0.1168585 0.2984578 1.9190228 0.6145138 0.3042521 0.2669033 5.6139701 2.5213497 1.9639248 0.2831495 0.0483637 1.8756987 
n299_278   2.3452233 0.1131012 0.0272835 2.0160769 0.0000000 2.2755948 1.8931453 2.0037470 2.3025500 0.4734689 2.0389073 2.4319188 2.1276136 2.1465078 0.1461352 2.0463971 2.1007889 1.7892949 9.0000000 2.1395154 0.0067176 2.1902056 2.0058262 0.4842816 
n200_193   1.2053935 2.1796835 2.2565009 1.1719393 2.2755948 0.0000000 2.2729878 1.0576933 1.1361494 2.1324678 2.1466213 2.4748114 1.1118547 0.9881620 2.3471969 1.1181400 1.0911182 1.0312299 2.8895647 2.3453074 2.3312144 0.9448056 1.1322086 2.4680135 
n285_264   1.8568478 1.9534860 2.0519815 1.8915193 1.8931453 2.2729878 0.0000000 2.0686964 1.8626893 1.9739743 0.0745202 1.0481553 1.9501617 1.8159825 2.3841579 2.4287744 2.1765021 1.8001336 3.4026410 1.0331905 1.8910399 1.8168267 1.8417268 1.8930237 
n295_274   0.2526784 2.0860068 2.0368368 0.2776956 2.0037470 1.0576933 2.0686964 0.0000000 0.2576450 1.8376629 2.0565699 2.1281890 0.2842940 0.1413963 2.0668426 0.7257066 0.0377052 0.1209005 4.4246867 2.4084547 1.9525978 0.1500801 0.2782392 1.9309391 
n294_273   0.0307409 2.2151199 2.3067627 0.1326641 2.3025500 1.1361494 1.8626893 0.2576450 0.0000000 1.9001211 1.8813697 2.2195449 0.1214224 0.2885359 2.3409165 0.6517363 0.2886815 0.2680537 4.8671347 2.5706072 2.2498430 0.3098194 0.1329024 1.9046219 
n277_256   1.8705226 0.4560254 0.4945599 1.8504719 0.4734689 2.1324678 1.9739743 1.8376629 1.9001211 0.0000000 2.0174316 2.4811238 1.8595451 1.7767432 0.5104841 2.1973992 1.8580881 1.7344475 9.0000000 2.5802735 0.4818135 1.9076782 1.7300990 0.1135504 
n286_265   1.8754076 1.9424751 2.2229264 1.7004083 2.0389073 2.1466213 0.0745202 2.0565699 1.8813697 2.0174316 0.0000000 1.0928126 1.8977628 1.8756175 2.3597299 2.3065497 2.1702381 1.7893745 4.7004732 1.1036845 2.0364512 1.7961067 1.7505420 2.0162755 
n265_244   2.3152694 2.5673465 2.4997690 2.2969487 2.4319188 2.4748114 1.0481553 2.1281890 2.2195449 2.4811238 1.0928126 0.0000000 2.6379265 2.1517706 2.5981165 2.4992772 2.1387337 2.2309581 2.1045151 0.1377911 2.4189959 2.0919493 2.3230468 2.4654958 
n275_254   0.1254082 2.1621893 2.1169566 0.1168585 2.1276136 1.1118547 1.9501617 0.2842940 0.1214224 1.8595451 1.8977628 2.6379265 0.0000000 0.3159737 2.1749872 0.6164629 0.3010585 0.2741085 9.0000000 3.0859566 2.0693580 0.3054599 0.1170680 1.8851353 
n290_269   0.2833370 2.1306889 2.1765724 0.2984578 2.1465078 0.9881620 1.8159825 0.1413963 0.2885359 1.7767432 1.8756175 2.1517706 0.3159737 0.0000000 2.1791861 0.6668942 0.1627125 0.0704845 4.4383543 2.7158978 2.0876177 0.0818597 0.3149844 1.7806705 
n274_253   2.2498792 0.1414265 0.1546855 1.9190228 0.1461352 2.3471969 2.3841579 2.0668426 2.3409165 0.5104841 2.3597299 2.5981165 2.1749872 2.1791861 0.0000000 2.0707199 2.1241018 1.9577339 9.0000000 2.1104722 0.1462953 2.1246827 1.9663470 0.5494628 
n236_221   0.6355971 2.1060601 2.1064515 0.6145138 2.0463971 1.1181400 2.4287744 0.7257066 0.6517363 2.1973992 2.3065497 2.4992772 0.6164629 0.6668942 2.0707199 0.0000000 0.7546615 0.6494937 3.9750641 2.4610619 2.0910207 0.6625877 0.6075573 1.9779177 
n296_275   0.2834816 2.1367715 2.1370083 0.3042521 2.1007889 1.0911182 2.1765021 0.0377052 0.2886815 1.8580881 2.1702381 2.1387337 0.3010585 0.1627125 2.1241018 0.7546615 0.0000000 0.1333308 4.4922182 2.2995417 2.0444058 0.1670065 0.3048558 1.9539676 
n287_266   0.2630053 1.7795986 1.8503341 0.2669033 1.7892949 1.0312299 1.8001336 0.1209005 0.2680537 1.7344475 1.7893745 2.2309581 0.2741085 0.0704845 1.9577339 0.6494937 0.1333308 0.0000000 5.3281667 2.3544441 1.7478061 0.0779659 0.2878344 1.7752415 
n244_227   5.7439074 9.0000000 9.0000000 5.6139701 9.0000000 2.8895647 3.4026410 4.4246867 4.8671347 9.0000000 4.7004732 2.1045151 9.0000000 4.4383543 9.0000000 3.9750641 4.4922182 5.3281667 0.0000000 2.2496554 9.0000000 8.9999983 6.9732304 9.0000000 
n266_245   2.7042926 2.1101484 2.1449588 2.5213497 2.1395154 2.3453074 1.0331905 2.4084547 2.5706072 2.5802735 1.1036845 0.1377911 3.0859566 2.7158978 2.1104722 2.4610619 2.2995417 2.3544441 2.2496554 0.0000000 2.1300104 2.3580776 2.5539802 2.7362398 
n300_279   2.2740290 0.1132235 0.0273118 1.9639248 0.0067176 2.3312144 1.8910399 1.9525978 2.2498430 0.4818135 2.0364512 2.4189959 2.0693580 2.0876177 0.1462953 2.0910207 2.0444058 1.7478061 9.0000000 2.1300104 0.0000000 2.1282647 1.9544313 0.4848950 
n289_268   0.3044574 2.1265120 2.2810831 0.2831495 2.1902056 0.9448056 1.8168267 0.1500801 0.3098194 1.9076782 1.7961067 2.0919493 0.3054599 0.0818597 2.1246827 0.6625877 0.1670065 0.0779659 8.9999983 2.3580776 2.1282647 0.0000000 0.2886947 1.9557268 
n298_277   0.1329136 1.9195607 1.9965217 0.0483637 2.0058262 1.1322086 1.8417268 0.2782392 0.1329024 1.7300990 1.7505420 2.3230468 0.1170680 0.3149844 1.9663470 0.6075573 0.3048558 0.2878344 6.9732304 2.5539802 1.9544313 0.2886947 0.0000000 1.7619759 
n278_257   1.8571638 0.4729549 0.4976323 1.8756987 0.4842816 2.4680135 1.8930237 1.9309391 1.9046219 0.1135504 2.0162755 2.4654958 1.8851353 1.7806705 0.5494628 1.9779177 1.9539676 1.7752415 9.0000000 2.7362398 0.4848950 1.9557268 1.7619759 0.0000000 
