24
n292_269   0.0000000 0.2672987 0.2721610 0.0168561 0.2770651 0.2770880 0.2927204 0.0033408 0.2770678 0.3813846 0.2442401 0.3541848 0.2772722 0.2773082 0.0554155 0.2722580 0.0100700 0.2771011 0.2257069 0.3877864 0.2348797 0.2772316 0.2393840 0.0590148 
n298_275   0.2672987 0.0000000 0.0033396 0.2866096 0.0134514 0.0168576 0.1314436 0.2672489 0.0237166 0.3374833 0.2393881 0.3541302 0.0271884 0.0306644 0.2527616 0.0202857 0.2769202 0.0168562 0.2299568 0.3652799 0.2391717 0.0626655 0.2345709 0.2526204 
n297_274   0.2721610 0.0033396 0.0000000 0.2915991 0.0168558 0.0202792 0.1354729 0.2721102 0.0271723 0.3428279 0.2440746 0.3596028 0.0306635 0.0341573 0.2575242 0.0237254 0.2818461 0.0202776 0.2345789 0.3708389 0.2438532 0.0663189 0.2392230 0.2573801 
n280_257   0.0168561 0.2866096 0.2915991 0.0000000 0.2966339 0.2966577 0.3127586 0.0134495 0.2966400 0.3924776 0.2630728 0.3647137 0.2968602 0.2968993 0.0662449 0.2917049 0.0202674 0.2966730 0.2300146 0.3987852 0.2392329 0.2968172 0.2580787 0.0698945 
n294_271   0.2770651 0.0134514 0.0168558 0.2966339 0.0000000 0.0100728 0.1395264 0.2770132 0.0306451 0.3484514 0.2440440 0.3653732 0.0341559 0.0376675 0.2623261 0.0271821 0.2868154 0.0033419 0.2345501 0.3767088 0.2438227 0.0663128 0.2439116 0.2621791 
n275_252   0.2770880 0.0168576 0.0202792 0.2966577 0.0100728 0.0000000 0.1436190 0.2770360 0.0341395 0.3430818 0.2488200 0.3598723 0.0376705 0.0412005 0.2623482 0.0306599 0.2868388 0.0134638 0.2392577 0.3711189 0.2485933 0.0736918 0.2439328 0.2622013 
n200_185   0.2927204 0.1314436 0.1354729 0.3127586 0.1395264 0.1436190 0.0000000 0.2926647 0.1395197 0.3541503 0.2587787 0.3601929 0.1436863 0.1477957 0.2776172 0.1355156 0.3027047 0.1395429 0.2304653 0.3822543 0.2397050 0.1355382 0.2538089 0.2774606 
n299_276   0.0033408 0.2672489 0.2721102 0.0134495 0.2770132 0.2770360 0.2926647 0.0000000 0.2770159 0.3813077 0.2489994 0.3541148 0.2772202 0.2772562 0.0518100 0.2722071 0.0066965 0.2770491 0.2210882 0.3877078 0.2302002 0.2771796 0.2441070 0.0553909 
n295_272   0.2770678 0.0237166 0.0271723 0.2966400 0.0306451 0.0341395 0.1395197 0.2770159 0.0000000 0.3536787 0.2487974 0.3707244 0.0168603 0.0202830 0.2623266 0.0100643 0.2868198 0.0341367 0.2392346 0.3821440 0.2485707 0.0699866 0.2439100 0.2621797 
n244_223   0.3813846 0.3374833 0.3428279 0.3924776 0.3484514 0.3430818 0.3541503 0.3813077 0.3536787 0.0000000 0.3654826 0.2867631 0.3539104 0.3594160 0.3645086 0.3483512 0.3925936 0.3430719 0.3328627 0.3121101 0.3432327 0.3428729 0.3596662 0.3753840 
n285_262   0.2442401 0.2393881 0.2440746 0.2630728 0.2440440 0.2488200 0.2587787 0.2489994 0.2487974 0.3654826 0.0000000 0.3718858 0.2395701 0.2442773 0.2392761 0.2441595 0.2584589 0.2440751 0.1118721 0.3831225 0.1197102 0.2489423 0.0134714 0.2439052 
n251_228   0.3541848 0.3541302 0.3596028 0.3647137 0.3653732 0.3598723 0.3601929 0.3541148 0.3707244 0.2867631 0.3718858 0.0000000 0.3765984 0.3822866 0.3540184 0.3652666 0.3649981 0.3654236 0.3716713 0.0341462 0.3828944 0.3766244 0.3717317 0.3647117 
n289_266   0.2772722 0.0271884 0.0306635 0.2968602 0.0341559 0.0376705 0.1436863 0.2772202 0.0168603 0.3539104 0.2395701 0.3765984 0.0000000 0.0033408 0.2625190 0.0134600 0.2870320 0.0376675 0.2347333 0.3881193 0.2440153 0.0737231 0.2347485 0.2623718 
n287_264   0.2773082 0.0306644 0.0341573 0.2968993 0.0376675 0.0412005 0.1477957 0.2772562 0.0202830 0.3594160 0.2442773 0.3822866 0.0033408 0.0000000 0.2625527 0.0168671 0.2870696 0.0411972 0.2394048 0.3939022 0.2487483 0.0774398 0.2394206 0.2624056 
n278_255   0.0554155 0.2527616 0.2575242 0.0662449 0.2623261 0.2623482 0.2776172 0.0518100 0.2623266 0.3645086 0.2392761 0.3540184 0.2625190 0.2625527 0.0000000 0.2576146 0.0590015 0.2623598 0.2074398 0.3819291 0.2163752 0.2624803 0.2344614 0.0100582 
n296_273   0.2722580 0.0202857 0.0237254 0.2917049 0.0271821 0.0306599 0.1355156 0.2722071 0.0100643 0.3483512 0.2441595 0.3652666 0.0134600 0.0168671 0.2576146 0.0000000 0.2819474 0.0306574 0.2346597 0.3765978 0.2439379 0.0663385 0.2393058 0.2574705 
n274_251   0.0100700 0.2769202 0.2818461 0.0202674 0.2868154 0.2868388 0.3027047 0.0066965 0.2868198 0.3925936 0.2584589 0.3649981 0.2870320 0.2870696 0.0590015 0.2819474 0.0000000 0.2868529 0.2301864 0.3991069 0.2394130 0.2869902 0.2534966 0.0626170 
n293_270   0.2771011 0.0168562 0.0202776 0.2966730 0.0033419 0.0134638 0.1395429 0.2770491 0.0341367 0.3430719 0.2440751 0.3654236 0.0376675 0.0411972 0.2623598 0.0306574 0.2868529 0.0000000 0.2345797 0.3767613 0.2438537 0.0663203 0.2439426 0.2622128 
n265_242   0.2257069 0.2299568 0.2345789 0.2300146 0.2345501 0.2392577 0.2304653 0.2210882 0.2392346 0.3328627 0.1118721 0.3716713 0.2347333 0.2394048 0.2074398 0.2346597 0.2301864 0.2345797 0.0000000 0.3943855 0.0134768 0.2393730 0.1157393 0.2118711 
n255_232   0.3877864 0.3652799 0.3708389 0.3987852 0.3767088 0.3711189 0.3822543 0.3877078 0.3821440 0.3121101 0.3831225 0.0341462 0.3881193 0.3939022 0.3819291 0.3765978 0.3991069 0.3767613 0.3943855 0.0000000 0.4059696 0.3881476 0.3829616 0.3930347 
n266_243   0.2348797 0.2391717 0.2438532 0.2392329 0.2438227 0.2485933 0.2397050 0.2302002 0.2485707 0.3432327 0.1197102 0.3828944 0.2440153 0.2487483 0.2163752 0.2439379 0.2394130 0.2438537 0.0134768 0.4059696 0.0000000 0.2487154 0.1236164 0.2208610 
n236_217   0.2772316 0.0626655 0.0663189 0.2968172 0.0663128 0.0736918 0.1355382 0.2771796 0.0699866 0.3428729 0.2489423 0.3766244 0.0737231 0.0774398 0.2624803 0.0663385 0.2869902 0.0663203 0.2393730 0.3881476 0.2487154 0.0000000 0.2535555 0.2623331 
n286_263   0.2393840 0.2345709 0.2392230 0.2580787 0.2439116 0.2439328 0.2538089 0.2441070 0.2439100 0.3596662 0.0134714 0.3717317 0.2347485 0.2394206 0.2344614 0.2393058 0.2534966 0.2439426 0.1157393 0.3829616 0.1236164 0.2535555 0.0000000 0.2390568 
n277_254   0.0590148 0.2526204 0.2573801 0.0698945 0.2621791 0.2622013 0.2774606 0.0553909 0.2621797 0.3753840 0.2439052 0.3647117 0.2623718 0.2624056 0.0100582 0.2574705 0.0626170 0.2622128 0.2118711 0.3930347 0.2208610 0.2623331 0.2390568 0.0000000 
