26
n295_298   0.0000000 2.3848579 2.7243069 2.2760100 1.9103519 0.1502403 1.9808253 0.2606585 2.1004195 2.8531624 0.2660992 0.2707739 2.7322925 0.6112222 2.4033826 0.0272226 0.2406194 0.1294727 0.1293952 2.0726230 1.0570126 0.2806972 1.9649097 1.8423020 3.5853996 2.5385232 
n266_269   2.3848579 0.0000000 3.4023079 1.6416177 1.6404703 2.9552554 1.4772158 2.1696511 1.6987206 1.1674646 3.0668956 2.7154610 1.1862510 2.6957122 3.1414473 2.3400319 2.4228669 3.0473239 3.0307555 1.7881594 2.0115890 2.9019837 1.6689390 1.6467978 3.2754565 0.1639734 
n255_258   2.7243069 3.4023079 0.0000000 3.6258579 2.5781092 3.1761508 2.5672856 3.5752689 3.8190373 3.9989733 3.1689800 2.9652212 3.5514066 2.4661109 0.3154395 2.8583689 3.0994762 3.5360338 3.5641049 2.5727898 3.4426741 3.4478902 2.7405685 2.7396083 3.2619061 2.9978150 
n277_280   2.2760100 1.6416177 3.6258579 0.0000000 0.5656889 2.5000986 0.5647916 2.1823812 0.1459702 2.0336718 2.3151089 2.6665479 2.0311335 3.5333319 2.8320890 2.4051086 2.5015881 2.5385816 2.4192633 0.6051549 2.1059208 2.3873017 0.5349044 0.5662460 3.4109640 1.9233648 
n299_302   1.9103519 1.6404703 2.5781092 0.5656889 0.0000000 2.0646473 0.1500862 1.9831976 0.5302461 2.7893464 2.1343476 2.3369159 2.4406981 2.1367153 2.6816980 1.9754549 2.1620585 2.2089716 2.1083782 0.1250406 2.0204045 2.1247017 0.0414177 0.0203370 2.9020195 1.9762821 
n287_290   0.1502403 2.9552554 3.1761508 2.5000986 2.0646473 0.0000000 2.1624029 0.2711638 2.3995306 5.0916642 0.3020877 0.2914932 5.3821039 0.6797825 3.3338307 0.1584651 0.2706360 0.0594327 0.0705534 2.1158266 1.2216411 0.3114969 2.1171804 1.9446957 3.1386373 3.5147222 
n274_277   1.9808253 1.4772158 2.5672856 0.5647916 0.1500862 2.1624029 0.0000000 2.3306546 0.5249629 3.0446072 2.3412448 2.4759506 2.6186863 2.1275595 2.7134869 2.0054019 2.3833466 2.3295983 2.2658603 0.1127337 1.9220021 2.3371062 0.1458436 0.1586625 2.4520980 1.6790431 
n275_278   0.2606585 2.1696511 3.5752689 2.1823812 1.9831976 0.2711638 2.3306546 0.0000000 2.0067193 2.5284841 0.1500797 0.1170372 2.4293860 0.6844528 3.7327918 0.2611157 0.0933080 0.2712050 0.2765309 2.2872969 1.2697394 0.1582344 2.0819047 1.8629485 3.3259685 2.1947813 
n278_281   2.1004195 1.6987206 3.8190373 0.1459702 0.5302461 2.3995306 0.5249629 2.0067193 0.0000000 1.8306581 2.2529582 2.4145607 1.8667560 2.7272069 2.9070514 2.2084835 2.2470395 2.5129910 2.3418157 0.5852398 2.4312399 2.2213540 0.5160362 0.5378383 3.6046720 1.9933519 
n286_289   2.8531624 1.1674646 3.9989733 2.0336718 2.7893464 5.0916642 3.0446072 2.5284841 1.8306581 0.0000000 2.8565235 3.5266665 0.0631457 3.0062290 2.8561980 2.8108752 3.1088377 4.9842043 4.9185458 2.9933473 2.4320421 2.8809343 2.6969604 2.6310734 8.9999987 1.0752252 
n297_300   0.2660992 3.0668956 3.1689800 2.3151089 2.1343476 0.3020877 2.3412448 0.1500797 2.2529582 2.8565235 0.0000000 0.1455199 2.9082912 0.6549741 3.3018401 0.2765378 0.1371200 0.2864426 0.3019904 2.2291719 1.1393097 0.0483806 2.1832778 2.0010602 3.0112190 3.2270826 
n293_296   0.2707739 2.7154610 2.9652212 2.6665479 2.3369159 0.2914932 2.4759506 0.1170372 2.4145607 3.5266665 0.1455199 0.0000000 3.1744328 0.6755731 4.5150030 0.2712531 0.0413214 0.2810054 0.2914000 2.5568616 1.2176952 0.1577551 2.3356757 2.1710260 3.5053713 2.6115908 
n285_288   2.7322925 1.1862510 3.5514066 2.0311335 2.4406981 5.3821039 2.6186863 2.4293860 1.8667560 0.0631457 2.9082912 3.1744328 0.0000000 3.2780562 2.7810511 2.8472800 2.9383398 5.2411804 4.6490853 2.5804780 2.7578355 2.9339514 2.3260918 2.3217757 9.0000000 1.0739262 
n236_239   0.6112222 2.6957122 2.4661109 3.5333319 2.1367153 0.6797825 2.1275595 0.6844528 2.7272069 3.0062290 0.6549741 0.6755731 3.2780562 0.0000000 3.4692325 0.6273739 0.6749954 0.6267634 0.6600079 2.3582612 1.0007993 0.6522875 2.1902358 2.0877931 3.3765307 2.4479249 
n251_254   2.4033826 3.1414473 0.3154395 2.8320890 2.6816980 3.3338307 2.7134869 3.7327918 2.9070514 2.8561980 3.3018401 4.5150030 2.7810511 3.4692325 0.0000000 2.5319238 3.6766910 3.0384672 3.0448956 2.7330153 4.0710045 3.4374433 2.7747580 2.6773484 3.6819555 3.0403761 
n296_299   0.0272226 2.3400319 2.8583689 2.4051086 1.9754549 0.1584651 2.0054019 0.2611157 2.2084835 2.8108752 0.2765378 0.2712531 2.8472800 0.6273739 2.5319238 0.0000000 0.2410360 0.1460328 0.1459444 2.0994287 1.1047122 0.2913561 2.0335575 1.9031203 4.0199811 2.4812702 
n294_297   0.2406194 2.4228669 3.0994762 2.5015881 2.1620585 0.2706360 2.3833466 0.0933080 2.2470395 3.1088377 0.1371200 0.0413214 2.9383398 0.6749954 3.6766910 0.2410360 0.0000000 0.2604748 0.2653248 2.4569832 1.1930185 0.1492124 2.1615759 2.0199717 3.7271403 2.5305488 
n289_292   0.1294727 3.0473239 3.5360338 2.5385816 2.2089716 0.0594327 2.3295983 0.2712050 2.5129910 4.9842043 0.2864426 0.2810054 5.2411804 0.6267634 3.0384672 0.1460328 0.2604748 0.0000000 0.0377530 2.2140396 1.1381855 0.2956892 2.2691001 2.0659260 3.0376397 3.3610589 
n290_293   0.1293952 3.0307555 3.5641049 2.4192633 2.1083782 0.0705534 2.2658603 0.2765309 2.3418157 4.9185458 0.3019904 0.2914000 4.6490853 0.6600079 3.0448956 0.1459444 0.2653248 0.0377530 0.0000000 2.2692609 1.1888446 0.3058419 2.1631224 1.9778344 3.7172484 3.3764350 
n280_283   2.0726230 1.7881594 2.5727898 0.6051549 0.1250406 2.1158266 0.1127337 2.2872969 0.5852398 2.9933473 2.2291719 2.5568616 2.5804780 2.3582612 2.7330153 2.0994287 2.4569832 2.2140396 2.2692609 0.0000000 1.9333473 2.3306115 0.1169379 0.1332739 2.5957504 2.0744946 
n200_203   1.0570126 2.0115890 3.4426741 2.1059208 2.0204045 1.2216411 1.9220021 1.2697394 2.4312399 2.4320421 1.1393097 1.2176952 2.7578355 1.0007993 4.0710045 1.1047122 1.1930185 1.1381855 1.1888446 1.9333473 0.0000000 1.2252215 1.8757852 1.9301353 3.2873823 2.1264500 
n298_301   0.2806972 2.9019837 3.4478902 2.3873017 2.1247017 0.3114969 2.3371062 0.1582344 2.2213540 2.8809343 0.0483806 0.1577551 2.9339514 0.6522875 3.4374433 0.2913561 0.1492124 0.2956892 0.3058419 2.3306115 1.2252215 0.0000000 2.1730898 1.9928555 2.9898040 3.0604768 
n292_295   1.9649097 1.6689390 2.7405685 0.5349044 0.0414177 2.1171804 0.1458436 2.0819047 0.5160362 2.6969604 2.1832778 2.3356757 2.3260918 2.1902358 2.7747580 2.0335575 2.1615759 2.2691001 2.1631224 0.1169379 1.8757852 2.1730898 0.0000000 0.0486148 2.7794076 2.0499567 
n300_303   1.8423020 1.6467978 2.7396083 0.5662460 0.0203370 1.9446957 0.1586625 1.8629485 0.5378383 2.6310734 2.0010602 2.1710260 2.3217757 2.0877931 2.6773484 1.9031203 2.0199717 2.0659260 1.9778344 0.1332739 1.9301353 1.9928555 0.0486148 0.0000000 3.1051925 1.9799128 
n244_247   3.5853996 3.2754565 3.2619061 3.4109640 2.9020195 3.1386373 2.4520980 3.3259685 3.6046720 8.9999987 3.0112190 3.5053713 9.0000000 3.3765307 3.6819555 4.0199811 3.7271403 3.0376397 3.7172484 2.5957504 3.2873823 2.9898040 2.7794076 3.1051925 0.0000000 3.6001869 
n265_268   2.5385232 0.1639734 2.9978150 1.9233648 1.9762821 3.5147222 1.6790431 2.1947813 1.9933519 1.0752252 3.2270826 2.6115908 1.0739262 2.4479249 3.0403761 2.4812702 2.5305488 3.3610589 3.3764350 2.0744946 2.1264500 3.0604768 2.0499567 1.9799128 3.6001869 0.0000000 
