19
n265_258   0.0000000 0.2559681 0.2455711 0.2551334 0.2461310 0.2503609 0.2600865 0.2463618 0.2461523 0.2557367 0.1514424 0.2600661 0.2366761 0.2412524 0.1679030 0.3341379 0.2364295 0.0271185 0.2758843 
n275_268   0.2559681 0.0000000 0.1048171 0.2709012 0.0238686 0.2656705 0.2759877 0.0450289 0.0449985 0.2711990 0.3000607 0.2759648 0.0169618 0.0522368 0.3100703 0.3650018 0.1661533 0.2608872 0.2818060 
n236_235   0.2455711 0.1048171 0.0000000 0.2410879 0.0969679 0.2550201 0.2459419 0.0970457 0.0932450 0.2555768 0.2880678 0.2459235 0.0892941 0.1010590 0.2978738 0.3583763 0.1491126 0.2603132 0.2514375 
n292_285   0.2551334 0.2709012 0.2410879 0.0000000 0.2608370 0.0737184 0.0033365 0.2610854 0.2608597 0.0812618 0.2792548 0.0033364 0.2511792 0.2709134 0.2941051 0.3683235 0.2667046 0.2647831 0.0134920 
n298_291   0.2461310 0.0238686 0.0969679 0.2608370 0.0000000 0.2556932 0.2658437 0.0343327 0.0343099 0.2611250 0.2942269 0.2658223 0.0067268 0.0414191 0.3041373 0.3589140 0.1575257 0.2559968 0.2715511 
n278_271   0.2503609 0.2656705 0.2550201 0.0737184 0.2556932 0.0000000 0.0774693 0.2559353 0.2557154 0.0202174 0.2589884 0.0774662 0.2461134 0.2656827 0.2729881 0.4036775 0.2668773 0.2599462 0.0890676 
n299_292   0.2600865 0.2759877 0.2459419 0.0033365 0.2658437 0.0774693 0.0000000 0.2660983 0.2658668 0.0850601 0.2791555 0.0066921 0.2561145 0.2759998 0.2939997 0.3742256 0.2717699 0.2698072 0.0169143 
n296_289   0.2463618 0.0450289 0.0970457 0.2610854 0.0343327 0.2559353 0.2660983 0.0000000 0.0135311 0.2613739 0.2945156 0.2660769 0.0273254 0.0204168 0.3044384 0.3599190 0.1576609 0.2562395 0.2718133 
n290_283   0.2461523 0.0449985 0.0932450 0.2608597 0.0343099 0.2557154 0.2658668 0.0135311 0.0000000 0.2611477 0.2942526 0.2609419 0.0273065 0.0067326 0.3041638 0.3641125 0.1575392 0.2560190 0.2715749 
n277_270   0.2557367 0.2711990 0.2555768 0.0812618 0.2611250 0.0202174 0.0850601 0.2613739 0.2611477 0.0000000 0.2743090 0.0850566 0.2514579 0.2712112 0.2890532 0.4161054 0.2724373 0.2654090 0.0968250 
n285_278   0.1514424 0.3000607 0.2880678 0.2792548 0.2942269 0.2589884 0.2791555 0.2945156 0.2942526 0.2743090 0.0000000 0.2843606 0.2841508 0.2994285 0.0134061 0.4010060 0.3049566 0.1684218 0.3008017 
n280_273   0.2600661 0.2759648 0.2459235 0.0033364 0.2658223 0.0774662 0.0066921 0.2660769 0.2609419 0.0850566 0.2843606 0.0000000 0.2560946 0.2709999 0.2993206 0.3690416 0.2717476 0.2697853 0.0169137 
n293_286   0.2366761 0.0169618 0.0892941 0.2511792 0.0067268 0.2461134 0.2561145 0.0273254 0.0273065 0.2514579 0.2841508 0.2560946 0.0000000 0.0343378 0.2939273 0.3477362 0.1491508 0.2464015 0.2617220 
n289_282   0.2412524 0.0522368 0.1010590 0.2709134 0.0414191 0.2656827 0.2759998 0.0204168 0.0067326 0.2712112 0.2994285 0.2709999 0.0343378 0.0000000 0.3094117 0.3698577 0.1618053 0.2510419 0.2818180 
n286_279   0.1679030 0.3100703 0.2978738 0.2941051 0.3041373 0.2729881 0.2939997 0.3044384 0.3041638 0.2890532 0.0134061 0.2993206 0.2939273 0.3094117 0.0000000 0.4244142 0.3150252 0.1852929 0.3161572 
n244_241   0.3341379 0.3650018 0.3583763 0.3683235 0.3589140 0.4036775 0.3742256 0.3599190 0.3641125 0.4161054 0.4010060 0.3690416 0.3477362 0.3698577 0.4244142 0.0000000 0.3654136 0.3511227 0.3933228 
n200_201   0.2364295 0.1661533 0.1491126 0.2667046 0.1575257 0.2668773 0.2717699 0.1576609 0.1575392 0.2724373 0.3049566 0.2717476 0.1491508 0.1618053 0.3150252 0.3654136 0.0000000 0.2558532 0.2827776 
n266_259   0.0271185 0.2608872 0.2603132 0.2647831 0.2559968 0.2599462 0.2698072 0.2562395 0.2560190 0.2654090 0.1684218 0.2697853 0.2464015 0.2510419 0.1852929 0.3511227 0.2558532 0.0000000 0.2858531 
n274_267   0.2758843 0.2818060 0.2514375 0.0134920 0.2715511 0.0890676 0.0169143 0.2718133 0.2715749 0.0968250 0.3008017 0.0169137 0.2617220 0.2818180 0.3161572 0.3933228 0.2827776 0.2858531 0.0000000 
