23
n287_288   0.0000000 0.0202904 0.0925665 0.2853913 0.2900836 0.3105367 0.2950090 0.2899846 0.0447721 0.2848164 0.2900354 0.0272032 0.0519099 0.0447672 0.0412321 0.0134551 0.3993780 0.0237427 0.2846411 0.3164405 0.1484101 0.2900406 0.3764065 
n290_291   0.0202904 0.0000000 0.0926353 0.2751896 0.2751065 0.3052604 0.2797933 0.2748755 0.0448041 0.2698220 0.2749224 0.0272225 0.0519472 0.0447991 0.0412615 0.0134646 0.3872594 0.0237595 0.2795630 0.3323457 0.1441775 0.2797817 0.3644802 
n236_237   0.0925665 0.0926353 0.0000000 0.2804966 0.2851205 0.3106636 0.2851340 0.2801743 0.0927703 0.2750758 0.2802225 0.0965470 0.1004177 0.0927613 0.0889831 0.0850190 0.3882404 0.0927175 0.2847519 0.3486782 0.1484591 0.2851219 0.3708721 
n278_279   0.2853913 0.2751896 0.2804966 0.0000000 0.2561231 0.2704910 0.0483608 0.0484011 0.2806318 0.0448096 0.0484064 0.2954457 0.3006547 0.2905690 0.2856122 0.2852561 0.3708043 0.2903654 0.2513199 0.3120152 0.2613567 0.0342095 0.3656485 
n285_286   0.2900836 0.2751065 0.2851205 0.2561231 0.0000000 0.1736778 0.2279923 0.2326096 0.2755335 0.2278466 0.2326464 0.2953585 0.2854083 0.2853986 0.2804777 0.2851708 0.3594919 0.2902791 0.1608565 0.3278867 0.2805719 0.2606213 0.3707686 
n265_266   0.3105367 0.3052604 0.3106636 0.2704910 0.1736778 0.0000000 0.2610071 0.2609458 0.3007147 0.2559823 0.2609892 0.3209148 0.3109360 0.3109307 0.3058351 0.3157670 0.3415083 0.3156564 0.0271760 0.3274392 0.3057685 0.2750621 0.3473985 
n280_281   0.2950090 0.2797933 0.2851340 0.0483608 0.2279923 0.2610071 0.0000000 0.0168985 0.2802286 0.0203134 0.0169003 0.2950167 0.3002162 0.2901484 0.2852003 0.2899157 0.3597667 0.2899454 0.2467189 0.3068529 0.2708629 0.0591770 0.3546735 
n299_300   0.2899846 0.2748755 0.2801743 0.0484011 0.2326096 0.2609458 0.0168985 0.0000000 0.2753018 0.0168896 0.0067055 0.2899929 0.2951543 0.2851542 0.2802396 0.2849268 0.3653392 0.2849566 0.2420063 0.3066096 0.2612489 0.0555637 0.3602145 
n293_294   0.0447721 0.0448041 0.0927703 0.2806318 0.2755335 0.3007147 0.2802286 0.2753018 0.0000000 0.2702387 0.2753488 0.0448013 0.0134563 0.0066965 0.0033408 0.0377046 0.3938285 0.0412485 0.2751409 0.3114496 0.1485260 0.2751961 0.3708113 
n274_275   0.2848164 0.2698220 0.2750758 0.0448096 0.2278466 0.2559823 0.0203134 0.0168896 0.2702387 0.0000000 0.0168913 0.2898939 0.2899457 0.2800187 0.2751402 0.2797968 0.3542096 0.2848596 0.2371753 0.2961126 0.2609886 0.0519345 0.3491491 
n292_293   0.2900354 0.2749224 0.2802225 0.0484064 0.2326464 0.2609892 0.0169003 0.0067055 0.2753488 0.0168913 0.0000000 0.2900436 0.2952065 0.2852037 0.2802879 0.2849763 0.3544042 0.2850061 0.2420453 0.3066651 0.2660361 0.0555700 0.3493402 
n296_297   0.0272032 0.0272225 0.0965470 0.2954457 0.2953585 0.3209148 0.2950167 0.2899929 0.0448013 0.2898939 0.2900436 0.0000000 0.0519438 0.0447963 0.0412589 0.0203077 0.4055677 0.0033392 0.2946478 0.3322827 0.1525888 0.3001481 0.3821892 
n294_295   0.0519099 0.0519472 0.1004177 0.3006547 0.2854083 0.3109360 0.3002162 0.2951543 0.0134563 0.2899457 0.2952065 0.0519438 0.0000000 0.0134547 0.0100696 0.0447738 0.4113809 0.0483551 0.2850014 0.3271361 0.1568022 0.2950417 0.3820621 
n275_276   0.0447672 0.0447991 0.0927613 0.2905690 0.2853986 0.3109307 0.2901484 0.2851542 0.0066965 0.2800187 0.2852037 0.0447963 0.0134547 0.0000000 0.0033408 0.0377003 0.3996973 0.0412439 0.2849917 0.3063447 0.1485142 0.2850451 0.3764935 
n297_298   0.0412321 0.0412615 0.0889831 0.2856122 0.2804777 0.3058351 0.2852003 0.2802396 0.0033408 0.2751402 0.2802879 0.0412589 0.0100696 0.0033408 0.0000000 0.0341978 0.3939408 0.0377236 0.2800779 0.3115355 0.1444341 0.2801322 0.3709160 
n289_290   0.0134551 0.0134646 0.0850190 0.2852561 0.2851708 0.3157670 0.2899157 0.2849268 0.0377046 0.2797968 0.2849763 0.0203077 0.0447738 0.0377003 0.0341978 0.0000000 0.3937003 0.0168806 0.2896794 0.3215517 0.1442717 0.2899033 0.3706923 
n255_256   0.3993780 0.3872594 0.3882404 0.3708043 0.3594919 0.3415083 0.3597667 0.3653392 0.3938285 0.3542096 0.3544042 0.4055677 0.4113809 0.3996973 0.3939408 0.3937003 0.0000000 0.3996516 0.3307837 0.2912507 0.3765849 0.3647627 0.0590588 
n295_296   0.0237427 0.0237595 0.0927175 0.2903654 0.2902791 0.3156564 0.2899454 0.2849566 0.0412485 0.2848596 0.2850061 0.0033392 0.0483551 0.0412439 0.0377236 0.0168806 0.3996516 0.0000000 0.2895817 0.3269331 0.1484356 0.2950404 0.3764580 
n266_267   0.2846411 0.2795630 0.2847519 0.2513199 0.1608565 0.0271760 0.2467189 0.2420063 0.2751409 0.2371753 0.2420453 0.2946478 0.2850014 0.2849917 0.2800779 0.2896794 0.3307837 0.2895817 0.0000000 0.3112564 0.2850096 0.2557949 0.3308021 
n244_245   0.3164405 0.3323457 0.3486782 0.3120152 0.3278867 0.3274392 0.3068529 0.3066096 0.3114496 0.2961126 0.3066651 0.3322827 0.3271361 0.3063447 0.3115355 0.3215517 0.2912507 0.3269331 0.3112564 0.0000000 0.3333093 0.2960989 0.2810632 
n200_201   0.1484101 0.1441775 0.1484591 0.2613567 0.2805719 0.3057685 0.2708629 0.2612489 0.1485260 0.2609886 0.2660361 0.1525888 0.1568022 0.1485142 0.1444341 0.1442717 0.3765849 0.1484356 0.2850096 0.3333093 0.0000000 0.2562662 0.3822407 
n277_278   0.2900406 0.2797817 0.2851219 0.0342095 0.2606213 0.2750621 0.0591770 0.0555637 0.2751961 0.0519345 0.0555700 0.3001481 0.2950417 0.2850451 0.2801322 0.2899033 0.3647627 0.2950404 0.2557949 0.2960989 0.2562662 0.0000000 0.3596474 
n251_252   0.3764065 0.3644802 0.3708721 0.3656485 0.3707686 0.3473985 0.3546735 0.3602145 0.3708113 0.3491491 0.3493402 0.3821892 0.3820621 0.3764935 0.3709160 0.3706923 0.0590588 0.3764580 0.3308021 0.2810632 0.3822407 0.3596474 0.0000000 
