23
n300_303   0.0000000 0.0100515 0.3481903 0.3478770 0.3536886 0.4579819 0.2877278 0.0307271 0.3478770 0.4802447 0.3205571 0.0739972 0.3540598 0.3535357 0.4144766 0.3419040 0.2358779 0.3592052 0.3148383 0.2822049 0.0741485 0.3534880 0.2602851 
n292_293   0.0100515 0.0000000 0.3312713 0.3309757 0.3418389 0.4382871 0.2770155 0.0203172 0.3309757 0.4598887 0.3042818 0.0628822 0.3421951 0.3416929 0.4136976 0.3251540 0.2310472 0.3472626 0.3039303 0.2715932 0.0630101 0.3416467 0.2552760 
n287_288   0.3481903 0.3312713 0.0000000 0.0134763 0.0631094 0.5172126 0.3399807 0.3378101 0.0134763 0.5393356 0.0936156 0.3482354 0.0668482 0.0630891 0.4384542 0.0273262 0.2903487 0.0667650 0.1595730 0.3396802 0.3543557 0.0668768 0.3010880 
n290_291   0.3478770 0.3309757 0.0134763 0.0000000 0.0557449 0.5088424 0.3337444 0.3317571 0.0066981 0.5240833 0.0858522 0.3366552 0.0594341 0.0557271 0.4441455 0.0203701 0.2845253 0.0593605 0.1509115 0.3334513 0.3426624 0.0594595 0.2951553 
n294_295   0.3536886 0.3418389 0.0631094 0.0557449 0.0000000 0.4935207 0.3382623 0.3486978 0.0557449 0.5084071 0.0972565 0.3418262 0.0100807 0.0066965 0.4494506 0.0484651 0.2788452 0.0033408 0.1589898 0.3379649 0.3426372 0.0100849 0.2893714 
n251_252   0.4579819 0.4382871 0.5172126 0.5088424 0.4935207 0.0000000 0.4371930 0.4513433 0.5088424 0.0274220 0.4464143 0.4060404 0.4940772 0.4932772 0.3602510 0.4941756 0.3635088 0.4864493 0.4392961 0.4374872 0.4136204 0.5012773 0.3801067 
n286_287   0.2877278 0.2770155 0.3399807 0.3337444 0.3382623 0.4371930 0.0000000 0.2873724 0.3337444 0.4443612 0.3003852 0.2817357 0.3386158 0.3381178 0.3789452 0.3049540 0.1506688 0.3436842 0.2991116 0.0067156 0.2823828 0.3443717 0.1717667 
n274_275   0.0307271 0.0203172 0.3378101 0.3317571 0.3486978 0.4513433 0.2873724 0.0000000 0.3375071 0.4733787 0.3107025 0.0778420 0.3490633 0.3485476 0.4263256 0.3316158 0.2406768 0.3541849 0.3043626 0.2818581 0.0780016 0.3548963 0.2652575 
n289_290   0.3478770 0.3309757 0.0134763 0.0066981 0.0557449 0.5088424 0.3337444 0.3375071 0.0000000 0.5240833 0.0858522 0.3366552 0.0594341 0.0557271 0.4441455 0.0203701 0.2845253 0.0593605 0.1509115 0.3334513 0.3426624 0.0594595 0.2951553 
n255_256   0.4802447 0.4598887 0.5393356 0.5240833 0.5084071 0.0274220 0.4443612 0.4733787 0.5240833 0.0000000 0.4668504 0.4331709 0.5089851 0.5081524 0.3848695 0.5090905 0.3875225 0.5011823 0.4594952 0.4446615 0.4411294 0.5093571 0.4046710 
n236_237   0.3205571 0.3042818 0.0936156 0.0858522 0.0972565 0.4464143 0.3003852 0.3107025 0.0858522 0.4668504 0.0000000 0.3153095 0.1012238 0.0972241 0.4304231 0.0782233 0.2637459 0.1010952 0.1137292 0.2947177 0.3211277 0.1012681 0.2791608 
n278_279   0.0739972 0.0628822 0.3482354 0.3366552 0.3418262 0.4060404 0.2817357 0.0778420 0.3366552 0.4331709 0.3153095 0.0000000 0.3421824 0.3416803 0.4138079 0.3424299 0.2307425 0.3416342 0.3093881 0.2762782 0.0134240 0.3479420 0.2549333 
n297_298   0.3540598 0.3421951 0.0668482 0.0594341 0.0100807 0.4940772 0.3386158 0.3490633 0.0594341 0.5089851 0.1012238 0.3421824 0.0000000 0.0033439 0.4499485 0.0521054 0.2791277 0.0134691 0.1634042 0.3383177 0.3429949 0.0134908 0.2896662 
n298_299   0.3535357 0.3416929 0.0630891 0.0557271 0.0066965 0.4932772 0.3381178 0.3485476 0.0557271 0.5081524 0.0972241 0.3416803 0.0033439 0.0000000 0.4492367 0.0484498 0.2787327 0.0100655 0.1589332 0.3378205 0.3424905 0.0100818 0.2892534 
n244_245   0.4144766 0.4136976 0.4384542 0.4441455 0.4494506 0.3602510 0.3789452 0.4263256 0.4441455 0.3848695 0.4304231 0.4138079 0.4499485 0.4492367 0.0000000 0.4306918 0.3430011 0.4557601 0.3972367 0.3850557 0.4215075 0.4567374 0.3718153 
n296_297   0.3419040 0.3251540 0.0273262 0.0203701 0.0484651 0.4941756 0.3049540 0.3316158 0.0203701 0.5090905 0.0782233 0.3424299 0.0521054 0.0484498 0.4306918 0.0000000 0.2739146 0.0520412 0.1423515 0.3046933 0.3484944 0.0521275 0.2735654 
n266_267   0.2358779 0.2310472 0.2903487 0.2845253 0.2788452 0.3635088 0.1506688 0.2406768 0.2845253 0.3875225 0.2637459 0.2307425 0.2791277 0.2787327 0.3430011 0.2739146 0.0000000 0.2838425 0.2475314 0.1462916 0.2362386 0.2843899 0.0307408 
n293_294   0.3592052 0.3472626 0.0667650 0.0593605 0.0033408 0.4864493 0.3436842 0.3541849 0.0593605 0.5011823 0.1010952 0.3416342 0.0134691 0.0100655 0.4557601 0.0520412 0.2838425 0.0000000 0.1631882 0.3433808 0.3424442 0.0134746 0.2944427 
n200_201   0.3148383 0.3039303 0.1595730 0.1509115 0.1589898 0.4392961 0.2991116 0.3043626 0.1509115 0.4594952 0.1137292 0.3093881 0.1634042 0.1589332 0.3972367 0.1423515 0.2475314 0.1631882 0.0000000 0.2934754 0.3099298 0.1634786 0.2725217 
n285_286   0.2822049 0.2715932 0.3396802 0.3334513 0.3379649 0.4374872 0.0067156 0.2818581 0.3334513 0.4446615 0.2947177 0.2762782 0.3383177 0.3378205 0.3850557 0.3046933 0.1462916 0.3433808 0.2934754 0.0000000 0.2769104 0.3440670 0.1672382 
n277_278   0.0741485 0.0630101 0.3543557 0.3426624 0.3426372 0.4136204 0.2823828 0.0780016 0.3426624 0.4411294 0.3211277 0.0134240 0.3429949 0.3424905 0.4215075 0.3484944 0.2362386 0.3424442 0.3099298 0.2769104 0.0000000 0.3487708 0.2606877 
n275_276   0.3534880 0.3416467 0.0668768 0.0594595 0.0100849 0.5012773 0.3443717 0.3548963 0.0594595 0.5093571 0.1012681 0.3479420 0.0134908 0.0100818 0.4567374 0.0521275 0.2843899 0.0134746 0.1634786 0.3440670 0.3487708 0.0000000 0.2950143 
n265_266   0.2602851 0.2552760 0.3010880 0.2951553 0.2893714 0.3801067 0.1717667 0.2652575 0.2951553 0.4046710 0.2791608 0.2549333 0.2896662 0.2892534 0.3718153 0.2735654 0.0307408 0.2944427 0.2725217 0.1672382 0.2606877 0.2950143 0.0000000 
