22
n292_293   0.0000000 0.3768179 0.3825218 0.3602024 0.4382139 0.2366341 0.3715271 0.0203224 0.4131805 0.3825744 0.0591921 0.3773062 0.3773144 0.3890632 0.3826825 0.3768922 0.2759496 0.3379671 0.2366567 0.0701781 0.0100825 0.2760290 
n287_288   0.3768179 0.0000000 0.0033378 0.0627719 0.4622984 0.2803094 0.0627741 0.3654752 0.4304523 0.1199526 0.3653738 0.0701456 0.0701464 0.4121756 0.0237335 0.0202903 0.3543788 0.2000038 0.2903988 0.3767138 0.3597492 0.3655372 
n290_291   0.3825218 0.0033378 0.0000000 0.0664267 0.4620722 0.2852910 0.0664290 0.3710899 0.4366010 0.1239200 0.3653585 0.0738396 0.0738405 0.4119800 0.0271891 0.0237286 0.3599074 0.2044517 0.2954514 0.3824170 0.3653181 0.3711521 
n294_295   0.3602024 0.0627719 0.0664267 0.0000000 0.4821953 0.3059422 0.0134631 0.3491105 0.4558607 0.1239451 0.3490117 0.0272049 0.0272052 0.4492992 0.0627722 0.0591247 0.3658448 0.2091481 0.3164087 0.3601006 0.3435136 0.3657935 
n251_252   0.4382139 0.4622984 0.4620722 0.4821953 0.0000000 0.3777232 0.4822171 0.4256542 0.0519460 0.5020787 0.4256907 0.5024864 0.5024998 0.2856137 0.4690874 0.4755983 0.4074322 0.5101730 0.3777526 0.4382610 0.4256696 0.4196255 
n286_287   0.2366341 0.2803094 0.2852910 0.3059422 0.3777232 0.0000000 0.3007600 0.2226295 0.3548892 0.2801294 0.2318971 0.3112077 0.3112137 0.3113483 0.2956652 0.2905441 0.1122296 0.2756198 0.0067020 0.2459961 0.2226347 0.1241612 
n275_276   0.3715271 0.0627741 0.0664290 0.0134631 0.4822171 0.3007600 0.0000000 0.3602596 0.4558809 0.1160065 0.3601590 0.0272058 0.0272061 0.4432030 0.0664429 0.0627741 0.3602045 0.2091560 0.3111496 0.3714236 0.3545725 0.3601539 
n274_275   0.0203224 0.3654752 0.3710899 0.3491105 0.4256542 0.2226295 0.3602596 0.0000000 0.3951476 0.3653209 0.0519595 0.3659462 0.3659540 0.3830641 0.3712459 0.3655474 0.2611141 0.3217584 0.2226512 0.0628323 0.0100838 0.2611876 
n255_256   0.4131805 0.4304523 0.4366010 0.4558607 0.0519460 0.3548892 0.4558809 0.3951476 0.0000000 0.4491536 0.4012994 0.4686334 0.4686452 0.2806723 0.4369342 0.4431583 0.3952428 0.4628221 0.3549180 0.4012994 0.3951973 0.4132488 
n236_237   0.3825744 0.1199526 0.1239200 0.1239451 0.5020787 0.2801294 0.1160065 0.3653209 0.4491536 0.0000000 0.3710366 0.1279705 0.1279722 0.4244508 0.1239456 0.1199518 0.3432071 0.1868912 0.2902120 0.3765507 0.3653654 0.3431851 
n278_279   0.0591921 0.3653738 0.3653585 0.3490117 0.4256907 0.2318971 0.3601590 0.0519595 0.4012994 0.3710366 0.0000000 0.3658446 0.3658524 0.3660528 0.3711435 0.3654459 0.2709286 0.3324851 0.2319194 0.0306746 0.0483581 0.2710059 
n297_298   0.3773062 0.0701456 0.0738396 0.0272049 0.5024864 0.3112077 0.0272058 0.3659462 0.4686334 0.1279705 0.3658446 0.0000000 0.0066951 0.4491960 0.0738550 0.0701456 0.3659387 0.2046641 0.3217547 0.3772020 0.3602115 0.3658874 
n298_299   0.3773144 0.0701464 0.0738405 0.0272052 0.5024998 0.3112137 0.0272061 0.3659540 0.4686452 0.1279722 0.3658524 0.0066951 0.0000000 0.4492070 0.0738559 0.0701464 0.3659465 0.2046673 0.3217610 0.3772102 0.3602190 0.3658952 
n244_245   0.3890632 0.4121756 0.4119800 0.4492992 0.2856137 0.3113483 0.4432030 0.3830641 0.2806723 0.4244508 0.3660528 0.4491960 0.4492070 0.0000000 0.4244459 0.4183052 0.3494087 0.4247391 0.3113754 0.4008432 0.3831116 0.3605008 
n296_297   0.3826825 0.0237335 0.0271891 0.0627722 0.4690874 0.2956652 0.0664429 0.3712459 0.4369342 0.1239456 0.3711435 0.0738550 0.0738559 0.4244459 0.0000000 0.0033408 0.3602418 0.2046387 0.3059821 0.3825777 0.3654716 0.3714981 
n295_296   0.3768922 0.0202903 0.0237286 0.0591247 0.4755983 0.2905441 0.0627741 0.3655474 0.4431583 0.1199518 0.3654459 0.0701456 0.0701464 0.4183052 0.0033408 0.0000000 0.3546285 0.2001428 0.3007856 0.3767881 0.3598203 0.3657960 
n266_267   0.2759496 0.3543788 0.3599074 0.3658448 0.4074322 0.1122296 0.3602045 0.2611141 0.3952428 0.3432071 0.2709286 0.3659387 0.3659465 0.3494087 0.3602418 0.3546285 0.0000000 0.3329994 0.1201480 0.2858636 0.2611208 0.0237769 
n200_201   0.3379671 0.2000038 0.2044517 0.2091481 0.5101730 0.2756198 0.2091560 0.3217584 0.4628221 0.1868912 0.3324851 0.2046641 0.2046673 0.4247391 0.2046387 0.2001428 0.3329994 0.0000000 0.2856492 0.3487763 0.3217959 0.3494828 
n285_286   0.2366567 0.2903988 0.2954514 0.3164087 0.3777526 0.0067020 0.3111496 0.2226512 0.3549180 0.2902120 0.2319194 0.3217547 0.3217610 0.3113754 0.3059821 0.3007856 0.1201480 0.2856492 0.0000000 0.2460195 0.2226563 0.1322205 
n277_278   0.0701781 0.3767138 0.3824170 0.3601006 0.4382610 0.2459961 0.3714236 0.0628323 0.4012994 0.3765507 0.0306746 0.3772020 0.3772102 0.4008432 0.3825777 0.3767881 0.2858636 0.3487763 0.2460195 0.0000000 0.0591712 0.2859470 
n280_281   0.0100825 0.3597492 0.3653181 0.3435136 0.4256696 0.2226347 0.3545725 0.0100838 0.3951973 0.3653654 0.0483581 0.3602115 0.3602190 0.3831116 0.3654716 0.3598203 0.2611208 0.3217959 0.2226563 0.0591712 0.0000000 0.2611942 
n265_266   0.2760290 0.3655372 0.3711521 0.3657935 0.4196255 0.1241612 0.3601539 0.2611876 0.4132488 0.3431851 0.2710059 0.3658874 0.3658952 0.3605008 0.3714981 0.3657960 0.0237769 0.3494828 0.1322205 0.2859470 0.2611942 0.0000000 
