26
n299_300   0.0000000 0.0202305 2.4228972 2.7320583 5.7694801 0.5276478 2.0572929 2.2853856 0.1364395 2.4304052 2.9376029 2.4291678 0.0519061 0.5391617 2.3939971 2.3785405 1.7857075 1.7574993 2.6196566 4.1725736 2.3957609 3.0324554 1.9931449 1.7062587 0.1122546 2.2055642 
n300_301   0.0202305 0.0000000 2.3433151 2.6330351 4.8349351 0.5277590 2.1472452 2.0833665 0.1403634 2.3495359 2.8096116 2.3472436 0.0554497 0.5392752 2.3149941 2.3010679 1.8867650 1.8556175 2.5230880 4.4793608 2.3167144 2.8932561 1.9948428 1.7676328 0.1121354 2.1403630 
n290_291   2.4228972 2.3433151 0.0000000 8.9999984 1.9122964 1.8580676 1.0819588 0.6664818 2.1449699 0.0416868 0.1595038 0.3629718 2.1335649 1.9568238 0.3223396 0.3276439 2.8418247 2.7589892 0.0526682 2.0511579 0.3180452 0.1596209 2.6042874 2.4820431 2.1701378 0.2969090 
n244_245   2.7320583 2.6330351 8.9999984 0.0000000 2.1641391 2.4213036 9.0000000 3.3583617 2.4987829 9.0000000 4.3805566 3.4942670 2.6513841 2.5534372 3.1692517 3.4016664 2.7134042 3.0168440 8.9999984 2.3010850 8.9999989 4.0496240 3.5779591 3.0912342 3.2453044 5.9038449 
n255_256   5.7694801 4.8349351 1.9122964 2.1641391 0.0000000 5.5819138 1.9657489 2.2123656 3.7571676 2.0983188 1.7867437 2.0391399 5.1929503 7.8495908 2.1692155 2.2979601 2.1789796 2.4161928 1.9263703 0.2415466 2.2818832 1.8048498 3.4237153 3.2949444 4.6351574 2.2085101 
n277_278   0.5276478 0.5277590 1.8580676 2.4213036 5.5819138 0.0000000 2.0117313 1.7921406 0.4568760 1.9342581 2.1895616 2.3441396 0.5196175 0.1245518 2.1402434 2.0760010 2.1195674 1.9877992 1.9543005 4.7731022 2.1517113 1.9610683 3.3987482 2.4159197 0.4768615 2.1519274 
n200_201   2.0572929 2.1472452 1.0819588 9.0000000 1.9657489 2.0117313 0.0000000 1.0932268 1.9072422 1.0479355 1.0271899 1.0024356 2.1525760 2.2179940 1.0146826 0.9728501 3.1971221 2.8752888 1.0502431 2.4893629 1.0047262 1.0728389 3.0305443 2.2405438 1.9028528 1.0053479 
n236_237   2.2853856 2.0833665 0.6664818 3.3583617 2.2123656 1.7921406 1.0932268 0.0000000 1.9598374 0.7113964 0.6543732 0.6374712 2.1935637 1.7207691 0.6761724 0.6859804 2.6415103 2.7357911 0.6862713 2.7248576 0.6613056 0.7086712 2.7351197 2.1383637 1.9858457 0.6628491 
n274_275   0.1364395 0.1403634 2.1449699 2.4987829 3.7571676 0.4568760 1.9072422 1.9598374 0.0000000 1.9752822 2.5034335 2.1366353 0.1280654 0.4734056 2.1146909 2.0995721 1.7882493 1.7282391 2.0871646 3.7317548 2.0293820 2.4355586 2.3445749 1.9894718 0.1444080 1.9682188 
n289_290   2.4304052 2.3495359 0.0416868 9.0000000 2.0983188 1.9342581 1.0479355 0.7113964 1.9752822 0.0000000 0.1812781 0.3864044 2.1383744 1.9519877 0.3443849 0.3442656 2.7830903 2.7822598 0.0599221 2.2085699 0.3399893 0.1679659 2.4403289 2.2803395 2.1178795 0.3128611 
n296_297   2.9376029 2.8096116 0.1595038 4.3805566 1.7867437 2.1895616 1.0271899 0.6543732 2.5034335 0.1812781 0.0000000 0.3570023 2.6522064 2.2217762 0.3387520 0.3387757 3.2927562 3.1702833 0.1556053 1.8144280 0.3508215 0.0560109 3.3043947 2.7201752 2.5359459 0.3339499 
n275_276   2.4291678 2.3472436 0.3629718 3.4942670 2.0391399 2.3441396 1.0024356 0.6374712 2.1366353 0.3864044 0.3570023 0.0000000 2.1909699 2.3721108 0.1454957 0.1330212 2.7681536 2.7632122 0.3572522 2.1510091 0.1252471 0.3508067 1.9310508 1.9536073 1.9478742 0.1214601 
n292_293   0.0519061 0.0554497 2.1335649 2.6513841 5.1929503 0.5196175 2.1525760 2.1935637 0.1280654 2.1383744 2.6522064 2.1909699 0.0000000 0.5023710 2.1630257 2.1515313 1.9660783 1.9324618 2.2766209 4.2336788 2.1651036 2.7246012 2.1981629 1.8211196 0.1161611 2.0118453 
n278_279   0.5391617 0.5392752 1.9568238 2.5534372 7.8495908 0.1245518 2.2179940 1.7207691 0.4734056 1.9519877 2.2217762 2.3721108 0.5023710 0.0000000 2.2913713 2.1652726 2.0589553 2.0539289 2.0935970 9.0000000 2.1485682 2.1757212 3.7726147 2.5498338 0.5005752 2.1487933 
n298_299   2.3939971 2.3149941 0.3223396 3.1692517 2.1692155 2.1402434 1.0146826 0.6761724 2.1146909 0.3443849 0.3387520 0.1454957 2.1630257 2.2913713 0.0000000 0.0307993 2.6320085 2.5693252 0.3231376 2.1575768 0.1208006 0.3549741 2.0807881 2.2144900 1.9766750 0.1129561 
n297_298   2.3785405 2.3010679 0.3276439 3.4016664 2.2979601 2.0760010 0.9728501 0.6859804 2.0995721 0.3442656 0.3387757 0.1330212 2.1515313 2.1652726 0.0307993 0.0000000 2.6186929 2.5568039 0.3284584 2.1969247 0.1168148 0.3549992 2.0448549 2.0958973 1.9269780 0.1090115 
n286_287   1.7857075 1.8867650 2.8418247 2.7134042 2.1789796 2.1195674 3.1971221 2.6415103 1.7882493 2.7830903 3.2927562 2.7681536 1.9660783 2.0589553 2.6320085 2.6186929 0.0000000 0.0447434 2.9011155 2.1424394 3.0355985 3.1643906 1.2268272 1.1200648 1.8876211 3.1008019 
n285_286   1.7574993 1.8556175 2.7589892 3.0168440 2.4161928 1.9877992 2.8752888 2.7357911 1.7282391 2.7822598 3.1702833 2.7632122 1.9324618 2.0539289 2.5693252 2.5568039 0.0447434 0.0000000 2.8083319 2.2715399 2.7610698 2.9517851 1.1915293 1.1036185 1.8213662 2.8104561 
n287_288   2.6196566 2.5230880 0.0526682 8.9999984 1.9263703 1.9543005 1.0502431 0.6862713 2.0871646 0.0599221 0.1556053 0.3572522 2.2766209 2.0935970 0.3231376 0.3284584 2.9011155 2.8083319 0.0000000 2.0278732 0.3236975 0.1427777 2.2564402 2.4239194 2.2551951 0.3023804 
n251_252   4.1725736 4.4793608 2.0511579 2.3010850 0.2415466 4.7731022 2.4893629 2.7248576 3.7317548 2.2085699 1.8144280 2.1510091 4.2336788 9.0000000 2.1575768 2.1969247 2.1424394 2.2715399 2.0278732 0.0000000 2.3367921 1.8248993 2.7254178 3.1481749 4.5426778 2.2594476 
n294_295   2.3957609 2.3167144 0.3180452 8.9999989 2.2818832 2.1517113 1.0047262 0.6613056 2.0293820 0.3399893 0.3508215 0.1252471 2.1651036 2.1485682 0.1208006 0.1168148 3.0355985 2.7610698 0.3236975 2.3367921 0.0000000 0.3446521 1.9827285 2.2739701 1.9288793 0.0379216 
n295_296   3.0324554 2.8932561 0.1596209 4.0496240 1.8048498 1.9610683 1.0728389 0.7086712 2.4355586 0.1679659 0.0560109 0.3508067 2.7246012 2.1757212 0.3549741 0.3549992 3.1643906 2.9517851 0.1427777 1.8248993 0.3446521 0.0000000 3.2677124 2.8593207 2.6790629 0.3226586 
n266_267   1.9931449 1.9948428 2.6042874 3.5779591 3.4237153 3.3987482 3.0305443 2.7351197 2.3445749 2.4403289 3.3043947 1.9310508 2.1981629 3.7726147 2.0807881 2.0448549 1.2268272 1.1915293 2.2564402 2.7254178 1.9827285 3.2677124 0.0000000 0.1987646 2.0967182 1.9437741 
n265_266   1.7062587 1.7676328 2.4820431 3.0912342 3.2949444 2.4159197 2.2405438 2.1383637 1.9894718 2.2803395 2.7201752 1.9536073 1.8211196 2.5498338 2.2144900 2.0958973 1.1200648 1.1036185 2.4239194 3.1481749 2.2739701 2.8593207 0.1987646 0.0000000 1.7822640 2.1706559 
n280_281   0.1122546 0.1121354 2.1701378 3.2453044 4.6351574 0.4768615 1.9028528 1.9858457 0.1444080 2.1178795 2.5359459 1.9478742 0.1161611 0.5005752 1.9766750 1.9269780 1.8876211 1.8213662 2.2551951 4.5426778 1.9288793 2.6790629 2.0967182 1.7822640 0.0000000 1.8070269 
n293_294   2.2055642 2.1403630 0.2969090 5.9038449 2.2085101 2.1519274 1.0053479 0.6628491 1.9682188 0.3128611 0.3339499 0.1214601 2.0118453 2.1487933 0.1129561 0.1090115 3.1008019 2.8104561 0.3023804 2.2594476 0.0379216 0.3226586 1.9437741 2.1706559 1.8070269 0.0000000 
