26
n255_258   0.0000000 0.4398766 0.4524897 0.4456593 0.4275163 0.4456242 0.4236329 0.4394278 0.4523662 0.4526181 0.4458459 0.4400626 0.4458237 0.0590911 0.3963839 0.4460353 0.4414159 0.4392871 0.4516513 0.4530316 0.4020152 0.4662693 0.4226764 0.3053850 0.4531275 0.4273180 
n290_293   0.4398766 0.0000000 0.0100755 0.0203106 0.3333017 0.0237654 0.3115041 0.0134824 0.3429182 0.0100932 0.0775670 0.0033449 0.3430597 0.4666236 0.3308266 0.0203246 0.1321771 0.0033431 0.0203138 0.3487676 0.3252111 0.3543059 0.3215804 0.4168948 0.3380270 0.3331515 
n289_292   0.4524897 0.0100755 0.0000000 0.0306651 0.3386554 0.0341735 0.3166934 0.0237473 0.3483295 0.0203169 0.0850415 0.0134653 0.3484734 0.4797449 0.3361341 0.0306863 0.1362134 0.0134579 0.0306699 0.3542267 0.3304738 0.3598082 0.3268372 0.4165781 0.3434085 0.3385025 
n294_297   0.4456593 0.0203106 0.0306651 0.0000000 0.3383791 0.0168669 0.3164377 0.0066986 0.3480448 0.0237916 0.0850672 0.0237518 0.3481885 0.4726209 0.3358616 0.0067018 0.1403070 0.0168848 0.0134563 0.3539362 0.3302067 0.3595123 0.3265724 0.4290995 0.3431281 0.3382264 
n278_281   0.4275163 0.3333017 0.3386554 0.3383791 0.0000000 0.3436040 0.2464824 0.3329769 0.0628469 0.3443175 0.3482078 0.3328950 0.0665029 0.4581887 0.2553853 0.3386519 0.3222295 0.3328770 0.3436138 0.0665747 0.2596729 0.0665784 0.2507034 0.3978865 0.0520152 0.0067169 
n298_301   0.4456242 0.0237654 0.0341735 0.0168669 0.3436040 0.0000000 0.3215087 0.0100770 0.3533228 0.0272707 0.0888898 0.0272249 0.3534688 0.4787036 0.3410420 0.0168785 0.1444774 0.0203211 0.0168695 0.3592591 0.3353451 0.3648757 0.3317062 0.4413243 0.3483786 0.3434486 
n266_269   0.4236329 0.3115041 0.3166934 0.3164377 0.2464824 0.3215087 0.0000000 0.3112039 0.2601530 0.3221689 0.3111348 0.3111299 0.2602579 0.4360543 0.1399382 0.3166899 0.2813310 0.3111120 0.3215179 0.2652908 0.1397535 0.2704911 0.0134964 0.3933287 0.2510443 0.2463764 
n297_300   0.4394278 0.0134824 0.0237473 0.0066986 0.3329769 0.0100770 0.3112039 0.0000000 0.3425834 0.0169208 0.0776176 0.0168926 0.3427246 0.4661401 0.3305063 0.0067032 0.1322661 0.0100876 0.0066996 0.3484258 0.3248973 0.3539578 0.3212693 0.4229942 0.3376973 0.3328270 
n300_303   0.4523662 0.3429182 0.3483295 0.3480448 0.0628469 0.3533228 0.2601530 0.3425834 0.0000000 0.3540580 0.3579586 0.3424980 0.0033356 0.4779051 0.2691640 0.3483260 0.3372840 0.3424802 0.3533329 0.0033391 0.2636475 0.0134569 0.2644225 0.4206378 0.0100713 0.0628233 
n296_299   0.4526181 0.0100932 0.0203169 0.0237916 0.3443175 0.0272707 0.3221689 0.0169208 0.3540580 0.0000000 0.0814390 0.0134891 0.3542045 0.4798815 0.3417458 0.0238080 0.1364588 0.0067128 0.0237953 0.3600092 0.3360348 0.3656397 0.3323899 0.4292494 0.3491028 0.3441616 
n236_239   0.4458459 0.0775670 0.0850415 0.0850672 0.3482078 0.0888898 0.3111348 0.0776176 0.3579586 0.0814390 0.0000000 0.0812973 0.3581064 0.4728179 0.3248157 0.0851278 0.1323360 0.0738514 0.0850809 0.3639252 0.3248243 0.3695686 0.3211972 0.4539459 0.3529978 0.3480503 
n287_290   0.4400626 0.0033449 0.0134653 0.0237518 0.3328950 0.0272249 0.3111299 0.0168926 0.3424980 0.0134891 0.0812973 0.0000000 0.3426392 0.4668230 0.3304256 0.0237682 0.1362134 0.0067016 0.0237554 0.3483382 0.3248187 0.3538680 0.3211918 0.4163580 0.3376136 0.3327451 
n292_295   0.4458237 0.3430597 0.3484734 0.3481885 0.0665029 0.3534688 0.2602579 0.3427246 0.0033356 0.3542045 0.3581064 0.3426392 0.0000000 0.4711222 0.2692726 0.3484699 0.3374229 0.3426214 0.3534789 0.0066936 0.2637535 0.0168605 0.2645291 0.4200970 0.0134597 0.0664779 
n251_254   0.0590911 0.4666236 0.4797449 0.4726209 0.4581887 0.4787036 0.4360543 0.4661401 0.4779051 0.4798815 0.4728179 0.4668230 0.4711222 0.0000000 0.4088842 0.4730256 0.4424348 0.4659879 0.4726680 0.4786204 0.4146150 0.4789096 0.4350642 0.3160059 0.4787193 0.4579746 
n286_289   0.3963839 0.3308266 0.3361341 0.3358616 0.2553853 0.3410420 0.1399382 0.3305063 0.2691640 0.3417458 0.3248157 0.3304256 0.2692726 0.4088842 0.0000000 0.3361306 0.2996426 0.3304078 0.3355127 0.2743637 0.0134120 0.2696537 0.1396659 0.4087650 0.2695745 0.2600372 
n293_296   0.4460353 0.0203246 0.0306863 0.0067018 0.3386519 0.0168785 0.3166899 0.0067032 0.3483260 0.0238080 0.0851278 0.0237682 0.3484699 0.4730256 0.3361306 0.0000000 0.1404098 0.0168964 0.0134656 0.3542232 0.3304703 0.3598047 0.3268337 0.4294595 0.3434050 0.3384990 
n200_201   0.4414159 0.1321771 0.1362134 0.1403070 0.3222295 0.1444774 0.2813310 0.1322661 0.3372840 0.1364588 0.1323360 0.1362134 0.3374229 0.4424348 0.2996426 0.1404098 0.0000000 0.1281558 0.1363344 0.3430801 0.2938188 0.3489689 0.2960470 0.4055464 0.3272622 0.3220852 
n295_298   0.4392871 0.0033431 0.0134579 0.0168848 0.3328770 0.0203211 0.3111120 0.0100876 0.3424802 0.0067128 0.0738514 0.0067016 0.3426214 0.4659879 0.3304078 0.0168964 0.1281558 0.0000000 0.0168874 0.3483204 0.3248009 0.3538503 0.3211739 0.4163421 0.3375958 0.3327272 
n275_278   0.4516513 0.0203138 0.0306699 0.0134563 0.3436138 0.0168695 0.3215179 0.0066996 0.3533329 0.0237953 0.0850809 0.0237554 0.3534789 0.4726680 0.3355127 0.0134656 0.1363344 0.0168874 0.0000000 0.3592694 0.3298649 0.3648861 0.3317157 0.4349767 0.3483886 0.3434584 
n299_302   0.4530316 0.3487676 0.3542267 0.3539362 0.0665747 0.3592591 0.2652908 0.3484258 0.0033391 0.3600092 0.3639252 0.3483382 0.0066936 0.4786204 0.2743637 0.3542232 0.3430801 0.3483204 0.3592694 0.0000000 0.2687925 0.0168781 0.2695859 0.4271773 0.0134738 0.0665496 
n285_288   0.4020152 0.3252111 0.3304738 0.3302067 0.2596729 0.3353451 0.1397535 0.3248973 0.2636475 0.3360348 0.3248243 0.3248187 0.2637535 0.4146150 0.0134120 0.3304703 0.2938188 0.3248009 0.3298649 0.2687925 0.0000000 0.2688201 0.1394820 0.4017885 0.2739200 0.2643430 
n280_283   0.4662693 0.3543059 0.3598082 0.3595123 0.0665784 0.3648757 0.2704911 0.3539578 0.0134569 0.3656397 0.3695686 0.3538680 0.0168605 0.4789096 0.2696537 0.3598047 0.3489689 0.3538503 0.3648861 0.0168781 0.2688201 0.0000000 0.2748130 0.4278630 0.0134744 0.0665533 
n265_268   0.4226764 0.3215804 0.3268372 0.3265724 0.2507034 0.3317062 0.0134964 0.3212693 0.2644225 0.3323899 0.3211972 0.3211918 0.2645291 0.4350642 0.1396659 0.3268337 0.2960470 0.3211739 0.3317157 0.2695859 0.1394820 0.2748130 0.0000000 0.3924539 0.2552820 0.2505955 
n244_247   0.3053850 0.4168948 0.4165781 0.4290995 0.3978865 0.4413243 0.3933287 0.4229942 0.4206378 0.4292494 0.4539459 0.4163580 0.4200970 0.3160059 0.4087650 0.4294595 0.4055464 0.4163421 0.4349767 0.4271773 0.4017885 0.4278630 0.3924539 0.0000000 0.4160307 0.3977037 
n274_277   0.4531275 0.3380270 0.3434085 0.3431281 0.0520152 0.3483786 0.2510443 0.3376973 0.0100713 0.3491028 0.3529978 0.3376136 0.0134597 0.4787193 0.2695745 0.3434050 0.3272622 0.3375958 0.3483886 0.0134738 0.2739200 0.0134744 0.2552820 0.4160307 0.0000000 0.0519958 
n277_280   0.4273180 0.3331515 0.3385025 0.3382264 0.0067169 0.3434486 0.2463764 0.3328270 0.0628233 0.3441616 0.3480503 0.3327451 0.0664779 0.4579746 0.2600372 0.3384990 0.3220852 0.3327272 0.3434584 0.0665496 0.2643430 0.0665533 0.2505955 0.3977037 0.0519958 0.0000000 
