22
n287_288   0.0000000 0.0202715 0.0555218 0.2729677 0.3219448 0.2931533 0.2630043 0.0341297 0.2677987 0.0237185 0.0376277 0.0411835 0.0341156 0.0168493 0.3273005 0.4099673 0.0271690 0.2779765 0.3922664 0.1041802 0.2824337 0.3770370 
n290_291   0.0202715 0.0000000 0.0555792 0.2684401 0.3066120 0.2883867 0.2585309 0.0341642 0.2633007 0.0237424 0.0376658 0.0412252 0.0341501 0.0100673 0.3118539 0.3926513 0.0271964 0.2733035 0.3928988 0.0965395 0.2778605 0.3602457 
n236_237   0.0555218 0.0555792 0.0000000 0.2833530 0.3221214 0.2933126 0.2732267 0.0483270 0.2780961 0.0592335 0.0518980 0.0555430 0.0483070 0.0519671 0.3274806 0.4153967 0.0628681 0.2781263 0.3822312 0.0966057 0.2929605 0.3822736 
n278_279   0.2729677 0.2684401 0.2833530 0.0000000 0.2813012 0.2212236 0.0271678 0.2632149 0.0341180 0.2688407 0.2679653 0.2780941 0.2679960 0.2540629 0.2814707 0.3821872 0.2736871 0.2118926 0.3656739 0.2438494 0.0168627 0.3612307 
n285_286   0.3219448 0.3066120 0.3221214 0.2813012 0.0000000 0.1634113 0.2617243 0.3063687 0.2664899 0.3176612 0.3113754 0.3121365 0.3064853 0.3017363 0.0067000 0.4509437 0.3228237 0.1508878 0.4102286 0.2764160 0.2961706 0.3991155 
n265_266   0.2931533 0.2883867 0.2933126 0.2212236 0.1634113 0.0000000 0.2162403 0.2781064 0.2207341 0.2889510 0.2829559 0.2933283 0.2829902 0.2736025 0.1635010 0.3995007 0.2887182 0.0306289 0.3599623 0.2346279 0.2393569 0.3669186 
n280_281   0.2630043 0.2585309 0.2732267 0.0271678 0.2617243 0.2162403 0.0000000 0.2533895 0.0066877 0.2589134 0.2580766 0.2680504 0.2581052 0.2443533 0.2618795 0.3763862 0.2636917 0.2069928 0.3543666 0.2343063 0.0376250 0.3499536 
n293_294   0.0341297 0.0341642 0.0483270 0.2632149 0.3063687 0.2781064 0.2533895 0.0000000 0.2581208 0.0376928 0.0100691 0.0202944 0.0134508 0.0306686 0.3116066 0.3977808 0.0412154 0.2632545 0.3594591 0.0964612 0.2725624 0.3653750 
n274_275   0.2677987 0.2633007 0.2780961 0.0341180 0.2664899 0.2207341 0.0066877 0.2581208 0.0000000 0.2636917 0.2628367 0.2728818 0.2628663 0.2490319 0.2666485 0.3762425 0.2685013 0.2114242 0.3542327 0.2389085 0.0446756 0.3498212 
n296_297   0.0237185 0.0237424 0.0592335 0.2688407 0.3176612 0.2889510 0.2589134 0.0376928 0.2636917 0.0000000 0.0412130 0.0447949 0.0376772 0.0202988 0.3229967 0.4162731 0.0033362 0.2738310 0.3989493 0.1082312 0.2782781 0.3830521 
n294_295   0.0376277 0.0376658 0.0518980 0.2679653 0.3113754 0.2829559 0.2580766 0.0100691 0.2628367 0.0412130 0.0000000 0.0237297 0.0168508 0.0341532 0.3166486 0.4034032 0.0447520 0.2680061 0.3648172 0.1002756 0.2773666 0.3707863 
n275_276   0.0411835 0.0412252 0.0555430 0.2780941 0.3121365 0.2933283 0.2680504 0.0202944 0.2728818 0.0447949 0.0237297 0.0000000 0.0202860 0.0376917 0.3174268 0.3981688 0.0483544 0.2781378 0.3760671 0.1042241 0.2876300 0.3657225 
n297_298   0.0341156 0.0341501 0.0483070 0.2679960 0.3064853 0.2829902 0.2581052 0.0134508 0.2628663 0.0376772 0.0168508 0.0202860 0.0000000 0.0306560 0.3117250 0.3976075 0.0411984 0.2680369 0.3701922 0.0964206 0.2773995 0.3652157 
n289_290   0.0168493 0.0100673 0.0519671 0.2540629 0.3017363 0.2736025 0.2443533 0.0306686 0.2490319 0.0202988 0.0341532 0.0376917 0.0306560 0.0000000 0.3069443 0.3925694 0.0237361 0.2588317 0.3759995 0.0927079 0.2633125 0.3603403 
n286_287   0.3273005 0.3118539 0.3274806 0.2814707 0.0067000 0.1635010 0.2618795 0.3116066 0.2666485 0.3229967 0.3166486 0.3174268 0.3117250 0.3069443 0.0000000 0.4512537 0.3281981 0.1509699 0.3990129 0.2814318 0.2963511 0.3993797 
n255_256   0.4099673 0.3926513 0.4153967 0.3821872 0.4509437 0.3995007 0.3763862 0.3977808 0.3762425 0.4162731 0.4034032 0.3981688 0.3976075 0.3925694 0.4512537 0.0000000 0.4159105 0.3711228 0.3176094 0.3917163 0.3871503 0.0411200 
n295_296   0.0271690 0.0271964 0.0628681 0.2736871 0.3228237 0.2887182 0.2636917 0.0412154 0.2685013 0.0033362 0.0447520 0.0483544 0.0411984 0.0237361 0.3281981 0.4159105 0.0000000 0.2736127 0.3993533 0.1121228 0.2831828 0.3827248 
n266_267   0.2779765 0.2733035 0.2781263 0.2118926 0.1508878 0.0306289 0.2069928 0.2632545 0.2114242 0.2738310 0.2680061 0.2781378 0.2680369 0.2588317 0.1509699 0.3711228 0.2736127 0.0000000 0.3488933 0.2297822 0.2297751 0.3396719 
n244_245   0.3922664 0.3928988 0.3822312 0.3656739 0.4102286 0.3599623 0.3543666 0.3594591 0.3542327 0.3989493 0.3648172 0.3760671 0.3701922 0.3759995 0.3990129 0.3176094 0.3993533 0.3488933 0.0000000 0.3532945 0.3824129 0.2876934 
n200_201   0.1041802 0.0965395 0.0966057 0.2438494 0.2764160 0.2346279 0.2343063 0.0964612 0.2389085 0.1082312 0.1002756 0.1042241 0.0964206 0.0927079 0.2814318 0.3917163 0.1121228 0.2297822 0.3532945 0.0000000 0.2529539 0.3595881 
n277_278   0.2824337 0.2778605 0.2929605 0.0168627 0.2961706 0.2393569 0.0376250 0.2725624 0.0446756 0.2782781 0.2773666 0.2876300 0.2773995 0.2633125 0.2963511 0.3871503 0.2831828 0.2297751 0.3824129 0.2529539 0.0000000 0.3660936 
n251_252   0.3770370 0.3602457 0.3822736 0.3612307 0.3991155 0.3669186 0.3499536 0.3653750 0.3498212 0.3830521 0.3707863 0.3657225 0.3652157 0.3603403 0.3993797 0.0411200 0.3827248 0.3396719 0.2876934 0.3595881 0.3660936 0.0000000 
