24
n292_293   0.0000000 0.2631495 0.2582726 0.2449767 0.3875671 0.2836338 0.0101175 0.2407353 0.0204305 0.3698014 0.2306229 0.0101141 0.0594607 0.2405095 0.4249884 0.2452947 0.2537300 0.2489647 0.2487758 0.2131566 0.2786265 0.0558470 0.0135190 0.2486764 
n287_288   0.2631495 0.0000000 0.0066735 0.0516039 0.3522555 0.3124286 0.2681198 0.0516981 0.2587251 0.3300816 0.1031951 0.2636068 0.2390220 0.0480830 0.3927670 0.0516645 0.0339578 0.0304873 0.2437472 0.1476780 0.3119278 0.2298112 0.2685340 0.2387811 
n290_291   0.2582726 0.0066735 0.0000000 0.0516550 0.3526432 0.3127692 0.2632062 0.0517491 0.2538730 0.3304409 0.1032990 0.2587202 0.2392147 0.0481305 0.3931030 0.0517156 0.0339913 0.0305173 0.2440056 0.1478293 0.3122673 0.2299959 0.2636115 0.2390336 
n294_295   0.2449767 0.0516039 0.0516550 0.0000000 0.3313849 0.2924828 0.2498299 0.0134200 0.2406277 0.3098428 0.0921804 0.2453999 0.2262102 0.0100310 0.3890617 0.0066803 0.0550532 0.0514831 0.2166885 0.1360631 0.2920188 0.2171245 0.2502127 0.2212236 
n251_252   0.3875671 0.3522555 0.3526432 0.3313849 0.0000000 0.4352315 0.3985695 0.3268048 0.3815889 0.0410140 0.3358764 0.3933261 0.3687182 0.3264745 0.3493346 0.3318319 0.3465425 0.3411559 0.3822959 0.3217858 0.4344820 0.3637135 0.3769417 0.3881540 
n286_287   0.2836338 0.3124286 0.3127692 0.2924828 0.4352315 0.0000000 0.2935128 0.2931016 0.2836377 0.4039089 0.2675915 0.2888514 0.2644108 0.2782060 0.4305876 0.2928713 0.2975721 0.2925064 0.1813711 0.2734680 0.0134627 0.2592015 0.2938240 0.1813019 
n300_301   0.0101175 0.2681198 0.2632062 0.2498299 0.3985695 0.2935128 0.0000000 0.2455663 0.0239050 0.3805330 0.2353688 0.0067360 0.0631491 0.2453348 0.4198121 0.2501552 0.2586359 0.2538355 0.2485651 0.2177958 0.2884364 0.0595166 0.0169474 0.2577483 
n275_276   0.2407353 0.0516981 0.0517491 0.0134200 0.3268048 0.2931016 0.2455663 0.0000000 0.2363995 0.3053693 0.0923517 0.2411510 0.2220490 0.0100489 0.3841787 0.0134355 0.0551527 0.0515759 0.2259751 0.1363253 0.2926357 0.2129996 0.2459423 0.2305714 
n274_275   0.0204305 0.2587251 0.2538730 0.2406277 0.3815889 0.2836377 0.0239050 0.2363995 0.0000000 0.3639825 0.2216265 0.0238969 0.0522306 0.2361784 0.4196832 0.2409397 0.2493479 0.2446064 0.2303717 0.2135874 0.2786293 0.0486482 0.0204543 0.2486730 
n255_256   0.3698014 0.3300816 0.3304409 0.3098428 0.0410140 0.4039089 0.3805330 0.3053693 0.3639825 0.0000000 0.3142223 0.3754107 0.3459832 0.3050678 0.3270531 0.3102548 0.3245558 0.3193447 0.3590286 0.3004867 0.4032282 0.3411159 0.3703623 0.3646823 
n236_237   0.2306229 0.1031951 0.1032990 0.0921804 0.3358764 0.2675915 0.2353688 0.0923517 0.2216265 0.3142223 0.0000000 0.2310181 0.2117273 0.0884776 0.3720620 0.0922902 0.1107868 0.1069249 0.2199037 0.1194699 0.2671731 0.1940938 0.2309375 0.2198180 
n299_300   0.0101141 0.2636068 0.2587202 0.2453999 0.3933261 0.2888514 0.0067360 0.2411510 0.0238969 0.3754107 0.2310181 0.0000000 0.0631268 0.2409244 0.4143970 0.2457189 0.2541692 0.2493946 0.2535396 0.2129485 0.2838035 0.0557967 0.0169417 0.2627885 
n278_279   0.0594607 0.2390220 0.2392147 0.2262102 0.3687182 0.2644108 0.0631491 0.2220490 0.0522306 0.3459832 0.2117273 0.0631268 0.0000000 0.2218444 0.3941134 0.2265008 0.2347728 0.2301360 0.2256869 0.2088893 0.2595306 0.0169534 0.0595320 0.2346150 
n297_298   0.2405095 0.0480830 0.0481305 0.0100310 0.3264745 0.2782060 0.2453348 0.0100489 0.2361784 0.3050678 0.0884776 0.2409244 0.2218444 0.0000000 0.3837649 0.0100426 0.0515245 0.0479694 0.2211686 0.1321367 0.2777673 0.2128051 0.2457101 0.2257306 
n244_245   0.4249884 0.3927670 0.3931030 0.3890617 0.3493346 0.4305876 0.4198121 0.3841787 0.4196832 0.3270531 0.3720620 0.4143970 0.3941134 0.3837649 0.0000000 0.3896077 0.3930755 0.3872964 0.4249016 0.3519504 0.4298465 0.3827707 0.4256675 0.4298555 
n293_294   0.2452947 0.0516645 0.0517156 0.0066803 0.3318319 0.2928713 0.2501552 0.0134355 0.2409397 0.3102548 0.0922902 0.2457189 0.2265008 0.0100426 0.3896077 0.0000000 0.0551168 0.0515424 0.2169650 0.1362302 0.2924061 0.2174021 0.2505390 0.2215065 
n296_297   0.2537300 0.0339578 0.0339913 0.0550532 0.3465425 0.2975721 0.2586359 0.0551527 0.2493479 0.3245558 0.1107868 0.2541692 0.2347728 0.0515245 0.3930755 0.0551168 0.0000000 0.0033319 0.2435967 0.1557759 0.2970986 0.2256004 0.2590335 0.2434999 
n295_296   0.2489647 0.0304873 0.0305173 0.0514831 0.3411559 0.2925064 0.2538355 0.0515759 0.2446064 0.3193447 0.1069249 0.2493946 0.2301360 0.0479694 0.3872964 0.0515424 0.0033319 0.0000000 0.2389120 0.1516333 0.2920424 0.2210225 0.2542245 0.2388174 
n266_267   0.2487758 0.2437472 0.2440056 0.2166885 0.3822959 0.1813711 0.2485651 0.2259751 0.2303717 0.3590286 0.2199037 0.2535396 0.2256869 0.2211686 0.4249016 0.2169650 0.2435967 0.2389120 0.0000000 0.2125451 0.1767454 0.2212473 0.2491195 0.0236407 
n200_201   0.2131566 0.1476780 0.1478293 0.1360631 0.3217858 0.2734680 0.2177958 0.1363253 0.2135874 0.3004867 0.1194699 0.2129485 0.2088893 0.1321367 0.3519504 0.1362302 0.1557759 0.1516333 0.2125451 0.0000000 0.2730377 0.1953944 0.2134442 0.2124621 
n285_286   0.2786265 0.3119278 0.3122673 0.2920188 0.4344820 0.0134627 0.2884364 0.2926357 0.2786293 0.4032282 0.2671731 0.2838035 0.2595306 0.2777673 0.4298465 0.2924061 0.2970986 0.2920424 0.1767454 0.2730377 0.0000000 0.2543620 0.2887413 0.1766783 
n277_278   0.0558470 0.2298112 0.2299959 0.2171245 0.3637135 0.2592015 0.0595166 0.2129996 0.0486482 0.3411159 0.1940938 0.0557967 0.0169534 0.2128051 0.3827707 0.2174021 0.2256004 0.2210225 0.2212473 0.1953944 0.2543620 0.0000000 0.0559138 0.2301288 
n280_281   0.0135190 0.2685340 0.2636115 0.2502127 0.3769417 0.2938240 0.0169474 0.2459423 0.0204543 0.3703623 0.2309375 0.0169417 0.0595320 0.2457101 0.4256675 0.2505390 0.2590335 0.2542245 0.2491195 0.2134442 0.2887413 0.0559138 0.0000000 0.2583262 
n265_266   0.2486764 0.2387811 0.2390336 0.2212236 0.3881540 0.1813019 0.2577483 0.2305714 0.2486730 0.3646823 0.2198180 0.2627885 0.2346150 0.2257306 0.4298555 0.2215065 0.2434999 0.2388174 0.0236407 0.2124621 0.1766783 0.2301288 0.2583262 0.0000000 
