26
n299_300   0.0000000 0.0135134 2.3599854 2.3730233 3.1749014 0.4312198 1.8029693 1.9994386 0.1495948 2.2908494 1.8148164 2.0267740 0.0594500 0.4365809 2.4660487 2.1912984 1.5611693 1.6202116 2.3031200 3.6455363 1.9706455 1.9710813 1.6832539 1.5687353 0.0898174 2.1851440 
n300_301   0.0135134 0.0000000 2.1557688 2.2179525 3.1209704 0.4250725 1.8417865 2.0079712 0.1497018 2.0979095 1.7120397 2.0354948 0.0594904 0.4303986 2.4817338 2.2023086 1.5391606 1.6551826 2.1078572 3.7139455 1.9786386 1.9381663 1.7553174 1.6304205 0.0898797 2.1321504 
n290_291   2.3599854 2.1557688 0.0000000 2.9712499 2.5309265 2.3874103 0.9857569 0.8053846 2.0490776 0.0554755 0.1614484 0.2841744 2.2309114 2.4767167 0.2832985 0.2832966 1.8639412 1.9530420 0.0483369 2.1742946 0.2906756 0.1653530 1.6433576 1.7503701 2.1997142 0.2941313 
n244_245   2.3730233 2.2179525 2.9712499 0.0000000 2.0503131 1.6438506 3.4034251 2.4065599 2.2177132 2.8293846 2.8824983 4.8003687 2.5852486 1.7530255 3.6466139 3.3120933 4.1437086 4.3316447 3.1842226 1.8723466 4.1197292 3.3075514 2.2189226 2.2434716 2.1538395 8.9999985 
n255_256   3.1749014 3.1209704 2.5309265 2.0503131 0.0000000 2.4158394 3.2276910 3.4178267 2.5019859 2.7312763 2.6670679 2.4839036 3.0773162 2.3093134 3.7436417 3.6283776 2.2497897 2.2263802 2.4063422 0.3267724 2.8032278 2.9329295 2.9333097 3.8307688 3.2908964 3.0445872 
n277_278   0.4312198 0.4250725 2.3874103 1.6438506 2.4158394 0.0000000 1.5747678 2.6061985 0.3785932 2.1565114 1.8576145 2.2017099 0.4307265 0.1013590 2.8172418 2.5282391 1.7020490 1.7364295 2.2618100 2.6240160 2.4791890 1.9160682 1.4937714 1.4143046 0.4222951 2.3870843 
n200_201   1.8029693 1.8417865 0.9857569 3.4034251 3.2276910 1.5747678 0.0000000 1.3722365 1.7663102 0.9281000 0.9708282 0.9312058 1.7196373 1.6092458 1.0013853 0.9365631 2.3294287 2.2734895 0.9071665 3.7292649 0.9625533 0.9408891 2.0505782 1.9630178 1.7019872 0.9625232 
n236_237   1.9994386 2.0079712 0.8053846 2.4065599 3.4178267 2.6061985 1.3722365 0.0000000 1.9028845 0.8413283 0.7490089 0.8675455 1.9583805 2.9717811 0.8400466 0.8380469 2.4717931 2.5446562 0.8053419 3.2096329 0.8217145 0.7435865 2.4059359 2.2813116 1.9062238 0.8899798 
n274_275   0.1495948 0.1497018 2.0490776 2.2177132 2.5019859 0.3785932 1.7663102 1.9028845 0.0000000 2.1295701 1.7222366 1.7920809 0.1583380 0.4021338 2.1399939 1.9645520 1.4220085 1.5112751 2.0814965 2.7877805 1.7582626 1.7985566 1.7790231 1.5371269 0.1416284 1.8143901 
n289_290   2.2908494 2.0979095 0.0554755 2.8293846 2.7312763 2.1565114 0.9281000 0.8413283 2.1295701 0.0000000 0.1525546 0.2732978 2.1689754 2.0783546 0.2779071 0.2827348 1.9292240 2.0367911 0.0482302 2.1663385 0.2896745 0.1564147 1.5856858 1.6869995 2.1384377 0.3088656 
n296_297   1.8148164 1.7120397 0.1614484 2.8824983 2.6670679 1.8576145 0.9708282 0.7490089 1.7222366 0.1525546 0.0000000 0.3372045 1.8744199 1.8041491 0.3267253 0.3314812 1.9357150 2.0260325 0.1528382 2.2964537 0.3225584 0.0376569 1.4965455 1.4737363 1.6739412 0.3425814 
n275_276   2.0267740 2.0354948 0.2841744 4.8003687 2.4839036 2.2017099 0.9312058 0.8675455 1.7920809 0.2732978 0.3372045 0.0000000 1.8891976 2.0201353 0.1406516 0.1487193 1.8726486 1.9381990 0.2679685 2.3508366 0.1330288 0.3092024 1.5173991 1.5307502 1.8427395 0.1659658 
n292_293   0.0594500 0.0594904 2.2309114 2.5852486 3.0773162 0.4307265 1.7196373 1.9583805 0.1583380 2.1689754 1.8744199 1.8891976 0.0000000 0.4360852 2.0831069 1.8842321 1.7429736 1.8445416 2.1356974 3.8352254 1.7520468 1.9471031 1.7147184 1.6107598 0.0935783 1.9192866 
n278_279   0.4365809 0.4303986 2.4767167 1.7530255 2.3093134 0.1013590 1.6092458 2.9717811 0.4021338 2.0783546 1.8041491 2.0201353 0.4360852 0.0000000 2.5122504 2.5075697 1.7545449 1.7911357 2.0365372 2.7072156 2.3067208 1.8646710 1.5266944 1.3570665 0.4208357 2.5373878 
n298_299   2.4660487 2.4817338 0.2832985 3.6466139 3.7436417 2.8172418 1.0013853 0.8400466 2.1399939 0.2779071 0.3267253 0.1406516 2.0831069 2.5122504 0.0000000 0.0307122 2.0034134 2.1635712 0.2680392 2.7010848 0.1171310 0.3198061 1.7842743 1.8039980 2.1202634 0.1368865 
n297_298   2.1912984 2.2023086 0.2832966 3.3120933 3.6283776 2.5282391 0.9365631 0.8380469 1.9645520 0.2827348 0.3314812 0.1487193 1.8842321 2.5075697 0.0307122 0.0000000 1.9776229 2.1344282 0.2728074 2.6371388 0.1170821 0.3245088 1.6938711 1.6701532 1.9465240 0.1368300 
n286_287   1.5611693 1.5391606 1.8639412 4.1437086 2.2497897 1.7020490 2.3294287 2.4717931 1.4220085 1.9292240 1.9357150 1.8726486 1.7429736 1.7545449 2.0034134 1.9776229 0.0000000 0.0447976 1.7526256 2.3938572 1.9205529 1.9218944 0.8990148 0.9656963 1.5324625 1.8145771 
n285_286   1.6202116 1.6551826 1.9530420 4.3316447 2.2263802 1.7364295 2.2734895 2.5446562 1.5112751 2.0367911 2.0260325 1.9381990 1.8445416 1.7911357 2.1635712 2.1344282 0.0447976 0.0000000 1.8792536 2.2848870 1.9480351 1.9214768 0.8888394 0.9639879 1.6122247 1.9135991 
n287_288   2.3031200 2.1078572 0.0483369 3.1842226 2.4063422 2.2618100 0.9071665 0.8053419 2.0814965 0.0482302 0.1528382 0.2679685 2.1356974 2.0365372 0.2680392 0.2728074 1.7526256 1.8792536 0.0000000 2.2386860 0.2696286 0.1567055 1.5856885 1.6946898 2.0079022 0.2938041 
n251_252   3.6455363 3.7139455 2.1742946 1.8723466 0.3267724 2.6240160 3.7292649 3.2096329 2.7877805 2.1663385 2.2964537 2.3508366 3.8352254 2.7072156 2.7010848 2.6371388 2.3938572 2.2848870 2.2386860 0.0000000 2.4305646 2.4503717 2.1195747 2.4343686 3.3286031 2.4447440 
n294_295   1.9706455 1.9786386 0.2906756 4.1197292 2.8032278 2.4791890 0.9625533 0.8217145 1.7582626 0.2896745 0.3225584 0.1330288 1.7520468 2.3067208 0.1171310 0.1170821 1.9205529 1.9480351 0.2696286 2.4305646 0.0000000 0.3211618 1.5524712 1.5879131 1.7394139 0.0484223 
n295_296   1.9710813 1.9381663 0.1653530 3.3075514 2.9329295 1.9160682 0.9408891 0.7435865 1.7985566 0.1564147 0.0376569 0.3092024 1.9471031 1.8646710 0.3198061 0.3245088 1.9218944 1.9214768 0.1567055 2.4503717 0.3211618 0.0000000 1.5454884 1.5465344 1.8104132 0.3472821 
n266_267   1.6832539 1.7553174 1.6433576 2.2189226 2.9333097 1.4937714 2.0505782 2.4059359 1.7790231 1.5856858 1.4965455 1.5173991 1.7147184 1.5266944 1.7842743 1.6938711 0.8990148 0.8888394 1.5856885 2.1195747 1.5524712 1.5454884 0.0000000 0.1575690 1.6138463 1.5827287 
n265_266   1.5687353 1.6304205 1.7503701 2.2434716 3.8307688 1.4143046 1.9630178 2.2813116 1.5371269 1.6869995 1.4737363 1.5307502 1.6107598 1.3570665 1.8039980 1.6701532 0.9656963 0.9639879 1.6946898 2.4343686 1.5879131 1.5465344 0.1575690 0.0000000 1.5392099 1.5222717 
n280_281   0.0898174 0.0898797 2.1997142 2.1538395 3.2908964 0.4222951 1.7019872 1.9062238 0.1416284 2.1384377 1.6739412 1.8427395 0.0935783 0.4208357 2.1202634 1.9465240 1.5324625 1.6122247 2.0079022 3.3286031 1.7394139 1.8104132 1.6138463 1.5392099 0.0000000 1.9071133 
n293_294   2.1851440 2.1321504 0.2941313 8.9999985 3.0445872 2.3870843 0.9625232 0.8899798 1.8143901 0.3088656 0.3425814 0.1659658 1.9192866 2.5373878 0.1368865 0.1368300 1.8145771 1.9135991 0.2938041 2.4447440 0.0484223 0.3472821 1.5827287 1.5222717 1.9071133 0.0000000 
