25
n287_288   0.0000000 0.0169558 0.0820009 0.3648370 0.4021244 0.4016920 0.3596365 0.3650212 0.0450514 0.3651894 0.3592798 0.0204304 0.0450794 0.0414944 0.0379356 0.0135422 0.3951588 0.5148297 0.0239045 0.4019879 0.4527638 0.3651379 0.1675633 0.3710930 0.4788022 
n290_291   0.0169558 0.0000000 0.0857102 0.3532925 0.3957704 0.3953513 0.3536910 0.3590305 0.0485942 0.3591960 0.3533416 0.0238721 0.0486245 0.0450236 0.0414497 0.0101162 0.3888819 0.5144245 0.0273617 0.3956404 0.4328889 0.3591448 0.1716982 0.3594337 0.4784276 
n236_237   0.0820009 0.0857102 0.0000000 0.3303396 0.3773264 0.3885172 0.3419703 0.3472201 0.0780486 0.3473802 0.3416345 0.0782323 0.0780982 0.0743302 0.0668751 0.0819901 0.3706583 0.4858436 0.0820406 0.3947999 0.4320244 0.3473298 0.1459961 0.3362491 0.4644526 
n278_279   0.3648370 0.3532925 0.3303396 0.0000000 0.3189612 0.2976973 0.0738429 0.0737887 0.3581821 0.0664194 0.0700821 0.3534933 0.3584508 0.3527143 0.3414047 0.3647758 0.2974405 0.4700942 0.3592747 0.3190052 0.4107930 0.0775467 0.3425203 0.0202349 0.4430883 
n285_286   0.4021244 0.3957704 0.3773264 0.3189612 0.0000000 0.1572320 0.3301782 0.3408785 0.3772263 0.3245189 0.3353518 0.3780876 0.3832754 0.3773065 0.3656430 0.4020549 0.0202400 0.4505545 0.3841005 0.1701950 0.4370070 0.3411314 0.3489205 0.3244486 0.4433188 
n265_266   0.4016920 0.3953513 0.3885172 0.2976973 0.1572320 0.0000000 0.2928900 0.2928184 0.3766796 0.2978797 0.2876686 0.3836945 0.3827134 0.3767596 0.3708815 0.4016226 0.1655363 0.4844696 0.3839340 0.0168516 0.4115043 0.2930292 0.3546356 0.3030078 0.4570580 
n280_281   0.3596365 0.3536910 0.3419703 0.0738429 0.3301782 0.2928900 0.0000000 0.0134183 0.3473431 0.0134245 0.0100381 0.3483655 0.3363324 0.3419527 0.3308089 0.3595764 0.3135307 0.4506910 0.3541087 0.3140639 0.4059035 0.0168225 0.3378365 0.0738608 0.4118939 
n299_300   0.3650212 0.3590305 0.3472201 0.0737887 0.3408785 0.2928184 0.0134183 0.0000000 0.3526288 0.0134148 0.0033281 0.3536708 0.3415419 0.3472022 0.3359806 0.3649599 0.3186468 0.4569804 0.3538870 0.3084494 0.4116209 0.0033281 0.3430746 0.0738066 0.4178451 
n293_294   0.0450514 0.0485942 0.0780486 0.3581821 0.3772263 0.3766796 0.3473431 0.3526288 0.0000000 0.3527912 0.3470020 0.0379191 0.0067230 0.0101114 0.0203896 0.0450456 0.3705596 0.5134689 0.0414884 0.3769489 0.4388261 0.3527405 0.1585759 0.3643605 0.4775740 
n274_275   0.3651894 0.3591960 0.3473802 0.0664194 0.3245189 0.2978797 0.0134245 0.0134148 0.3527912 0.0000000 0.0100354 0.3538340 0.3417004 0.3473622 0.3361356 0.3651281 0.3028150 0.4441861 0.3596214 0.3192010 0.4054895 0.0168181 0.3375055 0.0664364 0.4057457 
n292_293   0.3592798 0.3533416 0.3416345 0.0700821 0.3353518 0.2876686 0.0100381 0.0033281 0.3470020 0.0100354 0.0000000 0.3480223 0.3360044 0.3416169 0.3304874 0.3592197 0.3133025 0.4504241 0.3482343 0.3086736 0.4054895 0.0066756 0.3375055 0.0700990 0.4116564 
n296_297   0.0204304 0.0238721 0.0782323 0.3534933 0.3780876 0.3836945 0.3483655 0.3536708 0.0379191 0.3538340 0.3480223 0.0000000 0.0379427 0.0343969 0.0308756 0.0204278 0.3713998 0.5152173 0.0033597 0.3839715 0.4461864 0.3537831 0.1589760 0.3596389 0.4791482 
n294_295   0.0450794 0.0486245 0.0780982 0.3584508 0.3832754 0.3827134 0.3363324 0.3415419 0.0067230 0.3417004 0.3360044 0.0379427 0.0000000 0.0101175 0.0204020 0.0450737 0.3765384 0.5066756 0.0415142 0.3829889 0.4391735 0.3416494 0.1544700 0.3646352 0.4711091 
n275_276   0.0414944 0.0450236 0.0743302 0.3527143 0.3773065 0.3767596 0.3419527 0.3472022 0.0101114 0.3473622 0.3416169 0.0343969 0.0101175 0.0000000 0.0169552 0.0414892 0.3706388 0.5066733 0.0379478 0.3770289 0.4326959 0.3473118 0.1544054 0.3588411 0.4711141 
n297_298   0.0379356 0.0414497 0.0668751 0.3414047 0.3656430 0.3708815 0.3308089 0.3359806 0.0203896 0.3361356 0.3304874 0.0308756 0.0204020 0.0169552 0.0000000 0.0379308 0.3591053 0.4855668 0.0344067 0.3829740 0.4074327 0.3360860 0.1459773 0.3474226 0.4510618 
n289_290   0.0135422 0.0101162 0.0819901 0.3647758 0.4020549 0.4016226 0.3595764 0.3649599 0.0450456 0.3651281 0.3592197 0.0204278 0.0450737 0.0414892 0.0379308 0.0000000 0.3950909 0.5145978 0.0239015 0.4019185 0.4393231 0.3650766 0.1588728 0.3710304 0.4788888 
n286_287   0.3951588 0.3888819 0.3706583 0.2974405 0.0202400 0.1655363 0.3135307 0.3186468 0.3705596 0.3028150 0.3133025 0.3713998 0.3765384 0.3706388 0.3591053 0.3950909 0.0000000 0.4434096 0.3773433 0.1786550 0.4234718 0.3188797 0.3425615 0.3027481 0.4235306 
n255_256   0.5148297 0.5144245 0.4858436 0.4700942 0.4505545 0.4844696 0.4506910 0.4569804 0.5134689 0.4441861 0.4504241 0.5152173 0.5066756 0.5066733 0.4855668 0.5145978 0.4434096 0.0000000 0.5225562 0.4989640 0.3711731 0.4571343 0.4666160 0.4769600 0.0483370 
n295_296   0.0239045 0.0273617 0.0820406 0.3592747 0.3841005 0.3839340 0.3541087 0.3538870 0.0414884 0.3596214 0.3482343 0.0033597 0.0415142 0.0379478 0.0344067 0.0239015 0.3773433 0.5225562 0.0000000 0.3842114 0.4528225 0.3539994 0.1633100 0.3654780 0.4861079 
n266_267   0.4019879 0.3956404 0.3947999 0.3190052 0.1701950 0.0168516 0.3140639 0.3084494 0.3769489 0.3192010 0.3086736 0.3839715 0.3829889 0.3770289 0.3829740 0.4019185 0.1786550 0.4989640 0.3842114 0.0000000 0.4244554 0.3086736 0.3606113 0.3244901 0.4709592 
n244_245   0.4527638 0.4328889 0.4320244 0.4107930 0.4370070 0.4115043 0.4059035 0.4116209 0.4388261 0.4054895 0.4054895 0.4461864 0.4391735 0.4326959 0.4074327 0.4393231 0.4234718 0.3711731 0.4528225 0.4244554 0.0000000 0.4119403 0.3959013 0.4170766 0.3364936 
n300_301   0.3651379 0.3591448 0.3473298 0.0775467 0.3411314 0.2930292 0.0168225 0.0033281 0.3527405 0.0168181 0.0066756 0.3537831 0.3416494 0.3473118 0.3360860 0.3650766 0.3188797 0.4571343 0.3539994 0.3086736 0.4119403 0.0000000 0.3431831 0.0775656 0.4179825 
n200_201   0.1675633 0.1716982 0.1459961 0.3425203 0.3489205 0.3546356 0.3378365 0.3430746 0.1585759 0.3375055 0.3375055 0.1589760 0.1544700 0.1544054 0.1459773 0.1588728 0.3425615 0.4666160 0.1633100 0.3606113 0.3959013 0.3431831 0.0000000 0.3485630 0.4202266 
n277_278   0.3710930 0.3594337 0.3362491 0.0202349 0.3244486 0.3030078 0.0738608 0.0738066 0.3643605 0.0664364 0.0700990 0.3596389 0.3646352 0.3588411 0.3474226 0.3710304 0.3027481 0.4769600 0.3654780 0.3244901 0.4170766 0.0775656 0.3485630 0.0000000 0.4496847 
n251_252   0.4788022 0.4784276 0.4644526 0.4430883 0.4433188 0.4570580 0.4118939 0.4178451 0.4775740 0.4057457 0.4116564 0.4791482 0.4711091 0.4711141 0.4510618 0.4788888 0.4235306 0.0483370 0.4861079 0.4709592 0.3364936 0.4179825 0.4202266 0.4496847 0.0000000 
