15
n285_274   0.0000000 0.3957348 0.2352708 0.1925094 0.2353920 0.2400653 0.4226085 0.2414684 0.2415182 0.0066934 0.4285425 0.2597556 0.1926105 0.2351045 0.2501837 
n244_243   0.3957348 0.0000000 0.4303488 0.4043405 0.4052545 0.4248495 0.3216568 0.4317833 0.4055117 0.3968302 0.2786720 0.3687385 0.3862859 0.4047152 0.3752724 
n300_279   0.2352708 0.4303488 0.0000000 0.3114874 0.0134837 0.0134820 0.4758872 0.0904467 0.0944004 0.2358808 0.4658068 0.3048699 0.3116810 0.0169032 0.2893097 
n265_262   0.1925094 0.4043405 0.3114874 0.0000000 0.2901581 0.3007205 0.4771415 0.2909650 0.2915829 0.1929994 0.4447680 0.2946464 0.0203150 0.2897908 0.2953577 
n280_271   0.2353920 0.4052545 0.0134837 0.2901581 0.0000000 0.0203533 0.4681528 0.0827744 0.0866796 0.2360025 0.4524360 0.2837962 0.2903336 0.0033485 0.2686608 
n292_277   0.2400653 0.4248495 0.0134820 0.3007205 0.0203533 0.0000000 0.4750545 0.0983603 0.1023702 0.2406888 0.4600763 0.2940799 0.3009048 0.0238146 0.2787414 
n251_250   0.4226085 0.3216568 0.4758872 0.4771415 0.4681528 0.4750545 0.0000000 0.4693286 0.4630399 0.4237924 0.0522763 0.4473396 0.4641158 0.4675100 0.4598072 
n277_268   0.2414684 0.4317833 0.0904467 0.2909650 0.0827744 0.0983603 0.4693286 0.0000000 0.0239165 0.2420981 0.4535708 0.2847069 0.2911414 0.0866465 0.2913365 
n278_269   0.2415182 0.4055117 0.0944004 0.2915829 0.0866796 0.1023702 0.4630399 0.0239165 0.0000000 0.2421482 0.4338280 0.2793953 0.2917601 0.0905781 0.2811167 
n286_275   0.0066934 0.3968302 0.2358808 0.1929994 0.2360025 0.2406888 0.4237924 0.2420981 0.2421482 0.0000000 0.4297443 0.2604339 0.1931010 0.2357136 0.2508358 
n255_254   0.4285425 0.2786720 0.4658068 0.4447680 0.4524360 0.4600763 0.0522763 0.4535708 0.4338280 0.4297443 0.0000000 0.4214083 0.4322550 0.4518210 0.4410017 
n200_201   0.2597556 0.3687385 0.3048699 0.2946464 0.2837962 0.2940799 0.4473396 0.2847069 0.2793953 0.2604339 0.4214083 0.0000000 0.2948251 0.2833489 0.1527163 
n266_263   0.1926105 0.3862859 0.3116810 0.0203150 0.2903336 0.3009048 0.4641158 0.2911414 0.2917601 0.1931010 0.4322550 0.2948251 0.0000000 0.2899658 0.2961940 
n274_267   0.2351045 0.4047152 0.0169032 0.2897908 0.0033485 0.0238146 0.4675100 0.0866465 0.0905781 0.2357136 0.4518210 0.2833489 0.2899658 0.0000000 0.2683246 
n236_237   0.2501837 0.3752724 0.2893097 0.2953577 0.2686608 0.2787414 0.4598072 0.2913365 0.2811167 0.2508358 0.4410017 0.1527163 0.2961940 0.2683246 0.0000000 
