26
n299_300   0.0000000 0.0239356 2.0099614 3.4661480 3.6485880 0.4513876 1.7404046 1.5361003 0.1296129 1.9535910 2.2419141 1.7147222 0.0523831 0.4382359 1.7138059 1.6876852 2.1201863 2.2841030 2.1211323 9.0000000 1.5857599 2.2328316 1.6747488 1.7919282 0.1334899 1.6888830 
n300_301   0.0239356 0.0000000 2.0044982 3.0977073 3.4471518 0.4519662 1.7749507 1.5402631 0.1337613 1.9484787 2.2349846 1.7485546 0.0560486 0.4518169 1.7853745 1.7569942 2.1109182 2.2726987 2.1150284 9.0000000 1.6151231 2.2259193 1.6883000 1.7992109 0.1291106 1.7219889 
n290_291   2.0099614 2.0044982 0.0000000 3.0220822 3.8871147 1.9525562 0.9481790 0.6650728 2.0035081 0.0377321 0.1375602 0.3100100 1.9627809 1.8535538 0.3191105 0.3147766 2.7055869 3.1273243 0.0449595 3.4217226 0.2968913 0.1458897 2.4906901 2.3337123 1.8789430 0.3187084 
n244_245   3.4661480 3.0977073 3.0220822 0.0000000 2.4476525 3.6586038 3.6948094 3.4508953 2.3802903 2.6958629 2.7097805 3.0617268 3.0709453 3.3561368 3.6043216 3.7392464 4.9133910 4.7979753 2.9543377 2.5652277 3.0184458 2.6980578 3.9021074 3.1630122 2.7816523 3.0715426 
n255_256   3.6485880 3.4471518 3.8871147 2.4476525 0.0000000 3.4091976 2.6395516 5.2279903 3.6937035 3.9115445 3.1444489 5.0112496 3.6506587 3.4567672 4.9435703 4.8222294 3.2814689 3.4017619 3.8750893 0.2928463 4.4664214 3.1585672 3.6190895 3.8997999 3.7476082 4.9046504 
n277_278   0.4513876 0.4519662 1.9525562 3.6586038 3.4091976 0.0000000 1.9972206 1.3954888 0.4794294 1.8588173 1.8714323 1.9351609 0.4458625 0.0894683 1.9424296 1.9539121 1.9726220 2.0661129 2.0987839 4.2911161 1.6734927 1.8974481 1.6916489 1.8084858 0.4573342 1.7104483 
n200_201   1.7404046 1.7749507 0.9481790 3.6948094 2.6395516 1.9972206 0.0000000 1.0778676 1.7846472 1.0143837 1.0063613 1.0830964 1.7115757 1.9863782 1.0482097 1.0952326 2.0037247 2.0646883 0.9755340 2.9250684 1.0227803 1.0212104 2.4141679 2.3667070 1.8522827 1.0956131 
n236_237   1.5361003 1.5402631 0.6650728 3.4508953 5.2279903 1.3954888 1.0778676 0.0000000 1.5942058 0.7120711 0.6693363 0.7714537 1.4673018 1.3340406 0.7189797 0.7200163 2.4948059 2.6144536 0.6984802 4.7861505 0.7165083 0.6788910 2.8402185 2.3442873 1.7641550 0.7374931 
n274_275   0.1296129 0.1337613 2.0035081 2.3802903 3.6937035 0.4794294 1.7846472 1.5942058 0.0000000 1.8599646 2.3081677 1.8776167 0.1133333 0.4935756 1.8689167 1.8378955 2.0342581 2.2133879 2.1131057 9.0000000 1.7078269 2.2990749 1.7537129 1.7799963 0.1423335 1.7556889 
n289_290   1.9535910 1.9484787 0.0377321 2.6958629 3.9115445 1.8588173 1.0143837 0.7120711 1.8599646 0.0000000 0.1461724 0.3219183 1.8987411 1.7318924 0.3200617 0.3215840 2.6900685 3.0332195 0.0558414 3.4387522 0.3084780 0.1589139 2.4103027 2.3081855 1.8519629 0.3189323 
n296_297   2.2419141 2.2349846 0.1375602 2.7097805 3.1444489 1.8714323 1.0063613 0.6693363 2.3081677 0.1461724 0.0000000 0.3141070 2.1831014 1.8275650 0.3062346 0.3181735 3.4954212 8.9999990 0.1636415 3.0470179 0.3066644 0.0237905 2.3759648 2.1854860 2.0550168 0.3123443 
n275_276   1.7147222 1.7485546 0.3100100 3.0617268 5.0112496 1.9351609 1.0830964 0.7714537 1.8776167 0.3219183 0.3141070 0.0000000 1.7227551 1.7308296 0.1290704 0.1251669 3.2634559 3.7660653 0.3386630 4.6446375 0.1010033 0.3195178 2.4946793 2.5000615 1.9130172 0.1126615 
n292_293   0.0523831 0.0560486 1.9627809 3.0709453 3.6506587 0.4458625 1.7115757 1.4673018 0.1133333 1.8987411 2.1831014 1.7227551 0.0000000 0.4582254 1.8119394 1.7826428 2.1119072 2.2736208 2.0697883 9.0000000 1.6245842 2.1740859 1.6747223 1.7634427 0.1172863 1.6691715 
n278_279   0.4382359 0.4518169 1.8535538 3.3561368 3.4567672 0.0894683 1.9863782 1.3340406 0.4935756 1.7318924 1.8275650 1.7308296 0.4582254 0.0000000 1.7294093 1.7473039 1.9253179 2.1462590 1.9394574 3.9411249 1.5382074 1.8841656 1.5616799 1.6266025 0.4517404 1.6353216 
n298_299   1.7138059 1.7853745 0.3191105 3.6043216 4.9435703 1.9424296 1.0482097 0.7189797 1.8689167 0.3200617 0.3062346 0.1290704 1.8119394 1.7294093 0.0000000 0.0237253 3.0454035 3.4671948 0.3370891 4.7982495 0.1285451 0.3065269 2.3664693 2.1234040 1.9590305 0.1324214 
n297_298   1.6876852 1.7569942 0.3147766 3.7392464 4.8222294 1.9539121 1.0952326 0.7200163 1.8378955 0.3215840 0.3181735 0.1251669 1.7826428 1.7473039 0.0237253 0.0000000 3.2215428 3.3297594 0.3270935 5.1879807 0.1167079 0.3181475 2.2409974 2.0960923 1.9947295 0.1286268 
n286_287   2.1201863 2.1109182 2.7055869 4.9133910 3.2814689 1.9726220 2.0037247 2.4948059 2.0342581 2.6900685 3.4954212 3.2634559 2.1119072 1.9253179 3.0454035 3.2215428 0.0000000 0.0776321 2.4855743 3.2509650 3.6403677 2.9494332 0.9149068 0.9612299 2.4390650 4.4979854 
n285_286   2.2841030 2.2726987 3.1273243 4.7979753 3.4017619 2.0661129 2.0646883 2.6144536 2.2133879 3.0332195 8.9999990 3.7660653 2.2736208 2.1462590 3.4671948 3.3297594 0.0776321 0.0000000 2.6873612 3.6378311 4.9989921 3.9708468 0.9485306 0.9658987 2.6381415 8.9999990 
n287_288   2.1211323 2.1150284 0.0449595 2.9543377 3.8750893 2.0987839 0.9755340 0.6984802 2.1131057 0.0558414 0.1636415 0.3386630 2.0697883 1.9394574 0.3370891 0.3270935 2.4855743 2.6873612 0.0000000 3.4464827 0.3248223 0.1723388 2.4040250 2.1945459 1.9767614 0.3476384 
n251_252   9.0000000 9.0000000 3.4217226 2.5652277 0.2928463 4.2911161 2.9250684 4.7861505 9.0000000 3.4387522 3.0470179 4.6446375 9.0000000 3.9411249 4.7982495 5.1879807 3.2509650 3.6378311 3.4464827 0.0000000 7.2173665 3.0077288 2.4266528 2.7703382 8.9999983 7.7736574 
n294_295   1.5857599 1.6151231 0.2968913 3.0184458 4.4664214 1.6734927 1.0227803 0.7165083 1.7078269 0.3084780 0.3066644 0.1010033 1.6245842 1.5382074 0.1285451 0.1167079 3.6403677 4.9989921 0.3248223 7.2173665 0.0000000 0.3119937 2.2328367 2.1023434 1.7455568 0.0593434 
n295_296   2.2328316 2.2259193 0.1458897 2.6980578 3.1585672 1.8974481 1.0212104 0.6788910 2.2990749 0.1589139 0.0237905 0.3195178 2.1740859 1.8841656 0.3065269 0.3181475 2.9494332 3.9708468 0.1723388 3.0077288 0.3119937 0.0000000 2.4552198 2.2529316 2.0101441 0.3126442 
n266_267   1.6747488 1.6883000 2.4906901 3.9021074 3.6190895 1.6916489 2.4141679 2.8402185 1.7537129 2.4103027 2.3759648 2.4946793 1.6747223 1.5616799 2.3664693 2.2409974 0.9149068 0.9485306 2.4040250 2.4266528 2.2328367 2.4552198 0.0000000 0.1327233 1.7344284 2.5656074 
n265_266   1.7919282 1.7992109 2.3337123 3.1630122 3.8997999 1.8084858 2.3667070 2.3442873 1.7799963 2.3081855 2.1854860 2.5000615 1.7634427 1.6266025 2.1234040 2.0960923 0.9612299 0.9658987 2.1945459 2.7703382 2.1023434 2.2529316 0.1327233 0.0000000 1.8360946 2.4525941 
n280_281   0.1334899 0.1291106 1.8789430 2.7816523 3.7476082 0.4573342 1.8522827 1.7641550 0.1423335 1.8519629 2.0550168 1.9130172 0.1172863 0.4517404 1.9590305 1.9947295 2.4390650 2.6381415 1.9767614 8.9999983 1.7455568 2.0101441 1.7344284 1.8360946 0.0000000 1.8375730 
n293_294   1.6888830 1.7219889 0.3187084 3.0715426 4.9046504 1.7104483 1.0956131 0.7374931 1.7556889 0.3189323 0.3123443 0.1126615 1.6691715 1.6353216 0.1324214 0.1286268 4.4979854 8.9999990 0.3476384 7.7736574 0.0593434 0.3126442 2.5656074 2.4525941 1.8375730 0.0000000 
