26
n299_300   0.0000000 0.0271565 2.1786828 4.7812854 2.6002276 0.4933761 2.1562128 2.0909774 0.1250055 1.9162112 1.7670215 1.9167022 0.0412527 0.4913809 1.7529882 1.7918129 2.2519526 2.2252422 2.0864262 2.6002450 2.0419519 1.8294402 1.7380115 1.9631033 0.1128689 2.1113182 
n300_301   0.0271565 0.0000000 2.2758350 4.1235670 2.5904674 0.4782034 2.1470665 2.0941304 0.1288929 1.9915662 1.8318132 1.9137074 0.0412056 0.4762952 1.8194886 1.8610857 1.9661820 1.9446083 2.1753297 2.8295647 2.0837651 1.8983788 1.6672594 1.8764993 0.1166969 2.1077710 
n290_291   2.1786828 2.2758350 0.0000000 5.7894157 2.8902107 2.0843276 0.9045983 0.6400943 2.0432714 0.0415646 0.2097806 0.4192384 2.1832033 2.0150914 0.3750410 0.3749058 2.3061318 2.2247137 0.0635241 2.9454830 0.4078561 0.2003085 2.0923260 2.2342300 2.0856779 0.4143263 
n244_245   4.7812854 4.1235670 5.7894157 0.0000000 2.1976417 5.0375637 5.1797741 2.5634696 3.5181788 4.5119300 3.8229731 3.1688361 4.7333596 4.3541050 2.7326137 2.8893773 9.0000000 9.0000000 4.8812945 2.4212771 2.8242151 4.2893043 9.0000000 8.9999988 4.4563385 3.0721321 
n255_256   2.6002276 2.5904674 2.8902107 2.1976417 0.0000000 3.8239515 2.4473255 1.8845767 2.9081720 2.7184598 3.0679768 2.9297373 2.5779222 3.4212158 2.6676322 2.8448467 2.5996286 2.4657131 2.8278091 0.2965918 2.7056601 2.9509228 4.2399911 8.9999986 3.2435644 2.6317268 
n277_278   0.4933761 0.4782034 2.0843276 5.0375637 3.8239515 0.0000000 2.1867190 2.3214896 0.4437692 1.9587073 1.9185683 2.3288539 0.5224853 0.1509411 2.1950404 2.1976310 1.8536387 2.0672469 2.0898431 3.2891959 2.4698402 2.0787111 1.5829677 1.7685834 0.4371571 2.3315950 
n200_201   2.1562128 2.1470665 0.9045983 5.1797741 2.4473255 2.1867190 0.0000000 0.7705813 2.1554013 0.8911837 0.9036845 0.9929792 2.1970340 2.3768179 0.9373116 0.9246858 1.6519255 1.7237990 0.9202771 2.8815918 0.8670361 0.8785332 2.1725224 2.0634117 2.1503415 0.9149863 
n236_237   2.0909774 2.0941304 0.6400943 2.5634696 1.8845767 2.3214896 0.7705813 0.0000000 2.0440624 0.6140498 0.7044185 0.6113563 2.2386157 2.3930074 0.5593775 0.5592462 1.6503894 1.6630602 0.6603652 1.8584721 0.5789906 0.6479368 2.9898962 2.4904681 2.4194220 0.5778679 
n274_275   0.1250055 0.1288929 2.0432714 3.5181788 2.9081720 0.4437692 2.1554013 2.0440624 0.0000000 1.7737882 1.5881298 1.7127307 0.1209675 0.4489664 1.5503389 1.6360158 1.9389083 1.9559735 1.9208589 2.6519244 1.9260840 1.6387641 1.6044344 1.8668181 0.1371600 2.0343417 
n289_290   1.9162112 1.9915662 0.0415646 4.5119300 2.7184598 1.9587073 0.8911837 0.6140498 1.7737882 0.0000000 0.1731678 0.3937204 1.9198170 1.9352457 0.3452613 0.3451427 2.0580252 1.9491837 0.0415963 2.7768337 0.3952623 0.1642456 2.0909017 2.1825214 1.9165851 0.4016122 
n296_297   1.7670215 1.8318132 0.2097806 3.8229731 3.0679768 1.9185683 0.9036845 0.7044185 1.5881298 0.1731678 0.0000000 0.4077826 1.8020733 1.8198012 0.3695312 0.3634435 2.3564662 2.1140906 0.1962243 3.3905280 0.4151237 0.0523127 2.2177594 2.4419720 1.7297807 0.4282581 
n275_276   1.9167022 1.9137074 0.4192384 3.1688361 2.9297373 2.3288539 0.9929792 0.6113563 1.7127307 0.3937204 0.4077826 0.0000000 1.9552872 2.1893138 0.1770681 0.1595659 2.1869024 2.2072017 0.4011006 3.4874933 0.1825527 0.4198780 2.0467208 1.9964626 2.1222484 0.1869015 
n292_293   0.0412527 0.0412056 2.1832033 4.7333596 2.5779222 0.5224853 2.1970340 2.2386157 0.1209675 1.9198170 1.8020733 1.9552872 0.0000000 0.5053767 1.8226177 1.8643113 2.0462714 2.0233687 2.0906059 2.9255441 2.0891791 1.8666747 1.6649852 1.8715975 0.1208521 2.1201887 
n278_279   0.4913809 0.4762952 2.0150914 4.3541050 3.4212158 0.1509411 2.3768179 2.3930074 0.4489664 1.9352457 1.8198012 2.1893138 0.5053767 0.0000000 1.9414750 1.9850970 2.3962903 2.6135763 2.1084942 3.0513093 2.1019816 1.8842374 1.5993670 1.7562133 0.4626721 2.0055610 
n298_299   1.7529882 1.8194886 0.3750410 2.7326137 2.6676322 2.1950404 0.9373116 0.5593775 1.5503389 0.3452613 0.3695312 0.1770681 1.8226177 1.9414750 0.0000000 0.0273046 2.2059547 2.1767313 0.3758716 2.9365574 0.1731242 0.3631792 2.1322205 2.2280393 1.8537068 0.1773558 
n297_298   1.7918129 1.8610857 0.3749058 2.8893773 2.8448467 2.1976310 0.9246858 0.5592462 1.6360158 0.3451427 0.3634435 0.1595659 1.8643113 1.9850970 0.0273046 0.0000000 2.3683779 2.3356552 0.3757357 3.0342368 0.1512937 0.3571554 2.0018156 2.2306942 1.8539718 0.1554028 
n286_287   2.2519526 1.9661820 2.3061318 9.0000000 2.5996286 1.8536387 1.6519255 1.6503894 1.9389083 2.0580252 2.3564662 2.1869024 2.0462714 2.3962903 2.2059547 2.3683779 0.0000000 0.0671448 2.1613737 2.1618615 2.3020750 2.2327076 1.0830759 1.0219553 2.2491370 2.2898335 
n285_286   2.2252422 1.9446083 2.2247137 9.0000000 2.4657131 2.0672469 1.7237990 1.6630602 1.9559735 1.9491837 2.1140906 2.2072017 2.0233687 2.6135763 2.1767313 2.3356552 0.0671448 0.0000000 2.0422422 2.0743114 2.4439677 2.0607529 1.0563204 1.0259545 2.2737369 2.4300162 
n287_288   2.0864262 2.1753297 0.0635241 4.8812945 2.8278091 2.0898431 0.9202771 0.6603652 1.9208589 0.0415963 0.1962243 0.4011006 2.0906059 2.1084942 0.3758716 0.3757357 2.1613737 2.0422422 0.0000000 2.7869774 0.4221292 0.1869411 2.0060096 2.3523332 2.1744395 0.4287552 
n251_252   2.6002450 2.8295647 2.9454830 2.4212771 0.2965918 3.2891959 2.8815918 1.8584721 2.6519244 2.7768337 3.3905280 3.4874933 2.9255441 3.0513093 2.9365574 3.0342368 2.1618615 2.0743114 2.7869774 0.0000000 3.4140057 3.0275653 9.0000000 9.0000000 3.0608093 3.0639798 
n294_295   2.0419519 2.0837651 0.4078561 2.8242151 2.7056601 2.4698402 0.8670361 0.5789906 1.9260840 0.3952623 0.4151237 0.1825527 2.0891791 2.1019816 0.1731242 0.1512937 2.3020750 2.4439677 0.4221292 3.4140057 0.0000000 0.4146462 2.3062840 2.3517432 2.2258699 0.0451978 
n295_296   1.8294402 1.8983788 0.2003085 4.2893043 2.9509228 2.0787111 0.8785332 0.6479368 1.6387641 0.1642456 0.0523127 0.4198780 1.8666747 1.8842374 0.3631792 0.3571554 2.2327076 2.0607529 0.1869411 3.0275653 0.4146462 0.0000000 2.1652447 2.2641832 1.7586925 0.4340866 
n266_267   1.7380115 1.6672594 2.0923260 9.0000000 4.2399911 1.5829677 2.1725224 2.9898962 1.6044344 2.0909017 2.2177594 2.0467208 1.6649852 1.5993670 2.1322205 2.0018156 1.0830759 1.0563204 2.0060096 9.0000000 2.3062840 2.1652447 0.0000000 0.1373943 1.6944321 2.3121656 
n265_266   1.9631033 1.8764993 2.2342300 8.9999988 8.9999986 1.7685834 2.0634117 2.4904681 1.8668181 2.1825214 2.4419720 1.9964626 1.8715975 1.7562133 2.2280393 2.2306942 1.0219553 1.0259545 2.3523332 9.0000000 2.3517432 2.2641832 0.1373943 0.0000000 1.8390486 2.4843229 
n280_281   0.1128689 0.1166969 2.0856779 4.4563385 3.2435644 0.4371571 2.1503415 2.4194220 0.1371600 1.9165851 1.7297807 2.1222484 0.1208521 0.4626721 1.8537068 1.8539718 2.2491370 2.2737369 2.1744395 3.0608093 2.2258699 1.7586925 1.6944321 1.8390486 0.0000000 2.4258672 
n293_294   2.1113182 2.1077710 0.4143263 3.0721321 2.6317268 2.3315950 0.9149863 0.5778679 2.0343417 0.4016122 0.4282581 0.1869015 2.1201887 2.0055610 0.1773558 0.1554028 2.2898335 2.4300162 0.4287552 3.0639798 0.0451978 0.4340866 2.3121656 2.4843229 2.4258672 0.0000000 
