24
n292_293   0.0000000 0.2833334 0.2831173 0.2734811 0.3638195 0.2384411 0.0033361 0.2835686 0.3527506 0.2636885 0.0066893 0.0519428 0.2933548 0.2983123 0.2994631 0.2784071 0.2882574 0.2932799 0.2638891 0.2839024 0.2382202 0.0520016 0.0066865 0.2638496 
n287_288   0.2833334 0.0000000 0.0033408 0.0342686 0.3523004 0.2836775 0.2882289 0.0413364 0.3356434 0.0896195 0.2830780 0.2830493 0.0448882 0.0484391 0.3427675 0.0342356 0.0134799 0.0168870 0.3057047 0.1206275 0.2834079 0.2781962 0.2932120 0.2953734 
n290_291   0.2831173 0.0033408 0.0000000 0.0377709 0.3576564 0.2834609 0.2880087 0.0448714 0.3408807 0.0895561 0.2828622 0.2828336 0.0484391 0.0520046 0.3424316 0.0377345 0.0168827 0.0203040 0.3054673 0.1245605 0.2831916 0.2779845 0.2929876 0.2951460 
n294_295   0.2734811 0.0342686 0.0377709 0.0000000 0.3583695 0.2689936 0.2783155 0.0067078 0.3415562 0.0897138 0.2732358 0.2732080 0.0168967 0.0203156 0.3374070 0.0033445 0.0377773 0.0413051 0.2905335 0.1249341 0.2687396 0.2684147 0.2832355 0.2804073 
n251_252   0.3638195 0.3523004 0.3576564 0.3583695 0.0000000 0.3580920 0.3692601 0.3697537 0.0377517 0.3589946 0.3692768 0.3744898 0.3810340 0.3752156 0.3429807 0.3579343 0.3574290 0.3570665 0.3609624 0.3871770 0.3577384 0.3750253 0.3748015 0.3605799 
n286_287   0.2384411 0.2836775 0.2834609 0.2689936 0.3580920 0.0000000 0.2430441 0.2685803 0.3583384 0.2642210 0.2382319 0.2474460 0.2943552 0.2993339 0.3534827 0.2738974 0.2886095 0.2936404 0.1660995 0.2790652 0.0100488 0.2477650 0.2477248 0.1660814 
n300_301   0.0033361 0.2882289 0.2880087 0.2783155 0.3692601 0.2430441 0.0000000 0.2884684 0.3581139 0.2684617 0.0100532 0.0555189 0.2983123 0.3032999 0.3044709 0.2832720 0.2931821 0.2982364 0.2686672 0.2888074 0.2428185 0.0555818 0.0100490 0.2686263 
n275_276   0.2835686 0.0413364 0.0448714 0.0067078 0.3697537 0.2685803 0.2884684 0.0000000 0.3526663 0.0974273 0.2833128 0.2832841 0.0237753 0.0272253 0.3484876 0.0100837 0.0448790 0.0484419 0.3009233 0.1330449 0.2683269 0.2784268 0.2934559 0.2906495 
n255_256   0.3527506 0.3356434 0.3408807 0.3415562 0.0377517 0.3583384 0.3581139 0.3526663 0.0000000 0.3649467 0.3581302 0.3632761 0.3636835 0.3580056 0.3211015 0.3411465 0.3406694 0.3403278 0.3493718 0.3696737 0.3579854 0.3637909 0.3635765 0.3546091 
n236_237   0.2636885 0.0896195 0.0895561 0.0897138 0.3589946 0.2642210 0.2684617 0.0974273 0.3649467 0.0000000 0.2634531 0.2734332 0.0973533 0.1011782 0.3489460 0.0935290 0.0934198 0.0972495 0.3066618 0.1419730 0.2639719 0.2736491 0.2733186 0.2962966 
n299_300   0.0066893 0.2830780 0.2828622 0.2732358 0.3692768 0.2382319 0.0100532 0.2833128 0.3581302 0.2634531 0.0000000 0.0555218 0.2930891 0.2980414 0.2991904 0.2781567 0.2879970 0.2930143 0.2589526 0.2836461 0.2380113 0.0555848 0.0134334 0.2589144 
n278_279   0.0519428 0.2830493 0.2828336 0.2732080 0.3744898 0.2474460 0.0555189 0.2832841 0.3632761 0.2734332 0.0555218 0.0000000 0.2930596 0.2980115 0.2882099 0.2781285 0.2879679 0.2929848 0.2835356 0.2938709 0.2472161 0.0134311 0.0591240 0.2783421 
n297_298   0.2933548 0.0448882 0.0484391 0.0168967 0.3810340 0.2943552 0.2983123 0.0237753 0.3636835 0.0973533 0.2930891 0.2930596 0.0000000 0.0033372 0.3654098 0.0203209 0.0484472 0.0520271 0.3113688 0.1329405 0.2940737 0.2881459 0.3033592 0.3009482 
n298_299   0.2983123 0.0484391 0.0520046 0.0203156 0.3752156 0.2993339 0.3032999 0.0272253 0.3580056 0.1011782 0.2980414 0.2980115 0.0033372 0.0000000 0.3708794 0.0237542 0.0520133 0.0556089 0.3060562 0.1369435 0.2990471 0.2930684 0.3083778 0.2957116 
n244_245   0.2994631 0.3427675 0.3424316 0.3374070 0.3429807 0.3534827 0.3044709 0.3484876 0.3211015 0.3489460 0.2991904 0.2882099 0.3654098 0.3708794 0.0000000 0.3427987 0.3478564 0.3533198 0.4016109 0.3664399 0.3531348 0.2937499 0.3095695 0.4133762 
n293_294   0.2784071 0.0342356 0.0377345 0.0033445 0.3579343 0.2738974 0.2832720 0.0100837 0.3411465 0.0935290 0.2781567 0.2781285 0.0203209 0.0237542 0.3427987 0.0000000 0.0377408 0.0412652 0.2956025 0.1248249 0.2736381 0.2733053 0.2882235 0.2854063 
n296_297   0.2882574 0.0134799 0.0168827 0.0377773 0.3574290 0.2886095 0.2931821 0.0448790 0.3406694 0.0934198 0.2879970 0.2879679 0.0484472 0.0520133 0.3478564 0.0377408 0.0000000 0.0033408 0.3107964 0.1206632 0.2883347 0.2830863 0.2981952 0.3003983 
n295_296   0.2932799 0.0168870 0.0203040 0.0413051 0.3570665 0.2936404 0.2982364 0.0484419 0.3403278 0.0972495 0.2930143 0.2929848 0.0520271 0.0556089 0.3533198 0.0412652 0.0033408 0.0000000 0.3159999 0.1246327 0.2933601 0.2880721 0.3032823 0.3055290 
n266_267   0.2638891 0.3057047 0.3054673 0.2905335 0.3609624 0.1660995 0.2686672 0.3009233 0.3493718 0.3066618 0.2589526 0.2835356 0.3113688 0.3060562 0.4016109 0.2956025 0.3107964 0.3159999 0.0000000 0.3383602 0.1702765 0.2839131 0.2735290 0.0204036 
n200_201   0.2839024 0.1206275 0.1245605 0.1249341 0.3871770 0.2790652 0.2888074 0.1330449 0.3696737 0.1419730 0.2836461 0.2938709 0.1329405 0.1369435 0.3664399 0.1248249 0.1206632 0.1246327 0.3383602 0.0000000 0.2788004 0.2889430 0.2938001 0.3275523 
n285_286   0.2382202 0.2834079 0.2831916 0.2687396 0.3577384 0.0100488 0.2428185 0.2683269 0.3579854 0.2639719 0.2380113 0.2472161 0.2940737 0.2990471 0.3531348 0.2736381 0.2883347 0.2933601 0.1702765 0.2788004 0.0000000 0.2475346 0.2474945 0.1702578 
n277_278   0.0520016 0.2781962 0.2779845 0.2684147 0.3750253 0.2477650 0.0555818 0.2784268 0.3637909 0.2736491 0.0555848 0.0134311 0.2881459 0.2930684 0.2937499 0.2733053 0.2830863 0.2880721 0.2839131 0.2889430 0.2475346 0.0000000 0.0591910 0.2787111 
n280_281   0.0066865 0.2932120 0.2929876 0.2832355 0.3748015 0.2477248 0.0100490 0.2934559 0.3635765 0.2733186 0.0134334 0.0591240 0.3033592 0.3083778 0.3095695 0.2882235 0.2981952 0.3032823 0.2735290 0.2938001 0.2474945 0.0591910 0.0000000 0.2734868 
n265_266   0.2638496 0.2953734 0.2951460 0.2804073 0.3605799 0.1660814 0.2686263 0.2906495 0.3546091 0.2962966 0.2589144 0.2783421 0.3009482 0.2957116 0.4133762 0.2854063 0.3003983 0.3055290 0.0204036 0.3275523 0.1702578 0.2787111 0.2734868 0.0000000 
