25
n292_293   0.0000000 0.2733167 0.2731153 0.2980046 0.3689384 0.2598359 0.0066871 0.2880551 0.0237110 0.2730189 0.3797244 0.2438138 0.0134417 0.0411910 0.2879847 0.2929213 0.3304152 0.2878043 0.2633597 0.2413977 0.2981213 0.2596685 0.0341622 0.0134432 0.2463693 
n287_288   0.2733167 0.0000000 0.0066886 0.0518412 0.3858413 0.3195873 0.2636837 0.0341296 0.2731594 0.0066863 0.3968683 0.0699799 0.2734874 0.2940320 0.0341196 0.0376158 0.3342472 0.0446859 0.0134347 0.2943284 0.1647684 0.3193695 0.2889067 0.2632620 0.2840265 
n290_291   0.2731153 0.0066886 0.0000000 0.0518123 0.3855118 0.3246653 0.2634918 0.0341110 0.2729584 0.0066827 0.3965246 0.0699401 0.2732858 0.2938090 0.0341009 0.0375952 0.3396363 0.0446611 0.0134275 0.2994483 0.1646624 0.3244430 0.2886891 0.2630708 0.2890687 
n294_295   0.2980046 0.0518412 0.0518123 0.0000000 0.3976649 0.3626326 0.2880533 0.0168562 0.2978258 0.0517940 0.4088662 0.1039024 0.2981918 0.3194869 0.0237004 0.0271461 0.3504681 0.0066889 0.0482125 0.3307914 0.1861918 0.3623751 0.3141804 0.2875811 0.3252675 
n251_252   0.3689384 0.3858413 0.3855118 0.3976649 0.0000000 0.3981649 0.3579577 0.3863201 0.3686875 0.3853788 0.0520716 0.3850465 0.3691754 0.3926147 0.3862392 0.3918956 0.2747819 0.3914701 0.3853788 0.3649982 0.4269056 0.3978718 0.3812643 0.3573236 0.3594039 
n286_287   0.2598359 0.3195873 0.3246653 0.3626326 0.3981649 0.0000000 0.2647352 0.3462214 0.2548893 0.3245515 0.3974309 0.3092363 0.2745813 0.2950832 0.3406458 0.3459559 0.3524480 0.3514367 0.3245515 0.1404879 0.3517432 0.0067210 0.2901312 0.2547784 0.1446328 
n300_301   0.0066871 0.2636837 0.2634918 0.2880533 0.3579577 0.2647352 0.0000000 0.2782347 0.0237110 0.2633986 0.3685911 0.2345840 0.0066910 0.0376588 0.2781658 0.2830384 0.3199914 0.2779933 0.2538627 0.2368444 0.2881682 0.2645638 0.0306654 0.0134432 0.2417831 
n275_276   0.2880551 0.0341296 0.0341110 0.0168562 0.3863201 0.3462214 0.2782347 0.0000000 0.2878853 0.0340989 0.3973588 0.0848539 0.2882357 0.3092220 0.0066897 0.0100563 0.3395679 0.0100610 0.0306090 0.3150514 0.1732990 0.3459793 0.3039901 0.2777832 0.3096550 
n274_275   0.0237110 0.2731594 0.2729584 0.2978258 0.3686875 0.2548893 0.0237110 0.2878853 0.0000000 0.2728621 0.3794615 0.2436809 0.0306423 0.0519043 0.2878150 0.2927471 0.3251257 0.2876348 0.2632109 0.2508553 0.3030318 0.2547260 0.0447667 0.0168392 0.2510487 
n289_290   0.2730189 0.0066863 0.0066827 0.0517940 0.3853788 0.3245515 0.2633986 0.0340989 0.2728621 0.0000000 0.3963885 0.0699154 0.2731893 0.2937054 0.0340889 0.0375819 0.3395180 0.0446454 0.0134228 0.2993426 0.1646037 0.3243294 0.2885872 0.2629779 0.2889666 
n255_256   0.3797244 0.3968683 0.3965246 0.4088662 0.0520716 0.3974309 0.3685911 0.3973588 0.3794615 0.3963885 0.0000000 0.3960368 0.3799690 0.4037607 0.3972775 0.4030152 0.2991366 0.4025706 0.3963885 0.3699582 0.4385320 0.3971389 0.3922501 0.3679310 0.3643312 
n236_237   0.2438138 0.0699799 0.0699401 0.1039024 0.3850465 0.3092363 0.2345840 0.0848539 0.2436809 0.0699154 0.3960368 0.0000000 0.2439645 0.2682443 0.0848295 0.0885744 0.3345278 0.0961836 0.0699154 0.2946929 0.1560743 0.3090277 0.2586679 0.2342210 0.2947470 
n299_300   0.0134417 0.2734874 0.2732858 0.2981918 0.3691754 0.2745813 0.0066910 0.2882357 0.0306423 0.2731893 0.3799690 0.2439645 0.0000000 0.0447382 0.2881652 0.2931051 0.3306252 0.2879846 0.2635237 0.2463318 0.2983086 0.2744018 0.0376742 0.0202673 0.2513456 
n278_279   0.0411910 0.2940320 0.2938090 0.3194869 0.3926147 0.2950832 0.0376588 0.3092220 0.0519043 0.2937054 0.4037607 0.2682443 0.0447382 0.0000000 0.3091484 0.3142393 0.3636848 0.3089499 0.2837493 0.2709140 0.3196042 0.2948862 0.0134714 0.0411888 0.2809710 
n297_298   0.2879847 0.0341196 0.0341009 0.0237004 0.3862392 0.3406458 0.2781658 0.0066897 0.2878150 0.0340889 0.3972775 0.0848295 0.2881652 0.3091484 0.0000000 0.0033363 0.3394909 0.0168400 0.0305999 0.3149770 0.1817761 0.3459015 0.3039172 0.2777145 0.3095813 
n298_299   0.2929213 0.0376158 0.0375952 0.0271461 0.3918956 0.3459559 0.2830384 0.0100563 0.2927471 0.0375819 0.4030152 0.0885744 0.2931051 0.3142393 0.0033363 0.0000000 0.3447760 0.0202524 0.0340759 0.3201155 0.1860588 0.3512479 0.3089716 0.2825769 0.3146792 
n244_245   0.3304152 0.3342472 0.3396363 0.3504681 0.2747819 0.3524480 0.3199914 0.3395679 0.3251257 0.3395180 0.2991366 0.3345278 0.3306252 0.3636848 0.3394909 0.3447760 0.0000000 0.3447207 0.3341152 0.3316670 0.3959776 0.3522000 0.3527659 0.3194473 0.3157004 
n293_294   0.2878043 0.0446859 0.0446611 0.0066889 0.3914701 0.3514367 0.2779933 0.0100610 0.2876348 0.0446454 0.4025706 0.0961836 0.2879846 0.3089499 0.0168400 0.0202524 0.3447207 0.0000000 0.0411024 0.3200690 0.1774746 0.3511899 0.3037232 0.2775426 0.3146346 
n296_297   0.2633597 0.0134347 0.0134275 0.0482125 0.3853788 0.3245515 0.2538627 0.0306090 0.2632109 0.0134228 0.3963885 0.0699154 0.2635237 0.2837493 0.0305999 0.0340759 0.3341152 0.0411024 0.0000000 0.2993426 0.1646037 0.3243294 0.2787014 0.2534611 0.2889666 
n266_267   0.2413977 0.2943284 0.2994483 0.3307914 0.3649982 0.1404879 0.2368444 0.3150514 0.2508553 0.2993426 0.3699582 0.2946929 0.2463318 0.2709140 0.3149770 0.3201155 0.3316670 0.3200690 0.2993426 0.0000000 0.3529552 0.1404070 0.2612249 0.2412180 0.0238176 
n200_201   0.2981213 0.1647684 0.1646624 0.1861918 0.4269056 0.3517432 0.2881682 0.1732990 0.3030318 0.1646037 0.4385320 0.1560743 0.2983086 0.3196042 0.1817761 0.1860588 0.3959776 0.1774746 0.1646037 0.3529552 0.0000000 0.3514961 0.3093221 0.2876957 0.3527732 
n285_286   0.2596685 0.3193695 0.3244430 0.3623751 0.3978718 0.0067210 0.2645638 0.3459793 0.2547260 0.3243294 0.3971389 0.3090277 0.2744018 0.2948862 0.3459015 0.3512479 0.3522000 0.3511899 0.3243294 0.1404070 0.3514961 0.0000000 0.2899383 0.2546152 0.1445492 
n277_278   0.0341622 0.2889067 0.2886891 0.3141804 0.3812643 0.2901312 0.0306654 0.3039901 0.0447667 0.2885872 0.3922501 0.2586679 0.0376742 0.0134714 0.3039172 0.3089716 0.3527659 0.3037232 0.2787014 0.2612249 0.3093221 0.2899383 0.0000000 0.0341604 0.2711464 
n280_281   0.0134432 0.2632620 0.2630708 0.2875811 0.3573236 0.2547784 0.0134432 0.2777832 0.0168392 0.2629779 0.3679310 0.2342210 0.0202673 0.0411888 0.2777145 0.2825769 0.3194473 0.2775426 0.2534611 0.2412180 0.2876957 0.2546152 0.0341604 0.0000000 0.2414028 
n265_266   0.2463693 0.2840265 0.2890687 0.3252675 0.3594039 0.1446328 0.2417831 0.3096550 0.2510487 0.2889666 0.3643312 0.2947470 0.2513456 0.2809710 0.3095813 0.3146792 0.3157004 0.3146346 0.2889666 0.0238176 0.3527732 0.1445492 0.2711464 0.2414028 0.0000000 
