26
n299_300   0.0000000 0.0202984 2.2847668 3.5720428 2.6171097 0.4836252 1.5973974 2.5105503 0.0966059 2.1492204 2.9790534 2.2399680 0.0519798 0.4612737 2.4483006 2.1871843 1.6447374 1.5680160 2.2786264 2.3376377 2.3224501 2.5993149 1.4431676 1.6073264 0.0964730 2.3275363 
n300_301   0.0202984 0.0000000 2.2121229 3.5795565 2.5324680 0.4901940 1.7112677 2.7051885 0.0966115 2.1338191 2.8335371 2.1941176 0.0519830 0.4615922 2.3918832 2.1433633 1.6443800 1.5677123 2.2065151 2.2174821 2.2732458 2.4982590 1.4220687 1.5806069 0.0964785 2.2096328 
n290_291   2.2847668 2.2121229 0.0000000 9.0000000 2.9832020 2.4441270 0.9977194 0.7199260 2.2235353 0.0665260 0.1913470 0.3012661 2.1678196 2.5223008 0.3402698 0.3236469 2.5025382 2.5708124 0.0813778 2.4603187 0.3068048 0.1869868 2.6256437 2.1236813 2.3848024 0.2967086 
n244_245   3.5720428 3.5795565 9.0000000 0.0000000 2.6176802 3.1986614 3.4968645 3.9748794 3.7658457 9.0000000 9.0000000 3.6467398 3.2025307 4.6411531 4.2032287 4.6823713 3.7627861 3.7848400 9.0000000 2.3228012 9.0000000 9.0000000 2.4103872 2.8932171 3.3922345 9.0000000 
n255_256   2.6171097 2.5324680 2.9832020 2.6176802 0.0000000 2.5609481 2.4140990 5.8866802 2.5164517 2.6870050 3.3068165 8.9999980 2.3372573 2.3056914 8.9999989 5.3105358 2.5903598 2.6148749 3.0204192 0.3623648 2.8329341 2.7999003 1.9701889 1.9596993 2.2543940 3.5126752 
n277_278   0.4836252 0.4901940 2.4441270 3.1986614 2.5609481 0.0000000 1.3356608 2.1798370 0.4505125 2.2673560 2.9761248 2.0691777 0.4759805 0.1408731 2.7121649 2.3259236 1.5729474 1.6282697 2.4026397 2.3778316 2.4048942 2.9079582 1.8418144 1.7857813 0.4834688 2.4015776 
n200_201   1.5973974 1.7112677 0.9977194 3.4968645 2.4140990 1.3356608 0.0000000 0.9531393 1.6244103 0.9844964 1.0335176 0.9758008 1.6601073 1.3445724 1.0293588 0.9477415 1.6347537 1.8348176 0.9489422 2.6801209 1.0283567 1.0608058 1.7903257 1.8487193 1.7784852 0.9709538 
n236_237   2.5105503 2.7051885 0.7199260 3.9748794 5.8866802 2.1798370 0.9531393 0.0000000 2.1415405 0.7102553 0.7384474 0.6702647 2.3291260 2.0430863 0.7536903 0.7238792 2.0336100 2.1672495 0.6930840 3.1607939 0.7453239 0.7195332 1.9257924 1.9450568 2.4573610 0.7451652 
n274_275   0.0966059 0.0966115 2.2235353 3.7658457 2.5164517 0.4505125 1.6244103 2.1415405 0.0000000 1.9735148 2.5757164 2.1031935 0.0889650 0.4052186 2.4535223 2.1440589 1.5925454 1.5735552 2.0684510 2.1757815 2.2176128 2.5454717 1.5088325 1.5763485 0.1005282 2.1572451 
n289_290   2.1492204 2.1338191 0.0665260 9.0000000 2.6870050 2.2673560 0.9844964 0.7102553 1.9735148 0.0000000 0.1869603 0.2857512 2.0929618 2.2968538 0.3451641 0.3284468 2.7828893 2.6806877 0.0702897 2.2639616 0.3062373 0.1826267 2.7303798 2.0809224 2.1060120 0.2959846 
n296_297   2.9790534 2.8335371 0.1913470 9.0000000 3.3068165 2.9761248 1.0335176 0.7384474 2.5757164 0.1869603 0.0000000 0.3010475 2.8970190 2.6558627 0.3508793 0.3450137 2.4263279 2.6978877 0.1825547 2.4348120 0.3117406 0.0341801 2.6120132 2.0992451 2.8189888 0.3168991 
n275_276   2.2399680 2.1941176 0.3012661 3.6467398 8.9999980 2.0691777 0.9758008 0.6702647 2.1031935 0.2857512 0.3010475 0.0000000 2.1330406 2.3489282 0.1791140 0.1660848 2.7543583 2.7372943 0.2960731 3.3333390 0.1491063 0.2908492 2.5720770 1.9195927 2.0524004 0.1488814 
n292_293   0.0519798 0.0519830 2.1678196 3.2025307 2.3372573 0.4759805 1.6601073 2.3291260 0.0889650 2.0929618 2.8970190 2.1330406 0.0000000 0.4416473 2.4491092 2.1423158 1.5639869 1.5695567 2.1065721 2.2194231 2.2636228 2.4904446 1.4158672 1.4716645 0.0888545 2.2007521 
n278_279   0.4612737 0.4615922 2.5223008 4.6411531 2.3056914 0.1408731 1.3445724 2.0430863 0.4052186 2.2968538 2.6558627 2.3489282 0.4416473 0.0000000 2.3509615 2.2209185 1.5389128 1.5920104 2.6599189 2.6855844 2.5332981 2.6019468 1.4438955 1.4393459 0.4420087 2.5373561 
n298_299   2.4483006 2.3918832 0.3402698 4.2032287 8.9999989 2.7121649 1.0293588 0.7536903 2.4535223 0.3451641 0.3508793 0.1791140 2.4491092 2.3509615 0.0000000 0.0342388 2.3558274 2.3541360 0.3511789 3.4106281 0.1792812 0.3395199 2.3296158 1.9864723 2.3856103 0.1792585 
n297_298   2.1871843 2.1433633 0.3236469 4.6823713 5.3105358 2.3259236 0.9477415 0.7238792 2.1440589 0.3284468 0.3450137 0.1660848 2.1423158 2.2209185 0.0342388 0.0000000 2.2887989 2.3396254 0.3342991 2.9072994 0.1706220 0.3337593 2.1373905 1.9696260 2.0958036 0.1703598 
n286_287   1.6447374 1.6443800 2.5025382 3.7627861 2.5903598 1.5729474 1.6347537 2.0336100 1.5925454 2.7828893 2.4263279 2.7543583 1.5639869 1.5389128 2.3558274 2.2887989 0.0000000 0.0555295 2.6563311 2.5476561 2.6667146 2.3286360 1.0175475 0.9908782 1.4689688 2.2599650 
n285_286   1.5680160 1.5677123 2.5708124 3.7848400 2.6148749 1.6282697 1.8348176 2.1672495 1.5735552 2.6806877 2.6978877 2.7372943 1.5695567 1.5920104 2.3541360 2.3396254 0.0555295 0.0000000 2.6469214 2.5631064 2.6518224 2.5707419 1.0042468 0.9790416 1.4493716 2.3097044 
n287_288   2.2786264 2.2065151 0.0813778 9.0000000 3.0204192 2.4026397 0.9489422 0.6930840 2.0684510 0.0702897 0.1825547 0.2960731 2.1065721 2.6599189 0.3511789 0.3342991 2.6563311 2.6469214 0.0000000 2.6885037 0.3064663 0.1824896 2.6335471 1.9829889 2.0098008 0.2963836 
n251_252   2.3376377 2.2174821 2.4603187 2.3228012 0.3623648 2.3778316 2.6801209 3.1607939 2.1757815 2.2639616 2.4348120 3.3333390 2.2194231 2.6855844 3.4106281 2.9072994 2.5476561 2.5631064 2.6885037 0.0000000 3.3007381 2.3107137 1.9758116 1.9077966 2.3051322 3.5002985 
n294_295   2.3224501 2.2732458 0.3068048 9.0000000 2.8329341 2.4048942 1.0283567 0.7453239 2.2176128 0.3062373 0.3117406 0.1491063 2.2636228 2.5332981 0.1792812 0.1706220 2.6667146 2.6518224 0.3064663 3.3007381 0.0000000 0.3010512 2.3693624 1.9702517 2.1708067 0.0377409 
n295_296   2.5993149 2.4982590 0.1869868 9.0000000 2.7999003 2.9079582 1.0608058 0.7195332 2.5454717 0.1826267 0.0341801 0.2908492 2.4904446 2.6019468 0.3395199 0.3337593 2.3286360 2.5707419 0.1824896 2.3107137 0.3010512 0.0000000 2.6011279 2.0214718 2.4356391 0.3061308 
n266_267   1.4431676 1.4220687 2.6256437 2.4103872 1.9701889 1.8418144 1.7903257 1.9257924 1.5088325 2.7303798 2.6120132 2.5720770 1.4158672 1.4438955 2.3296158 2.1373905 1.0175475 1.0042468 2.6335471 1.9758116 2.3693624 2.6011279 0.0000000 0.2276561 1.3513537 2.0976015 
n265_266   1.6073264 1.5806069 2.1236813 2.8932171 1.9596993 1.7857813 1.8487193 1.9450568 1.5763485 2.0809224 2.0992451 1.9195927 1.4716645 1.4393459 1.9864723 1.9696260 0.9908782 0.9790416 1.9829889 1.9077966 1.9702517 2.0214718 0.2276561 0.0000000 1.6243630 1.8317679 
n280_281   0.0964730 0.0964785 2.3848024 3.3922345 2.2543940 0.4834688 1.7784852 2.4573610 0.1005282 2.1060120 2.8189888 2.0524004 0.0888545 0.4420087 2.3856103 2.0958036 1.4689688 1.4493716 2.0098008 2.3051322 2.1708067 2.4356391 1.3513537 1.6243630 0.0000000 2.1135060 
n293_294   2.3275363 2.2096328 0.2967086 9.0000000 3.5126752 2.4015776 0.9709538 0.7451652 2.1572451 0.2959846 0.3168991 0.1488814 2.2007521 2.5373561 0.1792585 0.1703598 2.2599650 2.3097044 0.2963836 3.5002985 0.0377409 0.3061308 2.0976015 1.8317679 2.1135060 0.0000000 
