24
n292_293   0.0000000 0.3241257 0.3240356 0.3345994 0.4502701 0.2877250 0.0135296 0.3397505 0.0272985 0.3292650 0.4571836 0.3181764 0.0101244 0.0557157 0.5128951 0.3283884 0.3403677 0.3348939 0.3472890 0.3767567 0.2930034 0.0484964 0.0379140 0.3516371 
n287_288   0.3241257 0.0000000 0.0033302 0.0447349 0.3754154 0.2621876 0.3128996 0.0271220 0.3068151 0.0066804 0.3875047 0.1002720 0.3129626 0.3283869 0.4700845 0.0375989 0.0236786 0.0202426 0.2925259 0.1365252 0.2572869 0.3177077 0.3233648 0.2863549 
n290_291   0.3240356 0.0033302 0.0000000 0.0482901 0.3811113 0.2670385 0.3128132 0.0305830 0.3067309 0.0100432 0.3933012 0.1041158 0.3128762 0.3282956 0.4765335 0.0411131 0.0271237 0.0236706 0.2975883 0.1405867 0.2621049 0.3176199 0.3232751 0.2913592 
n294_295   0.3345994 0.0447349 0.0482901 0.0000000 0.3987584 0.2620041 0.3232029 0.0202607 0.3170120 0.0519020 0.4112685 0.1239563 0.3232682 0.3388968 0.4969810 0.0100424 0.0591308 0.0555008 0.3130908 0.1616536 0.2571082 0.3280666 0.3449521 0.3066816 
n251_252   0.4502701 0.3754154 0.3811113 0.3987584 0.0000000 0.4055107 0.4429484 0.3921927 0.4231252 0.3809225 0.0343168 0.3740781 0.4367485 0.4681928 0.3909656 0.3918218 0.3749589 0.3692029 0.4263803 0.4762630 0.3994926 0.4551305 0.4425134 0.4311460 
n286_287   0.2877250 0.2621876 0.2670385 0.2620041 0.4055107 0.0000000 0.2821003 0.2522338 0.2866800 0.2569555 0.4246395 0.2475092 0.2771530 0.2968457 0.4327663 0.2520142 0.2719852 0.2670163 0.1370478 0.3043504 0.0033504 0.2970087 0.2974159 0.1407395 
n300_301   0.0135296 0.3128996 0.3128132 0.3232029 0.4429484 0.2821003 0.0000000 0.3282732 0.0203450 0.3179584 0.4497799 0.3017178 0.0033539 0.0484348 0.5048991 0.3171184 0.3288633 0.3234833 0.3410748 0.3641288 0.2873265 0.0412995 0.0308222 0.3453968 
n275_276   0.3397505 0.0271220 0.0305830 0.0202607 0.3921927 0.2522338 0.3282732 0.0000000 0.3220316 0.0340860 0.4045679 0.1001920 0.3283396 0.3440646 0.4825750 0.0100409 0.0375976 0.0340884 0.3022801 0.1364127 0.2474054 0.3331629 0.3389482 0.2960044 
n274_275   0.0272985 0.3068151 0.3067309 0.3170120 0.4231252 0.2866800 0.0203450 0.3220316 0.0000000 0.3118235 0.4297470 0.3013544 0.0169158 0.0412460 0.4903370 0.3110043 0.3226064 0.3172845 0.3402986 0.3578586 0.2919356 0.0341954 0.0307599 0.3446103 
n289_290   0.3292650 0.0066804 0.0100432 0.0519020 0.3809225 0.2569555 0.3179584 0.0340860 0.3118235 0.0000000 0.3931028 0.1040814 0.3180225 0.3335427 0.4762659 0.0446781 0.0306081 0.0271352 0.2974575 0.1447877 0.2520961 0.3227925 0.3284906 0.2912327 
n255_256   0.4571836 0.3875047 0.3933012 0.4112685 0.0343168 0.4246395 0.4497799 0.4045679 0.4297470 0.3931028 0.0000000 0.3865225 0.4435183 0.4752784 0.4038324 0.4041821 0.3926810 0.3867799 0.4524452 0.4902175 0.4184540 0.4620796 0.4493355 0.4573198 
n236_237   0.3181764 0.1002720 0.1041158 0.1239563 0.3740781 0.2475092 0.3017178 0.1001920 0.3013544 0.1040814 0.3865225 0.0000000 0.3071289 0.3172934 0.4181072 0.1119098 0.1079941 0.1040951 0.3182513 0.1487210 0.2473956 0.3067910 0.3174325 0.3117830 
n299_300   0.0101244 0.3129626 0.3128762 0.3232682 0.4367485 0.2771530 0.0033539 0.3283396 0.0169158 0.3180225 0.4435183 0.3071289 0.0000000 0.0448700 0.4981980 0.3171822 0.3289299 0.3235487 0.3356962 0.3646232 0.2823410 0.0377701 0.0273346 0.3400005 
n278_279   0.0557157 0.3283869 0.3282956 0.3388968 0.4681928 0.2968457 0.0484348 0.3440646 0.0412460 0.3335427 0.4752784 0.3172934 0.0448700 0.0000000 0.4916770 0.3326545 0.3389809 0.3391960 0.3570606 0.3812465 0.3021823 0.0134786 0.0556851 0.3500458 
n244_245   0.5128951 0.4700845 0.4765335 0.4969810 0.3909656 0.4327663 0.5048991 0.4825750 0.4903370 0.4762659 0.4038324 0.4181072 0.4981980 0.4916770 0.0000000 0.4958740 0.4763136 0.4697378 0.4868239 0.4914597 0.4265523 0.4782470 0.4845814 0.4918075 
n293_294   0.3283884 0.0375989 0.0411131 0.0100424 0.3918218 0.2520142 0.3171184 0.0100409 0.3110043 0.0446781 0.4041821 0.1119098 0.3171822 0.3326545 0.4958740 0.0000000 0.0482488 0.0446817 0.3071054 0.1488361 0.2471906 0.3219383 0.3386389 0.3007790 
n296_297   0.3403677 0.0236786 0.0271237 0.0591308 0.3749589 0.2719852 0.3288633 0.0375976 0.3226064 0.0306081 0.3926810 0.1079941 0.3289299 0.3389809 0.4763136 0.0482488 0.0000000 0.0033309 0.3185543 0.1364892 0.2670163 0.3337635 0.3395626 0.3120745 
n295_296   0.3348939 0.0202426 0.0236706 0.0555008 0.3692029 0.2670163 0.3234833 0.0340884 0.3172845 0.0271352 0.3867799 0.1040951 0.3235487 0.3391960 0.4697378 0.0446817 0.0033309 0.0000000 0.3132464 0.1324070 0.2620821 0.3283525 0.3341037 0.3068301 
n266_267   0.3472890 0.2925259 0.2975883 0.3130908 0.4263803 0.1370478 0.3410748 0.3022801 0.3402986 0.2974575 0.4524452 0.3182513 0.3356962 0.3570606 0.4868239 0.3071054 0.3185543 0.3132464 0.0000000 0.3530668 0.1329478 0.3572667 0.3523911 0.0308158 
n200_201   0.3767567 0.1365252 0.1405867 0.1616536 0.4762630 0.3043504 0.3641288 0.1364127 0.3578586 0.1447877 0.4902175 0.1487210 0.3646232 0.3812465 0.4914597 0.1488361 0.1364892 0.1324070 0.3530668 0.0000000 0.2991255 0.3696869 0.3758457 0.3461334 
n285_286   0.2930034 0.2572869 0.2621049 0.2571082 0.3994926 0.0033504 0.2873265 0.2474054 0.2919356 0.2520961 0.4184540 0.2473956 0.2823410 0.3021823 0.4265523 0.2471906 0.2670163 0.2620821 0.1329478 0.2991255 0.0000000 0.3023491 0.3027655 0.1366283 
n277_278   0.0484964 0.3177077 0.3176199 0.3280666 0.4551305 0.2970087 0.0412995 0.3331629 0.0341954 0.3227925 0.4620796 0.3067910 0.0377701 0.0134786 0.4782470 0.3219383 0.3337635 0.3283525 0.3572667 0.3696869 0.3023491 0.0000000 0.0484699 0.3502461 
n280_281   0.0379140 0.3233648 0.3232751 0.3449521 0.4425134 0.2974159 0.0308222 0.3389482 0.0307599 0.3284906 0.4493355 0.3174325 0.0273346 0.0556851 0.4845814 0.3386389 0.3395626 0.3341037 0.3523911 0.3758457 0.3027655 0.0484699 0.0000000 0.3567545 
n265_266   0.3516371 0.2863549 0.2913592 0.3066816 0.4311460 0.1407395 0.3453968 0.2960044 0.3446103 0.2912327 0.4573198 0.3117830 0.3400005 0.3500458 0.4918075 0.3007790 0.3120745 0.3068301 0.0308158 0.3461334 0.1366283 0.3502461 0.3567545 0.0000000 
