25
n292_293   0.0000000 0.2856842 0.2808205 0.2653994 0.4401571 0.2819884 0.0033478 0.2753880 0.0202958 0.2860168 0.4034394 0.2969888 0.0519739 0.2708466 0.2754532 0.4653063 0.2750707 0.2758591 0.2760726 0.2712705 0.2902694 0.2776200 0.0590718 0.0134867 0.2676431 
n287_288   0.2856842 0.0000000 0.0033339 0.0236701 0.4014026 0.2338877 0.2806031 0.0236689 0.2857994 0.0066880 0.3709517 0.0740216 0.2798705 0.0168209 0.0202136 0.3953899 0.0236602 0.0134284 0.0134377 0.2376323 0.1647939 0.2297090 0.2749989 0.3004356 0.2430685 
n290_291   0.2808205 0.0033339 0.0000000 0.0202485 0.3957232 0.2293230 0.2757731 0.0202475 0.2809336 0.0033375 0.3655097 0.0703470 0.2750527 0.0134303 0.0168115 0.3897567 0.0202400 0.0100516 0.0100586 0.2330583 0.1606647 0.2251610 0.2702115 0.2954823 0.2384510 
n294_295   0.2653994 0.0236701 0.0202485 0.0000000 0.3874798 0.2376796 0.2604702 0.0134345 0.2655058 0.0236964 0.3529534 0.0666628 0.2597903 0.0066837 0.0100395 0.3830426 0.0066681 0.0168311 0.0168427 0.2419525 0.1482019 0.2334986 0.2550564 0.2797449 0.2474244 
n251_252   0.4401571 0.4014026 0.3957232 0.3874798 0.0000000 0.4004982 0.4337994 0.3834060 0.4456331 0.4018674 0.0556434 0.4267690 0.4318399 0.3889997 0.3943183 0.4304310 0.3937342 0.3949412 0.3894004 0.4173394 0.4096936 0.4069576 0.4306233 0.4529431 0.4176296 
n286_287   0.2819884 0.2338877 0.2293230 0.2376796 0.4004982 0.0000000 0.2769180 0.2378389 0.2961671 0.2341606 0.3816254 0.2587460 0.2912818 0.2334723 0.2378919 0.4100897 0.2375667 0.2288969 0.2290712 0.1622746 0.2872413 0.0101389 0.2807747 0.2967148 0.1670073 
n300_301   0.0033478 0.2806031 0.2757731 0.2604702 0.4337994 0.2769180 0.0000000 0.2703858 0.0168681 0.2809296 0.3973973 0.2918084 0.0483740 0.2658712 0.2704493 0.4587272 0.2700748 0.2708466 0.2710557 0.2662849 0.2851627 0.2725718 0.0554424 0.0168941 0.2675913 
n275_276   0.2753880 0.0236689 0.0202475 0.0134345 0.3834060 0.2378389 0.2703858 0.0000000 0.2754986 0.0236952 0.3435530 0.0628990 0.2696801 0.0066833 0.0100389 0.3670330 0.0134289 0.0168302 0.0168419 0.2368654 0.1521074 0.2336553 0.2648802 0.2899277 0.2422797 
n274_275   0.0202958 0.2857994 0.2809336 0.2655058 0.4456331 0.2961671 0.0168681 0.2754986 0.0000000 0.2861321 0.4087022 0.2971092 0.0591341 0.2709554 0.2755639 0.4773473 0.2751811 0.2759701 0.2761838 0.2709677 0.2903014 0.2917513 0.0662823 0.0272052 0.2722996 
n289_290   0.2860168 0.0066880 0.0033375 0.0236964 0.4018674 0.2341606 0.2809296 0.0236952 0.2861321 0.0000000 0.3713818 0.0741052 0.2801957 0.0168396 0.0202360 0.3958481 0.0236864 0.0134433 0.0134533 0.2379089 0.1649829 0.2299775 0.2753184 0.3007849 0.2433521 
n255_256   0.4034394 0.3709517 0.3655097 0.3529534 0.0556434 0.3816254 0.3973973 0.3435530 0.4087022 0.3713818 0.0000000 0.3724561 0.3898622 0.3543103 0.3594043 0.3766537 0.3588826 0.3599603 0.3546681 0.3917005 0.3624113 0.3878914 0.3945656 0.4155925 0.3862390 
n236_237   0.2969888 0.0740216 0.0703470 0.0666628 0.4267690 0.2587460 0.2918084 0.0628990 0.2971092 0.0741052 0.3724561 0.0000000 0.2910449 0.0593265 0.0629112 0.4092625 0.0666340 0.0666517 0.0593777 0.2523982 0.1696877 0.2544536 0.2860826 0.3120089 0.2579912 
n278_279   0.0519739 0.2798705 0.2750527 0.2597903 0.4318399 0.2912818 0.0483740 0.2696801 0.0591341 0.2801957 0.3898622 0.2910449 0.0000000 0.2651764 0.2697432 0.4706103 0.2693704 0.2701387 0.2703469 0.2759938 0.2847396 0.2868820 0.0202107 0.0592284 0.2773551 
n297_298   0.2708466 0.0168209 0.0134303 0.0066837 0.3889997 0.2334723 0.2658712 0.0066833 0.2709554 0.0168396 0.3543103 0.0593265 0.2651764 0.0000000 0.0033297 0.3781574 0.0066809 0.0100474 0.0100544 0.2325164 0.1481724 0.2293013 0.2604004 0.2853167 0.2378941 
n298_299   0.2754532 0.0202136 0.0168115 0.0100395 0.3943183 0.2378919 0.2704493 0.0100389 0.2755639 0.0202360 0.3594043 0.0629112 0.2697432 0.0033297 0.0000000 0.3834136 0.0100353 0.0134153 0.0134246 0.2369179 0.1521377 0.2337071 0.2649417 0.2899983 0.2423341 
n244_245   0.4653063 0.3953899 0.3897567 0.3830426 0.4304310 0.4100897 0.4587272 0.3670330 0.4773473 0.3958481 0.3766537 0.4092625 0.4706103 0.3781574 0.3834136 0.0000000 0.3719182 0.3840163 0.3843282 0.4262060 0.4109700 0.4051331 0.4633409 0.4840344 0.4403155 
n293_294   0.2750707 0.0236602 0.0202400 0.0066681 0.3937342 0.2375667 0.2700748 0.0134289 0.2751811 0.0236864 0.3588826 0.0666340 0.2693704 0.0066809 0.0100353 0.3719182 0.0000000 0.0168240 0.0168357 0.2418374 0.1564267 0.2333877 0.2645764 0.2895930 0.2473062 
n296_297   0.2758591 0.0134284 0.0100516 0.0168311 0.3949412 0.2288969 0.2708466 0.0168302 0.2759701 0.0134433 0.3599603 0.0666517 0.2701387 0.0100474 0.0134153 0.3840163 0.0168240 0.0000000 0.0066889 0.2326260 0.1564751 0.2247425 0.2653290 0.2904287 0.2380069 
n295_296   0.2760726 0.0134377 0.0100586 0.0168427 0.3894004 0.2290712 0.2710557 0.0168419 0.2761838 0.0134533 0.3546681 0.0593777 0.2703469 0.0100544 0.0134246 0.3843282 0.0168357 0.0066889 0.0000000 0.2235539 0.1565899 0.2249136 0.2655331 0.2906546 0.2288496 
n266_267   0.2712705 0.2376323 0.2330583 0.2419525 0.4173394 0.1622746 0.2662849 0.2368654 0.2709677 0.2379089 0.3917005 0.2523982 0.2759938 0.2325164 0.2369179 0.4262060 0.2418374 0.2326260 0.2235539 0.0000000 0.2914402 0.1496715 0.2705973 0.2813060 0.0238054 
n200_201   0.2902694 0.1647939 0.1606647 0.1482019 0.4096936 0.2872413 0.2851627 0.1521074 0.2903014 0.1649829 0.3624113 0.1696877 0.2847396 0.1481724 0.1521377 0.4109700 0.1564267 0.1564751 0.1565899 0.2914402 0.0000000 0.2828492 0.2947010 0.3050857 0.2974246 
n285_286   0.2776200 0.2297090 0.2251610 0.2334986 0.4069576 0.0101389 0.2725718 0.2336553 0.2917513 0.2299775 0.3878914 0.2544536 0.2868820 0.2293013 0.2337071 0.4051331 0.2333877 0.2247425 0.2249136 0.1496715 0.2828492 0.0000000 0.2764248 0.2922900 0.1542909 
n277_278   0.0590718 0.2749989 0.2702115 0.2550564 0.4306233 0.2807747 0.0554424 0.2648802 0.0662823 0.2753184 0.3945656 0.2860826 0.0202107 0.2604004 0.2649417 0.4633409 0.2645764 0.2653290 0.2655331 0.2705973 0.2947010 0.2764248 0.0000000 0.0663868 0.2719261 
n280_281   0.0134867 0.3004356 0.2954823 0.2797449 0.4529431 0.2967148 0.0168941 0.2899277 0.0272052 0.3007849 0.4155925 0.3120089 0.0592284 0.2853167 0.2899983 0.4840344 0.2895930 0.2904287 0.2906546 0.2813060 0.3050857 0.2922900 0.0663868 0.0000000 0.2776638 
n265_266   0.2676431 0.2430685 0.2384510 0.2474244 0.4176296 0.1670073 0.2675913 0.2422797 0.2722996 0.2433521 0.3862390 0.2579912 0.2773551 0.2378941 0.2423341 0.4403155 0.2473062 0.2380069 0.2288496 0.0238054 0.2974246 0.1542909 0.2719261 0.2776638 0.0000000 
