13
n236_179   0.0000000 0.0813609 0.0739016 0.0776412 0.3543067 0.0701931 0.3682174 0.0776823 0.0777541 0.0776922 0.1370633 0.3648470 0.3678578 
n287_206   0.0813609 0.0000000 0.0306709 0.0033463 0.3365497 0.0271928 0.3562133 0.0169145 0.0169298 0.0341934 0.1368892 0.3468302 0.3619020 
n293_210   0.0739016 0.0306709 0.0000000 0.0272030 0.3206619 0.0033408 0.3613548 0.0307461 0.0307739 0.0100798 0.1449435 0.3307470 0.3670783 
n289_208   0.0776412 0.0033463 0.0272030 0.0000000 0.3368821 0.0237415 0.3565674 0.0135022 0.0135144 0.0307059 0.1328551 0.3471754 0.3622631 
n297_214   0.3543067 0.3365497 0.3206619 0.3368821 0.0000000 0.3256904 0.2812583 0.3378875 0.3435504 0.3320099 0.3648315 0.0066687 0.2714394 
n294_211   0.0701931 0.0271928 0.0033408 0.0237415 0.3256904 0.0000000 0.3557926 0.0272594 0.0272840 0.0067029 0.1408190 0.3358320 0.3614722 
n251_190   0.3682174 0.3562133 0.3613548 0.3565674 0.2812583 0.3557926 0.0000000 0.3740034 0.3743906 0.3623930 0.3742763 0.2809890 0.0342322 
n296_213   0.0776823 0.0169145 0.0307461 0.0135022 0.3378875 0.0272594 0.3740034 0.0000000 0.0067325 0.0342772 0.1409896 0.3482136 0.3798467 
n295_212   0.0777541 0.0169298 0.0307739 0.0135144 0.3435504 0.0272840 0.3743906 0.0067325 0.0000000 0.0343095 0.1411231 0.3539536 0.3802401 
n275_200   0.0776922 0.0341934 0.0100798 0.0307059 0.3320099 0.0067029 0.3623930 0.0342772 0.0343095 0.0000000 0.1492174 0.3422509 0.3681365 
n200_159   0.1370633 0.1368892 0.1449435 0.1328551 0.3648315 0.1408190 0.3742763 0.1409896 0.1411231 0.1492174 0.0000000 0.3754897 0.3690741 
n244_202   0.3648470 0.3468302 0.3307470 0.3471754 0.0066687 0.3358320 0.2809890 0.3482136 0.3539536 0.3422509 0.3754897 0.0000000 0.2711795 
n255_192   0.3678578 0.3619020 0.3670783 0.3622631 0.2714394 0.3614722 0.0342322 0.3798467 0.3802401 0.3681365 0.3690741 0.2711795 0.0000000 
