23
n292_293   0.0000000 0.2591593 0.2542493 0.2403341 0.2934504 0.2223637 0.0100910 0.2501095 0.0100877 0.2590788 0.2885178 0.2649067 0.0033452 0.0591682 0.2311004 0.2357069 0.3432888 0.2399101 0.2316448 0.2313720 0.0519130 0.0134797 0.2086154 
n287_288   0.2591593 0.0000000 0.0033408 0.0447367 0.3303762 0.2526369 0.2640816 0.0555471 0.2639511 0.0100721 0.3412114 0.1161349 0.2542493 0.2879186 0.0376762 0.0411970 0.3640181 0.0169054 0.2643524 0.1398191 0.2778143 0.2544089 0.2492933 
n290_291   0.2542493 0.0033408 0.0000000 0.0411746 0.3249257 0.2478009 0.2591345 0.0519214 0.2590076 0.0066965 0.3356749 0.1121513 0.2493761 0.2828069 0.0341515 0.0376538 0.3698815 0.0134857 0.2593999 0.1357013 0.2727799 0.2495325 0.2444580 
n294_295   0.2403341 0.0447367 0.0411746 0.0000000 0.3191227 0.2571798 0.2451251 0.0168572 0.2450081 0.0482960 0.3297716 0.1041857 0.2355539 0.2778538 0.0066946 0.0100644 0.3530320 0.0341311 0.2590157 0.1354534 0.2678976 0.2357016 0.2440989 
n251_252   0.2934504 0.3303762 0.3249257 0.3191227 0.0000000 0.3557439 0.2989049 0.3301137 0.3090487 0.3356591 0.0306982 0.3348532 0.2987113 0.3353192 0.3088624 0.3037644 0.2652307 0.3090531 0.3690238 0.3289725 0.3244787 0.3038814 0.3460785 
n286_287   0.2223637 0.2526369 0.2478009 0.2571798 0.3557439 0.0000000 0.2224381 0.2624548 0.2269330 0.2573594 0.3559252 0.2680202 0.2176990 0.2501528 0.2477985 0.2524797 0.3964815 0.2477521 0.1366102 0.2727186 0.2312422 0.2177838 0.1243679 
n300_301   0.0100910 0.2640816 0.2591345 0.2451251 0.2989049 0.2224381 0.0000000 0.2549753 0.0134864 0.2639994 0.2939309 0.2698834 0.0067082 0.0628269 0.2358278 0.2404663 0.3379405 0.2446899 0.2266724 0.2361051 0.0555297 0.0168949 0.2038297 
n275_276   0.2501095 0.0555471 0.0519214 0.0168572 0.3301137 0.2624548 0.2549753 0.0000000 0.2548512 0.0591662 0.3409390 0.1121157 0.2452554 0.2881706 0.0168788 0.0203006 0.3698812 0.0447581 0.2643383 0.1396757 0.2780553 0.2454095 0.2444919 
n274_275   0.0100877 0.2639511 0.2590076 0.2450081 0.3090487 0.2269330 0.0134864 0.2548512 0.0000000 0.2638689 0.3040096 0.2697482 0.0067061 0.0628051 0.2357172 0.2403525 0.3486894 0.2445734 0.2362732 0.2267885 0.0555108 0.0168895 0.2130976 
n289_290   0.2590788 0.0100721 0.0066965 0.0482960 0.3356591 0.2573594 0.2639994 0.0591662 0.2638689 0.0000000 0.3465721 0.1200812 0.2541707 0.2878276 0.0412012 0.0447390 0.3813443 0.0203347 0.2691834 0.1438877 0.2777271 0.2543302 0.2540169 
n255_256   0.2885178 0.3412114 0.3356749 0.3297716 0.0306982 0.3559252 0.2939309 0.3409390 0.3040096 0.3465721 0.0000000 0.3511805 0.2937414 0.3242415 0.3193620 0.3141900 0.2648883 0.3195577 0.3692138 0.3397517 0.3135832 0.2988777 0.3462549 
n236_237   0.2649067 0.1161349 0.1121513 0.1041857 0.3348532 0.2680202 0.2698834 0.1121157 0.2697482 0.1200812 0.3511805 0.0000000 0.2599432 0.2938937 0.0965132 0.1003381 0.3710071 0.1043161 0.2849217 0.1526077 0.2836795 0.2552290 0.2646280 
n299_300   0.0033452 0.2542493 0.2493761 0.2355539 0.2987113 0.2176990 0.0067082 0.2452554 0.0067061 0.2541707 0.2937414 0.2599432 0.0000000 0.0555211 0.2263830 0.2309580 0.3377101 0.2351409 0.2269153 0.2266489 0.0483090 0.0100810 0.2040460 
n278_279   0.0591682 0.2879186 0.2828069 0.2778538 0.3353192 0.2501528 0.0628269 0.2881706 0.0628051 0.2878276 0.3242415 0.2938937 0.0555211 0.0000000 0.2681648 0.2730008 0.3378929 0.2732214 0.2598050 0.2588664 0.0134616 0.0664475 0.2358602 
n297_298   0.2311004 0.0376762 0.0341515 0.0066946 0.3088624 0.2477985 0.2358278 0.0168788 0.2357172 0.0412012 0.3193620 0.0965132 0.2263830 0.2681648 0.0000000 0.0033396 0.3527095 0.0271781 0.2495559 0.1274663 0.2583435 0.2265248 0.2348466 
n298_299   0.2357069 0.0411970 0.0376538 0.0100644 0.3037644 0.2524797 0.2404663 0.0203006 0.2403525 0.0447390 0.3141900 0.1003381 0.2309580 0.2730008 0.0033396 0.0000000 0.3472826 0.0306456 0.2542763 0.1314481 0.2631115 0.2311027 0.2394626 
n244_245   0.3432888 0.3640181 0.3698815 0.3530320 0.2652307 0.3964815 0.3379405 0.3698812 0.3486894 0.3813443 0.2648883 0.3710071 0.3377101 0.3378929 0.3527095 0.3472826 0.0000000 0.3529205 0.3927654 0.3637170 0.3269526 0.3486631 0.3747251 
n296_297   0.2399101 0.0169054 0.0134857 0.0341311 0.3090531 0.2477521 0.2446899 0.0447581 0.2445734 0.0203347 0.3195577 0.1043161 0.2351409 0.2732214 0.0271781 0.0306456 0.3529205 0.0000000 0.2593472 0.1316277 0.2633255 0.2352881 0.2444101 
n266_267   0.2316448 0.2643524 0.2593999 0.2590157 0.3690238 0.1366102 0.2266724 0.2643383 0.2362732 0.2691834 0.3692138 0.2849217 0.2269153 0.2598050 0.2495559 0.2542763 0.3927654 0.2593472 0.0000000 0.2691849 0.2406339 0.2270036 0.0341226 
n200_201   0.2313720 0.1398191 0.1357013 0.1354534 0.3289725 0.2727186 0.2361051 0.1396757 0.2267885 0.1438877 0.3397517 0.1526077 0.2266489 0.2588664 0.1274663 0.1314481 0.3637170 0.1316277 0.2691849 0.0000000 0.2539654 0.2311402 0.2493951 
n277_278   0.0519130 0.2778143 0.2727799 0.2678976 0.3244787 0.2312422 0.0555297 0.2780553 0.0555108 0.2777271 0.3135832 0.2836795 0.0483090 0.0134616 0.2583435 0.2631115 0.3269526 0.2633255 0.2406339 0.2539654 0.0000000 0.0591155 0.2173318 
n280_281   0.0134797 0.2544089 0.2495325 0.2357016 0.3038814 0.2177838 0.0168949 0.2454095 0.0168895 0.2543302 0.2988777 0.2552290 0.0100810 0.0664475 0.2265248 0.2311027 0.3486631 0.2352881 0.2270036 0.2311402 0.0591155 0.0000000 0.2041254 
n265_266   0.2086154 0.2492933 0.2444580 0.2440989 0.3460785 0.1243679 0.2038297 0.2444919 0.2130976 0.2540169 0.3462549 0.2646280 0.2040460 0.2358602 0.2348466 0.2394626 0.3747251 0.2444101 0.0341226 0.2493951 0.2173318 0.2041254 0.0000000 
