27
n275_348   0.0000000 0.1162874 2.2123479 2.6642561 0.1124637 1.8778048 0.3475984 1.1533777 0.1412332 3.3114007 0.5541579 0.3418979 0.3485750 2.6272070 2.1602130 1.9524414 0.1451978 2.6937210 2.3236021 0.3422167 2.7277580 0.3209782 2.4431673 2.2503712 2.4301954 2.0603678 2.0933468 
n294_367   0.1162874 0.0000000 2.0701178 3.2268698 0.0481254 1.6750336 0.3508916 1.0950451 0.1044180 3.8232027 0.5088101 0.3290011 0.3629426 2.3939727 2.0091372 1.8663987 0.1120836 3.0004132 2.0783752 0.3508520 2.8560792 0.3349274 2.3411303 2.2013756 2.3526537 1.8871577 1.9151494 
n278_351   2.2123479 2.0701178 0.0000000 2.1250315 2.0718723 0.3897057 2.0911246 1.9890534 2.0550863 2.2128357 2.1130309 1.9746004 2.0770086 2.5565940 0.3739518 0.3847676 2.1966510 3.3770830 0.1168330 2.0930927 4.0647904 2.2832812 2.9031324 1.9152543 2.5798353 0.3906876 0.4021011 
n251_324   2.6642561 3.2268698 2.1250315 0.0000000 4.0587914 2.0038933 4.6533520 2.7825515 2.6687009 0.3428661 8.9999988 4.3888229 9.0000000 9.0000000 1.9832732 2.1665095 2.9416800 3.6833606 2.5584777 3.4792538 2.9961912 9.0000000 9.0000000 4.9753307 2.7797612 2.2112861 2.1656300 
n293_366   0.1124637 0.0481254 2.0718723 4.0587914 0.0000000 1.7310937 0.3404428 1.1124526 0.1084986 4.8854952 0.5091592 0.3244430 0.3527760 2.1821004 2.0480153 1.8997608 0.1122961 2.8334495 2.1212977 0.3461966 2.5331204 0.3303377 2.2405296 2.2159030 2.3646229 1.9213546 1.9502907 
n280_353   1.8778048 1.6750336 0.3897057 2.0038933 1.7310937 0.0000000 1.7956264 1.9615624 1.6216614 3.5685285 1.9696643 1.7082813 2.0131087 2.7583395 0.0896751 0.1214840 1.7075244 2.8770389 0.4222130 1.7620055 3.8427413 2.0556637 3.3692868 2.4834275 3.2176516 0.0934096 0.0933523 
n289_362   0.3475984 0.3508916 2.0911246 4.6533520 0.3404428 1.7956264 0.0000000 1.1593604 0.3518087 3.5836847 0.6321426 0.0519243 0.1446408 3.1259767 2.0387748 1.8607455 0.3692819 2.7280274 2.0294886 0.0341644 3.3397141 0.1443474 2.7144568 2.2045661 2.4605030 1.9145828 1.9069000 
n200_267   1.1533777 1.0950451 1.9890534 2.7825515 1.1124526 1.9615624 1.1593604 0.0000000 1.0722048 3.0870454 1.3082093 1.2131449 1.2282855 3.6929177 1.9058159 2.1410436 1.0672240 2.0461926 2.2957397 1.1481380 1.8495906 1.2342545 2.9521721 2.3569409 2.1584770 1.8593603 1.8225902 
n297_370   0.1412332 0.1044180 2.0550863 2.6687009 0.1084986 1.6216614 0.3518087 1.0722048 0.0000000 3.7698839 0.5325074 0.3347643 0.3591792 2.5498205 1.7936985 1.6795418 0.0134412 2.9960928 2.2001154 0.3517689 3.0277185 0.3420985 2.6743734 2.2885460 2.1208994 1.8146081 1.7776543 
n255_328   3.3114007 3.8232027 2.2128357 0.3428661 4.8854952 3.5685285 3.5836847 3.0870454 3.7698839 0.0000000 4.3665409 4.0046090 4.8254804 9.0000000 2.9112516 2.8905354 4.1092217 3.0338098 2.5174385 3.5711910 2.7349190 6.7599300 4.6257571 8.9999986 2.8142953 3.5443858 3.4090101 
n236_307   0.5541579 0.5088101 2.1130309 8.9999988 0.5091592 1.9696643 0.6321426 1.3082093 0.5325074 4.3665409 0.0000000 0.6674387 0.6610403 1.9019527 2.0887708 1.9328526 0.5472248 2.6386026 1.9921958 0.6669340 2.8189961 0.6426966 1.8919610 2.4443983 2.0884078 1.9870194 1.9792228 
n287_360   0.3418979 0.3290011 1.9746004 4.3888229 0.3244430 1.7082813 0.0519243 1.2131449 0.3347643 4.0046090 0.6674387 0.0000000 0.1364156 3.3105544 1.9705087 1.8350761 0.3517771 3.0537538 1.8840261 0.0447865 3.5575994 0.1361411 2.7295826 2.1634245 3.0120218 1.8879340 1.8804942 
n296_369   0.3485750 0.3629426 2.0770086 9.0000000 0.3527760 2.0131087 0.1446408 1.2282855 0.3591792 4.8254804 0.6610403 0.1364156 0.0000000 2.6342130 2.2872617 1.9244813 0.3705126 2.7795037 2.0336003 0.1487722 2.6194335 0.0448163 2.1974690 2.0928316 3.0995123 2.2187882 2.2076922 
n286_359   2.6272070 2.3939727 2.5565940 9.0000000 2.1821004 2.7583395 3.1259767 3.6929177 2.5498205 9.0000000 1.9019527 3.3105544 2.6342130 0.0000000 2.6724655 2.5566342 2.5346609 1.0390757 2.7803112 3.1008291 1.0459305 2.9277711 0.0885898 3.2587045 2.6886300 2.7400336 2.8158248 
n292_365   2.1602130 2.0091372 0.3739518 1.9832732 2.0480153 0.0896751 2.0387748 1.9058159 1.7936985 2.9112516 2.0887708 1.9705087 2.2872617 2.6724655 0.0000000 0.1136596 1.8987340 2.7941679 0.4172925 1.9956773 3.5293457 2.3432893 3.1162838 2.8569930 2.8443141 0.0309140 0.0308955 
n274_347   1.9524414 1.8663987 0.3847676 2.1665095 1.8997608 0.1214840 1.8607455 2.1410436 1.6795418 2.8905354 1.9328526 1.8350761 1.9244813 2.5566342 0.1136596 0.0000000 1.7360564 3.4354877 0.4095522 1.8570037 9.0000000 2.0457989 2.8693211 2.6068272 3.8771864 0.1214844 0.1214087 
n298_371   0.1451978 0.1120836 2.1966510 2.9416800 0.1122961 1.7075244 0.3692819 1.0672240 0.0134412 4.1092217 0.5472248 0.3517771 0.3705126 2.5346609 1.8987340 1.7360564 0.0000000 2.8859328 2.2783237 0.3573560 2.9133927 0.3531514 2.6566789 2.2813097 2.1575843 1.9215447 1.8802521 
n266_339   2.6937210 3.0004132 3.3770830 3.6833606 2.8334495 2.8770389 2.7280274 2.0461926 2.9960928 3.0338098 2.6386026 3.0537538 2.7795037 1.0390757 2.7941679 3.4354877 2.8859328 0.0000000 7.1484974 2.6198596 0.1751156 2.6868218 1.0257656 2.2383734 3.2926931 2.8074428 3.0109889 
n277_350   2.3236021 2.0783752 0.1168330 2.5584777 2.1212977 0.4222130 2.0294886 2.2957397 2.2001154 2.5174385 1.9921958 1.8840261 2.0336003 2.7803112 0.4172925 0.4095522 2.2783237 7.1484974 0.0000000 2.0490917 9.0000000 2.2298882 2.8918444 1.8944831 2.6784004 0.4228570 0.4225622 
n290_363   0.3422167 0.3508520 2.0930927 3.4792538 0.3461966 1.7620055 0.0341644 1.1481380 0.3517689 3.5711910 0.6669340 0.0447865 0.1487722 3.1008291 1.9956773 1.8570037 0.3573560 2.6198596 2.0490917 0.0000000 2.8140660 0.1484693 2.6985964 2.0771694 2.6440483 1.8765734 1.8692407 
n265_338   2.7277580 2.8560792 4.0647904 2.9961912 2.5331204 3.8427413 3.3397141 1.8495906 3.0277185 2.7349190 2.8189961 3.5575994 2.6194335 1.0459305 3.5293457 9.0000000 2.9133927 0.1751156 9.0000000 2.8140660 0.0000000 2.6973926 1.0159257 2.2649201 3.4314771 3.4150292 3.7895980 
n295_368   0.3209782 0.3349274 2.2832812 9.0000000 0.3303377 2.0556637 0.1443474 1.2342545 0.3420985 6.7599300 0.6426966 0.1361411 0.0448163 2.9277711 2.3432893 2.0457989 0.3531514 2.6868218 2.2298882 0.1484693 2.6973926 0.0000000 2.3815894 2.2309071 2.8315648 2.2709299 2.2591599 
n285_358   2.4431673 2.3411303 2.9031324 9.0000000 2.2405296 3.3692868 2.7144568 2.9521721 2.6743734 4.6257571 1.8919610 2.7295826 2.1974690 0.0885898 3.1162838 2.8693211 2.6566789 1.0257656 2.8918444 2.6985964 1.0159257 2.3815894 0.0000000 4.0513285 2.4878769 3.2137379 3.3235670 
n244_317   2.2503712 2.2013756 1.9152543 4.9753307 2.2159030 2.4834275 2.2045661 2.3569409 2.2885460 8.9999986 2.4443983 2.1634245 2.0928316 3.2587045 2.8569930 2.6068272 2.2813097 2.2383734 1.8944831 2.0771694 2.2649201 2.2309071 4.0513285 0.0000000 3.4759815 2.8447164 3.0247520 
n244_315   2.4301954 2.3526537 2.5798353 2.7797612 2.3646229 3.2176516 2.4605030 2.1584770 2.1208994 2.8142953 2.0884078 3.0120218 3.0995123 2.6886300 2.8443141 3.8771864 2.1575843 3.2926931 2.6784004 2.6440483 3.4314771 2.8315648 2.4878769 3.4759815 0.0000000 3.0558635 3.0655849 
n299_372   2.0603678 1.8871577 0.3906876 2.2112861 1.9213546 0.0934096 1.9145828 1.8593603 1.8146081 3.5443858 1.9870194 1.8879340 2.2187882 2.7400336 0.0309140 0.1214844 1.9215447 2.8074428 0.4228570 1.8765734 3.4150292 2.2709299 3.2137379 2.8447164 3.0558635 0.0000000 0.0135453 
n300_373   2.0933468 1.9151494 0.4021011 2.1656300 1.9502907 0.0933523 1.9069000 1.8225902 1.7776543 3.4090101 1.9792228 1.8804942 2.2076922 2.8158248 0.0308955 0.1214087 1.8802521 3.0109889 0.4225622 1.8692407 3.7895980 2.2591599 3.3235670 3.0247520 3.0655849 0.0135453 0.0000000 
