30
n285_382   0.0000000 2.9925975 2.7484767 2.6430911 2.6657093 2.6359209 2.6578841 0.0704019 2.8940035 2.1097426 2.4844513 3.0475410 2.7525332 2.2175408 2.6008521 1.2750867 3.9146793 2.8095270 2.6529546 2.6062794 2.4924724 2.6810588 1.2937900 3.1006202 1.7325477 2.9175778 2.6913653 3.8223189 1.7142818 2.5621044 
n290_387   2.9925975 0.0000000 2.0556736 0.3661888 2.5049791 2.2660060 0.3114281 3.7628566 0.0520728 4.5134469 2.2379306 3.3512776 0.0556872 1.2220436 0.1708581 1.6633163 4.1232843 0.3842526 1.9988058 0.1623398 2.2255568 0.3723325 1.7299465 0.5980490 2.8028358 0.3278456 2.3957422 9.0000000 1.1630267 2.4417489 
n277_374   2.7484767 2.0556736 0.0000000 2.1624776 0.5741595 0.5275585 1.8458105 2.9934375 2.1694091 3.6018343 0.4994065 5.3292276 2.1241189 2.2453981 2.0981516 2.0794661 4.3401110 1.9016884 0.1417332 2.0914176 0.4991046 2.2206772 2.0630467 1.9895226 2.9674325 1.9145852 3.6347736 3.0654993 2.7158659 0.5428632 
n294_391   2.6430911 0.3661888 2.1624776 0.0000000 2.5283651 2.3828569 0.1625886 2.9653975 0.3668158 3.6736203 2.6452337 3.1959325 0.3781967 1.1745721 0.3722292 2.0079619 3.9199299 0.1620979 2.3026404 0.3664118 2.2063328 0.0665870 2.1981301 0.5859477 2.7871878 0.1756373 2.6211831 4.7363989 1.0124026 2.5053694 
n292_389   2.6657093 2.5049791 0.5741595 2.5283651 0.0000000 0.0414430 2.1259757 2.8780926 2.3756504 2.2619732 0.0974149 4.0783758 2.3717501 2.4341601 2.2375621 1.6505556 3.4603540 2.0555061 0.5279815 2.2390551 0.1171162 2.7016340 1.7431269 3.0277357 2.7239975 2.1175169 2.6422675 2.2489338 2.2826064 0.0378946 
n299_396   2.6359209 2.2660060 0.5275585 2.3828569 0.0414430 0.0000000 2.0828098 2.9030786 2.2009228 2.4717626 0.0819955 3.9823005 2.1548676 2.4245087 2.0029737 1.6997834 4.0075874 2.1418923 0.4844962 2.0465678 0.1051416 2.4720166 1.8056830 2.7184376 2.5055136 2.0748792 2.4859273 2.4179640 2.2131224 0.0308298 
n298_395   2.6578841 0.3114281 1.8458105 0.1625886 2.1259757 2.0828098 0.0000000 2.8709910 0.3011297 2.9056910 2.0323352 4.2921051 0.3169573 1.1231634 0.3283808 1.6560196 2.8164167 0.1713717 1.9544612 0.3229100 1.8698518 0.1759054 1.6637518 0.5905121 2.5717013 0.0203690 3.7809127 3.6062167 0.9619604 2.2185768 
n286_383   0.0704019 3.7628566 2.9934375 2.9653975 2.8780926 2.9030786 2.8709910 0.0000000 3.5798891 2.6766635 2.5538343 3.4811954 3.3314640 2.3306601 3.3505471 1.2393405 3.8396620 2.9434101 3.2432695 3.3624430 2.6289728 2.7195601 1.2969595 3.8164097 1.8852320 3.1901912 2.8927280 9.0000000 1.8858702 2.8053973 
n287_384   2.8940035 0.0520728 2.1694091 0.3668158 2.3756504 2.2009228 0.3011297 3.5798891 0.0000000 3.6620723 2.0736900 3.9507902 0.0378031 1.1686781 0.1539576 1.6209919 3.0004759 0.3668951 2.1052352 0.1540901 2.1046209 0.3729751 1.7101910 0.5754128 2.5851440 0.3173166 2.5302383 8.9999990 1.0688152 2.3138143 
n255_350   2.1097426 4.5134469 3.6018343 3.6736203 2.2619732 2.4717626 2.9056910 2.6766635 3.6620723 0.0000000 2.6673871 4.8853363 3.2582920 3.7820282 3.7202046 2.7377708 2.2896093 4.5385564 2.4618922 4.0269343 2.5105803 3.0200884 2.4620862 2.4956487 4.2220702 2.8054012 4.4275431 0.2491147 4.1739219 2.4751053 
n280_377   2.4844513 2.2379306 0.4994065 2.6452337 0.0974149 0.0819955 2.0323352 2.5538343 2.0736900 2.6673871 0.0000000 4.1511210 2.0726153 2.7628546 1.9770361 1.5389753 3.9479560 2.0394570 0.4850484 2.0198678 0.0819803 2.7367123 1.7208117 2.9278035 2.4478516 2.0675749 2.7386193 2.4804108 2.2368419 0.0896817 
n251_346   3.0475410 3.3512776 5.3292276 3.1959325 4.0783758 3.9823005 4.2921051 3.4811954 3.9507902 4.8853363 4.1511210 0.0000000 3.7001663 2.6965946 3.3013698 2.4074907 2.5107224 3.3467077 5.5451771 3.5784505 4.2281116 2.8915576 3.6024939 3.2227645 1.6332177 4.7907558 0.2699084 3.1017198 2.5995751 4.2740556 
n289_386   2.7525332 0.0556872 2.1241189 0.3781967 2.3717501 2.1548676 0.3169573 3.3314640 0.0378031 3.2582920 2.0726153 3.7001663 0.0000000 1.2401768 0.1496592 1.5571350 3.6418380 0.3906681 2.1054586 0.1538875 2.0622052 0.3844547 1.6741835 0.5753974 2.4215511 0.3335183 2.7979531 5.4296378 1.1292729 2.3144779 
n200_288   2.2175408 1.2220436 2.2453981 1.1745721 2.4341601 2.4245087 1.1231634 2.3306601 1.1686781 3.7820282 2.7628546 2.6965946 1.2401768 0.0000000 1.2428370 1.7848173 2.2637393 1.2671877 2.1491375 1.2436088 2.7968697 1.2654199 1.8836852 0.9899375 2.5834851 1.1754355 3.5435357 4.4374638 0.5930703 2.3979570 
n296_393   2.6008521 0.1708581 2.0981516 0.3722292 2.2375621 2.0029737 0.3283808 3.3505471 0.1539576 3.7202046 1.9770361 3.3013698 0.1496592 1.2428370 0.0000000 1.7905939 3.9854362 0.3789466 2.0882155 0.0203099 1.9348909 0.3726462 1.9086560 0.5505253 2.6299753 0.3341396 2.5137177 5.7542474 1.0436715 2.1387669 
n266_363   1.2750867 1.6633163 2.0794661 2.0079619 1.6505556 1.6997834 1.6560196 1.2393405 1.6209919 2.7377708 1.5389753 2.4074907 1.5571350 1.7848173 1.7905939 0.0000000 2.0747572 1.6384546 1.9937662 1.8327875 1.5075622 1.7788876 0.1372804 1.9829634 1.6364335 1.6879494 2.6228723 3.4196440 1.8066934 1.7117119 
n244_335   3.9146793 4.1232843 4.3401110 3.9199299 3.4603540 4.0075874 2.8164167 3.8396620 3.0004759 2.2896093 3.9479560 2.5107224 3.6418380 2.2637393 3.9854362 2.0747572 0.0000000 3.5886672 2.5302719 4.0256714 3.0573778 3.7964404 2.2349501 3.0106925 2.3996211 2.7163008 2.9831790 2.2357441 2.1894010 4.8250200 
n275_372   2.8095270 0.3842526 1.9016884 0.1620979 2.0555061 2.1418923 0.1713717 2.9434101 0.3668951 4.5385564 2.0394570 3.3467077 0.3906681 1.2671877 0.3789466 1.6384546 3.5886672 0.0000000 1.8072097 0.3730592 1.8049901 0.1708216 1.7977525 0.6123604 2.7980528 0.1801099 2.7804118 5.0770158 1.0410583 2.0864162 
n278_375   2.6529546 1.9988058 0.1417332 2.3026404 0.5279815 0.4844962 1.9544612 3.2432695 2.1052352 2.4618922 0.4850484 5.5451771 2.1054586 2.1491375 2.0882155 1.9937662 2.5302719 1.8072097 0.0000000 2.0816027 0.4775482 2.2970471 1.8499726 2.1605768 2.5280507 2.0310101 3.5168658 2.3783593 2.3211401 0.4988484 
n295_392   2.6062794 0.1623398 2.0914176 0.3664118 2.2390551 2.0465678 0.3229100 3.3624430 0.1540901 4.0269343 2.0198678 3.5784505 0.1538875 1.2436088 0.0203099 1.8327875 4.0256714 0.3730592 2.0816027 0.0000000 1.9760065 0.3668227 1.9192565 0.5584802 2.7171202 0.3286195 2.5801531 8.9999986 1.0442810 2.1884585 
n274_371   2.4924724 2.2255568 0.4991046 2.2063328 0.1171162 0.1051416 1.8698518 2.6289728 2.1046209 2.5105803 0.0819803 4.2281116 2.0622052 2.7968697 1.9348909 1.5075622 3.0573778 1.8049901 0.4775482 1.9760065 0.0000000 2.2098058 1.5984172 2.7940459 2.6074267 1.8641571 2.8988734 2.4831337 2.2346644 0.1131136 
n293_390   2.6810588 0.3723325 2.2206772 0.0665870 2.7016340 2.4720166 0.1759054 2.7195601 0.3729751 3.0200884 2.7367123 2.8915576 0.3844547 1.2654199 0.3726462 1.7788876 3.7964404 0.1708216 2.2970471 0.3668227 2.2098058 0.0000000 1.9256357 0.5867673 2.6299201 0.1848117 2.5060597 4.2081682 1.0409973 2.5394324 
n265_362   1.2937900 1.7299465 2.0630467 2.1981301 1.7431269 1.8056830 1.6637518 1.2969595 1.7101910 2.4620862 1.7208117 3.6024939 1.6741835 1.8836852 1.9086560 0.1372804 2.2349501 1.7977525 1.8499726 1.9192565 1.5984172 1.9256357 0.0000000 1.9341622 2.2393039 1.7227510 3.1925808 2.6243480 1.5384636 1.8506954 
n236_325   3.1006202 0.5980490 1.9895226 0.5859477 3.0277357 2.7184376 0.5905121 3.8164097 0.5754128 2.4956487 2.9278035 3.2227645 0.5753974 0.9899375 0.5505253 1.9829634 3.0106925 0.6123604 2.1605768 0.5584802 2.7940459 0.5867673 1.9341622 0.0000000 2.5630998 0.6238398 2.2509862 2.0491046 0.9055870 2.7297016 
n244_337   1.7325477 2.8028358 2.9674325 2.7871878 2.7239975 2.5055136 2.5717013 1.8852320 2.5851440 4.2220702 2.4478516 1.6332177 2.4215511 2.5834851 2.6299753 1.6364335 2.3996211 2.7980528 2.5280507 2.7171202 2.6074267 2.6299201 2.2393039 2.5630998 0.0000000 2.5803108 1.7944198 6.3407161 2.5564717 2.9704271 
n297_394   2.9175778 0.3278456 1.9145852 0.1756373 2.1175169 2.0748792 0.0203690 3.1901912 0.3173166 2.8054012 2.0675749 4.7907558 0.3335183 1.1754355 0.3341396 1.6879494 2.7163008 0.1801099 2.0310101 0.3286195 1.8641571 0.1848117 1.7227510 0.6238398 2.5803108 0.0000000 4.1267093 3.3640181 0.9901587 2.2089508 
n255_352   2.6913653 2.3957422 3.6347736 2.6211831 2.6422675 2.4859273 3.7809127 2.8927280 2.5302383 4.4275431 2.7386193 0.2699084 2.7979531 3.5435357 2.5137177 2.6228723 2.9831790 2.7804118 3.5168658 2.5801531 2.8988734 2.5060597 3.1925808 2.2509862 1.7944198 4.1267093 0.0000000 2.9743724 3.1515543 2.5867376 
n251_344   3.8223189 9.0000000 3.0654993 4.7363989 2.2489338 2.4179640 3.6062167 9.0000000 8.9999990 0.2491147 2.4804108 3.1017198 5.4296378 4.4374638 5.7542474 3.4196440 2.2357441 5.0770158 2.3783593 8.9999986 2.4831337 4.2081682 2.6243480 2.0491046 6.3407161 3.3640181 2.9743724 0.0000000 8.9999989 2.4241600 
n200_289   1.7142818 1.1630267 2.7158659 1.0124026 2.2826064 2.2131224 0.9619604 1.8858702 1.0688152 4.1739219 2.2368419 2.5995751 1.1292729 0.5930703 1.0436715 1.8066934 2.1894010 1.0410583 2.3211401 1.0442810 2.2346644 1.0409973 1.5384636 0.9055870 2.5564717 0.9901587 3.1515543 8.9999989 0.0000000 2.2839284 
n300_397   2.5621044 2.4417489 0.5428632 2.5053694 0.0378946 0.0308298 2.2185768 2.8053973 2.3138143 2.4751053 0.0896817 4.2740556 2.3144779 2.3979570 2.1387669 1.7117119 4.8250200 2.0864162 0.4988484 2.1884585 0.1131136 2.5394324 1.8506954 2.7297016 2.9704271 2.2089508 2.5867376 2.4241600 2.2839284 0.0000000 
