27
n295_298   0.0000000 0.1540835 1.7811514 2.2018761 1.7735774 1.9379773 1.9078555 1.6374123 1.9784031 0.3441058 1.7780864 0.3049452 1.7072619 0.6030868 1.9447268 0.3051686 0.1666900 0.3602753 0.1539915 2.0215032 1.0953930 0.3490892 1.9878801 1.1998104 0.0413398 2.5935704 1.8675892 
n290_293   0.1540835 0.0000000 1.8810231 2.2279012 1.9156269 1.8224137 1.7201992 1.6666009 1.8127139 0.3384078 1.8149857 0.3046210 1.7290564 0.6019823 2.0632031 0.2996671 0.0667845 0.3719458 0.0521473 1.8631147 1.1423946 0.3605663 1.7879548 1.2576521 0.1541074 2.6467395 2.1615728 
n266_269   1.7811514 1.8810231 0.0000000 3.5382196 2.0196696 2.5353300 2.7408431 1.0387519 2.4760764 2.0006562 2.0389567 1.9907635 1.0007823 1.7778839 3.5463174 1.8740354 1.8479031 1.9614535 1.8769408 2.5283010 1.8152520 1.9225304 2.5350377 2.1779097 1.7091417 3.5476570 0.1708732 
n255_258   2.2018761 2.2279012 3.5382196 0.0000000 2.1544697 2.1436435 2.2372152 2.6195299 2.1858104 2.4595910 2.5376093 2.2817820 2.8287773 2.2410858 0.2526168 2.2092668 2.2943816 2.2938432 2.2416702 2.5939474 1.9711931 2.3053283 2.1429180 2.3125245 2.2852962 2.5581755 2.5951065 
n277_280   1.7735774 1.9156269 2.0196696 2.1544697 0.0000000 0.4882693 0.4748385 2.6496773 0.5024856 1.8224646 0.1090872 1.6935914 2.5917927 2.1376706 2.3485364 1.7580215 1.8708992 2.0746153 1.8445701 0.5012829 1.9026332 1.9922003 0.5097746 1.9149352 1.7505198 2.2575670 2.0875037 
n299_302   1.9379773 1.8224137 2.5353300 2.1436435 0.4882693 0.0000000 0.1012754 2.0164482 0.0203781 1.6714797 0.4414125 1.8558425 2.1180149 2.3495127 2.6941891 1.8202273 1.9023696 2.2174028 1.8177579 0.0858213 1.9363332 2.1239053 0.0135106 1.5919332 1.8293194 1.9631814 2.2382401 
n274_277   1.9078555 1.7201992 2.7408431 2.2372152 0.4748385 0.1012754 0.0000000 1.9049657 0.0934716 1.8050798 0.4489364 1.8774607 1.9938087 2.1119365 2.5738752 1.9039318 1.7911590 2.2390364 1.7201770 0.1415346 2.0294581 2.1432408 0.1091521 1.5537125 1.8376997 2.5116090 2.3956164 
n286_289   1.6374123 1.6666009 1.0387519 2.6195299 2.6496773 2.0164482 1.9049657 0.0000000 1.9331621 1.7242920 2.7609770 1.6810437 0.0592275 1.7967505 2.6520614 1.6533119 1.7290245 1.7466608 1.7405207 2.0913725 2.4224981 1.6924855 1.9788639 2.8307175 1.5770511 2.6987860 1.1791780 
n292_295   1.9784031 1.8127139 2.4760764 2.1858104 0.5024856 0.0203781 0.0934716 1.9331621 0.0000000 1.7306207 0.4546853 1.8906944 2.0259473 2.2195091 2.6729822 1.8536824 1.8917202 2.2777544 1.8080946 0.0781999 1.9723575 2.1785694 0.0273177 1.6212560 1.8244258 2.1933594 2.1930807 
n275_278   0.3441058 0.3384078 2.0006562 2.4595910 1.8224646 1.6714797 1.8050798 1.7242920 1.7306207 0.0000000 1.9415883 0.0891062 1.6948491 0.6515524 2.5142182 0.0815439 0.3497020 0.1325496 0.3274236 1.6420950 1.3081747 0.1285001 1.7036963 1.1826202 0.3387243 2.1976484 1.9824725 
n278_281   1.7780864 1.8149857 2.0389567 2.5376093 0.1090872 0.4414125 0.4489364 2.7609770 0.4546853 1.9415883 0.0000000 1.7987598 2.6974069 2.1323218 2.6017750 1.9061848 1.8831168 2.3404885 1.7820098 0.4675249 2.0002307 2.2356324 0.4614857 1.8206365 1.7594739 2.4387759 2.1063746 
n293_296   0.3049452 0.3046210 1.9907635 2.2817820 1.6935914 1.8558425 1.8774607 1.6810437 1.8906944 0.0891062 1.7987598 0.0000000 1.6853697 0.6564862 2.3033286 0.0376455 0.3207549 0.1122663 0.3050227 1.8621931 1.2642420 0.1044548 1.8588753 1.1409636 0.2998635 2.4867579 2.0526588 
n285_288   1.7072619 1.7290564 1.0007823 2.8287773 2.5917927 2.1180149 1.9938087 0.0592275 2.0259473 1.6948491 2.6974069 1.6853697 0.0000000 1.8679205 2.7074759 1.6288761 1.7657967 1.6887063 1.8439477 2.1989759 2.6407970 1.6375025 2.0765287 2.8143697 1.6139409 2.4546374 1.1654567 
n236_239   0.6030868 0.6019823 1.7778839 2.2410858 2.1376706 2.3495127 2.1119365 1.7967505 2.2195091 0.6515524 2.1323218 0.6564862 1.8679205 0.0000000 2.3974560 0.6316479 0.6274027 0.6741154 0.6535428 2.3446627 1.0418194 0.6570024 2.4190426 1.0632881 0.6117102 2.2727882 2.0656578 
n251_254   1.9447268 2.0632031 3.5463174 0.2526168 2.3485364 2.6941891 2.5738752 2.6520614 2.6729822 2.5142182 2.6017750 2.3033286 2.7074759 2.3974560 0.0000000 2.3863114 2.1569585 2.4096753 2.0250939 3.2433835 2.5491993 2.4228584 2.6143611 2.7790163 2.0475893 2.3958302 2.6375298 
n294_297   0.3051686 0.2996671 1.8740354 2.2092668 1.7580215 1.8202273 1.9039318 1.6533119 1.8536824 0.0815439 1.9061848 0.0376455 1.6288761 0.6316479 2.3863114 0.0000000 0.3156977 0.0929007 0.3000607 1.7577839 1.2689256 0.0852999 1.8230889 1.1297883 0.3000827 2.2566738 1.8565887 
n287_290   0.1666900 0.0667845 1.8479031 2.2943816 1.8708992 1.9023696 1.7911590 1.7290245 1.8917202 0.3497020 1.8831168 0.3207549 1.7657967 0.6274027 2.1569585 0.3156977 0.0000000 0.3776210 0.0594286 1.9428571 1.2907345 0.3661598 1.8647916 1.3246663 0.1455968 2.1858497 2.1081703 
n297_300   0.3602753 0.3719458 1.9614535 2.2938432 2.0746153 2.2174028 2.2390364 1.7466608 2.2777544 0.1325496 2.3404885 0.1122663 1.6887063 0.6741154 2.4096753 0.0929007 0.3776210 0.0000000 0.3666116 2.1323506 1.4652138 0.0100398 2.2226665 1.3256529 0.3492084 2.1849216 1.9759375 
n289_292   0.1539915 0.0521473 1.8769408 2.2416702 1.8445701 1.8177579 1.7201770 1.7405207 1.8080946 0.3274236 1.7820098 0.3050227 1.8439477 0.6535428 2.0250939 0.3000607 0.0594286 0.3666116 0.0000000 1.8548348 1.1734585 0.3553051 1.7834166 1.2780356 0.1457000 2.2197180 2.0608437 
n280_283   2.0215032 1.8631147 2.5283010 2.5939474 0.5012829 0.0858213 0.1415346 2.0913725 0.0781999 1.6420950 0.4675249 1.8621931 2.1989759 2.3446627 3.2433835 1.7577839 1.9428571 2.1323506 1.8548348 0.0000000 2.2441874 2.0457333 0.0935144 1.6412341 1.9857287 2.1749961 2.3122003 
n200_213   1.0953930 1.1423946 1.8152520 1.9711931 1.9026332 1.9363332 2.0294581 2.4224981 1.9723575 1.3081747 2.0002307 1.2642420 2.6407970 1.0418194 2.5491993 1.2689256 1.2907345 1.4652138 1.1734585 2.2441874 0.0000000 1.4211200 1.9799579 0.6191811 1.0792165 4.6202016 2.1167630 
n298_301   0.3490892 0.3605663 1.9225304 2.3053283 1.9922003 2.1239053 2.1432408 1.6924855 2.1785694 0.1285001 2.2356324 0.1044548 1.6375025 0.6570024 2.4228584 0.0852999 0.3661598 0.0100398 0.3553051 2.0457333 1.4211200 0.0000000 2.1285082 1.3090394 0.3381860 2.1951774 1.9361526 
n300_303   1.9878801 1.7879548 2.5350377 2.1429180 0.5097746 0.0135106 0.1091521 1.9788639 0.0273177 1.7036963 0.4614857 1.8588753 2.0765287 2.4190426 2.6143611 1.8230889 1.8647916 2.2226665 1.7834166 0.0935144 1.9799579 2.1285082 0.0000000 1.6248421 1.8322605 2.0532960 2.2380422 
n200_212   1.1998104 1.2576521 2.1779097 2.3125245 1.9149352 1.5919332 1.5537125 2.8307175 1.6212560 1.1826202 1.8206365 1.1409636 2.8143697 1.0632881 2.7790163 1.1297883 1.3246663 1.3256529 1.2780356 1.6412341 0.6191811 1.3090394 1.6248421 0.0000000 1.1645222 2.2666988 2.2253578 
n296_299   0.0413398 0.1541074 1.7091417 2.2852962 1.7505198 1.8293194 1.8376997 1.5770511 1.8244258 0.3387243 1.7594739 0.2998635 1.6139409 0.6117102 2.0475893 0.3000827 0.1455968 0.3492084 0.1457000 1.9857287 1.0792165 0.3381860 1.8322605 1.1645222 0.0000000 2.5390211 1.7778651 
n244_247   2.5935704 2.6467395 3.5476570 2.5581755 2.2575670 1.9631814 2.5116090 2.6987860 2.1933594 2.1976484 2.4387759 2.4867579 2.4546374 2.2727882 2.3958302 2.2566738 2.1858497 2.1849216 2.2197180 2.1749961 4.6202016 2.1951774 2.0532960 2.2666988 2.5390211 0.0000000 2.6459121 
n265_268   1.8675892 2.1615728 0.1708732 2.5951065 2.0875037 2.2382401 2.3956164 1.1791780 2.1930807 1.9824725 2.1063746 2.0526588 1.1654567 2.0656578 2.6375298 1.8565887 2.1081703 1.9759375 2.0608437 2.3122003 2.1167630 1.9361526 2.2380422 2.2253578 1.7778651 2.6459121 0.0000000 
