25
n287_288   0.0000000 0.0067373 0.1087116 0.3009208 0.2895819 0.3158294 0.2952195 0.2903964 0.0740171 0.3056110 0.2955102 0.0342554 0.0665782 0.0739901 0.0777831 0.0101328 0.2997158 0.3360643 0.0342372 0.3203776 0.4234514 0.2855479 0.1843765 0.3114938 0.3760550 
n290_291   0.0067373 0.0000000 0.1009734 0.2909295 0.2797658 0.3056503 0.2853196 0.2805529 0.0666573 0.2955713 0.2855988 0.0272829 0.0592962 0.0666330 0.0703827 0.0033630 0.2897662 0.3256329 0.0272684 0.3101544 0.4117145 0.2757634 0.1757606 0.3013559 0.3650282 
n236_237   0.1087116 0.1009734 0.0000000 0.2852050 0.2652926 0.2753802 0.2701611 0.2654854 0.0929000 0.2801892 0.2704227 0.1045099 0.0852447 0.0928661 0.0967790 0.1048869 0.2751044 0.3197089 0.1044506 0.2898704 0.3926225 0.2704817 0.1584294 0.2955301 0.3479152 
n278_279   0.3009208 0.2909295 0.2852050 0.0000000 0.2780403 0.3137389 0.0700016 0.0663756 0.2845596 0.0700458 0.0700599 0.2999423 0.2744447 0.2795630 0.2897247 0.2913846 0.2827781 0.3399092 0.2997486 0.3182569 0.3856440 0.0664780 0.2563462 0.0134750 0.3578542 
n285_286   0.2895819 0.2797658 0.2652926 0.2780403 0.0000000 0.1685054 0.2880765 0.2833189 0.2691161 0.2882780 0.2883574 0.2785301 0.2592359 0.2690222 0.2741579 0.2848184 0.0167645 0.3600302 0.2783529 0.1724133 0.4013560 0.2884202 0.2960035 0.2831100 0.3785176 
n265_266   0.3158294 0.3056503 0.2753802 0.3137389 0.1685054 0.0000000 0.3082851 0.3034066 0.2797356 0.3085024 0.3085899 0.3096611 0.2745162 0.2845404 0.2845760 0.3057768 0.1726187 0.3662262 0.3094601 0.0236080 0.4073123 0.3086572 0.2813358 0.3244500 0.3792822 
n280_281   0.2952195 0.2853196 0.2701611 0.0700016 0.2880765 0.3082851 0.0000000 0.0033408 0.2744215 0.0134549 0.0066965 0.2942295 0.2644589 0.2743259 0.2744983 0.2857641 0.2928774 0.3240245 0.2891203 0.3127743 0.3677500 0.0066982 0.2513791 0.0700821 0.3523515 
n299_300   0.2903964 0.2805529 0.2654854 0.0663756 0.2833189 0.3034066 0.0033408 0.0000000 0.2697312 0.0100734 0.0033426 0.2894243 0.2598286 0.2696370 0.2698066 0.2809892 0.2880931 0.3293809 0.2843462 0.3078766 0.3734482 0.0033432 0.2468036 0.0664520 0.3579445 
n293_294   0.0740171 0.0666573 0.0929000 0.2845596 0.2691161 0.2797356 0.2744215 0.2697312 0.0000000 0.2795913 0.2746873 0.0592165 0.0067118 0.0203325 0.0238000 0.0703639 0.2789462 0.3244701 0.0591842 0.2841177 0.4165909 0.2747472 0.1664655 0.2948534 0.3478409 
n274_275   0.3056110 0.2955713 0.2801892 0.0700458 0.2882780 0.3085024 0.0134549 0.0100734 0.2795913 0.0000000 0.0134657 0.3045803 0.2743785 0.2843899 0.2845684 0.2960340 0.2930826 0.3351909 0.2993947 0.3129948 0.3790498 0.0134684 0.2611575 0.0701267 0.3526476 
n292_293   0.2955102 0.2855988 0.2704227 0.0700599 0.2883574 0.3085899 0.0066965 0.0033426 0.2746873 0.0134657 0.0000000 0.2945183 0.2647133 0.2745916 0.2747643 0.2860441 0.2931639 0.3347558 0.2894031 0.3130840 0.3791692 0.0067036 0.2516198 0.0701410 0.3635587 
n296_297   0.0342554 0.0272829 0.1045099 0.2999423 0.2785301 0.3096611 0.2942295 0.2894243 0.0592165 0.3045803 0.2945183 0.0000000 0.0519500 0.0591950 0.0628922 0.0307763 0.2884802 0.3296915 0.0067075 0.3141710 0.3987836 0.2845941 0.1794761 0.3104748 0.3692168 
n294_295   0.0665782 0.0592962 0.0852447 0.2744447 0.2592359 0.2745162 0.2644589 0.2598286 0.0067118 0.2743785 0.2647133 0.0519500 0.0000000 0.0134805 0.0169063 0.0629602 0.2689254 0.3189429 0.0519219 0.2788722 0.4044006 0.2647709 0.1578780 0.2845831 0.3470584 
n275_276   0.0739901 0.0666330 0.0928661 0.2795630 0.2690222 0.2845404 0.2743259 0.2696370 0.0203325 0.2843899 0.2745916 0.0591950 0.0134805 0.0000000 0.0203430 0.0703382 0.2788494 0.3086321 0.0591626 0.2889419 0.3983148 0.2746515 0.1664047 0.2947519 0.3363071 
n297_298   0.0777831 0.0703827 0.0967790 0.2897247 0.2741579 0.2845760 0.2744983 0.2698066 0.0238000 0.2845684 0.2747643 0.0628922 0.0169063 0.0203430 0.0000000 0.0741115 0.2840620 0.3248279 0.0628577 0.2889779 0.4110864 0.2748242 0.1708301 0.3001002 0.3532333 
n289_290   0.0101328 0.0033630 0.1048869 0.2913846 0.2848184 0.3057768 0.2857641 0.2809892 0.0703639 0.2960340 0.2860441 0.0307763 0.0629602 0.0703382 0.0741115 0.0000000 0.2948915 0.3310205 0.0307600 0.3102829 0.4178075 0.2761915 0.1758296 0.3018299 0.3707377 
n286_287   0.2997158 0.2897662 0.2751044 0.2827781 0.0167645 0.1726187 0.2928774 0.2880931 0.2789462 0.2930826 0.2931639 0.2884802 0.2689254 0.2788494 0.2840620 0.2948915 0.0000000 0.3711472 0.2882956 0.1765402 0.3949031 0.2932277 0.3062723 0.2878808 0.3899686 
n255_256   0.3360643 0.3256329 0.3197089 0.3399092 0.3600302 0.3662262 0.3240245 0.3293809 0.3244701 0.3351909 0.3347558 0.3296915 0.3189429 0.3086321 0.3248279 0.3310205 0.3711472 0.0000000 0.3294756 0.3651353 0.3516878 0.3348286 0.3425792 0.3563982 0.0340123 
n295_296   0.0342372 0.0272684 0.1044506 0.2997486 0.2783529 0.3094601 0.2891203 0.2843462 0.0591842 0.2993947 0.2894031 0.0067075 0.0519219 0.0591626 0.0628577 0.0307600 0.2882956 0.3294756 0.0000000 0.3139670 0.4042568 0.2795484 0.1793679 0.3102730 0.3689694 
n266_267   0.3203776 0.3101544 0.2898704 0.3182569 0.1724133 0.0236080 0.3127743 0.3078766 0.2841177 0.3129948 0.3130840 0.3141710 0.2788722 0.2889419 0.2889779 0.3102829 0.1765402 0.3651353 0.3139670 0.0000000 0.4247950 0.3131521 0.2857451 0.3290202 0.3781392 
n244_245   0.4234514 0.4117145 0.3926225 0.3856440 0.4013560 0.4073123 0.3677500 0.3734482 0.4165909 0.3790498 0.3791692 0.3987836 0.4044006 0.3983148 0.4110864 0.4178075 0.3949031 0.3516878 0.4042568 0.4247950 0.0000000 0.3792513 0.3998098 0.3972680 0.3694819 
n300_301   0.2855479 0.2757634 0.2704817 0.0664780 0.2884202 0.3086572 0.0066982 0.0033432 0.2747472 0.0134684 0.0067036 0.2845941 0.2647709 0.2746515 0.2748242 0.2761915 0.2932277 0.3348286 0.2795484 0.3131521 0.3792513 0.0000000 0.2516747 0.0665540 0.3636379 
n200_201   0.1843765 0.1757606 0.1584294 0.2563462 0.2960035 0.2813358 0.2513791 0.2468036 0.1664655 0.2611575 0.2516198 0.1794761 0.1578780 0.1664047 0.1708301 0.1758296 0.3062723 0.3425792 0.1793679 0.2857451 0.3998098 0.2516747 0.0000000 0.2662630 0.3599618 
n277_278   0.3114938 0.3013559 0.2955301 0.0134750 0.2831100 0.3244500 0.0700821 0.0664520 0.2948534 0.0701267 0.0701410 0.3104748 0.2845831 0.2947519 0.3001002 0.3018299 0.2878808 0.3563982 0.3102730 0.3290202 0.3972680 0.0665540 0.2662630 0.0000000 0.3748281 
n251_252   0.3760550 0.3650282 0.3479152 0.3578542 0.3785176 0.3792822 0.3523515 0.3579445 0.3478409 0.3526476 0.3635587 0.3692168 0.3470584 0.3363071 0.3532333 0.3707377 0.3899686 0.0340123 0.3689694 0.3781392 0.3694819 0.3636379 0.3599618 0.3748281 0.0000000 
