23
n266_311   0.0000000 0.2640614 0.3958487 0.3293277 0.3291634 0.0273004 0.3345145 0.3346574 0.4014854 0.2981025 0.1522512 0.3290671 0.3088001 0.4006570 0.2930478 0.3447699 0.3189117 0.3291685 0.3448951 0.3143846 0.3500775 0.1481984 0.3293589 
n285_330   0.2640614 0.0000000 0.3448070 0.3029246 0.3081564 0.2449755 0.2979275 0.2728570 0.3494170 0.2254251 0.2209580 0.3026885 0.2684276 0.3433353 0.2345842 0.3125145 0.2584012 0.2582728 0.3179380 0.2982904 0.3175918 0.2165443 0.2633136 
n244_285   0.3958487 0.3448070 0.0000000 0.3940175 0.4055543 0.3730618 0.3996632 0.4238970 0.3119090 0.3827873 0.3388439 0.3936168 0.3225046 0.2962140 0.3941677 0.4107072 0.4061703 0.4176776 0.4108514 0.3606538 0.4164818 0.3391520 0.4179101 
n297_344   0.3293277 0.3029246 0.3940175 0.0000000 0.0203060 0.3137066 0.0100755 0.3125042 0.3550281 0.2822120 0.2973008 0.0168644 0.1685029 0.3436757 0.2920140 0.0271574 0.2972693 0.3072033 0.0271676 0.0850042 0.0306203 0.2924323 0.2974077 
n275_320   0.3291634 0.3081564 0.4055543 0.0203060 0.0000000 0.3135530 0.0168711 0.3126431 0.3659698 0.2823342 0.3074087 0.0306551 0.1856239 0.3544395 0.2921414 0.0411420 0.2973998 0.3073392 0.0411575 0.1002273 0.0446717 0.3024769 0.2975383 
n265_310   0.0273004 0.2449755 0.3730618 0.3137066 0.3135530 0.0000000 0.3187857 0.3189650 0.4017003 0.2781381 0.1358858 0.3134604 0.2885122 0.4008712 0.2732214 0.3288358 0.3035472 0.3135974 0.3289560 0.2939274 0.3340329 0.1319174 0.3137796 
n293_340   0.3345145 0.2979275 0.3996632 0.0100755 0.0168711 0.3187857 0.0000000 0.3175597 0.3603853 0.2870658 0.3022562 0.0202790 0.1726778 0.3489469 0.2969301 0.0306165 0.3022232 0.3122212 0.0306274 0.0887454 0.0340940 0.2973574 0.3023641 
n280_325   0.3346574 0.2728570 0.4238970 0.3125042 0.3126431 0.3189650 0.3175597 0.0000000 0.4059422 0.0554538 0.2870657 0.3122598 0.2974012 0.3877242 0.0663410 0.3221906 0.0100717 0.0168561 0.3121499 0.3181815 0.3273246 0.2723687 0.0168659 
n251_296   0.4014854 0.3494170 0.3119090 0.3550281 0.3659698 0.4017003 0.3603853 0.4059422 0.0000000 0.3712519 0.3998090 0.3496547 0.3713440 0.0481483 0.3822454 0.3657774 0.3942303 0.4055414 0.3551317 0.3891466 0.3603785 0.3942494 0.3942531 
n278_323   0.2981025 0.2254251 0.3827873 0.2822120 0.2823342 0.2781381 0.2870658 0.0554538 0.3712519 0.0000000 0.2482096 0.2819949 0.2578963 0.3539261 0.0168516 0.2966849 0.0447261 0.0518315 0.2869678 0.2725991 0.3016499 0.2436453 0.0518616 
n286_333   0.1522512 0.2209580 0.3388439 0.2973008 0.3074087 0.1358858 0.3022562 0.2870657 0.3998090 0.2482096 0.0000000 0.2971127 0.2677244 0.3876939 0.2576494 0.3068576 0.2723501 0.2819570 0.3122298 0.2977431 0.3118914 0.0100845 0.2821214 
n289_336   0.3290671 0.3026885 0.3936168 0.0168644 0.0306551 0.3134604 0.0202790 0.3122598 0.3496547 0.2819949 0.2971127 0.0000000 0.1641790 0.3276918 0.2917882 0.0100601 0.2970387 0.3069638 0.0100639 0.0849456 0.0134429 0.2922475 0.2971769 
n200_233   0.3088001 0.2684276 0.3225046 0.1685029 0.1856239 0.2885122 0.1726778 0.2974012 0.3713440 0.2578963 0.2677244 0.1641790 0.0000000 0.3379677 0.2674701 0.1767260 0.2824632 0.2922104 0.1767926 0.1479119 0.1809620 0.2679448 0.2778179 
n255_300   0.4006570 0.3433353 0.2962140 0.3436757 0.3544395 0.4008712 0.3489469 0.3877242 0.0481483 0.3539261 0.3876939 0.3276918 0.3379677 0.0000000 0.3646538 0.3433237 0.3763174 0.3873460 0.3329962 0.3604944 0.3486075 0.3822254 0.3763410 
n277_322   0.2930478 0.2345842 0.3941677 0.2920140 0.2921414 0.2732214 0.2969301 0.0663410 0.3822454 0.0168516 0.2576494 0.2917882 0.2674701 0.3646538 0.0000000 0.3066679 0.0554518 0.0626582 0.3018676 0.2873573 0.3116971 0.2530297 0.0626946 
n296_343   0.3447699 0.3125145 0.4107072 0.0271574 0.0411420 0.3288358 0.0306165 0.3221906 0.3657774 0.2966849 0.3068576 0.0100601 0.1767260 0.3433237 0.3066679 0.0000000 0.3067784 0.3168236 0.0202567 0.0962343 0.0033343 0.3019353 0.3069214 
n299_346   0.3189117 0.2584012 0.4061703 0.2972693 0.2973998 0.3035472 0.3022232 0.0100717 0.3942303 0.0447261 0.2723501 0.2970387 0.2824632 0.3763174 0.0554518 0.3067784 0.0000000 0.0066952 0.3021189 0.3028117 0.3118094 0.2579422 0.0066990 
n274_319   0.3291685 0.2582728 0.4176776 0.3072033 0.3073392 0.3135974 0.3122212 0.0168561 0.4055414 0.0518315 0.2819570 0.3069638 0.2922104 0.3873460 0.0626582 0.3168236 0.0066952 0.0000000 0.3121126 0.3128311 0.3219195 0.2673672 0.0134533 
n287_334   0.3448951 0.3179380 0.4108514 0.0271676 0.0411575 0.3289560 0.0306274 0.3121499 0.3551317 0.2869678 0.3122298 0.0100639 0.1767926 0.3329962 0.3018676 0.0202567 0.3021189 0.3121126 0.0000000 0.0962707 0.0236852 0.3072704 0.3022596 
n236_277   0.3143846 0.2982904 0.3606538 0.0850042 0.1002273 0.2939274 0.0887454 0.3181815 0.3891466 0.2725991 0.2977431 0.0849456 0.1479119 0.3604944 0.2873573 0.0962343 0.3028117 0.3128311 0.0962707 0.0000000 0.1000393 0.2928668 0.3080481 
n295_342   0.3500775 0.3175918 0.4164818 0.0306203 0.0446717 0.3340329 0.0340940 0.3273246 0.3603785 0.3016499 0.3118914 0.0134429 0.1809620 0.3486075 0.3116971 0.0033343 0.3118094 0.3219195 0.0236852 0.1000393 0.0000000 0.3069382 0.3119549 
n285_332   0.1481984 0.2165443 0.3391520 0.2924323 0.3024769 0.1319174 0.2973574 0.2723687 0.3942494 0.2436453 0.0100845 0.2922475 0.2679448 0.3822254 0.2530297 0.3019353 0.2579422 0.2673672 0.3072704 0.2928668 0.3069382 0.0000000 0.2675236 
n292_339   0.3293589 0.2633136 0.4179101 0.2974077 0.2975383 0.3137796 0.3023641 0.0168659 0.3942531 0.0518616 0.2821214 0.2971769 0.2778179 0.3763410 0.0626946 0.3069214 0.0066990 0.0134533 0.3022596 0.3080481 0.3119549 0.2675236 0.0000000 
