25
n244_243   0.0000000 3.6021853 2.7567241 4.2416486 4.2767293 2.2029582 4.4631623 2.3551381 8.9999982 3.8908535 2.1372821 2.9209736 2.2689843 4.1730354 2.5553912 3.2247196 4.3081325 4.5474478 3.1214609 3.8450971 2.2933049 2.7519282 5.0486850 4.6981279 3.7862637 
n274_273   3.6021853 0.0000000 2.7551477 3.6487570 4.1828524 2.8044467 0.4288437 2.0360081 2.6568488 0.1373285 2.7919251 4.0553001 2.1877600 3.8811963 9.0000000 2.0670511 0.1623519 0.1494770 1.9067215 0.4337313 6.0696949 2.8388509 4.4673469 3.6132330 0.1578973 
n293_292   2.7567241 2.7551477 0.0000000 0.3128144 0.3131680 0.1336575 2.1174932 2.3447630 1.0615153 2.7083857 0.1337257 0.1381528 2.1515360 0.3182182 2.2221256 2.6888657 2.4761089 2.7947954 2.7208257 2.1855210 2.2201157 0.0238413 0.3355465 0.3075567 2.4793703 
n289_288   4.2416486 3.6487570 0.3128144 0.0000000 0.0484326 0.3077898 2.4871299 2.6867733 1.0390025 3.3481561 0.3141631 0.3245001 2.5377122 0.0484322 2.1319387 2.2870898 2.9018645 2.9645278 2.2914038 2.2529324 2.5139100 0.3023602 0.1767557 0.1460456 3.0177137 
n287_286   4.2767293 4.1828524 0.3131680 0.0484326 0.0000000 0.3141097 2.3588229 2.5799942 1.0196377 3.6454070 0.3205771 0.3254052 2.4444331 0.0556330 2.0874742 2.3636563 3.2720358 3.4824801 2.4301261 2.0257171 2.4497442 0.3026952 0.1637754 0.1295625 3.1633008 
n297_296   2.2029582 2.8044467 0.1336575 0.3077898 0.3141097 0.0000000 2.1370184 2.3269262 0.9953689 2.8942526 0.0308226 0.1673323 2.1019506 0.3242573 2.1336140 2.4370512 2.6256640 3.0629282 2.4043791 2.2014846 2.1875661 0.1133311 0.3713816 0.3302019 2.7937540 
n277_276   4.4631623 0.4288437 2.1174932 2.4871299 2.3588229 2.1370184 0.0000000 1.9419605 2.0045904 0.4133596 2.1325544 2.5217113 1.8984729 2.1984508 3.7895843 1.8290423 0.4013524 0.4138402 1.6610968 0.1095008 2.3504082 2.2142993 2.2204470 2.1687850 0.4139521 
n265_264   2.3551381 2.0360081 2.3447630 2.6867733 2.5799942 2.3269262 1.9419605 0.0000000 2.3499922 1.9948663 2.3216970 2.5925571 0.1323424 2.6328776 4.8729540 0.9425709 2.0606831 2.0655356 0.9151680 1.8822076 4.0550086 2.3395032 3.0559127 2.9999939 1.9197474 
n200_201   8.9999982 2.6568488 1.0615153 1.0390025 1.0196377 0.9953689 2.0045904 2.3499922 0.0000000 2.2821695 1.0251935 1.0551798 2.3034948 1.0922514 2.3661994 1.7589048 2.2698483 2.4035145 1.9407052 1.9021499 2.6828149 1.0493524 1.0759912 1.0907348 2.3439740 
n292_291   3.8908535 0.1373285 2.7083857 3.3481561 3.6454070 2.8942526 0.4133596 1.9948663 2.2821695 0.0000000 3.0104596 3.9029819 2.1597175 3.4866818 7.3201932 2.0099941 0.0342008 0.0931526 1.7336358 0.4069373 4.0209067 2.6838409 4.4994319 3.3250903 0.0306648 
n298_297   2.1372821 2.7919251 0.1337257 0.3141631 0.3205771 0.0308226 2.1325544 2.3216970 1.0251935 3.0104596 0.0000000 0.1628627 2.0971409 0.3308340 2.2204086 2.4441550 2.6410522 3.0470629 2.4109645 2.1341204 2.1536133 0.1133870 0.3601335 0.3256017 2.8992332 
n275_274   2.9209736 4.0553001 0.1381528 0.3245001 0.3254052 0.1673323 2.5217113 2.5925571 1.0551798 3.9029819 0.1628627 0.0000000 2.4476967 0.3522984 2.1619557 2.6327835 3.3313723 3.5101143 2.7960741 2.5891898 2.2636254 0.1256901 0.3646957 0.3355889 3.6699943 
n266_265   2.2689843 2.1877600 2.1515360 2.5377122 2.4444331 2.1019506 1.8984729 0.1323424 2.3034948 2.1597175 2.0971409 2.4476967 0.0000000 2.3246042 4.4483507 0.8992662 2.2335533 2.2425813 0.8986801 1.8641375 4.1629178 2.1473252 2.8500311 2.8006427 2.1172639 
n290_289   4.1730354 3.8811963 0.3182182 0.0484322 0.0556330 0.3242573 2.1984508 2.6328776 1.0922514 3.4866818 0.3308340 0.3522984 2.3246042 0.0000000 2.4389632 2.2981420 3.1501045 3.2205217 2.4413657 1.9709441 2.7123429 0.3183303 0.1900272 0.1544252 3.0504432 
n251_250   2.5553912 9.0000000 2.2221256 2.1319387 2.0874742 2.1336140 3.7895843 4.8729540 2.3661994 7.3201932 2.2204086 2.1619557 4.4483507 2.4389632 0.0000000 4.3825681 9.0000000 9.0000000 4.0582227 2.7510149 0.3152981 2.1499450 2.3168119 2.2635156 9.0000000 
n285_284   3.2247196 2.0670511 2.6888657 2.2870898 2.3636563 2.4370512 1.8290423 0.9425709 1.7589048 2.0099941 2.4441550 2.6327835 0.8992662 2.2981420 4.3825681 0.0000000 2.0766603 2.4236418 0.1052991 1.8100345 3.6963479 2.6505695 3.1943995 3.1277023 2.0508575 
n299_298   4.3081325 0.1623519 2.4761089 2.9018645 3.2720358 2.6256640 0.4013524 2.0606831 2.2698483 0.0342008 2.6410522 3.3313723 2.2335533 3.1501045 9.0000000 2.0766603 0.0000000 0.1086404 1.8178146 0.4206104 4.0892033 2.4572756 3.5816778 2.8849700 0.0237571 
n280_279   4.5474478 0.1494770 2.7947954 2.9645278 3.4824801 3.0629282 0.4138402 2.0655356 2.4035145 0.0931526 3.0470629 3.5101143 2.2425813 3.2205217 9.0000000 2.4236418 0.1086404 0.0000000 2.1034760 0.4258446 3.6236575 2.7703687 4.2684229 3.2957481 0.1045933 
n286_285   3.1214609 1.9067215 2.7208257 2.2914038 2.4301261 2.4043791 1.6610968 0.9151680 1.9407052 1.7336358 2.4109645 2.7960741 0.8986801 2.4413657 4.0582227 0.1052991 1.8178146 2.1034760 0.0000000 1.6101597 3.3430322 2.7622314 3.0472195 2.9485734 1.7969138 
n278_277   3.8450971 0.4337313 2.1855210 2.2529324 2.0257171 2.2014846 0.1095008 1.8822076 1.9021499 0.4069373 2.1341204 2.5891898 1.8641375 1.9709441 2.7510149 1.8100345 0.4206104 0.4258446 1.6101597 0.0000000 2.1665757 2.2900858 2.0189895 2.0212583 0.4201955 
n255_254   2.2933049 6.0696949 2.2201157 2.5139100 2.4497442 2.1875661 2.3504082 4.0550086 2.6828149 4.0209067 2.1536133 2.2636254 4.1629178 2.7123429 0.3152981 3.6963479 4.0892033 3.6236575 3.3430322 2.1665757 0.0000000 2.1343653 2.3692126 2.5518338 4.0277893 
n294_293   2.7519282 2.8388509 0.0238413 0.3023602 0.3026952 0.1133311 2.2142993 2.3395032 1.0493524 2.6838409 0.1133870 0.1256901 2.1473252 0.3183303 2.1499450 2.6505695 2.4572756 2.7703687 2.7622314 2.2900858 2.1343653 0.0000000 0.3301332 0.2971750 2.4604461 
n296_295   5.0486850 4.4673469 0.3355465 0.1767557 0.1637754 0.3713816 2.2204470 3.0559127 1.0759912 4.4994319 0.3601335 0.3646957 2.8500311 0.1900272 2.3168119 3.1943995 3.5816778 4.2684229 3.0472195 2.0189895 2.3692126 0.3301332 0.0000000 0.0557718 3.5660614 
n295_294   4.6981279 3.6132330 0.3075567 0.1460456 0.1295625 0.3302019 2.1687850 2.9999939 1.0907348 3.3250903 0.3256017 0.3355889 2.8006427 0.1544252 2.2635156 3.1277023 2.8849700 3.2957481 2.9485734 2.0212583 2.5518338 0.2971750 0.0557718 0.0000000 2.8632994 
n300_299   3.7862637 0.1578973 2.4793703 3.0177137 3.1633008 2.7937540 0.4139521 1.9197474 2.3439740 0.0306648 2.8992332 3.6699943 2.1172639 3.0504432 9.0000000 2.0508575 0.0237571 0.1045933 1.7969138 0.4201955 4.0277893 2.4604461 3.5660614 2.8632994 0.0000000 
