25
n285_284   0.0000000 0.2705394 0.2665701 0.4318917 0.2702102 0.1152551 0.2619271 0.1312173 0.2465515 0.2288111 0.2240932 0.2330633 0.2760963 0.2707278 0.2749226 0.2238036 0.2330558 0.4708243 0.4211592 0.2330725 0.2715142 0.2713155 0.2705609 0.2800803 0.0066898 
n289_288   0.2705394 0.0000000 0.0553573 0.4363851 0.0271114 0.3056087 0.0517967 0.3215805 0.2936742 0.2560902 0.2558677 0.2557047 0.0961227 0.0066932 0.0305629 0.2648605 0.2556949 0.4456523 0.4308456 0.2746669 0.0589846 0.0589523 0.0100536 0.1389654 0.2801220 
n293_292   0.2665701 0.0553573 0.0000000 0.4198628 0.0589349 0.2962954 0.0033439 0.3118168 0.2896539 0.2566566 0.2564326 0.2562687 0.0963122 0.0590340 0.0625348 0.2654479 0.2562594 0.4654670 0.4144243 0.2706940 0.0033443 0.0100721 0.0625998 0.1312453 0.2761268 
n251_250   0.4318917 0.4363851 0.4198628 0.0000000 0.4420941 0.4944986 0.4204360 0.5019525 0.4076218 0.3912083 0.3965880 0.3908268 0.4571678 0.4367113 0.4479678 0.4072683 0.3906311 0.3753419 0.0556882 0.3971285 0.4260125 0.4260160 0.4360299 0.4431326 0.4201842 
n295_294   0.2702102 0.0271114 0.0589349 0.4420941 0.0000000 0.3052274 0.0553600 0.3262420 0.2933137 0.2557829 0.2555604 0.2553973 0.0922666 0.0271278 0.0033345 0.2645411 0.2553881 0.4514854 0.4365181 0.2743323 0.0625799 0.0625454 0.0305622 0.1388108 0.2797791 
n265_264   0.1152551 0.3056087 0.2962954 0.4944986 0.3052274 0.0000000 0.2914690 0.0203238 0.2660100 0.2570883 0.2429505 0.2521640 0.2913281 0.3058256 0.3101643 0.2473711 0.2521551 0.4721144 0.4961938 0.2521742 0.3014609 0.2961645 0.3056335 0.2854766 0.1230577 
n275_274   0.2619271 0.0517967 0.0033439 0.4204360 0.0553600 0.2914690 0.0000000 0.3068889 0.2848903 0.2520765 0.2518572 0.2516967 0.0925549 0.0554528 0.0589450 0.2608265 0.2516878 0.4661184 0.4149884 0.2660360 0.0067058 0.0067024 0.0590062 0.1273267 0.2714283 
n266_265   0.1312173 0.3215805 0.3118168 0.5019525 0.3262420 0.0203238 0.3068889 0.0000000 0.2812214 0.2721260 0.2576659 0.2670794 0.3119879 0.3268909 0.3313217 0.2621737 0.2670692 0.4925508 0.5036829 0.2670902 0.3171046 0.3116760 0.3266833 0.3062496 0.1391985 
n277_276   0.2465515 0.2936742 0.2896539 0.4076218 0.2933137 0.2660100 0.2848903 0.2812214 0.0000000 0.0552643 0.0445685 0.0445445 0.2794072 0.2938810 0.2981507 0.0480428 0.0375242 0.4450042 0.3969261 0.0168393 0.2947477 0.2945257 0.2936978 0.2647508 0.2558219 
n280_279   0.2288111 0.2560902 0.2566566 0.3912083 0.2557829 0.2570883 0.2520765 0.2721260 0.0552643 0.0000000 0.0168642 0.0168546 0.2468664 0.2562679 0.2604070 0.0271288 0.0168546 0.4170631 0.3868389 0.0410891 0.2615251 0.2613365 0.2561103 0.2420830 0.2378861 
n299_298   0.2240932 0.2558677 0.2564326 0.3965880 0.2555604 0.2429505 0.2518572 0.2576659 0.0445685 0.0168642 0.0000000 0.0066940 0.2375330 0.2560441 0.2601795 0.0168331 0.0066940 0.4111655 0.3864647 0.0340701 0.2612959 0.2611076 0.2558879 0.2282729 0.2331052 
n292_291   0.2330633 0.2557047 0.2562687 0.3908268 0.2553973 0.2521640 0.2516967 0.2670794 0.0445445 0.0168546 0.0066940 0.0000000 0.2373840 0.2558811 0.2600129 0.0168243 0.0066905 0.4053161 0.3807708 0.0340520 0.2611282 0.2609402 0.2557249 0.2234811 0.2421798 
n236_237   0.2760963 0.0961227 0.0963122 0.4571678 0.0922666 0.2913281 0.0925549 0.3119879 0.2794072 0.2468664 0.2375330 0.2373840 0.0000000 0.0961843 0.0960278 0.2463405 0.2373761 0.4599926 0.4514607 0.2558996 0.1001773 0.1001190 0.0923276 0.1312517 0.2857712 
n290_289   0.2707278 0.0066932 0.0590340 0.4367113 0.0271278 0.3058256 0.0554528 0.3268909 0.2938810 0.2562679 0.2560441 0.2558811 0.0961843 0.0000000 0.0305815 0.2650442 0.2558719 0.4519177 0.4311672 0.2748581 0.0626853 0.0626508 0.0100597 0.1390553 0.2803180 
n296_295   0.2749226 0.0305629 0.0625348 0.4479678 0.0033345 0.3101643 0.0589450 0.3313217 0.2981507 0.2604070 0.2601795 0.2600129 0.0960278 0.0305815 0.0000000 0.2692069 0.2600033 0.4574042 0.4423526 0.2790599 0.0661981 0.0661615 0.0340280 0.1427958 0.2845486 
n274_273   0.2238036 0.2648605 0.2654479 0.4072683 0.2645411 0.2473711 0.2608265 0.2621737 0.0480428 0.0271288 0.0168331 0.0168243 0.2463405 0.2650442 0.2692069 0.0000000 0.0168242 0.4049238 0.3970364 0.0375124 0.2703670 0.2701708 0.2648815 0.2369805 0.2328026 
n300_299   0.2330558 0.2556949 0.2562594 0.3906311 0.2553881 0.2521551 0.2516878 0.2670692 0.0375242 0.0168546 0.0066940 0.0066905 0.2373761 0.2558719 0.2600033 0.0168242 0.0000000 0.4108457 0.3805811 0.0340517 0.2611185 0.2609306 0.2557157 0.2281233 0.2421716 
n244_245   0.4708243 0.4456523 0.4654670 0.3753419 0.4514854 0.4721144 0.4661184 0.4925508 0.4450042 0.4170631 0.4111655 0.4053161 0.4599926 0.4519177 0.4574042 0.4049238 0.4108457 0.0000000 0.3872669 0.4278248 0.4719948 0.4656397 0.4512106 0.4162913 0.4833060 
n255_254   0.4211592 0.4308456 0.4144243 0.0556882 0.4365181 0.4961938 0.4149884 0.5036829 0.3969261 0.3868389 0.3864647 0.3807708 0.4514607 0.4311672 0.4423526 0.3970364 0.3805811 0.3872669 0.0000000 0.3918388 0.4205298 0.4205337 0.4304959 0.4203254 0.4095934 
n278_277   0.2330725 0.2746669 0.2706940 0.3971285 0.2743323 0.2521742 0.2660360 0.2670902 0.0168393 0.0410891 0.0340701 0.0340520 0.2558996 0.2748581 0.2790599 0.0375124 0.0340517 0.4278248 0.3918388 0.0000000 0.2756576 0.2754553 0.2746887 0.2556665 0.2421895 
n294_293   0.2715142 0.0589846 0.0033443 0.4260125 0.0625799 0.3014609 0.0067058 0.3171046 0.2947477 0.2615251 0.2612959 0.2611282 0.1001773 0.0626853 0.0661981 0.2703670 0.2611185 0.4719948 0.4205298 0.2756576 0.0000000 0.0134659 0.0662671 0.1353082 0.2811383 
n298_297   0.2713155 0.0589523 0.0100721 0.4260160 0.0625454 0.2961645 0.0067024 0.3116760 0.2945257 0.2613365 0.2611076 0.2609402 0.1001190 0.0626508 0.0661615 0.2701708 0.2609306 0.4656397 0.4205337 0.2754553 0.0134659 0.0000000 0.0662305 0.1352257 0.2809300 
n287_286   0.2705609 0.0100536 0.0625998 0.4360299 0.0305622 0.3056335 0.0590062 0.3266833 0.2936978 0.2561103 0.2558879 0.2557249 0.0923276 0.0100597 0.0340280 0.2648815 0.2557157 0.4512106 0.4304959 0.2746887 0.0662671 0.0662305 0.0000000 0.1389610 0.2801444 
n200_203   0.2800803 0.1389654 0.1312453 0.4431326 0.1388108 0.2854766 0.1273267 0.3062496 0.2647508 0.2420830 0.2282729 0.2234811 0.1312517 0.1390553 0.1427958 0.2369805 0.2281233 0.4162913 0.4203254 0.2556665 0.1353082 0.1352257 0.1389610 0.0000000 0.2897835 
n286_285   0.0066898 0.2801220 0.2761268 0.4201842 0.2797791 0.1230577 0.2714283 0.1391985 0.2558219 0.2378861 0.2331052 0.2421798 0.2857712 0.2803180 0.2845486 0.2328026 0.2421716 0.4833060 0.4095934 0.2421895 0.2811383 0.2809300 0.2801444 0.2897835 0.0000000 
