26
n299_300   0.0000000 0.0377608 2.9747082 1.6258676 1.7727271 0.3833914 1.6078452 1.8904974 0.1009212 2.6699414 2.5053768 1.9979913 0.0448591 0.4062619 2.0084997 2.1032123 1.7389272 1.7042192 2.4930563 1.9782476 2.1693189 2.3860615 1.8859527 1.9450498 0.1005598 2.0477322 
n300_301   0.0377608 0.0000000 2.9206604 1.7239521 1.7240665 0.4019233 1.6437036 1.8643454 0.1009331 2.6934673 2.4614063 2.0265571 0.0484616 0.4251753 2.0282828 2.1259680 1.6767080 1.6446840 2.4562231 1.9485250 2.2001400 2.2932102 2.0095255 2.0210576 0.1044578 2.0733694 
n290_291   2.9747082 2.9206604 0.0000000 2.8786075 9.0000000 3.0182229 1.1220683 0.7166821 3.4331898 0.0518688 0.1358481 0.3521743 3.2002606 2.6964202 0.3062160 0.2804923 1.8850110 1.9442030 0.0483220 4.2307173 0.3266735 0.1237479 1.5382702 1.6972014 2.5326584 0.3211614 
n244_245   1.6258676 1.7239521 2.8786075 0.0000000 2.4512473 2.8117510 6.8848753 3.7245600 1.7034313 2.7785310 2.5341120 2.6890507 1.8651242 2.9576855 2.7586892 3.0382085 2.5589879 2.4959191 2.6523471 1.9266985 2.4297509 2.7930591 2.4645825 2.7460814 1.9384000 2.5805928 
n255_256   1.7727271 1.7240665 9.0000000 2.4512473 0.0000000 2.1258813 2.7628094 2.4209783 2.0906784 9.0000000 8.9999989 8.9999988 1.9117518 1.9246802 8.9999988 4.4651763 2.9703902 2.4367600 9.0000000 0.3176286 4.1348286 8.9999989 2.7127715 4.5993566 1.9450168 8.9999988 
n277_278   0.3833914 0.4019233 3.0182229 2.8117510 2.1258813 0.0000000 1.5572009 1.7945186 0.4203812 2.4846605 2.7759717 2.2185964 0.4071458 0.1278465 2.0821686 2.1285885 1.9681425 1.9375688 2.3885724 2.2532938 2.3634827 2.7452302 2.1425952 2.5716294 0.4568306 2.2400201 
n200_201   1.6078452 1.6437036 1.1220683 6.8848753 2.7628094 1.5572009 0.0000000 1.2672272 1.6171806 1.1698115 1.1789370 1.1722877 1.6764588 1.4968986 1.0712749 1.1481150 1.6382359 1.7719795 1.1240190 2.7206480 1.1338016 1.2016552 2.3918588 2.5485890 1.5861295 1.1166739 
n236_237   1.8904974 1.8643454 0.7166821 3.7245600 2.4209783 1.7945186 1.2672272 0.0000000 1.9425375 0.6822512 0.6447635 0.7466319 1.9782087 1.5774099 0.6755187 0.6754692 5.3503275 3.6214104 0.6645870 1.8231293 0.7470416 0.6213114 2.6104592 3.6023137 1.8327056 0.7761717 
n274_275   0.1009212 0.1009331 3.4331898 1.7034313 2.0906784 0.4203812 1.6171806 1.9425375 0.0000000 2.9899250 2.6992432 2.1626302 0.1048999 0.4376899 2.2380377 2.2914840 1.6254660 1.5450947 2.6409023 2.0663839 2.3676235 2.6500233 2.0070114 2.0697370 0.1449639 2.2215122 
n289_290   2.6699414 2.6934673 0.0518688 2.7785310 9.0000000 2.4846605 1.1698115 0.6822512 2.9899250 0.0000000 0.1317346 0.3522037 2.7079763 2.3268341 0.3114722 0.2855524 1.9693987 2.0737119 0.0447245 3.5486231 0.3431432 0.1237473 1.6248045 1.9122433 2.3313629 0.3374903 
n296_297   2.5053768 2.4614063 0.1358481 2.5341120 8.9999989 2.7759717 1.1789370 0.6447635 2.6992432 0.1317346 0.0000000 0.3689534 2.7267139 2.4696938 0.3055433 0.2952534 2.2919013 2.2596795 0.1238041 4.0589287 0.3428381 0.0341027 1.6831437 1.8613413 2.2890798 0.3371915 
n275_276   1.9979913 2.0265571 0.3521743 2.6890507 8.9999988 2.2185964 1.1722877 0.7466319 2.1626302 0.3522037 0.3689534 0.0000000 2.0630453 2.0792808 0.1484095 0.1483371 2.0172659 2.1042456 0.3365913 3.6682526 0.1360665 0.3577288 1.7193188 1.9662788 1.7511816 0.1440015 
n292_293   0.0448591 0.0484616 3.2002606 1.8651242 1.9117518 0.4071458 1.6764588 1.9782087 0.1048999 2.7079763 2.7267139 2.0630453 0.0000000 0.4372213 2.1263834 2.1767450 1.7182705 1.6849102 2.6150917 1.9650694 2.2489779 2.5126882 1.9474821 2.0580883 0.1083539 2.1159038 
n278_279   0.4062619 0.4251753 2.6964202 2.9576855 1.9246802 0.1278465 1.4968986 1.5774099 0.4376899 2.3268341 2.4696938 2.0792808 0.4372213 0.0000000 1.8098179 1.8854877 2.0155802 1.9354675 2.2463701 1.9816112 2.1435194 2.5160782 2.4948285 3.1514722 0.5015024 2.0440758 
n298_299   2.0084997 2.0282828 0.3062160 2.7586892 8.9999988 2.0821686 1.0712749 0.6755187 2.2380377 0.3114722 0.3055433 0.1484095 2.1263834 1.8098179 0.0000000 0.0307928 1.9858181 2.1253330 0.3013670 3.4289163 0.1205841 0.3057472 1.6161999 1.8878713 1.8213636 0.1243150 
n297_298   2.1032123 2.1259680 0.2804923 3.0382085 4.4651763 2.1285885 1.1481150 0.6754692 2.2914840 0.2855524 0.2952534 0.1483371 2.1767450 1.8854877 0.0307928 0.0000000 1.9932293 2.0349566 0.2757987 2.7975741 0.1205319 0.2903132 1.5899777 1.8881726 1.9434257 0.1202481 
n286_287   1.7389272 1.6767080 1.8850110 2.5589879 2.9703902 1.9681425 1.6382359 5.3503275 1.6254660 1.9693987 2.2919013 2.0172659 1.7182705 2.0155802 1.9858181 1.9932293 0.0000000 0.0702219 1.9939241 3.6666092 1.9594113 2.1874116 1.0751710 1.0466032 1.7778228 1.8292519 
n285_286   1.7042192 1.6446840 1.9442030 2.4959191 2.4367600 1.9375688 1.7719795 3.6214104 1.5450947 2.0737119 2.2596795 2.1042456 1.6849102 1.9354675 2.1253330 2.0349566 0.0702219 0.0000000 2.0613365 2.8635523 2.0828866 2.2748025 1.0451742 1.0317271 1.7073829 1.9765839 
n287_288   2.4930563 2.4562231 0.0483220 2.6523471 9.0000000 2.3885724 1.1240190 0.6645870 2.6409023 0.0447245 0.1238041 0.3365913 2.6150917 2.2463701 0.3013670 0.2757987 1.9939241 2.0613365 0.0000000 3.5650586 0.3435179 0.1239067 1.6797295 1.9895240 2.2069304 0.3378567 
n251_252   1.9782476 1.9485250 4.2307173 1.9266985 0.3176286 2.2532938 2.7206480 1.8231293 2.0663839 3.5486231 4.0589287 3.6682526 1.9650694 1.9816112 3.4289163 2.7975741 3.6666092 2.8635523 3.5650586 0.0000000 3.3898307 3.6321126 2.7334391 2.8961816 2.2613997 3.6512366 
n294_295   2.1693189 2.2001400 0.3266735 2.4297509 4.1348286 2.3634827 1.1338016 0.7470416 2.3676235 0.3431432 0.3428381 0.1360665 2.2489779 2.1435194 0.1205841 0.1205319 1.9594113 2.0828866 0.3435179 3.3898307 0.0000000 0.3479401 1.4557254 1.7442642 2.0039534 0.0342445 
n295_296   2.3860615 2.2932102 0.1237479 2.7930591 8.9999989 2.7452302 1.2016552 0.6213114 2.6500233 0.1237473 0.0341027 0.3577288 2.5126882 2.5160782 0.3057472 0.2903132 2.1874116 2.2748025 0.1239067 3.6321126 0.3479401 0.0000000 1.5670175 1.7807679 2.1861687 0.3422561 
n266_267   1.8859527 2.0095255 1.5382702 2.4645825 2.7127715 2.1425952 2.3918588 2.6104592 2.0070114 1.6248045 1.6831437 1.7193188 1.9474821 2.4948285 1.6161999 1.5899777 1.0751710 1.0451742 1.6797295 2.7334391 1.4557254 1.5670175 0.0000000 0.1912200 1.9755036 1.4985075 
n265_266   1.9450498 2.0210576 1.6972014 2.7460814 4.5993566 2.5716294 2.5485890 3.6023137 2.0697370 1.9122433 1.8613413 1.9662788 2.0580883 3.1514722 1.8878713 1.8881726 1.0466032 1.0317271 1.9895240 2.8961816 1.7442642 1.7807679 0.1912200 0.0000000 2.0791328 1.7401582 
n280_281   0.1005598 0.1044578 2.5326584 1.9384000 1.9450168 0.4568306 1.5861295 1.8327056 0.1449639 2.3313629 2.2890798 1.7511816 0.1083539 0.5015024 1.8213636 1.9434257 1.7778228 1.7073829 2.2069304 2.2613997 2.0039534 2.1861687 1.9755036 2.0791328 0.0000000 1.9026410 
n293_294   2.0477322 2.0733694 0.3211614 2.5805928 8.9999988 2.2400201 1.1166739 0.7761717 2.2215122 0.3374903 0.3371915 0.1440015 2.1159038 2.0440758 0.1243150 0.1202481 1.8292519 1.9765839 0.3378567 3.6512366 0.0342445 0.3422561 1.4985075 1.7401582 1.9026410 0.0000000 
