23
n287_288   0.0000000 0.0067022 0.1076502 0.2999944 0.2373468 0.2528393 0.2995300 0.2993732 0.0553878 0.2994417 0.2940747 0.0134644 0.0590599 0.0553811 0.0100719 0.2419307 0.3800963 0.2247144 0.3641271 0.0517751 0.1562624 0.2999786 0.3806124 
n290_291   0.0067022 0.0000000 0.1076107 0.2998804 0.2372583 0.2527440 0.2994166 0.2992598 0.0553683 0.2993284 0.2939633 0.0134598 0.0590392 0.0553617 0.0100684 0.2324441 0.3799485 0.2246305 0.3639859 0.0517570 0.1562051 0.2998646 0.3804642 
n236_237   0.1076502 0.1076107 0.0000000 0.2799028 0.2278930 0.2478369 0.2946410 0.2944876 0.1154193 0.2945551 0.2892272 0.1076665 0.1194728 0.1154017 0.1114312 0.2324142 0.3676091 0.2199217 0.3509866 0.1114641 0.1437504 0.2751397 0.3622467 
n278_279   0.2999944 0.2998804 0.2799028 0.0000000 0.2553892 0.2650625 0.0663015 0.0699371 0.3149276 0.0626904 0.0589906 0.3000447 0.3047961 0.3148348 0.2992306 0.2600763 0.4014114 0.2506216 0.4229882 0.3096436 0.2763520 0.0134552 0.3785995 
n285_286   0.2373468 0.2372583 0.2278930 0.2553892 0.0000000 0.1352162 0.2737365 0.2690459 0.2560839 0.2691084 0.2639990 0.2464535 0.2561554 0.2560210 0.2324426 0.0100815 0.3954010 0.1191576 0.3880457 0.2512355 0.2382340 0.2553813 0.3789057 
n265_266   0.2528393 0.2527440 0.2478369 0.2650625 0.1352162 0.0000000 0.2889091 0.2841183 0.2717900 0.2841841 0.2789458 0.2621870 0.2718640 0.2717193 0.2477849 0.1392284 0.3800591 0.0237591 0.3680398 0.2668036 0.2348129 0.2465255 0.3638410 
n280_281   0.2995300 0.2994166 0.2946410 0.0663015 0.2737365 0.2889091 0.0000000 0.0168706 0.3144332 0.0203194 0.0066993 0.2995799 0.3145091 0.3143410 0.2987689 0.2785295 0.4071265 0.2740015 0.4339889 0.3091606 0.2905978 0.0663035 0.3841442 
n299_300   0.2993732 0.2992598 0.2944876 0.0699371 0.2690459 0.2841183 0.0168706 0.0000000 0.3142661 0.0237524 0.0100683 0.2994231 0.3143420 0.3141739 0.2986121 0.2738104 0.4068894 0.2693040 0.4282462 0.3089970 0.2904462 0.0699391 0.3839255 
n293_294   0.0553878 0.0553683 0.1154193 0.3149276 0.2560839 0.2717900 0.3144332 0.3142661 0.0000000 0.3143374 0.3088491 0.0553958 0.0168787 0.0134550 0.0589446 0.2607885 0.3580346 0.2429258 0.3809875 0.0100642 0.1686830 0.3149086 0.3636183 
n274_275   0.2994417 0.2993284 0.2945551 0.0626904 0.2691084 0.2841841 0.0203194 0.0237524 0.3143374 0.0000000 0.0134737 0.2994916 0.3144133 0.3142452 0.2986807 0.2738738 0.4008719 0.2693666 0.4228756 0.3090674 0.2905134 0.0626924 0.3840072 
n292_293   0.2940747 0.2939633 0.2892272 0.0589906 0.2639990 0.2789458 0.0066993 0.0100683 0.3088491 0.0134737 0.0000000 0.2941238 0.3089251 0.3087598 0.2933316 0.2687272 0.4006668 0.2642496 0.4218551 0.3036253 0.2852022 0.0589925 0.3779127 
n296_297   0.0134644 0.0134598 0.1076665 0.3000447 0.2464535 0.2621870 0.2995799 0.2994231 0.0553958 0.2994916 0.2941238 0.0000000 0.0590686 0.0553892 0.0168561 0.2510922 0.3748276 0.2337094 0.3589570 0.0517827 0.1562870 0.3000289 0.3753346 
n275_276   0.0590599 0.0590392 0.1194728 0.3047961 0.2561554 0.2718640 0.3145091 0.3143420 0.0168787 0.3144133 0.3089251 0.0590686 0.0000000 0.0168770 0.0590522 0.2608606 0.3859420 0.2429960 0.3870269 0.0134653 0.1731073 0.3047793 0.3917459 
n297_298   0.0553811 0.0553617 0.1154017 0.3148348 0.2560210 0.2717193 0.3143410 0.3141739 0.0134550 0.3142452 0.3087598 0.0553892 0.0168770 0.0000000 0.0589375 0.2607234 0.3797852 0.2428681 0.3808511 0.0033425 0.1686517 0.3148158 0.3855347 
n289_290   0.0100719 0.0100684 0.1114312 0.2992306 0.2324426 0.2477849 0.2987689 0.2986121 0.0589446 0.2986807 0.2933316 0.0168561 0.0590522 0.0589375 0.0000000 0.2369909 0.3790593 0.2198874 0.3631460 0.0553155 0.1602817 0.2992150 0.3795724 
n286_287   0.2419307 0.2324441 0.2324142 0.2600763 0.0100815 0.1392284 0.2785295 0.2738104 0.2607885 0.2738738 0.2687272 0.2510922 0.2608606 0.2607234 0.2369909 0.0000000 0.4010790 0.1230786 0.3936434 0.2559066 0.2428400 0.2600676 0.3844625 
n255_256   0.3800963 0.3799485 0.3676091 0.4014114 0.3954010 0.3800591 0.4071265 0.4068894 0.3580346 0.4008719 0.4006668 0.3748276 0.3859420 0.3797852 0.3790593 0.4010790 0.0000000 0.3516402 0.3358269 0.3740885 0.3706312 0.4013660 0.0589029 
n266_267   0.2247144 0.2246305 0.2199217 0.2506216 0.1191576 0.0237591 0.2740015 0.2693040 0.2429258 0.2693666 0.2642496 0.2337094 0.2429960 0.2428681 0.2198874 0.1230786 0.3516402 0.0000000 0.3459148 0.2381531 0.2116918 0.2324408 0.3360412 
n244_245   0.3641271 0.3639859 0.3509866 0.4229882 0.3880457 0.3680398 0.4339889 0.4282462 0.3809875 0.4228756 0.4218551 0.3589570 0.3870269 0.3808511 0.3631460 0.3936434 0.3358269 0.3459148 0.0000000 0.3751374 0.3590331 0.4119388 0.3404196 
n298_299   0.0517751 0.0517570 0.1114641 0.3096436 0.2512355 0.2668036 0.3091606 0.3089970 0.0100642 0.3090674 0.3036253 0.0517827 0.0134653 0.0033425 0.0553155 0.2559066 0.3740885 0.2381531 0.3751374 0.0000000 0.1643888 0.3096248 0.3797918 
n200_201   0.1562624 0.1562051 0.1437504 0.2763520 0.2382340 0.2348129 0.2905978 0.2904462 0.1686830 0.2905134 0.2852022 0.1562870 0.1731073 0.1686517 0.1602817 0.2428400 0.3706312 0.2116918 0.3590331 0.1643888 0.0000000 0.2670576 0.3598358 
n277_278   0.2999786 0.2998646 0.2751397 0.0134552 0.2553813 0.2465255 0.0663035 0.0699391 0.3149086 0.0626924 0.0589925 0.3000289 0.3047793 0.3148158 0.2992150 0.2600676 0.4013660 0.2324408 0.4119388 0.3096248 0.2670576 0.0000000 0.3785624 
n251_252   0.3806124 0.3804642 0.3622467 0.3785995 0.3789057 0.3638410 0.3841442 0.3839255 0.3636183 0.3840072 0.3779127 0.3753346 0.3917459 0.3855347 0.3795724 0.3844625 0.0589029 0.3360412 0.3404196 0.3797918 0.3598358 0.3785624 0.0000000 
