26
n299_300   0.0000000 0.0342400 2.4523708 2.8781450 4.7969574 0.5491933 2.5770647 2.4568413 0.1494057 2.4125316 1.9710368 2.1242218 0.0519997 0.4567245 2.4633592 2.5311705 2.0069693 2.1324950 2.1386020 4.6384497 2.0861442 1.9660205 1.7645645 1.7818720 0.1542076 2.2166355 
n300_301   0.0342400 0.0000000 2.4543086 3.0526304 3.6123422 0.5416142 2.4461151 2.2856371 0.1414727 2.4144857 2.0678537 2.0879764 0.0449430 0.4701210 2.4137055 2.4781330 2.0644657 2.1976076 2.1405655 4.4124564 2.0510049 2.0619622 1.8114118 1.8245471 0.1545978 2.1773236 
n290_291   2.4523708 2.4543086 0.0000000 2.1196232 3.3500681 2.3792888 1.1302961 0.7332947 2.5480037 0.0412052 0.1246197 0.3344125 2.3295537 2.6517224 0.2846173 0.2845498 2.4513487 2.3383078 0.0629210 3.6373269 0.2849283 0.1327701 2.5716907 2.2268480 3.0817725 0.2846804 
n244_245   2.8781450 3.0526304 2.1196232 0.0000000 2.6840872 2.6955024 2.8938143 2.3602390 2.7128407 2.0263024 2.1769475 2.4565382 2.5980732 2.6011336 2.3580957 2.2948157 2.7292109 2.5651082 2.3817147 2.6210900 2.2545373 2.1447212 5.4802272 4.0406869 2.8294322 2.2300452 
n255_256   4.7969574 3.6123422 3.3500681 2.6840872 0.0000000 3.9008931 3.5350502 2.5485114 3.2215964 3.3698736 3.2117118 2.6501859 3.9731022 4.8422427 2.5771547 2.6476884 5.5195376 6.4693800 3.1593614 0.3479723 2.8403350 2.9675861 2.8601288 4.1102403 3.3626360 2.4051237 
n277_278   0.5491933 0.5416142 2.3792888 2.6955024 3.9008931 0.0000000 2.5074098 2.3812539 0.5099843 2.2716164 2.0731353 2.4918951 0.5331596 0.1499829 2.4285197 2.4116347 1.9177180 2.0828110 2.3497122 4.6512631 2.2411902 2.0094162 1.8383300 1.6474758 0.5498332 2.2210138 
n200_201   2.5770647 2.4461151 1.1302961 2.8938143 3.5350502 2.5074098 0.0000000 1.1872195 2.5694602 1.0571166 1.0178807 0.9631309 2.3374573 2.8104683 0.9751582 0.9742214 2.1638157 2.0803903 1.0963334 3.3901083 0.9596777 1.0460194 2.5657436 2.2692250 2.5842801 0.9865044 
n236_237   2.4568413 2.2856371 0.7332947 2.3602390 2.5485114 2.3812539 1.1872195 0.0000000 2.5475370 0.7423630 0.7452885 0.6900544 2.3458761 2.3296672 0.6586965 0.6756635 2.2893989 2.6723098 0.7442635 2.3957647 0.7468666 0.7357975 2.2621242 2.2144129 2.4951327 0.7159950 
n274_275   0.1494057 0.1414727 2.5480037 2.7128407 3.2215964 0.5099843 2.5694602 2.5475370 0.0000000 2.6253367 2.1301224 1.8617955 0.1287464 0.4296914 2.0988740 2.1442127 1.7243888 1.8454071 2.2083837 3.8019578 1.8573059 2.1235752 1.8388925 1.8934035 0.1330214 1.9270074 
n289_290   2.4125316 2.4144857 0.0412052 2.0263024 3.3698736 2.2716164 1.0571166 0.7423630 2.6253367 0.0000000 0.1166598 0.3179433 2.2937762 2.5017888 0.2744942 0.2744288 2.5675574 2.4440803 0.0592390 4.2371821 0.2648267 0.1247149 2.5709831 2.2803288 2.9146824 0.2501069 
n296_297   1.9710368 2.0678537 0.1246197 2.1769475 3.2117118 2.0731353 1.0178807 0.7452885 2.1301224 0.1166598 0.0000000 0.3065051 1.8566349 2.1422550 0.2545060 0.2544449 2.2902574 2.2425090 0.1368237 3.2269735 0.2543866 0.0306232 2.2179397 1.9621491 2.4527600 0.2589827 
n275_276   2.1242218 2.0879764 0.3344125 2.4565382 2.6501859 2.4918951 0.9631309 0.6900544 1.8617955 0.3179433 0.3065051 0.0000000 2.0016875 2.4149401 0.1628564 0.1757221 1.9257752 1.9698994 0.3454489 2.6965905 0.1416470 0.3228744 2.1784637 2.2315428 2.5367679 0.1208282 
n292_293   0.0519997 0.0449430 2.3295537 2.5980732 3.9731022 0.5331596 2.3374573 2.3458761 0.1287464 2.2937762 1.8566349 2.0016875 0.0000000 0.4548714 2.2937845 2.3016532 1.8508761 1.9991019 2.0465808 4.9418685 1.9270259 1.8525278 1.7900127 1.8080664 0.1372174 2.0393422 
n278_279   0.4567245 0.4701210 2.6517224 2.6011336 4.8422427 0.1499829 2.8104683 2.3296672 0.4296914 2.5017888 2.1422550 2.4149401 0.4548714 0.0000000 2.5546871 2.4806723 1.7818434 1.8636538 2.6042001 4.5865698 2.3275756 2.0741224 1.6247448 1.5742223 0.4638294 2.3216614 
n298_299   2.4633592 2.4137055 0.2846173 2.3580957 2.5771547 2.4285197 0.9751582 0.6586965 2.0988740 0.2744942 0.2545060 0.1628564 2.2937845 2.5546871 0.0000000 0.0202915 1.8227403 1.8936609 0.2948448 2.9686385 0.1288754 0.2846332 2.3941159 2.2879398 2.5670526 0.1329317 
n297_298   2.5311705 2.4781330 0.2845498 2.2948157 2.6476884 2.4116347 0.9742214 0.6756635 2.1442127 0.2744288 0.2544449 0.1757221 2.3016532 2.4806723 0.0202915 0.0000000 1.8245015 1.8957408 0.2947752 3.1768527 0.1410792 0.2845656 2.3781559 2.1274579 2.6390965 0.1452049 
n286_287   2.0069693 2.0644657 2.4513487 2.7292109 5.5195376 1.9177180 2.1638157 2.2893989 1.7243888 2.5675574 2.2902574 1.9257752 1.8508761 1.7818434 1.8227403 1.8245015 0.0000000 0.0706696 2.2720696 2.7644977 1.8041321 2.1984974 0.9900442 0.9478203 2.0669905 1.8754392 
n285_286   2.1324950 2.1976076 2.3383078 2.5651082 6.4693800 2.0828110 2.0803903 2.6723098 1.8454071 2.4440803 2.2425090 1.9698994 1.9991019 1.8636538 1.8936609 1.8957408 0.0706696 0.0000000 2.2346811 2.7214925 1.8354022 2.2500264 0.9811227 0.9658351 2.0528753 1.9092818 
n287_288   2.1386020 2.1405655 0.0629210 2.3817147 3.1593614 2.3497122 1.0963334 0.7442635 2.2083837 0.0592390 0.1368237 0.3454489 2.0465808 2.6042001 0.2948448 0.2947752 2.2720696 2.2346811 0.0000000 3.9152862 0.2896409 0.1452990 2.3965964 2.0876417 2.7342175 0.2893871 
n251_252   4.6384497 4.4124564 3.6373269 2.6210900 0.3479723 4.6512631 3.3901083 2.3957647 3.8019578 4.2371821 3.2269735 2.6965905 4.9418685 4.5865698 2.9686385 3.1768527 2.7644977 2.7214925 3.9152862 0.0000000 2.8182226 3.1813630 2.4909376 3.1587723 3.1495331 2.5800022 
n294_295   2.0861442 2.0510049 0.2849283 2.2545373 2.8403350 2.2411902 0.9596777 0.7468666 1.8573059 0.2648267 0.2543866 0.1416470 1.9270259 2.3275756 0.1288754 0.1410792 1.8041321 1.8354022 0.2896409 2.8182226 0.0000000 0.2795990 2.1422376 2.0878629 2.3908926 0.0412351 
n295_296   1.9660205 2.0619622 0.1327701 2.1447212 2.9675861 2.0094162 1.0460194 0.7357975 2.1235752 0.1247149 0.0306232 0.3228744 1.8525278 2.0741224 0.2846332 0.2845656 2.1984974 2.2500264 0.1452990 3.1813630 0.2795990 0.0000000 2.2040934 1.9521978 2.3756415 0.2741663 
n266_267   1.7645645 1.8114118 2.5716907 5.4802272 2.8601288 1.8383300 2.5657436 2.2621242 1.8388925 2.5709831 2.2179397 2.1784637 1.7900127 1.6247448 2.3941159 2.3781559 0.9900442 0.9811227 2.3965964 2.4909376 2.1422376 2.2040934 0.0000000 0.1899095 1.7018884 2.3447266 
n265_266   1.7818720 1.8245471 2.2268480 4.0406869 4.1102403 1.6474758 2.2692250 2.2144129 1.8934035 2.2803288 1.9621491 2.2315428 1.8080664 1.5742223 2.2879398 2.1274579 0.9478203 0.9658351 2.0876417 3.1587723 2.0878629 1.9521978 0.1899095 0.0000000 1.7767448 2.3574030 
n280_281   0.1542076 0.1545978 3.0817725 2.8294322 3.3626360 0.5498332 2.5842801 2.4951327 0.1330214 2.9146824 2.4527600 2.5367679 0.1372174 0.4638294 2.5670526 2.6390965 2.0669905 2.0528753 2.7342175 3.1495331 2.3908926 2.3756415 1.7018884 1.7767448 0.0000000 2.6557999 
n293_294   2.2166355 2.1773236 0.2846804 2.2300452 2.4051237 2.2210138 0.9865044 0.7159950 1.9270074 0.2501069 0.2589827 0.1208282 2.0393422 2.3216614 0.1329317 0.1452049 1.8754392 1.9092818 0.2893871 2.5800022 0.0412351 0.2741663 2.3447266 2.3574030 2.6557999 0.0000000 
