25
n292_293   0.0000000 0.2962699 0.3120325 0.3169411 0.3667349 0.3007214 0.0033423 0.3158664 0.0100739 0.3112445 0.3718622 0.2862062 0.0736539 0.3117170 0.3167694 0.3840137 0.3114374 0.2914980 0.2963349 0.2952489 0.3065528 0.3057678 0.0810101 0.0066981 0.2950347 
n287_288   0.2962699 0.0000000 0.0100929 0.0482742 0.3247383 0.2912860 0.2913474 0.0482094 0.3013860 0.0134644 0.3508060 0.1034984 0.2770183 0.0411923 0.0482739 0.3579081 0.0376463 0.0237040 0.0202767 0.2911401 0.1475752 0.2962752 0.2816846 0.2912824 0.3008280 
n290_291   0.3120325 0.0100929 0.0000000 0.0591493 0.3306490 0.3018638 0.3069981 0.0590698 0.3172711 0.0168904 0.3569731 0.1152957 0.2923615 0.0519535 0.0591492 0.3751266 0.0483426 0.0341629 0.0306826 0.3017142 0.1602332 0.3069330 0.2971225 0.3069287 0.3115496 
n294_295   0.3169411 0.0482742 0.0591493 0.0000000 0.3620409 0.3118024 0.3118758 0.0271534 0.3222139 0.0626670 0.3840993 0.1113096 0.2971548 0.0203028 0.0271894 0.3804427 0.0100701 0.0589848 0.0553966 0.3116498 0.1684810 0.3169383 0.3019415 0.3118050 0.3162909 
n251_252   0.3667349 0.3247383 0.3306490 0.3620409 0.0000000 0.3041628 0.3613622 0.3721109 0.3723463 0.3402090 0.0658313 0.3238456 0.3560853 0.3619198 0.3672820 0.3280414 0.3561846 0.3450837 0.3399442 0.3134614 0.3452285 0.3042294 0.3346731 0.3610171 0.3236988 
n286_287   0.3007214 0.2912860 0.3018638 0.3118024 0.3041628 0.0000000 0.2957788 0.3213383 0.3058600 0.3061550 0.3139517 0.2811195 0.2623746 0.3116924 0.3167426 0.3740043 0.3063439 0.3059172 0.3009993 0.1389455 0.2717426 0.0033490 0.2528728 0.2957128 0.1470776 
n300_301   0.0033423 0.2913474 0.3069981 0.3118758 0.3613622 0.2957788 0.0000000 0.3108213 0.0067019 0.3062248 0.3664553 0.2813497 0.0699881 0.3066877 0.3117073 0.3785039 0.3064139 0.2866038 0.2914111 0.2903474 0.3015597 0.3007917 0.0773115 0.0033421 0.2901372 
n275_276   0.3158664 0.0482094 0.0590698 0.0271534 0.3721109 0.3213383 0.3108213 0.0000000 0.3211177 0.0625826 0.3998908 0.1188545 0.2961575 0.0202758 0.0271523 0.3907921 0.0168470 0.0589053 0.0553221 0.3211832 0.1765605 0.3265330 0.3009260 0.3107510 0.3207558 
n274_275   0.0100739 0.3013860 0.3172711 0.3222139 0.3723463 0.3058600 0.0067019 0.3211177 0.0000000 0.3164676 0.3775116 0.2912497 0.0773767 0.3169502 0.3220388 0.3897751 0.3166645 0.2965828 0.3014523 0.3003426 0.3117462 0.3109431 0.0847700 0.0100733 0.3001242 
n289_290   0.3112445 0.0134644 0.0168904 0.0626670 0.3402090 0.3061550 0.3062248 0.0625826 0.3164676 0.0000000 0.3612256 0.1189818 0.2916298 0.0554505 0.0590153 0.3741500 0.0518265 0.0376005 0.0341110 0.3008087 0.1598596 0.3112441 0.2963775 0.3061558 0.3106096 
n255_256   0.3718622 0.3508060 0.3569731 0.3840993 0.0658313 0.3139517 0.3664553 0.3998908 0.3775116 0.3612256 0.0000000 0.3395560 0.3558739 0.3893558 0.3949122 0.3331617 0.3833811 0.3718386 0.3665239 0.3234623 0.3508335 0.3140208 0.3446735 0.3661034 0.3390765 
n236_237   0.2862062 0.1034984 0.1152957 0.1113096 0.3238456 0.2811195 0.2813497 0.1188545 0.2912497 0.1189818 0.3395560 0.0000000 0.2624222 0.1112663 0.1190201 0.3732696 0.1073286 0.1149631 0.1111184 0.2809774 0.1638218 0.2860369 0.2670058 0.2812875 0.2905331 
n278_279   0.0736539 0.2770183 0.2923615 0.2971548 0.3560853 0.2623746 0.0699881 0.2961575 0.0773767 0.2916298 0.3558739 0.2624222 0.0000000 0.2920658 0.2969955 0.3683629 0.2918082 0.2817924 0.2865711 0.2763511 0.2723246 0.2671750 0.0203163 0.0736496 0.2761517 
n297_298   0.3117170 0.0411923 0.0519535 0.0203028 0.3619198 0.3116924 0.3066877 0.0202758 0.3169502 0.0554505 0.3893558 0.1112663 0.2920658 0.0000000 0.0067014 0.3803174 0.0100777 0.0518097 0.0482532 0.3115398 0.1684163 0.3168269 0.2968220 0.3066185 0.3214951 
n298_299   0.3167694 0.0482739 0.0591492 0.0271894 0.3672820 0.3167426 0.3117073 0.0271523 0.3220388 0.0590153 0.3949122 0.1190201 0.2969955 0.0067014 0.0000000 0.3858376 0.0168691 0.0589847 0.0553964 0.3165886 0.1768156 0.3219114 0.3017793 0.3116367 0.3266067 
n244_245   0.3840137 0.3579081 0.3751266 0.3804427 0.3280414 0.3740043 0.3785039 0.3907921 0.3897751 0.3741500 0.3331617 0.3732696 0.3683629 0.3803174 0.3858376 0.0000000 0.3743928 0.3741909 0.3742187 0.3895601 0.3792984 0.3795789 0.3680044 0.3839850 0.4065695 
n293_294   0.3114374 0.0376463 0.0483426 0.0100701 0.3561846 0.3063439 0.3064139 0.0168470 0.3166645 0.0518265 0.3833811 0.1073286 0.2918082 0.0100777 0.0168691 0.3743928 0.0000000 0.0482090 0.0446711 0.3061931 0.1641037 0.3114369 0.2965593 0.3063448 0.3108017 
n296_297   0.2914980 0.0237040 0.0341629 0.0589848 0.3450837 0.3059172 0.2866038 0.0589053 0.2965828 0.0376005 0.3718386 0.1149631 0.2817924 0.0518097 0.0589847 0.3741909 0.0482090 0.0000000 0.0033408 0.3057667 0.1681525 0.3110008 0.2864841 0.2865401 0.3156272 
n295_296   0.2963349 0.0202767 0.0306826 0.0553966 0.3399442 0.3009993 0.2914111 0.0553221 0.3014523 0.0341110 0.3665239 0.1111184 0.2865711 0.0482532 0.0553964 0.3742187 0.0446711 0.0033408 0.0000000 0.3008503 0.1640199 0.3060510 0.2912881 0.2913461 0.3106525 
n266_267   0.2952489 0.2911401 0.3017142 0.3116498 0.3134614 0.1389455 0.2903474 0.3211832 0.3003426 0.3008087 0.3234623 0.2809774 0.2763511 0.3115398 0.3165886 0.3895601 0.3061931 0.3057667 0.3008503 0.0000000 0.2720580 0.1429872 0.2711502 0.2902830 0.0306038 
n200_201   0.3065528 0.1475752 0.1602332 0.1684810 0.3452285 0.2717426 0.3015597 0.1765605 0.3117462 0.1598596 0.3508335 0.1638218 0.2723246 0.1684163 0.1768156 0.3792984 0.1641037 0.1681525 0.1640199 0.2720580 0.0000000 0.2766016 0.2769666 0.3014919 0.2912339 
n285_286   0.3057678 0.2962752 0.3069330 0.3169383 0.3042294 0.0033490 0.3007917 0.3265330 0.3109431 0.3112441 0.3140208 0.2860369 0.2671750 0.3168269 0.3219114 0.3795789 0.3114369 0.3110008 0.3060510 0.1429872 0.2766016 0.0000000 0.2576115 0.3007242 0.1511656 
n277_278   0.0810101 0.2816846 0.2971225 0.3019415 0.3346731 0.2528728 0.0773115 0.3009260 0.0847700 0.2963775 0.3446735 0.2670058 0.0203163 0.2968220 0.3017793 0.3680044 0.2965593 0.2864841 0.2912881 0.2711502 0.2769666 0.2576115 0.0000000 0.0810054 0.2709552 
n280_281   0.0066981 0.2912824 0.3069287 0.3118050 0.3610171 0.2957128 0.0033421 0.3107510 0.0100733 0.3061558 0.3661034 0.2812875 0.0736496 0.3066185 0.3116367 0.3839850 0.3063448 0.2865401 0.2913461 0.2902830 0.3014919 0.3007242 0.0810054 0.0000000 0.2900728 
n265_266   0.2950347 0.3008280 0.3115496 0.3162909 0.3236988 0.1470776 0.2901372 0.3207558 0.3001242 0.3106096 0.3390765 0.2905331 0.2761517 0.3214951 0.3266067 0.4065695 0.3108017 0.3156272 0.3106525 0.0306038 0.2912339 0.1511656 0.2709552 0.2900728 0.0000000 
