26
n287_288   0.0000000 0.0066748 0.1196296 0.2717848 0.3108041 0.2767375 0.2682508 0.2825452 0.0588027 0.2880025 0.2728722 0.0168246 0.0660751 0.0552346 0.0553013 0.0066736 0.3159891 0.4396743 0.0202234 0.2813529 0.3539212 0.0517144 0.2775237 0.1555844 0.2528856 0.4121026 
n290_291   0.0066748 0.0000000 0.1197790 0.2771714 0.3165364 0.2821710 0.2736271 0.2880433 0.0552651 0.2935580 0.2782858 0.0168447 0.0625075 0.0517091 0.0517713 0.0066815 0.3217707 0.4465286 0.0202476 0.2868233 0.3600825 0.0481986 0.2829751 0.1557812 0.2581101 0.4186920 
n236_237   0.1196296 0.1197790 0.0000000 0.3195431 0.3337993 0.3090780 0.2952525 0.3101501 0.1314273 0.3158934 0.3000583 0.1081280 0.1395394 0.1275061 0.1157704 0.1197601 0.3391798 0.4811913 0.1119437 0.3191852 0.3903832 0.1118501 0.3048966 0.1861459 0.2992879 0.4645812 
n278_279   0.2717848 0.2771714 0.3195431 0.0000000 0.2532269 0.2309605 0.0777590 0.0851516 0.2970069 0.0928833 0.0776866 0.2678616 0.2970069 0.2923657 0.2876906 0.2675787 0.2580291 0.4055919 0.2724824 0.2400708 0.3450943 0.2827190 0.0813658 0.3131469 0.0237595 0.3849180 
n285_286   0.3108041 0.3165364 0.3337993 0.2532269 0.0000000 0.1235681 0.2401693 0.2539730 0.3265565 0.2591883 0.2446424 0.2967291 0.3372202 0.3113158 0.3065491 0.3164953 0.0033338 0.4331234 0.3015077 0.1355400 0.3170194 0.3014626 0.2491437 0.3221978 0.2439750 0.4240102 
n265_266   0.2767375 0.2821710 0.3090780 0.2309605 0.1235681 0.0000000 0.2135989 0.2269828 0.2917858 0.2319880 0.2179458 0.2727989 0.3019630 0.2771887 0.2726007 0.2725102 0.1275693 0.4116850 0.2774499 0.0203879 0.3030890 0.2677352 0.2223192 0.2826641 0.2173613 0.4022160 
n280_281   0.2682508 0.2736271 0.2952525 0.0777590 0.2401693 0.2135989 0.0000000 0.0101330 0.2934527 0.0135623 0.0033629 0.2643218 0.2934527 0.2787606 0.2741441 0.2640418 0.2449014 0.3740642 0.2689408 0.2225350 0.3201068 0.2692470 0.0067370 0.2940802 0.0593563 0.3540346 
n299_300   0.2825452 0.2880433 0.3101501 0.0851516 0.2539730 0.2269828 0.0101330 0.0000000 0.3031014 0.0238807 0.0067351 0.2785818 0.3031014 0.2932825 0.2885911 0.2782858 0.2587920 0.3789140 0.2832763 0.2360670 0.3354697 0.2836014 0.0033591 0.3089077 0.0665868 0.3588023 
n293_294   0.0588027 0.0552651 0.1314273 0.2970069 0.3265565 0.2917858 0.2934527 0.3031014 0.0000000 0.3139426 0.2931504 0.0589359 0.0066690 0.0236353 0.0271013 0.0588641 0.3318587 0.4837436 0.0625132 0.2964868 0.3934956 0.0236558 0.2979248 0.1638080 0.2774449 0.4546221 
n274_275   0.2880025 0.2935580 0.3158934 0.0928833 0.2591883 0.2319880 0.0135623 0.0238807 0.3139426 0.0000000 0.0169810 0.2840184 0.3139426 0.2988480 0.2941188 0.2837157 0.2640497 0.3854469 0.2887509 0.2411453 0.3307850 0.2890839 0.0204119 0.3146211 0.0740940 0.3651470 
n292_293   0.2728722 0.2782858 0.3000583 0.0776866 0.2446424 0.2179458 0.0033629 0.0067351 0.2931504 0.0169810 0.0000000 0.2689334 0.2931504 0.2834514 0.2788125 0.2686483 0.2494009 0.3792894 0.2735751 0.2269265 0.3250532 0.2738873 0.0033585 0.2988639 0.0593015 0.3591525 
n296_297   0.0168246 0.0168447 0.1081280 0.2678616 0.2967291 0.2727989 0.2643218 0.2785818 0.0589359 0.2840184 0.2689334 0.0000000 0.0662254 0.0553595 0.0446954 0.0168417 0.3018281 0.4351465 0.0033383 0.2824015 0.3390916 0.0411545 0.2735751 0.1436017 0.2490096 0.4076656 
n294_295   0.0660751 0.0625075 0.1395394 0.2970069 0.3372202 0.3019630 0.2934527 0.3031014 0.0066690 0.3139426 0.2931504 0.0662254 0.0000000 0.0305463 0.0340536 0.0661444 0.3426033 0.4969417 0.0698356 0.3067229 0.4052464 0.0305729 0.2979248 0.1680807 0.2774449 0.4673301 
n275_276   0.0552346 0.0517091 0.1275061 0.2923657 0.3113158 0.2771887 0.2787606 0.2932825 0.0236353 0.2988480 0.2834514 0.0553595 0.0305463 0.0000000 0.0236682 0.0552921 0.3165104 0.4591713 0.0589233 0.2818120 0.3770665 0.0202377 0.2881733 0.1597366 0.2729016 0.4308880 
n297_298   0.0553013 0.0517713 0.1157704 0.2876906 0.3065491 0.2726007 0.2741441 0.2885911 0.0271013 0.2941188 0.2788125 0.0446954 0.0340536 0.0236682 0.0000000 0.0553588 0.3117136 0.4530164 0.0482174 0.2821943 0.3716450 0.0033356 0.2835116 0.1475263 0.2683299 0.4311743 
n289_290   0.0066736 0.0066815 0.1197601 0.2675787 0.3164953 0.2725102 0.2640418 0.2782858 0.0588641 0.2837157 0.2686483 0.0168417 0.0661444 0.0552921 0.0553588 0.0000000 0.3217290 0.4464693 0.0202439 0.2771113 0.3600361 0.0517681 0.2732849 0.1557578 0.2487479 0.4186375 
n286_287   0.3159891 0.3217707 0.3391798 0.2580291 0.0033338 0.1275693 0.2449014 0.2587920 0.3318587 0.2640497 0.2494009 0.3018281 0.3426033 0.3165104 0.3117136 0.3217290 0.0000000 0.4392059 0.3066371 0.1396096 0.3222638 0.3065903 0.2539289 0.3274775 0.2487179 0.4300454 
n255_256   0.4396743 0.4465286 0.4811913 0.4055919 0.4331234 0.4116850 0.3740642 0.3789140 0.4837436 0.3854469 0.3792894 0.4351465 0.4969417 0.4591713 0.4530164 0.4464693 0.4392059 0.0000000 0.4290432 0.4291096 0.3345701 0.4532536 0.3845512 0.4911352 0.3947377 0.0440887 
n295_296   0.0202234 0.0202476 0.1119437 0.2724824 0.3015077 0.2774499 0.2689408 0.2832763 0.0625132 0.2887509 0.2735751 0.0033383 0.0698356 0.0589233 0.0482174 0.0202439 0.3066371 0.4290432 0.0000000 0.2871046 0.3441361 0.0446614 0.2782398 0.1435048 0.2535290 0.4131103 
n266_267   0.2813529 0.2868233 0.3191852 0.2400708 0.1355400 0.0203879 0.2225350 0.2360670 0.2964868 0.2411453 0.2269265 0.2824015 0.3067229 0.2818120 0.2821943 0.2771113 0.1396096 0.4291096 0.2871046 0.0000000 0.3080805 0.2772669 0.2313453 0.2875995 0.2263141 0.4078668 
n244_245   0.3539212 0.3600825 0.3903832 0.3450943 0.3170194 0.3030890 0.3201068 0.3354697 0.3934956 0.3307850 0.3250532 0.3390916 0.4052464 0.3770665 0.3716450 0.3600361 0.3222638 0.3345701 0.3441361 0.3080805 0.0000000 0.3660658 0.3300335 0.3888478 0.3189110 0.3205957 
n298_299   0.0517144 0.0481986 0.1118501 0.2827190 0.3014626 0.2677352 0.2692470 0.2836014 0.0236558 0.2890839 0.2738873 0.0411545 0.0305729 0.0202377 0.0033356 0.0517681 0.3065903 0.4532536 0.0446614 0.2772669 0.3660658 0.0000000 0.2785580 0.1434379 0.2634855 0.4251639 
n300_301   0.2775237 0.2829751 0.3048966 0.0813658 0.2491437 0.2223192 0.0067370 0.0033591 0.2979248 0.0204119 0.0033585 0.2735751 0.2979248 0.2881733 0.2835116 0.2732849 0.2539289 0.3845512 0.2782398 0.2313453 0.3300335 0.2785580 0.0000000 0.3036798 0.0629017 0.3643061 
n200_201   0.1555844 0.1557812 0.1861459 0.3131469 0.3221978 0.2826641 0.2940802 0.3089077 0.1638080 0.3146211 0.2988639 0.1436017 0.1680807 0.1597366 0.1475263 0.1557578 0.3274775 0.4911352 0.1435048 0.2875995 0.3888478 0.1434379 0.3036798 0.0000000 0.2980130 0.4680576 
n277_278   0.2528856 0.2581101 0.2992879 0.0237595 0.2439750 0.2173613 0.0593563 0.0665868 0.2774449 0.0740940 0.0593015 0.2490096 0.2774449 0.2729016 0.2683299 0.2487479 0.2487179 0.3947377 0.2535290 0.2263141 0.3189110 0.2634855 0.0629017 0.2980130 0.0000000 0.3742998 
n251_252   0.4121026 0.4186920 0.4645812 0.3849180 0.4240102 0.4022160 0.3540346 0.3588023 0.4546221 0.3651470 0.3591525 0.4076656 0.4673301 0.4308880 0.4311743 0.4186375 0.4300454 0.0440887 0.4131103 0.4078668 0.3205957 0.4251639 0.3643061 0.4680576 0.3742998 0.0000000 
