26
n299_300   0.0000000 0.0101293 1.5874264 3.0134425 2.2469703 0.4971802 1.5977682 1.8567519 0.0975319 1.6218820 1.6407840 1.7737543 0.0378980 0.5036533 1.6579657 1.6027764 2.6120193 2.6103421 1.5750994 2.0742936 1.8620764 1.5604561 2.1943893 2.1342384 0.0862200 1.7493784 
n300_301   0.0101293 0.0000000 1.6246630 3.0852048 2.3684762 0.5055091 1.6228043 1.8716481 0.1094049 1.6606374 1.6800911 1.8182709 0.0486666 0.5120590 1.6352192 1.5812675 2.7332684 2.7288664 1.6114342 2.0659507 1.8716360 1.5963509 2.2251464 2.1623777 0.0979163 1.7660754 
n290_291   1.5874264 1.6246630 0.0000000 5.3788954 2.0533841 1.6224738 1.0326075 0.7049975 1.6122217 0.0486733 0.1293268 0.3533262 1.5500718 1.6371939 0.3493628 0.3433971 2.9565778 2.5142533 0.0450879 2.1306457 0.3680536 0.1330834 1.6245612 1.7202702 1.7807156 0.3729368 
n244_245   3.0134425 3.0852048 5.3788954 0.0000000 1.9616060 2.9361653 3.1867099 9.0000000 2.8875174 3.7334342 9.0000000 4.1208990 2.5811827 2.4674624 2.8630961 2.8025147 2.5981253 2.4894556 7.1776900 1.8781442 3.4446661 7.5047744 2.6252960 3.2169236 2.6699991 4.2111561 
n255_256   2.2469703 2.3684762 2.0533841 1.9616060 0.0000000 2.3945238 3.0043399 2.2633772 2.0589336 2.2810017 2.1289529 2.1997714 1.9038017 2.2191748 3.0086331 2.5685860 2.6656845 2.2662163 2.1721665 0.3158407 2.6148459 2.1244934 2.3360132 2.5308711 2.0650561 2.1386737 
n277_278   0.4971802 0.5055091 1.6224738 2.9361653 2.3945238 0.0000000 1.7774918 1.7300541 0.4192710 1.6221281 1.5500481 1.6203521 0.4700633 0.1017767 1.5613040 1.5101867 2.1984862 2.3826887 1.5305575 1.8891539 1.6564622 1.4931081 2.3330413 2.2340467 0.4716968 1.5815804 
n200_201   1.5977682 1.6228043 1.0326075 3.1867099 3.0043399 1.7774918 0.0000000 1.2047215 1.5995570 1.1265323 1.0966040 1.1407152 1.6085119 1.6769496 1.1794589 1.1947973 2.7429241 2.7636590 1.0943829 2.3592871 1.1585180 1.0663012 1.8063184 1.8375710 1.7268056 1.1339798 
n236_237   1.8567519 1.8716481 0.7049975 9.0000000 2.2633772 1.7300541 1.2047215 0.0000000 1.6818097 0.7231455 0.7320867 0.7007716 1.8019317 1.8683552 0.6277970 0.6463672 8.9999984 4.1451945 0.7260060 2.1285458 0.7546329 0.7515083 2.0851007 2.3448809 2.0914918 0.7530322 
n274_275   0.0975319 0.1094049 1.6122217 2.8875174 2.0589336 0.4192710 1.5995570 1.6818097 0.0000000 1.6159979 1.6117266 1.6848503 0.1012757 0.4428468 1.5966877 1.5449601 2.5022635 2.5566187 1.5993579 1.8568386 1.7515321 1.5591729 2.4434636 2.4502839 0.0979076 1.6829624 
n289_290   1.6218820 1.6606374 0.0486733 3.7334342 2.2810017 1.6221281 1.1265323 0.7231455 1.6159979 0.0000000 0.1418691 0.3773724 1.5758862 1.6659272 0.3497729 0.3497651 2.7586526 2.4893761 0.0633362 2.1639400 0.4045977 0.1456731 1.6423021 1.6761708 1.7850881 0.4038240 
n296_297   1.6407840 1.6800911 0.1293268 9.0000000 2.1289529 1.5500481 1.0966040 0.7320867 1.6117266 0.1418691 0.0000000 0.3789681 1.5462707 1.5977861 0.3623905 0.3499670 3.0926999 2.9600559 0.1335093 1.9205806 0.4004543 0.0238835 1.6674733 1.7042404 1.7112935 0.3932199 
n275_276   1.7737543 1.8182709 0.3533262 4.1208990 2.1997714 1.6203521 1.1407152 0.7007716 1.6848503 0.3773724 0.3789681 0.0000000 1.7764332 1.9056989 0.1241912 0.1408890 2.6187934 2.4396974 0.3477371 1.8964564 0.1533404 0.3834343 2.1081308 2.1113887 1.8411353 0.1489238 
n292_293   0.0378980 0.0486666 1.5500718 2.5811827 1.9038017 0.4700633 1.6085119 1.8019317 0.1012757 1.5758862 1.5462707 1.7764332 0.0000000 0.4752185 1.6338644 1.5800277 2.3897516 2.3442801 1.5385474 1.8747542 1.8599525 1.4730708 2.0655583 2.0140652 0.0822726 1.7273739 
n278_279   0.5036533 0.5120590 1.6371939 2.4674624 2.2191748 0.1017767 1.6769496 1.8683552 0.4428468 1.6659272 1.5977861 1.9056989 0.4752185 0.0000000 1.8339599 1.7622504 2.2260532 2.6236806 1.5923552 1.8281969 1.9017001 1.5415438 2.4529788 2.3962205 0.4715018 1.8052367 
n298_299   1.6579657 1.6352192 0.3493628 2.8630961 3.0086331 1.5613040 1.1794589 0.6277970 1.5966877 0.3497729 0.3623905 0.1241912 1.6338644 1.8339599 0.0000000 0.0272006 2.8613066 2.7046797 0.3383266 1.9486405 0.1576639 0.3727432 2.1511172 2.2270648 1.7474684 0.1409922 
n297_298   1.6027764 1.5812675 0.3433971 2.8025147 2.5685860 1.5101867 1.1947973 0.6463672 1.5449601 0.3497651 0.3499670 0.1408890 1.5800277 1.7622504 0.0272006 0.0000000 2.6673048 2.5396659 0.3324621 1.7825160 0.1710074 0.3721807 2.0712499 2.1427364 1.6825057 0.1538539 
n286_287   2.6120193 2.7332684 2.9565778 2.5981253 2.6656845 2.1984862 2.7429241 8.9999984 2.5022635 2.7586526 3.0926999 2.6187934 2.3897516 2.2260532 2.8613066 2.6673048 0.0000000 0.0853192 2.8884681 7.0544844 2.9408859 3.3665522 1.0004087 1.0411680 2.3652625 2.9027494 
n285_286   2.6103421 2.7288664 2.5142533 2.4894556 2.2662163 2.3826887 2.7636590 4.1451945 2.5566187 2.4893761 2.9600559 2.4396974 2.3442801 2.6236806 2.7046797 2.5396659 0.0853192 0.0000000 2.5595754 3.7919119 2.5581717 3.1833757 0.9273923 1.0274621 2.3804645 2.6096970 
n287_288   1.5750994 1.6114342 0.0450879 7.1776900 2.1721665 1.5305575 1.0943829 0.7260060 1.5993579 0.0633362 0.1335093 0.3477371 1.5385474 1.5923552 0.3383266 0.3324621 2.8884681 2.5595754 0.0000000 2.0702405 0.3797923 0.1372819 1.7067754 1.6911201 1.7635076 0.3556243 
n251_252   2.0742936 2.0659507 2.1306457 1.8781442 0.3158407 1.8891539 2.3592871 2.1285458 1.8568386 2.1639400 1.9205806 1.8964564 1.8747542 1.8281969 1.9486405 1.7825160 7.0544844 3.7919119 2.0702405 0.0000000 2.0709915 1.9173823 2.3181648 2.1907770 1.8940916 1.8722000 
n294_295   1.8620764 1.8716360 0.3680536 3.4446661 2.6148459 1.6564622 1.1585180 0.7546329 1.7515321 0.4045977 0.4004543 0.1533404 1.8599525 1.9017001 0.1576639 0.1710074 2.9408859 2.5581717 0.3797923 2.0709915 0.0000000 0.3985186 2.4046291 2.8169032 1.8528032 0.0485696 
n295_296   1.5604561 1.5963509 0.1330834 7.5047744 2.1244934 1.4931081 1.0663012 0.7515083 1.5591729 0.1456731 0.0238835 0.3834343 1.4730708 1.5415438 0.3727432 0.3721807 3.3665522 3.1833757 0.1372819 1.9173823 0.3985186 0.0000000 1.7428561 1.7559958 1.6875001 0.3799842 
n266_267   2.1943893 2.2251464 1.6245612 2.6252960 2.3360132 2.3330413 1.8063184 2.0851007 2.4434636 1.6423021 1.6674733 2.1081308 2.0655583 2.4529788 2.1511172 2.0712499 1.0004087 0.9273923 1.7067754 2.3181648 2.4046291 1.7428561 0.0000000 0.0961603 2.2446597 2.4759534 
n265_266   2.1342384 2.1623777 1.7202702 3.2169236 2.5308711 2.2340467 1.8375710 2.3448809 2.4502839 1.6761708 1.7042404 2.1113887 2.0140652 2.3962205 2.2270648 2.1427364 1.0411680 1.0274621 1.6911201 2.1907770 2.8169032 1.7559958 0.0961603 0.0000000 2.2778284 2.5932129 
n280_281   0.0862200 0.0979163 1.7807156 2.6699991 2.0650561 0.4716968 1.7268056 2.0914918 0.0979076 1.7850881 1.7112935 1.8411353 0.0822726 0.4715018 1.7474684 1.6825057 2.3652625 2.3804645 1.7635076 1.8940916 1.8528032 1.6875001 2.2446597 2.2778284 0.0000000 1.7759696 
n293_294   1.7493784 1.7660754 0.3729368 4.2111561 2.1386737 1.5815804 1.1339798 0.7530322 1.6829624 0.4038240 0.3932199 0.1489238 1.7273739 1.8052367 0.1409922 0.1538539 2.9027494 2.6096970 0.3556243 1.8722000 0.0485696 0.3799842 2.4759534 2.5932129 1.7759696 0.0000000 
