26
n292_293   0.0000000 0.3490029 0.3494978 0.3591918 0.3820926 0.2576373 0.0033377 0.3430254 0.0033408 0.3490099 0.3701962 0.3328683 0.0066965 0.0630478 0.3542876 0.3601035 0.3720906 0.3475410 0.3543427 0.3546757 0.2417220 0.3317759 0.2576958 0.0557272 0.0100673 0.2465233 
n287_288   0.3490029 0.0000000 0.0033379 0.0519504 0.3995725 0.3050035 0.3488993 0.0306548 0.3547561 0.0066883 0.3874053 0.0818704 0.3548135 0.3858842 0.0521310 0.0557663 0.4200568 0.0447580 0.0168889 0.0169028 0.2891858 0.1589156 0.2999097 0.3797306 0.3548151 0.2994757 
n290_291   0.3494978 0.0033379 0.0000000 0.0555875 0.4059805 0.3105309 0.3493940 0.0341645 0.3552606 0.0033378 0.3937000 0.0857068 0.3553181 0.3864433 0.0557804 0.0594378 0.4266771 0.0483497 0.0203275 0.0203442 0.2945815 0.1547712 0.3053973 0.3802790 0.3553198 0.3049538 
n294_295   0.3591918 0.0519504 0.0555875 0.0000000 0.4167442 0.3095941 0.3590847 0.0202824 0.3650143 0.0591792 0.4043162 0.0970945 0.3650734 0.3965616 0.0342407 0.0377705 0.4242986 0.0066731 0.0555153 0.0555622 0.2987887 0.1714162 0.3044786 0.3903266 0.3650763 0.3091931 
n251_252   0.3820926 0.3995725 0.4059805 0.4167442 0.0000000 0.3415518 0.3819756 0.4056295 0.3813822 0.3997288 0.0169850 0.3760136 0.3882320 0.4147865 0.4257797 0.4198289 0.2100156 0.4172384 0.4061326 0.4005653 0.3248891 0.3745991 0.3353299 0.4143260 0.4001524 0.3246169 
n286_287   0.2576373 0.3050035 0.3105309 0.3095941 0.3415518 0.0000000 0.2575660 0.2888250 0.2626655 0.3101047 0.3302968 0.2737690 0.2627064 0.3161367 0.2996498 0.2946297 0.3418776 0.2987479 0.3050553 0.3001691 0.1464063 0.2883375 0.0067389 0.3106019 0.2726145 0.1421079 
n300_301   0.0033377 0.3488993 0.3493940 0.3590847 0.3819756 0.2575660 0.0000000 0.3429241 0.0066935 0.3489064 0.3700838 0.3327705 0.0033389 0.0666844 0.3541821 0.3599958 0.3719772 0.3474383 0.3542372 0.3545700 0.2416562 0.3316788 0.2576245 0.0593281 0.0134490 0.2464559 
n275_276   0.3430254 0.0306548 0.0341645 0.0202824 0.4056295 0.2888250 0.3429241 0.0000000 0.3487256 0.0376537 0.3933629 0.0779891 0.3487818 0.3795396 0.0203510 0.0238085 0.4202123 0.0134444 0.0412349 0.0412689 0.2783340 0.1544463 0.2838436 0.3734475 0.3487828 0.2884559 
n274_275   0.0033408 0.3547561 0.3552606 0.3650143 0.3813822 0.2626655 0.0066935 0.3487256 0.0000000 0.3547634 0.3695128 0.3384984 0.0100712 0.0667432 0.3600792 0.3659442 0.3780996 0.3532643 0.3601358 0.3604749 0.2466146 0.3373836 0.2627252 0.0593803 0.0134605 0.2514497 
n289_290   0.3490099 0.0066883 0.0033378 0.0591792 0.3997288 0.3101047 0.3489064 0.0376537 0.3547634 0.0000000 0.3875547 0.0894631 0.3548208 0.3863249 0.0593848 0.0630602 0.4202254 0.0519054 0.0237605 0.0237800 0.2941798 0.1589066 0.3049788 0.3801630 0.3548224 0.3045365 
n255_256   0.3701962 0.3874053 0.3937000 0.4043162 0.0169850 0.3302968 0.3700838 0.3933629 0.3695128 0.3875547 0.0000000 0.3642205 0.3762329 0.4022978 0.4131446 0.4072878 0.2007679 0.4047934 0.3938475 0.3883625 0.3138915 0.3628622 0.3241859 0.4018562 0.3879598 0.3136309 
n236_237   0.3328683 0.0818704 0.0857068 0.0970945 0.3760136 0.2737690 0.3327705 0.0779891 0.3384984 0.0894631 0.3642205 0.0000000 0.3385529 0.3623528 0.0935721 0.0974647 0.3831125 0.0893424 0.0895297 0.0896056 0.2679875 0.1503287 0.2633550 0.3564084 0.3496146 0.2779610 
n299_300   0.0066965 0.3548135 0.3553181 0.3650734 0.3882320 0.2627064 0.0033389 0.3487818 0.0100712 0.3548208 0.3762329 0.3385529 0.0000000 0.0704250 0.3601375 0.3660036 0.3781620 0.3533212 0.3601942 0.3605333 0.2466526 0.3317102 0.2627661 0.0630230 0.0168635 0.2514885 
n278_279   0.0630478 0.3858842 0.3864433 0.3965616 0.4147865 0.3161367 0.0666844 0.3795396 0.0667432 0.3863249 0.4022978 0.3623528 0.0704250 0.0000000 0.3914384 0.3975959 0.4165748 0.3842216 0.3915038 0.3918775 0.2720559 0.3669153 0.3050302 0.0067110 0.0741391 0.2770783 
n297_298   0.3542876 0.0521310 0.0557804 0.0342407 0.4257797 0.2996498 0.3541821 0.0203510 0.3600792 0.0593848 0.4131446 0.0935721 0.3601375 0.3914384 0.0000000 0.0033378 0.4200302 0.0272338 0.0557083 0.0520756 0.2889817 0.1631984 0.2945922 0.3852399 0.3601398 0.2992637 
n298_299   0.3601035 0.0557663 0.0594378 0.0377705 0.4198289 0.2946297 0.3599958 0.0238085 0.3659442 0.0630602 0.4072878 0.0974647 0.3660036 0.3975959 0.0033378 0.0000000 0.4141207 0.0307234 0.0593608 0.0557068 0.2840329 0.1590395 0.2896023 0.3913402 0.3660066 0.2942511 
n244_245   0.3720906 0.4200568 0.4266771 0.4242986 0.2100156 0.3418776 0.3719772 0.4202123 0.3780996 0.4202254 0.2007679 0.3831125 0.3781620 0.4165748 0.4200302 0.4141207 0.0000000 0.4248040 0.4268373 0.4137626 0.3250748 0.3889099 0.3467289 0.4100765 0.3899552 0.3480872 
n293_294   0.3475410 0.0447580 0.0483497 0.0066731 0.4172384 0.2987479 0.3474383 0.0134444 0.3532643 0.0519054 0.4047934 0.0893424 0.3533212 0.3842216 0.0272338 0.0307234 0.4248040 0.0000000 0.0482882 0.0483281 0.2881185 0.1626906 0.2937080 0.3781020 0.3533227 0.2983641 
n296_297   0.3543427 0.0168889 0.0203275 0.0555153 0.4061326 0.3050553 0.3542372 0.0412349 0.3601358 0.0237605 0.3938475 0.0895297 0.3601942 0.3915038 0.0557083 0.0593608 0.4268373 0.0482882 0.0000000 0.0134831 0.2941290 0.1630484 0.2999607 0.3853035 0.3546643 0.2995267 
n295_296   0.3546757 0.0169028 0.0203442 0.0555622 0.4005653 0.3001691 0.3545700 0.0412689 0.3604749 0.0237800 0.3883625 0.0896056 0.3605333 0.3918775 0.0520756 0.0557068 0.4137626 0.0483281 0.0134831 0.0000000 0.2944000 0.1631907 0.2951024 0.3856704 0.3605356 0.2998032 
n266_267   0.2417220 0.2891858 0.2945815 0.2987887 0.3248891 0.1464063 0.2416562 0.2783340 0.2466146 0.2941798 0.3138915 0.2679875 0.2466526 0.2720559 0.2889817 0.2840329 0.3250748 0.2881185 0.2941290 0.2944000 0.0000000 0.2573373 0.1379286 0.2669055 0.2563006 0.0169310 
n200_201   0.3317759 0.1589156 0.1547712 0.1714162 0.3745991 0.2883375 0.3316788 0.1544463 0.3373836 0.1589066 0.3628622 0.1503287 0.3317102 0.3669153 0.1631984 0.1590395 0.3889099 0.1626906 0.1630484 0.1631907 0.2573373 0.0000000 0.2878362 0.3552189 0.3484554 0.2727044 
n285_286   0.2576958 0.2999097 0.3053973 0.3044786 0.3353299 0.0067389 0.2576245 0.2838436 0.2627252 0.3049788 0.3241859 0.2633550 0.2627661 0.3050302 0.2945922 0.2896023 0.3467289 0.2937080 0.2999607 0.2951024 0.1379286 0.2878362 0.0000000 0.2995911 0.2726766 0.1336933 
n277_278   0.0557272 0.3797306 0.3802790 0.3903266 0.4143260 0.3106019 0.0593281 0.3734475 0.0593803 0.3801630 0.4018562 0.3564084 0.0630230 0.0067110 0.3852399 0.3913402 0.4100765 0.3781020 0.3853035 0.3856704 0.2669055 0.3552189 0.2995911 0.0000000 0.0666961 0.2718894 
n280_281   0.0100673 0.3548151 0.3553198 0.3650763 0.4001524 0.2726145 0.0134490 0.3487828 0.0134605 0.3548224 0.3879598 0.3496146 0.0168635 0.0741391 0.3601398 0.3660066 0.3899552 0.3533227 0.3546643 0.3605356 0.2563006 0.3484554 0.2726766 0.0666961 0.0000000 0.2612011 
n265_266   0.2465233 0.2994757 0.3049538 0.3091931 0.3246169 0.1421079 0.2464559 0.2884559 0.2514497 0.3045365 0.3136309 0.2779610 0.2514885 0.2770783 0.2992637 0.2942511 0.3480872 0.2983641 0.2995267 0.2998032 0.0169310 0.2727044 0.1336933 0.2718894 0.2612011 0.0000000 
