25
n292_293   0.0000000 0.2391133 0.2343824 0.2530807 0.3548442 0.2303488 0.0033333 0.2634853 0.0033367 0.3550290 0.2537637 0.0033348 0.0446545 0.2727976 0.2678800 0.3617139 0.2529818 0.2485471 0.2390851 0.2447646 0.2675786 0.2350758 0.0341221 0.0168423 0.2401246 
n287_288   0.2391133 0.0000000 0.0033459 0.0448197 0.3939466 0.2686195 0.2390189 0.0413153 0.2438930 0.3892868 0.0851315 0.2437210 0.2580085 0.0520278 0.0520073 0.4145534 0.0519417 0.0134878 0.0067095 0.2590335 0.1398886 0.2636085 0.2440336 0.2628569 0.2543052 
n290_291   0.2343824 0.0033459 0.0000000 0.0412545 0.3880510 0.2636680 0.2342901 0.0377641 0.2391273 0.3834175 0.0813424 0.2389595 0.2531463 0.0484200 0.0484009 0.4084486 0.0483402 0.0100879 0.0033456 0.2541486 0.1357806 0.2586950 0.2392649 0.2579594 0.2494526 
n294_295   0.2530807 0.0448197 0.0412545 0.0000000 0.4235880 0.2830265 0.2529802 0.0237771 0.2579579 0.4246101 0.1120504 0.2577735 0.2824406 0.0412389 0.0412227 0.4021307 0.0066995 0.0483972 0.0448149 0.2833164 0.1690002 0.2779125 0.2680040 0.2677046 0.2784334 
n251_252   0.3548442 0.3939466 0.3880510 0.4235880 0.0000000 0.3963311 0.3546957 0.4299094 0.3605073 0.0553799 0.3827237 0.3602213 0.3827533 0.4296811 0.4295278 0.3561335 0.4294686 0.3994466 0.3938904 0.3908565 0.4272674 0.3902913 0.3772401 0.3828116 0.3850193 
n286_287   0.2303488 0.2686195 0.2636680 0.2830265 0.3963311 0.0000000 0.2302581 0.2788555 0.2350758 0.3852700 0.2834081 0.2349111 0.2632513 0.2689925 0.2783906 0.3859015 0.2825158 0.2784860 0.2685868 0.1281096 0.2880162 0.0033475 0.2491594 0.2487416 0.1241972 
n300_301   0.0033333 0.2390189 0.2342901 0.2529802 0.3546957 0.2302581 0.0000000 0.2633798 0.0066850 0.3548804 0.2536626 0.0066812 0.0481780 0.2726880 0.2677726 0.3615615 0.2528813 0.2484485 0.2389907 0.2446673 0.2674715 0.2349829 0.0376026 0.0202467 0.2400294 
n275_276   0.2634853 0.0413153 0.0377641 0.0237771 0.4299094 0.2788555 0.2633798 0.0000000 0.2684510 0.4250883 0.1082715 0.2682567 0.2830831 0.0377499 0.0377351 0.4082843 0.0307012 0.0448785 0.0413109 0.2840482 0.1649755 0.2737611 0.2686071 0.2881212 0.2791500 
n274_275   0.0033367 0.2438930 0.2391273 0.2579579 0.3605073 0.2350758 0.0066850 0.2684510 0.0000000 0.3606952 0.2586568 0.0066879 0.0482276 0.2778249 0.2728710 0.3674534 0.2578568 0.2533950 0.2438641 0.2496015 0.2725634 0.2398378 0.0376410 0.0202672 0.2449294 
n255_256   0.3550290 0.3892868 0.3834175 0.4246101 0.0553799 0.3852700 0.3548804 0.4250883 0.3606952 0.0000000 0.3782037 0.3604090 0.3773843 0.4248643 0.4247119 0.3506412 0.4305093 0.3947656 0.3892315 0.3745013 0.4164910 0.3793216 0.3719068 0.3776267 0.3687873 
n236_237   0.2537637 0.0851315 0.0813424 0.1120504 0.3827237 0.2834081 0.2536626 0.1082715 0.2586568 0.3782037 0.0000000 0.2584714 0.2727962 0.1200487 0.1200011 0.4011046 0.1198460 0.0927310 0.0851223 0.2636081 0.1519494 0.2782856 0.2585336 0.2780518 0.2588539 
n299_300   0.0033348 0.2437210 0.2389595 0.2577735 0.3602213 0.2349111 0.0066812 0.2682567 0.0066879 0.3604090 0.2584714 0.0000000 0.0481992 0.2776221 0.2726728 0.3671589 0.2576726 0.2532146 0.2436922 0.2494239 0.2676857 0.2396690 0.0376191 0.0202555 0.2447559 
n278_279   0.0446545 0.2580085 0.2531463 0.2824406 0.3827533 0.2632513 0.0481780 0.2830831 0.0482276 0.3773843 0.2727962 0.0481992 0.0000000 0.2926252 0.2875712 0.3725823 0.2819320 0.2676992 0.2579775 0.2735185 0.2816420 0.2682117 0.0100468 0.0626276 0.2686975 
n297_298   0.2727976 0.0520278 0.0484200 0.0412389 0.4296811 0.2689925 0.2726880 0.0377499 0.2778249 0.4248643 0.1200487 0.2776221 0.2926252 0.0000000 0.0134854 0.4196305 0.0447642 0.0592763 0.0520222 0.2691251 0.1777150 0.2639727 0.2779865 0.2977258 0.2643260 
n298_299   0.2678800 0.0520073 0.0484009 0.0412227 0.4295278 0.2783906 0.2677726 0.0377351 0.2728710 0.4247119 0.1200011 0.2726728 0.2875712 0.0134854 0.0000000 0.4258572 0.0447467 0.0592529 0.0520017 0.2838237 0.1776447 0.2733066 0.2730295 0.2926349 0.2789302 
n244_245   0.3617139 0.4145534 0.4084486 0.4021307 0.3561335 0.3859015 0.3615615 0.4082843 0.3674534 0.3506412 0.4011046 0.3671589 0.3725823 0.4196305 0.4258572 0.0000000 0.4078687 0.4087097 0.4026827 0.3577603 0.4438042 0.3799364 0.3723560 0.3729863 0.3575923 
n293_294   0.2529818 0.0519417 0.0483402 0.0066995 0.4294686 0.2825158 0.2528813 0.0307012 0.2578568 0.4305093 0.1198460 0.2576726 0.2819320 0.0447642 0.0447467 0.4078687 0.0000000 0.0555547 0.0519362 0.2881985 0.1729015 0.2774129 0.2675254 0.2675994 0.2832844 
n296_297   0.2485471 0.0134878 0.0100879 0.0483972 0.3994466 0.2784860 0.2484485 0.0448785 0.2533950 0.3947656 0.0927310 0.2532146 0.2676992 0.0592763 0.0592529 0.4087097 0.0555547 0.0000000 0.0067106 0.2590952 0.1481077 0.2734005 0.2535415 0.2726170 0.2543653 
n295_296   0.2390851 0.0067095 0.0033456 0.0448149 0.3938904 0.2685868 0.2389907 0.0413109 0.2438641 0.3892315 0.0851223 0.2436922 0.2579775 0.0520222 0.0520017 0.4026827 0.0519362 0.0067106 0.0000000 0.2494600 0.1398732 0.2635766 0.2440046 0.2628252 0.2447924 
n266_267   0.2447646 0.2590335 0.2541486 0.2833164 0.3908565 0.1281096 0.2446673 0.2840482 0.2496015 0.3745013 0.2636081 0.2494239 0.2735185 0.2691251 0.2838237 0.3577603 0.2881985 0.2590952 0.2494600 0.0000000 0.2732597 0.1240377 0.2592098 0.2541307 0.0271476 
n200_201   0.2675786 0.1398886 0.1357806 0.1690002 0.4272674 0.2880162 0.2674715 0.1649755 0.2725634 0.4164910 0.1519494 0.2676857 0.2816420 0.1777150 0.1776447 0.4438042 0.1729015 0.1481077 0.1398732 0.2732597 0.0000000 0.2828638 0.2672515 0.2923029 0.2587827 
n285_286   0.2350758 0.2636085 0.2586950 0.2779125 0.3902913 0.0033475 0.2349829 0.2737611 0.2398378 0.3793216 0.2782856 0.2396690 0.2682117 0.2639727 0.2733066 0.3799364 0.2774129 0.2734005 0.2635766 0.1240377 0.2828638 0.0000000 0.2540216 0.2535944 0.1201469 
n277_278   0.0341221 0.2440336 0.2392649 0.2680040 0.3772401 0.2491594 0.0376026 0.2686071 0.0376410 0.3719068 0.2585336 0.0376191 0.0100468 0.2779865 0.2730295 0.3723560 0.2675254 0.2535415 0.2440046 0.2592098 0.2672515 0.2540216 0.0000000 0.0518367 0.2544768 
n280_281   0.0168423 0.2628569 0.2579594 0.2677046 0.3828116 0.2487416 0.0202467 0.2881212 0.0202672 0.3776267 0.2780518 0.0202555 0.0626276 0.2977258 0.2926349 0.3729863 0.2675994 0.2726170 0.2628252 0.2541307 0.2923029 0.2535944 0.0518367 0.0000000 0.2494334 
n265_266   0.2401246 0.2543052 0.2494526 0.2784334 0.3850193 0.1241972 0.2400294 0.2791500 0.2449294 0.3687873 0.2588539 0.2447559 0.2686975 0.2643260 0.2789302 0.3575923 0.2832844 0.2543653 0.2447924 0.0271476 0.2587827 0.1201469 0.2544768 0.2494334 0.0000000 
