24
n292_293   0.0000000 0.2755595 0.2707816 0.2615047 0.3537626 0.2517140 0.0066977 0.2565863 0.0271558 0.3700444 0.2999077 0.0100713 0.0626241 0.2661508 0.2613209 0.3963219 0.2800430 0.2752352 0.2661748 0.2520056 0.2562666 0.0662535 0.0237040 0.2709981 
n287_288   0.2755595 0.0000000 0.0033408 0.0341431 0.3158347 0.2375433 0.2659254 0.0376187 0.2615139 0.3421642 0.0922574 0.2660957 0.2427628 0.0376304 0.0341218 0.3739288 0.0202783 0.0168605 0.2381346 0.1232043 0.2420147 0.2381148 0.2662267 0.2613880 
n290_291   0.2707816 0.0033408 0.0000000 0.0306606 0.3107871 0.2375703 0.2612078 0.0341227 0.2568182 0.3369330 0.0884992 0.2613746 0.2381809 0.0341332 0.0306415 0.3684878 0.0168616 0.0134590 0.2335794 0.1192875 0.2420423 0.2335620 0.2615023 0.2566929 
n294_295   0.2615047 0.0341431 0.0306606 0.0000000 0.3216461 0.2236963 0.2569838 0.0100761 0.2476915 0.3427969 0.0810108 0.2571478 0.2292634 0.0100791 0.0067027 0.3525560 0.0411323 0.0376180 0.2197510 0.1114747 0.2280873 0.2246980 0.2523230 0.2424124 
n251_252   0.3537626 0.3158347 0.3107871 0.3216461 0.0000000 0.3417520 0.3539221 0.3213613 0.3487737 0.0446593 0.3587974 0.3594181 0.3329309 0.3266798 0.3214115 0.2965395 0.3311251 0.3259734 0.3586305 0.3166382 0.3415631 0.3380728 0.3379431 0.3751476 
n286_287   0.2517140 0.2375433 0.2375703 0.2236963 0.3417520 0.0000000 0.2518130 0.2328304 0.2426748 0.3633875 0.2657512 0.2565625 0.2151666 0.2284011 0.2283492 0.4009048 0.2512858 0.2466564 0.1389906 0.2332127 0.0100651 0.2107487 0.2426554 0.1470786 
n300_301   0.0066977 0.2659254 0.2612078 0.2569838 0.3539221 0.2518130 0.0000000 0.2520944 0.0271640 0.3702149 0.2951869 0.0033408 0.0626437 0.2616067 0.2568036 0.3965100 0.2754318 0.2706492 0.2662814 0.2475371 0.2563678 0.0662743 0.0237116 0.2711074 
n275_276   0.2565863 0.0376187 0.0341227 0.0100761 0.3213613 0.2328304 0.2520944 0.0000000 0.2428670 0.3479249 0.0846784 0.2522547 0.2245682 0.0100722 0.0100699 0.3575836 0.0446333 0.0411050 0.2288565 0.1152763 0.2372727 0.2200356 0.2474660 0.2518050 
n274_275   0.0271558 0.2615139 0.2568182 0.2476915 0.3487737 0.2426748 0.0271640 0.2428670 0.0000000 0.3705190 0.2854390 0.0306364 0.0447378 0.2522614 0.2475186 0.3744640 0.2659327 0.2612073 0.2618361 0.2476291 0.2471811 0.0554417 0.0168686 0.2713032 
n255_256   0.3700444 0.3421642 0.3369330 0.3427969 0.0446593 0.3633875 0.3702149 0.3479249 0.3705190 0.0000000 0.3808095 0.3758364 0.3542096 0.3534570 0.3479825 0.3219981 0.3580188 0.3526777 0.3639175 0.3425419 0.3631833 0.3594902 0.3593583 0.3805582 
n236_237   0.2999077 0.0922574 0.0884992 0.0810108 0.3587974 0.2657512 0.2951869 0.0846784 0.2854390 0.3808095 0.0000000 0.3002288 0.2709967 0.0847071 0.0809591 0.3793084 0.0921957 0.0959741 0.2662217 0.1431231 0.2703830 0.2661630 0.2903000 0.2855928 
n299_300   0.0100713 0.2660957 0.2613746 0.2571478 0.3594181 0.2565625 0.0033408 0.2522547 0.0306364 0.3758364 0.3002288 0.0000000 0.0662969 0.2617740 0.2569673 0.4023094 0.2756090 0.2708229 0.2711308 0.2522650 0.2611449 0.0699455 0.0271669 0.2759907 
n278_279   0.0626241 0.2427628 0.2381809 0.2292634 0.3329309 0.2151666 0.0626437 0.2245682 0.0447378 0.3542096 0.2709967 0.0662969 0.0000000 0.2337273 0.2291049 0.3521287 0.2518567 0.2472157 0.2335681 0.2246117 0.2195166 0.0168595 0.0518549 0.2426767 
n297_298   0.2661508 0.0376304 0.0341332 0.0100791 0.3266798 0.2284011 0.2616067 0.0100722 0.2522614 0.3534570 0.0847071 0.2617740 0.2337273 0.0000000 0.0100729 0.3577846 0.0446473 0.0411179 0.2244385 0.1153174 0.2328218 0.2291348 0.2569196 0.2472645 
n298_299   0.2613209 0.0341218 0.0306415 0.0067027 0.3214115 0.2283492 0.2568036 0.0100699 0.2475186 0.3479825 0.0809591 0.2569673 0.2291049 0.0100729 0.0000000 0.3522946 0.0411062 0.0375945 0.2288924 0.1114027 0.2327682 0.2245431 0.2521465 0.2518475 
n244_245   0.3963219 0.3739288 0.3684878 0.3525560 0.2965395 0.4009048 0.3965100 0.3575836 0.3744640 0.3219981 0.3793084 0.4023094 0.3521287 0.3577846 0.3522946 0.0000000 0.3904275 0.3848713 0.3790307 0.3101639 0.4006743 0.3738004 0.3796848 0.3903350 
n296_297   0.2800430 0.0202783 0.0168616 0.0411323 0.3311251 0.2512858 0.2754318 0.0446333 0.2659327 0.3580188 0.0921957 0.2756090 0.2518567 0.0446473 0.0411062 0.3904275 0.0000000 0.0033408 0.2472545 0.1310227 0.2558320 0.2471524 0.2706683 0.2707868 
n295_296   0.2752352 0.0168605 0.0134590 0.0376180 0.3259734 0.2466564 0.2706492 0.0411050 0.2612073 0.3526777 0.0959741 0.2708229 0.2472157 0.0411179 0.0375945 0.3848713 0.0033408 0.0000000 0.2426388 0.1270618 0.2511773 0.2425412 0.2659141 0.2660284 
n266_267   0.2661748 0.2381346 0.2335794 0.2197510 0.3586305 0.1389906 0.2662814 0.2288565 0.2618361 0.3639175 0.2662217 0.2711308 0.2335681 0.2244385 0.2288924 0.3790307 0.2472545 0.2426388 0.0000000 0.2245199 0.1389372 0.2380887 0.2618155 0.0271438 
n200_201   0.2520056 0.1232043 0.1192875 0.1114747 0.3166382 0.2332127 0.2475371 0.1152763 0.2476291 0.3425419 0.1431231 0.2522650 0.2246117 0.1153174 0.1114027 0.3101639 0.1310227 0.1270618 0.2245199 0.0000000 0.2376626 0.2200786 0.2476094 0.2379849 
n285_286   0.2562666 0.2420147 0.2420423 0.2280873 0.3415631 0.0100651 0.2563678 0.2372727 0.2471811 0.3631833 0.2703830 0.2611449 0.2195166 0.2328218 0.2327682 0.4006743 0.2558320 0.2511773 0.1389372 0.2376626 0.0000000 0.2150748 0.2471614 0.1470216 
n277_278   0.0662535 0.2381148 0.2335620 0.2246980 0.3380728 0.2107487 0.0662743 0.2200356 0.0554417 0.3594902 0.2661630 0.0699455 0.0168595 0.2291348 0.2245431 0.3738004 0.2471524 0.2425412 0.2380887 0.2200786 0.2150748 0.0000000 0.0554366 0.2472482 
n280_281   0.0237040 0.2662267 0.2615023 0.2523230 0.3379431 0.2426554 0.0237116 0.2474660 0.0168686 0.3593583 0.2903000 0.0271669 0.0518549 0.2569196 0.2521465 0.3796848 0.2706683 0.2659141 0.2618155 0.2476094 0.2471614 0.0554366 0.0000000 0.2712821 
n265_266   0.2709981 0.2613880 0.2566929 0.2424124 0.3751476 0.1470786 0.2711074 0.2518050 0.2713032 0.3805582 0.2855928 0.2759907 0.2426767 0.2472645 0.2518475 0.3903350 0.2707868 0.2660284 0.0271438 0.2379849 0.1470216 0.2472482 0.2712821 0.0000000 
