24
n274_279   0.0000000 0.2925673 0.2831347 0.0100818 0.2833539 0.2592980 0.0100756 0.2877912 0.2984264 0.3791736 0.2824447 0.0134828 0.2633476 0.2929278 0.2522201 0.2472067 0.0592912 0.0557154 0.2827421 0.2877041 0.2729838 0.2822461 0.3354700 0.3575496 
n290_295   0.2925673 0.0000000 0.0272834 0.2869434 0.3257143 0.3216330 0.2866956 0.0134763 0.0816267 0.3774561 0.0377406 0.2922016 0.1362777 0.0100893 0.3193124 0.3035860 0.2972430 0.3027691 0.0483845 0.0377478 0.0412923 0.0377226 0.3510005 0.3558081 
n295_300   0.2831347 0.0272834 0.0000000 0.2775877 0.3153405 0.3063356 0.2773502 0.0273088 0.0705887 0.3732930 0.0238201 0.2827830 0.1285088 0.0308342 0.3041551 0.2887262 0.2882240 0.2936881 0.0342739 0.0238247 0.0273018 0.0238090 0.3464132 0.3512025 
n292_297   0.0100818 0.2869434 0.2775877 0.0000000 0.2831033 0.2590715 0.0066909 0.2822069 0.2927395 0.3780936 0.2769151 0.0033408 0.2579854 0.2872963 0.2520024 0.2469941 0.0555747 0.0520195 0.2720806 0.2821233 0.2624764 0.2767223 0.3187660 0.3402927 
n266_271   0.2833539 0.3257143 0.3153405 0.2831033 0.0000000 0.0344431 0.2828591 0.3260410 0.3321351 0.3838488 0.3199628 0.2883493 0.3150462 0.3261188 0.2009985 0.2053616 0.2928460 0.2933143 0.3362605 0.3255413 0.3257672 0.3197244 0.3862231 0.3918873 
n265_270   0.2592980 0.3216330 0.3063356 0.2590715 0.0344431 0.0000000 0.2588537 0.3219567 0.3172868 0.3859317 0.3109334 0.2641437 0.3009438 0.3220327 0.1795735 0.1838290 0.2732857 0.2737154 0.3270884 0.3164601 0.3166790 0.3107038 0.3707401 0.3823137 
n280_285   0.0100756 0.2866956 0.2773502 0.0066909 0.2828591 0.2588537 0.0000000 0.2819644 0.2924846 0.3777307 0.2766788 0.0100673 0.2577698 0.2870479 0.2517939 0.2467911 0.0555374 0.0519856 0.2769690 0.2818810 0.2673067 0.2764863 0.3291286 0.3509578 
n287_292   0.2877912 0.0134763 0.0273088 0.2822069 0.3260410 0.3219567 0.2819644 0.0000000 0.0817049 0.3834458 0.0377759 0.2874326 0.1446729 0.0169210 0.3196316 0.3038894 0.2924486 0.2979370 0.0484311 0.0377831 0.0413322 0.0377579 0.3567848 0.3616272 
n236_241   0.2984264 0.0816267 0.0705887 0.2927395 0.3321351 0.3172868 0.2924846 0.0817049 0.0000000 0.4017956 0.0704079 0.2980509 0.1531535 0.0855771 0.3094815 0.2939400 0.3085068 0.3141440 0.0892368 0.0817077 0.0855069 0.0778535 0.3748664 0.3798228 
n244_249   0.3791736 0.3774561 0.3732930 0.3780936 0.3838488 0.3859317 0.3777307 0.3834458 0.4017956 0.0000000 0.3779851 0.3777521 0.3660682 0.3779209 0.3715159 0.3707782 0.3887160 0.3893933 0.3840146 0.3843037 0.3729164 0.3832893 0.2297899 0.2484404 
n294_299   0.2824447 0.0377406 0.0238201 0.2769151 0.3199628 0.3109334 0.2766788 0.0377759 0.0704079 0.3779851 0.0000000 0.2820948 0.1281018 0.0413605 0.3138466 0.2982421 0.3025711 0.2977946 0.0237638 0.0134860 0.0169025 0.0066965 0.3511685 0.3559770 
n300_305   0.0134828 0.2922016 0.2827830 0.0033408 0.2883493 0.2641437 0.0100673 0.2874326 0.2980509 0.3777521 0.2820948 0.0000000 0.2630266 0.2925612 0.2569833 0.2519346 0.0592336 0.0556614 0.2772245 0.2873459 0.2675508 0.2818968 0.3184906 0.3399935 
n200_205   0.2633476 0.1362777 0.1285088 0.2579854 0.3150462 0.3009438 0.2577698 0.1446729 0.1531535 0.3660682 0.1281018 0.2630266 0.0000000 0.1447082 0.3034557 0.2983779 0.2783015 0.2885809 0.1487024 0.1364601 0.1405793 0.1322316 0.3398936 0.3446330 
n289_294   0.2929278 0.0100893 0.0308342 0.2872963 0.3261188 0.3220327 0.2870479 0.0169210 0.0855771 0.3779209 0.0413605 0.2925612 0.1447082 0.0000000 0.3197066 0.3039606 0.2976086 0.3031420 0.0520800 0.0413684 0.0449393 0.0413404 0.3514337 0.3562469 
n285_290   0.2522201 0.3193124 0.3041551 0.2520024 0.2009985 0.1795735 0.2517939 0.3196316 0.3094815 0.3715159 0.3138466 0.2569833 0.3034557 0.3197066 0.0000000 0.0100706 0.2659836 0.2712180 0.3247935 0.3193607 0.3144760 0.3136154 0.3673998 0.3904244 
n286_291   0.2472067 0.3035860 0.2887262 0.2469941 0.2053616 0.1838290 0.2467911 0.3038894 0.2939400 0.3707782 0.2982421 0.2519346 0.2983779 0.3039606 0.0100706 0.0000000 0.2608786 0.2660667 0.3089425 0.3036319 0.2988335 0.2980273 0.3728295 0.3960219 
n277_282   0.0592912 0.2972430 0.2882240 0.0555747 0.2928460 0.2732857 0.0555374 0.2924486 0.3085068 0.3887160 0.3025711 0.0592336 0.2783015 0.2976086 0.2659836 0.2608786 0.0000000 0.0100829 0.3028911 0.3079826 0.2928861 0.3023523 0.3680034 0.3910751 
n278_283   0.0557154 0.3027691 0.2936881 0.0520195 0.2933143 0.2737154 0.0519856 0.2979370 0.3141440 0.3893933 0.2977946 0.0556614 0.2885809 0.3031420 0.2712180 0.2660667 0.0100829 0.0000000 0.2981094 0.3031738 0.2881559 0.2975805 0.3686345 0.3917610 
n298_303   0.2827421 0.0483845 0.0342739 0.2720806 0.3362605 0.3270884 0.2769690 0.0484311 0.0892368 0.3840146 0.0237638 0.2772245 0.1487024 0.0520800 0.3247935 0.3089425 0.3028911 0.2981094 0.0000000 0.0237683 0.0067056 0.0168946 0.3565511 0.3613875 
n275_280   0.2877041 0.0377478 0.0238247 0.2821233 0.3255413 0.3164601 0.2818810 0.0377831 0.0817077 0.3843037 0.0134860 0.2873459 0.1364601 0.0413684 0.3193607 0.3036319 0.3079826 0.3031738 0.0237683 0.0000000 0.0169057 0.0134798 0.3569866 0.3618304 
n297_302   0.2729838 0.0412923 0.0273018 0.2624764 0.3257672 0.3166790 0.2673067 0.0413322 0.0855069 0.3729164 0.0169025 0.2675508 0.1405793 0.0449393 0.3144760 0.2988335 0.2928861 0.2881559 0.0067056 0.0169057 0.0000000 0.0168946 0.3458245 0.3506037 
n293_298   0.2822461 0.0377226 0.0238090 0.2767223 0.3197244 0.3107038 0.2764863 0.0377579 0.0778535 0.3832893 0.0066965 0.2818968 0.1322316 0.0413404 0.3136154 0.2980273 0.3023523 0.2975805 0.0168946 0.0134798 0.0168946 0.0000000 0.3508958 0.3556989 
n251_256   0.3354700 0.3510005 0.3464132 0.3187660 0.3862231 0.3707401 0.3291286 0.3567848 0.3748664 0.2297899 0.3511685 0.3184906 0.3398936 0.3514337 0.3673998 0.3728295 0.3680034 0.3686345 0.3565511 0.3569866 0.3458245 0.3508958 0.0000000 0.0340380 
n255_260   0.3575496 0.3558081 0.3512025 0.3402927 0.3918873 0.3823137 0.3509578 0.3616272 0.3798228 0.2484404 0.3559770 0.3399935 0.3446330 0.3562469 0.3904244 0.3960219 0.3910751 0.3917610 0.3613875 0.3618304 0.3506037 0.3556989 0.0340380 0.0000000 
