26
n299_300   0.0000000 0.0168446 2.0745682 3.9483104 1.9448124 0.4228407 1.9825289 2.4599840 0.1708470 1.9659390 2.0310107 2.1978081 0.0411300 0.3879168 2.2726791 2.2624841 1.7516128 1.7137382 1.9664838 2.3480644 2.1676111 1.9900895 1.6790699 1.9646050 0.1126073 2.5784188 
n300_301   0.0168446 0.0000000 2.1725759 3.6804936 2.0200473 0.4353422 2.0873471 2.3513180 0.1751011 2.0563631 2.1243883 2.3096319 0.0517512 0.3878848 2.5204566 2.3927569 1.6976635 1.6241852 2.0557612 2.4222459 2.2757966 2.0803218 1.6126635 1.9092995 0.1287551 2.7287004 
n290_291   2.0745682 2.1725759 0.0000000 2.5443672 3.5620346 1.8471006 1.2556879 0.7015945 1.8694620 0.0414226 0.1585990 0.3973229 2.1502306 1.9695901 0.4114054 0.3868082 1.9093825 2.1104808 0.0485913 3.9554479 0.3461049 0.1543538 1.9340277 2.0391975 2.0425148 0.3623982 
n244_245   3.9483104 3.6804936 2.5443672 0.0000000 2.6685812 2.5018078 4.4848725 2.2424771 3.2934477 2.7432630 2.2346221 3.6281712 3.1418301 2.7376529 3.3524688 3.6647530 2.6757512 3.0542058 2.4251136 3.7285786 5.7028047 2.1867981 3.7600943 4.3885071 3.8925626 4.3580036 
n255_256   1.9448124 2.0200473 3.5620346 2.6685812 0.0000000 2.5754298 2.6825437 2.8765553 1.9291252 3.1526164 2.7991754 3.1856367 1.9591041 2.5913491 3.4611059 3.5164211 2.2582223 2.2818981 3.5406132 0.3378163 3.6439432 2.5527211 3.5107436 3.6487211 1.8665374 3.8206526 
n277_278   0.4228407 0.4353422 1.8471006 2.5018078 2.5754298 0.0000000 2.1054901 3.0831930 0.4405953 1.6975800 1.8839060 2.3164279 0.4033550 0.0960815 2.1356503 2.2171257 1.7127596 1.7079886 1.6527048 3.0059856 2.4061255 1.8156721 2.3828946 2.4843018 0.4240052 2.5283803 
n200_201   1.9825289 2.0873471 1.2556879 4.4848725 2.6825437 2.1054901 0.0000000 1.6866171 2.0988924 1.2961231 1.2250339 1.3524502 2.0000545 2.0924889 1.4026746 1.3972516 2.2506475 2.2485407 1.3034604 2.8960891 1.3444272 1.2741168 2.0530583 1.7697339 2.0035171 1.5062266 
n236_237   2.4599840 2.3513180 0.7015945 2.2424771 2.8765553 3.0831930 1.6866171 0.0000000 2.4034985 0.7540779 0.7317898 0.6830776 2.4618750 3.0440048 0.7037473 0.6673349 1.9881329 2.0544507 0.7387724 2.9365461 0.6523827 0.7439372 2.0207736 2.1610905 2.7018220 0.6873459 
n274_275   0.1708470 0.1751011 1.8694620 3.2934477 1.9291252 0.4405953 2.0988924 2.4034985 0.0000000 1.7755766 1.8240380 2.0674178 0.1749701 0.4385397 2.1473176 2.1437472 1.7881455 1.7400915 1.7990302 2.1867879 2.1973494 1.8234972 2.0421819 2.3961170 0.1549031 2.4748457 
n289_290   1.9659390 2.0563631 0.0414226 2.7432630 3.1526164 1.6975800 1.2961231 0.7540779 1.7755766 0.0000000 0.1418220 0.3918674 2.0595295 1.8517050 0.4058236 0.3814028 2.0281074 2.2486083 0.0485767 4.2268306 0.3516078 0.1460936 2.0338689 2.2933133 1.9279201 0.3680045 
n296_297   2.0310107 2.1243883 0.1585990 2.2346221 2.7991754 1.8839060 1.2250339 0.7317898 1.8240380 0.1418220 0.0000000 0.3588310 2.1021081 1.9388930 0.3943272 0.3819603 2.0212266 2.2356449 0.1496492 3.9693690 0.3422963 0.0451297 2.0145285 2.5775800 1.9722815 0.3629476 
n275_276   2.1978081 2.3096319 0.3973229 3.6281712 3.1856367 2.3164279 1.3524502 0.6830776 2.0674178 0.3918674 0.3588310 0.0000000 2.1461557 2.3937033 0.1714854 0.1502110 2.1826170 2.3437744 0.3734304 3.2747788 0.1422256 0.3610757 2.1522049 2.0557204 2.3825321 0.1663851 
n292_293   0.0411300 0.0517512 2.1502306 3.1418301 1.9591041 0.4033550 2.0000545 2.4618750 0.1749701 2.0595295 2.1021081 2.1461557 0.0000000 0.3634222 2.3378533 2.3275666 1.8186126 1.8084760 2.0331010 2.3999323 2.0842089 2.0579167 1.6802285 2.0808948 0.1203931 2.4590675 
n278_279   0.3879168 0.3878848 1.9695901 2.7376529 2.5913491 0.0960815 2.0924889 3.0440048 0.4385397 1.8517050 1.9388930 2.3937033 0.3634222 0.0000000 2.3177187 2.2086519 1.7202502 1.6759298 1.8221732 2.9197500 2.4689314 1.8668364 2.2635485 2.4058426 0.4061695 2.6145443 
n298_299   2.2726791 2.5204566 0.4114054 3.3524688 3.4611059 2.1356503 1.4026746 0.7037473 2.1473176 0.4058236 0.3943272 0.1714854 2.3378533 2.3177187 0.0000000 0.0344721 1.9227274 2.0045345 0.3751708 4.4776856 0.1503845 0.3852401 2.2158730 1.9815811 2.0880771 0.1671543 
n297_298   2.2624841 2.3927569 0.3868082 3.6647530 3.5164211 2.2171257 1.3972516 0.6673349 2.1437472 0.3814028 0.3819603 0.1502110 2.3275666 2.2086519 0.0344721 0.0000000 2.0192354 2.0216227 0.3631595 3.7973617 0.1339789 0.3730960 2.0299295 1.8086215 2.1532970 0.1415031 
n286_287   1.7516128 1.6976635 1.9093825 2.6757512 2.2582223 1.7127596 2.2506475 1.9881329 1.7881455 2.0281074 2.0212266 2.1826170 1.8186126 1.7202502 1.9227274 2.0192354 0.0000000 0.0482007 1.8825612 3.0224697 2.2723463 2.1029577 1.2240362 1.1569551 1.8477558 2.5394029 
n285_286   1.7137382 1.6241852 2.1104808 3.0542058 2.2818981 1.7079886 2.2485407 2.0544507 1.7400915 2.2486083 2.2356449 2.3437744 1.8084760 1.6759298 2.0045345 2.0216227 0.0482007 0.0000000 2.0786585 3.0458285 2.5085792 2.3356433 1.1188991 1.0809563 1.7000930 3.0191820 
n287_288   1.9664838 2.0557612 0.0485913 2.4251136 3.5406132 1.6527048 1.3034604 0.7387724 1.7990302 0.0485767 0.1496492 0.3734304 2.0331010 1.8221732 0.3751708 0.3631595 1.8825612 2.0786585 0.0000000 4.1106253 0.3229575 0.1453673 1.9742612 2.2168073 1.9380860 0.3557077 
n251_252   2.3480644 2.4222459 3.9554479 3.7285786 0.3378163 3.0059856 2.8960891 2.9365461 2.1867879 4.2268306 3.9693690 3.2747788 2.3999323 2.9197500 4.4776856 3.7973617 3.0224697 3.0458285 4.1106253 0.0000000 3.2566404 3.2314626 6.5538315 5.7437785 2.4576323 3.6713902 
n294_295   2.1676111 2.2757966 0.3461049 5.7028047 3.6439432 2.4061255 1.3444272 0.6523827 2.1973494 0.3516078 0.3422963 0.1422256 2.0842089 2.4689314 0.1503845 0.1339789 2.2723463 2.5085792 0.3229575 3.2566404 0.0000000 0.3398433 2.0412740 2.0669499 2.4530719 0.0668680 
n295_296   1.9900895 2.0803218 0.1543538 2.1867981 2.5527211 1.8156721 1.2741168 0.7439372 1.8234972 0.1460936 0.0451297 0.3610757 2.0579167 1.8668364 0.3852401 0.3730960 2.1029577 2.3356433 0.1453673 3.2314626 0.3398433 0.0000000 2.1800156 2.6426801 1.9695474 0.3556439 
n266_267   1.6790699 1.6126635 1.9340277 3.7600943 3.5107436 2.3828946 2.0530583 2.0207736 2.0421819 2.0338689 2.0145285 2.1522049 1.6802285 2.2635485 2.2158730 2.0299295 1.2240362 1.1188991 1.9742612 6.5538315 2.0412740 2.1800156 0.0000000 0.2442166 1.7431701 2.0224562 
n265_266   1.9646050 1.9092995 2.0391975 4.3885071 3.6487211 2.4843018 1.7697339 2.1610905 2.3961170 2.2933133 2.5775800 2.0557204 2.0808948 2.4058426 1.9815811 1.8086215 1.1569551 1.0809563 2.2168073 5.7437785 2.0669499 2.6426801 0.2442166 0.0000000 2.0956573 2.1557455 
n280_281   0.1126073 0.1287551 2.0425148 3.8925626 1.8665374 0.4240052 2.0035171 2.7018220 0.1549031 1.9279201 1.9722815 2.3825321 0.1203931 0.4061695 2.0880771 2.1532970 1.8477558 1.7000930 1.9380860 2.4576323 2.4530719 1.9695474 1.7431701 2.0956573 0.0000000 2.8912567 
n293_294   2.5784188 2.7287004 0.3623982 4.3580036 3.8206526 2.5283803 1.5062266 0.6873459 2.4748457 0.3680045 0.3629476 0.1663851 2.4590675 2.6145443 0.1671543 0.1415031 2.5394029 3.0191820 0.3557077 3.6713902 0.0668680 0.3556439 2.0224562 2.1557455 2.8912567 0.0000000 
