26
n292_293   0.0000000 0.3627158 0.3679444 0.3612609 0.5029773 0.2945992 0.0066940 0.3491294 0.0033383 0.3680588 0.4751829 0.3683945 0.0033362 0.0630726 0.3743487 0.3618394 0.4115205 0.3668214 0.3499173 0.3496685 0.2731059 0.2581381 0.2891077 0.0819499 0.0066839 0.2725179 
n287_288   0.3627158 0.0000000 0.0067082 0.0450135 0.4795323 0.3165914 0.3688036 0.0521396 0.3630017 0.0067094 0.4602862 0.1350237 0.3626300 0.3405701 0.0745796 0.0669779 0.4060424 0.0485690 0.0379167 0.0273334 0.3179422 0.1339277 0.3223486 0.3591218 0.3683605 0.3290359 
n290_291   0.3679444 0.0067082 0.0000000 0.0449738 0.4793683 0.3162875 0.3740737 0.0520936 0.3682349 0.0067036 0.4601286 0.1348998 0.3678573 0.3456741 0.0745131 0.0669184 0.4115659 0.0413593 0.0378834 0.0273086 0.3229049 0.1378565 0.3220387 0.3643547 0.3736220 0.3340669 
n294_295   0.3612609 0.0450135 0.0449738 0.0000000 0.4982520 0.3215862 0.3673173 0.0134737 0.3615446 0.0449828 0.4862399 0.1261894 0.3611757 0.3392213 0.0379267 0.0308098 0.4101801 0.0100867 0.0558366 0.0449616 0.3282628 0.1254289 0.3273803 0.3576775 0.3668780 0.3276791 
n251_252   0.5029773 0.4795323 0.4793683 0.4982520 0.0000000 0.4670828 0.5105325 0.4767603 0.5034059 0.4866542 0.0484576 0.4888036 0.5028511 0.4933401 0.5306524 0.5148434 0.4429601 0.5055836 0.4803843 0.4864606 0.4980224 0.3919652 0.4743394 0.5100422 0.5098090 0.5041783 
n286_287   0.2945992 0.3165914 0.3162875 0.3215862 0.4670828 0.0000000 0.3000725 0.3206154 0.2942602 0.3163795 0.4488523 0.3518397 0.2945313 0.2736185 0.3390557 0.3388252 0.3799812 0.3268523 0.3224887 0.3222699 0.1015705 0.2425703 0.0033446 0.2799626 0.2945057 0.1135442 
n300_301   0.0066940 0.3688036 0.3740737 0.3673173 0.5105325 0.3000725 0.0000000 0.3550711 0.0100736 0.3741910 0.4826038 0.3745299 0.0033377 0.0705213 0.3805422 0.3679095 0.4180856 0.3669368 0.3558755 0.3556198 0.2731861 0.2632999 0.2945313 0.0896491 0.0134464 0.2725978 
n275_276   0.3491294 0.0521396 0.0520936 0.0134737 0.4767603 0.3206154 0.3550711 0.0000000 0.3494019 0.0521041 0.4576477 0.1342009 0.3490475 0.3381884 0.0449942 0.0377989 0.3902509 0.0168728 0.0630636 0.0520796 0.3272669 0.1333901 0.3263893 0.3501308 0.3546527 0.3266865 
n274_275   0.0033383 0.3630017 0.3682349 0.3615446 0.5034059 0.2942602 0.0100736 0.3494019 0.0000000 0.3683495 0.4755822 0.3686855 0.0066939 0.0593673 0.3746454 0.3621241 0.4050258 0.3671102 0.3501908 0.3499417 0.2678526 0.2583307 0.2887765 0.0818698 0.0100583 0.2672783 
n289_290   0.3680588 0.0067094 0.0067036 0.0449828 0.4866542 0.3163795 0.3741910 0.0521041 0.3683495 0.0000000 0.4672221 0.1349305 0.3679717 0.3457788 0.0745286 0.0669321 0.4117015 0.0485359 0.0378909 0.0273138 0.3229999 0.1378879 0.3221332 0.3644681 0.3737390 0.3341666 
n255_256   0.4751829 0.4602862 0.4601286 0.4862399 0.0484576 0.4488523 0.4826038 0.4576477 0.4755822 0.4672221 0.0000000 0.4682756 0.4752264 0.4468836 0.5100995 0.4947181 0.4320679 0.4857389 0.4610888 0.4670334 0.4719990 0.3863343 0.4559419 0.4758926 0.4817760 0.4779819 
n236_237   0.3683945 0.1350237 0.1348998 0.1261894 0.4888036 0.3518397 0.3745299 0.1342009 0.3686855 0.1349305 0.4682756 0.0000000 0.3683072 0.3517503 0.1350339 0.1265247 0.4659240 0.1301878 0.1389575 0.1305502 0.3534879 0.1468732 0.3579300 0.3645998 0.3740773 0.3528461 
n299_300   0.0033362 0.3626300 0.3678573 0.3611757 0.5028511 0.2945313 0.0033377 0.3490475 0.0066939 0.3679717 0.4752264 0.3683072 0.0000000 0.0667627 0.3742598 0.3617539 0.4178475 0.3667347 0.3498350 0.3495864 0.2730435 0.2580794 0.2890412 0.0857578 0.0100520 0.2724558 
n278_279   0.0630726 0.3405701 0.3456741 0.3392213 0.4933401 0.2736185 0.0705213 0.3381884 0.0593673 0.3457788 0.4468836 0.3517503 0.0667627 0.0000000 0.3581695 0.3459189 0.3995246 0.3446286 0.3226088 0.3279557 0.2587701 0.2438624 0.2683046 0.0272527 0.0667387 0.2582169 
n297_298   0.3743487 0.0745796 0.0745131 0.0379267 0.5306524 0.3390557 0.3805422 0.0449942 0.3746454 0.0745286 0.5100995 0.1350339 0.3742598 0.3581695 0.0000000 0.0067191 0.4132302 0.0414530 0.0859303 0.0744935 0.3403524 0.1465713 0.3450141 0.3772526 0.3800790 0.3397414 
n298_299   0.3618394 0.0669779 0.0669184 0.0308098 0.5148434 0.3388252 0.3679095 0.0377989 0.3621241 0.0669321 0.4947181 0.1265247 0.3617539 0.3459189 0.0067191 0.0000000 0.4117194 0.0342972 0.0781804 0.0669007 0.3401205 0.1379505 0.3447802 0.3646136 0.3674687 0.3395102 
n244_245   0.4115205 0.4060424 0.4115659 0.4101801 0.4429601 0.3799812 0.4180856 0.3902509 0.4050258 0.4117015 0.4320679 0.4659240 0.4178475 0.3995246 0.4132302 0.4117194 0.0000000 0.4034908 0.4182884 0.4243731 0.3515717 0.3325224 0.3863287 0.4059304 0.4113843 0.3566928 
n293_294   0.3668214 0.0485690 0.0413593 0.0100867 0.5055836 0.3268523 0.3669368 0.0168728 0.3671102 0.0485359 0.4857389 0.1301878 0.3667347 0.3446286 0.0414530 0.0342972 0.4034908 0.0000000 0.0594424 0.0485131 0.3223553 0.1294023 0.3326917 0.3632390 0.3724789 0.3217846 
n296_297   0.3499173 0.0379167 0.0378834 0.0558366 0.4803843 0.3224887 0.3558755 0.0630636 0.3501908 0.0378909 0.4610888 0.1389575 0.3498350 0.3226088 0.0859303 0.0781804 0.4182884 0.0594424 0.0000000 0.0100748 0.3347169 0.1378879 0.3283064 0.3405940 0.3554551 0.3339594 
n295_296   0.3496685 0.0273334 0.0273086 0.0449616 0.4864606 0.3222699 0.3556198 0.0520796 0.3499417 0.0273138 0.4670334 0.1305502 0.3495864 0.3279557 0.0744935 0.0669007 0.4243731 0.0485131 0.0100748 0.0000000 0.3289676 0.1378241 0.3280812 0.3460849 0.3552001 0.3282264 
n266_267   0.2731059 0.3179422 0.3229049 0.3282628 0.4980224 0.1015705 0.2731861 0.3272669 0.2678526 0.3229999 0.4719990 0.3534879 0.2730435 0.2587701 0.3403524 0.3401205 0.3515717 0.3223553 0.3347169 0.3289676 0.0000000 0.2483872 0.0975898 0.2748323 0.2730199 0.0101101 
n200_201   0.2581381 0.1339277 0.1378565 0.1254289 0.3919652 0.2425703 0.2632999 0.1333901 0.2583307 0.1378879 0.3863343 0.1468732 0.2580794 0.2438624 0.1465713 0.1379505 0.3325224 0.1294023 0.1378879 0.1378241 0.2483872 0.0000000 0.2476730 0.2596583 0.2630212 0.2528950 
n285_286   0.2891077 0.3223486 0.3220387 0.3273803 0.4743394 0.0033446 0.2945313 0.3263893 0.2887765 0.3221332 0.4559419 0.3579300 0.2890412 0.2683046 0.3450141 0.3447802 0.3863287 0.3326917 0.3283064 0.3280812 0.0975898 0.2476730 0.0000000 0.2745788 0.2890162 0.1094798 
n277_278   0.0819499 0.3591218 0.3643547 0.3576775 0.5100422 0.2799626 0.0896491 0.3501308 0.0818698 0.3644681 0.4758926 0.3645998 0.0857578 0.0272527 0.3772526 0.3646136 0.4059304 0.3632390 0.3405940 0.3460849 0.2748323 0.2596583 0.2745788 0.0000000 0.0857256 0.2742369 
n280_281   0.0066839 0.3683605 0.3736220 0.3668780 0.5098090 0.2945057 0.0134464 0.3546527 0.0100583 0.3737390 0.4817760 0.3740773 0.0100520 0.0667387 0.3800790 0.3674687 0.4113843 0.3724789 0.3554551 0.3552001 0.2730199 0.2630212 0.2890162 0.0857256 0.0000000 0.2724324 
n265_266   0.2725179 0.3290359 0.3340669 0.3276791 0.5041783 0.1135442 0.2725978 0.3266865 0.2672783 0.3341666 0.4779819 0.3528461 0.2724558 0.2582169 0.3397414 0.3395102 0.3566928 0.3217846 0.3339594 0.3282264 0.0101101 0.2528950 0.1094798 0.2742369 0.2724324 0.0000000 
