26
n287_288   0.0000000 0.0066796 0.1042325 0.2850857 0.3049442 0.3373849 0.3052943 0.2899246 0.0518384 0.2945502 0.2896287 0.0271290 0.0554854 0.0482792 0.0737943 0.0100464 0.3101891 0.4339282 0.0305968 0.3264836 0.4334024 0.0774748 0.2897567 0.1398224 0.2949304 0.4275701 
n290_291   0.0066796 0.0000000 0.0965129 0.2850241 0.2946785 0.3373036 0.3001961 0.2849336 0.0446954 0.2895330 0.2846440 0.0202450 0.0482988 0.0447184 0.0664128 0.0033324 0.2998441 0.4276335 0.0236781 0.3158867 0.4333223 0.0700574 0.2847695 0.1317093 0.2948654 0.4213334 
n236_237   0.1042325 0.0965129 0.0000000 0.2908541 0.2900806 0.3219847 0.2907181 0.2805475 0.0850529 0.2851300 0.2802629 0.0813235 0.0889135 0.0775605 0.1081722 0.1003862 0.3056205 0.3989661 0.0813386 0.3009916 0.3981924 0.1120294 0.2803864 0.1277525 0.3007909 0.3929047 
n278_279   0.2850857 0.2850241 0.2908541 0.0000000 0.3114766 0.3026065 0.0665686 0.0556108 0.2850615 0.0591620 0.0555637 0.2801570 0.2903833 0.2751248 0.3059671 0.2901555 0.3116583 0.3819535 0.2851573 0.3022769 0.4175349 0.3109944 0.0555853 0.2850282 0.0100856 0.3873826 
n285_286   0.3049442 0.2946785 0.2900806 0.3114766 0.0000000 0.1406140 0.3058604 0.2904710 0.2790595 0.2951021 0.2901743 0.2794970 0.2843143 0.2692380 0.2995326 0.2998740 0.0203496 0.3761231 0.2844807 0.1405326 0.4475803 0.3044974 0.2852348 0.2693000 0.3216854 0.4047508 
n265_266   0.3373849 0.3373036 0.3219847 0.3026065 0.1406140 0.0000000 0.3071208 0.2916522 0.3209172 0.2963055 0.2913530 0.3159690 0.3265355 0.3104834 0.3320019 0.3428434 0.1489194 0.3951250 0.3162281 0.0342902 0.4747958 0.3316884 0.2863888 0.3001530 0.3127370 0.4186723 
n280_281   0.3052943 0.3001961 0.2907181 0.0665686 0.3058604 0.3071208 0.0000000 0.0168994 0.2899006 0.0203036 0.0168856 0.2849680 0.2952580 0.2799047 0.3109396 0.3054413 0.3060373 0.3758637 0.2899981 0.3067672 0.4226710 0.3159962 0.0168920 0.2800015 0.0739065 0.3871597 
n299_300   0.2899246 0.2849336 0.2805475 0.0556108 0.2904710 0.2916522 0.0168994 0.0000000 0.2748595 0.0100749 0.0067033 0.2700254 0.2800940 0.2650699 0.2954344 0.2900629 0.2906357 0.3642042 0.2749516 0.2964854 0.4165956 0.3003877 0.0067058 0.2748289 0.0628398 0.3753135 
n293_294   0.0518384 0.0446954 0.0850529 0.2850615 0.2790595 0.3209172 0.2899006 0.2748595 0.0000000 0.2794042 0.2745825 0.0306263 0.0100430 0.0202385 0.0411125 0.0482689 0.2792053 0.4031307 0.0341152 0.3000012 0.4271679 0.0446303 0.2747029 0.1275545 0.2949050 0.3970494 
n274_275   0.2945502 0.2895330 0.2851300 0.0591620 0.2951021 0.2963055 0.0203036 0.0100749 0.2794042 0.0000000 0.0100673 0.2745462 0.2846695 0.2695641 0.3000942 0.2946910 0.2952702 0.3582967 0.2794978 0.3011610 0.4102155 0.3050726 0.0100705 0.2793725 0.0664157 0.3693097 
n292_293   0.2896287 0.2846440 0.2802629 0.0555637 0.2901743 0.2913530 0.0168856 0.0067033 0.2745825 0.0100673 0.0000000 0.2697543 0.2798103 0.2648048 0.2951312 0.2897667 0.2903386 0.3638095 0.2746744 0.2911980 0.4161236 0.3000783 0.0067003 0.2745519 0.0627863 0.3749030 
n296_297   0.0271290 0.0202450 0.0813235 0.2801570 0.2794970 0.3159690 0.2849680 0.2700254 0.0306263 0.2745462 0.2697543 0.0000000 0.0341446 0.0306419 0.0518819 0.0236838 0.2846763 0.4035634 0.0033340 0.2951822 0.4095411 0.0554566 0.2698723 0.1236156 0.2899391 0.3974732 
n294_295   0.0554854 0.0482988 0.0889135 0.2903833 0.2843143 0.3265355 0.2952580 0.2800940 0.0100430 0.2846695 0.2798103 0.0341446 0.0000000 0.0236908 0.0446909 0.0518949 0.2844638 0.3973007 0.0376544 0.3054403 0.4211402 0.0482284 0.2799334 0.1316864 0.3003040 0.3854578 
n275_276   0.0482792 0.0447184 0.0775605 0.2751248 0.2692380 0.3104834 0.2799047 0.2650699 0.0202385 0.2695641 0.2648048 0.0306419 0.0236908 0.0000000 0.0411336 0.0482938 0.2743305 0.3854470 0.0341326 0.2898686 0.4029591 0.0446533 0.2649203 0.1196121 0.2848395 0.3795188 
n297_298   0.0737943 0.0664128 0.1081722 0.3059671 0.2995326 0.3320019 0.3109396 0.2954344 0.0411125 0.3000942 0.2951312 0.0518819 0.0446909 0.0411336 0.0000000 0.0701108 0.3048706 0.4276314 0.0554838 0.3107406 0.4395891 0.0100462 0.2952623 0.1521498 0.3161016 0.4213186 
n289_290   0.0100464 0.0033324 0.1003862 0.2901555 0.2998740 0.3428434 0.3054413 0.2900629 0.0482689 0.2946910 0.2897667 0.0236838 0.0518949 0.0482938 0.0701108 0.0000000 0.3050807 0.4274925 0.0271351 0.3212538 0.4396656 0.0737741 0.2898949 0.1357874 0.3000674 0.4211951 
n286_287   0.3101891 0.2998441 0.3056205 0.3116583 0.0203496 0.1489194 0.3060373 0.2906357 0.2792053 0.2952702 0.2903386 0.2846763 0.2844638 0.2743305 0.3048706 0.3050807 0.0000000 0.3878037 0.2896993 0.1488320 0.4733491 0.3098742 0.2853954 0.2694537 0.3218754 0.4169123 
n255_256   0.4339282 0.4276335 0.3989661 0.3819535 0.3761231 0.3951250 0.3758637 0.3642042 0.4031307 0.3582967 0.3638095 0.4035634 0.3973007 0.3854470 0.4276314 0.4274925 0.3878037 0.0000000 0.4094733 0.3835422 0.3163365 0.4213756 0.3585495 0.3696053 0.3931443 0.0449627 
n295_296   0.0305968 0.0236781 0.0813386 0.2851573 0.2844807 0.3162281 0.2899981 0.2749516 0.0341152 0.2794978 0.2746744 0.0033340 0.0376544 0.0341326 0.0554838 0.0271351 0.2896993 0.4094733 0.0000000 0.2954215 0.4155009 0.0590756 0.2747948 0.1276072 0.2950043 0.4033329 
n266_267   0.3264836 0.3158867 0.3009916 0.3022769 0.1405326 0.0342902 0.3067672 0.2964854 0.3000012 0.3011610 0.2911980 0.2951822 0.3054403 0.2898686 0.3107406 0.3212538 0.1488320 0.3835422 0.2954215 0.0000000 0.4551150 0.3104506 0.2911879 0.2847264 0.3123929 0.4067182 
n244_245   0.4334024 0.4333223 0.3981924 0.4175349 0.4475803 0.4747958 0.4226710 0.4165956 0.4271679 0.4102155 0.4161236 0.4095411 0.4211402 0.4029591 0.4395891 0.4396656 0.4733491 0.3163365 0.4155009 0.4551150 0.0000000 0.4455664 0.4163213 0.4091988 0.4292715 0.3261614 
n298_299   0.0774748 0.0700574 0.1120294 0.3109944 0.3044974 0.3316884 0.3159962 0.3003877 0.0446303 0.3050726 0.3000783 0.0554566 0.0482284 0.0446533 0.0100462 0.0737741 0.3098742 0.4213756 0.0590756 0.3104506 0.4455664 0.0000000 0.3002119 0.1562309 0.3211933 0.4151180 
n300_301   0.2897567 0.2847695 0.2803864 0.0555853 0.2852348 0.2863888 0.0168920 0.0067058 0.2747029 0.0100705 0.0067003 0.2698723 0.2799334 0.2649203 0.2952623 0.2898949 0.2853954 0.3585495 0.2747948 0.2911879 0.4163213 0.3002119 0.0000000 0.2746723 0.0628108 0.3695702 
n200_201   0.1398224 0.1317093 0.1277525 0.2850282 0.2693000 0.3001530 0.2800015 0.2748289 0.1275545 0.2793725 0.2745519 0.1236156 0.1316864 0.1196121 0.1521498 0.1357874 0.2694537 0.3696053 0.1276072 0.2847264 0.4091988 0.1562309 0.2746723 0.0000000 0.2948690 0.3637950 
n277_278   0.2949304 0.2948654 0.3007909 0.0100856 0.3216854 0.3127370 0.0739065 0.0628398 0.2949050 0.0664157 0.0627863 0.2899391 0.3003040 0.2848395 0.3161016 0.3000674 0.3218754 0.3931443 0.2950043 0.3123929 0.4292715 0.3211933 0.0628108 0.2948690 0.0000000 0.3986488 
n251_252   0.4275701 0.4213334 0.3929047 0.3873826 0.4047508 0.4186723 0.3871597 0.3753135 0.3970494 0.3693097 0.3749030 0.3974732 0.3854578 0.3795188 0.4213186 0.4211951 0.4169123 0.0449627 0.4033329 0.4067182 0.3261614 0.4151180 0.3695702 0.3637950 0.3986488 0.0000000 
