24
n287_288   0.0000000 0.0067085 0.0924937 0.3307913 0.1930068 0.2110275 0.3207817 0.3107813 0.0518844 0.3156496 0.3109184 0.0134837 0.0554559 0.0483041 0.0447565 0.0033473 0.1845164 0.3883808 0.2200024 0.4300137 0.0483149 0.1193123 0.3309316 0.3993308 
n290_291   0.0067085 0.0000000 0.1000976 0.3360533 0.2016776 0.2199294 0.3259774 0.3159096 0.0590774 0.3208080 0.3160495 0.0203162 0.0626808 0.0554617 0.0518818 0.0100864 0.1930931 0.3996194 0.2290140 0.4419434 0.0554744 0.1271830 0.3361963 0.4107253 
n236_237   0.0924937 0.1000976 0.0000000 0.3153718 0.1973990 0.1892384 0.3108552 0.3058763 0.1000651 0.3057881 0.3060108 0.0924906 0.1038613 0.0962353 0.0924605 0.0962983 0.1888587 0.3504449 0.1980525 0.4006334 0.0962607 0.1037972 0.3155047 0.3608931 
n278_279   0.3307913 0.3360533 0.3153718 0.0000000 0.2598294 0.2649609 0.0734342 0.0698018 0.3467110 0.0660988 0.0734633 0.3308075 0.3518744 0.3413296 0.3306789 0.3360346 0.2506122 0.4463823 0.2699206 0.5232308 0.3359377 0.3148198 0.0066864 0.4769660 
n285_286   0.1930068 0.2016776 0.1973990 0.2598294 0.0000000 0.1072047 0.2459665 0.2416456 0.2151729 0.2413976 0.2462314 0.1930065 0.2195470 0.2194988 0.2150984 0.1973530 0.0066805 0.3645687 0.1227017 0.3602450 0.2195818 0.1883512 0.2692957 0.3751595 
n265_266   0.2110275 0.2199294 0.1892384 0.2649609 0.1072047 0.0000000 0.2419002 0.2512904 0.2156443 0.2463761 0.2559403 0.2110285 0.2200298 0.2199813 0.2155695 0.2154905 0.1072047 0.3500626 0.0270908 0.3499124 0.2200639 0.1974823 0.2650698 0.3604990 
n280_281   0.3207817 0.3259774 0.3108552 0.0734342 0.2459665 0.2419002 0.0000000 0.0237099 0.3364986 0.0271523 0.0271574 0.3207961 0.3416015 0.3311874 0.3206723 0.3259599 0.2369059 0.4166972 0.2512366 0.4599498 0.3258642 0.3098774 0.0734621 0.4461116 
n299_300   0.3107813 0.3159096 0.3058763 0.0698018 0.2416456 0.2512904 0.0237099 0.0000000 0.3262923 0.0237135 0.0033427 0.3107941 0.3313335 0.3210524 0.3106749 0.3158934 0.2326253 0.4232895 0.2607517 0.4482180 0.3157990 0.3001945 0.0698283 0.4530067 
n293_294   0.0518844 0.0590774 0.1000651 0.3467110 0.2151729 0.2156443 0.3364986 0.3262923 0.0000000 0.3312525 0.3264378 0.0518821 0.0033489 0.0100943 0.0134977 0.0554795 0.2064306 0.3944260 0.2246827 0.4353887 0.0169111 0.1312068 0.3468593 0.4054706 
n274_275   0.3156496 0.3208080 0.3057881 0.0660988 0.2413976 0.2463761 0.0271523 0.0237135 0.3312525 0.0000000 0.0271615 0.3156631 0.3363209 0.3259808 0.3155418 0.3207912 0.2323894 0.4106561 0.2557637 0.4657719 0.3206962 0.3048309 0.0661238 0.4398122 
n292_293   0.3109184 0.3160495 0.3060108 0.0734633 0.2462314 0.2559403 0.0271574 0.0033427 0.3264378 0.0271615 0.0000000 0.3109312 0.3314817 0.3211950 0.3108120 0.3160332 0.2371596 0.4234897 0.2654605 0.4542304 0.3159388 0.3003258 0.0734912 0.4532256 
n296_297   0.0134837 0.0203162 0.0924906 0.3308075 0.1930065 0.2110285 0.3207961 0.3107941 0.0518821 0.3156631 0.3109312 0.0000000 0.0554535 0.0483019 0.0447545 0.0168945 0.1845156 0.3884089 0.2200040 0.4241941 0.0483127 0.1193094 0.3309478 0.3993616 
n294_295   0.0554559 0.0626808 0.1038613 0.3518744 0.2195470 0.2200298 0.3416015 0.3313335 0.0033489 0.3363209 0.3314817 0.0554535 0.0000000 0.0134852 0.0169050 0.0590674 0.2107601 0.3944005 0.2291189 0.4353599 0.0203331 0.1351509 0.3520252 0.4054442 
n275_276   0.0483041 0.0554617 0.0962353 0.3413296 0.2194988 0.2199813 0.3311874 0.3210524 0.0100943 0.3259808 0.3211950 0.0483019 0.0134852 0.0000000 0.0100989 0.0518812 0.2107137 0.3833331 0.2290683 0.4296004 0.0134963 0.1272116 0.3414752 0.3942269 
n297_298   0.0447565 0.0518818 0.0924605 0.3306789 0.2150984 0.2155695 0.3206723 0.3106749 0.0134977 0.3155418 0.3108120 0.0447545 0.0169050 0.0100989 0.0000000 0.0483171 0.2063587 0.3832871 0.2246050 0.4357369 0.0033502 0.1232880 0.3308192 0.3941809 
n289_290   0.0033473 0.0100864 0.0962983 0.3360346 0.1973530 0.2154905 0.3259599 0.3158934 0.0554795 0.3207912 0.3160332 0.0168945 0.0590674 0.0518812 0.0483171 0.0000000 0.1888150 0.3940168 0.2245208 0.4359939 0.0518929 0.1232528 0.3361775 0.4050446 
n286_287   0.1845164 0.1930931 0.1888587 0.2506122 0.0066805 0.1072047 0.2369059 0.2326253 0.2064306 0.2323894 0.2371596 0.1845156 0.2107601 0.2107137 0.2063587 0.1888150 0.0000000 0.3540710 0.1149560 0.3551007 0.2107909 0.1883188 0.2599666 0.3645286 
n255_256   0.3883808 0.3996194 0.3504449 0.4463823 0.3645687 0.3500626 0.4166972 0.4232895 0.3944260 0.4106561 0.4234897 0.3884089 0.3944005 0.3833331 0.3832871 0.3940168 0.3540710 0.0000000 0.3660751 0.2785320 0.3889201 0.3658283 0.4346486 0.0444644 
n266_267   0.2200024 0.2290140 0.1980525 0.2699206 0.1227017 0.0270908 0.2512366 0.2607517 0.2246827 0.2557637 0.2654605 0.2200040 0.2291189 0.2290683 0.2246050 0.2245208 0.1149560 0.3660751 0.0000000 0.3605521 0.2291564 0.2019423 0.2700316 0.3767204 
n244_245   0.4300137 0.4419434 0.4006334 0.5232308 0.3602450 0.3499124 0.4599498 0.4482180 0.4353887 0.4657719 0.4542304 0.4241941 0.4353599 0.4296004 0.4357369 0.4359939 0.3551007 0.2785320 0.3605521 0.0000000 0.4418045 0.4224336 0.5102643 0.2882583 
n298_299   0.0483149 0.0554744 0.0962607 0.3359377 0.2195818 0.2200639 0.3258642 0.3157990 0.0169111 0.3206962 0.3159388 0.0483127 0.0203331 0.0134963 0.0033502 0.0518929 0.2107909 0.3889201 0.2291564 0.4418045 0.0000000 0.1272485 0.3360805 0.3998937 
n200_201   0.1193123 0.1271830 0.1037972 0.3148198 0.1883512 0.1974823 0.3098774 0.3001945 0.1312068 0.3048309 0.3003258 0.1193094 0.1351509 0.1272116 0.1232880 0.1232528 0.1883188 0.3658283 0.2019423 0.4224336 0.1272485 0.0000000 0.3149522 0.3764610 
n277_278   0.3309316 0.3361963 0.3155047 0.0066864 0.2692957 0.2650698 0.0734621 0.0698283 0.3468593 0.0661238 0.0734912 0.3309478 0.3520252 0.3414752 0.3308192 0.3361775 0.2599666 0.4346486 0.2700316 0.5102643 0.3360805 0.3149522 0.0000000 0.4647754 
n251_252   0.3993308 0.4107253 0.3608931 0.4769660 0.3751595 0.3604990 0.4461116 0.4530067 0.4054706 0.4398122 0.4532256 0.3993616 0.4054442 0.3942269 0.3941809 0.4050446 0.3645286 0.0444644 0.3767204 0.2882583 0.3998937 0.3764610 0.4647754 0.0000000 
