25
n292_293   0.0000000 0.2460451 0.2413606 0.2513167 0.4208058 0.2298434 0.0033462 0.2563536 0.0100815 0.2511171 0.4326864 0.2816029 0.0856791 0.2417303 0.2465569 0.3752644 0.2516593 0.2613984 0.2609830 0.2510710 0.2549529 0.2394056 0.0817281 0.0100788 0.2604825 
n287_288   0.2460451 0.0000000 0.0033446 0.0272512 0.3892246 0.2203064 0.2512876 0.0237973 0.2465587 0.0100853 0.3887878 0.0558209 0.2863220 0.0203291 0.0169112 0.3752902 0.0272830 0.0169201 0.0168974 0.2170388 0.1331218 0.2204416 0.2910809 0.2416076 0.2356023 
n290_291   0.2413606 0.0033446 0.0000000 0.0237964 0.3835174 0.2158110 0.2465649 0.0203565 0.2418628 0.0067102 0.3830867 0.0522220 0.2813731 0.0169068 0.0135018 0.3697116 0.0238241 0.0135089 0.0134908 0.2125400 0.1291224 0.2251736 0.2861062 0.2369445 0.2309948 
n294_295   0.2513167 0.0272512 0.0237964 0.0000000 0.4066454 0.2392649 0.2566116 0.0169186 0.2518452 0.0307560 0.3945660 0.0668591 0.2812280 0.0134897 0.0100996 0.3817634 0.0067275 0.0378461 0.0377942 0.2406173 0.1496190 0.2489575 0.2859572 0.2468483 0.2550766 
n251_252   0.4208058 0.3892246 0.3835174 0.4066454 0.0000000 0.4174789 0.4278012 0.3952780 0.4218308 0.3956118 0.0665716 0.4262545 0.4390993 0.3943996 0.3888568 0.3561065 0.4072577 0.3897473 0.3890775 0.4383255 0.4114871 0.4301692 0.4392182 0.4277794 0.4573265 
n286_287   0.2298434 0.2203064 0.2158110 0.2392649 0.4174789 0.0000000 0.2349147 0.2206905 0.2208241 0.2251411 0.4290484 0.2541301 0.2634818 0.2206119 0.2252608 0.3827319 0.2395863 0.2251303 0.2247837 0.1368351 0.2386527 0.0066796 0.2731900 0.2348814 0.1448617 
n300_301   0.0033462 0.2512876 0.2465649 0.2566116 0.4278012 0.2349147 0.0000000 0.2616960 0.0134935 0.2564079 0.4398068 0.2871712 0.0896184 0.2469438 0.2518129 0.3817458 0.2569630 0.2667867 0.2663618 0.2563613 0.2602597 0.2445603 0.0856325 0.0134899 0.2658487 
n275_276   0.2563536 0.0237973 0.0203565 0.0169186 0.3952780 0.2206905 0.2616960 0.0000000 0.2469486 0.0272840 0.3833615 0.0632088 0.2865045 0.0100974 0.0067199 0.3763197 0.0169383 0.0343363 0.0342893 0.2314671 0.1415187 0.2301292 0.2912663 0.2518582 0.2457600 
n274_275   0.0100815 0.2465587 0.2418628 0.2518452 0.4218308 0.2208241 0.0134935 0.2469486 0.0000000 0.2516439 0.4337502 0.2822095 0.0896271 0.2422340 0.2470726 0.3761396 0.2521893 0.2619523 0.2615361 0.2515978 0.2554877 0.2302713 0.0856406 0.0134908 0.2610325 
n289_290   0.2511171 0.0100853 0.0067102 0.0307560 0.3956118 0.2251411 0.2564079 0.0272840 0.2516439 0.0000000 0.3951678 0.0595073 0.2917345 0.0237928 0.0203579 0.3815151 0.0307930 0.0203686 0.0203412 0.2218731 0.1373187 0.2346368 0.2965278 0.2466508 0.2405775 
n255_256   0.4326864 0.3887878 0.3830867 0.3945660 0.0665716 0.4290484 0.4398068 0.3833615 0.4337502 0.3951678 0.0000000 0.4197258 0.4579539 0.3825170 0.3770508 0.3392562 0.3951561 0.3893097 0.3886410 0.4385794 0.4171901 0.4419309 0.4580819 0.4397874 0.4575967 
n236_237   0.2816029 0.0558209 0.0522220 0.0668591 0.4262545 0.2541301 0.2871712 0.0632088 0.2822095 0.0595073 0.4197258 0.0000000 0.3123378 0.0594865 0.0558845 0.4004344 0.0669400 0.0669714 0.0668777 0.2558853 0.1410674 0.2640480 0.3172414 0.2769759 0.2705352 
n278_279   0.0856791 0.2863220 0.2813731 0.2812280 0.4390993 0.2634818 0.0896184 0.2865045 0.0896271 0.2917345 0.4579539 0.3123378 0.0000000 0.2810743 0.2762764 0.4316367 0.2816184 0.3026976 0.3022053 0.2969142 0.2941346 0.2735320 0.0168505 0.0896016 0.3018672 
n297_298   0.2417303 0.0203291 0.0169068 0.0134897 0.3943996 0.2206119 0.2469438 0.0100974 0.2422340 0.0237928 0.3825170 0.0594865 0.2810743 0.0000000 0.0033489 0.3754979 0.0135053 0.0307970 0.0307543 0.2218449 0.1331748 0.2300475 0.2858010 0.2373072 0.2359330 
n298_299   0.2465569 0.0169112 0.0135018 0.0100996 0.3888568 0.2252608 0.2518129 0.0067199 0.2470726 0.0203579 0.3770508 0.0558845 0.2762764 0.0033489 0.0000000 0.3700956 0.0101113 0.0273265 0.0272885 0.2265235 0.1372686 0.2347608 0.2809805 0.2421101 0.2407047 
n244_245   0.3752644 0.3752902 0.3697116 0.3817634 0.3561065 0.3827319 0.3817458 0.3763197 0.3761396 0.3815151 0.3392562 0.4004344 0.4316367 0.3754979 0.3700956 0.0000000 0.3879638 0.3940972 0.3934205 0.3718603 0.3546270 0.3947023 0.4317519 0.3817167 0.3892315 
n293_294   0.2516593 0.0272830 0.0238241 0.0067275 0.4072577 0.2395863 0.2569630 0.0169383 0.2521893 0.0307930 0.3951561 0.0669400 0.2816184 0.0135053 0.0101113 0.3879638 0.0000000 0.0378910 0.0378390 0.2409422 0.1498093 0.2492939 0.2863549 0.2471853 0.2554239 
n296_297   0.2613984 0.0169201 0.0135089 0.0378461 0.3897473 0.2251303 0.2667867 0.0343363 0.2619523 0.0203686 0.3893097 0.0669714 0.3026976 0.0307970 0.0273265 0.3940972 0.0378910 0.0000000 0.0067063 0.2316750 0.1458296 0.2346243 0.3075594 0.2568746 0.2506629 
n295_296   0.2609830 0.0168974 0.0134908 0.0377942 0.3890775 0.2247837 0.2663618 0.0342893 0.2615361 0.0203412 0.3886410 0.0668777 0.3022053 0.0307543 0.0272885 0.3934205 0.0378390 0.0067063 0.0000000 0.2313147 0.1456152 0.2342610 0.3070583 0.2564669 0.2502691 
n266_267   0.2510710 0.2170388 0.2125400 0.2406173 0.4383255 0.1368351 0.2563613 0.2314671 0.2515978 0.2218731 0.4385794 0.2558853 0.2969142 0.2218449 0.2265235 0.3718603 0.2409422 0.2316750 0.2313147 0.0000000 0.2548513 0.1451254 0.2967224 0.2563269 0.0203024 
n200_201   0.2549529 0.1331218 0.1291224 0.1496190 0.4114871 0.2386527 0.2602597 0.1415187 0.2554877 0.1373187 0.4171901 0.1410674 0.2941346 0.1331748 0.1372686 0.3546270 0.1498093 0.1458296 0.1456152 0.2548513 0.0000000 0.2483172 0.3095023 0.2504821 0.2744069 
n285_286   0.2394056 0.2204416 0.2251736 0.2489575 0.4301692 0.0066796 0.2445603 0.2301292 0.2302713 0.2346368 0.4419309 0.2640480 0.2735320 0.2300475 0.2347608 0.3947023 0.2492939 0.2346243 0.2342610 0.1451254 0.2483172 0.0000000 0.2833775 0.2445266 0.1532416 
n277_278   0.0817281 0.2910809 0.2861062 0.2859572 0.4392182 0.2731900 0.0856325 0.2912663 0.0856406 0.2965278 0.4580819 0.3172414 0.0168505 0.2858010 0.2809805 0.4317519 0.2863549 0.3075594 0.3070583 0.2967224 0.3095023 0.2833775 0.0000000 0.0856164 0.3016709 
n280_281   0.0100788 0.2416076 0.2369445 0.2468483 0.4277794 0.2348814 0.0134899 0.2518582 0.0134908 0.2466508 0.4397874 0.2769759 0.0896016 0.2373072 0.2421101 0.3817167 0.2471853 0.2568746 0.2564669 0.2563269 0.2504821 0.2445266 0.0856164 0.0000000 0.2658141 
n265_266   0.2604825 0.2356023 0.2309948 0.2550766 0.4573265 0.1448617 0.2658487 0.2457600 0.2610325 0.2405775 0.4575967 0.2705352 0.3018672 0.2359330 0.2407047 0.3892315 0.2554239 0.2506629 0.2502691 0.0203024 0.2744069 0.1532416 0.3016709 0.2658141 0.0000000 
