25
n292_293   0.0000000 0.3076003 0.3076244 0.3034107 0.3985655 0.2805538 0.0100656 0.3028055 0.0033364 0.3023916 0.3916041 0.3029959 0.0627105 0.3135583 0.3138850 0.3961477 0.2981918 0.3028610 0.3026591 0.2180134 0.2909465 0.2807193 0.0627266 0.0100551 0.2560508 
n287_288   0.3076003 0.0000000 0.0067165 0.0273507 0.3891674 0.2719053 0.3022500 0.0203779 0.3023590 0.0033497 0.3770894 0.0780373 0.3071420 0.0273316 0.0308468 0.3801996 0.0238697 0.0169329 0.0135069 0.2564918 0.1281467 0.2671554 0.3175897 0.3022013 0.2764626 
n290_291   0.3076244 0.0067165 0.0000000 0.0273519 0.3892030 0.2719252 0.3022734 0.0203787 0.3023824 0.0033498 0.3771231 0.0780411 0.3071660 0.0273328 0.0308482 0.3686898 0.0238708 0.0169336 0.0135074 0.2565100 0.1281537 0.2671748 0.3176150 0.3022246 0.2764830 
n294_295   0.3034107 0.0273507 0.0273519 0.0000000 0.3786464 0.2727457 0.3031142 0.0204291 0.3032238 0.0238704 0.3667201 0.0782403 0.3080228 0.0274000 0.0309243 0.3933144 0.0033634 0.0273818 0.0238882 0.2525692 0.1284914 0.2679788 0.3185073 0.3030652 0.2724831 
n251_252   0.3985655 0.3891674 0.3892030 0.3786464 0.0000000 0.3680543 0.3984484 0.3720592 0.3925845 0.3832836 0.0413620 0.3776054 0.3859593 0.3900387 0.3844527 0.2778531 0.3727905 0.3839134 0.3836413 0.3517238 0.3871241 0.3626687 0.3976514 0.3923723 0.3744786 
n286_287   0.2805538 0.2719053 0.2719252 0.2727457 0.3680543 0.0000000 0.2754323 0.2823597 0.2755301 0.2669515 0.3507239 0.2925277 0.2898547 0.2824967 0.2727461 0.3770948 0.2777820 0.2822905 0.2771251 0.1395412 0.2609664 0.0066541 0.3000046 0.2753884 0.1561796 
n300_301   0.0100656 0.3022500 0.3022734 0.3031142 0.3984484 0.2754323 0.0000000 0.2974871 0.0066931 0.2970820 0.3914892 0.2976742 0.0664095 0.3081518 0.3084716 0.3960318 0.2979012 0.2975416 0.2973439 0.2179515 0.2857408 0.2755942 0.0664275 0.0134481 0.2559774 
n275_276   0.3028055 0.0203779 0.0203787 0.0204291 0.3720592 0.2823597 0.2974871 0.0000000 0.2975942 0.0169384 0.3602638 0.0706345 0.3023548 0.0204149 0.0238935 0.3864856 0.0169795 0.0204006 0.0169508 0.2619174 0.1202674 0.2775390 0.3127441 0.2974391 0.2820854 
n274_275   0.0033364 0.3023590 0.3023824 0.3032238 0.3925845 0.2755301 0.0066931 0.2975942 0.0000000 0.2971889 0.3856911 0.2977815 0.0590651 0.3082634 0.3085834 0.3902118 0.2980086 0.2976487 0.2974510 0.2134277 0.2858428 0.2756921 0.0590803 0.0066862 0.2511997 
n289_290   0.3023916 0.0033497 0.0033498 0.0238704 0.3832836 0.2669515 0.2970820 0.0169384 0.2971889 0.0000000 0.3713061 0.0742879 0.3019420 0.0238528 0.0273487 0.3744218 0.0204065 0.0135120 0.0101046 0.2516557 0.1241294 0.2622319 0.3123144 0.2970342 0.2714834 
n255_256   0.3916041 0.3770894 0.3771231 0.3667201 0.0413620 0.3507239 0.3914892 0.3602638 0.3856911 0.3713061 0.0000000 0.3657236 0.3848403 0.3779274 0.3724315 0.2922631 0.3609654 0.3719115 0.3716501 0.3401784 0.3751223 0.3454619 0.3964923 0.3854834 0.3625363 
n236_237   0.3029959 0.0780373 0.0780411 0.0782403 0.3776054 0.2925277 0.2976742 0.0706345 0.2977815 0.0742879 0.3657236 0.0000000 0.2970742 0.0781821 0.0820133 0.4284653 0.0744779 0.0781292 0.0743452 0.2671847 0.1365132 0.2876435 0.3073827 0.2976262 0.2875303 
n278_279   0.0627105 0.3071420 0.3071660 0.3080228 0.3859593 0.2898547 0.0664095 0.3023548 0.0590651 0.3019420 0.3848403 0.2970742 0.0000000 0.3130892 0.3134150 0.3547845 0.3027767 0.2920471 0.2918539 0.2359864 0.2955386 0.2900263 0.0133998 0.0663386 0.2505427 
n297_298   0.3135583 0.0273316 0.0273328 0.0274000 0.3900387 0.2824967 0.3081518 0.0204149 0.3082634 0.0238528 0.3779274 0.0781821 0.3130892 0.0000000 0.0101337 0.4048667 0.0239126 0.0273626 0.0238715 0.2720197 0.1283905 0.2776735 0.3236419 0.3081019 0.2925062 
n298_299   0.3138850 0.0308468 0.0308482 0.0309243 0.3844527 0.2727461 0.3084716 0.0238935 0.3085834 0.0273487 0.3724315 0.0820133 0.3134150 0.0101337 0.0000000 0.3992028 0.0274164 0.0308820 0.0273692 0.2624181 0.1325293 0.2679796 0.3239808 0.3084217 0.2826308 
n244_245   0.3961477 0.3801996 0.3686898 0.3933144 0.2778531 0.3770948 0.3960318 0.3864856 0.3902118 0.3744218 0.2922631 0.4284653 0.3547845 0.4048667 0.3992028 0.0000000 0.3873683 0.3806565 0.3746739 0.3712290 0.4454219 0.3716705 0.3717914 0.3840589 0.4007710 
n293_294   0.2981918 0.0238697 0.0238708 0.0033634 0.3727905 0.2777820 0.2979012 0.0169795 0.2980086 0.0204065 0.3609654 0.0744779 0.3027767 0.0239126 0.0274164 0.3873683 0.0000000 0.0238968 0.0204226 0.2574520 0.1244565 0.2729835 0.3131834 0.2978531 0.2775131 
n296_297   0.3028610 0.0169329 0.0169336 0.0273818 0.3839134 0.2822905 0.2975416 0.0204006 0.2976487 0.0135120 0.3719115 0.0781292 0.2920471 0.0273626 0.0308820 0.3806565 0.0238968 0.0000000 0.0033540 0.2666106 0.1283025 0.2774711 0.3022869 0.2974936 0.2767732 
n295_296   0.3026591 0.0135069 0.0135074 0.0238882 0.3836413 0.2771251 0.2973439 0.0169508 0.2974510 0.0101046 0.3716501 0.0743452 0.2918539 0.0238715 0.0273692 0.3746739 0.0204226 0.0033540 0.0000000 0.2615760 0.1242278 0.2723397 0.3020858 0.2972960 0.2716579 
n266_267   0.2180134 0.2564918 0.2565100 0.2525692 0.3517238 0.1395412 0.2179515 0.2619174 0.2134277 0.2516557 0.3401784 0.2671847 0.2359864 0.2720197 0.2624181 0.3712290 0.2574520 0.2666106 0.2615760 0.0000000 0.2507543 0.1396162 0.2453852 0.2133209 0.0340191 
n200_201   0.2909465 0.1281467 0.1281537 0.1284914 0.3871241 0.2609664 0.2857408 0.1202674 0.2858428 0.1241294 0.3751223 0.1365132 0.2955386 0.1283905 0.1325293 0.4454219 0.1244565 0.1283025 0.1242278 0.2507543 0.0000000 0.2660544 0.3057862 0.2856951 0.2704992 
n285_286   0.2807193 0.2671554 0.2671748 0.2679788 0.3626687 0.0066541 0.2755942 0.2775390 0.2756921 0.2622319 0.3454619 0.2876435 0.2900263 0.2776735 0.2679796 0.3716705 0.2729835 0.2774711 0.2723397 0.1396162 0.2660544 0.0000000 0.3001832 0.2755503 0.1562645 
n277_278   0.0627266 0.3175897 0.3176150 0.3185073 0.3976514 0.3000046 0.0664275 0.3127441 0.0590803 0.3123144 0.3964923 0.3073827 0.0133998 0.3236419 0.3239808 0.3717914 0.3131834 0.3022869 0.3020858 0.2453852 0.3057862 0.3001832 0.0000000 0.0663556 0.2601473 
n280_281   0.0100551 0.3022013 0.3022246 0.3030652 0.3923723 0.2753884 0.0134481 0.2974391 0.0066862 0.2970342 0.3854834 0.2976262 0.0663386 0.3081019 0.3084217 0.3840589 0.2978531 0.2974936 0.2972960 0.2133209 0.2856951 0.2755503 0.0663556 0.0000000 0.2510718 
n265_266   0.2560508 0.2764626 0.2764830 0.2724831 0.3744786 0.1561796 0.2559774 0.2820854 0.2511997 0.2714834 0.3625363 0.2875303 0.2505427 0.2925062 0.2826308 0.4007710 0.2775131 0.2767732 0.2716579 0.0340191 0.2704992 0.1562645 0.2601473 0.2510718 0.0000000 
