24
n292_293   0.0000000 0.2652817 0.2700881 0.2704861 0.4304817 0.2122251 0.0033348 0.2801765 0.0134261 0.4118517 0.2508630 0.0375321 0.2857582 0.2906202 0.3592416 0.2651926 0.2560455 0.2610032 0.1987148 0.2222729 0.2169532 0.0445361 0.0202170 0.1894841 
n287_288   0.2652817 0.0000000 0.0033567 0.0342998 0.4952625 0.2749386 0.2603966 0.0378538 0.2555752 0.4812975 0.0855972 0.2513148 0.0485934 0.0450275 0.3715873 0.0378417 0.0135367 0.0169699 0.2500519 0.1409199 0.2752859 0.2606391 0.2597578 0.2689223 
n290_291   0.2700881 0.0033567 0.0000000 0.0342806 0.5018494 0.2744905 0.2651707 0.0378326 0.2603195 0.4877595 0.0893749 0.2560395 0.0485660 0.0450021 0.3771585 0.0378205 0.0169575 0.0204083 0.2547492 0.1449938 0.2748367 0.2654188 0.2645198 0.2737346 
n294_295   0.2704861 0.0342998 0.0342806 0.0000000 0.5077845 0.2944646 0.2655607 0.0101220 0.2607018 0.4866920 0.0970625 0.2564154 0.0204147 0.0169766 0.3820873 0.0033597 0.0273372 0.0308450 0.2742461 0.1450880 0.2948413 0.2658095 0.2701469 0.2886096 
n251_252   0.4304817 0.4952625 0.5018494 0.5077845 0.0000000 0.4187851 0.4243009 0.5152532 0.4238990 0.0516801 0.4381808 0.3946894 0.5095717 0.5160952 0.3166345 0.5001254 0.4828310 0.4897350 0.4062631 0.4168770 0.4253546 0.4122802 0.4292731 0.3828671 
n286_287   0.2122251 0.2749386 0.2744905 0.2944646 0.4187851 0.0000000 0.2077171 0.2998396 0.2032493 0.3943809 0.2653615 0.1904487 0.3009725 0.3059316 0.3598117 0.2889790 0.2699729 0.2646914 0.1158717 0.2362128 0.0033254 0.1990252 0.2119559 0.1234172 
n300_301   0.0033348 0.2603966 0.2651707 0.2655607 0.4243009 0.2077171 0.0000000 0.2751862 0.0100443 0.4058318 0.2460771 0.0340323 0.2807218 0.2855515 0.3593183 0.2603096 0.2512171 0.2561391 0.1942950 0.2176842 0.2124110 0.0410038 0.0168049 0.1851310 
n275_276   0.2801765 0.0378538 0.0378326 0.0101220 0.5152532 0.2998396 0.2751862 0.0000000 0.2702676 0.4939230 0.1010116 0.2659419 0.0238944 0.0204388 0.3882611 0.0135350 0.0308548 0.0343846 0.2794527 0.1575558 0.3002251 0.2754462 0.2798266 0.2939248 
n274_275   0.0134261 0.2555752 0.2603195 0.2607018 0.4238990 0.2032493 0.0100443 0.2702676 0.0000000 0.4054460 0.2413476 0.0305477 0.2757606 0.2805609 0.3589745 0.2554902 0.2464478 0.2513367 0.1899109 0.2131396 0.2079107 0.0374865 0.0134087 0.1895179 
n255_256   0.4118517 0.4812975 0.4877595 0.4866920 0.0516801 0.3943809 0.4058318 0.4939230 0.4054460 0.0000000 0.4252538 0.3826697 0.4883876 0.4947291 0.2895277 0.4792769 0.4690827 0.4758509 0.4113104 0.4233113 0.4007072 0.3999619 0.4107012 0.3877878 
n236_237   0.2508630 0.0855972 0.0893749 0.0970625 0.4381808 0.2653615 0.2460771 0.1010116 0.2413476 0.4252538 0.0000000 0.2325069 0.1128598 0.1089736 0.3562497 0.1009751 0.0781510 0.0819568 0.2461254 0.1288249 0.2656945 0.2463031 0.2505467 0.2548167 
n278_279   0.0375321 0.2513148 0.2560395 0.2564154 0.3946894 0.1904487 0.0340323 0.2659419 0.0305477 0.3826697 0.2325069 0.0000000 0.2714047 0.2761857 0.3433182 0.2512315 0.2469132 0.2518125 0.1773296 0.2090632 0.1950242 0.0134239 0.0374835 0.1853734 
n297_298   0.2857582 0.0485934 0.0485660 0.0204147 0.5095717 0.3009725 0.2807218 0.0238944 0.2757606 0.4883876 0.1128598 0.2714047 0.0000000 0.0033632 0.4061201 0.0238869 0.0414928 0.0450850 0.2850178 0.1704384 0.3013608 0.2809889 0.2854016 0.2996128 
n298_299   0.2906202 0.0450275 0.0450021 0.0169766 0.5160952 0.3059316 0.2855515 0.0204388 0.2805609 0.4947291 0.1089736 0.2761857 0.0033632 0.0000000 0.4005131 0.0204325 0.0379555 0.0415295 0.2898665 0.1662551 0.3063276 0.2858244 0.2902583 0.3045457 
n244_245   0.3592416 0.3715873 0.3771585 0.3820873 0.3166345 0.3598117 0.3593183 0.3882611 0.3589745 0.2895277 0.3562497 0.3433182 0.4061201 0.4005131 0.0000000 0.3820649 0.3609275 0.3667243 0.3493989 0.3221305 0.3658059 0.3489424 0.3697177 0.3327169 
n293_294   0.2651926 0.0378417 0.0378205 0.0033597 0.5001254 0.2889790 0.2603096 0.0135350 0.2554902 0.4792769 0.1009751 0.2512315 0.0238869 0.0204325 0.3820649 0.0000000 0.0308450 0.0343736 0.2689375 0.1450823 0.2893468 0.2605519 0.2648598 0.2831864 
n296_297   0.2560455 0.0135367 0.0169575 0.0273372 0.4828310 0.2699729 0.2512171 0.0308548 0.2464478 0.4690827 0.0781510 0.2469132 0.0414928 0.0379555 0.3609275 0.0308450 0.0000000 0.0033621 0.2457444 0.1329352 0.2703126 0.2561960 0.2557226 0.2596132 
n295_296   0.2610032 0.0169699 0.0204083 0.0308450 0.4897350 0.2646914 0.2561391 0.0343846 0.2513367 0.4758509 0.0819568 0.2518125 0.0450850 0.0415295 0.3667243 0.0343736 0.0033621 0.0000000 0.2506167 0.1370744 0.2650227 0.2611574 0.2606745 0.2645778 
n266_267   0.1987148 0.2500519 0.2547492 0.2742461 0.4062631 0.1158717 0.1942950 0.2794527 0.1899109 0.4113104 0.2461254 0.1773296 0.2850178 0.2898665 0.3493989 0.2689375 0.2457444 0.2506167 0.0000000 0.2083106 0.1199306 0.1857570 0.1854464 0.0235628 
n200_201   0.2222729 0.1409199 0.1449938 0.1450880 0.4168770 0.2362128 0.2176842 0.1575558 0.2131396 0.4233113 0.1288249 0.2090632 0.1704384 0.1662551 0.3221305 0.1450823 0.1329352 0.1370744 0.2083106 0.0000000 0.2411421 0.2135345 0.2219908 0.2166323 
n285_286   0.2169532 0.2752859 0.2748367 0.2948413 0.4253546 0.0033254 0.2124110 0.3002251 0.2079107 0.4007072 0.2656945 0.1950242 0.3013608 0.3063276 0.3658059 0.2893468 0.2703126 0.2650227 0.1199306 0.2411421 0.0000000 0.2036589 0.2166782 0.1275150 
n277_278   0.0445361 0.2606391 0.2654188 0.2658095 0.4122802 0.1990252 0.0410038 0.2754462 0.0374865 0.3999619 0.2463031 0.0134239 0.2809889 0.2858244 0.3489424 0.2605519 0.2561960 0.2611574 0.1857570 0.2135345 0.2036589 0.0000000 0.0444784 0.1938650 
n280_281   0.0202170 0.2597578 0.2645198 0.2701469 0.4292731 0.2119559 0.0168049 0.2798266 0.0134087 0.4107012 0.2505467 0.0374835 0.2854016 0.2902583 0.3697177 0.2648598 0.2557226 0.2606745 0.1854464 0.2219908 0.2166782 0.0444784 0.0000000 0.1893284 
n265_266   0.1894841 0.2689223 0.2737346 0.2886096 0.3828671 0.1234172 0.1851310 0.2939248 0.1895179 0.3877878 0.2548167 0.1853734 0.2996128 0.3045457 0.3327169 0.2831864 0.2596132 0.2645778 0.0235628 0.2166323 0.1275150 0.1938650 0.1893284 0.0000000 
