26
n295_298   0.0000000 0.1360159 2.1594410 2.0862453 2.2884781 2.8043787 2.5873439 0.1359192 2.5197432 2.3379036 2.6283049 0.2978589 0.1483620 2.1530145 0.7373210 1.9739044 0.3177099 0.3169090 0.3122517 2.6744962 1.2869377 0.3019429 2.9132617 3.7846741 0.0237592 2.1015288 
n290_293   0.1360159 0.0000000 2.2638119 2.0394552 2.0608702 2.6616104 2.2328995 0.0482556 2.4990293 2.0736825 2.6229443 0.3068884 0.0446569 2.0625004 0.6729315 1.9551548 0.2967171 0.3063571 0.2863607 2.4897634 1.1944800 0.2966962 2.7549217 3.4901587 0.1361495 2.1276349 
n266_269   2.1594410 2.2638119 0.0000000 2.1826650 1.7291106 1.7821798 1.8849497 2.2266274 1.7382336 0.8607406 1.8179769 1.7917923 2.3282786 0.8059655 1.9289226 2.0762660 2.0722748 1.6429782 1.9172818 1.8301925 2.1246758 1.7015864 1.8492453 3.1498622 2.1012137 0.1361105 
n255_258   2.0862453 2.0394552 2.1826650 0.0000000 2.8178067 3.1466109 2.8964820 2.0787177 2.8479507 2.2097814 2.9197869 2.0672496 2.1600338 1.8595577 2.1453321 0.3364211 2.0104677 1.6805646 2.1476461 3.4816868 3.6638024 1.6704057 3.4140142 2.3692067 2.0169758 2.3275195 
n277_280   2.2884781 2.0608702 1.7291106 2.8178067 0.0000000 0.4478791 0.1121420 2.0216107 0.4423439 1.3677085 0.4408328 2.2378987 2.0395117 1.3674934 1.8968420 2.5368620 1.9056812 1.8407631 1.9371032 0.4712432 2.4670611 1.8346179 0.4348251 3.1914704 2.0916376 1.5816045 
n299_302   2.8043787 2.6616104 1.7821798 3.1466109 0.4478791 0.0000000 0.4219313 2.4038250 0.1323427 1.4209093 0.0272788 2.1677160 2.2880628 1.3760072 1.9743184 3.5555958 2.2207249 2.1183973 2.2762419 0.1045561 2.0462082 1.9821929 0.0203505 2.6669076 2.4761960 1.7668244 
n278_281   2.5873439 2.2328995 1.8849497 2.8964820 0.1121420 0.4219313 0.0000000 2.2380307 0.4291322 1.3409625 0.4218435 2.1882934 2.1764281 1.3095374 1.7940022 2.9054343 1.9966078 1.9481662 2.0407200 0.4582942 3.1831022 1.8389104 0.4218464 4.0682061 2.3294559 1.7446324 
n287_290   0.1359192 0.0482556 2.2266274 2.0787177 2.0216107 2.4038250 2.2380307 0.0000000 2.2424220 1.9512434 2.2831543 0.3338455 0.0518989 1.9420277 0.7273939 1.8438536 0.3284487 0.3326260 0.3176077 2.2205457 1.2102360 0.3226572 2.4752033 3.4436883 0.1360526 2.0560830 
n274_277   2.5197432 2.4990293 1.7382336 2.8479507 0.4423439 0.1323427 0.4291322 2.2424220 0.0000000 1.5122575 0.1243074 2.2720073 2.2783741 1.3917752 1.8156607 3.0932257 2.1717925 2.0523267 2.1691341 0.1483559 2.0737914 1.9731773 0.1405094 2.3635215 2.2150325 1.6181397 
n286_289   2.3379036 2.0736825 0.8607406 2.2097814 1.3677085 1.4209093 1.3409625 1.9512434 1.5122575 0.0000000 1.4434325 1.8448271 2.0349297 0.0815717 1.9321434 2.2533662 2.0071440 1.8876719 2.0155501 1.4709914 1.9361262 1.8499730 1.4500288 3.3524103 2.0948144 0.8984772 
n292_295   2.6283049 2.6229443 1.8179769 2.9197869 0.4408328 0.0272788 0.4218435 2.2831543 0.1243074 1.4434325 0.0000000 2.1676160 2.1883900 1.3352022 1.9325136 3.2423055 2.1682872 2.0713116 2.2202970 0.0891117 1.9299810 1.9409429 0.0272666 2.5103814 2.3444288 1.8023384 
n275_278   0.2978589 0.3068884 1.7917923 2.0672496 2.2378987 2.1677160 2.1882934 0.3338455 2.2720073 1.8448271 2.1676160 0.0000000 0.3337114 2.0246423 0.7038421 1.9665050 0.1482901 0.1441791 0.1240811 2.1791335 1.1720522 0.1281513 2.1831861 8.9999987 0.2925919 1.8819122 
n289_292   0.1483620 0.0446569 2.3282786 2.1600338 2.0395117 2.2880628 2.1764281 0.0518989 2.2783741 2.0349297 2.1883900 0.3337114 0.0000000 1.9514785 0.7167889 2.0533800 0.3282867 0.3324872 0.3174546 2.2263825 1.1597572 0.3225255 2.3530590 3.4745689 0.1485076 2.1843611 
n285_288   2.1530145 2.0625004 0.8059655 1.8595577 1.3674934 1.3760072 1.3095374 1.9420277 1.3917752 0.0815717 1.3352022 2.0246423 1.9514785 0.0000000 2.0215712 2.2490252 2.1685940 2.0575098 2.2232129 1.3776052 2.0078198 2.0120343 1.4034172 3.2786544 2.0445505 0.8188793 
n236_239   0.7373210 0.6729315 1.9289226 2.1453321 1.8968420 1.9743184 1.7940022 0.7273939 1.8156607 1.9321434 1.9325136 0.7038421 0.7167889 2.0215712 0.0000000 2.3228702 0.6883065 0.6498421 0.6700899 1.7814223 1.2284475 0.6269747 1.9033617 6.4555692 0.7203641 1.9224973 
n251_254   1.9739044 1.9551548 2.0762660 0.3364211 2.5368620 3.5555958 2.9054343 1.8438536 3.0932257 2.2533662 3.2423055 1.9665050 2.0533800 2.2490252 2.3228702 0.0000000 1.9829410 1.7672335 1.9812328 4.0490198 3.0363425 1.7153202 3.8020551 2.1845709 1.9115626 2.2308799 
n294_297   0.3177099 0.2967171 2.0722748 2.0104677 1.9056812 2.2207249 1.9966078 0.3284487 2.1717925 2.0071440 2.1682872 0.1482901 0.3282867 2.1685940 0.6883065 1.9829410 0.0000000 0.1435484 0.0517354 2.1007636 1.3074502 0.1316990 2.2816932 9.0000000 0.3124750 1.9385893 
n297_300   0.3169090 0.3063571 1.6429782 1.6805646 1.8407631 2.1183973 1.9481662 0.3326260 2.0523267 1.8876719 2.0713116 0.1441791 0.3324872 2.0575098 0.6498421 1.7672335 0.1435484 0.0000000 0.1195882 2.1532263 1.1645721 0.0305470 2.1728108 5.6136896 0.3064864 1.6855333 
n293_296   0.3122517 0.2863607 1.9172818 2.1476461 1.9371032 2.2762419 2.0407200 0.3176077 2.1691341 2.0155501 2.2202970 0.1240811 0.3174546 2.2232129 0.6700899 1.9812328 0.0517354 0.1195882 0.0000000 2.0592852 1.2526529 0.1080720 2.2485999 8.9999990 0.3074743 1.8023661 
n280_283   2.6744962 2.4897634 1.8301925 3.4816868 0.4712432 0.1045561 0.4582942 2.2205457 0.1483559 1.4709914 0.0891117 2.1791335 2.2263825 1.3776052 1.7814223 4.0490198 2.1007636 2.1532263 2.0592852 0.0000000 2.0898802 2.0098698 0.1006660 2.7129022 2.2516513 1.7850294 
n200_203   1.2869377 1.1944800 2.1246758 3.6638024 2.4670611 2.0462082 3.1831022 1.2102360 2.0737914 1.9361262 1.9299810 1.1720522 1.1597572 2.0078198 1.2284475 3.0363425 1.3074502 1.1645721 1.2526529 2.0898802 0.0000000 1.1466876 2.0018733 9.0000000 1.2111058 2.2717502 
n298_301   0.3019429 0.2966962 1.7015864 1.6704057 1.8346179 1.9821929 1.8389104 0.3226572 1.9731773 1.8499730 1.9409429 0.1281513 0.3225255 2.0120343 0.6269747 1.7153202 0.1316990 0.0305470 0.1080720 2.0098698 1.1466876 0.0000000 1.9608152 5.0216832 0.2917202 1.7820902 
n300_303   2.9132617 2.7549217 1.8492453 3.4140142 0.4348251 0.0203505 0.4218464 2.4752033 0.1405094 1.4500288 0.0272666 2.1831861 2.3530590 1.4034172 1.9033617 3.8020551 2.2816932 2.1728108 2.2485999 0.1006660 2.0018733 1.9608152 0.0000000 2.5887226 2.5546516 1.8328393 
n244_247   3.7846741 3.4901587 3.1498622 2.3692067 3.1914704 2.6669076 4.0682061 3.4436883 2.3635215 3.3524103 2.5103814 8.9999987 3.4745689 3.2786544 6.4555692 2.1845709 9.0000000 5.6136896 8.9999990 2.7129022 9.0000000 5.0216832 2.5887226 0.0000000 4.1686950 3.1131102 
n296_299   0.0237592 0.1361495 2.1012137 2.0169758 2.0916376 2.4761960 2.3294559 0.1360526 2.2150325 2.0948144 2.3444288 0.2925919 0.1485076 2.0445505 0.7203641 1.9115626 0.3124750 0.3064864 0.3074743 2.2516513 1.2111058 0.2917202 2.5546516 4.1686950 0.0000000 2.1079883 
n265_268   2.1015288 2.1276349 0.1361105 2.3275195 1.5816045 1.7668244 1.7446324 2.0560830 1.6181397 0.8984772 1.8023384 1.8819122 2.1843611 0.8188793 1.9224973 2.2308799 1.9385893 1.6855333 1.8023661 1.7850294 2.2717502 1.7820902 1.8328393 3.1131102 2.1079883 0.0000000 
