12
n292_249   0.0000000 0.0202518 0.0696955 0.2422690 0.3713252 0.2910870 0.0696895 0.2510587 0.0134159 0.3555065 0.2599374 0.2423876 
n274_239   0.0202518 0.0000000 0.0808734 0.2657826 0.3933488 0.3105793 0.0808665 0.2652117 0.0270922 0.3771012 0.2742373 0.2659115 
n277_240   0.0696955 0.0808734 0.0000000 0.2511616 0.3755264 0.2720005 0.0066820 0.2506281 0.0733137 0.3596709 0.2594907 0.2512837 
n266_235   0.2422690 0.2657826 0.2511616 0.0000000 0.3704040 0.3114067 0.2419962 0.1387752 0.2560815 0.3546399 0.1506845 0.0203116 
n255_226   0.3713252 0.3933488 0.3755264 0.3704040 0.0000000 0.2585770 0.3755090 0.3980273 0.3931047 0.0411917 0.4036428 0.3705742 
n244_215   0.2910870 0.3105793 0.2720005 0.3114067 0.2585770 0.0000000 0.2719823 0.3065964 0.3058569 0.2584275 0.3164186 0.3115549 
n278_241   0.0696895 0.0808665 0.0066820 0.2419962 0.3755090 0.2719823 0.0000000 0.2414859 0.0733074 0.3596528 0.2502586 0.2421143 
n285_246   0.2510587 0.2652117 0.2506281 0.1387752 0.3980273 0.3065964 0.2414859 0.0000000 0.2463472 0.3817224 0.0202125 0.1384910 
n280_243   0.0134159 0.0270922 0.0733137 0.2560815 0.3931047 0.3058569 0.0733074 0.2463472 0.0000000 0.3768704 0.2551753 0.2562067 
n251_222   0.3555065 0.3771012 0.3596709 0.3546399 0.0411917 0.2584275 0.3596528 0.3817224 0.3768704 0.0000000 0.3872277 0.3548048 
n286_247   0.2599374 0.2742373 0.2594907 0.1506845 0.4036428 0.3164186 0.2502586 0.0202125 0.2551753 0.3872277 0.0000000 0.1503743 
n265_234   0.2423876 0.2659115 0.2512837 0.0203116 0.3705742 0.3115549 0.2421143 0.1384910 0.2562067 0.3548048 0.1503743 0.0000000 
