25
n292_293   0.0000000 0.2995021 0.2945525 0.2991804 0.3954567 0.2844258 0.0100702 0.3147890 0.0203035 0.3677275 0.2945874 0.0100720 0.0625689 0.2994200 0.3094490 0.4070877 0.3041998 0.2894695 0.2847175 0.2326324 0.2995447 0.2795535 0.0589441 0.0134606 0.2374337 
n287_288   0.2995021 0.0000000 0.0033392 0.0306327 0.3897102 0.2755150 0.2946084 0.0447394 0.3000884 0.3621081 0.0772916 0.2849167 0.2855038 0.0306521 0.0376404 0.3567246 0.0341197 0.0100634 0.0134506 0.2750538 0.1595530 0.2658577 0.2804846 0.2851009 0.2801830 
n290_291   0.2945525 0.0033392 0.0000000 0.0271673 0.3841247 0.2707133 0.2896899 0.0412027 0.2951272 0.3567250 0.0736021 0.2800591 0.2806343 0.0271845 0.0341404 0.3513813 0.0306379 0.0066941 0.0100656 0.2702620 0.1554338 0.2611181 0.2756497 0.2802398 0.2753538 
n294_295   0.2991804 0.0306327 0.0271673 0.0000000 0.3619814 0.2610006 0.2942933 0.0203139 0.2997649 0.3353782 0.0735415 0.2846130 0.2902555 0.0067028 0.0134672 0.3355262 0.0033429 0.0271561 0.0306268 0.2605699 0.1552977 0.2515359 0.2852046 0.2847963 0.2655824 
n251_252   0.3954567 0.3897102 0.3841247 0.3619814 0.0000000 0.4123238 0.3896178 0.3790177 0.4017867 0.0552505 0.3680622 0.3842426 0.4076233 0.3674256 0.3784237 0.2992905 0.3674510 0.3783523 0.3730410 0.3892244 0.3622536 0.4007183 0.3962325 0.3844981 0.3953313 
n286_287   0.2844258 0.2755150 0.2707133 0.2610006 0.4123238 0.0000000 0.2796286 0.2757217 0.2850263 0.4010043 0.2706275 0.2796888 0.2801242 0.2612032 0.2612864 0.3677890 0.2657775 0.2611181 0.2659312 0.1343559 0.2651380 0.0066899 0.2705112 0.2654723 0.1384702 
n300_301   0.0100702 0.2946084 0.2896899 0.2942933 0.3896178 0.2796286 0.0000000 0.3097958 0.0237497 0.3677482 0.2897236 0.0067006 0.0662269 0.2945278 0.3044933 0.4014595 0.2992809 0.2846407 0.2799160 0.2281456 0.2898854 0.2747867 0.0625826 0.0168696 0.2329147 
n275_276   0.3147890 0.0447394 0.0412027 0.0203139 0.3790177 0.2757217 0.3097958 0.0000000 0.3154117 0.3571660 0.0885685 0.2999073 0.3057069 0.0203266 0.0272289 0.3570154 0.0237571 0.0411854 0.0447308 0.2657786 0.1638447 0.2660558 0.3005365 0.3001021 0.2708393 
n274_275   0.0203035 0.3000884 0.2951272 0.2997649 0.4017867 0.2850263 0.0237497 0.3154117 0.0000000 0.3737941 0.2901635 0.0237539 0.0626816 0.3000058 0.3100588 0.4020556 0.3047963 0.2900316 0.2852691 0.2331054 0.2950972 0.2801416 0.0590500 0.0134841 0.2379189 
n255_256   0.3677275 0.3621081 0.3567250 0.3353782 0.0552505 0.4010043 0.3677482 0.3571660 0.3737941 0.0000000 0.3463442 0.3625143 0.3851430 0.3406295 0.3512369 0.2700233 0.3406551 0.3511716 0.3460377 0.3782520 0.3460495 0.3895724 0.3740815 0.3571510 0.3842580 
n236_237   0.2945874 0.0772916 0.0736021 0.0735415 0.3680622 0.2706275 0.2897236 0.0885685 0.2901635 0.3463442 0.0000000 0.2800907 0.2807553 0.0735897 0.0809966 0.3516938 0.0772407 0.0699346 0.0663048 0.2419816 0.1513398 0.2610351 0.2757676 0.2753757 0.2468555 
n299_300   0.0100720 0.2849167 0.2800591 0.2846130 0.3842426 0.2796888 0.0067006 0.2999073 0.0237539 0.3625143 0.2800907 0.0000000 0.0662390 0.2848377 0.2946793 0.4015550 0.2895380 0.2750751 0.2704051 0.2281928 0.2849512 0.2748456 0.0625941 0.0168726 0.2329630 
n278_279   0.0625689 0.2855038 0.2806343 0.2902555 0.4076233 0.2801242 0.0662269 0.3057069 0.0626816 0.3851430 0.2807553 0.0662390 0.0000000 0.2904870 0.3004235 0.3855371 0.2952285 0.2806291 0.2759164 0.2375887 0.2904184 0.2752720 0.0168971 0.0553940 0.2424348 
n297_298   0.2994200 0.0306521 0.0271845 0.0067028 0.3674256 0.2612032 0.2945278 0.0203266 0.3000058 0.3406295 0.0735897 0.2848377 0.2904870 0.0000000 0.0067063 0.3354041 0.0100782 0.0271732 0.0306462 0.2607713 0.1554082 0.2517293 0.2854309 0.2850227 0.2657901 
n298_299   0.3094490 0.0376404 0.0341404 0.0134672 0.3784237 0.2612864 0.3044933 0.0272289 0.3100588 0.3512369 0.0809966 0.2946793 0.3004235 0.0067063 0.0000000 0.3459349 0.0168746 0.0341261 0.0376332 0.2655213 0.1636891 0.2518091 0.2952954 0.2948703 0.2705771 
n244_245   0.4070877 0.3567246 0.3513813 0.3355262 0.2992905 0.3677890 0.4014595 0.3570154 0.4020556 0.2700233 0.3516938 0.4015550 0.3855371 0.3354041 0.3459349 0.0000000 0.3408046 0.3511834 0.3460511 0.3409511 0.3247330 0.3568541 0.3744650 0.3848932 0.3411213 
n293_294   0.3041998 0.0341197 0.0306379 0.0033429 0.3674510 0.2657775 0.2992809 0.0237571 0.3047963 0.3406551 0.0772407 0.2895380 0.2952285 0.0100782 0.0168746 0.3408046 0.0000000 0.0306252 0.0341132 0.2653370 0.1594385 0.2562511 0.2901416 0.2897247 0.2703874 
n296_297   0.2894695 0.0100634 0.0066941 0.0271561 0.3783523 0.2611181 0.2846407 0.0411854 0.2900316 0.3511716 0.0699346 0.2750751 0.2806291 0.0271732 0.0341261 0.3511834 0.0306252 0.0000000 0.0033395 0.2653503 0.1553613 0.2516485 0.2756445 0.2752530 0.2704014 
n295_296   0.2847175 0.0134506 0.0100656 0.0306268 0.3730410 0.2659312 0.2799160 0.0447308 0.2852691 0.3460377 0.0663048 0.2704051 0.2759164 0.0306462 0.0376332 0.3460511 0.0341132 0.0033395 0.0000000 0.2607378 0.1513272 0.2563978 0.2709630 0.2705792 0.2657557 
n266_267   0.2326324 0.2750538 0.2702620 0.2605699 0.3892244 0.1343559 0.2281456 0.2657786 0.2331054 0.3782520 0.2419816 0.2281928 0.2375887 0.2607713 0.2655213 0.3409511 0.2653370 0.2653503 0.2607378 0.0000000 0.2463180 0.1304002 0.2285041 0.2148896 0.0236479 
n200_201   0.2995447 0.1595530 0.1554338 0.1552977 0.3622536 0.2651380 0.2898854 0.1638447 0.2950972 0.3460495 0.1513398 0.2849512 0.2904184 0.1554082 0.1636891 0.3247330 0.1594385 0.1553613 0.1513272 0.2463180 0.0000000 0.2556352 0.2853618 0.2802056 0.2512204 
n285_286   0.2795535 0.2658577 0.2611181 0.2515359 0.4007183 0.0066899 0.2747867 0.2660558 0.2801416 0.3895724 0.2610351 0.2748456 0.2752720 0.2517293 0.2518091 0.3568541 0.2562511 0.2516485 0.2563978 0.1304002 0.2556352 0.0000000 0.2657209 0.2607183 0.1344897 
n277_278   0.0589441 0.2804846 0.2756497 0.2852046 0.3962325 0.2705112 0.0625826 0.3005365 0.0590500 0.3740815 0.2757676 0.0625941 0.0168971 0.2854309 0.2952954 0.3744650 0.2901416 0.2756445 0.2709630 0.2285041 0.2853618 0.2657209 0.0000000 0.0518022 0.2332833 
n280_281   0.0134606 0.2851009 0.2802398 0.2847963 0.3844981 0.2654723 0.0168696 0.3001021 0.0134841 0.3571510 0.2753757 0.0168726 0.0553940 0.2850227 0.2948703 0.3848932 0.2897247 0.2752530 0.2705792 0.2148896 0.2802056 0.2607183 0.0518022 0.0000000 0.2195664 
n265_266   0.2374337 0.2801830 0.2753538 0.2655824 0.3953313 0.1384702 0.2329147 0.2708393 0.2379189 0.3842580 0.2468555 0.2329630 0.2424348 0.2657901 0.2705771 0.3411213 0.2703874 0.2704014 0.2657557 0.0236479 0.2512204 0.1344897 0.2332833 0.2195664 0.0000000 
