23
n292_293   0.0000000 0.3050476 0.2951966 0.2704577 0.3598135 0.2933308 0.0066868 0.2799621 0.0100481 0.2949231 0.3816459 0.2704101 0.0100539 0.0552144 0.2704350 0.3667059 0.2949797 0.2899973 0.2990218 0.3096632 0.0660875 0.0202280 0.2944142 
n287_288   0.3050476 0.0000000 0.0135006 0.0519597 0.3783573 0.3201302 0.2951528 0.0591454 0.2901381 0.0169045 0.4008707 0.1113653 0.3001706 0.2752726 0.0519559 0.3748318 0.0342532 0.0272692 0.3202593 0.1762804 0.2803980 0.2900802 0.3152696 
n290_291   0.2951966 0.0135006 0.0000000 0.0448365 0.3728350 0.3100889 0.2854249 0.0519591 0.2804756 0.0101005 0.3951780 0.1036991 0.2903777 0.2658018 0.0448333 0.3749574 0.0272862 0.0203657 0.3102128 0.1679377 0.2708563 0.2804189 0.3052863 
n294_295   0.2704577 0.0519597 0.0448365 0.0000000 0.3457445 0.2899114 0.2610053 0.0067148 0.2562250 0.0483708 0.3672708 0.0921787 0.2657900 0.2373715 0.0067150 0.3524093 0.0448004 0.0377216 0.3000584 0.1471270 0.2422068 0.2561708 0.2951978 
n251_252   0.3598135 0.3783573 0.3728350 0.3457445 0.0000000 0.3391525 0.3544011 0.3406530 0.3489959 0.3780351 0.0409143 0.3405466 0.3598079 0.3230854 0.3405964 0.2705365 0.3615346 0.3561642 0.3816258 0.3936189 0.3282296 0.3542555 0.3709552 
n286_287   0.2933308 0.3201302 0.3100889 0.2899114 0.3391525 0.0000000 0.2836353 0.2996597 0.2787247 0.3149173 0.3498226 0.2426013 0.2885492 0.2644663 0.2898869 0.3356388 0.3099176 0.3048344 0.1424334 0.2993206 0.2741504 0.2836032 0.1345400 
n300_301   0.0066868 0.2951528 0.2854249 0.2610053 0.3544011 0.2836353 0.0000000 0.2703974 0.0033350 0.2851628 0.3707814 0.2657278 0.0033369 0.0480950 0.2609835 0.3560108 0.2852163 0.2802984 0.2892348 0.3045788 0.0588614 0.0134268 0.2846777 
n275_276   0.2799621 0.0591454 0.0519591 0.0067148 0.3406530 0.2996597 0.2703974 0.0000000 0.2655560 0.0555217 0.3676034 0.0997214 0.2752419 0.2464685 0.0134857 0.3630159 0.0519169 0.0447719 0.3099421 0.1552329 0.2513687 0.2655017 0.3050213 
n274_275   0.0100481 0.2901381 0.2804756 0.2562250 0.3489959 0.2787247 0.0033350 0.2655560 0.0000000 0.2802193 0.3652509 0.2609177 0.0066856 0.0445465 0.2562036 0.3505714 0.2802712 0.2753874 0.2842762 0.2995089 0.0552569 0.0100455 0.2797465 
n289_290   0.2949231 0.0169045 0.0101005 0.0483708 0.3780351 0.3149173 0.2851628 0.0555217 0.2802193 0.0000000 0.4005207 0.1074765 0.2901098 0.2609384 0.0483672 0.3801992 0.0307501 0.0238008 0.3150436 0.1720173 0.2659539 0.2801627 0.3100895 
n255_256   0.3816459 0.4008707 0.3951780 0.3672708 0.0409143 0.3498226 0.3707814 0.3676034 0.3652509 0.4005207 0.0000000 0.3566901 0.3763134 0.3387722 0.3619765 0.2804631 0.3835153 0.3779845 0.3986303 0.4108031 0.3440288 0.3706272 0.3877183 
n236_237   0.2704101 0.1113653 0.1036991 0.0921787 0.3405466 0.2426013 0.2657278 0.0997214 0.2609177 0.1074765 0.3566901 0.0000000 0.2705419 0.2419480 0.0921717 0.3259354 0.0997773 0.0959631 0.2802737 0.1550879 0.2468154 0.2608629 0.2708482 
n299_300   0.0100539 0.3001706 0.2903777 0.2657900 0.3598079 0.2885492 0.0033369 0.2752419 0.0066856 0.2901098 0.3763134 0.2705419 0.0000000 0.0516571 0.2657678 0.3614521 0.2901649 0.2852131 0.2941965 0.3096527 0.0624791 0.0168232 0.2896124 
n278_279   0.0552144 0.2752726 0.2658018 0.2373715 0.3230854 0.2644663 0.0480950 0.2464685 0.0445465 0.2609384 0.3387722 0.2419480 0.0516571 0.0000000 0.2373519 0.3298465 0.2607747 0.2560243 0.2742146 0.2842001 0.0236576 0.0552003 0.2697436 
n297_298   0.2704350 0.0519559 0.0448333 0.0067150 0.3405964 0.2898869 0.2609835 0.0134857 0.2562036 0.0483672 0.3619765 0.0921717 0.2657678 0.2373519 0.0000000 0.3523793 0.0447971 0.0377189 0.2949574 0.1471154 0.2421867 0.2561495 0.2901304 
n244_245   0.3667059 0.3748318 0.3749574 0.3524093 0.2705365 0.3356388 0.3560108 0.3630159 0.3505714 0.3801992 0.2804631 0.3259354 0.3614521 0.3298465 0.3523793 0.0000000 0.3692548 0.3637208 0.3737481 0.3963031 0.3350614 0.3559770 0.3792947 
n296_297   0.2949797 0.0342532 0.0272862 0.0448004 0.3615346 0.3099176 0.2852163 0.0519169 0.2802712 0.0307501 0.3835153 0.0997773 0.2901649 0.2607747 0.0447971 0.3692548 0.0000000 0.0067234 0.3151338 0.1553232 0.2657875 0.2802145 0.3101781 
n295_296   0.2899973 0.0272692 0.0203657 0.0377216 0.3561642 0.3048344 0.2802984 0.0447719 0.2753874 0.0238008 0.3779845 0.0959631 0.2852131 0.2560243 0.0377189 0.3637208 0.0067234 0.0000000 0.3100128 0.1594340 0.2610004 0.2753315 0.3050905 
n266_267   0.2990218 0.3202593 0.3102128 0.3000584 0.3816258 0.1424334 0.2892348 0.3099421 0.2842762 0.3150436 0.3986303 0.2802737 0.2941965 0.2742146 0.2949574 0.3737481 0.3151338 0.3100128 0.0000000 0.3200359 0.2840378 0.2892023 0.0305983 
n200_201   0.3096632 0.1762804 0.1679377 0.1471270 0.3936189 0.2993206 0.3045788 0.1552329 0.2995089 0.1720173 0.4108031 0.1550879 0.3096527 0.2842001 0.1471154 0.3963031 0.1553232 0.1594340 0.3200359 0.0000000 0.2893806 0.2994500 0.3095595 
n277_278   0.0660875 0.2803980 0.2708563 0.2422068 0.3282296 0.2741504 0.0588614 0.2513687 0.0552569 0.2659539 0.3440288 0.2468154 0.0624791 0.0236576 0.2421867 0.3350614 0.2657875 0.2610004 0.2840378 0.2893806 0.0000000 0.0660708 0.2745976 
n280_281   0.0202280 0.2900802 0.2804189 0.2561708 0.3542555 0.2836032 0.0134268 0.2655017 0.0100455 0.2801627 0.3706272 0.2608629 0.0168232 0.0552003 0.2561495 0.3559770 0.2802145 0.2753315 0.2892023 0.2994500 0.0660708 0.0000000 0.2846456 
n265_266   0.2944142 0.3152696 0.3052863 0.2951978 0.3709552 0.1345400 0.2846777 0.3050213 0.2797465 0.3100895 0.3877183 0.2708482 0.2896124 0.2697436 0.2901304 0.3792947 0.3101781 0.3050905 0.0305983 0.3095595 0.2745976 0.2846456 0.0000000 
