25
n292_293   0.0000000 0.2825898 0.2823656 0.2869577 0.4754756 0.2946500 0.0033447 0.2918939 0.0237747 0.2775448 0.4803569 0.2821466 0.0813803 0.2916039 0.2865587 0.3741354 0.2866079 0.2876023 0.2874293 0.3261613 0.2817239 0.3105667 0.0740728 0.0134957 0.2994895 
n287_288   0.2825898 0.0000000 0.0134820 0.0376657 0.4111686 0.3001029 0.2878576 0.0376726 0.2825255 0.0067065 0.4162672 0.0814450 0.2926136 0.0411474 0.0376241 0.3066096 0.0341407 0.0134776 0.0168846 0.2747243 0.1403611 0.3161652 0.2835556 0.2775618 0.2750129 
n290_291   0.2823656 0.0134820 0.0000000 0.0376711 0.4232060 0.2998622 0.2876288 0.0376780 0.2823014 0.0067074 0.4221884 0.0814583 0.2873076 0.0411534 0.0376295 0.3175392 0.0341455 0.0134794 0.0168869 0.2745052 0.1402544 0.3159105 0.2783050 0.2773418 0.2747935 
n294_295   0.2869577 0.0376657 0.0376711 0.0000000 0.4218241 0.2990333 0.2922514 0.0066901 0.2868924 0.0306601 0.4266041 0.0812790 0.2919239 0.0100468 0.0066817 0.3159884 0.0033349 0.0376588 0.0411766 0.2640173 0.1441574 0.3150296 0.2828878 0.2819072 0.2740412 
n251_252   0.4754756 0.4111686 0.4232060 0.4218241 0.0000000 0.4242770 0.4825232 0.4277472 0.4552143 0.4174034 0.0701412 0.4404908 0.4559169 0.4331091 0.4269856 0.2336035 0.4212677 0.4296899 0.4358047 0.4905259 0.4204888 0.4234812 0.4505083 0.4623292 0.4771193 
n286_287   0.2946500 0.3001029 0.2998622 0.2990333 0.4242770 0.0000000 0.3000435 0.3096648 0.2995081 0.2948996 0.4362362 0.2993362 0.3213174 0.3143962 0.3091606 0.3607205 0.3042008 0.3052739 0.3104467 0.1667105 0.2991499 0.0101448 0.3061931 0.2837628 0.1542188 
n300_301   0.0033447 0.2878576 0.2876288 0.2922514 0.4825232 0.3000435 0.0000000 0.2972256 0.0272554 0.2827723 0.4874371 0.2874050 0.0851990 0.2969287 0.2918436 0.3801831 0.2918939 0.2929103 0.2927337 0.3318174 0.2869726 0.3160949 0.0778548 0.0169215 0.3049191 
n275_276   0.2918939 0.0376726 0.0376780 0.0066901 0.4277472 0.3096648 0.2972256 0.0000000 0.2918272 0.0306657 0.4325512 0.0812942 0.2968910 0.0100486 0.0066829 0.3210948 0.0033355 0.0376657 0.0411841 0.2741304 0.1441854 0.3259157 0.2878100 0.2868098 0.2843062 
n274_275   0.0237747 0.2825255 0.2823014 0.2868924 0.4552143 0.2995081 0.0272554 0.2918272 0.0000000 0.2774818 0.4864677 0.2823718 0.0852311 0.2915373 0.2864935 0.3740431 0.2865427 0.2875366 0.2925513 0.3260844 0.2915571 0.3155246 0.0778840 0.0168955 0.3050567 
n289_290   0.2775448 0.0067065 0.0067074 0.0306601 0.4174034 0.2948996 0.2827723 0.0306657 0.2774818 0.0000000 0.4164027 0.0739640 0.2824579 0.0341141 0.0306264 0.3119301 0.0271737 0.0067053 0.0100801 0.2697000 0.1362650 0.3108416 0.2734969 0.2725525 0.2699825 
n255_256   0.4803569 0.4162672 0.4221884 0.4266041 0.0701412 0.4362362 0.4874371 0.4325512 0.4864677 0.4164027 0.0000000 0.4394230 0.4604876 0.4317178 0.4256184 0.2416828 0.4260410 0.4286520 0.4347483 0.5100553 0.4383358 0.4354104 0.4685794 0.4798969 0.4963153 
n236_237   0.2821466 0.0814450 0.0814583 0.0812790 0.4404908 0.2993362 0.2874050 0.0812942 0.2823718 0.0739640 0.4394230 0.0000000 0.2870843 0.0812279 0.0811854 0.3265986 0.0775047 0.0814308 0.0851773 0.2737731 0.1401328 0.3153473 0.2780890 0.2822349 0.2691873 
n278_279   0.0813803 0.2926136 0.2873076 0.2919239 0.4559169 0.3213174 0.0851990 0.2968910 0.0852311 0.2824579 0.4604876 0.2870843 0.0000000 0.2965948 0.2915171 0.3620769 0.2915672 0.2925813 0.2976297 0.3430110 0.3022123 0.3265033 0.0376942 0.0814803 0.3156797 
n297_298   0.2916039 0.0411474 0.0411534 0.0100468 0.4331091 0.3143962 0.2969287 0.0100486 0.2915373 0.0341141 0.4317178 0.0812279 0.2965948 0.0000000 0.0033309 0.3207691 0.0066787 0.0411399 0.0446708 0.2786868 0.1440607 0.3307340 0.2875243 0.2865261 0.2889145 
n298_299   0.2865587 0.0376241 0.0376295 0.0066817 0.4269856 0.3091606 0.2918436 0.0066829 0.2864935 0.0306264 0.4256184 0.0811854 0.2915171 0.0033309 0.0000000 0.3155439 0.0033313 0.0376172 0.0411310 0.2736960 0.1439822 0.3253779 0.2824944 0.2815164 0.2838519 
n244_245   0.3741354 0.3066096 0.3175392 0.3159884 0.2336035 0.3607205 0.3801831 0.3210948 0.3740431 0.3119301 0.2416828 0.3265986 0.3620769 0.3207691 0.3155439 0.0000000 0.3155989 0.3224480 0.3276899 0.3936151 0.3218344 0.3600769 0.3634115 0.3684112 0.3826286 
n293_294   0.2866079 0.0341407 0.0341455 0.0033349 0.4212677 0.3042008 0.2918939 0.0033355 0.2865427 0.0271737 0.4260410 0.0775047 0.2915672 0.0066787 0.0033313 0.3155989 0.0000000 0.0341344 0.0376335 0.2689456 0.1399961 0.3203147 0.2825428 0.2815646 0.2790398 
n296_297   0.2876023 0.0134776 0.0134794 0.0376588 0.4296899 0.3052739 0.2929103 0.0376657 0.2875366 0.0067053 0.4286520 0.0814308 0.2925813 0.0411399 0.0376172 0.3224480 0.0341344 0.0000000 0.0033429 0.2797160 0.1444380 0.3214572 0.2786769 0.2825384 0.2800109 
n295_296   0.2874293 0.0168846 0.0168869 0.0411766 0.4358047 0.3104467 0.2927337 0.0411841 0.2925513 0.0100801 0.4347483 0.0851773 0.2976297 0.0446708 0.0411310 0.3276899 0.0376335 0.0033429 0.0000000 0.2847127 0.1485296 0.3267485 0.2836472 0.2875193 0.2850139 
n266_267   0.3261613 0.2747243 0.2745052 0.2640173 0.4905259 0.1667105 0.3318174 0.2741304 0.3260844 0.2697000 0.5100553 0.2737731 0.3430110 0.2786868 0.2736960 0.3936151 0.2689456 0.2797160 0.2847127 0.0000000 0.2825540 0.1753084 0.3385882 0.3207852 0.0273252 
n200_201   0.2817239 0.1403611 0.1402544 0.1441574 0.4204888 0.2991499 0.2869726 0.1441854 0.2915571 0.1362650 0.4383358 0.1401328 0.3022123 0.1440607 0.1439822 0.3218344 0.1399961 0.1444380 0.1485296 0.2825540 0.0000000 0.3095154 0.2980873 0.2767136 0.2828507 
n285_286   0.3105667 0.3161652 0.3159105 0.3150296 0.4234812 0.0101448 0.3160949 0.3259157 0.3155246 0.3108416 0.4354104 0.3153473 0.3265033 0.3307340 0.3253779 0.3600769 0.3203147 0.3214572 0.3267485 0.1753084 0.3095154 0.0000000 0.3112893 0.2994041 0.1626777 
n277_278   0.0740728 0.2835556 0.2783050 0.2828878 0.4505083 0.3061931 0.0778548 0.2878100 0.0778840 0.2734969 0.4685794 0.2780890 0.0376942 0.2875243 0.2824944 0.3634115 0.2825428 0.2786769 0.2836472 0.3385882 0.2980873 0.3112893 0.0000000 0.0741637 0.3113599 
n280_281   0.0134957 0.2775618 0.2773418 0.2819072 0.4623292 0.2837628 0.0169215 0.2868098 0.0168955 0.2725525 0.4798969 0.2822349 0.0814803 0.2865261 0.2815164 0.3684112 0.2815646 0.2825384 0.2875193 0.3207852 0.2767136 0.2994041 0.0741637 0.0000000 0.2999070 
n265_266   0.2994895 0.2750129 0.2747935 0.2740412 0.4771193 0.1542188 0.3049191 0.2843062 0.3050567 0.2699825 0.4963153 0.2691873 0.3156797 0.2889145 0.2838519 0.3826286 0.2790398 0.2800109 0.2850139 0.0273252 0.2828507 0.1626777 0.3113599 0.2999070 0.0000000 
