24
n287_288   0.0000000 0.0033429 0.0668664 0.2680334 0.2926482 0.3037046 0.2888364 0.2887959 0.0342657 0.2780711 0.0100843 0.0413591 0.0342461 0.0067056 0.2824416 0.4006158 0.0169049 0.2871792 0.3773774 0.0307452 0.2940529 0.1765758 0.2527955 0.3817501 
n290_291   0.0033429 0.0000000 0.0631344 0.2627980 0.2872246 0.2981784 0.2834237 0.2833841 0.0307396 0.2727556 0.0067017 0.0377889 0.0307221 0.0033423 0.2771012 0.3942018 0.0134811 0.2818040 0.3711793 0.0272412 0.2885963 0.1720808 0.2476878 0.3755262 
n236_237   0.0668664 0.0631344 0.0000000 0.2722714 0.2926104 0.3138555 0.2932270 0.2931858 0.0704830 0.2927137 0.0594636 0.0818307 0.0704414 0.0668531 0.2824047 0.3946955 0.0668696 0.2867605 0.3706854 0.0667467 0.2984646 0.1588473 0.2520577 0.3763532 
n278_279   0.2680334 0.2627980 0.2722714 0.0000000 0.2565880 0.2567848 0.0706886 0.0706806 0.2727302 0.0668787 0.2627659 0.2885804 0.2725482 0.2626508 0.2468948 0.3770971 0.2676406 0.2415529 0.3701069 0.2675448 0.0744254 0.2673028 0.0135045 0.3525636 
n285_286   0.2926482 0.2872246 0.2926104 0.2565880 0.0000000 0.1377333 0.2516854 0.2565843 0.2974423 0.2512261 0.2820577 0.3032552 0.2972418 0.2925541 0.0067169 0.4128326 0.2926638 0.1252006 0.3887258 0.2920793 0.2615736 0.3039029 0.2368718 0.4061965 
n265_266   0.3037046 0.2981784 0.3138555 0.2567848 0.1377333 0.0000000 0.2567930 0.2617297 0.3192465 0.2613205 0.3033720 0.3252874 0.3190284 0.3036047 0.1295835 0.4328728 0.3143415 0.0343047 0.3896060 0.3137003 0.2667597 0.3197301 0.2418558 0.4523893 
n280_281   0.2888364 0.2834237 0.2932270 0.0706886 0.2516854 0.2567930 0.0000000 0.0134868 0.2884581 0.0308074 0.2782649 0.2993245 0.2882638 0.2887439 0.2420570 0.3761115 0.2832482 0.2367581 0.3646225 0.2831445 0.0169032 0.2832996 0.0558955 0.3578922 
n299_300   0.2887959 0.2833841 0.2931858 0.0706806 0.2565843 0.2617297 0.0134868 0.0000000 0.2884177 0.0308041 0.2782263 0.3046685 0.2882235 0.2887034 0.2468899 0.3760546 0.2832087 0.2415474 0.3765802 0.2831051 0.0033473 0.2884880 0.0558893 0.3465502 
n293_294   0.0342657 0.0307396 0.0704830 0.2727302 0.2974423 0.3192465 0.2884581 0.2884177 0.0000000 0.2777118 0.0237837 0.0168975 0.0066965 0.0342594 0.2871814 0.3759323 0.0307596 0.2919410 0.3699566 0.0033408 0.2936655 0.1763738 0.2524781 0.3638342 
n274_275   0.2780711 0.2727556 0.2927137 0.0668787 0.2512261 0.2613205 0.0308074 0.0308041 0.2777118 0.0000000 0.2676825 0.2936772 0.2775260 0.2779840 0.2416191 0.3759161 0.2725879 0.2411769 0.3643378 0.2724897 0.0343194 0.2880248 0.0521905 0.3577121 
n296_297   0.0100843 0.0067017 0.0594636 0.2627659 0.2820577 0.3033720 0.2782649 0.2782263 0.0237837 0.2676825 0.0000000 0.0307544 0.0237701 0.0100825 0.2720072 0.3886672 0.0067060 0.2766798 0.3769313 0.0203246 0.2833992 0.1677324 0.2427974 0.3701279 
n275_276   0.0413591 0.0377889 0.0818307 0.2885804 0.3032552 0.3252874 0.2993245 0.3046685 0.0168975 0.2936772 0.0307544 0.0000000 0.0168878 0.0413514 0.2928955 0.3886313 0.0378138 0.2976969 0.4009406 0.0134775 0.3100488 0.1852016 0.2678289 0.3762850 
n297_298   0.0342461 0.0307221 0.0704414 0.2725482 0.2972418 0.3190284 0.2882638 0.2882235 0.0066965 0.2775260 0.0237701 0.0168878 0.0000000 0.0342398 0.2869889 0.3819807 0.0307420 0.2917448 0.3819597 0.0033380 0.2934671 0.1762629 0.2523116 0.3697716 
n289_290   0.0067056 0.0033423 0.0668531 0.2626508 0.2925541 0.3036047 0.2887439 0.2887034 0.0342594 0.2779840 0.0100825 0.0413514 0.0342398 0.0000000 0.2823525 0.3944680 0.0169019 0.2870879 0.3772345 0.0307396 0.2939577 0.1765310 0.2475506 0.3757767 
n286_287   0.2824416 0.2771012 0.2824047 0.2468948 0.0067169 0.1295835 0.2420570 0.2468899 0.2871814 0.2416191 0.2720072 0.2928955 0.2869889 0.2823525 0.0000000 0.4007668 0.2824565 0.1172084 0.3830809 0.2818975 0.2518115 0.3040045 0.2274502 0.3942490 
n255_256   0.4006158 0.3942018 0.3946955 0.3770971 0.4128326 0.4328728 0.3761115 0.3760546 0.3759323 0.3759161 0.3886672 0.3886313 0.3819807 0.3944680 0.4007668 0.0000000 0.4011575 0.4005770 0.3112454 0.3761600 0.3699032 0.3831094 0.3593174 0.0741325 
n295_296   0.0169049 0.0134811 0.0668696 0.2676406 0.2926638 0.3143415 0.2832482 0.2832087 0.0307596 0.2725879 0.0067060 0.0378138 0.0307420 0.0169019 0.2824565 0.4011575 0.0000000 0.2871944 0.3767365 0.0272589 0.2884172 0.1765847 0.2475377 0.3822594 
n266_267   0.2871792 0.2818040 0.2867605 0.2415529 0.1252006 0.0343047 0.2367581 0.2415474 0.2919410 0.2411769 0.2766798 0.2976969 0.2917448 0.2870879 0.1172084 0.4005770 0.2871944 0.0000000 0.3588256 0.2866241 0.2464223 0.2979164 0.2222885 0.4191773 
n244_245   0.3773774 0.3711793 0.3706854 0.3701069 0.3887258 0.3896060 0.3646225 0.3765802 0.3699566 0.3643378 0.3769313 0.4009406 0.3819597 0.3772345 0.3830809 0.3112454 0.3767365 0.3588256 0.0000000 0.3761422 0.3825374 0.3584031 0.3524505 0.2950636 
n298_299   0.0307452 0.0272412 0.0667467 0.2675448 0.2920793 0.3137003 0.2831445 0.2831051 0.0033408 0.2724897 0.0203246 0.0134775 0.0033380 0.0307396 0.2818975 0.3761600 0.0272589 0.2866241 0.3761422 0.0000000 0.2883109 0.1719281 0.2474516 0.3640525 
n300_301   0.2940529 0.2885963 0.2984646 0.0744254 0.2615736 0.2667597 0.0169032 0.0033473 0.2936655 0.0343194 0.2833992 0.3100488 0.2934671 0.2939577 0.2518115 0.3699032 0.2884172 0.2464223 0.3825374 0.2883109 0.0000000 0.2885131 0.0595481 0.3406756 
n200_201   0.1765758 0.1720808 0.1588473 0.2673028 0.3039029 0.3197301 0.2832996 0.2884880 0.1763738 0.2880248 0.1677324 0.1852016 0.1762629 0.1765310 0.3040045 0.3831094 0.1765847 0.2979164 0.3584031 0.1719281 0.2885131 0.0000000 0.2472331 0.3645278 
n277_278   0.2527955 0.2476878 0.2520577 0.0135045 0.2368718 0.2418558 0.0558955 0.0558893 0.2524781 0.0521905 0.2427974 0.2678289 0.2523116 0.2475506 0.2274502 0.3593174 0.2475377 0.2222885 0.3524505 0.2474516 0.0595481 0.2472331 0.0000000 0.3354449 
n251_252   0.3817501 0.3755262 0.3763532 0.3525636 0.4061965 0.4523893 0.3578922 0.3465502 0.3638342 0.3577121 0.3701279 0.3762850 0.3697716 0.3757767 0.3942490 0.0741325 0.3822594 0.4191773 0.2950636 0.3640525 0.3406756 0.3645278 0.3354449 0.0000000 
