23
n292_293   0.0000000 0.2665433 0.2617033 0.2661442 0.4303680 0.2725715 0.0033445 0.2763485 0.0272290 0.2615299 0.4501815 0.3077415 0.0629310 0.2714204 0.2664279 0.3818664 0.2566733 0.2775937 0.2561379 0.2730932 0.0556795 0.0203350 0.3025458 
n287_288   0.2665433 0.0000000 0.0100482 0.0446886 0.3908073 0.2918963 0.2715351 0.0483827 0.2762050 0.0100424 0.4100250 0.1122032 0.2866626 0.0447036 0.0376359 0.3783970 0.0236775 0.2968336 0.1404016 0.2973860 0.2815714 0.2563089 0.3171587 
n290_291   0.2617033 0.0100482 0.0000000 0.0411553 0.3850467 0.2868804 0.2666604 0.0448218 0.2713035 0.0066801 0.4040939 0.1121808 0.2816826 0.0411689 0.0341357 0.3782641 0.0202491 0.2917869 0.1403421 0.2923270 0.2766279 0.2515437 0.3119735 
n294_295   0.2661442 0.0446886 0.0411553 0.0000000 0.3783227 0.2968046 0.2711286 0.0202488 0.2806387 0.0411313 0.4032640 0.1199661 0.2855807 0.0271379 0.0202532 0.3834044 0.0341078 0.2967155 0.1398835 0.3023357 0.2807694 0.2606431 0.3170379 
n251_252   0.4303680 0.3908073 0.3850467 0.3783227 0.0000000 0.4612126 0.4367404 0.3850341 0.4303322 0.3847765 0.0483649 0.4212066 0.4305238 0.3731496 0.3790149 0.2973102 0.3675795 0.4351636 0.3798606 0.4621879 0.4246130 0.4171770 0.4670568 
n286_287   0.2725715 0.2918963 0.2868804 0.2968046 0.4612126 0.0000000 0.2776217 0.2921953 0.2725542 0.2866880 0.4747837 0.2930770 0.2677341 0.2918918 0.2817588 0.4048696 0.2716468 0.1409761 0.2825144 0.0101334 0.2726806 0.2624530 0.1660287 
n300_301   0.0033445 0.2715351 0.2666604 0.2711286 0.4367404 0.2776217 0.0000000 0.2814122 0.0307145 0.2664833 0.4567461 0.3130509 0.0666127 0.2764487 0.2714184 0.3759523 0.2615922 0.2826806 0.2610447 0.2781546 0.0593233 0.0237872 0.3078145 
n275_276   0.2763485 0.0483827 0.0448218 0.0202488 0.3850341 0.2921953 0.2814122 0.0000000 0.2811890 0.0447957 0.4102773 0.1241998 0.2811667 0.0341518 0.0271856 0.3901580 0.0412077 0.3025564 0.1442914 0.2976935 0.2813201 0.2659590 0.3230791 
n274_275   0.0272290 0.2762050 0.2713035 0.2806387 0.4303322 0.2725542 0.0307145 0.2811890 0.0000000 0.2711231 0.4501419 0.3023986 0.0593134 0.2811470 0.2760872 0.3818381 0.2662052 0.2775761 0.2612337 0.2730759 0.0520940 0.0203422 0.3025261 
n289_290   0.2615299 0.0100424 0.0066801 0.0411313 0.3847765 0.2866880 0.2664833 0.0447957 0.2711231 0.0000000 0.4038073 0.1121123 0.2814941 0.0411449 0.0341158 0.3780000 0.0202374 0.2915908 0.1402550 0.2921301 0.2764432 0.2513781 0.3117621 
n255_256   0.4501815 0.4100250 0.4040939 0.4032640 0.0483649 0.4747837 0.4567461 0.4102773 0.4501419 0.4038073 0.0000000 0.4349479 0.4375882 0.3918515 0.3978903 0.2975501 0.3861150 0.4554735 0.4106655 0.4757952 0.4316119 0.4365820 0.4815125 
n236_237   0.3077415 0.1122032 0.1121808 0.1199661 0.4212066 0.2930770 0.3130509 0.1241998 0.3023986 0.1121123 0.4349479 0.0000000 0.3130217 0.1159693 0.1081257 0.3965131 0.1043247 0.3141020 0.1785936 0.2985928 0.3080099 0.2968232 0.3350029 
n278_279   0.0629310 0.2866626 0.2816826 0.2855807 0.4305238 0.2677341 0.0666127 0.2811667 0.0593134 0.2814941 0.4375882 0.3130217 0.0000000 0.2861000 0.2810034 0.3822759 0.2762435 0.2779551 0.2762271 0.2682457 0.0203471 0.0593229 0.3029571 
n297_298   0.2714204 0.0447036 0.0411689 0.0271379 0.3731496 0.2918918 0.2764487 0.0341518 0.2811470 0.0411449 0.3918515 0.1159693 0.2861000 0.0000000 0.0066849 0.3840542 0.0341189 0.2918434 0.1609957 0.2973835 0.2812782 0.2611075 0.3120466 
n298_299   0.2664279 0.0376359 0.0341357 0.0202532 0.3790149 0.2817588 0.2714184 0.0271856 0.2760872 0.0341158 0.3978903 0.1081257 0.2810034 0.0066849 0.0000000 0.3781790 0.0271596 0.2866979 0.1526194 0.2871615 0.2762153 0.2561962 0.3067539 
n244_245   0.3818664 0.3783970 0.3782641 0.3834044 0.2973102 0.4048696 0.3759523 0.3901580 0.3818381 0.3780000 0.2975501 0.3965131 0.3822759 0.3840542 0.3781790 0.0000000 0.3613085 0.4230881 0.3861676 0.4114500 0.3823334 0.3699608 0.4536547 
n296_297   0.2566733 0.0236775 0.0202491 0.0341078 0.3675795 0.2716468 0.2615922 0.0412077 0.2662052 0.0202374 0.3861150 0.1043247 0.2762435 0.0341189 0.0271596 0.3613085 0.0000000 0.2764576 0.1443541 0.2769605 0.2714833 0.2465965 0.2962181 
n266_267   0.2775937 0.2968336 0.2917869 0.2967155 0.4351636 0.1409761 0.2826806 0.3025564 0.2775761 0.2915908 0.4554735 0.3141020 0.2779551 0.2918434 0.2866979 0.4230881 0.2764576 0.0000000 0.2969908 0.1452669 0.2829730 0.2674010 0.0272910 
n200_201   0.2561379 0.1404016 0.1403421 0.1398835 0.3798606 0.2825144 0.2610447 0.1442914 0.2612337 0.1402550 0.4106655 0.1785936 0.2762271 0.1609957 0.1526194 0.3861676 0.1443541 0.2969908 0.0000000 0.2979367 0.2664680 0.2513396 0.3068391 
n285_286   0.2730932 0.2973860 0.2923270 0.3023357 0.4621879 0.0101334 0.2781546 0.2976935 0.2730759 0.2921301 0.4757952 0.2985928 0.2682457 0.2973835 0.2871615 0.4114500 0.2769605 0.1452669 0.2979367 0.0000000 0.2732028 0.2629525 0.1705015 
n277_278   0.0556795 0.2815714 0.2766279 0.2807694 0.4246130 0.2726806 0.0593233 0.2813201 0.0520940 0.2764432 0.4316119 0.3080099 0.0203471 0.2812782 0.2762153 0.3823334 0.2714833 0.2829730 0.2664680 0.2732028 0.0000000 0.0521023 0.3081389 
n280_281   0.0203350 0.2563089 0.2515437 0.2606431 0.4171770 0.2624530 0.0237872 0.2659590 0.0203422 0.2513781 0.4365820 0.2968232 0.0593229 0.2611075 0.2561962 0.3699608 0.2465965 0.2674010 0.2513396 0.2629525 0.0521023 0.0000000 0.2919853 
n265_266   0.3025458 0.3171587 0.3119735 0.3170379 0.4670568 0.1660287 0.3078145 0.3230791 0.3025261 0.3117621 0.4815125 0.3350029 0.3029571 0.3120466 0.3067539 0.4536547 0.2962181 0.0272910 0.3068391 0.1705015 0.3081389 0.2919853 0.0000000 
