23
n200_189   0.0000000 0.3561724 0.3441499 0.1910474 0.1871234 0.1956132 0.1915055 0.2827205 0.2820057 0.1913518 0.3985063 0.3562067 0.1912668 0.1873652 0.1913154 0.3323913 0.1823246 0.1783605 0.2980081 0.1525638 0.3614717 0.2821958 0.3562613 
n274_249   0.3561724 0.0000000 0.0814166 0.3788344 0.3746074 0.3849494 0.3922591 0.2773786 0.2427128 0.3980582 0.4127568 0.0237869 0.4096644 0.3870104 0.4156898 0.0888932 0.3790849 0.3631195 0.2576114 0.3632044 0.0272342 0.2525960 0.0237903 
n277_252   0.3441499 0.0814166 0.0000000 0.3504852 0.3463451 0.3563464 0.3632984 0.2572165 0.2330055 0.3688764 0.3951054 0.0814604 0.3739713 0.3582225 0.3797041 0.0168371 0.3507133 0.3353001 0.2525821 0.3461837 0.0851669 0.2378301 0.0814721 
n290_265   0.1910474 0.3788344 0.3504852 0.0000000 0.0168872 0.0100673 0.0342643 0.2879168 0.2772309 0.0342390 0.4118295 0.3732009 0.0412660 0.0449336 0.0448171 0.3385971 0.0066932 0.0203347 0.2881111 0.0592790 0.3726072 0.2774175 0.3732583 
n296_271   0.1871234 0.3746074 0.3463451 0.0168872 0.0000000 0.0203301 0.0308290 0.2786217 0.2680637 0.0308059 0.3949164 0.3689911 0.0378155 0.0414636 0.0413567 0.3345006 0.0168964 0.0101095 0.2788083 0.0557726 0.3684030 0.2682439 0.3690480 
n287_262   0.1956132 0.3849494 0.3563464 0.0100673 0.0203301 0.0000000 0.0378158 0.2932606 0.2824810 0.0377874 0.4182237 0.3792655 0.0448536 0.0485511 0.0484257 0.3443434 0.0100719 0.0238007 0.2934599 0.0629776 0.3786594 0.2826716 0.3793240 
n294_269   0.1915055 0.3922591 0.3632984 0.0342643 0.0308290 0.0378158 0.0000000 0.2993657 0.2884598 0.0135129 0.4133672 0.3865042 0.0203557 0.0101083 0.0238066 0.3511346 0.0342840 0.0343750 0.2995709 0.0594112 0.3858818 0.2886554 0.3865640 
n266_241   0.2827205 0.2773786 0.2572165 0.2879168 0.2786217 0.2932606 0.2993657 0.0000000 0.1166525 0.2991070 0.3621575 0.2724652 0.2989761 0.2946413 0.3041504 0.2518897 0.2880984 0.2685612 0.0272068 0.2636689 0.2772087 0.1086618 0.2725062 
n285_260   0.2820057 0.2427128 0.2330055 0.2772309 0.2680637 0.2824810 0.2884598 0.1166525 0.0000000 0.2834738 0.3281127 0.2429431 0.2982151 0.2838006 0.3033751 0.2235170 0.2774045 0.2581659 0.1047747 0.2533503 0.2475105 0.0067108 0.2429795 
n275_250   0.1913518 0.3980582 0.3688764 0.0342390 0.0308059 0.0377874 0.0135129 0.2991070 0.2834738 0.0000000 0.4129815 0.3922594 0.0203407 0.0238491 0.0237890 0.3566113 0.0342576 0.0343492 0.2993119 0.0593663 0.3916255 0.2836656 0.3923202 
n244_223   0.3985063 0.4127568 0.3951054 0.4118295 0.3949164 0.4182237 0.4133672 0.3621575 0.3281127 0.4129815 0.0000000 0.4009340 0.4247631 0.4080150 0.4308837 0.3884353 0.4121057 0.3831668 0.3451814 0.3824719 0.4064897 0.3283376 0.4009960 
n299_274   0.3562067 0.0237869 0.0814604 0.3732009 0.3689911 0.3792655 0.3865042 0.2724652 0.2429431 0.3922594 0.4009340 0.0000000 0.4037762 0.3812896 0.4097534 0.0813778 0.3734469 0.3575904 0.2528289 0.3576725 0.0100792 0.2478478 0.0067085 
n297_272   0.1912668 0.4096644 0.3739713 0.0412660 0.0378155 0.0448536 0.0203557 0.2989761 0.2982151 0.0203407 0.4247631 0.4037762 0.0000000 0.0307966 0.0033436 0.3616235 0.0412886 0.0413993 0.3094861 0.0666495 0.4031189 0.2984178 0.4038389 
n293_268   0.1873652 0.3870104 0.3582225 0.0449336 0.0414636 0.0485511 0.0101083 0.2946413 0.2838006 0.0238491 0.4080150 0.3812896 0.0307966 0.0000000 0.0343036 0.3461391 0.0449585 0.0415115 0.2999185 0.0631297 0.3806771 0.2839929 0.3813487 
n298_273   0.1913154 0.4156898 0.3797041 0.0448171 0.0413567 0.0484257 0.0238066 0.3041504 0.3033751 0.0237890 0.4308837 0.4097534 0.0033436 0.0343036 0.0000000 0.3672468 0.0448416 0.0449622 0.3147386 0.0703389 0.4090837 0.3035817 0.4098171 
n278_253   0.3323913 0.0888932 0.0168371 0.3385971 0.3345006 0.3443434 0.3511346 0.2518897 0.2235170 0.3566113 0.3884353 0.0813778 0.3616235 0.3461391 0.3672468 0.0000000 0.3388157 0.3236572 0.2472931 0.3343452 0.0850804 0.2282703 0.0813894 
n289_264   0.1823246 0.3790849 0.3507133 0.0066932 0.0168964 0.0100719 0.0342840 0.2880984 0.2774045 0.0342576 0.4121057 0.3734469 0.0412886 0.0449585 0.0448416 0.3388157 0.0000000 0.0203457 0.2882930 0.0593121 0.3728524 0.2775913 0.3735044 
n295_270   0.1783605 0.3631195 0.3353001 0.0203347 0.0101095 0.0238007 0.0343750 0.2685612 0.2581659 0.0343492 0.3831668 0.3575904 0.0413993 0.0415115 0.0449622 0.3236572 0.0203457 0.0000000 0.2687390 0.0594718 0.3570260 0.2583388 0.3576454 
n265_240   0.2980081 0.2576114 0.2525821 0.2881111 0.2788083 0.2934599 0.2995709 0.0272068 0.1047747 0.2993119 0.3451814 0.2528289 0.3094861 0.2999185 0.3147386 0.2472931 0.2882930 0.2687390 0.0000000 0.2686990 0.2574566 0.0969321 0.2528668 
n236_217   0.1525638 0.3632044 0.3461837 0.0592790 0.0557726 0.0629776 0.0594112 0.2636689 0.2533503 0.0593663 0.3824719 0.3576725 0.0666495 0.0631297 0.0703389 0.3343452 0.0593121 0.0594718 0.2686990 0.0000000 0.3571077 0.2535196 0.3577275 
n292_267   0.3614717 0.0272342 0.0851669 0.3726072 0.3684030 0.3786594 0.3858818 0.2772087 0.2475105 0.3916255 0.4064897 0.0100792 0.4031189 0.3806771 0.4090837 0.0850804 0.3728524 0.3570260 0.2574566 0.3571077 0.0000000 0.2524451 0.0100806 
n286_261   0.2821958 0.2525960 0.2378301 0.2774175 0.2682439 0.2826716 0.2886554 0.1086618 0.0067108 0.2836656 0.3283376 0.2478478 0.2984178 0.2839929 0.3035817 0.2282703 0.2775913 0.2583388 0.0969321 0.2535196 0.2524451 0.0000000 0.2478849 
n280_255   0.3562613 0.0237903 0.0814721 0.3732583 0.3690480 0.3793240 0.3865640 0.2725062 0.2429795 0.3923202 0.4009960 0.0067085 0.4038389 0.3813487 0.4098171 0.0813894 0.3735044 0.3576454 0.2528668 0.3577275 0.0100806 0.2478849 0.0000000 
