21
n292_293   0.0000000 0.3289044 0.3492286 0.4328140 0.2349415 0.0237003 0.4328892 0.3494402 0.0033408 0.0738086 0.3490212 0.3436804 0.3629950 0.3235277 0.3286042 0.2227618 0.2982882 0.2348807 0.0627478 0.0134626 0.2136681 
n287_288   0.3289044 0.0000000 0.0341123 0.4608929 0.2964481 0.3549320 0.4410179 0.1035747 0.3341007 0.3017512 0.0375933 0.0340938 0.4060262 0.0134533 0.0100651 0.2785322 0.1685061 0.2914453 0.3012421 0.3392291 0.2687628 
n294_295   0.3492286 0.0341123 0.0000000 0.4849631 0.3112226 0.3758869 0.4644536 0.1035983 0.3545538 0.3214345 0.0100660 0.0134468 0.4168818 0.0411025 0.0375831 0.2930522 0.1682920 0.3061271 0.3261630 0.3597980 0.2831036 
n251_252   0.4328140 0.4608929 0.4849631 0.0000000 0.3766748 0.4627882 0.0481837 0.4924914 0.4323075 0.4182882 0.4911422 0.4847208 0.3331857 0.4671447 0.4665627 0.3970870 0.5000087 0.3762314 0.4003995 0.4201080 0.3855986 
n286_287   0.2349415 0.2964481 0.3112226 0.3766748 0.0000000 0.2579264 0.3767370 0.3107427 0.2348928 0.2156560 0.3209506 0.3158247 0.3227890 0.2911176 0.2959622 0.1078484 0.2967647 0.0033290 0.2065287 0.2440786 0.1001312 
n274_275   0.0237003 0.3549320 0.3758869 0.4627882 0.2579264 0.0000000 0.4628713 0.3705693 0.0271445 0.0848812 0.3756601 0.3701390 0.3789325 0.3493608 0.3546004 0.2362584 0.3027921 0.2578589 0.0736590 0.0236968 0.2361568 
n255_256   0.4328892 0.4410179 0.4644536 0.0481837 0.3767370 0.4628713 0.0000000 0.4655045 0.4323825 0.4183596 0.4704585 0.4642190 0.3022334 0.4470992 0.4465502 0.3971539 0.4929136 0.3762934 0.4004668 0.4201800 0.3856631 
n236_237   0.3494402 0.1035747 0.1035983 0.4924914 0.3107427 0.3705693 0.4655045 0.0000000 0.3547712 0.3217849 0.1073901 0.1035419 0.4284721 0.1035265 0.1073289 0.3025303 0.1683332 0.3157043 0.3212313 0.3600209 0.2924696 
n299_300   0.0033408 0.3341007 0.3545538 0.4323075 0.2348928 0.0271445 0.4323825 0.3547712 0.0000000 0.0775007 0.3543425 0.3489650 0.3625879 0.3286846 0.3337943 0.2272945 0.3032797 0.2348320 0.0663836 0.0168641 0.2181462 
n278_279   0.0738086 0.3017512 0.3214345 0.4182882 0.2156560 0.0848812 0.4183596 0.3217849 0.0775007 0.0000000 0.3212478 0.3161182 0.3352173 0.2965996 0.3014839 0.1994341 0.2922049 0.2111759 0.0236896 0.0737959 0.1993512 
n297_298   0.3490212 0.0375933 0.0100660 0.4911422 0.3209506 0.3756601 0.4704585 0.1073901 0.3543425 0.3212478 0.0000000 0.0033394 0.4225438 0.0446120 0.0410771 0.3026182 0.1724150 0.3157955 0.3259731 0.3595830 0.2925546 
n298_299   0.3436804 0.0340938 0.0134468 0.4847208 0.3158247 0.3701390 0.4642190 0.1035419 0.3489650 0.3161182 0.0033394 0.0000000 0.4282881 0.0410802 0.0375628 0.2975880 0.1681999 0.3107039 0.3208176 0.3541722 0.2875908 
n244_245   0.3629950 0.4060262 0.4168818 0.3331857 0.3227890 0.3789325 0.3022334 0.4284721 0.3625879 0.3352173 0.4225438 0.4282881 0.0000000 0.4057150 0.4113535 0.3199629 0.4001725 0.3175951 0.3294221 0.3681098 0.3149329 
n296_297   0.3235277 0.0134533 0.0411025 0.4671447 0.2911176 0.3493608 0.4470992 0.1035265 0.3286846 0.2965996 0.0446120 0.0410802 0.4057150 0.0000000 0.0033385 0.2733210 0.1642482 0.2861560 0.2961021 0.3337768 0.2636305 
n295_296   0.3286042 0.0100651 0.0375831 0.4665627 0.2959622 0.3546004 0.4465502 0.1073289 0.3337943 0.3014839 0.0410771 0.0375628 0.4113535 0.0033385 0.0000000 0.2780816 0.1683752 0.2909701 0.3009758 0.3389166 0.2683323 
n266_267   0.2227618 0.2785322 0.2930522 0.3970870 0.1078484 0.2362584 0.3971539 0.3025303 0.2272945 0.1994341 0.3026182 0.2975880 0.3199629 0.2733210 0.2780816 0.0000000 0.2836959 0.1039734 0.1904630 0.2180386 0.0135327 
n200_201   0.2982882 0.1685061 0.1682920 0.5000087 0.2967647 0.3027921 0.4929136 0.1683332 0.3032797 0.2922049 0.1724150 0.1681999 0.4001725 0.1642482 0.1683752 0.2836959 0.0000000 0.2917569 0.2821385 0.3082209 0.2738530 
n285_286   0.2348807 0.2914453 0.3061271 0.3762314 0.0033290 0.2578589 0.3762934 0.3157043 0.2348320 0.2111759 0.3157955 0.3107039 0.3175951 0.2861560 0.2909701 0.1039734 0.2917569 0.0000000 0.2021085 0.2440152 0.0962977 
n277_278   0.0627478 0.3012421 0.3261630 0.4003995 0.2065287 0.0736590 0.4004668 0.3212313 0.0663836 0.0236896 0.3259731 0.3208176 0.3294221 0.2961021 0.3009758 0.1904630 0.2821385 0.2021085 0.0000000 0.0627374 0.1903845 
n280_281   0.0134626 0.3392291 0.3597980 0.4201080 0.2440786 0.0236968 0.4201800 0.3600209 0.0168641 0.0737959 0.3595830 0.3541722 0.3681098 0.3337768 0.3389166 0.2180386 0.3082209 0.2440152 0.0627374 0.0000000 0.2179463 
n265_266   0.2136681 0.2687628 0.2831036 0.3855986 0.1001312 0.2361568 0.3856631 0.2924696 0.2181462 0.1993512 0.2925546 0.2875908 0.3149329 0.2636305 0.2683323 0.0135327 0.2738530 0.0962977 0.1903845 0.2179463 0.0000000 
