26
n292_293   0.0000000 0.2340373 0.2293823 0.2435169 0.4085447 0.2268646 0.0066390 0.2340039 0.0167641 0.2340944 0.3572153 0.2731463 0.0099836 0.0661318 0.2434171 0.2388370 0.3903704 0.2432608 0.2339714 0.2292620 0.2037228 0.2669047 0.2269021 0.0661106 0.0066429 0.2087845 
n287_288   0.2340373 0.0000000 0.0033689 0.0274551 0.3836993 0.2796764 0.2438047 0.0274663 0.2244686 0.0067549 0.3502726 0.0977712 0.2437979 0.2690036 0.0274449 0.0239700 0.4014285 0.0274291 0.0240247 0.0275166 0.2451334 0.1419284 0.2797218 0.2689148 0.2391033 0.2314807 
n290_291   0.2293823 0.0033689 0.0000000 0.0239664 0.3779506 0.2746968 0.2390824 0.0239763 0.2198785 0.0033697 0.3447719 0.0939084 0.2390754 0.2641036 0.0239576 0.0204974 0.3955417 0.0239438 0.0205441 0.0240201 0.2403827 0.1378208 0.2747415 0.2640163 0.2344104 0.2268084 
n294_295   0.2435169 0.0274551 0.0239664 0.0000000 0.3954531 0.2898410 0.2534262 0.0135595 0.2338115 0.0274615 0.3614994 0.0977160 0.2534199 0.2790001 0.0135492 0.0101434 0.4135299 0.0033601 0.0381221 0.0416798 0.2548135 0.1460034 0.2898876 0.2789082 0.2486626 0.2505372 
n251_252   0.4085447 0.3836993 0.3779506 0.3954531 0.0000000 0.4414558 0.4082328 0.3895293 0.4022977 0.3837963 0.0589544 0.4135406 0.4143459 0.4538170 0.3952732 0.3896638 0.3661448 0.3949991 0.3835805 0.3892780 0.4149743 0.4315159 0.4485509 0.4402734 0.4215268 0.3922740 
n286_287   0.2268646 0.2796764 0.2746968 0.2898410 0.4414558 0.0000000 0.2314511 0.2899640 0.2174787 0.2797456 0.3877702 0.3266732 0.2361461 0.2565374 0.2796772 0.2848340 0.4334450 0.2895273 0.2747030 0.2696895 0.1527017 0.3202498 0.0134894 0.2564531 0.2318281 0.1365655 
n300_301   0.0066390 0.2438047 0.2390824 0.2534262 0.4082328 0.2314511 0.0000000 0.2437700 0.0236114 0.2438643 0.3569570 0.2835203 0.0099780 0.0735566 0.2533216 0.2486785 0.3900786 0.2531581 0.2437355 0.2389564 0.2129556 0.2771407 0.2364817 0.0735330 0.0133651 0.2132619 
n275_276   0.2340039 0.0274663 0.0239763 0.0135595 0.3895293 0.2899640 0.2437700 0.0000000 0.2244366 0.0274728 0.3558447 0.0977572 0.2437632 0.2689654 0.0135546 0.0101475 0.4074551 0.0135470 0.0381379 0.0416970 0.2549225 0.1503206 0.2900107 0.2688766 0.2390692 0.2506446 
n274_275   0.0167641 0.2244686 0.2198785 0.2338115 0.4022977 0.2174787 0.0236114 0.2244366 0.0000000 0.2245232 0.3514227 0.2629923 0.0270539 0.0624378 0.2337163 0.2291968 0.3843447 0.2335671 0.2244058 0.2197637 0.1997942 0.2568836 0.2175148 0.0624178 0.0167647 0.2138596 
n289_290   0.2340944 0.0067549 0.0033697 0.0274615 0.3837963 0.2797456 0.2438643 0.0274728 0.2245232 0.0000000 0.3503607 0.0977945 0.2438576 0.2690699 0.0274513 0.0239756 0.4015303 0.0274355 0.0240304 0.0275230 0.2451936 0.1419625 0.2797910 0.2689810 0.2391618 0.2315376 
n255_256   0.3572153 0.3502726 0.3447719 0.3614994 0.0589544 0.3877702 0.3569570 0.3558447 0.3514227 0.3503607 0.0000000 0.3787527 0.3626376 0.3992140 0.3613386 0.3559642 0.3457368 0.3610916 0.3501660 0.3556209 0.3691178 0.3900137 0.3943094 0.3990897 0.3692382 0.3476778 
n236_237   0.2731463 0.0977712 0.0939084 0.0977160 0.4135406 0.3266732 0.2835203 0.0977572 0.2629923 0.0977945 0.3787527 0.0000000 0.2835161 0.3148813 0.0936842 0.0898990 0.4576194 0.0976203 0.0938668 0.0977079 0.2895837 0.1892403 0.3267244 0.3147788 0.2785524 0.2847602 
n299_300   0.0099836 0.2437979 0.2390754 0.2534199 0.4143459 0.2361461 0.0099780 0.2437632 0.0270539 0.2438576 0.3626376 0.2835161 0.0000000 0.0772692 0.2533153 0.2486720 0.3895641 0.2531518 0.2437288 0.2389494 0.2129479 0.2767864 0.2412169 0.0772444 0.0167488 0.2132542 
n278_279   0.0661318 0.2690036 0.2641036 0.2790001 0.4538170 0.2565374 0.0735566 0.2689654 0.0624378 0.2690699 0.3992140 0.3148813 0.0772692 0.0000000 0.2788829 0.2740734 0.4218438 0.2787003 0.2689260 0.2639626 0.2469819 0.2783109 0.2565792 0.0066651 0.0661343 0.2524972 
n297_298   0.2434171 0.0274449 0.0239576 0.0135492 0.3952732 0.2796772 0.2533216 0.0135546 0.2337163 0.0274513 0.3613386 0.0936842 0.2533153 0.2788829 0.0000000 0.0033617 0.4133394 0.0135366 0.0381080 0.0416643 0.2498139 0.1501979 0.2797226 0.2787910 0.2485602 0.2406611 
n298_299   0.2388370 0.0239700 0.0204974 0.0101434 0.3896638 0.2848340 0.2486785 0.0101475 0.2291968 0.0239756 0.3559642 0.0898990 0.2486720 0.2740734 0.0033617 0.0000000 0.4075979 0.0101341 0.0345787 0.0381204 0.2451731 0.1461240 0.2848800 0.2739830 0.2439445 0.2360677 
n244_245   0.3903704 0.4014285 0.3955417 0.4135299 0.3661448 0.4334450 0.3900786 0.4074551 0.3843447 0.4015303 0.3457368 0.4576194 0.3895641 0.4218438 0.4133394 0.4075979 0.0000000 0.4130505 0.3951013 0.4008832 0.4464665 0.4420859 0.4404347 0.4147907 0.3911325 0.4227633 
n293_294   0.2432608 0.0274291 0.0239438 0.0033601 0.3949991 0.2895273 0.2531581 0.0135470 0.2335671 0.0274355 0.3610916 0.0976203 0.2531518 0.2787003 0.0135366 0.0101341 0.4130505 0.0000000 0.0380858 0.0416401 0.2545427 0.1418361 0.2895739 0.2786085 0.2484001 0.2502710 
n296_297   0.2339714 0.0240247 0.0205441 0.0381221 0.3835805 0.2747030 0.2437355 0.0381379 0.2244058 0.0240304 0.3501660 0.0938668 0.2437288 0.2689260 0.0381080 0.0345787 0.3951013 0.0380858 0.0000000 0.0033687 0.2450635 0.1420062 0.2747477 0.2688372 0.2390357 0.2314152 
n295_296   0.2292620 0.0275166 0.0240201 0.0416798 0.3892780 0.2696895 0.2389564 0.0416970 0.2197637 0.0275230 0.3556209 0.0977079 0.2389494 0.2639626 0.0416643 0.0381204 0.4008832 0.0416401 0.0033687 0.0000000 0.2449287 0.1461083 0.2697335 0.2638754 0.2342871 0.2312885 
n266_267   0.2037228 0.2451334 0.2403827 0.2548135 0.4149743 0.1527017 0.2129556 0.2549225 0.1997942 0.2451936 0.3691178 0.2895837 0.2129479 0.2469819 0.2498139 0.2451731 0.4464665 0.2545427 0.2450635 0.2449287 0.0000000 0.2884787 0.1527277 0.2469006 0.2084928 0.0270209 
n200_201   0.2669047 0.1419284 0.1378208 0.1460034 0.4315159 0.3202498 0.2771407 0.1503206 0.2568836 0.1419625 0.3900137 0.1892403 0.2767864 0.2783109 0.1501979 0.1461240 0.4420859 0.1418361 0.1420062 0.1461083 0.2884787 0.0000000 0.3203000 0.2782193 0.2722351 0.2840724 
n285_286   0.2269021 0.2797218 0.2747415 0.2898876 0.4485509 0.0134894 0.2364817 0.2900107 0.2175148 0.2797910 0.3943094 0.3267244 0.2412169 0.2565792 0.2797226 0.2848800 0.4404347 0.2895739 0.2747477 0.2697335 0.1527277 0.3203000 0.0000000 0.2564949 0.2318663 0.1448732 
n277_278   0.0661106 0.2689148 0.2640163 0.2789082 0.4402734 0.2564531 0.0735330 0.2688766 0.0624178 0.2689810 0.3990897 0.3147788 0.0772444 0.0066651 0.2787910 0.2739830 0.4147907 0.2786085 0.2688372 0.2638754 0.2469006 0.2782193 0.2564949 0.0000000 0.0661130 0.2524139 
n280_281   0.0066429 0.2391033 0.2344104 0.2486626 0.4215268 0.2318281 0.0133651 0.2390692 0.0167647 0.2391618 0.3692382 0.2785524 0.0167488 0.0661343 0.2485602 0.2439445 0.3911325 0.2484001 0.2390357 0.2342871 0.2084928 0.2722351 0.2318663 0.0661130 0.0000000 0.2136057 
n265_266   0.2087845 0.2314807 0.2268084 0.2505372 0.3922740 0.1365655 0.2132619 0.2506446 0.2138596 0.2315376 0.3476778 0.2847602 0.2132542 0.2524972 0.2406611 0.2360677 0.4227633 0.2502710 0.2314152 0.2312885 0.0270209 0.2840724 0.1448732 0.2524139 0.2136057 0.0000000 
