26
n299_300   0.0000000 0.0135474 2.0200516 4.3261985 3.1993547 0.5551729 2.3023959 2.2334239 0.0899763 1.9922565 1.9966481 2.7235111 0.0559680 0.5101070 2.5438615 2.4852195 1.8321480 1.8537265 2.1055886 2.5789947 2.6120897 2.1935608 2.3524322 2.2443785 0.0824757 3.0318122 
n300_301   0.0135474 0.0000000 1.9799438 5.2001015 2.9994148 0.5406755 2.3744019 2.2934152 0.0979403 1.9531057 1.9574016 2.6410083 0.0559849 0.4952560 2.5573573 2.4979381 1.7640139 1.7843226 2.0621042 2.6042257 2.6263784 2.1464302 2.2417994 2.2001881 0.0825016 3.0533368 
n290_291   2.0200516 1.9799438 0.0000000 2.5858110 3.0288436 2.9589485 1.1803912 0.7803859 1.9852193 0.0378284 0.1637450 0.3079980 1.7991944 2.3021310 0.2710693 0.2561679 1.5144798 1.6570497 0.0484660 2.5984950 0.2649478 0.1552467 2.2744447 2.2737335 1.9404665 0.2757779 
n244_245   4.3261985 5.2001015 2.5858110 0.0000000 2.2501057 4.1048364 2.5515057 2.6818072 3.6072178 2.4970654 2.8482266 2.2996614 4.0979815 5.3248102 2.1934231 2.3081214 7.5343426 6.2262568 2.4987122 2.2775752 2.0000806 2.7368638 3.3086723 3.2172758 3.8654612 2.0523837 
n255_256   3.1993547 2.9994148 3.0288436 2.2501057 0.0000000 3.4643319 4.6911325 2.4534300 3.4737359 2.8349541 2.8705869 2.3985946 3.2032162 3.1176053 2.7925574 2.5377235 2.7373928 2.6139300 3.2800559 0.3875362 2.5213402 3.1707067 2.4623279 2.3109711 2.9991138 2.5724223 
n277_278   0.5551729 0.5406755 2.9589485 4.1048364 3.4643319 0.0000000 2.4913653 2.7628699 0.5427742 2.9145764 3.0282342 3.4890474 0.5510265 0.1055119 3.1704069 3.1356366 2.0332956 1.8913888 3.3919873 3.1060021 2.8314468 3.1944714 2.7322007 2.5310078 0.5393149 3.4685996 
n200_201   2.3023959 2.3744019 1.1803912 2.5515057 4.6911325 2.4913653 0.0000000 0.9947935 2.3238981 1.1654470 1.1536221 1.1764883 2.4208325 2.7014268 1.0449061 1.0290890 1.9874402 2.1163798 1.2669156 4.5474014 1.0307541 1.1509297 2.4897281 2.4874415 2.2630370 1.0424204 
n236_237   2.2334239 2.2934152 0.7803859 2.6818072 2.4534300 2.7628699 0.9947935 0.0000000 2.1847662 0.7581876 0.7310163 0.8117981 2.2908287 2.5626730 0.7597133 0.7606949 2.4117233 2.5510493 0.7991074 3.2554644 0.7289874 0.7543990 2.8369518 2.6132084 2.2150242 0.7573027 
n274_275   0.0899763 0.0979403 1.9852193 3.6072178 3.4737359 0.5427742 2.3238981 2.1847662 0.0000000 1.9937930 1.9044628 2.5414279 0.1095574 0.5177756 2.4208502 2.4826795 1.9622802 1.9864925 2.0263011 2.8839275 2.4537704 2.0902647 2.7331381 2.3575599 0.0785961 2.9001969 
n289_290   1.9922565 1.9531057 0.0378284 2.4970654 2.8349541 2.9145764 1.1654470 0.7581876 1.9937930 0.0000000 0.1548824 0.3075894 1.7763045 2.2283805 0.2761509 0.2710502 1.6329893 1.7601858 0.0484605 2.6003707 0.2693921 0.1465036 2.3988915 2.3987533 1.9145307 0.2910680 
n296_297   1.9966481 1.9574016 0.1637450 2.8482266 2.8705869 3.0282342 1.1536221 0.7310163 1.9044628 0.1548824 0.0000000 0.3303801 1.7947394 2.3439379 0.3033232 0.2929834 1.8371605 1.9475791 0.1633962 2.7184381 0.3014563 0.0378209 2.8181290 2.5877330 1.9089007 0.3081243 
n275_276   2.7235111 2.6410083 0.3079980 2.2996614 2.3985946 3.4890474 1.1764883 0.8117981 2.5414279 0.3075894 0.3303801 0.0000000 2.5123241 2.5683122 0.1456271 0.1415787 2.3444475 2.5828417 0.3181216 2.1748097 0.1334246 0.3199823 2.9274842 2.2890151 2.6232434 0.1416349 
n292_293   0.0559680 0.0559849 1.7991944 4.0979815 3.2032162 0.5510265 2.4208325 2.2908287 0.1095574 1.7763045 1.7947394 2.5123241 0.0000000 0.5244542 2.5451679 2.5382559 1.8684267 1.8907382 1.8677413 2.4704860 2.5589928 1.8886196 2.6006314 2.3759381 0.1016355 3.0360794 
n278_279   0.5101070 0.4952560 2.3021310 5.3248102 3.1176053 0.1055119 2.7014268 2.5626730 0.5177756 2.2283805 2.3439379 2.5683122 0.5244542 0.0000000 2.7767931 2.6915138 2.0448138 1.9115989 2.4779684 3.1688735 2.4117161 2.4320835 2.2583638 2.3664278 0.5250354 2.4243851 
n298_299   2.5438615 2.5573573 0.2710693 2.1934231 2.7925574 3.1704069 1.0449061 0.7597133 2.4208502 0.2761509 0.3033232 0.1456271 2.5451679 2.7767931 0.0000000 0.0307596 1.9288863 2.0862954 0.2966045 2.2428712 0.1456917 0.2927939 3.1206491 2.2993221 2.4904823 0.1540437 
n297_298   2.4852195 2.4979381 0.2561679 2.3081214 2.5377235 3.1356366 1.0290890 0.7606949 2.4826795 0.2710502 0.2929834 0.1415787 2.5382559 2.6915138 0.0307596 0.0000000 1.8945659 2.0463735 0.2863944 2.0845755 0.1416418 0.2826045 3.1201358 2.5572941 2.3707485 0.1413773 
n286_287   1.8321480 1.7640139 1.5144798 7.5343426 2.7373928 2.0332956 1.9874402 2.4117233 1.9622802 1.6329893 1.8371605 2.3444475 1.8684267 2.0448138 1.9288863 1.8945659 0.0000000 0.0343696 1.5204509 3.4827707 1.9217176 1.9976062 0.9846513 0.9989056 1.6878322 2.0194734 
n285_286   1.8537265 1.7843226 1.6570497 6.2262568 2.6139300 1.8913888 2.1163798 2.5510493 1.9864925 1.7601858 1.9475791 2.5828417 1.8907382 1.9115989 2.0862954 2.0463735 0.0343696 0.0000000 1.6645322 3.2289442 2.0378796 2.1280827 1.0115225 1.0136064 1.7068878 2.1480358 
n287_288   2.1055886 2.0621042 0.0484660 2.4987122 3.2800559 3.3919873 1.2669156 0.7991074 2.0263011 0.0484605 0.1633962 0.3181216 1.8677413 2.4779684 0.2966045 0.2863944 1.5204509 1.6645322 0.0000000 2.5882981 0.2846212 0.1549164 2.2975158 2.0776216 1.9734024 0.3068445 
n251_252   2.5789947 2.6042257 2.5984950 2.2775752 0.3875362 3.1060021 4.5474014 3.2554644 2.8839275 2.6003707 2.7184381 2.1748097 2.4704860 3.1688735 2.2428712 2.0845755 3.4827707 3.2289442 2.5882981 0.0000000 2.2846033 2.8966112 3.8646572 3.3326792 2.8057915 2.6374538 
n294_295   2.6120897 2.6263784 0.2649478 2.0000806 2.5213402 2.8314468 1.0307541 0.7289874 2.4537704 0.2693921 0.3014563 0.1334246 2.5589928 2.4117161 0.1456917 0.1416418 1.9217176 2.0378796 0.2846212 2.2846033 0.0000000 0.2860554 2.8059869 2.4432365 2.5855749 0.0555801 
n295_296   2.1935608 2.1464302 0.1552467 2.7368638 3.1707067 3.1944714 1.1509297 0.7543990 2.0902647 0.1465036 0.0378209 0.3199823 1.8886196 2.4320835 0.2927939 0.2826045 1.9976062 2.1280827 0.1549164 2.8966112 0.2860554 0.0000000 3.2738514 2.8680595 2.0952470 0.2925250 
n266_267   2.3524322 2.2417994 2.2744447 3.3086723 2.4623279 2.7322007 2.4897281 2.8369518 2.7331381 2.3988915 2.8181290 2.9274842 2.6006314 2.2583638 3.1206491 3.1201358 0.9846513 1.0115225 2.2975158 3.8646572 2.8059869 3.2738514 0.0000000 0.1896256 2.2088108 2.9055480 
n265_266   2.2443785 2.2001881 2.2737335 3.2172758 2.3109711 2.5310078 2.4874415 2.6132084 2.3575599 2.3987533 2.5877330 2.2890151 2.3759381 2.3664278 2.2993221 2.5572941 0.9989056 1.0136064 2.0776216 3.3326792 2.4432365 2.8680595 0.1896256 0.0000000 2.1432273 3.0009561 
n280_281   0.0824757 0.0825016 1.9404665 3.8654612 2.9991138 0.5393149 2.2630370 2.2150242 0.0785961 1.9145307 1.9089007 2.6232434 0.1016355 0.5250354 2.4904823 2.3707485 1.6878322 1.7068878 1.9734024 2.8057915 2.5855749 2.0952470 2.2088108 2.1432273 0.0000000 2.9984310 
n293_294   3.0318122 3.0533368 0.2757779 2.0523837 2.5724223 3.4685996 1.0424204 0.7573027 2.9001969 0.2910680 0.3081243 0.1416349 3.0360794 2.4243851 0.1540437 0.1413773 2.0194734 2.1480358 0.3068445 2.6374538 0.0555801 0.2925250 2.9055480 3.0009561 2.9984310 0.0000000 
