26
n289_286   0.0000000 0.0412179 2.6075778 2.5327966 0.1375411 2.1969901 2.1603648 1.1348874 2.6370934 0.3457682 2.1545521 2.8100937 2.4879360 2.2172483 2.3649764 0.1419552 2.4161409 0.3462126 0.6084166 2.1565501 2.2616519 0.3924509 0.3352245 2.1123223 0.3337723 0.0666299 
n290_287   0.0412179 0.0000000 2.6959909 2.4271120 0.1294608 2.0049549 2.2302057 1.0999522 2.3844988 0.3466959 2.1787739 2.6423696 2.3861433 2.1382694 2.0686067 0.1294616 2.3206971 0.3301099 0.5874436 1.9281444 2.0117438 0.3753523 0.3361187 2.1365229 0.3336587 0.0557209 
n251_248   2.6075778 2.6959909 0.0000000 2.7061157 2.8128387 2.1102952 2.7723948 2.4057973 0.2894155 2.4132189 2.7212912 1.8527194 2.9434704 3.3753043 2.5341529 3.1207925 2.7611521 2.5082701 3.1398967 2.1305856 2.0686746 2.8460042 2.2312620 2.7532784 2.9505971 2.4136283 
n300_297   2.5327966 2.4271120 2.7061157 0.0000000 3.0192232 1.9277248 0.4303307 2.0887609 2.6010166 2.4377505 0.1171463 2.2496043 0.0378490 0.0857331 1.9206943 2.7221161 0.0203966 2.2640596 2.6692092 2.1826772 2.2290591 2.6030235 2.4977168 0.4402370 2.6964138 2.8186572 
n295_292   0.1375411 0.1294608 2.8128387 3.0192232 0.0000000 2.1070899 2.3019918 1.0792888 2.6866831 0.3355655 2.5729548 3.5102852 2.8741421 2.6036994 2.1693360 0.0378051 2.8527686 0.3350433 0.5945722 1.9122996 1.9588390 0.3646243 0.3251387 2.2939898 0.3244106 0.1417043 
n266_263   2.1969901 2.0049549 2.1102952 1.9277248 2.1070899 0.0000000 1.9405553 2.3948814 2.4355859 1.9330714 1.9184765 3.0141962 1.8841937 1.8259040 0.1893484 2.1491766 1.8451314 2.2192130 1.7284244 0.8500745 0.8281059 1.9577489 1.8930935 2.2491116 2.1097841 2.0393576 
n278_275   2.1603648 2.2302057 2.7723948 0.4303307 2.3019918 1.9405553 0.0000000 2.3961799 2.2417927 2.0839110 0.3982378 2.5551774 0.4365061 0.4295919 2.3121870 2.2959522 0.4176932 2.0976592 3.8438274 2.3430853 2.2979906 2.2487623 2.0533862 0.1341375 2.3360882 2.1431449 
n200_201   1.1348874 1.0999522 2.4057973 2.0887609 1.0792888 2.3948814 2.3961799 0.0000000 2.8039085 1.1719679 2.1855528 2.8823086 2.1512490 1.9513681 2.3530982 1.1120933 1.9399216 1.0916049 0.9674973 1.6661621 1.6916682 1.1758063 1.1998552 2.8293297 1.1876898 1.0863140 
n255_252   2.6370934 2.3844988 0.2894155 2.6010166 2.6866831 2.4355859 2.2417927 2.8039085 0.0000000 2.4569819 2.5450316 2.0999795 2.7397918 3.4540105 2.8299522 2.9646075 2.7088945 2.2767753 2.3441357 2.3817986 2.3098375 2.4654991 2.2978916 2.2283231 2.4863454 2.2475449 
n293_290   0.3457682 0.3466959 2.4132189 2.4377505 0.3355655 1.9330714 2.0839110 1.1719679 2.4569819 0.0000000 2.3456335 2.6441008 2.3445897 2.1292599 2.1381690 0.3592177 2.3333607 0.1249345 0.5782394 1.9750069 2.0780394 0.1676334 0.0411162 1.9699058 0.1683268 0.3679098 
n274_271   2.1545521 2.1787739 2.7212912 0.1171463 2.5729548 1.9184765 0.3982378 2.1855528 2.5450316 2.3456335 0.0000000 2.5439545 0.1250665 0.1172375 1.8465610 2.4341433 0.1091871 2.2431470 2.4773135 2.1588965 2.3585162 2.4384811 2.3500606 0.3945158 2.3868930 2.3525223 
n244_241   2.8100937 2.6423696 1.8527194 2.2496043 3.5102852 3.0141962 2.5551774 2.8823086 2.0999795 2.6441008 2.5439545 0.0000000 2.3314333 2.3611985 2.2047915 3.1699188 2.1149045 2.4341851 2.9933057 2.1632895 2.0753375 2.3471495 2.6582317 2.3536140 2.4941910 3.5069625 
n292_289   2.4879360 2.3861433 2.9434704 0.0378490 2.8741421 1.8841937 0.4365061 2.1512490 2.7397918 2.3445897 0.1250665 2.3314333 0.0000000 0.0973479 1.8745242 2.6050057 0.0378126 2.1457210 2.4939084 1.9444920 1.9799925 2.3229835 2.3540831 0.4339703 2.3953535 2.6288282 
n280_277   2.2172483 2.1382694 3.3753043 0.0857331 2.6036994 1.8259040 0.4295919 1.9513681 3.4540105 2.1292599 0.1172375 2.3611985 0.0973479 0.0000000 1.7884504 2.3836287 0.0896303 2.1865091 2.2207512 2.0601048 2.1559636 2.1114330 2.2183776 0.4197138 2.3186396 2.2583009 
n265_262   2.3649764 2.0686067 2.5341529 1.9206943 2.1693360 0.1893484 2.3121870 2.3530982 2.8299522 2.1381690 1.8465610 2.2047915 1.8745242 1.7884504 0.0000000 2.3283395 1.7795169 2.1540749 2.0546357 0.7980493 0.7864674 2.2502038 2.1099768 2.5441069 2.3057687 2.1050646 
n296_293   0.1419552 0.1294616 3.1207925 2.7221161 0.0378051 2.1491766 2.2959522 1.1120933 2.9646075 0.3592177 2.4341433 3.1699188 2.6050057 2.3836287 2.3283395 0.0000000 2.5875272 0.3421041 0.5941498 1.9268263 2.0491135 0.3835746 0.3484450 2.2389039 0.3476472 0.1506259 
n299_296   2.4161409 2.3206971 2.7611521 0.0203966 2.8527686 1.8451314 0.4176932 1.9399216 2.7088945 2.3333607 0.1091871 2.1149045 0.0378126 0.0896303 1.7795169 2.5875272 0.0000000 2.1342853 2.5387116 2.0247382 2.0637271 2.5345849 2.4411269 0.4273573 2.6223210 2.6732530 
n275_272   0.3462126 0.3301099 2.5082701 2.2640596 0.3350433 2.2192130 2.0976592 1.0916049 2.2767753 0.1249345 2.2431470 2.4341851 2.1457210 2.1865091 2.1540749 0.3421041 2.1342853 0.0000000 0.6494846 2.1366480 2.2652200 0.1331956 0.1170629 2.0417829 0.1418363 0.3563438 
n236_235   0.6084166 0.5874436 3.1398967 2.6692092 0.5945722 1.7284244 3.8438274 0.9674973 2.3441357 0.5782394 2.4773135 2.9933057 2.4939084 2.2207512 2.0546357 0.5941498 2.5387116 0.6494846 0.0000000 2.1493173 2.0837194 0.6463296 0.5621759 2.8831650 0.6645237 0.6620001 
n285_282   2.1565501 1.9281444 2.1305856 2.1826772 1.9122996 0.8500745 2.3430853 1.6661621 2.3817986 1.9750069 2.1588965 2.1632895 1.9444920 2.0601048 0.7980493 1.9268263 2.0247382 2.1366480 2.1493173 0.0000000 0.0560364 2.1503219 1.9875030 2.7093705 2.2022149 2.1718025 
n286_283   2.2616519 2.0117438 2.0686746 2.2290591 1.9588390 0.8281059 2.2979906 1.6916682 2.3098375 2.0780394 2.3585162 2.0753375 1.9799925 2.1559636 0.7864674 2.0491135 2.0637271 2.2652200 2.0837194 0.0560364 0.0000000 2.2733185 2.0921804 2.7228371 2.3317901 2.2110255 
n297_294   0.3924509 0.3753523 2.8460042 2.6030235 0.3646243 1.9577489 2.2487623 1.1758063 2.4654991 0.1676334 2.4384811 2.3471495 2.3229835 2.1114330 2.2502038 0.3835746 2.5345849 0.1331956 0.6463296 2.1503219 2.2733185 0.0000000 0.1508737 2.1422917 0.0521475 0.4101898 
n294_291   0.3352245 0.3361187 2.2312620 2.4977168 0.3251387 1.8930935 2.0533862 1.1998552 2.2978916 0.0411162 2.3500606 2.6582317 2.3540831 2.2183776 2.1099768 0.3484450 2.4411269 0.1170629 0.5621759 1.9875030 2.0921804 0.1508737 0.0000000 1.9422835 0.1514937 0.3570758 
n277_274   2.1123223 2.1365229 2.7532784 0.4402370 2.2939898 2.2491116 0.1341375 2.8293297 2.2283231 1.9699058 0.3945158 2.3536140 0.4339703 0.4197138 2.5441069 2.2389039 0.4273573 2.0417829 2.8831650 2.7093705 2.7228371 2.1422917 1.9422835 0.0000000 2.2178312 2.0966559 
n298_295   0.3337723 0.3336587 2.9505971 2.6964138 0.3244106 2.1097841 2.3360882 1.1876898 2.4863454 0.1683268 2.3868930 2.4941910 2.3953535 2.3186396 2.3057687 0.3476472 2.6223210 0.1418363 0.6645237 2.2022149 2.3317901 0.0521475 0.1514937 2.2178312 0.0000000 0.3619411 
n287_284   0.0666299 0.0557209 2.4136283 2.8186572 0.1417043 2.0393576 2.1431449 1.0863140 2.2475449 0.3679098 2.3525223 3.5069625 2.6288282 2.2583009 2.1050646 0.1506259 2.6732530 0.3563438 0.6620001 2.1718025 2.2110255 0.4101898 0.3570758 2.0966559 0.3619411 0.0000000 
