26
n299_300   0.0000000 0.0134635 2.3390109 3.3174925 3.3947049 0.4419123 2.2482151 1.9416318 0.1050063 2.4042961 2.4663950 2.3275610 0.0237519 0.4221238 2.2602219 2.3663132 1.9719437 2.0429415 2.3953637 2.9208755 2.2179925 2.2751309 1.8866776 2.2972482 0.0484529 2.1551266 
n300_301   0.0134635 0.0000000 2.2321969 3.3112824 3.1233488 0.4423622 2.0951722 1.9825279 0.1129630 2.2908800 2.3463355 2.3311494 0.0377373 0.4225479 2.2636546 2.3700000 1.9746598 2.0458128 2.2832993 2.7285217 2.2213216 2.1746766 1.9701803 2.4249274 0.0630063 2.1582994 
n290_291   2.3390109 2.2321969 0.0000000 2.3045999 4.0739142 1.9223311 1.1764617 0.8124174 2.2360846 0.0307876 0.1674417 0.3515667 2.2281608 1.8862432 0.3177478 0.3073610 2.2994026 2.1971027 0.0743549 2.7827938 0.3689242 0.1632740 3.6898662 3.4029035 2.3405276 0.3694356 
n244_245   3.3174925 3.3112824 2.3045999 0.0000000 3.3190012 2.3380657 4.0514923 2.5502568 3.3198518 2.4831577 2.6367785 2.3825858 3.0940700 2.4847725 2.2012284 2.1972321 3.6354453 3.7246782 2.9642157 4.3238325 2.1803746 2.5255759 2.2328673 2.7296169 2.7716922 2.2141313 
n255_256   3.3947049 3.1233488 4.0739142 3.3190012 0.0000000 3.9333203 4.2020377 3.2246990 3.4939399 5.1367922 4.9121022 4.0610044 3.2613562 5.3856464 4.9287255 4.8233764 4.3566904 9.0000000 5.9465670 0.3615497 3.8978286 3.9974521 9.0000000 9.0000000 3.7039098 4.5062394 
n277_278   0.4419123 0.4423622 1.9223311 2.3380657 3.9333203 0.0000000 2.2674918 1.9401363 0.4625391 2.0477575 2.0661896 2.3779823 0.4355516 0.1089781 2.1635642 2.2607854 1.9352706 2.1965068 2.0568873 3.0975359 2.6275326 2.1294711 2.1178603 2.3991400 0.4553111 2.2331608 
n200_201   2.2482151 2.0951722 1.1764617 4.0514923 4.2020377 2.2674918 0.0000000 1.1893684 2.2165406 1.1718405 1.3039536 1.1634832 2.3576211 2.1072453 1.0854443 1.0560627 2.5113853 2.2676453 1.1337509 3.1574498 1.2056646 1.1909415 2.5246402 2.4033244 2.1433422 1.1872555 
n236_237   1.9416318 1.9825279 0.8124174 2.5502568 3.2246990 1.9401363 1.1893684 0.0000000 2.1413843 0.8226941 0.8352744 0.6402043 1.7967357 2.3005430 0.6397133 0.6486214 2.3822083 2.2854000 0.7938962 3.0417940 0.6476049 0.7722473 2.4702470 2.5845943 1.8384095 0.6578732 
n274_275   0.1050063 0.1129630 2.2360846 3.3198518 3.4939399 0.4625391 2.2165406 2.1413843 0.0000000 2.2377902 2.2947003 2.3897889 0.1049759 0.4422182 2.3668606 2.4844254 2.0670445 2.1506109 2.1340319 2.6801464 2.5901202 2.0809373 2.0029968 2.4217037 0.1011320 2.5013758 
n289_290   2.4042961 2.2908800 0.0307876 2.4831577 5.1367922 2.0477575 1.1718405 0.8226941 2.2377902 0.0000000 0.1544855 0.3513592 2.2868009 1.9298980 0.3120772 0.3017772 2.4585303 2.3446270 0.0631980 2.7186685 0.3629253 0.1503904 3.5130351 3.2382077 2.3423499 0.3634263 
n296_297   2.4663950 2.3463355 0.1674417 2.6367785 4.9121022 2.0661896 1.3039536 0.8352744 2.2947003 0.1544855 0.0000000 0.3817891 2.3918415 2.0096814 0.3405098 0.3350788 2.2680170 2.2755646 0.1941784 3.2802208 0.3872651 0.0632695 2.8458241 2.9726788 2.4653601 0.3817056 
n275_276   2.3275610 2.3311494 0.3515667 2.3825858 4.0610044 2.3779823 1.1634832 0.6402043 2.3897889 0.3513592 0.3817891 0.0000000 2.2162623 2.6148627 0.1210439 0.1011612 2.7499077 2.5262931 0.3629645 5.0433214 0.1419127 0.3467254 2.1554061 2.1100382 2.2106497 0.1252253 
n292_293   0.0237519 0.0377373 2.2281608 3.0940700 3.2613562 0.4355516 2.3576211 1.7967357 0.1049759 2.2868009 2.3918415 2.2162623 0.0000000 0.4289304 2.1967286 2.2963416 2.1203865 2.2033555 2.2792416 2.8273485 2.0299837 2.1706951 1.9264867 2.3587392 0.0520801 2.0598468 
n278_279   0.4221238 0.4225479 1.8862432 2.4847725 5.3856464 0.1089781 2.1072453 2.3005430 0.4422182 1.9298980 2.0096814 2.6148627 0.4289304 0.0000000 2.3010376 2.4128408 1.9058015 2.0552416 1.9744489 3.1681938 2.6388313 2.0512687 2.0190713 2.2132597 0.4286176 2.2538694 
n298_299   2.2602219 2.2636546 0.3177478 2.2012284 4.9287255 2.1635642 1.0854443 0.6397133 2.3668606 0.3120772 0.3405098 0.1210439 2.1967286 2.3010376 0.0000000 0.0169022 2.6800585 2.5938686 0.3339977 3.4760493 0.1419222 0.3185787 2.5177996 2.4017119 2.1053159 0.1171676 
n297_298   2.3663132 2.3700000 0.3073610 2.1972321 4.8233764 2.2607854 1.0560627 0.6486214 2.4844254 0.3017772 0.3350788 0.1011612 2.2963416 2.4128408 0.0169022 0.0000000 2.6003717 2.3942228 0.3233879 3.4878041 0.1213479 0.3133094 2.3817211 2.2784139 2.1964856 0.0973794 
n286_287   1.9719437 1.9746598 2.2994026 3.6354453 4.3566904 1.9352706 2.5113853 2.3822083 2.0670445 2.4585303 2.2680170 2.7499077 2.1203865 1.9058015 2.6800585 2.6003717 0.0000000 0.0629678 2.6359425 2.5964195 2.5229300 2.2631168 0.9653629 0.9513958 2.1127782 2.2753625 
n285_286   2.0429415 2.0458128 2.1971027 3.7246782 9.0000000 2.1965068 2.2676453 2.2854000 2.1506109 2.3446270 2.2755646 2.5262931 2.2033555 2.0552416 2.5938686 2.3942228 0.0629678 0.0000000 2.5050589 2.9720375 2.3364497 2.3199179 0.9153417 0.9020445 2.1947172 2.1719660 
n287_288   2.3953637 2.2832993 0.0743549 2.9642157 5.9465670 2.0568873 1.1337509 0.7938962 2.1340319 0.0631980 0.1941784 0.3629645 2.2792416 1.9744489 0.3339977 0.3233879 2.6359425 2.5050589 0.0000000 3.2175134 0.3989064 0.1808926 3.3368384 3.0833868 2.3921587 0.3869569 
n251_252   2.9208755 2.7285217 2.7827938 4.3238325 0.3615497 3.0975359 3.1574498 3.0417940 2.6801464 2.7186685 3.2802208 5.0433214 2.8273485 3.1681938 3.4760493 3.4878041 2.5964195 2.9720375 3.2175134 0.0000000 3.3464667 3.4490345 9.0000000 9.0000000 3.1120242 3.6227636 
n294_295   2.2179925 2.2213216 0.3689242 2.1803746 3.8978286 2.6275326 1.2056646 0.6476049 2.5901202 0.3629253 0.3872651 0.1419127 2.0299837 2.6388313 0.1419222 0.1213479 2.5229300 2.3364497 0.3989064 3.3464667 0.0000000 0.3643052 2.1535246 2.2691156 2.2576572 0.0414475 
n295_296   2.2751309 2.1746766 0.1632740 2.5255759 3.9974521 2.1294711 1.1909415 0.7722473 2.0809373 0.1503904 0.0632695 0.3467254 2.1706951 2.0512687 0.3185787 0.3133094 2.2631168 2.3199179 0.1808926 3.4490345 0.3643052 0.0000000 2.7395990 2.6796479 2.2741698 0.3527864 
n266_267   1.8866776 1.9701803 3.6898662 2.2328673 9.0000000 2.1178603 2.5246402 2.4702470 2.0029968 3.5130351 2.8458241 2.1554061 1.9264867 2.0190713 2.5177996 2.3817211 0.9653629 0.9153417 3.3368384 9.0000000 2.1535246 2.7395990 0.0000000 0.1245067 2.0177385 2.1947693 
n265_266   2.2972482 2.4249274 3.4029035 2.7296169 9.0000000 2.3991400 2.4033244 2.5845943 2.4217037 3.2382077 2.9726788 2.1100382 2.3587392 2.2132597 2.4017119 2.2784139 0.9513958 0.9020445 3.0833868 9.0000000 2.2691156 2.6796479 0.1245067 0.0000000 2.5082101 2.2192798 
n280_281   0.0484529 0.0630063 2.3405276 2.7716922 3.7039098 0.4553111 2.1433422 1.8384095 0.1011320 2.3423499 2.4653601 2.2106497 0.0520801 0.4286176 2.1053159 2.1964856 2.1127782 2.1947172 2.3921587 3.1120242 2.2576572 2.2741698 2.0177385 2.5082101 0.0000000 2.1925833 
n293_294   2.1551266 2.1582994 0.3694356 2.2141313 4.5062394 2.2331608 1.1872555 0.6578732 2.5013758 0.3634263 0.3817056 0.1252253 2.0598468 2.2538694 0.1171676 0.0973794 2.2753625 2.1719660 0.3869569 3.6227636 0.0414475 0.3527864 2.1947693 2.2192798 2.1925833 0.0000000 
