24
n292_293   0.0000000 0.3802832 0.3811703 0.4002333 0.4370988 0.2434089 0.0033387 0.3686290 0.0168788 0.3745216 0.4375823 0.4051393 0.0414088 0.3815595 0.3816285 0.4952673 0.4064160 0.3998236 0.2088803 0.3790812 0.2531480 0.0414250 0.0134612 0.2279745 
n287_288   0.3802832 0.0000000 0.0100946 0.0486030 0.4497636 0.3583567 0.3743738 0.0342907 0.3746887 0.0033408 0.4429079 0.0782681 0.3812978 0.0449391 0.0449397 0.5248616 0.0450176 0.0203861 0.3564689 0.1466971 0.3642700 0.4000332 0.3805305 0.3624770 
n290_291   0.3811703 0.0100946 0.0000000 0.0523280 0.4577333 0.3651958 0.3752438 0.0379004 0.3755601 0.0067144 0.4507872 0.0822364 0.3821894 0.0486301 0.0486308 0.5270184 0.0487155 0.0238972 0.3572868 0.1469858 0.3711803 0.4009813 0.3814187 0.3633125 
n294_295   0.4002333 0.0486030 0.0523280 0.0000000 0.4924025 0.3824595 0.3941392 0.0203890 0.3994015 0.0450241 0.4851168 0.0861226 0.4012355 0.0308289 0.0308292 0.5538514 0.0100999 0.0522936 0.3680586 0.1511824 0.3885852 0.4135391 0.3936035 0.3741707 
n251_252   0.4370988 0.4497636 0.4577333 0.4924025 0.0000000 0.4308034 0.4306902 0.4639161 0.4248528 0.4434460 0.0308157 0.4991537 0.4112264 0.4711269 0.4712423 0.2633998 0.4867683 0.4651869 0.3987315 0.4553697 0.4436716 0.4364083 0.4367420 0.4244320 
n286_287   0.2434089 0.3583567 0.3651958 0.3824595 0.4308034 0.0000000 0.2385623 0.3645997 0.2339985 0.3527458 0.4190009 0.3768245 0.2488701 0.3765200 0.3765868 0.4555727 0.3953329 0.3465346 0.0973489 0.3329462 0.0135019 0.2537693 0.2432092 0.1132309 
n300_301   0.0033387 0.3743738 0.3752438 0.3941392 0.4306902 0.2385623 0.0000000 0.3628131 0.0134689 0.3686568 0.4311634 0.3990179 0.0378590 0.3756265 0.3756929 0.4882969 0.4002692 0.3937339 0.2042889 0.3731983 0.2482346 0.0378737 0.0100704 0.2232488 
n275_276   0.3686290 0.0342907 0.0379004 0.0203890 0.4639161 0.3645997 0.3628131 0.0000000 0.3744753 0.0307886 0.4569179 0.0746239 0.3761685 0.0169210 0.0169210 0.5388475 0.0238481 0.0414907 0.3617590 0.1426797 0.3705697 0.3880255 0.3688668 0.3678076 
n274_275   0.0168788 0.3746887 0.3755601 0.3994015 0.4248528 0.2339985 0.0134689 0.3744753 0.0000000 0.3689659 0.4253172 0.3993592 0.0414225 0.3875221 0.3875936 0.4672783 0.4125905 0.3814644 0.1999354 0.3678745 0.2436168 0.0414387 0.0168656 0.2187853 
n289_290   0.3745216 0.0033408 0.0067144 0.0450241 0.4434460 0.3527458 0.3686568 0.0307886 0.3689659 0.0000000 0.4366467 0.0745266 0.3755188 0.0413843 0.0413848 0.5178617 0.0414564 0.0169493 0.3508910 0.1425555 0.3586140 0.3941024 0.3747642 0.3568513 
n255_256   0.4375823 0.4429079 0.4507872 0.4851168 0.0308157 0.4190009 0.4311634 0.4569179 0.4253172 0.4366467 0.0000000 0.4918034 0.4059971 0.4640556 0.4561133 0.2694377 0.4795251 0.4581585 0.3866304 0.4496667 0.4316833 0.4245302 0.4372247 0.4118875 
n236_237   0.4051393 0.0782681 0.0822364 0.0861226 0.4991537 0.3768245 0.3990179 0.0746239 0.3993592 0.0745266 0.4918034 0.0000000 0.4072169 0.0822473 0.0822494 0.5532309 0.0899609 0.0861297 0.3748217 0.1302107 0.3829062 0.4319096 0.4054078 0.3810075 
n278_279   0.0414088 0.3812978 0.3821894 0.4012355 0.4112264 0.2488701 0.0378590 0.3761685 0.0414225 0.3755188 0.4059971 0.4072169 0.0000000 0.3892906 0.3893631 0.4838476 0.4145018 0.3881581 0.2139901 0.3800173 0.2587028 0.0203061 0.0413760 0.2234619 
n297_298   0.3815595 0.0449391 0.0486301 0.0308289 0.4711269 0.3765200 0.3756265 0.0169210 0.3875221 0.0413843 0.4640556 0.0822473 0.3892906 0.0000000 0.0067192 0.5469040 0.0343433 0.0522885 0.3689320 0.1512093 0.3825940 0.4013937 0.3818084 0.3750623 
n298_299   0.3816285 0.0449397 0.0486308 0.0308292 0.4712423 0.3765868 0.3756929 0.0169210 0.3875936 0.0413848 0.4561133 0.0822494 0.3893631 0.0067192 0.0000000 0.5470720 0.0343436 0.0522893 0.3745864 0.1512173 0.3826635 0.4014718 0.3818775 0.3807670 
n244_245   0.4952673 0.5248616 0.5270184 0.5538514 0.2633998 0.4555727 0.4882969 0.5388475 0.4672783 0.5178617 0.2694377 0.5532309 0.4838476 0.5469040 0.5470720 0.0000000 0.5478331 0.5174444 0.4419212 0.5011375 0.4689800 0.5119882 0.4809758 0.4695051 
n293_294   0.4064160 0.0450176 0.0487155 0.0100999 0.4867683 0.3953329 0.4002692 0.0238481 0.4125905 0.0414564 0.4795251 0.0899609 0.4145018 0.0343433 0.0343436 0.5478331 0.0000000 0.0523806 0.3805969 0.1642248 0.4015815 0.4270565 0.4066862 0.3868342 
n296_297   0.3998236 0.0203861 0.0238972 0.0522936 0.4651869 0.3465346 0.3937339 0.0414907 0.3814644 0.0169493 0.4581585 0.0861297 0.3881581 0.0522885 0.0522893 0.5174444 0.0523806 0.0000000 0.3505714 0.1510280 0.3523462 0.4071264 0.3873735 0.3565272 
n266_267   0.2088803 0.3564689 0.3572868 0.3680586 0.3987315 0.0973489 0.2042889 0.3617590 0.1999354 0.3508910 0.3866304 0.3748217 0.2139901 0.3689320 0.3745864 0.4419212 0.3805969 0.3505714 0.0000000 0.3320844 0.0974027 0.2134234 0.2087099 0.0237902 
n200_201   0.3790812 0.1466971 0.1469858 0.1511824 0.4553697 0.3329462 0.3731983 0.1426797 0.3678745 0.1425555 0.4496667 0.1302107 0.3800173 0.1512093 0.1512173 0.5011375 0.1642248 0.1510280 0.3320844 0.0000000 0.3386108 0.3977994 0.3727009 0.3378503 
n285_286   0.2531480 0.3642700 0.3711803 0.3885852 0.4436716 0.0135019 0.2482346 0.3705697 0.2436168 0.3586140 0.4316833 0.3829062 0.2587028 0.3825940 0.3826635 0.4689800 0.4015815 0.3523462 0.0974027 0.3386108 0.0000000 0.2636707 0.2529403 0.1132942 
n277_278   0.0414250 0.4000332 0.4009813 0.4135391 0.4364083 0.2537693 0.0378737 0.3880255 0.0414387 0.3941024 0.4245302 0.4319096 0.0203061 0.4013937 0.4014718 0.5119882 0.4270565 0.4071264 0.2134234 0.3977994 0.2636707 0.0000000 0.0413922 0.2228666 
n280_281   0.0134612 0.3805305 0.3814187 0.3936035 0.4367420 0.2432092 0.0100704 0.3688668 0.0168656 0.3747642 0.4372247 0.4054078 0.0413760 0.3818084 0.3818775 0.4809758 0.4066862 0.3873735 0.2087099 0.3727009 0.2529403 0.0413922 0.0000000 0.2277881 
n265_266   0.2279745 0.3624770 0.3633125 0.3741707 0.4244320 0.1132309 0.2232488 0.3678076 0.2187853 0.3568513 0.4118875 0.3810075 0.2234619 0.3750623 0.3807670 0.4695051 0.3868342 0.3565272 0.0237902 0.3378503 0.1132942 0.2228666 0.2277881 0.0000000 
