26
n299_300   0.0000000 0.0100852 2.3546233 9.0000000 3.3669379 0.6007420 2.1463275 2.1838748 0.1459114 2.3080169 2.1859432 2.6744046 0.0342674 0.6200989 2.5062215 2.5874538 2.7509838 2.4654800 2.2900257 3.0709525 2.6293238 2.2797550 2.3916374 1.9671927 0.1014213 2.4558651 
n300_301   0.0100852 0.0000000 2.2568337 9.0000000 3.2273172 0.5775220 2.1564782 2.1009574 0.1335677 2.2139704 2.1022001 2.5338106 0.0238117 0.5962560 2.3831441 2.4554041 2.9015653 2.5830591 2.1967969 3.1790879 2.4917097 2.1892578 2.3176644 1.9166363 0.0898355 2.3379072 
n290_291   2.3546233 2.2568337 0.0000000 4.0818740 2.5576214 2.5666007 1.0834640 0.7069045 2.0561422 0.0309085 0.1514198 0.3133170 2.2632153 2.7832807 0.3579562 0.3459625 2.5893660 2.4176309 0.0451202 2.6550609 0.2819053 0.1428740 2.5729939 2.5481524 2.2865380 0.2879622 
n244_245   9.0000000 9.0000000 4.0818740 0.0000000 2.8963756 8.9999981 3.4492271 2.4308573 9.0000000 4.6886579 7.4307360 4.0460112 9.0000000 7.1151100 3.2866645 3.4802026 2.9229276 3.2724087 3.9174660 2.8030146 3.6876724 5.4485340 8.2700649 4.1093327 8.9999987 3.6870285 
n255_256   3.3669379 3.2273172 2.5576214 2.8963756 0.0000000 3.4575614 2.5495938 2.4781976 3.1557491 2.3049008 2.7341357 2.7734079 3.2552820 3.3832418 3.5242006 3.4446867 2.7046215 3.1349445 2.3339381 0.3561211 2.9403904 2.6585065 2.7295036 2.1135248 2.9365754 2.4504036 
n277_278   0.6007420 0.5775220 2.5666007 8.9999981 3.4575614 0.0000000 2.2104767 1.7906532 0.5571348 2.6152819 2.2331063 3.1547704 0.5611384 0.1133999 2.8927010 2.8408414 2.6787598 2.7183131 2.5960847 3.1003142 2.9735763 2.2426480 3.1170109 2.5330243 0.5477968 2.8522769 
n200_201   2.1463275 2.1564782 1.0834640 3.4492271 2.5495938 2.2104767 0.0000000 1.0573195 2.2491433 1.1182474 1.0341277 1.0461887 2.2725980 2.1418697 1.2100604 1.2247696 1.7108005 1.6161507 1.1286855 2.6862896 0.9704519 1.0167476 1.9898269 1.8209063 2.1216191 1.0199682 
n236_237   2.1838748 2.1009574 0.7069045 2.4308573 2.4781976 1.7906532 1.0573195 0.0000000 2.1114698 0.6680215 0.6004292 0.7262876 1.9261300 2.0514585 0.7630510 0.7658090 2.0541648 2.0206429 0.6347189 2.9755652 0.6212942 0.5893828 2.5612393 2.0577412 1.9380709 0.6937506 
n274_275   0.1459114 0.1335677 2.0561422 9.0000000 3.1557491 0.5571348 2.2491433 2.1114698 0.0000000 2.1118488 2.0200618 2.4148303 0.1294004 0.5621606 2.1476160 2.1072983 3.2307809 2.6861241 2.1588778 3.4474388 2.3171833 2.0998399 2.0578405 1.9399693 0.1136518 2.1005672 
n289_290   2.3080169 2.2139704 0.0309085 4.6886579 2.3049008 2.6152819 1.1182474 0.6680215 2.1118488 0.0000000 0.1300711 0.3025571 2.2199281 2.9547843 0.3464640 0.3346825 2.4594411 2.3701544 0.0273110 2.5616309 0.2716340 0.1259335 2.4649406 2.5030775 2.3282025 0.2775718 
n296_297   2.1859432 2.1022001 0.1514198 7.4307360 2.7341357 2.2331063 1.0341277 0.6004292 2.0200618 0.1300711 0.0000000 0.3038036 2.1880649 2.5507524 0.3574873 0.3520384 2.2194013 2.0728096 0.1335422 3.2115761 0.2769046 0.0135003 2.0945507 2.3309976 2.2051452 0.2770974 
n275_276   2.6744046 2.5338106 0.3133170 4.0460112 2.7734079 3.1547704 1.0461887 0.7262876 2.4148303 0.3025571 0.3038036 0.0000000 2.4530287 3.0024070 0.1493955 0.1452883 2.4829799 2.2353540 0.2906568 2.3399523 0.0856659 0.2823877 2.3698642 2.3026943 2.4613525 0.1048364 
n292_293   0.0342674 0.0238117 2.2632153 9.0000000 3.2552820 0.5611384 2.2725980 1.9261300 0.1294004 2.2199281 2.1880649 2.4530287 0.0000000 0.5794236 2.2492570 2.3125138 2.7952235 2.5017323 2.2026289 3.1248539 2.3433834 2.2823208 2.1874570 1.8913297 0.0935505 2.1614510 
n278_279   0.6200989 0.5962560 2.7832807 7.1151100 3.3832418 0.1133999 2.1418697 2.0514585 0.5621606 2.9547843 2.5507524 3.0024070 0.5794236 0.0000000 3.0288598 2.9734931 2.9978186 3.2429363 2.9290929 3.0047732 2.9205256 2.5601391 2.7381199 2.2769535 0.5831661 2.7809074 
n298_299   2.5062215 2.3831441 0.3579562 3.2866645 3.5242006 2.8927010 1.2100604 0.7630510 2.1476160 0.3464640 0.3574873 0.1493955 2.2492570 3.0288598 0.0000000 0.0100478 2.6020098 2.1708407 0.3336681 3.3093537 0.1119264 0.3344043 2.2429070 2.0920530 2.1558936 0.1360142 
n297_298   2.5874538 2.4554041 0.3459625 3.4802026 3.4446867 2.8408414 1.2247696 0.7658090 2.1072983 0.3346825 0.3520384 0.1452883 2.3125138 2.9734931 0.0100478 0.0000000 2.4993089 2.1296024 0.3283934 3.5187439 0.1080494 0.3291198 2.1672718 2.1270996 2.2123903 0.1320049 
n286_287   2.7509838 2.9015653 2.5893660 2.9229276 2.7046215 2.6787598 1.7108005 2.0541648 3.2307809 2.4594411 2.2194013 2.4829799 2.7952235 2.9978186 2.6020098 2.4993089 0.0000000 0.0672843 2.3703756 2.1190201 2.7831756 2.1770705 1.3404480 1.3222749 2.8097553 2.9830674 
n285_286   2.4654800 2.5830591 2.4176309 3.2724087 3.1349445 2.7183131 1.6161507 2.0206429 2.6861241 2.3701544 2.0728096 2.2353540 2.5017323 3.2429363 2.1708407 2.1296024 0.0672843 0.0000000 2.2414924 2.4677596 2.4550313 1.9806089 1.3054012 1.3197579 2.3958764 2.6013720 
n287_288   2.2900257 2.1967969 0.0451202 3.9174660 2.3339381 2.5960847 1.1286855 0.6347189 2.1588778 0.0273110 0.1335422 0.2906568 2.2026289 2.9290929 0.3336681 0.3283934 2.3703756 2.2414924 0.0000000 2.6127932 0.2603390 0.1293989 2.4938919 2.5923474 2.3102497 0.2661336 
n251_252   3.0709525 3.1790879 2.6550609 2.8030146 0.3561211 3.1003142 2.6862896 2.9755652 3.4474388 2.5616309 3.2115761 2.3399523 3.1248539 3.0047732 3.3093537 3.5187439 2.1190201 2.4677596 2.6127932 0.0000000 2.6900864 2.9573337 2.5319256 2.0897161 3.0011766 2.3502340 
n294_295   2.6293238 2.4917097 0.2819053 3.6876724 2.9403904 2.9735763 0.9704519 0.6212942 2.3171833 0.2716340 0.2769046 0.0856659 2.3433834 2.9205256 0.1119264 0.1080494 2.7831756 2.4550313 0.2603390 2.6900864 0.0000000 0.2563738 2.4725353 2.4447803 2.3918906 0.0377356 
n295_296   2.2797550 2.1892578 0.1428740 5.4485340 2.6585065 2.2426480 1.0167476 0.5893828 2.0998399 0.1259335 0.0135003 0.2823877 2.2823208 2.5601391 0.3344043 0.3291198 2.1770705 1.9806089 0.1293989 2.9573337 0.2563738 0.0000000 2.0777829 2.2425022 2.2994647 0.2565476 
n266_267   2.3916374 2.3176644 2.5729939 8.2700649 2.7295036 3.1170109 1.9898269 2.5612393 2.0578405 2.4649406 2.0945507 2.3698642 2.1874570 2.7381199 2.2429070 2.1672718 1.3404480 1.3054012 2.4938919 2.5319256 2.4725353 2.0777829 0.0000000 0.1712048 2.0351365 2.4426953 
n265_266   1.9671927 1.9166363 2.5481524 4.1093327 2.1135248 2.5330243 1.8209063 2.0577412 1.9399693 2.5030775 2.3309976 2.3026943 1.8913297 2.2769535 2.0920530 2.1270996 1.3222749 1.3197579 2.5923474 2.0897161 2.4447803 2.2425022 0.1712048 0.0000000 1.7583699 2.4390012 
n280_281   0.1014213 0.0898355 2.2865380 8.9999987 2.9365754 0.5477968 2.1216191 1.9380709 0.1136518 2.3282025 2.2051452 2.4613525 0.0935505 0.5831661 2.1558936 2.2123903 2.8097553 2.3958764 2.3102497 3.0011766 2.3918906 2.2994647 2.0351365 1.7583699 0.0000000 2.1884620 
n293_294   2.4558651 2.3379072 0.2879622 3.6870285 2.4504036 2.8522769 1.0199682 0.6937506 2.1005672 0.2775718 0.2770974 0.1048364 2.1614510 2.7809074 0.1360142 0.1320049 2.9830674 2.6013720 0.2661336 2.3502340 0.0377356 0.2565476 2.4426953 2.4390012 2.1884620 0.0000000 
