26
n299_300   0.0000000 0.0307045 3.5567566 3.5730915 3.3962667 0.4098777 2.5422069 3.7064263 0.1547144 3.6151809 7.1568557 3.5367911 0.0594354 0.4627300 4.1756603 3.8364154 1.7383230 1.7582928 3.4338371 4.8928186 2.9894968 6.4530183 2.4488132 2.2829603 0.1131527 3.0089189 
n300_301   0.0307045 0.0000000 4.3165020 4.0576397 3.3294011 0.4035553 2.6877567 3.9494056 0.1503772 4.4270824 8.9999984 3.6627953 0.0485045 0.4558977 4.3702611 3.9919032 1.8040687 1.8252913 3.9117174 8.9999988 3.1833568 7.6590711 2.6716479 2.5395243 0.1012194 3.2066394 
n290_291   3.5567566 4.3165020 0.0000000 3.4065552 4.6974118 2.5809684 0.9235764 0.6861066 3.5650664 0.0450342 0.1381007 0.4122942 3.9549333 2.5025415 0.4065237 0.4130042 2.6392159 2.8528681 0.0671245 5.5681734 0.3811591 0.1465651 3.3485238 2.9713353 3.6419382 0.3633455 
n244_245   3.5730915 4.0576397 3.4065552 0.0000000 3.1089073 2.8410894 2.7360284 4.8206537 3.1711735 3.3369381 4.0382709 3.3871868 3.9066430 2.9015130 3.9561563 3.7344449 3.4657026 4.7267581 3.0993776 2.7908606 4.6795103 4.0695425 3.6182692 4.3704024 3.5731867 7.0547814 
n255_256   3.3962667 3.3294011 4.6974118 3.1089073 0.0000000 2.8818858 3.0063050 3.3339411 3.7081454 4.1134051 3.1647736 3.2053220 3.3368523 4.0720697 5.7152216 5.6075800 2.7757744 2.8402100 6.2775040 0.3684533 4.7551462 3.0226801 2.6622935 2.7713401 3.0073288 3.9400083 
n277_278   0.4098777 0.4035553 2.5809684 2.8410894 2.8818858 0.0000000 1.7850045 2.2444913 0.4158636 2.7375324 2.5588802 2.6907879 0.3916313 0.0972645 3.0093401 3.0240747 2.0240123 1.8445267 2.6418935 4.2123747 2.5391606 2.7038716 2.3553503 2.4849870 0.3977083 2.6310177 
n200_201   2.5422069 2.6877567 0.9235764 2.7360284 3.0063050 1.7850045 0.0000000 1.0002434 2.3565188 0.8829726 0.8984265 0.9564779 2.5575848 1.6197660 0.9901858 0.9912705 2.0179224 1.9712261 0.9347796 2.8870734 1.0694433 0.9011063 1.8953526 2.0441380 2.2840065 1.0740920 
n236_237   3.7064263 3.9494056 0.6861066 4.8206537 3.3339411 2.2444913 1.0002434 0.0000000 3.4541653 0.7042506 0.6481677 0.6956075 3.1896492 2.3137906 0.6760985 0.6850022 2.4043118 2.4161934 0.7075064 3.9283037 0.6784090 0.6480894 2.6051660 2.6793017 3.4921747 0.6684117 
n274_275   0.1547144 0.1503772 3.5650664 3.1711735 3.7081454 0.4158636 2.3565188 3.4541653 0.0000000 3.3430163 3.9730045 3.1698585 0.1293728 0.4902531 4.1537681 4.5381448 1.9369572 1.9965774 3.6019244 9.0000000 3.3169395 4.3898181 2.2811695 2.2316267 0.1291910 3.3427959 
n289_290   3.6151809 4.4270824 0.0450342 3.3369381 4.1134051 2.7375324 0.8829726 0.7042506 3.3430163 0.0000000 0.1337572 0.4253957 4.0381732 2.7045003 0.3937897 0.4001499 2.5229331 2.7175301 0.0633233 5.4501163 0.3810552 0.1463864 3.4393453 2.9681018 3.5621853 0.3632407 
n296_297   7.1568557 8.9999984 0.1381007 4.0382709 3.1647736 2.5588802 0.8984265 0.6481677 3.9730045 0.1337572 0.0000000 0.3946586 6.4095668 2.5310634 0.3703711 0.3644750 2.7631466 2.9283055 0.1595703 4.0953502 0.3577547 0.0378348 3.1328960 2.3672716 4.9649714 0.3405160 
n275_276   3.5367911 3.6627953 0.4122942 3.3871868 3.2053220 2.6907879 0.9564779 0.6956075 3.1698585 0.4253957 0.3946586 0.0000000 3.5009426 3.1136738 0.1514875 0.1557708 2.7091739 2.9210254 0.4128337 4.7469621 0.1686558 0.3894988 2.0261270 2.0964451 3.8397974 0.1642285 
n292_293   0.0594354 0.0485045 3.9549333 3.9066430 3.3368523 0.3916313 2.5575848 3.1896492 0.1293728 4.0381732 6.4095668 3.5009426 0.0000000 0.4371078 4.1412000 4.0280539 1.7481302 1.7331149 3.9839321 6.0391722 3.2017446 4.8996628 2.3680128 2.1507189 0.0855523 3.2254551 
n278_279   0.4627300 0.4558977 2.5025415 2.9015130 4.0720697 0.0972645 1.6197660 2.3137906 0.4902531 2.7045003 2.5310634 3.1136738 0.4371078 0.0000000 3.0172758 3.1474025 2.2520350 2.1380719 2.5239408 6.1742239 2.5616302 2.5852191 2.8696784 2.7980588 0.4491816 2.5936014 
n298_299   4.1756603 4.3702611 0.4065237 3.9561563 5.7152216 3.0093401 0.9901858 0.6760985 4.1537681 0.3937897 0.3703711 0.1514875 4.1412000 3.0172758 0.0000000 0.0273126 3.6646365 3.7220969 0.3753723 7.9582059 0.1512740 0.3530185 2.9481698 2.7184107 4.5542574 0.1469253 
n297_298   3.8364154 3.9919032 0.4130042 3.7344449 5.6075800 3.0240747 0.9912705 0.6850022 4.5381448 0.4001499 0.3644750 0.1557708 4.0280539 3.1474025 0.0273126 0.0000000 3.8118458 4.0899854 0.3815600 8.9999987 0.1512375 0.3529012 2.8417295 2.6238502 4.4150470 0.1468901 
n286_287   1.7383230 1.8040687 2.6392159 3.4657026 2.7757744 2.0240123 2.0179224 2.4043118 1.9369572 2.5229331 2.7631466 2.7091739 1.7481302 2.2520350 3.6646365 3.8118458 0.0000000 0.0671014 3.1930994 3.6844120 2.8105910 2.8202894 1.0713362 1.1019842 1.7674091 3.1137388 
n285_286   1.7582928 1.8252913 2.8528681 4.7267581 2.8402100 1.8445267 1.9712261 2.4161934 1.9965774 2.7175301 2.9283055 2.9210254 1.7331149 2.1380719 3.7220969 4.0899854 0.0671014 0.0000000 3.7084922 4.1779605 2.9319492 2.9955203 1.0200401 1.0493908 1.8206971 3.2719568 
n287_288   3.4338371 3.9117174 0.0671245 3.0993776 6.2775040 2.6418935 0.9347796 0.7075064 3.6019244 0.0633233 0.1595703 0.4128337 3.9839321 2.5239408 0.3753723 0.3815600 3.1930994 3.7084922 0.0000000 5.2372153 0.3810078 0.1727760 2.9651705 2.9209912 3.5288477 0.3692532 
n251_252   4.8928186 8.9999988 5.5681734 2.7908606 0.3684533 4.2123747 2.8870734 3.9283037 9.0000000 5.4501163 4.0953502 4.7469621 6.0391722 6.1742239 7.9582059 8.9999987 3.6844120 4.1779605 5.2372153 0.0000000 6.6604032 3.8316193 3.1586333 2.6172538 8.9999989 5.2456171 
n294_295   2.9894968 3.1833568 0.3811591 4.6795103 4.7551462 2.5391606 1.0694433 0.6784090 3.3169395 0.3810552 0.3577547 0.1686558 3.2017446 2.5616302 0.1512740 0.1512375 2.8105910 2.9319492 0.3810078 6.6604032 0.0000000 0.3462595 2.3528020 2.2670971 3.6441971 0.0379499 
n295_296   6.4530183 7.6590711 0.1465651 4.0695425 3.0226801 2.7038716 0.9011063 0.6480894 4.3898181 0.1463864 0.0378348 0.3894988 4.8996628 2.5852191 0.3530185 0.3529012 2.8202894 2.9955203 0.1727760 3.8316193 0.3462595 0.0000000 3.2423648 2.5590563 5.2732348 0.3350336 
n266_267   2.4488132 2.6716479 3.3485238 3.6182692 2.6622935 2.3553503 1.8953526 2.6051660 2.2811695 3.4393453 3.1328960 2.0261270 2.3680128 2.8696784 2.9481698 2.8417295 1.0713362 1.0200401 2.9651705 3.1586333 2.3528020 3.2423648 0.0000000 0.1952312 2.3387355 2.4818871 
n265_266   2.2829603 2.5395243 2.9713353 4.3704024 2.7713401 2.4849870 2.0441380 2.6793017 2.2316267 2.9681018 2.3672716 2.0964451 2.1507189 2.7980588 2.7184107 2.6238502 1.1019842 1.0493908 2.9209912 2.6172538 2.2670971 2.5590563 0.1952312 0.0000000 2.2998938 2.3923965 
n280_281   0.1131527 0.1012194 3.6419382 3.5731867 3.0073288 0.3977083 2.2840065 3.4921747 0.1291910 3.5621853 4.9649714 3.8397974 0.0855523 0.4491816 4.5542574 4.4150470 1.7674091 1.8206971 3.5288477 8.9999989 3.6441971 5.2732348 2.3387355 2.2998938 0.0000000 3.8721450 
n293_294   3.0089189 3.2066394 0.3633455 7.0547814 3.9400083 2.6310177 1.0740920 0.6684117 3.3427959 0.3632407 0.3405160 0.1642285 3.2254551 2.5936014 0.1469253 0.1468901 3.1137388 3.2719568 0.3692532 5.2456171 0.0379499 0.3350336 2.4818871 2.3923965 3.8721450 0.0000000 
