24
n287_288   0.0000000 0.0100721 0.0737643 0.2983764 0.2884151 0.3456244 0.3137777 0.3190075 0.0447148 0.3085103 0.3137461 0.0134644 0.0447153 0.0341482 0.0518815 0.0066975 0.2884266 0.3633405 0.0168741 0.3457353 0.3622514 0.1156796 0.2983610 0.3913426 
n290_291   0.0100721 0.0000000 0.0700820 0.2933643 0.2834701 0.3510068 0.3086590 0.3138514 0.0411790 0.3034297 0.3086279 0.0100756 0.0411794 0.0306627 0.0483088 0.0033408 0.2834806 0.3688679 0.0134688 0.3511195 0.3456706 0.1117802 0.2933492 0.3970767 
n236_237   0.0737643 0.0700820 0.0000000 0.2688055 0.2783885 0.3293675 0.2935301 0.2986157 0.0700809 0.2884104 0.2935009 0.0664050 0.0700818 0.0591258 0.0700892 0.0663945 0.2783979 0.3357573 0.0700932 0.3294729 0.3459589 0.0925033 0.2687918 0.3627014 
n278_279   0.2983764 0.2933643 0.2688055 0.0000000 0.3092184 0.3517273 0.0664476 0.0664501 0.2883283 0.0591326 0.0627822 0.2832832 0.2983334 0.2833205 0.2882916 0.2882773 0.3092348 0.4332009 0.2883341 0.3574372 0.4030574 0.2784264 0.0067028 0.4328467 
n285_286   0.2884151 0.2834701 0.2783885 0.3092184 0.0000000 0.1947479 0.3092693 0.3093075 0.2884114 0.2989358 0.3041091 0.2834137 0.2883352 0.2834029 0.2934742 0.2784536 0.0134551 0.4032854 0.2884662 0.1948083 0.3916776 0.2780965 0.3092023 0.4213347 
n265_266   0.3456244 0.3510068 0.3293675 0.3517273 0.1947479 0.0000000 0.3629511 0.3630049 0.3403213 0.3518153 0.3573956 0.3455755 0.3402244 0.3402635 0.3456450 0.3454892 0.1991182 0.4088585 0.3510952 0.0202944 0.3973879 0.3240315 0.3573004 0.4330172 
n280_281   0.3137777 0.3086590 0.2935301 0.0664476 0.3092693 0.3629511 0.0000000 0.0134685 0.3034243 0.0134702 0.0100758 0.2983606 0.3084854 0.2932659 0.2983053 0.3034601 0.3092857 0.4269490 0.3035219 0.3519493 0.4271890 0.2882593 0.0701471 0.4454169 
n299_300   0.3190075 0.3138514 0.2986157 0.0664501 0.3093075 0.3630049 0.0134685 0.0000000 0.3034609 0.0134705 0.0033419 0.3034773 0.3136752 0.2983455 0.3034214 0.3086135 0.3093239 0.4148088 0.3086771 0.3631221 0.4272665 0.2882922 0.0701498 0.4455019 
n293_294   0.0447148 0.0411790 0.0700809 0.2883283 0.2884114 0.3403213 0.3034243 0.3034609 0.0000000 0.2931919 0.2983141 0.0376529 0.0066987 0.0100700 0.0271897 0.0376472 0.2785573 0.3524055 0.0411852 0.3404305 0.3249338 0.1117802 0.2883134 0.3854133 
n274_275   0.3085103 0.3034297 0.2884104 0.0591326 0.2989358 0.3518153 0.0134702 0.0134705 0.2931919 0.0000000 0.0100773 0.2932089 0.3032589 0.2881521 0.2931543 0.2982708 0.2989497 0.4270704 0.2983308 0.3519285 0.4150119 0.2882893 0.0627914 0.4455472 
n292_293   0.3137461 0.3086279 0.2935009 0.0627822 0.3041091 0.3573956 0.0100758 0.0033419 0.2983141 0.0100773 0.0000000 0.2983308 0.3084544 0.2932367 0.2982756 0.3034297 0.3041242 0.4208887 0.3034915 0.3575108 0.4211215 0.2832553 0.0664620 0.4392042 
n296_297   0.0134644 0.0100756 0.0664050 0.2832832 0.2834137 0.3455755 0.2983606 0.3034773 0.0376529 0.2932089 0.2983308 0.0000000 0.0376533 0.0271882 0.0447450 0.0066999 0.2834242 0.3632875 0.0033408 0.3456864 0.3513031 0.1078822 0.2832686 0.3912829 
n294_295   0.0447153 0.0411794 0.0700818 0.2983334 0.2883352 0.3402244 0.3084854 0.3136752 0.0066987 0.3032589 0.3084544 0.0376533 0.0000000 0.0100701 0.0271900 0.0376476 0.2784848 0.3633599 0.0411857 0.3403335 0.3354701 0.1078620 0.2983180 0.3968563 
n275_276   0.0341482 0.0306627 0.0591258 0.2833205 0.2834029 0.3402635 0.2932659 0.2983455 0.0100700 0.2881521 0.2932367 0.0271882 0.0100701 0.0000000 0.0168735 0.0271842 0.2736159 0.3577658 0.0306672 0.3403726 0.3353408 0.1001769 0.2833060 0.3796632 
n297_298   0.0518815 0.0483088 0.0700892 0.2882916 0.2934742 0.3456450 0.2983053 0.3034214 0.0271897 0.2931543 0.2982756 0.0447450 0.0271900 0.0168735 0.0000000 0.0447381 0.2835525 0.3688501 0.0483162 0.3457560 0.3461938 0.1040077 0.2782408 0.3852871 
n289_290   0.0066975 0.0033408 0.0663945 0.2882773 0.2784536 0.3454892 0.3034601 0.3086135 0.0376472 0.2982708 0.3034297 0.0066999 0.0376476 0.0271842 0.0447381 0.0000000 0.2784630 0.3631940 0.0100756 0.3456000 0.3512146 0.1078639 0.2882624 0.3911778 
n286_287   0.2884266 0.2834806 0.2783979 0.3092348 0.0134551 0.1991182 0.3092857 0.3093239 0.2785573 0.2989497 0.3041242 0.2834242 0.2784848 0.2736159 0.2835525 0.2784630 0.0000000 0.4033327 0.2884777 0.1991800 0.3803566 0.2781058 0.3092187 0.4094151 
n255_256   0.3633405 0.3688679 0.3357573 0.4332009 0.4032854 0.4088585 0.4269490 0.4148088 0.3524055 0.4270704 0.4208887 0.3632875 0.3633599 0.3577658 0.3688501 0.3631940 0.4033327 0.0000000 0.3689637 0.4089914 0.2643361 0.3406737 0.4331771 0.0591322 
n295_296   0.0168741 0.0134688 0.0700932 0.2883341 0.2884662 0.3510952 0.3035219 0.3086771 0.0411852 0.2983308 0.3034915 0.0033408 0.0411857 0.0306672 0.0483162 0.0100756 0.2884777 0.3689637 0.0000000 0.3512080 0.3568720 0.1117994 0.2883192 0.3971844 
n266_267   0.3457353 0.3511195 0.3294729 0.3574372 0.1948083 0.0202944 0.3519493 0.3631221 0.3404305 0.3519285 0.3575108 0.3456864 0.3403335 0.3403726 0.3457560 0.3456000 0.1991800 0.4089914 0.3512080 0.0000000 0.4152974 0.3241350 0.3630583 0.4331585 
n244_245   0.3622514 0.3456706 0.3459589 0.4030574 0.3916776 0.3973879 0.4271890 0.4272665 0.3249338 0.4150119 0.4211215 0.3513031 0.3354701 0.3353408 0.3461938 0.3512146 0.3803566 0.2643361 0.3568720 0.4152974 0.0000000 0.3622389 0.4030356 0.2888440 
n200_201   0.1156796 0.1117802 0.0925033 0.2784264 0.2780965 0.3240315 0.2882593 0.2882922 0.1117802 0.2882893 0.2832553 0.1078822 0.1078620 0.1001769 0.1040077 0.1078639 0.2781058 0.3406737 0.1117994 0.3241350 0.3622389 0.0000000 0.2784121 0.3680214 
n277_278   0.2983610 0.2933492 0.2687918 0.0067028 0.3092023 0.3573004 0.0701471 0.0701498 0.2883134 0.0627914 0.0664620 0.2832686 0.2983180 0.2833060 0.2782408 0.2882624 0.3092187 0.4331771 0.2883192 0.3630583 0.4030356 0.2784121 0.0000000 0.4328230 
n251_252   0.3913426 0.3970767 0.3627014 0.4328467 0.4213347 0.4330172 0.4454169 0.4455019 0.3854133 0.4455472 0.4392042 0.3912829 0.3968563 0.3796632 0.3852871 0.3911778 0.4094151 0.0591322 0.3971844 0.4331585 0.2888440 0.3680214 0.4328230 0.0000000 
