26
n295_298   0.0000000 0.1626587 2.0735772 2.9210794 2.5376460 3.6810342 1.0111799 3.7605002 2.5226326 4.2532458 0.3888832 2.1921805 0.4182893 2.3055841 2.1804371 0.6329750 0.4241218 0.1675808 0.4136929 0.1500868 5.3176854 2.4068326 0.3836025 3.8059467 3.9778717 0.0272809 
n290_293   0.1626587 0.0000000 2.3036033 2.4851466 1.7330693 2.4321242 0.9130749 2.3543468 2.9083730 2.6817925 0.3090446 1.6332776 0.3408830 2.6326363 2.3007068 0.5808563 0.3400771 0.0633265 0.3432183 0.0414612 2.9532723 2.3783868 0.3100182 2.5475426 3.8039191 0.1539416 
n266_269   2.0735772 2.3036033 0.0000000 2.0140921 1.8135589 1.3905550 1.5765834 1.3543421 0.8729166 1.4621007 2.3986548 1.8836018 2.0120063 0.9109268 2.1161047 1.5682106 2.0558701 2.3111759 1.9991127 2.0460198 1.6354765 0.1804602 2.2826331 1.4300088 2.4902634 2.2458479 
n255_258   2.9210794 2.4851466 2.0140921 0.0000000 2.9026899 2.8241808 2.3348041 3.5456153 2.0708154 3.1615684 2.7086375 2.4261835 2.3446674 2.0115823 0.3507732 1.7810777 2.5120647 2.3583303 2.9972626 2.1925088 3.8610168 2.5262583 2.8335245 3.0337723 2.1489291 3.0459644 
n277_280   2.5376460 1.7330693 1.8135589 2.9026899 0.0000000 0.5949288 1.6409390 0.5417546 1.8351173 0.5945964 1.9416419 0.0931665 2.0125464 1.8009492 2.5485073 1.8251643 1.9467829 1.9713629 2.0832069 1.8847252 0.5641585 1.8256468 2.1416624 0.5855586 2.0936137 2.3864394 
n299_302   3.6810342 2.4321242 1.3905550 2.8241808 0.5949288 0.0000000 1.8081128 0.1329724 1.8196184 0.0376273 2.4196187 0.5861291 2.5519570 1.9067058 3.4077611 1.7860187 2.5439291 2.4874852 2.4356990 2.4670927 0.1372753 1.5177815 2.2849485 0.0134028 2.6104790 3.5731468 
n200_201   1.0111799 0.9130749 1.5765834 2.3348041 1.6409390 1.8081128 0.0000000 1.6477750 2.6241721 1.8040666 1.0988270 1.5981928 1.0288596 2.4436625 4.2242808 0.8251892 1.0087828 0.9684474 1.0489115 0.9166365 2.0994648 1.4993499 0.9996605 1.7658968 2.7843619 1.0223699 
n274_277   3.7605002 2.3543468 1.3543421 3.5456153 0.5417546 0.1329724 1.6477750 0.0000000 1.5032710 0.1497131 2.2453577 0.5332912 2.6271970 1.5340154 4.9318396 1.6231956 2.6191493 2.4418878 2.4286658 2.4867395 0.1581081 1.3545989 2.3264319 0.1328698 2.9720958 3.3178513 
n286_289   2.5226326 2.9083730 0.8729166 2.0708154 1.8351173 1.8196184 2.6241721 1.5032710 0.0000000 1.5868441 3.2160210 1.7850577 2.2108663 0.0482981 2.8482862 1.6482600 2.3400428 3.0423561 2.4224375 2.7515761 1.8823436 0.9381090 2.4358524 1.8163227 3.1782202 2.6084622 
n292_295   4.2532458 2.6817925 1.4621007 3.1615684 0.5945964 0.0376273 1.8040666 0.1497131 1.5868441 0.0000000 2.4158997 0.5858035 2.5532591 1.6810811 3.8018321 1.8576137 2.5451733 2.8577512 2.4626794 2.7511638 0.1375279 1.4939927 2.3863720 0.0376019 2.5829339 4.1011649 
n275_278   0.3888832 0.3090446 2.3986548 2.7086375 1.9416419 2.4196187 1.0988270 2.2453577 3.2160210 2.4158997 0.0000000 1.8542733 0.1291083 2.6319563 2.7362896 0.6855146 0.1290132 0.3161738 0.1386590 0.3097166 2.9499735 2.4922503 0.1429548 2.5339854 3.1856537 0.3830269 
n278_281   2.1921805 1.6332776 1.8836018 2.4261835 0.0931665 0.5861291 1.5981928 0.5332912 1.7850577 0.5858035 1.8542733 0.0000000 1.9155753 1.6955716 2.1389056 1.7617678 1.8564237 1.8091001 1.9827363 1.8111142 0.5801587 1.8000053 1.9957030 0.5779480 2.1719466 2.1138837 
n293_296   0.4182893 0.3408830 2.0120063 2.3446674 2.0125464 2.5519570 1.0288596 2.6271970 2.2108663 2.5532591 0.1291083 1.9155753 0.0000000 1.9393062 2.6427897 0.6769862 0.0447914 0.3484628 0.1675171 0.3416389 2.9554412 2.1146116 0.1634187 2.6790520 4.1033022 0.4122174 
n285_288   2.3055841 2.6326363 0.9109268 2.0115823 1.8009492 1.9067058 2.4436625 1.5340154 0.0482981 1.6810811 2.6319563 1.6955716 1.9393062 0.0000000 2.5236068 1.6372825 2.1129293 2.5734643 2.1585905 2.4780847 2.0080255 0.9765628 2.1682824 1.9030413 2.8854372 2.3747497 
n251_254   2.1804371 2.3007068 2.1161047 0.3507732 2.5485073 3.4077611 4.2242808 4.9318396 2.8482862 3.8018321 2.7362896 2.1389056 2.6427897 2.5236068 0.0000000 2.1841636 2.6392230 2.1488823 3.3914267 2.2004670 4.1841259 3.0718898 3.3585849 3.5466916 2.1772972 2.2410647 
n236_239   0.6329750 0.5808563 1.5682106 1.7810777 1.8251643 1.7860187 0.8251892 1.6231956 1.6482600 1.8576137 0.6855146 1.7617678 0.6769862 1.6372825 2.1841636 0.0000000 0.6827952 0.5762002 0.7354091 0.5589605 2.0333717 1.7379292 0.6876266 1.8104613 4.2370266 0.6329437 
n294_297   0.4241218 0.3400771 2.0558701 2.5120647 1.9467829 2.5439291 1.0087828 2.6191493 2.3400428 2.5451733 0.1290132 1.8564237 0.0447914 2.1129293 2.6392230 0.6827952 0.0000000 0.3476302 0.1628710 0.3408294 3.1340624 2.0270526 0.1588120 2.6710448 3.3562859 0.4052844 
n287_290   0.1675808 0.0633265 2.3111759 2.3583303 1.9713629 2.4874852 0.9684474 2.4418878 3.0423561 2.8577512 0.3161738 1.8091001 0.3484628 2.5734643 2.1488823 0.5762002 0.3476302 0.0000000 0.3564703 0.0450536 3.0481437 2.4021770 0.3166056 2.6094958 3.5536346 0.1587674 
n297_300   0.4136929 0.3432183 1.9991127 2.9972626 2.0832069 2.4356990 1.0489115 2.4286658 2.4224375 2.4626794 0.1386590 1.9827363 0.1675171 2.1585905 3.3914267 0.7354091 0.1628710 0.3564703 0.0000000 0.3439845 2.9226622 2.2820632 0.0451906 2.4827029 3.1265738 0.4009002 
n289_292   0.1500868 0.0414612 2.0460198 2.1925088 1.8847252 2.4670927 0.9166365 2.4867395 2.7515761 2.7511638 0.3097166 1.8111142 0.3416389 2.4780847 2.2004670 0.5589605 0.3408294 0.0450536 0.3439845 0.0000000 3.1302249 2.2098739 0.3106943 2.5869187 3.5618922 0.1415355 
n280_283   5.3176854 2.9532723 1.6354765 3.8610168 0.5641585 0.1372753 2.0994648 0.1581081 1.8823436 0.1375279 2.9499735 0.5801587 2.9554412 2.0080255 4.1841259 2.0333717 3.1340624 3.0481437 2.9226622 3.1302249 0.0000000 1.6543248 2.6971476 0.1371686 2.7718124 4.1610618 
n265_268   2.4068326 2.3783868 0.1804602 2.5262583 1.8256468 1.5177815 1.4993499 1.3545989 0.9381090 1.4939927 2.4922503 1.8000053 2.1146116 0.9765628 3.0718898 1.7379292 2.0270526 2.4021770 2.2820632 2.2098739 1.6543248 0.0000000 2.5754400 1.5631849 2.3999952 2.3686583 
n298_301   0.3836025 0.3100182 2.2826331 2.8335245 2.1416624 2.2849485 0.9996605 2.3264319 2.4358524 2.3863720 0.1429548 1.9957030 0.1634187 2.1682824 3.3585849 0.6876266 0.1588120 0.3166056 0.0451906 0.3106943 2.6971476 2.5754400 0.0000000 2.3264489 3.0877449 0.3713445 
n300_303   3.8059467 2.5475426 1.4300088 3.0337723 0.5855586 0.0134028 1.7658968 0.1328698 1.8163227 0.0376019 2.5339854 0.5779480 2.6790520 1.9030413 3.5466916 1.8104613 2.6710448 2.6094958 2.4827029 2.5869187 0.1371686 1.5631849 2.3264489 0.0000000 2.7466089 3.6909194 
n244_247   3.9778717 3.8039191 2.4902634 2.1489291 2.0936137 2.6104790 2.7843619 2.9720958 3.1782202 2.5829339 3.1856537 2.1719466 4.1033022 2.8854372 2.1772972 4.2370266 3.3562859 3.5536346 3.1265738 3.5618922 2.7718124 2.3999952 3.0877449 2.7466089 0.0000000 4.4996589 
n296_299   0.0272809 0.1539416 2.2458479 3.0459644 2.3864394 3.5731468 1.0223699 3.3178513 2.6084622 4.1011649 0.3830269 2.1138837 0.4122174 2.3747497 2.2410647 0.6329437 0.4052844 0.1587674 0.4009002 0.1415355 4.1610618 2.3686583 0.3713445 3.6909194 4.4996589 0.0000000 
