25
n290_293   0.0000000 0.0067080 0.0483483 0.0811453 0.0482866 0.2976272 0.0482802 0.0447791 0.0447177 0.3329799 0.3329042 0.0100852 0.3275679 0.3921599 0.2862387 0.3271266 0.4041104 0.3282199 0.1730658 0.0100809 0.2857858 0.3221739 0.3083654 0.0134660 0.4094973 
n289_292   0.0067080 0.0000000 0.0483342 0.0811213 0.0482724 0.2975304 0.0482660 0.0447660 0.0447046 0.3225302 0.3327945 0.0100823 0.3171978 0.3920277 0.2861465 0.3270192 0.4039733 0.3178218 0.1730123 0.0100780 0.2856938 0.3118818 0.3082645 0.0134621 0.4093583 
n294_297   0.0483483 0.0483342 0.0000000 0.0737498 0.0203413 0.3026916 0.0203385 0.0033556 0.0169069 0.3275307 0.3486771 0.0519123 0.3221642 0.3708406 0.2861984 0.3427624 0.3823741 0.3228011 0.1564349 0.0518895 0.2909854 0.3168147 0.2931924 0.0554565 0.3827767 
n236_237   0.0811453 0.0811213 0.0737498 0.0000000 0.0736543 0.3226076 0.0699784 0.0700523 0.0699552 0.3369587 0.3318478 0.0848621 0.3315369 0.3639220 0.2661370 0.3260964 0.3926197 0.3321972 0.1643158 0.0848237 0.2707925 0.3261332 0.3123169 0.0885369 0.3805971 
n275_278   0.0482866 0.0482724 0.0203413 0.0736543 0.0000000 0.3021952 0.0203129 0.0169086 0.0168857 0.3269857 0.3481617 0.0518459 0.3216303 0.3699600 0.2857853 0.3422572 0.3929547 0.3222649 0.1562208 0.0518230 0.2905648 0.3162916 0.3025971 0.0553853 0.3818612 
n278_281   0.2976272 0.2975304 0.3026916 0.3226076 0.3021952 0.0000000 0.3018679 0.2976094 0.3017490 0.0735029 0.3381052 0.2972450 0.0771500 0.3710277 0.2812882 0.3531444 0.3581251 0.0846745 0.3239057 0.2974702 0.2860480 0.0734192 0.0237318 0.2924840 0.4156509 
n298_301   0.0482802 0.0482660 0.0203385 0.0699784 0.0203129 0.3018679 0.0000000 0.0169062 0.0033475 0.3266277 0.3371990 0.0518391 0.3212792 0.3534867 0.2757612 0.3313954 0.3702253 0.3219124 0.1521029 0.0518162 0.2804768 0.3159475 0.3022690 0.0553781 0.3651061 
n293_296   0.0447791 0.0447660 0.0033556 0.0700523 0.0169086 0.2976094 0.0169062 0.0000000 0.0134917 0.3222843 0.3432850 0.0483260 0.3169579 0.3652918 0.2812497 0.3374180 0.3767320 0.3175808 0.1522701 0.0483048 0.2860065 0.3116477 0.2980047 0.0518554 0.3771341 
n297_300   0.0447177 0.0447046 0.0169069 0.0699552 0.0168857 0.3017490 0.0033475 0.0134917 0.0000000 0.3264968 0.3370629 0.0482596 0.3211511 0.3533424 0.2756550 0.3312624 0.3700721 0.3217837 0.1520490 0.0482384 0.2803685 0.3158220 0.3021497 0.0517840 0.3649557 
n300_303   0.3329799 0.3225302 0.3275307 0.3369587 0.3269857 0.0735029 0.3266277 0.3222843 0.3264968 0.0000000 0.3527325 0.3325489 0.0100103 0.3851827 0.2899685 0.3680039 0.3569993 0.0304670 0.3322532 0.3328054 0.2947678 0.0269722 0.0625362 0.3275872 0.4304286 
n265_266   0.3329042 0.3327945 0.3486771 0.3318478 0.3481617 0.3381052 0.3371990 0.3432850 0.3370629 0.3527325 0.0000000 0.3381321 0.3471819 0.3752612 0.1308601 0.0305552 0.4451521 0.3478868 0.3514141 0.3271389 0.1347840 0.3316608 0.3275888 0.3321898 0.3918656 
n287_290   0.0100852 0.0100823 0.0519123 0.0848621 0.0518459 0.2972450 0.0518391 0.0483260 0.0482596 0.3325489 0.3381321 0.0000000 0.3271447 0.3978174 0.2911306 0.3323076 0.4035789 0.3277950 0.1772782 0.0134683 0.2906687 0.3217584 0.3079677 0.0168666 0.4152902 
n292_295   0.3275679 0.3171978 0.3221642 0.3315369 0.3216303 0.0771500 0.3212792 0.3169579 0.3211511 0.0100103 0.3471819 0.3271447 0.0000000 0.3793831 0.2849090 0.3623421 0.3514314 0.0270082 0.3268562 0.3273962 0.2896743 0.0235371 0.0661358 0.3222174 0.4242619 
n255_256   0.3921599 0.3920277 0.3708406 0.3639220 0.3699600 0.3710277 0.3534867 0.3652918 0.3533424 0.3851827 0.3752612 0.3978174 0.3793831 0.0000000 0.3568001 0.3909441 0.2714585 0.3801812 0.3831887 0.3858747 0.3620134 0.3736112 0.3654322 0.3913032 0.0773510 
n286_289   0.2862387 0.2861465 0.2861984 0.2661370 0.2857853 0.2812882 0.2757612 0.2812497 0.2756550 0.2899685 0.1308601 0.2911306 0.2849090 0.3568001 0.0000000 0.1385504 0.3736521 0.2903175 0.2933120 0.2860881 0.0033344 0.2706103 0.2667422 0.2859959 0.3725901 
n266_267   0.3271266 0.3270192 0.3427624 0.3260964 0.3422572 0.3531444 0.3313954 0.3374180 0.3312624 0.3680039 0.0305552 0.3323076 0.3623421 0.3909441 0.1385504 0.0000000 0.4440808 0.3630895 0.3454341 0.3214179 0.1425044 0.3465498 0.3424332 0.3264267 0.4078531 
n244_245   0.4041104 0.4039733 0.3823741 0.3926197 0.3929547 0.3581251 0.3702253 0.3767320 0.3700721 0.3569993 0.4451521 0.4035789 0.3514314 0.2714585 0.3736521 0.4440808 0.0000000 0.3570818 0.4229491 0.3977029 0.3789901 0.3615891 0.3581443 0.3970363 0.3008743 
n280_283   0.3282199 0.3178218 0.3228011 0.3321972 0.3222649 0.0846745 0.3219124 0.3175808 0.3217837 0.0304670 0.3478868 0.3277950 0.0270082 0.3801812 0.2903175 0.3630895 0.3570818 0.0000000 0.3275051 0.3280475 0.2951246 0.0304344 0.0735358 0.3331214 0.4252013 
n200_201   0.1730658 0.1730123 0.1564349 0.1643158 0.1562208 0.3239057 0.1521029 0.1522701 0.1520490 0.3322532 0.3514141 0.1772782 0.3268562 0.3831887 0.2933120 0.3454341 0.4229491 0.3275051 0.0000000 0.1729730 0.2981745 0.3113809 0.3135551 0.1771350 0.4002337 
n295_298   0.0100809 0.0100780 0.0518895 0.0848237 0.0518230 0.2974702 0.0518162 0.0483048 0.0482384 0.3328054 0.3271389 0.0134683 0.3273962 0.3858747 0.2860881 0.3214179 0.3977029 0.3280475 0.1729730 0.0000000 0.2856355 0.3220049 0.3082027 0.0033439 0.4030508 
n285_288   0.2857858 0.2856938 0.2909854 0.2707925 0.2905648 0.2860480 0.2804768 0.2860065 0.2803685 0.2947678 0.1347840 0.2906687 0.2896743 0.3620134 0.0033344 0.1425044 0.3789901 0.2951246 0.2981745 0.2856355 0.0000000 0.2752941 0.2714138 0.2855436 0.3779017 
n274_277   0.3221739 0.3118818 0.3168147 0.3261332 0.3162916 0.0734192 0.3159475 0.3116477 0.3158220 0.0269722 0.3316608 0.3217584 0.0235371 0.3736112 0.2706103 0.3465498 0.3615891 0.0304344 0.3113809 0.3220049 0.2752941 0.0000000 0.0624664 0.3168647 0.4181336 
n277_280   0.3083654 0.3082645 0.2931924 0.3123169 0.3025971 0.0237318 0.3022690 0.2980047 0.3021497 0.0625362 0.3275888 0.3079677 0.0661358 0.3654322 0.2667422 0.3424332 0.3581443 0.0735358 0.3135551 0.3082027 0.2714138 0.0624664 0.0000000 0.3031374 0.4097107 
n296_299   0.0134660 0.0134621 0.0554565 0.0885369 0.0553853 0.2924840 0.0553781 0.0518554 0.0517840 0.3275872 0.3321898 0.0168666 0.3222174 0.3913032 0.2859959 0.3264267 0.3970363 0.3331214 0.1771350 0.0033439 0.2855436 0.3168647 0.3031374 0.0000000 0.4085975 
n251_252   0.4094973 0.4093583 0.3827767 0.3805971 0.3818612 0.4156509 0.3651061 0.3771341 0.3649557 0.4304286 0.3918656 0.4152902 0.4242619 0.0773510 0.3725901 0.4078531 0.3008743 0.4252013 0.4002337 0.4030508 0.3779017 0.4181336 0.4097107 0.4085975 0.0000000 
