25
n274_245   0.0000000 1.6244606 0.1091261 0.4923961 0.3828097 1.6455801 1.6420171 1.7973347 1.6928045 1.8915490 1.6304463 0.1093002 1.8422271 1.7554282 1.2990819 2.6513052 1.9674041 1.6690560 1.9019871 0.0897209 1.5156325 1.6098439 0.1052584 3.2336775 1.4643206 
n293_264   1.6244606 0.0000000 1.7476234 1.8006823 1.5845989 0.3622186 0.0449516 0.4106150 0.9654386 0.1370720 0.1362962 1.7679128 0.3990453 2.0476021 1.8427646 2.4313011 0.6735606 0.1488828 2.0043054 1.6257989 0.3812136 0.4105267 1.6111620 3.0321051 1.8519664 
n300_271   0.1091261 1.7476234 0.0000000 0.5239630 0.4600598 1.6776952 1.8606774 1.9487401 1.6515121 1.9213193 1.6749932 0.0203227 2.0019709 1.7444815 1.2349891 3.2544417 2.2586958 1.7128646 1.8917386 0.1086714 1.5437094 1.6195687 0.0448998 4.6383837 1.4602038 
n277_248   0.4923961 1.8006823 0.5239630 0.0000000 0.1093561 1.8779281 1.8404443 2.0394072 1.8833487 1.8501537 1.7563198 0.5327065 2.0086347 1.6704416 1.7066770 2.9396289 1.7754987 1.7883086 1.6971303 0.5058656 1.8794376 1.8419192 0.5113126 2.6189410 1.8741394 
n278_249   0.3828097 1.5845989 0.4600598 0.1093561 0.0000000 1.6014731 1.5828255 1.6784591 1.7006984 1.8048723 1.5689027 0.4617574 1.6208206 1.4981325 1.3323190 2.4541992 1.5748721 1.6187235 1.4942484 0.4185424 1.6030832 1.6238272 0.4361900 2.4699181 1.3792288 
n287_258   1.6455801 0.3622186 1.6776952 1.8779281 1.6014731 0.0000000 0.3342441 0.1775493 0.9870452 0.3289313 0.3271893 1.6960524 0.1689317 1.7981791 1.6544641 2.7726907 0.6782439 0.3443929 2.0388314 1.5478934 0.0447587 0.0627406 1.6317610 5.0825376 1.8240690 
n294_265   1.6420171 0.0449516 1.8606774 1.8404443 1.5828255 0.3342441 0.0000000 0.3982394 1.0478902 0.1247297 0.1240272 1.8097949 0.3868656 2.0403081 1.8769503 2.3458255 0.6669748 0.1446048 1.9975664 1.6348162 0.3523900 0.3805237 1.6200227 2.9235407 1.8566667 
n295_266   1.7973347 0.4106150 1.9487401 2.0394072 1.6784591 0.1775493 0.3982394 0.0000000 0.9337592 0.3926601 0.3908708 2.0156243 0.0518512 1.9962427 1.7755410 2.8437913 0.6358771 0.4097583 2.2334784 1.7414002 0.1825982 0.2045589 1.9125698 3.9870569 2.0784472 
n200_177   1.6928045 0.9654386 1.6515121 1.8833487 1.7006984 0.9870452 1.0478902 0.9337592 0.0000000 1.0287590 1.0211610 1.6845542 0.9870383 1.9675807 1.5164677 2.6302935 1.0801725 0.9880659 2.1469994 1.6092098 0.9513737 1.0191965 1.5897643 2.8073391 1.6280452 
n275_246   1.8915490 0.1370720 1.9213193 1.8501537 1.8048723 0.3289313 0.1247297 0.3926601 1.0287590 0.0000000 0.1363850 1.9466402 0.3813656 2.4555601 1.9148942 2.6983225 0.6621692 0.1532115 2.2466546 1.8045061 0.3469173 0.3637583 1.7658903 3.6921188 1.9606885 
n298_269   1.6304463 0.1362962 1.6749932 1.7563198 1.5689027 0.3271893 0.1240272 0.3908708 1.0211610 0.1363850 0.0000000 1.7495609 0.3740370 2.3359736 1.8446925 2.3427531 0.6622713 0.0342396 2.2150998 1.6091498 0.3394051 0.3616297 1.5947448 3.2425425 1.9546495 
n299_270   0.1093002 1.7679128 0.0203227 0.5327065 0.4617574 1.6960524 1.8097949 2.0156243 1.6845542 1.9466402 1.7495609 0.0000000 2.0735415 1.7911583 1.2768386 3.2972300 2.3562052 1.7909137 1.9471909 0.1088441 1.5844692 1.6642949 0.0378340 5.5642092 1.4713804 
n296_267   1.8422271 0.3990453 2.0019709 2.0086347 1.6208206 0.1689317 0.3868656 0.0518512 0.9870383 0.3813656 0.3740370 2.0735415 0.0000000 2.1990567 1.8172854 2.6456803 0.6370530 0.3924676 2.4991991 1.7829848 0.1737964 0.1912441 2.0116047 3.2727173 2.2381108 
n286_257   1.7554282 2.0476021 1.7444815 1.6704416 1.4981325 1.7981791 2.0403081 1.9962427 1.9675807 2.4555601 2.3359736 1.7911583 2.1990567 0.0000000 1.0554186 1.9316857 1.9502115 2.1969087 0.0521616 1.7473307 1.8043572 1.7949077 1.6764559 2.2986401 1.0518669 
n265_236   1.2990819 1.8427646 1.2349891 1.7066770 1.3323190 1.6544641 1.8769503 1.7755410 1.5164677 1.9148942 1.8446925 1.2768386 1.8172854 1.0554186 0.0000000 1.7185036 1.8459544 1.7515035 1.0694349 1.2916878 1.5545557 1.6235527 1.2526883 2.2808481 0.2109384 
n255_226   2.6513052 2.4313011 3.2544417 2.9396289 2.4541992 2.7726907 2.3458255 2.8437913 2.6302935 2.6983225 2.3427531 3.2972300 2.6456803 1.9316857 1.7185036 0.0000000 2.0027460 2.2468362 1.7247252 3.2129354 2.7170740 2.5000759 3.0215889 0.3121771 1.6931340 
n236_209   1.9674041 0.6735606 2.2586958 1.7754987 1.5748721 0.6782439 0.6669748 0.6358771 1.0801725 0.6621692 0.6622713 2.3562052 0.6370530 1.9502115 1.8459544 2.0027460 0.0000000 0.6820072 1.8927112 1.9253712 0.6994444 0.7170178 2.0702819 2.2577801 1.9680051 
n297_268   1.6690560 0.1488828 1.7128646 1.7883086 1.6187235 0.3443929 0.1446048 0.4097583 0.9880659 0.1532115 0.0342396 1.7909137 0.3924676 2.1969087 1.7515035 2.2468362 0.6820072 0.0000000 2.0919542 1.7053756 0.3569919 0.3741378 1.6291717 2.9793318 1.8327899 
n285_256   1.9019871 2.0043054 1.8917386 1.6971303 1.4942484 2.0388314 1.9975664 2.2334784 2.1469994 2.2466546 2.2150998 1.9471909 2.4991991 0.0521616 1.0694349 1.7247252 1.8927112 2.0919542 0.0000000 1.8967813 1.9160371 1.9521472 1.8131514 1.9685984 1.0371587 
n280_251   0.0897209 1.6257989 0.1086714 0.5058656 0.4185424 1.5478934 1.6348162 1.7414002 1.6092098 1.8045061 1.6091498 0.1088441 1.7829848 1.7473307 1.2916878 3.2129354 1.9253712 1.7053756 1.8967813 0.0000000 1.4312812 1.4953947 0.0970948 4.1230657 1.4387993 
n289_260   1.5156325 0.3812136 1.5437094 1.8794376 1.6030832 0.0447587 0.3523900 0.1825982 0.9513737 0.3469173 0.3394051 1.5844692 0.1737964 1.8043572 1.5545557 2.7170740 0.6994444 0.3569919 1.9160371 1.4312812 0.0000000 0.0447768 1.5279284 5.0478199 1.7577721 
n290_261   1.6098439 0.4105267 1.6195687 1.8419192 1.6238272 0.0627406 0.3805237 0.2045589 1.0191965 0.3637583 0.3616297 1.6642949 0.1912441 1.7949077 1.6235527 2.5000759 0.7170178 0.3741378 1.9521472 1.4953947 0.0447768 0.0000000 1.6025039 5.5332719 1.7764466 
n292_263   0.1052584 1.6111620 0.0448998 0.5113126 0.4361900 1.6317610 1.6200227 1.9125698 1.5897643 1.7658903 1.5947448 0.0378340 2.0116047 1.6764559 1.2526883 3.0215889 2.0702819 1.6291717 1.8131514 0.0970948 1.5279284 1.6025039 0.0000000 4.8714623 1.4003169 
n251_222   3.2336775 3.0321051 4.6383837 2.6189410 2.4699181 5.0825376 2.9235407 3.9870569 2.8073391 3.6921188 3.2425425 5.5642092 3.2727173 2.2986401 2.2808481 0.3121771 2.2577801 2.9793318 1.9685984 4.1230657 5.0478199 5.5332719 4.8714623 0.0000000 2.4007232 
n266_237   1.4643206 1.8519664 1.4602038 1.8741394 1.3792288 1.8240690 1.8566667 2.0784472 1.6280452 1.9606885 1.9546495 1.4713804 2.2381108 1.0518669 0.2109384 1.6931340 1.9680051 1.8327899 1.0371587 1.4387993 1.7577721 1.7764466 1.4003169 2.4007232 0.0000000 
