26
n299_300   0.0000000 0.0134812 1.6350970 2.0464536 3.3350541 0.4149168 1.9899854 2.0413937 0.1571352 1.4831075 1.6568149 1.6115269 0.0342228 0.4143169 1.7672305 1.7478855 1.5473474 1.5557678 1.5347533 2.4051401 1.6671093 1.5945645 1.6005001 1.6314714 0.1045080 1.6410852 
n300_301   0.0134812 0.0000000 1.6731934 2.0094076 3.7053477 0.4153604 1.9486598 2.1025818 0.1614732 1.5147522 1.6962451 1.6483571 0.0378037 0.4273815 1.8118396 1.7916217 1.4734946 1.4810707 1.5685505 2.4082787 1.7065612 1.6309831 1.5433844 1.5501736 0.1125156 1.6793711 
n290_291   1.6350970 1.6731934 0.0000000 2.9160804 2.3869458 1.6655990 1.3649180 0.7284267 1.6841407 0.0664817 0.2009132 0.3751659 1.7046339 1.7646466 0.4048880 0.3992380 2.0832942 2.0451162 0.0665051 2.0106480 0.3924008 0.2055260 1.8272830 2.2920849 1.6928557 0.3808931 
n244_245   2.0464536 2.0094076 2.9160804 0.0000000 2.6887563 2.8787804 2.3047491 3.0084520 2.4526897 2.6846691 2.9799944 2.4591813 2.0599705 4.0001280 2.2391217 2.4543213 1.8956792 1.8652110 3.0072513 2.3727308 2.5819670 2.6657576 3.2095291 3.0648809 2.2874141 2.6756053 
n255_256   3.3350541 3.7053477 2.3869458 2.6887563 0.0000000 9.0000000 2.1772007 5.4066209 2.7842593 2.6907598 2.8279067 2.8297749 3.6783092 9.0000000 2.6721638 2.8701319 4.9378092 3.3930249 2.4036609 0.2931743 3.0699230 2.8182780 3.2482592 3.2566293 2.7127586 3.9937755 
n277_278   0.4149168 0.4153604 1.6655990 2.8787804 9.0000000 0.0000000 2.1683210 1.9476501 0.4528593 1.6623889 1.8016210 1.8038474 0.4092577 0.1004308 1.8120652 1.8583606 1.9231457 1.8517954 1.6756753 3.6659266 1.6335248 1.6499744 1.5548205 1.6251431 0.4344637 1.6084960 
n200_201   1.9899854 1.9486598 1.3649180 2.3047491 2.1772007 2.1683210 0.0000000 1.3328185 2.0661786 1.2863802 1.2878087 1.0131632 1.8713486 2.3299597 1.0693013 1.0557303 1.7402415 1.7723681 1.3087761 3.1880275 1.0374999 1.2870768 1.9194083 1.8382139 2.1747279 1.0080134 
n236_237   2.0413937 2.1025818 0.7284267 3.0084520 5.4066209 1.9476501 1.3328185 0.0000000 1.9056190 0.7286146 0.6794757 0.7126403 2.1041800 1.8372858 0.8009374 0.8115367 1.8225540 1.9329070 0.7384567 5.3865452 0.7479538 0.6730437 1.7954254 2.0919103 2.0008077 0.7273261 
n274_275   0.1571352 0.1614732 1.6841407 2.4526897 2.7842593 0.4528593 2.0661786 1.9056190 0.0000000 1.5694661 1.9247065 1.8036160 0.1744344 0.4453484 1.9684513 1.9778472 1.6714682 1.4941991 1.6547076 2.6819596 1.8059208 1.8409367 1.5655257 1.6206162 0.1403708 1.8475388 
n289_290   1.4831075 1.5147522 0.0664817 2.6846691 2.6907598 1.6623889 1.2863802 0.7286146 1.5694661 0.0000000 0.1831036 0.3636681 1.5370008 1.7320728 0.3924315 0.3868760 2.0332360 2.0809709 0.0628257 2.1029111 0.3807564 0.1965325 1.7281254 2.0418092 1.4790678 0.3749899 
n296_297   1.6568149 1.6962451 0.2009132 2.9799944 2.8279067 1.8016210 1.2878087 0.6794757 1.9247065 0.1831036 0.0000000 0.3246701 1.7555099 1.8935073 0.3628640 0.3631096 1.8493867 1.8959415 0.1702572 2.2045646 0.3621302 0.0520429 1.9661890 2.1687721 1.7898486 0.3507125 
n275_276   1.6115269 1.6483571 0.3751659 2.4591813 2.8297749 1.8038474 1.0131632 0.7126403 1.8036160 0.3636681 0.3246701 0.0000000 1.5570859 1.8724446 0.1209393 0.1210879 1.7580302 1.8635382 0.3475868 2.4636761 0.0894762 0.3360111 1.4051311 1.4142845 1.6442912 0.0856037 
n292_293   0.0342228 0.0378037 1.7046339 2.0599705 3.6783092 0.4092577 1.8713486 2.1041800 0.1744344 1.5370008 1.7555099 1.5570859 0.0000000 0.4206876 1.7023833 1.6841995 1.5483295 1.5567565 1.6504044 2.7211915 1.6367794 1.6858276 1.5531746 1.5801216 0.1124608 1.5846818 
n278_279   0.4143169 0.4273815 1.7646466 4.0001280 9.0000000 0.1004308 2.3299597 1.8372858 0.4453484 1.7320728 1.8935073 1.8724446 0.4206876 0.0000000 2.0353239 2.0952695 1.9327715 1.8190226 1.7735672 3.2077858 1.8081571 1.6935700 1.4184349 1.4950481 0.4145465 1.7780909 
n298_299   1.7672305 1.8118396 0.4048880 2.2391217 2.6721638 1.8120652 1.0693013 0.8009374 1.9684513 0.3924315 0.3628640 0.1209393 1.7023833 2.0353239 0.0000000 0.0413713 1.6440450 1.7415977 0.3757488 2.4743275 0.1413309 0.3748684 1.5292366 1.5113296 1.8479448 0.1371167 
n297_298   1.7478855 1.7916217 0.3992380 2.4543213 2.8701319 1.8583606 1.0557303 0.8115367 1.9778472 0.3868760 0.3631096 0.1210879 1.6841995 2.0952695 0.0413713 0.0000000 1.7789766 1.7816627 0.3703008 2.6628659 0.1415071 0.3751252 1.4856739 1.4684242 1.8270338 0.1290642 
n286_287   1.5473474 1.4734946 2.0832942 1.8956792 4.9378092 1.9231457 1.7402415 1.8225540 1.6714682 2.0332360 1.8493867 1.7580302 1.5483295 1.9327715 1.6440450 1.7789766 0.0000000 0.0663681 1.9993178 2.3154459 2.0706748 1.8495867 1.1036628 1.1851095 1.5730005 1.8677111 
n285_286   1.5557678 1.4810707 2.0451162 1.8652110 3.3930249 1.8517954 1.7723681 1.9329070 1.4941991 2.0809709 1.8959415 1.8635382 1.5567565 1.8190226 1.7415977 1.7816627 0.0663681 0.0000000 2.0370619 2.3606134 2.2884384 1.9761621 1.0730237 1.1856920 1.4734427 2.0391188 
n287_288   1.5347533 1.5685505 0.0665051 3.0072513 2.4036609 1.6756753 1.3087761 0.7384567 1.6547076 0.0628257 0.1702572 0.3475868 1.6504044 1.7735672 0.3757488 0.3703008 1.9993178 2.0370619 0.0000000 2.0589128 0.3759791 0.1746578 1.7312883 1.9983538 1.5818656 0.3586731 
n251_252   2.4051401 2.4082787 2.0106480 2.3727308 0.2931743 3.6659266 3.1880275 5.3865452 2.6819596 2.1029111 2.2045646 2.4636761 2.7211915 3.2077858 2.4743275 2.6628659 2.3154459 2.3606134 2.0589128 0.0000000 3.1226215 2.0690495 2.9149388 2.8745939 2.5124276 3.5430510 
n294_295   1.6671093 1.7065612 0.3924008 2.5819670 3.0699230 1.6335248 1.0374999 0.7479538 1.8059208 0.3807564 0.3621302 0.0894762 1.6367794 1.8081571 0.1413309 0.1415071 2.0706748 2.2884384 0.3759791 3.1226215 0.0000000 0.3745394 1.3885604 1.3906529 1.7021269 0.0378199 
n295_296   1.5945645 1.6309831 0.2055260 2.6657576 2.8182780 1.6499744 1.2870768 0.6730437 1.8409367 0.1965325 0.0520429 0.3360111 1.6858276 1.6935700 0.3748684 0.3751252 1.8495867 1.9761621 0.1746578 2.0690495 0.3745394 0.0000000 1.9243033 2.1106043 1.7174761 0.3514874 
n266_267   1.6005001 1.5433844 1.8272830 3.2095291 3.2482592 1.5548205 1.9194083 1.7954254 1.5655257 1.7281254 1.9661890 1.4051311 1.5531746 1.4184349 1.5292366 1.4856739 1.1036628 1.0730237 1.7312883 2.9149388 1.3885604 1.9243033 0.0000000 0.2008443 1.6045342 1.3603855 
n265_266   1.6314714 1.5501736 2.2920849 3.0648809 3.2566293 1.6251431 1.8382139 2.0919103 1.6206162 2.0418092 2.1687721 1.4142845 1.5801216 1.4950481 1.5113296 1.4684242 1.1851095 1.1856920 1.9983538 2.8745939 1.3906529 2.1106043 0.2008443 0.0000000 1.5787949 1.3311371 
n280_281   0.1045080 0.1125156 1.6928557 2.2874141 2.7127586 0.4344637 2.1747279 2.0008077 0.1403708 1.4790678 1.7898486 1.6442912 0.1124608 0.4145465 1.8479448 1.8270338 1.5730005 1.4734427 1.5818656 2.5124276 1.7021269 1.7174761 1.6045342 1.5787949 0.0000000 1.7103934 
n293_294   1.6410852 1.6793711 0.3808931 2.6756053 3.9937755 1.6084960 1.0080134 0.7273261 1.8475388 0.3749899 0.3507125 0.0856037 1.5846818 1.7780909 0.1371167 0.1290642 1.8677111 2.0391188 0.3586731 3.5430510 0.0378199 0.3514874 1.3603855 1.3311371 1.7103934 0.0000000 
