20
n292_293   0.0000000 0.3353785 0.3349995 0.2982534 0.3382621 0.2640287 0.2985208 0.0203084 0.3494345 0.3409104 0.0775054 0.3137819 0.4473862 0.3406380 0.2786216 0.3529292 0.2640156 0.0737335 0.0100673 0.2692350 
n287_288   0.3353785 0.0000000 0.0067030 0.0412763 0.4018788 0.3155413 0.0448545 0.3408469 0.3952477 0.1085062 0.3187902 0.0447871 0.4104278 0.0237623 0.3153751 0.1452724 0.3102337 0.3240128 0.3299409 0.3105561 
n290_291   0.3349995 0.0067030 0.0000000 0.0412366 0.4014066 0.3151866 0.0448102 0.3404607 0.3947851 0.1083971 0.3184331 0.0447439 0.4099412 0.0237396 0.3150209 0.1451231 0.3098859 0.3236489 0.3295690 0.3102077 
n294_295   0.2982534 0.0412763 0.0412366 0.0000000 0.3724114 0.2943351 0.0033418 0.3034387 0.3660684 0.0928692 0.2928819 0.0100658 0.3853947 0.0376991 0.2941883 0.1326780 0.2891886 0.2979269 0.2930878 0.2894891 
n251_252   0.3382621 0.4018788 0.4014066 0.3724114 0.0000000 0.3903659 0.3784248 0.3551472 0.0449548 0.3785469 0.3712302 0.3715973 0.2214523 0.3959041 0.4025594 0.4013781 0.3903362 0.3590054 0.3495040 0.3793020 
n286_287   0.2640287 0.3155413 0.3151866 0.2943351 0.3903659 0.0000000 0.2996781 0.2642116 0.4081451 0.3258528 0.2633806 0.2991753 0.4688026 0.3098624 0.0855832 0.3211029 0.0067033 0.2682383 0.2590856 0.0819244 
n275_276   0.2985208 0.0448545 0.0448102 0.0033418 0.3784248 0.2996781 0.0000000 0.3037117 0.3720211 0.0967545 0.2931435 0.0134611 0.3794918 0.0412522 0.2995265 0.1368266 0.2944901 0.2981939 0.2933497 0.2947963 
n274_275   0.0203084 0.3408469 0.3404607 0.3034387 0.3551472 0.2642116 0.3037117 0.0000000 0.3609593 0.3464266 0.0812402 0.3190831 0.4474246 0.3461460 0.2788189 0.3585530 0.2641984 0.0774464 0.0168792 0.2694232 
n255_256   0.3494345 0.3952477 0.3947851 0.3660684 0.0449548 0.4081451 0.3720211 0.3609593 0.0000000 0.3836039 0.3884965 0.3652717 0.2452502 0.3893309 0.4206424 0.4006369 0.4081123 0.3759500 0.3552662 0.3968249 
n236_237   0.3409104 0.1085062 0.1083971 0.0928692 0.3785469 0.3258528 0.0967545 0.3464266 0.3836039 0.0000000 0.3293105 0.0966068 0.3918521 0.1006446 0.3262481 0.1535736 0.3204699 0.3346086 0.3354272 0.3160696 
n278_279   0.0775054 0.3187902 0.3184331 0.2928819 0.3712302 0.2633806 0.2931435 0.0812402 0.3884965 0.3293105 0.0000000 0.2976953 0.4594081 0.3239320 0.2827758 0.3190656 0.2633676 0.0202332 0.0737766 0.2733630 
n297_298   0.3137819 0.0447871 0.0447439 0.0100658 0.3715973 0.2991753 0.0134611 0.3190831 0.3652717 0.0966068 0.2976953 0.0000000 0.4031089 0.0411912 0.2990243 0.1366134 0.2939971 0.3027697 0.3085046 0.2943024 
n244_245   0.4473862 0.4104278 0.4099412 0.3853947 0.2214523 0.4688026 0.3794918 0.4474246 0.2452502 0.3918521 0.4594081 0.4031089 0.0000000 0.4101031 0.4159037 0.4291194 0.4687574 0.4584981 0.4409839 0.4043662 
n296_297   0.3406380 0.0237623 0.0237396 0.0376991 0.3959041 0.3098624 0.0412522 0.3461460 0.3893309 0.1006446 0.3239320 0.0411912 0.4101031 0.0000000 0.3097016 0.1367864 0.3046020 0.3291893 0.3351628 0.3049184 
n266_267   0.2786216 0.3153751 0.3150209 0.2941883 0.4025594 0.0855832 0.2995265 0.2788189 0.4206424 0.3262481 0.2827758 0.2990243 0.4159037 0.3097016 0.0000000 0.2943815 0.0779817 0.2877542 0.2735830 0.0169351 
n200_201   0.3529292 0.1452724 0.1451231 0.1326780 0.4013781 0.3211029 0.1368266 0.3585530 0.4006369 0.1535736 0.3190656 0.1366134 0.4291194 0.1367864 0.2943815 0.0000000 0.3102384 0.3353122 0.3473432 0.2791699 
n285_286   0.2640156 0.3102337 0.3098859 0.2891886 0.3903362 0.0067033 0.2944901 0.2641984 0.4081123 0.3204699 0.2633676 0.2939971 0.4687574 0.3046020 0.0779817 0.3102384 0.0000000 0.2682248 0.2590730 0.0819225 
n277_278   0.0737335 0.3240128 0.3236489 0.2979269 0.3590054 0.2682383 0.2981939 0.0774464 0.3759500 0.3346086 0.0202332 0.3027697 0.4584981 0.3291893 0.2877542 0.3353122 0.2682248 0.0000000 0.0700281 0.2782868 
n280_281   0.0100673 0.3299409 0.3295690 0.2930878 0.3495040 0.2590856 0.2933497 0.0168792 0.3552662 0.3354272 0.0737766 0.3085046 0.4409839 0.3351628 0.2735830 0.3473432 0.2590730 0.0700281 0.0000000 0.2642533 
n265_266   0.2692350 0.3105561 0.3102077 0.2894891 0.3793020 0.0819244 0.2947963 0.2694232 0.3968249 0.3160696 0.2733630 0.2943024 0.4043662 0.3049184 0.0169351 0.2791699 0.0819225 0.2782868 0.2642533 0.0000000 
