32
n296_329   0.0000000 0.2623763 0.4433933 0.2976507 0.0100673 0.2783396 0.0306789 0.2572573 0.2522664 0.0168833 0.0033353 0.4434273 0.2627450 0.0306889 0.2683405 0.0272083 0.0168778 0.2786218 0.1423653 0.0666485 0.2416954 0.3088602 0.3920945 0.3088946 0.2732162 0.2836235 0.2627450 0.2416196 0.0341277 0.0271921 0.2578778 0.3029015 
n299_334   0.2623763 0.0000000 0.4358523 0.3388015 0.2678414 0.1857459 0.2626858 0.0203932 0.0861292 0.2784069 0.2624707 0.4474058 0.0169142 0.2716833 0.1770045 0.2675888 0.2782679 0.1947471 0.3170295 0.2778243 0.1545195 0.3442467 0.4022774 0.3442799 0.1770368 0.1902960 0.0033432 0.1462299 0.2822984 0.2664616 0.0822431 0.3331792 
n244_259   0.4433933 0.4358523 0.0000000 0.4581666 0.4368366 0.3917273 0.4439865 0.4219845 0.4272428 0.4506235 0.4435742 0.3447091 0.4355759 0.4370239 0.3856432 0.4441649 0.4438128 0.3982123 0.3985495 0.4160749 0.3785369 0.4442437 0.3112495 0.4372084 0.3800063 0.3858822 0.4292074 0.3610369 0.4563688 0.4302579 0.4485233 0.4514765 
n265_286   0.2976507 0.3388015 0.4581666 0.0000000 0.3034411 0.3115621 0.3030790 0.3268489 0.3158828 0.3034411 0.2977601 0.4155832 0.3269441 0.2866057 0.3061373 0.2979312 0.3037186 0.3118842 0.3049574 0.3081832 0.2936648 0.1769550 0.3722375 0.1768011 0.3061066 0.3171433 0.3330410 0.2987170 0.2923911 0.2920004 0.3277109 0.0101059 
n290_321   0.0100673 0.2678414 0.4368366 0.3034411 0.0000000 0.2839701 0.0342241 0.2626736 0.2576359 0.0066924 0.0134613 0.4508453 0.2682197 0.0342353 0.2738798 0.0307314 0.0066902 0.2842592 0.1467733 0.0704485 0.2469545 0.3147706 0.3989184 0.3148050 0.2787964 0.2893069 0.2682197 0.2468768 0.0376912 0.0307131 0.2583633 0.3087430 
n300_333   0.2783396 0.1857459 0.3917273 0.3115621 0.2839701 0.0000000 0.2736126 0.1720662 0.1723192 0.2948357 0.2784411 0.3843285 0.1812181 0.2937650 0.0134984 0.2786030 0.2836992 0.0067104 0.2738496 0.2832014 0.0857301 0.3331115 0.3606145 0.3277802 0.0169406 0.0033471 0.1812181 0.0858709 0.2828141 0.2883394 0.1678723 0.3061496 
n294_327   0.0306789 0.2626858 0.4439865 0.3030790 0.0342241 0.2736126 0.0000000 0.2575596 0.2525618 0.0413347 0.0341887 0.4374574 0.2630554 0.0307358 0.2636681 0.0033381 0.0413206 0.2738897 0.1467066 0.0704354 0.2419755 0.3090463 0.3865140 0.3090807 0.2735417 0.2788637 0.2630554 0.2418996 0.0237493 0.0272337 0.2581817 0.3083720 
n274_299   0.2572573 0.0203932 0.4219845 0.3268489 0.2626736 0.1720662 0.2575596 0.0000000 0.0745504 0.2731512 0.2573495 0.4402392 0.0238426 0.2716039 0.1635078 0.2624273 0.2730158 0.1808681 0.3000778 0.2674628 0.1415680 0.3321975 0.4017959 0.3322313 0.1635396 0.1765108 0.0169430 0.1334411 0.2770308 0.2663834 0.0746152 0.3213312 
n277_304   0.2522664 0.0861292 0.4272428 0.3158828 0.2576359 0.1723192 0.2525618 0.0745504 0.0000000 0.2680289 0.2523566 0.4208005 0.0822717 0.2720710 0.1637468 0.2573956 0.2678970 0.1811358 0.2839882 0.2477731 0.1501292 0.3266162 0.3957607 0.3266503 0.1679767 0.1767712 0.0822717 0.1418958 0.2620728 0.2668401 0.0272912 0.3104522 
n287_318   0.0168833 0.2784069 0.4506235 0.3034411 0.0066924 0.2948357 0.0413347 0.2731512 0.2680289 0.0000000 0.0203191 0.4649401 0.2788034 0.0413485 0.2845820 0.0378028 0.0134642 0.2951377 0.1554362 0.0780147 0.2571484 0.3261375 0.4119386 0.3261715 0.2895712 0.3002683 0.2788034 0.2570668 0.0448321 0.0377792 0.2687951 0.3087430 
n295_328   0.0033353 0.2624707 0.4435742 0.2977601 0.0134613 0.2784411 0.0341887 0.2573495 0.2523566 0.0203191 0.0000000 0.4371555 0.2628397 0.0341999 0.2684377 0.0306996 0.0203125 0.2787235 0.1424124 0.0703735 0.2418571 0.3089747 0.3862474 0.3090092 0.2733154 0.2837272 0.2628397 0.2417051 0.0376521 0.0306814 0.2579705 0.3030131 
n251_266   0.4434273 0.4474058 0.3447091 0.4155832 0.4508453 0.3843285 0.4374574 0.4402392 0.4208005 0.4649401 0.4371555 0.0000000 0.4472709 0.4430155 0.3782586 0.4437043 0.4579784 0.3907946 0.4020865 0.4426774 0.4151985 0.4531817 0.0452203 0.4460275 0.3785303 0.3906098 0.4405996 0.4023898 0.4558875 0.4361978 0.4406349 0.4219030 
n280_309   0.2627450 0.0169142 0.4355759 0.3269441 0.2682197 0.1812181 0.2630554 0.0238426 0.0822717 0.2788034 0.2628397 0.4472709 0.0000000 0.2772154 0.1725350 0.2679664 0.2786640 0.1901556 0.3114506 0.2782191 0.1586934 0.3322937 0.4021598 0.3323275 0.1725672 0.1857343 0.0134907 0.1503593 0.2827001 0.2719425 0.0784120 0.3214253 
n297_330   0.0306889 0.2716833 0.4370239 0.2866057 0.0342353 0.2937650 0.0307358 0.2716039 0.2720710 0.0413485 0.0341999 0.4430155 0.2772154 0.0000000 0.2835575 0.0272586 0.0413344 0.2940648 0.1591672 0.0740799 0.2611496 0.2975965 0.3917573 0.2976310 0.2936846 0.2991720 0.2720666 0.2610668 0.0341912 0.0033338 0.2778929 0.2917635 
n280_307   0.2683405 0.1770045 0.3856432 0.3061373 0.2738798 0.0134984 0.2636681 0.1635078 0.1637468 0.2845820 0.2684377 0.3782586 0.1725350 0.2835575 0.0000000 0.2685945 0.2736198 0.0203567 0.2638981 0.2731458 0.0820988 0.3222998 0.3547449 0.3223341 0.0169384 0.0169222 0.1725350 0.0783205 0.2833752 0.2782128 0.1681743 0.3007674 
n293_326   0.0272083 0.2675888 0.4441649 0.2979312 0.0307314 0.2786030 0.0033381 0.2624273 0.2573956 0.0378028 0.0306996 0.4437043 0.2679664 0.0272586 0.2685945 0.0000000 0.0377900 0.2788857 0.1508633 0.0704600 0.2467274 0.3038470 0.3923461 0.3038816 0.2785298 0.2838920 0.2679664 0.2466498 0.0203107 0.0237756 0.2630646 0.3031869 
n289_320   0.0168778 0.2782679 0.4438128 0.3037186 0.0066902 0.2836992 0.0413206 0.2730158 0.2678970 0.0134642 0.0203125 0.4579784 0.2786640 0.0413344 0.2736198 0.0377900 0.0000000 0.2839877 0.1466441 0.0779865 0.2520943 0.3150597 0.4055035 0.3150941 0.2785312 0.2890300 0.2786640 0.2520146 0.0412627 0.0377666 0.2686624 0.3090257 
n292_323   0.2786218 0.1947471 0.3982123 0.3118842 0.2842592 0.0067104 0.2738897 0.1808681 0.1811358 0.2951377 0.2787235 0.3907946 0.1901556 0.2940648 0.0203567 0.2788857 0.2839877 0.0000000 0.2741271 0.2834889 0.0894765 0.3280873 0.3668536 0.3227855 0.0238451 0.0100946 0.1901556 0.0896239 0.2831009 0.2886328 0.1766281 0.3064653 
n200_207   0.1423653 0.3170295 0.3985495 0.3049574 0.1467733 0.2738496 0.1467066 0.3000778 0.2839882 0.1554362 0.1424124 0.4020865 0.3114506 0.1591672 0.2638981 0.1508633 0.1466441 0.2741271 0.0000000 0.1593538 0.2630251 0.3205638 0.3820272 0.3205981 0.2632753 0.2791045 0.3114506 0.2580792 0.1548592 0.1548070 0.3061575 0.3102880 
n236_251   0.0666485 0.2778243 0.4160749 0.3081832 0.0704485 0.2832014 0.0704354 0.2674628 0.2477731 0.0780147 0.0703735 0.4426774 0.2782191 0.0740799 0.2731458 0.0704600 0.0779865 0.2834889 0.1593538 0.0000000 0.2564347 0.3358323 0.3914662 0.3358658 0.2780460 0.2833049 0.2782191 0.2563536 0.0703811 0.0703165 0.2582921 0.3135126 
n277_302   0.2416954 0.1545195 0.3785369 0.2936648 0.2469545 0.0857301 0.2419755 0.1415680 0.1501292 0.2571484 0.2418571 0.4151985 0.1586934 0.2611496 0.0820988 0.2467274 0.2520943 0.0894765 0.2630251 0.2564347 0.0000000 0.3201618 0.3778143 0.3201960 0.0858695 0.0895862 0.1502251 0.0169136 0.2555842 0.2560195 0.1499754 0.2884173 
n286_317   0.3088602 0.3442467 0.4442437 0.1769550 0.3147706 0.3331115 0.3090463 0.3321975 0.3266162 0.3261375 0.3089747 0.4531817 0.3322937 0.2975965 0.3222998 0.3038470 0.3150597 0.3280873 0.3205638 0.3358323 0.3201618 0.0000000 0.4009317 0.0066873 0.3274832 0.3333467 0.3384419 0.3148094 0.3035186 0.3030941 0.3386515 0.1725566 
n255_272   0.3920945 0.4022774 0.3112495 0.3722375 0.3989184 0.3606145 0.3865140 0.4017959 0.3957607 0.4119386 0.3862474 0.0452203 0.4021598 0.3917573 0.3547449 0.3923461 0.4055035 0.3668536 0.3820272 0.3914662 0.3778143 0.4009317 0.0000000 0.3943342 0.3550004 0.3666772 0.3959022 0.3656865 0.4037226 0.3854435 0.4148738 0.3781769 
n285_316   0.3088946 0.3442799 0.4372084 0.1768011 0.3148050 0.3277802 0.3090807 0.3322313 0.3266503 0.3261715 0.3090092 0.4460275 0.3323275 0.2976310 0.3223341 0.3038816 0.3150941 0.3227855 0.3205981 0.3358658 0.3201960 0.0066873 0.3943342 0.0000000 0.3221938 0.3280111 0.3384754 0.3148438 0.3035531 0.3031287 0.3386851 0.1724071 
n274_297   0.2732162 0.1770368 0.3800063 0.3061066 0.2787964 0.0169406 0.2735417 0.1635396 0.1679767 0.2895712 0.2733154 0.3785303 0.1725672 0.2936846 0.0169384 0.2785298 0.2785312 0.0238451 0.2632753 0.2780460 0.0858695 0.3274832 0.3550004 0.3221938 0.0000000 0.0203882 0.1725672 0.0820723 0.2882907 0.2882617 0.1724320 0.3007382 
n299_332   0.2836235 0.1902960 0.3858822 0.3171433 0.2893069 0.0033471 0.2788637 0.1765108 0.1767712 0.3002683 0.2837272 0.3906098 0.1857343 0.2991720 0.0169222 0.2838920 0.2890300 0.0100946 0.2791045 0.2833049 0.0895862 0.3333467 0.3666772 0.3280111 0.0203882 0.0000000 0.1857343 0.0897340 0.2881240 0.2936990 0.1722921 0.3116845 
n292_325   0.2627450 0.0033432 0.4292074 0.3330410 0.2682197 0.1812181 0.2630554 0.0169430 0.0822717 0.2788034 0.2628397 0.4405996 0.0134907 0.2720666 0.1725350 0.2679664 0.2786640 0.1901556 0.3114506 0.2782191 0.1502251 0.3384419 0.3959022 0.3384754 0.1725672 0.1857343 0.0000000 0.1419872 0.2827001 0.2668360 0.0784120 0.3274669 
n278_303   0.2416196 0.1462299 0.3610369 0.2987170 0.2468768 0.0858709 0.2418996 0.1334411 0.1418958 0.2570668 0.2417051 0.4023898 0.1503593 0.2610668 0.0783205 0.2466498 0.2520146 0.0896239 0.2580792 0.2563536 0.0169136 0.3148094 0.3656865 0.3148438 0.0820723 0.0897340 0.1419872 0.0000000 0.2609007 0.2559386 0.1461499 0.2934339 
n275_300   0.0341277 0.2822984 0.4563688 0.2923911 0.0376912 0.2828141 0.0237493 0.2770308 0.2620728 0.0448321 0.0376521 0.4558875 0.2827001 0.0341912 0.2833752 0.0203107 0.0412627 0.2831009 0.1548592 0.0703811 0.2555842 0.3035186 0.4037226 0.3035531 0.2882907 0.2881240 0.2827001 0.2609007 0.0000000 0.0306736 0.2574411 0.2976022 
n298_331   0.0271921 0.2664616 0.4302579 0.2920004 0.0307131 0.2883394 0.0272337 0.2663834 0.2668401 0.0377792 0.0306814 0.4361978 0.2719425 0.0033338 0.2782128 0.0237756 0.0377666 0.2886328 0.1548070 0.0703165 0.2560195 0.3030941 0.3854435 0.3031287 0.2882617 0.2936990 0.2668360 0.2559386 0.0306736 0.0000000 0.2726018 0.2972018 
n278_305   0.2578778 0.0822431 0.4485233 0.3277109 0.2583633 0.1678723 0.2581817 0.0746152 0.0272912 0.2687951 0.2579705 0.4406349 0.0784120 0.2778929 0.1681743 0.2630646 0.2686624 0.1766281 0.3061575 0.2582921 0.1499754 0.3386515 0.4148738 0.3386851 0.1724320 0.1722921 0.0784120 0.1461499 0.2574411 0.2726018 0.0000000 0.3221730 
n266_287   0.3029015 0.3331792 0.4514765 0.0101059 0.3087430 0.3061496 0.3083720 0.3213312 0.3104522 0.3087430 0.3030131 0.4219030 0.3214253 0.2917635 0.3007674 0.3031869 0.3090257 0.3064653 0.3102880 0.3135126 0.2884173 0.1725566 0.3781769 0.1724071 0.3007382 0.3116845 0.3274669 0.2934339 0.2976022 0.2972018 0.3221730 0.0000000 
