26
n299_300   0.0000000 0.0169026 1.9669560 8.9999983 3.6630102 0.5262087 2.0522341 1.9493628 0.1049971 2.0603634 1.7685277 1.9886102 0.0596537 0.4975112 1.9027805 2.0682477 1.8346537 1.9398617 2.1032903 3.9914357 2.1651219 1.8744177 2.2490905 2.1723189 0.0857946 2.1253456 
n300_301   0.0169026 0.0000000 1.9222867 9.0000000 3.4624522 0.5100592 1.9601898 1.9473745 0.1010262 2.0117266 1.7619255 1.9848171 0.0522189 0.4820235 1.8598669 2.0643856 1.7886755 1.8888666 2.0524755 4.0970901 2.1611839 1.8672042 2.0927713 2.1169187 0.0742974 2.1214028 
n290_291   1.9669560 1.9222867 0.0000000 5.0203114 2.5263203 1.6993973 1.2715903 0.7487107 1.7768827 0.0411471 0.1455766 0.3591194 2.0192758 1.9067047 0.3685599 0.3689479 1.9146205 1.8228066 0.0271638 4.3000037 0.3896329 0.1374960 1.6845722 1.7498255 2.0092380 0.3646183 
n244_245   8.9999983 9.0000000 5.0203114 0.0000000 2.3428399 9.0000000 3.0138331 7.7263213 8.9999989 5.2669500 3.6121783 8.9999982 5.7287032 7.1820441 4.7245598 8.9999989 6.4753155 5.7555978 4.5789924 2.2758735 5.7524402 3.8800166 3.1473242 3.0887035 8.9999990 8.9999987 
n255_256   3.6630102 3.4624522 2.5263203 2.3428399 0.0000000 3.4586867 4.9792572 3.7098043 3.5016472 2.5568516 2.8813810 3.8496517 3.5195664 3.9387300 4.3137672 4.4978506 9.0000000 6.2477000 2.6325270 0.3107113 4.9961714 2.8350923 4.1950367 4.5450443 3.7617894 4.9526171 
n277_278   0.5262087 0.5100592 1.6993973 9.0000000 3.4586867 0.0000000 1.7838652 2.0440312 0.5188839 1.7418384 1.6461486 1.7955605 0.5332426 0.1008919 1.5756999 1.6335534 1.6731742 1.6674074 1.7614731 3.1528170 1.7845415 1.7386160 1.9708949 2.0960510 0.5325557 1.7516874 
n200_201   2.0522341 1.9601898 1.2715903 3.0138331 4.9792572 1.7838652 0.0000000 1.1574159 2.0349865 1.2945066 1.3252510 1.4873970 1.8481765 2.1205824 1.4532500 1.4107499 1.5969591 1.5813104 1.2521609 9.0000000 1.4486353 1.3728597 1.8442659 1.8462246 2.0470098 1.4879454 
n236_237   1.9493628 1.9473745 0.7487107 7.7263213 3.7098043 2.0440312 1.1574159 0.0000000 2.0883908 0.7628812 0.7209077 0.8250801 2.1326657 2.3295176 0.8200998 0.8119973 1.8697972 1.8241335 0.7614184 9.0000000 0.8281792 0.7321389 2.1638368 2.1518887 2.0996345 0.8459206 
n274_275   0.1049971 0.1010262 1.7768827 8.9999989 3.5016472 0.5188839 2.0349865 2.0883908 0.0000000 1.8887584 1.7258939 1.9399260 0.1213691 0.5191276 1.9263063 2.0544822 1.7275372 1.8272625 1.9244242 3.9769546 2.1142694 1.8275802 2.2549712 2.1155408 0.1012581 2.0348910 
n289_290   2.0603634 2.0117266 0.0411471 5.2669500 2.5568516 1.7418384 1.2945066 0.7628812 1.8887584 0.0000000 0.1626437 0.3835593 2.1178747 1.9577928 0.3876545 0.3880678 1.9643024 1.8680433 0.0341479 4.6143880 0.4094844 0.1459885 1.7895681 1.8140919 2.1086756 0.3955711 
n296_297   1.7685277 1.7619255 0.1455766 3.6121783 2.8813810 1.6461486 1.3252510 0.7209077 1.7258939 0.1626437 0.0000000 0.3486175 1.8392152 1.8776797 0.3821797 0.3952521 1.7481069 1.7255865 0.1499194 5.4499648 0.4159890 0.0377422 1.6061172 1.5311613 1.8689931 0.3963569 
n275_276   1.9886102 1.9848171 0.3591194 8.9999982 3.8496517 1.7955605 1.4873970 0.8250801 1.9399260 0.3835593 0.3486175 0.0000000 2.0417494 1.8307563 0.1421645 0.1299579 2.0314449 1.8516213 0.3720135 9.0000000 0.1387847 0.3442193 2.1236917 2.1487489 2.1638449 0.1259150 
n292_293   0.0596537 0.0522189 2.0192758 5.7287032 3.5195664 0.5332426 1.8481765 2.1326657 0.1213691 2.1178747 1.8392152 2.0417494 0.0000000 0.5042781 1.9094847 2.0765140 1.9525198 2.0724443 2.1636965 4.4109056 2.1298115 1.9515517 2.0233441 2.1318461 0.0937171 2.0909757 
n278_279   0.4975112 0.4820235 1.9067047 7.1820441 3.9387300 0.1008919 2.1205824 2.3295176 0.5191276 1.9577928 1.8776797 1.8307563 0.5042781 0.0000000 1.5730597 1.6853442 1.8827706 1.8779093 1.9461588 4.0084760 1.7296194 1.9175487 2.2247857 2.2715925 0.5036992 1.7197186 
n298_299   1.9027805 1.8598669 0.3685599 4.7245598 4.3137672 1.5756999 1.4532500 0.8200998 1.9263063 0.3876545 0.3821797 0.1421645 1.9094847 1.5730597 0.0000000 0.0378516 2.1749813 1.9725103 0.3815951 9.0000000 0.1467282 0.3649657 2.1952314 2.1380274 2.1117799 0.1254664 
n297_298   2.0682477 2.0643856 0.3689479 8.9999989 4.4978506 1.6335534 1.4107499 0.8119973 2.0544822 0.3880678 0.3952521 0.1299579 2.0765140 1.6853442 0.0378516 0.0000000 2.5245879 2.2562427 0.3820005 9.0000000 0.1382954 0.3776972 2.1624280 2.0517681 2.3186215 0.1253728 
n286_287   1.8346537 1.7886755 1.9146205 6.4753155 9.0000000 1.6731742 1.5969591 1.8697972 1.7275372 1.9643024 1.7481069 2.0314449 1.9525198 1.8827706 2.1749813 2.5245879 0.0000000 0.0599166 2.0073095 4.4855743 2.3842398 1.8948646 1.0993306 1.0236905 1.7928396 2.5360728 
n285_286   1.9398617 1.8888666 1.8228066 5.7555978 6.2477000 1.6674074 1.5813104 1.8241335 1.8272625 1.8680433 1.7255865 1.8516213 2.0724443 1.8779093 1.9725103 2.2562427 0.0599166 0.0000000 1.9067789 4.2714300 2.1348642 1.8686220 1.0649403 1.0219315 1.9332093 2.1515816 
n287_288   2.1032903 2.0524755 0.0271638 4.5789924 2.6325270 1.7614731 1.2521609 0.7614184 1.9244242 0.0341479 0.1499194 0.3720135 2.1636965 1.9461588 0.3815951 0.3820005 2.0073095 1.9067789 0.0000000 5.0579710 0.3911348 0.1417852 1.7252634 1.7850488 2.1987612 0.3776178 
n251_252   3.9914357 4.0970901 4.3000037 2.2758735 0.3107113 3.1528170 9.0000000 9.0000000 3.9769546 4.6143880 5.4499648 9.0000000 4.4109056 4.0084760 9.0000000 9.0000000 4.4855743 4.2714300 5.0579710 0.0000000 9.0000000 6.1967880 9.0000000 9.0000000 4.6526124 9.0000000 
n294_295   2.1651219 2.1611839 0.3896329 5.7524402 4.9961714 1.7845415 1.4486353 0.8281792 2.1142694 0.4094844 0.4159890 0.1387847 2.1298115 1.7296194 0.1467282 0.1382954 2.3842398 2.1348642 0.3911348 9.0000000 0.0000000 0.4044073 2.0412697 2.3085795 2.2624766 0.0486706 
n295_296   1.8744177 1.8672042 0.1374960 3.8800166 2.8350923 1.7386160 1.3728597 0.7321389 1.8275802 0.1459885 0.0377422 0.3442193 1.9515517 1.9175487 0.3649657 0.3776972 1.8948646 1.8686220 0.1417852 6.1967880 0.4044073 0.0000000 1.5911502 1.4678510 1.9866432 0.3850829 
n266_267   2.2490905 2.0927713 1.6845722 3.1473242 4.1950367 1.9708949 1.8442659 2.1638368 2.2549712 1.7895681 1.6061172 2.1236917 2.0233441 2.2247857 2.1952314 2.1624280 1.0993306 1.0649403 1.7252634 9.0000000 2.0412697 1.5911502 0.0000000 0.1989335 2.1729810 2.0361160 
n265_266   2.1723189 2.1169187 1.7498255 3.0887035 4.5450443 2.0960510 1.8462246 2.1518887 2.1155408 1.8140919 1.5311613 2.1487489 2.1318461 2.2715925 2.1380274 2.0517681 1.0236905 1.0219315 1.7850488 9.0000000 2.3085795 1.4678510 0.1989335 0.0000000 2.0470242 2.1953957 
n280_281   0.0857946 0.0742974 2.0092380 8.9999990 3.7617894 0.5325557 2.0470098 2.0996345 0.1012581 2.1086756 1.8689931 2.1638449 0.0937171 0.5036992 2.1117799 2.3186215 1.7928396 1.9332093 2.1987612 4.6526124 2.2624766 1.9866432 2.1729810 2.0470242 0.0000000 2.1729163 
n293_294   2.1253456 2.1214028 0.3646183 8.9999987 4.9526171 1.7516874 1.4879454 0.8459206 2.0348910 0.3955711 0.3963569 0.1259150 2.0909757 1.7197186 0.1254664 0.1253728 2.5360728 2.1515816 0.3776178 9.0000000 0.0486706 0.3850829 2.0361160 2.1953957 2.1729163 0.0000000 
