24
n265_298   0.0000000 0.1768903 0.3206151 0.0308213 0.2630044 0.2770232 0.2933800 0.4369628 0.2929382 0.2937818 0.2427300 0.2529355 0.2732240 0.4303473 0.2929237 0.4364306 0.2531094 0.3209035 0.2529717 0.2987282 0.2884105 0.2881563 0.2877231 0.4433012 
n286_319   0.1768903 0.0000000 0.2992610 0.1770556 0.2439398 0.2674414 0.2831700 0.4184450 0.2827449 0.2835568 0.2142401 0.2341313 0.2538926 0.4055531 0.2827314 0.4240996 0.2292623 0.2991299 0.2287234 0.2884395 0.2949674 0.2780205 0.2776039 0.4238926 
n297_330   0.3206151 0.2992610 0.0000000 0.3490913 0.2744882 0.0558749 0.0343234 0.4237363 0.0632188 0.1135421 0.2529195 0.2642136 0.2849182 0.3670861 0.0632178 0.3790001 0.2591136 0.0100845 0.2633388 0.0378645 0.1636960 0.0308101 0.0595444 0.4436730 
n266_299   0.0308213 0.1770556 0.3490913 0.0000000 0.2579717 0.3035851 0.3206704 0.4578223 0.3201820 0.3159473 0.2378547 0.2479793 0.2681129 0.4579181 0.3201645 0.4642475 0.2481495 0.3494080 0.2528743 0.3262482 0.3215469 0.3152297 0.3147505 0.4714152 
n292_325   0.2630044 0.2439398 0.2744882 0.2579717 0.0000000 0.2431636 0.2534944 0.4807228 0.2478463 0.2692831 0.0632683 0.0067186 0.0067188 0.4257210 0.2478359 0.4255689 0.0101069 0.2743699 0.0707079 0.2585432 0.2641895 0.2485530 0.2429559 0.4731054 
n296_329   0.2770232 0.2674414 0.0558749 0.3035851 0.2431636 0.0000000 0.0343052 0.3737985 0.0203324 0.0898221 0.2181029 0.2333905 0.2530800 0.3492355 0.0203322 0.3670698 0.2285390 0.0522622 0.2279193 0.0378443 0.1506633 0.0307937 0.0169001 0.4109273 
n293_326   0.2933800 0.2831700 0.0343234 0.3206704 0.2534944 0.0343052 0.0000000 0.3920144 0.0413956 0.0898402 0.2279829 0.2435561 0.2635799 0.3432656 0.0413951 0.3609267 0.2386227 0.0308221 0.2379730 0.0169131 0.1463490 0.0033456 0.0378457 0.4107731 
n244_275   0.4369628 0.4184450 0.4237363 0.4578223 0.4807228 0.3737985 0.3920144 0.0000000 0.3923696 0.3670871 0.4311972 0.4667853 0.4949145 0.3604530 0.3923425 0.3660693 0.4598775 0.4235296 0.4515276 0.3976838 0.3988349 0.3859619 0.3863092 0.2182633 
n287_320   0.2929382 0.2827449 0.0632188 0.3201820 0.2478463 0.0203324 0.0413956 0.3923696 0.0000000 0.0936175 0.2275949 0.2431372 0.2578253 0.3602365 0.0066987 0.3725642 0.2382133 0.0595679 0.2375646 0.0449755 0.1504459 0.0378457 0.0033408 0.4304558 
n236_267   0.2937818 0.2835568 0.1135421 0.3159473 0.2692831 0.0898221 0.0898402 0.3670871 0.0936175 0.0000000 0.2479005 0.2640423 0.2796299 0.3259541 0.0936157 0.3431625 0.2589458 0.1096062 0.2582337 0.0937216 0.1595267 0.0860043 0.0897629 0.3905641 
n277_310   0.2427300 0.2142401 0.2529195 0.2378547 0.0632683 0.2181029 0.2279829 0.4311972 0.2275949 0.2479005 0.0000000 0.0559155 0.0707086 0.3989976 0.2275861 0.3985325 0.0522669 0.2528127 0.0134856 0.2328215 0.2738966 0.2232407 0.2228615 0.4193561 
n280_313   0.2529355 0.2341313 0.2642136 0.2479793 0.0067186 0.2333905 0.2435561 0.4667853 0.2431372 0.2640423 0.0559155 0.0000000 0.0135103 0.4196931 0.2431272 0.4318996 0.0033508 0.2641007 0.0632683 0.2485282 0.2593569 0.2386873 0.2382777 0.4593281 
n300_333   0.2732240 0.2538926 0.2849182 0.2681129 0.0067188 0.2530800 0.2635799 0.4949145 0.2578253 0.2796299 0.0707086 0.0135103 0.0000000 0.4388086 0.2578141 0.4386507 0.0169370 0.2847944 0.0782369 0.2687074 0.2744568 0.2585642 0.2528620 0.4871323 
n251_284   0.4303473 0.4055531 0.3670861 0.4579181 0.4257210 0.3492355 0.3432656 0.3604530 0.3602365 0.3259541 0.3989976 0.4196931 0.4388086 0.0000000 0.3602140 0.0412560 0.4132454 0.3788239 0.4183519 0.3493651 0.3330258 0.3376394 0.3544731 0.3491490 
n289_322   0.2929237 0.2827314 0.0632178 0.3201645 0.2478359 0.0203322 0.0413951 0.3923425 0.0066987 0.0936157 0.2275861 0.2431272 0.2578141 0.3602140 0.0000000 0.3846148 0.2382036 0.0595671 0.2375551 0.0449749 0.1504419 0.0378452 0.0033408 0.4177761 
n255_288   0.4364306 0.4240996 0.3790001 0.4642475 0.4255689 0.3670698 0.3609267 0.3660693 0.3725642 0.3431625 0.3985325 0.4318996 0.4386507 0.0412560 0.3846148 0.0000000 0.4253430 0.3909418 0.4178612 0.3672075 0.3680982 0.3551505 0.3786639 0.3608412 
n274_307   0.2531094 0.2292623 0.2591136 0.2481495 0.0101069 0.2285390 0.2386227 0.4598775 0.2382133 0.2589458 0.0522669 0.0033508 0.0169370 0.4132454 0.2382036 0.4253430 0.0000000 0.2590033 0.0595765 0.2435567 0.2644985 0.2337899 0.2333896 0.4524992 
n298_331   0.3209035 0.2991299 0.0100845 0.3494080 0.2743699 0.0522622 0.0308221 0.4235296 0.0595679 0.1096062 0.2528127 0.2641007 0.2847944 0.3788239 0.0595671 0.3909418 0.2590033 0.0000000 0.2632266 0.0343450 0.1636316 0.0273258 0.0559123 0.4434527 
n278_311   0.2529717 0.2287234 0.2633388 0.2528743 0.0707079 0.2279193 0.2379730 0.4515276 0.2375646 0.2582337 0.0134856 0.0632683 0.0782369 0.4183519 0.2375551 0.4178612 0.0595765 0.2632266 0.0000000 0.2428921 0.2846954 0.2331546 0.2327553 0.4393589 
n275_308   0.2987282 0.2884395 0.0378645 0.3262482 0.2585432 0.0378443 0.0169131 0.3976838 0.0449755 0.0937216 0.2328215 0.2485282 0.2687074 0.3493651 0.0449749 0.3672075 0.2435567 0.0343450 0.2428921 0.0000000 0.1549708 0.0134958 0.0414056 0.4302442 
n200_227   0.2884105 0.2949674 0.1636960 0.3215469 0.2641895 0.1506633 0.1463490 0.3988349 0.1504459 0.1595267 0.2738966 0.2593569 0.2744568 0.3330258 0.1504419 0.3680982 0.2644985 0.1636316 0.2846954 0.1549708 0.0000000 0.1421678 0.1462418 0.4113970 
n294_327   0.2881563 0.2780205 0.0308101 0.3152297 0.2485530 0.0307937 0.0033456 0.3859619 0.0378457 0.0860043 0.2232407 0.2386873 0.2585642 0.3376394 0.0378452 0.3551505 0.2337899 0.0273258 0.2331546 0.0134958 0.1421678 0.0000000 0.0343146 0.4112487 
n290_323   0.2877231 0.2776039 0.0595444 0.3147505 0.2429559 0.0169001 0.0378457 0.3863092 0.0033408 0.0897629 0.2228615 0.2382777 0.2528620 0.3544731 0.0033408 0.3786639 0.2333896 0.0559123 0.2327553 0.0414056 0.1462418 0.0343146 0.0000000 0.4240544 
n244_277   0.4433012 0.4238926 0.4436730 0.4714152 0.4731054 0.4109273 0.4107731 0.2182633 0.4304558 0.3905641 0.4193561 0.4593281 0.4871323 0.3491490 0.4177761 0.3608412 0.4524992 0.4434527 0.4393589 0.4302442 0.4113970 0.4112487 0.4240544 0.0000000 
