24
n300_303   0.0000000 0.3645653 0.3318597 0.3858710 0.0066965 0.3427392 0.0591640 0.3383126 0.0168305 0.2590664 0.3913852 0.3318201 0.2493570 0.3206848 0.0666325 0.0033358 0.3686022 0.2443821 0.2642224 0.3427238 0.3788545 0.0202273 0.3424453 0.3318597 
n236_239   0.3645653 0.0000000 0.0816599 0.3967657 0.3766465 0.0969035 0.3986804 0.0893932 0.3873239 0.3682166 0.3965600 0.0816572 0.3582329 0.0815154 0.4117344 0.3704714 0.1960980 0.3472687 0.3743156 0.0969034 0.2818336 0.3814532 0.0968352 0.0816599 
n296_299   0.3318597 0.0816599 0.0000000 0.3283145 0.3433658 0.0273033 0.3304381 0.0135291 0.3534484 0.3418374 0.3173258 0.0067201 0.3376592 0.0134921 0.3421478 0.3374908 0.1448555 0.3269641 0.3477141 0.0273034 0.2470630 0.3418335 0.0272852 0.0067202 
n255_258   0.3858710 0.3967657 0.3283145 0.0000000 0.3919193 0.3511900 0.3674127 0.3357944 0.3855495 0.3969618 0.0484440 0.3344433 0.4129736 0.3337923 0.3745592 0.3856202 0.3549613 0.4012193 0.4033337 0.3564042 0.3780577 0.3844510 0.3561105 0.3344840 
n292_295   0.0066965 0.3766465 0.3433658 0.3919193 0.0000000 0.3544357 0.0628310 0.3499601 0.0168508 0.2693057 0.3974778 0.3433228 0.2594369 0.3319804 0.0703507 0.0033408 0.3807156 0.2543756 0.2745537 0.3544185 0.3911416 0.0202518 0.3541282 0.3433658 
n298_301   0.3427392 0.0969035 0.0273033 0.3511900 0.3544357 0.0000000 0.3412603 0.0343608 0.3646546 0.3528338 0.3454086 0.0273028 0.3434048 0.0135123 0.3531704 0.3484614 0.1573143 0.3376208 0.3588086 0.0273456 0.2664093 0.3528461 0.0273272 0.0273033 
n278_281   0.0591640 0.3986804 0.3304381 0.3674127 0.0628310 0.3412603 0.0000000 0.3368536 0.0664915 0.2629298 0.3738652 0.3303989 0.2631998 0.3193232 0.0100673 0.0628481 0.3557353 0.2530120 0.2681026 0.3353083 0.3889610 0.0627354 0.3350381 0.3304381 
n287_290   0.3383126 0.0893932 0.0135291 0.3357944 0.3499601 0.0343608 0.3368536 0.0000000 0.3601488 0.3483890 0.3297654 0.0135289 0.3441826 0.0203726 0.3427663 0.3440116 0.1534408 0.3333660 0.3543387 0.0343609 0.2571738 0.3483900 0.0343376 0.0135291 
n280_283   0.0168305 0.3873239 0.3534484 0.3855495 0.0168508 0.3646546 0.0664915 0.3601488 0.0000000 0.2734706 0.4023723 0.3534025 0.2635623 0.3419093 0.0665397 0.0134317 0.3912273 0.2584787 0.2787425 0.3646359 0.3958139 0.0168257 0.3643359 0.3534484 
n285_288   0.2590664 0.3682166 0.3418374 0.3969618 0.2693057 0.3528338 0.2629298 0.3483890 0.2734706 0.0000000 0.3969881 0.3417951 0.1353216 0.3305141 0.2733988 0.2640911 0.3622392 0.1311763 0.0100673 0.3528169 0.3794043 0.2632230 0.3525293 0.3418374 
n251_254   0.3913852 0.3965600 0.3173258 0.0484440 0.3974778 0.3454086 0.3738652 0.3297654 0.4023723 0.3969881 0.0000000 0.3233364 0.4186516 0.3281739 0.3863928 0.3911299 0.3377617 0.4068146 0.4033601 0.3505822 0.3835584 0.3899410 0.3502944 0.3233740 
n290_293   0.3318201 0.0816572 0.0067201 0.3344433 0.3433228 0.0273028 0.3303989 0.0135289 0.3534025 0.3417951 0.3233364 0.0000000 0.3376179 0.0134919 0.3421053 0.3374495 0.1448483 0.3269258 0.3476700 0.0273029 0.2470422 0.3417911 0.0272847 0.0067201 
n265_268   0.2493570 0.3582329 0.3376592 0.4129736 0.2594369 0.3434048 0.2631998 0.3441826 0.2635623 0.1353216 0.4186516 0.3376179 0.0000000 0.3213030 0.2736819 0.2543055 0.3302233 0.0100514 0.1395317 0.3433892 0.3526377 0.2534740 0.3431097 0.3376592 
n275_278   0.3206848 0.0815154 0.0134921 0.3337923 0.3319804 0.0135123 0.3193232 0.0203726 0.3419093 0.3305141 0.3281739 0.0134919 0.3213030 0.0000000 0.3308123 0.3262150 0.1404438 0.3157172 0.3362815 0.0135124 0.2465788 0.3305087 0.0135035 0.0134921 
n277_280   0.0666325 0.4117344 0.3421478 0.3745592 0.0703507 0.3531704 0.0100673 0.3427663 0.0665397 0.2733988 0.3863928 0.3421053 0.2736819 0.3308123 0.0000000 0.0703699 0.3730519 0.2633025 0.2786691 0.3415571 0.3957736 0.0702437 0.3412804 0.3421478 
n299_302   0.0033358 0.3704714 0.3374908 0.3856202 0.0033408 0.3484614 0.0628481 0.3440116 0.0134317 0.2640911 0.3911299 0.3374495 0.2543055 0.3262150 0.0703699 0.0000000 0.3745234 0.2492892 0.2692913 0.3484451 0.3848585 0.0168150 0.3481609 0.3374908 
n200_203   0.3686022 0.1960980 0.1448555 0.3549613 0.3807156 0.1573143 0.3557353 0.1534408 0.3912273 0.3622392 0.3377617 0.1448483 0.3302233 0.1404438 0.3730519 0.3745234 0.0000000 0.3196900 0.3682773 0.1528914 0.2802437 0.3789940 0.1527801 0.1448555 
n266_269   0.2443821 0.3472687 0.3269641 0.4012193 0.2543756 0.3376208 0.2530120 0.3333660 0.2584787 0.1311763 0.4068146 0.3269258 0.0100514 0.3157172 0.2633025 0.2492892 0.3196900 0.0000000 0.1353537 0.3376060 0.3469524 0.2484767 0.3373323 0.3269641 
n286_289   0.2642224 0.3743156 0.3477141 0.4033337 0.2745537 0.3588086 0.2681026 0.3543387 0.2787425 0.0100673 0.4033601 0.3476700 0.1395317 0.3362815 0.2786691 0.2692913 0.3682773 0.1353537 0.0000000 0.3587908 0.3856113 0.2684030 0.3584970 0.3477141 
n293_296   0.3427238 0.0969034 0.0273034 0.3564042 0.3544185 0.0273456 0.3353083 0.0343609 0.3646359 0.3528169 0.3505822 0.0273029 0.3433892 0.0135124 0.3415571 0.3484451 0.1528914 0.3376060 0.3587908 0.0000000 0.2564854 0.3528292 0.0067238 0.0273034 
n244_247   0.3788545 0.2818336 0.2470630 0.3780577 0.3911416 0.2664093 0.3889610 0.2571738 0.3958139 0.3794043 0.3835584 0.2470422 0.3526377 0.2465788 0.3957736 0.3848585 0.2802437 0.3469524 0.3856113 0.2564854 0.0000000 0.3893660 0.2661943 0.2470630 
n274_277   0.0202273 0.3814532 0.3418335 0.3844510 0.0202518 0.3528461 0.0627354 0.3483900 0.0168257 0.2632230 0.3899410 0.3417911 0.2534740 0.3305087 0.0702437 0.0168150 0.3789940 0.2484767 0.2684030 0.3528292 0.3893660 0.0000000 0.3525413 0.3418335 
n294_297   0.3424453 0.0968352 0.0272852 0.3561105 0.3541282 0.0273272 0.3350381 0.0343376 0.3643359 0.3525293 0.3502944 0.0272847 0.3431097 0.0135035 0.3412804 0.3481609 0.1527801 0.3373323 0.3584970 0.0067238 0.2661943 0.3525413 0.0000000 0.0272852 
n289_292   0.3318597 0.0816599 0.0067202 0.3344840 0.3433658 0.0273033 0.3304381 0.0135291 0.3534484 0.3418374 0.3233740 0.0067201 0.3376592 0.0134921 0.3421478 0.3374908 0.1448555 0.3269641 0.3477141 0.0273034 0.2470630 0.3418335 0.0272852 0.0000000 
