25
n289_298   0.0000000 0.2247066 0.0777361 0.0377296 0.0067181 0.2287759 0.3579828 0.0377315 0.2199300 0.3533316 0.2648106 0.2243242 0.0100965 0.2603600 0.2910941 0.0342248 0.2199126 0.2244543 0.1191133 0.2197168 0.2432840 0.2152030 0.2334030 0.2243242 0.2429639 
n300_311   0.2247066 0.0000000 0.2629320 0.2382409 0.2247066 0.0202330 0.3460220 0.2382605 0.0134367 0.3414399 0.2594969 0.0168270 0.2291528 0.2596678 0.3054740 0.2336981 0.0202409 0.0168359 0.2235296 0.2280280 0.0772193 0.2234742 0.0271113 0.0100518 0.0771021 
n236_237   0.0777361 0.2629320 0.0000000 0.0814607 0.0703431 0.2671645 0.3817011 0.0814655 0.2578485 0.3712539 0.2852768 0.2624736 0.0740146 0.2807037 0.3330210 0.0777401 0.2578263 0.2626292 0.1394288 0.2624183 0.2826071 0.2576148 0.2720639 0.2624736 0.2819573 
n275_280   0.0377296 0.2382409 0.0814607 0.0000000 0.0307339 0.2379431 0.3634292 0.0067264 0.2289941 0.3532449 0.2695909 0.2334389 0.0342167 0.2651156 0.2960756 0.0033560 0.2289756 0.2335749 0.1230480 0.2424527 0.2526582 0.2377968 0.2426303 0.2334389 0.2523231 
n290_299   0.0067181 0.2247066 0.0703431 0.0307339 0.0000000 0.2287759 0.3579828 0.0307355 0.2199300 0.3478648 0.2648106 0.2243242 0.0033512 0.2603600 0.2910941 0.0272599 0.2199126 0.2244543 0.1191133 0.2197168 0.2432840 0.2152030 0.2334030 0.2243242 0.2429639 
n300_313   0.2287759 0.0202330 0.2671645 0.2379431 0.2287759 0.0000000 0.3455641 0.2379627 0.0066809 0.3409890 0.2498394 0.0033320 0.2332376 0.2500027 0.3103273 0.2334066 0.0134182 0.0100450 0.2232531 0.2230728 0.0697815 0.2185575 0.0202185 0.0100397 0.0696760 
n251_252   0.3579828 0.3460220 0.3817011 0.3634292 0.3579828 0.3455641 0.0000000 0.3634675 0.3353359 0.0272320 0.3721733 0.3404086 0.3632568 0.3724382 0.2104139 0.3580816 0.3353026 0.3406182 0.3833142 0.3305351 0.3362032 0.3202338 0.3509966 0.3404086 0.3253647 
n294_305   0.0377315 0.2382605 0.0814655 0.0067264 0.0307355 0.2379627 0.3634675 0.0000000 0.2290126 0.3532814 0.2696145 0.2334579 0.0342185 0.2651385 0.2961031 0.0033561 0.2289941 0.2335939 0.1230559 0.2424728 0.2479173 0.2378163 0.2426504 0.2334579 0.2475899 
n274_279   0.2199300 0.0134367 0.2578485 0.2289941 0.2199300 0.0066809 0.3353359 0.2290126 0.0000000 0.3308046 0.2408155 0.0033338 0.2243448 0.2409720 0.3005224 0.2245070 0.0066835 0.0033356 0.2145015 0.2143289 0.0625463 0.2098643 0.0134271 0.0033338 0.0624523 
n255_256   0.3533316 0.3414399 0.3712539 0.3532449 0.3478648 0.3409890 0.0272320 0.3532814 0.3308046 0.0000000 0.3674753 0.3358562 0.3530771 0.3677368 0.2108470 0.3479608 0.3307719 0.3360622 0.3785598 0.3309346 0.3316584 0.3206197 0.3463954 0.3358562 0.3257575 
n286_295   0.2648106 0.2594969 0.2852768 0.2695909 0.2648106 0.2498394 0.3721733 0.2696145 0.2408155 0.3674753 0.0000000 0.2452968 0.2694646 0.0066565 0.3298815 0.2648819 0.2454704 0.2454395 0.2677671 0.1146988 0.2646670 0.1147030 0.2547471 0.2452968 0.2642125 
n292_303   0.2243242 0.0168270 0.2624736 0.2334389 0.2243242 0.0033320 0.3404086 0.2334579 0.0033338 0.3358562 0.2452968 0.0000000 0.2287620 0.2454566 0.3053875 0.2289276 0.0100436 0.0066834 0.2188493 0.2186723 0.0661514 0.2141838 0.0168150 0.0066799 0.0660517 
n295_306   0.0100965 0.2291528 0.0740146 0.0342167 0.0033512 0.2332376 0.3632568 0.0342185 0.2243448 0.3530771 0.2694646 0.2287620 0.0000000 0.2649917 0.2959359 0.0307282 0.2243268 0.2288949 0.1229932 0.2241263 0.2478410 0.2195866 0.2378922 0.2287620 0.2475138 
n285_294   0.2603600 0.2596678 0.2807037 0.2651156 0.2603600 0.2500027 0.3724382 0.2651385 0.2409720 0.3677368 0.0066565 0.2454566 0.2649917 0.0000000 0.3403606 0.2604298 0.2456305 0.2455995 0.2585605 0.1147665 0.2648427 0.1147708 0.2549143 0.2454566 0.2643870 
n244_245   0.2910941 0.3054740 0.3330210 0.2960756 0.2910941 0.3103273 0.2104139 0.2961031 0.3005224 0.2108470 0.3298815 0.3053875 0.2959359 0.3403606 0.0000000 0.2911733 0.3004943 0.3055719 0.3347982 0.2999187 0.3109052 0.2900293 0.3154375 0.3001738 0.3103498 
n297_308   0.0342248 0.2336981 0.0777401 0.0033560 0.0272599 0.2334066 0.3580816 0.0033561 0.2245070 0.3479608 0.2648819 0.2289276 0.0307282 0.2604298 0.2911733 0.0000000 0.2244890 0.2290607 0.1191434 0.2378917 0.2480220 0.2332639 0.2380650 0.2289276 0.2476943 
n280_287   0.2199126 0.0202409 0.2578263 0.2289756 0.2199126 0.0134182 0.3353026 0.2289941 0.0066835 0.3307719 0.2454704 0.0100436 0.2243268 0.2456305 0.3004943 0.2244890 0.0000000 0.0100489 0.2144847 0.2143121 0.0698093 0.2098480 0.0202264 0.0100436 0.0697038 
n274_277   0.2244543 0.0168359 0.2626292 0.2335749 0.2244543 0.0100450 0.3406182 0.2335939 0.0033356 0.3360622 0.2454395 0.0066834 0.2288949 0.2455995 0.3055719 0.2290607 0.0100489 0.0000000 0.2189756 0.2187986 0.0661871 0.2143062 0.0168239 0.0066834 0.0660873 
n200_201   0.1191133 0.2235296 0.1394288 0.1230480 0.1191133 0.2232531 0.3833142 0.1230559 0.2145015 0.3785598 0.2677671 0.2188493 0.1229932 0.2585605 0.3347982 0.1191434 0.2144847 0.2189756 0.0000000 0.2644370 0.2559816 0.2596605 0.2278275 0.2188493 0.2602774 
n266_267   0.2197168 0.2280280 0.2624183 0.2424527 0.2197168 0.2230728 0.3305351 0.2424728 0.2143289 0.3309346 0.1146988 0.2186723 0.2241263 0.1147665 0.2999187 0.2378917 0.2143121 0.2187986 0.2644370 0.0000000 0.2283033 0.0066820 0.2321836 0.2186723 0.2190525 
n277_282   0.2432840 0.0772193 0.2826071 0.2526582 0.2432840 0.0697815 0.3362032 0.2479173 0.0625463 0.3316584 0.2646670 0.0661514 0.2478410 0.2648427 0.3109052 0.2480220 0.0698093 0.0661871 0.2559816 0.2283033 0.0000000 0.2237434 0.0771619 0.0661514 0.0271046 
n265_266   0.2152030 0.2234742 0.2576148 0.2377968 0.2152030 0.2185575 0.3202338 0.2378163 0.2098643 0.3206197 0.1147030 0.2141838 0.2195866 0.1147708 0.2900293 0.2332639 0.2098480 0.2143062 0.2596605 0.0066820 0.2237434 0.0000000 0.2276111 0.2141838 0.2145542 
n280_285   0.2334030 0.0271113 0.2720639 0.2426303 0.2334030 0.0202185 0.3509966 0.2426504 0.0134271 0.3463954 0.2547471 0.0168150 0.2378922 0.2549143 0.3154375 0.2380650 0.0202264 0.0168239 0.2278275 0.2321836 0.0771619 0.2276111 0.0000000 0.0168150 0.0770447 
n292_301   0.2243242 0.0100518 0.2624736 0.2334389 0.2243242 0.0100397 0.3404086 0.2334579 0.0033338 0.3358562 0.2452968 0.0066799 0.2287620 0.2454566 0.3001738 0.2289276 0.0100436 0.0066834 0.2188493 0.2186723 0.0661514 0.2141838 0.0168150 0.0000000 0.0660517 
n278_283   0.2429639 0.0771021 0.2819573 0.2523231 0.2429639 0.0696760 0.3253647 0.2475899 0.0624523 0.3257575 0.2642125 0.0660517 0.2475138 0.2643870 0.3103498 0.2476943 0.0697038 0.0660873 0.2602774 0.2190525 0.0271046 0.2145542 0.0770447 0.0660517 0.0000000 
