24
n287_288   0.0000000 0.0033424 0.0883445 0.3353720 0.2838562 0.2743287 0.2944878 0.3047349 0.0482307 0.2896763 0.3098724 0.0236924 0.0553266 0.0482036 0.2738160 0.4170909 0.0134481 0.2693362 0.3733999 0.0553113 0.3098127 0.1271005 0.3350781 0.4106338 
n290_291   0.0033424 0.0000000 0.0921262 0.3407066 0.2789659 0.2695006 0.2995276 0.3098517 0.0518094 0.2946853 0.3150269 0.0271452 0.0589376 0.0517802 0.2689978 0.4230526 0.0168519 0.2645434 0.3790317 0.0589217 0.3149664 0.1311003 0.3404070 0.4165338 
n236_237   0.0883445 0.0921262 0.0000000 0.3207667 0.2890099 0.2752319 0.2953336 0.3056185 0.0959972 0.2905054 0.3107752 0.0997122 0.1036481 0.0959426 0.2788875 0.4177180 0.0883828 0.2699742 0.3847162 0.1034893 0.3057878 0.1192317 0.3204872 0.4112483 
n278_279   0.3353720 0.3407066 0.3207667 0.0000000 0.3300308 0.3400062 0.0589185 0.0662158 0.3409408 0.0553399 0.0698921 0.3352940 0.3357318 0.3305756 0.3344675 0.4555535 0.3301839 0.3293158 0.4315574 0.3407439 0.0735200 0.3582427 0.0134430 0.4485469 
n285_286   0.2838562 0.2789659 0.2890099 0.3300308 0.0000000 0.1883846 0.3098821 0.3203711 0.2942051 0.3049701 0.3201525 0.2935917 0.3040718 0.2844640 0.0134443 0.4297629 0.2839953 0.1795721 0.4022218 0.2843786 0.3255657 0.2799368 0.3402869 0.4351093 
n265_266   0.2743287 0.2695006 0.2752319 0.3400062 0.1883846 0.0000000 0.3193294 0.3299369 0.2892071 0.3143691 0.3300926 0.2792094 0.2988885 0.2890378 0.1796329 0.3896045 0.2744630 0.0236752 0.3419450 0.2986492 0.3249963 0.3045102 0.3450664 0.3952927 
n280_281   0.2944878 0.2995276 0.2953336 0.0589185 0.3098821 0.3193294 0.0000000 0.0134505 0.3045776 0.0033387 0.0168570 0.3043867 0.3094006 0.2995473 0.3142431 0.4308907 0.2895715 0.3089353 0.4084961 0.3093115 0.0202623 0.3261060 0.0588729 0.4241503 
n299_300   0.3047349 0.3098517 0.3056185 0.0662158 0.3203711 0.3299369 0.0134505 0.0000000 0.3149787 0.0100684 0.0100715 0.3147787 0.3198682 0.3098746 0.3247769 0.4433744 0.2997476 0.3193809 0.4149228 0.3147950 0.0066948 0.3368670 0.0661644 0.4364945 
n293_294   0.0482307 0.0518094 0.0959972 0.3409408 0.2942051 0.2892071 0.3045776 0.3149787 0.0000000 0.2997035 0.3201916 0.0590008 0.0237317 0.0134629 0.2839965 0.4286714 0.0482511 0.2841011 0.3677494 0.0202715 0.3201305 0.1391945 0.3354443 0.4220999 
n274_275   0.2896763 0.2946853 0.2905054 0.0553399 0.3049701 0.3143691 0.0033387 0.0100684 0.2997035 0.0000000 0.0134594 0.2995153 0.3044979 0.2947037 0.3093132 0.4251571 0.2847895 0.3040427 0.4029094 0.3044099 0.0168524 0.3210803 0.0552972 0.4184748 
n292_293   0.3098724 0.3150269 0.3107752 0.0698921 0.3201525 0.3300926 0.0168570 0.0100715 0.3201916 0.0134594 0.0000000 0.3199872 0.3251139 0.3150513 0.3245553 0.4369888 0.3048502 0.3195302 0.4087770 0.3200051 0.0168576 0.3422575 0.0698378 0.4301821 
n296_297   0.0236924 0.0271452 0.0997122 0.3352940 0.2935917 0.2792094 0.3043867 0.3147787 0.0590008 0.2995153 0.3199872 0.0000000 0.0661916 0.0589675 0.2834110 0.4345293 0.0100694 0.2741811 0.3899216 0.0661734 0.3199261 0.1351447 0.3350004 0.4278996 
n275_276   0.0553266 0.0589376 0.1036481 0.3357318 0.3040718 0.2988885 0.3094006 0.3198682 0.0237317 0.3044979 0.3251139 0.0661916 0.0000000 0.0237184 0.2937185 0.4342867 0.0553501 0.2987935 0.3786529 0.0306143 0.3250520 0.1472568 0.3302754 0.4395409 
n297_298   0.0482036 0.0517802 0.0959426 0.3305756 0.2844640 0.2890378 0.2995473 0.3098746 0.0134629 0.2947037 0.3150513 0.0589675 0.0237184 0.0000000 0.2838312 0.4227751 0.0482239 0.2839347 0.3675320 0.0067002 0.3149909 0.1391145 0.3251572 0.4162616 
n286_287   0.2738160 0.2689978 0.2788875 0.3344675 0.0134443 0.1796329 0.3142431 0.3247769 0.2839965 0.3093132 0.3245553 0.2834110 0.2937185 0.2838312 0.0000000 0.4286706 0.2739496 0.1709451 0.3902452 0.2837461 0.3299927 0.2651399 0.3447620 0.4339993 
n255_256   0.4170909 0.4230526 0.4177180 0.4555535 0.4297629 0.3896045 0.4308907 0.4433744 0.4286714 0.4251571 0.4369888 0.4345293 0.4342867 0.4227751 0.4286706 0.0000000 0.4287430 0.3779853 0.2943287 0.4341821 0.4495286 0.4304385 0.4432081 0.0517299 
n295_296   0.0134481 0.0168519 0.0883828 0.3301839 0.2839953 0.2744630 0.2895715 0.2997476 0.0482511 0.2847895 0.3048502 0.0100694 0.0553501 0.0482239 0.2739496 0.4287430 0.0000000 0.2694666 0.3844357 0.0553348 0.3047913 0.1232489 0.3298952 0.4221701 
n266_267   0.2693362 0.2645434 0.2699742 0.3293158 0.1795721 0.0236752 0.3089353 0.3193809 0.2841011 0.3040427 0.3195302 0.2741811 0.2987935 0.2839347 0.1709451 0.3779853 0.2694666 0.0000000 0.3366040 0.2934803 0.3145054 0.2846245 0.3395405 0.3835813 
n244_245   0.3733999 0.3790317 0.3847162 0.4315574 0.4022218 0.3419450 0.4084961 0.4149228 0.3677494 0.4029094 0.4087770 0.3899216 0.3786529 0.3675320 0.3902452 0.2943287 0.3844357 0.3366040 0.0000000 0.3675392 0.4208589 0.3912743 0.4252117 0.2941293 
n298_299   0.0553113 0.0589217 0.1034893 0.3407439 0.2843786 0.2986492 0.3093115 0.3147950 0.0202715 0.3044099 0.3200051 0.0661734 0.0306143 0.0067002 0.2837461 0.4341821 0.0553348 0.2934803 0.3675392 0.0000000 0.3199440 0.1470935 0.3352492 0.4275567 
n300_301   0.3098127 0.3149664 0.3057878 0.0735200 0.3255657 0.3249963 0.0202623 0.0066948 0.3201305 0.0168524 0.0168576 0.3199261 0.3250520 0.3149909 0.3299927 0.4495286 0.3047913 0.3145054 0.4208589 0.3199440 0.0000000 0.3421930 0.0734628 0.4425811 
n200_201   0.1271005 0.1311003 0.1192317 0.3582427 0.2799368 0.3045102 0.3261060 0.3368670 0.1391945 0.3210803 0.3422575 0.1351447 0.1472568 0.1391145 0.2651399 0.4304385 0.1232489 0.2846245 0.3912743 0.1470935 0.3421930 0.0000000 0.3579248 0.4238248 
n277_278   0.3350781 0.3404070 0.3204872 0.0134430 0.3402869 0.3450664 0.0588729 0.0661644 0.3354443 0.0552972 0.0698378 0.3350004 0.3302754 0.3251572 0.3447620 0.4432081 0.3298952 0.3395405 0.4252117 0.3352492 0.0734628 0.3579248 0.0000000 0.4363361 
n251_252   0.4106338 0.4165338 0.4112483 0.4485469 0.4351093 0.3952927 0.4241503 0.4364945 0.4220999 0.4184748 0.4301821 0.4278996 0.4395409 0.4162616 0.4339993 0.0517299 0.4221701 0.3835813 0.2941293 0.4275567 0.4425811 0.4238248 0.4363361 0.0000000 
