12
n274_209   0.0000000 0.1402751 0.1492129 0.1444652 0.1397404 3.6787453 2.2336323 2.9614657 2.7503555 2.1818618 0.4925747 0.5092072 
n299_220   0.1402751 0.0000000 0.0563702 0.0238709 0.1234371 5.0168459 2.1515873 3.1667657 3.1828394 2.0932356 0.5258862 0.5283135 
n292_219   0.1492129 0.0563702 0.0000000 0.0600412 0.1151870 4.6297498 2.1950667 2.9343208 3.1457385 2.1348239 0.5266903 0.5546582 
n300_221   0.1444652 0.0238709 0.0600412 0.0000000 0.1191833 5.2518383 2.1848095 3.5600970 3.3820824 2.1250585 0.5421784 0.5447057 
n280_213   0.1397404 0.1234371 0.1151870 0.1191833 0.0000000 5.0172635 2.3958310 2.8866240 2.8001179 2.2689906 0.4849921 0.5110531 
n244_189   3.6787453 5.0168459 4.6297498 5.2518383 5.0172635 0.0000000 3.6823217 3.9077612 3.1379771 3.7371740 4.1922389 3.9610468 
n286_217   2.2336323 2.1515873 2.1950667 2.1848095 2.3958310 3.6823217 0.0000000 1.1206903 1.1820183 0.0708824 2.0505280 1.9816260 
n266_205   2.9614657 3.1667657 2.9343208 3.5600970 2.8866240 3.9077612 1.1206903 0.0000000 0.1193762 1.1382864 2.6523163 2.6961149 
n265_204   2.7503555 3.1828394 3.1457385 3.3820824 2.8001179 3.1379771 1.1820183 0.1193762 0.0000000 1.2003788 2.3383090 2.4598411 
n285_216   2.1818618 2.0932356 2.1348239 2.1250585 2.2689906 3.7371740 0.0708824 1.1382864 1.2003788 0.0000000 2.1273307 2.1829523 
n278_211   0.4925747 0.5258862 0.5266903 0.5421784 0.4849921 4.1922389 2.0505280 2.6523163 2.3383090 2.1273307 0.0000000 0.1142761 
n277_210   0.5092072 0.5283135 0.5546582 0.5447057 0.5110531 3.9610468 1.9816260 2.6961149 2.4598411 2.1829523 0.1142761 0.0000000 
