18
n286_297   0.0000000 1.9970041 1.7025466 1.2122819 1.6075265 0.0703637 1.8731814 1.0340048 2.3057195 1.9616407 1.6847015 1.8198488 1.6198806 2.5407877 1.7681677 3.8274990 1.7677203 1.7385100 
n285_294   1.9970041 0.0000000 1.5903735 1.9922816 1.0124962 1.7876565 0.0778614 1.9920090 3.8706188 1.9115416 1.6429475 1.8500264 1.5585886 6.8043697 1.5757691 4.0907491 1.1185133 1.6925604 
n299_300   1.7025466 1.5903735 0.0000000 1.5143786 1.8268687 1.5247219 1.6627592 1.6301780 2.7506531 0.4597523 0.1052695 0.4734395 0.0744034 4.2511627 0.1592115 2.2432098 1.8519458 0.0203636 
n266_281   1.2122819 1.9922816 1.5143786 0.0000000 1.8404589 1.1104967 1.9688150 0.1501302 2.6427712 1.4305203 1.4116101 1.3204515 1.4382692 3.1812182 1.4210650 2.9712417 1.7792996 1.5677304 
n266_283   1.6075265 1.0124962 1.8268687 1.8404589 0.0000000 1.5304306 1.1207386 1.7025462 2.6858637 1.8977097 1.9214157 1.8088875 2.0573729 2.8104476 1.8268313 1.8777953 0.1251140 1.9709288 
n285_296   0.0703637 1.7876565 1.5247219 1.1104967 1.5304306 0.0000000 1.6299382 0.9753876 2.4057959 1.7249077 1.4889515 1.6175681 1.4552853 2.4213040 1.6693187 3.5524337 1.6060799 1.5539564 
n286_295   1.8731814 0.0778614 1.6627592 1.9688150 1.1207386 1.6299382 0.0000000 1.9129323 4.6478807 2.0194919 1.7136857 1.9241503 1.6286965 9.0000000 1.6533727 3.3239058 1.1270535 1.7724838 
n265_280   1.0340048 1.9920090 1.6301780 0.1501302 1.7025462 0.9753876 1.9129323 0.0000000 2.6504508 1.5664315 1.5442741 1.3506032 1.5235271 2.8063808 1.5542880 3.2330046 1.7158149 1.6681411 
n255_270   2.3057195 3.8706188 2.7506531 2.6427712 2.6858637 2.4057959 4.6478807 2.6504508 0.0000000 2.4343601 3.2905805 2.3508518 2.5497599 0.3189385 3.1225295 3.1073226 3.1302779 2.6863914 
n278_289   1.9616407 1.9115416 0.4597523 1.4305203 1.8977097 1.7249077 2.0194919 1.5664315 2.4343601 0.0000000 0.4435528 0.1285283 0.4434140 2.5716376 0.4255275 2.3275925 1.9324723 0.4674719 
n280_291   1.6847015 1.6429475 0.1052695 1.4116101 1.9214157 1.4889515 1.7136857 1.5442741 3.2905805 0.4435528 0.0000000 0.4293529 0.1012763 6.8360789 0.1337602 2.3325565 2.0173311 0.1054081 
n277_288   1.8198488 1.8500264 0.4734395 1.3204515 1.8088875 1.6175681 1.9241503 1.3506032 2.3508518 0.1285283 0.4293529 0.0000000 0.4648705 2.8914809 0.3988407 2.3092505 1.7424147 0.4732662 
n292_299   1.6198806 1.5585886 0.0744034 1.4382692 2.0573729 1.4552853 1.6286965 1.5235271 2.5497599 0.4434140 0.1012763 0.4648705 0.0000000 4.0521028 0.1588081 2.4455469 1.9557247 0.0744980 
n251_266   2.5407877 6.8043697 4.2511627 3.1812182 2.8104476 2.4213040 9.0000000 2.8063808 0.3189385 2.5716376 6.8360789 2.8914809 4.0521028 0.0000000 5.0385316 2.8306794 3.4139061 3.7981133 
n274_287   1.7681677 1.5757691 0.1592115 1.4210650 1.8268313 1.6693187 1.6533727 1.5542880 3.1225295 0.4255275 0.1337602 0.3988407 0.1588081 5.0385316 0.0000000 2.3154759 1.9083340 0.1553602 
n244_255   3.8274990 4.0907491 2.2432098 2.9712417 1.8777953 3.5524337 3.3239058 3.2330046 3.1073226 2.3275925 2.3325565 2.3092505 2.4455469 2.8306794 2.3154759 0.0000000 2.2946656 2.2325477 
n265_282   1.7677203 1.1185133 1.8519458 1.7792996 0.1251140 1.6060799 1.1270535 1.7158149 3.1302779 1.9324723 2.0173311 1.7424147 1.9557247 3.4139061 1.9083340 2.2946656 0.0000000 1.9560113 
n300_301   1.7385100 1.6925604 0.0203636 1.5677304 1.9709288 1.5539564 1.7724838 1.6681411 2.6863914 0.4674719 0.1054081 0.4732662 0.0744980 3.7981133 0.1553602 2.2325477 1.9560113 0.0000000 
