36
n295_318   0.0000000 0.0376960 0.0555435 0.2036802 0.3630999 0.1123917 0.1905707 0.2127325 0.0591498 0.1082371 0.0519600 0.0519580 0.2694100 0.1005971 0.1043595 0.0891294 0.0853174 0.0812272 0.0412218 0.2173007 0.0967314 0.0341765 0.1044615 0.0967693 0.2039770 0.1909929 0.0067046 0.0448017 0.1083850 0.2082551 0.2600936 0.3351984 0.3410266 0.0891266 0.2504325 0.2692647 
n289_308   0.0376960 0.0000000 0.0376920 0.1903770 0.3687537 0.0891618 0.1773671 0.1992562 0.0412107 0.0927422 0.0341931 0.0376954 0.2595279 0.0777693 0.0889493 0.0740352 0.0703095 0.0627239 0.0033425 0.2037366 0.0777513 0.0033426 0.0852563 0.0740589 0.1862008 0.1735495 0.0376796 0.0272171 0.0853018 0.1948619 0.2503306 0.3245960 0.3354107 0.0740331 0.2314272 0.2593889 
n293_314   0.0555435 0.0376920 0.0000000 0.2081503 0.3748195 0.1006665 0.1993136 0.2172619 0.0033437 0.0966042 0.0237621 0.0272290 0.2692924 0.0890780 0.0927897 0.0777947 0.0740469 0.0700377 0.0412174 0.2218603 0.0890568 0.0341728 0.0966829 0.0853104 0.2084540 0.1864892 0.0555192 0.0237633 0.0967350 0.2127560 0.2649005 0.3354892 0.3464799 0.0777925 0.2551748 0.2691472 
n274_287   0.2036802 0.1903770 0.2081503 0.0000000 0.3969618 0.2458281 0.0699648 0.0168305 0.2125778 0.2405320 0.2037824 0.1992838 0.2450525 0.2315028 0.2358823 0.2177766 0.2223166 0.2168533 0.1947460 0.0202500 0.2407394 0.1902740 0.2315137 0.2362571 0.0774362 0.3200965 0.2079874 0.1949100 0.2361520 0.0168280 0.2453687 0.3566918 0.3789570 0.2177643 0.2312961 0.2402952 
n244_251   0.3630999 0.3687537 0.3748195 0.3969618 0.0000000 0.4172990 0.3976649 0.4031388 0.3692220 0.3811519 0.3749164 0.3801898 0.4528732 0.3932831 0.3926573 0.3816797 0.3873759 0.3911503 0.3743734 0.4033704 0.4224166 0.3685321 0.3933243 0.4050385 0.4099966 0.4842889 0.3683719 0.3634091 0.3991255 0.3970545 0.4476478 0.3138276 0.3037875 0.3701136 0.4229270 0.4525980 
n294_317   0.1123917 0.0891618 0.1006665 0.2458281 0.4172990 0.0000000 0.2412499 0.2554772 0.1045133 0.0592973 0.0968517 0.1006773 0.3104938 0.0169280 0.0593195 0.0413883 0.0449453 0.1121709 0.0929668 0.2603489 0.1047080 0.0853501 0.0238075 0.0203706 0.2510245 0.2136577 0.1123411 0.0891933 0.0101028 0.2507123 0.2957739 0.3753224 0.3872632 0.0485622 0.2855878 0.3103216 
n277_292   0.1905707 0.1773671 0.1993136 0.0699648 0.3976649 0.2412499 0.0000000 0.0736660 0.2036897 0.2359952 0.1949945 0.1905522 0.2689668 0.2270154 0.2313731 0.2133693 0.2178832 0.2079199 0.1816557 0.0773900 0.2362530 0.1816581 0.2270258 0.2317396 0.0271551 0.3149158 0.1948094 0.1862294 0.2316366 0.0736538 0.2644760 0.3514758 0.3735866 0.2133575 0.2405350 0.2688220 
n299_326   0.2127325 0.1992562 0.2172619 0.0168305 0.4031388 0.2554772 0.0736660 0.0000000 0.2217448 0.2500888 0.2128415 0.2082821 0.2498249 0.2409471 0.2453767 0.2270381 0.2316378 0.2260694 0.2036813 0.0033343 0.2503040 0.1991477 0.2409591 0.2457693 0.0811827 0.3308016 0.2170901 0.2038533 0.2456598 0.0134326 0.2501475 0.3625021 0.3849586 0.2270248 0.2359808 0.2450351 
n294_315   0.0591498 0.0412107 0.0033437 0.2125778 0.3692220 0.1045133 0.2036897 0.2217448 0.0000000 0.1004223 0.0272166 0.0307004 0.2741013 0.0928615 0.0965885 0.0815219 0.0777544 0.0737102 0.0447527 0.2263714 0.0928392 0.0376740 0.1005043 0.0890756 0.2128883 0.1907982 0.0591239 0.0272180 0.1005586 0.2172124 0.2696875 0.3407370 0.3518070 0.0815195 0.2598997 0.2739532 
n296_321   0.1082371 0.0927422 0.0966042 0.2405320 0.3811519 0.0592973 0.2359952 0.2500888 0.1004223 0.0000000 0.0928171 0.0966144 0.2996290 0.0484159 0.0100784 0.0237770 0.0307297 0.1080253 0.0965575 0.2549135 0.0967821 0.0889195 0.0555947 0.0520251 0.2456727 0.2270699 0.1081885 0.0852176 0.0556237 0.2453686 0.2899807 0.3521292 0.3692030 0.0307411 0.2748661 0.2994642 
n275_288   0.0519600 0.0341931 0.0237621 0.2037824 0.3749164 0.0968517 0.1949945 0.2128415 0.0272166 0.0928171 0.0000000 0.0307090 0.2645641 0.0853238 0.0890210 0.0703529 0.0666462 0.0700844 0.0377025 0.2174132 0.0815584 0.0306908 0.0928925 0.0815738 0.2040795 0.1779730 0.0519373 0.0203261 0.0929424 0.2083608 0.2601926 0.3355697 0.3465649 0.0703509 0.2505256 0.2644218 
n298_323   0.0519580 0.0376954 0.0272290 0.1992838 0.3801898 0.1006773 0.1905522 0.2082821 0.0307004 0.0966144 0.0307090 0.0000000 0.2643938 0.0890871 0.0927993 0.0778025 0.0740543 0.0737574 0.0412211 0.2128231 0.0890660 0.0341758 0.0966931 0.0853191 0.1995738 0.1865147 0.0519353 0.0168813 0.0967452 0.2038306 0.2600254 0.3353410 0.3408098 0.0778002 0.2503658 0.2642517 
n285_302   0.2694100 0.2595279 0.2692924 0.2450525 0.4528732 0.3104938 0.2689668 0.2498249 0.2741013 0.2996290 0.2645641 0.2643938 0.0000000 0.2947610 0.2997555 0.2849180 0.2798519 0.2640120 0.2643490 0.2546441 0.2848379 0.2546695 0.2947806 0.2897889 0.2691829 0.3364626 0.2740962 0.2548953 0.3050537 0.2497682 0.1315425 0.4024349 0.4143578 0.2848967 0.1235731 0.0033312 
n298_325   0.1005971 0.0777693 0.0890780 0.2315028 0.3932831 0.0169280 0.2270154 0.2409471 0.0928615 0.0484159 0.0853238 0.0890871 0.2947610 0.0000000 0.0484339 0.0307799 0.0342821 0.1004007 0.0815103 0.2457146 0.0930330 0.0740243 0.0067138 0.0101019 0.2365725 0.2136544 0.1005520 0.0777968 0.0134992 0.2362810 0.2803442 0.3637333 0.3696944 0.0378332 0.2703843 0.2945993 
n295_320   0.1043595 0.0889493 0.0927897 0.2358823 0.3926573 0.0593195 0.2313731 0.2453767 0.0965885 0.0100784 0.0890210 0.0927993 0.2997555 0.0484339 0.0000000 0.0237857 0.0307409 0.1080664 0.0927446 0.2501696 0.0968189 0.0851474 0.0556154 0.0520445 0.2409840 0.2271617 0.1043128 0.0814617 0.0556444 0.2406866 0.2901025 0.3522832 0.3693666 0.0307523 0.2749804 0.2995906 
n289_310   0.0891294 0.0740352 0.0777947 0.2177766 0.3816797 0.0413883 0.2133693 0.2270381 0.0815219 0.0237770 0.0703529 0.0778025 0.2849180 0.0307799 0.0237857 0.0000000 0.0067179 0.0889561 0.0777563 0.2317127 0.0816714 0.0703112 0.0377957 0.0342986 0.2227322 0.2046782 0.0890896 0.0666853 0.0378152 0.2224598 0.2656333 0.3363867 0.3530900 0.0067204 0.2558748 0.2847626 
n287_306   0.0853174 0.0703095 0.0740469 0.2223166 0.3873759 0.0449453 0.2178832 0.2316378 0.0777544 0.0307297 0.0666462 0.0740543 0.2798519 0.0342821 0.0307409 0.0067179 0.0000000 0.0851519 0.0740103 0.2363427 0.0778966 0.0666066 0.0413304 0.0307837 0.2273095 0.2001616 0.0852793 0.0629974 0.0413518 0.2270309 0.2606992 0.3364706 0.3475056 0.0135096 0.2510101 0.2796998 
n236_239   0.0812272 0.0627239 0.0700377 0.2168533 0.3911503 0.1121709 0.2079199 0.2260694 0.0737102 0.1080253 0.0700844 0.0737574 0.2640120 0.1004007 0.1080664 0.0889561 0.0851519 0.0000000 0.0663727 0.2307210 0.0927452 0.0590750 0.1081140 0.0965806 0.2171702 0.1949264 0.0811911 0.0627460 0.1081727 0.2215135 0.2406808 0.3399534 0.3565828 0.0889534 0.2405158 0.2638704 
n290_309   0.0412218 0.0033425 0.0412174 0.1947460 0.3743734 0.0929668 0.1816557 0.2036813 0.0447527 0.0965575 0.0377025 0.0412211 0.2643490 0.0815103 0.0927446 0.0777563 0.0740103 0.0663727 0.0000000 0.2081903 0.0814914 0.0067006 0.0890358 0.0777814 0.1905473 0.1778260 0.0412038 0.0306920 0.0890834 0.1992601 0.2550949 0.3298737 0.3407719 0.0777541 0.2360653 0.2642070 
n292_313   0.2173007 0.2037366 0.2218603 0.0202500 0.4033704 0.2603489 0.0773900 0.0033343 0.2263714 0.2549135 0.2174132 0.2128231 0.2546441 0.2457146 0.2501696 0.2317127 0.2363427 0.2307210 0.2081903 0.0000000 0.2551325 0.2036255 0.2457272 0.2505713 0.0849519 0.3362103 0.2216840 0.2083663 0.2504596 0.0168350 0.2549732 0.3627049 0.3851770 0.2316989 0.2407098 0.2498209 
n236_241   0.0967314 0.0777513 0.0890568 0.2407394 0.4224166 0.1047080 0.2362530 0.2503040 0.0928392 0.0967821 0.0815584 0.0890660 0.2848379 0.0930330 0.0968189 0.0816714 0.0778966 0.0927452 0.0814914 0.2551325 0.0000000 0.0740074 0.1006909 0.0892397 0.2459417 0.2001452 0.0966881 0.0777789 0.1007454 0.2455800 0.2804660 0.3691100 0.3806614 0.0816690 0.2655305 0.2846825 
n287_304   0.0341765 0.0033426 0.0341728 0.1902740 0.3685321 0.0853501 0.1816581 0.1991477 0.0376740 0.0889195 0.0306908 0.0341758 0.2546695 0.0740243 0.0851474 0.0703112 0.0666066 0.0590750 0.0067006 0.2036255 0.0740074 0.0000000 0.0814711 0.0703335 0.1905498 0.1692484 0.0341616 0.0237512 0.0815145 0.1947561 0.2455301 0.3244061 0.3352132 0.0703092 0.2360685 0.2545336 
n297_324   0.1044615 0.0852563 0.0966829 0.2315137 0.3933243 0.0238075 0.2270258 0.2409591 0.1005043 0.0555947 0.0928925 0.0966931 0.2947806 0.0067138 0.0556154 0.0377957 0.0413304 0.1081140 0.0890358 0.2457272 0.1006909 0.0814711 0.0000000 0.0169128 0.2365840 0.2181881 0.1082775 0.0852864 0.0203410 0.2362924 0.2803616 0.3637668 0.3697294 0.0449216 0.2704002 0.2946189 
n275_290   0.0967693 0.0740589 0.0853104 0.2362571 0.4050385 0.0203706 0.2317396 0.2457693 0.0890756 0.0520251 0.0815738 0.0853191 0.2897889 0.0101019 0.0520445 0.0342986 0.0307837 0.0965806 0.0777814 0.2505713 0.0892397 0.0703335 0.0169128 0.0000000 0.2413688 0.2091909 0.0967260 0.0740852 0.0169213 0.2410704 0.2754593 0.3582792 0.3641919 0.0413915 0.2655650 0.2896304 
n278_293   0.2039770 0.1862008 0.2084540 0.0774362 0.4099966 0.2510245 0.0271551 0.0811827 0.2128883 0.2456727 0.2040795 0.1995738 0.2691829 0.2365725 0.2409840 0.2227322 0.2273095 0.2171702 0.1905473 0.0849519 0.2459417 0.1905498 0.2365840 0.2413688 0.0000000 0.3203740 0.2082906 0.1951933 0.2412612 0.0811690 0.2597126 0.3573754 0.3796889 0.2227194 0.2407239 0.2690379 
n200_203   0.1909929 0.1735495 0.1864892 0.3200965 0.4842889 0.2136577 0.3149158 0.3308016 0.1907982 0.2270699 0.1779730 0.1865147 0.3364626 0.2136544 0.2271617 0.2046782 0.2001616 0.1949264 0.1778260 0.3362103 0.2001452 0.1692484 0.2181881 0.2091909 0.3203740 0.0000000 0.1952378 0.1736095 0.2045430 0.3255262 0.3424566 0.3971057 0.3972852 0.2046674 0.3368485 0.3418464 
n296_319   0.0067046 0.0376796 0.0555192 0.2079874 0.3683719 0.1123411 0.1948094 0.2170901 0.0591239 0.1081885 0.0519373 0.0519353 0.2740962 0.1005520 0.1043128 0.0890896 0.0852793 0.0811911 0.0412038 0.2216840 0.0966881 0.0341616 0.1082775 0.0967260 0.2082906 0.1952378 0.0000000 0.0447821 0.1083364 0.2125886 0.2647299 0.3402835 0.3461553 0.0890868 0.2550120 0.2739481 
n297_322   0.0448017 0.0272171 0.0237633 0.1949100 0.3634091 0.0891933 0.1862294 0.2038533 0.0272180 0.0852176 0.0203261 0.0168813 0.2548953 0.0777968 0.0814617 0.0666853 0.0629974 0.0627460 0.0306920 0.2083663 0.0777789 0.0237512 0.0852864 0.0740852 0.1951933 0.1736095 0.0447821 0.0000000 0.0853320 0.1994281 0.2505701 0.3195579 0.3302997 0.0666834 0.2410331 0.2547592 
n293_316   0.1083850 0.0853018 0.0967350 0.2361520 0.3991255 0.0101028 0.2316366 0.2456598 0.1005586 0.0556237 0.0929424 0.0967452 0.3050537 0.0134992 0.0556444 0.0378152 0.0413518 0.1081727 0.0890834 0.2504596 0.1007454 0.0815145 0.0203410 0.0169213 0.2412612 0.2045430 0.1083364 0.0853320 0.0000000 0.2409631 0.2904443 0.3638712 0.3698364 0.0449449 0.2803404 0.3048852 
n280_295   0.2082551 0.1948619 0.2127560 0.0168280 0.3970545 0.2507123 0.0736538 0.0134326 0.2172124 0.2453686 0.2083608 0.2038306 0.2497682 0.2362810 0.2406866 0.2224598 0.2270309 0.2215135 0.1992601 0.0168350 0.2455800 0.1947561 0.2362924 0.2410704 0.0811690 0.3255262 0.2125886 0.1994281 0.2409631 0.0000000 0.2500907 0.3624026 0.3848489 0.2224471 0.2359285 0.2449799 
n266_275   0.2600936 0.2503306 0.2649005 0.2453687 0.4476478 0.2957739 0.2644760 0.2501475 0.2696875 0.2899807 0.2601926 0.2600254 0.1315425 0.2803442 0.2901025 0.2656333 0.2606992 0.2406808 0.2550949 0.2549732 0.2804660 0.2455301 0.2803616 0.2754593 0.2597126 0.3424566 0.2647299 0.2505701 0.2904443 0.2500907 0.0000000 0.4149524 0.4152552 0.2656150 0.0376678 0.1275089 
n255_262   0.3351984 0.3245960 0.3354892 0.3566918 0.3138276 0.3753224 0.3514758 0.3625021 0.3407370 0.3521292 0.3355697 0.3353410 0.4024349 0.3637333 0.3522832 0.3363867 0.3364706 0.3399534 0.3298737 0.3627049 0.3691100 0.3244061 0.3637668 0.3582792 0.3573754 0.3971057 0.3402835 0.3195579 0.3638712 0.3624026 0.4149524 0.0000000 0.0516477 0.3363559 0.3915378 0.4021990 
n251_258   0.3410266 0.3354107 0.3464799 0.3789570 0.3037875 0.3872632 0.3735866 0.3849586 0.3518070 0.3692030 0.3465649 0.3408098 0.4143578 0.3696944 0.3693666 0.3530900 0.3475056 0.3565828 0.3407719 0.3851770 0.3806614 0.3352132 0.3697294 0.3641919 0.3796889 0.3972852 0.3461553 0.3302997 0.3698364 0.3848489 0.4152552 0.0516477 0.0000000 0.3530555 0.4032938 0.4141129 
n290_311   0.0891266 0.0740331 0.0777925 0.2177643 0.3701136 0.0485622 0.2133575 0.2270248 0.0815195 0.0307411 0.0703509 0.0778002 0.2848967 0.0378332 0.0307523 0.0067204 0.0135096 0.0889534 0.0777541 0.2316989 0.0816690 0.0703092 0.0449216 0.0413915 0.2227194 0.2046674 0.0890868 0.0666834 0.0449449 0.2224471 0.2656150 0.3363559 0.3530555 0.0000000 0.2558578 0.2847413 
n265_274   0.2504325 0.2314272 0.2551748 0.2312961 0.4229270 0.2855878 0.2405350 0.2359808 0.2598997 0.2748661 0.2505256 0.2503658 0.1235731 0.2703843 0.2749804 0.2558748 0.2510101 0.2405158 0.2360653 0.2407098 0.2655305 0.2360685 0.2704002 0.2655650 0.2407239 0.3368485 0.2550120 0.2410331 0.2803404 0.2359285 0.0376678 0.3915378 0.4032938 0.2558578 0.0000000 0.1195854 
n286_303   0.2692647 0.2593889 0.2691472 0.2402952 0.4525980 0.3103216 0.2688220 0.2450351 0.2739532 0.2994642 0.2644218 0.2642517 0.0033312 0.2945993 0.2995906 0.2847626 0.2796998 0.2638704 0.2642070 0.2498209 0.2846825 0.2545336 0.2946189 0.2896304 0.2690379 0.3418464 0.2739481 0.2547592 0.3048852 0.2449799 0.1275089 0.4021990 0.4141129 0.2847413 0.1195854 0.0000000 
