26
n300_283   0.0000000 0.3854440 0.2473240 0.3677415 0.0203321 0.3683997 0.4197978 0.3679531 0.3850970 0.4102233 0.2808473 0.3632352 0.0033420 0.0483561 0.2706942 0.3454366 0.0100830 0.3564538 0.4197927 0.0237373 0.4232194 0.2670088 0.0592068 0.3456085 0.3508961 0.3400983 
n293_276   0.3854440 0.0000000 0.2832758 0.0236994 0.3903356 0.0271751 0.4440363 0.0237107 0.0066892 0.4602775 0.3227173 0.1125032 0.3849705 0.4029712 0.3174106 0.0412113 0.3847629 0.0412169 0.4309203 0.4017036 0.1786021 0.2989123 0.4089342 0.0483003 0.0376894 0.0412526 
n266_249   0.2473240 0.2832758 0.0000000 0.2682566 0.2471536 0.2731745 0.3809831 0.2680995 0.2830312 0.3633906 0.1086255 0.2743068 0.2424600 0.2519898 0.1126077 0.2577850 0.2369712 0.2629031 0.3871184 0.2514132 0.3046253 0.0342193 0.2667121 0.2674151 0.2580238 0.2580709 
n275_258   0.3677415 0.0236994 0.2682566 0.0000000 0.3725467 0.0237040 0.4432328 0.0202606 0.0236815 0.4536996 0.3069403 0.1007698 0.3672964 0.3848386 0.3017503 0.0341316 0.3671015 0.0341362 0.4301474 0.3836435 0.1613576 0.2835532 0.3906534 0.0411441 0.0306478 0.0341658 
n274_257   0.0203321 0.3903356 0.2471536 0.3725467 0.0000000 0.3794453 0.4246167 0.3789824 0.3899853 0.4218819 0.2806492 0.3742192 0.0168955 0.0483272 0.2803441 0.3561426 0.0168736 0.3673142 0.4246119 0.0237233 0.4286971 0.2668219 0.0591710 0.3563224 0.3616763 0.3507327 
n297_280   0.3683997 0.0271751 0.2731745 0.0237040 0.3794453 0.0000000 0.4571038 0.0033408 0.0271545 0.4415274 0.3020403 0.1046449 0.3679531 0.3855302 0.2968826 0.0341623 0.3677576 0.0341669 0.4437462 0.3843302 0.1699577 0.2885781 0.3913560 0.0411811 0.0306754 0.0341965 
n255_238   0.4197978 0.4440363 0.3809831 0.4432328 0.4246167 0.4571038 0.0000000 0.4504618 0.4437527 0.3164596 0.4158585 0.4710428 0.4192672 0.4441282 0.4097855 0.4256321 0.4250118 0.4319748 0.0378434 0.4252575 0.5049307 0.3931541 0.4505803 0.4314715 0.4257469 0.4261372 
n298_281   0.3679531 0.0237107 0.2680995 0.0202606 0.3789824 0.0033408 0.4504618 0.0000000 0.0236927 0.4350694 0.2967692 0.1007236 0.3675075 0.3850567 0.2916516 0.0306581 0.3673125 0.0306622 0.4372313 0.3838606 0.1656311 0.2833834 0.3908746 0.0376405 0.0271893 0.0306888 
n294_277   0.3850970 0.0066892 0.2830312 0.0236815 0.3899853 0.0271545 0.4437527 0.0236927 0.0000000 0.4666729 0.3224356 0.1124137 0.3846254 0.4026072 0.3171342 0.0411799 0.3844182 0.0411855 0.4306461 0.4013418 0.1784556 0.2986524 0.4085640 0.0482633 0.0376607 0.0412212 
n244_229   0.4102233 0.4602775 0.3633906 0.4536996 0.4218819 0.4415274 0.3164596 0.4350694 0.4666729 0.0000000 0.3672748 0.4348138 0.4097121 0.4110621 0.3728256 0.4283335 0.4153421 0.4288039 0.3154309 0.4153266 0.4745600 0.3806650 0.4114403 0.4341498 0.4226454 0.4288385 
n286_269   0.2808473 0.3227173 0.1086255 0.3069403 0.2806492 0.3020403 0.4158585 0.2967692 0.3224356 0.3672748 0.0000000 0.3124795 0.2757491 0.2805639 0.0100820 0.2910856 0.2699273 0.3012622 0.4040775 0.2802458 0.3336042 0.1244793 0.2958669 0.3011165 0.2961382 0.2914111 
n236_223   0.3632352 0.1125032 0.2743068 0.1007698 0.3742192 0.1046449 0.4710428 0.1007236 0.1124137 0.4348138 0.3124795 0.0000000 0.3627948 0.3746684 0.3072448 0.0967617 0.3626028 0.0967745 0.4642595 0.3790825 0.1831001 0.2796209 0.3743463 0.1044387 0.0929450 0.0968619 
n299_282   0.0033420 0.3849705 0.2424600 0.3672964 0.0168955 0.3679531 0.4192672 0.3675075 0.3846254 0.4097121 0.2757491 0.3627948 0.0000000 0.0447714 0.2656749 0.3450246 0.0067032 0.3560256 0.4192621 0.0202886 0.4226860 0.2619969 0.0555598 0.3451960 0.3504761 0.3396939 
n278_261   0.0483561 0.4029712 0.2519898 0.3848386 0.0483272 0.3855302 0.4441282 0.3850567 0.4026072 0.4110621 0.2805639 0.3746684 0.0447714 0.0000000 0.2802589 0.3620147 0.0447131 0.3732830 0.4441248 0.0518176 0.4281369 0.2718031 0.0100724 0.3621992 0.3675950 0.3565598 
n285_268   0.2706942 0.3174106 0.1126077 0.3017503 0.2803441 0.2968826 0.4097855 0.2916516 0.3171342 0.3728256 0.0100820 0.3072448 0.2656749 0.2802589 0.0000000 0.2860177 0.2605505 0.2961212 0.3981005 0.2799415 0.3332278 0.1285597 0.2955419 0.2959786 0.2910349 0.2863368 
n290_273   0.3454366 0.0412113 0.2577850 0.0341316 0.3561426 0.0341623 0.4256321 0.0306581 0.0411799 0.4283335 0.2910856 0.0967617 0.3450246 0.3620147 0.2860177 0.0000000 0.3448452 0.0134514 0.4128461 0.3609065 0.1612222 0.2728159 0.3676505 0.0066965 0.0100646 0.0067003 
n292_275   0.0100830 0.3847629 0.2369712 0.3671015 0.0168736 0.3677576 0.4250118 0.3673125 0.3844182 0.4153421 0.2699273 0.3626028 0.0067032 0.0447131 0.2605505 0.3448452 0.0000000 0.3558387 0.4250071 0.0202622 0.4220752 0.2563011 0.0554864 0.3450165 0.3502931 0.3395181 
n295_278   0.3564538 0.0412169 0.2629031 0.0341362 0.3673142 0.0341669 0.4319748 0.0306622 0.0411855 0.4288039 0.3012622 0.0967745 0.3560256 0.3732830 0.2961212 0.0134514 0.3558387 0.0000000 0.4190694 0.3721324 0.1612428 0.2780577 0.3790053 0.0202665 0.0033408 0.0134648 
n251_234   0.4197927 0.4309203 0.3871184 0.4301474 0.4246119 0.4437462 0.0378434 0.4372313 0.4306461 0.3154309 0.4040775 0.4642595 0.4192621 0.4441248 0.3981005 0.4128461 0.4250071 0.4190694 0.0000000 0.4307041 0.4978318 0.3866308 0.4561874 0.4185879 0.4129558 0.4133336 
n280_263   0.0237373 0.4017036 0.2514132 0.3836435 0.0237233 0.3843302 0.4252575 0.3838606 0.4013418 0.4153266 0.2802458 0.3790825 0.0202886 0.0518176 0.2799415 0.3609065 0.0202622 0.3721324 0.4307041 0.0000000 0.4338473 0.2711709 0.0554908 0.3610897 0.3664661 0.3554716 
n200_191   0.4232194 0.1786021 0.3046253 0.1613576 0.4286971 0.1699577 0.5049307 0.1656311 0.1784556 0.4745600 0.3336042 0.1831001 0.4226860 0.4281369 0.3332278 0.1612222 0.4220752 0.1612428 0.4978318 0.4338473 0.0000000 0.3207842 0.4343119 0.1696098 0.1570460 0.1613935 
n265_248   0.2670088 0.2989123 0.0342193 0.2835532 0.2668219 0.2885781 0.3931541 0.2833834 0.2986524 0.3806650 0.1244793 0.2796209 0.2619969 0.2718031 0.1285597 0.2728159 0.2563011 0.2780577 0.3866308 0.2711709 0.3207842 0.0000000 0.2869682 0.2826528 0.2730689 0.2731204 
n277_260   0.0592068 0.4089342 0.2667121 0.3906534 0.0591710 0.3913560 0.4505803 0.3908746 0.4085640 0.4114403 0.2958669 0.3743463 0.0555598 0.0100724 0.2955419 0.3676505 0.0554864 0.3790053 0.4561874 0.0554908 0.4343119 0.2869682 0.0000000 0.3678393 0.3732724 0.3621553 
n289_272   0.3456085 0.0483003 0.2674151 0.0411441 0.3563224 0.0411811 0.4314715 0.0376405 0.0482633 0.4341498 0.3011165 0.1044387 0.3451960 0.3621992 0.2959786 0.0066965 0.3450165 0.0202665 0.4185879 0.3610897 0.1696098 0.2826528 0.3678393 0.0000000 0.0168484 0.0134596 
n296_279   0.3508961 0.0376894 0.2580238 0.0306478 0.3616763 0.0306754 0.4257469 0.0271893 0.0376607 0.4226454 0.2961382 0.0929450 0.3504761 0.3675950 0.2910349 0.0100646 0.3502931 0.0033408 0.4129558 0.3664661 0.1570460 0.2730689 0.3732724 0.0168484 0.0000000 0.0100746 
n287_270   0.3400983 0.0412526 0.2580709 0.0341658 0.3507327 0.0341965 0.4261372 0.0306888 0.0412212 0.4288385 0.2914111 0.0968619 0.3396939 0.3565598 0.2863368 0.0067003 0.3395181 0.0134648 0.4133336 0.3554716 0.1613935 0.2731204 0.3621553 0.0134596 0.0100746 0.0000000 
