24
n287_288   0.0000000 0.0066844 0.1043347 0.2678840 0.3026405 0.3249507 0.2667113 0.2766309 0.0341567 0.2716967 0.2766995 0.0134359 0.0376449 0.0482936 0.0412241 0.2919649 0.3502918 0.0202640 0.3190059 0.4405111 0.2718528 0.1482726 0.2580691 0.3287100 
n290_291   0.0066844 0.0000000 0.1044129 0.2583300 0.2926511 0.3201894 0.2572024 0.2669964 0.0272132 0.2621235 0.2670629 0.0066911 0.0306734 0.0412213 0.0342110 0.2821266 0.3396698 0.0134550 0.3142831 0.4285055 0.2622740 0.1401903 0.2486377 0.3183843 
n236_237   0.1043347 0.1044129 0.0000000 0.2576403 0.3017489 0.3189719 0.2467521 0.2563766 0.0967893 0.2470323 0.2564404 0.0967212 0.0929192 0.1083348 0.1085045 0.2911135 0.3792514 0.1045101 0.3130948 0.4339335 0.2517306 0.1442879 0.2479780 0.3564849 
n278_279   0.2678840 0.2583300 0.2576403 0.0000000 0.2930622 0.2938110 0.0853368 0.0967580 0.2538440 0.0891479 0.0929806 0.2536385 0.2489176 0.2682911 0.2687633 0.2825241 0.3872710 0.2635585 0.2986105 0.4112972 0.0929806 0.2777714 0.0203945 0.3641730 
n285_286   0.3026405 0.2926511 0.3017489 0.2930622 0.0000000 0.1659669 0.2815556 0.2966519 0.2979052 0.2867009 0.2917530 0.2926913 0.2926686 0.3028845 0.3088332 0.0100544 0.4485108 0.2981675 0.1658188 0.4799525 0.2917530 0.3185171 0.2825666 0.4232634 
n265_266   0.3249507 0.3201894 0.3189719 0.2938110 0.1659669 0.0000000 0.3137504 0.3295883 0.3203202 0.3086270 0.3244599 0.3202345 0.3148938 0.3254724 0.3367767 0.1616354 0.4686532 0.3255593 0.0169010 0.5088307 0.3244599 0.3424928 0.2936372 0.4368727 
n280_281   0.2667113 0.2572024 0.2467521 0.0853368 0.2815556 0.3137504 0.0000000 0.0100704 0.2527364 0.0134766 0.0067011 0.2525327 0.2478337 0.2671149 0.2675833 0.2712326 0.3515323 0.2624046 0.3079233 0.3864112 0.0067011 0.2816467 0.0778060 0.3296056 
n299_300   0.2766309 0.2669964 0.2563766 0.0967580 0.2966519 0.3295883 0.0100704 0.0000000 0.2624813 0.0237548 0.0100759 0.2622680 0.2575090 0.2770537 0.2775411 0.2860981 0.3570759 0.2722813 0.3236113 0.4039200 0.0033423 0.2917766 0.0891047 0.3349839 
n293_294   0.0341567 0.0272132 0.0967893 0.2538440 0.2979052 0.3203202 0.2527364 0.2624813 0.0000000 0.2576323 0.2625468 0.0203156 0.0033408 0.0134672 0.0100852 0.2872944 0.3512774 0.0272369 0.3144112 0.4168290 0.2577803 0.1362152 0.2441999 0.3293656 
n274_275   0.2716967 0.2621235 0.2470323 0.0891479 0.2867009 0.3086270 0.0134766 0.0237548 0.2576323 0.0000000 0.0203227 0.2574237 0.2526940 0.2721099 0.2725880 0.2762961 0.3571695 0.2673678 0.2975527 0.3983300 0.0203227 0.2819742 0.0815744 0.3350692 
n292_293   0.2766995 0.2670629 0.2564404 0.0929806 0.2917530 0.3244599 0.0067011 0.0100759 0.2625468 0.0203227 0.0000000 0.2623334 0.2575733 0.2771225 0.2776102 0.2812705 0.3628158 0.2723490 0.3185296 0.3926112 0.0067048 0.2918487 0.0853643 0.3405444 
n296_297   0.0134359 0.0066911 0.0967212 0.2536385 0.2926913 0.3202345 0.2525327 0.2622680 0.0203156 0.2574237 0.2623334 0.0000000 0.0237465 0.0341897 0.0272412 0.2821650 0.3397181 0.0066965 0.3143270 0.4285709 0.2575714 0.1321152 0.2440038 0.3184289 
n294_295   0.0376449 0.0306734 0.0929192 0.2489176 0.2926686 0.3148938 0.2478337 0.2575090 0.0033408 0.2526940 0.2575733 0.0237465 0.0000000 0.0168656 0.0134721 0.2821426 0.3456314 0.0307002 0.3090381 0.4106213 0.2528390 0.1321123 0.2393416 0.3238942 
n275_276   0.0482936 0.0412213 0.1083348 0.2682911 0.3028845 0.3254724 0.2671149 0.2770537 0.0134672 0.2721099 0.2771225 0.0341897 0.0168656 0.0000000 0.0237590 0.2921970 0.3679440 0.0412575 0.3195145 0.4165355 0.2722665 0.1443860 0.2584574 0.3455229 
n297_298   0.0412241 0.0342110 0.1085045 0.2687633 0.3088332 0.3367767 0.2675833 0.2775411 0.0100852 0.2725880 0.2776102 0.0272412 0.0134721 0.0237590 0.0000000 0.2980327 0.3571473 0.0342409 0.3307019 0.4229642 0.2727451 0.1486311 0.2589108 0.3350418 
n286_287   0.2919649 0.2821266 0.2911135 0.2825241 0.0100544 0.1616354 0.2712326 0.2860981 0.2872944 0.2762961 0.2812705 0.2821650 0.2821426 0.2921970 0.2980327 0.0000000 0.4352273 0.2875449 0.1614917 0.4660759 0.2812705 0.3128188 0.2722012 0.4104662 
n255_256   0.3502918 0.3396698 0.3792514 0.3872710 0.4485108 0.4686532 0.3515323 0.3570759 0.3512774 0.3571695 0.3628158 0.3397181 0.3456314 0.3679440 0.3571473 0.4352273 0.0000000 0.3399366 0.4611608 0.3415527 0.3628158 0.3681651 0.3756872 0.0272156 
n295_296   0.0202640 0.0134550 0.1045101 0.2635585 0.2981675 0.3255593 0.2624046 0.2722813 0.0272369 0.2673678 0.2723490 0.0066965 0.0307002 0.0412575 0.0342409 0.2875449 0.3399366 0.0000000 0.3196010 0.4225751 0.2675217 0.1403246 0.2537853 0.3186306 
n266_267   0.3190059 0.3142831 0.3130948 0.2986105 0.1658188 0.0169010 0.3079233 0.3236113 0.3144112 0.2975527 0.3185296 0.3143270 0.3090381 0.3195145 0.3307019 0.1614917 0.4611608 0.3196010 0.0000000 0.5079966 0.3185296 0.3472164 0.2879917 0.4297426 
n244_245   0.4405111 0.4285055 0.4339335 0.4112972 0.4799525 0.5088307 0.3864112 0.4039200 0.4168290 0.3983300 0.3926112 0.4285709 0.4106213 0.4165355 0.4229642 0.4660759 0.3415527 0.4225751 0.5079966 0.0000000 0.3982735 0.4474759 0.4054963 0.3198836 
n300_301   0.2718528 0.2622740 0.2517306 0.0929806 0.2917530 0.3244599 0.0067011 0.0033423 0.2577803 0.0203227 0.0067048 0.2575714 0.2528390 0.2722665 0.2727451 0.2812705 0.3628158 0.2675217 0.3185296 0.3982735 0.0000000 0.2869048 0.0853643 0.3405444 
n200_201   0.1482726 0.1401903 0.1442879 0.2777714 0.3185171 0.3424928 0.2816467 0.2917766 0.1362152 0.2819742 0.2918487 0.1321152 0.1321123 0.1443860 0.1486311 0.3128188 0.3681651 0.1403246 0.3472164 0.4474759 0.2869048 0.0000000 0.2777115 0.3455450 
n277_278   0.2580691 0.2486377 0.2479780 0.0203945 0.2825666 0.2936372 0.0778060 0.0891047 0.2441999 0.0815744 0.0853643 0.2440038 0.2393416 0.2584574 0.2589108 0.2722012 0.3756872 0.2537853 0.2879917 0.4054963 0.0853643 0.2777115 0.0000000 0.3529510 
n251_252   0.3287100 0.3183843 0.3564849 0.3641730 0.4232634 0.4368727 0.3296056 0.3349839 0.3293656 0.3350692 0.3405444 0.3184289 0.3238942 0.3455229 0.3350418 0.4104662 0.0272156 0.3186306 0.4297426 0.3198836 0.3405444 0.3455450 0.3529510 0.0000000 
