24
n292_293   0.0000000 0.2807323 0.2818559 0.3062112 0.3914544 0.2956836 0.0033395 0.3112390 0.0239167 0.2818126 0.3915392 0.2830822 0.0631408 0.2906957 0.4422715 0.3163413 0.3011787 0.3067694 0.3060430 0.2710933 0.2903075 0.0593736 0.0067139 0.3069105 
n287_288   0.2807323 0.0000000 0.0168988 0.0629296 0.4030339 0.2918085 0.2857304 0.0628279 0.2802973 0.0203391 0.3940180 0.0970251 0.2897657 0.0555916 0.4202806 0.0739783 0.0412757 0.0412728 0.2979930 0.1450595 0.2919797 0.2897697 0.2698245 0.2942680 
n290_291   0.2818559 0.0168988 0.0000000 0.0519707 0.3785649 0.2763039 0.2868748 0.0518874 0.2814185 0.0033448 0.3699724 0.0854419 0.2909251 0.0447660 0.4140572 0.0628350 0.0306860 0.0306840 0.2871709 0.1412042 0.2764683 0.2909290 0.2708999 0.2834670 
n294_295   0.3062112 0.0629296 0.0519707 0.0000000 0.4048394 0.3121911 0.3113800 0.0202970 0.3057275 0.0556074 0.3906420 0.1047723 0.3155013 0.0134722 0.4172983 0.0100631 0.0628291 0.0628240 0.3225653 0.1453524 0.3123705 0.3155002 0.2948709 0.3188177 
n251_252   0.3914544 0.4030339 0.3785649 0.4048394 0.0000000 0.4043907 0.3972778 0.4038597 0.3840890 0.3785067 0.0377413 0.3560419 0.3855058 0.3804985 0.3896013 0.4228833 0.4083269 0.4082086 0.3822179 0.3926462 0.3980446 0.3788319 0.3784909 0.3715509 
n286_287   0.2956836 0.2918085 0.2763039 0.3121911 0.4043907 0.0000000 0.3007733 0.3070202 0.2952204 0.2762621 0.3938513 0.2636138 0.3153732 0.3070301 0.3942417 0.3278659 0.2869035 0.2913406 0.1373906 0.3149465 0.0100833 0.3109899 0.2845397 0.1291214 
n300_301   0.0033395 0.2857304 0.2868748 0.3113800 0.3972778 0.3007733 0.0000000 0.3164384 0.0273936 0.2868307 0.3973637 0.2881262 0.0668032 0.2957562 0.4484987 0.3215746 0.3063121 0.3119458 0.3053513 0.2760296 0.2953557 0.0630112 0.0100926 0.3062159 
n275_276   0.3112390 0.0628279 0.0518874 0.0202970 0.4038597 0.3070202 0.3164384 0.0000000 0.3107456 0.0555177 0.3897154 0.1045946 0.3205745 0.0134517 0.4291885 0.0306670 0.0590858 0.0590811 0.3173252 0.1535035 0.3071975 0.3205723 0.2998198 0.3135857 
n274_275   0.0239167 0.2802973 0.2814185 0.3057275 0.3840890 0.2952204 0.0273936 0.3107456 0.0000000 0.2813753 0.3841722 0.2826410 0.0668979 0.2902419 0.4268388 0.3158377 0.3007050 0.3062842 0.3055605 0.2706765 0.2898563 0.0631004 0.0169483 0.3064251 
n289_290   0.2818126 0.0203391 0.0033448 0.0556074 0.3785067 0.2762621 0.2868307 0.0555177 0.2813753 0.0000000 0.3699159 0.0816037 0.2856009 0.0483576 0.4139938 0.0665337 0.0341988 0.0341965 0.2871273 0.1369967 0.2764264 0.2856057 0.2708584 0.2834238 
n255_256   0.3915392 0.3940180 0.3699724 0.3906420 0.0377413 0.3938513 0.3973637 0.3897154 0.3841722 0.3699159 0.0000000 0.3493372 0.3855895 0.3668693 0.3778666 0.4082829 0.3992383 0.3991260 0.3651708 0.3917130 0.3875922 0.3789141 0.3785730 0.3547118 
n236_237   0.2830822 0.0970251 0.0854419 0.1047723 0.3560419 0.2636138 0.2881262 0.1045946 0.2826410 0.0816037 0.3493372 0.0000000 0.2868867 0.0969157 0.3808094 0.1165330 0.0968640 0.0968547 0.2933840 0.1253707 0.2585163 0.2868914 0.2720699 0.2896592 
n278_279   0.0631408 0.2897657 0.2909251 0.3155013 0.3855058 0.3153732 0.0668032 0.3205745 0.0668979 0.2856009 0.3855895 0.2868867 0.0000000 0.3056506 0.4543253 0.3313631 0.3161432 0.3160730 0.3101085 0.2855507 0.3098437 0.0100864 0.0556696 0.3213176 
n297_298   0.2906957 0.0555916 0.0447660 0.0134722 0.3804985 0.3070301 0.2957562 0.0134517 0.2902419 0.0483576 0.3668693 0.0969157 0.3056506 0.0000000 0.4172804 0.0237469 0.0555030 0.0554987 0.3173370 0.1452798 0.3072074 0.2998236 0.2796280 0.3135968 
n244_245   0.4422715 0.4202806 0.4140572 0.4172983 0.3896013 0.3942417 0.4484987 0.4291885 0.4268388 0.4139938 0.3778666 0.3808094 0.4543253 0.4172804 0.0000000 0.4235584 0.4386677 0.4261377 0.3930638 0.4187300 0.3822334 0.4492572 0.4283114 0.3886718 
n293_294   0.3163413 0.0739783 0.0628350 0.0100631 0.4228833 0.3278659 0.3215746 0.0306670 0.3158377 0.0665337 0.4082829 0.1165330 0.3313631 0.0237469 0.4235584 0.0000000 0.0738588 0.0738525 0.3384386 0.1451143 0.3280510 0.3313583 0.3048363 0.3346708 
n296_297   0.3011787 0.0412757 0.0306860 0.0628291 0.4083269 0.2869035 0.3063121 0.0590858 0.3007050 0.0341988 0.3992383 0.0968640 0.3161432 0.0555030 0.4386677 0.0738588 0.0000000 0.0066965 0.3014963 0.1451949 0.2870727 0.3161419 0.2899270 0.2977816 
n295_296   0.3067694 0.0412728 0.0306840 0.0628240 0.4082086 0.2913406 0.3119458 0.0590811 0.3062842 0.0341965 0.3991260 0.0968547 0.3160730 0.0554987 0.4261377 0.0738525 0.0066965 0.0000000 0.3014330 0.1535841 0.2915114 0.3160718 0.2954106 0.2977196 
n266_267   0.3060430 0.2979930 0.2871709 0.3225653 0.3822179 0.1373906 0.3053513 0.3173252 0.3055605 0.2871273 0.3651708 0.2933840 0.3101085 0.3173370 0.3930638 0.3384386 0.3014963 0.3014330 0.0000000 0.3181550 0.1414927 0.3057496 0.2947267 0.0378002 
n200_201   0.2710933 0.1450595 0.1412042 0.1453524 0.3926462 0.3149465 0.2760296 0.1535035 0.2706765 0.1369967 0.3917130 0.1253707 0.2855507 0.1452798 0.4187300 0.1451143 0.1451949 0.1535841 0.3181550 0.0000000 0.3201887 0.2855556 0.2603428 0.3252432 
n285_286   0.2903075 0.2919797 0.2764683 0.3123705 0.3980446 0.0100833 0.2953557 0.3071975 0.2898563 0.2764264 0.3875922 0.2585163 0.3098437 0.3072074 0.3822334 0.3280510 0.2870727 0.2915114 0.1414927 0.3201887 0.0000000 0.3054865 0.2792676 0.1331745 
n277_278   0.0593736 0.2897697 0.2909290 0.3155002 0.3788319 0.3109899 0.0630112 0.3205723 0.0631004 0.2856057 0.3789141 0.2868914 0.0100864 0.2998236 0.4492572 0.3313583 0.3161419 0.3160718 0.3057496 0.2855556 0.3054865 0.0000000 0.0519639 0.3158195 
n280_281   0.0067139 0.2698245 0.2708999 0.2948709 0.3784909 0.2845397 0.0100926 0.2998198 0.0169483 0.2708584 0.3785730 0.2720699 0.0556696 0.2796280 0.4283114 0.3048363 0.2899270 0.2954106 0.2947267 0.2603428 0.2792676 0.0519639 0.0000000 0.2955516 
n265_266   0.3069105 0.2942680 0.2834670 0.3188177 0.3715509 0.1291214 0.3062159 0.3135857 0.3064251 0.2834238 0.3547118 0.2896592 0.3213176 0.3135968 0.3886718 0.3346708 0.2977816 0.2977196 0.0378002 0.3252432 0.1331745 0.3158195 0.2955516 0.0000000 
