26
n287_288   0.0000000 0.0134543 0.0736502 0.2676677 0.2694446 0.2336190 0.2481839 0.2483345 0.0626080 0.2725748 0.2389330 0.0168785 0.0553915 0.0482553 0.0518343 0.0067031 0.2550563 0.3683992 0.0134697 0.2425950 0.3852334 0.0517783 0.2436114 0.1427141 0.2677649 0.3679399 
n290_291   0.0134543 0.0000000 0.0884626 0.2868102 0.2884216 0.2518428 0.2668199 0.2669867 0.0697466 0.2918511 0.2573509 0.0306370 0.0624772 0.0552913 0.0588979 0.0134390 0.2736717 0.3840104 0.0271649 0.2566124 0.4074142 0.0588339 0.2621435 0.1545904 0.2869195 0.3835271 
n236_237   0.0736502 0.0884626 0.0000000 0.2630384 0.2827813 0.2520468 0.2436443 0.2437911 0.1036325 0.2678765 0.2344473 0.0849065 0.1036889 0.0960956 0.0999222 0.0810689 0.2681813 0.3684342 0.0736975 0.2566311 0.3847115 0.0998119 0.2390975 0.1465876 0.2580690 0.3725992 
n278_279   0.2676677 0.2868102 0.2630384 0.0000000 0.2851735 0.2724030 0.0774362 0.0774728 0.3165559 0.0812783 0.0700613 0.2774632 0.3064365 0.2965790 0.3018314 0.2773737 0.2804825 0.3702206 0.2776835 0.2673432 0.4102500 0.3066184 0.0737593 0.3368080 0.0135088 0.3912871 
n285_286   0.2694446 0.2884216 0.2827813 0.2851735 0.0000000 0.1466256 0.2892565 0.2846838 0.3277090 0.2999445 0.2795637 0.2938795 0.3175670 0.3130755 0.3130219 0.2790684 0.0235094 0.3654876 0.2888247 0.1506297 0.3888398 0.3178149 0.2797466 0.3124917 0.2948373 0.3590120 
n265_266   0.2336190 0.2518428 0.2520468 0.2724030 0.1466256 0.0000000 0.2576744 0.2578332 0.2859208 0.2726452 0.2483106 0.2388137 0.2762247 0.2714296 0.2616966 0.2428408 0.1426723 0.3636989 0.2341158 0.0237180 0.3479386 0.2662389 0.2530481 0.2808051 0.2725031 0.3626863 
n280_281   0.2481839 0.2668199 0.2436443 0.0774362 0.2892565 0.2576744 0.0000000 0.0134992 0.2957467 0.0307700 0.0067168 0.2577012 0.2859140 0.2763233 0.2814121 0.2576220 0.2845528 0.3700894 0.2579060 0.2527293 0.4099554 0.2860755 0.0101002 0.3007318 0.0774537 0.3966135 
n299_300   0.2483345 0.2669867 0.2437911 0.0774728 0.2846838 0.2578332 0.0134992 0.0000000 0.2959402 0.0307830 0.0067196 0.2578601 0.2860981 0.2764986 0.2815923 0.2577808 0.2847344 0.3703636 0.2580652 0.2528837 0.4102802 0.2862599 0.0033513 0.3009302 0.0774894 0.3969195 
n293_294   0.0626080 0.0697466 0.1036325 0.3165559 0.3277090 0.2859208 0.2957467 0.2959402 0.0000000 0.3218158 0.2859251 0.0736708 0.0066748 0.0340906 0.0411405 0.0625338 0.3121857 0.4068996 0.0699767 0.2954978 0.4187242 0.0410962 0.2909024 0.1755945 0.3166857 0.4063802 
n274_275   0.2725748 0.2918511 0.2678765 0.0812783 0.2999445 0.2726452 0.0307700 0.0307830 0.3218158 0.0000000 0.0238235 0.2824436 0.3116194 0.3016906 0.3069865 0.2823513 0.2951690 0.3877971 0.2826679 0.2582811 0.4221881 0.3118068 0.0272955 0.3269993 0.0774877 0.4093732 
n292_293   0.2389330 0.2573509 0.2344473 0.0700613 0.2795637 0.2483106 0.0067168 0.0067196 0.2859251 0.0238235 0.0000000 0.2483299 0.2762158 0.2667399 0.2717579 0.2482554 0.2749138 0.3592372 0.2485275 0.2434331 0.3985076 0.2763683 0.0033518 0.2908430 0.0700758 0.3854134 
n296_297   0.0168785 0.0306370 0.0849065 0.2774632 0.2938795 0.2388137 0.2577012 0.2578601 0.0736708 0.2824436 0.2483299 0.0000000 0.0663386 0.0590923 0.0627304 0.0237417 0.2789922 0.3797487 0.0100948 0.2478698 0.4030170 0.0626624 0.2530712 0.1551376 0.2775666 0.3792712 
n294_295   0.0553915 0.0624772 0.1036889 0.3064365 0.3175670 0.2762247 0.2859140 0.2860981 0.0066748 0.3116194 0.2762158 0.0663386 0.0000000 0.0271491 0.0341274 0.0553262 0.3022525 0.4012916 0.0626821 0.2856900 0.4249249 0.0340908 0.2811285 0.1713393 0.3065591 0.4007810 
n275_276   0.0482553 0.0552913 0.0960956 0.2965790 0.3130755 0.2714296 0.2763233 0.2764986 0.0340906 0.3016906 0.2667399 0.0590923 0.0271491 0.0000000 0.0306425 0.0481988 0.2978309 0.3894750 0.0554716 0.2808414 0.4190810 0.0306096 0.2715924 0.1629501 0.2966948 0.3889834 
n297_298   0.0518343 0.0588979 0.0999222 0.3018314 0.3130219 0.2616966 0.2814121 0.2815923 0.0411405 0.3069865 0.2717579 0.0627304 0.0341274 0.0306425 0.0000000 0.0517734 0.2977796 0.3894114 0.0590905 0.2709916 0.4197649 0.0066904 0.2766473 0.1713769 0.3019509 0.3889201 
n289_290   0.0067031 0.0134390 0.0810689 0.2773737 0.2790684 0.2428408 0.2576220 0.2577808 0.0625338 0.2823513 0.2482554 0.0237417 0.0553262 0.0481988 0.0517734 0.0000000 0.2644889 0.3734731 0.0202996 0.2519202 0.3965593 0.0517174 0.2529943 0.1466158 0.2774770 0.3730063 
n286_287   0.2550563 0.2736717 0.2681813 0.2804825 0.0235094 0.1426723 0.2845528 0.2847344 0.3121857 0.2951690 0.2749138 0.2789922 0.3022525 0.2978309 0.2977796 0.2644889 0.0000000 0.3661200 0.2740502 0.1466589 0.3835378 0.3024825 0.2797961 0.2922906 0.2900930 0.3596292 
n255_256   0.3683992 0.3840104 0.3684342 0.3702206 0.3654876 0.3636989 0.3700894 0.3703636 0.4068996 0.3877971 0.3592372 0.3797487 0.4012916 0.3894750 0.3894114 0.3734731 0.3661200 0.0000000 0.3739765 0.3683926 0.2952398 0.3946986 0.3647532 0.3949113 0.3810810 0.0375762 
n295_296   0.0134697 0.0271649 0.0736975 0.2776835 0.2888247 0.2341158 0.2579060 0.2580652 0.0699767 0.2826679 0.2485275 0.0100948 0.0626821 0.0554716 0.0590905 0.0202996 0.2740502 0.3739765 0.0000000 0.2431138 0.3908764 0.0590264 0.2532724 0.1509948 0.2777871 0.3735084 
n266_267   0.2425950 0.2566124 0.2566311 0.2673432 0.1506297 0.0237180 0.2527293 0.2528837 0.2954978 0.2582811 0.2434331 0.2478698 0.2856900 0.2808414 0.2709916 0.2519202 0.1466589 0.3683926 0.2431138 0.0000000 0.3635367 0.2755800 0.2481354 0.2855577 0.2674401 0.3673652 
n244_245   0.3852334 0.4074142 0.3847115 0.4102500 0.3888398 0.3479386 0.4099554 0.4102802 0.4187242 0.4221881 0.3985076 0.4030170 0.4249249 0.4190810 0.4197649 0.3965593 0.3835378 0.2952398 0.3908764 0.3635367 0.0000000 0.4252728 0.4043352 0.4135217 0.4217209 0.2994807 
n298_299   0.0517783 0.0588339 0.0998119 0.3066184 0.3178149 0.2662389 0.2860755 0.2862599 0.0410962 0.3118068 0.2763683 0.0626624 0.0340908 0.0306096 0.0066904 0.0517174 0.3024825 0.3946986 0.0590264 0.2755800 0.4252728 0.0000000 0.2812856 0.1711806 0.3067412 0.3830950 
n300_301   0.2436114 0.2621435 0.2390975 0.0737593 0.2797466 0.2530481 0.0101002 0.0033513 0.2909024 0.0272955 0.0033518 0.2530712 0.2811285 0.2715924 0.2766473 0.2529943 0.2797961 0.3647532 0.2532724 0.2481354 0.4043352 0.2812856 0.0000000 0.2958553 0.0737749 0.3911122 
n200_201   0.1427141 0.1545904 0.1465876 0.3368080 0.3124917 0.2808051 0.3007318 0.3009302 0.1755945 0.3269993 0.2908430 0.1551376 0.1713393 0.1629501 0.1713769 0.1466158 0.2922906 0.3949113 0.1509948 0.2855577 0.4135217 0.1711806 0.2958553 0.0000000 0.3369532 0.3944117 
n277_278   0.2677649 0.2869195 0.2580690 0.0135088 0.2948373 0.2725031 0.0774537 0.0774894 0.3166857 0.0774877 0.0700758 0.2775666 0.3065591 0.2966948 0.3019509 0.2774770 0.2900930 0.3810810 0.2777871 0.2674401 0.4217209 0.3067412 0.0737749 0.3369532 0.0000000 0.4024234 
n251_252   0.3679399 0.3835271 0.3725992 0.3912871 0.3590120 0.3626863 0.3966135 0.3969195 0.4063802 0.4093732 0.3854134 0.3792712 0.4007810 0.3889834 0.3889201 0.3730063 0.3596292 0.0375762 0.3735084 0.3673652 0.2994807 0.3830950 0.3911122 0.3944117 0.4024234 0.0000000 
