26
n287_272   0.0000000 0.3076293 3.1717710 1.1202984 2.5634372 3.0133675 0.3032606 3.0860046 0.7935891 3.2114464 0.0487713 0.1421606 2.3225967 3.6697419 2.6529764 5.7820485 0.0416631 9.0000000 2.6482723 2.9919384 0.1464897 0.3246404 3.1110381 0.3243444 2.6973500 0.2927625 
n294_279   0.3076293 0.0000000 3.3230681 0.9715532 2.8931873 2.9567380 0.1374843 3.4463016 0.7271095 3.3245444 0.3123507 0.3510326 2.8370038 4.9695401 2.1223074 4.5987609 0.3237903 9.0000000 2.8245039 2.8194954 0.3565291 0.1250648 3.5028854 0.0594389 2.9912925 0.1376925 
n285_270   3.1717710 3.3230681 0.0000000 2.8147500 2.0317765 2.7143167 2.8120319 2.8204778 1.7269250 2.7390029 2.9080740 3.4871522 1.0514802 6.1668442 0.9712283 3.5943461 2.9449902 3.3451256 2.0530861 2.6515726 3.0073952 2.9762716 1.9866965 2.7137670 0.0740145 2.7768186 
n200_193   1.1202984 0.9715532 2.8147500 0.0000000 2.0713828 2.1200544 1.2250623 2.3833480 0.9840613 2.2261336 1.0671899 1.0392873 1.9541889 3.3061116 2.2193501 4.8255037 1.0730432 9.0000000 2.3666966 2.2606725 1.1323417 1.0338313 2.2758958 1.0388783 2.7740572 1.1861265 
n274_259   2.5634372 2.8931873 2.0317765 2.0713828 0.0000000 0.1662586 2.5332816 0.1661121 2.0564154 0.1575958 2.5661089 2.0891087 1.9666366 2.7292025 1.7587810 2.4225874 2.4441770 6.0546858 0.5424362 0.1534655 2.6293615 2.3061832 0.4902226 2.8204545 2.1567922 2.3973091 
n292_277   3.0133675 2.9567380 2.7143167 2.1200544 0.1662586 0.0000000 2.6212505 0.0480606 2.6243039 0.0339928 3.1312832 2.4110073 2.1040083 2.9243319 2.1954197 2.2727558 2.9177178 9.0000000 0.5166236 0.0925902 3.0768125 2.5814339 0.4940307 3.0936171 2.3745281 2.5347675 
n297_282   0.3032606 0.1374843 2.8120319 1.2250623 2.5332816 2.6212505 0.0000000 2.7778585 0.7481118 2.8775129 0.3185435 0.3518973 2.8652224 4.6620459 2.5071315 5.7697814 0.3248306 9.0000000 3.1632038 2.6749608 0.3461504 0.1503271 3.5595909 0.1335263 2.5091995 0.0380481 
n300_285   3.0860046 3.4463016 2.8204778 2.3833480 0.1661121 0.0480606 2.7778585 0.0000000 2.6303684 0.0133496 3.2125324 2.4212325 2.0115754 2.3656779 2.1915650 2.0175444 2.9857730 9.0000000 0.5235117 0.0963149 3.2275639 2.7419477 0.4935664 3.6586751 2.4513493 2.6780288 
n236_225   0.7935891 0.7271095 1.7269250 0.9840613 2.0564154 2.6243039 0.7481118 2.6303684 0.0000000 2.8073194 0.7396257 0.7660488 1.7468675 9.0000000 2.4039745 3.7771938 0.7631050 7.0617958 2.0077993 2.5178805 0.7878612 0.7245103 2.1700558 0.6990698 1.6767410 0.7381406 
n299_284   3.2114464 3.3245444 2.7390029 2.2261336 0.1575958 0.0339928 2.8775129 0.0133496 2.8073194 0.0000000 3.3553472 2.6156643 2.0172227 2.4924567 2.1055118 2.0651790 3.1022701 9.0000000 0.5168959 0.0849185 3.4693351 2.8398452 0.4872065 3.5158233 2.3921080 2.7684685 
n289_274   0.0487713 0.3123507 2.9080740 1.0671899 2.5661089 3.1312832 0.3185435 3.2125324 0.7396257 3.3553472 0.0000000 0.1542746 2.1310162 3.1196475 2.4144159 4.2748508 0.0415063 9.0000000 2.6311127 3.1062898 0.1544739 0.3294458 3.2081624 0.3182758 2.4499806 0.3135016 
n296_281   0.1421606 0.3510326 3.4871522 1.0392873 2.0891087 2.4110073 0.3518973 2.4212325 0.7660488 2.6156643 0.1542746 0.0000000 2.3259958 3.0256266 2.5052566 4.6787459 0.1420879 9.0000000 2.3704186 2.5937410 0.0523041 0.3519269 2.5012692 0.3746352 3.0169649 0.3521824 
n266_251   2.3225967 2.8370038 1.0514802 1.9541889 1.9666366 2.1040083 2.8652224 2.0115754 1.7468675 2.0172227 2.1310162 2.3259958 0.0000000 3.3950735 0.2170271 3.0652661 2.0081469 2.5606071 2.3133413 2.1125463 2.6531178 2.8034818 1.9982781 3.1569211 1.0390349 3.0947098 
n251_236   3.6697419 4.9695401 6.1668442 3.3061116 2.7292025 2.9243319 4.6620459 2.3656779 9.0000000 2.4924567 3.1196475 3.0256266 3.3950735 0.0000000 3.1572433 0.2591970 3.1307665 1.8653184 4.0722569 2.5644683 3.5363989 5.1772771 3.2553114 4.6552431 4.6008846 5.7152107 
n265_250   2.6529764 2.1223074 0.9712283 2.2193501 1.7587810 2.1954197 2.5071315 2.1915650 2.4039745 2.1055118 2.4144159 2.5052566 0.2170271 3.1572433 0.0000000 2.8141563 2.4172274 2.7715909 2.4565842 2.1491565 2.7164994 2.4336159 2.2065413 2.4531422 1.0441237 2.6670137 
n255_240   5.7820485 4.5987609 3.5943461 4.8255037 2.4225874 2.2727558 5.7697814 2.0175444 3.7771938 2.0651790 4.2748508 4.6787459 3.0652661 0.2591970 2.8141563 0.0000000 4.2931679 1.8244468 3.7246908 2.2026044 8.4673003 9.0000000 2.9455221 5.5361532 2.8510805 8.4377212 
n290_275   0.0416631 0.3237903 2.9449902 1.0730432 2.4441770 2.9177178 0.3248306 2.9857730 0.7631050 3.1022701 0.0415063 0.1420879 2.0081469 3.1307665 2.4172274 4.2931679 0.0000000 9.0000000 2.6681530 2.9152415 0.1422707 0.3470456 3.2682348 0.3409230 2.4829324 0.3197369 
n244_231   9.0000000 9.0000000 3.3451256 9.0000000 6.0546858 9.0000000 9.0000000 9.0000000 7.0617958 9.0000000 9.0000000 9.0000000 2.5606071 1.8653184 2.7715909 1.8244468 9.0000000 0.0000000 9.0000000 9.0000000 9.0000000 9.0000000 9.0000000 9.0000000 3.2606062 9.0000000 
n277_262   2.6482723 2.8245039 2.0530861 2.3666966 0.5424362 0.5166236 3.1632038 0.5235117 2.0077993 0.5168959 2.6311127 2.3704186 2.3133413 4.0722569 2.4565842 3.7246908 2.6681530 9.0000000 0.0000000 0.4550180 2.4774101 3.0861334 0.1089358 3.0479040 1.8547756 2.8603881 
n280_265   2.9919384 2.8194954 2.6515726 2.2606725 0.1534655 0.0925902 2.6749608 0.0963149 2.5178805 0.0849185 3.1062898 2.5937410 2.1125463 2.5644683 2.1491565 2.2026044 2.9152415 9.0000000 0.4550180 0.0000000 3.1558037 2.6412446 0.4410442 2.9389736 2.2587300 2.6775758 
n295_280   0.1464897 0.3565291 3.0073952 1.1323417 2.6293615 3.0768125 0.3461504 3.2275639 0.7878612 3.4693351 0.1544739 0.0523041 2.6531178 3.5363989 2.7164994 8.4673003 0.1422707 9.0000000 2.4774101 3.1558037 0.0000000 0.3578653 2.6283274 0.3687030 2.6785643 0.3464307 
n275_260   0.3246404 0.1250648 2.9762716 1.0338313 2.3061832 2.5814339 0.1503271 2.7419477 0.7245103 2.8398452 0.3294458 0.3519269 2.8034818 5.1772771 2.4336159 9.0000000 0.3470456 9.0000000 3.0861334 2.6412446 0.3578653 0.0000000 3.3182397 0.1291632 2.7090813 0.1545893 
n278_263   3.1110381 3.5028854 1.9866965 2.2758958 0.4902226 0.4940307 3.5595909 0.4935664 2.1700558 0.4872065 3.2081624 2.5012692 1.9982781 3.2553114 2.2065413 2.9455221 3.2682348 9.0000000 0.1089358 0.4410442 2.6283274 3.3182397 0.0000000 3.2667042 1.9146864 3.1411171 
n293_278   0.3243444 0.0594389 2.7137670 1.0388783 2.8204545 3.0936171 0.1335263 3.6586751 0.6990698 3.5158233 0.3182758 0.3746352 3.1569211 4.6552431 2.4531422 5.5361532 0.3409230 9.0000000 3.0479040 2.9389736 0.3687030 0.1291632 3.2667042 0.0000000 2.3731241 0.1337285 
n286_271   2.6973500 2.9912925 0.0740145 2.7740572 2.1567922 2.3745281 2.5091995 2.4513493 1.6767410 2.3921080 2.4499806 3.0169649 1.0390349 4.6008846 1.0441237 2.8510805 2.4829324 3.2606062 1.8547756 2.2587300 2.6785643 2.7090813 1.9146864 2.3731241 0.0000000 2.4849640 
n298_283   0.2927625 0.1376925 2.7768186 1.1861265 2.3973091 2.5347675 0.0380481 2.6780288 0.7381406 2.7684685 0.3135016 0.3521824 3.0947098 5.7152107 2.6670137 8.4377212 0.3197369 9.0000000 2.8603881 2.6775758 0.3464307 0.1545893 3.1411171 0.1337285 2.4849640 0.0000000 
