34
n285_330   0.0000000 0.2487703 0.3021256 0.2589217 0.2443047 0.2961293 0.0134228 0.2961492 0.2807194 0.3014850 0.2444246 0.2486056 0.2637404 0.2593832 0.2444816 0.3494357 0.1575247 0.2909576 0.2912179 0.2541999 0.2633717 0.4071183 0.3120289 0.3066016 0.2490099 0.2298956 0.2485077 0.2504862 0.2591367 0.1368586 0.4388859 0.2946695 0.2394427 0.2533825 
n280_323   0.2487703 0.0000000 0.2856368 0.2537010 0.2438085 0.2952870 0.2438191 0.3009201 0.2748712 0.3062841 0.2439279 0.0134812 0.0706258 0.2638974 0.2439846 0.3834039 0.2438023 0.2957020 0.2851659 0.2536746 0.0668308 0.4018653 0.2901100 0.2851410 0.2484579 0.2343337 0.0168887 0.2797752 0.2585969 0.2297553 0.4204660 0.2440128 0.2438848 0.0203201 
n236_269   0.3021256 0.2856368 0.0000000 0.2499889 0.2307887 0.1014100 0.2967034 0.1053289 0.0975564 0.1093078 0.2356372 0.2802839 0.3012922 0.2456430 0.2356916 0.3992447 0.3120823 0.1014115 0.0976039 0.2402530 0.3116525 0.4689542 0.1213473 0.1172990 0.2401416 0.2550962 0.2853309 0.1764869 0.2404780 0.2966143 0.4894475 0.2700419 0.2260112 0.2752303 
n296_347   0.2589217 0.2537010 0.2499889 0.0000000 0.0342212 0.2303601 0.2538830 0.2543143 0.2447044 0.2593081 0.0100763 0.2486395 0.2994327 0.0485132 0.0168874 0.3724596 0.2727025 0.2494454 0.2399180 0.0237636 0.2991963 0.4207719 0.2643071 0.2693045 0.0412814 0.0893434 0.2534330 0.2351793 0.0448765 0.2682459 0.4081508 0.1841386 0.0377557 0.2388668 
n293_342   0.2443047 0.2438085 0.2307887 0.0342212 0.0000000 0.2350084 0.2393791 0.2397791 0.2303656 0.2446655 0.0237777 0.2388290 0.2888284 0.0203639 0.0237817 0.3492250 0.2783047 0.2350115 0.2256761 0.0307346 0.2886045 0.3963457 0.2495572 0.2544489 0.0134807 0.0817803 0.2435515 0.2210296 0.0169074 0.2686025 0.3900536 0.1667181 0.0033449 0.2292039 
n275_318   0.2961293 0.2952870 0.1014100 0.2303601 0.2350084 0.0000000 0.2907655 0.0413502 0.0203493 0.0413609 0.2256311 0.2898632 0.3390628 0.2451054 0.2163191 0.3917578 0.2951574 0.0378061 0.0203585 0.2207600 0.3385439 0.4820033 0.0521008 0.0484867 0.2446030 0.2497510 0.2949719 0.1587507 0.2399528 0.2907170 0.4818696 0.2746310 0.2302085 0.2847510 
n286_331   0.0134228 0.2438191 0.2967034 0.2538830 0.2393791 0.2907655 0.0000000 0.2907851 0.2754805 0.2960755 0.2394961 0.2436583 0.2686053 0.2543338 0.2395515 0.3436256 0.1491144 0.2856362 0.2858913 0.2491944 0.2682279 0.4136304 0.3065315 0.3011520 0.2440500 0.2250824 0.2532657 0.2454915 0.2540935 0.1286954 0.4389411 0.2893401 0.2345552 0.2483991 
n289_338   0.2961492 0.3009201 0.1053289 0.2543143 0.2397791 0.0413502 0.2907851 0.0000000 0.0342755 0.0134892 0.2398965 0.2903129 0.3337310 0.2499549 0.2351391 0.3794389 0.3063124 0.0033441 0.0342922 0.2396895 0.3332231 0.4815798 0.0272855 0.0238078 0.2494412 0.2546280 0.2954317 0.1630184 0.2447604 0.2963174 0.4814463 0.2848358 0.2349450 0.2851909 
n298_353   0.2807194 0.2748712 0.0975564 0.2447044 0.2303656 0.0203493 0.2754805 0.0342755 0.0000000 0.0413826 0.2304774 0.2696172 0.3173115 0.2403883 0.2257829 0.3797912 0.2905886 0.0307688 0.0135025 0.2302797 0.3168376 0.4753922 0.0449124 0.0413387 0.2398968 0.2401909 0.2745787 0.1545712 0.2352753 0.2808004 0.4752599 0.2647250 0.2255977 0.2646460 
n287_334   0.3014850 0.3062841 0.1093078 0.2593081 0.2446655 0.0413609 0.2960755 0.0134892 0.0413826 0.0000000 0.2447858 0.2955920 0.3393669 0.2549247 0.2352117 0.3850159 0.3117231 0.0100915 0.0414018 0.2397637 0.3388470 0.4885674 0.0343144 0.0307954 0.2492782 0.2596270 0.3007513 0.1629222 0.2496857 0.3016548 0.4884322 0.2900680 0.2397950 0.2904305 
n295_346   0.2444246 0.2439279 0.2356372 0.0100763 0.0237777 0.2256311 0.2394961 0.2398965 0.2304774 0.2447858 0.0000000 0.2389453 0.2889758 0.0378303 0.0067060 0.3554329 0.2630861 0.2351260 0.2257852 0.0134799 0.2887516 0.4025768 0.2496805 0.2545752 0.0307302 0.0780023 0.2436707 0.2211361 0.0342609 0.2535883 0.3902735 0.1711124 0.0272547 0.2293146 
n292_341   0.2486056 0.0134812 0.2802839 0.2486395 0.2388290 0.2898632 0.2436583 0.2903129 0.2696172 0.2955920 0.2389453 0.0000000 0.0558277 0.2587483 0.2390005 0.3833942 0.2534982 0.2851758 0.2798251 0.2486132 0.0521364 0.4015713 0.2796823 0.2747846 0.2434441 0.2294279 0.0100760 0.2744833 0.2534968 0.2392608 0.4201547 0.2390281 0.2389035 0.0134699 
n277_320   0.2637404 0.0706258 0.3012922 0.2994327 0.2888284 0.3390628 0.2686053 0.3337310 0.3173115 0.3393669 0.2889758 0.0558277 0.0000000 0.3103884 0.2890474 0.4405196 0.2943180 0.3282558 0.3282887 0.2994062 0.0238221 0.4331800 0.3449478 0.3284306 0.2937728 0.2787148 0.0594818 0.3171817 0.3046604 0.2744044 0.4526491 0.2786270 0.2889209 0.0705668 
n297_350   0.2593832 0.2638974 0.2456430 0.0485132 0.0203639 0.2451054 0.2543338 0.2499549 0.2403883 0.2549247 0.0378303 0.2587483 0.3103884 0.0000000 0.0378368 0.3610638 0.2889689 0.2451085 0.2356232 0.0413506 0.3101386 0.4034641 0.2598998 0.2648738 0.0272926 0.0972767 0.2636178 0.2355927 0.0101022 0.2791138 0.3911261 0.1845258 0.0238278 0.2488182 
n287_332   0.2444816 0.2439846 0.2356916 0.0168874 0.0237817 0.2163191 0.2395515 0.2351391 0.2257829 0.2352117 0.0067060 0.2390005 0.2890474 0.0378368 0.0000000 0.3498141 0.2732041 0.2304011 0.2211218 0.0067060 0.2888231 0.4026942 0.2448542 0.2497149 0.0307354 0.0780166 0.2437272 0.2211861 0.0342667 0.2635700 0.3903853 0.1711483 0.0272593 0.2293668 
n244_279   0.3494357 0.3834039 0.3992447 0.3724596 0.3492250 0.3917578 0.3436256 0.3794389 0.3797912 0.3850159 0.3554329 0.3833942 0.4405196 0.3610638 0.3498141 0.0000000 0.4220101 0.3793003 0.3800272 0.3493537 0.4397637 0.3427806 0.3909968 0.3970035 0.3486071 0.3332019 0.3951920 0.3747121 0.3604776 0.3920554 0.3539950 0.3846226 0.3550463 0.3834388 
n265_302   0.1575247 0.2438023 0.3120823 0.2727025 0.2783047 0.2951574 0.1491144 0.3063124 0.2905886 0.3117231 0.2630861 0.2534982 0.2943180 0.2889689 0.2732041 0.4220101 0.0000000 0.3010501 0.3012308 0.2780161 0.2938920 0.4407514 0.3224114 0.3169050 0.2884998 0.2536459 0.2583249 0.2747452 0.2886870 0.0272235 0.4742490 0.3151765 0.2732003 0.2436565 
n290_339   0.2909576 0.2957020 0.1014115 0.2494454 0.2350115 0.0378061 0.2856362 0.0033441 0.0307688 0.0100915 0.2351260 0.2851758 0.3282558 0.2451085 0.2304011 0.3793003 0.3010501 0.0000000 0.0307827 0.2349238 0.3277593 0.4748242 0.0238141 0.0203550 0.2446061 0.2497541 0.2902566 0.1587484 0.2399559 0.2911242 0.4746922 0.2797421 0.2302115 0.2800901 
n294_345   0.2912179 0.2851659 0.0976039 0.2399180 0.2256761 0.0203585 0.2858913 0.0342922 0.0135025 0.0414018 0.2257852 0.2798251 0.3282887 0.2356232 0.2211218 0.3800272 0.3012308 0.0307827 0.0000000 0.2255921 0.3277922 0.4757132 0.0449332 0.0413578 0.2351426 0.2451435 0.2848619 0.1546503 0.2305504 0.2912988 0.4755808 0.2698696 0.2209410 0.2747816 
n289_336   0.2541999 0.2536746 0.2402530 0.0237636 0.0307346 0.2207600 0.2491944 0.2396895 0.2302797 0.2397637 0.0134799 0.2486132 0.2994062 0.0413506 0.0067060 0.3493537 0.2780161 0.2349238 0.2255921 0.0000000 0.2991698 0.4083586 0.2494636 0.2543533 0.0377614 0.0855793 0.2534066 0.2305927 0.0377608 0.2683249 0.3959581 0.1798598 0.0342512 0.2388409 
n278_321   0.2633717 0.0668308 0.3116525 0.2991963 0.2886045 0.3385439 0.2682279 0.3332231 0.3168376 0.3388470 0.2887516 0.0521364 0.0238221 0.3101386 0.2888231 0.4397637 0.2938920 0.3277593 0.3277922 0.2991698 0.0000000 0.4328833 0.3331432 0.3279335 0.2935433 0.2785024 0.0557657 0.3167081 0.3044178 0.2740154 0.4523290 0.2838136 0.2886969 0.0667750 
n255_290   0.4071183 0.4018653 0.4689542 0.4207719 0.3963457 0.4820033 0.4136304 0.4815798 0.4753922 0.4885674 0.4025768 0.4015713 0.4331800 0.4034641 0.4026942 0.3427806 0.4407514 0.4748242 0.4757132 0.4083586 0.4328833 0.0000000 0.4883477 0.5025287 0.4085042 0.3727147 0.4075822 0.4761848 0.4026588 0.4289170 0.0519161 0.4077579 0.4026003 0.3893371 
n295_348   0.3120289 0.2901100 0.1213473 0.2643071 0.2495572 0.0521008 0.3065315 0.0272855 0.0449124 0.0343144 0.2496805 0.2796823 0.3449478 0.2598998 0.2448542 0.3909968 0.3224114 0.0238141 0.0449332 0.2494636 0.3331432 0.4883477 0.0000000 0.0100798 0.2593625 0.2646309 0.2847172 0.1715114 0.2546164 0.3122014 0.4882127 0.2845313 0.2446505 0.2746407 
n296_349   0.3066016 0.2851410 0.1172990 0.2693045 0.2544489 0.0484867 0.3011520 0.0238078 0.0413387 0.0307954 0.2545752 0.2747846 0.3284306 0.2648738 0.2497149 0.3970035 0.3169050 0.0203550 0.0413578 0.2543533 0.3279335 0.5025287 0.0100798 0.0000000 0.2643247 0.2696333 0.2797862 0.1671389 0.2595465 0.3067727 0.5023904 0.2950718 0.2495065 0.2697749 
n275_316   0.2490099 0.2484579 0.2401416 0.0412814 0.0134807 0.2446030 0.2440500 0.2494412 0.2398968 0.2492782 0.0307302 0.2434441 0.2937728 0.0272926 0.0307354 0.3486071 0.2884998 0.2446061 0.2351426 0.0377614 0.2935433 0.4085042 0.2593625 0.2643247 0.0000000 0.0893871 0.2481959 0.2161980 0.0237924 0.2786618 0.3960994 0.1753724 0.0169001 0.2337579 
n236_267   0.2298956 0.2343337 0.2550962 0.0893434 0.0817803 0.2497510 0.2250824 0.2546280 0.2401909 0.2596270 0.0780023 0.2294279 0.2787148 0.0972767 0.0780166 0.3332019 0.2536459 0.2497541 0.2451435 0.0855793 0.2785024 0.3727147 0.2646309 0.2696333 0.0893871 0.0000000 0.2340870 0.2308071 0.0932980 0.2442610 0.3557468 0.1625934 0.0856057 0.2199354 
n300_355   0.2485077 0.0168887 0.2853309 0.2534330 0.2435515 0.2949719 0.2532657 0.2954317 0.2745787 0.3007513 0.2436707 0.0100760 0.0594818 0.2636178 0.2437272 0.3951920 0.2583249 0.2902566 0.2848619 0.2534066 0.0557657 0.4075822 0.2847172 0.2797862 0.2481959 0.2340870 0.0000000 0.2794774 0.2583235 0.2439919 0.4263321 0.2437554 0.2436277 0.0168746 
n200_229   0.2504862 0.2797752 0.1764869 0.2351793 0.2210296 0.1587507 0.2454915 0.1630184 0.1545712 0.1629222 0.2211361 0.2744833 0.3171817 0.2355927 0.2211861 0.3747121 0.2747452 0.1587484 0.1546503 0.2305927 0.3167081 0.4761848 0.1715114 0.1671389 0.2161980 0.2308071 0.2794774 0.0000000 0.2306592 0.2602033 0.4837766 0.2351880 0.2163259 0.2694808 
n298_351   0.2591367 0.2585969 0.2404780 0.0448765 0.0169074 0.2399528 0.2540935 0.2447604 0.2352753 0.2496857 0.0342609 0.2534968 0.3046604 0.0101022 0.0342667 0.3604776 0.2886870 0.2399559 0.2305504 0.0377608 0.3044178 0.4026588 0.2546164 0.2595465 0.0237924 0.0932980 0.2583235 0.2306592 0.0000000 0.2788439 0.3903533 0.1798852 0.0203483 0.2436549 
n266_303   0.1368586 0.2297553 0.2966143 0.2682459 0.2686025 0.2907170 0.1286954 0.2963174 0.2808004 0.3016548 0.2535883 0.2392608 0.2744044 0.2791138 0.2635700 0.3920554 0.0272235 0.2911242 0.2912988 0.2683249 0.2740154 0.4289170 0.3122014 0.3067727 0.2786618 0.2442610 0.2439919 0.2602033 0.2788439 0.0000000 0.4618818 0.3049669 0.2635668 0.2296180 
n251_286   0.4388859 0.4204660 0.4894475 0.4081508 0.3900536 0.4818696 0.4389411 0.4814463 0.4752599 0.4884322 0.3902735 0.4201547 0.4526491 0.3911261 0.3903853 0.3539950 0.4742490 0.4746922 0.4755808 0.3959581 0.4523290 0.0519161 0.4882127 0.5023904 0.3960994 0.3557468 0.4263321 0.4837766 0.3903533 0.4618818 0.0000000 0.4266726 0.3962471 0.4140536 
n200_227   0.2946695 0.2440128 0.2700419 0.1841386 0.1667181 0.2746310 0.2893401 0.2848358 0.2647250 0.2900680 0.1711124 0.2390281 0.2786270 0.1845258 0.1711483 0.3846226 0.3151765 0.2797421 0.2698696 0.1798598 0.2838136 0.4077579 0.2845313 0.2950718 0.1753724 0.1625934 0.2437554 0.2351880 0.1798852 0.3049669 0.4266726 0.0000000 0.1623954 0.2390424 
n294_343   0.2394427 0.2438848 0.2260112 0.0377557 0.0033449 0.2302085 0.2345552 0.2349450 0.2255977 0.2397950 0.0272547 0.2389035 0.2889209 0.0238278 0.0272593 0.3550463 0.2732003 0.2302115 0.2209410 0.0342512 0.2886969 0.4026003 0.2446505 0.2495065 0.0169001 0.0856057 0.2436277 0.2163259 0.0203483 0.2635668 0.3962471 0.1623954 0.0000000 0.2292751 
n274_315   0.2533825 0.0203201 0.2752303 0.2388668 0.2292039 0.2847510 0.2483991 0.2851909 0.2646460 0.2904305 0.2293146 0.0134699 0.0705668 0.2488182 0.2293668 0.3834388 0.2436565 0.2800901 0.2747816 0.2388409 0.0667750 0.3893371 0.2746407 0.2697749 0.2337579 0.2199354 0.0168746 0.2694808 0.2436549 0.2296180 0.4140536 0.2390424 0.2292751 0.0000000 
