29
n292_329   0.0000000 0.3134166 0.4562076 0.2985047 0.2976101 0.2931461 0.3040514 0.2968497 0.3384682 0.3026892 0.3027395 0.0067158 0.2983559 0.3511938 0.3567526 0.0899054 0.3541016 0.3567526 0.3086123 0.2871602 0.0747802 0.3395907 0.2673161 0.0169301 0.3246589 0.2971976 0.3630383 0.3463992 0.3157634 
n266_291   0.3134166 0.0000000 0.3678307 0.3136823 0.1331829 0.3087491 0.3197651 0.0341963 0.3352528 0.2980257 0.3081657 0.3134166 0.3140040 0.3503892 0.3558717 0.3075550 0.3180817 0.3558717 0.3093250 0.1290096 0.2971140 0.3389453 0.2689391 0.3138888 0.3200401 0.2926349 0.3796787 0.3628824 0.3057720 
n244_263   0.4562076 0.3678307 0.0000000 0.4482535 0.3934049 0.4302347 0.4435845 0.3569255 0.3013715 0.4291775 0.4172786 0.4562076 0.4365369 0.4581987 0.4645665 0.4425299 0.3000936 0.4645665 0.4294101 0.3814076 0.4315901 0.4570914 0.4101222 0.4433704 0.4483885 0.4159807 0.4764297 0.4499010 0.4255292 
n296_333   0.2985047 0.3136823 0.4482535 0.0000000 0.3098436 0.0272177 0.0272534 0.2933176 0.3355019 0.0518858 0.0518925 0.3087476 0.0237551 0.3393680 0.3447740 0.3135307 0.3569365 0.3556118 0.0555944 0.2993003 0.3033478 0.3386984 0.1613875 0.3143751 0.0665456 0.0482632 0.3559022 0.3396368 0.1204037 
n285_320   0.2976101 0.1331829 0.3934049 0.3098436 0.0000000 0.3099629 0.3210337 0.1169462 0.3485529 0.2996350 0.2996844 0.2976101 0.3152428 0.3477490 0.3532482 0.3030767 0.3416870 0.3532482 0.3008138 0.0067035 0.2767453 0.3362751 0.2507420 0.3031349 0.3063122 0.2842578 0.3638144 0.3585929 0.2961695 
n287_322   0.2931461 0.3087491 0.4302347 0.0272177 0.3099629 0.0000000 0.0066955 0.2884929 0.3303736 0.0554255 0.0554327 0.3033155 0.0033351 0.3390598 0.3444608 0.3080685 0.3516913 0.3552885 0.0591546 0.2994123 0.2878586 0.3383913 0.1654321 0.3088962 0.0701525 0.0517854 0.3555783 0.3393281 0.1242563 
n290_325   0.3040514 0.3197651 0.4435845 0.0272534 0.3210337 0.0066955 0.0000000 0.2991942 0.3419095 0.0554987 0.0555059 0.3143786 0.0033394 0.3395680 0.3449780 0.3191967 0.3635747 0.3558238 0.0592343 0.3103058 0.2986780 0.3388976 0.1656610 0.3200593 0.0702463 0.0518537 0.3561146 0.3398373 0.1244259 
n265_290   0.2968497 0.0341963 0.3569255 0.2933176 0.1169462 0.2884929 0.2991942 0.0000000 0.3191391 0.2833552 0.2879621 0.2968497 0.2936079 0.3231566 0.3284522 0.2968568 0.3126352 0.3284522 0.2890362 0.1128832 0.2865675 0.3121405 0.2546848 0.3030682 0.2994610 0.2728410 0.3513338 0.3351244 0.2798950 
n251_270   0.3384682 0.3352528 0.3013715 0.3355019 0.3485529 0.3303736 0.3419095 0.3191391 0.0000000 0.3296652 0.3297214 0.3384682 0.3358648 0.3490636 0.3545905 0.3927529 0.0413595 0.3545905 0.3358658 0.3372580 0.3743858 0.3375306 0.3137363 0.3494443 0.3525606 0.3239377 0.3432722 0.3381488 0.3145313 
n297_334   0.3026892 0.2980257 0.4291775 0.0518858 0.2996350 0.0554255 0.0554987 0.2833552 0.3296652 0.0000000 0.0066872 0.3129589 0.0518255 0.3275529 0.3328649 0.3177511 0.3558755 0.3435129 0.0237788 0.2892372 0.3075433 0.3269133 0.1570266 0.3186060 0.0342319 0.0168546 0.3437860 0.3278064 0.1047047 
n298_335   0.3027395 0.3081657 0.4172786 0.0518925 0.2996844 0.0554327 0.0555059 0.2879621 0.3297214 0.0066872 0.0000000 0.3130113 0.0518322 0.3276083 0.3329215 0.3178045 0.3559373 0.3435718 0.0237818 0.2892844 0.3075946 0.3269685 0.1570492 0.3186597 0.0342363 0.0168575 0.3438449 0.3278619 0.1084580 
n280_313   0.0067158 0.3134166 0.4562076 0.3087476 0.2976101 0.3033155 0.3143786 0.2968497 0.3384682 0.3129589 0.3130113 0.0000000 0.3085953 0.3511938 0.3567526 0.0899054 0.3541016 0.3567526 0.3189779 0.2871602 0.0747802 0.3395907 0.2771325 0.0169301 0.3352443 0.3073863 0.3630383 0.3463992 0.3262798 
n289_324   0.2983559 0.3140040 0.4365369 0.0237551 0.3152428 0.0033351 0.0033394 0.2936079 0.3358648 0.0518255 0.0518322 0.3085953 0.0000000 0.3335790 0.3389414 0.3133770 0.3573372 0.3496913 0.0555286 0.3046135 0.2930300 0.3329238 0.1611956 0.3142209 0.0664676 0.0482071 0.3499732 0.3338403 0.1202611 
n300_337   0.3511938 0.3503892 0.4581987 0.3393680 0.3477490 0.3390598 0.3395680 0.3231566 0.3490636 0.3275529 0.3276083 0.3511938 0.3335790 0.0000000 0.0033392 0.3679590 0.3700468 0.0100603 0.3280394 0.3430509 0.3625273 0.0134654 0.2867539 0.3509696 0.3444622 0.3218722 0.0665738 0.0519759 0.3179963 
n299_336   0.3567526 0.3558717 0.4645665 0.3447740 0.3532482 0.3444608 0.3449780 0.3284522 0.3545905 0.3328649 0.3329215 0.3567526 0.3389414 0.0033392 0.0000000 0.3736381 0.3757075 0.0066939 0.3333602 0.3485266 0.3681707 0.0100793 0.2918057 0.3565243 0.3498982 0.3271411 0.0629375 0.0484109 0.3232585 
n278_309   0.0899054 0.3075550 0.4425299 0.3135307 0.3030767 0.3080685 0.3191967 0.2968568 0.3927529 0.3177511 0.3178045 0.0899054 0.3133770 0.3679590 0.3736381 0.0000000 0.4037286 0.3736381 0.3238103 0.2925394 0.0308515 0.3560809 0.2920388 0.0938394 0.3401665 0.3121451 0.3738699 0.3570143 0.3094737 
n255_276   0.3541016 0.3180817 0.3000936 0.3569365 0.3416870 0.3516913 0.3635747 0.3126352 0.0413595 0.3558755 0.3559373 0.3541016 0.3573372 0.3700468 0.3757075 0.4037286 0.0000000 0.3757075 0.3623236 0.3305253 0.3851108 0.3582042 0.3231707 0.3652835 0.3795865 0.3391753 0.3641081 0.3588762 0.3464266 
n280_311   0.3567526 0.3558717 0.4645665 0.3556118 0.3532482 0.3552885 0.3558238 0.3284522 0.3545905 0.3435129 0.3435718 0.3567526 0.3496913 0.0100603 0.0066939 0.3736381 0.3757075 0.0000000 0.3440260 0.3485266 0.3681707 0.0100793 0.2965191 0.3565243 0.3553145 0.3377022 0.0629375 0.0484109 0.3281408 
n293_330   0.3086123 0.3093250 0.4294101 0.0555944 0.3008138 0.0591546 0.0592343 0.2890362 0.3358658 0.0237788 0.0237818 0.3189779 0.0555286 0.3280394 0.3333602 0.3238103 0.3623236 0.3440260 0.0000000 0.2903678 0.3135094 0.3273979 0.1528244 0.3246850 0.0100673 0.0203147 0.3443000 0.3282937 0.1125881 
n286_321   0.2871602 0.1290096 0.3814076 0.2993003 0.0067035 0.2994123 0.3103058 0.1128832 0.3372580 0.2892372 0.2892844 0.2871602 0.3046135 0.3430509 0.3485266 0.2925394 0.3305253 0.3485266 0.2903678 0.0000000 0.2666066 0.3316326 0.2410017 0.2925958 0.3059167 0.2740831 0.3590503 0.3538481 0.2857713 
n277_308   0.0747802 0.2971140 0.4315901 0.3033478 0.2767453 0.2878586 0.2986780 0.2865675 0.3743858 0.3075433 0.3075946 0.0747802 0.2930300 0.3625273 0.3681707 0.0308515 0.3851108 0.3681707 0.3135094 0.2666066 0.0000000 0.3507319 0.2673798 0.0786206 0.3296537 0.3020157 0.3683960 0.3516466 0.2993098 
n274_301   0.3395907 0.3389453 0.4570914 0.3386984 0.3362751 0.3383913 0.3388976 0.3121405 0.3375306 0.3269133 0.3269685 0.3395907 0.3329238 0.0134654 0.0100793 0.3560809 0.3582042 0.0100793 0.3273979 0.3316326 0.3507319 0.0000000 0.2864704 0.3393752 0.3437809 0.3212466 0.0593645 0.0448965 0.3118481 
n200_211   0.2673161 0.2689391 0.4101222 0.1613875 0.2507420 0.1654321 0.1656610 0.2546848 0.3137363 0.1570266 0.1570492 0.2771325 0.1611956 0.2867539 0.2918057 0.2920388 0.3231707 0.2965191 0.1528244 0.2410017 0.2673798 0.2864704 0.0000000 0.2824885 0.1654571 0.1527157 0.3234204 0.3078020 0.1579738 
n274_303   0.0169301 0.3138888 0.4433704 0.3143751 0.3031349 0.3088962 0.3200593 0.3030682 0.3494443 0.3186060 0.3186597 0.0169301 0.3142209 0.3509696 0.3565243 0.0938394 0.3652835 0.3565243 0.3246850 0.2925958 0.0786206 0.3393752 0.2824885 0.0000000 0.3410920 0.3129822 0.3692945 0.3461780 0.3320791 
n294_331   0.3246589 0.3200401 0.4483885 0.0665456 0.3063122 0.0701525 0.0702463 0.2994610 0.3525606 0.0342319 0.0342363 0.3352443 0.0664676 0.3444622 0.3498982 0.3401665 0.3795865 0.3553145 0.0100673 0.3059167 0.3296537 0.3437809 0.1654571 0.3410920 0.0000000 0.0307063 0.3610939 0.3447374 0.1245329 
n275_304   0.2971976 0.2926349 0.4159807 0.0482632 0.2842578 0.0517854 0.0518537 0.2728410 0.3239377 0.0168546 0.0168575 0.3073863 0.0482071 0.3218722 0.3271411 0.3121451 0.3391753 0.3377022 0.0203147 0.2740831 0.3020157 0.3212466 0.1527157 0.3129822 0.0307063 0.0000000 0.3379672 0.3221185 0.1044539 
n278_307   0.3630383 0.3796787 0.4764297 0.3559022 0.3638144 0.3555783 0.3561146 0.3513338 0.3432722 0.3437860 0.3438449 0.3630383 0.3499732 0.0665738 0.0629375 0.3738699 0.3641081 0.0629375 0.3443000 0.3590503 0.3683960 0.0593645 0.3234204 0.3692945 0.3610939 0.3379672 0.0000000 0.0134434 0.3336249 
n277_306   0.3463992 0.3628824 0.4499010 0.3396368 0.3585929 0.3393281 0.3398373 0.3351244 0.3381488 0.3278064 0.3278619 0.3463992 0.3338403 0.0519759 0.0484109 0.3570143 0.3588762 0.0484109 0.3282937 0.3538481 0.3516466 0.0448965 0.3078020 0.3461780 0.3447374 0.3221185 0.0134434 0.0000000 0.3178225 
n236_255   0.3157634 0.3057720 0.4255292 0.1204037 0.2961695 0.1242563 0.1244259 0.2798950 0.3145313 0.1047047 0.1084580 0.3262798 0.1202611 0.3179963 0.3232585 0.3094737 0.3464266 0.3281408 0.1125881 0.2857713 0.2993098 0.3118481 0.1579738 0.3320791 0.1245329 0.1044539 0.3336249 0.3178225 0.0000000 
