30
n285_328   0.0000000 1.7590532 2.3467912 2.1058322 1.9693164 2.2924660 2.2186710 3.0127687 1.7162950 0.0342098 2.1977659 2.4499978 2.3471506 2.5299283 1.3552415 2.4188749 2.1620426 2.0688513 1.8561159 1.6349799 1.9644089 1.7101009 1.2177289 1.3917906 2.4582557 1.2620990 2.0553268 2.4109455 2.8561088 1.5782546 
n278_321   1.7590532 0.0000000 1.9965063 1.4715351 0.4367674 2.6032122 1.5020319 2.2751203 1.2050096 1.7301301 1.7557215 1.9906573 1.9559795 1.5657205 1.4904312 1.5232225 2.2042023 1.4044099 0.4441016 1.2044941 0.4571902 0.4910911 1.7269752 1.5172907 1.8703164 1.7179709 0.4632697 2.0173004 2.4431993 0.1097329 
n298_343   2.3467912 1.9965063 0.0000000 0.2655339 2.0978522 1.8455070 0.2659156 2.6122237 2.0359737 2.2558784 0.1252989 0.1555126 1.0272278 0.2658271 1.9001942 0.2657388 0.5583088 0.2854657 2.1800623 2.1667237 2.2234534 1.9152662 1.5712235 2.0766468 0.0414750 1.6506714 2.2671896 0.1598679 2.3239881 2.0325311 
n289_334   2.1058322 1.4715351 0.2655339 0.0000000 1.5490305 1.7388510 0.0483814 2.7279865 2.0989564 2.1247921 0.2961134 0.3470341 0.9726048 0.1572921 1.5940784 0.1489500 0.5955755 0.0376299 1.6584445 2.1382818 1.6005755 1.5226925 1.7979813 1.7512965 0.2811636 1.8755689 1.6822197 0.3309050 3.0951127 1.4737529 
n280_323   1.9693164 0.4367674 2.0978522 1.5490305 0.0000000 3.8044384 1.5556487 3.7195405 1.2439798 1.9711440 2.1529046 2.4604898 2.4129457 1.9178617 1.3619499 1.8668393 2.1496430 1.5276053 0.0636537 1.2135564 0.0711394 0.1215152 1.7635257 1.4154890 2.0018168 1.8954997 0.0710794 2.4397263 2.9486076 0.4531808 
n244_279   2.2924660 2.6032122 1.8455070 1.7388510 3.8044384 0.0000000 1.6584644 2.5913931 2.3650548 2.0934150 1.9758882 2.1910670 1.9003053 1.7033776 2.9998063 1.6785186 2.0268385 1.7894624 3.4879566 2.7882525 3.8185780 4.5861347 2.5565106 2.8319672 1.8962636 2.8054616 3.9341356 2.1402981 2.6432521 2.5014471 
n287_332   2.2186710 1.5020319 0.2659156 0.0483814 1.5556487 1.6584644 0.0000000 2.8305313 2.1517058 2.1895418 0.2965589 0.3531190 0.9675974 0.1617702 1.5772563 0.1533619 0.5866484 0.0665636 1.6663828 2.1585247 1.6078069 1.5440840 1.6636715 1.7329077 0.2922432 1.7074629 1.6936914 0.3361144 3.4735344 1.4807296 
n251_290   3.0127687 2.2751203 2.6122237 2.7279865 3.7195405 2.5913931 2.8305313 0.0000000 3.3128530 3.3068674 2.7973145 3.1270833 2.1534450 2.2903787 3.7943781 2.3274790 2.6654037 2.5938336 3.2930398 3.2074848 3.3633062 3.5423658 3.2074375 3.8268840 2.4191608 3.0457664 3.2917603 2.6652840 0.3288300 2.5646563 
n265_308   1.7162950 1.2050096 2.0359737 2.0989564 1.2439798 2.3650548 2.1517058 3.3128530 0.0000000 1.6622484 1.9017390 2.2741741 2.3525964 2.3532526 0.9807204 2.1799067 2.2753537 2.0917224 1.3102551 0.1507849 1.3327593 1.3525258 1.7669520 0.9234060 2.0105919 1.7515459 1.3748475 2.3201728 3.2308976 1.1626706 
n286_329   0.0342098 1.7301301 2.2558784 2.1247921 1.9711440 2.0934150 2.1895418 3.3068674 1.6622484 0.0000000 2.1610861 2.3502851 2.5346642 2.5560633 1.3541626 2.4420138 2.1078308 2.1327427 1.8579285 1.5333598 1.9662374 1.7462314 1.1815672 1.3507023 2.3063305 1.2447671 2.0571471 2.3138859 3.2195373 1.5545430 
n275_318   2.1977659 1.7557215 0.1252989 0.2961134 2.1529046 1.9758882 0.2965589 2.7973145 1.9017390 2.1610861 0.0000000 0.1379852 1.0585703 0.3122979 2.0442178 0.3121944 0.5955726 0.3113747 2.1596756 1.9583324 2.0555136 2.0818695 1.7003213 2.2618942 0.1212791 1.7555418 2.2346589 0.1422069 2.5365443 1.8639129 
n294_339   2.4499978 1.9906573 0.1555126 0.3470341 2.4604898 2.1910670 0.3531190 3.1270833 2.2741741 2.3502851 0.1379852 0.0000000 1.2339608 0.3425938 2.2020005 0.3424796 0.6072868 0.3628961 2.3199964 2.2766320 2.4549697 2.2337365 1.8901484 2.3213499 0.1640563 1.7679840 2.3402191 0.0523324 3.2302519 2.0771921 
n200_229   2.3471506 1.9559795 1.0272278 0.9726048 2.4129457 1.9003053 0.9675974 2.1534450 2.3525964 2.5346642 1.0585703 1.2339608 0.0000000 1.0394713 1.9796122 0.9982733 1.0224432 0.9487922 2.5042915 2.4696352 2.4710510 2.4729806 1.4880655 2.2254691 0.9994580 1.6163415 2.5564183 1.2462121 2.1600531 2.0488084 
n296_341   2.5299283 1.5657205 0.2658271 0.1572921 1.9178617 1.7033776 0.1617702 2.2903787 2.3532526 2.5560633 0.3122979 0.3425938 1.0394713 0.0000000 2.1017427 0.0237416 0.5950515 0.1698489 1.9305106 2.3980248 1.8762159 1.7920891 1.8259071 2.3794274 0.2971637 1.7743772 1.9990978 0.3372737 2.4908903 1.5861498 
n286_331   1.3552415 1.4904312 1.9001942 1.5940784 1.3619499 2.9998063 1.5772563 3.7943781 0.9807204 1.3541626 2.0442178 2.2020005 1.9796122 2.1017427 0.0000000 1.9572272 1.8531326 1.5508028 1.4664813 0.9182823 1.4119088 1.4161725 1.5337179 0.0698574 1.9439333 1.5724442 1.4912116 2.3735769 2.4169811 1.5668728 
n295_340   2.4188749 1.5232225 0.2657388 0.1489500 1.8668393 1.6785186 0.1533619 2.3274790 2.1799067 2.4420138 0.3121944 0.3424796 0.9982733 0.0237416 1.9572272 0.0000000 0.5962312 0.1613678 1.8789714 2.2792301 1.8268398 1.7773261 1.7571109 2.2337326 0.2970650 1.7098452 1.9449323 0.3371613 2.4627967 1.5430718 
n236_271   2.1620426 2.2042023 0.5583088 0.5955755 2.1496430 2.0268385 0.5866484 2.6654037 2.2753537 2.1078308 0.5955726 0.6072868 1.0224432 0.5950515 1.8531326 0.5962312 0.0000000 0.5848824 2.4085532 2.6090107 2.5877107 2.2046465 1.5956888 2.0515332 0.5958298 1.8394512 2.5081229 0.6078430 2.3012163 2.2042069 
n290_335   2.0688513 1.4044099 0.2854657 0.0376299 1.5276053 1.7894624 0.0665636 2.5938336 2.0917224 2.1327427 0.3113747 0.3628961 0.9487922 0.1698489 1.5508028 0.1613678 0.5848824 0.0000000 1.6347418 2.1743574 1.5780607 1.5470674 1.6893948 1.7010553 0.3072054 1.6785652 1.6580341 0.3519489 3.0716082 1.4308381 
n299_344   1.8561159 0.4441016 2.1800623 1.6584445 0.0636537 3.4879566 1.6663828 3.2930398 1.3102551 1.8579285 2.1596756 2.3199964 2.5042915 1.9305106 1.4664813 1.8789714 2.4085532 1.6347418 0.0000000 1.2547607 0.0452518 0.1137696 1.7648608 1.4982399 2.0640531 1.8265664 0.0170124 2.3030394 2.9372779 0.4608535 
n266_309   1.6349799 1.2044941 2.1667237 2.1382818 1.2135564 2.7882525 2.1585247 3.2074848 0.1507849 1.5333598 1.9583324 2.2766320 2.4696352 2.3980248 0.9182823 2.2792301 2.6090107 2.1743574 1.2547607 0.0000000 1.2194051 1.3313299 1.5854484 0.8550048 2.1391085 1.6756008 1.3147427 2.2585478 3.3566127 1.2587790 
n292_337   1.9644089 0.4571902 2.2234534 1.6005755 0.0711394 3.8185780 1.6078069 3.3633062 1.3327593 1.9662374 2.0555136 2.4549697 2.4710510 1.8762159 1.4119088 1.8268398 2.5877107 1.5780607 0.0452518 1.2194051 0.0000000 0.1465288 1.7428701 1.4703402 2.0655380 1.8711068 0.0489117 2.4343361 3.0205517 0.4812351 
n274_317   1.7101009 0.4910911 1.9152662 1.5226925 0.1215152 4.5861347 1.5440840 3.5423658 1.3525258 1.7462314 2.0818695 2.2337365 2.4729806 1.7920891 1.4161725 1.7773261 2.2046465 1.5470674 0.1137696 1.3313299 0.1465288 0.0000000 1.8084612 1.5208756 1.8638461 1.9795255 0.1220058 2.2222980 2.9559996 0.4946227 
n265_306   1.2177289 1.7269752 1.5712235 1.7979813 1.7635257 2.5565106 1.6636715 3.2074375 1.7669520 1.1815672 1.7003213 1.8901484 1.4880655 1.8259071 1.5337179 1.7571109 1.5956888 1.6893948 1.7648608 1.5854484 1.7428701 1.8084612 0.0000000 1.5422094 1.6241869 0.1321296 1.9014153 1.9163630 2.6028255 1.7574087 
n285_330   1.3917906 1.5172907 2.0766468 1.7512965 1.4154890 2.8319672 1.7329077 3.8268840 0.9234060 1.3507023 2.2618942 2.3213499 2.2254691 2.3794274 0.0698574 2.2337326 2.0515332 1.7010553 1.4982399 0.8550048 1.4703402 1.5208756 1.5422094 0.0000000 2.0365571 1.6318070 1.5779478 2.6653327 2.5908958 1.6136889 
n297_342   2.4582557 1.8703164 0.0414750 0.2811636 2.0018168 1.8962636 0.2922432 2.4191608 2.0105919 2.3063305 0.1212791 0.1640563 0.9994580 0.2971637 1.9439333 0.2970650 0.5958298 0.3072054 2.0640531 2.1391085 2.0655380 1.8638461 1.6241869 2.0365571 0.0000000 1.6702793 2.1424006 0.1641923 2.3377913 2.0083368 
n266_307   1.2620990 1.7179709 1.6506714 1.8755689 1.8954997 2.8054616 1.7074629 3.0457664 1.7515459 1.2447671 1.7555418 1.7679840 1.6163415 1.7743772 1.5724442 1.7098452 1.8394512 1.6785652 1.8265664 1.6756008 1.8711068 1.9795255 0.1321296 1.6318070 1.6702793 0.0000000 1.9740441 1.9346603 2.4626440 1.6953323 
n300_345   2.0553268 0.4632697 2.2671896 1.6822197 0.0710794 3.9341356 1.6936914 3.2917603 1.3748475 2.0571471 2.2346589 2.3402191 2.5564183 1.9990978 1.4912116 1.9449323 2.5081229 1.6580341 0.0170124 1.3147427 0.0489117 0.1220058 1.9014153 1.5779478 2.1424006 1.9740441 0.0000000 2.3229601 2.9173055 0.4882696 
n293_338   2.4109455 2.0173004 0.1598679 0.3309050 2.4397263 2.1402981 0.3361144 2.6652840 2.3201728 2.3138859 0.1422069 0.0523324 1.2462121 0.3372737 2.3735769 0.3371613 0.6078430 0.3519489 2.3030394 2.2585478 2.4343361 2.2222980 1.9163630 2.6653327 0.1641923 1.9346603 2.3229601 0.0000000 2.9372091 2.1052588 
n255_294   2.8561088 2.4431993 2.3239881 3.0951127 2.9486076 2.6432521 3.4735344 0.3288300 3.2308976 3.2195373 2.5365443 3.2302519 2.1600531 2.4908903 2.4169811 2.4627967 2.3012163 3.0716082 2.9372779 3.3566127 3.0205517 2.9559996 2.6028255 2.5908958 2.3377913 2.4626440 2.9173055 2.9372091 0.0000000 2.8598726 
n277_320   1.5782546 0.1097329 2.0325311 1.4737529 0.4531808 2.5014471 1.4807296 2.5646563 1.1626706 1.5545430 1.8639129 2.0771921 2.0488084 1.5861498 1.5668728 1.5430718 2.2042069 1.4308381 0.4608535 1.2587790 0.4812351 0.4946227 1.7574087 1.6136889 2.0083368 1.6953323 0.4882696 2.1052588 2.8598726 0.0000000 
