25
n251_256   0.0000000 0.3554714 0.4520480 0.3604254 0.4587597 0.4277202 0.3716277 0.4718206 0.4583064 0.4087937 0.3674466 0.4768046 0.4525385 0.4656387 0.4786597 0.3501626 0.3555090 0.4590802 0.4587928 0.3761988 0.4509418 0.4518332 0.3671308 0.0483353 0.3504904 
n299_304   0.3554714 0.0000000 0.3392624 0.2321378 0.3393696 0.2771782 0.2508899 0.3555119 0.3500850 0.2671022 0.0168192 0.3544957 0.3506284 0.3502013 0.3498000 0.0033291 0.0553402 0.3446316 0.3501691 0.3841361 0.3597811 0.3447992 0.0134203 0.3286517 0.0518115 
n275_280   0.4520480 0.3392624 0.0000000 0.2955880 0.0135254 0.3692187 0.3002127 0.0203788 0.0101107 0.3517802 0.3344058 0.0739980 0.0101115 0.0169485 0.0238431 0.3340592 0.3440948 0.0135230 0.0169472 0.4652193 0.1613900 0.0169471 0.3506537 0.4269016 0.3284943 
n286_291   0.3604254 0.2321378 0.2955880 0.0000000 0.2956758 0.1405991 0.0167883 0.2957385 0.2956705 0.1241704 0.2417299 0.3205851 0.3062049 0.2908348 0.3009968 0.2368078 0.2650966 0.2957412 0.3008939 0.3719240 0.3372781 0.3007661 0.2511665 0.3437482 0.2605993 
n297_302   0.4587597 0.3393696 0.0135254 0.2956758 0.0000000 0.3693407 0.3003023 0.0343457 0.0238521 0.3518937 0.3345109 0.0891372 0.0238539 0.0308486 0.0378901 0.3341640 0.3552775 0.0273472 0.0308462 0.4717677 0.1787086 0.0033557 0.3507663 0.4340586 0.3394452 
n265_270   0.4277202 0.2771782 0.3692187 0.1405991 0.3693407 0.0000000 0.1488178 0.3694239 0.3693268 0.0134630 0.2825758 0.4022617 0.3811440 0.3639900 0.3753305 0.2773121 0.3183040 0.3694334 0.3635944 0.4148188 0.3973420 0.3687419 0.2823350 0.4229597 0.3134898 
n285_290   0.3716277 0.2508899 0.3002127 0.0167883 0.3003023 0.1488178 0.0000000 0.3003661 0.3002966 0.1321878 0.2607469 0.3258129 0.3108895 0.2954391 0.3056541 0.2556830 0.2847084 0.3003692 0.3055494 0.3833100 0.3421262 0.3054193 0.2704342 0.3546897 0.2801098 
n289_294   0.4718206 0.3555119 0.0203788 0.2957385 0.0343457 0.3694239 0.3003661 0.0000000 0.0308069 0.3519719 0.3505666 0.0814549 0.0308093 0.0033550 0.0101132 0.3502013 0.3604312 0.0067230 0.0101102 0.4592335 0.1654953 0.0378727 0.3671754 0.4459737 0.3445062 
n293_298   0.4583064 0.3500850 0.0101107 0.2956705 0.0238521 0.3693268 0.3002966 0.0308069 0.0000000 0.3518822 0.3451696 0.0852667 0.0135165 0.0273288 0.0343289 0.3448106 0.3549749 0.0238478 0.0273267 0.4587577 0.1698288 0.0273264 0.3616566 0.4331283 0.3391594 
n266_271   0.4087937 0.2671022 0.3517802 0.1241704 0.3518937 0.0134630 0.1321878 0.3519719 0.3518822 0.0000000 0.2724125 0.3781282 0.3633944 0.3466638 0.3577235 0.2672307 0.2968872 0.3519794 0.3462919 0.3962548 0.3792151 0.3513300 0.2721807 0.4041198 0.2921979 
n274_279   0.3674466 0.0168192 0.3344058 0.2417299 0.3345109 0.2825758 0.2607469 0.3505666 0.3451696 0.2724125 0.0000000 0.3495656 0.3457046 0.3452833 0.3448888 0.0134289 0.0663024 0.3397453 0.3452516 0.4017136 0.3548240 0.3399104 0.0236862 0.3401590 0.0627264 
n236_241   0.4768046 0.3544957 0.0739980 0.3205851 0.0891372 0.4022617 0.3258129 0.0814549 0.0852667 0.3781282 0.3495656 0.0000000 0.0852730 0.0777473 0.0852556 0.3492021 0.3482058 0.0740041 0.0777412 0.4898155 0.1865837 0.0929438 0.3661192 0.4508334 0.3379580 
n294_299   0.4525385 0.3506284 0.0101115 0.3062049 0.0238539 0.3811440 0.3108895 0.0308093 0.0135165 0.3633944 0.3457046 0.0852730 0.0000000 0.0273310 0.0343316 0.3453446 0.3555266 0.0238497 0.0273289 0.4527989 0.1742320 0.0273286 0.3622219 0.4273581 0.3396829 
n290_295   0.4656387 0.3502013 0.0169485 0.2908348 0.0308486 0.3639900 0.2954391 0.0033550 0.0273288 0.3466638 0.3452833 0.0777473 0.0273310 0.0000000 0.0067289 0.3449240 0.3550938 0.0033549 0.0067269 0.4592850 0.1613532 0.0343598 0.3617796 0.4399938 0.3392696 
n287_292   0.4786597 0.3498000 0.0238431 0.3009968 0.0378901 0.3753305 0.3056541 0.0101132 0.0343289 0.3577235 0.3448888 0.0852556 0.0343316 0.0067289 0.0000000 0.3445303 0.3546858 0.0101128 0.0135184 0.4721904 0.1698222 0.0414362 0.3613608 0.4462068 0.3388843 
n300_305   0.3501626 0.0033291 0.3340592 0.2368078 0.3341640 0.2773121 0.2556830 0.3502013 0.3448106 0.2672307 0.0134289 0.3492021 0.3453446 0.3449240 0.3445303 0.0000000 0.0517747 0.3393925 0.3448924 0.3899357 0.3544546 0.3395574 0.0100455 0.3235178 0.0482581 
n277_282   0.3555090 0.0553402 0.3440948 0.2650966 0.3552775 0.3183040 0.2847084 0.3604312 0.3549749 0.2968872 0.0663024 0.3482058 0.3555266 0.3550938 0.3546858 0.0517747 0.0000000 0.3494930 0.3550611 0.4128249 0.3593119 0.3608212 0.0626414 0.3281983 0.0100440 
n295_300   0.4590802 0.3446316 0.0135230 0.2957412 0.0273472 0.3694334 0.3003692 0.0067230 0.0238478 0.3519794 0.3397453 0.0740041 0.0238497 0.0033549 0.0101128 0.3393925 0.3494930 0.0000000 0.0033547 0.4527847 0.1571145 0.0308403 0.3561135 0.4336645 0.3337843 
n296_301   0.4587928 0.3501691 0.0169472 0.3008939 0.0308462 0.3635944 0.3055494 0.0101102 0.0273267 0.3462919 0.3452516 0.0777412 0.0273289 0.0067269 0.0135184 0.3448924 0.3550611 0.0033547 0.0000000 0.4525026 0.1613399 0.0343571 0.3617461 0.4333981 0.3392386 
n244_249   0.3761988 0.3841361 0.4652193 0.3719240 0.4717677 0.4148188 0.3833100 0.4592335 0.4587577 0.3962548 0.4017136 0.4898155 0.4527989 0.4592850 0.4721904 0.3899357 0.4128249 0.4527847 0.4525026 0.0000000 0.4964594 0.4647094 0.4078945 0.3702317 0.4074608 
n200_205   0.4509418 0.3597811 0.1613900 0.3372781 0.1787086 0.3973420 0.3421262 0.1654953 0.1698288 0.3792151 0.3548240 0.1865837 0.1742320 0.1613532 0.1698222 0.3544546 0.3593119 0.1571145 0.1613399 0.4964594 0.0000000 0.1830373 0.3601770 0.4264073 0.3434442 
n298_303   0.4518332 0.3447992 0.0169471 0.3007661 0.0033557 0.3687419 0.3054193 0.0378727 0.0273264 0.3513300 0.3399104 0.0929438 0.0273286 0.0343598 0.0414362 0.3395574 0.3608212 0.0308403 0.0343571 0.4647094 0.1830373 0.0000000 0.3562876 0.4402674 0.3448761 
n280_285   0.3671308 0.0134203 0.3506537 0.2511665 0.3507663 0.2823350 0.2704342 0.3671754 0.3616566 0.2721807 0.0236862 0.3661192 0.3622219 0.3617796 0.3613608 0.0100455 0.0626414 0.3561135 0.3617461 0.4078945 0.3601770 0.3562876 0.0000000 0.3398674 0.0590803 
n255_260   0.0483353 0.3286517 0.4269016 0.3437482 0.4340586 0.4229597 0.3546897 0.4459737 0.4331283 0.4041198 0.3401590 0.4508334 0.4273581 0.4399938 0.4462068 0.3235178 0.3281983 0.4336645 0.4333981 0.3702317 0.4264073 0.4402674 0.3398674 0.0000000 0.3233379 
n278_283   0.3504904 0.0518115 0.3284943 0.2605993 0.3394452 0.3134898 0.2801098 0.3445062 0.3391594 0.2921979 0.0627264 0.3379580 0.3396829 0.3392696 0.3388843 0.0482581 0.0100440 0.3337843 0.3392386 0.4074608 0.3434442 0.3448761 0.0590803 0.3233379 0.0000000 
