26
n299_300   0.0000000 0.0272504 2.0240953 1.5998362 2.1382224 0.4022736 1.6107062 1.9400770 0.1162848 2.1215808 1.9259938 1.9366752 0.0485111 0.4289602 2.0000568 1.8708060 1.8147509 2.0860028 1.8464839 2.1834722 1.9882505 1.7703128 1.9639673 1.8521348 0.1124898 2.1327376 
n300_301   0.0272504 0.0000000 1.9502305 1.6546279 2.1884884 0.3955612 1.5867055 1.8727278 0.1161710 2.0811278 1.9667443 1.9381165 0.0413244 0.4339250 2.0460169 1.9107983 1.8539709 2.1877387 1.8151109 2.1927456 1.9164535 1.8045619 2.1702834 1.9915688 0.1045421 2.0504397 
n290_291   2.0240953 1.9502305 0.0000000 2.7855248 2.7393473 2.6837091 1.1165820 0.5876975 2.1890763 0.0597167 0.1549800 0.3171342 1.9978073 3.5470211 0.3504397 0.3326651 3.0896116 2.7654212 0.0635127 2.2633538 0.3027388 0.1675492 2.2711048 2.4095591 1.9212044 0.2975928 
n244_245   1.5998362 1.6546279 2.7855248 0.0000000 2.2400118 2.2343004 3.2085800 3.9914361 1.6853619 2.5236260 2.5114992 1.9567072 1.5491608 2.2191273 2.0104671 2.2574321 3.9868402 4.0172246 2.5359860 2.5642319 2.1797928 2.5441383 3.0765965 2.4898324 1.6660196 2.1248243 
n255_256   2.1382224 2.1884884 2.7393473 2.2400118 0.0000000 2.7212219 3.7563450 2.1460227 2.3161508 2.6852495 3.0757043 2.9194730 2.0477805 2.4860100 2.6105924 2.4749271 2.4717973 2.2990343 2.6658720 0.3136506 2.6194311 2.7427071 3.7757975 3.1118688 2.1910512 2.7713554 
n277_278   0.4022736 0.3955612 2.6837091 2.2343004 2.7212219 0.0000000 1.7267540 2.7499227 0.4198708 3.1984059 2.4514072 2.6049046 0.3909860 0.1581635 3.0658056 2.9809781 2.0707967 2.4494867 2.6835839 3.1229013 2.6194934 2.2702663 1.8789107 1.6250401 0.4596949 2.9219028 
n200_201   1.6107062 1.5867055 1.1165820 3.2085800 3.7563450 1.7267540 0.0000000 1.1254422 1.6949636 1.1323752 1.0367111 1.0720752 1.6446984 2.1093611 1.1305619 1.0953481 2.5770356 2.8409471 1.1172401 2.3288877 0.9612097 1.0493473 2.2459579 2.3272700 1.6916029 0.9635465 
n236_237   1.9400770 1.8727278 0.5876975 3.9914361 2.1460227 2.7499227 1.1254422 0.0000000 2.0176431 0.6292073 0.6128834 0.6952240 2.0136120 2.8722643 0.6634036 0.6713474 2.0078734 2.0320317 0.6131804 1.6285315 0.6042799 0.6205277 2.1275194 2.2983658 1.9573691 0.6123075 
n274_275   0.1162848 0.1161710 2.1890763 1.6853619 2.3161508 0.4198708 1.6949636 2.0176431 0.0000000 2.2943765 2.1215651 2.1266272 0.1007279 0.4534686 2.4338364 2.4244202 2.0249893 2.5113558 1.9699619 2.4406075 2.0564684 1.9816483 2.1537460 1.9374980 0.1241666 2.2526623 
n289_290   2.1215808 2.0811278 0.0597167 2.5236260 2.6852495 3.1984059 1.1323752 0.6292073 2.2943765 0.0000000 0.1723244 0.3285731 2.0851480 5.5946261 0.3621194 0.3554755 3.5381405 3.0991563 0.0784846 2.1613570 0.3187316 0.1851976 2.2951258 2.4167717 1.9973991 0.3082818 
n296_297   1.9259938 1.9667443 0.1549800 2.5114992 3.0757043 2.4514072 1.0367111 0.6128834 2.1215651 0.1723244 0.0000000 0.3629168 2.0762507 3.7396460 0.3747087 0.3674649 2.6794026 2.3719022 0.1724981 1.9983000 0.3303316 0.0416866 2.1799850 2.1539948 1.8992869 0.3249754 
n275_276   1.9366752 1.9381165 0.3171342 1.9567072 2.9194730 2.6049046 1.0720752 0.6952240 2.1266272 0.3285731 0.3629168 0.0000000 1.9912841 3.4938030 0.2156994 0.2015624 4.1315303 3.3634081 0.3449630 1.9341805 0.1584837 0.3617654 2.3055005 2.3664927 2.0187289 0.1457858 
n292_293   0.0485111 0.0413244 1.9978073 1.5491608 2.0477805 0.3909860 1.6446984 2.0136120 0.1007279 2.0851480 2.0762507 1.9912841 0.0000000 0.4228188 2.1955190 2.0402478 2.0841723 2.4629345 1.8580813 2.2290178 2.0507643 1.8957214 2.0350874 1.9085860 0.0893174 2.2025585 
n278_279   0.4289602 0.4339250 3.5470211 2.2191273 2.4860100 0.1581635 2.1093611 2.8722643 0.4534686 5.5946261 3.7396460 3.4938030 0.4228188 0.0000000 5.3266945 4.7079261 1.8908227 2.1452105 3.0442678 2.6879392 3.4527274 3.2295133 1.7011121 1.5590657 0.5016285 3.9879415 
n298_299   2.0000568 2.0460169 0.3504397 2.0104671 2.6105924 3.0658056 1.1305619 0.6634036 2.4338364 0.3621194 0.3747087 0.2156994 2.1955190 5.3266945 0.0000000 0.0377740 2.5370248 2.3873114 0.3788469 2.0937469 0.1759391 0.3676941 2.1544912 1.9712527 2.0675018 0.1543503 
n297_298   1.8708060 1.9107983 0.3326651 2.2574321 2.4749271 2.9809781 1.0953481 0.6713474 2.4244202 0.3554755 0.3674649 0.2015624 2.0402478 4.7079261 0.0377740 0.0000000 2.5497534 2.2821943 0.3724617 1.9365920 0.1758655 0.3605564 2.0693022 1.9009787 2.0499118 0.1542860 
n286_287   1.8147509 1.8539709 3.0896116 3.9868402 2.4717973 2.0707967 2.5770356 2.0078734 2.0249893 3.5381405 2.6794026 4.1315303 2.0841723 1.8908227 2.5370248 2.5497534 0.0000000 0.0551922 3.4676062 2.7940928 2.8884125 2.7634386 1.0801416 1.1521965 1.9624965 3.3139314 
n285_286   2.0860028 2.1877387 2.7654212 4.0172246 2.2990343 2.4494867 2.8409471 2.0320317 2.5113558 3.0991563 2.3719022 3.3634081 2.4629345 2.1452105 2.3873114 2.2821943 0.0551922 0.0000000 2.7704263 2.7637786 2.5461368 2.4337267 1.0994989 1.1538174 2.4543578 2.8418516 
n287_288   1.8464839 1.8151109 0.0635127 2.5359860 2.6658720 2.6835839 1.1172401 0.6131804 1.9699619 0.0784846 0.1724981 0.3449630 1.8580813 3.0442678 0.3788469 0.3724617 3.4676062 2.7704263 0.0000000 2.3036636 0.3293986 0.1854823 2.2262855 2.3734694 1.7899609 0.3240616 
n251_252   2.1834722 2.1927456 2.2633538 2.5642319 0.3136506 3.1229013 2.3288877 1.6285315 2.4406075 2.1613570 1.9983000 1.9341805 2.2290178 2.6879392 2.0937469 1.9365920 2.7940928 2.7637786 2.3036636 0.0000000 1.7201109 1.9533998 3.0486536 3.0550231 2.1315041 1.7672567 
n294_295   1.9882505 1.9164535 0.3027388 2.1797928 2.6194311 2.6194934 0.9612097 0.6042799 2.0564684 0.3187316 0.3303316 0.1584837 2.0507643 3.4527274 0.1759391 0.1758655 2.8884125 2.5461368 0.3293986 1.7201109 0.0000000 0.3238274 2.0271336 2.0612557 1.9550712 0.0416078 
n295_296   1.7703128 1.8045619 0.1675492 2.5441383 2.7427071 2.2702663 1.0493473 0.6205277 1.9816483 0.1851976 0.0416866 0.3617654 1.8957214 3.2295133 0.3676941 0.3605564 2.7634386 2.4337267 0.1854823 1.9533998 0.3238274 0.0000000 2.1300604 2.0971544 1.8135223 0.3133046 
n266_267   1.9639673 2.1702834 2.2711048 3.0765965 3.7757975 1.8789107 2.2459579 2.1275194 2.1537460 2.2951258 2.1799850 2.3055005 2.0350874 1.7011121 2.1544912 2.0693022 1.0801416 1.0994989 2.2262855 3.0486536 2.0271336 2.1300604 0.0000000 0.1745103 1.7883167 2.0384946 
n265_266   1.8521348 1.9915688 2.4095591 2.4898324 3.1118688 1.6250401 2.3272700 2.2983658 1.9374980 2.4167717 2.1539948 2.3664927 1.9085860 1.5590657 1.9712527 1.9009787 1.1521965 1.1538174 2.3734694 3.0550231 2.0612557 2.0971544 0.1745103 0.0000000 1.7227993 2.0399413 
n280_281   0.1124898 0.1045421 1.9212044 1.6660196 2.1910512 0.4596949 1.6916029 1.9573691 0.1241666 1.9973991 1.8992869 2.0187289 0.0893174 0.5016285 2.0675018 2.0499118 1.9624965 2.4543578 1.7899609 2.1315041 1.9550712 1.8135223 1.7883167 1.7227993 0.0000000 2.0387256 
n293_294   2.1327376 2.0504397 0.2975928 2.1248243 2.7713554 2.9219028 0.9635465 0.6123075 2.2526623 0.3082818 0.3249754 0.1457858 2.2025585 3.9879415 0.1543503 0.1542860 3.3139314 2.8418516 0.3240616 1.7672567 0.0416078 0.3133046 2.0384946 2.0399413 2.0387256 0.0000000 
