24
n287_288   0.0000000 0.0169096 0.1040548 0.2704777 0.3160065 0.3210701 0.2645885 0.2699764 0.0627518 0.2598708 0.2649218 0.0203183 0.0519544 0.0518761 0.0134908 0.3108505 0.3632370 0.0272520 0.3049710 0.3469159 0.0482900 0.1119821 0.2800459 0.3924617 
n290_291   0.0169096 0.0000000 0.1002587 0.2657757 0.3110276 0.3160649 0.2599358 0.2652847 0.0591484 0.2650199 0.2602623 0.0169000 0.0483959 0.0483231 0.0033488 0.3059032 0.3582693 0.0238000 0.3000708 0.3474500 0.0447534 0.1081431 0.2752916 0.3930837 
n236_237   0.1040548 0.1002587 0.0000000 0.2700741 0.2847333 0.2999095 0.2546041 0.2550461 0.1194661 0.2596379 0.2501092 0.0887094 0.1156542 0.1154755 0.0963892 0.2798012 0.3574514 0.0964196 0.2843101 0.3356841 0.1115508 0.1277323 0.2698067 0.3921779 
n278_279   0.2704777 0.2657757 0.2700741 0.0000000 0.2951723 0.2702358 0.0700885 0.0739035 0.2703589 0.0738404 0.0701652 0.2509599 0.2606920 0.2700896 0.2608071 0.2901677 0.3740083 0.2609147 0.2651971 0.3310262 0.2651620 0.2600487 0.0100772 0.4035819 
n285_286   0.3160065 0.3110276 0.2847333 0.2951723 0.0000000 0.1780885 0.2696621 0.2798229 0.3051221 0.2795405 0.2746931 0.2952019 0.3104368 0.3151743 0.3057175 0.0033447 0.3921898 0.3005431 0.1736991 0.3646383 0.3099239 0.2745871 0.2800800 0.4224269 
n265_266   0.3210701 0.3160649 0.2999095 0.2702358 0.1780885 0.0000000 0.2549935 0.2649265 0.3102262 0.2646625 0.2599140 0.3001393 0.3103535 0.3150864 0.3107210 0.1738283 0.3570134 0.3055156 0.0168924 0.3257499 0.3098412 0.2795364 0.2651538 0.3799124 
n280_281   0.2645885 0.2599358 0.2546041 0.0700885 0.2696621 0.2549935 0.0000000 0.0100751 0.2644747 0.0100673 0.0066965 0.2452913 0.2549139 0.2642114 0.2550251 0.2648369 0.3615179 0.2551290 0.2500781 0.3142537 0.2593403 0.2496862 0.0591140 0.3904724 
n299_300   0.2699764 0.2652847 0.2550461 0.0739035 0.2798229 0.2649265 0.0100751 0.0000000 0.2698581 0.0134758 0.0033431 0.2505024 0.2602128 0.2695897 0.2603275 0.2749258 0.3678318 0.2604346 0.2599342 0.3201075 0.2646733 0.2549289 0.0628533 0.3971016 
n293_294   0.0627518 0.0591484 0.1194661 0.2703589 0.3051221 0.3102262 0.2644747 0.2698581 0.0000000 0.2695881 0.2648077 0.0482906 0.0307220 0.0306759 0.0555104 0.3000509 0.3802646 0.0555267 0.2943991 0.3687655 0.0271973 0.1356197 0.2799193 0.4101328 
n274_275   0.2598708 0.2650199 0.2596379 0.0738404 0.2795405 0.2646625 0.0100673 0.0134758 0.2695881 0.0000000 0.0100775 0.2502556 0.2599544 0.2693201 0.2600688 0.2746494 0.3616652 0.2601757 0.2596764 0.3143784 0.2644098 0.2450673 0.0628001 0.3906345 
n292_293   0.2649218 0.2602623 0.2501092 0.0701652 0.2746931 0.2599140 0.0066965 0.0033431 0.2648077 0.0100775 0.0000000 0.2455959 0.2552326 0.2645437 0.2553442 0.2698330 0.3620056 0.2554484 0.2549612 0.3146641 0.2596653 0.2499967 0.0591789 0.3910114 
n296_297   0.0203183 0.0169000 0.0887094 0.2509599 0.2952019 0.3001393 0.2452913 0.2505024 0.0482906 0.2502556 0.2455959 0.0000000 0.0377010 0.0376444 0.0134831 0.2901931 0.3467156 0.0067119 0.2845267 0.3360688 0.0341333 0.1041843 0.2602827 0.3809089 
n275_276   0.0519544 0.0483959 0.1156542 0.2606920 0.3104368 0.3103535 0.2549139 0.2602128 0.0307220 0.2599544 0.2552326 0.0377010 0.0000000 0.0203230 0.0448124 0.3053256 0.3632580 0.0448253 0.2945168 0.3634419 0.0168926 0.1317759 0.2701369 0.3862731 
n297_298   0.0518761 0.0483231 0.1154755 0.2700896 0.3151743 0.3150864 0.2642114 0.2695897 0.0306759 0.2693201 0.2645437 0.0376444 0.0203230 0.0000000 0.0447450 0.3100349 0.3742452 0.0447579 0.2991566 0.3625820 0.0033383 0.1315709 0.2796421 0.4098229 
n289_290   0.0134908 0.0033488 0.0963892 0.2608071 0.3057175 0.3107210 0.2550251 0.2603275 0.0555104 0.2600688 0.2553442 0.0134831 0.0448124 0.0447450 0.0000000 0.3006321 0.3525977 0.0203440 0.2948561 0.3418613 0.0411949 0.1120596 0.2702578 0.3871125 
n286_287   0.3108505 0.3059032 0.2798012 0.2901677 0.0033447 0.1738283 0.2648369 0.2749258 0.3000509 0.2746494 0.2698330 0.2901931 0.3053256 0.3100349 0.3006321 0.0000000 0.3980750 0.2954938 0.1694662 0.3703164 0.3048222 0.2697279 0.2751776 0.4285677 
n255_256   0.3632370 0.3582693 0.3574514 0.3740083 0.3921898 0.3570134 0.3615179 0.3678318 0.3802646 0.3616652 0.3620056 0.3467156 0.3632580 0.3742452 0.3525977 0.3980750 0.0000000 0.3527655 0.3626970 0.2535051 0.3685453 0.3413685 0.3736145 0.0483322 
n295_296   0.0272520 0.0238000 0.0964196 0.2609147 0.3005431 0.3055156 0.2551290 0.2604346 0.0555267 0.2601757 0.2554484 0.0067119 0.0448253 0.0447579 0.0203440 0.2954938 0.3527655 0.0000000 0.2897701 0.3473764 0.0412068 0.1120959 0.2703709 0.3873071 
n266_267   0.3049710 0.3000708 0.2843101 0.2651971 0.1736991 0.0168924 0.2500781 0.2599342 0.2943991 0.2596764 0.2549612 0.2845267 0.2945168 0.2991566 0.2948561 0.1694662 0.3626970 0.2897701 0.0000000 0.3095594 0.2940344 0.2644082 0.2601559 0.3857915 
n244_245   0.3469159 0.3474500 0.3356841 0.3310262 0.3646383 0.3257499 0.3142537 0.3201075 0.3687655 0.3143784 0.3146641 0.3360688 0.3634419 0.3625820 0.3418613 0.3703164 0.2535051 0.3473764 0.3095594 0.0000000 0.3569786 0.3300761 0.3203428 0.2780732 
n298_299   0.0482900 0.0447534 0.1115508 0.2651620 0.3099239 0.3098412 0.2593403 0.2646733 0.0271973 0.2644098 0.2596653 0.0341333 0.0168926 0.0033383 0.0411949 0.3048222 0.3685453 0.0412068 0.2940344 0.3569786 0.0000000 0.1275477 0.2746515 0.4038226 
n200_201   0.1119821 0.1081431 0.1277323 0.2600487 0.2745871 0.2795364 0.2496862 0.2549289 0.1356197 0.2450673 0.2499967 0.1041843 0.1317759 0.1315709 0.1120596 0.2697279 0.3413685 0.1120959 0.2644082 0.3300761 0.1275477 0.0000000 0.2597931 0.3643457 
n277_278   0.2800459 0.2752916 0.2698067 0.0100772 0.2800800 0.2651538 0.0591140 0.0628533 0.2799193 0.0628001 0.0591789 0.2602827 0.2701369 0.2796421 0.2702578 0.2751776 0.3736145 0.2703709 0.2601559 0.3203428 0.2746515 0.2597931 0.0000000 0.4031484 
n251_252   0.3924617 0.3930837 0.3921779 0.4035819 0.4224269 0.3799124 0.3904724 0.3971016 0.4101328 0.3906345 0.3910114 0.3809089 0.3862731 0.4098229 0.3871125 0.4285677 0.0483322 0.3873071 0.3857915 0.2780732 0.4038226 0.3643457 0.4031484 0.0000000 
