28
n294_321   0.0000000 0.0519440 1.9599436 2.8473817 1.8994820 3.5699098 1.9522245 1.7186871 0.3264497 0.3359872 0.1370927 0.3159811 0.6764702 0.1249212 2.0348736 0.3261008 2.1758679 2.2729488 3.2895156 1.9351468 0.1408395 2.6634039 2.0088583 0.3276543 1.1427021 1.9950701 3.7900615 2.7233676 
n293_320   0.0519440 0.0000000 2.1508326 3.2757249 2.1344624 3.2945402 2.0995310 1.9405546 0.3537183 0.3635325 0.1492029 0.3262319 0.6599242 0.1368447 2.0513984 0.3471673 2.2822999 2.3513362 3.0042606 1.9733468 0.1448182 3.0514117 2.2185336 0.3380832 1.1759015 2.0353487 3.1613730 2.8329912 
n300_327   1.9599436 2.1508326 0.0000000 2.4017131 0.0485022 3.1278967 0.0033331 0.1084972 1.9545095 1.8339580 1.9664616 2.2469089 2.1297257 1.9816131 2.1756927 2.0775520 2.2120037 0.5349981 2.2524785 1.7513939 2.3194076 2.8762540 0.1127899 2.0969420 2.1327010 1.7082640 4.1632848 0.5586007 
n251_274   2.8473817 3.2757249 2.4017131 0.0000000 2.5409216 1.0140016 2.3889055 2.7487974 4.5953886 3.9239373 4.5240325 4.2148934 4.0694156 5.1502471 1.9640438 4.4895771 2.0874671 2.0574160 2.0557462 3.5331415 3.9197536 0.3256837 2.4157113 4.5993526 3.1965711 2.5227428 1.1789600 1.9750897 
n292_319   1.8994820 2.1344624 0.0485022 2.5409216 0.0000000 3.8475640 0.0521284 0.1160623 2.0778207 1.9964656 1.9538024 2.4829938 2.3490211 1.9686387 2.3868126 2.2375209 2.3238289 0.5351424 2.2791480 1.8526620 2.2275949 3.1369892 0.1123543 2.2983353 2.0549320 1.7687480 4.4866868 0.5276399 
n251_276   3.5699098 3.2945402 3.1278967 1.0140016 3.8475640 0.0000000 3.0992107 2.9750818 3.4950535 3.4145934 4.1070384 3.6050243 6.7881442 4.4517261 3.4220166 3.5969107 5.3560260 2.9922961 2.0952477 2.7605744 4.0200052 1.0852301 3.4443926 3.5138801 3.7480925 2.5378396 0.3393706 2.7217523 
n299_326   1.9522245 2.0995310 0.0033331 2.3889055 0.0521284 3.0992107 0.0000000 0.1124851 1.9470520 1.8275672 1.9587549 2.2363096 2.1850537 1.9737150 2.1242508 2.0688913 2.2206291 0.5426788 2.1986254 1.7563405 2.2598138 2.7766173 0.1168171 2.0880627 2.1234014 1.7129230 3.8739808 0.5665667 
n274_301   1.7186871 1.9405546 0.1084972 2.7487974 0.1160623 2.9750818 0.1124851 0.0000000 1.9176425 1.8013413 1.9893232 2.1303156 2.3020352 1.9170506 2.0223422 2.0736661 2.1558314 0.5247721 1.8115674 1.8815805 2.0757778 2.9390765 0.1237670 1.9960738 2.2228111 1.9492160 4.2911515 0.5328199 
n290_317   0.3264497 0.3537183 1.9545095 4.5953886 2.0778207 3.4950535 1.9470520 1.9176425 0.0000000 0.0522108 0.2844824 0.1370184 0.6747074 0.2897118 1.7690485 0.0414509 1.6716040 2.2339673 2.6317304 1.6021741 0.3369445 4.1796472 2.1240937 0.1371975 1.0212758 1.7597200 9.0000000 2.5630101 
n289_316   0.3359872 0.3635325 1.8339580 3.9239373 1.9964656 3.4145934 1.8275672 1.8013413 0.0522108 0.0000000 0.3101080 0.1664152 0.7077550 0.3155326 1.7267647 0.0668904 1.6144556 2.2040925 2.2407485 1.5330553 0.3581935 3.8814400 2.0322717 0.1666388 1.0683757 1.6402768 9.0000000 2.4080813 
n297_324   0.1370927 0.1492029 1.9664616 4.5240325 1.9538024 4.1070384 1.9587549 1.9893232 0.2844824 0.3101080 0.0000000 0.2947381 0.6287199 0.0169225 1.9512140 0.2946267 1.9486338 2.2554882 3.2409497 1.8475723 0.1364572 3.9685150 2.0712385 0.2952718 0.9156785 2.0197184 3.8195521 2.3686429 
n296_323   0.3159811 0.3262319 2.2469089 4.2148934 2.4829938 3.6050243 2.2363096 2.1303156 0.1370184 0.1664152 0.2947381 0.0000000 0.7454882 0.2900610 1.9052573 0.1493160 1.7456989 2.4805962 3.2131270 1.7177308 0.3312951 4.2580638 2.4270759 0.0238533 1.0483619 1.7862190 9.0000000 2.7067530 
n236_257   0.6764702 0.6599242 2.1297257 4.0694156 2.3490211 6.7881442 2.1850537 2.3020352 0.6747074 0.7077550 0.6287199 0.7454882 0.0000000 0.6376506 1.7367482 0.6728404 2.0224753 2.2221075 3.9686604 1.9213731 0.6886184 9.0000000 2.4282007 0.7287188 1.0313819 2.0450351 3.7142710 2.1636258 
n298_325   0.1249212 0.1368447 1.9816131 5.1502471 1.9686387 4.4517261 1.9737150 1.9170506 0.2897118 0.3155326 0.0169225 0.2900610 0.6376506 0.0000000 2.0777846 0.2999318 2.0389025 2.2871973 3.2170942 1.8722997 0.1203620 4.3327374 2.0886131 0.2905858 0.9556369 2.0510802 4.0976279 2.3549641 
n266_293   2.0348736 2.0513984 2.1756927 1.9640438 2.3868126 3.4220166 2.1242508 2.0223422 1.7690485 1.7267647 1.9512140 1.9052573 1.7367482 2.0777846 0.0000000 1.7599330 0.1926846 1.7483538 1.7621397 1.0520622 2.0969965 1.9799306 1.9121666 2.0328592 2.2434673 0.9460569 3.3052196 1.8419399 
n287_314   0.3261008 0.3471673 2.0775520 4.4895771 2.2375209 3.5969107 2.0688913 2.0736661 0.0414509 0.0668904 0.2946267 0.1493160 0.6728404 0.2999318 1.7599330 0.0000000 1.7275510 2.4325793 2.3643195 1.5493023 0.3425577 4.6288220 2.2925321 0.1495133 1.0780564 1.7654555 9.0000000 3.0147482 
n265_292   2.1758679 2.2822999 2.2120037 2.0874671 2.3238289 5.3560260 2.2206291 2.1558314 1.6716040 1.6144556 1.9486338 1.7456989 2.0224753 2.0389025 0.1926846 1.7275510 0.0000000 1.8431684 2.2759699 1.1050471 2.2057692 2.0774762 1.9208647 1.7749897 2.2559373 0.9758285 6.3417221 1.9394833 
n277_304   2.2729488 2.3513362 0.5349981 2.0574160 0.5351424 2.9922961 0.5426788 0.5247721 2.2339673 2.2040925 2.2554882 2.4805962 2.2221075 2.2871973 1.7483538 2.4325793 1.8431684 0.0000000 2.4549753 1.8862295 2.8412843 2.0253014 0.5313883 2.5901990 1.9017159 1.9964693 3.2441462 0.1283648 
n244_267   3.2895156 3.0042606 2.2524785 2.0557462 2.2791480 2.0952477 2.1986254 1.8115674 2.6317304 2.2407485 3.2409497 3.2131270 3.9686604 3.2170942 1.7621397 2.3643195 2.2759699 2.4549753 0.0000000 2.0020933 3.7213919 2.1344614 2.1309343 3.0534364 2.0360712 1.9425349 2.1473033 2.5941485 
n286_313   1.9351468 1.9733468 1.7513939 3.5331415 1.8526620 2.7605744 1.7563405 1.8815805 1.6021741 1.5330553 1.8475723 1.7177308 1.9213731 1.8722997 1.0520622 1.5493023 1.1050471 1.8862295 2.0020933 0.0000000 1.9597235 2.9507588 1.7387622 1.8108818 1.8075220 0.0817011 2.9587989 1.8977488 
n275_302   0.1408395 0.1448182 2.3194076 3.9197536 2.2275949 4.0200052 2.2598138 2.0757778 0.3369445 0.3581935 0.1364572 0.3312951 0.6886184 0.1203620 2.0969965 0.3425577 2.2057692 2.8412843 3.7213919 1.9597235 0.0000000 3.4666334 2.1734615 0.3379729 0.9919149 2.1370196 3.7339839 2.7416113 
n255_280   2.6634039 3.0514117 2.8762540 0.3256837 3.1369892 1.0852301 2.7766173 2.9390765 4.1796472 3.8814400 3.9685150 4.2580638 9.0000000 4.3327374 1.9799306 4.6288220 2.0774762 2.0253014 2.1344614 2.9507588 3.4666334 0.0000000 2.9690927 4.5468319 2.5881415 2.7013546 1.0992614 1.9435756 
n280_307   2.0088583 2.2185336 0.1127899 2.4157113 0.1123543 3.4443926 0.1168171 0.1237670 2.1240937 2.0322717 2.0712385 2.4270759 2.4282007 2.0886131 1.9121666 2.2925321 1.9208647 0.5313883 2.1309343 1.7387622 2.1734615 2.9690927 0.0000000 2.3741755 1.7567907 1.6660167 8.9999987 0.5326257 
n295_322   0.3276543 0.3380832 2.0969420 4.5993526 2.2983353 3.5138801 2.0880627 1.9960738 0.1371975 0.1666388 0.2952718 0.0238533 0.7287188 0.2905858 2.0328592 0.1495133 1.7749897 2.5901990 3.0534364 1.8108818 0.3379729 4.5468319 2.3741755 0.0000000 1.0369954 1.9239449 9.0000000 2.7774473 
n200_213   1.1427021 1.1759015 2.1327010 3.1965711 2.0549320 3.7480925 2.1234014 2.2228111 1.0212758 1.0683757 0.9156785 1.0483619 1.0313819 0.9556369 2.2434673 1.0780564 2.2559373 1.9017159 2.0360712 1.8075220 0.9919149 2.5881415 1.7567907 1.0369954 0.0000000 1.8759316 3.9761386 2.0079467 
n285_312   1.9950701 2.0353487 1.7082640 2.5227428 1.7687480 2.5378396 1.7129230 1.9492160 1.7597200 1.6402768 2.0197184 1.7862190 2.0450351 2.0510802 0.9460569 1.7654555 0.9758285 1.9964693 1.9425349 0.0817011 2.1370196 2.7013546 1.6660167 1.9239449 1.8759316 0.0000000 2.6246958 2.0087513 
n255_282   3.7900615 3.1613730 4.1632848 1.1789600 4.4866868 0.3393706 3.8739808 4.2911515 9.0000000 9.0000000 3.8195521 9.0000000 3.7142710 4.0976279 3.3052196 9.0000000 6.3417221 3.2441462 2.1473033 2.9587989 3.7339839 1.0992614 8.9999987 9.0000000 3.9761386 2.6246958 0.0000000 2.9622497 
n278_305   2.7233676 2.8329912 0.5586007 1.9750897 0.5276399 2.7217523 0.5665667 0.5328199 2.5630101 2.4080813 2.3686429 2.7067530 2.1636258 2.3549641 1.8419399 3.0147482 1.9394833 0.1283648 2.5941485 1.8977488 2.7416113 1.9435756 0.5326257 2.7774473 2.0079467 2.0087513 2.9622497 0.0000000 
