24
n287_288   0.0000000 0.0066857 0.0850392 0.3392779 0.2916083 0.3014985 0.3174487 0.3069526 0.0411603 0.3225224 0.3230585 0.0306516 0.0376233 0.0554110 0.0482349 0.0033344 0.2913762 0.4077645 0.0271708 0.3068755 0.4838597 0.1404595 0.3504168 0.4205524 
n290_291   0.0066857 0.0000000 0.0926214 0.3502527 0.2966027 0.3118881 0.3280818 0.3174294 0.0482658 0.3332267 0.3337846 0.0376524 0.0446902 0.0626611 0.0554096 0.0033336 0.2963657 0.4075818 0.0341345 0.3173501 0.4703061 0.1487012 0.3615690 0.4203624 
n236_237   0.0850392 0.0926214 0.0000000 0.3125413 0.3021503 0.2965480 0.2967472 0.2967066 0.0850265 0.3068789 0.3125753 0.0738433 0.0812409 0.0887314 0.0849554 0.0888111 0.3019076 0.4326747 0.0701238 0.3071911 0.4843018 0.1487745 0.3232586 0.4459587 
n278_279   0.3392779 0.3502527 0.3125413 0.0000000 0.3079741 0.2869694 0.0853828 0.0853880 0.3391944 0.0815440 0.0816377 0.3340325 0.3446023 0.3554339 0.3388295 0.3447048 0.3025052 0.4279592 0.3285374 0.2870926 0.4461341 0.3031049 0.0169165 0.4285756 
n285_286   0.2916083 0.2966027 0.3021503 0.3079741 0.0000000 0.1744556 0.2871331 0.2974262 0.3017664 0.2920203 0.3027666 0.2968505 0.3016588 0.3118664 0.3066494 0.2914637 0.0100997 0.4093034 0.2815075 0.1745244 0.4462652 0.2771451 0.3134053 0.4038597 
n265_266   0.3014985 0.3118881 0.2965480 0.2869694 0.1744556 0.0000000 0.2868074 0.2919132 0.3014242 0.2916885 0.2920755 0.2914018 0.3013169 0.3115111 0.3063010 0.3066400 0.1700228 0.4026612 0.2913176 0.0237762 0.4326554 0.2717669 0.2922260 0.3972665 
n280_281   0.3174487 0.3280818 0.2967472 0.0853828 0.2871331 0.2868074 0.0000000 0.0134804 0.3281972 0.0272323 0.0169002 0.3177414 0.3280768 0.3332354 0.3224499 0.3227090 0.2818390 0.3972427 0.3123771 0.2869305 0.4331591 0.2925279 0.0892279 0.4098748 
n299_300   0.3069526 0.3174294 0.2967066 0.0853880 0.2974262 0.2919132 0.0134804 0.0000000 0.3175401 0.0237692 0.0100914 0.3072336 0.3174245 0.3225116 0.3118877 0.3121367 0.2920468 0.4153905 0.3019502 0.2920390 0.4458465 0.2924878 0.0892333 0.4221944 
n293_294   0.0411603 0.0482658 0.0850265 0.3391944 0.3017664 0.3014242 0.3281972 0.3175401 0.0000000 0.3333444 0.3339026 0.0306469 0.0033330 0.0202387 0.0134257 0.0446996 0.3015244 0.4075626 0.0271667 0.3067997 0.5109305 0.1445358 0.3503302 0.4203432 
n274_275   0.3225224 0.3332267 0.3068789 0.0815440 0.2920203 0.2916885 0.0272323 0.0237692 0.3333444 0.0000000 0.0272458 0.3228208 0.3332218 0.3438754 0.3275535 0.3278174 0.2866890 0.4149729 0.3174196 0.2867243 0.4390823 0.3026264 0.0815843 0.4155638 
n292_293   0.3230585 0.3337846 0.3125753 0.0816377 0.3027666 0.2920755 0.0169002 0.0100914 0.3339026 0.0272458 0.0000000 0.3233579 0.3337797 0.3389811 0.3280994 0.3283642 0.2973406 0.4217603 0.3179456 0.2922014 0.4524998 0.3082977 0.0854615 0.4286357 
n296_297   0.0306516 0.0376524 0.0738433 0.3340325 0.2968505 0.2914018 0.3177414 0.3072336 0.0306469 0.3228208 0.3233579 0.0000000 0.0271653 0.0446908 0.0376228 0.0341398 0.2966132 0.3960101 0.0100673 0.3018536 0.4840635 0.1364137 0.3450924 0.4085777 
n294_295   0.0376233 0.0446902 0.0812409 0.3446023 0.3016588 0.3013169 0.3280768 0.3174245 0.0033330 0.3332218 0.3337797 0.0271653 0.0000000 0.0168189 0.0100416 0.0411437 0.3014170 0.4014310 0.0237040 0.3066901 0.5038222 0.1444889 0.3558238 0.4140903 
n275_276   0.0554110 0.0626611 0.0887314 0.3554339 0.3118664 0.3115111 0.3332354 0.3225116 0.0202387 0.3438754 0.3389811 0.0446908 0.0168189 0.0000000 0.0202227 0.0590208 0.3116146 0.4253951 0.0411378 0.3169648 0.5242832 0.1568742 0.3668263 0.4321787 
n297_298   0.0482349 0.0554096 0.0849554 0.3388295 0.3066494 0.3063010 0.3224499 0.3118877 0.0134257 0.3275535 0.3280994 0.0376228 0.0100416 0.0202227 0.0000000 0.0518079 0.3064027 0.4192836 0.0341077 0.3117121 0.5033499 0.1485385 0.3499505 0.4322829 
n289_290   0.0033344 0.0033336 0.0888111 0.3447048 0.2914637 0.3066400 0.3227090 0.3121367 0.0446996 0.3278174 0.3283642 0.0341398 0.0411437 0.0590208 0.0518079 0.0000000 0.2912318 0.4137310 0.0306409 0.3120585 0.4770298 0.1445534 0.3559302 0.4266318 
n286_287   0.2913762 0.2963657 0.3019076 0.3025052 0.0100997 0.1700228 0.2818390 0.2920468 0.3015244 0.2866890 0.2973406 0.2966132 0.3014170 0.3116146 0.3064027 0.2912318 0.0000000 0.4089326 0.2812850 0.1700896 0.4395299 0.2870574 0.3078882 0.4034946 
n255_256   0.4077645 0.4075818 0.4326747 0.4279592 0.4093034 0.4026612 0.3972427 0.4153905 0.4075626 0.4149729 0.4217603 0.3960101 0.4014310 0.4253951 0.4192836 0.4137310 0.4089326 0.0000000 0.3958889 0.4089355 0.3126205 0.3796741 0.4221217 0.0378228 
n295_296   0.0271708 0.0341345 0.0701238 0.3285374 0.2815075 0.2913176 0.3123771 0.3019502 0.0271667 0.3174196 0.3179456 0.0100673 0.0237040 0.0411378 0.0341077 0.0306409 0.2812850 0.3958889 0.0000000 0.2966134 0.4839082 0.1323150 0.3395070 0.4084508 
n266_267   0.3068755 0.3173501 0.3071911 0.2870926 0.1745244 0.0237762 0.2869305 0.2920390 0.3067997 0.2867243 0.2922014 0.3018536 0.3066901 0.3169648 0.3117121 0.3120585 0.1700896 0.4089355 0.2966134 0.0000000 0.4455976 0.2769159 0.2923520 0.4034972 
n244_245   0.4838597 0.4703061 0.4843018 0.4461341 0.4462652 0.4326554 0.4331591 0.4458465 0.5109305 0.4390823 0.4524998 0.4840635 0.5038222 0.5242832 0.5033499 0.4770298 0.4395299 0.3126205 0.4839082 0.4455976 0.0000000 0.4527094 0.4528000 0.3129802 
n200_201   0.1404595 0.1487012 0.1487745 0.3031049 0.2771451 0.2717669 0.2925279 0.2924878 0.1445358 0.3026264 0.3082977 0.1364137 0.1444889 0.1568742 0.1485385 0.1445534 0.2870574 0.3796741 0.1323150 0.2769159 0.4527094 0.0000000 0.3137041 0.3919644 
n277_278   0.3504168 0.3615690 0.3232586 0.0169165 0.3134053 0.2922260 0.0892279 0.0892333 0.3503302 0.0815843 0.0854615 0.3450924 0.3558238 0.3668263 0.3499505 0.3559302 0.3078882 0.4221217 0.3395070 0.2923520 0.4528000 0.3137041 0.0000000 0.4227272 
n251_252   0.4205524 0.4203624 0.4459587 0.4285756 0.4038597 0.3972665 0.4098748 0.4221944 0.4203432 0.4155638 0.4286357 0.4085777 0.4140903 0.4321787 0.4322829 0.4266318 0.4034946 0.0378228 0.4084508 0.4034972 0.3129802 0.3919644 0.4227272 0.0000000 
