26
n265_270   0.0000000 1.8992917 3.2661273 1.8765108 2.0614148 1.8141521 1.8783398 2.3002175 0.1671902 1.8310981 1.8847555 1.7941189 2.0837839 1.8195131 2.1250847 1.8891357 1.8730947 0.9337720 1.9343819 1.7924085 2.1797214 1.8157738 0.8882005 9.0000000 1.9614119 3.8517714 
n298_303   1.8992917 0.0000000 1.9399774 0.1289959 2.1052601 1.0826782 1.5584402 0.3039909 2.1320180 0.3370189 0.1211760 0.3479849 0.3087598 1.7076099 0.7441009 0.1331562 1.5565652 1.9062581 0.3423530 0.0238510 2.3155258 1.6168633 1.8285901 2.3783630 1.8684502 1.6966062 
n251_256   3.2661273 1.9399774 0.0000000 2.0612377 7.2309268 2.5784199 9.0000000 2.3970078 5.8323773 2.1466153 2.0692655 2.4512778 2.5938583 7.4401538 1.8443306 1.8959942 5.1580227 2.3219552 2.2720821 1.8862541 9.0000000 6.4117979 2.1737816 2.3186617 6.1196909 0.2782544 
n275_280   1.8765108 0.1289959 2.0612377 0.0000000 2.0487145 1.0635998 1.5956567 0.3015158 2.2061757 0.3249095 0.0971170 0.3245155 0.2862625 1.8205846 0.7727288 0.1125908 1.5592731 1.8534028 0.3248713 0.1248308 2.2043236 1.5707404 1.8183564 2.2049134 1.7360322 1.7205496 
n277_282   2.0614148 2.1052601 7.2309268 2.0487145 0.0000000 2.0014314 0.4793705 2.3716268 1.9844717 2.4758950 1.9321107 2.3433388 2.2624430 0.4794102 1.8971667 2.1510439 0.4920810 2.0625123 2.5118742 2.2006980 0.1166156 0.4785600 2.3121495 9.0000000 0.5141013 2.5636449 
n200_205   1.8141521 1.0826782 2.5784199 1.0635998 2.0014314 0.0000000 2.0889175 1.0228577 1.8263541 0.9804579 1.1333011 1.0236013 1.0085883 1.9765362 1.0603063 1.0791700 2.1274708 1.7544275 1.0083611 1.1151744 1.9662356 1.9595630 1.7179310 4.2116980 2.1064210 2.2639666 
n299_304   1.8783398 1.5584402 9.0000000 1.5956567 0.4793705 2.0889175 0.0000000 1.8592421 1.6473838 1.7593173 1.4324894 1.7688937 1.6989273 0.0784652 1.5719979 1.5260785 0.0273294 1.9452770 1.7020899 1.5798989 0.5202781 0.0343990 2.0667714 8.9999981 0.1175923 4.4142627 
n296_301   2.3002175 0.3039909 2.3970078 0.3015158 2.3716268 1.0228577 1.8592421 0.0000000 2.5044636 0.1659950 0.3080328 0.1573887 0.0270491 2.1025135 0.7498182 0.3234704 1.8542626 1.7331029 0.1655846 0.2978903 2.7608360 1.9085260 1.7801806 2.5752687 2.2151325 1.8951753 
n266_271   0.1671902 2.1320180 5.8323773 2.2061757 1.9844717 1.8263541 1.6473838 2.5044636 0.0000000 1.9492038 2.2170815 1.9421044 2.3657368 1.6280135 2.1120076 2.2723275 1.6768554 0.8516048 1.9367161 1.9881177 2.1065077 1.5957994 0.8749686 9.0000000 1.6726249 3.8892966 
n290_295   1.8310981 0.3370189 2.1466153 0.3249095 2.4758950 0.9804579 1.7593173 0.1659950 1.9492038 0.0000000 0.3424088 0.0520175 0.1408270 1.8776072 0.7262463 0.3477956 1.7549527 1.8305871 0.0555631 0.3195874 2.5683245 1.8335638 1.7673345 2.7554991 1.9265434 2.1499297 
n293_298   1.8847555 0.1211760 2.0692655 0.0971170 1.9321107 1.1333011 1.4324894 0.3080328 2.2170815 0.3424088 0.0000000 0.3419903 0.3026427 1.6779074 0.7567750 0.0520186 1.4308368 1.8937421 0.3477800 0.1170576 2.1017587 1.4829981 1.8572547 2.1456316 1.6565670 1.8213969 
n289_294   1.7941189 0.3479849 2.4512778 0.3245155 2.3433388 1.0236013 1.7688937 0.1573887 1.9421044 0.0520175 0.3419903 0.0000000 0.1325435 1.8239670 0.7157727 0.3473699 1.7644647 1.6637162 0.0447702 0.3302568 2.4892283 1.8095889 1.6104264 2.9811277 1.8710205 2.2709508 
n295_300   2.0837839 0.3087598 2.5938583 0.2862625 2.2624430 1.0085883 1.6989273 0.0270491 2.3657368 0.1408270 0.3026427 0.1325435 0.0000000 1.9348917 0.7319709 0.3179615 1.6948536 1.7874913 0.1404848 0.2975997 2.4618915 1.7397884 1.8376656 2.5570972 1.9918100 2.0957534 
n280_285   1.8195131 1.7076099 7.4401538 1.8205846 0.4794102 1.9765362 0.0784652 2.1025135 1.6280135 1.8776072 1.6779074 1.8239670 1.9348917 0.0000000 1.6415560 1.8035254 0.0858515 1.9942585 1.8565956 1.7720371 0.4990357 0.0708049 2.1342886 9.0000000 0.1135029 5.0620206 
n236_241   2.1250847 0.7441009 1.8443306 0.7727288 1.8971667 1.0603063 1.5719979 0.7498182 2.1120076 0.7262463 0.7567750 0.7157727 0.7319709 1.6415560 0.0000000 0.7833150 1.5624451 2.0385215 0.6985040 0.7740041 2.0593894 1.6521457 2.0029910 2.3361823 1.6527921 2.0692462 
n294_299   1.8891357 0.1331562 1.8959942 0.1125908 2.1510439 1.0791700 1.5260785 0.3234704 2.2723275 0.3477956 0.0520186 0.3473699 0.3179615 1.8035254 0.7833150 0.0000000 1.5242563 1.7178755 0.3478193 0.1289597 2.1184197 1.5826551 1.6873552 2.0481809 1.7783404 1.7913159 
n300_305   1.8730947 1.5565652 5.1580227 1.5592731 0.4920810 2.1274708 0.0273294 1.8542626 1.6768554 1.7549527 1.4308368 1.7644647 1.6948536 0.0858515 1.5624451 1.5242563 0.0000000 2.1076755 1.7262860 1.5779839 0.5336633 0.0343405 2.2045548 5.2030623 0.1253337 3.5488994 
n285_290   0.9337720 1.9062581 2.3219552 1.8534028 2.0625123 1.7544275 1.9452770 1.7331029 0.8516048 1.8305871 1.8937421 1.6637162 1.7874913 1.9942585 2.0385215 1.7178755 2.1076755 0.0000000 1.7261989 1.8729110 2.0875203 2.0250591 0.0593752 9.0000000 1.8588629 3.3199109 
n287_292   1.9343819 0.3423530 2.2720821 0.3248713 2.5118742 1.0083611 1.7020899 0.1655846 1.9367161 0.0555631 0.3477800 0.0447702 0.1404848 1.8565956 0.6985040 0.3478193 1.7262860 1.7261989 0.0000000 0.3247820 2.6902801 1.7718909 1.6693536 2.8438705 1.8682910 2.2152239 
n297_302   1.7924085 0.0238510 1.8862541 0.1248308 2.2006980 1.1151744 1.5798989 0.2978903 1.9881177 0.3195874 0.1170576 0.3302568 0.2975997 1.7720371 0.7740041 0.1289597 1.5779839 1.8729110 0.3247820 0.0000000 2.3091952 1.6398258 1.7976893 2.3937450 1.8627520 1.7168973 
n278_283   2.1797214 2.3155258 9.0000000 2.2043236 0.1166156 1.9662356 0.5202781 2.7608360 2.1065077 2.5683245 2.1017587 2.4892283 2.4618915 0.4990357 2.0593894 2.1184197 0.5336633 2.0875203 2.6902801 2.3091952 0.0000000 0.5193737 2.2787550 9.0000000 0.5479650 3.1016705 
n292_297   1.8157738 1.6168633 6.4117979 1.5707404 0.4785600 1.9595630 0.0343990 1.9085260 1.5957994 1.8335638 1.4829981 1.8095889 1.7397884 0.0708049 1.6521457 1.5826551 0.0343405 2.0250591 1.7718909 1.6398258 0.5193737 0.0000000 2.1697451 9.0000000 0.1133507 3.8640406 
n286_291   0.8882005 1.8285901 2.1737816 1.8183564 2.3121495 1.7179310 2.0667714 1.7801806 0.8749686 1.7673345 1.8572547 1.6104264 1.8376656 2.1342886 2.0029910 1.6873552 2.2045548 0.0593752 1.6693536 1.7976893 2.2787550 2.1697451 0.0000000 9.0000000 1.9786008 3.5350942 
n244_249   9.0000000 2.3783630 2.3186617 2.2049134 9.0000000 4.2116980 8.9999981 2.5752687 9.0000000 2.7554991 2.1456316 2.9811277 2.5570972 9.0000000 2.3361823 2.0481809 5.2030623 9.0000000 2.8438705 2.3937450 9.0000000 9.0000000 9.0000000 0.0000000 8.9999986 2.1006459 
n274_279   1.9614119 1.8684502 6.1196909 1.7360322 0.5141013 2.1064210 0.1175923 2.2151325 1.6726249 1.9265434 1.6565670 1.8710205 1.9918100 0.1135029 1.6527921 1.7783404 0.1253337 1.8588629 1.8682910 1.8627520 0.5479650 0.1133507 1.9786008 8.9999986 0.0000000 4.5228807 
n255_260   3.8517714 1.6966062 0.2782544 1.7205496 2.5636449 2.2639666 4.4142627 1.8951753 3.8892966 2.1499297 1.8213969 2.2709508 2.0957534 5.0620206 2.0692462 1.7913159 3.5488994 3.3199109 2.2152239 1.7168973 3.1016705 3.8640406 3.5350942 2.1006459 4.5228807 0.0000000 
