23
n287_288   0.0000000 0.0959595 0.2717203 0.3327233 0.2919028 0.2914289 0.2860108 0.0553314 0.3008429 0.2859899 0.0202670 0.0517668 0.0553554 0.0411214 0.3328116 0.4040951 0.2919583 0.3825502 0.0446653 0.2811057 0.1675386 0.2669158 0.4045503 
n236_237   0.0959595 0.0000000 0.2388410 0.2921972 0.2576130 0.2575977 0.2479694 0.0959767 0.2620733 0.2479548 0.0997886 0.0922227 0.0960190 0.0809793 0.2922736 0.3809077 0.2625535 0.3598361 0.0847322 0.2433052 0.1430176 0.2250999 0.3869318 
n278_279   0.2717203 0.2388410 0.0000000 0.2813738 0.2481409 0.0554048 0.0554051 0.2717851 0.0589504 0.0554048 0.2816509 0.2670741 0.2624236 0.2528234 0.2766716 0.3749280 0.2625378 0.3819389 0.2576256 0.0518178 0.2812881 0.0100650 0.3811292 
n285_286   0.3327233 0.2921972 0.2813738 0.0000000 0.1435365 0.2961042 0.2860790 0.3328122 0.3007813 0.2910627 0.3382851 0.3277098 0.3329803 0.3122352 0.0134738 0.4036760 0.1476734 0.4228970 0.3070975 0.2861463 0.3373265 0.2715604 0.4159878 
n265_266   0.2919028 0.2576130 0.2481409 0.1435365 0.0000000 0.2718490 0.2573398 0.2919751 0.2763969 0.2620176 0.2972212 0.2871336 0.2921192 0.2724745 0.1435717 0.3920662 0.0134971 0.3602459 0.2726143 0.2572844 0.3063337 0.2387576 0.3984359 
n280_281   0.2914289 0.2575977 0.0554048 0.2961042 0.2718490 0.0000000 0.0134614 0.3014024 0.0134452 0.0134615 0.3064385 0.2965078 0.2865829 0.2816822 0.2913179 0.4207466 0.2867281 0.3992599 0.2866846 0.0100730 0.2862448 0.0446930 0.4274036 
n299_300   0.2860108 0.2479694 0.0554051 0.2860790 0.2573398 0.0134614 0.0000000 0.2911691 0.0168488 0.0066948 0.2961352 0.2863413 0.2815798 0.2717245 0.2813524 0.4087510 0.2719130 0.3987774 0.2766542 0.0033408 0.2665768 0.0446931 0.4152836 
n293_294   0.0553314 0.0959767 0.2717851 0.3328122 0.2919751 0.3014024 0.2911691 0.0000000 0.3061161 0.2911472 0.0625928 0.0033368 0.0271315 0.0134407 0.3329006 0.3928522 0.2920306 0.3874483 0.0168437 0.2862261 0.1592548 0.2669789 0.3932920 
n274_275   0.3008429 0.2620733 0.0589504 0.3007813 0.2763969 0.0134452 0.0168488 0.3061161 0.0000000 0.0168488 0.3111799 0.3011952 0.2914276 0.2862872 0.2959710 0.4261945 0.2913598 0.4103275 0.2913184 0.0134481 0.2908706 0.0481974 0.4329037 
n292_293   0.2859899 0.2479548 0.0554048 0.2910627 0.2620176 0.0134615 0.0066948 0.2911472 0.0168488 0.0000000 0.2961123 0.2863203 0.2815597 0.2717061 0.2863069 0.4146361 0.2766826 0.3930663 0.2766350 0.0033408 0.2762134 0.0446930 0.4212280 
n296_297   0.0202670 0.0997886 0.2816509 0.3382851 0.2972212 0.3064385 0.2961352 0.0625928 0.3111799 0.2961123 0.0000000 0.0589930 0.0626200 0.0482370 0.3383752 0.4099812 0.2972773 0.3936079 0.0518195 0.2911598 0.1760719 0.2767801 0.4104447 
n294_295   0.0517668 0.0922227 0.2670741 0.3277098 0.2871336 0.2965078 0.2863413 0.0033368 0.3011952 0.2863203 0.0589930 0.0000000 0.0236930 0.0100609 0.3277967 0.3873389 0.2871885 0.3819746 0.0134486 0.2814290 0.1633994 0.2622965 0.3877712 
n275_276   0.0553554 0.0960190 0.2624236 0.3329803 0.2921192 0.2865829 0.2815798 0.0271315 0.2914276 0.2815597 0.0626200 0.0236930 0.0000000 0.0134464 0.3330688 0.3869203 0.2921747 0.3876505 0.0168509 0.2766968 0.1675831 0.2576732 0.3873517 
n297_298   0.0411214 0.0809793 0.2528234 0.3122352 0.2724745 0.2816822 0.2717245 0.0134407 0.2862872 0.2717061 0.0482370 0.0100609 0.0134464 0.0000000 0.3123175 0.3816164 0.2725275 0.3653407 0.0033394 0.2669085 0.1510423 0.2481354 0.3820408 
n286_287   0.3328116 0.2922736 0.2766716 0.0134738 0.1435717 0.2913179 0.2813524 0.3329006 0.2959710 0.2863069 0.3383752 0.3277967 0.3330688 0.3123175 0.0000000 0.4037863 0.1477097 0.4230138 0.3071782 0.2814185 0.3374161 0.2669160 0.4161022 
n255_256   0.4040951 0.3809077 0.3749280 0.4036760 0.3920662 0.4207466 0.4087510 0.3928522 0.4261945 0.4146361 0.4099812 0.3873389 0.3869203 0.3816164 0.4037863 0.0000000 0.4036258 0.3376904 0.3815308 0.4088553 0.4268276 0.3803382 0.0306030 
n266_267   0.2919583 0.2625535 0.2625378 0.1476734 0.0134971 0.2867281 0.2719130 0.2920306 0.2913598 0.2766826 0.2972773 0.2871885 0.2921747 0.2725275 0.1477097 0.4036258 0.0000000 0.3713474 0.2726674 0.2718542 0.3166250 0.2529615 0.4101099 
n244_245   0.3825502 0.3598361 0.3819389 0.4228970 0.3602459 0.3992599 0.3987774 0.3874483 0.4103275 0.3930663 0.3936079 0.3819746 0.3876505 0.3653407 0.4230138 0.3376904 0.3713474 0.0000000 0.3655386 0.3930549 0.3930675 0.3653015 0.3434999 
n298_299   0.0446653 0.0847322 0.2576256 0.3070975 0.2726143 0.2866846 0.2766542 0.0168437 0.2913184 0.2766350 0.0518195 0.0134486 0.0168509 0.0033394 0.3071782 0.3815308 0.2726674 0.3655386 0.0000000 0.2718047 0.1551844 0.2529063 0.3819550 
n300_301   0.2811057 0.2433052 0.0518178 0.2861463 0.2572844 0.0100730 0.0033408 0.2862261 0.0134481 0.0033408 0.2911598 0.2814290 0.2766968 0.2669085 0.2814185 0.4088553 0.2718542 0.3930549 0.2718047 0.0000000 0.2713917 0.0411576 0.4153901 
n200_201   0.1675386 0.1430176 0.2812881 0.3373265 0.3063337 0.2862448 0.2665768 0.1592548 0.2908706 0.2762134 0.1760719 0.1633994 0.1675831 0.1510423 0.3374161 0.4268276 0.3166250 0.3930675 0.1551844 0.2713917 0.0000000 0.2667609 0.4273146 
n277_278   0.2669158 0.2250999 0.0100650 0.2715604 0.2387576 0.0446930 0.0446931 0.2669789 0.0481974 0.0446930 0.2767801 0.2622965 0.2576732 0.2481354 0.2669160 0.3803382 0.2529615 0.3653015 0.2529063 0.0411576 0.2667609 0.0000000 0.3865901 
n251_252   0.4045503 0.3869318 0.3811292 0.4159878 0.3984359 0.4274036 0.4152836 0.3932920 0.4329037 0.4212280 0.4104447 0.3877712 0.3873517 0.3820408 0.4161022 0.0306030 0.4101099 0.3434999 0.3819550 0.4153901 0.4273146 0.3865901 0.0000000 
