26
n299_300   0.0000000 0.0237651 2.0352810 5.0764033 2.4074234 0.5204597 2.3288623 1.7988806 0.1653740 2.1275600 1.9665424 1.8699239 0.0664555 0.5683148 2.1392178 2.0550085 2.5975132 2.4153331 2.0072566 2.2862936 2.1444701 1.9361997 2.0347905 2.1752072 0.1042556 2.1014186 
n300_301   0.0237651 0.0000000 1.9588885 4.5040725 2.4157099 0.5212370 2.1933019 1.8111964 0.1528207 2.0434086 1.9393074 1.9863705 0.0665330 0.5691739 2.1858537 2.0983020 2.4375664 2.2832561 1.9321133 2.2740225 2.2571420 1.9096351 1.9740974 2.1036767 0.1005352 2.1602716 
n290_291   2.0352810 1.9588885 0.0000000 2.6781713 3.8631413 1.8046620 1.2185596 0.9481436 1.9352513 0.0414486 0.1495755 0.4162261 1.9450563 1.9430764 0.4054510 0.3932006 1.7928008 1.7191134 0.0855876 2.4820079 0.4363456 0.1710928 2.5306269 2.5524983 1.8559575 0.4432978 
n244_245   5.0764033 4.5040725 2.6781713 0.0000000 1.7498939 2.7101325 9.0000000 3.4932100 3.6131792 2.7147829 2.6457629 2.9263096 3.6702971 2.4886329 2.7621754 3.1086763 9.0000000 9.0000000 2.6664538 1.6229507 2.9462183 2.7866310 2.0684701 2.1456218 4.1425422 3.1011045 
n255_256   2.4074234 2.4157099 3.8631413 1.7498939 0.0000000 1.7633226 2.6293790 2.4079044 2.1442563 3.0735977 3.1372672 2.1938582 2.1798749 1.9068729 2.4956537 2.4792751 2.8343289 2.4992352 3.8187325 0.2945592 2.2877675 3.3090396 2.4546590 2.3764548 2.2954506 2.3431564 
n277_278   0.5204597 0.5212370 1.8046620 2.7101325 1.7633226 0.0000000 2.3957577 1.5190639 0.5200856 1.8180001 1.6807064 1.7356919 0.5336860 0.1608591 1.9963779 2.0462396 1.9963540 2.0726027 1.7545365 1.7348377 1.9369875 1.6274546 1.9354918 2.0147697 0.4644796 1.9070908 
n200_201   2.3288623 2.1933019 1.2185596 9.0000000 2.6293790 2.3957577 0.0000000 0.9958483 2.4667291 1.2006779 1.1117167 1.2989842 2.3232847 2.9280157 1.2237238 1.2275470 2.3348458 2.3451776 1.3160290 2.1796988 1.3381914 1.1219149 2.3246883 2.1774509 2.2628754 1.2503432 
n236_237   1.7988806 1.8111964 0.9481436 3.4932100 2.4079044 1.5190639 0.9958483 0.0000000 1.8923869 0.9336936 0.8266585 0.8092185 1.8290636 1.8150379 0.7592060 0.7518920 1.9766982 2.0120920 0.9068698 2.2040923 0.7710202 0.8599658 2.0388847 2.1919044 1.7157774 0.7940184 
n274_275   0.1653740 0.1528207 1.9352513 3.6131792 2.1442563 0.5200856 2.4667291 1.8923869 0.0000000 1.9458873 1.9085250 1.9463336 0.1564400 0.5840375 2.6668648 2.5918769 2.1023940 2.0300403 2.0208292 2.0237725 2.6370687 1.8966983 1.8426215 2.0914736 0.1275002 2.4458259 
n289_290   2.1275600 2.0434086 0.0414486 2.7147829 3.0735977 1.8180001 1.2006779 0.9336936 1.9458873 0.0000000 0.1329515 0.3863899 1.9556960 1.9171233 0.3818509 0.3756132 1.6408960 1.5786303 0.0779614 2.2321808 0.4056433 0.1623631 2.2258280 2.2350501 1.8715864 0.4122767 
n296_297   1.9665424 1.9393074 0.1495755 2.6457629 3.1372672 1.6807064 1.1117167 0.8266585 1.9085250 0.1329515 0.0000000 0.3686432 1.9511683 1.8740040 0.3518625 0.3405397 1.7631715 1.7143443 0.1618086 2.5121691 0.3990952 0.0415329 2.0470471 2.2671798 1.8671427 0.3994439 
n275_276   1.8699239 1.9863705 0.4162261 2.9263096 2.1938582 1.7356919 1.2989842 0.8092185 1.9463336 0.3863899 0.3686432 0.0000000 1.9071243 1.8005304 0.1491797 0.1449368 2.2072281 2.0941425 0.3844157 1.6888241 0.1529227 0.3855583 1.9944227 2.0728452 1.6871126 0.1698432 
n292_293   0.0664555 0.0665330 1.9450563 3.6702971 2.1798749 0.5336860 2.3232847 1.8290636 0.1564400 1.9556960 1.9511683 1.9071243 0.0000000 0.5744566 2.1828011 2.0953202 1.9884169 1.8904625 1.8786987 2.1699230 2.2992505 1.9213135 1.7803967 1.9601143 0.0887879 2.1985748 
n278_279   0.5683148 0.5691739 1.9430764 2.4886329 1.9068729 0.1608591 2.9280157 1.8150379 0.5840375 1.9171233 1.8740040 1.8005304 0.5744566 0.0000000 2.0683725 2.0385777 2.0270881 2.0199555 1.9718271 1.7289815 2.0240984 1.8816962 1.7275114 1.8427108 0.5230819 2.0778249 
n298_299   2.1392178 2.1858537 0.4054510 2.7621754 2.4956537 1.9963779 1.2237238 0.7592060 2.6668648 0.3818509 0.3518625 0.1491797 2.1828011 2.0683725 0.0000000 0.0273116 1.8407158 1.8862886 0.3800066 1.9066089 0.1709402 0.3745413 1.8906694 1.9549686 2.1174086 0.1752207 
n297_298   2.0550085 2.0983020 0.3932006 3.1086763 2.4792751 2.0462396 1.2275470 0.7518920 2.5918769 0.3756132 0.3405397 0.1449368 2.0953202 2.0385777 0.0273116 0.0000000 1.8092621 1.8172978 0.3681160 1.9001548 0.1581253 0.3628338 1.7268253 1.8426489 2.0346709 0.1623292 
n286_287   2.5975132 2.4375664 1.7928008 9.0000000 2.8343289 1.9963540 2.3348458 1.9766982 2.1023940 1.6408960 1.7631715 2.2072281 1.9884169 2.0270881 1.8407158 1.8092621 0.0000000 0.0517831 1.7088977 2.8440590 2.0363250 1.7717358 0.9858239 1.1322489 2.1962722 2.0375998 
n285_286   2.4153331 2.2832561 1.7191134 9.0000000 2.4992352 2.0726027 2.3451776 2.0120920 2.0300403 1.5786303 1.7143443 2.0941425 1.8904625 2.0199555 1.8862886 1.8172978 0.0517831 0.0000000 1.6149270 2.6397603 1.9443428 1.7220578 0.9234808 1.0771141 2.0752933 1.9539981 
n287_288   2.0072566 1.9321133 0.0855876 2.6664538 3.8187325 1.7545365 1.3160290 0.9068698 2.0208292 0.0779614 0.1618086 0.3844157 1.8786987 1.9718271 0.3800066 0.3681160 1.7088977 1.6149270 0.0000000 2.1747390 0.3979401 0.1792094 2.3507376 2.4860589 1.9983212 0.4162486 
n251_252   2.2862936 2.2740225 2.4820079 1.6229507 0.2945592 1.7348377 2.1796988 2.2040923 2.0237725 2.2321808 2.5121691 1.6888241 2.1699230 1.7289815 1.9066089 1.9001548 2.8440590 2.6397603 2.1747390 0.0000000 2.0533480 2.8501762 2.2614010 2.2384651 2.1608935 2.1461515 
n294_295   2.1444701 2.2571420 0.4363456 2.9462183 2.2877675 1.9369875 1.3381914 0.7710202 2.6370687 0.4056433 0.3990952 0.1529227 2.2992505 2.0240984 0.1709402 0.1581253 2.0363250 1.9443428 0.3979401 2.0533480 0.0000000 0.4167755 1.9283392 2.1688443 2.0884175 0.0414181 
n295_296   1.9361997 1.9096351 0.1710928 2.7866310 3.3090396 1.6274546 1.1219149 0.8599658 1.8966983 0.1623631 0.0415329 0.3855583 1.9213135 1.8816962 0.3745413 0.3628338 1.7717358 1.7220578 0.1792094 2.8501762 0.4167755 0.0000000 2.1542574 2.1317523 1.7982614 0.4171472 
n266_267   2.0347905 1.9740974 2.5306269 2.0684701 2.4546590 1.9354918 2.3246883 2.0388847 1.8426215 2.2258280 2.0470471 1.9944227 1.7803967 1.7275114 1.8906694 1.7268253 0.9858239 0.9234808 2.3507376 2.2614010 1.9283392 2.1542574 0.0000000 0.1921457 1.9634399 1.9589688 
n265_266   2.1752072 2.1036767 2.5524983 2.1456218 2.3764548 2.0147697 2.1774509 2.1919044 2.0914736 2.2350501 2.2671798 2.0728452 1.9601143 1.8427108 1.9549686 1.8426489 1.1322489 1.0771141 2.4860589 2.2384651 2.1688443 2.1317523 0.1921457 0.0000000 2.1861274 2.2718524 
n280_281   0.1042556 0.1005352 1.8559575 4.1425422 2.2954506 0.4644796 2.2628754 1.7157774 0.1275002 1.8715864 1.8671427 1.6871126 0.0887879 0.5230819 2.1174086 2.0346709 2.1962722 2.0752933 1.9983212 2.1608935 2.0884175 1.7982614 1.9634399 2.1861274 0.0000000 2.0038354 
n293_294   2.1014186 2.1602716 0.4432978 3.1011045 2.3431564 1.9070908 1.2503432 0.7940184 2.4458259 0.4122767 0.3994439 0.1698432 2.1985748 2.0778249 0.1752207 0.1623292 2.0375998 1.9539981 0.4162486 2.1461515 0.0414181 0.4171472 1.9589688 2.2718524 2.0038354 0.0000000 
