21
n289_274   0.0000000 0.3245117 0.3145154 0.0100491 0.3300770 0.4151921 0.1513615 0.3865148 0.0446184 0.0481561 0.0517590 0.3810936 0.0100465 0.0663138 0.0033331 0.0410940 0.0134371 0.3246320 0.3349276 0.0340821 0.3253864 
n266_257   0.3245117 0.0000000 0.1276223 0.3295580 0.1441512 0.3385849 0.3021169 0.3079645 0.3297054 0.3245465 0.3240492 0.2983639 0.3347213 0.3294500 0.3298592 0.3293870 0.3299640 0.1355310 0.0169051 0.3189588 0.1400596 
n286_271   0.3145154 0.1276223 0.0000000 0.3194987 0.0343427 0.3345123 0.2975489 0.2931558 0.3148245 0.3097615 0.3040247 0.2982035 0.3245967 0.3148114 0.3197890 0.3145226 0.3198899 0.0067334 0.1397198 0.3042885 0.0308309 
n296_279   0.0100491 0.3295580 0.3194987 0.0000000 0.3351569 0.4267771 0.1553878 0.3919922 0.0481410 0.0516934 0.0553146 0.3865367 0.0202459 0.0699394 0.0134333 0.0446019 0.0033320 0.3296763 0.3400399 0.0375599 0.3304431 
n278_267   0.3300770 0.1441512 0.0343427 0.3351569 0.0000000 0.3674008 0.3028321 0.3193922 0.3304037 0.3252375 0.3193603 0.3246330 0.3403545 0.3303911 0.3354640 0.3300843 0.3355710 0.0413797 0.1606642 0.3196412 0.0135424 
n244_233   0.4151921 0.3385849 0.3345123 0.4267771 0.3674008 0.0000000 0.3953184 0.3186828 0.4273156 0.4271883 0.4273524 0.3083821 0.4266903 0.4333219 0.4212832 0.4268776 0.4273384 0.3448680 0.3660632 0.4149626 0.3675852 
n200_197   0.1513615 0.3021169 0.2975489 0.1553878 0.3028321 0.3953184 0.0000000 0.3618108 0.1429610 0.1430697 0.1387669 0.3565753 0.1638299 0.1471302 0.1555162 0.1389493 0.1555590 0.3074025 0.3124776 0.1388708 0.2982886 
n255_246   0.3865148 0.3079645 0.2931558 0.3919922 0.3193922 0.3186828 0.3618108 0.0000000 0.3861643 0.3754037 0.3859344 0.0342129 0.3975966 0.3851731 0.3923646 0.3857783 0.3924961 0.3029637 0.3235225 0.3745092 0.3147593 
n297_280   0.0446184 0.3297054 0.3148245 0.0481410 0.3304037 0.4273156 0.1429610 0.3861643 0.0000000 0.0236505 0.0271125 0.3807492 0.0553343 0.0697547 0.0481787 0.0033326 0.0481910 0.3249524 0.3346927 0.0100456 0.3257082 
n294_277   0.0481561 0.3245465 0.3097615 0.0516934 0.3252375 0.4271883 0.1430697 0.3754037 0.0236505 0.0000000 0.0168411 0.3752087 0.0589234 0.0698069 0.0517340 0.0202276 0.0517471 0.3198242 0.3295029 0.0134224 0.3205669 
n293_276   0.0517590 0.3240492 0.3040247 0.0553146 0.3193603 0.4273524 0.1387669 0.3859344 0.0271125 0.0168411 0.0000000 0.3805235 0.0625890 0.0771525 0.0553581 0.0236713 0.0553721 0.3139983 0.3289976 0.0168292 0.3147252 
n251_242   0.3810936 0.2983639 0.2982035 0.3865367 0.3246330 0.3083821 0.3565753 0.0342129 0.3807492 0.3752087 0.3805235 0.0000000 0.3809092 0.3797753 0.3869030 0.3803695 0.3870322 0.3080760 0.3137410 0.3691741 0.3199744 
n287_272   0.0100465 0.3347213 0.3245967 0.0202459 0.3403545 0.4266903 0.1638299 0.3975966 0.0553343 0.0589234 0.0625890 0.3809092 0.0000000 0.0773853 0.0134298 0.0517583 0.0236885 0.3348373 0.3452711 0.0446413 0.3356170 
n236_225   0.0663138 0.3294500 0.3148114 0.0699394 0.3303911 0.4333219 0.1471302 0.3851731 0.0697547 0.0698069 0.0771525 0.3797753 0.0773853 0.0000000 0.0699946 0.0661148 0.0700126 0.3249396 0.3399263 0.0588666 0.3256953 
n290_275   0.0033331 0.3298592 0.3197890 0.0134333 0.3354640 0.4212832 0.1555162 0.3923646 0.0481787 0.0517340 0.0553581 0.3869030 0.0134298 0.0699946 0.0000000 0.0446368 0.0168397 0.3299774 0.3403524 0.0375892 0.3307456 
n298_281   0.0410940 0.3293870 0.3145226 0.0446019 0.3300843 0.4268776 0.1389493 0.3857783 0.0033326 0.0202276 0.0236713 0.3803695 0.0517583 0.0661148 0.0446368 0.0000000 0.0446481 0.3246393 0.3343687 0.0066826 0.3253937 
n295_278   0.0134371 0.3299640 0.3198899 0.0033320 0.3355710 0.4273384 0.1555590 0.3924961 0.0481910 0.0517471 0.0553721 0.3870322 0.0236885 0.0700126 0.0168397 0.0446481 0.0000000 0.3300822 0.3404615 0.0375987 0.3308508 
n285_270   0.3246320 0.1355310 0.0067334 0.3296763 0.0413797 0.3448680 0.3074025 0.3029637 0.3249524 0.3198242 0.3139983 0.3080760 0.3348373 0.3249396 0.3299774 0.3246393 0.3300822 0.0000000 0.1396725 0.3142730 0.0378355 
n265_256   0.3349276 0.0169051 0.1397198 0.3400399 0.1606642 0.3660632 0.3124776 0.3235225 0.3346927 0.3295029 0.3289976 0.3137410 0.3452711 0.3399263 0.3403524 0.3343687 0.3404615 0.1396725 0.0000000 0.3238784 0.1564781 
n275_264   0.0340821 0.3189588 0.3042885 0.0375599 0.3196412 0.4149626 0.1388708 0.3745092 0.0100456 0.0134224 0.0168292 0.3691741 0.0446413 0.0588666 0.0375892 0.0066826 0.0375987 0.3142730 0.3238784 0.0000000 0.3150012 
n277_266   0.3253864 0.1400596 0.0308309 0.3304431 0.0135424 0.3675852 0.2982886 0.3147593 0.3257082 0.3205669 0.3147252 0.3199744 0.3356170 0.3256953 0.3307456 0.3253937 0.3308508 0.0378355 0.1564781 0.3150012 0.0000000 
