26
n299_300   0.0000000 0.0203355 9.0000000 2.9654204 9.0000000 0.4247490 3.2243757 2.9406838 0.0892878 4.6039570 4.3164540 3.0274179 0.0272652 0.4435633 2.6951572 3.1007356 2.2882537 2.3104839 3.7715148 8.9999981 2.8124412 9.0000000 2.3627140 2.6849209 0.0556773 2.8959438 
n300_301   0.0203355 0.0000000 9.0000000 2.7502851 9.0000000 0.4371580 3.1008587 3.0415068 0.0892631 4.5394308 4.0188000 3.0195112 0.0342444 0.4693804 2.6910347 3.0920418 2.2797007 2.3016971 3.7473540 4.6847228 2.8071374 8.1342853 2.1898139 2.4561681 0.0703315 2.8897524 
n290_291   9.0000000 9.0000000 0.0000000 1.8330817 5.6093430 2.7243160 1.2117160 0.7681133 4.3900604 0.0377365 0.2015863 0.3041886 6.8037291 2.7512967 0.3480371 0.3653231 2.2171839 2.0726933 0.0592375 5.4894722 0.3312335 0.1969357 1.9074792 2.0455805 4.9610677 0.3199908 
n244_245   2.9654204 2.7502851 1.8330817 0.0000000 2.8489406 3.7710101 2.9079352 3.1966192 2.7429358 1.9715741 2.3238335 2.2939840 2.7665260 2.7903860 2.7733389 2.4160413 2.1975884 2.3160890 2.0576326 2.1361909 2.4292537 2.3840028 2.4332076 2.3627456 2.5186132 2.3625756 
n255_256   9.0000000 9.0000000 5.6093430 2.8489406 0.0000000 3.2367302 3.1680930 9.0000000 9.0000000 3.3801121 6.5645656 5.5391345 9.0000000 3.1967320 5.7868957 5.1342622 3.5966134 5.6957456 4.4827912 0.2718022 5.1004677 5.9978660 3.6108929 6.5516789 8.1297970 4.7003942 
n277_278   0.4247490 0.4371580 2.7243160 3.7710101 3.2367302 0.0000000 3.1784857 2.4235072 0.4564101 2.4808717 2.5185559 2.7174477 0.4059287 0.1488953 2.4564537 2.2661761 2.3526486 2.3954353 2.3025406 3.9960236 2.6644112 2.7503479 2.7833379 3.1252495 0.4053559 2.7345865 
n200_201   3.2243757 3.1008587 1.2117160 2.9079352 3.1680930 3.1784857 0.0000000 1.2857027 3.2623274 1.1915289 1.0310198 1.1091081 3.2085402 3.8418233 1.0620922 1.0758784 2.2455817 2.0229012 1.1096142 2.6813407 1.1381165 1.0179046 1.9053923 2.2702498 3.0800276 1.1368922 
n236_237   2.9406838 3.0415068 0.7681133 3.1966192 9.0000000 2.4235072 1.2857027 0.0000000 2.5660365 0.7375167 0.8178653 0.7158644 3.1715271 2.3230629 0.7453978 0.7559165 2.2326625 2.0730514 0.7269601 9.0000000 0.7647300 0.8180317 2.2050676 2.5929558 2.7735720 0.7443629 
n274_275   0.0892878 0.0892631 4.3900604 2.7429358 9.0000000 0.4564101 3.2623274 2.5660365 0.0000000 3.6713530 3.2015280 2.6186133 0.0930731 0.4631195 2.3300398 2.5309140 2.2039132 2.2246661 3.3264497 5.4478104 2.4058014 3.7008718 2.7100782 3.1933402 0.0778207 2.4626906 
n289_290   4.6039570 4.5394308 0.0377365 1.9715741 3.3801121 2.4808717 1.1915289 0.7375167 3.6713530 0.0000000 0.1747930 0.2882669 4.1973051 2.5004382 0.3201882 0.3421506 2.0639262 1.9774640 0.0341765 3.7204323 0.3040620 0.1703409 1.7920153 1.9130568 3.9283237 0.2932833 
n296_297   4.3164540 4.0188000 0.2015863 2.3238335 6.5645656 2.5185559 1.0310198 0.8178653 3.2015280 0.1747930 0.0000000 0.3140095 4.1860537 2.5458473 0.3528183 0.3699531 2.2548412 2.0965397 0.1877301 4.0477284 0.3195293 0.0518928 1.6496152 1.8947209 3.7084103 0.3086099 
n275_276   3.0274179 3.0195112 0.3041886 2.2939840 5.5391345 2.7174477 1.1091081 0.7158644 2.6186133 0.2882669 0.3140095 0.0000000 2.8104952 1.9963597 0.1203611 0.1283867 2.1953016 2.1444969 0.3036100 3.3621042 0.0888986 0.3137799 1.9249747 1.9283952 2.8068909 0.0813386 
n292_293   0.0272652 0.0342444 6.8037291 2.7665260 9.0000000 0.4059287 3.2085402 3.1715271 0.0930731 4.1973051 4.1860537 2.8104952 0.0000000 0.4305958 2.6078881 2.9747454 2.1298301 2.1497408 3.5487147 4.6144018 2.6338364 8.1055348 2.2524310 2.5381062 0.0629704 2.7043436 
n278_279   0.4435633 0.4693804 2.7512967 2.7903860 3.1967320 0.1488953 3.8418233 2.3230629 0.4631195 2.5004382 2.5458473 1.9963597 0.4305958 0.0000000 1.9004805 1.7910470 2.0574028 2.0894001 2.4395850 4.2268025 2.1475244 2.7636916 3.1670172 3.3530131 0.3994075 2.1324493 
n298_299   2.6951572 2.6910347 0.3480371 2.7733389 5.7868957 2.4564537 1.0620922 0.7453978 2.3300398 0.3201882 0.3528183 0.1203611 2.6078881 1.9004805 0.0000000 0.0412240 2.1257674 2.0676997 0.3253661 2.9678316 0.1490366 0.3414413 1.7818572 1.9923643 2.5318825 0.1406220 
n297_298   3.1007356 3.0920418 0.3653231 2.4160413 5.1342622 2.2661761 1.0758784 0.7559165 2.5309140 0.3421506 0.3699531 0.1283867 2.9747454 1.7910470 0.0412240 0.0000000 2.0354602 2.0297344 0.3530427 3.3167658 0.1659173 0.3469989 1.8257635 1.9915566 2.7830368 0.1530892 
n286_287   2.2882537 2.2797007 2.2171839 2.1975884 3.5966134 2.3526486 2.2455817 2.2326625 2.2039132 2.0639262 2.2548412 2.1953016 2.1298301 2.0574028 2.1257674 2.0354602 0.0000000 0.0631769 2.1491531 3.4948133 2.1989025 2.3939736 1.2117936 1.1897771 1.9456839 2.2306664 
n285_286   2.3104839 2.3016971 2.0726933 2.3160890 5.6957456 2.3954353 2.0229012 2.0730514 2.2246661 1.9774640 2.0965397 2.1444969 2.1497408 2.0894001 2.0676997 2.0297344 0.0631769 0.0000000 2.0567245 6.0914015 2.1997217 2.2128899 1.1746721 1.1230858 1.9630878 2.1757376 
n287_288   3.7715148 3.7473540 0.0592375 2.0576326 4.4827912 2.3025406 1.1096142 0.7269601 3.3264497 0.0341765 0.1877301 0.3036100 3.5487147 2.4395850 0.3253661 0.3530427 2.1491531 2.0567245 0.0000000 3.2620213 0.3197654 0.1833164 1.9338482 2.0751596 3.3683608 0.3194952 
n251_252   8.9999981 4.6847228 5.4894722 2.1361909 0.2718022 3.9960236 2.6813407 9.0000000 5.4478104 3.7204323 4.0477284 3.3621042 4.6144018 4.2268025 2.9678316 3.3167658 3.4948133 6.0914015 3.2620213 0.0000000 2.9555143 3.9796822 4.5697374 5.3908263 4.4914721 3.7363851 
n294_295   2.8124412 2.8071374 0.3312335 2.4292537 5.1004677 2.6644112 1.1381165 0.7647300 2.4058014 0.3040620 0.3195293 0.0888986 2.6338364 2.1475244 0.1490366 0.1659173 2.1989025 2.1997217 0.3197654 2.9555143 0.0000000 0.3246833 1.7168283 1.9795992 2.6291647 0.0447266 
n295_296   9.0000000 8.1342853 0.1969357 2.3840028 5.9978660 2.7503479 1.0179046 0.8180317 3.7008718 0.1703409 0.0518928 0.3137799 8.1055348 2.7636916 0.3414413 0.3469989 2.3939736 2.2128899 0.1833164 3.9796822 0.3246833 0.0000000 1.7611642 1.9996822 5.8587157 0.3083847 
n266_267   2.3627140 2.1898139 1.9074792 2.4332076 3.6108929 2.7833379 1.9053923 2.2050676 2.7100782 1.7920153 1.6496152 1.9249747 2.2524310 3.1670172 1.7818572 1.8257635 1.2117936 1.1746721 1.9338482 4.5697374 1.7168283 1.7611642 0.0000000 0.1543551 2.5385839 1.7779608 
n265_266   2.6849209 2.4561681 2.0455805 2.3627456 6.5516789 3.1252495 2.2702498 2.5929558 3.1933402 1.9130568 1.8947209 1.9283952 2.5381062 3.3530131 1.9923643 1.9915566 1.1897771 1.1230858 2.0751596 5.3908263 1.9795992 1.9996822 0.1543551 0.0000000 2.9626254 1.9724895 
n280_281   0.0556773 0.0703315 4.9610677 2.5186132 8.1297970 0.4053559 3.0800276 2.7735720 0.0778207 3.9283237 3.7084103 2.8068909 0.0629704 0.3994075 2.5318825 2.7830368 1.9456839 1.9630878 3.3683608 4.4914721 2.6291647 5.8587157 2.5385839 2.9626254 0.0000000 2.7000407 
n293_294   2.8959438 2.8897524 0.3199908 2.3625756 4.7003942 2.7345865 1.1368922 0.7443629 2.4626906 0.2932833 0.3086099 0.0813386 2.7043436 2.1324493 0.1406220 0.1530892 2.2306664 2.1757376 0.3194952 3.7363851 0.0447266 0.3083847 1.7779608 1.9724895 2.7000407 0.0000000 
