37
n295_454   0.0000000 0.4119722 0.0067039 0.4250875 0.1090999 0.3257441 0.4019528 0.0413749 0.2524041 0.0413754 0.4067368 0.3715648 0.4251808 0.2511348 0.3995696 0.0449475 0.4189766 0.0449539 0.4324489 0.3209661 0.3644394 0.4325179 0.4202337 0.3987685 0.4187135 0.4102912 0.0485310 0.3760772 0.3154124 0.2316232 0.3257441 0.4182595 0.4011883 0.1630368 0.3257441 0.0413843 0.3820177 
n289_446   0.4119722 0.0000000 0.3994028 0.0237981 0.3947345 0.4383353 0.4437282 0.3995948 0.3694414 0.3932972 0.0377754 0.3700288 0.0377834 0.3869077 0.0066979 0.3928880 0.0342609 0.3930271 0.0485442 0.4457182 0.2973767 0.0485513 0.1624934 0.2911503 0.0203427 0.3121893 0.3989139 0.3079121 0.4322569 0.3690367 0.4383353 0.0168945 0.0705575 0.4441241 0.4383353 0.3874263 0.4115129 
n296_455   0.0067039 0.3994028 0.0000000 0.4122610 0.1090994 0.3146353 0.3895147 0.0342778 0.2424526 0.0342782 0.3942391 0.3596743 0.4123530 0.2412452 0.3872233 0.0378106 0.4062597 0.0378159 0.4194626 0.3099094 0.3526943 0.4195293 0.4074682 0.3864558 0.4060062 0.3977858 0.0413543 0.3641301 0.3044497 0.2220243 0.3146353 0.4055738 0.3887764 0.1544132 0.3146353 0.0342866 0.3699727 
n295_456   0.4250875 0.0237981 0.4122610 0.0000000 0.3947517 0.4254054 0.4376247 0.4060046 0.3576845 0.3996417 0.0413703 0.3761903 0.0485363 0.3804109 0.0237846 0.3992244 0.0449528 0.3993661 0.0522161 0.4594533 0.3028345 0.0522238 0.1496464 0.2965402 0.0033408 0.3177603 0.4053100 0.3134611 0.4327920 0.3627173 0.4254054 0.0203328 0.0668686 0.4380091 0.4254054 0.3937158 0.4056551 
n236_361   0.1090999 0.3947345 0.1090994 0.3947517 0.0000000 0.2992398 0.4027769 0.0933491 0.2331006 0.0933500 0.3889605 0.3535567 0.4012000 0.2467024 0.3826071 0.1130614 0.3951883 0.0972403 0.3954976 0.3103905 0.4023485 0.3955603 0.4204447 0.4133176 0.3886442 0.4251128 0.1170395 0.4146870 0.3050279 0.2272883 0.2992398 0.3945273 0.3720646 0.1673726 0.2992398 0.1091104 0.3705899 
n299_462   0.3257441 0.4383353 0.3146353 0.4254054 0.2992398 0.0000000 0.4278826 0.2982607 0.2132045 0.2982616 0.4004451 0.3829665 0.4122883 0.2465405 0.4254588 0.3248775 0.4062011 0.2979981 0.4258834 0.0859370 0.3359448 0.4127314 0.4196999 0.3759036 0.4190316 0.3997961 0.3303524 0.3355428 0.0783257 0.2415165 0.0067069 0.4253570 0.3770407 0.3144388 0.0067069 0.3194569 0.4196474 
n251_388   0.4019528 0.4437282 0.3895147 0.4376247 0.4027769 0.4278826 0.0000000 0.3953424 0.3313542 0.3953421 0.4181801 0.3302568 0.4246634 0.3580948 0.4307699 0.4201917 0.4184716 0.3824605 0.4318845 0.4612990 0.4147518 0.4383090 0.3942719 0.4009932 0.4311406 0.4258148 0.4264854 0.4148016 0.4345053 0.3468231 0.4278826 0.4304426 0.3940078 0.4409177 0.4278826 0.4011831 0.0377809 
n293_450   0.0413749 0.3995948 0.0342778 0.4060046 0.0933491 0.2982607 0.3953424 0.0000000 0.2277628 0.0067055 0.3881404 0.3361637 0.4060959 0.2361867 0.3874090 0.0449116 0.4000560 0.0100863 0.4131296 0.2936117 0.3470426 0.4131952 0.4012411 0.3572304 0.3998071 0.3681283 0.0484921 0.3583848 0.2988163 0.2171227 0.2982607 0.3993849 0.3827189 0.1458791 0.2982607 0.0413514 0.3756302 
n286_437   0.2524041 0.3694414 0.2424526 0.3576845 0.2331006 0.2132045 0.3313542 0.2277628 0.0000000 0.2277641 0.3346266 0.3248805 0.3398963 0.1132540 0.3577682 0.2471299 0.3344011 0.2325980 0.3522234 0.2232490 0.3030514 0.3522784 0.3698765 0.3241588 0.3519117 0.3463107 0.2422893 0.3081851 0.2184736 0.1092102 0.2132045 0.3576964 0.3302226 0.2621162 0.2132045 0.2422813 0.3188346 
n275_422   0.0413754 0.3932972 0.0342782 0.3996417 0.0933500 0.2982616 0.3953421 0.0067055 0.2277641 0.0000000 0.3819406 0.3361641 0.3997323 0.2361879 0.3812241 0.0449122 0.3937474 0.0100865 0.4066878 0.2936126 0.3526690 0.4067523 0.3949087 0.3629226 0.3935033 0.3739025 0.0484927 0.3641033 0.2988171 0.2171240 0.2982616 0.3930914 0.3765619 0.1458804 0.2982616 0.0413519 0.3756301 
n275_424   0.4067368 0.0377754 0.3942391 0.0413703 0.3889605 0.4004451 0.4181801 0.3881404 0.3346266 0.3819406 0.0000000 0.3521706 0.0134720 0.3627616 0.0448974 0.3871459 0.0100789 0.3816795 0.0169060 0.4198032 0.2868643 0.0169085 0.1373255 0.2807598 0.0378170 0.3014797 0.3931264 0.2916879 0.4011879 0.3455139 0.4004451 0.0413310 0.0521552 0.4252176 0.4004451 0.3817188 0.3870998 
n244_375   0.3715648 0.3700288 0.3596743 0.3761903 0.3535567 0.3829665 0.3302568 0.3361637 0.3248805 0.3361641 0.3521706 0.0000000 0.3521440 0.3529860 0.3583430 0.3417489 0.3521721 0.3302094 0.3521847 0.3771570 0.3704795 0.3522397 0.3899951 0.3986651 0.3762494 0.4105092 0.3473617 0.3700336 0.3894250 0.3417860 0.3829665 0.3636120 0.3302846 0.3889099 0.3829665 0.3358474 0.3131111 
n298_461   0.4251808 0.0377834 0.4123530 0.0485363 0.4012000 0.4122883 0.4246634 0.4060959 0.3398963 0.3997323 0.0134720 0.3521440 0.0000000 0.3627734 0.0449070 0.3993150 0.0033408 0.3994566 0.0237975 0.4319895 0.2869390 0.0238009 0.1456877 0.2808324 0.0449427 0.3015589 0.4054012 0.2917641 0.4130710 0.3455254 0.4122883 0.0413399 0.0594451 0.4381035 0.4122883 0.3938058 0.3932915 
n266_407   0.2511348 0.3869077 0.2412452 0.3804109 0.2467024 0.2465405 0.3580948 0.2361867 0.1132540 0.2361879 0.3627616 0.3529860 0.3627734 0.0000000 0.3749548 0.2560602 0.3571016 0.2410634 0.3811304 0.2674441 0.3353177 0.3811904 0.3806656 0.3453589 0.3744552 0.3681403 0.2511746 0.3464581 0.2423315 0.0169036 0.2465405 0.3748762 0.3463182 0.2555433 0.2465405 0.2511653 0.3567219 
n290_447   0.3995696 0.0066979 0.3872233 0.0237846 0.3826071 0.4254588 0.4307699 0.3874090 0.3577682 0.3812241 0.0448974 0.3583430 0.0449070 0.3749548 0.0000000 0.3808296 0.0413458 0.3809639 0.0557976 0.4326781 0.2868508 0.0558058 0.1581655 0.2807465 0.0203312 0.3014659 0.3867526 0.2972254 0.4194684 0.3573847 0.4254588 0.0168849 0.0705171 0.4311408 0.4254588 0.3754476 0.3991341 
n289_444   0.0449475 0.3928880 0.0378106 0.3992244 0.1130614 0.3248775 0.4201917 0.0449116 0.2471299 0.0449122 0.3871459 0.3417489 0.3993150 0.2560602 0.3808296 0.0000000 0.3933373 0.0485082 0.4062612 0.3089811 0.3580979 0.4063256 0.3951454 0.3866818 0.3930937 0.3980199 0.0033408 0.3696151 0.3035413 0.2364086 0.3248775 0.3926827 0.3761720 0.1629120 0.3248775 0.0100881 0.3997025 
n297_460   0.4189766 0.0342609 0.4062597 0.0449528 0.3951883 0.4062011 0.4184716 0.4000560 0.3344011 0.3937474 0.0100789 0.3521721 0.0033408 0.3571016 0.0413458 0.3933373 0.0000000 0.3934766 0.0203465 0.4257228 0.2818269 0.0203495 0.1498619 0.2757776 0.0413786 0.2963553 0.3993733 0.2866218 0.4069631 0.3399890 0.4062011 0.0377977 0.0558018 0.4317853 0.4062011 0.3878669 0.3873650 
n298_459   0.0449539 0.3930271 0.0378159 0.3993661 0.0972403 0.2979981 0.3824605 0.0100863 0.2325980 0.0100865 0.3816795 0.3302094 0.3994566 0.2410634 0.3809639 0.0485082 0.3934766 0.0000000 0.4064059 0.2933534 0.3465590 0.4064702 0.3882465 0.3567315 0.3932328 0.3676118 0.0521088 0.3578825 0.2985525 0.2218582 0.2979981 0.3928216 0.3763049 0.1501132 0.2979981 0.0449282 0.3577448 
n294_453   0.4324489 0.0485442 0.4194626 0.0522161 0.3954976 0.4258834 0.4318845 0.4131296 0.3522234 0.4066878 0.0169060 0.3521847 0.0237975 0.3811304 0.0557976 0.4062612 0.0203465 0.4064059 0.0000000 0.4326393 0.3032049 0.0067054 0.1499539 0.2913561 0.0485971 0.3124202 0.4124191 0.3081384 0.4136825 0.3633922 0.4258834 0.0521660 0.0594740 0.4391335 0.4258834 0.4006952 0.4001368 
n277_426   0.3209661 0.4457182 0.3099094 0.4594533 0.3103905 0.0859370 0.4612990 0.2936117 0.2232490 0.2936126 0.4198032 0.3771570 0.4319895 0.2674441 0.4326781 0.3089811 0.4257228 0.2933534 0.4326393 0.0000000 0.3836882 0.4324650 0.4399125 0.4134027 0.4527409 0.4323245 0.3090058 0.3832237 0.0273084 0.2622363 0.0898192 0.4454763 0.4084406 0.3261040 0.0898192 0.3147168 0.4460535 
n286_439   0.3644394 0.2973767 0.3526943 0.3028345 0.4023485 0.3359448 0.4147518 0.3470426 0.3030514 0.3526690 0.2868643 0.3704795 0.2869390 0.3353177 0.2868508 0.3580979 0.2818269 0.3465590 0.3032049 0.3836882 0.0000000 0.3032520 0.3038883 0.1130157 0.2975033 0.1290819 0.3638393 0.0100829 0.3479297 0.3185955 0.3304512 0.2919521 0.2670370 0.3640344 0.3359448 0.3467809 0.4205193 
n293_452   0.4325179 0.0485513 0.4195293 0.0522238 0.3955603 0.4127314 0.4383090 0.4131952 0.3522784 0.4067523 0.0169085 0.3522397 0.0238009 0.3811904 0.0558058 0.4063256 0.0203495 0.4064702 0.0067054 0.4324650 0.3032520 0.0000000 0.1585660 0.2914010 0.0486043 0.3124685 0.4124845 0.3081862 0.4135163 0.3634491 0.4127314 0.0521736 0.0594828 0.4392037 0.4127314 0.4007586 0.4062701 
n200_311   0.4202337 0.1624934 0.4074682 0.1496464 0.4204447 0.4196999 0.3942719 0.4012411 0.3698765 0.3949087 0.1373255 0.3899951 0.1456877 0.3806656 0.1581655 0.3951454 0.1498619 0.3882465 0.1499539 0.4399125 0.3038883 0.1585660 0.0000000 0.3135697 0.1454447 0.3353798 0.4012163 0.3145587 0.4139771 0.3568965 0.4196999 0.1581294 0.1375443 0.4460223 0.4196999 0.3888252 0.4066361 
n266_409   0.3987685 0.2911503 0.3864558 0.2965402 0.4133176 0.3759036 0.4009932 0.3572304 0.3241588 0.3629226 0.2807598 0.3986651 0.2808324 0.3453589 0.2807465 0.3866818 0.2757776 0.3567315 0.2913561 0.4134027 0.1130157 0.2914010 0.3135697 0.0000000 0.2912722 0.0134533 0.3926528 0.1170259 0.3884503 0.3284393 0.3759036 0.2857909 0.2660277 0.4068239 0.3759036 0.3749236 0.4066450 
n296_457   0.4187135 0.0203427 0.4060062 0.0033408 0.3886442 0.4190316 0.4311406 0.3998071 0.3519117 0.3935033 0.0378170 0.3762494 0.0449427 0.3744552 0.0203312 0.3930937 0.0413786 0.3932328 0.0485971 0.4527409 0.2975033 0.0486043 0.1454447 0.2912722 0.0000000 0.3123263 0.3991253 0.3080464 0.4263337 0.3569135 0.4190316 0.0168979 0.0631670 0.4315124 0.4190316 0.3876270 0.3994662 
n265_408   0.4102912 0.3121893 0.3977858 0.3177603 0.4251128 0.3997961 0.4258148 0.3681283 0.3463107 0.3739025 0.3014797 0.4105092 0.3015589 0.3681403 0.3014659 0.3980199 0.2963553 0.3676118 0.3124202 0.4323245 0.1290819 0.3124685 0.3353798 0.0134533 0.3123263 0.0000000 0.4040812 0.1331927 0.4128291 0.3506563 0.3997961 0.3066576 0.2863360 0.4126716 0.3997961 0.3860888 0.4191161 
n290_445   0.0485310 0.3989139 0.0413543 0.4053100 0.1170395 0.3303524 0.4264854 0.0484921 0.2422893 0.0484927 0.3931264 0.3473617 0.4054012 0.2511746 0.3867526 0.0033408 0.3993733 0.0521088 0.4124191 0.3090058 0.3638393 0.4124845 0.4012163 0.3926528 0.3991253 0.4040812 0.0000000 0.3754524 0.3088571 0.2316594 0.3303524 0.3987046 0.3820704 0.1672036 0.3303524 0.0134843 0.4057961 
n285_438   0.3760772 0.3079121 0.3641301 0.3134611 0.4146870 0.3355428 0.4148016 0.3583848 0.3081851 0.3641033 0.2916879 0.3700336 0.2917641 0.3464581 0.2972254 0.3696151 0.2866218 0.3578825 0.3081384 0.3832237 0.0100829 0.3081862 0.3145587 0.1170259 0.3080464 0.1331927 0.3754524 0.0000000 0.3593123 0.3294632 0.3300561 0.3024009 0.2771352 0.3756598 0.3355428 0.3581137 0.4205711 
n278_427   0.3154124 0.4322569 0.3044497 0.4327920 0.3050279 0.0783257 0.4345053 0.2988163 0.2184736 0.2988171 0.4011879 0.3894250 0.4130710 0.2423315 0.4194684 0.3035413 0.4069631 0.2985525 0.4136825 0.0273084 0.3479297 0.4135163 0.4139771 0.3884503 0.4263337 0.4128291 0.3088571 0.3593123 0.0000000 0.2373269 0.0821594 0.4193695 0.3836168 0.3093756 0.0821594 0.3092261 0.4261626 
n265_406   0.2316232 0.3690367 0.2220243 0.3627173 0.2272883 0.2415165 0.3468231 0.2171227 0.1092102 0.2171240 0.3455139 0.3417860 0.3455254 0.0169036 0.3573847 0.2364086 0.3399890 0.2218582 0.3633922 0.2622363 0.3185955 0.3634491 0.3568965 0.3284393 0.3569135 0.3506563 0.2316594 0.3294632 0.2373269 0.0000000 0.2415165 0.3573132 0.3294451 0.2659659 0.2415165 0.2316528 0.3455044 
n274_421   0.3257441 0.4383353 0.3146353 0.4254054 0.2992398 0.0067069 0.4278826 0.2982607 0.2132045 0.2982616 0.4004451 0.3829665 0.4122883 0.2465405 0.4254588 0.3248775 0.4062011 0.2979981 0.4258834 0.0898192 0.3304512 0.4127314 0.4196999 0.3759036 0.4190316 0.3997961 0.3303524 0.3300561 0.0821594 0.2415165 0.0000000 0.4253570 0.3770407 0.3144388 0.0067069 0.3194569 0.4196474 
n287_442   0.4182595 0.0168945 0.4055738 0.0203328 0.3945273 0.4253570 0.4304426 0.3993849 0.3576964 0.3930914 0.0413310 0.3636120 0.0413399 0.3748762 0.0168849 0.3926827 0.0377977 0.3928216 0.0521660 0.4454763 0.2919521 0.0521736 0.1581294 0.2857909 0.0168979 0.3066576 0.3987046 0.3024009 0.4193695 0.3573132 0.4253570 0.0000000 0.0668034 0.4310362 0.4253570 0.3808268 0.3988431 
n236_363   0.4011883 0.0705575 0.3887764 0.0668686 0.3720646 0.3770407 0.3940078 0.3827189 0.3302226 0.3765619 0.0521552 0.3302846 0.0594451 0.3463182 0.0705171 0.3761720 0.0558018 0.3763049 0.0594740 0.4084406 0.2670370 0.0594828 0.1375443 0.2660277 0.0631670 0.2863360 0.3820704 0.2771352 0.3836168 0.3294451 0.3770407 0.0668034 0.0000000 0.4072290 0.3770407 0.3708074 0.3694191 
n200_309   0.1630368 0.4441241 0.1544132 0.4380091 0.1673726 0.3144388 0.4409177 0.1458791 0.2621162 0.1458804 0.4252176 0.3889099 0.4381035 0.2555433 0.4311408 0.1629120 0.4317853 0.1501132 0.4391335 0.3261040 0.3640344 0.4392037 0.4460223 0.4068239 0.4315124 0.4126716 0.1672036 0.3756598 0.3093756 0.2659659 0.3144388 0.4310362 0.4072290 0.0000000 0.3144388 0.1586530 0.4010462 
n280_429   0.3257441 0.4383353 0.3146353 0.4254054 0.2992398 0.0067069 0.4278826 0.2982607 0.2132045 0.2982616 0.4004451 0.3829665 0.4122883 0.2465405 0.4254588 0.3248775 0.4062011 0.2979981 0.4258834 0.0898192 0.3359448 0.4127314 0.4196999 0.3759036 0.4190316 0.3997961 0.3303524 0.3355428 0.0821594 0.2415165 0.0067069 0.4253570 0.3770407 0.3144388 0.0000000 0.3194569 0.4196474 
n287_440   0.0413843 0.3874263 0.0342866 0.3937158 0.1091104 0.3194569 0.4011831 0.0413514 0.2422813 0.0413519 0.3817188 0.3358474 0.3938058 0.2511653 0.3754476 0.0100881 0.3878669 0.0449282 0.4006952 0.3147168 0.3467809 0.4007586 0.3888252 0.3749236 0.3876270 0.3860888 0.0134843 0.3581137 0.3092261 0.2316528 0.3194569 0.3808268 0.3708074 0.1586530 0.3194569 0.0000000 0.3813005 
n255_392   0.3820177 0.4115129 0.3699727 0.4056551 0.3705899 0.4196474 0.0377809 0.3756302 0.3188346 0.3756301 0.3870998 0.3131111 0.3932915 0.3567219 0.3991341 0.3997025 0.3873650 0.3577448 0.4001368 0.4460535 0.4205193 0.4062701 0.4066361 0.4066450 0.3994662 0.4191161 0.4057961 0.4205711 0.4261626 0.3455044 0.4196474 0.3988431 0.3694191 0.4010462 0.4196474 0.3813005 0.0000000 
