24
n274_279   0.0000000 0.3096742 0.0272191 0.0237506 0.2988425 0.3686260 0.3099941 0.2235291 0.3040682 0.2777739 0.2181415 0.3622417 0.2429272 0.0631354 0.2622232 0.2879768 0.3042197 0.3561666 0.3151364 0.3097792 0.0557671 0.3151036 0.2990140 0.2422127 
n295_300   0.3096742 0.0000000 0.3041505 0.2987633 0.0168900 0.4186236 0.0522352 0.2792072 0.0237758 0.0935160 0.2888906 0.3506454 0.2949794 0.2827822 0.1294189 0.0168997 0.0485933 0.3624730 0.0558632 0.0522066 0.2722776 0.0033420 0.0413997 0.3104368 
n292_297   0.0272191 0.3041505 0.0000000 0.0033381 0.2934125 0.3449816 0.3044663 0.2093036 0.2985939 0.2725235 0.1993715 0.3330576 0.2282720 0.0485495 0.2571037 0.2826418 0.2987462 0.3272660 0.3095684 0.3042564 0.0413559 0.3095339 0.2935824 0.2227400 
n280_285   0.0237506 0.2987633 0.0033381 0.0000000 0.2881130 0.3450614 0.2990751 0.2046419 0.2932531 0.2673925 0.1994448 0.3331342 0.2234720 0.0449528 0.2520957 0.2774316 0.2934060 0.3273410 0.3041397 0.2988700 0.0378021 0.3041038 0.2882815 0.2228229 
n287_292   0.2988425 0.0168900 0.2934125 0.2881130 0.0000000 0.4058146 0.0450079 0.2738499 0.0134773 0.0857969 0.2783758 0.3390810 0.2894851 0.2625895 0.1212492 0.0067062 0.0414108 0.3507034 0.0485955 0.0449834 0.2571391 0.0203242 0.0343023 0.3048633 
n244_247   0.3686260 0.4186236 0.3449816 0.3450614 0.4058146 0.0000000 0.4068929 0.3452175 0.4051948 0.3865028 0.3390155 0.3050200 0.3631545 0.3508455 0.3634521 0.3995395 0.4122616 0.3214563 0.4185743 0.4071564 0.3391472 0.4250170 0.4128023 0.3680758 
n294_299   0.3099941 0.0522352 0.3044663 0.2990751 0.0450079 0.4068929 0.0000000 0.2743933 0.0522284 0.0975468 0.2785195 0.3569960 0.2900616 0.2884507 0.1255443 0.0450347 0.0308382 0.3689412 0.0379091 0.0067131 0.2778475 0.0522792 0.0100927 0.3050119 
n265_270   0.2235291 0.2792072 0.2093036 0.2046419 0.2738499 0.3452175 0.2743933 0.0000000 0.2788985 0.2388811 0.1182063 0.3058158 0.0203601 0.2048291 0.2483231 0.2633680 0.2845641 0.3005543 0.2951988 0.2796814 0.1955050 0.2844154 0.2691388 0.1348112 
n289_294   0.3040682 0.0237758 0.2985939 0.2932531 0.0134773 0.4051948 0.0522284 0.2788985 0.0000000 0.0935057 0.2834523 0.3390228 0.2946522 0.2723837 0.1294072 0.0134850 0.0485868 0.3506462 0.0558559 0.0521997 0.2620436 0.0272482 0.0413940 0.3101428 
n236_239   0.2777739 0.0935160 0.2725235 0.2673925 0.0857969 0.3865028 0.0975468 0.2388811 0.0935057 0.0000000 0.2478348 0.3446069 0.2537131 0.2623386 0.1169893 0.0858502 0.0936117 0.3448648 0.1014396 0.0974912 0.2521607 0.0974057 0.0858610 0.2730959 
n286_291   0.2181415 0.2888906 0.1993715 0.1994448 0.2783758 0.3390155 0.2785195 0.1182063 0.2834523 0.2478348 0.0000000 0.2786565 0.1388883 0.1948702 0.2374268 0.2678331 0.2836063 0.2838984 0.2892058 0.2838283 0.1903678 0.2941651 0.2682346 0.0237913 
n251_256   0.3622417 0.3506454 0.3330576 0.3331342 0.3390810 0.3050200 0.3569960 0.3058158 0.3390228 0.3446069 0.2786565 0.0000000 0.3060842 0.3270669 0.3384771 0.3393609 0.3509450 0.0237860 0.3627192 0.3629481 0.3215332 0.3564336 0.3453584 0.3000902 
n266_271   0.2429272 0.2949794 0.2282720 0.2234720 0.2894851 0.3631545 0.2900616 0.0203601 0.2946522 0.2537131 0.1388883 0.3060842 0.0000000 0.2236760 0.2685106 0.2787467 0.3004615 0.3008179 0.3113545 0.2954797 0.2140731 0.3003094 0.2846784 0.1560667 
n278_283   0.0631354 0.2827822 0.0485495 0.0449528 0.2625895 0.3508455 0.2884507 0.2048291 0.2723837 0.2623386 0.1948702 0.3270669 0.2236760 0.0000000 0.2522286 0.2570623 0.2828820 0.3326898 0.2934412 0.2882549 0.0067003 0.2879944 0.2778349 0.2180781 
n200_203   0.2622232 0.1294189 0.2571037 0.2520957 0.1212492 0.3634521 0.1255443 0.2483231 0.1294072 0.1169893 0.2374268 0.3384771 0.2685106 0.2522286 0.0000000 0.1213273 0.1295490 0.3325883 0.1378390 0.1254710 0.2422111 0.1335334 0.1213369 0.2622300 
n290_295   0.2879768 0.0168997 0.2826418 0.2774316 0.0067062 0.3995395 0.0450347 0.2633680 0.0134850 0.0858502 0.2678331 0.3393609 0.2787467 0.2570623 0.1213273 0.0000000 0.0414354 0.3509966 0.0486245 0.0450101 0.2469673 0.0203359 0.0343224 0.2938823 
n298_303   0.3042197 0.0485933 0.2987462 0.2934060 0.0414108 0.4122616 0.0308382 0.2845641 0.0485868 0.0936117 0.2836063 0.3509450 0.3004615 0.2828820 0.1295490 0.0414354 0.0000000 0.3627787 0.0067077 0.0308216 0.2723775 0.0486341 0.0203718 0.2994987 
n255_260   0.3561666 0.3624730 0.3272660 0.3273410 0.3507034 0.3214563 0.3689412 0.3005543 0.3506462 0.3448648 0.2838984 0.0237860 0.3008179 0.3326898 0.3325883 0.3509966 0.3627787 0.0000000 0.3747634 0.3750014 0.3271126 0.3683612 0.3570990 0.3055011 
n297_302   0.3151364 0.0558632 0.3095684 0.3041397 0.0485955 0.4185743 0.0379091 0.2951988 0.0558559 0.1014396 0.2892058 0.3627192 0.3113545 0.2934412 0.1378390 0.0486245 0.0067077 0.3747634 0.0000000 0.0378885 0.2827652 0.0559102 0.0273181 0.3052476 
n293_298   0.3097792 0.0522066 0.3042564 0.2988700 0.0449834 0.4071564 0.0067131 0.2796814 0.0521997 0.0974912 0.2838283 0.3629481 0.2954797 0.2882549 0.1254710 0.0450101 0.0308216 0.3750014 0.0378885 0.0000000 0.2776607 0.0522505 0.0100873 0.3105418 
n277_282   0.0557671 0.2722776 0.0413559 0.0378021 0.2571391 0.3391472 0.2778475 0.1955050 0.2620436 0.2521607 0.1903678 0.3215332 0.2140731 0.0067003 0.2422111 0.2469673 0.2723775 0.3271126 0.2827652 0.2776607 0.0000000 0.2774076 0.2674066 0.2134196 
n296_301   0.3151036 0.0033420 0.3095339 0.3041038 0.0203242 0.4250170 0.0522792 0.2844154 0.0272482 0.0974057 0.2941651 0.3564336 0.3003094 0.2879944 0.1335334 0.0203359 0.0486341 0.3683612 0.0559102 0.0522505 0.2774076 0.0000000 0.0414343 0.3158807 
n275_280   0.2990140 0.0413997 0.2935824 0.2882815 0.0343023 0.4128023 0.0100927 0.2691388 0.0413940 0.0858610 0.2682346 0.3453584 0.2846784 0.2778349 0.1213369 0.0343224 0.0203718 0.3570990 0.0273181 0.0100873 0.2674066 0.0414343 0.0000000 0.2943207 
n285_290   0.2422127 0.3104368 0.2227400 0.2228229 0.3048633 0.3680758 0.3050119 0.1348112 0.3101428 0.2730959 0.0237913 0.3000902 0.1560667 0.2180781 0.2622300 0.2938823 0.2994987 0.3055011 0.3052476 0.3105418 0.2134196 0.3158807 0.2943207 0.0000000 
