23
n292_293   0.0000000 0.2383344 0.2430113 0.3367278 0.2867605 0.0033386 0.2475466 0.0168441 0.3261598 0.2768106 0.0066941 0.0625500 0.2615148 0.2520606 0.3541265 0.2337353 0.2524953 0.2805580 0.2714391 0.2772219 0.0662106 0.0033385 0.2668210 
n287_288   0.2383344 0.0000000 0.0168651 0.3152007 0.2855521 0.2430722 0.0202764 0.2523449 0.3254038 0.0961853 0.2477950 0.2335380 0.0411163 0.0306248 0.3321170 0.0168654 0.0237238 0.2651525 0.1350227 0.2759389 0.2382279 0.2338166 0.2563501 
n294_295   0.2430113 0.0168651 0.0000000 0.3098144 0.2853933 0.2477819 0.0033382 0.2571146 0.3199370 0.0999731 0.2525368 0.2335297 0.0236859 0.0134434 0.3214712 0.0202802 0.0271693 0.2650069 0.1390010 0.2757861 0.2382195 0.2384654 0.2562097 
n251_252   0.3367278 0.3152007 0.3098144 0.0000000 0.3584100 0.3421795 0.3147360 0.3529386 0.0340968 0.3006247 0.3475990 0.3314665 0.3350874 0.3196172 0.2761466 0.3202264 0.3203486 0.3677062 0.3056181 0.3587989 0.3212751 0.3421539 0.3418118 
n286_287   0.2867605 0.2855521 0.2853933 0.3584100 0.0000000 0.2918499 0.2901703 0.2868654 0.3583038 0.3011618 0.2870529 0.2769051 0.3100620 0.2950711 0.3817036 0.2903928 0.3003688 0.1677462 0.2664675 0.0169047 0.2866254 0.2819411 0.1556335 
n300_301   0.0033386 0.2430722 0.2477819 0.3421795 0.2918499 0.0000000 0.2523463 0.0202680 0.3262193 0.2818257 0.0033388 0.0662137 0.2664092 0.2568890 0.3597320 0.2384418 0.2573331 0.2855848 0.2764082 0.2822461 0.0698953 0.0066949 0.2717609 
n275_276   0.2475466 0.0202764 0.0033382 0.3147360 0.2901703 0.2523463 0.0000000 0.2617322 0.3249213 0.1037609 0.2571298 0.2380065 0.0271212 0.0168358 0.3264844 0.0237052 0.0306240 0.2602475 0.1429724 0.2805069 0.2427246 0.2429759 0.2608082 
n274_275   0.0168441 0.2523449 0.2571146 0.3529386 0.2868654 0.0202680 0.2617322 0.0000000 0.3421293 0.2818664 0.0237067 0.0662225 0.2759675 0.2663267 0.3597840 0.2476574 0.2667888 0.2710422 0.2764481 0.2773230 0.0699046 0.0134482 0.2621844 
n255_256   0.3261598 0.3254038 0.3199370 0.0340968 0.3583038 0.3262193 0.3249213 0.3421293 0.0000000 0.3106470 0.3315177 0.3209761 0.3455454 0.3298636 0.2763369 0.3304952 0.3306214 0.3620360 0.3207736 0.3478952 0.3109240 0.3315044 0.3363362 
n236_237   0.2768106 0.0961853 0.0999731 0.3006247 0.3011618 0.2818257 0.1037609 0.2818664 0.3106470 0.0000000 0.2868196 0.2576618 0.1192862 0.1076266 0.3431905 0.0999751 0.1076761 0.3000144 0.1353421 0.2913328 0.2625296 0.2720550 0.2809965 
n299_300   0.0066941 0.2477950 0.2525368 0.3475990 0.2870529 0.0033388 0.2571298 0.0237067 0.3315177 0.2868196 0.0000000 0.0698863 0.2712850 0.2617003 0.3653018 0.2431341 0.2621537 0.2808422 0.2765354 0.2775033 0.0735885 0.0100673 0.2670897 
n278_279   0.0625500 0.2335380 0.2335297 0.3314665 0.2769051 0.0662137 0.2380065 0.0662225 0.3209761 0.2576618 0.0698863 0.0000000 0.2517856 0.2424634 0.3430977 0.2289721 0.2475929 0.2706533 0.2666869 0.2674865 0.0202764 0.0589499 0.2570853 
n297_298   0.2615148 0.0411163 0.0236859 0.3350874 0.3100620 0.2664092 0.0271212 0.2759675 0.3455454 0.1192862 0.2712850 0.2517856 0.0000000 0.0100516 0.3418192 0.0446380 0.0517578 0.2887490 0.1676031 0.3050975 0.2565951 0.2568635 0.2797277 
n298_299   0.2520606 0.0306248 0.0134434 0.3196172 0.2950711 0.2568890 0.0168358 0.2663267 0.3298636 0.1076266 0.2617003 0.2424634 0.0100516 0.0000000 0.3261584 0.0340995 0.0411176 0.2742248 0.1551910 0.2902020 0.2472090 0.2474657 0.2653468 
n244_245   0.3541265 0.3321170 0.3214712 0.2761466 0.3817036 0.3597320 0.3264844 0.3597840 0.2763369 0.3431905 0.3653018 0.3430977 0.3418192 0.3261584 0.0000000 0.3372718 0.3374011 0.3967950 0.3481544 0.3821235 0.3485977 0.3488655 0.3808141 
n296_297   0.2337353 0.0168654 0.0202802 0.3202264 0.2903928 0.2384418 0.0237052 0.2476574 0.3304952 0.0999751 0.2431341 0.2289721 0.0446380 0.0340995 0.3372718 0.0000000 0.0134674 0.2698528 0.1390035 0.2759131 0.2336314 0.2292443 0.2610067 
n295_296   0.2524953 0.0237238 0.0271693 0.3203486 0.3003688 0.2573331 0.0306240 0.2667888 0.3306214 0.1076761 0.2621537 0.2475929 0.0517578 0.0411176 0.3374011 0.0134674 0.0000000 0.2795254 0.1471150 0.2857001 0.2523808 0.2478918 0.2705833 
n266_267   0.2805580 0.2651525 0.2650069 0.3677062 0.1677462 0.2855848 0.2602475 0.2710422 0.3620360 0.3000144 0.2808422 0.2706533 0.2887490 0.2742248 0.3967950 0.2698528 0.2795254 0.0000000 0.2654738 0.1594991 0.2659548 0.2757938 0.0236578 
n200_201   0.2714391 0.1350227 0.1390010 0.3056181 0.2664675 0.2764082 0.1429724 0.2764481 0.3207736 0.1353421 0.2765354 0.2666869 0.1676031 0.1551910 0.3481544 0.1390035 0.1471150 0.2654738 0.0000000 0.2570815 0.2716100 0.2667234 0.2472625 
n285_286   0.2772219 0.2759389 0.2757861 0.3587989 0.0169047 0.2822461 0.2805069 0.2773230 0.3478952 0.2913328 0.2775033 0.2674865 0.3050975 0.2902020 0.3821235 0.2759131 0.2857001 0.1594991 0.2570815 0.0000000 0.2770926 0.2724578 0.1474984 
n277_278   0.0662106 0.2382279 0.2382195 0.3212751 0.2866254 0.0698953 0.2427246 0.0699046 0.3109240 0.2625296 0.0735885 0.0202764 0.2565951 0.2472090 0.3485977 0.2336314 0.2523808 0.2659548 0.2716100 0.2770926 0.0000000 0.0625924 0.2524575 
n280_281   0.0033385 0.2338166 0.2384654 0.3421539 0.2819411 0.0066949 0.2429759 0.0134482 0.3315044 0.2720550 0.0100673 0.0589499 0.2568635 0.2474657 0.3488655 0.2292443 0.2478918 0.2757938 0.2667234 0.2724578 0.0625924 0.0000000 0.2621299 
n265_266   0.2668210 0.2563501 0.2562097 0.3418118 0.1556335 0.2717609 0.2608082 0.2621844 0.3363362 0.2809965 0.2670897 0.2570853 0.2797277 0.2653468 0.3808141 0.2610067 0.2705833 0.0236578 0.2472625 0.1474984 0.2524575 0.2621299 0.0000000 
