25
n287_288   0.0000000 0.0100995 0.1177983 0.2105743 0.2816300 0.2501910 0.2246415 0.2199376 0.0523861 0.2345359 0.2245929 0.0169482 0.0560166 0.0487277 0.0523515 0.0100995 0.2869692 0.4167494 0.0135122 0.2553121 0.4482687 0.0560228 0.1736979 0.2103922 0.4235266 
n290_291   0.0100995 0.0000000 0.1136886 0.2198745 0.2812146 0.2498333 0.2290964 0.2243674 0.0559979 0.2390492 0.2290468 0.0203797 0.0596452 0.0523192 0.0559606 0.0067112 0.2865438 0.4164712 0.0169249 0.2549453 0.4410635 0.0596516 0.1779903 0.2245597 0.4232431 
n236_237   0.1177983 0.1136886 0.0000000 0.2547882 0.3086240 0.2601909 0.2699239 0.2649076 0.1342496 0.2700362 0.2698885 0.1137127 0.1343023 0.1218508 0.1259156 0.1136886 0.3142141 0.4560668 0.1096230 0.2653947 0.4550353 0.1300767 0.2352992 0.2597311 0.4368678 
n278_279   0.2105743 0.2198745 0.2547882 0.0000000 0.2447308 0.1878284 0.0522698 0.0486707 0.2398589 0.0559796 0.0559353 0.2153230 0.2446796 0.2251183 0.2298953 0.2198745 0.2346141 0.4280947 0.2104278 0.2017853 0.4082358 0.2348571 0.2980762 0.0100995 0.4227961 
n285_286   0.2816300 0.2812146 0.3086240 0.2447308 0.0000000 0.1429940 0.2595196 0.2545847 0.3138041 0.2596287 0.2594865 0.2762591 0.3191731 0.3080562 0.3134546 0.2758827 0.0135311 0.4229722 0.2708223 0.1558974 0.4080968 0.3191268 0.3496940 0.2552423 0.4177410 
n265_266   0.2501910 0.2498333 0.2601909 0.1878284 0.1429940 0.0000000 0.1923010 0.1878282 0.2705422 0.1923876 0.1922806 0.2450861 0.2755867 0.2550637 0.2600613 0.2498333 0.1387370 0.4087690 0.2399300 0.0101018 0.4072898 0.2652742 0.3032522 0.1971142 0.4108772 
n280_281   0.2246415 0.2290964 0.2699239 0.0522698 0.2595196 0.1923010 0.0000000 0.0100704 0.2493635 0.0237678 0.0168734 0.2244951 0.2542436 0.2344248 0.2392606 0.2290964 0.2543711 0.3952099 0.2195312 0.2063538 0.4284903 0.2442900 0.3027188 0.0633485 0.3901052 
n299_300   0.2199376 0.2243674 0.2649076 0.0486707 0.2545847 0.1878282 0.0100704 0.0000000 0.2444791 0.0203269 0.0066949 0.2197939 0.2493261 0.2296498 0.2344530 0.2243674 0.2494749 0.3952869 0.2148677 0.2017834 0.4221283 0.2394450 0.2974408 0.0596862 0.3901811 
n293_294   0.0523861 0.0559979 0.1342496 0.2398589 0.3138041 0.2705422 0.2493635 0.2444791 0.0000000 0.2596706 0.2493092 0.0487322 0.0033408 0.0100830 0.0203555 0.0559979 0.3194360 0.4499873 0.0450903 0.2758335 0.4544081 0.0238222 0.2153994 0.2396507 0.4499277 
n274_275   0.2345359 0.2390492 0.2700362 0.0559796 0.2596287 0.1923876 0.0237678 0.0203269 0.2596706 0.0000000 0.0272485 0.2343836 0.2646264 0.2444820 0.2493926 0.2390492 0.2544786 0.4017387 0.2293338 0.2064456 0.4157263 0.2545069 0.3028400 0.0671407 0.3965945 
n292_293   0.2245929 0.2290468 0.2698885 0.0559353 0.2594865 0.1922806 0.0168734 0.0066949 0.2493092 0.0272485 0.0000000 0.2244466 0.2541880 0.2343740 0.2392087 0.2290468 0.2543391 0.4013092 0.2194838 0.2063309 0.4290386 0.2442368 0.3026754 0.0670874 0.3961708 
n296_297   0.0169482 0.0203797 0.1137127 0.2153230 0.2762591 0.2450861 0.2244951 0.2197939 0.0487322 0.2343836 0.2244466 0.0000000 0.0523415 0.0450984 0.0487002 0.0203797 0.2815525 0.4171176 0.0033482 0.2501643 0.4413748 0.0523474 0.1691917 0.2151366 0.4239041 
n294_295   0.0560166 0.0596452 0.1343023 0.2446796 0.3191731 0.2755867 0.2542436 0.2493261 0.0033408 0.2646264 0.2541880 0.0523415 0.0000000 0.0134755 0.0238044 0.0596452 0.3248494 0.4495252 0.0486777 0.2809179 0.4609266 0.0272902 0.2200488 0.2444672 0.4494659 
n275_276   0.0487277 0.0523192 0.1218508 0.2251183 0.3080562 0.2550637 0.2344248 0.2296498 0.0100830 0.2444820 0.2343740 0.0450984 0.0134755 0.0000000 0.0100910 0.0523192 0.3136336 0.4426108 0.0414819 0.2602232 0.4541279 0.0134962 0.2012220 0.2249232 0.4496495 
n297_298   0.0523515 0.0559606 0.1259156 0.2298953 0.3134546 0.2600613 0.2392606 0.2344530 0.0203555 0.2493926 0.2392087 0.0487002 0.0238044 0.0100910 0.0000000 0.0559606 0.3190766 0.4491313 0.0450610 0.2652601 0.4680352 0.0033424 0.2058301 0.2296960 0.4562328 
n289_290   0.0100995 0.0067112 0.1136886 0.2198745 0.2758827 0.2498333 0.2290964 0.2243674 0.0559979 0.2390492 0.2290468 0.0203797 0.0596452 0.0523192 0.0559606 0.0000000 0.2811671 0.4230680 0.0169249 0.2549453 0.4410635 0.0596516 0.1736933 0.2245597 0.4299058 
n286_287   0.2869692 0.2865438 0.3142141 0.2346141 0.0135311 0.1387370 0.2543711 0.2494749 0.3194360 0.2544786 0.2543391 0.2815525 0.3248494 0.3136336 0.3190766 0.2811671 0.0000000 0.4296410 0.2760673 0.1515470 0.4146044 0.3248001 0.3556463 0.2449380 0.4243693 
n255_256   0.4167494 0.4164712 0.4560668 0.4280947 0.4229722 0.4087690 0.3952099 0.3952869 0.4499873 0.4017387 0.4013092 0.4171176 0.4495252 0.4426108 0.4491313 0.4230680 0.4296410 0.0000000 0.4102981 0.4153344 0.3660997 0.4561084 0.5160255 0.4416387 0.0630972 
n295_296   0.0135122 0.0169249 0.1096230 0.2104278 0.2708223 0.2399300 0.2195312 0.2148677 0.0450903 0.2293338 0.2194838 0.0033482 0.0486777 0.0414819 0.0450610 0.0169249 0.2760673 0.4102981 0.0000000 0.2449630 0.4343091 0.0486833 0.1737277 0.2102449 0.4170118 
n266_267   0.2553121 0.2549453 0.2653947 0.2017853 0.1558974 0.0101018 0.2063538 0.2017834 0.2758335 0.2064456 0.2063309 0.2501643 0.2809179 0.2602232 0.2652601 0.2549453 0.1515470 0.4153344 0.2449630 0.0000000 0.4270388 0.2705177 0.3088348 0.2112893 0.4174842 
n244_245   0.4482687 0.4410635 0.4550353 0.4082358 0.4080968 0.4072898 0.4284903 0.4221283 0.4544081 0.4157263 0.4290386 0.4413748 0.4609266 0.4541279 0.4680352 0.4410635 0.4146044 0.3660997 0.4343091 0.4270388 0.0000000 0.4752019 0.5143873 0.4144121 0.3481968 
n298_299   0.0560228 0.0596516 0.1300767 0.2348571 0.3191268 0.2652742 0.2442900 0.2394450 0.0238222 0.2545069 0.2442368 0.0523474 0.0272902 0.0134962 0.0033424 0.0596516 0.3248001 0.4561084 0.0486833 0.2705177 0.4752019 0.0000000 0.2105995 0.2346533 0.4632838 
n200_201   0.1736979 0.1779903 0.2352992 0.2980762 0.3496940 0.3032522 0.3027188 0.2974408 0.2153994 0.3028400 0.3026754 0.1691917 0.2200488 0.2012220 0.2058301 0.1736933 0.3556463 0.5160255 0.1737277 0.3088348 0.5143873 0.2105995 0.0000000 0.2978155 0.5094204 
n277_278   0.2103922 0.2245597 0.2597311 0.0100995 0.2552423 0.1971142 0.0633485 0.0596862 0.2396507 0.0671407 0.0670874 0.2151366 0.2444672 0.2249232 0.2296960 0.2245597 0.2449380 0.4416387 0.2102449 0.2112893 0.4144121 0.2346533 0.2978155 0.0000000 0.4362578 
n251_252   0.4235266 0.4232431 0.4368678 0.4227961 0.4177410 0.4108772 0.3901052 0.3901811 0.4499277 0.3965945 0.3961708 0.4239041 0.4494659 0.4496495 0.4562328 0.4299058 0.4243693 0.0630972 0.4170118 0.4174842 0.3481968 0.4632838 0.5094204 0.4362578 0.0000000 
