26
n299_300   0.0000000 0.0238198 1.7771456 4.2396533 3.3188331 0.4962976 2.2105770 1.7436442 0.1547765 1.8150459 1.8434203 1.7922078 0.0668786 0.4613279 1.7557602 1.8727982 2.7521378 2.5649999 1.9277570 2.8934726 1.8705926 1.8434119 2.5422393 2.2819055 0.0934781 1.9241301 
n300_301   0.0238198 0.0000000 1.7785681 4.4403630 3.9023684 0.4744198 2.1911028 1.6193076 0.1460933 1.7435904 1.7326303 1.7884949 0.0521556 0.4397716 1.7204629 1.8329917 2.8469782 2.6460044 1.8479149 2.9081492 1.8309353 1.7313240 2.4823915 2.2899102 0.0818587 1.8821462 
n290_291   1.7771456 1.7785681 0.0000000 3.1265050 3.2898999 2.5827657 1.1176453 0.7002280 1.6505222 0.0522003 0.1591156 0.3539582 1.8059967 2.1687074 0.3158569 0.3434731 2.1095132 2.1392712 0.0631871 4.7408810 0.3435526 0.1896472 2.6425232 2.2127458 1.7868981 0.3658266 
n244_245   4.2396533 4.4403630 3.1265050 0.0000000 1.5733798 4.8955240 5.1940968 2.3166865 3.2676937 2.8223043 2.6677028 3.0173868 3.5800283 9.0000000 2.5158409 2.3702003 6.9706000 9.0000000 2.9185542 1.4751815 2.3614116 2.8809426 9.0000000 8.9999983 3.6740822 2.4421792 
n255_256   3.3188331 3.9023684 3.2898999 1.5733798 0.0000000 2.9243390 3.2263275 5.8345196 3.1653776 3.8707906 3.3688502 2.9570558 3.8898948 4.0209648 3.5404955 2.8474468 3.6758701 3.5032557 3.4046741 0.2669028 2.5905549 3.4856024 3.6644082 3.9031043 3.1569161 2.4753559 
n277_278   0.4962976 0.4744198 2.5827657 4.8955240 2.9243390 0.0000000 1.8901044 2.4222138 0.5032106 2.4600826 2.1461390 2.0644120 0.4961242 0.1256643 2.0161219 1.9087302 2.0179629 1.9258117 2.5924695 2.9651785 2.6169507 2.1561287 2.4193670 2.2205068 0.4289523 2.6524194 
n200_201   2.2105770 2.1911028 1.1176453 5.1940968 3.2263275 1.8901044 0.0000000 0.9975678 1.8845632 1.0373977 1.0790247 0.8303491 2.1691042 1.9794169 0.7861956 0.7967535 2.7322503 2.5026543 1.0755263 2.8580255 0.8331202 1.1058142 2.7806700 2.3630950 1.9214645 0.8673637 
n236_237   1.7436442 1.6193076 0.7002280 2.3166865 5.8345196 2.4222138 0.9975678 0.0000000 1.6900813 0.6631101 0.7038310 0.6954983 1.6291342 2.0751459 0.6461710 0.7120665 2.5966322 2.6503979 0.6962367 4.6431395 0.6882658 0.7313980 3.0593076 2.4797333 1.7135231 0.7554486 
n274_275   0.1547765 0.1460933 1.6505222 3.2676937 3.1653776 0.5032106 1.8845632 1.6900813 0.0000000 1.7057592 1.7017669 1.7336858 0.1462605 0.4875054 1.7029712 1.7810413 2.6503173 2.3980432 1.7760067 3.1605111 1.8150082 1.6724765 2.6236558 2.2394132 0.1335578 1.8638074 
n289_290   1.8150459 1.7435904 0.0522003 2.8223043 3.8707906 2.4600826 1.0373977 0.6631101 1.7057592 0.0000000 0.1546210 0.3485558 1.8076460 2.2218352 0.3161472 0.3377222 2.1424607 2.1729520 0.0594176 3.9903424 0.3382167 0.1803547 2.8117111 2.3474295 1.7225407 0.3842509 
n296_297   1.8434203 1.7326303 0.1591156 2.6677028 3.3688502 2.1461390 1.0790247 0.7038310 1.7017669 0.1546210 0.0000000 0.3303926 1.7993295 1.8177800 0.2939030 0.3213555 2.4952508 2.4179789 0.1416061 3.6130502 0.3203065 0.0447457 2.6153373 2.0921609 1.7149064 0.3650239 
n275_276   1.7922078 1.7884949 0.3539582 3.0173868 2.9570558 2.0644120 0.8303491 0.6954983 1.7336858 0.3485558 0.3303926 0.0000000 1.7642282 2.0436223 0.1130102 0.1459137 2.5241578 2.5790218 0.3471872 2.7457507 0.1336238 0.3356082 2.1210716 1.9064857 1.7732025 0.1585937 
n292_293   0.0668786 0.0521556 1.8059967 3.5800283 3.8898948 0.4961242 2.1691042 1.6291342 0.1462605 1.8076460 1.7993295 1.7642282 0.0000000 0.4603640 1.6646384 1.7057003 2.8473484 2.7061671 1.9194168 2.7923267 1.8023185 1.7657276 2.2536930 2.0823310 0.0819230 1.8520436 
n278_279   0.4613279 0.4397716 2.1687074 9.0000000 4.0209648 0.1256643 1.9794169 2.0751459 0.4875054 2.2218352 1.8177800 2.0436223 0.4603640 0.0000000 2.1534898 2.0404356 2.3370790 2.2168518 2.1721629 3.3036354 2.5328826 1.8217070 2.3979356 2.0227325 0.4408978 2.4163651 
n298_299   1.7557602 1.7204629 0.3158569 2.5158409 3.5404955 2.0161219 0.7861956 0.6461710 1.7029712 0.3161472 0.2939030 0.1130102 1.6646384 2.1534898 0.0000000 0.0378779 2.2466668 2.3399040 0.3095173 3.0242474 0.1175609 0.3039696 1.9832650 1.7527779 1.6148305 0.1545044 
n297_298   1.8727982 1.8329917 0.3434731 2.3702003 2.8474468 1.9087302 0.7967535 0.7120665 1.7810413 0.3377222 0.3213555 0.1459137 1.7057003 2.0404356 0.0378779 0.0000000 2.6430784 2.6265472 0.3368161 2.7621320 0.1465209 0.3318078 2.0759834 1.8607786 1.6510370 0.1851537 
n286_287   2.7521378 2.8469782 2.1095132 6.9706000 3.6758701 2.0179629 2.7322503 2.5966322 2.6503173 2.1424607 2.4952508 2.5241578 2.8473484 2.3370790 2.2466668 2.6430784 0.0000000 0.0632504 1.9251184 3.0359277 2.5752400 2.3105911 1.1574171 1.0633530 2.9346443 2.4581533 
n285_286   2.5649999 2.6460044 2.1392712 9.0000000 3.5032557 1.9258117 2.5026543 2.6503979 2.3980432 2.1729520 2.4179789 2.5790218 2.7061671 2.2168518 2.3399040 2.6265472 0.0632504 0.0000000 1.9502841 3.1828711 2.6251721 2.3409371 1.0507917 1.0080013 2.6085735 2.5036288 
n287_288   1.9277570 1.8479149 0.0631871 2.9185542 3.4046741 2.5924695 1.0755263 0.6962367 1.7760067 0.0594176 0.1416061 0.3471872 1.9194168 2.1721629 0.3095173 0.3368161 1.9251184 1.9502841 0.0000000 3.5774072 0.3309274 0.1712376 2.5491269 2.1382279 1.8984726 0.3705559 
n251_252   2.8934726 2.9081492 4.7408810 1.4751815 0.2669028 2.9651785 2.8580255 4.6431395 3.1605111 3.9903424 3.6130502 2.7457507 2.7923267 3.3036354 3.0242474 2.7621320 3.0359277 3.1828711 3.5774072 0.0000000 2.6014680 3.9145560 3.0989635 3.8165183 2.6584521 2.3637350 
n294_295   1.8705926 1.8309353 0.3435526 2.3614116 2.5905549 2.6169507 0.8331202 0.6882658 1.8150082 0.3382167 0.3203065 0.1336238 1.8023185 2.5328826 0.1175609 0.1465209 2.5752400 2.6251721 0.3309274 2.6014680 0.0000000 0.3307149 2.2693428 2.0662104 1.8201203 0.0557941 
n295_296   1.8434119 1.7313240 0.1896472 2.8809426 3.4856024 2.1561287 1.1058142 0.7313980 1.6724765 0.1803547 0.0447457 0.3356082 1.7657276 1.8217070 0.3039696 0.3318078 2.3105911 2.3409371 0.1712376 3.9145560 0.3307149 0.0000000 2.7048101 2.1473461 1.7148309 0.3646257 
n266_267   2.5422393 2.4823915 2.6425232 9.0000000 3.6644082 2.4193670 2.7806700 3.0593076 2.6236558 2.8117111 2.6153373 2.1210716 2.2536930 2.3979356 1.9832650 2.0759834 1.1574171 1.0507917 2.5491269 3.0989635 2.2693428 2.7048101 0.0000000 0.1856326 2.6315214 2.3465732 
n265_266   2.2819055 2.2899102 2.2127458 8.9999983 3.9031043 2.2205068 2.3630950 2.4797333 2.2394132 2.3474295 2.0921609 1.9064857 2.0823310 2.0227325 1.7527779 1.8607786 1.0633530 1.0080013 2.1382279 3.8165183 2.0662104 2.1473461 0.1856326 0.0000000 2.1935374 2.0451924 
n280_281   0.0934781 0.0818587 1.7868981 3.6740822 3.1569161 0.4289523 1.9214645 1.7135231 0.1335578 1.7225407 1.7149064 1.7732025 0.0819230 0.4408978 1.6148305 1.6510370 2.9346443 2.6085735 1.8984726 2.6584521 1.8201203 1.7148309 2.6315214 2.1935374 0.0000000 1.8307668 
n293_294   1.9241301 1.8821462 0.3658266 2.4421792 2.4753559 2.6524194 0.8673637 0.7554486 1.8638074 0.3842509 0.3650239 0.1585937 1.8520436 2.4163651 0.1545044 0.1851537 2.4581533 2.5036288 0.3705559 2.3637350 0.0557941 0.3646257 2.3465732 2.0451924 1.8307668 0.0000000 
