26
n292_293   0.0000000 0.3147702 0.3199783 0.3031092 0.3767302 0.2846507 0.0101113 0.2980295 0.0238775 0.3090972 0.3835494 0.2677503 0.0135303 0.0523139 0.2977687 0.2981480 0.3886356 0.3133319 0.3086959 0.3085410 0.2921573 0.2970444 0.2848001 0.0522628 0.0238697 0.2755915 
n287_288   0.3147702 0.0000000 0.0100864 0.0412902 0.4256692 0.3333617 0.3096230 0.0342331 0.3092181 0.0033430 0.4085363 0.0778969 0.3153083 0.3049621 0.0377248 0.0413266 0.4173126 0.0483938 0.0203138 0.0237429 0.3541921 0.1700076 0.3328720 0.3097889 0.3201112 0.3251654 
n290_291   0.3199783 0.0100864 0.0000000 0.0448307 0.4192585 0.3387376 0.3147966 0.0377395 0.3143836 0.0067002 0.4091042 0.0816285 0.3205274 0.2994669 0.0412454 0.0448703 0.4110000 0.0519670 0.0237506 0.0271937 0.3481968 0.1742448 0.3382384 0.3042590 0.3253585 0.3194414 
n294_295   0.3031092 0.0412902 0.0448307 0.0000000 0.4054410 0.2946707 0.2980544 0.0202637 0.2926974 0.0377101 0.3840095 0.0701425 0.3036216 0.2987152 0.0236829 0.0306315 0.3739850 0.0066823 0.0412628 0.0447859 0.3183140 0.1609917 0.2942502 0.3034937 0.3083470 0.2909334 
n251_252   0.3767302 0.4256692 0.4192585 0.4054410 0.0000000 0.3963578 0.3647894 0.3923230 0.3489301 0.4189242 0.0449837 0.3649440 0.3653350 0.3544489 0.4047722 0.3993748 0.2590440 0.4172015 0.4136557 0.4134335 0.3862504 0.3945953 0.3965900 0.3717599 0.3828308 0.3679017 
n286_287   0.2846507 0.3333617 0.3387376 0.2946707 0.3963578 0.0000000 0.2692329 0.3102880 0.2640821 0.3274866 0.3911734 0.2691584 0.2745742 0.2698198 0.3152781 0.3104124 0.3836080 0.3048322 0.3275515 0.3273840 0.1849691 0.3197898 0.0033429 0.2799933 0.2791643 0.1626913 
n300_301   0.0101113 0.3096230 0.3147966 0.2980544 0.3647894 0.2692329 0.0000000 0.2930077 0.0135265 0.3039929 0.3657772 0.2629255 0.0033539 0.0414805 0.2978690 0.2931240 0.3707614 0.3082121 0.3035994 0.3034474 0.2764729 0.2920422 0.2693721 0.0414403 0.0135222 0.2603301 
n275_276   0.2980295 0.0342331 0.0377395 0.0202637 0.3923230 0.3102880 0.2930077 0.0000000 0.2926298 0.0306972 0.3824884 0.0627961 0.2985316 0.2884403 0.0168321 0.0237040 0.3789998 0.0271393 0.0342105 0.0377020 0.3301682 0.1608656 0.3098408 0.2931607 0.3032302 0.3022447 
n274_275   0.0238775 0.3092181 0.3143836 0.2926974 0.3489301 0.2640821 0.0135265 0.2926298 0.0000000 0.3035973 0.3498651 0.2625932 0.0135424 0.0486487 0.2974838 0.2927458 0.3538140 0.3027764 0.3032048 0.3030531 0.2712320 0.2817865 0.2642178 0.0486014 0.0203866 0.2552334 
n289_290   0.3090972 0.0033430 0.0067002 0.0377101 0.4189242 0.3274866 0.3039929 0.0306972 0.3035973 0.0000000 0.4087784 0.0740721 0.3096230 0.2993642 0.0341695 0.0377423 0.4106749 0.0447708 0.0168670 0.0202774 0.3480725 0.1655396 0.3270079 0.3041544 0.3143900 0.3193294 
n255_256   0.3835494 0.4085363 0.4091042 0.3840095 0.0449837 0.3911734 0.3657772 0.3824884 0.3498651 0.4087784 0.0000000 0.3492255 0.3663259 0.3611782 0.3948045 0.3894508 0.2404709 0.3954911 0.4035484 0.4033322 0.3689762 0.3772371 0.3914018 0.3786978 0.3838841 0.3510758 
n236_237   0.2677503 0.0778969 0.0816285 0.0701425 0.3649440 0.2691584 0.2629255 0.0627961 0.2625932 0.0740721 0.3492255 0.0000000 0.2681915 0.2638954 0.0664079 0.0702036 0.3508147 0.0775231 0.0778436 0.0815432 0.2872276 0.1442965 0.2687809 0.2630571 0.2727293 0.2610485 
n299_300   0.0135303 0.3153083 0.3205274 0.3036216 0.3653350 0.2745742 0.0033539 0.2985316 0.0135424 0.3096230 0.3663259 0.2681915 0.0000000 0.0451047 0.3034311 0.2986504 0.3713185 0.3138653 0.3092204 0.3090649 0.2819111 0.2924564 0.2747170 0.0450609 0.0169638 0.2656116 
n278_279   0.0523139 0.3049621 0.2994669 0.2987152 0.3544489 0.2698198 0.0414805 0.2884403 0.0486487 0.2993642 0.3611782 0.2638954 0.0451047 0.0000000 0.2932815 0.2885548 0.3773664 0.3089000 0.2989772 0.2988276 0.2822713 0.2976082 0.2699595 0.0204505 0.0486326 0.2562763 
n297_298   0.2977687 0.0377248 0.0412454 0.0236829 0.4047722 0.3152781 0.2978690 0.0168321 0.2974838 0.0341695 0.3948045 0.0664079 0.3034311 0.2932815 0.0000000 0.0134189 0.3911715 0.0305864 0.0376997 0.0412042 0.3353287 0.1649535 0.3148226 0.2980255 0.3081527 0.3072152 
n298_299   0.2981480 0.0413266 0.0448703 0.0306315 0.3993748 0.3104124 0.2931240 0.0237040 0.2927458 0.0377423 0.3894508 0.0702036 0.2986504 0.2885548 0.0134189 0.0000000 0.3914011 0.0376084 0.0412980 0.0448242 0.3303027 0.1694989 0.3099649 0.2989664 0.3033510 0.3023664 
n244_245   0.3886356 0.4173126 0.4110000 0.3739850 0.2590440 0.3836080 0.3707614 0.3789998 0.3538140 0.4106749 0.2404709 0.3508147 0.3713185 0.3773664 0.3911715 0.3914011 0.0000000 0.3740225 0.4114328 0.4112130 0.3899721 0.3924631 0.3838297 0.3702088 0.3821844 0.3596985 
n293_294   0.3133319 0.0483938 0.0519670 0.0066823 0.4172015 0.3048322 0.3082121 0.0271393 0.3027764 0.0447708 0.3954911 0.0775231 0.3138653 0.3089000 0.0305864 0.0376084 0.3740225 0.0000000 0.0483615 0.0519147 0.3288711 0.1693656 0.3043947 0.3137336 0.3186436 0.3010811 
n296_297   0.3086959 0.0203138 0.0237506 0.0412628 0.4136557 0.3275515 0.3035994 0.0342105 0.3032048 0.0168670 0.4035484 0.0778436 0.3092204 0.2989772 0.0376997 0.0412980 0.4114328 0.0483615 0.0000000 0.0033340 0.3481444 0.1656371 0.3270725 0.3037605 0.3139805 0.3193922 
n295_296   0.3085410 0.0237429 0.0271937 0.0447859 0.4134335 0.3273840 0.3034474 0.0377020 0.3030531 0.0202774 0.4033322 0.0815432 0.3090649 0.2988276 0.0412042 0.0448242 0.4112130 0.0519147 0.0033340 0.0000000 0.3479628 0.1697768 0.3269056 0.3036083 0.3138224 0.3192287 
n266_267   0.2921573 0.3541921 0.3481968 0.3183140 0.3862504 0.1849691 0.2764729 0.3301682 0.2712320 0.3480725 0.3689762 0.2872276 0.2819111 0.2822713 0.3353287 0.3303027 0.3899721 0.3288711 0.3481444 0.3479628 0.0000000 0.3075288 0.1850573 0.2926991 0.2808165 0.0169358 
n200_201   0.2970444 0.1700076 0.1742448 0.1609917 0.3945953 0.3197898 0.2920422 0.1608656 0.2817865 0.1655396 0.3772371 0.1442965 0.2924564 0.2976082 0.1649535 0.1694989 0.3924631 0.1693656 0.1656371 0.1697768 0.3075288 0.0000000 0.3193273 0.2923829 0.3022241 0.2855956 
n285_286   0.2848001 0.3328720 0.3382384 0.2942502 0.3965900 0.0033429 0.2693721 0.3098408 0.2642178 0.3270079 0.3914018 0.2687809 0.2747170 0.2699595 0.3148226 0.3099649 0.3838297 0.3043947 0.3270725 0.3269056 0.1850573 0.3193273 0.0000000 0.2801399 0.2793099 0.1627669 
n277_278   0.0522628 0.3097889 0.3042590 0.3034937 0.3717599 0.2799933 0.0414403 0.2931607 0.0486014 0.3041544 0.3786978 0.2630571 0.0450609 0.0204505 0.2980255 0.2989664 0.3702088 0.3137336 0.3037605 0.3036083 0.2926991 0.2923829 0.2801399 0.0000000 0.0485853 0.2662911 
n280_281   0.0238697 0.3201112 0.3253585 0.3083470 0.3828308 0.2791643 0.0135222 0.3032302 0.0203866 0.3143900 0.3838841 0.2727293 0.0169638 0.0486326 0.3081527 0.3033510 0.3821844 0.3186436 0.3139805 0.3138224 0.2808165 0.3022241 0.2793099 0.0485853 0.0000000 0.2701682 
n265_266   0.2755915 0.3251654 0.3194414 0.2909334 0.3679017 0.1626913 0.2603301 0.3022447 0.2552334 0.3193294 0.3510758 0.2610485 0.2656116 0.2562763 0.3072152 0.3023664 0.3596985 0.3010811 0.3193922 0.3192287 0.0169358 0.2855956 0.1627669 0.2662911 0.2701682 0.0000000 
