24
n292_293   0.0000000 0.3188775 0.3136649 0.3134118 0.4175113 0.3250909 0.0100586 0.3084845 0.0306555 0.3083031 0.3940770 0.3028405 0.0967478 0.2978030 0.4038025 0.3132494 0.3137274 0.3086680 0.2927636 0.3196220 0.3091631 0.1005346 0.0202715 0.2930749 
n287_288   0.3188775 0.0000000 0.0169123 0.0593299 0.4186825 0.3171596 0.3136350 0.0630096 0.3085537 0.0134917 0.4246209 0.1167921 0.2833640 0.0556699 0.3816680 0.0593069 0.0377308 0.0307232 0.3433227 0.1623690 0.3064848 0.2931800 0.3081563 0.3383491 
n290_291   0.3136649 0.0169123 0.0000000 0.0484683 0.4126433 0.3011739 0.3084600 0.0520854 0.3034135 0.0033473 0.4185351 0.1049329 0.2783953 0.0448710 0.3701701 0.0484497 0.0272266 0.0203237 0.3212339 0.1496712 0.2907411 0.2832321 0.3030235 0.3218805 
n294_295   0.3134118 0.0593299 0.0484683 0.0000000 0.4373881 0.3007344 0.3082107 0.0237977 0.3031678 0.0448751 0.4312189 0.0931231 0.2732904 0.0168999 0.3873618 0.0067044 0.0556731 0.0484760 0.3210920 0.1496430 0.2903162 0.2780945 0.3027783 0.3162498 
n251_252   0.4175113 0.4186825 0.4126433 0.4373881 0.0000000 0.4152907 0.4171662 0.4247555 0.4178363 0.4064347 0.0627726 0.4372846 0.3881692 0.4248542 0.2926223 0.4310869 0.4244680 0.4123552 0.4070503 0.4588196 0.4030373 0.4114035 0.4231428 0.3952319 
n286_287   0.3250909 0.3171596 0.3011739 0.3007344 0.4152907 0.0000000 0.3199270 0.2958493 0.2991603 0.2958670 0.4034379 0.2791881 0.2739454 0.2953622 0.3780618 0.3005797 0.2903610 0.2851813 0.1708477 0.3169073 0.0101286 0.2787598 0.3143888 0.1667625 
n300_301   0.0100586 0.3136350 0.3084600 0.3082107 0.4171662 0.3199270 0.0000000 0.3033146 0.0202843 0.3031374 0.3937594 0.3027150 0.0890933 0.3028168 0.4095741 0.3080519 0.3085203 0.3034942 0.2824822 0.3143666 0.3041035 0.0890363 0.0100611 0.2778790 
n275_276   0.3084845 0.0630096 0.0520854 0.0237977 0.4247555 0.2958493 0.3033146 0.0000000 0.2983004 0.0484708 0.4186942 0.1048760 0.2636747 0.0203385 0.3702279 0.0237889 0.0593306 0.0520938 0.3051560 0.1538917 0.2854943 0.2733704 0.2979176 0.3004031 
n274_275   0.0306555 0.3085537 0.3034135 0.3031678 0.4178363 0.2991603 0.0202843 0.2983004 0.0000000 0.2981273 0.3943823 0.2977124 0.0891317 0.2978126 0.4097582 0.3030125 0.3034718 0.2984763 0.2826078 0.3089621 0.2940866 0.0890746 0.0168505 0.2780027 
n289_290   0.3083031 0.0134917 0.0033473 0.0448751 0.4064347 0.2958670 0.3031374 0.0484708 0.2981273 0.0000000 0.4122794 0.1010007 0.2732893 0.0412983 0.3643315 0.0448580 0.0237555 0.0168886 0.3212596 0.1454560 0.2855127 0.2780926 0.2977449 0.3164158 
n255_256   0.3940770 0.4246209 0.4185351 0.4312189 0.0627726 0.4034379 0.3937594 0.4186942 0.3943823 0.4122794 0.0000000 0.4311150 0.3712376 0.4187909 0.2878345 0.4249719 0.4184111 0.4063974 0.4009707 0.4582059 0.3971307 0.3939682 0.3995556 0.4014214 
n236_237   0.3028405 0.1167921 0.1049329 0.0931231 0.4372846 0.2791881 0.3027150 0.1048760 0.2977124 0.1010007 0.4311150 0.0000000 0.2779865 0.0970246 0.3814884 0.1009004 0.1127815 0.1049532 0.2836612 0.1453803 0.2642013 0.2774338 0.2973309 0.2790359 
n278_279   0.0967478 0.2833640 0.2783953 0.2732904 0.3881692 0.2739454 0.0890933 0.2636747 0.0891317 0.2732893 0.3712376 0.2779865 0.0000000 0.2632545 0.3690069 0.2731551 0.2784441 0.2736009 0.2484838 0.3154739 0.2590803 0.0237641 0.0852417 0.2440705 
n297_298   0.2978030 0.0556699 0.0448710 0.0168999 0.4248542 0.2953622 0.3028168 0.0203385 0.2978126 0.0412983 0.4187909 0.0970246 0.2632545 0.0000000 0.3699912 0.0168937 0.0520353 0.0448781 0.3104156 0.1454074 0.2850293 0.2729316 0.2974310 0.3107512 
n244_245   0.4038025 0.3816680 0.3701701 0.3873618 0.2926223 0.3780618 0.4095741 0.3702279 0.4097582 0.3643315 0.2878345 0.3814884 0.3690069 0.3699912 0.0000000 0.3871407 0.3759689 0.3646343 0.3827319 0.4245661 0.3664428 0.3680750 0.3967584 0.3769927 
n293_294   0.3132494 0.0593069 0.0484497 0.0067044 0.4310869 0.3005797 0.3080519 0.0237889 0.3030125 0.0448580 0.4249719 0.1009004 0.2731551 0.0168937 0.3871407 0.0000000 0.0556516 0.0484575 0.3209229 0.1495788 0.2901688 0.2779561 0.3026234 0.3160841 
n296_297   0.3137274 0.0377308 0.0272266 0.0556731 0.4244680 0.2903610 0.3085203 0.0593306 0.3034718 0.0237555 0.4184111 0.1127815 0.2784441 0.0520353 0.3759689 0.0556516 0.0000000 0.0067016 0.3154269 0.1580612 0.2800955 0.2832826 0.3030816 0.3106215 
n295_296   0.3086680 0.0307232 0.0203237 0.0484760 0.4123552 0.2851813 0.3034942 0.0520938 0.2984763 0.0168886 0.4063974 0.1049532 0.2736009 0.0448781 0.3646343 0.0484575 0.0067016 0.0000000 0.3049910 0.1497045 0.2749923 0.2784112 0.2980930 0.3002412 
n266_267   0.2927636 0.3433227 0.3212339 0.3210920 0.4070503 0.1708477 0.2824822 0.3051560 0.2826078 0.3212596 0.4009707 0.2836612 0.2484838 0.3104156 0.3827319 0.3209229 0.3154269 0.3049910 0.0000000 0.3159336 0.1580410 0.2482589 0.2772550 0.0341941 
n200_201   0.3196220 0.1623690 0.1496712 0.1496430 0.4588196 0.3169073 0.3143666 0.1538917 0.3089621 0.1454560 0.4582059 0.1453803 0.3154739 0.1454074 0.4245661 0.1495788 0.1580612 0.1497045 0.3159336 0.0000000 0.3116851 0.3148323 0.3140827 0.3111203 
n285_286   0.3091631 0.3064848 0.2907411 0.2903162 0.4030373 0.0101286 0.3041035 0.2854943 0.2940866 0.2855127 0.3971307 0.2642013 0.2590803 0.2850293 0.3664428 0.2901688 0.2800955 0.2749923 0.1580410 0.3116851 0.0000000 0.2638017 0.2986935 0.1540159 
n277_278   0.1005346 0.2931800 0.2832321 0.2780945 0.4114035 0.2787598 0.0890363 0.2733704 0.0890746 0.2780926 0.3939682 0.2774338 0.0237641 0.2729316 0.3680750 0.2779561 0.2832826 0.2784112 0.2482589 0.3148323 0.2638017 0.0000000 0.0851872 0.2389572 
n280_281   0.0202715 0.3081563 0.3030235 0.3027783 0.4231428 0.3143888 0.0100611 0.2979176 0.0168505 0.2977449 0.3995556 0.2973309 0.0852417 0.2974310 0.3967584 0.3026234 0.3030816 0.2980930 0.2772550 0.3140827 0.2986935 0.0851872 0.0000000 0.2726817 
n265_266   0.2930749 0.3383491 0.3218805 0.3162498 0.3952319 0.1667625 0.2778790 0.3004031 0.2780027 0.3164158 0.4014214 0.2790359 0.2440705 0.3107512 0.3769927 0.3160841 0.3106215 0.3002412 0.0341941 0.3111203 0.1540159 0.2389572 0.2726817 0.0000000 
