22
n287_288   0.0000000 0.0033408 0.0846523 0.2792959 0.2569987 0.2423231 0.2648661 0.2791927 0.0306107 0.2694975 0.2743344 0.0100735 0.0202614 0.0271497 0.0237063 0.4240880 0.0066984 0.2466308 0.3530294 0.1151598 0.2791021 0.4234391 
n290_291   0.0033408 0.0000000 0.0884245 0.2842437 0.2522501 0.2470358 0.2697143 0.2841379 0.0341014 0.2743751 0.2792457 0.0134660 0.0236999 0.0306236 0.0271637 0.4180814 0.0100735 0.2513662 0.3585379 0.1190986 0.2840459 0.4174428 
n236_237   0.0846523 0.0884245 0.0000000 0.3350897 0.3060808 0.3001481 0.3195182 0.3349543 0.0958812 0.3244850 0.3297082 0.0884249 0.0845751 0.0997400 0.0959595 0.4488681 0.0846526 0.3047346 0.4089733 0.1551773 0.3348490 0.4667877 
n278_279   0.2792959 0.2842437 0.3350897 0.0000000 0.2745950 0.2697789 0.0340042 0.0374533 0.2940977 0.0374765 0.0409850 0.2698628 0.2839579 0.2839867 0.2889609 0.4356662 0.2747077 0.2694668 0.3958087 0.2596602 0.0066769 0.4343407 
n285_286   0.2569987 0.2522501 0.3060808 0.2745950 0.0000000 0.1194911 0.2463484 0.2603351 0.2660994 0.2416832 0.2555958 0.2573018 0.2567201 0.2615839 0.2713388 0.4059531 0.2525090 0.1155323 0.3580918 0.2424647 0.2744051 0.4108651 
n265_266   0.2423231 0.2470358 0.3001481 0.2697789 0.1194911 0.0000000 0.2326845 0.2464270 0.2561110 0.2281030 0.2417730 0.2426066 0.2420642 0.2468160 0.2563519 0.4008810 0.2379196 0.0203165 0.3473481 0.2285416 0.2695929 0.4057761 
n280_281   0.2648661 0.2697143 0.3195182 0.0340042 0.2463484 0.2326845 0.0000000 0.0100476 0.2793738 0.0033333 0.0066825 0.2556078 0.2694460 0.2694724 0.2792866 0.3945059 0.2603573 0.2324256 0.3626646 0.2409998 0.0339839 0.3992731 
n299_300   0.2791927 0.2841379 0.3349543 0.0374533 0.2603351 0.2464270 0.0100476 0.0000000 0.2939864 0.0134219 0.0033327 0.2697648 0.2838531 0.2838808 0.2938946 0.4117481 0.2746071 0.2461488 0.3790480 0.2548516 0.0374309 0.4165959 
n293_294   0.0306107 0.0341014 0.0958812 0.2940977 0.2660994 0.2561110 0.2793738 0.2939864 0.0000000 0.2840918 0.2890282 0.0341012 0.0100514 0.0305816 0.0271266 0.4240980 0.0306105 0.2604809 0.3689925 0.1268412 0.2938918 0.4234491 
n274_275   0.2694975 0.2743751 0.3244850 0.0374765 0.2416832 0.2281030 0.0033333 0.0134219 0.2840918 0.0000000 0.0100424 0.2601882 0.2741024 0.2741294 0.2840030 0.4000174 0.2649659 0.2278503 0.3622696 0.2454875 0.0374541 0.4048082 
n292_293   0.2743344 0.2792457 0.3297082 0.0409850 0.2555958 0.2417730 0.0066825 0.0033327 0.2890282 0.0100424 0.0000000 0.2649659 0.2789670 0.2789948 0.2889379 0.4058697 0.2697759 0.2415014 0.3734701 0.2501592 0.0409604 0.4106890 
n296_297   0.0100735 0.0134660 0.0884249 0.2698628 0.2573018 0.2426066 0.2556078 0.2697648 0.0341012 0.2601882 0.2649659 0.0000000 0.0236997 0.0306234 0.0271635 0.4246295 0.0033435 0.2469198 0.3534636 0.1190996 0.2696769 0.4239792 
n294_295   0.0202614 0.0236999 0.0845751 0.2839579 0.2567201 0.2420642 0.2694460 0.2838531 0.0100514 0.2741024 0.2789670 0.0236997 0.0000000 0.0202423 0.0168336 0.4120677 0.0202613 0.2463673 0.3526097 0.1150515 0.2837614 0.4114394 
n275_276   0.0271497 0.0306236 0.0997400 0.2839867 0.2615839 0.2468160 0.2694724 0.2838808 0.0305816 0.2741294 0.2789948 0.0306234 0.0202423 0.0000000 0.0236838 0.4420150 0.0271496 0.2511436 0.3692262 0.1269040 0.2837901 0.4413358 
n297_298   0.0237063 0.0271637 0.0959595 0.2889609 0.2713388 0.2563519 0.2792866 0.2938946 0.0271266 0.2840030 0.2889379 0.0271635 0.0168336 0.0236838 0.0000000 0.4421983 0.0237061 0.2607253 0.3693720 0.1269475 0.2937999 0.4415187 
n255_256   0.4240880 0.4180814 0.4488681 0.4356662 0.4059531 0.4008810 0.3945059 0.4117481 0.4240980 0.4000174 0.4058697 0.4246295 0.4120677 0.4420150 0.4421983 0.0000000 0.4185577 0.3889369 0.3494216 0.3772225 0.4353270 0.0451354 
n295_296   0.0066984 0.0100735 0.0846526 0.2747077 0.2525090 0.2379196 0.2603573 0.2746071 0.0306105 0.2649659 0.2697759 0.0033435 0.0202613 0.0271496 0.0237061 0.4185577 0.0000000 0.2422093 0.3479899 0.1151607 0.2745179 0.4179178 
n266_267   0.2466308 0.2513662 0.3047346 0.2694668 0.1155323 0.0203165 0.2324256 0.2461488 0.2604809 0.2278503 0.2415014 0.2469198 0.2463673 0.2511436 0.2607253 0.3889369 0.2422093 0.0000000 0.3468735 0.2327853 0.2692823 0.3937678 
n244_245   0.3530294 0.3585379 0.4089733 0.3958087 0.3580918 0.3473481 0.3626646 0.3790480 0.3689925 0.3622696 0.3734701 0.3534636 0.3526097 0.3692262 0.3693720 0.3494216 0.3479899 0.3468735 0.0000000 0.3362813 0.3955116 0.3430034 
n200_201   0.1151598 0.1190986 0.1551773 0.2596602 0.2424647 0.2285416 0.2409998 0.2548516 0.1268412 0.2454875 0.2501592 0.1190996 0.1150515 0.1269040 0.1269475 0.3772225 0.1151607 0.2327853 0.3362813 0.0000000 0.2594830 0.3875240 
n277_278   0.2791021 0.2840459 0.3348490 0.0066769 0.2744051 0.2695929 0.0339839 0.0374309 0.2938918 0.0374541 0.0409604 0.2696769 0.2837614 0.2837901 0.2937999 0.4353270 0.2745179 0.2692823 0.3955116 0.2594830 0.0000000 0.4340036 
n251_252   0.4234391 0.4174428 0.4667877 0.4343407 0.4108651 0.4057761 0.3992731 0.4165959 0.4234491 0.4048082 0.4106890 0.4239792 0.4114394 0.4413358 0.4415187 0.0451354 0.4179178 0.3937678 0.3430034 0.3875240 0.4340036 0.0000000 
