23
n251_256   0.0000000 0.4285306 0.4097233 0.3851435 0.4284570 0.4498008 0.4162516 0.3908923 0.4164686 0.4492484 0.4282399 0.4286086 0.4284067 0.4346500 0.4099419 0.4102116 0.4101324 0.4341811 0.4221471 0.3450462 0.4391760 0.0626594 0.4268526 
n299_304   0.4285306 0.0000000 0.3262854 0.3052236 0.3374834 0.3527173 0.3267731 0.2998164 0.3324934 0.3523221 0.0067119 0.3376666 0.3431757 0.0033493 0.3162764 0.3164629 0.3162775 0.3265891 0.3427496 0.4147898 0.0592036 0.3925843 0.0555717 
n275_280   0.4097233 0.3262854 0.0000000 0.2990697 0.0342049 0.3509397 0.0203196 0.2937279 0.0412536 0.3618814 0.3260853 0.0812316 0.0483604 0.3316071 0.0412264 0.0412434 0.0203188 0.1605299 0.0306961 0.3954873 0.3198571 0.3917215 0.3043079 
n286_291   0.3851435 0.3052236 0.2990697 0.0000000 0.3254328 0.1729405 0.3045615 0.0033408 0.3102686 0.1813510 0.3050404 0.2997543 0.3206011 0.3103900 0.2995328 0.2997053 0.2995011 0.3042863 0.3252737 0.3898254 0.3197610 0.3623249 0.3196415 
n297_302   0.4284570 0.3374834 0.0342049 0.3254328 0.0000000 0.3793014 0.0203350 0.3198666 0.0484235 0.3906879 0.3481630 0.0965028 0.0556095 0.3428938 0.0483903 0.0484117 0.0272532 0.1733835 0.0100929 0.4197013 0.3309164 0.4156902 0.3151132 
n265_270   0.4498008 0.3527173 0.3509397 0.1729405 0.3793014 0.0000000 0.3568835 0.1685548 0.3684290 0.0202018 0.3471008 0.3624950 0.3795843 0.3582295 0.3567597 0.3569793 0.3514646 0.3347600 0.3679784 0.4178145 0.3735242 0.4312025 0.3791485 
n293_298   0.4162516 0.3267731 0.0203196 0.3045615 0.0203350 0.3568835 0.0000000 0.2991694 0.0342389 0.3679256 0.3265723 0.0813335 0.0412827 0.3321044 0.0342163 0.0342304 0.0067134 0.1564824 0.0237794 0.4018456 0.3203318 0.3980671 0.3047549 
n285_290   0.3908923 0.2998164 0.2937279 0.0033408 0.3198666 0.1685548 0.2991694 0.0000000 0.3048224 0.1769107 0.2996375 0.2943977 0.3150705 0.3049402 0.2941812 0.2943494 0.2941496 0.2989007 0.3197114 0.3896907 0.3142473 0.3678917 0.3141304 
n289_294   0.4164686 0.3324934 0.0412536 0.3102686 0.0484235 0.3684290 0.0342389 0.3048224 0.0000000 0.3796564 0.3322878 0.0889564 0.0067121 0.3378718 0.0203420 0.0203503 0.0342376 0.1735867 0.0448325 0.3907187 0.3259794 0.3924824 0.3102683 
n266_271   0.4492484 0.3523221 0.3618814 0.1813510 0.3906879 0.0202018 0.3679256 0.1769107 0.3796564 0.0000000 0.3467143 0.3736238 0.3852223 0.3578260 0.3677961 0.3680254 0.3624269 0.3454602 0.3791870 0.4059477 0.3730984 0.4306828 0.3787138 
n274_279   0.4282399 0.0067119 0.3260853 0.3050404 0.3481630 0.3471008 0.3265723 0.2996375 0.3322878 0.3467143 0.0000000 0.3374567 0.3429612 0.0100923 0.3160841 0.3162704 0.3160852 0.3263886 0.3425357 0.4145129 0.0664815 0.3923274 0.0628124 
n236_241   0.4286086 0.3376666 0.0812316 0.2997543 0.0965028 0.3624950 0.0813335 0.2943977 0.0889564 0.3736238 0.3374567 0.0000000 0.0965601 0.3430808 0.0813327 0.0889358 0.0813307 0.1650887 0.0926432 0.4081646 0.3363749 0.4040803 0.3204488 
n287_292   0.4284067 0.3431757 0.0483604 0.3206011 0.0556095 0.3795843 0.0412827 0.3150705 0.0067121 0.3852223 0.3429612 0.0965601 0.0000000 0.3486321 0.0272502 0.0272613 0.0412813 0.1821416 0.0519806 0.3962066 0.3365370 0.4040310 0.3206027 
n300_305   0.4346500 0.0033493 0.3316071 0.3103900 0.3428938 0.3582295 0.3321044 0.3049402 0.3378718 0.3578260 0.0100923 0.3430808 0.3486321 0.0000000 0.3215315 0.3217223 0.3215330 0.3319164 0.3481978 0.4207791 0.0592300 0.3984068 0.0555964 
n295_300   0.4099419 0.3162764 0.0412264 0.2995328 0.0483903 0.3567597 0.0342163 0.2941812 0.0203420 0.3677961 0.3160841 0.0813327 0.0272502 0.3215315 0.0000000 0.0067129 0.0342151 0.1734662 0.0448029 0.3848839 0.3099564 0.3861926 0.2945977 
n296_301   0.4102116 0.3164629 0.0412434 0.2997053 0.0484117 0.3569793 0.0342304 0.2943494 0.0203503 0.3680254 0.3162704 0.0889358 0.0272613 0.3217223 0.0067129 0.0000000 0.0342292 0.1735517 0.0448215 0.3851289 0.3101373 0.3864394 0.2947665 
n294_299   0.4101324 0.3162775 0.0203188 0.2995011 0.0272532 0.3514646 0.0067134 0.2941496 0.0342376 0.3624269 0.3160852 0.0813307 0.0412813 0.3215330 0.0342151 0.0342292 0.0000000 0.1649164 0.0237786 0.3958759 0.3099569 0.3921066 0.2945969 
n200_201   0.4341811 0.3265891 0.1605299 0.3042863 0.1733835 0.3347600 0.1564824 0.2989007 0.1735867 0.3454602 0.3263886 0.1650887 0.1821416 0.3319164 0.1734662 0.1735517 0.1649164 0.0000000 0.1733695 0.4202293 0.3253213 0.3977678 0.3200889 
n298_303   0.4221471 0.3427496 0.0306961 0.3252737 0.0100929 0.3679784 0.0237794 0.3197114 0.0448325 0.3791870 0.3425357 0.0926432 0.0519806 0.3481978 0.0448029 0.0448215 0.0237786 0.1733695 0.0000000 0.4134994 0.3361221 0.4095028 0.3202111 
n244_249   0.3450462 0.4147898 0.3954873 0.3898254 0.4197013 0.4178145 0.4018456 0.3896907 0.3907187 0.4059477 0.4145129 0.4081646 0.3962066 0.4207791 0.3848839 0.3851289 0.3958759 0.4202293 0.4134994 0.0000000 0.4129017 0.3234354 0.4247918 
n277_282   0.4391760 0.0592036 0.3198571 0.3197610 0.3309164 0.3735242 0.3203318 0.3142473 0.3259794 0.3730984 0.0664815 0.3363749 0.3365370 0.0592300 0.3099564 0.3101373 0.3099569 0.3253213 0.3361221 0.4129017 0.0000000 0.4026510 0.0168498 
n255_260   0.0626594 0.3925843 0.3917215 0.3623249 0.4156902 0.4312025 0.3980671 0.3678917 0.3924824 0.4306828 0.3923274 0.4040803 0.4040310 0.3984068 0.3861926 0.3864394 0.3921066 0.3977678 0.4095028 0.3234354 0.4026510 0.0000000 0.3909381 
n278_283   0.4268526 0.0555717 0.3043079 0.3196415 0.3151132 0.3791485 0.3047549 0.3141304 0.3102683 0.3787138 0.0628124 0.3204488 0.3206027 0.0555964 0.2945977 0.2947665 0.2945969 0.3200889 0.3202111 0.4247918 0.0168498 0.3909381 0.0000000 
