27
n255_258   0.0000000 0.3568530 0.3580326 0.3609732 0.3922677 0.3518702 0.3913026 0.3802029 0.3924876 0.3342177 0.3974244 0.3921127 0.3439226 0.3866481 0.3972421 0.4219832 0.3799612 0.3923635 0.0448841 0.3920680 0.3567389 0.3516032 0.3791101 0.3725958 0.3618331 0.3462884 0.3725909 
n200_201   0.3568530 0.0000000 0.2276084 0.2454759 0.1173131 0.2272978 0.1050783 0.2370253 0.1173563 0.3795143 0.1091452 0.1092365 0.2403203 0.1173242 0.1091146 0.1213251 0.2368835 0.1173288 0.4093786 0.1131644 0.2364893 0.2271399 0.2503863 0.2301880 0.2504735 0.2226146 0.2301869 
n300_307   0.3580326 0.2276084 0.0000000 0.2223428 0.2524075 0.0067356 0.2371745 0.0669766 0.2424374 0.3940693 0.2420818 0.2423824 0.2126655 0.2524301 0.2471749 0.2469513 0.0669394 0.2472127 0.4171681 0.2424204 0.0343799 0.0169581 0.2321856 0.2076908 0.2274442 0.0101255 0.2076900 
n265_272   0.3609732 0.2454759 0.2223428 0.0000000 0.2750087 0.2173839 0.2800193 0.2313175 0.2751365 0.3861052 0.2854961 0.2751725 0.0700637 0.2803570 0.2753892 0.2850484 0.2311797 0.2857574 0.4136963 0.2908529 0.2264388 0.2125182 0.0341110 0.1200688 0.0739560 0.2127723 0.1160986 
n298_305   0.3922677 0.1173131 0.2524075 0.2750087 0.0000000 0.2521023 0.0307984 0.2767567 0.0067128 0.4359180 0.0307976 0.0134896 0.2601118 0.0203614 0.0449839 0.0779515 0.2765882 0.0203600 0.4474801 0.0343242 0.2616219 0.2519236 0.2650222 0.2695978 0.2607529 0.2472410 0.2695959 
n299_306   0.3518702 0.2272978 0.0067356 0.2173839 0.2521023 0.0000000 0.2368916 0.0595313 0.2469004 0.3875511 0.2417920 0.2420917 0.2077939 0.2521249 0.2468767 0.2466545 0.0594984 0.2469142 0.4104329 0.2421297 0.0273281 0.0101111 0.2271388 0.2028630 0.2224399 0.0033541 0.2028623 
n290_297   0.3913026 0.1050783 0.2371745 0.2800193 0.0307984 0.2368916 0.0000000 0.2557614 0.0308085 0.4343468 0.0067077 0.0238048 0.2596198 0.0308014 0.0168885 0.0740722 0.2556076 0.0307995 0.4398174 0.0100914 0.2462024 0.2367259 0.2699639 0.2539946 0.2602585 0.2321434 0.2539931 
n278_285   0.3802029 0.2370253 0.0669766 0.2313175 0.2767567 0.0595313 0.2557614 0.0000000 0.2713506 0.4244036 0.2610385 0.2663861 0.2215139 0.2767811 0.2562631 0.2714686 0.0067084 0.2768592 0.4345396 0.2614112 0.0594283 0.0558265 0.2412865 0.2118710 0.2364835 0.0558863 0.2118702 
n297_304   0.3924876 0.1173563 0.2424374 0.2751365 0.0067128 0.2469004 0.0308085 0.2713506 0.0000000 0.4361800 0.0308076 0.0134938 0.2602299 0.0203679 0.0449989 0.0779786 0.2711860 0.0203665 0.4477540 0.0343355 0.2563455 0.2467263 0.2651434 0.2697219 0.2608716 0.2420794 0.2697200 
n244_247   0.3342177 0.3795143 0.3940693 0.3861052 0.4359180 0.3875511 0.4343468 0.4244036 0.4361800 0.0000000 0.4412985 0.4357500 0.4150987 0.4357723 0.4219446 0.4339648 0.4241278 0.4356784 0.3790752 0.4408258 0.3992245 0.3934379 0.3857631 0.3911678 0.4283650 0.3816804 0.3911623 
n289_296   0.3974244 0.1091452 0.2420818 0.2854961 0.0307976 0.2417920 0.0067077 0.2610385 0.0308076 0.4412985 0.0000000 0.0238043 0.2649111 0.0308006 0.0203421 0.0740681 0.2608810 0.0307986 0.4404174 0.0100912 0.2511653 0.2416222 0.2753546 0.2592306 0.2655649 0.2370098 0.2592290 
n293_300   0.3921127 0.1092365 0.2423824 0.2751725 0.0134896 0.2420917 0.0238048 0.2663861 0.0134938 0.4357500 0.0238043 0.0000000 0.2602616 0.0134909 0.0378235 0.0704048 0.2662247 0.0067072 0.4473091 0.0272872 0.2514808 0.2419215 0.2651765 0.2643139 0.2609035 0.2373015 0.2643121 
n265_270   0.3439226 0.2403203 0.2126655 0.0700637 0.2601118 0.2077939 0.2596198 0.2215139 0.2602299 0.4150987 0.2649111 0.2602616 0.0000000 0.2705259 0.2551078 0.2644945 0.2213828 0.2705991 0.3952978 0.2700864 0.2167189 0.2030123 0.0700896 0.1158421 0.0237756 0.2032531 0.1197602 
n275_282   0.3866481 0.1173242 0.2524301 0.2803570 0.0203614 0.2521249 0.0308014 0.2767811 0.0203679 0.4357723 0.0308006 0.0134909 0.2705259 0.0000000 0.0449883 0.0779590 0.2766126 0.0203619 0.4414496 0.0343275 0.2616452 0.2519462 0.2755223 0.2694552 0.2711976 0.2472632 0.2694534 
n295_302   0.3972421 0.1091146 0.2471749 0.2753892 0.0449839 0.2468767 0.0168885 0.2562631 0.0449989 0.4219446 0.0203421 0.0378235 0.2551078 0.0449883 0.0000000 0.0816627 0.2561087 0.0449861 0.4527814 0.0238039 0.2513100 0.2417619 0.2653875 0.2495190 0.2557348 0.2420570 0.2495175 
n236_239   0.4219832 0.1213251 0.2469513 0.2850484 0.0779515 0.2466545 0.0740722 0.2714686 0.0779786 0.4339648 0.0740681 0.0704048 0.2644945 0.0779590 0.0816627 0.0000000 0.2713038 0.0779582 0.4794562 0.0778449 0.2662598 0.2464807 0.2749217 0.2587745 0.2750336 0.2418381 0.2587729 
n277_284   0.3799612 0.2368835 0.0669394 0.2311797 0.2765882 0.0594984 0.2556076 0.0067084 0.2711860 0.4241278 0.2608810 0.2662247 0.2213828 0.2766126 0.2561087 0.2713038 0.0000000 0.2766906 0.4342569 0.2612522 0.0593955 0.0557957 0.2411420 0.2117461 0.2363423 0.0558554 0.2117453 
n294_301   0.3923635 0.1173288 0.2472127 0.2857574 0.0203600 0.2469142 0.0307995 0.2768592 0.0203665 0.4356784 0.0307986 0.0067072 0.2705991 0.0203619 0.0449861 0.0779582 0.2766906 0.0000000 0.4476022 0.0343255 0.2563623 0.2467400 0.2755992 0.2746968 0.2712714 0.2420917 0.2746948 
n251_254   0.0448841 0.4093786 0.4171681 0.4136963 0.4474801 0.4104329 0.4398174 0.4345396 0.4477540 0.3790752 0.4404174 0.4473091 0.3952978 0.4414496 0.4527814 0.4794562 0.4342569 0.4476022 0.0000000 0.4472396 0.4156191 0.4101092 0.4203875 0.4192800 0.4146360 0.4043870 0.4192734 
n287_294   0.3920680 0.1131644 0.2424204 0.2908529 0.0343242 0.2421297 0.0100914 0.2614112 0.0343355 0.4408258 0.0100912 0.0272872 0.2700864 0.0343275 0.0238039 0.0778449 0.2612522 0.0343255 0.4472396 0.0000000 0.2515192 0.2419594 0.2806266 0.2643525 0.2707550 0.2373392 0.2643508 
n274_281   0.3567389 0.2364893 0.0343799 0.2264388 0.2616219 0.0273281 0.2462024 0.0594283 0.2563455 0.3992245 0.2511653 0.2514808 0.2167189 0.2616452 0.2513100 0.2662598 0.0593955 0.2563623 0.4156191 0.2515192 0.0000000 0.0238276 0.2315085 0.2117232 0.2315617 0.0238523 0.2117224 
n280_287   0.3516032 0.2271399 0.0169581 0.2125182 0.2519236 0.0101111 0.2367259 0.0558265 0.2467263 0.3934379 0.2416222 0.2419215 0.2030123 0.2519462 0.2417619 0.2464807 0.0557957 0.2467400 0.4101092 0.2419594 0.0238276 0.0000000 0.2221882 0.1981239 0.2175303 0.0067245 0.1981233 
n266_273   0.3791101 0.2503863 0.2321856 0.0341110 0.2650222 0.2271388 0.2699639 0.2412865 0.2651434 0.3857631 0.2753546 0.2651765 0.0700896 0.2755223 0.2653875 0.2749217 0.2411420 0.2755992 0.4203875 0.2806266 0.2315085 0.2221882 0.0000000 0.1119314 0.0739826 0.2224559 0.1158296 
n285_292   0.3725958 0.2301880 0.2076908 0.1200688 0.2695978 0.2028630 0.2539946 0.2118710 0.2697219 0.3911678 0.2592306 0.2643139 0.1158421 0.2694552 0.2495190 0.2587745 0.2117461 0.2746968 0.4192800 0.2643525 0.2117232 0.1981239 0.1119314 0.0000000 0.1201136 0.1983580 0.0033119 
n266_271   0.3618331 0.2504735 0.2274442 0.0739560 0.2607529 0.2224399 0.2602585 0.2364835 0.2608716 0.4283650 0.2655649 0.2609035 0.0237756 0.2711976 0.2557348 0.2750336 0.2363423 0.2712714 0.4146360 0.2707550 0.2315617 0.2175303 0.0739826 0.1201136 0.0000000 0.2177914 0.1240638 
n292_299   0.3462884 0.2226146 0.0101255 0.2127723 0.2472410 0.0033541 0.2321434 0.0558863 0.2420794 0.3816804 0.2370098 0.2373015 0.2032531 0.2472632 0.2420570 0.2418381 0.0558554 0.2420917 0.4043870 0.2373392 0.0238523 0.0067245 0.2224559 0.1983580 0.2177914 0.0000000 0.1983574 
n286_293   0.3725909 0.2301869 0.2076900 0.1160986 0.2695959 0.2028623 0.2539931 0.2118702 0.2697200 0.3911623 0.2592290 0.2643121 0.1197602 0.2694534 0.2495175 0.2587729 0.2117453 0.2746948 0.4192734 0.2643508 0.2117224 0.1981233 0.1158296 0.0033119 0.1240638 0.1983574 0.0000000 
