26
n286_297   0.0000000 2.4895683 1.5507437 2.0248516 0.0632932 1.1030530 2.4459925 2.1951452 1.9994949 2.2648600 1.7039755 2.5960487 1.8740095 1.5253548 1.1618199 1.6718614 2.4864632 1.5292471 2.1240611 1.5718570 2.6927231 3.4545802 1.8096691 2.3967703 2.1883915 2.2588899 
n295_306   2.4895683 0.0000000 1.7330108 0.6783244 2.2939989 1.9806961 0.3118372 0.1457249 1.0598744 0.2950997 1.8641106 0.3327450 2.0363965 2.0850512 2.2076695 1.2001198 0.2847417 1.7523485 0.1455357 1.6932198 1.3495509 3.3008683 1.8605183 0.3169659 0.1622805 0.0486647 
n299_310   1.5507437 1.7330108 0.0000000 2.1028449 1.5423341 2.3241508 2.4040606 2.1575039 2.4268461 2.3198273 0.1117816 2.2221777 0.4928968 0.1003978 2.1990752 2.0203581 2.0392266 0.0202600 2.2006737 0.0066815 2.2593523 3.9984336 0.4407995 2.4037132 2.1091002 1.6676480 
n236_247   2.0248516 0.6783244 2.1028449 0.0000000 1.9061542 1.7637404 0.6674076 0.6354404 1.0440045 0.6140388 2.3733479 0.6957441 2.0652007 2.2284381 1.9591604 1.2556496 0.6590730 2.0952531 0.6027522 2.0045439 1.3683371 2.6284850 2.0860730 0.6779148 0.6542309 0.7281352 
n285_296   0.0632932 2.2939989 1.5423341 1.9061542 0.0000000 1.1130289 2.1786797 2.1444461 2.1258855 2.1485385 1.6932838 2.3401393 1.9912822 1.4672205 1.2010611 1.6710887 2.2716140 1.5210977 2.0863797 1.5631731 2.7807281 2.7699985 1.8724157 2.1156479 2.1381189 2.2047994 
n265_276   1.1030530 1.9806961 2.3241508 1.7637404 1.1130289 0.0000000 2.1781222 2.2339637 1.7547759 2.2465088 2.1504146 2.6508074 2.2990792 2.3862406 0.1898459 2.2591388 2.3468992 2.3953552 2.1321010 2.3150687 1.9597267 6.0913179 2.0335444 2.5208105 2.0983782 2.0810934 
n293_304   2.4459925 0.3118372 2.4040606 0.6674076 2.1786797 2.1781222 0.0000000 0.3177386 1.1043201 0.0973893 2.5490144 0.1676091 2.1970495 2.4940590 2.4705198 1.2580091 0.0344226 2.3932744 0.3168970 2.3258499 1.4232159 3.0257682 1.8223354 0.1504030 0.3387071 0.3453757 
n287_298   2.1951452 0.1457249 2.1575039 0.6354404 2.1444461 2.2339637 0.3177386 0.0000000 0.9574668 0.2792065 2.3748171 0.3329726 2.5441165 2.5834537 2.4993043 1.2326857 0.2901712 2.1453824 0.0522602 2.0962554 1.3609502 2.8984351 2.3124668 0.3110787 0.0631064 0.1540874 
n200_211   1.9994949 1.0598744 2.4268461 1.0440045 2.1258855 1.7547759 1.1043201 0.9574668 0.0000000 1.0098975 2.1958580 1.0506707 2.0613052 2.2049720 1.8525421 1.2813986 1.0906418 2.1960462 1.0460454 2.3597153 1.2565989 2.5794013 1.9915882 1.0336104 0.9972438 1.0202757 
n275_286   2.2648600 0.2950997 2.3198273 0.6140388 2.1485385 2.2465088 0.0973893 0.2792065 1.0098975 0.0000000 2.3952534 0.1375019 2.0959875 2.3741781 2.4220149 1.1960752 0.0818901 2.3099922 0.2844785 2.2934109 1.4100674 2.6649496 1.8524794 0.1132065 0.3099832 0.3165208 
n274_285   1.7039755 1.8641106 0.1117816 2.3733479 1.6932838 2.1504146 2.5490144 2.3748171 2.1958580 2.3952534 0.0000000 2.4016342 0.5196935 0.1356551 2.1234992 1.8233848 2.1801285 0.1276494 2.3084743 0.1157571 2.0703993 3.2991865 0.4601207 2.6211649 2.2678214 1.8212596 
n298_309   2.5960487 0.3327450 2.2221777 0.6957441 2.3401393 2.6508074 0.1676091 0.3329726 1.0506707 0.1375019 2.4016342 0.0000000 1.8438214 2.2806665 3.2157721 1.1853857 0.1543581 2.1266132 0.3278416 2.3377867 1.3146318 2.5953981 1.6585964 0.0273395 0.3436624 0.3562268 
n278_289   1.8740095 2.0363965 0.4928968 2.0652007 1.9912822 2.2990792 2.1970495 2.5441165 2.0613052 2.0959875 0.5196935 1.8438214 0.0000000 0.5058298 2.1556494 2.3904232 2.0059933 0.4724806 2.3975853 0.5000528 2.2813335 3.0676850 0.1204867 1.8986472 2.3960768 2.1312886 
n280_291   1.5253548 2.0850512 0.1003978 2.2284381 1.4672205 2.3862406 2.4940590 2.5834537 2.2049720 2.3741781 0.1356551 2.2806665 0.5058298 0.0000000 2.2253548 2.0658368 2.1845118 0.1080469 2.5105289 0.1081650 2.1906598 2.5001030 0.4672308 2.4743251 2.5190186 2.0309645 
n266_277   1.1618199 2.2076695 2.1990752 1.9591604 1.2010611 0.1898459 2.4705198 2.4993043 1.8525421 2.4220149 2.1234992 3.2157721 2.1556494 2.2253548 0.0000000 2.2042236 2.6049836 2.0707592 2.3451305 2.1309607 1.7892365 4.5615639 2.0620619 2.8618207 2.2479611 2.2820091 
n251_262   1.6718614 1.2001198 2.0203581 1.2556496 1.6710887 2.2591388 1.2580091 1.2326857 1.2813986 1.1960752 1.8233848 1.1853857 2.3904232 2.0658368 2.2042236 0.0000000 1.2258099 2.1184045 1.2453580 2.0680226 0.3131827 2.7410966 1.9965861 1.1641950 1.2437988 1.2145192 
n294_305   2.4864632 0.2847417 2.0392266 0.6590730 2.2716140 2.3468992 0.0344226 0.2901712 1.0906418 0.0818901 2.1801285 0.1543581 2.0059933 2.1845118 2.6049836 1.2258099 0.0000000 2.0321143 0.2899610 1.9841602 1.4238713 2.7548739 1.6305689 0.1375234 0.3051884 0.3168612 
n292_303   1.5292471 1.7523485 0.0202600 2.0952531 1.5210977 2.3953552 2.3932744 2.1453824 2.1960462 2.3099922 0.1276494 2.1266132 0.4724806 0.1080469 2.0707592 2.1184045 2.0321143 0.0000000 2.1879898 0.0271493 2.2438279 3.4195245 0.4476282 2.3431166 2.0975923 1.6857548 
n290_301   2.1240611 0.1455357 2.2006737 0.6027522 2.0863797 2.1321010 0.3168970 0.0522602 1.0460454 0.2844785 2.3084743 0.3278416 2.3975853 2.5105289 2.3451305 1.2453580 0.2899610 2.1879898 0.0000000 2.1370014 1.4185248 3.0511475 2.2386315 0.3060889 0.0484920 0.1583132 
n300_311   1.5718570 1.6932198 0.0066815 2.0045439 1.5631731 2.3150687 2.3258499 2.0962554 2.3597153 2.2934109 0.1157571 2.3377867 0.5000528 0.1081650 2.1309607 2.0680226 1.9841602 0.0271493 2.1370014 0.0000000 2.2030699 4.0262682 0.4474426 2.5439216 2.0505270 1.6306840 
n255_266   2.6927231 1.3495509 2.2593523 1.3683371 2.7807281 1.9597267 1.4232159 1.3609502 1.2565989 1.4100674 2.0703993 1.3146318 2.2813335 2.1906598 1.7892365 0.3131827 1.4238713 2.2438279 1.4185248 2.2030699 0.0000000 2.9076172 1.9030857 1.3140016 1.4227870 1.3102597 
n244_255   3.4545802 3.3008683 3.9984336 2.6284850 2.7699985 6.0913179 3.0257682 2.8984351 2.5794013 2.6649496 3.2991865 2.5953981 3.0676850 2.5001030 4.5615639 2.7410966 2.7548739 3.4195245 3.0511475 4.0262682 2.9076172 0.0000000 3.6234188 2.8327011 3.0213019 3.7856516 
n277_288   1.8096691 1.8605183 0.4407995 2.0860730 1.8724157 2.0335444 1.8223354 2.3124668 1.9915882 1.8524794 0.4601207 1.6585964 0.1204867 0.4672308 2.0620619 1.9965861 1.6305689 0.4476282 2.2386315 0.4474426 1.9030857 3.6234188 0.0000000 1.7192554 2.1982074 1.9343177 
n297_308   2.3967703 0.3169659 2.4037132 0.6779148 2.1156479 2.5208105 0.1504030 0.3110787 1.0336104 0.1132065 2.6211649 0.0273395 1.8986472 2.4743251 2.8618207 1.1641950 0.1375234 2.3431166 0.3060889 2.5439216 1.3140016 2.8327011 1.7192554 0.0000000 0.3269216 0.3284733 
n289_300   2.1883915 0.1622805 2.1091002 0.6542309 2.1381189 2.0983782 0.3387071 0.0631064 0.9972438 0.3099832 2.2678214 0.3436624 2.3960768 2.5190186 2.2479611 1.2437988 0.3051884 2.0975923 0.0484920 2.0505270 1.4227870 3.0213019 2.1982074 0.3269216 0.0000000 0.1708327 
n296_307   2.2588899 0.0486647 1.6676480 0.7281352 2.2047994 2.0810934 0.3453757 0.1540874 1.0202757 0.3165208 1.8212596 0.3562268 2.1312886 2.0309645 2.2820091 1.2145192 0.3168612 1.6857548 0.1583132 1.6306840 1.3102597 3.7856516 1.9343177 0.3284733 0.1708327 0.0000000 
