25
n287_288   0.0000000 0.0033446 0.0959576 0.3350860 0.3009107 0.2713734 0.3459281 0.3615602 0.0271668 0.3408242 0.3562608 0.0100812 0.0237258 0.0411400 0.0306297 0.0033439 0.2859439 0.4079985 0.2614220 0.3208102 0.0340982 0.3564704 0.1190460 0.3406112 0.4085669 
n290_291   0.0033446 0.0000000 0.0997699 0.3298683 0.3059793 0.2762416 0.3512982 0.3670375 0.0306362 0.3461593 0.3617004 0.0134733 0.0271802 0.0446773 0.0341151 0.0067034 0.2909091 0.4138512 0.2662164 0.3260127 0.0375989 0.3619142 0.1229815 0.3353528 0.4144330 
n236_237   0.0959576 0.0997699 0.0000000 0.3722539 0.3460792 0.3193648 0.3723505 0.3884887 0.0959308 0.3670810 0.3830123 0.0997472 0.0921891 0.1035577 0.0997215 0.0997494 0.3302387 0.4598185 0.3087273 0.3950545 0.1034960 0.3832410 0.1633107 0.3780716 0.4605091 
n278_279   0.3350860 0.3298683 0.3722539 0.0000000 0.2752127 0.2655682 0.0697299 0.0807246 0.3197864 0.0661116 0.0807614 0.3402180 0.3248530 0.3404883 0.3350240 0.3348944 0.2607893 0.3737152 0.2510629 0.2995988 0.3400582 0.0770725 0.3248933 0.0271314 0.3631733 
n285_286   0.3009107 0.3059793 0.3460792 0.2752127 0.0000000 0.1229694 0.2753274 0.2896555 0.2958799 0.2706470 0.2898549 0.3058520 0.3008110 0.3210823 0.3107072 0.3059295 0.0100698 0.3368729 0.1189346 0.3203759 0.3156132 0.2849713 0.2811997 0.2752655 0.3423173 
n265_266   0.2713734 0.2762416 0.3193648 0.2655682 0.1229694 0.0000000 0.2515065 0.2654080 0.2711895 0.2469637 0.2655812 0.2761355 0.2759621 0.2905044 0.2855396 0.2761942 0.1150900 0.3314650 0.0236549 0.3202370 0.2902948 0.2608552 0.2709963 0.2656214 0.3525174 
n280_281   0.3459281 0.3512982 0.3723505 0.0697299 0.2753274 0.2515065 0.0000000 0.0202486 0.3355584 0.0168471 0.0168376 0.3511341 0.3407350 0.3567201 0.3511262 0.3457273 0.2608962 0.3736996 0.2511634 0.3099192 0.3562635 0.0134415 0.3304050 0.0697492 0.3741935 
n299_300   0.3615602 0.3670375 0.3884887 0.0807246 0.2896555 0.2654080 0.0202486 0.0000000 0.3509964 0.0271262 0.0134289 0.3668597 0.3562705 0.3725679 0.3668585 0.3613497 0.2749630 0.3843806 0.2604450 0.3198001 0.3720878 0.0066859 0.3457675 0.0807466 0.3848964 
n293_294   0.0271668 0.0306362 0.0959308 0.3197864 0.2958799 0.2711895 0.3355584 0.3509964 0.0000000 0.3305176 0.3457657 0.0306306 0.0033445 0.0202928 0.0100738 0.0306297 0.2810148 0.3911611 0.2612473 0.3104419 0.0134570 0.3459672 0.1112998 0.3303170 0.3916925 
n274_275   0.3408242 0.3461593 0.3670810 0.0661116 0.2706470 0.2469637 0.0168471 0.0271262 0.3305176 0.0000000 0.0271373 0.3459997 0.3356626 0.3515457 0.3459898 0.3406279 0.2563002 0.3736477 0.2466286 0.3045249 0.3510977 0.0236941 0.3253896 0.0661299 0.3741415 
n292_293   0.3562608 0.3617004 0.3830123 0.0807614 0.2898549 0.2655812 0.0168376 0.0134289 0.3457657 0.0271373 0.0000000 0.3615276 0.3510048 0.3671938 0.3615241 0.3560542 0.2751458 0.3902417 0.2606135 0.3251246 0.3667215 0.0066860 0.3405626 0.0807834 0.3907706 
n296_297   0.0100812 0.0134733 0.0997472 0.3402180 0.3058520 0.2761355 0.3511341 0.3668597 0.0306306 0.3459997 0.3615276 0.0000000 0.0271753 0.0446688 0.0341089 0.0134705 0.2907928 0.4136244 0.2661171 0.3207825 0.0375919 0.3617398 0.1229514 0.3457804 0.4142053 
n294_295   0.0237258 0.0271802 0.0921891 0.3248530 0.3008110 0.2759621 0.3407350 0.3562705 0.0033445 0.3356626 0.3510048 0.0271753 0.0000000 0.0168787 0.0067033 0.0271744 0.2858505 0.3967361 0.2659507 0.3154600 0.0100738 0.3512109 0.1074844 0.3354558 0.3972796 
n275_276   0.0411400 0.0446773 0.1035577 0.3404883 0.3210823 0.2905044 0.3567201 0.3725679 0.0202928 0.3515457 0.3671938 0.0446688 0.0168787 0.0000000 0.0237264 0.0446678 0.3057142 0.4082741 0.2802778 0.3257875 0.0271677 0.3674109 0.1269871 0.3513192 0.4088436 
n297_298   0.0306297 0.0341151 0.0997215 0.3350240 0.3107072 0.2855396 0.3511262 0.3668585 0.0100738 0.3459898 0.3615241 0.0341089 0.0067033 0.0237264 0.0000000 0.0341079 0.2955547 0.4079337 0.2753887 0.3255315 0.0033425 0.3617364 0.1074053 0.3457704 0.4085020 
n289_290   0.0033439 0.0067034 0.0997494 0.3348944 0.3059295 0.2761942 0.3457273 0.3613497 0.0306297 0.3406279 0.3560542 0.0134705 0.0271744 0.0446678 0.0341079 0.0000000 0.2908604 0.4138009 0.2661701 0.3259618 0.0375909 0.3562625 0.1229566 0.3404145 0.4143827 
n286_287   0.2859439 0.2909091 0.3302387 0.2607893 0.0100698 0.1150900 0.2608962 0.2749630 0.2810148 0.2563002 0.2751458 0.2907928 0.2858505 0.3057142 0.2955547 0.2908604 0.0000000 0.3211659 0.1111062 0.3050364 0.3003700 0.2703589 0.2666058 0.2608412 0.3264857 
n255_256   0.4079985 0.4138512 0.4598185 0.3737152 0.3368729 0.3314650 0.3736996 0.3843806 0.3911611 0.3736477 0.3902417 0.4136244 0.3967361 0.4082741 0.4079337 0.4138009 0.3211659 0.0000000 0.3154831 0.2523017 0.4134484 0.3846436 0.4085502 0.3737645 0.0341908 
n266_267   0.2614220 0.2662164 0.3087273 0.2510629 0.1189346 0.0236549 0.2511634 0.2604450 0.2612473 0.2466286 0.2606135 0.2661171 0.2659507 0.2802778 0.2753887 0.2661701 0.1111062 0.3154831 0.0000000 0.3045392 0.2800773 0.2559231 0.2610567 0.2511142 0.3360517 
n244_245   0.3208102 0.3260127 0.3950545 0.2995988 0.3203759 0.3202370 0.3099192 0.3198001 0.3104419 0.3045249 0.3251246 0.3207825 0.3154600 0.3257875 0.3255315 0.3259618 0.3050364 0.2523017 0.3045392 0.0000000 0.3305195 0.3200026 0.3360408 0.3197629 0.2763067 
n298_299   0.0340982 0.0375989 0.1034960 0.3400582 0.3156132 0.2902948 0.3562635 0.3720878 0.0134570 0.3510977 0.3667215 0.0375919 0.0100738 0.0271677 0.0033425 0.0375909 0.3003700 0.4134484 0.2800773 0.3305195 0.0000000 0.3669377 0.1112176 0.3508716 0.4140289 
n300_301   0.3564704 0.3619142 0.3832410 0.0770725 0.2849713 0.2608552 0.0134415 0.0066859 0.3459672 0.0236941 0.0066860 0.3617398 0.3512109 0.3674109 0.3617364 0.3562625 0.2703589 0.3846436 0.2559231 0.3200026 0.3669377 0.0000000 0.3407607 0.0770936 0.3851603 
n200_201   0.1190460 0.1229815 0.1633107 0.3248933 0.2811997 0.2709963 0.3304050 0.3457675 0.1112998 0.3253896 0.3405626 0.1229514 0.1074844 0.1269871 0.1074053 0.1229566 0.2666058 0.4085502 0.2610567 0.3360408 0.1112176 0.3407607 0.0000000 0.3354954 0.4204338 
n277_278   0.3406112 0.3353528 0.3780716 0.0271314 0.2752655 0.2656214 0.0697492 0.0807466 0.3303170 0.0661299 0.0807834 0.3457804 0.3354558 0.3513192 0.3457704 0.3404145 0.2608412 0.3737645 0.2511142 0.3197629 0.3508716 0.0770936 0.3354954 0.0000000 0.3742584 
n251_252   0.4085669 0.4144330 0.4605091 0.3631733 0.3423173 0.3525174 0.3741935 0.3848964 0.3916925 0.3741415 0.3907706 0.4142053 0.3972796 0.4088436 0.4085020 0.4143827 0.3264857 0.0341908 0.3360517 0.2763067 0.4140289 0.3851603 0.4204338 0.3742584 0.0000000 
