23
n300_303   0.0000000 0.2952638 0.2954627 0.0100922 0.2954369 0.4413757 0.0169031 0.4352962 0.2284181 0.2899944 0.0593485 0.3058593 0.0067045 0.3672626 0.0100884 0.2284161 0.2613693 0.2851424 0.2766618 0.2717109 0.0557146 0.2954731 0.2559664 
n289_292   0.2952638 0.0000000 0.0237393 0.2900614 0.0271970 0.4901626 0.2951697 0.4769241 0.2694330 0.0033429 0.3103479 0.0377232 0.2951526 0.4067403 0.2846074 0.2646482 0.3142850 0.0168616 0.1734678 0.3362231 0.3051775 0.0306824 0.0966028 
n296_299   0.2954627 0.0237393 0.0000000 0.2902564 0.0306913 0.4910340 0.2953684 0.4777644 0.2745270 0.0272147 0.3105575 0.0412813 0.2953513 0.4068686 0.2847983 0.2697074 0.3197218 0.0066993 0.1778732 0.3418495 0.3053833 0.0341974 0.1005134 
n292_295   0.0100922 0.2900614 0.2902564 0.0000000 0.2902309 0.4219010 0.0134844 0.4159812 0.2333057 0.2848351 0.0556925 0.3005711 0.0100891 0.3614540 0.0067068 0.2333037 0.2564039 0.2800164 0.2762973 0.2666609 0.0520788 0.2902663 0.2510494 
n298_301   0.2954369 0.0271970 0.0306913 0.2902309 0.0000000 0.4770299 0.2953427 0.4640154 0.2600814 0.0306918 0.2949996 0.0168956 0.2953256 0.3776475 0.2847731 0.2553502 0.3040177 0.0237363 0.1649930 0.3256242 0.2899378 0.0100788 0.0852008 
n251_252   0.4413757 0.4901626 0.4910340 0.4219010 0.4770299 0.0000000 0.4406906 0.0308076 0.4027360 0.4973125 0.4216966 0.4765062 0.4411884 0.2678309 0.4279863 0.4027324 0.4974870 0.4835120 0.4585352 0.4917633 0.4217004 0.4838871 0.4027101 
n274_275   0.0169031 0.2951697 0.2953684 0.0134844 0.2953427 0.4406906 0.0000000 0.4346217 0.2380371 0.2899017 0.0629804 0.3057623 0.0168979 0.3671505 0.0134794 0.2380350 0.2612843 0.2850510 0.2762263 0.2716227 0.0593288 0.2953789 0.2558830 
n255_256   0.4352962 0.4769241 0.4777644 0.4159812 0.4640154 0.0308076 0.4346217 0.0000000 0.3907353 0.4839412 0.4218814 0.4635127 0.4351123 0.2581712 0.4220193 0.3907319 0.4838417 0.4703863 0.4451136 0.4781977 0.4157851 0.4707480 0.3848820 
n285_288   0.2284181 0.2694330 0.2745270 0.2333057 0.2600814 0.4027360 0.2380371 0.3907353 0.0000000 0.2745473 0.2474930 0.2651720 0.2283358 0.3672712 0.2282998 0.0033339 0.1655209 0.2645398 0.2409395 0.1743795 0.2427284 0.2698335 0.2174687 
n290_293   0.2899944 0.0033429 0.0272147 0.2848351 0.0306918 0.4973125 0.2899017 0.4839412 0.2745473 0.0000000 0.3049632 0.0412820 0.2898856 0.4004998 0.2794296 0.2697270 0.3141628 0.0202962 0.1778819 0.3360900 0.2998346 0.0341980 0.1005165 
n278_279   0.0593485 0.3103479 0.3105575 0.0556925 0.2949996 0.4216966 0.0629804 0.4218814 0.2474930 0.3049632 0.0000000 0.3054009 0.0593297 0.3439729 0.0556716 0.2474908 0.2811531 0.3000241 0.2860264 0.2918218 0.0033437 0.2950356 0.2458534 
n293_296   0.3058593 0.0377232 0.0412813 0.3005711 0.0168956 0.4765062 0.3057623 0.4635127 0.2651720 0.0412820 0.3054009 0.0000000 0.3057431 0.3891092 0.2950207 0.2652018 0.3150406 0.0342048 0.1737671 0.3370452 0.3002630 0.0203310 0.0928364 
n299_302   0.0067045 0.2951526 0.2953513 0.0100891 0.2953256 0.4411884 0.0168979 0.4351123 0.2283358 0.2898856 0.0593297 0.3057431 0.0000000 0.3671159 0.0100853 0.2283338 0.2612730 0.2850358 0.2813118 0.2716098 0.0556970 0.2953617 0.2558726 
n244_245   0.3672626 0.4067403 0.4068686 0.3614540 0.3776475 0.2678309 0.3671505 0.2581712 0.3672712 0.4004998 0.3439729 0.3891092 0.3671159 0.0000000 0.3613301 0.3672679 0.4192497 0.4008007 0.3726479 0.4202039 0.3385312 0.3892092 0.3175137 
n280_283   0.0100884 0.2846074 0.2847983 0.0067068 0.2847731 0.4279863 0.0134794 0.4220193 0.2282998 0.2794296 0.0556716 0.2950207 0.0100853 0.3613301 0.0000000 0.2282979 0.2512201 0.2746490 0.2709391 0.2613820 0.0520593 0.2848077 0.2459195 
n286_289   0.2284161 0.2646482 0.2697074 0.2333037 0.2553502 0.4027324 0.2380350 0.3907319 0.0033339 0.2697270 0.2474908 0.2652018 0.2283338 0.3672679 0.2282979 0.0000000 0.1613404 0.2597859 0.2456621 0.1701420 0.2427263 0.2650403 0.2174668 
n266_267   0.2613693 0.3142850 0.3197218 0.2564039 0.3040177 0.4974870 0.2612843 0.4838417 0.1655209 0.3141628 0.2811531 0.3150406 0.2612730 0.4192497 0.2512201 0.1613404 0.0000000 0.3090872 0.2995478 0.0202632 0.2761677 0.3092981 0.2684767 
n295_298   0.2851424 0.0168616 0.0066993 0.2800164 0.0237363 0.4835120 0.2850510 0.4703863 0.2645398 0.0202962 0.3000241 0.0342048 0.2850358 0.4008007 0.2746490 0.2597859 0.3090872 0.0000000 0.1691897 0.3308561 0.2949273 0.0272029 0.0927680 
n200_201   0.2766618 0.1734678 0.1778732 0.2762973 0.1649930 0.4585352 0.2762263 0.4451136 0.2409395 0.1778819 0.2860264 0.1737671 0.2813118 0.3726479 0.2709391 0.2456621 0.2995478 0.1691897 0.0000000 0.3158094 0.2810080 0.1692955 0.1402795 
n265_266   0.2717109 0.3362231 0.3418495 0.2666609 0.3256242 0.4917633 0.2716227 0.4781977 0.1743795 0.3360900 0.2918218 0.3370452 0.2716098 0.4202039 0.2613820 0.1701420 0.0202632 0.3308561 0.3158094 0.0000000 0.2867531 0.3310856 0.2788439 
n277_278   0.0557146 0.3051775 0.3053833 0.0520788 0.2899378 0.4217004 0.0593288 0.4157851 0.2427284 0.2998346 0.0033437 0.3002630 0.0556970 0.3385312 0.0520593 0.2427263 0.2761677 0.2949273 0.2810080 0.2867531 0.0000000 0.2899731 0.2411263 
n275_276   0.2954731 0.0306824 0.0341974 0.2902663 0.0100788 0.4838871 0.2953789 0.4707480 0.2698335 0.0341980 0.2950356 0.0203310 0.2953617 0.3892092 0.2848077 0.2650403 0.3092981 0.0272029 0.1692955 0.3310856 0.2899731 0.0000000 0.0890168 
n236_237   0.2559664 0.0966028 0.1005134 0.2510494 0.0852008 0.4027101 0.2558830 0.3848820 0.2174687 0.1005165 0.2458534 0.0928364 0.2558726 0.3175137 0.2459195 0.2174668 0.2684767 0.0927680 0.1402795 0.2788439 0.2411263 0.0890168 0.0000000 
