23
n255_258   0.0000000 0.4018346 0.3877683 0.4245586 0.3751191 0.3767232 0.4171953 0.4132045 0.4257614 0.3686396 0.3820579 0.4057672 0.4423933 0.3817677 0.0521132 0.4186902 0.4061783 0.4124236 0.3812917 0.4376324 0.4252447 0.3957555 0.4357502 
n278_281   0.4018346 0.0000000 0.3122138 0.3455799 0.2812641 0.2475209 0.3444219 0.0522059 0.0595303 0.4662529 0.2520879 0.3077521 0.3486857 0.3068081 0.3950272 0.3402484 0.3024067 0.3291518 0.2762500 0.3127733 0.0595136 0.0067213 0.3440684 
n289_292   0.3877683 0.3122138 0.0000000 0.0376231 0.2663247 0.2520205 0.0340622 0.3229516 0.3229707 0.4731744 0.2566100 0.0237040 0.1151467 0.0033251 0.3828577 0.0341244 0.0271676 0.0341005 0.2663578 0.1645098 0.3281246 0.3068712 0.0375840 
n294_297   0.4245586 0.3455799 0.0376231 0.0000000 0.2920192 0.2775920 0.0236772 0.3622890 0.3623031 0.4888072 0.2823431 0.0555759 0.1395072 0.0375767 0.4247978 0.0033337 0.0592219 0.0168471 0.2972312 0.2041038 0.3685067 0.3396918 0.0271422 
n286_289   0.3751191 0.2812641 0.2663247 0.2920192 0.0000000 0.1368770 0.2967795 0.3020279 0.3127365 0.4364836 0.1408579 0.2763120 0.3074323 0.2659436 0.3641227 0.2870541 0.2712218 0.2869696 0.0067208 0.3120328 0.2971559 0.2863365 0.2964852 
n266_269   0.3767232 0.2475209 0.2520205 0.2775920 0.1368770 0.0000000 0.2721535 0.2772245 0.2875688 0.4304780 0.0033465 0.2671041 0.2764790 0.2516627 0.3661238 0.2727085 0.2620698 0.2626334 0.1327931 0.2717855 0.2826555 0.2426582 0.2718879 
n297_300   0.4171953 0.3444219 0.0340622 0.0236772 0.2967795 0.2721535 0.0000000 0.3610656 0.3610799 0.4952702 0.2768675 0.0518845 0.1352340 0.0340203 0.4121468 0.0202490 0.0555043 0.0202348 0.2968165 0.1993192 0.3672577 0.3385574 0.0100420 
n300_303   0.4132045 0.0522059 0.3229516 0.3622890 0.3020279 0.2772245 0.3610656 0.0000000 0.0067114 0.4867526 0.2819693 0.3286450 0.3489376 0.3174567 0.4062758 0.3568384 0.3341704 0.3454698 0.2968568 0.3132903 0.0100855 0.0558411 0.3606903 
n280_283   0.4257614 0.0595303 0.3229707 0.3623031 0.3127365 0.2875688 0.3610799 0.0067114 0.0000000 0.5007373 0.2923781 0.3286636 0.3489536 0.3174763 0.4186902 0.3568534 0.3341884 0.3454864 0.3074831 0.3133103 0.0169078 0.0632088 0.3607046 
n244_247   0.3686396 0.4662529 0.4731744 0.4888072 0.4364836 0.4304780 0.4952702 0.4867526 0.5007373 0.0000000 0.4362351 0.4735560 0.4679170 0.4723956 0.3625022 0.4949946 0.4667733 0.4948054 0.4429651 0.4557702 0.4942669 0.4595713 0.5162058 
n265_268   0.3820579 0.2520879 0.2566100 0.2823431 0.1408579 0.0033465 0.2768675 0.2819693 0.2923781 0.4362351 0.0000000 0.2717859 0.2812095 0.2562449 0.3713984 0.2774329 0.2667208 0.2672962 0.1367536 0.2764912 0.2874377 0.2471962 0.2765966 
n296_299   0.4057672 0.3077521 0.0237040 0.0555759 0.2763120 0.2671041 0.0518845 0.3286450 0.3286636 0.4735560 0.2717859 0.0000000 0.1353655 0.0236759 0.4007693 0.0519806 0.0033333 0.0519432 0.2763465 0.1734463 0.3345350 0.3024349 0.0555171 
n236_239   0.4423933 0.3486857 0.1151467 0.1395072 0.3074323 0.2764790 0.1352340 0.3489376 0.3489536 0.4679170 0.2812095 0.1353655 0.0000000 0.1149985 0.4243734 0.1354910 0.1394658 0.1353935 0.3074707 0.1950610 0.3550005 0.3430666 0.1393615 
n287_290   0.3817677 0.3068081 0.0033251 0.0375767 0.2659436 0.2516627 0.0340203 0.3174567 0.3174763 0.4723956 0.2562449 0.0236759 0.1149985 0.0000000 0.3768869 0.0340825 0.0271343 0.0340586 0.2659767 0.1602074 0.3280375 0.3015095 0.0375376 
n251_254   0.0521132 0.3950272 0.3828577 0.4247978 0.3641227 0.3661238 0.4121468 0.4062758 0.4186902 0.3625022 0.3713984 0.4007693 0.4243734 0.3768869 0.0000000 0.4189232 0.4011752 0.4126500 0.3701995 0.4256302 0.4181864 0.3890160 0.4306086 
n293_296   0.4186902 0.3402484 0.0341244 0.0033337 0.2870541 0.2727085 0.0202490 0.3568384 0.3568534 0.4949946 0.2774329 0.0519806 0.1354910 0.0340825 0.4189232 0.0000000 0.0556075 0.0134475 0.2922308 0.1997097 0.3630067 0.3344055 0.0236957 
n295_298   0.4061783 0.3024067 0.0271676 0.0592219 0.2712218 0.2620698 0.0555043 0.3341704 0.3341884 0.4667733 0.2667208 0.0033333 0.1394658 0.0271343 0.4011752 0.0556075 0.0000000 0.0555682 0.2712556 0.1778047 0.3401143 0.2971328 0.0591590 
n275_278   0.4124236 0.3291518 0.0341005 0.0168471 0.2869696 0.2626334 0.0202348 0.3454698 0.3454864 0.4948054 0.2672962 0.0519432 0.1353935 0.0340586 0.4126500 0.0134475 0.0555682 0.0000000 0.2870054 0.1907309 0.3515257 0.3234111 0.0236791 
n285_288   0.3812917 0.2762500 0.2663578 0.2972312 0.0067208 0.1327931 0.2968165 0.2968568 0.3074831 0.4429651 0.1367536 0.2763465 0.3074707 0.2659767 0.3701995 0.2922308 0.2712556 0.2870054 0.0000000 0.3120718 0.2920170 0.2812860 0.2965222 
n200_203   0.4376324 0.3127733 0.1645098 0.2041038 0.3120328 0.2717855 0.1993192 0.3132903 0.3133103 0.4557702 0.2764912 0.1734463 0.1950610 0.1602074 0.4256302 0.1997097 0.1778047 0.1907309 0.3120718 0.0000000 0.3238311 0.3130924 0.2038905 
n274_277   0.4252447 0.0595136 0.3281246 0.3685067 0.2971559 0.2826555 0.3672577 0.0100855 0.0169078 0.4942669 0.2874377 0.3345350 0.3550005 0.3280375 0.4181864 0.3630067 0.3401143 0.3515257 0.2920170 0.3238311 0.0000000 0.0631911 0.3668739 
n277_280   0.3957555 0.0067213 0.3068712 0.3396918 0.2863365 0.2426582 0.3385574 0.0558411 0.0632088 0.4595713 0.2471962 0.3024349 0.3430666 0.3015095 0.3890160 0.3344055 0.2971328 0.3234111 0.2812860 0.3130924 0.0631911 0.0000000 0.3382118 
n298_301   0.4357502 0.3440684 0.0375840 0.0271422 0.2964852 0.2718879 0.0100420 0.3606903 0.3607046 0.5162058 0.2765966 0.0555171 0.1393615 0.0375376 0.4306086 0.0236957 0.0591590 0.0236791 0.2965222 0.2038905 0.3668739 0.3382118 0.0000000 
