23
n292_293   0.0000000 0.3015745 0.2967112 0.3117800 0.4340137 0.3485293 0.0033307 0.3010121 0.0168134 0.4734617 0.3426433 0.0662574 0.3014929 0.4191196 0.3167287 0.3174218 0.3171214 0.2851635 0.3125090 0.3325138 0.0591261 0.0134285 0.2899402 
n287_288   0.3015745 0.0000000 0.0033497 0.0520930 0.4143944 0.3006272 0.2961298 0.0520552 0.2914626 0.4403279 0.1083994 0.2959992 0.0449235 0.3613155 0.0556675 0.0342791 0.0342530 0.2651637 0.1490605 0.3011401 0.2967615 0.2966707 0.2700918 
n290_291   0.2967112 0.0033497 0.0000000 0.0485318 0.4087825 0.3058917 0.2913031 0.0484965 0.2866584 0.4345199 0.1045825 0.2911743 0.0413931 0.3560702 0.0520930 0.0307972 0.0307728 0.2701563 0.1450352 0.3064156 0.2919217 0.2918340 0.2751207 
n294_295   0.3117800 0.0520930 0.0485318 0.0000000 0.4078710 0.3274228 0.3062532 0.0273168 0.3015340 0.4214870 0.1124571 0.3113642 0.0204025 0.3730304 0.0033572 0.0521322 0.0520916 0.3005825 0.1576001 0.3279922 0.3121823 0.3068156 0.3057668 
n251_252   0.4340137 0.4143944 0.4087825 0.4078710 0.0000000 0.4426203 0.4273428 0.4198141 0.4337495 0.0272375 0.4830829 0.4198304 0.4139708 0.3162177 0.4134657 0.4196855 0.4192574 0.4315783 0.4409485 0.4244231 0.4212051 0.4280197 0.4312159 
n286_287   0.3485293 0.3006272 0.3058917 0.3274228 0.4426203 0.0000000 0.3426975 0.3215347 0.3534259 0.4763418 0.3415553 0.3530262 0.3169209 0.4045784 0.3324667 0.3165350 0.3162362 0.1398465 0.3207881 0.0100429 0.3539763 0.3432101 0.1397493 
n300_301   0.0033307 0.2961298 0.2913031 0.3062532 0.4273428 0.3426975 0.0000000 0.2955814 0.0134056 0.4663828 0.3368679 0.0625500 0.2960505 0.4126236 0.3111641 0.3118418 0.3115480 0.2850137 0.3069643 0.3268191 0.0554539 0.0100376 0.2897875 
n275_276   0.3010121 0.0520552 0.0484965 0.0273168 0.4198141 0.3215347 0.2955814 0.0000000 0.2909251 0.4336850 0.1123714 0.3058240 0.0203882 0.3562944 0.0307849 0.0520943 0.0520537 0.2949532 0.1574756 0.3220909 0.2961169 0.2961202 0.3000899 
n274_275   0.0168134 0.2914626 0.2866584 0.3015340 0.4337495 0.3534259 0.0134056 0.2909251 0.0000000 0.4731643 0.3160052 0.0625472 0.2913850 0.4126148 0.3064215 0.3070873 0.3067987 0.2850068 0.2868150 0.3373243 0.0554513 0.0100371 0.2897806 
n255_256   0.4734617 0.4403279 0.4345199 0.4214870 0.0272375 0.4763418 0.4663828 0.4336850 0.4731643 0.0000000 0.4915521 0.4459192 0.4277224 0.3328908 0.4271928 0.4335555 0.4331087 0.4648176 0.4680288 0.4572591 0.4474128 0.4671396 0.4644190 
n236_237   0.3426433 0.1083994 0.1045825 0.1124571 0.4830829 0.3415553 0.3368679 0.1123714 0.3160052 0.4915521 0.0000000 0.3313650 0.1046469 0.4240512 0.1124401 0.1124607 0.1123691 0.3152232 0.1784827 0.3421522 0.3322411 0.3318181 0.3205026 
n278_279   0.0662574 0.2959992 0.2911743 0.3113642 0.4198304 0.3530262 0.0625500 0.3058240 0.0625472 0.4459192 0.3313650 0.0000000 0.3063147 0.4367571 0.3163060 0.3067264 0.3064383 0.2743733 0.3114528 0.3369440 0.0202528 0.0589683 0.2842118 
n297_298   0.3014929 0.0449235 0.0413931 0.0204025 0.4139708 0.3169209 0.2960505 0.0203882 0.2913850 0.4277224 0.1046469 0.3063147 0.0000000 0.3618300 0.0238449 0.0449572 0.0449224 0.2904718 0.1492599 0.3174684 0.3018766 0.2965910 0.2955846 
n244_245   0.4191196 0.3613155 0.3560702 0.3730304 0.3162177 0.4045784 0.4126236 0.3562944 0.4126148 0.3328908 0.4240512 0.4367571 0.3618300 0.0000000 0.3783870 0.3558039 0.3554575 0.4105042 0.4254656 0.3873418 0.4250379 0.4070596 0.4039988 
n293_294   0.3167287 0.0556675 0.0520930 0.0033572 0.4134657 0.3324667 0.3111641 0.0307849 0.3064215 0.4271928 0.1124401 0.3163060 0.0238449 0.3783870 0.0000000 0.0557094 0.0556659 0.3054519 0.1616898 0.3330464 0.3171399 0.3117366 0.3106679 
n296_297   0.3174218 0.0342791 0.0307972 0.0521322 0.4196855 0.3165350 0.3118418 0.0520943 0.3070873 0.4335555 0.1124607 0.3067264 0.0449572 0.3558039 0.0557094 0.0000000 0.0067194 0.2857709 0.1619065 0.3170812 0.3075242 0.3124168 0.2908546 
n295_296   0.3171214 0.0342530 0.0307728 0.0520916 0.4192574 0.3162362 0.3115480 0.0520537 0.3067987 0.4331087 0.1123691 0.3064383 0.0449224 0.3554575 0.0556659 0.0067194 0.0000000 0.2855069 0.1617693 0.3167813 0.3072346 0.3121220 0.2905850 
n266_267   0.2851635 0.2651637 0.2701563 0.3005825 0.4315783 0.1398465 0.2850137 0.2949532 0.2850068 0.4648176 0.3152232 0.2743733 0.2904718 0.4105042 0.3054519 0.2857709 0.2855069 0.0000000 0.2951415 0.1278220 0.2853332 0.2752593 0.0066719 
n200_201   0.3125090 0.1490605 0.1450352 0.1576001 0.4409485 0.3207881 0.3069643 0.1574756 0.2868150 0.4680288 0.1784827 0.3114528 0.1492599 0.4254656 0.1616898 0.1619065 0.1617693 0.2951415 0.0000000 0.3157014 0.3177032 0.3020734 0.3002842 
n285_286   0.3325138 0.3011401 0.3064156 0.3279922 0.4244231 0.0100429 0.3268191 0.3220909 0.3373243 0.4572591 0.3421522 0.3369440 0.3174684 0.3873418 0.3330464 0.3170812 0.3167813 0.1278220 0.3157014 0.0000000 0.3378391 0.3273035 0.1277337 
n277_278   0.0591261 0.2967615 0.2919217 0.3121823 0.4212051 0.3539763 0.0554539 0.2961169 0.0554513 0.4474128 0.3322411 0.0202528 0.3018766 0.4250379 0.3171399 0.3075242 0.3072346 0.2853332 0.3177032 0.3378391 0.0000000 0.0518946 0.2953515 
n280_281   0.0134285 0.2966707 0.2918340 0.3068156 0.4280197 0.3432101 0.0100376 0.2961202 0.0100371 0.4671396 0.3318181 0.0589683 0.2965910 0.4070596 0.3117366 0.3124168 0.3121220 0.2752593 0.3020734 0.3273035 0.0518946 0.0000000 0.2799768 
n265_266   0.2899402 0.2700918 0.2751207 0.3057668 0.4312159 0.1397493 0.2897875 0.3000899 0.2897806 0.4644190 0.3205026 0.2842118 0.2955846 0.4039988 0.3106679 0.2908546 0.2905850 0.0066719 0.3002842 0.1277337 0.2953515 0.2799768 0.0000000 
