26
n295_298   0.0000000 2.5455761 2.4744070 2.4870164 2.2167253 0.1409688 2.4785664 0.3003794 2.4610506 1.9060768 0.2952850 0.2704632 1.8896166 0.5480306 2.5304356 0.0237583 0.2598811 0.1249037 0.0932663 2.4674552 1.0371566 0.2954250 2.3439980 2.2329506 2.9331522 2.6437880 
n266_269   2.5455761 0.0000000 3.2350641 2.2045346 1.8949510 2.5831821 1.9680791 2.8789690 2.2578092 1.2296119 2.5139515 3.0120734 1.2349835 2.0569957 4.2971340 2.3520163 2.7803937 2.4857657 2.6554989 1.8823069 2.2573968 2.5247914 1.9388649 1.9098995 2.2510485 0.1582765 
n255_258   2.4744070 3.2350641 0.0000000 2.2190475 2.2884198 2.6237533 2.1377985 2.3015390 2.5659379 5.1667713 2.4967814 2.6185927 4.2448922 2.2043183 0.3521584 2.2970618 2.8258392 2.9843201 2.8026845 2.3934520 4.0325107 2.6714288 2.5128658 2.4038407 2.2244309 2.4138815 
n277_280   2.4870164 2.2045346 2.2190475 0.0000000 0.4426324 2.6268950 0.4290490 2.3910928 0.1007238 2.2539645 2.8342367 2.5687689 2.1351605 2.8142719 2.7503370 2.6481349 2.5417999 2.2959880 2.4834669 0.4359591 2.5773526 2.5692553 0.4215395 0.4281044 2.8070057 2.2422149 
n299_302   2.2167253 1.8949510 2.2884198 0.4426324 0.0000000 2.0721643 0.1246218 2.4869081 0.4311118 2.6171539 2.8548180 2.5869754 2.4925522 2.1485874 2.5507886 2.1899351 2.5277643 1.8455878 2.0944196 0.1088150 2.3913406 2.8689598 0.0556586 0.0134935 3.7235373 2.2305093 
n287_290   0.1409688 2.5831821 2.6237533 2.6268950 2.0721643 0.0000000 2.4026410 0.3554479 2.4131627 1.7848028 0.3794204 0.3347102 1.6796475 0.6389528 2.6895673 0.1621066 0.3178044 0.0969392 0.0629205 2.2583198 1.1113901 0.3795843 2.2250127 2.1246040 2.8400777 2.7399702 
n274_277   2.4785664 1.9680791 2.1377985 0.4290490 0.1246218 2.4026410 0.0000000 2.6449639 0.4045822 2.5963837 3.5319474 3.1844679 2.5552652 2.3649373 2.6926274 2.4921105 3.0757299 2.0129022 2.3733436 0.1044832 2.2902862 3.4062666 0.1043527 0.1123944 3.1530945 2.4251589 
n275_278   0.3003794 2.8789690 2.3015390 2.3910928 2.4869081 0.3554479 2.6449639 0.0000000 2.2930525 2.0855427 0.1878831 0.1334219 1.9776070 0.6117407 2.9303619 0.3062034 0.1247352 0.3436938 0.3001612 3.2652785 0.9693396 0.1928860 2.8940459 2.5766521 3.6426330 3.0676000 
n278_281   2.4610506 2.2578092 2.5659379 0.1007238 0.4311118 2.4131627 0.4045822 2.2930525 0.0000000 2.0960251 2.7615179 2.3600187 2.1214705 2.3985950 3.5852160 2.6203357 2.3533123 2.0677415 2.3464287 0.4172489 2.5960461 2.5024935 0.4041151 0.4168148 3.1170617 2.0485927 
n286_289   1.9060768 1.2296119 5.1667713 2.2539645 2.6171539 1.7848028 2.5963837 2.0855427 2.0960251 0.0000000 2.2276412 1.9579874 0.0557680 2.0769327 5.9554837 1.8365510 1.8226272 1.6541500 1.7262683 2.2048718 1.8508314 2.2608977 2.5430994 2.3915361 2.4553942 1.3080699 
n297_300   0.2952850 2.5139515 2.4967814 2.8342367 2.8548180 0.3794204 3.5319474 0.1878831 2.7615179 2.2276412 0.0000000 0.1453590 2.0216562 0.5959536 3.0115729 0.2947545 0.1408752 0.3608574 0.3221707 4.0656430 1.0133404 0.0413883 3.2306955 3.0992328 3.7288282 2.8466705 
n293_296   0.2704632 3.0120734 2.6185927 2.5687689 2.5869754 0.3347102 3.1844679 0.1334219 2.3600187 1.9579874 0.1453590 0.0000000 1.7307409 0.5597255 4.0505535 0.2760117 0.0342504 0.3232685 0.2808238 3.8658174 0.9597593 0.1499676 3.3266339 2.7802050 4.0180860 2.8423200 
n285_288   1.8896166 1.2349835 4.2448922 2.1351605 2.4925522 1.6796475 2.5552652 1.9776070 2.1214705 0.0557680 2.0216562 1.7307409 0.0000000 1.8921373 9.0000000 1.8215086 1.6849105 1.5876545 1.6268355 2.1472481 1.8123680 2.0494883 2.4978101 2.3517877 2.4821926 1.3121021 
n236_239   0.5480306 2.0569957 2.2043183 2.8142719 2.1485874 0.6389528 2.3649373 0.6117407 2.3985950 2.0769327 0.5959536 0.5597255 1.8921373 0.0000000 2.7485642 0.5361567 0.5433165 0.6751432 0.5983700 2.5252685 1.0230731 0.6143261 2.3440921 2.1637154 2.7711621 2.1467137 
n251_254   2.5304356 4.2971340 0.3521584 2.7503370 2.5507886 2.6895673 2.6926274 2.9303619 3.5852160 5.9554837 3.0115729 4.0505535 9.0000000 2.7485642 0.0000000 2.4146886 3.7692209 2.7232128 2.7076779 2.5695687 3.4986632 2.9843883 2.5464508 2.5481703 1.7023297 2.9861630 
n296_299   0.0237583 2.3520163 2.2970618 2.6481349 2.1899351 0.1621066 2.4921105 0.3062034 2.6203357 1.8365510 0.2947545 0.2760117 1.8215086 0.5361567 2.4146886 0.0000000 0.2653197 0.1455656 0.1129212 2.3581366 1.0265708 0.2948942 2.2673756 2.2057548 3.1237057 2.5686516 
n294_297   0.2598811 2.7803937 2.8258392 2.5417999 2.5277643 0.3178044 3.0757299 0.1247352 2.3533123 1.8226272 0.1408752 0.0342504 1.6849105 0.5433165 3.7692209 0.2653197 0.0000000 0.3066576 0.2652427 3.6602266 0.9453331 0.1454326 3.2012957 2.7074501 3.9568481 2.6623017 
n289_292   0.1249037 2.4857657 2.9843201 2.2959880 1.8455878 0.0969392 2.0129022 0.3436938 2.0677415 1.6541500 0.3608574 0.3232685 1.5876545 0.6751432 2.7232128 0.1455656 0.3066576 0.0000000 0.0484583 2.0023595 1.0244611 0.3563360 1.9662073 1.8874087 3.1435192 2.6261451 
n290_293   0.0932663 2.6554989 2.8026845 2.4834669 2.0944196 0.0629205 2.3733436 0.3001612 2.3464287 1.7262683 0.3221707 0.2808238 1.6268355 0.5983700 2.7076779 0.1129212 0.2652427 0.0484583 0.0000000 2.3575745 0.9839917 0.3223195 2.2500709 2.1477854 2.7155046 2.8255150 
n280_283   2.4674552 1.8823069 2.3934520 0.4359591 0.1088150 2.2583198 0.1044832 3.2652785 0.4172489 2.2048718 4.0656430 3.8658174 2.1472481 2.5252685 2.5695687 2.3581366 3.6602266 2.0023595 2.3575745 0.0000000 2.4402512 4.0813238 0.0778926 0.0968885 2.9666703 2.1943206 
n200_203   1.0371566 2.2573968 4.0325107 2.5773526 2.3913406 1.1113901 2.2902862 0.9693396 2.5960461 1.8508314 1.0133404 0.9597593 1.8123680 1.0230731 3.4986632 1.0265708 0.9453331 1.0244611 0.9839917 2.4402512 0.0000000 0.9934335 2.5661009 2.5434770 2.4729961 2.4690219 
n298_301   0.2954250 2.5247914 2.6714288 2.5692553 2.8689598 0.3795843 3.4062666 0.1928860 2.5024935 2.2608977 0.0413883 0.1499676 2.0494883 0.6143261 2.9843883 0.2948942 0.1454326 0.3563360 0.3223195 4.0813238 0.9934335 0.0000000 3.2207818 3.1230222 3.7244208 2.7479973 
n292_295   2.3439980 1.9388649 2.5128658 0.4215395 0.0556586 2.2250127 0.1043527 2.8940459 0.4041151 2.5430994 3.2306955 3.3266339 2.4978101 2.3440921 2.5464508 2.2673756 3.2012957 1.9662073 2.2500709 0.0778926 2.5661009 3.2207818 0.0000000 0.0447658 3.4086607 2.3365633 
n300_303   2.2329506 1.9098995 2.4038407 0.4281044 0.0134935 2.1246040 0.1123944 2.5766521 0.4168148 2.3915361 3.0992328 2.7802050 2.3517877 2.1637154 2.5481703 2.2057548 2.7074501 1.8874087 2.1477854 0.0968885 2.5434770 3.1230222 0.0447658 0.0000000 3.4297455 2.2531102 
n244_247   2.9331522 2.2510485 2.2244309 2.8070057 3.7235373 2.8400777 3.1530945 3.6426330 3.1170617 2.4553942 3.7288282 4.0180860 2.4821926 2.7711621 1.7023297 3.1237057 3.9568481 3.1435192 2.7155046 2.9666703 2.4729961 3.7244208 3.4086607 3.4297455 0.0000000 2.4363873 
n265_268   2.6437880 0.1582765 2.4138815 2.2422149 2.2305093 2.7399702 2.4251589 3.0676000 2.0485927 1.3080699 2.8466705 2.8423200 1.3121021 2.1467137 2.9861630 2.5686516 2.6623017 2.6261451 2.8255150 2.1943206 2.4690219 2.7479973 2.3365633 2.2531102 2.4363873 0.0000000 
