24
n287_288   0.0000000 0.1153674 0.2121151 0.2339729 0.2434939 0.2120825 0.2257282 0.0341178 0.2166579 0.2212022 0.0202445 0.0376272 0.0447003 0.0376094 0.0066786 0.2339729 0.3702019 0.0168275 0.2481068 0.3734019 0.0446420 0.1602399 0.2076347 0.3777046 
n236_237   0.1153674 0.0000000 0.2307461 0.2669951 0.2531650 0.2260225 0.2399547 0.0923384 0.2306970 0.2353357 0.1154437 0.0961548 0.1000048 0.0961086 0.1232365 0.2669951 0.4108996 0.1038480 0.2578402 0.4078737 0.1037104 0.1859886 0.2261426 0.4309117 
n278_279   0.2121151 0.2307461 0.0000000 0.2339829 0.2074970 0.0483737 0.0591971 0.1900625 0.0519739 0.0555830 0.2168751 0.1944578 0.1987728 0.1943614 0.2211418 0.2339829 0.4164730 0.2167608 0.2074191 0.3742270 0.2030389 0.2551494 0.0100992 0.4123394 
n285_286   0.2339729 0.2669951 0.2339829 0.0000000 0.1231770 0.2201958 0.2295587 0.2025370 0.2248081 0.2250230 0.2296061 0.2069966 0.2160021 0.2023277 0.2432460 0.0066949 0.3977080 0.2294840 0.1192253 0.4003052 0.2110651 0.2871938 0.2293822 0.3774915 
n265_266   0.2434939 0.2531650 0.2074970 0.1231770 0.0000000 0.2071901 0.2117615 0.2161215 0.2117256 0.2162316 0.2390709 0.2206731 0.2298672 0.2158963 0.2529024 0.1231770 0.4037447 0.2389424 0.0271670 0.3898856 0.2248034 0.2581264 0.2074332 0.3885122 
n280_281   0.2120825 0.2260225 0.0483737 0.2201958 0.2071901 0.0000000 0.0168963 0.1900322 0.0100898 0.0134866 0.2168421 0.1944269 0.1987415 0.1943305 0.2211084 0.2246759 0.4039897 0.2167278 0.2071125 0.3736397 0.2030072 0.2501444 0.0448047 0.4116853 
n299_300   0.2257282 0.2399547 0.0591971 0.2295587 0.2117615 0.0168963 0.0000000 0.2032598 0.0203299 0.0033467 0.2305927 0.2077385 0.2121302 0.2076352 0.2349290 0.2340995 0.4100376 0.2304695 0.2116817 0.3854673 0.2164683 0.2646047 0.0555721 0.4178175 
n293_294   0.0341178 0.0923384 0.1900625 0.2025370 0.2161215 0.1900322 0.2032598 0.0000000 0.1944628 0.1988693 0.0341397 0.0033408 0.0100711 0.0033387 0.0411421 0.2025370 0.3431976 0.0306464 0.2205715 0.3515738 0.0100582 0.1521373 0.1857161 0.3503369 
n274_275   0.2166579 0.2306970 0.0519739 0.2248081 0.2117256 0.0100898 0.0203299 0.1944628 0.0000000 0.0169032 0.2214537 0.1988866 0.2032279 0.1987878 0.2257444 0.2293174 0.4099975 0.2213364 0.2116458 0.3734669 0.2075188 0.2550012 0.0483846 0.4177764 
n292_293   0.2212022 0.2353357 0.0555830 0.2250230 0.2162316 0.0134866 0.0033467 0.1988693 0.0169032 0.0000000 0.2260326 0.2033208 0.2076875 0.2032198 0.2303463 0.2295369 0.4042564 0.2259123 0.2161498 0.3798302 0.2120022 0.2598138 0.0519760 0.4119592 
n296_297   0.0202445 0.1154437 0.2168751 0.2296061 0.2390709 0.2168421 0.2305927 0.0341397 0.2214537 0.2260326 0.0000000 0.0376514 0.0447291 0.0376336 0.0271229 0.2296061 0.3650384 0.0100575 0.2436601 0.3681862 0.0446708 0.1644860 0.2123610 0.3724749 
n294_295   0.0376272 0.0961548 0.1944578 0.2069966 0.2206731 0.1944269 0.2077385 0.0033408 0.1988866 0.2033208 0.0376514 0.0000000 0.0134622 0.0066942 0.0446874 0.2069966 0.3486267 0.0341397 0.2251506 0.3519730 0.0134449 0.1563085 0.1900844 0.3558389 
n275_276   0.0447003 0.1000048 0.1987728 0.2160021 0.2298672 0.1987415 0.2121302 0.0100711 0.2032279 0.2076875 0.0447291 0.0134622 0.0000000 0.0134559 0.0518333 0.2160021 0.3596353 0.0411804 0.2344010 0.3624675 0.0202697 0.1647250 0.1943747 0.3669986 
n297_298   0.0376094 0.0961086 0.1943614 0.2023277 0.2158963 0.1943305 0.2076352 0.0033387 0.1987878 0.2032198 0.0376336 0.0066942 0.0134559 0.0000000 0.0446662 0.2023277 0.3484512 0.0341236 0.2203411 0.3569199 0.0066886 0.1519838 0.1899902 0.3556591 
n289_290   0.0066786 0.1232365 0.2211418 0.2432460 0.2529024 0.2211084 0.2349290 0.0411421 0.2257444 0.2303463 0.0271229 0.0446874 0.0518333 0.0446662 0.0000000 0.2432460 0.3646971 0.0236717 0.2575733 0.3734753 0.0517654 0.1686416 0.2166054 0.3777788 
n286_287   0.2339729 0.2669951 0.2339829 0.0066949 0.1231770 0.2246759 0.2340995 0.2025370 0.2293174 0.2295369 0.2296061 0.2069966 0.2160021 0.2023277 0.2432460 0.0000000 0.3977080 0.2294840 0.1192253 0.4003052 0.2110651 0.2871938 0.2293822 0.3774915 
n255_256   0.3702019 0.4108996 0.4164730 0.3977080 0.4037447 0.4039897 0.4100376 0.3431976 0.4099975 0.4042564 0.3650384 0.3486267 0.3596353 0.3484512 0.3646971 0.3977080 0.0000000 0.3648130 0.3860990 0.3332460 0.3590588 0.3879963 0.4220234 0.0589280 
n295_296   0.0168275 0.1038480 0.2167608 0.2294840 0.2389424 0.2167278 0.2304695 0.0306464 0.2213364 0.2259123 0.0100575 0.0341397 0.0411804 0.0341236 0.0236717 0.2294840 0.3648130 0.0000000 0.2435285 0.3679566 0.0411268 0.1602657 0.2122496 0.3722421 
n266_267   0.2481068 0.2578402 0.2074191 0.1192253 0.0271670 0.2071125 0.2116817 0.2205715 0.2116458 0.2161498 0.2436601 0.2251506 0.2344010 0.2203411 0.2575733 0.1192253 0.3860990 0.2435285 0.0000000 0.3781327 0.2292986 0.2533468 0.2073553 0.3711771 
n244_245   0.3734019 0.4078737 0.3742270 0.4003052 0.3898856 0.3736397 0.3854673 0.3515738 0.3734669 0.3798302 0.3681862 0.3519730 0.3624675 0.3569199 0.3734753 0.4003052 0.3332460 0.3679566 0.3781327 0.0000000 0.3677142 0.4266172 0.3795305 0.3136990 
n298_299   0.0446420 0.1037104 0.2030389 0.2110651 0.2248034 0.2030072 0.2164683 0.0100582 0.2075188 0.2120022 0.0446708 0.0134449 0.0202697 0.0066886 0.0517654 0.2110651 0.3590588 0.0411268 0.2292986 0.3677142 0.0000000 0.1601941 0.1986176 0.3664049 
n200_201   0.1602399 0.1859886 0.2551494 0.2871938 0.2581264 0.2501444 0.2646047 0.1521373 0.2550012 0.2598138 0.1644860 0.1563085 0.1647250 0.1519838 0.1686416 0.2871938 0.3879963 0.1602657 0.2533468 0.4266172 0.1601941 0.0000000 0.2502852 0.4011503 
n277_278   0.2076347 0.2261426 0.0100992 0.2293822 0.2074332 0.0448047 0.0555721 0.1857161 0.0483846 0.0519760 0.2123610 0.1900844 0.1943747 0.1899902 0.2166054 0.2293822 0.4220234 0.2122496 0.2073553 0.3795305 0.1986176 0.2502852 0.0000000 0.4178758 
n251_252   0.3777046 0.4309117 0.4123394 0.3774915 0.3885122 0.4116853 0.4178175 0.3503369 0.4177764 0.4119592 0.3724749 0.3558389 0.3669986 0.3556591 0.3777788 0.3774915 0.0589280 0.3722421 0.3711771 0.3136990 0.3664049 0.4011503 0.4178758 0.0000000 
