23
n292_293   0.0000000 0.2869638 0.2870661 0.2623480 0.3823206 0.2435842 0.0067159 0.2719047 0.0237901 0.2968430 0.3331205 0.3023474 0.0629465 0.2671078 0.3346924 0.2867121 0.2867667 0.2529760 0.2632258 0.2435440 0.0666901 0.0101028 0.2527977 
n287_288   0.2869638 0.0000000 0.0100698 0.0698232 0.4278727 0.2663811 0.2772472 0.0697867 0.2869619 0.0168531 0.3926235 0.1193623 0.3029339 0.0734897 0.3766697 0.0236952 0.0236998 0.3001773 0.1721796 0.2663373 0.3135285 0.2823248 0.2898849 
n290_291   0.2870661 0.0100698 0.0000000 0.0662029 0.4163195 0.2617642 0.2773453 0.0661682 0.2870642 0.0134578 0.3815837 0.1155060 0.3030435 0.0698533 0.3713546 0.0202727 0.0202766 0.2953723 0.1680665 0.2617211 0.3136429 0.2824251 0.2851451 
n294_295   0.2623480 0.0698232 0.0662029 0.0000000 0.3863455 0.2198887 0.2529505 0.0168095 0.2623488 0.0734975 0.3475532 0.0810500 0.2777161 0.0100435 0.3276026 0.0661314 0.0661443 0.2659175 0.1350774 0.2198526 0.2879224 0.2578475 0.2561179 
n251_252   0.3823206 0.4278727 0.4163195 0.3863455 0.0000000 0.3861776 0.3712786 0.3975331 0.3711311 0.4277491 0.0480956 0.4103645 0.4001853 0.3919501 0.2910893 0.4216567 0.4158724 0.3974975 0.4166596 0.3861152 0.3949199 0.3658286 0.3917153 
n286_287   0.2435842 0.2663811 0.2617642 0.2198887 0.3861776 0.0000000 0.2344148 0.2333714 0.2343325 0.2711939 0.3421473 0.2667142 0.2580460 0.2243752 0.2920764 0.2521509 0.2521995 0.1470688 0.2621306 0.0066851 0.2633927 0.2298772 0.1387814 
n300_301   0.0067159 0.2772472 0.2773453 0.2529505 0.3712786 0.2344148 0.0000000 0.2623886 0.0169198 0.2870009 0.3227804 0.2924221 0.0557001 0.2576522 0.3242897 0.2770052 0.2770583 0.2436921 0.2683189 0.2343761 0.0593996 0.0033534 0.2435212 
n275_276   0.2719047 0.0697867 0.0661682 0.0168095 0.3975331 0.2333714 0.2623886 0.0000000 0.2719046 0.0734591 0.3581679 0.0998612 0.2874979 0.0202168 0.3328703 0.0771016 0.0771167 0.2704696 0.1553008 0.2333330 0.2978492 0.2673530 0.2606131 
n274_275   0.0237901 0.2869619 0.2870642 0.2623488 0.3711311 0.2343325 0.0169198 0.2719046 0.0000000 0.2968399 0.3278588 0.3023434 0.0593059 0.2671082 0.3189887 0.2867103 0.2867649 0.2296752 0.2779435 0.2342938 0.0630267 0.0135072 0.2295155 
n289_290   0.2968430 0.0168531 0.0134578 0.0734975 0.4277491 0.2711939 0.2870009 0.0734591 0.2968399 0.0000000 0.3925163 0.1115956 0.3130508 0.0771822 0.3822879 0.0271445 0.0271498 0.2953873 0.1764145 0.2711493 0.3237987 0.2921495 0.2851591 
n255_256   0.3331205 0.3926235 0.3815837 0.3475532 0.0480956 0.3421473 0.3227804 0.3581679 0.3278588 0.3925163 0.0000000 0.3816063 0.3497680 0.3528746 0.2522883 0.3867062 0.3811825 0.3634583 0.3708235 0.3420915 0.3448146 0.3176720 0.3685567 
n236_237   0.3023474 0.1193623 0.1155060 0.0810500 0.4103645 0.2667142 0.2924221 0.0998612 0.3023434 0.1115956 0.3816063 0.0000000 0.3187096 0.0923000 0.3438290 0.1153766 0.1154001 0.2857326 0.1557612 0.2666703 0.3295575 0.2976172 0.2905613 
n278_279   0.0629465 0.3029339 0.3030435 0.2777161 0.4001853 0.2580460 0.0557001 0.2874979 0.0593059 0.3130508 0.3497680 0.3187096 0.0000000 0.2825862 0.3514454 0.3026653 0.3027227 0.2724447 0.2986511 0.2580034 0.0308403 0.0521030 0.2722506 
n297_298   0.2671078 0.0734897 0.0698533 0.0100435 0.3919501 0.2243752 0.2576522 0.0202168 0.2671082 0.0771822 0.3528746 0.0923000 0.2825862 0.0000000 0.3328002 0.0697777 0.0697913 0.2706805 0.1471768 0.2243383 0.2928634 0.2625823 0.2608148 
n244_245   0.3346924 0.3766697 0.3713546 0.3276026 0.2910893 0.2920764 0.3242897 0.3328703 0.3189887 0.3822879 0.2522883 0.3438290 0.3514454 0.3328002 0.0000000 0.3652620 0.3709395 0.3273915 0.3500570 0.2920283 0.3576483 0.3191509 0.3271323 
n296_297   0.2867121 0.0236952 0.0202727 0.0661314 0.4216567 0.2521509 0.2770052 0.0771016 0.2867103 0.0271445 0.3867062 0.1153766 0.3026653 0.0697777 0.3652620 0.0000000 0.0066904 0.2952937 0.1678738 0.2521094 0.3132487 0.2820776 0.2850684 
n295_296   0.2867667 0.0236998 0.0202766 0.0661443 0.4158724 0.2521995 0.2770583 0.0771167 0.2867649 0.0271498 0.3811825 0.1154001 0.3027227 0.0697913 0.3709395 0.0066904 0.0000000 0.2953495 0.1679066 0.2521580 0.3133078 0.2821315 0.2851226 
n266_267   0.2529760 0.3001773 0.2953723 0.2659175 0.3974975 0.1470688 0.2436921 0.2704696 0.2296752 0.2953873 0.3634583 0.2857326 0.2724447 0.2706805 0.3273915 0.2952937 0.2953495 0.0000000 0.2861237 0.1470449 0.2827219 0.2390986 0.0271355 
n200_201   0.2632258 0.1721796 0.1680665 0.1350774 0.4166596 0.2621306 0.2683189 0.1553008 0.2779435 0.1764145 0.3708235 0.1557612 0.2986511 0.1471768 0.3500570 0.1678738 0.1679066 0.2861237 0.0000000 0.2620874 0.3040197 0.2733437 0.2808070 
n285_286   0.2435440 0.2663373 0.2617211 0.2198526 0.3861152 0.0066851 0.2343761 0.2333330 0.2342938 0.2711493 0.3420915 0.2666703 0.2580034 0.2243383 0.2920283 0.2521094 0.2521580 0.1470449 0.2620874 0.0000000 0.2633492 0.2298392 0.1387588 
n277_278   0.0666901 0.3135285 0.3136429 0.2879224 0.3949199 0.2633927 0.0593996 0.2978492 0.0630267 0.3237987 0.3448146 0.3295575 0.0308403 0.2928634 0.3576483 0.3132487 0.3133078 0.2827219 0.3040197 0.2633492 0.0000000 0.0557810 0.2825191 
n280_281   0.0101028 0.2823248 0.2824251 0.2578475 0.3658286 0.2298772 0.0033534 0.2673530 0.0135072 0.2921495 0.3176720 0.2976172 0.0521030 0.2625823 0.3191509 0.2820776 0.2821315 0.2390986 0.2733437 0.2298392 0.0557810 0.0000000 0.2389313 
n265_266   0.2527977 0.2898849 0.2851451 0.2561179 0.3917153 0.1387814 0.2435212 0.2606131 0.2295155 0.2851591 0.3685567 0.2905613 0.2722506 0.2608148 0.3271323 0.2850684 0.2851226 0.0271355 0.2808070 0.1387588 0.2825191 0.2389313 0.0000000 
