24
n300_303   0.0000000 0.3050985 0.2952654 0.2999871 0.4117853 0.0066993 0.3198776 0.0699030 0.3050704 0.0134533 0.2993409 0.2796834 0.2896869 0.3150557 0.0735523 0.0033408 0.3150194 0.2992529 0.3093470 0.4363646 0.3150615 0.3949358 0.0168448 0.3150615 
n289_292   0.3050985 0.0000000 0.0066997 0.0237073 0.3836691 0.3052573 0.0410985 0.2803945 0.0066965 0.3152130 0.2704162 0.0995748 0.2466497 0.0446591 0.2802902 0.3001988 0.1388707 0.2652956 0.2800555 0.3955873 0.0376119 0.3616780 0.3201168 0.0376119 
n290_293   0.2952654 0.0066997 0.0000000 0.0237169 0.3727988 0.2954187 0.0411153 0.2708708 0.0066992 0.3052502 0.2610221 0.0996164 0.2467563 0.0446774 0.2707716 0.2904254 0.1389293 0.2654106 0.2705436 0.3903386 0.0376272 0.3511230 0.3100944 0.0376272 
n296_299   0.2999871 0.0237073 0.0237169 0.0000000 0.3727357 0.3001430 0.0376010 0.2707072 0.0237054 0.3100316 0.2706675 0.1034290 0.2421549 0.0411439 0.2706082 0.2951197 0.1429574 0.2607018 0.2803199 0.3961024 0.0341268 0.3619601 0.3097143 0.0341268 
n255_258   0.4117853 0.3836691 0.3727988 0.3727357 0.0000000 0.4120020 0.3830913 0.3781309 0.3780053 0.4177555 0.3953557 0.3713164 0.3514529 0.3778999 0.3779656 0.4061824 0.3836979 0.3670490 0.4067530 0.0518894 0.3779194 0.2807537 0.4112922 0.3779194 
n292_295   0.0066993 0.3052573 0.2954187 0.3001430 0.4120020 0.0000000 0.3200444 0.0699367 0.3052291 0.0134594 0.2994957 0.2798275 0.2898376 0.3152199 0.0735878 0.0033431 0.3151834 0.2994077 0.3095073 0.4365957 0.3152257 0.3951438 0.0168528 0.3152257 
n298_301   0.3198776 0.0410985 0.0411153 0.0376010 0.3830913 0.3200444 0.0000000 0.2848994 0.0410953 0.3301838 0.2796446 0.0994385 0.2512185 0.0168315 0.2847921 0.3148895 0.1386775 0.2650364 0.2893930 0.3953846 0.0100532 0.3505013 0.3351749 0.0100532 
n278_281   0.0699030 0.2803945 0.2708708 0.2707072 0.3781309 0.0699367 0.2848994 0.0000000 0.2803691 0.0772683 0.2750945 0.2558318 0.2657309 0.2802737 0.0100817 0.0662689 0.2900130 0.2797353 0.2847888 0.4015669 0.2802744 0.3618671 0.0809299 0.2802744 
n287_290   0.3050704 0.0066965 0.0066992 0.0237054 0.3780053 0.3052291 0.0410953 0.2803691 0.0000000 0.3151838 0.2703919 0.0995668 0.2466280 0.0446556 0.2802649 0.3001712 0.1388593 0.2652720 0.2800301 0.3956696 0.0376090 0.3561872 0.3200870 0.0376090 
n280_283   0.0134533 0.3152130 0.3052502 0.3100316 0.4177555 0.0134594 0.3301838 0.0772683 0.3151838 0.0000000 0.3093562 0.2894418 0.2995768 0.3253024 0.0809515 0.0100701 0.3150806 0.3092607 0.3194970 0.4425537 0.3253100 0.4063064 0.0236910 0.3253100 
n285_288   0.2993409 0.2704162 0.2610221 0.2706675 0.3953557 0.2994957 0.2796446 0.2750945 0.2703919 0.3093562 0.0000000 0.2647111 0.1308478 0.2750510 0.2749936 0.2944870 0.2656578 0.1347008 0.0066879 0.4133981 0.2750511 0.3568188 0.3042999 0.2750511 
n236_239   0.2796834 0.0995748 0.0996164 0.1034290 0.3713164 0.2798275 0.0994385 0.2558318 0.0995668 0.2894418 0.2647111 0.0000000 0.2414716 0.1033222 0.2557407 0.2749482 0.1226880 0.2550973 0.2742511 0.3888060 0.0957187 0.3555505 0.2941818 0.0957187 
n265_268   0.2896869 0.2466497 0.2467563 0.2421549 0.3514529 0.2898376 0.2512185 0.2657309 0.2466280 0.2995768 0.1308478 0.2414716 0.0000000 0.2467764 0.2656346 0.2848918 0.2378516 0.0271751 0.1308669 0.3798791 0.2467736 0.3353915 0.2943447 0.2467736 
n275_278   0.3150557 0.0446591 0.0446774 0.0411439 0.3778999 0.3152199 0.0168315 0.2802737 0.0446556 0.3253024 0.2750510 0.1033222 0.2467764 0.0000000 0.2801696 0.3100949 0.1388315 0.2605265 0.2847461 0.3901054 0.0134438 0.3450025 0.3302670 0.0134438 
n277_280   0.0735523 0.2802902 0.2707716 0.2706082 0.3779656 0.0735878 0.2847921 0.0100817 0.2802649 0.0809515 0.2749936 0.2557407 0.2656346 0.2801696 0.0000000 0.0699027 0.2899036 0.2796318 0.2846826 0.4013831 0.2801703 0.3617121 0.0846280 0.2801703 
n299_302   0.0033408 0.3001988 0.2904254 0.2951197 0.4061824 0.0033431 0.3148895 0.0662689 0.3001712 0.0100701 0.2944870 0.2749482 0.2848918 0.3100949 0.0699027 0.0000000 0.3100615 0.2944026 0.3044309 0.4305719 0.3100999 0.3894549 0.0134494 0.3100999 
n200_203   0.3150194 0.1388707 0.1389293 0.1429574 0.3836979 0.3151834 0.1386775 0.2900130 0.1388593 0.3150806 0.2656578 0.1226880 0.2378516 0.1388315 0.2899036 0.3100615 0.0000000 0.2514577 0.2752352 0.3960167 0.1347793 0.3514175 0.3302211 0.1347793 
n266_269   0.2992529 0.2652956 0.2654106 0.2607018 0.3670490 0.2994077 0.2650364 0.2797353 0.2652720 0.3092607 0.1347008 0.2550973 0.0271751 0.2605265 0.2796318 0.2944026 0.2514577 0.0000000 0.1347205 0.3960845 0.2605250 0.3455183 0.3039585 0.2605250 
n286_289   0.3093470 0.2800555 0.2705436 0.2803199 0.4067530 0.3095073 0.2893930 0.2847888 0.2800301 0.3194970 0.0066879 0.2742511 0.1308669 0.2847461 0.2846826 0.3044309 0.2752352 0.1347205 0.0000000 0.4250905 0.2847473 0.3676374 0.3143734 0.2847473 
n251_254   0.4363646 0.3955873 0.3903386 0.3961024 0.0518894 0.4365957 0.3953846 0.4015669 0.3956696 0.4425537 0.4133981 0.3888060 0.3798791 0.3901054 0.4013831 0.4305719 0.3960167 0.3960845 0.4250905 0.0000000 0.3901283 0.2861581 0.4480160 0.3901283 
n293_296   0.3150615 0.0376119 0.0376272 0.0341268 0.3779194 0.3152257 0.0100532 0.2802744 0.0376090 0.3253100 0.2750511 0.0957187 0.2467736 0.0134438 0.2801703 0.3100999 0.1347793 0.2605250 0.2847473 0.3901283 0.0000000 0.3504564 0.3302755 0.0066916 
n244_247   0.3949358 0.3616780 0.3511230 0.3619601 0.2807537 0.3951438 0.3505013 0.3618671 0.3561872 0.4063064 0.3568188 0.3555505 0.3353915 0.3450025 0.3617121 0.3894549 0.3514175 0.3455183 0.3676374 0.2861581 0.3504564 0.0000000 0.3948304 0.3559728 
n274_277   0.0168448 0.3201168 0.3100944 0.3097143 0.4112922 0.0168528 0.3351749 0.0809299 0.3200870 0.0236910 0.3042999 0.2941818 0.2943447 0.3302670 0.0846280 0.0134494 0.3302211 0.3039585 0.3143734 0.4480160 0.3302755 0.3948304 0.0000000 0.3302755 
n294_297   0.3150615 0.0376119 0.0376272 0.0341268 0.3779194 0.3152257 0.0100532 0.2802744 0.0376090 0.3253100 0.2750511 0.0957187 0.2467736 0.0134438 0.2801703 0.3100999 0.1347793 0.2605250 0.2847473 0.3901283 0.0066916 0.3559728 0.3302755 0.0000000 
