23
n292_293   0.0000000 0.2949289 0.3052946 0.3110950 0.3544987 0.2686949 0.0033427 0.3106042 0.0203169 0.3662095 0.3157765 0.0667249 0.3108521 0.3781236 0.3058295 0.3004790 0.3004486 0.2796555 0.3441928 0.2687719 0.0742011 0.0134822 0.2854853 
n287_288   0.2949289 0.0000000 0.0067035 0.0203522 0.3662303 0.3258192 0.2897454 0.0272704 0.2946861 0.3903166 0.0668085 0.3004314 0.0203417 0.3602444 0.0238042 0.0100884 0.0134969 0.3591619 0.1890790 0.3153659 0.3057711 0.3002569 0.3716039 
n290_291   0.3052946 0.0067035 0.0000000 0.0272708 0.3777032 0.3366178 0.3000344 0.0342585 0.3050423 0.4021969 0.0742272 0.3108839 0.0272567 0.3716192 0.0307576 0.0168963 0.0203449 0.3645249 0.1979820 0.3260151 0.3163040 0.3107059 0.3770624 
n294_295   0.3110950 0.0203522 0.0272708 0.0000000 0.3779855 0.3262122 0.3057838 0.0135018 0.3108368 0.3962606 0.0742587 0.3167397 0.0067148 0.3544676 0.0101024 0.0203550 0.0203530 0.3596047 0.1934188 0.3157437 0.3222137 0.3165597 0.3720672 
n251_252   0.3544987 0.3662303 0.3777032 0.3779855 0.0000000 0.3361193 0.3488495 0.3720510 0.3541989 0.0305521 0.3832218 0.3491360 0.3836466 0.3030571 0.3836726 0.3668925 0.3668539 0.4050385 0.3949945 0.3471007 0.3493692 0.3662632 0.4122365 
n286_287   0.2686949 0.3258192 0.3366178 0.3262122 0.3361193 0.0000000 0.2688261 0.3315239 0.2785666 0.3532145 0.3361956 0.2688176 0.3259515 0.3430017 0.3262509 0.3258191 0.3257858 0.1162597 0.3520981 0.0100707 0.2741326 0.2842289 0.1164386 
n300_301   0.0033427 0.2897454 0.3000344 0.3057838 0.3488495 0.2688261 0.0000000 0.3053017 0.0168875 0.3604621 0.3104415 0.0630422 0.3055469 0.3722692 0.3005588 0.2952503 0.2952205 0.2745843 0.3386224 0.2689032 0.0704749 0.0100860 0.2803613 
n275_276   0.3106042 0.0272704 0.0342585 0.0135018 0.3720510 0.3315239 0.3053017 0.0000000 0.3103458 0.3901675 0.0817608 0.3162384 0.0134949 0.3658414 0.0169195 0.0272741 0.0272715 0.3651695 0.2023861 0.3209821 0.3217021 0.3160587 0.3777405 
n274_275   0.0203169 0.2946861 0.3050423 0.3108368 0.3541989 0.2785666 0.0168875 0.3103458 0.0000000 0.3601673 0.3101324 0.0629831 0.3105943 0.3721384 0.3160942 0.3002309 0.3002005 0.2844237 0.3387031 0.2786470 0.0704086 0.0272483 0.2902972 
n255_256   0.3662095 0.3903166 0.4021969 0.3962606 0.0305521 0.3532145 0.3604621 0.3901675 0.3601673 0.0000000 0.3890385 0.3724942 0.4020645 0.2869455 0.4020922 0.3848888 0.3848479 0.4239489 0.4070493 0.3644718 0.3727512 0.3781882 0.4313822 
n236_237   0.3157765 0.0668085 0.0742272 0.0742587 0.3832218 0.3361956 0.3104415 0.0817608 0.3101324 0.3890385 0.0000000 0.3103216 0.0742175 0.3591496 0.0780021 0.0668168 0.0668104 0.3533584 0.1935493 0.3256172 0.3157254 0.3212659 0.3712793 
n278_279   0.0667249 0.3004314 0.3108839 0.3167397 0.3491360 0.2688176 0.0630422 0.3162384 0.0629831 0.3724942 0.3103216 0.0000000 0.3164902 0.3838330 0.3220448 0.3060329 0.3060019 0.2738236 0.3557787 0.2736400 0.0134973 0.0742058 0.2795777 
n297_298   0.3108521 0.0203417 0.0272567 0.0067148 0.3836466 0.3259515 0.3055469 0.0134949 0.3105943 0.4020645 0.0742175 0.3164902 0.0000000 0.3599518 0.0100973 0.0203445 0.0203426 0.3593040 0.1932917 0.3154951 0.3219577 0.3163104 0.3717496 
n244_245   0.3781236 0.3602444 0.3716192 0.3544676 0.3030571 0.3430017 0.3722692 0.3658414 0.3721384 0.2869455 0.3591496 0.3838330 0.3599518 0.0000000 0.3546047 0.3602360 0.3601984 0.4070354 0.3937383 0.3432003 0.3896088 0.3903361 0.4142924 
n293_294   0.3058295 0.0238042 0.0307576 0.0101024 0.3836726 0.3262509 0.3005588 0.0169195 0.3160942 0.4020922 0.0780021 0.3220448 0.0100973 0.3546047 0.0000000 0.0238074 0.0238051 0.3596452 0.1978781 0.3157818 0.3275593 0.3112508 0.3721083 
n296_297   0.3004790 0.0100884 0.0168963 0.0203550 0.3668925 0.3258191 0.2952503 0.0272741 0.3002309 0.3848888 0.0668168 0.3060329 0.0203445 0.3602360 0.0238074 0.0000000 0.0067189 0.3591539 0.1890933 0.3153679 0.3114194 0.3058564 0.3715924 
n295_296   0.3004486 0.0134969 0.0203449 0.0203530 0.3668539 0.3257858 0.2952205 0.0272715 0.3002005 0.3848479 0.0668104 0.3060019 0.0203426 0.3601984 0.0238051 0.0067189 0.0000000 0.3591166 0.1890748 0.3153359 0.3113878 0.3058253 0.3715534 
n266_267   0.2796555 0.3591619 0.3645249 0.3596047 0.4050385 0.1162597 0.2745843 0.3651695 0.2844237 0.4239489 0.3533584 0.2738236 0.3593040 0.4070354 0.3596452 0.3591539 0.3591166 0.0000000 0.3991876 0.1162889 0.2789408 0.2901577 0.0168964 
n200_201   0.3441928 0.1890790 0.1979820 0.1934188 0.3949945 0.3520981 0.3386224 0.2023861 0.3387031 0.4070493 0.1935493 0.3557787 0.1932917 0.3937383 0.1978781 0.1890933 0.1890748 0.3991876 0.0000000 0.3413143 0.3613358 0.3501257 0.3937084 
n285_286   0.2687719 0.3153659 0.3260151 0.3157437 0.3471007 0.0100707 0.2689032 0.3209821 0.2786470 0.3644718 0.3256172 0.2736400 0.3154951 0.3432003 0.3157818 0.3153679 0.3153359 0.1162889 0.3413143 0.0000000 0.2789939 0.2843115 0.1164679 
n277_278   0.0742011 0.3057711 0.3163040 0.3222137 0.3493692 0.2741326 0.0704749 0.3217021 0.0704086 0.3727512 0.3157254 0.0134973 0.3219577 0.3896088 0.3275593 0.3114194 0.3113878 0.2789408 0.3613358 0.2789939 0.0000000 0.0817763 0.2847485 
n280_281   0.0134822 0.3002569 0.3107059 0.3165597 0.3662632 0.2842289 0.0100860 0.3160587 0.0272483 0.3781882 0.3212659 0.0742058 0.3163104 0.3903361 0.3112508 0.3058564 0.3058253 0.2901577 0.3501257 0.2843115 0.0817763 0.0000000 0.2853550 
n265_266   0.2854853 0.3716039 0.3770624 0.3720672 0.4122365 0.1164386 0.2803613 0.3777405 0.2902972 0.4313822 0.3712793 0.2795777 0.3717496 0.4142924 0.3721083 0.3715924 0.3715534 0.0168964 0.3937084 0.1164679 0.2847485 0.2853550 0.0000000 
