26
n299_300   0.0000000 0.0134686 8.9999981 4.4028478 2.7471220 0.4949124 2.8902225 2.1105158 0.1221082 8.9999989 4.1508864 4.4188536 0.0449395 0.5209073 4.7535479 4.2885184 1.6274905 1.6861764 5.9931518 2.3665924 4.5232585 4.6514756 2.1386411 2.6295674 0.0557678 3.7694160 
n300_301   0.0134686 0.0000000 6.6832475 4.3208443 2.7545217 0.4883269 2.8131775 2.0204979 0.1099068 7.8859546 3.7907196 3.9895954 0.0450408 0.5214776 4.4518891 4.0594906 1.6379974 1.6974141 5.3993793 2.5494257 4.0746070 4.1758955 2.1272425 2.5709268 0.0558946 3.3598115 
n290_291   8.9999981 6.6832475 0.0000000 2.7307394 2.8962056 2.8330809 1.1896535 0.7212734 3.3259095 0.0560168 0.1345648 0.3498012 6.0045286 2.7815180 0.2985693 0.3097473 2.2553830 2.2737640 0.0451600 4.0998209 0.3399042 0.1389532 2.1095086 2.2648722 6.1898846 0.3170549 
n244_245   4.4028478 4.3208443 2.7307394 0.0000000 4.7471874 5.0303660 2.4388968 4.9943950 3.8256407 2.7589805 2.4205337 4.1060454 4.7362662 4.0306324 3.6999405 3.8853893 4.9468786 4.7000684 2.7336883 4.5546699 4.2868160 2.3006043 3.1891978 3.1437099 4.4191658 4.0684571 
n255_256   2.7471220 2.7545217 2.8962056 4.7471874 0.0000000 3.6133503 3.1752159 3.0544862 3.1896254 3.3481623 3.5741029 3.0895109 2.8974060 3.6096781 2.5041586 2.5694880 3.3436462 3.4515104 2.9215027 0.2790104 3.2077753 3.5896440 6.0751615 6.4806662 3.2635259 2.9340523 
n277_278   0.4949124 0.4883269 2.8330809 5.0303660 3.6133503 0.0000000 2.3652942 3.3199514 0.5119455 3.0745786 2.3821145 3.1300542 0.5118179 0.0826538 4.3238158 4.7212579 2.1852473 2.2014657 2.6583856 2.9293214 3.6108428 2.3774780 2.8640149 2.8372911 0.4724129 3.3747523 
n200_201   2.8902225 2.8131775 1.1896535 2.4388968 3.1752159 2.3652942 0.0000000 1.1600328 2.8746108 1.1847486 0.9682722 1.1874060 3.0250530 2.3879385 1.2147905 1.2737462 2.3511267 2.5019943 1.1361815 2.6073060 1.2958259 0.9803604 2.5900842 2.2696922 2.9499864 1.2992095 
n236_237   2.1105158 2.0204979 0.7212734 4.9943950 3.0544862 3.3199514 1.1600328 0.0000000 2.0436492 0.7327782 0.6345828 0.7915978 2.0273011 3.1404182 0.7430325 0.7761217 1.9994340 2.0870308 0.7546082 2.8147312 0.7958897 0.6622229 2.1311097 2.5801262 2.2527465 0.8073973 
n274_275   0.1221082 0.1099068 3.3259095 3.8256407 3.1896254 0.5119455 2.8746108 2.0436492 0.0000000 3.6056553 2.5801093 2.8006447 0.1391873 0.5386843 3.1571930 2.9784433 1.7969142 1.8244963 3.0887543 2.5280080 2.8833498 2.7337471 1.9684480 2.1147867 0.1140312 2.6612501 
n289_290   8.9999989 7.8859546 0.0560168 2.7589805 3.3481623 3.0745786 1.1847486 0.7327782 3.6056553 0.0000000 0.1435118 0.3749171 6.8329932 2.9943830 0.3160273 0.3275413 2.2913542 2.2658949 0.0598156 4.7642141 0.3647125 0.1522636 2.0934126 2.2470730 6.4319050 0.3409681 
n296_297   4.1508864 3.7907196 0.1345648 2.4205337 3.5741029 2.3821145 0.9682722 0.6345828 2.5801093 0.1435118 0.0000000 0.3256168 3.6507152 2.2897468 0.2878271 0.2936313 2.1735819 2.0602051 0.1348315 3.9789279 0.3214333 0.0309242 1.9875024 2.0647101 3.5677750 0.2992611 
n275_276   4.4188536 3.9895954 0.3498012 4.1060454 3.0895109 3.1300542 1.1874060 0.7915978 2.8006447 0.3749171 0.3256168 0.0000000 3.8474753 3.3778364 0.1427988 0.1603223 2.4961228 2.2721556 0.3507339 2.8352874 0.1260388 0.3438820 2.4686160 2.5609117 3.5235649 0.1301198 
n292_293   0.0449395 0.0450408 6.0045286 4.7362662 2.8974060 0.5118179 3.0250530 2.0273011 0.1391873 6.8329932 3.6507152 3.8474753 0.0000000 0.5540622 4.2641330 3.9099182 1.6777104 1.7009521 5.0477210 2.6712776 4.1664709 3.9984875 2.4105715 2.7531102 0.0820085 3.6574505 
n278_279   0.5209073 0.5214776 2.7815180 4.0306324 3.6096781 0.0826538 2.3879385 3.1404182 0.5386843 2.9943830 2.2897468 3.3778364 0.5540622 0.0000000 4.4550202 4.8870781 2.0831682 2.0984145 2.6829294 2.9051765 3.8406469 2.3474420 2.7121025 2.8482037 0.5270937 3.5717752 
n298_299   4.7535479 4.4518891 0.2985693 3.6999405 2.5041586 4.3238158 1.2147905 0.7430325 3.1571930 0.3160273 0.2878271 0.1427988 4.2641330 4.4550202 0.0000000 0.0273357 2.4554902 2.2865230 0.2939639 2.5515192 0.1303960 0.2997399 2.0906802 2.2872106 3.9832835 0.1263531 
n297_298   4.2885184 4.0594906 0.3097473 3.8853893 2.5694880 4.7212579 1.2737462 0.7761217 2.9784433 0.3275413 0.2936313 0.1603223 3.9099182 4.8870781 0.0273357 0.0000000 2.4494089 2.2813224 0.3050811 2.7706613 0.1433897 0.3109709 2.1072268 2.3073725 3.6839886 0.1392607 
n286_287   1.6274905 1.6379974 2.2553830 4.9468786 3.3436462 2.1852473 2.3511267 1.9994340 1.7969142 2.2913542 2.1735819 2.4961228 1.6777104 2.0831682 2.4554902 2.4494089 0.0000000 0.0449619 2.3074470 2.9939286 2.4465762 2.2591684 0.8566195 0.8643559 1.6622775 2.3942051 
n285_286   1.6861764 1.6974141 2.2737640 4.7000684 3.4515104 2.2014657 2.5019943 2.0870308 1.8244963 2.2658949 2.0602051 2.2721556 1.7009521 2.0984145 2.2865230 2.2813224 0.0449619 0.0000000 2.2816386 2.8090920 2.2040975 2.1375260 0.8311499 0.8199639 1.6600599 2.2067166 
n287_288   5.9931518 5.3993793 0.0451600 2.7336883 2.9215027 2.6583856 1.1361815 0.7546082 3.0887543 0.0598156 0.1348315 0.3507339 5.0477210 2.6829294 0.2939639 0.3050811 2.3074470 2.2816386 0.0000000 4.7436741 0.3397825 0.1392295 2.0751840 2.1256168 5.3213504 0.3169491 
n251_252   2.3665924 2.5494257 4.0998209 4.5546699 0.2790104 2.9293214 2.6073060 2.8147312 2.5280080 4.7642141 3.9789279 2.8352874 2.6712776 2.9051765 2.5515192 2.7706613 2.9939286 2.8090920 4.7436741 0.0000000 2.6972635 4.6186071 4.0270456 4.2118311 2.2979588 2.5670146 
n294_295   4.5232585 4.0746070 0.3399042 4.2868160 3.2077753 3.6108428 1.2958259 0.7958897 2.8833498 0.3647125 0.3214333 0.1260388 4.1664709 3.8406469 0.1303960 0.1433897 2.4465762 2.2040975 0.3397825 2.6972635 0.0000000 0.3386329 2.1825715 2.1428115 3.9273809 0.0343659 
n295_296   4.6514756 4.1758955 0.1389532 2.3006043 3.5896440 2.3774780 0.9803604 0.6622229 2.7337471 0.1522636 0.0309242 0.3438820 3.9984875 2.3474420 0.2997399 0.3109709 2.2591684 2.1375260 0.1392295 4.6186071 0.3386329 0.0000000 1.9971636 2.0329902 3.8987092 0.3158893 
n266_267   2.1386411 2.1272425 2.1095086 3.1891978 6.0751615 2.8640149 2.5900842 2.1311097 1.9684480 2.0934126 1.9875024 2.4686160 2.4105715 2.7121025 2.0906802 2.1072268 0.8566195 0.8311499 2.0751840 4.0270456 2.1825715 1.9971636 0.0000000 0.1374704 2.1986383 2.1464044 
n265_266   2.6295674 2.5709268 2.2648722 3.1437099 6.4806662 2.8372911 2.2696922 2.5801262 2.1147867 2.2470730 2.0647101 2.5609117 2.7531102 2.8482037 2.2872106 2.3073725 0.8643559 0.8199639 2.1256168 4.2118311 2.1428115 2.0329902 0.1374704 0.0000000 2.5972778 2.2656446 
n280_281   0.0557678 0.0558946 6.1898846 4.4191658 3.2635259 0.4724129 2.9499864 2.2527465 0.1140312 6.4319050 3.5677750 3.5235649 0.0820085 0.5270937 3.9832835 3.6839886 1.6622775 1.6600599 5.3213504 2.2979588 3.9273809 3.8987092 2.1986383 2.5972778 0.0000000 3.6396181 
n293_294   3.7694160 3.3598115 0.3170549 4.0684571 2.9340523 3.3747523 1.2992095 0.8073973 2.6612501 0.3409681 0.2992611 0.1301198 3.6574505 3.5717752 0.1263531 0.1392607 2.3942051 2.2067166 0.3169491 2.5670146 0.0343659 0.3158893 2.1464044 2.2656446 3.6396181 0.0000000 
