23
n292_293   0.0000000 0.2978608 0.2925318 0.2923719 0.4516271 0.2683910 0.0033276 0.2928211 0.0134126 0.2874984 0.4447826 0.3375350 0.0698454 0.2924432 0.2974037 0.4010091 0.3076567 0.3023843 0.2589773 0.3176208 0.0589486 0.0134058 0.2690077 
n287_288   0.2978608 0.0000000 0.0066965 0.0448041 0.4485678 0.2834928 0.2931284 0.0448383 0.2981051 0.0100647 0.4355734 0.0847591 0.2671929 0.0447789 0.0483371 0.3586085 0.0306487 0.0271650 0.2738882 0.1191487 0.2628748 0.2979089 0.2841586 
n290_291   0.2925318 0.0066965 0.0000000 0.0377094 0.4418812 0.2782767 0.2878335 0.0377382 0.2927710 0.0033377 0.4290243 0.0772651 0.2673293 0.0376883 0.0412107 0.3527933 0.0237131 0.0202675 0.2687417 0.1191778 0.2578343 0.2925795 0.2789246 
n294_295   0.2923719 0.0448041 0.0377094 0.0000000 0.4428971 0.2785438 0.2876783 0.0134942 0.2877453 0.0412169 0.4299998 0.0662983 0.2671941 0.0168888 0.0203129 0.3475369 0.0412468 0.0376997 0.2689988 0.1076104 0.2577075 0.2924196 0.2791930 
n251_252   0.4516271 0.4485678 0.4418812 0.4428971 0.0000000 0.4533434 0.4576911 0.4501085 0.4637993 0.4357016 0.0272071 0.4987963 0.4446325 0.4427654 0.4432254 0.3209602 0.4604663 0.4538886 0.4299347 0.4986154 0.4208841 0.4456365 0.4365093 
n286_287   0.2683910 0.2834928 0.2782767 0.2785438 0.4533434 0.0000000 0.2638229 0.2691053 0.2686083 0.2733391 0.4403223 0.3278070 0.2443270 0.2833583 0.2882676 0.3855361 0.2884805 0.2833453 0.1161890 0.3084470 0.2301699 0.2684368 0.1242797 
n300_301   0.0033276 0.2931284 0.2878335 0.2876783 0.4576911 0.2638229 0.0000000 0.2881193 0.0100439 0.2828289 0.4507877 0.3325967 0.0662423 0.2877481 0.2926821 0.3957171 0.3028744 0.2976344 0.2544555 0.3127875 0.0553897 0.0100388 0.2644269 
n275_276   0.2928211 0.0448383 0.0377382 0.0134942 0.4501085 0.2691053 0.2881193 0.0000000 0.2930606 0.0412484 0.4370582 0.0663494 0.2675977 0.0169016 0.0203283 0.3537014 0.0412782 0.0377284 0.2596625 0.1076958 0.2580947 0.2928689 0.2697242 
n274_275   0.0134126 0.2981051 0.2927710 0.2877453 0.4637993 0.2686083 0.0100439 0.2930606 0.0000000 0.2877330 0.4568362 0.3378149 0.0698964 0.2926821 0.2976472 0.4013467 0.3079098 0.3026323 0.2638827 0.3178827 0.0589914 0.0134153 0.2739896 
n289_290   0.2874984 0.0100647 0.0033377 0.0412169 0.4357016 0.2733391 0.2828289 0.0412484 0.2877330 0.0000000 0.4229605 0.0809407 0.2624799 0.0411937 0.0447313 0.3473493 0.0271523 0.0236899 0.2638631 0.1230512 0.2530480 0.2875458 0.2739707 
n255_256   0.4447826 0.4355734 0.4290243 0.4299998 0.0272071 0.4403223 0.4507877 0.4370582 0.4568362 0.4229605 0.0000000 0.4848578 0.4378695 0.4363391 0.4367904 0.2949034 0.4472615 0.4408165 0.4173100 0.4916794 0.4143566 0.4388530 0.4174217 
n236_237   0.3375350 0.0847591 0.0772651 0.0662983 0.4987963 0.3278070 0.3325967 0.0663494 0.3378149 0.0809407 0.4848578 0.0000000 0.3107657 0.0699364 0.0736105 0.4018531 0.0809990 0.0772433 0.3125450 0.1268285 0.3007348 0.3375842 0.3233748 
n278_279   0.0698454 0.2671929 0.2673293 0.2671941 0.4446325 0.2443270 0.0662423 0.2675977 0.0698964 0.2624799 0.4378695 0.3107657 0.0000000 0.2719177 0.2767333 0.4068660 0.2819116 0.2768451 0.2351020 0.2915666 0.0168558 0.0698593 0.2447678 
n297_298   0.2924432 0.0447789 0.0376883 0.0168888 0.4427654 0.2833583 0.2877481 0.0169016 0.2926821 0.0411937 0.4363391 0.0699364 0.2719177 0.0000000 0.0033448 0.3531456 0.0412236 0.0376785 0.2737597 0.1036365 0.2577679 0.2924909 0.2840234 
n298_299   0.2974037 0.0483371 0.0412107 0.0203129 0.4432254 0.2882676 0.2926821 0.0203283 0.2976472 0.0447313 0.4367904 0.0736105 0.2767333 0.0033448 0.0000000 0.3534921 0.0447637 0.0411999 0.2786136 0.1074776 0.2624972 0.2974517 0.2889490 
n244_245   0.4010091 0.3586085 0.3527933 0.3475369 0.3209602 0.3855361 0.3957171 0.3537014 0.4013467 0.3473493 0.2949034 0.4018531 0.4068660 0.3531456 0.3534921 0.0000000 0.3809159 0.3750701 0.3752513 0.3978102 0.3838057 0.3897857 0.3810847 
n296_297   0.3076567 0.0306487 0.0237131 0.0412468 0.4604663 0.2884805 0.3028744 0.0412782 0.3079098 0.0271523 0.4472615 0.0809990 0.2819116 0.0412236 0.0447637 0.3809159 0.0000000 0.0033408 0.2788165 0.1231393 0.2722304 0.3077053 0.2891632 
n295_296   0.3023843 0.0271650 0.0202675 0.0376997 0.4538886 0.2833453 0.2976344 0.0377284 0.3026323 0.0236899 0.4408165 0.0772433 0.2768451 0.0376785 0.0411999 0.3750701 0.0033408 0.0000000 0.2737469 0.1191409 0.2672348 0.3024326 0.2840103 
n266_267   0.2589773 0.2738882 0.2687417 0.2689988 0.4299347 0.1161890 0.2544555 0.2596625 0.2638827 0.2638631 0.4173100 0.3125450 0.2351020 0.2737597 0.2786136 0.3752513 0.2788165 0.2737469 0.0000000 0.3032460 0.2256755 0.2637149 0.0067416 
n200_201   0.3176208 0.1191487 0.1191778 0.1076104 0.4986154 0.3084470 0.3127875 0.1076958 0.3178827 0.1230512 0.4916794 0.1268285 0.2915666 0.1036365 0.1074776 0.3978102 0.1231393 0.1191409 0.3032460 0.0000000 0.2817675 0.3176697 0.3139524 
n277_278   0.0589486 0.2628748 0.2578343 0.2577075 0.4208841 0.2301699 0.0553897 0.2580947 0.0589914 0.2530480 0.4143566 0.3007348 0.0168558 0.2577679 0.2624972 0.3838057 0.2722304 0.2672348 0.2256755 0.2817675 0.0000000 0.0589603 0.2351975 
n280_281   0.0134058 0.2979089 0.2925795 0.2924196 0.4456365 0.2684368 0.0100388 0.2928689 0.0134153 0.2875458 0.4388530 0.3375842 0.0698593 0.2924909 0.2974517 0.3897857 0.3077053 0.3024326 0.2637149 0.3176697 0.0589603 0.0000000 0.2688420 
n265_266   0.2690077 0.2841586 0.2789246 0.2791930 0.4365093 0.1242797 0.2644269 0.2697242 0.2739896 0.2739707 0.4174217 0.3233748 0.2447678 0.2840234 0.2889490 0.3810847 0.2891632 0.2840103 0.0067416 0.3139524 0.2351975 0.2688420 0.0000000 
