26
n244_243   0.0000000 3.8842841 4.1724597 4.8584474 2.4209452 3.9737239 3.6154783 7.4334063 2.4064256 3.7355674 2.6602022 2.6206211 3.4558061 2.4349759 2.7011492 5.2802642 3.9052666 5.1414368 4.6630079 4.1831361 2.7909810 9.0000000 2.3380514 3.6762109 2.4206446 2.4935779 
n299_300   3.8842841 0.0000000 0.1369817 1.8820878 1.9909067 0.4158156 0.0306739 1.4485589 2.0210107 0.4223691 1.9899089 1.8588452 2.5566380 1.8982304 2.0576476 1.4771365 2.4465921 2.1986058 1.8110357 0.0411671 1.9380602 2.2142051 1.7846309 0.1121930 1.8619006 2.0422416 
n274_273   4.1724597 0.1369817 0.0000000 2.3541979 2.0685225 0.4266120 0.1416981 1.4389437 2.1014323 0.4272979 2.1034855 2.0690439 2.0205047 2.0080703 2.1083522 1.5435575 2.1805627 2.7832017 1.7860277 0.1249841 2.1009695 2.4066823 1.9552473 0.1324885 1.9590042 2.0470260 
n286_285   4.8584474 1.8820878 2.3541979 0.0000000 2.4148155 1.8085833 1.9331890 0.9233750 2.3862723 1.8356131 2.7770662 2.8004679 0.8629190 2.8117484 2.7552265 0.9972443 0.8076242 0.0485256 2.3927249 1.9598929 2.7040336 2.4475652 2.8038437 1.9850713 2.3365306 2.9381186 
n298_299   2.4209452 1.9909067 2.0685225 2.4148155 0.0000000 2.0702269 1.9498630 1.7571916 0.0168837 1.9592358 0.3299041 0.3242810 2.0915500 0.3292062 0.1206212 2.2115637 2.2771826 2.4246176 1.2369468 1.8446854 0.1493589 0.8355024 0.3172754 1.9765926 0.1494947 0.3191120 
n277_276   3.9737239 0.4158156 0.4266120 1.8085833 2.0702269 0.0000000 0.4412683 1.3915468 2.1033980 0.1005943 2.0798654 2.1048894 1.6958419 2.0263511 2.1573609 1.7447265 1.9096499 2.1938442 1.6691593 0.4354612 2.0976967 2.8808773 2.0310571 0.4394661 1.9662470 1.9462392 
n300_301   3.6154783 0.0306739 0.1416981 1.9331890 1.9498630 0.4412683 0.0000000 1.4264861 1.9786420 0.4419853 2.0818904 1.9287704 2.5414328 1.9004227 2.0239756 1.5164978 2.5585213 2.2696986 1.8897410 0.0448584 1.9411393 2.3252307 1.7867129 0.1165312 1.8649713 2.0429138 
n265_264   7.4334063 1.4485589 1.4389437 0.9233750 1.7571916 1.3915468 1.4264861 0.0000000 1.7486504 1.4509034 1.8854031 1.8875492 0.9596482 1.7746890 1.8067664 0.2043903 1.0221169 0.9271191 2.3104966 1.4969714 1.9645789 2.0197278 1.7106628 1.4851028 1.9323654 1.8792744 
n297_298   2.4064256 2.0210107 2.1014323 2.3862723 0.0168837 2.1033980 1.9786420 1.7486504 0.0000000 1.9888478 0.3181398 0.3126263 2.1302303 0.3234249 0.1165271 2.2570073 2.2518012 2.3956557 1.2563130 1.9122159 0.1450623 0.8046666 0.3116136 2.0066228 0.1451938 0.3075431 
n278_277   3.7355674 0.4223691 0.4272979 1.8356131 1.9592358 0.1005943 0.4419853 1.4509034 1.9888478 0.0000000 1.9712073 1.9939109 1.6453259 1.8754410 1.9998568 1.7917251 1.8865976 2.1227241 1.6944449 0.4361674 1.8771793 2.9739332 1.7953008 0.4401780 1.8041131 1.9640126 
n290_291   2.6602022 1.9899089 2.1034855 2.7770662 0.3299041 2.0798654 2.0818904 1.8854031 0.3181398 1.9712073 0.0000000 0.0449278 2.6677561 0.1169637 0.2871744 2.4435765 2.7023468 2.5600988 1.2832501 2.0050846 0.3252240 0.7992268 0.1332511 1.9301550 0.3031773 0.0594302 
n289_290   2.6206211 1.8588452 2.0690439 2.8004679 0.3242810 2.1048894 1.9287704 1.8875492 0.3126263 1.9939109 0.0449278 0.0000000 3.0352269 0.1333795 0.3029527 2.6028952 3.0814857 2.5809196 1.3358551 1.8621398 0.3309939 0.8234455 0.1375891 1.9033802 0.3087515 0.0594042 
n286_287   3.4558061 2.5566380 2.0205047 0.8629190 2.0915500 1.6958419 2.5414328 0.9596482 2.1302303 1.6453259 2.6677561 3.0352269 0.0000000 2.5457679 2.2737111 1.1198896 0.0931819 0.8406408 2.6000528 2.4135060 2.3251798 2.5066628 2.6036673 2.0346170 2.0903828 2.6140754 
n296_297   2.4349759 1.8982304 2.0080703 2.8117484 0.3292062 2.0263511 1.9004227 1.7746890 0.3234249 1.8754410 0.1169637 0.1333795 2.5457679 0.0000000 0.3077418 2.3505761 2.9077922 2.6531120 1.2520418 1.8344619 0.3256470 0.7839799 0.0308415 1.8491761 0.3035634 0.1212818 
n275_274   2.7011492 2.0576476 2.1083522 2.7552265 0.1206212 2.1573609 2.0239756 1.8067664 0.1165271 1.9998568 0.2871744 0.3029527 2.2737111 0.3077418 0.0000000 2.2415922 2.5712655 2.5449690 1.1168360 2.0216429 0.1207735 0.7869515 0.2857026 1.9967440 0.1208815 0.2926909 
n266_265   5.2802642 1.4771365 1.5435575 0.9972443 2.2115637 1.7447265 1.5164978 0.2043903 2.2570073 1.7917251 2.4435765 2.6028952 1.1198896 2.3505761 2.2415922 0.0000000 1.1461097 1.0141077 2.1676560 1.5898200 2.5926438 1.9070274 2.1818240 1.5819006 2.4394921 2.9915616 
n285_286   3.9052666 2.4465921 2.1805627 0.8076242 2.2771826 1.9096499 2.5585213 1.0221169 2.2518012 1.8865976 2.7023468 3.0814857 0.0931819 2.9077922 2.5712655 1.1461097 0.0000000 0.7974041 2.4137167 2.4190541 2.4509428 2.2242208 2.9861812 2.1424244 2.2409693 2.7116368 
n285_284   5.1414368 2.1986058 2.7832017 0.0485256 2.4246176 2.1938442 2.2696986 0.9271191 2.3956557 2.1227241 2.5600988 2.5809196 0.8406408 2.6531120 2.5449690 1.0141077 0.7974041 0.0000000 2.8387444 2.3065865 2.7391843 2.5167090 2.6459314 2.2283029 2.2293257 2.6960240 
n200_209   4.6630079 1.8110357 1.7860277 2.3927249 1.2369468 1.6691593 1.8897410 2.3104966 1.2563130 1.6944449 1.2832501 1.3358551 2.6000528 1.2520418 1.1168360 2.1676560 2.4137167 2.8387444 0.0000000 1.8625071 1.3266083 1.2699226 1.3014718 1.7578682 1.2013523 1.2694020 
n292_293   4.1831361 0.0411671 0.1249841 1.9598929 1.8446854 0.4354612 0.0448584 1.4969714 1.9122159 0.4361674 2.0050846 1.8621398 2.4135060 1.8344619 2.0216429 1.5898200 2.4190541 2.3065865 1.8625071 0.0000000 1.9056878 2.2608271 1.7631301 0.1005922 1.8318356 1.9689199 
n294_295   2.7909810 1.9380602 2.1009695 2.7040336 0.1493589 2.0976967 1.9411393 1.9645789 0.1450623 1.8771793 0.3252240 0.3309939 2.3251798 0.3256470 0.1207735 2.5926438 2.4509428 2.7391843 1.3266083 1.9056878 0.0000000 0.7609126 0.3137347 1.8392861 0.0486268 0.3090566 
n236_237   9.0000000 2.2142051 2.4066823 2.4475652 0.8355024 2.8808773 2.3252307 2.0197278 0.8046666 2.9739332 0.7992268 0.8234455 2.5066628 0.7839799 0.7869515 1.9070274 2.2242208 2.5167090 1.2699226 2.2608271 0.7609126 0.0000000 0.7929064 2.4433851 0.7656538 0.8135402 
n295_296   2.3380514 1.7846309 1.9552473 2.8038437 0.3172754 2.0310571 1.7867129 1.7106628 0.3116136 1.7953008 0.1332511 0.1375891 2.6036673 0.0308415 0.2857026 2.1818240 2.9861812 2.6459314 1.3014718 1.7631301 0.3137347 0.7929064 0.0000000 1.7760000 0.2920862 0.1377171 
n280_279   3.6762109 0.1121930 0.1324885 1.9850713 1.9765926 0.4394661 0.1165312 1.4851028 2.0066228 0.4401780 1.9301550 1.9033802 2.0346170 1.8491761 1.9967440 1.5819006 2.1424244 2.2283029 1.7578682 0.1005922 1.8392861 2.4433851 1.7760000 0.0000000 1.6971353 1.8841581 
n293_294   2.4206446 1.8619006 1.9590042 2.3365306 0.1494947 1.9662470 1.8649713 1.9323654 0.1451938 1.8041131 0.3031773 0.3087515 2.0903828 0.3035634 0.1208815 2.4394921 2.2409693 2.2293257 1.2013523 1.8318356 0.0486268 0.7656538 0.2920862 1.6971353 0.0000000 0.2825747 
n287_288   2.4935779 2.0422416 2.0470260 2.9381186 0.3191120 1.9462392 2.0429138 1.8792744 0.3075431 1.9640126 0.0594302 0.0594042 2.6140754 0.1212818 0.2926909 2.9915616 2.7116368 2.6960240 1.2694020 1.9689199 0.3090566 0.8135402 0.1377171 1.8841581 0.2825747 0.0000000 
