24
n292_293   0.0000000 0.2682947 0.2591046 0.2736197 0.4250120 0.2161655 0.0067273 0.2634448 0.0169597 0.2639094 0.3764312 0.2393383 0.0487759 0.2583378 0.3819699 0.2586286 0.2735137 0.2684548 0.2491034 0.2949708 0.2067208 0.0415206 0.0135286 0.2394402 
n287_288   0.2682947 0.0000000 0.0100372 0.0628437 0.4184907 0.2591096 0.2783554 0.0519344 0.2939296 0.0066755 0.3879023 0.1086335 0.2946733 0.0483144 0.3794556 0.0519344 0.0202502 0.0271076 0.2830382 0.1833215 0.2540760 0.2888576 0.2838519 0.2826239 
n290_291   0.2591046 0.0100372 0.0000000 0.0665784 0.4251637 0.2643310 0.2690532 0.0555985 0.2844444 0.0033311 0.3942733 0.1126862 0.2851609 0.0519521 0.3857135 0.0555985 0.0237083 0.0306038 0.2884451 0.1792475 0.2592531 0.2794283 0.2744761 0.2880219 
n294_295   0.2736197 0.0628437 0.0665784 0.0000000 0.4113855 0.2538688 0.2837694 0.0237231 0.2888454 0.0629131 0.3813545 0.1088402 0.2946093 0.0271816 0.3793197 0.0100632 0.0629148 0.0665312 0.2829793 0.1795027 0.2488801 0.2887946 0.2837897 0.2875248 
n251_252   0.4250120 0.4184907 0.4251637 0.4113855 0.0000000 0.3949444 0.4376027 0.4058364 0.4436424 0.4190642 0.0447092 0.3757949 0.4275070 0.3995069 0.2606654 0.3997768 0.4124621 0.4127690 0.4166357 0.4374943 0.3768222 0.4262828 0.4187701 0.4100833 
n286_287   0.2161655 0.2591096 0.2643310 0.2538688 0.3949444 0.0000000 0.2255136 0.2439885 0.2300699 0.2594343 0.3480924 0.2592519 0.2256718 0.2390323 0.3529123 0.2392979 0.2496295 0.2493475 0.1291551 0.3213285 0.0135189 0.2254181 0.2208275 0.1331289 
n300_301   0.0067273 0.2783554 0.2690532 0.2837694 0.4376027 0.2255136 0.0000000 0.2734396 0.0238718 0.2739231 0.3881861 0.2489944 0.0560539 0.2682533 0.3938078 0.2685574 0.2836571 0.2785213 0.2589044 0.3054619 0.2159300 0.0487076 0.0204010 0.2491034 
n275_276   0.2634448 0.0519344 0.0555985 0.0237231 0.4058364 0.2439885 0.2734396 0.0000000 0.2833849 0.0519920 0.3757971 0.0970978 0.2840963 0.0168530 0.3675413 0.0134483 0.0519935 0.0555594 0.2726837 0.1706073 0.2390777 0.2783900 0.2734586 0.2771726 
n274_275   0.0169597 0.2939296 0.2844444 0.2888454 0.4436424 0.2300699 0.0238718 0.2833849 0.0000000 0.2894202 0.3938405 0.2639129 0.0559676 0.2781213 0.3937178 0.2784386 0.2993651 0.2941045 0.2636658 0.3110873 0.2204231 0.0522950 0.0238487 0.2538021 
n289_290   0.2639094 0.0066755 0.0033311 0.0629131 0.4190642 0.2594343 0.2739231 0.0519920 0.2894202 0.0000000 0.3884248 0.1087572 0.2901513 0.0483669 0.3799626 0.0519920 0.0202715 0.0271368 0.2833967 0.1835399 0.2543932 0.2843715 0.2793880 0.2829814 
n255_256   0.3764312 0.3879023 0.3942733 0.3813545 0.0447092 0.3480924 0.3881861 0.3757971 0.3938405 0.3884248 0.0000000 0.3470063 0.3785614 0.3697448 0.2322710 0.3701940 0.3821236 0.3824064 0.3743523 0.4002435 0.3311689 0.3775168 0.3706061 0.3682026 
n236_237   0.2393383 0.1086335 0.1126862 0.1088402 0.3757949 0.2592519 0.2489944 0.0970978 0.2639129 0.1087572 0.3470063 0.0000000 0.2749637 0.0931812 0.3615788 0.0970978 0.1087599 0.1126027 0.2833798 0.1656121 0.2443846 0.2693311 0.2493381 0.2879324 
n278_279   0.0487759 0.2946733 0.2851609 0.2946093 0.4275070 0.2256718 0.0560539 0.2840963 0.0559676 0.2901513 0.3785614 0.2749637 0.0000000 0.2788166 0.4060109 0.2791354 0.3001257 0.2948488 0.2638377 0.3012255 0.2160793 0.0204595 0.0524043 0.2539662 
n297_298   0.2583378 0.0483144 0.0519521 0.0271816 0.3995069 0.2390323 0.2682533 0.0168530 0.2781213 0.0483669 0.3697448 0.0931812 0.2788166 0.0000000 0.3670587 0.0168530 0.0483682 0.0519160 0.2675146 0.1578660 0.2341613 0.2731655 0.2682716 0.2719745 
n244_245   0.3819699 0.3794556 0.3857135 0.3793197 0.2606654 0.3529123 0.3938078 0.3675413 0.3937178 0.3799626 0.2322710 0.3615788 0.4060109 0.3670587 0.0000000 0.3731119 0.3793962 0.3742168 0.3864790 0.4282674 0.3419112 0.3932185 0.3819699 0.3802134 
n293_294   0.2586286 0.0519344 0.0555985 0.0100632 0.3997768 0.2392979 0.2685574 0.0134483 0.2784386 0.0519920 0.3701940 0.0970978 0.2791354 0.0168530 0.3731119 0.0000000 0.0519935 0.0555594 0.2678170 0.1706073 0.2344205 0.2734761 0.2685757 0.2722825 
n296_297   0.2735137 0.0202502 0.0237083 0.0629148 0.4124621 0.2496295 0.2836571 0.0519935 0.2993651 0.0202715 0.3821236 0.1087599 0.3001257 0.0483682 0.3793962 0.0519935 0.0000000 0.0134326 0.2736602 0.1835432 0.2497361 0.2942515 0.2892060 0.2781663 
n295_296   0.2684548 0.0271076 0.0306038 0.0665312 0.4127690 0.2493475 0.2785213 0.0555594 0.2941045 0.0271368 0.3824064 0.1126027 0.2948488 0.0519160 0.3742168 0.0555594 0.0134326 0.0000000 0.2733451 0.1747024 0.2494539 0.2890295 0.2840211 0.2778452 
n266_267   0.2491034 0.2830382 0.2884451 0.2829793 0.4166357 0.1291551 0.2589044 0.2726837 0.2636658 0.2833967 0.3743523 0.2833798 0.2638377 0.2675146 0.3864790 0.2678170 0.2736602 0.2733451 0.0000000 0.3363143 0.1209325 0.2535394 0.2539927 0.0134433 
n200_201   0.2949708 0.1833215 0.1792475 0.1795027 0.4374943 0.3213285 0.3054619 0.1706073 0.3110873 0.1835399 0.4002435 0.1656121 0.3012255 0.1578660 0.4282674 0.1706073 0.1835432 0.1747024 0.3363143 0.0000000 0.3050257 0.3058734 0.3059063 0.3411577 
n285_286   0.2067208 0.2540760 0.2592531 0.2488801 0.3768222 0.0135189 0.2159300 0.2390777 0.2204231 0.2543932 0.3311689 0.2443846 0.2160793 0.2341613 0.3419112 0.2344205 0.2497361 0.2494539 0.1209325 0.3050257 0.0000000 0.2158384 0.2113132 0.1248599 
n277_278   0.0415206 0.2888576 0.2794283 0.2887946 0.4262828 0.2254181 0.0487076 0.2783900 0.0522950 0.2843715 0.3775168 0.2693311 0.0204595 0.2731655 0.3932185 0.2734761 0.2942515 0.2890295 0.2535394 0.3058734 0.2158384 0.0000000 0.0451038 0.2438274 
n280_281   0.0135286 0.2838519 0.2744761 0.2837897 0.4187701 0.2208275 0.0204010 0.2734586 0.0238487 0.2793880 0.3706061 0.2493381 0.0524043 0.2682716 0.3819699 0.2685757 0.2892060 0.2840211 0.2539927 0.3059063 0.2113132 0.0451038 0.0000000 0.2442602 
n265_266   0.2394402 0.2826239 0.2880219 0.2875248 0.4100833 0.1331289 0.2491034 0.2771726 0.2538021 0.2829814 0.3682026 0.2879324 0.2539662 0.2719745 0.3802134 0.2722825 0.2781663 0.2778452 0.0134433 0.3411577 0.1248599 0.2438274 0.2442602 0.0000000 
