32
n300_339   0.0000000 0.2138587 0.0237898 0.2180392 0.1957722 0.1570986 0.2605825 0.1614406 0.1698943 0.2139781 0.2312957 0.2047136 0.2561000 0.2132048 0.0555818 0.1486311 0.2136776 0.2562095 0.0033469 0.3362570 0.2362564 0.0033465 0.3467818 0.0134774 0.0519352 0.2509767 0.2318899 0.2746341 0.1570370 0.2270902 0.2130889 0.2808179 
n290_325   0.2138587 0.0000000 0.2322522 0.0134785 0.2797843 0.2460615 0.3062698 0.2319371 0.2510888 0.3003735 0.0702275 0.0067073 0.3223899 0.0342251 0.2043809 0.2364879 0.0067075 0.3225325 0.2183864 0.3977146 0.0520180 0.2183445 0.3973863 0.2228169 0.2042650 0.2960259 0.0484842 0.3369925 0.2366239 0.0448769 0.0412531 0.1742243 
n280_313   0.0237898 0.2322522 0.0000000 0.2365158 0.2046644 0.1696704 0.2853986 0.1740981 0.1826974 0.2231112 0.2500831 0.2228605 0.2756076 0.2315344 0.0739402 0.1610463 0.2320549 0.2757264 0.0272518 0.3524491 0.2551991 0.0272482 0.3632009 0.0272519 0.0701825 0.2754553 0.2507338 0.2946348 0.1696036 0.2457959 0.2314070 0.3010638 
n296_333   0.2180392 0.0134785 0.2365158 0.0000000 0.2791043 0.2503845 0.3163129 0.2361948 0.2554391 0.2996338 0.0628390 0.0134672 0.3270991 0.0412366 0.2085111 0.2407642 0.0134677 0.3272441 0.2225869 0.3972080 0.0519673 0.2225439 0.3968806 0.2270347 0.2083926 0.3059372 0.0484380 0.3365837 0.2409032 0.0448333 0.0412143 0.1740396 
n277_306   0.1957722 0.2797843 0.2046644 0.2791043 0.0000000 0.0628674 0.3328619 0.0666012 0.0665925 0.0307378 0.2942148 0.2795117 0.3105723 0.2741542 0.1781517 0.0591516 0.2795450 0.3216485 0.2001843 0.3865480 0.2892767 0.1955876 0.3922929 0.2045106 0.1736984 0.3222362 0.2945686 0.3523160 0.0555934 0.2893039 0.2787285 0.3484451 
n300_337   0.1570986 0.2460615 0.1696704 0.2503845 0.0628674 0.0000000 0.3118272 0.0203552 0.0203529 0.0815335 0.2599183 0.2364904 0.2906419 0.2407494 0.1486456 0.0237687 0.2458521 0.3014008 0.1612809 0.3634712 0.2647162 0.1612529 0.3690367 0.1654001 0.1443938 0.3014969 0.2602024 0.3158922 0.0100928 0.2551963 0.2451518 0.3122599 
n285_320   0.2605825 0.3062698 0.2853986 0.3163129 0.3328619 0.3118272 0.0000000 0.3070482 0.3174091 0.3436581 0.3317937 0.3059662 0.1562266 0.3053178 0.2507303 0.2910680 0.3060060 0.1562901 0.2603526 0.4037121 0.3372094 0.2653547 0.4029827 0.2701083 0.2551892 0.0066876 0.3322785 0.3813416 0.3014589 0.3266986 0.3154773 0.3715991 
n292_327   0.1614406 0.2319371 0.1740981 0.2361948 0.0666012 0.0203552 0.3070482 0.0000000 0.0203617 0.0815667 0.2406468 0.2317168 0.2859840 0.2267564 0.1529256 0.0237790 0.2317402 0.2966780 0.1656517 0.3584267 0.2502474 0.1656227 0.3692755 0.1697973 0.1486413 0.2967734 0.2458105 0.3055496 0.0100971 0.2409116 0.2310872 0.3019265 
n280_311   0.1698943 0.2510888 0.1826974 0.2554391 0.0665925 0.0203529 0.3174091 0.0203617 0.0000000 0.0853826 0.2600226 0.2508476 0.2960356 0.2457247 0.1612723 0.0237763 0.2508747 0.3068937 0.1741544 0.3577795 0.2698840 0.1741235 0.3633009 0.1783442 0.1569318 0.3069909 0.2653385 0.3158522 0.0100959 0.2602893 0.2501567 0.3232300 
n278_307   0.2139781 0.3003735 0.2231112 0.2996338 0.0307378 0.0815335 0.3436581 0.0815667 0.0853826 0.0000000 0.2992066 0.3000771 0.3321201 0.2945330 0.2004365 0.0776907 0.3001154 0.3324617 0.2185088 0.4161681 0.3101239 0.2184669 0.4221485 0.2229422 0.1958170 0.3328760 0.3155892 0.3987868 0.0740504 0.3101522 0.2992237 0.3655283 
n236_255   0.2312957 0.0702275 0.2500831 0.0628390 0.2942148 0.2599183 0.3317937 0.2406468 0.2600226 0.2992066 0.0000000 0.0701664 0.3371657 0.0737218 0.2171824 0.2501489 0.0701699 0.3318661 0.2359183 0.4206318 0.0849670 0.2358719 0.4202769 0.2404326 0.2214567 0.3212093 0.0813100 0.3524887 0.2503106 0.0775186 0.0736808 0.1653816 
n289_324   0.2047136 0.0067073 0.2228605 0.0134672 0.2795117 0.2364904 0.3059662 0.2317168 0.2508476 0.3000771 0.0701664 0.0000000 0.3220670 0.0341961 0.1953785 0.2362628 0.0067019 0.3222094 0.2091818 0.3973009 0.0519731 0.2091423 0.3969733 0.2135586 0.1952686 0.2957340 0.0484424 0.3366533 0.2363986 0.0448373 0.0412180 0.1740637 
n266_291   0.2561000 0.3223899 0.2756076 0.3270991 0.3105723 0.2906419 0.1562266 0.2859840 0.2960356 0.3321201 0.3371657 0.3220670 0.0000000 0.3159057 0.2462929 0.2705175 0.3221111 0.0237070 0.2609035 0.4049573 0.3426245 0.2608497 0.4042233 0.2560018 0.2507341 0.1479512 0.3376609 0.3819716 0.2805864 0.3320364 0.3207236 0.3609859 
n298_335   0.2132048 0.0342251 0.2315344 0.0412366 0.2741542 0.2407494 0.3053178 0.2267564 0.2457247 0.2945330 0.0737218 0.0341961 0.3159057 0.0000000 0.1994540 0.2312678 0.0341974 0.3160446 0.2177169 0.4030695 0.0237308 0.2176753 0.4027352 0.2221325 0.2036454 0.2951106 0.0203145 0.3307804 0.2313998 0.0168761 0.0066930 0.1739431 
n278_309   0.0555818 0.2043809 0.0739402 0.2085111 0.1781517 0.1486456 0.2507303 0.1529256 0.1612723 0.2004365 0.2171824 0.1953785 0.2462929 0.1994540 0.0000000 0.1402922 0.2042085 0.2463975 0.0591988 0.3358766 0.2220219 0.0519627 0.3463839 0.0628044 0.0168629 0.2461436 0.2177342 0.2696658 0.1485876 0.2130431 0.2036454 0.2558792 
n274_301   0.1486311 0.2364879 0.1610463 0.2407642 0.0591516 0.0237687 0.2910680 0.0237790 0.0237763 0.0776907 0.2501489 0.2362628 0.2705175 0.2312678 0.1402922 0.0000000 0.2362871 0.2809404 0.1527608 0.3469708 0.2548986 0.1527347 0.3524131 0.1568321 0.1361000 0.2810327 0.2504395 0.3051839 0.0134744 0.2455089 0.2356193 0.3015648 
n287_322   0.2136776 0.0067075 0.2320549 0.0134677 0.2795450 0.2458521 0.3060060 0.2317402 0.2508747 0.3001154 0.0701699 0.0067019 0.3221111 0.0341974 0.2042085 0.2362871 0.0000000 0.3222535 0.2182013 0.3973683 0.0519755 0.2181595 0.3970406 0.2226280 0.2040928 0.2957713 0.0484445 0.3367013 0.2364229 0.0448393 0.0412197 0.1740778 
n265_290   0.2562095 0.3225325 0.2757264 0.3272441 0.3216485 0.3014008 0.1562901 0.2966780 0.3068937 0.3324617 0.3318661 0.3222094 0.0237070 0.3160446 0.2463975 0.2809404 0.3222535 0.0000000 0.2610152 0.4169023 0.3427774 0.2609614 0.4161413 0.2656952 0.2508407 0.1480112 0.3378113 0.3761618 0.2911795 0.3321838 0.3208649 0.3548254 
n299_338   0.0033469 0.2183864 0.0272518 0.2225869 0.2001843 0.1612809 0.2603526 0.1656517 0.1741544 0.2185088 0.2359183 0.2091818 0.2609035 0.2177169 0.0591988 0.1527608 0.2182013 0.2610152 0.0000000 0.3416047 0.2409166 0.0067083 0.3522039 0.0168856 0.0555311 0.2507563 0.2365263 0.2795487 0.1612176 0.2316932 0.2175983 0.2857929 
n255_276   0.3362570 0.3977146 0.3524491 0.3972080 0.3865480 0.3634712 0.4037121 0.3584267 0.3577795 0.4161681 0.4206318 0.3973009 0.4049573 0.4030695 0.3358766 0.3469708 0.3973683 0.4169023 0.3416047 0.0000000 0.4154927 0.3415249 0.0133999 0.3467662 0.3353358 0.3920796 0.4161528 0.2362424 0.3523976 0.4098689 0.3972242 0.4524759 
n275_304   0.2362564 0.0520180 0.2551991 0.0519673 0.2892767 0.2647162 0.3372094 0.2502474 0.2698840 0.3101239 0.0849670 0.0519731 0.3426245 0.0237308 0.2220219 0.2548986 0.0519755 0.3427774 0.2409166 0.4154927 0.0000000 0.2408687 0.4151434 0.2454650 0.2263254 0.3265429 0.0237520 0.3527167 0.2550481 0.0202954 0.0237182 0.1914730 
n292_329   0.0033465 0.2183445 0.0272482 0.2225439 0.1955876 0.1612529 0.2653547 0.1656227 0.1741235 0.2184669 0.2358719 0.2091423 0.2608497 0.2176753 0.0519627 0.1527347 0.2181595 0.2609614 0.0067083 0.3415249 0.2408687 0.0000000 0.3521204 0.0168833 0.0483394 0.2556884 0.2364796 0.2747461 0.1611896 0.2316478 0.2175567 0.2757658 
n251_270   0.3467818 0.3973863 0.3632009 0.3968806 0.3922929 0.3690367 0.4029827 0.3692755 0.3633009 0.4221485 0.4202769 0.3969733 0.4042233 0.4027352 0.3463839 0.3524131 0.3970406 0.4161413 0.3522039 0.0133999 0.4151434 0.3521204 0.0000000 0.3574312 0.3458240 0.3913758 0.4158024 0.2454608 0.3578805 0.4095262 0.3968968 0.4520808 
n274_303   0.0134774 0.2228169 0.0272519 0.2270347 0.2045106 0.1654001 0.2701083 0.1697973 0.1783442 0.2229422 0.2404326 0.2135586 0.2560018 0.2221325 0.0628044 0.1568321 0.2226280 0.2656952 0.0168856 0.3467662 0.2454650 0.0168833 0.3574312 0.0000000 0.0591175 0.2603824 0.2410537 0.2843249 0.1653352 0.2361905 0.2220111 0.2906245 
n277_308   0.0519352 0.2042650 0.0701825 0.2083926 0.1736984 0.1443938 0.2551892 0.1486413 0.1569318 0.1958170 0.2214567 0.1952686 0.2507341 0.2036454 0.0168629 0.1361000 0.2040928 0.2508407 0.0555311 0.3353358 0.2263254 0.0483394 0.3458240 0.0591175 0.0000000 0.2505813 0.2220204 0.2792280 0.1443375 0.2173037 0.2078529 0.2603715 
n286_321   0.2509767 0.2960259 0.2754553 0.3059372 0.3222362 0.3014969 0.0066876 0.2967734 0.3069909 0.3328760 0.3212093 0.2957340 0.1479512 0.2951106 0.2461436 0.2810327 0.2957713 0.1480112 0.2507563 0.3920796 0.3265429 0.2556884 0.3913758 0.2603824 0.2505813 0.0000000 0.3216741 0.3700282 0.2912738 0.3161795 0.3051332 0.3603969 
n293_330   0.2318899 0.0484842 0.2507338 0.0484380 0.2945686 0.2602024 0.3322785 0.2458105 0.2653385 0.3155892 0.0813100 0.0484424 0.3376609 0.0203145 0.2177342 0.2504395 0.0484445 0.3378113 0.2365263 0.4161528 0.0237520 0.2364796 0.4158024 0.2410537 0.2220204 0.3216741 0.0000000 0.3425095 0.2505858 0.0033441 0.0203037 0.1873213 
n244_263   0.2746341 0.3369925 0.2946348 0.3365837 0.3523160 0.3158922 0.3813416 0.3055496 0.3158522 0.3987868 0.3524887 0.3366533 0.3819716 0.3307804 0.2696658 0.3051839 0.3367013 0.3761618 0.2795487 0.2362424 0.3527167 0.2747461 0.2454608 0.2843249 0.2792280 0.3700282 0.3425095 0.0000000 0.3107475 0.3368527 0.3250279 0.3715721 
n299_336   0.1570370 0.2366239 0.1696036 0.2409032 0.0555934 0.0100928 0.3014589 0.0100971 0.0100959 0.0740504 0.2503106 0.2363986 0.2805864 0.2313998 0.1485876 0.0134744 0.2364229 0.2911795 0.1612176 0.3523976 0.2550481 0.1611896 0.3578805 0.1653352 0.1443375 0.2912738 0.2505858 0.3107475 0.0000000 0.2456514 0.2357543 0.3071195 
n294_331   0.2270902 0.0448769 0.2457959 0.0448333 0.2893039 0.2551963 0.3266986 0.2409116 0.2602893 0.3101522 0.0775186 0.0448373 0.3320364 0.0168761 0.2130431 0.2455089 0.0448393 0.3321838 0.2316932 0.4098689 0.0202954 0.2316478 0.4095262 0.2361905 0.2173037 0.3161795 0.0033441 0.3368527 0.2456514 0.0000000 0.0168672 0.1828271 
n297_334   0.2130889 0.0412531 0.2314070 0.0412143 0.2787285 0.2451518 0.3154773 0.2310872 0.2501567 0.2992237 0.0736808 0.0412180 0.3207236 0.0066930 0.2036454 0.2356193 0.0412197 0.3208649 0.2175983 0.3972242 0.0237182 0.2175567 0.3968968 0.2220111 0.2078529 0.3051332 0.0203037 0.3250279 0.2357543 0.0168672 0.0000000 0.1738353 
n200_211   0.2808179 0.1742243 0.3010638 0.1740396 0.3484451 0.3122599 0.3715991 0.3019265 0.3232300 0.3655283 0.1653816 0.1740637 0.3609859 0.1739431 0.2558792 0.3015648 0.1740778 0.3548254 0.2857929 0.4524759 0.1914730 0.2757658 0.4520808 0.2906245 0.2603715 0.3603969 0.1873213 0.3715721 0.3071195 0.1828271 0.1738353 0.0000000 
