26
n265_270   0.0000000 2.3629370 3.0197628 2.1129195 2.2513095 2.7417477 3.4311593 2.8043057 2.3806506 0.1581952 2.4205915 2.3205031 2.5892038 2.6361110 3.4534961 1.9397340 2.9506922 2.6510238 1.1171381 2.5384853 2.3102907 2.3972973 2.7356781 1.0828595 3.3843912 2.4653690 
n298_303   2.3629370 0.0000000 3.4074780 0.1409694 0.1205400 1.5043554 1.2168120 1.3753831 0.3122811 2.2633421 0.3179924 0.3139749 0.3014211 1.3226158 2.4368640 0.8490402 0.1329201 1.3752126 2.7917371 0.3230513 0.0169238 1.4811345 1.4011438 2.9198033 4.4060694 1.2834933 
n251_256   3.0197628 3.4074780 0.0000000 3.7126196 3.6528475 2.4552515 2.6549447 2.2082355 4.6546443 2.5812753 3.5455990 3.3187825 4.8969330 2.6158086 0.2677105 9.0000000 3.1217028 2.1950401 2.7215388 3.7783216 3.3607899 2.7375177 2.3743531 2.6389205 2.1572430 2.9540131 
n275_280   2.1129195 0.1409694 3.7126196 0.0000000 0.1161987 1.4476118 1.3108985 1.4005010 0.2859592 1.9374355 0.3011919 0.3021436 0.2904038 1.3893995 2.5758345 0.8693987 0.1240752 1.4003232 2.3738573 0.3113747 0.1448463 1.4014301 1.4272161 2.5161387 2.8640423 1.3067288 
n293_298   2.2513095 0.1205400 3.6528475 0.1161987 0.0000000 1.4122571 1.3341120 1.5059577 0.2854400 2.0401559 0.2853333 0.2867239 0.2855719 1.4443157 2.2412864 0.8917377 0.0556272 1.5057528 2.3261184 0.3001636 0.1164324 1.4104999 1.5360712 2.4881821 3.8216674 1.3200150 
n277_282   2.7417477 1.5043554 2.4552515 1.4476118 1.4122571 0.0000000 1.4078744 0.5361755 1.3250977 2.6831915 1.3565442 1.3384947 1.2652497 0.5826703 2.5146557 1.5648096 1.3957933 0.5368196 2.6684254 1.4008085 1.5364098 0.1326976 0.5218247 2.5785814 3.7427061 0.5467585 
n200_205   3.4311593 1.2168120 2.6549447 1.3108985 1.3341120 1.4078744 0.0000000 1.2528111 1.1728037 3.3929494 1.2392137 1.2156117 1.2254363 1.2993630 1.9752106 1.1108859 1.2568329 1.2735407 2.4595829 1.2510184 1.2516107 1.3134981 1.3384840 2.4780857 1.9650580 1.3111732 
n299_304   2.8043057 1.3753831 2.2082355 1.4005010 1.5059577 0.5361755 1.2528111 0.0000000 1.4105151 2.7881280 1.4730023 1.5445827 1.4385460 0.0965563 2.2376109 1.4598214 1.4342234 0.0100673 2.2107972 1.5331718 1.3967172 0.5002681 0.0341432 2.2115462 2.2872175 0.1566709 
n296_301   2.3806506 0.3122811 4.6546443 0.2859592 0.2854400 1.3250977 1.1728037 1.4105151 0.0000000 2.4625737 0.1163000 0.1126736 0.0273227 1.4039528 3.1175017 0.7558320 0.2907670 1.4103366 2.4000244 0.1159801 0.3063780 1.2508836 1.4120700 2.5752418 2.3093373 1.3716324 
n266_271   0.1581952 2.2633421 2.5812753 1.9374355 2.0401559 2.6831915 3.3929494 2.7881280 2.4625737 0.0000000 2.6899165 2.4746708 2.8785595 2.6210895 2.6211674 1.7494138 2.5825467 2.6372183 1.0809225 2.6321347 2.1408937 2.1629949 2.6247045 1.0242975 3.0592809 2.2620954 
n290_295   2.4205915 0.3179924 3.5455990 0.3011919 0.2853333 1.3565442 1.2392137 1.4730023 0.1163000 2.6899165 0.0000000 0.0413853 0.1283978 1.4707522 3.0351785 0.8416167 0.2914127 1.4728079 2.4422390 0.0739832 0.3120277 1.3599654 1.4580715 2.6242881 2.2763801 1.3668864 
n289_294   2.3205031 0.3139749 3.3187825 0.3021436 0.2867239 1.3384947 1.2156117 1.5445827 0.1126736 2.4746708 0.0413853 0.0000000 0.1206994 1.5188496 2.9093443 0.8427891 0.2977310 1.5443692 2.4831914 0.0667573 0.3080335 1.3188094 1.5285362 2.6746769 2.4551465 1.4047397 
n295_300   2.5892038 0.3014211 4.8969330 0.2904038 0.2855719 1.2652497 1.2254363 1.4385460 0.0273227 2.8785595 0.1283978 0.1206994 0.0000000 1.4316480 3.1698669 0.7664540 0.2903833 1.4383599 2.3988283 0.1320538 0.2956305 1.2519811 1.4401058 2.5732233 2.5260802 1.3509709 
n280_285   2.6361110 1.3226158 2.6158086 1.3893995 1.4443157 0.5826703 1.2993630 0.0965563 1.4039528 2.6210895 1.4707522 1.5188496 1.4316480 0.0000000 2.7382940 1.4376120 1.3579116 0.0927967 2.1797662 1.5080884 1.3426650 0.5003831 0.1042862 2.0906840 2.0154868 0.1566192 
n255_260   3.4534961 2.4368640 0.2677105 2.5758345 2.2412864 2.5146557 1.9752106 2.2376109 3.1175017 2.6211674 3.0351785 2.9093443 3.1698669 2.7382940 0.0000000 3.4833834 2.3463393 2.2240568 2.1584335 3.1819814 2.4205826 3.5394245 2.4660887 2.2209765 1.8885642 2.6490444 
n236_241   1.9397340 0.8490402 9.0000000 0.8693987 0.8917377 1.5648096 1.1108859 1.4598214 0.7558320 1.7494138 0.8416167 0.8427891 0.7664540 1.4376120 3.4833834 0.0000000 0.8887052 1.4179356 2.0450532 0.8635548 0.8464803 1.4323005 1.4777693 2.0296813 3.1228643 1.5359658 
n294_299   2.9506922 0.1329201 3.1217028 0.1240752 0.0556272 1.3957933 1.2568329 1.4342234 0.2907670 2.5825467 0.2914127 0.2977310 0.2903833 1.3579116 2.3463393 0.8887052 0.0000000 1.4340383 2.4981924 0.3113526 0.1287176 1.4104073 1.4618195 2.6991034 3.2929013 1.2631842 
n300_305   2.6510238 1.3752126 2.1950401 1.4003232 1.5057528 0.5368196 1.2735407 0.0100673 1.4103366 2.6372183 1.4728079 1.5443692 1.4383599 0.0927967 2.2240568 1.4179356 1.4340383 0.0000000 2.2107972 1.5329625 1.3965417 0.5008402 0.0271908 2.1187019 2.1916942 0.1526135 
n285_290   1.1171381 2.7917371 2.7215388 2.3738573 2.3261184 2.6684254 2.4595829 2.2107972 2.4000244 1.0809225 2.4422390 2.4831914 2.3988283 2.1797662 2.1584335 2.0450532 2.4981924 2.2107972 0.0000000 2.6207802 2.6204578 2.6135556 2.3806673 0.0342446 1.9852615 2.3252307 
n287_292   2.5384853 0.3230513 3.7783216 0.3113747 0.3001636 1.4008085 1.2510184 1.5331718 0.1159801 2.6321347 0.0739832 0.0667573 0.1320538 1.5080884 3.1819814 0.8635548 0.3113526 1.5329625 2.6207802 0.0000000 0.3170430 1.4045489 1.5173876 2.8436793 2.2845586 1.4505522 
n297_302   2.3102907 0.0169238 3.3607899 0.1448463 0.1164324 1.5364098 1.2516107 1.3967172 0.3063780 2.1408937 0.3120277 0.3080335 0.2956305 1.3426650 2.4205826 0.8464803 0.1287176 1.3965417 2.6204578 0.3170430 0.0000000 1.5119546 1.4231011 2.7280293 4.7402976 1.2815624 
n278_283   2.3972973 1.4811345 2.7375177 1.4014301 1.4104999 0.1326976 1.3134981 0.5002681 1.2508836 2.1629949 1.3599654 1.3188094 1.2519811 0.5003831 3.5394245 1.4323005 1.4104073 0.5008402 2.6135556 1.4045489 1.5119546 0.0000000 0.4933625 2.5017700 5.5071961 0.4897200 
n292_297   2.7356781 1.4011438 2.3743531 1.4272161 1.5360712 0.5218247 1.3384840 0.0341432 1.4120700 2.6247045 1.4580715 1.5285362 1.4401058 0.1042862 2.4660887 1.4777693 1.4618195 0.0271908 2.3806673 1.5173876 1.4231011 0.4933625 0.0000000 2.2728618 2.2882260 0.1566634 
n286_291   1.0828595 2.9198033 2.6389205 2.5161387 2.4881821 2.5785814 2.4780857 2.2115462 2.5752418 1.0242975 2.6242881 2.6746769 2.5732233 2.0906840 2.2209765 2.0296813 2.6991034 2.1187019 0.0342446 2.8436793 2.7280293 2.5017700 2.2728618 0.0000000 1.8750071 2.1713636 
n244_249   3.3843912 4.4060694 2.1572430 2.8640423 3.8216674 3.7427061 1.9650580 2.2872175 2.3093373 3.0592809 2.2763801 2.4551465 2.5260802 2.0154868 1.8885642 3.1228643 3.2929013 2.1916942 1.9852615 2.2845586 4.7402976 5.5071961 2.2882260 1.8750071 0.0000000 2.3958292 
n274_279   2.4653690 1.2834933 2.9540131 1.3067288 1.3200150 0.5467585 1.3111732 0.1566709 1.3716324 2.2620954 1.3668864 1.4047397 1.3509709 0.1566192 2.6490444 1.5359658 1.2631842 0.1526135 2.3252307 1.4505522 1.2815624 0.4897200 0.1566634 2.1713636 2.3958292 0.0000000 
