25
n299_300   0.0000000 0.0238939 1.2481644 2.4093746 0.4920896 1.1212210 1.1165263 0.1341745 1.1859091 1.2696108 0.0379388 3.9412910 1.2197718 0.4994175 1.1511200 1.8330393 1.9297427 2.9774569 1.0747981 1.3342271 1.2769582 1.5111065 0.0977321 1.0920363 1.4351128 
n300_301   0.0238939 0.0000000 1.2501591 2.3533223 0.4766114 1.0889602 1.0844807 0.1216403 1.1877366 1.2716542 0.0272843 3.1985842 1.2769941 0.4837612 1.1177507 1.7948213 1.8876078 2.9714893 1.0886996 1.3364548 1.2790245 1.5378782 0.0859540 1.0904004 1.4836376 
n290_291   1.2481644 1.2501591 0.0000000 2.9290134 1.4195751 0.3438883 0.3679140 1.3142970 0.0632970 0.1682593 1.2290521 3.3756872 1.1241740 1.5185088 0.3496461 2.1996465 2.4426996 2.2245021 0.3949342 0.1678281 0.0486203 2.0752180 1.2424506 0.4008867 2.0712712 
n255_256   2.4093746 2.3533223 2.9290134 0.0000000 2.6254590 3.8253636 4.6510556 2.3282738 2.8177476 3.2355689 2.2696691 3.1527021 4.3139727 2.9686127 3.9067448 2.4396251 2.2332995 0.3546780 3.2129933 3.2723241 2.8968697 2.7660318 2.2185295 3.3088879 3.4961300 
n277_278   0.4920896 0.4766114 1.4195751 2.6254590 0.0000000 1.1669083 1.2066166 0.4828029 1.4866518 1.4582175 0.4497206 3.2793603 1.5917681 0.1013712 1.1771418 1.5808188 1.6534328 2.7118989 1.1549957 1.4492981 1.5356211 1.5244670 0.4977036 1.1378740 1.6680774 
n297_298   1.1212210 1.0889602 0.3438883 3.8253636 1.1669083 0.0000000 0.1300872 1.1670537 0.3493750 0.3609542 1.0705500 2.6337219 1.2657301 1.2078809 0.0308422 1.9324204 2.0237785 3.4257317 0.1515758 0.3775719 0.3203499 1.7863161 0.9837113 0.1388152 1.7249591 
n275_276   1.1165263 1.0844807 0.3679140 4.6510556 1.2066166 0.1300872 0.0000000 1.1628073 0.3609784 0.3716036 1.0842005 3.0618953 1.2491729 1.2162216 0.1342614 2.0510804 2.0285162 3.4003675 0.1428640 0.3947914 0.3374600 2.0432646 1.0083521 0.1343115 1.8922547 
n274_275   0.1341745 0.1216403 1.3142970 2.3282738 0.4828029 1.1670537 1.1628073 0.0000000 1.2845530 1.3405933 0.1096134 2.7618760 1.2582394 0.5058930 1.1813208 1.7181461 1.7727706 2.5123134 1.1469932 1.3430176 1.3494022 1.6663731 0.1173934 1.1626998 1.5853358 
n289_290   1.1859091 1.1877366 0.0632970 2.8177476 1.4866518 0.3493750 0.3609784 1.2845530 0.0000000 0.1724369 1.1829679 2.8309604 1.0684978 1.5614352 0.3551766 2.2035374 2.4395616 2.3903921 0.3944509 0.1852380 0.0486078 2.0164283 1.1957931 0.3885091 1.9165751 
n296_297   1.2696108 1.2716542 0.1682593 3.2355689 1.4582175 0.3609542 0.3716036 1.3405933 0.1724369 0.0000000 1.2501243 3.2947718 1.0697802 1.5395805 0.3727337 1.9672335 2.1648402 2.5628973 0.3923029 0.0665732 0.1377536 2.1276761 1.2504813 0.4110165 1.9315373 
n292_293   0.0379388 0.0272843 1.2290521 2.2696691 0.4497206 1.0705500 1.0842005 0.1096134 1.1829679 1.2501243 0.0000000 3.5318791 1.2559832 0.4565942 1.0987225 1.7523684 1.8058360 3.0431989 1.0726608 1.3132746 1.2572855 1.4544904 0.0820986 1.1033906 1.4049720 
n244_245   3.9412910 3.1985842 3.3756872 3.1527021 3.2793603 2.6337219 3.0618953 2.7618760 2.8309604 3.2947718 3.5318791 0.0000000 8.6793041 3.1141865 2.5774778 2.4055238 2.2118671 3.5705121 3.5965154 3.2875669 3.3410394 2.7528161 3.2033482 3.2656550 2.8839961 
n200_203   1.2197718 1.2769941 1.1241740 4.3139727 1.5917681 1.2657301 1.2491729 1.2582394 1.0684978 1.0697802 1.2559832 8.6793041 0.0000000 1.5924819 1.2104467 1.9871810 2.1104413 3.1207041 1.2340463 1.1815685 1.0708033 2.4204502 1.2761982 1.1987440 2.1356936 
n278_279   0.4994175 0.4837612 1.5185088 2.9686127 0.1013712 1.2078809 1.2162216 0.5058930 1.5614352 1.5395805 0.4565942 3.1141865 1.5924819 0.0000000 1.2212792 1.5693843 1.6418702 3.2183310 1.2341626 1.5075709 1.6479838 1.5424249 0.5211871 1.2152269 1.5760012 
n298_299   1.1511200 1.1177507 0.3496461 3.9067448 1.1771418 0.0308422 0.1342614 1.1813208 0.3551766 0.3727337 1.0987225 2.5774778 1.2104467 1.2212792 0.0000000 1.9488092 2.0558284 3.2761993 0.1646921 0.3896137 0.3258974 1.8212723 1.0254166 0.1471769 1.7597886 
n286_287   1.8330393 1.7948213 2.1996465 2.4396251 1.5808188 1.9324204 2.0510804 1.7181461 2.2035374 1.9672335 1.7523684 2.4055238 1.9871810 1.5693843 1.9488092 0.0000000 0.0896392 3.4864458 2.2337132 1.9660664 2.2328402 0.9372568 2.0446424 2.0078246 0.9760614 
n285_286   1.9297427 1.8876078 2.4426996 2.2332995 1.6534328 2.0237785 2.0285162 1.7727706 2.4395616 2.1648402 1.8058360 2.2118671 2.1104413 1.6418702 2.0558284 0.0896392 0.0000000 3.1275667 2.3557805 2.1063197 2.4207293 0.9609053 2.1641057 2.2611527 0.9872158 
n251_252   2.9774569 2.9714893 2.2245021 0.3546780 2.7118989 3.4257317 3.4003675 2.5123134 2.3903921 2.5628973 3.0431989 3.5705121 3.1207041 3.2183310 3.2761993 3.4864458 3.1275667 0.0000000 2.8827615 2.5987752 2.3025187 3.4470526 2.7964148 3.0102050 4.0884105 
n294_295   1.0747981 1.0886996 0.3949342 3.2129933 1.1549957 0.1515758 0.1428640 1.1469932 0.3944509 0.3923029 1.0726608 3.5965154 1.2340463 1.2341626 0.1646921 2.2337132 2.3557805 2.8827615 0.0000000 0.4298835 0.3689182 2.4286430 0.9714838 0.0450785 2.2045942 
n295_296   1.3342271 1.3364548 0.1678281 3.2723241 1.4492981 0.3775719 0.3947914 1.3430176 0.1852380 0.0665732 1.3132746 3.2875669 1.1815685 1.5075709 0.3896137 1.9660664 2.1063197 2.5987752 0.4298835 0.0000000 0.1457402 2.2102565 1.3508238 0.4356276 2.0429262 
n287_288   1.2769582 1.2790245 0.0486203 2.8968697 1.5356211 0.3203499 0.3374600 1.3494022 0.0486078 0.1377536 1.2572855 3.3410394 1.0708033 1.6479838 0.3258974 2.2328402 2.4207293 2.3025187 0.3689182 0.1457402 0.0000000 2.1450432 1.2709696 0.3687250 2.0324641 
n265_266   1.5111065 1.5378782 2.0752180 2.7660318 1.5244670 1.7863161 2.0432646 1.6663731 2.0164283 2.1276761 1.4544904 2.7528161 2.4204502 1.5424249 1.8212723 0.9372568 0.9609053 3.4470526 2.4286430 2.2102565 2.1450432 0.0000000 1.5003450 2.1148249 0.0895453 
n280_281   0.0977321 0.0859540 1.2424506 2.2185295 0.4977036 0.9837113 1.0083521 0.1173934 1.1957931 1.2504813 0.0820986 3.2033482 1.2761982 0.5211871 1.0254166 2.0446424 2.1641057 2.7964148 0.9714838 1.3508238 1.2709696 1.5003450 0.0000000 1.0125196 1.4521759 
n293_294   1.0920363 1.0904004 0.4008867 3.3088879 1.1378740 0.1388152 0.1343115 1.1626998 0.3885091 0.4110165 1.1033906 3.2656550 1.1987440 1.2152269 0.1471769 2.0078246 2.2611527 3.0102050 0.0450785 0.4356276 0.3687250 2.1148249 1.0125196 0.0000000 1.9486963 
n266_267   1.4351128 1.4836376 2.0712712 3.4961300 1.6680774 1.7249591 1.8922547 1.5853358 1.9165751 1.9315373 1.4049720 2.8839961 2.1356936 1.5760012 1.7597886 0.9760614 0.9872158 4.0884105 2.2045942 2.0429262 2.0324641 0.0895453 1.4521759 1.9486963 0.0000000 
