26
n265_298   0.0000000 0.1326336 0.3155049 0.2740600 0.3424048 0.0134302 0.2541744 0.2998717 0.2891502 0.1325804 0.3047763 0.2842201 0.2443508 0.3651167 0.3592708 0.2945778 0.2790779 0.4092090 0.2841652 0.2542598 0.2851366 0.3209896 0.2996049 0.2841652 0.3834386 0.3100290 
n286_319   0.1326336 0.0000000 0.2648217 0.2307374 0.3256186 0.1245133 0.2253080 0.2647828 0.2449490 0.0066998 0.2596259 0.2444408 0.2158994 0.3375608 0.3266755 0.2445621 0.2354625 0.4033379 0.2449467 0.2253790 0.2313758 0.2445599 0.2645510 0.2402442 0.3600667 0.2645545 
n287_320   0.3155049 0.2648217 0.0000000 0.0413758 0.3406170 0.3048597 0.2940077 0.0307689 0.0413557 0.2647244 0.0135148 0.3092517 0.2935224 0.3530275 0.3645208 0.3087501 0.0413941 0.4293631 0.0449415 0.2887358 0.1051252 0.1967495 0.0307451 0.0378234 0.3873222 0.0135045 
n297_330   0.2740600 0.2307374 0.0413758 0.0000000 0.3026109 0.2640238 0.2687041 0.0377975 0.0203468 0.2306501 0.0342918 0.2888889 0.2682669 0.3358206 0.3470102 0.2884236 0.0067176 0.3979255 0.0238100 0.2684071 0.0819435 0.1659513 0.0377671 0.0169181 0.3413719 0.0342642 
n251_280   0.3424048 0.3256186 0.3406170 0.3026109 0.0000000 0.3419542 0.3940805 0.3186797 0.3081059 0.3147244 0.3295394 0.4245989 0.3933124 0.2282062 0.2375988 0.4244054 0.3080549 0.2998319 0.3134156 0.3936899 0.3366338 0.3239592 0.3186508 0.3082903 0.0410729 0.3349620 
n266_299   0.0134302 0.1245133 0.3048597 0.2640238 0.3419542 0.0000000 0.2540238 0.2894505 0.2788995 0.1244633 0.2942941 0.2840480 0.2442071 0.3704138 0.3645288 0.2943980 0.2689703 0.4028028 0.2739829 0.2541091 0.2749116 0.3102531 0.2891943 0.2739829 0.3716681 0.2994676 
n292_325   0.2541744 0.2253080 0.2940077 0.2687041 0.3940805 0.2540238 0.0000000 0.2989346 0.2784091 0.2252227 0.2939158 0.0818670 0.0067119 0.4015736 0.3899973 0.0817462 0.2736732 0.4951715 0.2735090 0.0101001 0.2944128 0.2735826 0.2986698 0.2735090 0.4383176 0.2936560 
n296_329   0.2998717 0.2647828 0.0307689 0.0377975 0.3186797 0.2894505 0.2989346 0.0000000 0.0377783 0.2646855 0.0238024 0.3041213 0.2984399 0.3468976 0.3582799 0.3036287 0.0378142 0.4223522 0.0413416 0.2936261 0.1011335 0.1921490 0.0033418 0.0342663 0.3638535 0.0237840 
n293_326   0.2891502 0.2449490 0.0413557 0.0203468 0.3081059 0.2788995 0.2784091 0.0377783 0.0000000 0.2448575 0.0342743 0.2834464 0.2779539 0.3413429 0.3526266 0.2829912 0.0203556 0.4040235 0.0100893 0.2732602 0.0819026 0.1615958 0.0377491 0.0033458 0.3525524 0.0342478 
n285_318   0.1325804 0.0066998 0.2647244 0.2306501 0.3147244 0.1244633 0.2252227 0.2646855 0.2448575 0.0000000 0.2595301 0.2443497 0.2158171 0.3374461 0.3265630 0.2444708 0.2353738 0.3968819 0.2448552 0.2252936 0.2312882 0.2444686 0.2644538 0.2401541 0.3485952 0.2644574 
n289_322   0.3047763 0.2596259 0.0135148 0.0342918 0.3295394 0.2942941 0.2939158 0.0238024 0.0342743 0.2595301 0.0000000 0.3041154 0.2934307 0.3470957 0.3584812 0.3036230 0.0343069 0.4225731 0.0378193 0.2886451 0.0973041 0.1832918 0.0237840 0.0307774 0.3754601 0.0067165 
n277_310   0.2842201 0.2444408 0.3092517 0.2888889 0.4245989 0.2840480 0.0818670 0.3041213 0.2834464 0.2443497 0.3041154 0.0000000 0.0780226 0.4144669 0.4026807 0.0134992 0.2890518 0.5243964 0.2785139 0.0781066 0.3048192 0.2885529 0.3038512 0.2785139 0.4708752 0.3038454 
n280_313   0.2443508 0.2158994 0.2935224 0.2682669 0.3933124 0.2442071 0.0067119 0.2984399 0.2779539 0.2158171 0.2934307 0.0780226 0.0000000 0.4008636 0.3893118 0.0779077 0.2732267 0.4877874 0.2730630 0.0100959 0.2889233 0.2730850 0.2981759 0.2730630 0.4374395 0.2931717 
n251_282   0.3651167 0.3375608 0.3530275 0.3358206 0.2282062 0.3704138 0.4015736 0.3468976 0.3413429 0.3374461 0.3470957 0.4144669 0.4008636 0.0000000 0.0305921 0.4075111 0.3360181 0.3160818 0.3412732 0.3953863 0.3541401 0.3190673 0.3468659 0.3360101 0.2525786 0.3526692 
n255_288   0.3592708 0.3266755 0.3645208 0.3470102 0.2375988 0.3645288 0.3899973 0.3582799 0.3526266 0.3265630 0.3584812 0.4026807 0.3893118 0.0305921 0.0000000 0.3958452 0.3472166 0.3492311 0.3472765 0.3839043 0.3656819 0.3248083 0.3582470 0.3472100 0.2575873 0.3641503 
n278_311   0.2945778 0.2445621 0.3087501 0.2884236 0.4244054 0.2943980 0.0817462 0.3036287 0.2829912 0.2444708 0.3036230 0.0134992 0.0779077 0.4075111 0.3958452 0.0000000 0.2885860 0.5241736 0.2780674 0.0779914 0.3043246 0.2880885 0.3033594 0.2780674 0.4706670 0.3033538 
n298_331   0.2790779 0.2354625 0.0413941 0.0067176 0.3080549 0.2689703 0.2736732 0.0378142 0.0203556 0.2353738 0.0343069 0.2890518 0.2732267 0.3360181 0.3472166 0.2885860 0.0000000 0.3924767 0.0238202 0.2685555 0.0819815 0.1617611 0.0377836 0.0169254 0.3471629 0.0342791 
n244_273   0.4092090 0.4033379 0.4293631 0.3979255 0.2998319 0.4028028 0.4951715 0.4223522 0.4040235 0.3968819 0.4225731 0.5243964 0.4877874 0.3160818 0.3492311 0.5241736 0.3924767 0.0000000 0.4039376 0.4816763 0.4244381 0.4088004 0.4223125 0.3981777 0.3049756 0.4288374 
n275_308   0.2841652 0.2449467 0.0449415 0.0238100 0.3134156 0.2739829 0.2735090 0.0413416 0.0100893 0.2448552 0.0378193 0.2785139 0.2730630 0.3412732 0.3472765 0.2780674 0.0238202 0.4039376 0.0000000 0.2683950 0.0857427 0.1615948 0.0413092 0.0067115 0.3582216 0.0377897 
n274_307   0.2542598 0.2253790 0.2887358 0.2684071 0.3936899 0.2541091 0.0101001 0.2936261 0.2732602 0.2252936 0.2886451 0.0781066 0.0100959 0.3953863 0.3839043 0.0779914 0.2685555 0.4816763 0.2683950 0.0000000 0.2891312 0.2684666 0.2933667 0.2683950 0.4378703 0.2883906 
n236_263   0.2851366 0.2313758 0.1051252 0.0819435 0.3366338 0.2749116 0.2944128 0.1011335 0.0819026 0.2312882 0.0973041 0.3048192 0.2889233 0.3541401 0.3656819 0.3043246 0.0819815 0.4244381 0.0857427 0.2891312 0.0000000 0.1665823 0.1010519 0.0781551 0.3771852 0.0972257 
n200_219   0.3209896 0.2445599 0.1967495 0.1659513 0.3239592 0.3102531 0.2735826 0.1921490 0.1615958 0.2444686 0.1832918 0.2885529 0.2730850 0.3190673 0.3248083 0.2880885 0.1617611 0.4088004 0.1615948 0.2684666 0.1665823 0.0000000 0.1919878 0.1574282 0.3636410 0.1876707 
n295_328   0.2996049 0.2645510 0.0307451 0.0377671 0.3186508 0.2891943 0.2986698 0.0033418 0.0377491 0.2644538 0.0237840 0.3038512 0.2981759 0.3468659 0.3582470 0.3033594 0.0377836 0.4223125 0.0413092 0.2933667 0.1010519 0.1919878 0.0000000 0.0342398 0.3638201 0.0237656 
n294_327   0.2841652 0.2402442 0.0378234 0.0169181 0.3082903 0.2739829 0.2735090 0.0342663 0.0033458 0.2401541 0.0307774 0.2785139 0.2730630 0.3360101 0.3472100 0.2780674 0.0169254 0.3981777 0.0067115 0.2683950 0.0781551 0.1574282 0.0342398 0.0000000 0.3527693 0.0307536 
n255_286   0.3834386 0.3600667 0.3873222 0.3413719 0.0410729 0.3716681 0.4383176 0.3638535 0.3525524 0.3485952 0.3754601 0.4708752 0.4374395 0.2525786 0.2575873 0.4706670 0.3471629 0.3049756 0.3582216 0.4378703 0.3771852 0.3636410 0.3638201 0.3527693 0.0000000 0.3812671 
n290_323   0.3100290 0.2645545 0.0135045 0.0342642 0.3349620 0.2994676 0.2936560 0.0237840 0.0342478 0.2644574 0.0067165 0.3038454 0.2931717 0.3526692 0.3641503 0.3033538 0.0342791 0.4288374 0.0377897 0.2883906 0.0972257 0.1876707 0.0237656 0.0307536 0.3812671 0.0000000 
