21
n295_262   0.0000000 0.1228954 0.0341305 0.3459373 0.1758720 0.2842653 0.0237018 0.0446963 0.0376441 0.3238970 0.0411508 0.0411456 0.2699511 0.2699613 0.3399029 0.0066919 0.0271409 0.2843778 0.0271377 0.0376293 0.0376293 
n236_215   0.1228954 0.0000000 0.0921501 0.3461773 0.1633479 0.2896245 0.1268240 0.1035864 0.0959662 0.3403510 0.0997393 0.0997263 0.2701946 0.2656545 0.3461161 0.1228527 0.1307377 0.2897392 0.1346658 0.0959276 0.0959276 
n275_246   0.0341305 0.0921501 0.0000000 0.3415532 0.1429264 0.2654230 0.0376305 0.0100742 0.0033430 0.3090503 0.0066993 0.0066984 0.2514369 0.2514476 0.3247363 0.0341193 0.0411334 0.2655265 0.0446503 0.0033408 0.0033408 
n244_223   0.3459373 0.3461773 0.3415532 0.0000000 0.3568813 0.3902912 0.3515548 0.3471614 0.3470053 0.2563674 0.3522130 0.3415673 0.3461978 0.3568448 0.2657763 0.3514684 0.3567840 0.3904582 0.3620066 0.3363205 0.3468423 
n200_189   0.1758720 0.1633479 0.1429264 0.3568813 0.0000000 0.2656128 0.1757904 0.1551910 0.1470304 0.3289976 0.1469511 0.1510374 0.2467327 0.2467434 0.3503395 0.1758087 0.1799545 0.2657177 0.1841314 0.1469698 0.1469698 
n286_253   0.2842653 0.2896245 0.2654230 0.3902912 0.2656128 0.0000000 0.2841010 0.2749932 0.2703047 0.3555172 0.2701447 0.2702223 0.1347689 0.1428305 0.3671159 0.2841551 0.2888782 0.0033408 0.2936590 0.2701850 0.2701850 
n289_256   0.0237018 0.1268240 0.0376305 0.3515548 0.1757904 0.2841010 0.0000000 0.0482469 0.0411617 0.3238557 0.0446839 0.0446782 0.2746810 0.2746911 0.3398531 0.0236940 0.0033390 0.2842134 0.0066909 0.0411455 0.0411455 
n293_260   0.0446963 0.1035864 0.0100742 0.3471614 0.1551910 0.2749932 0.0482469 0.0000000 0.0066965 0.3143782 0.0168678 0.0168656 0.2608341 0.2608445 0.3301941 0.0446815 0.0517978 0.2751011 0.0553628 0.0134621 0.0134621 
n294_261   0.0376441 0.0959662 0.0033430 0.3470053 0.1470304 0.2703047 0.0411617 0.0066965 0.0000000 0.3142397 0.0100750 0.0100738 0.2562267 0.2562373 0.3300462 0.0376317 0.0446813 0.2704115 0.0482150 0.0067008 0.0067008 
n251_230   0.3238970 0.3403510 0.3090503 0.2563674 0.3289976 0.3555172 0.3238557 0.3143782 0.3142397 0.0000000 0.3192173 0.3090628 0.3140785 0.3192778 0.0516862 0.3237690 0.3187540 0.3556654 0.3339125 0.3040536 0.3140960 
n275_248   0.0411508 0.0997393 0.0066993 0.3522130 0.1469511 0.2701447 0.0446839 0.0168678 0.0100750 0.3192173 0.0000000 0.0134584 0.2560756 0.2560862 0.3351300 0.0411372 0.0482181 0.2702503 0.0517664 0.0100711 0.0100711 
n294_259   0.0411456 0.0997263 0.0066984 0.3415673 0.1510374 0.2702223 0.0446782 0.0168656 0.0100738 0.3090628 0.0134584 0.0000000 0.2608184 0.2608289 0.3247495 0.0411320 0.0482119 0.2703280 0.0517598 0.0100698 0.0100698 
n265_238   0.2699511 0.2701946 0.2514369 0.3461978 0.2467327 0.1347689 0.2746810 0.2608341 0.2562267 0.3140785 0.2560756 0.2608184 0.0000000 0.0271758 0.3249892 0.2698477 0.2794047 0.1346718 0.2841332 0.2467991 0.2561131 
n266_239   0.2699613 0.2656545 0.2514476 0.3568448 0.2467434 0.1428305 0.2746911 0.2608445 0.2562373 0.3192778 0.2560862 0.2608289 0.0271758 0.0000000 0.3251582 0.2698579 0.2794146 0.1427272 0.2841430 0.2561237 0.2561237 
n255_232   0.3399029 0.3461161 0.3247363 0.2657763 0.3503395 0.3671159 0.3398531 0.3301941 0.3300462 0.0516862 0.3351300 0.3247495 0.3249892 0.3251582 0.0000000 0.3397659 0.3449915 0.3672709 0.3501253 0.3196309 0.3298940 
n296_263   0.0066919 0.1228527 0.0341193 0.3514684 0.1758087 0.2841551 0.0236940 0.0446815 0.0376317 0.3237690 0.0411372 0.0411320 0.2698477 0.2698579 0.3397659 0.0000000 0.0271320 0.2842677 0.0271288 0.0376169 0.0376169 
n287_254   0.0271409 0.1307377 0.0411334 0.3567840 0.1799545 0.2888782 0.0033390 0.0517978 0.0446813 0.3187540 0.0482181 0.0482119 0.2794047 0.2794146 0.3449915 0.0271320 0.0000000 0.2889930 0.0100556 0.0446637 0.0446637 
n285_252   0.2843778 0.2897392 0.2655265 0.3904582 0.2657177 0.0033408 0.2842134 0.2751011 0.2704115 0.3556654 0.2702503 0.2703280 0.1346718 0.1427272 0.3672709 0.2842677 0.2889930 0.0000000 0.2937762 0.2702907 0.2702907 
n290_257   0.0271377 0.1346658 0.0446503 0.3620066 0.1841314 0.2936590 0.0066909 0.0553628 0.0482150 0.3339125 0.0517664 0.0517598 0.2841332 0.2841430 0.3501253 0.0271288 0.0100556 0.2937762 0.0000000 0.0481960 0.0481960 
n298_265   0.0376293 0.0959276 0.0033408 0.3363205 0.1469698 0.2701850 0.0411455 0.0134621 0.0067008 0.3040536 0.0100711 0.0100698 0.2467991 0.2561237 0.3196309 0.0376169 0.0446637 0.2702907 0.0481960 0.0000000 0.0066982 
n293_258   0.0376293 0.0959276 0.0033408 0.3468423 0.1469698 0.2701850 0.0411455 0.0134621 0.0067008 0.3140960 0.0100711 0.0100698 0.2561131 0.2561237 0.3298940 0.0376169 0.0446637 0.2702907 0.0481960 0.0066982 0.0000000 
