28
n297_320   0.0000000 2.3330763 2.3638724 3.5493269 2.4360102 2.4070673 2.2304963 0.1426997 2.4773527 0.3431508 2.2306490 0.1139330 1.2435103 0.1642600 0.3259828 2.0131486 0.3040035 0.6624149 1.9170170 2.3365779 2.6829454 0.0380043 2.3018162 2.2973006 2.2211300 0.3322742 0.3207158 1.9771883 
n292_313   2.3330763 0.0000000 0.0238324 1.9562639 0.1178966 2.6739989 2.0228869 2.7096412 2.7062002 1.8675141 2.5124182 2.4038819 2.5414551 2.7616945 1.8702936 2.0949335 2.0118970 2.6396505 0.5874143 2.7433992 3.7760003 2.2461473 0.0414091 0.0238321 2.9748624 1.8615963 2.1014621 0.5779415 
n299_322   2.3638724 0.0238324 0.0000000 1.9818402 0.1388760 2.6681025 1.9764196 2.7368274 2.7595769 1.8801897 2.5175579 2.4369289 2.6777630 2.7900604 1.8417500 2.0450895 1.9884618 2.5813910 0.5974274 2.7372284 3.3570724 2.2741058 0.0596678 0.0308352 2.9830513 1.9144635 2.0765153 0.5791408 
n255_274   3.5493269 1.9562639 1.9818402 0.0000000 1.8453684 3.2507168 3.0876212 3.4958143 0.3927806 4.3254993 3.3446589 3.3904346 4.6119455 3.2099478 3.7671344 3.2138790 3.7226378 3.6242501 2.5350023 3.1319305 3.1749192 3.1791160 1.9264155 1.9530949 3.3330186 4.0339543 4.2467041 2.1493183 
n274_295   2.4360102 0.1178966 0.1388760 1.8453684 0.0000000 2.9201827 1.8632204 2.7797287 2.4843158 1.9458244 2.4573182 2.7097217 2.5724975 2.8158924 1.9488814 2.0035176 2.0557690 2.7384377 0.5686631 3.1136978 3.6640989 2.4023315 0.1098909 0.1304918 2.8521785 1.9825985 2.0115845 0.5537027 
n296_319   2.4070673 2.6739989 2.6681025 3.2507168 2.9201827 0.0000000 0.8489040 2.1912944 3.3580241 2.0810243 0.1210502 2.3233029 3.1960383 2.2161495 2.0493030 0.9122953 2.1605760 2.7324463 2.5402101 0.0341499 2.7369371 2.2379595 2.7491057 2.8650070 0.1498429 2.2295312 2.2034185 2.5433356 
n265_284   2.2304963 2.0228869 1.9764196 3.0876212 1.8632204 0.8489040 0.0000000 2.0349490 2.8913500 2.4293350 0.8238154 2.2692667 2.3620546 2.3217685 2.3595467 0.1413728 2.7003557 2.3019693 1.9433553 0.8750059 2.5141989 1.9862734 1.9692808 1.9805148 0.8771611 2.6664690 2.5495512 2.1453067 
n293_314   0.1426997 2.7096412 2.7368274 3.4958143 2.7797287 2.1912944 2.0349490 0.0000000 2.4082841 0.3533052 2.0951697 0.1015893 1.3253843 0.0558950 0.3358005 1.9472770 0.3244954 0.6959724 2.3379457 2.0886983 2.8811290 0.1641221 2.6707555 2.4479115 2.0887092 0.3423078 0.3304277 2.4094228 
n251_270   2.4773527 2.7062002 2.7595769 0.3927806 2.4843158 3.3580241 2.8913500 2.4082841 0.0000000 2.8944041 3.3134186 2.5173369 5.0689563 2.3110214 2.8578022 3.4030928 2.7978787 3.1938369 4.1208751 3.0996486 2.4680242 2.4714047 2.6027602 2.7864981 3.7100841 2.7679677 2.7119937 2.8301417 
n290_311   0.3431508 1.8675141 1.8801897 4.3254993 1.9458244 2.0810243 2.4293350 0.3533052 2.8944041 0.0000000 2.0096274 0.3207774 1.1849234 0.3651882 0.0417797 2.0135398 0.1519632 0.6860132 2.2924230 1.9819409 2.2776029 0.3543161 1.8709789 1.8473581 2.1844757 0.0453550 0.1654460 2.1308596 
n285_306   2.2306490 2.5124182 2.5175579 3.3446589 2.4573182 0.1210502 0.8238154 2.0951697 3.3134186 2.0096274 0.0000000 2.2264472 3.0817283 2.1122956 1.9345572 0.8171691 1.9689183 2.4398165 2.2464235 0.1210219 2.3574912 2.1190503 2.8209903 2.7443020 0.0666058 2.0459480 1.9616959 2.6430210 
n275_296   0.1139330 2.4038819 2.4369289 3.3904346 2.7097217 2.3233029 2.2692667 0.1015893 2.5173369 0.3207774 2.2264472 0.0000000 1.3443620 0.1095056 0.3042823 2.1048536 0.2921050 0.6699397 2.2518254 2.2658644 3.2404755 0.1219151 2.4249177 2.2564195 2.3129725 0.3044781 0.2977541 2.3646722 
n200_219   1.2435103 2.5414551 2.6777630 4.6119455 2.5724975 3.1960383 2.3620546 1.3253843 5.0689563 1.1849234 3.0817283 1.3443620 0.0000000 1.3413501 1.2001859 2.1121525 1.1181327 1.1874863 2.4110233 3.0950341 3.4031961 1.2410990 2.7555424 2.6127505 3.0444080 1.2366530 1.0979837 2.9818874 
n294_315   0.1642600 2.7616945 2.7900604 3.2099478 2.8158924 2.2161495 2.3217685 0.0558950 2.3110214 0.3651882 2.1122956 0.1095056 1.3413501 0.0000000 0.3473859 2.0720266 0.3296858 0.7127376 2.5098431 2.1111961 2.6114105 0.1728605 2.7220985 2.4924735 2.1577518 0.3540198 0.3356548 2.7333959 
n289_310   0.3259828 1.8702936 1.8417500 3.7671344 1.9488814 2.0493030 2.3595467 0.3358005 2.8578022 0.0417797 1.9345572 0.3042823 1.2001859 0.3473859 0.0000000 1.9391011 0.1391961 0.6693011 2.1494963 1.9526234 2.3362540 0.3368803 1.8384605 1.7717073 2.0575463 0.0310093 0.1523815 2.0942247 
n266_285   2.0131486 2.0949335 2.0450895 3.2138790 2.0035176 0.9122953 0.1413728 1.9472770 3.4030928 2.0135398 0.8171691 2.1048536 2.1121525 2.0720266 1.9391011 0.0000000 2.0196501 2.0059487 2.2315078 0.9412585 2.1383704 1.8453891 2.1125603 2.0495386 0.9344054 2.1057763 1.8935426 2.5455817 
n296_317   0.3040035 2.0118970 1.9884618 3.7226378 2.0557690 2.1605760 2.7003557 0.3244954 2.7978787 0.1519632 1.9689183 0.2921050 1.1181327 0.3296858 0.1391961 2.0196501 0.0000000 0.6223979 2.1872909 2.0103093 2.3112021 0.3205149 1.9758919 1.9401790 2.1029321 0.1392825 0.0309831 2.1884012 
n236_255   0.6624149 2.6396505 2.5813910 3.6242501 2.7384377 2.7324463 2.3019693 0.6959724 3.1938369 0.6860132 2.4398165 0.6699397 1.1874863 0.7127376 0.6693011 2.0059487 0.6223979 0.0000000 1.9294845 2.6869696 3.1116450 0.7097622 2.5698655 2.5220372 2.6838703 0.6866552 0.6390852 2.0768329 
n278_299   1.9170170 0.5874143 0.5974274 2.5350023 0.5686631 2.5402101 1.9433553 2.3379457 4.1208751 2.2924230 2.2464235 2.2518254 2.4110233 2.5098431 2.1494963 2.2315078 2.1872909 1.9294845 0.0000000 2.7519721 2.8557568 1.9892469 0.5732101 0.5893869 2.4956868 2.3547661 2.1441972 0.1261050 
n295_318   2.3365779 2.7433992 2.7372284 3.1319305 3.1136978 0.0341499 0.8750059 2.0886983 3.0996486 1.9819409 0.1210219 2.2658644 3.0950341 2.1111961 1.9526234 0.9412585 2.0103093 2.6869696 2.7519721 0.0000000 2.5507206 2.2342708 2.9143640 2.9453235 0.1498069 2.1161375 1.9627384 2.7228827 
n244_263   2.6829454 3.7760003 3.3570724 3.1749192 3.6640989 2.7369371 2.5141989 2.8811290 2.4680242 2.2776029 2.3574912 3.2404755 3.4031961 2.6114105 2.3362540 2.1383704 2.3112021 3.1116450 2.8557568 2.5507206 0.0000000 2.7291520 3.9645079 3.7520328 2.0296773 2.4126702 2.1512372 3.1980613 
n298_321   0.0380043 2.2461473 2.2741058 3.1791160 2.4023315 2.2379595 1.9862734 0.1641221 2.4714047 0.3543161 2.1190503 0.1219151 1.2410990 0.1728605 0.3368803 1.8453891 0.3205149 0.7097622 1.9892469 2.2342708 2.7291520 0.0000000 2.2724795 2.2127285 2.1620497 0.3432828 0.3376450 2.1157670 
n280_301   2.3018162 0.0414091 0.0596678 1.9264155 0.1098909 2.7491057 1.9692808 2.6707555 2.6027602 1.8709789 2.8209903 2.4249177 2.7555424 2.7220985 1.8384605 2.1125603 1.9758919 2.5698655 0.5732101 2.9143640 3.9645079 2.2724795 0.0000000 0.0596667 3.2562685 1.8686136 2.0628026 0.5726439 
n300_323   2.2973006 0.0238321 0.0308352 1.9530949 0.1304918 2.8650070 1.9805148 2.4479115 2.7864981 1.8473581 2.7443020 2.2564195 2.6127505 2.4924735 1.7717073 2.0495386 1.9401790 2.5220372 0.5893869 2.9453235 3.7520328 2.2127285 0.0596667 0.0000000 3.3158642 1.8466647 2.0245349 0.5885358 
n286_307   2.2211300 2.9748624 2.9830513 3.3330186 2.8521785 0.1498429 0.8771611 2.0887092 3.7100841 2.1844757 0.0666058 2.3129725 3.0444080 2.1577518 2.0575463 0.9344054 2.1029321 2.6838703 2.4956868 0.1498069 2.0296773 2.1620497 3.2562685 3.3158642 0.0000000 2.0859650 2.0944724 2.9030364 
n287_308   0.3322742 1.8615963 1.9144635 4.0339543 1.9825985 2.2295312 2.6664690 0.3423078 2.7679677 0.0453550 2.0459480 0.3044781 1.2366530 0.3540198 0.0310093 2.1057763 0.1392825 0.6866552 2.3547661 2.1161375 2.4126702 0.3432828 1.8686136 1.8466647 2.0859650 0.0000000 0.1524764 2.1853237 
n295_316   0.3207158 2.1014621 2.0765153 4.2467041 2.0115845 2.2034185 2.5495512 0.3304277 2.7119937 0.1654460 1.9616959 0.2977541 1.0979837 0.3356548 0.1523815 1.8935426 0.0309831 0.6390852 2.1441972 1.9627384 2.1512372 0.3376450 2.0628026 2.0245349 2.0944724 0.1524764 0.0000000 2.1448364 
n277_298   1.9771883 0.5779415 0.5791408 2.1493183 0.5537027 2.5433356 2.1453067 2.4094228 2.8301417 2.1308596 2.6430210 2.3646722 2.9818874 2.7333959 2.0942247 2.5455817 2.1884012 2.0768329 0.1261050 2.7228827 3.1980613 2.1157670 0.5726439 0.5885358 2.9030364 2.1853237 2.1448364 0.0000000 
