24
n280_277   0.0000000 0.2906235 0.0168993 0.0818120 0.2961975 0.2325232 0.0856918 0.0067084 0.2471706 0.0134944 0.0100860 0.3011770 0.2853693 0.2953558 0.2753667 0.2233789 0.3736758 0.2902356 0.3664429 0.3011739 0.2956873 0.2471712 0.3676385 0.3057984 
n287_284   0.2906235 0.0000000 0.3061652 0.2858632 0.0272800 0.2845649 0.2964700 0.2806146 0.2706791 0.3012002 0.2957232 0.0134862 0.0484504 0.0556336 0.0556848 0.2800139 0.4257672 0.0520158 0.4115136 0.1366638 0.0033443 0.2756172 0.4303640 0.1165125 
n300_297   0.0168993 0.3061652 0.0000000 0.0932762 0.3172945 0.2472073 0.0972350 0.0169029 0.2617886 0.0101010 0.0067109 0.3169698 0.3007844 0.3109903 0.2905622 0.2378647 0.3851734 0.3057528 0.3723368 0.3169682 0.3113433 0.2617886 0.3792227 0.3216738 
n278_275   0.0818120 0.2858632 0.0932762 0.0000000 0.2967021 0.2713482 0.0169454 0.0743187 0.2667249 0.0895034 0.0856037 0.2963495 0.2909462 0.3010225 0.2808536 0.2617052 0.4038140 0.2958545 0.3674082 0.2963021 0.2908967 0.2667247 0.3733246 0.3118772 
n295_292   0.2961975 0.0272800 0.3172945 0.2967021 0.0000000 0.2947947 0.3075071 0.2913040 0.2912852 0.3068764 0.3066675 0.0413638 0.0629979 0.0703347 0.0704000 0.2901900 0.4326150 0.0666345 0.4065286 0.1533285 0.0307641 0.2963732 0.4252782 0.1326766 
n286_283   0.2325232 0.2845649 0.2472073 0.2713482 0.2947947 0.0000000 0.2620638 0.2280248 0.1080238 0.2426045 0.2376026 0.2897251 0.2744727 0.2842795 0.2842012 0.0133994 0.3837481 0.2792549 0.3943697 0.2844491 0.2895698 0.1040822 0.4005807 0.2896536 
n277_274   0.0856918 0.2964700 0.0972350 0.0169454 0.3075071 0.2620638 0.0000000 0.0781495 0.2524751 0.0934388 0.0895091 0.3071378 0.2912115 0.3013015 0.2811056 0.2525237 0.4104680 0.2961264 0.3854323 0.2965749 0.3015862 0.2524755 0.3915136 0.3174730 
n274_271   0.0067084 0.2806146 0.0169029 0.0743187 0.2913040 0.2280248 0.0781495 0.0000000 0.2377309 0.0134972 0.0100881 0.2910127 0.2754388 0.2852899 0.2655718 0.2189311 0.3678126 0.2802422 0.3553222 0.2910089 0.2856079 0.2377318 0.3564753 0.3010460 
n265_262   0.2471706 0.2706791 0.2617886 0.2667249 0.2912852 0.1080238 0.2524751 0.2377309 0.0000000 0.2570957 0.2519760 0.2809243 0.2656718 0.2753920 0.2753161 0.1040917 0.3778735 0.2704144 0.3716252 0.2908263 0.2756030 0.0134317 0.3775650 0.2912525 
n292_289   0.0134944 0.3012002 0.0101010 0.0895034 0.3068764 0.2426045 0.0934388 0.0134972 0.2570957 0.0000000 0.0033493 0.3119302 0.2958570 0.3059981 0.2856997 0.2333150 0.3796512 0.3007954 0.3669188 0.3119280 0.3063444 0.2570959 0.3737440 0.3166103 
n299_296   0.0100860 0.2957232 0.0067109 0.0856037 0.3066675 0.2376026 0.0895091 0.0100881 0.2519760 0.0033493 0.0000000 0.3063568 0.2904286 0.3004850 0.2803560 0.2283836 0.3734540 0.2953274 0.3608541 0.3063541 0.3008234 0.2519764 0.3676030 0.3110044 
n289_286   0.3011770 0.0134862 0.3169698 0.2963495 0.0413638 0.2897251 0.3071378 0.2910127 0.2809243 0.3119302 0.3063568 0.0000000 0.0629841 0.0703191 0.0703843 0.2903825 0.4387450 0.0666199 0.4241873 0.1532886 0.0168977 0.2859365 0.4371118 0.1326434 
n293_290   0.2853693 0.0484504 0.3007844 0.2909462 0.0629979 0.2744727 0.2912115 0.2754388 0.2656718 0.2958570 0.2904286 0.0629841 0.0000000 0.0134832 0.0134694 0.2699749 0.4139944 0.0100864 0.4116599 0.1325308 0.0520401 0.2656242 0.4305236 0.1203793 
n297_294   0.2953558 0.0556336 0.3109903 0.3010225 0.0703347 0.2842795 0.3013015 0.2852899 0.2753920 0.3059981 0.3004850 0.0703191 0.0134832 0.0000000 0.0272336 0.2797337 0.4137695 0.0033452 0.4235416 0.1406284 0.0592588 0.2753419 0.4427291 0.1283355 
n275_272   0.2753667 0.0556848 0.2905622 0.2808536 0.0704000 0.2842012 0.2811056 0.2655718 0.2753161 0.2856997 0.2803560 0.0703843 0.0134694 0.0272336 0.0000000 0.2796567 0.4323407 0.0237672 0.4174230 0.1489365 0.0593134 0.2752660 0.4364376 0.1364885 
n285_282   0.2233789 0.2800139 0.2378647 0.2617052 0.2901900 0.0133994 0.2525237 0.2189311 0.1040917 0.2333150 0.2283836 0.2903825 0.2699749 0.2797337 0.2796567 0.0000000 0.3725448 0.2747351 0.3830230 0.2851686 0.2849933 0.1001758 0.3891318 0.2850760 
n244_241   0.3736758 0.4257672 0.3851734 0.4038140 0.4326150 0.3837481 0.4104680 0.3678126 0.3778735 0.3796512 0.3734540 0.4387450 0.4139944 0.4137695 0.4323407 0.3725448 0.0000000 0.4197801 0.3487952 0.4564827 0.4319001 0.3779823 0.3774283 0.4576214 
n298_295   0.2902356 0.0520158 0.3057528 0.2958545 0.0666345 0.2792549 0.2961264 0.2802422 0.2704144 0.3007954 0.2953274 0.0666199 0.0100864 0.0033452 0.0237672 0.2747351 0.4197801 0.0000000 0.4174078 0.1365204 0.0556218 0.2703656 0.4364225 0.1243032 
n251_248   0.3664429 0.4115136 0.3723368 0.3674082 0.4065286 0.3943697 0.3854323 0.3553222 0.3716252 0.3669188 0.3608541 0.4241873 0.4116599 0.4235416 0.4174230 0.3830230 0.3487952 0.4174078 0.0000000 0.4245572 0.4175078 0.3657077 0.0553284 0.4362858 
n200_197   0.3011739 0.1366638 0.3169682 0.2963021 0.1533285 0.2844491 0.2965749 0.2910089 0.2908263 0.3119280 0.3063541 0.1532886 0.1325308 0.1406284 0.1489365 0.2851686 0.4564827 0.1365204 0.4245572 0.0000000 0.1407455 0.2804308 0.4503582 0.1617621 
n290_287   0.2956873 0.0033443 0.3113433 0.2908967 0.0307641 0.2895698 0.3015862 0.2856079 0.2756030 0.3063444 0.3008234 0.0168977 0.0520401 0.0592588 0.0593134 0.2849933 0.4319001 0.0556218 0.4175078 0.1407455 0.0000000 0.2805747 0.4365248 0.1204778 
n266_263   0.2471712 0.2756172 0.2617886 0.2667247 0.2963732 0.1040822 0.2524755 0.2377318 0.0134317 0.2570959 0.2519764 0.2859365 0.2656242 0.2753419 0.2752660 0.1001758 0.3779823 0.2703656 0.3657077 0.2804308 0.2805747 0.0000000 0.3775569 0.2860006 
n255_252   0.3676385 0.4303640 0.3792227 0.3733246 0.4252782 0.4005807 0.3915136 0.3564753 0.3775650 0.3737440 0.3676030 0.4371118 0.4305236 0.4427291 0.4364376 0.3891318 0.3774283 0.4364225 0.0553284 0.4503582 0.4365248 0.3775569 0.0000000 0.4620207 
n236_233   0.3057984 0.1165125 0.3216738 0.3118772 0.1326766 0.2896536 0.3174730 0.3010460 0.2912525 0.3166103 0.3110044 0.1326434 0.1203793 0.1283355 0.1364885 0.2850760 0.4576214 0.1243032 0.4362858 0.1617621 0.1204778 0.2860006 0.4620207 0.0000000 
