25
n287_288   0.0000000 0.0100698 0.0775809 0.2583876 0.2782403 0.2930849 0.2534110 0.2535357 0.0342049 0.2486162 0.2533539 0.0237394 0.0341906 0.0306876 0.0412387 0.0168660 0.2835807 0.3664636 0.0168575 0.2782047 0.4701264 0.0377136 0.1407011 0.2684348 0.3721118 
n290_291   0.0100698 0.0000000 0.0738736 0.2535813 0.2733014 0.2880502 0.2486398 0.2487622 0.0307129 0.2438759 0.2485842 0.0203014 0.0307001 0.0272148 0.0377136 0.0134621 0.2786013 0.3607459 0.0134554 0.2732670 0.4572756 0.0342052 0.1326039 0.2635595 0.3663506 
n236_237   0.0775809 0.0738736 0.0000000 0.2577065 0.2574699 0.2819565 0.2478172 0.2479389 0.0775764 0.2430710 0.2477620 0.0851338 0.0775427 0.0738064 0.0738421 0.0813396 0.2626228 0.3709237 0.0775517 0.2722983 0.4487149 0.0701547 0.1402589 0.2677239 0.3765917 
n278_279   0.2583876 0.2535813 0.2577065 0.0000000 0.2293684 0.2340668 0.0413534 0.0413735 0.2535400 0.0378168 0.0413469 0.2536620 0.2484616 0.2485204 0.2485952 0.2487858 0.2296181 0.3493271 0.2437675 0.2343859 0.4193397 0.2438535 0.2579053 0.0134929 0.3605106 
n285_286   0.2782403 0.2733014 0.2574699 0.2293684 0.0000000 0.1324578 0.2437450 0.2389875 0.2679865 0.2390145 0.2436909 0.2579892 0.2678456 0.2628590 0.2629386 0.2833393 0.0100785 0.3605031 0.2579876 0.1327067 0.4698479 0.2581072 0.2529335 0.2342393 0.3543674 
n265_266   0.2930849 0.2880502 0.2819565 0.2340668 0.1324578 0.0000000 0.2341705 0.2342857 0.2675585 0.2295038 0.2341193 0.2929753 0.2674181 0.2673366 0.2674178 0.2982884 0.1284882 0.3830491 0.2929736 0.0203249 0.5103334 0.2625630 0.2925076 0.2389716 0.3827578 
n280_281   0.2534110 0.2486398 0.2478172 0.0413534 0.2437450 0.2341705 0.0000000 0.0067139 0.2485986 0.0033477 0.0067097 0.2584917 0.2435621 0.2436196 0.2436926 0.2486606 0.2440134 0.3271219 0.2485284 0.2344898 0.3945196 0.2389851 0.2579125 0.0485306 0.3379584 
n299_300   0.2535357 0.2487622 0.2479389 0.0413735 0.2389875 0.2342857 0.0067139 0.0000000 0.2487210 0.0033493 0.0067129 0.2586190 0.2436819 0.2437394 0.2438125 0.2487830 0.2392496 0.3382952 0.2486507 0.2346053 0.4068220 0.2391027 0.2580393 0.0485542 0.3493066 
n293_294   0.0342049 0.0307129 0.0775764 0.2535400 0.2679865 0.2675585 0.2485986 0.2487210 0.0000000 0.2438348 0.2485430 0.0412767 0.0066889 0.0100601 0.0202749 0.0377282 0.2732373 0.3660291 0.0341922 0.2531914 0.4701966 0.0168572 0.1406956 0.2635183 0.3716704 
n274_275   0.2486162 0.2438759 0.2430710 0.0378168 0.2390145 0.2295038 0.0033477 0.0033493 0.2438348 0.0000000 0.0033472 0.2536591 0.2388355 0.2388917 0.2389631 0.2438962 0.2392767 0.3326977 0.2437666 0.2298160 0.4006580 0.2342858 0.2530938 0.0449556 0.3436214 
n292_293   0.2533539 0.2485842 0.2477620 0.0413469 0.2436909 0.2341193 0.0067097 0.0067129 0.2485430 0.0033472 0.0000000 0.2584329 0.2435081 0.2435655 0.2436385 0.2486049 0.2439591 0.3380401 0.2484728 0.2344384 0.4003511 0.2389324 0.2578540 0.0485228 0.3490417 
n296_297   0.0237394 0.0203014 0.0851338 0.2536620 0.2579892 0.2929753 0.2584917 0.2586190 0.0412767 0.2536591 0.2584329 0.0000000 0.0412594 0.0377172 0.0483844 0.0272041 0.2631544 0.3841550 0.0066905 0.2781004 0.4699645 0.0448223 0.1490484 0.2636444 0.3777787 
n294_295   0.0341906 0.0307001 0.0775427 0.2484616 0.2678456 0.2674181 0.2435621 0.2436819 0.0066889 0.2388355 0.2435081 0.0412594 0.0000000 0.0100560 0.0202665 0.0377125 0.2730929 0.3658162 0.0341780 0.2530603 0.4698938 0.0168502 0.1406303 0.2583572 0.3714531 
n275_276   0.0306876 0.0272148 0.0738064 0.2485204 0.2628590 0.2673366 0.2436196 0.2437394 0.0100601 0.2388917 0.2435655 0.0377172 0.0100560 0.0000000 0.0168434 0.0341902 0.2680641 0.3600429 0.0306763 0.2529838 0.4632134 0.0134441 0.1365098 0.2584186 0.3656352 
n297_298   0.0412387 0.0377136 0.0738421 0.2485952 0.2629386 0.2674178 0.2436926 0.2438125 0.0202749 0.2389631 0.2436385 0.0483844 0.0202665 0.0168434 0.0000000 0.0447983 0.2681456 0.3773227 0.0412235 0.2579305 0.4699520 0.0033364 0.1447403 0.2584968 0.3830470 
n289_290   0.0168660 0.0134621 0.0813396 0.2487858 0.2833393 0.2982884 0.2486606 0.2487830 0.0377282 0.2438962 0.2486049 0.0272041 0.0377125 0.0341902 0.0447983 0.0000000 0.2887235 0.3838612 0.0202833 0.2833023 0.4637407 0.0412550 0.1448474 0.2586950 0.3896427 
n286_287   0.2835807 0.2786013 0.2626228 0.2296181 0.0100785 0.1284882 0.2440134 0.2392496 0.2732373 0.2392767 0.2439591 0.2631544 0.2730929 0.2680641 0.2681456 0.2887235 0.0000000 0.3664144 0.2631527 0.1287292 0.4698187 0.2632755 0.2678395 0.2344954 0.3602182 
n255_256   0.3664636 0.3607459 0.3709237 0.3493271 0.3605031 0.3830491 0.3271219 0.3382952 0.3660291 0.3326977 0.3380401 0.3841550 0.3658162 0.3600429 0.3773227 0.3838612 0.3664144 0.0000000 0.3720870 0.3717837 0.3884673 0.3716427 0.3782110 0.3667593 0.0379258 
n295_296   0.0168575 0.0134554 0.0775517 0.2437675 0.2579876 0.2929736 0.2485284 0.2486507 0.0341922 0.2437666 0.2484728 0.0066905 0.0341780 0.0306763 0.0412235 0.0202833 0.2631527 0.3720870 0.0000000 0.2780987 0.4699657 0.0376997 0.1406475 0.2535966 0.3777775 
n266_267   0.2782047 0.2732670 0.2722983 0.2343859 0.1327067 0.0203249 0.2344898 0.2346053 0.2531914 0.2298160 0.2344384 0.2781004 0.2530603 0.2529838 0.2579305 0.2833023 0.1287292 0.3717837 0.2780987 0.0000000 0.5111341 0.2531341 0.2879042 0.2392984 0.3715071 
n244_245   0.4701264 0.4572756 0.4487149 0.4193397 0.4698479 0.5103334 0.3945196 0.4068220 0.4701966 0.4006580 0.4003511 0.4699645 0.4698938 0.4632134 0.4699520 0.4637407 0.4698187 0.3884673 0.4699657 0.5111341 0.0000000 0.4635207 0.4377999 0.4320909 0.3706440 
n298_299   0.0377136 0.0342052 0.0701547 0.2438535 0.2581072 0.2625630 0.2389851 0.2391027 0.0168572 0.2342858 0.2389324 0.0448223 0.0168502 0.0134441 0.0033364 0.0412550 0.2632755 0.3716427 0.0376997 0.2531341 0.4635207 0.0000000 0.1406558 0.2536879 0.3773246 
n200_201   0.1407011 0.1326039 0.1402589 0.2579053 0.2529335 0.2925076 0.2579125 0.2580393 0.1406956 0.2530938 0.2578540 0.1490484 0.1406303 0.1365098 0.1447403 0.1448474 0.2678395 0.3782110 0.1406475 0.2879042 0.4377999 0.1406558 0.0000000 0.2679285 0.3839506 
n277_278   0.2684348 0.2635595 0.2677239 0.0134929 0.2342393 0.2389716 0.0485306 0.0485542 0.2635183 0.0449556 0.0485228 0.2636444 0.2583572 0.2584186 0.2584968 0.2586950 0.2344954 0.3667593 0.2535966 0.2392984 0.4320909 0.2536879 0.2679285 0.0000000 0.3782247 
n251_252   0.3721118 0.3663506 0.3765917 0.3605106 0.3543674 0.3827578 0.3379584 0.3493066 0.3716704 0.3436214 0.3490417 0.3777787 0.3714531 0.3656352 0.3830470 0.3896427 0.3602182 0.0379258 0.3777775 0.3715071 0.3706440 0.3773246 0.3839506 0.3782247 0.0000000 
