25
n236_323   0.0000000 0.3009963 0.1043385 0.4833629 0.0890063 0.2564592 0.4188463 0.1005155 0.1443129 0.2906195 0.0889928 0.0928398 0.0928398 0.2661209 0.4411814 0.1043236 0.2856541 0.3061446 0.2755857 0.2659920 0.4913706 0.5192241 0.4609053 0.2806048 0.3063980 
n265_360   0.3009963 0.0000000 0.2751432 0.3909050 0.2711753 0.2008445 0.3441856 0.2608371 0.2617355 0.0168500 0.2711340 0.2606102 0.2709784 0.2009084 0.3745895 0.2758520 0.2281087 0.1158182 0.2188156 0.2233631 0.3808492 0.4101368 0.3680454 0.2280253 0.1120802 
n297_392   0.1043385 0.2751432 0.0000000 0.4444823 0.0378103 0.2321997 0.3823714 0.0307570 0.1360384 0.2651607 0.0448830 0.0100938 0.0377870 0.2415252 0.4041356 0.0342395 0.2560347 0.3003447 0.2463799 0.2463799 0.4506600 0.4706474 0.4094615 0.2464629 0.3005917 
n244_333   0.4833629 0.3909050 0.4444823 0.0000000 0.4344050 0.3964594 0.3357768 0.4081964 0.4266537 0.3736257 0.4522456 0.4325174 0.4340484 0.3967618 0.3184457 0.4268794 0.4081611 0.4208840 0.3961682 0.4020998 0.2901110 0.2898619 0.3239499 0.4017218 0.4273013 
n290_385   0.0890063 0.2711753 0.0378103 0.4344050 0.0000000 0.2283444 0.3786648 0.0273251 0.1242785 0.2612221 0.0134986 0.0273052 0.0033555 0.2376464 0.4182950 0.0307990 0.2521149 0.2858445 0.2424867 0.2378121 0.4458326 0.4721103 0.4237250 0.2425683 0.2860775 
n278_373   0.2564592 0.2008445 0.2321997 0.3964594 0.2283444 0.0000000 0.3115508 0.2186620 0.2377596 0.1918521 0.2283092 0.2184796 0.2281835 0.0066965 0.3407534 0.2327800 0.0483336 0.2143336 0.0412072 0.0376998 0.3744307 0.3984685 0.3351192 0.0412370 0.2144990 
n244_335   0.4188463 0.3441856 0.3823714 0.3357768 0.3786648 0.3115508 0.0000000 0.3655778 0.3724313 0.3327123 0.3671008 0.3713674 0.3783673 0.3219729 0.3053617 0.3830867 0.3541338 0.3609426 0.3489880 0.3486949 0.3641673 0.3814591 0.3103685 0.3542652 0.3612546 
n275_370   0.1005155 0.2608371 0.0307570 0.4081964 0.0273251 0.2186620 0.3655778 0.0000000 0.1323806 0.2510455 0.0343061 0.0203626 0.0273075 0.2278251 0.3996272 0.0100999 0.2420650 0.2805199 0.2325875 0.2325875 0.4265287 0.4520858 0.4049419 0.2326650 0.2807474 
n200_275   0.1443129 0.2617355 0.1360384 0.4266537 0.1242785 0.2377596 0.3724313 0.1323806 0.0000000 0.2519059 0.1281524 0.1240324 0.1283261 0.2471857 0.4235498 0.1363559 0.2564518 0.2665954 0.2467794 0.2467794 0.4216094 0.4594998 0.4231900 0.2465720 0.2668098 
n266_361   0.2906195 0.0168500 0.2651607 0.3736257 0.2612221 0.1918521 0.3327123 0.2510455 0.2519059 0.0000000 0.2611822 0.2508294 0.2610338 0.2006829 0.3568853 0.2658385 0.2187568 0.1119267 0.2095907 0.2140790 0.3629748 0.3915099 0.3505423 0.2186773 0.1082024 
n295_390   0.0889928 0.2711340 0.0448830 0.4522456 0.0134986 0.2283092 0.3671008 0.0343061 0.1281524 0.2611822 0.0000000 0.0342821 0.0169191 0.2376098 0.4239117 0.0378089 0.2520763 0.2858013 0.2424494 0.2377755 0.4457752 0.4785126 0.4293719 0.2472485 0.2860342 
n298_393   0.0928398 0.2606102 0.0100938 0.4325174 0.0273052 0.2184796 0.3713674 0.0203626 0.1240324 0.2508294 0.0342821 0.0000000 0.0272887 0.2276333 0.4048640 0.0238009 0.2418582 0.2853041 0.2323908 0.2323908 0.4385949 0.4582587 0.4102016 0.2324681 0.2855361 
n287_382   0.0928398 0.2709784 0.0377870 0.4340484 0.0033555 0.2281835 0.3783673 0.0273075 0.1283261 0.2610338 0.0169191 0.0272887 0.0000000 0.2374778 0.4179541 0.0307792 0.2519342 0.2862171 0.2423140 0.2376433 0.4464708 0.4727968 0.4233788 0.2423956 0.2864506 
n277_372   0.2661209 0.2009084 0.2415252 0.3967618 0.2376464 0.0066965 0.3219729 0.2278251 0.2471857 0.2006829 0.2376098 0.2276333 0.2374778 0.0000000 0.3410023 0.2421327 0.0555105 0.2234493 0.0483099 0.0447713 0.3858615 0.4102925 0.3353628 0.0483450 0.2236229 
n251_344   0.4411814 0.3745895 0.4041356 0.3184457 0.4182950 0.3407534 0.3053617 0.3996272 0.4235498 0.3568853 0.4239117 0.4048640 0.4179541 0.3410023 0.0000000 0.4182084 0.3856368 0.3976312 0.3739855 0.3630112 0.3620307 0.3677567 0.0307008 0.3626782 0.3979863 
n294_389   0.1043236 0.2758520 0.0342395 0.4268794 0.0307990 0.2327800 0.3830867 0.0100999 0.1363559 0.2658385 0.0378089 0.0238009 0.0307792 0.2421327 0.4182084 0.0000000 0.2566859 0.2959800 0.2470020 0.2470020 0.4457271 0.4720078 0.4236389 0.2470854 0.2962231 
n292_387   0.2856541 0.2281087 0.2560347 0.4081611 0.2521149 0.0483336 0.3541338 0.2420650 0.2564518 0.2187568 0.2520763 0.2418582 0.2519342 0.0555105 0.3856368 0.2566859 0.0000000 0.2518569 0.0066976 0.0202601 0.3970825 0.4208201 0.3796212 0.0168571 0.2520571 
n285_380   0.3061446 0.1158182 0.3003447 0.4208840 0.2858445 0.2143336 0.3609426 0.2805199 0.2665954 0.1119267 0.2858013 0.2853041 0.2862171 0.2234493 0.3976312 0.2959800 0.2518569 0.0000000 0.2422396 0.2469380 0.3918238 0.4169038 0.3908328 0.2517638 0.0066832 
n299_394   0.2755857 0.2188156 0.2463799 0.3961682 0.2424867 0.0412072 0.3489880 0.2325875 0.2467794 0.2095907 0.2424494 0.2323908 0.2423140 0.0483099 0.3739855 0.2470020 0.0066976 0.2422396 0.0000000 0.0134367 0.3852501 0.4086026 0.3680738 0.0100619 0.2424306 
n274_369   0.2659920 0.2233631 0.2463799 0.4020998 0.2378121 0.0376998 0.3486949 0.2325875 0.2467794 0.2140790 0.2377755 0.2323908 0.2376433 0.0447713 0.3630112 0.2470020 0.0202601 0.2469380 0.0134367 0.0000000 0.3798912 0.3976091 0.3571891 0.0100619 0.2471334 
n255_348   0.4913706 0.3808492 0.4506600 0.2901110 0.4458326 0.3744307 0.3641673 0.4265287 0.4216094 0.3629748 0.4457752 0.4385949 0.4464708 0.3858615 0.3620307 0.4457271 0.3970825 0.3918238 0.3852501 0.3798912 0.0000000 0.0664412 0.3569854 0.3911484 0.3921721 
n251_342   0.5192241 0.4101368 0.4706474 0.2898619 0.4721103 0.3984685 0.3814591 0.4520858 0.4594998 0.3915099 0.4785126 0.4582587 0.4727968 0.4102925 0.3677567 0.4720078 0.4208201 0.4169038 0.4086026 0.3976091 0.0664412 0.0000000 0.3683591 0.3968937 0.4292975 
n255_350   0.4609053 0.3680454 0.4094615 0.3239499 0.4237250 0.3351192 0.3103685 0.4049419 0.4231900 0.3505423 0.4293719 0.4102016 0.4233788 0.3353628 0.0307008 0.4236389 0.3796212 0.3908328 0.3680738 0.3571891 0.3569854 0.3683591 0.0000000 0.3568630 0.3911803 
n280_375   0.2806048 0.2280253 0.2464629 0.4017218 0.2425683 0.0412370 0.3542652 0.2326650 0.2465720 0.2186773 0.2472485 0.2324681 0.2423956 0.0483450 0.3626782 0.2470854 0.0168571 0.2517638 0.0100619 0.0100619 0.3911484 0.3968937 0.3568630 0.0000000 0.2519637 
n286_381   0.3063980 0.1120802 0.3005917 0.4273013 0.2860775 0.2144990 0.3612546 0.2807474 0.2668098 0.1082024 0.2860342 0.2855361 0.2864506 0.2236229 0.3979863 0.2962231 0.2520571 0.0066832 0.2424306 0.2471334 0.3921721 0.4292975 0.3911803 0.2519637 0.0000000 
