22
n287_288   0.0000000 0.0033438 0.0895541 0.2916382 0.2978447 0.3311539 0.2968497 0.2708677 0.0378481 0.2865744 0.0237899 0.0450055 0.0521989 0.0100870 0.3030643 0.3816347 0.3149918 0.3642006 0.0450006 0.1420924 0.2913232 0.3637138 
n290_291   0.0033438 0.0000000 0.0857427 0.2865126 0.2980668 0.3257105 0.2916886 0.2658936 0.0343213 0.2814850 0.0203413 0.0414387 0.0485951 0.0067085 0.3032909 0.3758151 0.3096672 0.3585193 0.0485902 0.1379619 0.2862039 0.3580406 
n236_237   0.0895541 0.0857427 0.0000000 0.2916024 0.3133893 0.3250367 0.2915763 0.2758194 0.0857627 0.2916555 0.0857000 0.0857695 0.1012649 0.0934583 0.3080663 0.3877066 0.3142343 0.3768737 0.1012547 0.1585329 0.2912872 0.3696026 
n278_279   0.2916382 0.2865126 0.2916024 0.0000000 0.2661942 0.2725106 0.0817666 0.0484896 0.2973241 0.0594345 0.2815953 0.3082417 0.3081916 0.2916648 0.2612211 0.3597067 0.2624873 0.4261501 0.3081638 0.2865921 0.0033368 0.3592933 
n285_286   0.2978447 0.2980668 0.3133893 0.2661942 0.0000000 0.1339050 0.3070538 0.2756421 0.3142108 0.2914507 0.3086866 0.3139733 0.3363208 0.3036723 0.0033433 0.3718385 0.1257551 0.4663421 0.3305650 0.3133134 0.2659094 0.3540958 
n265_266   0.3311539 0.3257105 0.3250367 0.2725106 0.1339050 0.0000000 0.3195434 0.2771039 0.3425719 0.2879577 0.3367857 0.3423082 0.3597884 0.3369646 0.1298066 0.3547171 0.0203580 0.4404108 0.3597574 0.3202148 0.2722178 0.3601091 
n280_281   0.2968497 0.2916886 0.2915763 0.0817666 0.3070538 0.3195434 0.0000000 0.0307497 0.3026865 0.0413787 0.2868467 0.3136927 0.3025741 0.2969769 0.3017966 0.3709130 0.3088359 0.4075606 0.3025467 0.2969372 0.0816881 0.3588638 
n299_300   0.2708677 0.2658936 0.2758194 0.0484896 0.2756421 0.2771039 0.0307497 0.0000000 0.2813955 0.0100898 0.2612076 0.2920344 0.2919905 0.2709831 0.2706148 0.3366401 0.2670331 0.4009288 0.2919639 0.2758441 0.0484439 0.3362621 
n293_294   0.0378481 0.0343213 0.0857627 0.2973241 0.3142108 0.3425719 0.3026865 0.2813955 0.0000000 0.2973764 0.0343051 0.0066993 0.0134651 0.0414232 0.3195579 0.3943806 0.3261383 0.3646618 0.0134637 0.1461535 0.2970015 0.3760977 
n274_275   0.2865744 0.2814850 0.2916555 0.0594345 0.2914507 0.2879577 0.0413787 0.0100898 0.2973764 0.0000000 0.2767022 0.3082922 0.3082422 0.2866969 0.2863047 0.3540913 0.2827090 0.4072885 0.3082144 0.2916658 0.0593781 0.3536866 
n296_297   0.0237899 0.0203413 0.0857000 0.2815953 0.3086866 0.3367857 0.2868467 0.2612076 0.0343051 0.2767022 0.0000000 0.0414190 0.0485718 0.0272752 0.3139887 0.3763868 0.3204954 0.3532461 0.0485669 0.1419340 0.2812926 0.3585795 
n275_276   0.0450055 0.0414387 0.0857695 0.3082417 0.3139733 0.3423082 0.3136927 0.2920344 0.0066993 0.3082922 0.0414190 0.0000000 0.0203184 0.0486266 0.3193156 0.4070647 0.3258895 0.3706507 0.0203163 0.1547253 0.3079050 0.3884265 
n297_298   0.0521989 0.0485951 0.1012649 0.3081916 0.3363208 0.3597884 0.3025741 0.2919905 0.0134651 0.3082422 0.0485718 0.0203184 0.0000000 0.0558629 0.3418374 0.3936985 0.3429555 0.3580949 0.0066906 0.1632206 0.3078551 0.3754589 
n289_290   0.0100870 0.0067085 0.0934583 0.2916648 0.3036723 0.3369646 0.2969769 0.2709831 0.0414232 0.2866969 0.0272752 0.0486266 0.0558629 0.0000000 0.3089423 0.3878927 0.3206617 0.3702944 0.0558572 0.1463659 0.2913497 0.3697987 
n286_287   0.3030643 0.3032909 0.3080663 0.2612211 0.0033433 0.1298066 0.3017966 0.2706148 0.3195579 0.2863047 0.3139887 0.3193156 0.3418374 0.3089423 0.0000000 0.3660411 0.1217045 0.4597535 0.3360355 0.3079973 0.2609434 0.3484435 
n255_256   0.3816347 0.3758151 0.3877066 0.3597067 0.3718385 0.3547171 0.3709130 0.3366401 0.3943806 0.3540913 0.3763868 0.4070647 0.3936985 0.3878927 0.3660411 0.0000000 0.3434154 0.2918843 0.3936661 0.3936393 0.3593017 0.0134888 
n266_267   0.3149918 0.3096672 0.3142343 0.2624873 0.1257551 0.0203580 0.3088359 0.2670331 0.3261383 0.2827090 0.3204954 0.3258895 0.3429555 0.3206617 0.1217045 0.3434154 0.0000000 0.4410893 0.3429255 0.3094799 0.2622068 0.3487299 
n244_245   0.3642006 0.3585193 0.3768737 0.4261501 0.4663421 0.4404108 0.4075606 0.4009288 0.3646618 0.4072885 0.3532461 0.3706507 0.3580949 0.3702944 0.4597535 0.2918843 0.4410893 0.0000000 0.3580641 0.4189413 0.4256535 0.2761873 
n298_299   0.0450006 0.0485902 0.1012547 0.3081638 0.3305650 0.3597574 0.3025467 0.2919639 0.0134637 0.3082144 0.0485669 0.0203163 0.0066906 0.0558572 0.3360355 0.3936661 0.3429255 0.3580641 0.0000000 0.1632045 0.3078273 0.3754273 
n200_201   0.1420924 0.1379619 0.1585329 0.2865921 0.3133134 0.3202148 0.2969372 0.2758441 0.1461535 0.2916658 0.1419340 0.1547253 0.1632206 0.1463659 0.3079973 0.3936393 0.3094799 0.4189413 0.1632045 0.0000000 0.2862832 0.3872795 
n277_278   0.2913232 0.2862039 0.2912872 0.0033368 0.2659094 0.2722178 0.0816881 0.0484439 0.2970015 0.0593781 0.2812926 0.3079050 0.3078551 0.2913497 0.2609434 0.3593017 0.2622068 0.4256535 0.3078273 0.2862832 0.0000000 0.3588893 
n251_252   0.3637138 0.3580406 0.3696026 0.3592933 0.3540958 0.3601091 0.3588638 0.3362621 0.3760977 0.3536866 0.3585795 0.3884265 0.3754589 0.3697987 0.3484435 0.0134888 0.3487299 0.2761873 0.3754273 0.3872795 0.3588893 0.0000000 
