25
n287_288   0.0000000 0.0066836 0.0699292 0.2974329 0.2586263 0.2640130 0.3008630 0.2956250 0.0517447 0.2812300 0.2960244 0.0236765 0.0517889 0.0375631 0.0033350 0.2587797 0.3940431 0.0236791 0.2691646 0.3603344 0.0410956 0.2908208 0.1388660 0.2973254 0.3833052 
n290_291   0.0066836 0.0000000 0.0661978 0.2922199 0.2536986 0.2590362 0.2956479 0.2904525 0.0481270 0.2761583 0.2908436 0.0236576 0.0481682 0.0340311 0.0033324 0.2538485 0.3880475 0.0236602 0.2641450 0.3546240 0.0375413 0.2856821 0.1347022 0.2921149 0.3773926 
n236_237   0.0699292 0.0661978 0.0000000 0.3123055 0.2733075 0.2739962 0.3109207 0.3056073 0.0698465 0.2957385 0.3060223 0.0699111 0.0662431 0.0553026 0.0662328 0.2734710 0.3945878 0.0699184 0.2792319 0.3888920 0.0589307 0.3007441 0.1470368 0.3121911 0.3952073 
n278_279   0.2974329 0.2922199 0.3123055 0.0000000 0.2646016 0.2787533 0.0627686 0.0627283 0.2723991 0.0591243 0.0628038 0.2873807 0.2680565 0.2723834 0.2922441 0.2647596 0.3832350 0.2874004 0.2840266 0.3908875 0.2773988 0.0591264 0.3219546 0.0067057 0.3845366 
n285_286   0.2586263 0.2536986 0.2733075 0.2646016 0.0000000 0.1443196 0.2636879 0.2586981 0.2440826 0.2634080 0.2590427 0.2490875 0.2447730 0.2440695 0.2537185 0.0033548 0.3582369 0.2491070 0.1485833 0.3347300 0.2393270 0.2540845 0.2818492 0.2599368 0.3473587 
n265_266   0.2640130 0.2590362 0.2739962 0.2787533 0.1443196 0.0000000 0.2781963 0.2778469 0.2445958 0.2731309 0.2782207 0.2543846 0.2452891 0.2400270 0.2590568 0.1444000 0.3473532 0.2544041 0.0135065 0.3184068 0.2353010 0.2731240 0.2924177 0.2791982 0.3314573 
n280_281   0.3008630 0.2956479 0.3109207 0.0627686 0.2636879 0.2781963 0.0000000 0.0100780 0.2758245 0.0202780 0.0100896 0.2908098 0.2714863 0.2758086 0.2956724 0.2638448 0.3714133 0.2908294 0.2834549 0.4069358 0.2808258 0.0067062 0.3152851 0.0664037 0.3778740 
n299_300   0.2956250 0.2904525 0.3056073 0.0627283 0.2586981 0.2778469 0.0100780 0.0000000 0.2707792 0.0168471 0.0067062 0.2856489 0.2664659 0.2707637 0.2904764 0.2588515 0.3655916 0.2856685 0.2830976 0.4007940 0.2757417 0.0033431 0.3099484 0.0627096 0.3719860 
n293_294   0.0517447 0.0481270 0.0698465 0.2723991 0.2440826 0.2445958 0.2758245 0.2707792 0.0000000 0.2568371 0.2711399 0.0481698 0.0271286 0.0168155 0.0481523 0.2442260 0.3713341 0.0481749 0.2495866 0.3607454 0.0202353 0.2661267 0.1268410 0.2723030 0.3608856 
n274_275   0.2812300 0.2761583 0.2957385 0.0591243 0.2634080 0.2731309 0.0202780 0.0168471 0.2568371 0.0000000 0.0168667 0.2714347 0.2525793 0.2568229 0.2761806 0.2635646 0.3599555 0.2714543 0.2783464 0.3895333 0.2617081 0.0134533 0.3050798 0.0591067 0.3611469 
n292_293   0.2960244 0.2908436 0.3060223 0.0628038 0.2590427 0.2782207 0.0100896 0.0067062 0.2711399 0.0168667 0.0000000 0.2860327 0.2668205 0.2711243 0.2908675 0.2591965 0.3661064 0.2860523 0.2734221 0.3957828 0.2761101 0.0033469 0.3103694 0.0627850 0.3725127 
n296_297   0.0236765 0.0236576 0.0699111 0.2873807 0.2490875 0.2543846 0.2908098 0.2856489 0.0481698 0.2714347 0.2860327 0.0000000 0.0482110 0.0340612 0.0202359 0.2492344 0.3945111 0.0066852 0.2594584 0.3606410 0.0375745 0.2809053 0.1348270 0.2872778 0.3837572 
n275_276   0.0517889 0.0481682 0.0662431 0.2680565 0.2447730 0.2452891 0.2714863 0.2664659 0.0271286 0.2525793 0.2668205 0.0482110 0.0000000 0.0236915 0.0481935 0.2449172 0.3779990 0.0446408 0.2502967 0.3451796 0.0271523 0.2618320 0.1269520 0.2679622 0.3674461 
n297_298   0.0375631 0.0340311 0.0553026 0.2723834 0.2440695 0.2400270 0.2758086 0.2707637 0.0168155 0.2568229 0.2711243 0.0340612 0.0236915 0.0000000 0.0340489 0.2442128 0.3659635 0.0340648 0.2449839 0.3441280 0.0033302 0.2661117 0.1150085 0.2722873 0.3555791 
n289_290   0.0033350 0.0033324 0.0662328 0.2922441 0.2537185 0.2590568 0.2956724 0.2904764 0.0481523 0.2761806 0.2908675 0.0202359 0.0481935 0.0340489 0.0000000 0.2538685 0.3880839 0.0202381 0.2641661 0.3546558 0.0375609 0.2857054 0.1347762 0.2921390 0.3774276 
n286_287   0.2587797 0.2538485 0.2734710 0.2647596 0.0033548 0.1444000 0.2638448 0.2588515 0.2442260 0.2635646 0.2591965 0.2492344 0.2449172 0.2442128 0.2538685 0.0000000 0.3584634 0.2492538 0.1486664 0.3349378 0.2394671 0.2542349 0.2820181 0.2600917 0.3475770 
n255_256   0.3940431 0.3880475 0.3945878 0.3832350 0.3582369 0.3473532 0.3714133 0.3655916 0.3713341 0.3599555 0.3661064 0.3945111 0.3779990 0.3659635 0.3880839 0.3584634 0.0000000 0.3945247 0.3532364 0.3087437 0.3657741 0.3603260 0.4002359 0.3778420 0.0341363 
n295_296   0.0236791 0.0236602 0.0699184 0.2874004 0.2491070 0.2544041 0.2908294 0.2856685 0.0481749 0.2714543 0.2860523 0.0066852 0.0446408 0.0340648 0.0202381 0.2492538 0.3945247 0.0000000 0.2594780 0.3662756 0.0375785 0.2809250 0.1348401 0.2872975 0.3837719 
n266_267   0.2691646 0.2641450 0.2792319 0.2840266 0.1485833 0.0135065 0.2834549 0.2830976 0.2495866 0.2783464 0.2734221 0.2594584 0.2502967 0.2449839 0.2641661 0.1486664 0.3532364 0.2594780 0.0000000 0.3189383 0.2402199 0.2783387 0.2926822 0.2844819 0.3372025 
n244_245   0.3603344 0.3546240 0.3888920 0.3908875 0.3347300 0.3184068 0.4069358 0.4007940 0.3607454 0.3895333 0.3957828 0.3606410 0.3451796 0.3441280 0.3546558 0.3349378 0.3087437 0.3662756 0.3189383 0.0000000 0.3496930 0.3952744 0.3709836 0.3854185 0.2987282 
n298_299   0.0410956 0.0375413 0.0589307 0.2773988 0.2393270 0.2353010 0.2808258 0.2757417 0.0202353 0.2617081 0.2761101 0.0375745 0.0271523 0.0033302 0.0375609 0.2394671 0.3657741 0.0375785 0.2402199 0.3496930 0.0000000 0.2710586 0.1189704 0.2773004 0.3553961 
n300_301   0.2908208 0.2856821 0.3007441 0.0591264 0.2540845 0.2731240 0.0067062 0.0033431 0.2661267 0.0134533 0.0033469 0.2809053 0.2618320 0.2661117 0.2857054 0.2542349 0.3603260 0.2809250 0.2783387 0.3952744 0.2710586 0.0000000 0.3050681 0.0591088 0.3666668 
n200_201   0.1388660 0.1347022 0.1470368 0.3219546 0.2818492 0.2924177 0.3152851 0.3099484 0.1268410 0.3050798 0.3103694 0.1348270 0.1269520 0.1150085 0.1347762 0.2820181 0.4002359 0.1348401 0.2926822 0.3709836 0.1189704 0.3050681 0.0000000 0.3115732 0.3887812 
n277_278   0.2973254 0.2921149 0.3121911 0.0067057 0.2599368 0.2791982 0.0664037 0.0627096 0.2723030 0.0591067 0.0627850 0.2872778 0.2679622 0.2722873 0.2921390 0.2600917 0.3778420 0.2872975 0.2844819 0.3854185 0.2773004 0.0591088 0.3115732 0.0000000 0.3791188 
n251_252   0.3833052 0.3773926 0.3952073 0.3845366 0.3473587 0.3314573 0.3778740 0.3719860 0.3608856 0.3611469 0.3725127 0.3837572 0.3674461 0.3555791 0.3774276 0.3475770 0.0341363 0.3837719 0.3372025 0.2987282 0.3553961 0.3666668 0.3887812 0.3791188 0.0000000 
