26
n299_300   0.0000000 0.0272379 2.0858084 9.0000000 2.8131232 0.5034813 2.1790879 2.4595752 0.0894553 1.9901834 2.3453253 2.6947191 0.0307191 0.4554265 2.6043785 2.7483118 2.3758018 2.3032421 2.3658189 3.0035355 2.5957275 2.3372168 1.9181931 1.7532088 0.0668124 2.5499147 
n300_301   0.0272379 0.0000000 2.1016917 9.0000000 3.0480553 0.4974180 2.3036092 2.4121026 0.0856811 2.0044354 2.3074593 2.6345943 0.0377879 0.4631468 2.4783708 2.6068953 2.4446021 2.3612719 2.3874758 3.2606994 2.6979545 2.3580063 1.9144994 1.7233931 0.0743425 2.6481369 
n290_291   2.0858084 2.1016917 0.0000000 2.9918862 2.3460741 1.9792990 1.0908887 0.5834055 1.9197344 0.0520817 0.1581551 0.3061042 2.0393117 1.8935559 0.3215507 0.3269088 2.3243914 2.6409818 0.0630523 3.1326656 0.3387025 0.1371218 2.0350288 1.8918365 1.9620269 0.3384242 
n244_245   9.0000000 9.0000000 2.9918862 0.0000000 2.3137390 4.9067929 2.2533871 2.2157183 9.0000000 3.0242278 3.3085397 3.5384348 9.0000000 4.5045459 2.9733336 3.0820350 2.7525708 2.7685364 3.0494028 2.3794156 3.5802068 3.7199972 2.4714521 2.4729960 9.0000000 3.3023411 
n255_256   2.8131232 3.0480553 2.3460741 2.3137390 0.0000000 3.6213144 1.9291010 2.2491805 2.7818965 2.3525065 2.2917696 2.0663670 2.4908941 2.8579493 2.2486163 2.2439985 3.1790848 2.7586525 2.1159326 0.2755285 2.0192176 2.2813242 2.2633937 1.7199337 2.6316970 1.8967689 
n277_278   0.5034813 0.4974180 1.9792990 4.9067929 3.6213144 0.0000000 2.1828538 2.1129215 0.4627081 1.9356562 2.0327076 2.2874294 0.5033580 0.1208830 1.8147928 1.8495975 2.4129470 2.3666065 2.0225342 3.9829419 2.0330138 2.2859060 2.5316169 1.9035947 0.4688820 2.0376533 
n200_201   2.1790879 2.3036092 1.0908887 2.2533871 1.9291010 2.1828538 0.0000000 1.2723433 2.0123658 1.1278681 1.1576863 1.2373982 2.1158767 1.7198805 1.3939866 1.3947793 2.3969640 2.4534673 1.1552027 2.3203000 1.2014540 1.1963192 1.9217412 1.7410757 2.3841786 1.2378503 
n236_237   2.4595752 2.4121026 0.5834055 2.2157183 2.2491805 2.1129215 1.2723433 0.0000000 2.4468401 0.6156890 0.6941437 0.6085801 2.5936034 2.0104345 0.6008405 0.5929959 2.7759758 2.7849009 0.6161906 2.4032919 0.6781361 0.6758296 2.2955037 2.6835592 2.6041951 0.6260557 
n274_275   0.0894553 0.0856811 1.9197344 9.0000000 2.7818965 0.4627081 2.0123658 2.4468401 0.0000000 1.8748574 2.1976327 2.3977829 0.1010992 0.4241420 2.3258831 2.4359702 2.5203760 2.5835254 2.1492893 3.3289926 2.2208542 2.2429620 1.7449836 1.6062094 0.0933956 2.2868350 
n289_290   1.9901834 2.0044354 0.0520817 3.0242278 2.3525065 1.9356562 1.1278681 0.6156890 1.8748574 0.0000000 0.1709122 0.3009233 1.9480018 1.8195602 0.3109591 0.3162413 2.2106780 2.4927747 0.0667634 3.1363765 0.3444582 0.1370622 2.0318121 1.8529766 1.9570663 0.3384521 
n296_297   2.3453253 2.3074593 0.1581551 3.3085397 2.2917696 2.0327076 1.1576863 0.6941437 2.1976327 0.1709122 0.0000000 0.3111844 2.4144925 2.0697079 0.3266182 0.3209547 2.5551093 2.8601173 0.1755095 2.5798064 0.3328712 0.0412264 2.2378904 1.8282448 2.2418204 0.3325529 
n275_276   2.6947191 2.6345943 0.3061042 3.5384348 2.0663670 2.2874294 1.2373982 0.6085801 2.3977829 0.3009233 0.3111844 0.0000000 2.6893853 1.9721079 0.1541758 0.1498578 2.3962359 2.8344362 0.2902501 2.1989469 0.1333635 0.2798375 2.3101450 1.9624300 2.4758337 0.1250752 
n292_293   0.0307191 0.0377879 2.0393117 9.0000000 2.4908941 0.5033580 2.1158767 2.5936034 0.1010992 1.9480018 2.4144925 2.6893853 0.0000000 0.4688715 2.5264715 2.6602553 2.4905193 2.4094786 2.3043846 2.6247917 2.7552514 2.4056817 1.9451792 1.7446249 0.0705589 2.7034347 
n278_279   0.4554265 0.4631468 1.8935559 4.5045459 2.8579493 0.1208830 1.7198805 2.0104345 0.4241420 1.8195602 2.0697079 1.9721079 0.4688715 0.0000000 1.8434704 1.8792736 2.0969405 2.0185554 1.9329415 3.0376129 1.6840100 2.2722505 1.9896916 1.6035849 0.4627092 1.7177709 
n298_299   2.6043785 2.4783708 0.3215507 2.9733336 2.2486163 1.8147928 1.3939866 0.6008405 2.3258831 0.3109591 0.3266182 0.1541758 2.5264715 1.8434704 0.0000000 0.0169234 2.3123297 2.6371036 0.3268696 2.5405596 0.1845867 0.3107411 2.6442501 2.3622695 2.3395770 0.1755969 
n297_298   2.7483118 2.6068953 0.3269088 3.0820350 2.2439985 1.8495975 1.3947793 0.5929959 2.4359702 0.3162413 0.3209547 0.1498578 2.6602553 1.8792736 0.0169234 0.0000000 2.3791008 2.7284880 0.3211990 2.4518237 0.1800492 0.3052094 2.6558770 2.2501552 2.4520748 0.1711281 
n286_287   2.3758018 2.4446021 2.3243914 2.7525708 3.1790848 2.4129470 2.3969640 2.7759758 2.5203760 2.2106780 2.5551093 2.3962359 2.4905193 2.0969405 2.3123297 2.3791008 0.0000000 0.0628117 2.2737443 3.0536636 2.3440189 2.6252349 0.8903115 0.9511510 2.3166148 2.2740909 
n285_286   2.3032421 2.3612719 2.6409818 2.7685364 2.7586525 2.3666065 2.4534673 2.7849009 2.5835254 2.4927747 2.8601173 2.8344362 2.4094786 2.0185554 2.6371036 2.7284880 0.0628117 0.0000000 2.5766880 2.9617537 2.6819627 3.0679960 0.8771528 0.9133262 2.2377053 2.5870143 
n287_288   2.3658189 2.3874758 0.0630523 3.0494028 2.1159326 2.0225342 1.1552027 0.6161906 2.1492893 0.0667634 0.1755095 0.2902501 2.3043846 1.9329415 0.3268696 0.3211990 2.2737443 2.5766880 0.0000000 2.8826603 0.3219139 0.1413902 2.1293390 1.8517278 2.2047608 0.3161216 
n251_252   3.0035355 3.2606994 3.1326656 2.3794156 0.2755285 3.9829419 2.3203000 2.4032919 3.3289926 3.1363765 2.5798064 2.1989469 2.6247917 3.0376129 2.5405596 2.4518237 3.0536636 2.9617537 2.8826603 0.0000000 2.2205522 2.5490387 2.7260181 1.9113034 3.1225159 2.0714425 
n294_295   2.5957275 2.6979545 0.3387025 3.5802068 2.0192176 2.0330138 1.2014540 0.6781361 2.2208542 0.3444582 0.3328712 0.1333635 2.7552514 1.6840100 0.1845867 0.1800492 2.3440189 2.6819627 0.3219139 2.2205522 0.0000000 0.3167261 2.0334849 1.8734561 2.6012482 0.0414206 
n295_296   2.3372168 2.3580063 0.1371218 3.7199972 2.2813242 2.2859060 1.1963192 0.6758296 2.2429620 0.1370622 0.0412264 0.2798375 2.4056817 2.2722505 0.3107411 0.3052094 2.6252349 3.0679960 0.1413902 2.5490387 0.3167261 0.0000000 2.1419950 1.7270979 2.2346536 0.3109795 
n266_267   1.9181931 1.9144994 2.0350288 2.4714521 2.2633937 2.5316169 1.9217412 2.2955037 1.7449836 2.0318121 2.2378904 2.3101450 1.9451792 1.9896916 2.6442501 2.6558770 0.8903115 0.8771528 2.1293390 2.7260181 2.0334849 2.1419950 0.0000000 0.1984449 1.8816257 2.0914251 
n265_266   1.7532088 1.7233931 1.8918365 2.4729960 1.7199337 1.9035947 1.7410757 2.6835592 1.6062094 1.8529766 1.8282448 1.9624300 1.7446249 1.6035849 2.3622695 2.2501552 0.9511510 0.9133262 1.8517278 1.9113034 1.8734561 1.7270979 0.1984449 0.0000000 1.7513856 1.8442566 
n280_281   0.0668124 0.0743425 1.9620269 9.0000000 2.6316970 0.4688820 2.3841786 2.6041951 0.0933956 1.9570663 2.2418204 2.4758337 0.0705589 0.4627092 2.3395770 2.4520748 2.3166148 2.2377053 2.2047608 3.1225159 2.6012482 2.2346536 1.8816257 1.7513856 0.0000000 2.6302463 
n293_294   2.5499147 2.6481369 0.3384242 3.3023411 1.8967689 2.0376533 1.2378503 0.6260557 2.2868350 0.3384521 0.3325529 0.1250752 2.7034347 1.7177709 0.1755969 0.1711281 2.2740909 2.5870143 0.3161216 2.0714425 0.0414206 0.3109795 2.0914251 1.8442566 2.6302463 0.0000000 
