21
n277_234   0.0000000 0.3048644 0.3155703 0.2997171 0.0816798 0.0893331 0.4385808 0.3148831 0.3262481 0.3315218 0.3207072 0.3786637 0.3050440 0.0134964 0.4630928 0.0854162 0.3158880 0.3101121 0.0779443 0.3217712 0.0779164 
n295_250   0.3048644 0.0000000 0.0342130 0.0203160 0.2934515 0.2982785 0.3976541 0.0306611 0.0168757 0.1165617 0.0100755 0.3177905 0.0237708 0.3051797 0.3875275 0.2983944 0.0100755 0.0033418 0.2828267 0.1572699 0.2883360 
n275_232   0.3155703 0.0342130 0.0000000 0.0134764 0.3086994 0.3088524 0.3927529 0.0237271 0.0448032 0.1165980 0.0377180 0.3127560 0.0168941 0.3158998 0.3826636 0.3137332 0.0377180 0.0307023 0.2931686 0.1528368 0.3034804 
n294_249   0.2997171 0.0203160 0.0134764 0.0000000 0.2930526 0.2931955 0.3810146 0.0100653 0.0306943 0.1008703 0.0237539 0.2970572 0.0033446 0.3000261 0.3710478 0.2979863 0.0237539 0.0168816 0.2778562 0.1406548 0.2879468 
n299_254   0.0816798 0.2934515 0.3086994 0.2930526 0.0000000 0.0203072 0.4182028 0.3080319 0.3144371 0.3347441 0.3090048 0.3825880 0.2983095 0.0817527 0.4129497 0.0033360 0.2984611 0.2986036 0.0100735 0.3157269 0.0033388 
n280_237   0.0893331 0.2982785 0.3088524 0.2931955 0.0203072 0.0000000 0.4250300 0.3081842 0.3193940 0.3349143 0.3139261 0.4009294 0.2984557 0.0894133 0.4197325 0.0237398 0.3033164 0.3034618 0.0168856 0.3209102 0.0168797 
n251_212   0.4385808 0.3976541 0.3927529 0.3810146 0.4182028 0.4250300 0.0000000 0.3926705 0.4096249 0.4166045 0.3969802 0.2962698 0.3869906 0.4390706 0.0666225 0.4239518 0.3913607 0.3915655 0.4123858 0.4137096 0.4244947 
n298_253   0.3148831 0.0306611 0.0237271 0.0100653 0.3080319 0.3081842 0.3926705 0.0000000 0.0411798 0.1124337 0.0341432 0.3073756 0.0134589 0.3152103 0.3825837 0.3130535 0.0341432 0.0271756 0.2925398 0.1528336 0.3028260 
n287_242   0.3262481 0.0168757 0.0448032 0.0306943 0.3144371 0.3193940 0.4096249 0.0411798 0.0000000 0.1285111 0.0134574 0.3284665 0.0342047 0.3265902 0.3930495 0.3195151 0.0134574 0.0134621 0.3034725 0.1699092 0.3091688 
n236_201   0.3315218 0.1165617 0.1165980 0.1008703 0.3347441 0.3349143 0.4166045 0.1124337 0.1285111 0.0000000 0.1204972 0.3416375 0.1048020 0.3318705 0.4123687 0.3399424 0.1204972 0.1125607 0.3186613 0.1787937 0.3293380 
n290_245   0.3207072 0.0100755 0.0377180 0.0237539 0.3090048 0.3139261 0.3969802 0.0341432 0.0134574 0.1204972 0.0000000 0.3229437 0.0272264 0.3210431 0.3932106 0.3140458 0.0066965 0.0066980 0.2981324 0.1614236 0.3037781 
n244_209   0.3786637 0.3177905 0.3127560 0.2970572 0.3825880 0.4009294 0.2962698 0.3073756 0.3284665 0.3416375 0.3229437 0.0000000 0.3023319 0.3784240 0.2960468 0.3880849 0.3229437 0.3123834 0.3770330 0.3774560 0.3885633 
n293_248   0.3050440 0.0237708 0.0168941 0.0033446 0.2983095 0.2984557 0.3869906 0.0134589 0.0342047 0.1048020 0.0272264 0.3023319 0.0000000 0.3053595 0.3769606 0.3032774 0.0272264 0.0203165 0.2829990 0.1448281 0.2931651 
n278_235   0.0134964 0.3051797 0.3158998 0.3000261 0.0817527 0.0894133 0.4390706 0.3152103 0.3265902 0.3318705 0.3210431 0.3784240 0.3053595 0.0000000 0.4636172 0.0854925 0.3162174 0.3104338 0.0780137 0.3221042 0.0779857 
n255_216   0.4630928 0.3875275 0.3826636 0.3710478 0.4129497 0.4197325 0.0666225 0.3825837 0.3930495 0.4123687 0.3932106 0.2960468 0.3769606 0.4636172 0.0000000 0.4186702 0.3932106 0.3815060 0.4071627 0.4151050 0.4192041 
n300_255   0.0854162 0.2983944 0.3137332 0.2979863 0.0033360 0.0237398 0.4239518 0.3130535 0.3195151 0.3399424 0.3140458 0.3880849 0.3032774 0.0854925 0.4186702 0.0000000 0.3034335 0.3035790 0.0134582 0.3207664 0.0066908 
n289_244   0.3158880 0.0100755 0.0377180 0.0237539 0.2984611 0.3033164 0.3913607 0.0341432 0.0134574 0.1204972 0.0066965 0.3229437 0.0272264 0.3162174 0.3932106 0.3034335 0.0000000 0.0066980 0.2877613 0.1614236 0.2933121 
n296_251   0.3101121 0.0033418 0.0307023 0.0168816 0.2986036 0.3034618 0.3915655 0.0271756 0.0134621 0.1125607 0.0066980 0.3123834 0.0203165 0.3104338 0.3815060 0.3035790 0.0066980 0.0000000 0.2878972 0.1530181 0.2934515 
n274_231   0.0779443 0.2828267 0.2931686 0.2778562 0.0100735 0.0168856 0.4123858 0.2925398 0.3034725 0.3186613 0.2981324 0.3770330 0.2829990 0.0780137 0.4071627 0.0134582 0.2877613 0.2878972 0.0000000 0.3001657 0.0066988 
n200_171   0.3217712 0.1572699 0.1528368 0.1406548 0.3157269 0.3209102 0.4137096 0.1528336 0.1699092 0.1787937 0.1614236 0.3774560 0.1448281 0.3221042 0.4151050 0.3207664 0.1614236 0.1530181 0.3001657 0.0000000 0.3104974 
n292_247   0.0779164 0.2883360 0.3034804 0.2879468 0.0033388 0.0168797 0.4244947 0.3028260 0.3091688 0.3293380 0.3037781 0.3885633 0.2931651 0.0779857 0.4192041 0.0066908 0.2933121 0.2934515 0.0066988 0.3104974 0.0000000 
