24
n287_288   0.0000000 0.0067065 0.1249019 0.3146162 0.3097645 0.3161326 0.3042501 0.2988754 0.0377226 0.3094539 0.0307399 0.0377111 0.0307077 0.0342247 0.0033439 0.3043579 0.3964901 0.0307247 0.3268555 0.3722465 0.0377408 0.3041431 0.1328835 0.3846378 
n290_291   0.0067065 0.0000000 0.1249521 0.3039490 0.3044416 0.3107465 0.2937392 0.2884497 0.0377372 0.2988650 0.0307518 0.0377258 0.0307196 0.0342379 0.0033452 0.2990784 0.3966973 0.0307366 0.3213851 0.3663962 0.0377554 0.2936361 0.1329370 0.3786783 
n236_237   0.1249019 0.1249521 0.0000000 0.3319974 0.3326322 0.3501980 0.3107893 0.3053441 0.1289625 0.3160576 0.1373040 0.1289236 0.1169568 0.1249953 0.1208910 0.3270236 0.4351043 0.1372301 0.3502039 0.3791795 0.1290315 0.3106794 0.1714514 0.4284340 
n278_279   0.3146162 0.3039490 0.3319974 0.0000000 0.2776942 0.3100547 0.0591689 0.0591710 0.3037380 0.0628717 0.3204784 0.3035956 0.2989296 0.3040984 0.3093404 0.2725519 0.4470873 0.3206394 0.3100574 0.3844077 0.3093336 0.0628285 0.3308102 0.4274103 
n285_286   0.3097645 0.3044416 0.3326322 0.2776942 0.0000000 0.1247513 0.2677943 0.2528118 0.3099051 0.2627819 0.3263754 0.3044164 0.2943961 0.2995417 0.3045180 0.0100623 0.4276038 0.3209131 0.1329733 0.4341982 0.3047528 0.2577258 0.3315268 0.4088480 
n265_266   0.3161326 0.3107465 0.3501980 0.3100547 0.1247513 0.0000000 0.2946379 0.2893272 0.3215453 0.2894033 0.3276841 0.3159473 0.3057504 0.3109912 0.3108250 0.1288708 0.4952604 0.3221954 0.0342277 0.4687803 0.3163006 0.2945341 0.3548895 0.4546386 
n280_281   0.3042501 0.2937392 0.3107893 0.0591689 0.2677943 0.2946379 0.0000000 0.0100694 0.2987837 0.0203064 0.3100124 0.2933967 0.2887841 0.2938805 0.2990504 0.2627268 0.4457567 0.3101674 0.2946396 0.4021999 0.2990408 0.0134616 0.3368117 0.4325361 
n299_300   0.2988754 0.2884497 0.3053441 0.0591710 0.2528118 0.2893272 0.0100694 0.0000000 0.2934549 0.0168712 0.3045837 0.2881131 0.2835301 0.2885869 0.2937172 0.2478605 0.4458113 0.3047356 0.2893286 0.3959621 0.2937062 0.0033374 0.3311643 0.4325873 
n293_294   0.0377226 0.0377372 0.1289625 0.3037380 0.3099051 0.3215453 0.2987837 0.2934549 0.0000000 0.3039453 0.0484502 0.0067028 0.0134782 0.0168988 0.0342078 0.3044951 0.3849666 0.0484258 0.3323527 0.3665768 0.0203279 0.2986787 0.1369897 0.3731986 
n274_275   0.3094539 0.2988650 0.3160576 0.0628717 0.2627819 0.2894033 0.0203064 0.0168712 0.3039453 0.0000000 0.3152660 0.2985171 0.2938778 0.2990104 0.3042163 0.2577532 0.4527326 0.3154241 0.2894047 0.3904353 0.3042081 0.0202998 0.3422654 0.4393687 
n296_297   0.0307399 0.0307518 0.1373040 0.3204784 0.3263754 0.3276841 0.3100124 0.3045837 0.0484502 0.3152660 0.0000000 0.0484354 0.0413155 0.0448982 0.0272568 0.3208263 0.4034823 0.0067133 0.3386074 0.3555035 0.0484741 0.3099030 0.1371591 0.3852629 
n294_295   0.0377111 0.0377258 0.1289236 0.3035956 0.3044164 0.3159473 0.2933967 0.2881131 0.0067028 0.2985171 0.0484354 0.0000000 0.0134741 0.0168936 0.0341974 0.2990525 0.3848553 0.0484110 0.3266639 0.3664704 0.0203217 0.2932938 0.1369484 0.3730904 
n275_276   0.0307077 0.0307196 0.1169568 0.2989296 0.2943961 0.3057504 0.2887841 0.2835301 0.0134782 0.2938778 0.0413155 0.0134741 0.0000000 0.0100891 0.0272283 0.2891061 0.3736747 0.0412939 0.3163224 0.3497522 0.0134846 0.2886828 0.1248566 0.3562057 
n297_298   0.0342247 0.0342379 0.1249953 0.3040984 0.2995417 0.3109912 0.2938805 0.2885869 0.0168988 0.2990104 0.0448982 0.0168936 0.0100891 0.0000000 0.0307258 0.2942117 0.3794563 0.0448756 0.3216416 0.3553362 0.0100828 0.2937773 0.1329833 0.3618459 
n289_290   0.0033439 0.0033452 0.1208910 0.3093404 0.3045180 0.3108250 0.2990504 0.2937172 0.0342078 0.3042163 0.0272568 0.0341974 0.0272283 0.0307258 0.0000000 0.2991532 0.3968032 0.0272433 0.3214667 0.3664921 0.0342243 0.2989453 0.1288293 0.3787782 
n286_287   0.3043579 0.2990784 0.3270236 0.2725519 0.0100623 0.1288708 0.2627268 0.2478605 0.3044951 0.2577532 0.3208263 0.2990525 0.2891061 0.2942117 0.2991532 0.0000000 0.4336377 0.3154085 0.1412055 0.4276827 0.2993815 0.2527373 0.3259387 0.4147319 
n255_256   0.3964901 0.3966973 0.4351043 0.4470873 0.4276038 0.4952604 0.4457567 0.4458113 0.3849666 0.4527326 0.4034823 0.3848553 0.3736747 0.3794563 0.3968032 0.4336377 0.0000000 0.3973494 0.4953825 0.3112220 0.3853265 0.4523512 0.4026710 0.0667490 
n295_296   0.0307247 0.0307366 0.1372301 0.3206394 0.3209131 0.3221954 0.3101674 0.3047356 0.0484258 0.3154241 0.0067133 0.0484110 0.0412939 0.0448756 0.0272433 0.3154085 0.3973494 0.0000000 0.3330312 0.3615561 0.0484496 0.3100580 0.1370853 0.3792901 
n266_267   0.3268555 0.3213851 0.3502039 0.3100574 0.1329733 0.0342277 0.2946396 0.2893286 0.3323527 0.2894047 0.3386074 0.3266639 0.3163224 0.3216416 0.3214667 0.1412055 0.4953825 0.3330312 0.0000000 0.4752904 0.3270323 0.2945359 0.3552725 0.4678274 
n244_245   0.3722465 0.3663962 0.3791795 0.3844077 0.4341982 0.4687803 0.4021999 0.3959621 0.3665768 0.3904353 0.3555035 0.3664704 0.3497522 0.3553362 0.3664921 0.4276827 0.3112220 0.3615561 0.4752904 0.0000000 0.3554679 0.4020548 0.3904517 0.2844744 
n298_299   0.0377408 0.0377554 0.1290315 0.3093336 0.3047528 0.3163006 0.2990408 0.2937062 0.0203279 0.3042081 0.0484741 0.0203217 0.0134846 0.0100828 0.0342243 0.2993815 0.3853265 0.0484496 0.3270323 0.3554679 0.0000000 0.2989356 0.1370634 0.3675692 
n300_301   0.3041431 0.2936361 0.3106794 0.0628285 0.2577258 0.2945341 0.0134616 0.0033374 0.2986787 0.0202998 0.3099030 0.2932938 0.2886828 0.2937773 0.2989453 0.2527373 0.4523512 0.3100580 0.2945359 0.4020548 0.2989356 0.0000000 0.3366922 0.4390014 
n200_201   0.1328835 0.1329370 0.1714514 0.3308102 0.3315268 0.3548895 0.3368117 0.3311643 0.1369897 0.3422654 0.1371591 0.1369484 0.1248566 0.1329833 0.1288293 0.3259387 0.4026710 0.1370853 0.3552725 0.3904517 0.1370634 0.3366922 0.0000000 0.4089283 
n251_252   0.3846378 0.3786783 0.4284340 0.4274103 0.4088480 0.4546386 0.4325361 0.4325873 0.3731986 0.4393687 0.3852629 0.3730904 0.3562057 0.3618459 0.3787782 0.4147319 0.0667490 0.3792901 0.4678274 0.2844744 0.3675692 0.4390014 0.4089283 0.0000000 
