25
n286_297   0.0000000 0.1972902 0.1927538 0.3635012 0.1188035 0.2101275 0.1880263 0.1972066 0.2102169 0.4203335 0.2012828 0.0066908 0.3978141 0.2189673 0.0955672 0.2144556 0.2013550 0.2420266 0.1972079 0.2056653 0.3755198 0.2146922 0.3698098 0.1839627 0.2057354 
n300_311   0.1972902 0.0000000 0.0168546 0.3864673 0.2019280 0.2237248 0.0846487 0.2108035 0.2240734 0.4400243 0.2059019 0.1971175 0.4166346 0.2327364 0.1801865 0.2281304 0.2150248 0.2428209 0.0100708 0.2194191 0.3881946 0.2283867 0.3878536 0.0848176 0.2192488 
n274_285   0.1927538 0.0168546 0.0000000 0.3747301 0.2016034 0.2144863 0.0771152 0.2017191 0.2148166 0.4273346 0.1968995 0.1925853 0.4043483 0.2233765 0.1799009 0.2188369 0.2058926 0.2332954 0.0134445 0.2102310 0.3763880 0.2190799 0.3760626 0.0772688 0.2100695 
n244_251   0.3635012 0.3864673 0.3747301 0.0000000 0.3740599 0.3262932 0.3740136 0.3116557 0.3218788 0.3969157 0.3264246 0.3631403 0.3692316 0.3211974 0.3627164 0.3262202 0.3115068 0.3639596 0.3805532 0.3164920 0.3629276 0.3212958 0.3521780 0.3748816 0.3211552 
n266_277   0.1188035 0.2019280 0.2016034 0.3740599 0.0000000 0.2145869 0.1966408 0.2236132 0.2370749 0.4087270 0.2278973 0.1187050 0.3914529 0.2414361 0.0202753 0.2278923 0.2278879 0.2559050 0.2061179 0.2323431 0.3698307 0.2370506 0.3695143 0.1970544 0.2190232 
n294_305   0.2101275 0.2237248 0.2144863 0.3262932 0.2145869 0.0000000 0.2275286 0.0341388 0.0481806 0.3924380 0.0733409 0.2099415 0.3755093 0.0271480 0.1925235 0.0168606 0.0446184 0.1229453 0.2190804 0.0411077 0.3534880 0.0271550 0.3428430 0.2324190 0.0033423 
n278_289   0.1880263 0.0846487 0.0771152 0.3740136 0.1966408 0.2275286 0.0000000 0.2232751 0.2367138 0.4314621 0.2185985 0.1878631 0.4140716 0.2320625 0.1751394 0.2319424 0.2275435 0.2462265 0.0808679 0.2319915 0.3915141 0.2366906 0.3911703 0.0134297 0.2230426 
n296_307   0.1972066 0.2108035 0.2017191 0.3116557 0.2236132 0.0341388 0.2232751 0.0000000 0.0202975 0.3878022 0.0625288 0.1970338 0.3603290 0.0411499 0.2012681 0.0376278 0.0168703 0.1114634 0.2062365 0.0134713 0.3386890 0.0376603 0.3282209 0.2281379 0.0306536 
n290_301   0.2102169 0.2240734 0.2148166 0.3218788 0.2370749 0.0481806 0.2367138 0.0202975 0.0000000 0.4046724 0.0770636 0.2100309 0.3766053 0.0517323 0.2143280 0.0517268 0.0100751 0.1192826 0.2194191 0.0067044 0.3544978 0.0482052 0.3438127 0.2416806 0.0446339 
n251_260   0.4203335 0.4400243 0.4273346 0.3969157 0.4087270 0.3924380 0.4314621 0.3878022 0.4046724 0.0000000 0.4096943 0.4261783 0.0306643 0.4213584 0.4032260 0.3870936 0.3930512 0.4058298 0.4336254 0.3985899 0.0660587 0.4158742 0.0588295 0.4324972 0.3868221 
n236_241   0.2012828 0.2059019 0.1968995 0.3264246 0.2278973 0.0733409 0.2185985 0.0625288 0.0770636 0.4096943 0.0000000 0.2011056 0.3814780 0.0807014 0.2008681 0.0769926 0.0733556 0.1228066 0.2013772 0.0697248 0.3648633 0.0770630 0.3540408 0.2234213 0.0696802 
n285_296   0.0066908 0.1971175 0.1925853 0.3631403 0.1187050 0.2099415 0.1878631 0.1970338 0.2100309 0.4261783 0.2011056 0.0000000 0.3915956 0.2187721 0.0954897 0.2142651 0.2011779 0.2418078 0.1970351 0.2054837 0.3751429 0.2145017 0.3694404 0.1838027 0.2055539 
n255_266   0.3978141 0.4166346 0.4043483 0.3692316 0.3914529 0.3755093 0.4140716 0.3603290 0.3766053 0.0306643 0.3814780 0.3915956 0.0000000 0.3927246 0.3860726 0.3702739 0.3654074 0.3827788 0.4104411 0.3707594 0.0481209 0.3874241 0.0410579 0.4150555 0.3700171 
n297_308   0.2189673 0.2327364 0.2233765 0.3211974 0.2414361 0.0271480 0.2320625 0.0411499 0.0517323 0.4213584 0.0807014 0.2187721 0.3927246 0.0000000 0.2185755 0.0306021 0.0481526 0.1267740 0.2280304 0.0446275 0.3701701 0.0066945 0.3592774 0.2369886 0.0236999 
n265_276   0.0955672 0.1801865 0.1799009 0.3627164 0.0202753 0.1925235 0.1751394 0.2012681 0.2143280 0.4032260 0.2008681 0.0954897 0.3860726 0.2185755 0.0000000 0.2054397 0.2054292 0.2325535 0.1842704 0.2097563 0.3588382 0.2143092 0.3585355 0.1755033 0.1968272 
n275_286   0.2144556 0.2281304 0.2188369 0.3262202 0.2278923 0.0168606 0.2319424 0.0376278 0.0517268 0.3870936 0.0769926 0.2142651 0.3702739 0.0306021 0.2054397 0.0000000 0.0481476 0.1230265 0.2234580 0.0446229 0.3483918 0.0306099 0.3378114 0.2368646 0.0134578 
n289_300   0.2013550 0.2150248 0.2058926 0.3115068 0.2278879 0.0446184 0.2275435 0.0168703 0.0100751 0.3930512 0.0733556 0.2011779 0.3654074 0.0481526 0.2054292 0.0481476 0.0000000 0.1191450 0.2104343 0.0033436 0.3436334 0.0446410 0.3331034 0.2324354 0.0410897 
n200_201   0.2420266 0.2428209 0.2332954 0.3639596 0.2559050 0.1229453 0.2462265 0.1114634 0.1192826 0.4058298 0.1228066 0.2418078 0.3827788 0.1267740 0.2325535 0.1230265 0.1191450 0.0000000 0.2380308 0.1152940 0.3661009 0.1229321 0.3552378 0.2560323 0.1190267 
n280_291   0.1972079 0.0100708 0.0134445 0.3805532 0.2061179 0.2190804 0.0808679 0.2062365 0.2194191 0.4336254 0.2013772 0.1970351 0.4104411 0.2280304 0.1842704 0.2234580 0.2104343 0.2380308 0.0000000 0.2148003 0.3822453 0.2237077 0.3819122 0.0810291 0.2146344 
n287_298   0.2056653 0.2194191 0.2102310 0.3164920 0.2323431 0.0411077 0.2319915 0.0134713 0.0067044 0.3985899 0.0697248 0.2054837 0.3707594 0.0446275 0.2097563 0.0446229 0.0033436 0.1152940 0.2148003 0.0000000 0.3488377 0.0411285 0.3382390 0.2369165 0.0375933 
n251_258   0.3755198 0.3881946 0.3763880 0.3629276 0.3698307 0.3534880 0.3915141 0.3386890 0.3544978 0.0660587 0.3648633 0.3751429 0.0481209 0.3701701 0.3588382 0.3483918 0.3436334 0.3661009 0.3822453 0.3488377 0.0000000 0.3650143 0.0066915 0.3924332 0.3481535 
n298_309   0.2146922 0.2283867 0.2190799 0.3212958 0.2370506 0.0271550 0.2366906 0.0376603 0.0482052 0.4158742 0.0770630 0.2145017 0.3874241 0.0066945 0.2143092 0.0306099 0.0446410 0.1229321 0.2237077 0.0411285 0.3650143 0.0000000 0.3541886 0.2416550 0.0237059 
n255_264   0.3698098 0.3878536 0.3760626 0.3521780 0.3695143 0.3428430 0.3911703 0.3282209 0.3438127 0.0588295 0.3540408 0.3694404 0.0410579 0.3592774 0.3585355 0.3378114 0.3331034 0.3552378 0.3819122 0.3382390 0.0066915 0.3541886 0.0000000 0.3920876 0.3375819 
n277_288   0.1839627 0.0848176 0.0772688 0.3748816 0.1970544 0.2324190 0.0134297 0.2281379 0.2416806 0.4324972 0.2234213 0.1838027 0.4150555 0.2369886 0.1755033 0.2368646 0.2324354 0.2560323 0.0810291 0.2369165 0.3924332 0.2416550 0.3920876 0.0000000 0.2278983 
n293_304   0.2057354 0.2192488 0.2100695 0.3211552 0.2190232 0.0033423 0.2230426 0.0306536 0.0446339 0.3868221 0.0696802 0.2055539 0.3700171 0.0236999 0.1968272 0.0134578 0.0410897 0.1190267 0.2146344 0.0375933 0.3481535 0.0237059 0.3375819 0.2278983 0.0000000 
