22
n292_293   0.0000000 0.2466043 0.2513731 0.2556450 0.3651535 0.3164264 0.2607463 0.0134703 0.2516394 0.3705317 0.2698089 0.0520563 0.2655380 0.2652891 0.3585712 0.2559955 0.2559759 0.2905543 0.3019724 0.0703992 0.0134753 0.2755715 
n287_288   0.2466043 0.0000000 0.0134689 0.0306988 0.3264597 0.3011578 0.0307116 0.2512527 0.0168792 0.3318117 0.0592421 0.2367512 0.0377483 0.0377171 0.3147271 0.0203059 0.0203044 0.2960127 0.1403123 0.2509968 0.2467165 0.2759823 
n290_291   0.2513731 0.0134689 0.0000000 0.0237530 0.3212724 0.2961328 0.0237628 0.2560508 0.0033408 0.3265874 0.0591877 0.2414478 0.0307235 0.0306981 0.3096342 0.0134678 0.0134668 0.2960312 0.1321504 0.2557893 0.2514879 0.2760001 
n294_295   0.2556450 0.0306988 0.0237530 0.0000000 0.3153587 0.2955696 0.0067011 0.2603408 0.0272164 0.3206217 0.0554962 0.2456720 0.0134761 0.0134650 0.3038486 0.0237419 0.0237402 0.2904698 0.1320616 0.2600748 0.2557618 0.2706140 
n251_252   0.3651535 0.3264597 0.3212724 0.3153587 0.0000000 0.4004813 0.3209470 0.3645875 0.3216267 0.0376613 0.3473993 0.3761362 0.3317910 0.3314704 0.2684129 0.3211166 0.3210917 0.3881479 0.3832574 0.3813046 0.3707958 0.3764407 
n286_287   0.3164264 0.3011578 0.2961328 0.2955696 0.4004813 0.0000000 0.3010010 0.3215173 0.2964551 0.4128761 0.3107437 0.2895310 0.2904408 0.3005426 0.4280624 0.2959890 0.2959661 0.1868655 0.3656279 0.3047725 0.3160788 0.1653162 
n275_276   0.2607463 0.0307116 0.0237628 0.0067011 0.3209470 0.3010010 0.0000000 0.2654775 0.0272276 0.3262555 0.0627869 0.2506874 0.0134816 0.0134706 0.3093236 0.0237517 0.0237500 0.2958591 0.1321201 0.2652053 0.2608659 0.2758410 
n274_275   0.0134703 0.2512527 0.2560508 0.2603408 0.3645875 0.3215173 0.2654775 0.0000000 0.2563227 0.3699554 0.2745874 0.0556455 0.2702975 0.2700437 0.3526004 0.2606990 0.2606790 0.2954745 0.3069835 0.0740809 0.0134808 0.2803964 
n289_290   0.2516394 0.0168792 0.0033408 0.0272164 0.3216267 0.2964551 0.0272276 0.2563227 0.0000000 0.3269486 0.0628378 0.2417018 0.0342261 0.0341977 0.3099723 0.0168777 0.0168765 0.2963533 0.1281248 0.2560607 0.2517544 0.2762969 
n255_256   0.3705317 0.3318117 0.3265874 0.3206217 0.0376613 0.4128761 0.3262555 0.3699554 0.3269486 0.0000000 0.3476375 0.3815884 0.3260641 0.3257502 0.2688077 0.3264289 0.3264036 0.3936212 0.3778730 0.3929765 0.3762139 0.3818318 
n236_237   0.2698089 0.0592421 0.0591877 0.0554962 0.3473993 0.3107437 0.0627869 0.2745874 0.0628378 0.3476375 0.0000000 0.2645426 0.0701710 0.0701115 0.3297567 0.0591589 0.0591545 0.3053627 0.1479953 0.2843520 0.2699331 0.2901861 
n278_279   0.0520563 0.2367512 0.2414478 0.2456720 0.3761362 0.2895310 0.2506874 0.0556455 0.2417018 0.3815884 0.2645426 0.0000000 0.2554083 0.2551704 0.3468371 0.2364138 0.2459868 0.2648223 0.2963995 0.0169092 0.0520775 0.2503989 
n297_298   0.2655380 0.0377483 0.0307235 0.0134761 0.3317910 0.2904408 0.0134816 0.2702975 0.0342261 0.3260641 0.0701710 0.2554083 0.0000000 0.0066994 0.3097932 0.0307092 0.0307069 0.3008848 0.1403372 0.2700198 0.2656601 0.2807353 
n298_299   0.2652891 0.0377171 0.0306981 0.0134650 0.3314704 0.3005426 0.0134706 0.2700437 0.0341977 0.3257502 0.0701115 0.2551704 0.0066994 0.0000000 0.3094975 0.0306838 0.0306815 0.3005978 0.1402136 0.2697665 0.2654110 0.2804700 
n244_245   0.3585712 0.3147271 0.3096342 0.3038486 0.2684129 0.4280624 0.3093236 0.3526004 0.3099723 0.2688077 0.3297567 0.3468371 0.3097932 0.3094975 0.0000000 0.2990061 0.3094606 0.3801764 0.3595386 0.3521017 0.3530090 0.3632820 
n296_297   0.2559955 0.0203059 0.0134678 0.0237419 0.3211166 0.2959890 0.0237517 0.2606990 0.0168777 0.3264289 0.0591589 0.2364138 0.0307092 0.0306838 0.2990061 0.0000000 0.0066997 0.2855641 0.1361093 0.2506375 0.2561127 0.2658321 
n295_296   0.2559759 0.0203044 0.0134668 0.0237402 0.3210917 0.2959661 0.0237500 0.2606790 0.0168765 0.3264036 0.0591545 0.2459868 0.0307069 0.0306815 0.3094606 0.0066997 0.0000000 0.2958646 0.1360991 0.2604124 0.2560930 0.2758449 
n266_267   0.2905543 0.2960127 0.2960312 0.2904698 0.3881479 0.1868655 0.2958591 0.2954745 0.2963533 0.3936212 0.3053627 0.2648223 0.3008848 0.3005978 0.3801764 0.2855641 0.2958646 0.0000000 0.3226034 0.2847985 0.2902402 0.0307295 
n200_201   0.3019724 0.1403123 0.1321504 0.1320616 0.3832574 0.3656279 0.1321201 0.3069835 0.1281248 0.3778730 0.1479953 0.2963995 0.1403372 0.1402136 0.3595386 0.1361093 0.1360991 0.3226034 0.0000000 0.3065674 0.3021149 0.3116480 
n277_278   0.0703992 0.2509968 0.2557893 0.2600748 0.3813046 0.3047725 0.2652053 0.0740809 0.2560607 0.3929765 0.2843520 0.0169092 0.2700198 0.2697665 0.3521017 0.2506375 0.2604124 0.2847985 0.3065674 0.0000000 0.0704281 0.2699617 
n280_281   0.0134753 0.2467165 0.2514879 0.2557618 0.3707958 0.3160788 0.2608659 0.0134808 0.2517544 0.3762139 0.2699331 0.0520775 0.2656601 0.2654110 0.3530090 0.2561127 0.2560930 0.2902402 0.3021149 0.0704281 0.0000000 0.2752761 
n265_266   0.2755715 0.2759823 0.2760001 0.2706140 0.3764407 0.1653162 0.2758410 0.2803964 0.2762969 0.3818318 0.2901861 0.2503989 0.2807353 0.2804700 0.3632820 0.2658321 0.2758449 0.0307295 0.3116480 0.2699617 0.2752761 0.0000000 
