25
n287_288   0.0000000 0.0100691 0.1118834 0.2621616 0.3165430 0.2956628 0.2663345 0.2617805 0.0447429 0.2615464 0.2566811 0.0202796 0.0411740 0.0376541 0.0341447 0.0134533 0.3217882 0.4868253 0.0168579 0.3004371 0.4948255 0.2616923 0.1696725 0.2673666 0.4792583 
n290_291   0.0100691 0.0000000 0.1079558 0.2670487 0.3007474 0.2854946 0.2712403 0.2666597 0.0341358 0.2664207 0.2615222 0.0100588 0.0306287 0.0271622 0.0237077 0.0033365 0.3058758 0.4668297 0.0066895 0.2902102 0.4745903 0.2665696 0.1568776 0.2722934 0.4594941 
n236_237   0.1118834 0.1079558 0.0000000 0.2664175 0.2798237 0.2700746 0.2607357 0.2708253 0.1120080 0.2559956 0.2511804 0.1196855 0.1080380 0.1041741 0.1003088 0.1118071 0.2847927 0.4664135 0.1157384 0.2746952 0.4653671 0.2561378 0.1399745 0.2763101 0.4334193 
n278_279   0.2621616 0.2670487 0.2664175 0.0000000 0.2385022 0.2434350 0.0628817 0.0703128 0.2628103 0.0592554 0.0556239 0.2818373 0.2577748 0.2575797 0.2527369 0.2718399 0.2432272 0.3763563 0.2768336 0.2385157 0.4004685 0.0592860 0.2576528 0.0135024 0.3824575 
n285_286   0.3165430 0.3007474 0.2798237 0.2385022 0.0000000 0.1319714 0.2564199 0.2664633 0.2912903 0.2516987 0.2469038 0.3110636 0.2860601 0.2908959 0.2858434 0.3057353 0.0134839 0.3988054 0.3109552 0.1159471 0.4604094 0.2518386 0.2903076 0.2480459 0.3924770 
n265_266   0.2956628 0.2854946 0.2700746 0.2434350 0.1319714 0.0000000 0.2619759 0.2721294 0.2863634 0.2572070 0.2523625 0.3006118 0.2811668 0.2859760 0.2809540 0.2903853 0.1360060 0.3803360 0.2954942 0.0134583 0.4485322 0.2573505 0.2859918 0.2530547 0.3746022 
n280_281   0.2663345 0.2712403 0.2607357 0.0628817 0.2564199 0.2619759 0.0000000 0.0203000 0.2716377 0.0100673 0.0066953 0.2860860 0.2665507 0.2663492 0.2614607 0.2760485 0.2612466 0.3879140 0.2810624 0.2569262 0.4237688 0.0100729 0.2612487 0.0628631 0.3876322 
n299_300   0.2617805 0.2666597 0.2708253 0.0703128 0.2664633 0.2721294 0.0203000 0.0000000 0.2670505 0.0168808 0.0134710 0.2814245 0.2619932 0.2617951 0.2569331 0.2714434 0.2713622 0.4000851 0.2764289 0.2669967 0.4367305 0.0100797 0.2713655 0.0702918 0.3997927 
n293_294   0.0447429 0.0341358 0.1120080 0.2628103 0.2912903 0.2863634 0.2716377 0.2670505 0.0000000 0.2668109 0.2619049 0.0446969 0.0033452 0.0134736 0.0100804 0.0376273 0.2963607 0.4546003 0.0411539 0.2910947 0.4744041 0.2669601 0.1571020 0.2726934 0.4536957 
n274_275   0.2615464 0.2664207 0.2559956 0.0592554 0.2516987 0.2572070 0.0100673 0.0168808 0.2668109 0.0000000 0.0033408 0.2811705 0.2617588 0.2567901 0.2567040 0.2711997 0.2564948 0.3822832 0.2761801 0.2521927 0.4243331 0.0067012 0.2564965 0.0592380 0.3820061 
n292_293   0.2566811 0.2615222 0.2511804 0.0556239 0.2469038 0.2523625 0.0066953 0.0134710 0.2619049 0.0033408 0.0000000 0.2761711 0.2568896 0.2566956 0.2518717 0.2662703 0.2516676 0.3765348 0.2712155 0.2473853 0.4182417 0.0033423 0.2516688 0.0556077 0.3762625 
n296_297   0.0202796 0.0100588 0.1196855 0.2818373 0.3110636 0.3006118 0.2860860 0.2814245 0.0446969 0.2811705 0.2761711 0.0000000 0.0411317 0.0376155 0.0341097 0.0134388 0.3162664 0.4730729 0.0033357 0.3054130 0.4942369 0.2813284 0.1652509 0.2872027 0.4723516 
n294_295   0.0411740 0.0306287 0.1080380 0.2577748 0.2860601 0.2811668 0.2665507 0.2619932 0.0033452 0.2617588 0.2568896 0.0411317 0.0000000 0.0100750 0.0067002 0.0341021 0.2910915 0.4609539 0.0376087 0.2858666 0.4809325 0.2619049 0.1528319 0.2675842 0.4600340 
n275_276   0.0376541 0.0271622 0.1041741 0.2575797 0.2908959 0.2859760 0.2663492 0.2617951 0.0134736 0.2567901 0.2566956 0.0376155 0.0100750 0.0000000 0.0033425 0.0306202 0.2959588 0.4547802 0.0341097 0.2907006 0.4746034 0.2617069 0.1487108 0.2673813 0.4538745 
n297_298   0.0341447 0.0237077 0.1003088 0.2527369 0.2858434 0.2809540 0.2614607 0.2569331 0.0100804 0.2567040 0.2518717 0.0341097 0.0067002 0.0033425 0.0000000 0.0271499 0.2908706 0.4484471 0.0306216 0.2856501 0.4680991 0.2568469 0.1445779 0.2624720 0.4475565 
n289_290   0.0134533 0.0033365 0.1118071 0.2718399 0.3057353 0.2903853 0.2760485 0.2714434 0.0376273 0.2711997 0.2662703 0.0134388 0.0341021 0.0306202 0.0271499 0.0000000 0.3108973 0.4607058 0.0100543 0.2951269 0.4808594 0.2713514 0.1610003 0.2771218 0.4534344 
n286_287   0.3217882 0.3058758 0.2847927 0.2432272 0.0134839 0.1360060 0.2612466 0.2713622 0.2963607 0.2564948 0.2516676 0.3162664 0.2910915 0.2959588 0.2908706 0.3108973 0.0000000 0.4046750 0.3161558 0.1198892 0.4605570 0.2566376 0.2953578 0.2528342 0.3982912 
n255_256   0.4868253 0.4668297 0.4664135 0.3763563 0.3988054 0.3803360 0.3879140 0.4000851 0.4546003 0.3822832 0.3765348 0.4730729 0.4609539 0.4547802 0.4484471 0.4607058 0.4046750 0.0000000 0.4728863 0.3862770 0.3704989 0.3825045 0.4670349 0.3997285 0.0519469 
n295_296   0.0168579 0.0066895 0.1157384 0.2768336 0.3109552 0.2954942 0.2810624 0.2764289 0.0411539 0.2761801 0.2712155 0.0033357 0.0376087 0.0341097 0.0306216 0.0100543 0.3161558 0.4728863 0.0000000 0.3002658 0.4875563 0.2763348 0.1610248 0.2821574 0.4721654 
n266_267   0.3004371 0.2902102 0.2746952 0.2385157 0.1159471 0.0134583 0.2569262 0.2669967 0.2910947 0.2521927 0.2473853 0.3054130 0.2858666 0.2907006 0.2856501 0.2951269 0.1198892 0.3862770 0.3002658 0.0000000 0.4418706 0.2523331 0.2855580 0.2480626 0.3746408 
n244_245   0.4948255 0.4745903 0.4653671 0.4004685 0.4604094 0.4485322 0.4237688 0.4367305 0.4744041 0.4243331 0.4182417 0.4942369 0.4809325 0.4746034 0.4680991 0.4808594 0.4605570 0.3704989 0.4875563 0.4418706 0.0000000 0.4182560 0.4422811 0.4246592 0.3424733 
n300_301   0.2616923 0.2665696 0.2561378 0.0592860 0.2518386 0.2573505 0.0100729 0.0100797 0.2669601 0.0067012 0.0033423 0.2813284 0.2619049 0.2617069 0.2568469 0.2713514 0.2566376 0.3825045 0.2763348 0.2523331 0.4182560 0.0000000 0.2566392 0.0592686 0.3822271 
n200_201   0.1696725 0.1568776 0.1399745 0.2576528 0.2903076 0.2859918 0.2612487 0.2713655 0.1571020 0.2564965 0.2516688 0.1652509 0.1528319 0.1487108 0.1445779 0.1610003 0.2953578 0.4670349 0.1610248 0.2855580 0.4422811 0.2566392 0.0000000 0.2674580 0.4671320 
n277_278   0.2673666 0.2722934 0.2763101 0.0135024 0.2480459 0.2530547 0.0628631 0.0702918 0.2726934 0.0592380 0.0556077 0.2872027 0.2675842 0.2673813 0.2624720 0.2771218 0.2528342 0.3997285 0.2821574 0.2480626 0.4246592 0.0592686 0.2674580 0.0000000 0.4060526 
n251_252   0.4792583 0.4594941 0.4334193 0.3824575 0.3924770 0.3746022 0.3876322 0.3997927 0.4536957 0.3820061 0.3762625 0.4723516 0.4600340 0.4538745 0.4475565 0.4534344 0.3982912 0.0519469 0.4721654 0.3746408 0.3424733 0.3822271 0.4671320 0.4060526 0.0000000 
