21
n292_293   0.0000000 0.2461614 0.2414730 0.2318458 0.3773668 0.2754343 0.2458048 0.0033566 0.3821605 0.2842965 0.0703213 0.2455485 0.2455485 0.4784975 0.2365485 0.2366902 0.2661099 0.2897267 0.2805583 0.0739427 0.2809034 
n287_288   0.2461614 0.0000000 0.0033408 0.0168744 0.3658898 0.2797754 0.0271867 0.2510672 0.3769470 0.0736913 0.2465550 0.0341562 0.0341562 0.4226135 0.0203026 0.0203014 0.2850185 0.1159255 0.2849270 0.2414405 0.3001757 
n290_291   0.2414730 0.0033408 0.0000000 0.0202876 0.3654855 0.2797336 0.0306436 0.2463458 0.3765284 0.0773570 0.2418576 0.0376444 0.0376444 0.4283775 0.0237313 0.0237299 0.2849757 0.1198036 0.2848843 0.2367810 0.3001304 
n294_295   0.2318458 0.0168744 0.0202876 0.0000000 0.3714738 0.2748943 0.0100569 0.2366456 0.3826149 0.0700098 0.2414884 0.0168451 0.0168451 0.4218139 0.0033382 0.0237380 0.2801010 0.1120148 0.2800110 0.2364206 0.2951611 
n251_252   0.3773668 0.3658898 0.3654855 0.3714738 0.0000000 0.3877429 0.3884562 0.3833218 0.0341220 0.4298350 0.3716993 0.3880380 0.3767270 0.3149975 0.3772124 0.3832310 0.3729292 0.4307291 0.3881234 0.3595521 0.3901422 
n286_287   0.2754343 0.2797754 0.2797336 0.2748943 0.3877429 0.0000000 0.2897118 0.2805583 0.3992222 0.3095686 0.2859124 0.2894065 0.2894065 0.4504283 0.2798931 0.2798635 0.1161514 0.3207190 0.0033427 0.2804598 0.1280910 
n275_276   0.2458048 0.0271867 0.0306436 0.0100569 0.3884562 0.2897118 0.0000000 0.2507033 0.3998500 0.0774609 0.2556493 0.0271393 0.0271393 0.4399389 0.0134442 0.0341490 0.2950337 0.1238091 0.2949392 0.2504657 0.3104041 
n274_275   0.0033566 0.2510672 0.2463458 0.2366456 0.3833218 0.2805583 0.2507033 0.0000000 0.3881447 0.2894734 0.0740703 0.2504414 0.2504414 0.4853318 0.2413823 0.2415273 0.2663520 0.2949503 0.2857229 0.0777089 0.2811612 
n255_256   0.3821605 0.3769470 0.3765284 0.3826149 0.0341220 0.3992222 0.3998500 0.3881447 0.0000000 0.4299522 0.3769034 0.3994190 0.3879410 0.3198276 0.3884393 0.3998767 0.3890484 0.4368372 0.3996168 0.3646742 0.4066086 
n236_237   0.2842965 0.0736913 0.0773570 0.0700098 0.4298350 0.3095686 0.0774609 0.2894734 0.4299522 0.0000000 0.2948586 0.0886353 0.0886353 0.4702441 0.0737144 0.0811237 0.3090798 0.1437500 0.3149423 0.2792436 0.3195328 
n278_279   0.0703213 0.2465550 0.2418576 0.2414884 0.3716993 0.2859124 0.2556493 0.0740703 0.3769034 0.2948586 0.0000000 0.2553818 0.2553818 0.4605665 0.2462607 0.2416956 0.2813595 0.2953004 0.2911250 0.0169086 0.2964938 
n297_298   0.2455485 0.0341562 0.0376444 0.0168451 0.3880380 0.2894065 0.0271393 0.2504414 0.3994190 0.0886353 0.2553818 0.0000000 0.0066739 0.4459460 0.0202673 0.0411888 0.2947224 0.1236846 0.2946280 0.2502043 0.3100755 
n298_299   0.2455485 0.0341562 0.0376444 0.0168451 0.3767270 0.2894065 0.0271393 0.2504414 0.3879410 0.0886353 0.2553818 0.0066739 0.0000000 0.4337720 0.0202673 0.0411888 0.2947224 0.1236846 0.2946280 0.2502043 0.3100755 
n244_245   0.4784975 0.4226135 0.4283775 0.4218139 0.3149975 0.4504283 0.4399389 0.4853318 0.3198276 0.4702441 0.4605665 0.4459460 0.4337720 0.0000000 0.4279394 0.4398632 0.4788131 0.4642438 0.4569833 0.4528175 0.4985730 
n293_294   0.2365485 0.0203026 0.0237313 0.0033382 0.3772124 0.2798931 0.0134442 0.2413823 0.3884393 0.0737144 0.2462607 0.0202673 0.0202673 0.4279394 0.0000000 0.0272011 0.2851394 0.1159641 0.2850478 0.2411531 0.3003061 
n296_297   0.2366902 0.0203014 0.0237299 0.0237380 0.3832310 0.2798635 0.0341490 0.2415273 0.3998767 0.0811237 0.2416956 0.0411888 0.0411888 0.4398632 0.0272011 0.0000000 0.2798869 0.1238346 0.2850174 0.2366232 0.2949314 
n266_267   0.2661099 0.2850185 0.2849757 0.2801010 0.3729292 0.1161514 0.2950337 0.2663520 0.3890484 0.3090798 0.2813595 0.2947224 0.2947224 0.4788131 0.2851394 0.2798869 0.0000000 0.3214812 0.1201770 0.2759392 0.0168959 
n200_201   0.2897267 0.1159255 0.1198036 0.1120148 0.4307291 0.3207190 0.1238091 0.2949503 0.4368372 0.1437500 0.2953004 0.1236846 0.1236846 0.4642438 0.1159641 0.1238346 0.3214812 0.0000000 0.3261897 0.2897765 0.3374475 
n285_286   0.2805583 0.2849270 0.2848843 0.2800110 0.3881234 0.0033427 0.2949392 0.2857229 0.3996168 0.3149423 0.2911250 0.2946280 0.2946280 0.4569833 0.2850478 0.2850174 0.1201770 0.3261897 0.0000000 0.2856248 0.1321911 
n277_278   0.0739427 0.2414405 0.2367810 0.2364206 0.3595521 0.2804598 0.2504657 0.0777089 0.3646742 0.2792436 0.0169086 0.2502043 0.2502043 0.4528175 0.2411531 0.2366232 0.2759392 0.2897765 0.2856248 0.0000000 0.2859774 
n265_266   0.2809034 0.3001757 0.3001304 0.2951611 0.3901422 0.1280910 0.3104041 0.2811612 0.4066086 0.3195328 0.2964938 0.3100755 0.3100755 0.4985730 0.3003061 0.2949314 0.0168959 0.3374475 0.1321911 0.2859774 0.0000000 
