23
n292_293   0.0000000 0.2711094 0.2807716 0.2908288 0.4052375 0.3036183 0.2859816 0.0100697 0.2761158 0.3620596 0.2711325 0.0770563 0.2905362 0.2954750 0.3932613 0.2806204 0.2756997 0.2699324 0.2906255 0.2886702 0.0660486 0.0066978 0.2698590 
n287_288   0.2711094 0.0000000 0.0067198 0.0412871 0.3504441 0.3244359 0.0377783 0.2663227 0.0101018 0.3000224 0.0775093 0.2755887 0.0412832 0.0448272 0.3453970 0.0134929 0.0100954 0.2560824 0.1196127 0.3090341 0.2707089 0.2615695 0.2559694 
n290_291   0.2807716 0.0067198 0.0000000 0.0483954 0.3558609 0.3189130 0.0448580 0.2759227 0.0169130 0.3050960 0.0849705 0.2852989 0.0448030 0.0483616 0.3560326 0.0203318 0.0169022 0.2655270 0.1275139 0.3088695 0.2803538 0.2711094 0.2654087 
n294_295   0.2908288 0.0412871 0.0483954 0.0000000 0.3667528 0.3300463 0.0169189 0.2859101 0.0519732 0.3306114 0.0925639 0.2955350 0.0203364 0.0237794 0.3669312 0.0483744 0.0448066 0.2564829 0.1355324 0.3145090 0.2905140 0.2810293 0.2610154 
n251_252   0.4052375 0.3504441 0.3558609 0.3667528 0.0000000 0.4090982 0.3455758 0.3995364 0.3610933 0.0550808 0.3726500 0.4167714 0.3612244 0.3666363 0.2585552 0.3502661 0.3554528 0.3709654 0.3776110 0.3975966 0.3993557 0.3939070 0.3814947 
n286_287   0.3036183 0.3244359 0.3189130 0.3300463 0.4090982 0.0000000 0.3350532 0.2986463 0.3399981 0.3820853 0.3245431 0.3237413 0.3400301 0.3452883 0.3920404 0.3345836 0.3243579 0.1303463 0.3348421 0.0100141 0.3083905 0.2937146 0.1303230 
n275_276   0.2859816 0.0377783 0.0448580 0.0169189 0.3455758 0.3350532 0.0000000 0.2810945 0.0484200 0.3152185 0.0850591 0.2905393 0.0169173 0.0203465 0.3562919 0.0448375 0.0412853 0.2707225 0.1275997 0.3194190 0.2855541 0.2762442 0.2704839 
n274_275   0.0100697 0.2663227 0.2759227 0.2859101 0.3995364 0.2986463 0.2810945 0.0000000 0.2712937 0.3566633 0.2663459 0.0733787 0.2856240 0.2905302 0.3933843 0.2757748 0.2708875 0.2651720 0.2857138 0.2837990 0.0624254 0.0033408 0.2556540 
n289_290   0.2761158 0.0101018 0.0169130 0.0519732 0.3610933 0.3399981 0.0484200 0.2712937 0.0000000 0.3151275 0.0887248 0.2806230 0.0519672 0.0555629 0.3557752 0.0237734 0.0203277 0.2702925 0.1314908 0.3242681 0.2757061 0.2665062 0.2701716 
n255_256   0.3620596 0.3000224 0.3050960 0.3306114 0.0550808 0.3820853 0.3152185 0.3566633 0.3151275 0.0000000 0.3310778 0.3729719 0.3253383 0.3305094 0.2405711 0.3098862 0.3148301 0.3397145 0.3463513 0.3709716 0.3565034 0.3513239 0.3447638 
n236_237   0.2711325 0.0775093 0.0849705 0.0925639 0.3726500 0.3245431 0.0850591 0.2663459 0.0887248 0.3310778 0.0000000 0.2707563 0.0925548 0.0963510 0.3723505 0.0849320 0.0811803 0.2798350 0.1394957 0.3091354 0.2659099 0.2615928 0.2701151 
n278_279   0.0770563 0.2755887 0.2852989 0.2955350 0.4167714 0.3237413 0.2905393 0.0733787 0.2806230 0.3729719 0.2707563 0.0000000 0.3002915 0.3052931 0.4099101 0.2851449 0.2801979 0.2793031 0.2952013 0.3083846 0.0100411 0.0697150 0.2792252 
n297_298   0.2905362 0.0412832 0.0448030 0.0203364 0.3612244 0.3400301 0.0169173 0.2856240 0.0519672 0.3253383 0.0925548 0.3002915 0.0000000 0.0033496 0.3668890 0.0483698 0.0448024 0.2753320 0.1355188 0.3348088 0.2952409 0.2807495 0.2799645 
n298_299   0.2954750 0.0448272 0.0483616 0.0237794 0.3666363 0.3452883 0.0203465 0.2905302 0.0555629 0.3305094 0.0963510 0.3052931 0.0033496 0.0000000 0.3723431 0.0519459 0.0483610 0.2801621 0.1395408 0.3400291 0.3002077 0.2856242 0.2848217 
n244_245   0.3932613 0.3453970 0.3560326 0.3669312 0.2585552 0.3920404 0.3562919 0.3933843 0.3557752 0.2405711 0.3723505 0.4099101 0.3668890 0.3723431 0.0000000 0.3452233 0.3503787 0.3538913 0.3837249 0.3806459 0.3926950 0.3878073 0.3537733 
n296_297   0.2806204 0.0134929 0.0203318 0.0483744 0.3502661 0.3345836 0.0448375 0.2757748 0.0237734 0.3098862 0.0849320 0.2851449 0.0483698 0.0519459 0.3452233 0.0000000 0.0100968 0.2653868 0.1117556 0.3189767 0.2802031 0.2709647 0.2652685 
n295_296   0.2756997 0.0100954 0.0169022 0.0448066 0.3554528 0.3243579 0.0412853 0.2708875 0.0203277 0.3148301 0.0811803 0.2801979 0.0448024 0.0483610 0.3503787 0.0100968 0.0000000 0.2560307 0.1156877 0.3089626 0.2752913 0.2661098 0.2559177 
n266_267   0.2699324 0.2560824 0.2655270 0.2564829 0.3709654 0.1303463 0.2707225 0.2651720 0.2702925 0.3397145 0.2798350 0.2793031 0.2753320 0.2801621 0.3538913 0.2653868 0.2560307 0.0000000 0.2894314 0.1185397 0.2648287 0.2604446 0.0270396 
n200_201   0.2906255 0.1196127 0.1275139 0.1355324 0.3776110 0.3348421 0.1275997 0.2857138 0.1314908 0.3463513 0.1394957 0.2952013 0.1355188 0.1395408 0.3837249 0.1117556 0.1156877 0.2894314 0.0000000 0.3192238 0.2901900 0.2808396 0.2795912 
n285_286   0.2886702 0.3090341 0.3088695 0.3145090 0.3975966 0.0100141 0.3194190 0.2837990 0.3242681 0.3709716 0.3091354 0.3083846 0.3348088 0.3400291 0.3806459 0.3189767 0.3089626 0.1185397 0.3192238 0.0000000 0.2933556 0.2789646 0.1185193 
n277_278   0.0660486 0.2707089 0.2803538 0.2905140 0.3993557 0.3083905 0.2855541 0.0624254 0.2757061 0.3565034 0.2659099 0.0100411 0.2952409 0.3002077 0.3926950 0.2802031 0.2752913 0.2648287 0.2901900 0.2933556 0.0000000 0.0588160 0.2647575 
n280_281   0.0066978 0.2615695 0.2711094 0.2810293 0.3939070 0.2937146 0.2762442 0.0033408 0.2665062 0.3513239 0.2615928 0.0697150 0.2807495 0.2856242 0.3878073 0.2709647 0.2661098 0.2604446 0.2808396 0.2789646 0.0588160 0.0000000 0.2603756 
n265_266   0.2698590 0.2559694 0.2654087 0.2610154 0.3814947 0.1303230 0.2704839 0.2556540 0.2701716 0.3447638 0.2701151 0.2792252 0.2799645 0.2848217 0.3537733 0.2652685 0.2559177 0.0270396 0.2795912 0.1185193 0.2647575 0.2603756 0.0000000 
