38
n297_352   0.0000000 2.1002398 0.2814158 1.6600994 1.9500799 1.6449624 3.1374039 1.4915245 1.6141897 2.1175189 4.2304040 3.6726366 0.2926546 2.1524079 0.5472248 2.7813196 0.1586137 0.0238061 0.9336530 1.4161236 2.4979318 1.5780279 1.7585664 0.1813587 0.2875058 0.2821982 1.6673603 2.7554294 1.8611178 1.7824957 2.4450481 1.5397006 1.5190352 0.3025285 1.8781394 0.1633351 1.9424431 2.3896691 
n300_355   2.1002398 0.0000000 2.5710369 2.3077601 0.1083674 1.9309368 3.4684696 1.7675105 2.0715619 0.0554579 2.6457178 2.1091373 2.0676915 0.0168486 2.1980576 2.0200918 2.8873333 2.3365216 2.3450066 1.8340793 2.2308984 2.2137686 2.2094926 2.9473355 2.0296052 2.6308855 2.1049264 1.9036922 0.5218431 2.0513109 2.2407533 2.0984250 1.8363991 2.1337184 2.1256818 2.7384107 0.1454741 0.5051418 
n295_348   0.2814158 2.5710369 0.0000000 1.8836662 2.3314508 2.1705238 3.3619285 1.8066308 2.0177455 2.5195457 3.9753390 3.9211950 0.1463180 2.5767311 0.6329623 2.4554771 0.2903870 0.2711699 0.9730213 1.7875923 2.6039382 2.0393544 1.8940772 0.3401002 0.1508172 0.0238340 2.0088759 2.9767934 2.0899228 1.9510296 2.8230861 1.9967031 1.7645169 0.1464131 2.4143578 0.3130457 2.3846899 2.3290812 
n295_346   1.6600994 2.3077601 1.8836662 0.0000000 2.2773965 0.3232687 2.8619611 0.1375486 0.3580651 2.1720786 6.0849625 2.9289559 1.9198958 2.3733986 2.5119456 3.9067123 1.7656893 1.7871638 1.7676051 0.1329203 2.6836723 0.7686208 0.0307434 1.9673247 1.8773122 1.8893349 0.2975181 2.9848600 2.5787123 0.3024643 2.8169914 0.3183676 0.1330572 2.0320639 1.0809682 2.0183112 2.2412178 2.6042650 
n280_323   1.9500799 0.1083674 2.3314508 2.2773965 0.0000000 2.0207711 4.0143499 1.8465223 2.0146387 0.1044491 3.3271335 2.4195278 1.8010684 0.1044318 2.3448069 2.0713499 2.5067646 2.0917995 2.3137621 1.8523932 2.3227393 2.0951052 2.1383582 2.6483665 1.9603270 2.4644349 1.9459367 2.0379674 0.4708474 1.9502225 2.3243312 2.1174591 1.8890332 2.0093343 1.8214297 2.4849519 0.1125974 0.4734330 
n298_351   1.6449624 1.9309368 2.1705238 0.3232687 2.0207711 0.0000000 2.6743944 0.3238110 0.1540346 1.9393034 9.0000000 6.7593854 2.2778801 1.9015230 2.1760105 3.7160047 1.5293729 1.7638966 2.1860951 0.3066634 2.6547678 0.7999778 0.3346982 1.8076771 2.3080444 2.1365313 0.1252953 3.0646377 2.6988714 0.1208868 2.8439879 0.0524033 0.3174390 2.1869937 1.0082510 1.7751273 1.9567329 2.7558734 
n244_279   3.1374039 3.4684696 3.3619285 2.8619611 4.0143499 2.6743944 0.0000000 2.5588212 2.4721500 3.2809481 2.6157585 2.2025153 3.4244988 3.2857817 5.5935153 2.7861398 3.1314699 3.3983998 3.0502227 2.6430153 2.5345584 3.5520751 3.2251501 4.0488720 3.1263740 3.7885869 2.4891756 2.9932281 3.8092364 2.4136717 2.8506130 2.6146585 2.5846598 3.0937893 2.4309637 4.6229115 3.3704678 4.7283495 
n287_332   1.4915245 1.7675105 1.8066308 0.1375486 1.8465223 0.3238110 2.5588212 0.0000000 0.3354405 1.7827486 9.0000000 3.6747825 1.8987734 1.7760997 2.2042309 3.5921026 1.6166546 1.6025417 1.7877438 0.0630099 2.8342295 0.7453691 0.1499773 1.7178153 1.8938930 1.8500080 0.2817275 2.9144412 2.4043811 0.2973915 2.9176971 0.3131343 0.0484783 1.9294693 1.0406151 1.7530436 1.9725729 2.4784123 
n275_316   1.6141897 2.0715619 2.0177455 0.3580651 2.0146387 0.1540346 2.4721500 0.3354405 0.0000000 2.0393692 8.0143308 3.9103544 2.0494224 2.0273095 1.9996780 2.8032236 1.4304085 1.7025117 2.0970861 0.3571593 2.1988873 0.7962035 0.3519801 1.7970972 2.1864285 1.9878912 0.1168616 2.3161531 2.9283738 0.1087746 2.4163216 0.1630970 0.3182589 2.0776913 1.0500207 1.8354267 2.1402245 3.2083179 
n292_341   2.1175189 0.0554579 2.5195457 2.1720786 0.1044491 1.9393034 3.2809481 1.7827486 2.0393692 0.0000000 2.9333822 2.2804579 1.9923746 0.0518860 2.4784573 2.1424401 2.8146190 2.3568529 2.3558830 1.8170023 2.2160361 2.2642342 2.0847032 2.9754890 2.0864343 2.5947666 2.1115731 1.9879693 0.5289585 2.0194467 2.3260918 2.0280438 1.8533915 2.1962550 2.0294891 2.7636853 0.1497046 0.5256062 
n251_286   4.2304040 2.6457178 3.9753390 6.0849625 3.3271335 9.0000000 2.6157585 9.0000000 8.0143308 2.9333822 0.0000000 0.2708354 7.9258827 2.9894474 3.1760704 9.0000000 5.5148854 4.3233300 5.2143654 8.9999982 2.9406985 5.1348302 9.0000000 3.1490484 4.7510222 3.8790075 9.0000000 8.9999981 5.3951325 9.0000000 2.8894770 9.0000000 8.9999987 4.7353757 3.5147039 3.1015193 2.8237014 6.5293436 
n255_290   3.6726366 2.1091373 3.9211950 2.9289559 2.4195278 6.7593854 2.2025153 3.6747825 3.9103544 2.2804579 0.2708354 0.0000000 3.8155905 2.2002946 2.7866755 3.6559640 7.0491232 3.9682377 4.1938079 3.4027558 1.9769919 3.4108733 3.4359035 3.2199831 3.7661608 4.1431888 6.6288925 3.1809571 5.7438820 6.6575271 2.0775907 9.0000000 3.5451019 3.8068313 3.0272769 3.3878112 2.1261463 5.9556129 
n289_338   0.2926546 2.0676915 0.1463180 1.9198958 1.8010684 2.2778801 3.4244988 1.8987734 2.0494224 1.9923746 7.9258827 3.8155905 0.0000000 2.1387338 0.6290126 2.6297875 0.3521069 0.3039752 1.1004139 1.8122009 2.6139646 2.0577200 1.8876454 0.3714739 0.0524501 0.1466549 1.9957877 2.7747230 1.8301506 2.0835336 2.5881020 2.1366690 1.8530434 0.0635276 2.0551772 0.3536618 1.9211287 2.0145556 
n299_354   2.1524079 0.0168486 2.5767311 2.3733986 0.1044318 1.9015230 3.2857817 1.7760997 2.0273095 0.0518860 2.9894474 2.2002946 2.1387338 0.0000000 2.2563816 2.0143563 3.0023341 2.4036037 2.1763915 1.8434076 2.3017370 2.2904623 2.2695289 3.3360586 2.1610691 2.8204792 1.9716985 1.9078637 0.5214780 1.9730262 2.3595063 2.0640254 1.8457673 2.2338574 2.0763487 3.0517926 0.1496772 0.5181929 
n236_269   0.5472248 2.1980576 0.6329623 2.5119456 2.3448069 2.1760105 5.5935153 2.2042309 1.9996780 2.4784573 3.1760704 2.7866755 0.6290126 2.2563816 0.0000000 2.8028543 0.5922012 0.5330221 0.9581230 2.1228941 2.7435400 2.5006236 2.7595183 0.6113997 0.6518678 0.6518461 2.1062874 2.4658847 2.5422992 2.2314527 3.2328804 1.9996311 2.2035309 0.6553376 2.1740977 0.5768677 2.1977154 2.4035294 
n265_302   2.7813196 2.0200918 2.4554771 3.9067123 2.0713499 3.7160047 2.7861398 3.5921026 2.8032236 2.1424401 9.0000000 3.6559640 2.6297875 2.0143563 2.8028543 0.0000000 3.4113718 2.8948415 2.9503889 4.0922165 0.9758873 3.8704370 3.8106070 3.2890485 2.4659260 2.6524333 3.1408067 0.1203753 1.9414531 3.0192348 1.0759199 3.7873937 3.5436912 2.4465799 2.9678420 3.5442157 2.1643256 2.1354303 
n275_318   0.1586137 2.8873333 0.2903870 1.7656893 2.5067646 1.5293729 3.1314699 1.6166546 1.4304085 2.8146190 5.5148854 7.0491232 0.3521069 3.0023341 0.5922012 3.4113718 0.0000000 0.1459394 0.9290005 1.5527092 3.0418953 1.6920105 1.8410448 0.1582256 0.3530692 0.2911972 1.4971235 3.3602024 2.2750911 1.5423452 3.0236286 1.4415391 1.5263922 0.3569924 2.1987753 0.1328223 2.3929958 2.8382379 
n298_353   0.0238061 2.3365216 0.2711699 1.7871638 2.0917995 1.7638966 3.3983998 1.6025417 1.7025117 2.3568529 4.3233300 3.9682377 0.3039752 2.4036037 0.5330221 2.8948415 0.1459394 0.0000000 0.9108593 1.5400960 2.4196617 1.6415457 1.9007369 0.1681885 0.2987352 0.2719190 1.7257180 2.8659187 2.0277297 1.8482700 2.3701070 1.6455619 1.6343268 0.3140147 2.0911273 0.1505430 2.1399213 2.6819894 
n200_229   0.9336530 2.3450066 0.9730213 1.7676051 2.3137621 2.1860951 3.0502227 1.7877438 2.0970861 2.3558830 5.2143654 4.1938079 1.1004139 2.1763915 0.9581230 2.9503889 0.9290005 0.9108593 0.0000000 1.7791504 2.3611188 1.9087162 1.7920285 0.9922457 1.0678936 1.0146522 1.8504199 2.7093055 2.8352658 2.0082213 2.2060207 2.0857926 1.8261531 1.1365148 1.8389919 0.9950785 2.7661685 3.5603685 
n289_336   1.4161236 1.8340793 1.7875923 0.1329203 1.8523932 0.3066634 2.6430153 0.0630099 0.3571593 1.8170023 8.9999982 3.4027558 1.8122009 1.8434076 2.1228941 4.0922165 1.5527092 1.5400960 1.7791504 0.0000000 3.0595412 0.7971953 0.1452242 1.6541670 1.8080408 1.8299987 0.2967556 3.2749312 2.2281796 0.3017329 2.9582737 0.3071855 0.0483848 1.8056921 1.0169174 1.6804496 1.8270688 2.3604723 
n286_331   2.4979318 2.2308984 2.6039382 2.6836723 2.3227393 2.6547678 2.5345584 2.8342295 2.1988873 2.2160361 2.9406985 1.9769919 2.6139646 2.3017370 2.7435400 0.9758873 3.0418953 2.4196617 2.3611188 3.0595412 0.0000000 2.5232758 2.7010993 3.1438113 2.4313025 2.7819328 2.5724582 0.9674993 2.2938920 2.5768181 0.0780956 2.7104522 3.1649843 2.2492600 2.3976882 3.1328187 2.2802855 1.9914548 
n236_267   1.5780279 2.2137686 2.0393544 0.7686208 2.0951052 0.7999778 3.5520751 0.7453691 0.7962035 2.2642342 5.1348302 3.4108733 2.0577200 2.2904623 2.5006236 3.8704370 1.6920105 1.6415457 1.9087162 0.7971953 2.5232758 0.0000000 0.7378464 1.7681924 2.2293989 2.0405156 0.6698704 2.9342301 2.5511450 0.7167577 2.4309989 0.7890059 0.7866157 2.2227315 1.4438527 1.7290610 2.0959913 2.9332879 
n296_347   1.7585664 2.2094926 1.8940772 0.0307434 2.1383582 0.3346982 3.2251501 0.1499773 0.3519801 2.0847032 9.0000000 3.4359035 1.8876454 2.2695289 2.7595183 3.8106070 1.8410448 1.9007369 1.7920285 0.1452242 2.7010993 0.7378464 0.0000000 2.0604967 1.9651048 1.8998381 0.2817289 2.9461094 2.5408451 0.2865764 2.7550269 0.3238551 0.1453753 2.0893172 1.0984441 2.0716232 2.1060657 2.5654273 
n294_345   0.1813587 2.9473355 0.3401002 1.9673247 2.6483665 1.8076771 4.0488720 1.7178153 1.7970972 2.9754890 3.1490484 3.2199831 0.3714739 3.3360586 0.6113997 3.2890485 0.1582256 0.1681885 0.9922457 1.6541670 3.1438113 1.7681924 2.0604967 0.0000000 0.3660090 0.3295530 1.7233202 2.8967065 2.5400484 1.8104077 3.0378321 1.6846038 1.6829819 0.3649392 2.2514131 0.0485403 2.3366152 3.2594260 
n290_339   0.2875058 2.0296052 0.1508172 1.8773122 1.9603270 2.3080444 3.1263740 1.8938930 2.1864285 2.0864343 4.7510222 3.7661608 0.0524501 2.1610691 0.6518678 2.4659260 0.3530692 0.2987352 1.0678936 1.8080408 2.4313025 2.2293989 1.9651048 0.3660090 0.0000000 0.1508265 2.1388174 2.4641120 2.0111618 2.2925780 2.5663388 2.1643128 1.8485375 0.0671859 1.9829148 0.3482686 2.1142105 2.2746999 
n296_349   0.2821982 2.6308855 0.0238340 1.8893349 2.4644349 2.1365313 3.7885869 1.8500080 1.9878912 2.5947666 3.8790075 4.1431888 0.1466549 2.8204792 0.6518461 2.6524333 0.2911972 0.2719190 1.0146522 1.8299987 2.7819328 2.0405156 1.8998381 0.3295530 0.1508265 0.0000000 2.0256304 2.9856072 2.1503467 1.9666249 3.0418742 1.9673590 1.8060576 0.1506777 2.4924415 0.3028155 2.5243801 2.3546293 
n293_342   1.6673603 2.1049264 2.0088759 0.2975181 1.9459367 0.1252953 2.4891756 0.2817275 0.1168616 2.1115731 9.0000000 6.6288925 1.9957877 1.9716985 2.1062874 3.1408067 1.4971235 1.7257180 1.8504199 0.2967556 2.5724582 0.6698704 0.2817289 1.7233202 2.1388174 2.0256304 0.0000000 2.5708531 2.5110667 0.0378715 2.8535279 0.1256619 0.2919124 2.0229796 1.0286451 1.7590742 1.9298269 2.8915681 
n266_303   2.7554294 1.9036922 2.9767934 2.9848600 2.0379674 3.0646377 2.9932281 2.9144412 2.3161531 1.9879693 8.9999981 3.1809571 2.7747230 1.9078637 2.4658847 0.1203753 3.3602024 2.8659187 2.7093055 3.2749312 0.9674993 2.9342301 2.9461094 2.8967065 2.4641120 2.9856072 2.5708531 0.0000000 1.9713369 2.6242255 1.0662767 3.2121727 2.9510812 2.4988319 2.5912589 2.9563652 2.0676228 1.9445326 
n278_321   1.8611178 0.5218431 2.0899228 2.5787123 0.4708474 2.6988714 3.8092364 2.4043811 2.9283738 0.5289585 5.3951325 5.7438820 1.8301506 0.5214780 2.5422992 1.9414531 2.2750911 2.0277297 2.8352658 2.2281796 2.2938920 2.5511450 2.5408451 2.5400484 2.0111618 2.1503467 2.5110667 1.9713369 0.0000000 2.3091632 2.1145551 2.5457358 2.5853862 2.0541367 2.4760589 2.5837267 0.4653773 0.1374072 
n294_343   1.7824957 2.0513109 1.9510296 0.3024643 1.9502225 0.1208868 2.4136717 0.2973915 0.1087746 2.0194467 9.0000000 6.6575271 2.0835336 1.9730262 2.2314527 3.0192348 1.5423452 1.8482700 2.0082213 0.3017329 2.5768181 0.7167577 0.2865764 1.8104077 2.2925780 1.9666249 0.0378715 2.6242255 2.3091632 0.0000000 2.7755736 0.1212386 0.2913006 2.1248723 1.0267588 1.8941652 1.9270291 2.8642168 
n285_330   2.4450481 2.2407533 2.8230861 2.8169914 2.3243312 2.8439879 2.8506130 2.9176971 2.4163216 2.3260918 2.8894770 2.0775907 2.5881020 2.3595063 3.2328804 1.0759199 3.0236286 2.3701070 2.2060207 2.9582737 0.0780956 2.4309989 2.7550269 3.0378321 2.5663388 3.0418742 2.8535279 1.0662767 2.1145551 2.7755736 0.0000000 3.0678062 3.2687665 2.2472987 2.6087352 3.1148643 2.2830353 1.9152977 
n297_350   1.5397006 2.0984250 1.9967031 0.3183676 2.1174591 0.0524033 2.6146585 0.3131343 0.1630970 2.0280438 9.0000000 9.0000000 2.1366690 2.0640254 1.9996311 3.7873937 1.4415391 1.6455619 2.0857926 0.3071855 2.7104522 0.7890059 0.3238551 1.6846038 2.1643128 1.9673590 0.1256619 3.2121727 2.5457358 0.1212386 3.0678062 0.0000000 0.3068773 2.0575140 1.0474730 1.7502318 2.0855296 2.8720002 
n290_337   1.5190352 1.8363991 1.7645169 0.1330572 1.8890332 0.3174390 2.5846598 0.0484783 0.3182589 1.8533915 8.9999987 3.5451019 1.8530434 1.8457673 2.2035309 3.5436912 1.5263922 1.6343268 1.8261531 0.0483848 3.1649843 0.7866157 0.1453753 1.6829819 1.8485375 1.8060576 0.2919124 2.9510812 2.5853862 0.2913006 3.2687665 0.3068773 0.0000000 1.8825167 1.0354592 1.7170451 2.0156241 2.6087586 
n287_334   0.3025285 2.1337184 0.1464131 2.0320639 2.0093343 2.1869937 3.0937893 1.9294693 2.0776913 2.1962550 4.7353757 3.8068313 0.0635276 2.2338574 0.6553376 2.4465799 0.3569924 0.3140147 1.1365148 1.8056921 2.2492600 2.2227315 2.0893172 0.3649392 0.0671859 0.1506777 2.0229796 2.4988319 2.0541367 2.1248723 2.2472987 2.0575140 1.8825167 0.0000000 2.0974249 0.3473729 2.2156053 2.2278227 
n200_227   1.8781394 2.1256818 2.4143578 1.0809682 1.8214297 1.0082510 2.4309637 1.0406151 1.0500207 2.0294891 3.5147039 3.0272769 2.0551772 2.0763487 2.1740977 2.9678420 2.1987753 2.0911273 1.8389919 1.0169174 2.3976882 1.4438527 1.0984441 2.2514131 1.9829148 2.4924415 1.0286451 2.5912589 2.4760589 1.0267588 2.6087352 1.0474730 1.0354592 2.0974249 0.0000000 2.0167508 1.8111014 2.3745792 
n293_344   0.1633351 2.7384107 0.3130457 2.0183112 2.4849519 1.7751273 4.6229115 1.7530436 1.8354267 2.7636853 3.1015193 3.3878112 0.3536618 3.0517926 0.5768677 3.5442157 0.1328223 0.1505430 0.9950785 1.6804496 3.1328187 1.7290610 2.0716232 0.0485403 0.3482686 0.3028155 1.7590742 2.9563652 2.5837267 1.8941652 3.1148643 1.7502318 1.7170451 0.3473729 2.0167508 0.0000000 2.2250978 2.9819624 
n274_315   1.9424431 0.1454741 2.3846899 2.2412178 0.1125974 1.9567329 3.3704678 1.9725729 2.1402245 0.1497046 2.8237014 2.1261463 1.9211287 0.1496772 2.1977154 2.1643256 2.3929958 2.1399213 2.7661685 1.8270688 2.2802855 2.0959913 2.1060657 2.3366152 2.1142105 2.5243801 1.9298269 2.0676228 0.4653773 1.9270291 2.2830353 2.0855296 2.0156241 2.2156053 1.8111014 2.2250978 0.0000000 0.4563836 
n277_320   2.3896691 0.5051418 2.3290812 2.6042650 0.4734330 2.7558734 4.7283495 2.4784123 3.2083179 0.5256062 6.5293436 5.9556129 2.0145556 0.5181929 2.4035294 2.1354303 2.8382379 2.6819894 3.5603685 2.3604723 1.9914548 2.9332879 2.5654273 3.2594260 2.2746999 2.3546293 2.8915681 1.9445326 0.1374072 2.8642168 1.9152977 2.8720002 2.6087586 2.2278227 2.3745792 2.9819624 0.4563836 0.0000000 
