26
n299_300   0.0000000 0.0067116 2.2324707 9.0000000 9.0000000 0.4253564 2.4427633 2.9033700 0.0818789 2.3426283 2.2337433 2.0716105 0.0343432 0.4599342 1.8653368 1.8590263 5.3427686 3.6599175 2.1285434 8.9999988 2.1365858 2.2924469 2.8668104 2.9656118 0.0859791 2.0817708 
n300_301   0.0067116 0.0000000 2.2777347 9.0000000 9.0000000 0.4387888 2.4501820 2.9155937 0.0819109 2.3924225 2.2790852 2.0228125 0.0343559 0.4740990 1.8692580 1.8629196 4.7411988 3.4785504 2.1697234 8.9999984 2.1420662 2.3403001 2.8782412 2.9779184 0.0860130 2.0868961 
n290_291   2.2324707 2.2777347 0.0000000 9.0000000 9.0000000 2.1643919 1.2676489 0.5337677 2.3644239 0.0307935 0.1173509 0.2632503 2.2623427 2.3773186 0.2871942 0.2822811 6.1122827 3.9338190 0.0558868 6.7221973 0.2667463 0.1170711 2.6539759 2.2505266 2.2876484 0.2424502 
n244_245   9.0000000 9.0000000 9.0000000 0.0000000 4.0298303 9.0000000 8.9999989 4.0314267 9.0000000 9.0000000 5.6275264 4.7955552 9.0000000 9.0000000 8.9999990 8.9999985 2.9680207 3.6930868 8.9999980 3.0972768 5.2122953 5.7880633 3.3082083 3.4432530 9.0000000 7.7458332 
n255_256   9.0000000 9.0000000 9.0000000 4.0298303 0.0000000 9.0000000 3.3906820 4.0295026 9.0000000 9.0000000 9.0000000 6.5330004 9.0000000 9.0000000 7.3452017 9.0000000 2.5060248 3.5387350 9.0000000 0.3255387 5.9613331 9.0000000 3.1545924 2.8357574 8.9999987 8.0639333 
n277_278   0.4253564 0.4387888 2.1643919 9.0000000 9.0000000 0.0000000 2.4909620 2.7602620 0.4051032 2.2299145 2.1141543 2.0136630 0.4180529 0.1053384 1.8255117 1.8528615 4.0661946 2.9447452 2.1563996 8.9999987 2.1718734 2.1143839 2.6162712 2.7294979 0.4394686 2.0422478 
n200_201   2.4427633 2.4501820 1.2676489 8.9999989 3.3906820 2.4909620 0.0000000 1.3944049 2.3124762 1.2863912 1.3017184 1.2761742 2.5697340 2.4517630 1.3668284 1.3714664 2.8629947 2.9164102 1.2815819 8.2908782 1.3545882 1.3314682 2.5738172 3.2714063 2.5796805 1.3371077 
n236_237   2.9033700 2.9155937 0.5337677 4.0314267 4.0295026 2.7602620 1.3944049 0.0000000 2.8415284 0.5357108 0.5256359 0.5637731 2.7226960 2.2675698 0.6159954 0.6084656 3.5438618 3.7151855 0.5243269 2.8089744 0.5568442 0.5097864 2.6475793 3.1012718 2.7261491 0.5196022 
n274_275   0.0818789 0.0819109 2.3644239 9.0000000 9.0000000 0.4051032 2.3124762 2.8415284 0.0000000 2.4950255 2.3279895 2.1822712 0.0780883 0.4253136 1.9254994 2.0043149 3.7510788 2.7780543 2.3970817 8.9999989 2.3417153 2.4653941 2.7639985 2.8525358 0.0937898 2.2749020 
n289_290   2.3426283 2.3924225 0.0307935 9.0000000 9.0000000 2.2299145 1.2863912 0.5357108 2.4950255 0.0000000 0.0895266 0.2332233 2.3750719 2.3390199 0.2608634 0.2561269 5.8191971 3.7789704 0.0414091 6.3220092 0.2461202 0.0893153 2.8434391 2.3772911 2.4721651 0.2277020 
n296_297   2.2337433 2.2790852 0.1173509 5.6275264 9.0000000 2.1141543 1.3017184 0.5256359 2.3279895 0.0895266 0.0000000 0.1959960 2.2636623 2.2721135 0.2372920 0.2428232 9.0000000 4.4036369 0.1010612 9.0000000 0.2325940 0.0414457 3.1302823 2.6950451 2.3115215 0.2236356 
n275_276   2.0716105 2.0228125 0.2632503 4.7955552 6.5330004 2.0136630 1.2761742 0.5637731 2.1822712 0.2332233 0.1959960 0.0000000 2.0233575 2.1221117 0.1421084 0.1380552 4.1441470 3.8841840 0.2425758 3.2503768 0.1299721 0.2192891 2.8357693 2.4622280 2.0976119 0.1221043 
n292_293   0.0343432 0.0343559 2.2623427 9.0000000 9.0000000 0.4180529 2.5697340 2.7226960 0.0780883 2.3750719 2.2636623 2.0233575 0.0000000 0.4522077 1.8596798 1.8534087 3.7880515 3.1675057 2.2637619 8.9999986 2.2196668 2.3238058 2.9019566 3.0038462 0.0860157 2.1176597 
n278_279   0.4599342 0.4740990 2.3773186 9.0000000 9.0000000 0.1053384 2.4517630 2.2675698 0.4253136 2.3390199 2.2721135 2.1221117 0.4522077 0.0000000 1.9127485 1.9537466 3.7419780 2.9767352 2.2578746 8.9999988 2.0679543 2.3014627 3.1023667 3.1803226 0.4748597 1.9841298 
n298_299   1.8653368 1.8692580 0.2871942 8.9999990 7.3452017 1.8255117 1.3668284 0.6159954 1.9254994 0.2608634 0.2372920 0.1421084 1.8596798 1.9127485 0.0000000 0.0308555 4.7789617 3.7029861 0.2714901 3.4873032 0.1546367 0.2425940 2.6157672 2.1613821 1.9223805 0.1463085 
n297_298   1.8590263 1.8629196 0.2822811 8.9999985 9.0000000 1.8528615 1.3714664 0.6084656 2.0043149 0.2561269 0.2428232 0.1380552 1.8534087 1.9537466 0.0308555 0.0000000 4.6463358 3.6470302 0.2717334 3.7983376 0.1547900 0.2379459 2.9707566 2.3937770 1.9157617 0.1466905 
n286_287   5.3427686 4.7411988 6.1122827 2.9680207 2.5060248 4.0661946 2.8629947 3.5438618 3.7510788 5.8191971 9.0000000 4.1441470 3.7880515 3.7419780 4.7789617 4.6463358 0.0000000 0.0818081 5.5692391 2.3463328 5.4463902 6.9817256 1.0366894 0.9641487 4.3516300 5.1044555 
n285_286   3.6599175 3.4785504 3.9338190 3.6930868 3.5387350 2.9447452 2.9164102 3.7151855 2.7780543 3.7789704 4.4036369 3.8841840 3.1675057 2.9767352 3.7029861 3.6470302 0.0818081 0.0000000 3.6835625 2.4336950 4.6331744 4.0757194 1.0612635 0.9459771 3.5419159 4.4164796 
n287_288   2.1285434 2.1697234 0.0558868 8.9999980 9.0000000 2.1563996 1.2815819 0.5243269 2.3970817 0.0414091 0.1010612 0.2425758 2.2637619 2.2578746 0.2714901 0.2717334 5.5692391 3.6835625 0.0000000 4.8192743 0.2509815 0.1047324 2.6834307 2.2682924 2.2433061 0.2224982 
n251_252   8.9999988 8.9999984 6.7221973 3.0972768 0.3255387 8.9999987 8.2908782 2.8089744 8.9999989 6.3220092 9.0000000 3.2503768 8.9999986 8.9999988 3.4873032 3.7983376 2.3463328 2.4336950 4.8192743 0.0000000 3.0980490 9.0000000 3.0642950 2.8408397 8.9999988 3.2385013 
n294_295   2.1365858 2.1420662 0.2667463 5.2122953 5.9613331 2.1718734 1.3545882 0.5568442 2.3417153 0.2461202 0.2325940 0.1299721 2.2196668 2.0679543 0.1546367 0.1547900 5.4463902 4.6331744 0.2509815 3.0980490 0.0000000 0.2327053 2.7550529 2.3933500 2.2221336 0.0414973 
n295_296   2.2924469 2.3403001 0.1170711 5.7880633 9.0000000 2.1143839 1.3314682 0.5097864 2.4653941 0.0893153 0.0414457 0.2192891 2.3238058 2.3014627 0.2425940 0.2379459 6.9817256 4.0757194 0.1047324 9.0000000 0.2327053 0.0000000 3.0795465 2.6423982 2.3740015 0.2237409 
n266_267   2.8668104 2.8782412 2.6539759 3.3082083 3.1545924 2.6162712 2.5738172 2.6475793 2.7639985 2.8434391 3.1302823 2.8357693 2.9019566 3.1023667 2.6157672 2.9707566 1.0366894 1.0612635 2.6834307 3.0642950 2.7550529 3.0795465 0.0000000 0.1579443 2.5613778 2.7156089 
n265_266   2.9656118 2.9779184 2.2505266 3.4432530 2.8357574 2.7294979 3.2714063 3.1012718 2.8525358 2.3772911 2.6950451 2.4622280 3.0038462 3.1803226 2.1613821 2.3937770 0.9641487 0.9459771 2.2682924 2.8408397 2.3933500 2.6423982 0.1579443 0.0000000 2.9206295 2.3633000 
n280_281   0.0859791 0.0860130 2.2876484 9.0000000 8.9999987 0.4394686 2.5796805 2.7261491 0.0937898 2.4721651 2.3115215 2.0976119 0.0860157 0.4748597 1.9223805 1.9157617 4.3516300 3.5419159 2.2433061 8.9999988 2.2221336 2.3740015 2.5613778 2.9206295 0.0000000 2.1410968 
n293_294   2.0817708 2.0868961 0.2424502 7.7458332 8.0639333 2.0422478 1.3371077 0.5196022 2.2749020 0.2277020 0.2236356 0.1221043 2.1176597 1.9841298 0.1463085 0.1466905 5.1044555 4.4164796 0.2224982 3.2385013 0.0414973 0.2237409 2.7156089 2.3633000 2.1410968 0.0000000 
