20
n280_277   0.0000000 0.0100585 0.2994549 0.0850460 0.2702366 0.2652635 0.2799704 0.2454228 0.2803138 0.3859820 0.0100590 0.2549826 0.3148589 0.2651701 0.2800819 0.2654370 0.0700866 0.3005962 0.2851657 0.2852977 
n300_297   0.0100585 0.0000000 0.3045820 0.0888246 0.2751696 0.2701608 0.2849692 0.2453891 0.2853199 0.3917683 0.0134446 0.2549476 0.3200973 0.2700656 0.2850833 0.2703383 0.0737827 0.3057482 0.2902043 0.2903387 
n251_252   0.2994549 0.3045820 0.0000000 0.3259735 0.3535024 0.3477590 0.3642483 0.3045781 0.3648684 0.3143750 0.2994911 0.3149688 0.0270942 0.3314195 0.3645189 0.3317769 0.3099722 0.3426095 0.3702615 0.3592157 
n278_275   0.0850460 0.0888246 0.3259735 0.0000000 0.3112612 0.3059775 0.3215701 0.2749526 0.3219760 0.4160224 0.0812985 0.2849381 0.3585740 0.3006823 0.3217035 0.3061840 0.0202901 0.3220029 0.3271123 0.3272647 
n275_272   0.2702366 0.2751696 0.3535024 0.3112612 0.0000000 0.0100947 0.0203339 0.2801461 0.0413230 0.4291103 0.2653808 0.2902132 0.3589789 0.0890384 0.0412976 0.0169182 0.2955472 0.1613144 0.0448645 0.0448782 
n293_290   0.2652635 0.2701608 0.3477590 0.3059775 0.0100947 0.0000000 0.0100888 0.2850918 0.0377739 0.4228774 0.2604417 0.2952282 0.3531899 0.0852281 0.0377517 0.0134982 0.2903847 0.1570663 0.0412977 0.0413112 
n294_291   0.2799704 0.2849692 0.3642483 0.3215701 0.0203339 0.0100888 0.0000000 0.2899245 0.0484324 0.4411805 0.2750517 0.2950334 0.3698017 0.0966300 0.0484036 0.0237916 0.3056315 0.1697127 0.0520063 0.0520222 
n286_283   0.2454228 0.2453891 0.3045781 0.2749526 0.2801461 0.2850918 0.2899245 0.0000000 0.2954620 0.3579174 0.2407410 0.0066890 0.3148696 0.2900367 0.2952158 0.2802081 0.2648914 0.3109846 0.3004129 0.3005522 
n290_287   0.2803138 0.2853199 0.3648684 0.3219760 0.0413230 0.0377739 0.0484324 0.2954620 0.0000000 0.4171781 0.2753880 0.3057547 0.3704341 0.0890767 0.0169157 0.0342755 0.3060131 0.1656077 0.0203538 0.0033506 
n244_245   0.3859820 0.3917683 0.3143750 0.4160224 0.4291103 0.4228774 0.4411805 0.3579174 0.4171781 0.0000000 0.3803131 0.3691156 0.3354059 0.3870046 0.4107827 0.3991378 0.3978657 0.4228245 0.4169183 0.4170475 
n274_271   0.0100590 0.0134446 0.2994911 0.0812985 0.2653808 0.2604417 0.2750517 0.2407410 0.2753880 0.3803131 0.0000000 0.2502387 0.3148969 0.2603503 0.2751608 0.2606116 0.0664176 0.2955311 0.2802090 0.2803386 
n285_282   0.2549826 0.2549476 0.3149688 0.2849381 0.2902132 0.2952282 0.2950334 0.0066890 0.3057547 0.3691156 0.2502387 0.0000000 0.3254097 0.3002410 0.3054984 0.2902774 0.2747283 0.3215078 0.3107739 0.3109181 
n255_256   0.3148589 0.3200973 0.0270942 0.3585740 0.3589789 0.3531899 0.3698017 0.3148696 0.3704341 0.3354059 0.3148969 0.3254097 0.0000000 0.3422013 0.3700782 0.3370929 0.3418164 0.3534888 0.3758661 0.3647379 
n236_237   0.2651701 0.2700656 0.3314195 0.3006823 0.0890384 0.0852281 0.0966300 0.2900367 0.0890767 0.3870046 0.2603503 0.3002410 0.3422013 0.0000000 0.0814617 0.0777460 0.2852123 0.1528429 0.0852507 0.0928835 
n295_292   0.2800819 0.2850833 0.3645189 0.3217035 0.0412976 0.0377517 0.0484036 0.2952158 0.0169157 0.4107827 0.2751608 0.3054984 0.3700782 0.0814617 0.0000000 0.0342528 0.3057564 0.1655040 0.0033488 0.0203481 
n298_295   0.2654370 0.2703383 0.3317769 0.3061840 0.0169182 0.0134982 0.0237916 0.2802081 0.0342755 0.3991378 0.2606116 0.2902774 0.3370929 0.0777460 0.0342528 0.0000000 0.2905783 0.1487948 0.0377819 0.0377975 
n277_274   0.0700866 0.0737827 0.3099722 0.0202901 0.2955472 0.2903847 0.3056315 0.2648914 0.3060131 0.3978657 0.0664176 0.2747283 0.3418164 0.2852123 0.3057564 0.2905783 0.0000000 0.3111895 0.3110383 0.3111828 
n200_201   0.3005962 0.3057482 0.3426095 0.3220029 0.1613144 0.1570663 0.1697127 0.3109846 0.1656077 0.4228245 0.2955311 0.3215078 0.3534888 0.1528429 0.1655040 0.1487948 0.3111895 0.0000000 0.1698059 0.1698570 
n296_293   0.2851657 0.2902043 0.3702615 0.3271123 0.0448645 0.0412977 0.0520063 0.3004129 0.0203538 0.4169183 0.2802090 0.3107739 0.3758661 0.0852507 0.0033488 0.0377819 0.3110383 0.1698059 0.0000000 0.0238039 
n287_284   0.2852977 0.2903387 0.3592157 0.3272647 0.0448782 0.0413112 0.0520222 0.3005522 0.0033506 0.4170475 0.2803386 0.3109181 0.3647379 0.0928835 0.0203481 0.0377975 0.3111828 0.1698570 0.0238039 0.0000000 
