23
n287_288   0.0000000 0.0100923 0.1156008 0.3113326 0.3317873 0.3851751 0.3483868 0.3375479 0.0483760 0.3266478 0.3432800 0.0169099 0.0412605 0.0412375 0.0169070 0.3213857 0.4461348 0.0134862 0.3963111 0.4588893 0.1724897 0.3322679 0.4226546 
n290_291   0.0100923 0.0000000 0.1116936 0.3110645 0.3264625 0.3794607 0.3423384 0.3316024 0.0448118 0.3208073 0.3372762 0.0134964 0.0377314 0.0377103 0.0134941 0.3161354 0.4398976 0.0100912 0.3905123 0.4400283 0.1682646 0.3319770 0.4166091 
n236_237   0.1156008 0.1116936 0.0000000 0.3266407 0.3091205 0.3557215 0.3529024 0.3420219 0.1198215 0.3310782 0.3477791 0.1118272 0.1119595 0.1118969 0.1195776 0.2990680 0.4505401 0.1078530 0.3664071 0.4449793 0.1546087 0.3421652 0.4212968 
n278_279   0.3113326 0.3110645 0.3266407 0.0000000 0.2380074 0.2955244 0.0812268 0.0775338 0.3276912 0.0664434 0.0813366 0.3167535 0.3171544 0.3169798 0.3162859 0.2287866 0.4062802 0.3112768 0.3010327 0.3840001 0.3138714 0.0168466 0.3830094 
n285_286   0.3317873 0.3264625 0.3091205 0.2380074 0.0000000 0.1397160 0.2664563 0.2617519 0.3328850 0.2472900 0.2668751 0.3213414 0.3167416 0.3221022 0.3372261 0.0066965 0.3988625 0.3158363 0.1397382 0.3428892 0.2787123 0.2569700 0.3707363 
n265_266   0.3851751 0.3794607 0.3557215 0.2955244 0.1397160 0.0000000 0.2806256 0.2805962 0.3805828 0.2605716 0.2858554 0.3682329 0.3577254 0.3691212 0.3909988 0.1317050 0.4148608 0.3623570 0.0271797 0.4149620 0.3170755 0.3159804 0.3978412 
n280_281   0.3483868 0.3423384 0.3529024 0.0812268 0.2664563 0.2806256 0.0000000 0.0168389 0.3656354 0.0202501 0.0202715 0.3541016 0.3545548 0.3484932 0.3535686 0.2568933 0.4236703 0.3483179 0.2807648 0.4064021 0.3343166 0.0925826 0.3998812 
n299_300   0.3375479 0.3316024 0.3420219 0.0775338 0.2617519 0.2805962 0.0168389 0.0000000 0.3545281 0.0168423 0.0033408 0.3431742 0.3436118 0.3376518 0.3426607 0.2522427 0.4245099 0.3374831 0.2807354 0.4007988 0.3188591 0.0888346 0.4006578 
n293_294   0.0483760 0.0448118 0.1198215 0.3276912 0.3328850 0.3805828 0.3656354 0.3545281 0.0000000 0.3433531 0.3604136 0.0448644 0.0134950 0.0134874 0.0519821 0.3274941 0.4219129 0.0412810 0.3916710 0.4663688 0.1685331 0.3491271 0.3991452 
n274_275   0.3266478 0.3208073 0.3310782 0.0664434 0.2472900 0.2605716 0.0202501 0.0168423 0.3433531 0.0000000 0.0202761 0.3321833 0.3326052 0.3267491 0.3316895 0.2379630 0.4059012 0.3265869 0.2656172 0.3942109 0.3083110 0.0775625 0.3826646 
n292_293   0.3432800 0.3372762 0.3477791 0.0813366 0.2668751 0.2858554 0.0202715 0.0033408 0.3604136 0.0202761 0.0000000 0.3489569 0.3494031 0.3433854 0.3484328 0.2572944 0.4310433 0.3432130 0.2859978 0.4071124 0.3243963 0.0927089 0.4069655 
n296_297   0.0169099 0.0134964 0.1118272 0.3167535 0.3213414 0.3682329 0.3541016 0.3431742 0.0448644 0.3321833 0.3489569 0.0000000 0.0307200 0.0377534 0.0203489 0.3110795 0.4405477 0.0033477 0.3791263 0.4532143 0.1642178 0.3378542 0.4172158 
n275_276   0.0412605 0.0377314 0.1119595 0.3171544 0.3167416 0.3577254 0.3545548 0.3436118 0.0134950 0.3326052 0.3494031 0.0307200 0.0000000 0.0067117 0.0448271 0.3114721 0.4225314 0.0272213 0.3684817 0.4595203 0.1602150 0.3382845 0.3997220 
n297_298   0.0412375 0.0377103 0.1118969 0.3169798 0.3221022 0.3691212 0.3484932 0.3376518 0.0134874 0.3267491 0.3433854 0.0377534 0.0067117 0.0000000 0.0448021 0.3167918 0.4223032 0.0342133 0.3800451 0.4592738 0.1643570 0.3380989 0.3995050 
n289_290   0.0169070 0.0134941 0.1195776 0.3162859 0.3372261 0.3909988 0.3535686 0.3426607 0.0519821 0.3316895 0.3484328 0.0203489 0.0448271 0.0448021 0.0000000 0.3267500 0.4404374 0.0169050 0.3963040 0.4585398 0.1768037 0.3373498 0.4232340 
n286_287   0.3213857 0.3161354 0.2990680 0.2287866 0.0066965 0.1317050 0.2568933 0.2522427 0.3274941 0.2379630 0.2572944 0.3110795 0.3114721 0.3167918 0.3267500 0.0000000 0.3875014 0.3056554 0.1317263 0.3374302 0.2737450 0.2475178 0.3597770 
n255_256   0.4461348 0.4398976 0.4505401 0.4062802 0.3988625 0.4148608 0.4236703 0.4245099 0.4219129 0.4059012 0.4310433 0.4405477 0.4225314 0.4223032 0.4404374 0.3875014 0.0000000 0.4339934 0.4282558 0.3741850 0.4010977 0.4118285 0.0411906 
n295_296   0.0134862 0.0100912 0.1078530 0.3112768 0.3158363 0.3623570 0.3483179 0.3374831 0.0412810 0.3265869 0.3432130 0.0033477 0.0272213 0.0342133 0.0169050 0.3056554 0.4339934 0.0000000 0.3731605 0.4465373 0.1599130 0.3322050 0.4108709 
n266_267   0.3963111 0.3905123 0.3664071 0.3010327 0.1397382 0.0271797 0.2807648 0.2807354 0.3916710 0.2656172 0.2859978 0.3791263 0.3684817 0.3800451 0.3963040 0.1317263 0.4282558 0.3731605 0.0000000 0.4339957 0.3277974 0.3216656 0.4224873 
n244_245   0.4588893 0.4400283 0.4449793 0.3840001 0.3428892 0.4149620 0.4064021 0.4007988 0.4663688 0.3942109 0.4071124 0.4532143 0.4595203 0.4592738 0.4585398 0.3374302 0.3741850 0.4465373 0.4339957 0.0000000 0.4677704 0.3948890 0.3472013 
n200_201   0.1724897 0.1682646 0.1546087 0.3138714 0.2787123 0.3170755 0.3343166 0.3188591 0.1685331 0.3083110 0.3243963 0.1642178 0.1602150 0.1643570 0.1768037 0.2737450 0.4010977 0.1599130 0.3277974 0.4677704 0.0000000 0.3347427 0.3843950 
n277_278   0.3322679 0.3319770 0.3421652 0.0168466 0.2569700 0.3159804 0.0925826 0.0888346 0.3491271 0.0775625 0.0927089 0.3378542 0.3382845 0.3380989 0.3373498 0.2475178 0.4118285 0.3322050 0.3216656 0.3948890 0.3347427 0.0000000 0.3946412 
n251_252   0.4226546 0.4166091 0.4212968 0.3830094 0.3707363 0.3978412 0.3998812 0.4006578 0.3991452 0.3826646 0.4069655 0.4172158 0.3997220 0.3995050 0.4232340 0.3597770 0.0411906 0.4108709 0.4224873 0.3472013 0.3843950 0.3946412 0.0000000 
