26
n300_303   0.0000000 0.3014144 0.2963917 0.2904997 0.4261743 0.0067043 0.2960026 0.3064998 0.0449456 0.2912851 0.0168991 0.2791980 0.2803023 0.2243768 0.3171793 0.0449216 0.0033418 0.2654103 0.2098962 0.2734913 0.3769976 0.3176095 0.4033828 0.0168849 0.2905325 0.3230121 
n289_292   0.3014144 0.0000000 0.0066927 0.0202909 0.4540001 0.3015769 0.0306836 0.0237261 0.2956153 0.0134587 0.2961870 0.3567403 0.0743885 0.2704678 0.0306664 0.2954197 0.2961341 0.1335835 0.2756117 0.3569120 0.4201717 0.0307031 0.4386934 0.2958794 0.0202961 0.0342032 
n290_293   0.2963917 0.0066927 0.0000000 0.0202924 0.4540640 0.2965513 0.0272216 0.0237279 0.2906382 0.0134598 0.2911992 0.3567847 0.0743948 0.2704977 0.0306688 0.2904466 0.2911475 0.1335957 0.2756424 0.3569564 0.4202282 0.0307055 0.4326282 0.2908977 0.0202976 0.0342059 
n296_299   0.2904997 0.0202909 0.0202924 0.0000000 0.4395217 0.2906555 0.0306767 0.0237207 0.2798776 0.0203150 0.2853571 0.3512610 0.0743729 0.2655905 0.0306596 0.2796950 0.2853070 0.1335588 0.2706996 0.3514292 0.4064675 0.0306962 0.4186334 0.2850634 0.0134400 0.0341956 
n255_258   0.4261743 0.4540001 0.4540640 0.4395217 0.0000000 0.4264172 0.4542488 0.4602427 0.4189015 0.4546478 0.4199010 0.4368936 0.4218521 0.4212762 0.4607790 0.4382136 0.4198106 0.3777553 0.4020282 0.4306060 0.0486744 0.4610275 0.3479672 0.4136152 0.4403589 0.4676497 
n292_295   0.0067043 0.3015769 0.2965513 0.2906555 0.4264172 0.0000000 0.2961619 0.3066654 0.0449670 0.2914417 0.0169069 0.2738760 0.2804520 0.2194952 0.3173514 0.0449429 0.0033434 0.2655513 0.2051312 0.2682234 0.3772084 0.3177820 0.4036116 0.0168928 0.2906884 0.3231879 
n298_301   0.2960026 0.0306836 0.0272216 0.0306767 0.4542488 0.2961619 0.0000000 0.0134604 0.2902574 0.0307202 0.2908179 0.3564471 0.0857342 0.2753891 0.0202964 0.2900663 0.2907664 0.1460314 0.2805691 0.3566185 0.4203964 0.0203206 0.4267156 0.2905172 0.0306844 0.0237683 
n297_300   0.3064998 0.0237261 0.0237279 0.0237207 0.4602427 0.3066654 0.0134604 0.0000000 0.3006541 0.0237544 0.2962827 0.3512155 0.0781014 0.2753416 0.0134533 0.3004544 0.3011826 0.1376203 0.2805206 0.3513836 0.4261194 0.0134690 0.4317031 0.3009230 0.0237267 0.0168792 
n278_281   0.0449456 0.2956153 0.2906382 0.2798776 0.4189015 0.0449670 0.2902574 0.3006541 0.0000000 0.2855788 0.0413793 0.2681908 0.2747108 0.2191756 0.3062186 0.0134547 0.0413744 0.2651103 0.2048363 0.2678226 0.3823128 0.3116505 0.4036666 0.0413438 0.2848430 0.3169999 
n287_290   0.2912851 0.0134587 0.0134598 0.0203150 0.4546478 0.2914417 0.0307202 0.0237544 0.2855788 0.0000000 0.2861289 0.3458158 0.0744800 0.2607597 0.0307031 0.2853904 0.2860785 0.1294617 0.2658338 0.3459804 0.4207619 0.0307397 0.4393196 0.2858336 0.0203203 0.0342441 
n280_283   0.0168991 0.2961870 0.2911992 0.2853571 0.4199010 0.0169069 0.2908179 0.2962827 0.0413793 0.2861289 0.0000000 0.2692499 0.2752360 0.2196556 0.3118360 0.0413572 0.0134834 0.2604448 0.2052795 0.2636342 0.3711447 0.3122581 0.3968925 0.0134737 0.2853902 0.3176195 
n285_288   0.2791980 0.3567403 0.3567847 0.3512610 0.4368936 0.2738760 0.3564471 0.3512155 0.2681908 0.3458158 0.2692499 0.0000000 0.3338485 0.1632256 0.3738001 0.2680158 0.2740354 0.3013138 0.1630379 0.0134649 0.4183029 0.3743183 0.4609290 0.2689726 0.3567427 0.3801822 
n236_239   0.2803023 0.0743885 0.0743948 0.0743729 0.4218521 0.2804520 0.0857342 0.0781014 0.2747108 0.0744800 0.2752360 0.3338485 0.0000000 0.2553902 0.0856825 0.2745325 0.2751885 0.1129673 0.2558211 0.3340050 0.3913870 0.0819201 0.3878856 0.2749548 0.0743903 0.0818629 
n265_268   0.2243768 0.2704678 0.2704977 0.2655905 0.4212762 0.2194952 0.2753891 0.2753416 0.2191756 0.2607597 0.2196556 0.1632256 0.2553902 0.0000000 0.2855470 0.2190385 0.2196204 0.2502654 0.0203553 0.1544621 0.3894607 0.2859295 0.4226942 0.2194376 0.2704704 0.2910879 
n275_278   0.3171793 0.0306664 0.0306688 0.0306596 0.4607790 0.3173514 0.0202964 0.0134533 0.3062186 0.0307031 0.3118360 0.3738001 0.0856825 0.2855470 0.0000000 0.3110213 0.3117791 0.1459363 0.2908048 0.3739833 0.4324501 0.0067027 0.4453631 0.3115088 0.0237468 0.0100795 
n277_280   0.0449216 0.2954197 0.2904466 0.2796950 0.4382136 0.0449429 0.2900663 0.3004544 0.0134547 0.2853904 0.0413572 0.2680158 0.2745325 0.2190385 0.3110213 0.0000000 0.0413523 0.2649393 0.2047099 0.2676481 0.3882745 0.3114414 0.3911304 0.0413217 0.2846565 0.3167861 
n299_302   0.0033418 0.2961341 0.2911475 0.2853070 0.4198106 0.0033434 0.2907664 0.3011826 0.0413744 0.2860785 0.0134834 0.2740354 0.2751885 0.2196204 0.3117791 0.0413523 0.0000000 0.2604007 0.2052474 0.2683789 0.3710703 0.3122010 0.3971995 0.0134721 0.2853402 0.3175609 
n200_203   0.2654103 0.1335835 0.1335957 0.1335588 0.3777553 0.2655513 0.1460314 0.1376203 0.2651103 0.1294617 0.2604448 0.3013138 0.1129673 0.2502654 0.1459363 0.2649393 0.2604007 0.0000000 0.2499561 0.2904269 0.3428390 0.1461212 0.3766897 0.2601811 0.1335860 0.1460167 
n266_269   0.2098962 0.2756117 0.2756424 0.2706996 0.4020282 0.2051312 0.2805691 0.2805206 0.2048363 0.2658338 0.2052795 0.1630379 0.2558211 0.0203553 0.2908048 0.2047099 0.2052474 0.2499561 0.0000000 0.1542859 0.3656458 0.2911951 0.4046718 0.2050782 0.2756143 0.2963939 
n286_289   0.2734913 0.3569120 0.3569564 0.3514292 0.4306060 0.2682234 0.3566185 0.3513836 0.2678226 0.3459804 0.2636342 0.0134649 0.3340050 0.1544621 0.3739833 0.2676481 0.2683789 0.2904269 0.1542859 0.0000000 0.4121652 0.3745020 0.4543895 0.2633642 0.3569144 0.3803700 
n251_254   0.3769976 0.4201717 0.4202282 0.4064675 0.0486744 0.3772084 0.4203964 0.4261194 0.3823128 0.4207619 0.3711447 0.4183029 0.3913870 0.3894607 0.4324501 0.3882745 0.3710703 0.3428390 0.3656458 0.4121652 0.0000000 0.4268242 0.3255663 0.3652854 0.4072251 0.4331160 
n293_296   0.3176095 0.0307031 0.0307055 0.0306962 0.4610275 0.3177820 0.0203206 0.0134690 0.3116505 0.0307397 0.3122581 0.3743183 0.0819201 0.2859295 0.0067027 0.3114414 0.3122010 0.1461212 0.2911951 0.3745020 0.4268242 0.0000000 0.4391487 0.3119301 0.0237751 0.0033422 
n244_247   0.4033828 0.4386934 0.4326282 0.4186334 0.3479672 0.4036116 0.4267156 0.4317031 0.4036666 0.4393196 0.3968925 0.4609290 0.3878856 0.4226942 0.4453631 0.3911304 0.3971995 0.3766897 0.4046718 0.4543895 0.3255663 0.4391487 0.0000000 0.4030885 0.4192442 0.4456097 
n274_277   0.0168849 0.2958794 0.2908977 0.2850634 0.4136152 0.0168928 0.2905172 0.3009230 0.0413438 0.2858336 0.0134737 0.2689726 0.2749548 0.2194376 0.3115088 0.0413217 0.0134721 0.2601811 0.2050782 0.2633642 0.3652854 0.3119301 0.4030885 0.0000000 0.2850965 0.3172846 
n295_298   0.2905325 0.0202961 0.0202976 0.0134400 0.4403589 0.2906884 0.0306844 0.0237267 0.2848430 0.0203203 0.2853902 0.3567427 0.0743903 0.2704704 0.0237468 0.2846565 0.2853402 0.1335860 0.2756143 0.3569144 0.4072251 0.0237751 0.4192442 0.2850965 0.0000000 0.0272416 
n294_297   0.3230121 0.0342032 0.0342059 0.0341956 0.4676497 0.3231879 0.0237683 0.0168792 0.3169999 0.0342441 0.3176195 0.3801822 0.0818629 0.2910879 0.0100795 0.3167861 0.3175609 0.1460167 0.2963939 0.3803700 0.4331160 0.0033422 0.4456097 0.3172846 0.0272416 0.0000000 
