24
n292_293   0.0000000 0.2666908 0.2715214 0.2622849 0.3360841 0.2688121 0.0033384 0.2625616 0.0100603 0.2621767 0.3419613 0.3010193 0.0957392 0.2671095 0.2574977 0.3411736 0.2913485 0.2764918 0.2509437 0.2943675 0.2736729 0.0957707 0.0100626 0.2469726 
n287_288   0.2666908 0.0000000 0.0100866 0.0341835 0.3477429 0.2658453 0.2618791 0.0342150 0.2617986 0.0067090 0.3482493 0.0960033 0.2620293 0.0376993 0.0376902 0.3432342 0.0341929 0.0306954 0.2764104 0.1509992 0.2753979 0.2572463 0.2618716 0.2624567 
n290_291   0.2715214 0.0100866 0.0000000 0.0376912 0.3531525 0.2611681 0.2666774 0.0377259 0.2665955 0.0100866 0.3536686 0.0998133 0.2668308 0.0412246 0.0412146 0.3486178 0.0377015 0.0341866 0.2813091 0.1632917 0.2706640 0.2620157 0.2666701 0.2672682 
n294_295   0.2622849 0.0341835 0.0376912 0.0000000 0.3427365 0.2565284 0.2574953 0.0067154 0.2574158 0.0341835 0.3432346 0.0885239 0.2621372 0.0100894 0.0100870 0.3489911 0.0483270 0.0447592 0.2719576 0.1634314 0.2659695 0.2573512 0.2574874 0.2676926 
n251_252   0.3360841 0.3477429 0.3531525 0.3427365 0.0000000 0.3291926 0.3308078 0.3431168 0.3307101 0.3477429 0.0342100 0.3916804 0.3571757 0.3428046 0.3373831 0.2809241 0.3864319 0.3807227 0.3313451 0.3565081 0.3344942 0.3572241 0.3308065 0.3215358 
n286_287   0.2688121 0.2658453 0.2611681 0.2565284 0.3291926 0.0000000 0.2640231 0.2567974 0.2639426 0.2658453 0.3351348 0.2851139 0.2544214 0.2565827 0.2517930 0.3457076 0.2854184 0.2804642 0.1508193 0.2988301 0.0100048 0.2544535 0.2640157 0.1551749 
n300_301   0.0033384 0.2618791 0.2666774 0.2574953 0.3308078 0.2640231 0.0000000 0.2577662 0.0066905 0.2573903 0.3366361 0.2959795 0.0919479 0.2622885 0.2527400 0.3358662 0.2863697 0.2813973 0.2462545 0.2893942 0.2688512 0.0919781 0.0066920 0.2422983 
n275_276   0.2625616 0.0342150 0.0377259 0.0067154 0.3431168 0.2567974 0.2577662 0.0000000 0.2576866 0.0342150 0.3436160 0.0886077 0.2624137 0.0100986 0.0100962 0.3493806 0.0483717 0.0448005 0.2722465 0.1635938 0.2662499 0.2576218 0.2577584 0.2679766 
n274_275   0.0100603 0.2617986 0.2665955 0.2574158 0.3307101 0.2639426 0.0066905 0.2576866 0.0000000 0.2573109 0.3365368 0.2958901 0.0919183 0.2622078 0.2526619 0.3357674 0.2862826 0.2813115 0.2461785 0.2844780 0.2687694 0.0919485 0.0066898 0.2468483 
n289_290   0.2621767 0.0067090 0.0100866 0.0341835 0.3477429 0.2658453 0.2573903 0.0342150 0.2573109 0.0000000 0.3482493 0.0960033 0.2575375 0.0376993 0.0376902 0.3432342 0.0341929 0.0306954 0.2764104 0.1591428 0.2753979 0.2527797 0.2573824 0.2624567 
n255_256   0.3419613 0.3482493 0.3536686 0.3432346 0.0342100 0.3351348 0.3366361 0.3436160 0.3365368 0.3482493 0.0000000 0.3922665 0.3576977 0.3433028 0.3378717 0.2861362 0.3870089 0.3812890 0.3318225 0.3462884 0.3404902 0.3577463 0.3366355 0.3219968 
n236_237   0.3010193 0.0960033 0.0998133 0.0885239 0.3916804 0.2851139 0.2959795 0.0886077 0.2958901 0.0960033 0.3922665 0.0000000 0.2909534 0.0923152 0.0922930 0.3934255 0.1113818 0.1074919 0.3167014 0.1973185 0.2949132 0.2958087 0.2959745 0.3122433 
n278_279   0.0957392 0.2620293 0.2668308 0.2621372 0.3571757 0.2544214 0.0919479 0.2624137 0.0919183 0.2575375 0.3576977 0.2909534 0.0000000 0.2669588 0.2573532 0.3568568 0.2767308 0.2718222 0.2462027 0.2795036 0.2591818 0.0134293 0.0919406 0.2468725 
n297_298   0.2671095 0.0376993 0.0412246 0.0100894 0.3428046 0.2565827 0.2622885 0.0100986 0.2622078 0.0376993 0.3433028 0.0923152 0.2669588 0.0000000 0.0067124 0.3544195 0.0519148 0.0483283 0.2768481 0.1676317 0.2660254 0.2621412 0.2622810 0.2725625 
n298_299   0.2574977 0.0376902 0.0412146 0.0100870 0.3373831 0.2517930 0.2527400 0.0100962 0.2526619 0.0376902 0.3378717 0.0922930 0.2573532 0.0067124 0.0000000 0.3435826 0.0519023 0.0483166 0.2671036 0.1592713 0.2611724 0.2525992 0.2527319 0.2628598 
n244_245   0.3411736 0.3432342 0.3486178 0.3489911 0.2809241 0.3457076 0.3358662 0.3493806 0.3357674 0.3432342 0.2861362 0.3934255 0.3568568 0.3544195 0.3435826 0.0000000 0.3758492 0.3702181 0.3003868 0.3460502 0.3511401 0.3620610 0.3308051 0.2909521 
n296_297   0.2913485 0.0341929 0.0377015 0.0483270 0.3864319 0.2854184 0.2863697 0.0483717 0.2862826 0.0341929 0.3870089 0.1113818 0.2767308 0.0519148 0.0519023 0.3758492 0.0000000 0.0100961 0.2914154 0.1759940 0.2952317 0.2718472 0.2863639 0.2870698 
n295_296   0.2764918 0.0306954 0.0341866 0.0447592 0.3807227 0.2804642 0.2813973 0.0448005 0.2813115 0.0306954 0.3812890 0.1074919 0.2718222 0.0483283 0.0483166 0.3702181 0.0100961 0.0000000 0.2864057 0.1717420 0.2902106 0.2669721 0.2813911 0.2820826 
n266_267   0.2509437 0.2764104 0.2813091 0.2719576 0.3313451 0.1508193 0.2462545 0.2722465 0.2461785 0.2764104 0.3318225 0.3167014 0.2462027 0.2768481 0.2671036 0.3003868 0.2914154 0.2864057 0.0000000 0.3149970 0.1549551 0.2555114 0.2462461 0.0306377 
n200_201   0.2943675 0.1509992 0.1632917 0.1634314 0.3565081 0.2988301 0.2893942 0.1635938 0.2844780 0.1591428 0.3462884 0.1973185 0.2795036 0.1676317 0.1592713 0.3460502 0.1759940 0.1717420 0.3149970 0.0000000 0.3039103 0.2795396 0.2893887 0.3054087 
n285_286   0.2736729 0.2753979 0.2706640 0.2659695 0.3344942 0.0100048 0.2688512 0.2662499 0.2687694 0.2753979 0.3404902 0.2949132 0.2591818 0.2660254 0.2611724 0.3511401 0.2952317 0.2902106 0.1549551 0.3039103 0.0000000 0.2592146 0.2688441 0.1593420 
n277_278   0.0957707 0.2572463 0.2620157 0.2573512 0.3572241 0.2544535 0.0919781 0.2576218 0.0919485 0.2527797 0.3577463 0.2958087 0.0134293 0.2621412 0.2525992 0.3620610 0.2718472 0.2669721 0.2555114 0.2795396 0.2592146 0.0000000 0.0919708 0.2562095 
n280_281   0.0100626 0.2618716 0.2666701 0.2574874 0.3308065 0.2640157 0.0066920 0.2577584 0.0066898 0.2573824 0.3366355 0.2959745 0.0919406 0.2622810 0.2527319 0.3308051 0.2863639 0.2813911 0.2462461 0.2893887 0.2688441 0.0919708 0.0000000 0.2469162 
n265_266   0.2469726 0.2624567 0.2672682 0.2676926 0.3215358 0.1551749 0.2422983 0.2679766 0.2468483 0.2624567 0.3219968 0.3122433 0.2468725 0.2725625 0.2628598 0.2909521 0.2870698 0.2820826 0.0306377 0.3054087 0.1593420 0.2562095 0.2469162 0.0000000 
