25
n287_288   0.0000000 0.0100812 0.1015440 0.3470044 0.3122254 0.3286679 0.2865235 0.3077872 0.0272890 0.2920069 0.3023156 0.0100892 0.0238110 0.0238046 0.0238048 0.0168848 0.3125275 0.4051670 0.0134975 0.2968356 0.3842917 0.0272841 0.1720527 0.3461585 0.3986849 
n290_291   0.0100812 0.0000000 0.0936458 0.3410337 0.3065925 0.3228868 0.2811064 0.3021815 0.0237966 0.2865386 0.2967601 0.0067036 0.0203403 0.0203348 0.0203349 0.0066992 0.3015734 0.4106947 0.0100892 0.2913319 0.3780072 0.0237924 0.1675606 0.3402060 0.4041661 
n236_237   0.1015440 0.0936458 0.0000000 0.2924384 0.2553442 0.2710681 0.2365226 0.2562292 0.0936992 0.2462468 0.2511728 0.0976361 0.0898226 0.0897971 0.0897977 0.1013985 0.2502084 0.3987316 0.0976880 0.2513108 0.3664678 0.0936812 0.1504340 0.2917499 0.4052608 
n278_279   0.3470044 0.3410337 0.2924384 0.0000000 0.2971523 0.2859229 0.0521769 0.0595427 0.3296726 0.0485659 0.0558615 0.3413418 0.3241206 0.3298399 0.3298411 0.3521700 0.3024689 0.4237924 0.3473187 0.2662437 0.3840757 0.3354719 0.3084095 0.0307762 0.4164350 
n285_286   0.3122254 0.3065925 0.2553442 0.2971523 0.0000000 0.1498555 0.2548171 0.2651541 0.3013884 0.2499175 0.2600431 0.3068658 0.2960778 0.2959841 0.2854014 0.3171606 0.0134677 0.4090744 0.3125044 0.1332275 0.3495077 0.2906509 0.2706280 0.2812183 0.4217919 
n265_266   0.3286679 0.3228868 0.2710681 0.2859229 0.1498555 0.0000000 0.2403821 0.2504885 0.3228830 0.2355817 0.2454882 0.3231760 0.3174031 0.3173015 0.3173027 0.3337024 0.1499798 0.4306539 0.3233765 0.0342041 0.3497252 0.3228084 0.2868629 0.2697406 0.4306582 
n280_281   0.2865235 0.2811064 0.2365226 0.0521769 0.2548171 0.2403821 0.0000000 0.0134713 0.2707373 0.0100696 0.0100729 0.2813554 0.2656573 0.2708683 0.2708692 0.2913153 0.2550502 0.3740186 0.2867780 0.2219067 0.3323285 0.2760166 0.2512386 0.0557435 0.3617946 
n299_300   0.3077872 0.3021815 0.2562292 0.0595427 0.2651541 0.2504885 0.0134713 0.0000000 0.2914751 0.0168932 0.0033408 0.3024511 0.2862341 0.2916185 0.2916195 0.3127065 0.2653993 0.3865130 0.3080624 0.2317363 0.3216259 0.2969311 0.2713908 0.0631462 0.3740423 
n293_294   0.0272890 0.0237966 0.0936992 0.3296726 0.3013884 0.3228830 0.2707373 0.2914751 0.0000000 0.2809602 0.2861438 0.0238155 0.0033432 0.0100849 0.0100850 0.0307488 0.3016769 0.4234545 0.0273106 0.2913309 0.4019734 0.0134849 0.1632917 0.3288786 0.4167996 
n274_275   0.2920069 0.2865386 0.2462468 0.0485659 0.2499175 0.2355817 0.0100696 0.0168932 0.2809602 0.0000000 0.0134735 0.2867931 0.2758023 0.2810972 0.2810982 0.2968339 0.2501451 0.3681888 0.2922668 0.2172252 0.3268558 0.2863244 0.2559630 0.0521169 0.3560712 
n292_293   0.3023156 0.2967601 0.2511728 0.0558615 0.2600431 0.2454882 0.0100729 0.0033408 0.2861438 0.0134735 0.0000000 0.2970243 0.2809457 0.2862840 0.2862850 0.3072008 0.2602824 0.3803666 0.3025854 0.2268687 0.3271272 0.2915526 0.2662160 0.0594474 0.3680142 
n296_297   0.0100892 0.0067036 0.0976361 0.3413418 0.3068658 0.3231760 0.2813554 0.3024511 0.0238155 0.2867931 0.2970243 0.0000000 0.0203564 0.0203509 0.0203511 0.0134730 0.3071611 0.4052723 0.0033464 0.2915907 0.3843928 0.0238113 0.1677033 0.3405128 0.3987890 
n294_295   0.0238110 0.0203403 0.0898226 0.3241206 0.2960778 0.3174031 0.2656573 0.2862341 0.0033432 0.2758023 0.2809457 0.0203564 0.0000000 0.0067048 0.0067049 0.0272556 0.2963598 0.4171082 0.0238299 0.2860939 0.3958464 0.0100858 0.1676536 0.3233428 0.4105160 
n275_276   0.0238046 0.0203348 0.0897971 0.3298399 0.2959841 0.3173015 0.2708683 0.2916185 0.0100849 0.2810972 0.2862840 0.0203509 0.0067048 0.0000000 0.0067030 0.0272482 0.2962659 0.4169673 0.0238235 0.2860037 0.3957148 0.0100831 0.1676040 0.3290451 0.4103779 
n297_298   0.0238048 0.0203349 0.0897977 0.3298411 0.2854014 0.3173027 0.2708692 0.2916195 0.0100850 0.2810982 0.2862850 0.0203511 0.0067049 0.0067030 0.0000000 0.0272484 0.2962669 0.4169696 0.0238237 0.2860047 0.3835008 0.0033408 0.1676047 0.3290463 0.4103801 
n289_290   0.0168848 0.0066992 0.1013985 0.3521700 0.3171606 0.3337024 0.2913153 0.3127065 0.0307488 0.2968339 0.3072008 0.0134730 0.0272556 0.0272482 0.0272484 0.0000000 0.3120741 0.4108658 0.0168982 0.3016852 0.3896574 0.0307434 0.1762122 0.3513097 0.4043340 
n286_287   0.3125275 0.3015734 0.2502084 0.3024689 0.0134677 0.1499798 0.2550502 0.2653993 0.3016769 0.2501451 0.2602824 0.3071611 0.2963598 0.2962659 0.2962669 0.3120741 0.0000000 0.4095065 0.3128070 0.1333362 0.3612861 0.3016082 0.2708797 0.2864054 0.4222430 
n255_256   0.4051670 0.4106947 0.3987316 0.4237924 0.4090744 0.4306539 0.3740186 0.3865130 0.4234545 0.3681888 0.3803666 0.4052723 0.4171082 0.4169673 0.4169696 0.4108658 0.4095065 0.0000000 0.3987797 0.3943342 0.3392530 0.4233494 0.4159907 0.4230064 0.0272849 
n295_296   0.0134975 0.0100892 0.0976880 0.3473187 0.3125044 0.3233765 0.2867780 0.3080624 0.0273106 0.2922668 0.3025854 0.0033464 0.0238299 0.0238235 0.0238237 0.0168982 0.3128070 0.3987797 0.0000000 0.2971000 0.3907451 0.0273058 0.1721996 0.3464713 0.3923625 
n266_267   0.2968356 0.2913319 0.2513108 0.2662437 0.1332275 0.0342041 0.2219067 0.2317363 0.2913309 0.2172252 0.2268687 0.2915907 0.2860939 0.2860037 0.2860047 0.3016852 0.1333362 0.3943342 0.2971000 0.0000000 0.3170237 0.2912652 0.2616045 0.2558261 0.3943309 
n244_245   0.3842917 0.3780072 0.3664678 0.3840757 0.3495077 0.3497252 0.3323285 0.3216259 0.4019734 0.3268558 0.3271272 0.3843928 0.3958464 0.3957148 0.3835008 0.3896574 0.3612861 0.3392530 0.3907451 0.3170237 0.0000000 0.3895485 0.3599997 0.3773642 0.3325829 
n298_299   0.0272841 0.0237924 0.0936812 0.3354719 0.2906509 0.3228084 0.2760166 0.2969311 0.0134849 0.2863244 0.2915526 0.0238113 0.0100858 0.0100831 0.0033408 0.0307434 0.3016082 0.4233494 0.0273058 0.2912652 0.3895485 0.0000000 0.1719955 0.3346606 0.4166966 
n200_201   0.1720527 0.1675606 0.1504340 0.3084095 0.2706280 0.2868629 0.2512386 0.2713908 0.1632917 0.2559630 0.2662160 0.1677033 0.1676536 0.1676040 0.1676047 0.1762122 0.2708797 0.4159907 0.1721996 0.2616045 0.3599997 0.1719955 0.0000000 0.2968393 0.4162767 
n277_278   0.3461585 0.3402060 0.2917499 0.0307762 0.2812183 0.2697406 0.0557435 0.0631462 0.3288786 0.0521169 0.0594474 0.3405128 0.3233428 0.3290451 0.3290463 0.3513097 0.2864054 0.4230064 0.3464713 0.2558261 0.3773642 0.3346606 0.2968393 0.0000000 0.4098463 
n251_252   0.3986849 0.4041661 0.4052608 0.4164350 0.4217919 0.4306582 0.3617946 0.3740423 0.4167996 0.3560712 0.3680142 0.3987890 0.4105160 0.4103779 0.4103801 0.4043340 0.4222430 0.0272849 0.3923625 0.3943309 0.3325829 0.4166966 0.4162767 0.4098463 0.0000000 
