25
n292_293   0.0000000 0.3422911 0.3360568 0.3248252 0.4534601 0.2820271 0.0067111 0.3247911 0.0343021 0.3423000 0.4661925 0.3363889 0.0973865 0.3248025 0.3194225 0.4561699 0.3194478 0.3485696 0.3311589 0.3132829 0.2821632 0.2871218 0.0935880 0.0237939 0.3079274 
n287_288   0.3422911 0.0000000 0.0169109 0.0558668 0.4406453 0.2452981 0.3307171 0.0558518 0.3132583 0.0169345 0.4333812 0.0974989 0.3253969 0.0522296 0.0522386 0.4556781 0.0522420 0.0343687 0.0238308 0.3118232 0.1373528 0.2501116 0.3198714 0.3298166 0.3174023 
n290_291   0.3360568 0.0169109 0.0000000 0.0449512 0.4205416 0.2399994 0.3246042 0.0449389 0.3073323 0.0067109 0.4135073 0.0857849 0.3193336 0.0413796 0.0413868 0.4480570 0.0413894 0.0238293 0.0134903 0.3058782 0.1248814 0.2447692 0.3138637 0.3237240 0.3113972 
n294_295   0.3248252 0.0558668 0.0449512 0.0000000 0.4078579 0.2451944 0.3135690 0.0134886 0.2966004 0.0450156 0.4009636 0.0669692 0.3141172 0.0134914 0.0100943 0.4351827 0.0033447 0.0486881 0.0378890 0.2952597 0.1090467 0.2500055 0.3086868 0.3127236 0.3006874 
n251_252   0.4534601 0.4406453 0.4205416 0.4078579 0.0000000 0.4135517 0.4469763 0.4078417 0.4326426 0.4147364 0.0376261 0.4087358 0.4532404 0.4078299 0.4017760 0.3257423 0.4018105 0.4284419 0.4088272 0.4831508 0.3938372 0.4134719 0.4408143 0.4331849 0.4758029 
n286_287   0.2820271 0.2452981 0.2399994 0.2451944 0.4135517 0.0000000 0.2714864 0.2451551 0.2611149 0.2403916 0.4132489 0.2552164 0.2709579 0.2403557 0.2403974 0.3846409 0.2404151 0.2554178 0.2403916 0.1168562 0.2204878 0.0033384 0.2608681 0.2707691 0.1208489 
n300_301   0.0067111 0.3307171 0.3246042 0.3135690 0.4469763 0.2714864 0.0000000 0.3135335 0.0272660 0.3307253 0.4595986 0.3249253 0.0895582 0.3135470 0.3082556 0.4496376 0.3082797 0.3368737 0.3197752 0.3074913 0.2716176 0.2765016 0.0858021 0.0168886 0.3021853 
n275_276   0.3247911 0.0558518 0.0449389 0.0134886 0.4078417 0.2451551 0.3135335 0.0000000 0.2965632 0.0450033 0.3948474 0.0669516 0.3140817 0.0134875 0.0100914 0.4486702 0.0100920 0.0486748 0.0378785 0.2899340 0.1090204 0.2499663 0.3086507 0.3126881 0.2953146 
n274_275   0.0343021 0.3132583 0.3073323 0.2966004 0.4326426 0.2611149 0.0272660 0.2965632 0.0000000 0.3132655 0.4449952 0.3133575 0.0706461 0.2965795 0.2914253 0.4422000 0.2914477 0.3192271 0.3026105 0.2965494 0.2557477 0.2660536 0.0669816 0.0237596 0.2913302 
n289_290   0.3423000 0.0169345 0.0067109 0.0450156 0.4147364 0.2403916 0.3307253 0.0450033 0.3132655 0.0000000 0.4083006 0.0859116 0.3254048 0.0414388 0.0414459 0.4426279 0.0414486 0.0238636 0.0135090 0.3063995 0.1250703 0.2451704 0.3198790 0.3298248 0.3119301 
n255_256   0.4661925 0.4333812 0.4135073 0.4009636 0.0376261 0.4132489 0.4595986 0.3948474 0.4449952 0.4083006 0.0000000 0.4018252 0.4521939 0.4009360 0.3949449 0.3140037 0.3949786 0.4213067 0.4019100 0.4820047 0.3931735 0.4131691 0.4397990 0.4455568 0.4679000 
n236_237   0.3363889 0.0974989 0.0857849 0.0669692 0.4087358 0.2552164 0.3249253 0.0669516 0.3133575 0.0859116 0.4018252 0.0000000 0.3200312 0.0669641 0.0632770 0.4429869 0.0632811 0.0898926 0.0783155 0.3224934 0.1092279 0.2600991 0.3199723 0.3240437 0.3281629 
n278_279   0.0973865 0.3253969 0.3193336 0.3141172 0.4532404 0.2709579 0.0895582 0.3140817 0.0706461 0.3254048 0.4521939 0.3200312 0.0000000 0.3140952 0.3087924 0.4761645 0.3088166 0.3255214 0.3145315 0.3224714 0.2868874 0.2759619 0.0100950 0.0855984 0.3170652 
n297_298   0.3248025 0.0522296 0.0413796 0.0134914 0.4078299 0.2403557 0.3135470 0.0134875 0.2965795 0.0414388 0.4009360 0.0669641 0.3140952 0.0000000 0.0033443 0.4486416 0.0100941 0.0486843 0.0378861 0.2900626 0.1090385 0.2451338 0.3086652 0.3127018 0.2954464 
n298_299   0.3194225 0.0522386 0.0413868 0.0100943 0.4017760 0.2403974 0.3082556 0.0100914 0.2914253 0.0414459 0.3949449 0.0632770 0.3087924 0.0033443 0.0000000 0.4422104 0.0067133 0.0450935 0.0343566 0.2901129 0.1051205 0.2451764 0.3034033 0.3074266 0.2954977 
n244_245   0.4561699 0.4556781 0.4480570 0.4351827 0.3257423 0.3846409 0.4496376 0.4486702 0.4422000 0.4426279 0.3140037 0.4429869 0.4761645 0.4486416 0.4422104 0.0000000 0.4288809 0.4563568 0.4358796 0.4610979 0.4078053 0.3905602 0.4559300 0.4623749 0.4683224 
n293_294   0.3194478 0.0522420 0.0413894 0.0033447 0.4018105 0.2404151 0.3082797 0.0100920 0.2914477 0.0414486 0.3949786 0.0632811 0.3088166 0.0100941 0.0067133 0.4288809 0.0000000 0.0450963 0.0343588 0.2901351 0.1051274 0.2451944 0.3034270 0.3074506 0.2955204 
n296_297   0.3485696 0.0343687 0.0238293 0.0486881 0.4284419 0.2554178 0.3368737 0.0486748 0.3192271 0.0238636 0.4213067 0.0898926 0.3255214 0.0486843 0.0450935 0.4563568 0.0450963 0.0000000 0.0101165 0.3230466 0.1210470 0.2603057 0.3199938 0.3359527 0.3287292 
n295_296   0.3311589 0.0238308 0.0134903 0.0378890 0.4088272 0.2403916 0.3197752 0.0378785 0.3026105 0.0135090 0.4019100 0.0783155 0.3145315 0.0378861 0.0343566 0.4358796 0.0343588 0.0101165 0.0000000 0.3063995 0.1170319 0.2451704 0.3090927 0.3189090 0.3119301 
n266_267   0.3132829 0.3118232 0.3058782 0.2952597 0.4831508 0.1168562 0.3074913 0.2899340 0.2965494 0.3063995 0.4820047 0.3224934 0.3224714 0.2900626 0.2901129 0.4610979 0.2901351 0.3230466 0.3063995 0.0000000 0.2589265 0.1208377 0.3116226 0.3066665 0.0168316 
n200_201   0.2821632 0.1373528 0.1248814 0.1090467 0.3938372 0.2204878 0.2716176 0.1090204 0.2557477 0.1250703 0.3931735 0.1092279 0.2868874 0.1090385 0.1051205 0.4078053 0.1051274 0.1210470 0.1170319 0.2589265 0.0000000 0.2251146 0.2765804 0.2709006 0.2643153 
n285_286   0.2871218 0.2501116 0.2447692 0.2500055 0.4134719 0.0033384 0.2765016 0.2499663 0.2660536 0.2451704 0.4131691 0.2600991 0.2759619 0.2451338 0.2451764 0.3905602 0.2451944 0.2603057 0.2451704 0.1208377 0.2251146 0.0000000 0.2658002 0.2757703 0.1208675 
n277_278   0.0935880 0.3198714 0.3138637 0.3086868 0.4408143 0.2608681 0.0858021 0.3086507 0.0669816 0.3198790 0.4397990 0.3199723 0.0100950 0.3086652 0.3034033 0.4559300 0.3034270 0.3199938 0.3090927 0.3116226 0.2765804 0.2658002 0.0000000 0.0818671 0.3063004 
n280_281   0.0237939 0.3298166 0.3237240 0.3127236 0.4331849 0.2707691 0.0168886 0.3126881 0.0237596 0.3298248 0.4455568 0.3240437 0.0855984 0.3127018 0.3074266 0.4623749 0.3074506 0.3359527 0.3189090 0.3066665 0.2709006 0.2757703 0.0818671 0.0000000 0.3013768 
n265_266   0.3079274 0.3174023 0.3113972 0.3006874 0.4758029 0.1208489 0.3021853 0.2953146 0.2913302 0.3119301 0.4679000 0.3281629 0.3170652 0.2954464 0.2954977 0.4683224 0.2955204 0.3287292 0.3119301 0.0168316 0.2643153 0.1208675 0.3063004 0.3013768 0.0000000 
