25
n292_293   0.0000000 0.3145219 0.2952983 0.3548126 0.2372978 0.0066806 0.3101833 0.0202253 0.3253087 0.3765846 0.3244981 0.0033302 0.0480619 0.2903506 0.2952198 0.4142774 0.3000476 0.3300548 0.3301456 0.2238048 0.2989746 0.2461999 0.0551109 0.0236314 0.2371232 
n287_288   0.3145219 0.0000000 0.0377087 0.3905157 0.2712464 0.3150066 0.0591035 0.3049176 0.0067234 0.4134869 0.0735706 0.3096686 0.2952000 0.0342010 0.0377003 0.4312767 0.0447721 0.0203449 0.0169084 0.2665269 0.1310773 0.2711147 0.2998827 0.2945207 0.2806292 
n294_295   0.2952983 0.0377087 0.0000000 0.3856130 0.2671096 0.2957487 0.0272724 0.2858913 0.0448428 0.4084556 0.0772479 0.2905459 0.2763818 0.0033553 0.0067243 0.4258469 0.0067254 0.0519616 0.0483625 0.2574785 0.1350417 0.2669799 0.2809726 0.2852446 0.2714392 
n251_252   0.3548126 0.3905157 0.3856130 0.0000000 0.3307960 0.3553696 0.4199569 0.3498309 0.4025795 0.0409010 0.4010663 0.3497306 0.3388384 0.3853324 0.3908475 0.2737693 0.3852865 0.4138862 0.4078996 0.3254745 0.3571140 0.3408010 0.3487935 0.3543368 0.3406450 
n286_287   0.2372978 0.2712464 0.2671096 0.3307960 0.0000000 0.2466818 0.2913686 0.2421873 0.2764010 0.3519799 0.2904293 0.2418538 0.2421975 0.2669252 0.2666582 0.3560214 0.2767393 0.2863782 0.2813545 0.0809459 0.2665939 0.0066891 0.2510910 0.2461590 0.0845844 
n300_301   0.0066806 0.3150066 0.2957487 0.3553696 0.2466818 0.0000000 0.3106604 0.0202519 0.3258133 0.3771841 0.3250005 0.0033346 0.0481260 0.2907922 0.2956700 0.4149508 0.3005064 0.3305688 0.3306588 0.2241321 0.2994298 0.2556916 0.0551848 0.0236626 0.2374715 
n275_276   0.3101833 0.0591035 0.0272724 0.4199569 0.2913686 0.3106604 0.0000000 0.3058641 0.0664788 0.4378164 0.0997701 0.3053465 0.2961113 0.0238084 0.0272663 0.4436393 0.0342474 0.0737962 0.0700822 0.2814176 0.1594174 0.2912259 0.3008106 0.3051627 0.2958037 
n274_275   0.0202253 0.3049176 0.2858913 0.3498309 0.2421873 0.0202519 0.3058641 0.0000000 0.3155664 0.3714715 0.3048369 0.0168251 0.0410586 0.2809997 0.2858157 0.4094232 0.2905918 0.3202665 0.3203531 0.2151848 0.2895572 0.2511515 0.0480602 0.0236477 0.2283749 
n289_290   0.3253087 0.0067234 0.0448428 0.4025795 0.2764010 0.3258133 0.0664788 0.3155664 0.0000000 0.4259567 0.0810970 0.3203845 0.3057056 0.0412964 0.0448328 0.4440714 0.0519856 0.0238133 0.0203561 0.2716459 0.1393039 0.2762664 0.3104526 0.3049978 0.2858531 
n255_256   0.3765846 0.4134869 0.4084556 0.0409010 0.3519799 0.3771841 0.4378164 0.3714715 0.4259567 0.0000000 0.4127025 0.3713645 0.3601345 0.4081549 0.4138383 0.3086257 0.4081079 0.4376191 0.4314322 0.3464978 0.3790576 0.3622514 0.3703543 0.3760750 0.3620806 
n236_237   0.3244981 0.0735706 0.0772479 0.4010663 0.2904293 0.3250005 0.0997701 0.3048369 0.0810970 0.4127025 0.0000000 0.3195859 0.3101359 0.0735580 0.0772302 0.4484233 0.0846794 0.0885388 0.0847525 0.2710719 0.1270180 0.2902874 0.3049546 0.3042396 0.2852490 
n299_300   0.0033302 0.3096686 0.2905459 0.3497306 0.2418538 0.0033346 0.3053465 0.0168251 0.3203845 0.3713645 0.3195859 0.0000000 0.0445487 0.2856270 0.2904689 0.4088293 0.2952702 0.3251075 0.3251957 0.2194561 0.2942169 0.2508040 0.0515730 0.0202202 0.2327091 
n278_279   0.0480619 0.2952000 0.2763818 0.3388384 0.2421975 0.0481260 0.2961113 0.0410586 0.3057056 0.3601345 0.3101359 0.0445487 0.0000000 0.2715488 0.2763091 0.4042852 0.2810311 0.3103562 0.3104396 0.2107290 0.2800361 0.2511615 0.0100362 0.0516107 0.2238438 
n297_298   0.2903506 0.0342010 0.0033553 0.3853324 0.2669252 0.2907922 0.0238084 0.2809997 0.0412964 0.4081549 0.0735580 0.2856270 0.2715488 0.0000000 0.0033546 0.4199481 0.0101111 0.0483829 0.0448025 0.2573015 0.1310521 0.2667956 0.2761135 0.2803662 0.2712518 
n298_299   0.2952198 0.0377003 0.0067243 0.3908475 0.2666582 0.2956700 0.0272663 0.2858157 0.0448328 0.4138383 0.0772302 0.2904689 0.2763091 0.0033546 0.0000000 0.4140386 0.0135091 0.0519499 0.0483517 0.2570459 0.1350097 0.2665289 0.2808986 0.2851694 0.2709800 
n244_245   0.4142774 0.4312767 0.4258469 0.2737693 0.3560214 0.4149508 0.4436393 0.4094232 0.4440714 0.3086257 0.4484233 0.4088293 0.4042852 0.4199481 0.4140386 0.0000000 0.4320650 0.4560199 0.4496722 0.3671928 0.4424853 0.3663120 0.4095854 0.4082476 0.3831584 
n293_294   0.3000476 0.0447721 0.0067254 0.3852865 0.2767393 0.3005064 0.0342474 0.2905918 0.0519856 0.4081079 0.0846794 0.2952702 0.2810311 0.0101111 0.0135091 0.4320650 0.0000000 0.0591692 0.0555317 0.2669814 0.1430787 0.2766044 0.2856445 0.2899328 0.2811109 
n296_297   0.3300548 0.0203449 0.0519616 0.4138862 0.2863782 0.3305688 0.0737962 0.3202665 0.0238133 0.4376191 0.0885388 0.3251075 0.3103562 0.0483829 0.0519499 0.4560199 0.0591692 0.0000000 0.0033489 0.2764950 0.1431876 0.2862382 0.3151250 0.3096365 0.2907908 
n295_296   0.3301456 0.0169084 0.0483625 0.4078996 0.2813545 0.3306588 0.0700822 0.3203531 0.0203561 0.4314322 0.0847525 0.3251957 0.3104396 0.0448025 0.0483517 0.4496722 0.0555317 0.0033489 0.0000000 0.2765677 0.1390910 0.2812172 0.3152099 0.3097195 0.2908679 
n266_267   0.2238048 0.2665269 0.2574785 0.3254745 0.0809459 0.2241321 0.2814176 0.2151848 0.2716459 0.3464978 0.2710719 0.2194561 0.2107290 0.2573015 0.2570459 0.3671928 0.2669814 0.2764950 0.2765677 0.0000000 0.2618848 0.0883184 0.2192968 0.2236624 0.0168563 
n200_201   0.2989746 0.1310773 0.1350417 0.3571140 0.2665939 0.2994298 0.1594174 0.2895572 0.1393039 0.3790576 0.1270180 0.2942169 0.2800361 0.1310521 0.1350097 0.4424853 0.1430787 0.1431876 0.1390910 0.2618848 0.0000000 0.2758552 0.2797331 0.2793980 0.2709590 
n285_286   0.2461999 0.2711147 0.2669799 0.3408010 0.0066891 0.2556916 0.2912259 0.2511515 0.2762664 0.3622514 0.2902874 0.2508040 0.2511615 0.2667956 0.2665289 0.3663120 0.2766044 0.2862382 0.2812172 0.0883184 0.2758552 0.0000000 0.2601406 0.2551472 0.0919816 
n277_278   0.0551109 0.2998827 0.2809726 0.3487935 0.2510910 0.0551848 0.3008106 0.0480602 0.3104526 0.3703543 0.3049546 0.0515730 0.0100362 0.2761135 0.2808986 0.4095854 0.2856445 0.3151250 0.3152099 0.2192968 0.2797331 0.2601406 0.0000000 0.0586879 0.2325380 
n280_281   0.0236314 0.2945207 0.2852446 0.3543368 0.2461590 0.0236626 0.3051627 0.0236477 0.3049978 0.3760750 0.3042396 0.0202202 0.0516107 0.2803662 0.2851694 0.4082476 0.2899328 0.3096365 0.3097195 0.2236624 0.2793980 0.2551472 0.0586879 0.0000000 0.2369709 
n265_266   0.2371232 0.2806292 0.2714392 0.3406450 0.0845844 0.2374715 0.2958037 0.2283749 0.2858531 0.3620806 0.2852490 0.2327091 0.2238438 0.2712518 0.2709800 0.3831584 0.2811109 0.2907908 0.2908679 0.0168563 0.2709590 0.0919816 0.2325380 0.2369709 0.0000000 
