26
n295_298   0.0000000 1.7916383 9.0000000 1.2538858 1.2773422 0.1165540 1.3285167 0.3209471 1.2761175 1.8289514 0.1330723 1.6380364 0.6245664 4.3916099 0.0448300 0.3109659 0.2899718 1.2875662 1.8681950 0.1128110 0.3574033 0.3456765 1.2802705 1.2807803 5.1645396 1.7738577 
n266_269   1.7916383 0.0000000 2.1697007 1.5424014 1.6134311 1.8449360 1.6652250 1.8509083 1.6201414 0.9085878 1.7029729 0.9020707 1.9949704 1.9698323 1.9212176 1.8239684 1.7356351 1.7584599 2.1954952 1.6880450 1.7609572 1.8217266 1.6187424 1.6742408 8.9999984 0.1494086 
n255_258   9.0000000 2.1697007 0.0000000 2.6698188 3.8083267 5.1941565 5.5497591 6.0674015 3.1245375 1.9472588 9.0000000 2.2142897 9.0000000 0.3389644 4.9719831 3.7476823 4.6192143 4.0757110 3.0173547 4.9783388 7.2709127 9.0000000 4.9377710 5.1107318 1.7569932 3.0003576 
n277_280   1.2538858 1.5424014 2.6698188 0.0000000 0.4904855 1.1914201 0.4610801 1.3255007 0.0665965 1.6974151 1.1768302 1.7687036 1.3693996 3.1796539 1.2131785 1.0715093 1.1346855 0.4795800 2.6349144 1.2357624 1.1675355 1.2163888 0.4863102 0.4770162 8.9999988 1.7632243 
n299_302   1.2773422 1.6134311 3.8083267 0.4904855 0.0000000 1.1433369 0.1462936 1.2539878 0.5037925 2.3103500 1.1510418 2.4502551 1.4085587 4.3953050 1.2211493 1.1071375 1.1349124 0.1167760 2.1889021 1.1577329 1.2072562 1.1949490 0.0593350 0.0135134 2.6436291 1.8135949 
n287_290   0.1165540 1.8449360 5.1941565 1.1914201 1.1433369 0.0000000 1.2550293 0.2823899 1.2629920 1.8136637 0.0556507 1.7343152 0.5310270 3.5109734 0.1004682 0.2632187 0.2486548 1.1371206 1.6854403 0.0307052 0.3169267 0.3165852 1.1761067 1.1749963 5.2808033 1.7842134 
n274_277   1.3285167 1.6652250 5.5497591 0.4610801 0.1462936 1.2550293 0.0000000 1.3467425 0.4937687 2.0107856 1.2188261 2.0217736 1.4882799 5.3512907 1.2889784 1.1629679 1.1841860 0.1424678 2.0881187 1.2712422 1.2607748 1.3040614 0.1541282 0.1419526 4.4709994 1.6884930 
n275_278   0.3209471 1.8509083 6.0674015 1.3255007 1.2539878 0.2823899 1.3467425 0.0000000 1.2788138 2.0785364 0.2984923 1.9991529 0.6481197 3.7208927 0.2936995 0.1283003 0.1082770 1.2945134 1.5986193 0.2828837 0.1799012 0.1801231 1.3100554 1.2350214 9.0000000 1.7877788 
n278_281   1.2761175 1.6201414 3.1245375 0.0665965 0.5037925 1.2629920 0.4937687 1.2788138 0.0000000 1.7631638 1.2696528 1.8781786 1.3607461 3.4426625 1.2889431 1.0912288 1.1298748 0.5187496 2.5694927 1.3112028 1.1954527 1.1753253 0.5395155 0.4900846 8.9999988 1.8079122 
n286_289   1.8289514 0.9085878 1.9472588 1.6974151 2.3103500 1.8136637 2.0107856 2.0785364 1.7631638 0.0000000 1.8117727 0.0777586 2.1823677 1.9475910 1.7547983 1.8830480 1.9094323 2.0518756 2.5358935 1.6901540 1.7924284 1.7500058 2.0680263 2.2183674 9.0000000 0.7882575 
n289_292   0.1330723 1.7029729 9.0000000 1.1768302 1.1510418 0.0556507 1.2188261 0.2984923 1.2696528 1.8117727 0.0000000 1.7317210 0.5661212 6.1577506 0.1126234 0.2788853 0.2639657 1.1795006 1.8084713 0.0521317 0.3232198 0.3228698 1.1736636 1.1538983 4.8329833 1.6453589 
n285_288   1.6380364 0.9020707 2.2142897 1.7687036 2.4502551 1.7343152 2.0217736 1.9991529 1.8781786 0.0777586 1.7317210 0.0000000 2.1915098 2.0086228 1.6306026 1.8530678 1.8354860 2.1315552 2.4722850 1.6196751 1.7514875 1.7391744 2.1784607 2.3473061 9.0000000 0.7954299 
n236_239   0.6245664 1.9949704 9.0000000 1.3693996 1.4085587 0.5310270 1.4882799 0.6481197 1.3607461 2.1823677 0.5661212 2.1915098 0.0000000 8.9999983 0.5934337 0.6172495 0.6067565 1.2458256 1.8096956 0.5449545 0.6967248 0.7125598 1.4155606 1.3853440 2.5430483 1.9749124 
n251_254   4.3916099 1.9698323 0.3389644 3.1796539 4.3953050 3.5109734 5.3512907 3.7208927 3.4426625 1.9475910 6.1577506 2.0086228 8.9999983 0.0000000 3.8278551 3.1662179 3.7864933 4.4494688 8.9999985 3.6452781 3.3977085 3.3284786 5.0208535 5.2440757 2.0096732 2.4893342 
n296_299   0.0448300 1.9212176 4.9719831 1.2131785 1.2211493 0.1004682 1.2889784 0.2936995 1.2889431 1.7547983 0.1126234 1.6306026 0.5934337 3.8278551 0.0000000 0.2941390 0.2789061 1.1976069 1.8203794 0.0967965 0.3296470 0.3292885 1.2078761 1.2243121 3.9290367 1.9009484 
n294_297   0.3109659 1.8239684 3.7476823 1.0715093 1.1071375 0.2632187 1.1629679 0.1283003 1.0912288 1.8830480 0.2788853 1.8530678 0.6172495 3.1662179 0.2941390 0.0000000 0.0412755 1.1270612 1.7107352 0.2636766 0.1594767 0.1766243 1.1742291 1.1430545 4.5335396 1.7789725 
n293_296   0.2899718 1.7356351 4.6192143 1.1346855 1.1349124 0.2486548 1.1841860 0.1082770 1.1298748 1.9094323 0.2639657 1.8354860 0.6067565 3.7864933 0.2789061 0.0412755 0.0000000 1.1700515 1.6929678 0.2490850 0.1342167 0.1507556 1.1688493 1.1519839 5.2574429 1.6947407 
n280_283   1.2875662 1.7584599 4.0757110 0.4795800 0.1167760 1.1371206 0.1424678 1.2945134 0.5187496 2.0518756 1.1795006 2.1315552 1.2458256 4.4494688 1.1976069 1.1270612 1.1700515 0.0000000 2.3052642 1.1519020 1.2735855 1.2602346 0.1248495 0.1169191 4.2598220 2.0148135 
n200_203   1.8681950 2.1954952 3.0173547 2.6349144 2.1889021 1.6854403 2.0881187 1.5986193 2.5694927 2.5358935 1.8084713 2.4722850 1.8096956 8.9999985 1.8203794 1.7107352 1.6929678 2.3052642 0.0000000 1.7241297 1.8197800 1.9297169 2.6213264 2.2899179 3.0200834 1.9227925 
n290_293   0.1128110 1.6880450 4.9783388 1.2357624 1.1577329 0.0307052 1.2712422 0.2828837 1.3112028 1.6901540 0.0521317 1.6196751 0.5449545 3.6452781 0.0967965 0.2636766 0.2490850 1.1519020 1.7241297 0.0000000 0.3179772 0.3073977 1.1617117 1.1606113 9.0000000 1.6363309 
n297_300   0.3574033 1.7609572 7.2709127 1.1675355 1.2072562 0.3169267 1.2607748 0.1799012 1.1954527 1.7924284 0.3232198 1.7514875 0.6967248 3.3977085 0.3296470 0.1594767 0.1342167 1.2735855 1.8197800 0.3179772 0.0000000 0.0342888 1.2123630 1.1893979 2.9878944 1.6337538 
n298_301   0.3456765 1.8217266 9.0000000 1.2163888 1.1949490 0.3165852 1.3040614 0.1801231 1.1753253 1.7500058 0.3228698 1.7391744 0.7125598 3.3284786 0.3292885 0.1766243 0.1507556 1.2602346 1.9297169 0.3073977 0.0342888 0.0000000 1.2158003 1.1773602 3.3284992 1.6552992 
n292_295   1.2802705 1.6187424 4.9377710 0.4863102 0.0593350 1.1761067 0.1541282 1.3100554 0.5395155 2.0680263 1.1736636 2.1784607 1.4155606 5.0208535 1.2078761 1.1742291 1.1688493 0.1248495 2.6213264 1.1617117 1.2123630 1.2158003 0.0000000 0.0520772 3.0970016 1.8005972 
n300_303   1.2807803 1.6742408 5.1107318 0.4770162 0.0135134 1.1749963 0.1419526 1.2350214 0.4900846 2.2183674 1.1538983 2.3473061 1.3853440 5.2440757 1.2243121 1.1430545 1.1519839 0.1169191 2.2899179 1.1606113 1.1893979 1.1773602 0.0520772 0.0000000 2.9247172 1.8354560 
n244_247   5.1645396 8.9999984 1.7569932 8.9999988 2.6436291 5.2808033 4.4709994 9.0000000 8.9999988 9.0000000 4.8329833 9.0000000 2.5430483 2.0096732 3.9290367 4.5335396 5.2574429 4.2598220 3.0200834 9.0000000 2.9878944 3.3284992 3.0970016 2.9247172 0.0000000 9.0000000 
n265_268   1.7738577 0.1494086 3.0003576 1.7632243 1.8135949 1.7842134 1.6884930 1.7877788 1.8079122 0.7882575 1.6453589 0.7954299 1.9749124 2.4893342 1.9009484 1.7789725 1.6947407 2.0148135 1.9227925 1.6363309 1.6337538 1.6552992 1.8005972 1.8354560 9.0000000 0.0000000 
