22
n287_288   0.0000000 0.0033507 0.1117709 0.3194553 0.3737669 0.3964277 0.3483121 0.3429930 0.0377346 0.3426532 0.0169283 0.0412494 0.0483661 0.0067153 0.3790606 0.4261381 0.4215299 0.4980893 0.0519813 0.1643281 0.3142908 0.4326977 
n290_291   0.0033507 0.0000000 0.1157088 0.3247562 0.3794837 0.3903921 0.3538622 0.3485036 0.0412751 0.3481558 0.0203673 0.0448066 0.0519608 0.0100991 0.3848154 0.4258444 0.4152598 0.4977254 0.0555973 0.1685721 0.3195543 0.4323977 
n236_237   0.1117709 0.1157088 0.0000000 0.3344919 0.3790225 0.3957121 0.3529527 0.3476107 0.1002051 0.3472648 0.1080423 0.0963890 0.1117878 0.1196144 0.3843496 0.4375223 0.4207657 0.4895029 0.1117795 0.1727076 0.3292320 0.4501536 
n278_279   0.3194553 0.3247562 0.3344919 0.0000000 0.2353136 0.2486927 0.0629253 0.0592958 0.3040456 0.0628943 0.3252758 0.2990161 0.3094141 0.3299828 0.2397683 0.3280672 0.2684958 0.3459869 0.3042197 0.2727691 0.0100765 0.3284104 
n285_286   0.3737669 0.3794837 0.3790225 0.2353136 0.0000000 0.1438427 0.2650432 0.2602886 0.3522889 0.2502748 0.3745548 0.3469200 0.3687714 0.3851262 0.0033408 0.4194662 0.1690667 0.4452192 0.3631298 0.3409126 0.2398255 0.4200205 
n265_266   0.3964277 0.3903921 0.3957121 0.2486927 0.1438427 0.0000000 0.2692164 0.2644448 0.3798728 0.2642105 0.3972809 0.3743065 0.3854934 0.4081532 0.1478251 0.4553577 0.0446369 0.4550006 0.3797227 0.3564722 0.2532730 0.4556217 
n280_281   0.3483121 0.3538622 0.3529527 0.0629253 0.2650432 0.2692164 0.0000000 0.0033525 0.3322050 0.0203727 0.3544566 0.3269546 0.3378412 0.3593372 0.2696856 0.3517988 0.2950212 0.3760391 0.3324073 0.3044959 0.0592825 0.3574854 
n299_300   0.3429930 0.3485036 0.3476107 0.0592958 0.2602886 0.2644448 0.0033525 0.0000000 0.3269957 0.0169408 0.3490847 0.3217800 0.3325888 0.3539393 0.2649052 0.3464815 0.2900724 0.3705283 0.3271929 0.2994929 0.0556703 0.3521250 
n293_294   0.0377346 0.0412751 0.1002051 0.3040456 0.3522889 0.3798728 0.3322050 0.3269957 0.0000000 0.3266786 0.0342681 0.0033476 0.0100912 0.0448123 0.3574523 0.4202893 0.4043984 0.4916436 0.0134948 0.1479021 0.2989854 0.4267926 
n274_275   0.3426532 0.3481558 0.3472648 0.0628943 0.2502748 0.2642105 0.0203727 0.0169408 0.3266786 0.0000000 0.3487354 0.3214702 0.3265729 0.3535833 0.2548282 0.3403584 0.2898056 0.3701477 0.3212326 0.2992144 0.0592534 0.3459393 
n296_297   0.0169283 0.0203673 0.1080423 0.3252758 0.3745548 0.3972809 0.3544566 0.3490847 0.0342681 0.3487354 0.0000000 0.0377720 0.0448647 0.0238123 0.3798629 0.4330876 0.4224602 0.5059435 0.0484645 0.1604000 0.3200616 0.4397304 
n275_276   0.0412494 0.0448066 0.0963890 0.2990161 0.3469200 0.3743065 0.3269546 0.3217800 0.0033476 0.3214702 0.0377720 0.0000000 0.0134816 0.0483592 0.3520506 0.4144287 0.3986357 0.4851842 0.0169022 0.1438320 0.2939890 0.4208757 
n297_298   0.0483661 0.0519608 0.1117878 0.3094141 0.3687714 0.3854934 0.3378412 0.3325888 0.0100912 0.3265729 0.0448647 0.0134816 0.0000000 0.0555478 0.3740408 0.4197236 0.4102205 0.5116562 0.0033461 0.1560906 0.3043133 0.4262132 
n289_290   0.0067153 0.0100991 0.1196144 0.3299828 0.3851262 0.4081532 0.3593372 0.3539393 0.0448123 0.3535833 0.0238123 0.0483592 0.0555478 0.0000000 0.3904960 0.4324753 0.4275702 0.5116480 0.0592038 0.1727673 0.3247438 0.4391035 
n286_287   0.3790606 0.3848154 0.3843496 0.2397683 0.0033408 0.1478251 0.2696856 0.2649052 0.3574523 0.2548282 0.3798629 0.3520506 0.3740408 0.3904960 0.0000000 0.4250568 0.1731791 0.4510042 0.3683621 0.3459975 0.2443026 0.4256222 
n255_256   0.4261381 0.4258444 0.4375223 0.3280672 0.4194662 0.4553577 0.3517988 0.3464815 0.4202893 0.3403584 0.4330876 0.4144287 0.4197236 0.4324753 0.4250568 0.0000000 0.4821441 0.2812542 0.4136919 0.4248025 0.3336597 0.0167727 
n266_267   0.4215299 0.4152598 0.4207657 0.2684958 0.1690667 0.0446369 0.2950212 0.2900724 0.4043984 0.2898056 0.4224602 0.3986357 0.4102205 0.4275702 0.1731791 0.4821441 0.0000000 0.4953509 0.4042364 0.3795394 0.2732019 0.4817287 
n244_245   0.4980893 0.4977254 0.4895029 0.3459869 0.4452192 0.4550006 0.3760391 0.3705283 0.4916436 0.3701477 0.5059435 0.4851842 0.5116562 0.5116480 0.4510042 0.2812542 0.4953509 0.0000000 0.5047839 0.4513740 0.3460646 0.2714721 
n298_299   0.0519813 0.0555973 0.1117795 0.3042197 0.3631298 0.3797227 0.3324073 0.3271929 0.0134948 0.3212326 0.0484645 0.0169022 0.0033461 0.0592038 0.3683621 0.4136919 0.4042364 0.5047839 0.0000000 0.1603526 0.2991549 0.4201214 
n200_201   0.1643281 0.1685721 0.1727076 0.2727691 0.3409126 0.3564722 0.3044959 0.2994929 0.1479021 0.2992144 0.1604000 0.1438320 0.1560906 0.1727673 0.3459975 0.4248025 0.3795394 0.4513740 0.1603526 0.0000000 0.2679369 0.4250339 
n277_278   0.3142908 0.3195543 0.3292320 0.0100765 0.2398255 0.2532730 0.0592825 0.0556703 0.2989854 0.0592534 0.3200616 0.2939890 0.3043133 0.3247438 0.2443026 0.3336597 0.2732019 0.3460646 0.2991549 0.2679369 0.0000000 0.3340114 
n251_252   0.4326977 0.4323977 0.4501536 0.3284104 0.4200205 0.4556217 0.3574854 0.3521250 0.4267926 0.3459393 0.4397304 0.4208757 0.4262132 0.4391035 0.4256222 0.0167727 0.4817287 0.2714721 0.4201214 0.4250339 0.3340114 0.0000000 
