24
n298_307   0.0000000 0.1638648 0.3586113 0.3373165 0.0305821 0.4751341 0.0100763 0.0134722 0.3479671 0.3425956 0.1036551 0.3005663 0.3114219 0.0271233 0.2909000 0.3162274 0.3161801 0.4512428 0.3161153 0.0340615 0.0375572 0.3896890 0.4326552 0.3902516 
n200_201   0.1638648 0.0000000 0.3489747 0.3278840 0.1556819 0.4694986 0.1640640 0.1683291 0.3377485 0.3324428 0.1937749 0.3210136 0.3121512 0.1515835 0.3110910 0.3273498 0.3066298 0.4154738 0.3321218 0.1598356 0.1599871 0.4029140 0.4035527 0.4035021 
n266_273   0.3586113 0.3489747 0.0000000 0.0271689 0.3587106 0.4569796 0.3536397 0.3592068 0.1438520 0.1397712 0.3694174 0.3424111 0.3127555 0.3533580 0.3322075 0.3380687 0.3022911 0.4264660 0.3483065 0.3694214 0.3588684 0.3782130 0.4143796 0.3787559 
n265_272   0.3373165 0.3278840 0.0271689 0.0000000 0.3374063 0.4317731 0.3324595 0.3378691 0.1318556 0.1278381 0.3478170 0.3270376 0.2973911 0.3321985 0.3170179 0.3173811 0.2968619 0.4137061 0.3327949 0.3478226 0.3375527 0.3568948 0.3908026 0.3574019 
n287_296   0.0305821 0.1556819 0.3587106 0.3374063 0.0000000 0.4623592 0.0271448 0.0306237 0.3531443 0.3477369 0.0923029 0.3049785 0.3158911 0.0033408 0.2952729 0.3207162 0.3206672 0.4394106 0.3206029 0.0168470 0.0134552 0.3676990 0.4210998 0.3682241 
n244_247   0.4751341 0.4694986 0.4569796 0.4317731 0.4623592 0.0000000 0.4694363 0.4759952 0.4256547 0.4319741 0.4688993 0.5188924 0.5009202 0.4685211 0.5061127 0.5267400 0.4999278 0.3811798 0.5199466 0.4752577 0.4625797 0.4661288 0.3534016 0.4417837 
n294_303   0.0100763 0.1640640 0.3536397 0.3324595 0.0271448 0.4694363 0.0000000 0.0100898 0.3430516 0.3377097 0.0999215 0.3006773 0.3115393 0.0236987 0.2910057 0.3163475 0.3163002 0.4457325 0.3162354 0.0306108 0.0340930 0.3845603 0.4272592 0.3851147 
n275_282   0.0134722 0.1683291 0.3592068 0.3378691 0.0306237 0.4759952 0.0100898 0.0000000 0.3485413 0.3431588 0.1038012 0.3005420 0.3113968 0.0271601 0.2908764 0.3162019 0.3161546 0.4520413 0.3160898 0.0341079 0.0376084 0.3844817 0.4334107 0.3850358 
n286_295   0.3479671 0.3377485 0.1438520 0.1318556 0.3531443 0.4256547 0.3430516 0.3485413 0.0000000 0.0033487 0.3578322 0.3321365 0.3019836 0.3478310 0.3220537 0.3331291 0.3064867 0.4097264 0.3274910 0.3586276 0.3532991 0.3531196 0.3868648 0.3536219 
n285_294   0.3425956 0.3324428 0.1397712 0.1278381 0.3477369 0.4319741 0.3377097 0.3431588 0.0033487 0.0000000 0.3523975 0.3268761 0.2969249 0.3424612 0.3168601 0.3278485 0.3014043 0.4038834 0.3222553 0.3531778 0.3478887 0.3477093 0.3811965 0.3482024 
n236_239   0.1036551 0.1937749 0.3694174 0.3478170 0.0923029 0.4688993 0.0999215 0.1038012 0.3578322 0.3523975 0.0000000 0.3463582 0.3639119 0.0885397 0.3361369 0.3580062 0.3689709 0.4586693 0.3629346 0.1036771 0.0999129 0.4015878 0.4398476 0.4021720 
n292_301   0.3005663 0.3210136 0.3424111 0.3270376 0.3049785 0.5188924 0.3006773 0.3005420 0.3321365 0.3268761 0.3463582 0.0000000 0.0736851 0.3052297 0.0066922 0.0271319 0.0662646 0.4691306 0.0271223 0.3105392 0.3103697 0.3724126 0.4442605 0.3729452 
n277_284   0.3114219 0.3121512 0.3127555 0.2973911 0.3158911 0.5009202 0.3115393 0.3113968 0.3019836 0.2969249 0.3639119 0.0736851 0.0000000 0.3161534 0.0663949 0.0700214 0.0202900 0.4456307 0.0737363 0.3210153 0.3213811 0.3679810 0.4273817 0.3685067 
n289_298   0.0271233 0.1515835 0.3533580 0.3321985 0.0033408 0.4685211 0.0236987 0.0271601 0.3478310 0.3424612 0.0885397 0.3052297 0.3161534 0.0000000 0.2955149 0.3209832 0.3209340 0.4453534 0.3208697 0.0134479 0.0100693 0.3730929 0.4269008 0.3736271 
n299_308   0.2909000 0.3110910 0.3322075 0.3170179 0.2952729 0.5061127 0.2910057 0.2908764 0.3220537 0.3168601 0.3361369 0.0066922 0.0663949 0.2955149 0.0000000 0.0202703 0.0590495 0.4571824 0.0202632 0.3007518 0.3005904 0.3618679 0.4326772 0.3623826 
n274_281   0.3162274 0.3273498 0.3380687 0.3173811 0.3207162 0.5267400 0.3163475 0.3162019 0.3331291 0.3278485 0.3580062 0.0271319 0.0700214 0.3209832 0.0202703 0.0000000 0.0626397 0.4705606 0.0271499 0.3258721 0.3262432 0.3735586 0.4455833 0.3740942 
n278_285   0.3161801 0.3066298 0.3022911 0.2968619 0.3206672 0.4999278 0.3163002 0.3161546 0.3064867 0.3014043 0.3689709 0.0662646 0.0202900 0.3209340 0.0590495 0.0626397 0.0000000 0.4508961 0.0663104 0.3258210 0.3261919 0.3673058 0.4266034 0.3678297 
n251_258   0.4512428 0.4154738 0.4264660 0.4137061 0.4394106 0.3811798 0.4457325 0.4520413 0.4097264 0.4038834 0.4586693 0.4691306 0.4456307 0.4453534 0.4571824 0.4705606 0.4508961 0.0000000 0.4768246 0.4635149 0.4516053 0.4491361 0.0445990 0.4433845 
n280_287   0.3161153 0.3321218 0.3483065 0.3327949 0.3206029 0.5199466 0.3162354 0.3160898 0.3274910 0.3222553 0.3629346 0.0271223 0.0737363 0.3208697 0.0202632 0.0271499 0.0663104 0.4768246 0.0000000 0.3257571 0.3261280 0.3673359 0.4516461 0.3678601 
n296_305   0.0340615 0.1598356 0.3694214 0.3478226 0.0168470 0.4752577 0.0306108 0.0341079 0.3586276 0.3531778 0.1036771 0.3105392 0.3210153 0.0134479 0.3007518 0.3258721 0.3258210 0.4635149 0.3257571 0.0000000 0.0236973 0.3789003 0.4446131 0.3794449 
n290_299   0.0375572 0.1599871 0.3588684 0.3375527 0.0134552 0.4625797 0.0340930 0.0376084 0.3532991 0.3478887 0.0999129 0.3103697 0.3213811 0.0100693 0.3005904 0.3262432 0.3261919 0.4516053 0.3261280 0.0236973 0.0000000 0.3787344 0.4329945 0.3792785 
n285_292   0.3896890 0.4029140 0.3782130 0.3568948 0.3676990 0.4661288 0.3845603 0.3844817 0.3531196 0.3477093 0.4015878 0.3724126 0.3679810 0.3730929 0.3618679 0.3735586 0.3673058 0.4491361 0.3673359 0.3789003 0.3787344 0.0000000 0.4189478 0.0133963 
n255_262   0.4326552 0.4035527 0.4143796 0.3908026 0.4210998 0.3534016 0.4272592 0.4334107 0.3868648 0.3811965 0.4398476 0.4442605 0.4273817 0.4269008 0.4326772 0.4455833 0.4266034 0.0445990 0.4516461 0.4446131 0.4329945 0.4189478 0.0000000 0.4134092 
n286_293   0.3902516 0.4035021 0.3787559 0.3574019 0.3682241 0.4417837 0.3851147 0.3850358 0.3536219 0.3482024 0.4021720 0.3729452 0.3685067 0.3736271 0.3623826 0.3740942 0.3678297 0.4433845 0.3678601 0.3794449 0.3792785 0.0133963 0.4134092 0.0000000 
