25
n300_303   0.0000000 0.2534126 0.2536023 0.3771400 0.0067149 0.2299762 0.2253200 0.0774575 0.2333057 0.2728515 0.0203206 0.2761077 0.2435721 0.2428163 0.2300167 0.0810495 0.0033489 0.2966817 0.2616604 0.3545892 0.2439709 0.4043434 0.0341915 0.2489708 0.2487573 
n289_292   0.2534126 0.0000000 0.0237131 0.4172292 0.2438585 0.0446624 0.0411134 0.2540835 0.2758743 0.0203052 0.2346806 0.3268548 0.0626062 0.2864482 0.0411134 0.2397026 0.2580665 0.1355227 0.3167860 0.3880046 0.0517810 0.4396319 0.2344783 0.0271585 0.0553873 
n296_299   0.2536023 0.0237131 0.0000000 0.4175951 0.2440393 0.0411869 0.0376511 0.2497775 0.2665988 0.0447130 0.2304681 0.3222006 0.0590690 0.2820171 0.0376511 0.2354632 0.2582605 0.1357738 0.3021145 0.3883352 0.0482817 0.4344375 0.2302697 0.0033436 0.0518744 
n255_258   0.3771400 0.4172292 0.4175951 0.0000000 0.3715452 0.3767193 0.3709843 0.3666709 0.4222737 0.4236001 0.3607259 0.4270307 0.3989163 0.4290893 0.3820456 0.3710117 0.3826099 0.4522997 0.4273252 0.0306225 0.3878261 0.3379812 0.3770796 0.4173716 0.3998224 
n292_295   0.0067149 0.2438585 0.2440393 0.3715452 0.0000000 0.2254005 0.2207749 0.0700234 0.2240629 0.2630264 0.0134760 0.2662821 0.2341622 0.2428812 0.2207749 0.0735891 0.0100927 0.2865496 0.2520311 0.3491672 0.2345436 0.3985533 0.0272077 0.2394669 0.2392632 
n298_301   0.2299762 0.0446624 0.0411869 0.3767193 0.2254005 0.0000000 0.0033384 0.2309282 0.2571509 0.0590266 0.2121555 0.3066345 0.0554143 0.2579292 0.0100591 0.2260008 0.2344881 0.1197271 0.2968131 0.3490480 0.0202655 0.4107142 0.2119753 0.0447165 0.0237069 
n297_300   0.2253200 0.0411134 0.0376511 0.3709843 0.2207749 0.0033384 0.0000000 0.2262502 0.2523234 0.0553992 0.2076118 0.3014484 0.0518063 0.2530846 0.0066883 0.2213613 0.2298031 0.1157525 0.2916950 0.3435344 0.0168426 0.4047031 0.2074361 0.0411631 0.0202655 
n278_281   0.0774575 0.2540835 0.2497775 0.3666709 0.0700234 0.2309282 0.2262502 0.0000000 0.2204597 0.2735816 0.0555031 0.2675643 0.2397785 0.2392419 0.2262502 0.0237451 0.0811563 0.2927617 0.2532357 0.3500435 0.2401715 0.3655164 0.0700681 0.2451556 0.2449455 
n266_269   0.2333057 0.2758743 0.2665988 0.4222737 0.2240629 0.2571509 0.2523234 0.2204597 0.0000000 0.3011277 0.2109044 0.1676776 0.2613738 0.0341247 0.2523234 0.2289908 0.2378171 0.2810588 0.1594717 0.3983325 0.2618045 0.4039666 0.2198999 0.2713377 0.2666984 
n287_290   0.2728515 0.0203052 0.0447130 0.4236001 0.2630264 0.0590266 0.0553992 0.2735816 0.3011277 0.0000000 0.2536069 0.3540774 0.0699846 0.3121458 0.0553992 0.2587890 0.2776283 0.1519402 0.3436392 0.3941044 0.0662931 0.4527020 0.2533853 0.0482579 0.0699801 
n280_283   0.0203206 0.2346806 0.2304681 0.3607259 0.0134760 0.2121555 0.2076118 0.0555031 0.2109044 0.2536069 0.0000000 0.2572588 0.2207876 0.2293824 0.2076118 0.0590222 0.0237560 0.2722608 0.2431580 0.3386663 0.2211452 0.3873766 0.0134847 0.2259701 0.2257798 
n285_288   0.2761077 0.3268548 0.3222006 0.4270307 0.2662821 0.3066345 0.3014484 0.2675643 0.1676776 0.3540774 0.2572588 0.0000000 0.3213166 0.1935857 0.3014484 0.2765812 0.2808830 0.3379344 0.0202583 0.4144574 0.3116030 0.4448788 0.2668647 0.3220357 0.3168652 
n236_239   0.2435721 0.0626062 0.0590690 0.3989163 0.2341622 0.0554143 0.0518063 0.2397785 0.2613738 0.0699846 0.2207876 0.3213166 0.0000000 0.2766473 0.0518063 0.2210035 0.2481602 0.1355837 0.3113267 0.3813223 0.0626443 0.4336948 0.2205992 0.0626829 0.0663113 
n265_268   0.2428163 0.2864482 0.2820171 0.4290893 0.2428812 0.2579292 0.2530846 0.2392419 0.0341247 0.3121458 0.2293824 0.1935857 0.2766473 0.0000000 0.2625212 0.2479721 0.2473884 0.2968142 0.1850915 0.4048932 0.2721573 0.4167106 0.2386266 0.2868646 0.2771355 
n275_278   0.2300167 0.0411134 0.0376511 0.3820456 0.2207749 0.0100591 0.0066883 0.2262502 0.2523234 0.0553992 0.2076118 0.3014484 0.0518063 0.2625212 0.0000000 0.2213613 0.2345293 0.1157525 0.2916950 0.3541917 0.0100611 0.4162674 0.2074361 0.0411631 0.0134506 
n277_280   0.0810495 0.2397026 0.2354632 0.3710117 0.0735891 0.2260008 0.2213613 0.0237451 0.2289908 0.2587890 0.0590222 0.2765812 0.2210035 0.2479721 0.2213613 0.0000000 0.0847600 0.2873355 0.2621062 0.3543243 0.2351710 0.3761577 0.0736361 0.2309303 0.2399050 
n299_302   0.0033489 0.2580665 0.2582605 0.3826099 0.0100927 0.2344881 0.2298031 0.0811563 0.2378171 0.2776283 0.0237560 0.2808830 0.2481602 0.2473884 0.2345293 0.0847600 0.0000000 0.3015965 0.2663470 0.3598963 0.2485674 0.4099964 0.0376892 0.2536023 0.2533841 
n200_203   0.2966817 0.1355227 0.1357738 0.4522997 0.2865496 0.1197271 0.1157525 0.2927617 0.2810588 0.1519402 0.2722608 0.3379344 0.1355837 0.2968142 0.1157525 0.2873355 0.3015965 0.0000000 0.3380148 0.4217447 0.1276473 0.4772137 0.2720202 0.1397823 0.1316925 
n286_289   0.2616604 0.3167860 0.3021145 0.4273252 0.2520311 0.2968131 0.2916950 0.2532357 0.1594717 0.3436392 0.2431580 0.0202583 0.3113267 0.1850915 0.2916950 0.2621062 0.2663470 0.3380148 0.0000000 0.4147391 0.3017223 0.4451914 0.2525791 0.3019611 0.3069147 
n251_254   0.3545892 0.3880046 0.3883352 0.0306225 0.3491672 0.3490480 0.3435344 0.3500435 0.3983325 0.3941044 0.3386663 0.4144574 0.3813223 0.4048932 0.3541917 0.3543243 0.3598963 0.4217447 0.4147391 0.0000000 0.3597492 0.3224039 0.3545323 0.3881302 0.3764900 
n293_296   0.2439709 0.0517810 0.0482817 0.3878261 0.2345436 0.0202655 0.0168426 0.2401715 0.2618045 0.0662931 0.2211452 0.3116030 0.0626443 0.2721573 0.0100611 0.2351710 0.2485674 0.1276473 0.3017223 0.3597492 0.0000000 0.4223266 0.2209562 0.0518441 0.0100618 
n244_247   0.4043434 0.4396319 0.4344375 0.3379812 0.3985533 0.4107142 0.4047031 0.3655164 0.4039666 0.4527020 0.3873766 0.4448788 0.4336948 0.4167106 0.4162674 0.3761577 0.4099964 0.4772137 0.4451914 0.3224039 0.4223266 0.0000000 0.3875675 0.4342037 0.4405797 
n274_277   0.0341915 0.2344783 0.2302697 0.3770796 0.0272077 0.2119753 0.2074361 0.0700681 0.2198999 0.2533853 0.0134847 0.2668647 0.2205992 0.2386266 0.2074361 0.0736361 0.0376892 0.2720202 0.2525791 0.3545323 0.2209562 0.3875675 0.0000000 0.2257762 0.2255862 
n295_298   0.2489708 0.0271585 0.0033436 0.4173716 0.2394669 0.0447165 0.0411631 0.2451556 0.2713377 0.0482579 0.2259701 0.3220357 0.0626829 0.2868646 0.0411631 0.2309303 0.2536023 0.1397823 0.3019611 0.3881302 0.0518441 0.4342037 0.2257762 0.0000000 0.0554548 
n294_297   0.2487573 0.0553873 0.0518744 0.3998224 0.2392632 0.0237069 0.0202655 0.2449455 0.2666984 0.0699801 0.2257798 0.3168652 0.0663113 0.2771355 0.0134506 0.2399050 0.2533841 0.1316925 0.3069147 0.3764900 0.0100618 0.4405797 0.2255862 0.0554548 0.0000000 
