22
n287_288   0.0000000 0.0033369 0.1218386 0.2750483 0.2554519 0.2799177 0.2816480 0.2611155 0.0450996 0.2608557 0.2664118 0.0100623 0.0450996 0.0308110 0.0378625 0.2458164 0.3682717 0.2646918 0.3999440 0.1176387 0.2808124 0.3459633 
n290_291   0.0033369 0.0000000 0.1259144 0.2801638 0.2604279 0.2850696 0.2868358 0.2661448 0.0487042 0.2658776 0.2714840 0.0134520 0.0487042 0.0343280 0.0414184 0.2507236 0.3741499 0.2697276 0.4061190 0.1216830 0.2859809 0.3516602 
n236_237   0.1218386 0.1259144 0.0000000 0.3148243 0.3047386 0.3251186 0.3382860 0.3158413 0.1347463 0.3102048 0.3216603 0.1136079 0.1347463 0.1180338 0.1261640 0.2943284 0.3780279 0.3087570 0.4182648 0.1738674 0.3210501 0.3613451 
n278_279   0.2750483 0.2801638 0.3148243 0.0000000 0.2307794 0.2958777 0.0974294 0.0819745 0.2813772 0.0780847 0.0858664 0.2645549 0.2813772 0.2706013 0.2807475 0.2263225 0.3802660 0.2800028 0.4196125 0.2662248 0.0203309 0.3692775 
n285_286   0.2554519 0.2604279 0.3047386 0.2307794 0.0000000 0.1749738 0.2619432 0.2467051 0.2668295 0.2319572 0.2518850 0.2452609 0.2668295 0.2411728 0.2461421 0.0066770 0.3469486 0.1575890 0.4203942 0.2467464 0.2408682 0.3364666 
n265_266   0.2799177 0.2850696 0.3251186 0.2958777 0.1749738 0.0000000 0.3526779 0.3298723 0.2917986 0.3238345 0.3304801 0.2644878 0.2917986 0.2651789 0.2752929 0.1750721 0.3730733 0.0167692 0.4573657 0.2655778 0.3017893 0.3738731 
n280_281   0.2816480 0.2868358 0.3382860 0.0974294 0.2619432 0.3526779 0.0000000 0.0203670 0.3092838 0.0238309 0.0238467 0.2710014 0.3092838 0.2873077 0.2871412 0.2572785 0.3357083 0.3297789 0.4548452 0.2941256 0.1054686 0.3361334 
n299_300   0.2611155 0.2661448 0.3158413 0.0819745 0.2467051 0.3298723 0.0203670 0.0000000 0.2878326 0.0100975 0.0033492 0.2508129 0.2878326 0.2665781 0.2664295 0.2421348 0.3414644 0.3077364 0.4283424 0.2731120 0.0858924 0.3418983 
n293_294   0.0450996 0.0487042 0.1347463 0.2813772 0.2668295 0.2917986 0.3092838 0.2878326 0.0000000 0.2875369 0.2933798 0.0414739 0.0067267 0.0204094 0.0344380 0.2569974 0.3879377 0.2762437 0.4274758 0.1304293 0.2978869 0.3649474 
n274_275   0.2608557 0.2658776 0.3102048 0.0780847 0.2319572 0.3238345 0.0238309 0.0100975 0.2875369 0.0000000 0.0135111 0.2505663 0.2875369 0.2663109 0.2661627 0.2274750 0.3476827 0.3019232 0.4218627 0.2728353 0.0858390 0.3481263 
n292_293   0.2664118 0.2714840 0.3216603 0.0858664 0.2518850 0.3304801 0.0238467 0.0033492 0.2933798 0.0135111 0.0000000 0.2560138 0.2933798 0.2719275 0.2717743 0.2472810 0.3474953 0.3082958 0.4352709 0.2785382 0.0898157 0.3479385 
n296_297   0.0100623 0.0134520 0.1136079 0.2645549 0.2452609 0.2644878 0.2710014 0.2508129 0.0414739 0.2505663 0.2560138 0.0000000 0.0414739 0.0272854 0.0342922 0.2357746 0.3622606 0.2496115 0.4060672 0.1135028 0.2702049 0.3401405 
n294_295   0.0450996 0.0487042 0.1347463 0.2813772 0.2668295 0.2917986 0.3092838 0.2878326 0.0067267 0.2875369 0.2933798 0.0414739 0.0000000 0.0204094 0.0344380 0.2569974 0.3821046 0.2762437 0.4212981 0.1304293 0.2978869 0.3592872 
n275_276   0.0308110 0.0343280 0.1180338 0.2706013 0.2411728 0.2651789 0.2873077 0.2665781 0.0204094 0.2663109 0.2719275 0.0272854 0.0204094 0.0000000 0.0203923 0.2317177 0.3695605 0.2502580 0.4079401 0.1138553 0.2763306 0.3471563 
n297_298   0.0378625 0.0414184 0.1261640 0.2807475 0.2461421 0.2752929 0.2871412 0.2664295 0.0344380 0.2661627 0.2717743 0.0342922 0.0344380 0.0203923 0.0000000 0.2366183 0.3631892 0.2601516 0.4136930 0.1098442 0.2865779 0.3410080 
n286_287   0.2458164 0.2507236 0.2943284 0.2263225 0.0066770 0.1750721 0.2572785 0.2421348 0.2569974 0.2274750 0.2472810 0.2357746 0.2569974 0.2317177 0.2366183 0.0000000 0.3417550 0.1576772 0.4146745 0.2371991 0.2363468 0.3313334 
n255_256   0.3682717 0.3741499 0.3780279 0.3802660 0.3469486 0.3730733 0.3357083 0.3414644 0.3879377 0.3476827 0.3474953 0.3622606 0.3821046 0.3695605 0.3631892 0.3417550 0.0000000 0.3613950 0.2804338 0.3525198 0.3744927 0.0376935 
n266_267   0.2646918 0.2697276 0.3087570 0.2800028 0.1575890 0.0167692 0.3297789 0.3077364 0.2762437 0.3019232 0.3082958 0.2496115 0.2762437 0.2502580 0.2601516 0.1576772 0.3613950 0.0000000 0.4441395 0.2506379 0.2857497 0.3621637 
n244_245   0.3999440 0.4061190 0.4182648 0.4196125 0.4203942 0.4573657 0.4548452 0.4283424 0.4274758 0.4218627 0.4352709 0.4060672 0.4212981 0.4079401 0.4136930 0.4146745 0.2804338 0.4441395 0.0000000 0.4021872 0.4134809 0.2659073 
n200_201   0.1176387 0.1216830 0.1738674 0.2662248 0.2467464 0.2655778 0.2941256 0.2731120 0.1304293 0.2728353 0.2785382 0.1135028 0.1304293 0.1138553 0.1098442 0.2371991 0.3525198 0.2506379 0.4021872 0.0000000 0.2719167 0.3419771 
n277_278   0.2808124 0.2859809 0.3210501 0.0203309 0.2408682 0.3017893 0.1054686 0.0858924 0.2978869 0.0858390 0.0898157 0.2702049 0.2978869 0.2763306 0.2865779 0.2363468 0.3744927 0.2857497 0.4134809 0.2719167 0.0000000 0.3635849 
n251_252   0.3459633 0.3516602 0.3613451 0.3692775 0.3364666 0.3738731 0.3361334 0.3418983 0.3649474 0.3481263 0.3479385 0.3401405 0.3592872 0.3471563 0.3410080 0.3313334 0.0376935 0.3621637 0.2659073 0.3419771 0.3635849 0.0000000 
