24
n292_293   0.0000000 0.2942199 0.3198630 0.3399649 0.2453996 0.0067149 0.3250051 0.0169143 0.3233655 0.2889762 0.0033490 0.0664386 0.2994471 0.2943739 0.3192682 0.3145869 0.3040062 0.3089746 0.2933014 0.3564132 0.2549125 0.0700721 0.0203381 0.2930369 
n287_288   0.2942199 0.0000000 0.0518891 0.3467733 0.2940327 0.2941333 0.0554894 0.2893461 0.3356854 0.0849323 0.2890387 0.2892675 0.0518783 0.0482974 0.3920332 0.0483029 0.0168836 0.0202994 0.3346385 0.1727485 0.3042149 0.2934816 0.2890061 0.3295523 
n294_295   0.3198630 0.0518891 0.0000000 0.3572741 0.2938250 0.3197701 0.0376107 0.3148304 0.3350268 0.1039345 0.3144843 0.3147523 0.0340992 0.0306132 0.4266871 0.0033408 0.0518115 0.0553774 0.3402163 0.1943388 0.3042814 0.3190586 0.3088796 0.3350880 
n251_252   0.3399649 0.3467733 0.3572741 0.0000000 0.3455662 0.3455389 0.3797593 0.3404587 0.0446577 0.3412721 0.3400725 0.3408306 0.3522826 0.3468288 0.3083686 0.3629856 0.3514612 0.3567504 0.4247542 0.4253186 0.3621485 0.3565126 0.3614861 0.4190664 
n286_287   0.2453996 0.2940327 0.2938250 0.3455662 0.0000000 0.2453255 0.3141016 0.2408110 0.3342705 0.3091391 0.2405710 0.2361568 0.2939450 0.2889117 0.3455899 0.2990418 0.3035180 0.3084824 0.1725165 0.3798000 0.0100630 0.2401939 0.2593177 0.1725344 
n300_301   0.0067149 0.2941333 0.3197701 0.3455389 0.2453255 0.0000000 0.3249110 0.0169088 0.3287975 0.2888909 0.0033479 0.0664160 0.2993591 0.2942872 0.3191757 0.3144953 0.3039173 0.3088845 0.2932152 0.3563120 0.2548359 0.0700495 0.0203314 0.2929508 
n275_276   0.3250051 0.0554894 0.0376107 0.3797593 0.3141016 0.3249110 0.0000000 0.3199443 0.3568078 0.1040059 0.3195904 0.3198666 0.0376033 0.0340999 0.4452387 0.0341035 0.0554062 0.0589885 0.3616208 0.2031201 0.3194739 0.3241881 0.3195540 0.3563595 
n274_275   0.0169143 0.2893461 0.3148304 0.3404587 0.2408110 0.0169088 0.3199443 0.0000000 0.3238254 0.2841362 0.0134927 0.0628017 0.2945388 0.2894961 0.3037161 0.3095880 0.2990787 0.3040185 0.2834596 0.3459020 0.2502686 0.0664198 0.0307316 0.2832061 
n255_256   0.3233655 0.3356854 0.3350268 0.0446577 0.3342705 0.3287975 0.3568078 0.3238254 0.0000000 0.3358785 0.3234666 0.3241686 0.3301757 0.3248893 0.2981014 0.3405538 0.3403189 0.3455281 0.4245229 0.4069622 0.3505708 0.3342191 0.3443698 0.4188382 
n236_237   0.2889762 0.0849323 0.1039345 0.3412721 0.3091391 0.2888909 0.1040059 0.2841362 0.3358785 0.0000000 0.2838365 0.2840576 0.1039077 0.1000566 0.3908756 0.1000715 0.0923965 0.0961535 0.3399646 0.1899167 0.3195338 0.2882517 0.2937540 0.3297249 
n299_300   0.0033490 0.2890387 0.3144843 0.3400725 0.2405710 0.0033479 0.3195904 0.0134927 0.3234666 0.2838365 0.0000000 0.0627515 0.2942235 0.2891883 0.3139101 0.3092501 0.2987572 0.3036896 0.2881363 0.3507604 0.2500160 0.0663677 0.0168997 0.2878778 
n278_279   0.0664386 0.2892675 0.3147523 0.3408306 0.2361568 0.0664160 0.3198666 0.0628017 0.3241686 0.2840576 0.0627515 0.0000000 0.2944601 0.2894174 0.3042857 0.3095097 0.2990002 0.3039401 0.2840317 0.3509005 0.2455563 0.0168756 0.0812270 0.2789746 
n297_298   0.2994471 0.0518783 0.0340992 0.3522826 0.2939450 0.2993591 0.0376033 0.2945388 0.3301757 0.1039077 0.2942235 0.2944601 0.0000000 0.0033421 0.4153088 0.0306105 0.0518007 0.0553657 0.3452084 0.1900696 0.2991667 0.2986949 0.2941902 0.3400558 
n298_299   0.2943739 0.0482974 0.0306132 0.3468288 0.2889117 0.2942872 0.0340999 0.2894961 0.3248893 0.1000566 0.2891883 0.2894174 0.0033421 0.0000000 0.4093702 0.0271422 0.0482253 0.0517738 0.3398202 0.1857224 0.2940952 0.2936347 0.2891556 0.3347024 
n244_245   0.3192682 0.3920332 0.4266871 0.3083686 0.3455899 0.3191757 0.4452387 0.3037161 0.2981014 0.3908756 0.3139101 0.3042857 0.4153088 0.4093702 0.0000000 0.4205546 0.3969424 0.4025623 0.4007486 0.4508507 0.3511989 0.3141031 0.3403528 0.3897321 
n293_294   0.3145869 0.0483029 0.0033408 0.3629856 0.2990418 0.3144953 0.0341035 0.3095880 0.3405538 0.1000715 0.3092501 0.3095097 0.0306105 0.0271422 0.4205546 0.0000000 0.0482308 0.0517798 0.3402433 0.1899412 0.3043053 0.3137962 0.3092149 0.3351146 
n296_297   0.3040062 0.0168836 0.0518115 0.3514612 0.3035180 0.3039173 0.0554062 0.2990787 0.3403189 0.0923965 0.2987572 0.2990002 0.0518007 0.0482253 0.3969424 0.0482308 0.0000000 0.0033408 0.3449287 0.1854843 0.3138166 0.3032437 0.2987233 0.3397817 
n295_296   0.3089746 0.0202994 0.0553774 0.3567504 0.3084824 0.3088845 0.0589885 0.3040185 0.3455281 0.0961535 0.3036896 0.3039401 0.0553657 0.0517738 0.4025623 0.0517798 0.0033408 0.0000000 0.3501664 0.1897241 0.3188495 0.3081996 0.3036552 0.3449867 
n266_267   0.2933014 0.3346385 0.3402163 0.4247542 0.1725165 0.2932152 0.3616208 0.2834596 0.4245229 0.3399646 0.2881363 0.2840317 0.3452084 0.3398202 0.4007486 0.3402433 0.3449287 0.3501664 0.0000000 0.4135151 0.1768627 0.2833708 0.3084932 0.0134213 
n200_201   0.3564132 0.1727485 0.1943388 0.4253186 0.3798000 0.3563120 0.2031201 0.3459020 0.4069622 0.1899167 0.3507604 0.3509005 0.1900696 0.1857224 0.4508507 0.1899412 0.1854843 0.1897241 0.4135151 0.0000000 0.3912816 0.3612979 0.3616165 0.4078931 
n285_286   0.2549125 0.3042149 0.3042814 0.3621485 0.0100630 0.2548359 0.3194739 0.2502686 0.3505708 0.3195338 0.2500160 0.2455563 0.2991667 0.2940952 0.3511989 0.3043053 0.3138166 0.3188495 0.1768627 0.3912816 0.0000000 0.2496249 0.2693457 0.1768809 
n277_278   0.0700721 0.2934816 0.3190586 0.3565126 0.2401939 0.0700495 0.3241881 0.0664198 0.3342191 0.2882517 0.0663677 0.0168756 0.2986949 0.2936347 0.3141031 0.3137962 0.3032437 0.3081996 0.2833708 0.3612979 0.2496249 0.0000000 0.0849286 0.2783282 
n280_281   0.0203381 0.2890061 0.3088796 0.3614861 0.2593177 0.0203314 0.3195540 0.0307316 0.3443698 0.2937540 0.0168997 0.0812270 0.2941902 0.2891556 0.3403528 0.3092149 0.2987233 0.3036552 0.3084932 0.3616165 0.2693457 0.0849286 0.0000000 0.3082112 
n265_266   0.2930369 0.3295523 0.3350880 0.4190664 0.1725344 0.2929508 0.3563595 0.2832061 0.4188382 0.3297249 0.2878778 0.2789746 0.3400558 0.3347024 0.3897321 0.3351146 0.3397817 0.3449867 0.0134213 0.4078931 0.1768809 0.2783282 0.3082112 0.0000000 
