25
n292_293   0.0000000 0.2948060 0.2996353 0.2741226 0.3313041 0.2021228 0.0066965 0.2794508 0.0203238 0.2947261 0.3588265 0.2788503 0.0557062 0.2853119 0.2903921 0.3316228 0.2742094 0.2846985 0.2958739 0.2577806 0.2850601 0.1975095 0.0704380 0.0307343 0.2490546 
n287_288   0.2948060 0.0000000 0.0100834 0.0520713 0.3525755 0.2547645 0.2843610 0.0557381 0.2847381 0.0067100 0.3691931 0.1010334 0.2587925 0.0631726 0.0668458 0.3759169 0.0448766 0.0237972 0.0273397 0.2991067 0.1495038 0.2545544 0.2686903 0.2796321 0.2739444 
n290_291   0.2996353 0.0100834 0.0000000 0.0556392 0.3577272 0.2593697 0.2891277 0.0593251 0.2895124 0.0100817 0.3744426 0.1048340 0.2634080 0.0667997 0.0704886 0.3812122 0.0484119 0.0272428 0.0308094 0.3039491 0.1535378 0.2591549 0.2733612 0.2843762 0.2786491 
n294_295   0.2741226 0.0520713 0.0556392 0.0000000 0.3464067 0.2351928 0.2640007 0.0100910 0.2643437 0.0520617 0.3628549 0.0931327 0.2392088 0.0203734 0.0238241 0.3698917 0.0067067 0.0413147 0.0485754 0.2836344 0.1451323 0.2350029 0.2488206 0.2593935 0.2591274 
n251_252   0.3313041 0.3525755 0.3577272 0.3464067 0.0000000 0.3099142 0.3313951 0.3523509 0.3263641 0.3524731 0.0201913 0.3358373 0.3151025 0.3591615 0.3647796 0.2527389 0.3465202 0.3467367 0.3534758 0.3709384 0.3358983 0.3148614 0.3258558 0.3315179 0.3593276 
n286_287   0.2021228 0.2547645 0.2593697 0.2351928 0.3099142 0.0000000 0.1977272 0.2402002 0.1979680 0.2546991 0.3363880 0.2495246 0.1708563 0.2404596 0.2452205 0.3103331 0.2352657 0.2498532 0.2507088 0.1249402 0.2545630 0.0101206 0.1795442 0.2024324 0.1212162 
n300_301   0.0066965 0.2843610 0.2891277 0.2640007 0.3313951 0.1977272 0.0000000 0.2692406 0.0134756 0.2842850 0.3589201 0.2686662 0.0520871 0.2749926 0.2799959 0.3205989 0.2640838 0.2744033 0.2853825 0.2530520 0.2747485 0.1931432 0.0667366 0.0237731 0.2443662 
n275_276   0.2794508 0.0557381 0.0593251 0.0100910 0.3523509 0.2402002 0.2692406 0.0000000 0.2695924 0.0557277 0.3689484 0.0970698 0.2442363 0.0238497 0.0273213 0.3760625 0.0100938 0.0449133 0.0522278 0.2890348 0.1494300 0.2400051 0.2539266 0.2645997 0.2643289 
n274_275   0.0203238 0.2847381 0.2895124 0.2643437 0.3263641 0.1979680 0.0134756 0.2695924 0.0000000 0.2846619 0.3537217 0.2690165 0.0521417 0.2753546 0.2803663 0.3266464 0.2644270 0.2747639 0.2857634 0.2533764 0.2699326 0.1933772 0.0668078 0.0237972 0.2446778 
n289_290   0.2947261 0.0067100 0.0100817 0.0520617 0.3524731 0.2546991 0.2842850 0.0557277 0.2846619 0.0000000 0.3690838 0.1010130 0.2587258 0.0631607 0.0668331 0.3758046 0.0448684 0.0237931 0.0273349 0.2990254 0.1494711 0.2544891 0.2686202 0.2795578 0.2738723 
n255_256   0.3588265 0.3691931 0.3744426 0.3628549 0.0201913 0.3363880 0.3589201 0.3689484 0.3537217 0.3690838 0.0000000 0.3518485 0.3417804 0.3759535 0.3817023 0.2722697 0.3629747 0.3632083 0.3701435 0.3998283 0.3632702 0.3414936 0.3529445 0.3590486 0.3877334 
n236_237   0.2788503 0.1010334 0.1048340 0.0931327 0.3358373 0.2495246 0.2686662 0.0970698 0.2690165 0.1010130 0.3518485 0.0000000 0.2536546 0.1051160 0.1090223 0.3874910 0.0931594 0.0931976 0.0973143 0.2830842 0.1493187 0.2445552 0.2634705 0.2640364 0.2685710 
n278_279   0.0557062 0.2587925 0.2634080 0.2392088 0.3151025 0.1708563 0.0520871 0.2442363 0.0521417 0.2587258 0.3417804 0.2536546 0.0000000 0.2497257 0.2545443 0.3151380 0.2392830 0.2491951 0.2597055 0.2194360 0.2543269 0.1664684 0.0134510 0.0557609 0.2156559 
n297_298   0.2853119 0.0631726 0.0667997 0.0203734 0.3591615 0.2404596 0.2749926 0.0238497 0.2753546 0.0631607 0.3759535 0.1051160 0.2497257 0.0000000 0.0033530 0.3767023 0.0203790 0.0522049 0.0596318 0.2893466 0.1623957 0.2402641 0.2595135 0.2703092 0.2646144 
n298_299   0.2903921 0.0668458 0.0704886 0.0238241 0.3647796 0.2452205 0.2799959 0.0273213 0.2803663 0.0668331 0.3817023 0.1090223 0.2545443 0.0033530 0.0000000 0.3824603 0.0238306 0.0558198 0.0632940 0.2889867 0.1666343 0.2450202 0.2644000 0.2752838 0.2642896 
n244_245   0.3316228 0.3759169 0.3812122 0.3698917 0.2527389 0.3103331 0.3205989 0.3760625 0.3266464 0.3758046 0.2722697 0.3874910 0.3151380 0.3767023 0.3824603 0.0000000 0.3700146 0.3702547 0.3830450 0.4009287 0.3640387 0.3205693 0.3258867 0.3262125 0.3833713 
n293_294   0.2742094 0.0448766 0.0484119 0.0067067 0.3465202 0.2352657 0.2640838 0.0100938 0.2644270 0.0448684 0.3629747 0.0931594 0.2392830 0.0203790 0.0238306 0.3700146 0.0000000 0.0342385 0.0414042 0.2837244 0.1451750 0.2350757 0.2488981 0.2594750 0.2592087 
n296_297   0.2846985 0.0237972 0.0272428 0.0413147 0.3467367 0.2498532 0.2744033 0.0449133 0.2747639 0.0237931 0.3632083 0.0931976 0.2491951 0.0522049 0.0558198 0.3702547 0.0342385 0.0000000 0.0135150 0.2938793 0.1452403 0.2496482 0.2589606 0.2697302 0.2690335 
n295_296   0.2958739 0.0273397 0.0308094 0.0485754 0.3534758 0.2507088 0.2853825 0.0522278 0.2857634 0.0273349 0.3701435 0.0973143 0.2597055 0.0596318 0.0632940 0.3830450 0.0414042 0.0135150 0.0000000 0.2949153 0.1498253 0.2505023 0.2696444 0.2806344 0.2647057 
n266_267   0.2577806 0.2991067 0.3039491 0.2836344 0.3709384 0.1249402 0.2530520 0.2890348 0.2533764 0.2990254 0.3998283 0.2830842 0.2194360 0.2893466 0.2889867 0.4009287 0.2837244 0.2938793 0.2949153 0.0000000 0.2995003 0.1248506 0.2240850 0.2581739 0.0412828 
n200_201   0.2850601 0.1495038 0.1535378 0.1451323 0.3358983 0.2545630 0.2747485 0.1494300 0.2699326 0.1494711 0.3632702 0.1493187 0.2543269 0.1623957 0.1666343 0.3640387 0.1451750 0.1452403 0.1498253 0.2995003 0.0000000 0.2543532 0.2641738 0.2851196 0.2743889 
n285_286   0.1975095 0.2545544 0.2591549 0.2350029 0.3148614 0.0101206 0.1931432 0.2400051 0.1933772 0.2544891 0.3414936 0.2445552 0.1664684 0.2402641 0.2450202 0.3205693 0.2350757 0.2496482 0.2505023 0.1248506 0.2543532 0.0000000 0.1750965 0.1978119 0.1211294 
n277_278   0.0704380 0.2686903 0.2733612 0.2488206 0.3258558 0.1795442 0.0667366 0.2539266 0.0668078 0.2686202 0.3529445 0.2634705 0.0134510 0.2595135 0.2644000 0.3258867 0.2488981 0.2589606 0.2696444 0.2240850 0.2641738 0.1750965 0.0000000 0.0705071 0.2249462 
n280_281   0.0307343 0.2796321 0.2843762 0.2593935 0.3315179 0.2024324 0.0237731 0.2645997 0.0237972 0.2795578 0.3590486 0.2640364 0.0557609 0.2703092 0.2752838 0.3262125 0.2594750 0.2697302 0.2806344 0.2581739 0.2851196 0.1978119 0.0705071 0.0000000 0.2494360 
n265_266   0.2490546 0.2739444 0.2786491 0.2591274 0.3593276 0.1212162 0.2443662 0.2643289 0.2446778 0.2738723 0.3877334 0.2685710 0.2156559 0.2646144 0.2642896 0.3833713 0.2592087 0.2690335 0.2647057 0.0412828 0.2743889 0.1211294 0.2249462 0.2494360 0.0000000 
