25
n287_288   0.0000000 0.0033499 0.1117984 0.2583056 0.2676869 0.3023218 0.2675368 0.2533793 0.0377469 0.2391941 0.2537177 0.0135031 0.0307276 0.0307128 0.0307581 0.0067142 0.2777870 0.3284977 0.0169163 0.2773504 0.3675824 0.0237917 0.1859589 0.2346492 0.3558276 
n290_291   0.0033499 0.0000000 0.1157562 0.2632057 0.2726531 0.3025464 0.2626412 0.2582429 0.0412947 0.2439573 0.2585889 0.0169254 0.0342375 0.0342210 0.0272681 0.0100988 0.2828312 0.3339181 0.0203557 0.2775528 0.3619159 0.0272663 0.1903787 0.2393822 0.3614703 
n236_237   0.1117984 0.1157562 0.0000000 0.2485667 0.2926368 0.3229242 0.2627224 0.2533042 0.1117837 0.2391264 0.2630999 0.1039659 0.1117397 0.1116826 0.1118552 0.1196605 0.2877652 0.3389913 0.1078162 0.3022068 0.3671806 0.1040157 0.1901855 0.2252479 0.3347134 
n278_279   0.2583056 0.2632057 0.2485667 0.0000000 0.2968380 0.3166163 0.0810938 0.0736927 0.2582863 0.0626660 0.0811996 0.2486318 0.2581792 0.2485909 0.2584612 0.2679435 0.3019621 0.3539140 0.2533177 0.3117878 0.3612306 0.2487816 0.2921040 0.0168528 0.3710391 
n285_286   0.2676869 0.2726531 0.2926368 0.2968380 0.0000000 0.1596590 0.3019792 0.2920553 0.2776716 0.2820641 0.3024231 0.2629395 0.2775555 0.2773938 0.2778612 0.2774491 0.0100523 0.3934640 0.2677211 0.1473208 0.4188193 0.2679044 0.3073047 0.2768593 0.4062909 
n265_266   0.3023218 0.3025464 0.3229242 0.3166163 0.1596590 0.0000000 0.3273611 0.3221952 0.3021297 0.3117921 0.3279470 0.2971048 0.3020024 0.3018230 0.2973782 0.3125583 0.1638755 0.4045730 0.3021096 0.0375479 0.4185017 0.2920453 0.3268906 0.2961228 0.4111160 
n280_281   0.2675368 0.2626412 0.2627224 0.0810938 0.3019792 0.3273611 0.0000000 0.0236930 0.2675180 0.0202501 0.0306374 0.2577458 0.2674069 0.2672526 0.2579083 0.2772872 0.3071422 0.3650467 0.2624848 0.3224654 0.3440936 0.2579031 0.2916444 0.0626261 0.3824626 
n299_300   0.2533793 0.2582429 0.2533042 0.0736927 0.2920553 0.3221952 0.0236930 0.0000000 0.2533598 0.0100590 0.0066965 0.2437772 0.2532550 0.2531105 0.2535310 0.2629483 0.2971496 0.3489875 0.2484304 0.3173286 0.3443334 0.2439229 0.2919158 0.0554103 0.3660089 
n293_294   0.0377469 0.0412947 0.1117837 0.2582863 0.2776716 0.3021297 0.2675180 0.2533598 0.0000000 0.2391741 0.2536981 0.0307143 0.0067039 0.0134731 0.0203217 0.0448354 0.2826698 0.3123907 0.0342043 0.2771735 0.3617369 0.0134743 0.1772102 0.2346290 0.3390600 
n274_275   0.2391941 0.2439573 0.2391264 0.0626660 0.2820641 0.3117921 0.0202501 0.0100590 0.2391741 0.0000000 0.0168600 0.2297881 0.2390757 0.2389409 0.2393348 0.2485741 0.2870865 0.3381029 0.2343518 0.3069868 0.3335028 0.2299223 0.2769670 0.0446721 0.3548491 
n292_293   0.2537177 0.2585889 0.2630999 0.0811996 0.3024231 0.3279470 0.0306374 0.0066965 0.2536981 0.0168600 0.0000000 0.2441006 0.2535930 0.2534482 0.2538698 0.2633014 0.3075950 0.3602218 0.2487608 0.3280750 0.3499966 0.2442467 0.2973995 0.0627061 0.3775360 
n296_297   0.0135031 0.0169254 0.1039659 0.2486318 0.2629395 0.2971048 0.2577458 0.2437772 0.0307143 0.2297881 0.2441006 0.0000000 0.0237691 0.0237577 0.0237927 0.0203544 0.2678323 0.3178079 0.0033473 0.2723210 0.3617347 0.0169022 0.1772239 0.2253020 0.3447039 
n294_295   0.0307276 0.0342375 0.1117397 0.2581792 0.2775555 0.3020024 0.2674069 0.2532550 0.0067039 0.2390757 0.2535930 0.0237691 0.0000000 0.0067034 0.0134806 0.0377443 0.2825514 0.3122586 0.0272256 0.2770579 0.3669877 0.0067040 0.1771388 0.2345326 0.3389150 
n275_276   0.0307128 0.0342210 0.1116826 0.2485909 0.2773938 0.3018230 0.2672526 0.2531105 0.0134731 0.2389409 0.2534482 0.0237577 0.0067034 0.0000000 0.0134742 0.0377261 0.2823860 0.3175627 0.0272125 0.2768968 0.3668864 0.0067008 0.1857632 0.2344009 0.3444348 
n297_298   0.0307581 0.0272681 0.1118552 0.2584612 0.2778612 0.2973782 0.2579083 0.2535310 0.0203217 0.2393348 0.2538698 0.0237927 0.0134806 0.0134742 0.0000000 0.0377819 0.2828632 0.3181092 0.0272527 0.2725632 0.3619923 0.0067106 0.1860617 0.2347864 0.3450372 
n289_290   0.0067142 0.0100988 0.1196605 0.2679435 0.2774491 0.3125583 0.2772872 0.2629483 0.0448354 0.2485741 0.2633014 0.0203544 0.0377443 0.0377261 0.0377819 0.0000000 0.2876963 0.3391129 0.0237999 0.2872405 0.3788087 0.0307417 0.1946932 0.2439725 0.3668604 
n286_287   0.2777870 0.2828312 0.2877652 0.3019621 0.0100523 0.1638755 0.3071422 0.2971496 0.2826698 0.2870865 0.3075950 0.2678323 0.2825514 0.2823860 0.2828632 0.2876963 0.0000000 0.3993210 0.2726465 0.1514639 0.4310651 0.2728342 0.3075720 0.2818402 0.4006236 
n255_256   0.3284977 0.3339181 0.3389913 0.3539140 0.3934640 0.4045730 0.3650467 0.3489875 0.3123907 0.3381029 0.3602218 0.3178079 0.3122586 0.3175627 0.3181092 0.3391129 0.3993210 0.0000000 0.3229581 0.3877981 0.2729755 0.3075802 0.3595867 0.3270253 0.0410809 
n295_296   0.0169163 0.0203557 0.1078162 0.2533177 0.2677211 0.3021096 0.2624848 0.2484304 0.0342043 0.2343518 0.2487608 0.0033473 0.0272256 0.0272125 0.0272527 0.0237999 0.2726465 0.3229581 0.0000000 0.2771590 0.3672178 0.0203278 0.1814833 0.2298390 0.3500532 
n266_267   0.2773504 0.2775528 0.3022068 0.3117878 0.1473208 0.0375479 0.3224654 0.3173286 0.2771735 0.3069868 0.3280750 0.2723210 0.2770579 0.2768968 0.2725632 0.2872405 0.1514639 0.3877981 0.2771590 0.0000000 0.4185684 0.2674288 0.3167648 0.2914127 0.3999170 
n244_245   0.3675824 0.3619159 0.3671806 0.3612306 0.4188193 0.4185017 0.3440936 0.3443334 0.3617369 0.3335028 0.3499966 0.3617347 0.3669877 0.3668864 0.3619923 0.3788087 0.4310651 0.2729755 0.3672178 0.4185684 0.0000000 0.3619963 0.3604670 0.3395488 0.2872739 
n298_299   0.0237917 0.0272663 0.1040157 0.2487816 0.2679044 0.2920453 0.2579031 0.2439229 0.0134743 0.2299223 0.2442467 0.0169022 0.0067040 0.0067008 0.0067106 0.0307417 0.2728342 0.3075802 0.0203278 0.2674288 0.3619963 0.0000000 0.1773195 0.2254327 0.3340886 
n200_201   0.1859589 0.1903787 0.1901855 0.2921040 0.3073047 0.3268906 0.2916444 0.2919158 0.1772102 0.2769670 0.2973995 0.1772239 0.1771388 0.1857632 0.1860617 0.1946932 0.3075720 0.3595867 0.1814833 0.3167648 0.3604670 0.1773195 0.0000000 0.2673480 0.3765222 
n277_278   0.2346492 0.2393822 0.2252479 0.0168528 0.2768593 0.2961228 0.0626261 0.0554103 0.2346290 0.0446721 0.0627061 0.2253020 0.2345326 0.2344009 0.2347864 0.2439725 0.2818402 0.3270253 0.2298390 0.2914127 0.3395488 0.2254327 0.2673480 0.0000000 0.3434786 
n251_252   0.3558276 0.3614703 0.3347134 0.3710391 0.4062909 0.4111160 0.3824626 0.3660089 0.3390600 0.3548491 0.3775360 0.3447039 0.3389150 0.3444348 0.3450372 0.3668604 0.4006236 0.0410809 0.3500532 0.3999170 0.2872739 0.3340886 0.3765222 0.3434786 0.0000000 
