26
n299_300   0.0000000 0.0203064 1.8730273 1.9184553 2.6267827 0.4588629 2.6033224 2.2440033 0.1502330 1.9796456 2.0458037 2.1529200 0.0307704 0.5334906 2.2041013 2.3647478 1.6268437 1.6503323 1.9757624 2.5751639 2.4975700 2.0437826 2.5390948 2.5628191 0.1127696 2.2046810 
n300_301   0.0203064 0.0000000 1.9553858 1.9697631 2.4959286 0.4509470 2.5519630 2.3185288 0.1502983 2.0331726 2.1456072 2.2636721 0.0377990 0.5246170 2.2252332 2.3898311 1.6658648 1.6903106 2.0655556 2.5814932 2.7242122 2.1433460 2.5650678 2.6495360 0.1086508 2.3759627 
n290_291   1.8730273 1.9553858 0.0000000 2.5827296 3.0907558 1.5840615 1.4410757 0.6450370 1.7742325 0.0521263 0.1822803 0.3632862 1.8870600 1.5860158 0.3668072 0.3660194 1.7243365 1.8790281 0.0596791 4.8835655 0.4500933 0.2103268 2.8898570 2.7463752 1.8264076 0.4110595 
n244_245   1.9184553 1.9697631 2.5827296 0.0000000 4.0598101 2.2881401 2.9180129 2.3288072 2.4606690 2.9919016 2.9430197 2.7869775 1.9750778 2.6744578 2.7262808 2.7235244 2.7073359 2.7941090 2.9613683 2.5168971 2.6191737 2.9723999 2.0991013 2.1481806 1.9256642 2.4027311 
n255_256   2.6267827 2.4959286 3.0907558 4.0598101 0.0000000 3.1181754 2.5015760 3.7533983 2.6852530 3.3455166 3.7158868 2.8721741 2.5244370 4.2719021 3.1823434 3.4443819 4.0939193 8.9999990 3.1299092 0.3887168 3.2293636 3.5099166 3.7126939 2.7321968 2.4393835 3.1479616 
n277_278   0.4588629 0.4509470 1.5840615 2.2881401 3.1181754 0.0000000 2.4248214 2.2378190 0.4423541 1.6625177 1.8688953 2.0722133 0.4587586 0.1095738 2.1204205 2.2617849 1.5734085 1.5712074 1.6713549 3.1534177 2.1497257 1.9181055 2.5572452 2.6517982 0.4578518 2.2257787 
n200_201   2.6033224 2.5519630 1.4410757 2.9180129 2.5015760 2.4248214 0.0000000 1.1336764 2.7189784 1.5664035 1.3622616 1.2819032 2.7476056 2.5778483 1.3115589 1.2689844 2.4224247 2.3819103 1.4835381 3.1091064 1.4133974 1.3465927 2.4299571 2.4577661 3.0099274 1.2896906 
n236_237   2.2440033 2.3185288 0.6450370 2.3288072 3.7533983 2.2378190 1.1336764 0.0000000 2.2945663 0.5901477 0.5202892 0.5474151 2.2882671 2.1311531 0.5679236 0.5149428 2.0403580 2.0232508 0.6009064 3.9701203 0.5527857 0.5227608 2.5522913 2.8931159 2.5255592 0.5081095 
n274_275   0.1502330 0.1502983 1.7742325 2.4606690 2.6852530 0.4423541 2.7189784 2.2945663 0.0000000 1.7631365 1.8502034 2.2606839 0.1543780 0.5088155 2.0665198 2.2039688 1.5141788 1.5925219 1.7846299 3.1082614 2.2445628 1.8362790 2.9388711 2.7212850 0.1327708 2.0873471 
n289_290   1.9796456 2.0331726 0.0521263 2.9919016 3.3455166 1.6625177 1.5664035 0.5901477 1.7631365 0.0000000 0.1603811 0.3347349 1.9279150 1.6670230 0.3558128 0.3495192 1.6706626 1.7742787 0.0523087 4.5626743 0.4181218 0.1918294 3.0811388 2.7958768 1.9405358 0.3807365 
n296_297   2.0458037 2.1456072 0.1822803 2.9430197 3.7158868 1.8688953 1.3622616 0.5202892 1.8502034 0.1603811 0.0000000 0.3219041 2.0293207 1.7171398 0.3150124 0.3143549 1.7341915 1.8448178 0.1642139 9.0000000 0.3669334 0.0238275 2.8203238 2.4280735 2.0293726 0.3373249 
n275_276   2.1529200 2.2636721 0.3632862 2.7869775 2.8721741 2.0722133 1.2819032 0.5474151 2.2606839 0.3347349 0.3219041 0.0000000 2.1927982 2.1576507 0.1544269 0.1499513 1.9663060 2.3368336 0.3318315 6.0652310 0.1290727 0.3394984 2.4445891 2.6379269 2.1354218 0.1248998 
n292_293   0.0307704 0.0377990 1.8870600 1.9750778 2.5244370 0.4587586 2.7476056 2.2882671 0.1543780 1.9279150 2.0293207 2.1927982 0.0000000 0.5333560 2.1857346 2.3442744 1.6166838 1.6400323 2.0073038 2.5703362 2.4030111 2.1145955 2.6405889 2.7622142 0.1166897 2.1862563 
n278_279   0.5334906 0.5246170 1.5860158 2.6744578 4.2719021 0.1095738 2.5778483 2.1311531 0.5088155 1.6670230 1.7171398 2.1576507 0.5333560 0.0000000 2.0530107 2.1871160 1.6070338 1.6045502 1.7129776 4.3297919 2.1822083 1.7593819 2.4429458 2.5280913 0.5485107 2.1801941 
n298_299   2.2041013 2.2252332 0.3668072 2.7262808 3.1823434 2.1204205 1.3115589 0.5679236 2.0665198 0.3558128 0.3150124 0.1544269 2.1857346 2.0530107 0.0000000 0.0237826 1.7354998 1.9795112 0.3535891 8.5117927 0.2076979 0.3269112 2.8081592 2.5361810 2.2509285 0.1671474 
n297_298   2.3647478 2.3898311 0.3660194 2.7235244 3.4443819 2.2617849 1.2689844 0.5149428 2.2039688 0.3495192 0.3143549 0.1499513 2.3442744 2.1871160 0.0237826 0.0000000 1.8665576 2.1923072 0.3528371 8.4546324 0.1939127 0.3262232 2.5631561 2.4561246 2.4188453 0.1542059 
n286_287   1.6268437 1.6658648 1.7243365 2.7073359 4.0939193 1.5734085 2.4224247 2.0403580 1.5141788 1.6706626 1.7341915 1.9663060 1.6166838 1.6070338 1.7354998 1.8665576 0.0000000 0.0668910 1.7333503 3.6493419 1.9754363 1.8690785 0.9389168 1.0228891 1.5365357 1.9098660 
n285_286   1.6503323 1.6903106 1.8790281 2.7941090 8.9999990 1.5712074 2.3819103 2.0232508 1.5925219 1.7742787 1.8448178 2.3368336 1.6400323 1.6045502 1.9795112 2.1923072 0.0668910 0.0000000 1.8437260 3.0973409 2.2413221 1.9949971 0.8987623 0.9770286 1.6167543 2.1111847 
n287_288   1.9757624 2.0655556 0.0596791 2.9613683 3.1299092 1.6713549 1.4835381 0.6009064 1.7846299 0.0523087 0.1642139 0.3318315 2.0073038 1.7129776 0.3535891 0.3528371 1.7333503 1.8437260 0.0000000 4.4279025 0.4226764 0.1909045 2.9816382 2.9430840 1.8792036 0.3851704 
n251_252   2.5751639 2.5814932 4.8835655 2.5168971 0.3887168 3.1534177 3.1091064 3.9701203 3.1082614 4.5626743 9.0000000 6.0652310 2.5703362 4.3297919 8.5117927 8.4546324 3.6493419 3.0973409 4.4279025 0.0000000 5.3578025 5.8468785 2.7828690 2.7305922 2.5374851 5.9422462 
n294_295   2.4975700 2.7242122 0.4500933 2.6191737 3.2293636 2.1497257 1.4133974 0.5527857 2.2445628 0.4181218 0.3669334 0.1290727 2.4030111 2.1822083 0.2076979 0.1939127 1.9754363 2.2413221 0.4226764 5.3578025 0.0000000 0.3807345 2.9462525 3.0071546 2.3462231 0.0485575 
n295_296   2.0437826 2.1433460 0.2103268 2.9723999 3.5099166 1.9181055 1.3465927 0.5227608 1.8362790 0.1918294 0.0238275 0.3394984 2.1145955 1.7593819 0.3269112 0.3262232 1.8690785 1.9949971 0.1909045 5.8468785 0.3807345 0.0000000 2.9180659 2.2117536 2.0273778 0.3558125 
n266_267   2.5390948 2.5650678 2.8898570 2.0991013 3.7126939 2.5572452 2.4299571 2.5522913 2.9388711 3.0811388 2.8203238 2.4445891 2.6405889 2.4429458 2.8081592 2.5631561 0.9389168 0.8987623 2.9816382 2.7828690 2.9462525 2.9180659 0.0000000 0.1718269 2.3940870 3.1126136 
n265_266   2.5628191 2.6495360 2.7463752 2.1481806 2.7321968 2.6517982 2.4577661 2.8931159 2.7212850 2.7958768 2.4280735 2.6379269 2.7622142 2.5280913 2.5361810 2.4561246 1.0228891 0.9770286 2.9430840 2.7305922 3.0071546 2.2117536 0.1718269 0.0000000 2.4764221 3.1769630 
n280_281   0.1127696 0.1086508 1.8264076 1.9256642 2.4393835 0.4578518 3.0099274 2.5255592 0.1327708 1.9405358 2.0293726 2.1354218 0.1166897 0.5485107 2.2509285 2.4188453 1.5365357 1.6167543 1.8792036 2.5374851 2.3462231 2.0273778 2.3940870 2.4764221 0.0000000 2.1813795 
n293_294   2.2046810 2.3759627 0.4110595 2.4027311 3.1479616 2.2257787 1.2896906 0.5081095 2.0873471 0.3807365 0.3373249 0.1248998 2.1862563 2.1801941 0.1671474 0.1542059 1.9098660 2.1111847 0.3851704 5.9422462 0.0485575 0.3558125 3.1126136 3.1769630 2.1813795 0.0000000 
