25
n274_273   0.0000000 0.1163679 2.3209243 2.3531610 0.4959125 2.4399527 3.2525010 0.1199599 0.1202459 2.2410187 2.0256054 2.2859672 2.1922213 2.4005226 2.9131217 0.4622733 1.9029976 1.8735938 2.2903336 2.1735286 2.2161401 2.0716259 2.3269328 2.3356405 0.1160005 
n280_279   0.1163679 0.0000000 2.3713900 2.4545239 0.4451317 2.1864891 2.7769441 0.0931922 0.0740870 2.1754430 2.0189902 2.2103397 1.9353035 2.3508753 2.4502715 0.4255167 1.8620875 1.8334773 2.0761704 2.2594859 2.0496095 1.9628940 2.4355900 2.3011334 0.0816230 
n293_292   2.3209243 2.3713900 0.0000000 0.3817586 2.2065869 2.5539674 0.9823523 2.3370989 2.1934911 0.3862443 0.1247041 2.5861273 0.6218413 0.3625826 2.4367720 2.1889258 3.1704317 3.1879179 2.5059394 0.0377964 0.3585603 0.3511726 0.1493160 0.1580136 2.4153477 
n289_288   2.3531610 2.4545239 0.3817586 0.0000000 2.2676671 2.5949706 0.9613117 2.2552549 2.3681045 0.0856657 0.3304091 2.8054502 0.7352302 0.0667718 4.5470633 2.2939787 3.2019887 3.2044789 3.6752163 0.3534988 0.1667451 0.1623083 0.3376983 0.3435983 2.2849304 
n277_276   0.4959125 0.4451317 2.2065869 2.2676671 0.0000000 2.5683446 2.5503933 0.4668438 0.4483883 2.1224966 1.8579230 2.7353764 2.1101447 2.1404279 2.1698690 0.1015701 1.5698506 1.6133054 2.2698709 1.9426503 2.2143579 2.2168790 2.2473330 2.3149267 0.4685133 
n265_264   2.4399527 2.1864891 2.5539674 2.5949706 2.5683446 0.0000000 2.2570986 2.1600515 2.1517275 2.8328818 3.0667262 0.1832999 2.8332310 2.4836117 2.3283005 2.4877332 0.9563521 0.9840883 2.1571597 2.4792082 2.8061371 2.8084496 2.2613707 2.3391161 2.0483867 
n200_201   3.2525010 2.7769441 0.9823523 0.9613117 2.5503933 2.2570986 0.0000000 2.5946362 2.7011265 0.9614061 0.9586673 2.3626705 0.9756376 0.9911520 2.5603839 3.3100186 2.3433687 2.0569496 2.7926224 0.9694981 1.0357111 1.0339419 1.0261194 1.0754659 2.6130347 
n299_298   0.1199599 0.0931922 2.3370989 2.2552549 0.4668438 2.1600515 2.5946362 0.0000000 0.0377395 2.0829054 2.0969301 2.0969865 2.0620188 2.2975121 3.4976004 0.4362067 1.8137293 1.7129414 2.4814953 2.2280434 2.2087026 2.0689033 2.2314420 2.2524045 0.0100655 
n292_291   0.1202459 0.0740870 2.1934911 2.3681045 0.4483883 2.1517275 2.7011265 0.0377395 0.0000000 2.0468783 2.0603238 2.1501953 1.9894410 2.2050541 3.2088517 0.3981198 1.8629132 1.8320695 2.5653269 2.0981551 2.0642200 1.9751386 2.1065853 2.1249368 0.0342220 
n287_286   2.2410187 2.1754430 0.3862443 0.0856657 2.1224966 2.8328818 0.9614061 2.0829054 2.0468783 0.0000000 0.3296964 3.6585711 0.6959668 0.0630650 6.7911011 2.1919122 3.0908522 2.9516267 3.8437381 0.3633324 0.1538522 0.1495117 0.3481736 0.3549648 2.0904436 
n275_274   2.0256054 2.0189902 0.1247041 0.3304091 1.8579230 3.0667262 0.9586673 2.0969301 2.0603238 0.3296964 0.0000000 2.7713456 0.6531060 0.3134475 3.0490797 1.9300489 3.6701812 3.3785149 2.7366841 0.1049153 0.3259877 0.3197615 0.1455995 0.1542684 2.1573860 
n266_265   2.2859672 2.2103397 2.5861273 2.8054502 2.7353764 0.1832999 2.3626705 2.0969865 2.1501953 3.6585711 2.7713456 0.0000000 2.8210335 2.9615816 2.2550927 2.4925002 0.9223036 0.9498986 2.0776082 2.4978382 2.6707740 2.6786050 2.3397170 2.4567322 1.9919828 
n236_235   2.1922213 1.9353035 0.6218413 0.7352302 2.1101447 2.8332310 0.9756376 2.0620188 1.9894410 0.6959668 0.6531060 2.8210335 0.0000000 0.6858358 3.0361988 1.9519842 3.8046348 4.1984397 2.6761200 0.6320509 0.6545932 0.6450626 0.6163642 0.6508270 2.0564773 
n290_289   2.4005226 2.3508753 0.3625826 0.0667718 2.1404279 2.4836117 0.9911520 2.2975121 2.2050541 0.0630650 0.3134475 2.9615816 0.6858358 0.0000000 5.2006775 2.2685582 2.8129860 2.7024108 3.3732556 0.3351494 0.1329542 0.1287648 0.3314223 0.3432490 2.3290106 
n251_250   2.9131217 2.4502715 2.4367720 4.5470633 2.1698690 2.3283005 2.5603839 3.4976004 3.2088517 6.7911011 3.0490797 2.2550927 3.0361988 5.2006775 0.0000000 2.1913588 2.4826617 2.5704640 0.3701893 2.7061775 5.0072652 3.5314411 3.7596014 4.1567495 3.3247935 
n278_277   0.4622733 0.4255167 2.1889258 2.2939787 0.1015701 2.4877332 3.3100186 0.4362067 0.3981198 2.1919122 1.9300489 2.4925002 1.9519842 2.2685582 2.1913588 0.0000000 1.6269279 1.7211122 2.3539312 2.0119670 2.0552762 2.0572838 2.2445412 2.3115951 0.4235503 
n285_284   1.9029976 1.8620875 3.1704317 3.2019887 1.5698506 0.9563521 2.3433687 1.8137293 1.8629132 3.0908522 3.6701812 0.9223036 3.8046348 2.8129860 2.4826617 1.6269279 0.0000000 0.0702497 2.8554817 3.5456311 2.9242616 2.8537257 3.6720354 3.6647148 1.8023458 
n286_285   1.8735938 1.8334773 3.1879179 3.2044789 1.6133054 0.9840883 2.0569496 1.7129414 1.8320695 2.9516267 3.3785149 0.9498986 4.1984397 2.7024108 2.5704640 1.7211122 0.0702497 0.0000000 2.7576926 3.5678721 2.6300033 2.5767272 3.7471027 3.7385735 1.7403680 
n255_254   2.2903336 2.0761704 2.5059394 3.6752163 2.2698709 2.1571597 2.7926224 2.4814953 2.5653269 3.8437381 2.7366841 2.0776082 2.6761200 3.3732556 0.3701893 2.3539312 2.8554817 2.7576926 0.0000000 2.5574659 3.4290359 3.1096769 2.7490695 3.0151150 2.4100460 
n294_293   2.1735286 2.2594859 0.0377964 0.3534988 1.9426503 2.4792082 0.9694981 2.2280434 2.0981551 0.3633324 0.1049153 2.4978382 0.6320509 0.3351494 2.7061775 2.0119670 3.5456311 3.5678721 2.5574659 0.0000000 0.3310860 0.3240726 0.1247058 0.1330550 2.2973736 
n295_294   2.2161401 2.0496095 0.3585603 0.1667451 2.2143579 2.8061371 1.0357111 2.2087026 2.0642200 0.1538522 0.3259877 2.6707740 0.6545932 0.1329542 5.0072652 2.0552762 2.9242616 2.6300033 3.4290359 0.3310860 0.0000000 0.0272370 0.3426768 0.3486133 2.1470234 
n296_295   2.0716259 1.9628940 0.3511726 0.1623083 2.2168790 2.8084496 1.0339419 2.0689033 1.9751386 0.1495117 0.3197615 2.6786050 0.6450626 0.1287648 3.5314411 2.0572838 2.8537257 2.5767272 3.1096769 0.3240726 0.0272370 0.0000000 0.3252781 0.3310463 2.0155381 
n298_297   2.3269328 2.4355900 0.1493160 0.3376983 2.2473330 2.2613707 1.0261194 2.2314420 2.1065853 0.3481736 0.1455995 2.3397170 0.6163642 0.3314223 3.7596014 2.2445412 3.6720354 3.7471027 2.7490695 0.1247058 0.3426768 0.3252781 0.0000000 0.0343020 2.3014585 
n297_296   2.3356405 2.3011334 0.1580136 0.3435983 2.3149267 2.3391161 1.0754659 2.2524045 2.1249368 0.3549648 0.1542684 2.4567322 0.6508270 0.3432490 4.1567495 2.3115951 3.6647148 3.7385735 3.0151150 0.1330550 0.3486133 0.3310463 0.0343020 0.0000000 2.3242081 
n300_299   0.1160005 0.0816230 2.4153477 2.2849304 0.4685133 2.0483867 2.6130347 0.0100655 0.0342220 2.0904436 2.1573860 1.9919828 2.0564773 2.3290106 3.3247935 0.4235503 1.8023458 1.7403680 2.4100460 2.2973736 2.1470234 2.0155381 2.3014585 2.3242081 0.0000000 
