23
n292_293   0.0000000 0.2994899 0.2890031 0.3155922 0.4409593 0.2987697 0.2943691 0.0168932 0.2941798 0.4552537 0.2835918 0.0033408 0.0627592 0.3101021 0.4263946 0.2840317 0.2889820 0.2844212 0.2846032 0.3037444 0.0627316 0.0100827 0.2892397 
n287_288   0.2994899 0.0000000 0.0100780 0.0592996 0.4134349 0.2727392 0.0376962 0.2939203 0.0067007 0.4025482 0.1084941 0.3046263 0.2740323 0.0412752 0.4180380 0.0134628 0.0168644 0.2488389 0.1285923 0.2775406 0.2739005 0.2993562 0.2488893 
n290_291   0.2890031 0.0100780 0.0000000 0.0556526 0.4072640 0.2677122 0.0341741 0.2835295 0.0033408 0.3964562 0.1045630 0.2940632 0.2639236 0.0377301 0.4309190 0.0100698 0.0134548 0.2439719 0.1245359 0.2724816 0.2637972 0.2888765 0.2440211 
n294_295   0.3155922 0.0592996 0.0556526 0.0000000 0.4197456 0.2782046 0.0203357 0.3049346 0.0520278 0.4087776 0.1167547 0.3208460 0.2790139 0.0307468 0.4305989 0.0448724 0.0484309 0.2689397 0.1245009 0.2830466 0.2894135 0.3154475 0.2689954 
n251_252   0.4409593 0.4134349 0.4072640 0.4197456 0.0000000 0.4238805 0.4016878 0.4534920 0.4011651 0.0342474 0.4321409 0.4472227 0.4531223 0.3951378 0.3737528 0.3955291 0.4012734 0.4566213 0.4284132 0.4235640 0.4528875 0.4485008 0.4561240 
n286_287   0.2987697 0.2727392 0.2677122 0.2782046 0.4238805 0.0000000 0.2532576 0.2883896 0.2627313 0.4257850 0.2826331 0.3038912 0.2793576 0.2680461 0.3939463 0.2577965 0.2625601 0.1530344 0.2397441 0.0100745 0.2792229 0.2986368 0.1528903 
n275_276   0.2943691 0.0376962 0.0341741 0.0203357 0.4016878 0.2532576 0.0000000 0.2840350 0.0306724 0.3909412 0.0968576 0.2994692 0.2588749 0.0100743 0.4247316 0.0237439 0.0271944 0.2391779 0.1085734 0.2579420 0.2689624 0.2942389 0.2392258 
n274_275   0.0168932 0.2939203 0.2835295 0.3049346 0.4534920 0.2883896 0.2840350 0.0000000 0.2886597 0.4680502 0.2781728 0.0203187 0.0590524 0.2995317 0.4260154 0.2786007 0.2835100 0.2791836 0.2791619 0.2932960 0.0590265 0.0203078 0.2839677 
n289_290   0.2941798 0.0067007 0.0033408 0.0520278 0.4011651 0.2627313 0.0306724 0.2886597 0.0000000 0.3904341 0.1006586 0.2992769 0.2689172 0.0342056 0.4246205 0.0066952 0.0100641 0.2391478 0.1205080 0.2674692 0.2687882 0.2940498 0.2391958 
n255_256   0.4552537 0.4025482 0.3964562 0.4087776 0.0342474 0.4257850 0.3909412 0.4680502 0.3904341 0.0000000 0.4271846 0.4616510 0.4480518 0.3844835 0.3687189 0.3848637 0.3905421 0.4515525 0.4292677 0.4254660 0.4478196 0.4557469 0.4510608 
n236_237   0.2835918 0.1084941 0.1045630 0.1167547 0.4321409 0.2826331 0.0968576 0.2781728 0.1006586 0.4271846 0.0000000 0.2886076 0.2540977 0.1085543 0.4379740 0.0929876 0.0967896 0.2488179 0.1286708 0.2874941 0.2539765 0.2831860 0.2488683 
n299_300   0.0033408 0.3046263 0.2940632 0.3208460 0.4472227 0.3038912 0.2994692 0.0203187 0.2992769 0.4616510 0.2886076 0.0000000 0.0664070 0.3153144 0.4325224 0.2890582 0.2940406 0.2894580 0.2896385 0.3088981 0.0663779 0.0134744 0.2943058 
n278_279   0.0627592 0.2740323 0.2639236 0.2790139 0.4531223 0.2793576 0.2588749 0.0590524 0.2689172 0.4480518 0.2540977 0.0664070 0.0000000 0.2738160 0.4208324 0.2591182 0.2639092 0.2700257 0.2545672 0.2842239 0.0067036 0.0663708 0.2747705 
n297_298   0.3101021 0.0412752 0.0377301 0.0307468 0.3951378 0.2680461 0.0100743 0.2995317 0.0342056 0.3844835 0.1085543 0.3153144 0.2738160 0.0000000 0.4367431 0.0272349 0.0307056 0.2536879 0.1204796 0.2728224 0.2841315 0.3099612 0.2537396 
n244_245   0.4263946 0.4180380 0.4309190 0.4305989 0.3737528 0.3939463 0.4247316 0.4260154 0.4246205 0.3687189 0.4379740 0.4325224 0.4208324 0.4367431 0.0000000 0.4183717 0.4242817 0.3992939 0.3965538 0.3995846 0.4206171 0.4387766 0.3927042 
n296_297   0.2840317 0.0134628 0.0100698 0.0448724 0.3955291 0.2577965 0.0237439 0.2786007 0.0066952 0.3848637 0.0929876 0.2890582 0.2591182 0.0272349 0.4183717 0.0000000 0.0033393 0.2343684 0.1126082 0.2625033 0.2589943 0.2839083 0.2344151 
n295_296   0.2889820 0.0168644 0.0134548 0.0484309 0.4012734 0.2625601 0.0271944 0.2835100 0.0100641 0.3905421 0.0967896 0.2940406 0.2639092 0.0307056 0.4242817 0.0033393 0.0000000 0.2389960 0.1165180 0.2672941 0.2637828 0.2888555 0.2390439 
n266_267   0.2844212 0.2488389 0.2439719 0.2689397 0.4566213 0.1530344 0.2391779 0.2791836 0.2391478 0.4515525 0.2488179 0.2894580 0.2700257 0.2536879 0.3992939 0.2343684 0.2389960 0.0000000 0.2400307 0.1571236 0.2698957 0.2842974 0.0134714 
n200_201   0.2846032 0.1285923 0.1245359 0.1245009 0.4284132 0.2397441 0.1085734 0.2791619 0.1205080 0.4292677 0.1286708 0.2896385 0.2545672 0.1204796 0.3965538 0.1126082 0.1165180 0.2400307 0.0000000 0.2443587 0.2646039 0.2844793 0.2400790 
n285_286   0.3037444 0.2775406 0.2724816 0.2830466 0.4235640 0.0100745 0.2579420 0.2932960 0.2674692 0.4254660 0.2874941 0.3088981 0.2842239 0.2728224 0.3995846 0.2625033 0.2672941 0.1571236 0.2443587 0.0000000 0.2840866 0.3036082 0.1569756 
n277_278   0.0627316 0.2739005 0.2637972 0.2894135 0.4528875 0.2792229 0.2689624 0.0590265 0.2687882 0.4478196 0.2539765 0.0663779 0.0067036 0.2841315 0.4206171 0.2589943 0.2637828 0.2698957 0.2646039 0.2840866 0.0000000 0.0663417 0.2746380 
n280_281   0.0100827 0.2993562 0.2888765 0.3154475 0.4485008 0.2986368 0.2942389 0.0203078 0.2940498 0.4557469 0.2831860 0.0134744 0.0663708 0.3099612 0.4387766 0.2839083 0.2888555 0.2842974 0.2844793 0.3036082 0.0663417 0.0000000 0.2891128 
n265_266   0.2892397 0.2488893 0.2440211 0.2689954 0.4561240 0.1528903 0.2392258 0.2839677 0.2391958 0.4510608 0.2488683 0.2943058 0.2747705 0.2537396 0.3927042 0.2344151 0.2390439 0.0134714 0.2400790 0.1569756 0.2746380 0.2891128 0.0000000 
