25
n274_273   0.0000000 0.1052837 2.0031270 1.8177637 0.4741164 1.4692785 1.9609978 0.1170911 0.1168253 1.7327040 1.9622948 1.3770756 2.0911934 1.8340485 3.8387914 0.4743509 1.9110834 1.8672833 3.1513958 1.9236862 1.8182490 1.6522187 1.8176190 1.8507369 0.1374610 
n280_279   0.1052837 0.0000000 1.8326528 1.8075119 0.4460021 1.4411775 1.8726426 0.0632520 0.0668789 1.7223341 1.8364896 1.3562636 2.0218951 1.7883392 3.3785643 0.4525109 1.9017744 1.7586144 2.6289169 1.8375339 1.7624590 1.7182774 1.7449328 1.7764801 0.0782039 
n293_292   2.0031270 1.8326528 0.0000000 0.3365737 2.3080639 2.1499097 0.9975287 1.9332619 1.8647708 0.3211768 0.1047164 1.8993433 0.7091307 0.3426400 5.1086734 2.5384526 2.4264425 2.7857418 3.7193427 0.0413504 0.3541502 0.3430855 0.1333073 0.1291850 2.0586492 
n289_288   1.8177637 1.8075119 0.3365737 0.0000000 1.9703810 1.8430034 0.8871300 1.8646796 1.8316202 0.0448561 0.3144744 1.6985107 0.7336035 0.0377538 4.1189251 2.0902337 2.0755494 2.0842902 3.6008530 0.3092042 0.1705886 0.1618667 0.3052578 0.3158584 1.9810952 
n277_276   0.4741164 0.4460021 2.3080639 1.9703810 0.0000000 1.3410853 2.0003975 0.4234094 0.4351966 1.9768571 2.3455599 1.3834335 2.3875703 2.0636636 2.4093577 0.1249365 2.4929034 2.3556052 2.1482956 2.1426914 2.0920498 1.8877366 2.1517209 2.0972036 0.4425393 
n265_264   1.4692785 1.4411775 2.1499097 1.8430034 1.3410853 0.0000000 1.5446185 1.3419994 1.3635885 1.7110900 2.1420243 0.1577392 1.4903974 1.7768973 2.9360772 1.3725132 1.0190336 1.0359946 2.2752320 1.9755426 2.2468769 2.1892765 2.0611751 1.9243479 1.4060132 
n200_201   1.9609978 1.8726426 0.9975287 0.8871300 2.0003975 1.5446185 0.0000000 1.7489655 1.8097795 0.9114292 0.9941935 1.5407854 0.9777168 0.9343213 3.6492295 1.8590354 1.9551226 2.0332078 3.0170932 0.9987361 1.0496415 1.0205891 1.1193174 1.0686887 1.8159310 
n299_298   0.1170911 0.0632520 1.9332619 1.8646796 0.4234094 1.3419994 1.7489655 0.0000000 0.0273186 1.7751981 1.8650186 1.3240517 1.9426928 1.8445979 3.2375020 0.4236294 1.8431174 1.7106435 2.6831264 1.8965685 1.7930374 1.7704470 1.8351044 1.8251059 0.0238462 
n292_291   0.1168253 0.0668789 1.8647708 1.8316202 0.4351966 1.3635885 1.8097795 0.0273186 0.0000000 1.7447244 1.8318012 1.3026738 1.9836190 1.8119662 3.1429297 0.4287591 1.9309655 1.7859255 2.7190624 1.8301510 1.7921083 1.7403832 1.7720843 1.7630652 0.0450055 
n287_286   1.7327040 1.7223341 0.3211768 0.0448561 1.9768571 1.7110900 0.9114292 1.7751981 1.7447244 0.0000000 0.3046479 1.6177169 0.7450021 0.0484898 4.2503135 2.0978491 1.8443947 1.8506140 4.2314370 0.2943519 0.1667756 0.1625018 0.3006437 0.3004068 1.9150584 
n275_274   1.9622948 1.8364896 0.1047164 0.3144744 2.3455599 2.1420243 0.9941935 1.8650186 1.8318012 0.3046479 0.0000000 1.8404222 0.6931554 0.3203114 8.7193924 2.5147900 2.5828746 2.7102615 4.7756564 0.1007549 0.3257220 0.3151502 0.1497982 0.1495392 1.9820812 
n266_265   1.3770756 1.3562636 1.8993433 1.6985107 1.3834335 0.1577392 1.5407854 1.3240517 1.3026738 1.6177169 1.8404222 0.0000000 1.4529246 1.6411039 4.0355225 1.5305499 0.9916881 0.9957742 2.6361463 1.7341077 1.8878349 1.8158083 1.9135999 1.8160947 1.3415832 
n236_235   2.0911934 2.0218951 0.7091307 0.7336035 2.3875703 1.4903974 0.9777168 1.9426928 1.9836190 0.7450021 0.6931554 1.4529246 0.0000000 0.7352200 3.6205195 2.6288758 2.1565715 2.1631181 4.2827556 0.6809431 0.7569900 0.7467288 0.7674796 0.7474806 1.8974879 
n290_289   1.8340485 1.7883392 0.3426400 0.0377538 2.0636636 1.7768973 0.9343213 1.8445979 1.8119662 0.0484898 0.3203114 1.6411039 0.7352200 0.0000000 4.3644287 2.1975938 2.1263357 2.1367646 4.6038657 0.3149868 0.1797270 0.1708597 0.3219891 0.3217295 1.9592591 
n251_250   3.8387914 3.3785643 5.1086734 4.1189251 2.4093577 2.9360772 3.6492295 3.2375020 3.1429297 4.2503135 8.7193924 4.0355225 3.6205195 4.3644287 0.0000000 2.2642940 3.1713661 3.1991538 0.3328496 4.8253358 7.2088518 6.4000630 4.1363536 4.0631164 3.5855270 
n278_277   0.4743509 0.4525109 2.5384526 2.0902337 0.1249365 1.3725132 1.8590354 0.4236294 0.4287591 2.0978491 2.5147900 1.5305499 2.6288758 2.1975938 2.2642940 0.0000000 2.6213438 2.5219148 1.9504557 2.3861363 2.3056596 2.0159501 2.3009039 2.2360620 0.4363709 
n285_284   1.9110834 1.9017744 2.4264425 2.0755494 2.4929034 1.0190336 1.9551226 1.8431174 1.9309655 1.8443947 2.5828746 0.9916881 2.1565715 2.1263357 3.1713661 2.6213438 0.0000000 0.0591026 2.9928230 2.1030177 1.7820450 1.8578126 2.0144454 2.0088565 1.8218259 
n286_285   1.8672833 1.7586144 2.7857418 2.0842902 2.3556052 1.0359946 2.0332078 1.7106435 1.7859255 1.8506140 2.7102615 0.9957742 2.1631181 2.1367646 3.1991538 2.5219148 0.0591026 0.0000000 3.4568509 2.1778498 1.8576356 2.0160406 2.0362516 2.0705357 1.7234366 
n255_254   3.1513958 2.6289169 3.7193427 3.6008530 2.1482956 2.2752320 3.0170932 2.6831264 2.7190624 4.2314370 4.7756564 2.6361463 4.2827556 4.6038657 0.3328496 1.9504557 2.9928230 3.4568509 0.0000000 3.8399989 3.9320691 4.0873954 3.3856440 3.9359054 2.8698357 
n294_293   1.9236862 1.8375339 0.0413504 0.3092042 2.1426914 1.9755426 0.9987361 1.8965685 1.8301510 0.2943519 0.1007549 1.7341077 0.6809431 0.3149868 4.8253358 2.3861363 2.1030177 2.1778498 3.8399989 0.0000000 0.3155964 0.2943511 0.1090704 0.1051038 2.0175664 
n295_294   1.8182490 1.7624590 0.3541502 0.1705886 2.0920498 2.2468769 1.0496415 1.7930374 1.7921083 0.1667756 0.3257220 1.8878349 0.7569900 0.1797270 7.2088518 2.3056596 1.7820450 1.8576356 3.9320691 0.3155964 0.0000000 0.0484466 0.3217379 0.3213320 1.9010532 
n296_295   1.6522187 1.7182774 0.3430855 0.1618667 1.8877366 2.1892765 1.0205891 1.7704470 1.7403832 0.1625018 0.3151502 1.8158083 0.7467288 0.1708597 6.4000630 2.0159501 1.8578126 2.0160406 4.0873954 0.2943511 0.0484466 0.0000000 0.3225266 0.3111845 1.8747661 
n298_297   1.8176190 1.7449328 0.1333073 0.3052578 2.1517209 2.0611751 1.1193174 1.8351044 1.7720843 0.3006437 0.1497982 1.9135999 0.7674796 0.3219891 4.1363536 2.3009039 2.0144454 2.0362516 3.3856440 0.1090704 0.3217379 0.3225266 0.0000000 0.0485396 1.7966161 
n297_296   1.8507369 1.7764801 0.1291850 0.3158584 2.0972036 1.9243479 1.0686887 1.8251059 1.7630652 0.3004068 0.1495392 1.8160947 0.7474806 0.3217295 4.0631164 2.2360620 2.0088565 2.0705357 3.9359054 0.1051038 0.3213320 0.3111845 0.0485396 0.0000000 1.9369429 
n300_299   0.1374610 0.0782039 2.0586492 1.9810952 0.4425393 1.4060132 1.8159310 0.0238462 0.0450055 1.9150584 1.9820812 1.3415832 1.8974879 1.9592591 3.5855270 0.4363709 1.8218259 1.7234366 2.8698357 2.0175664 1.9010532 1.8747661 1.7966161 1.9369429 0.0000000 
