26
n299_300   0.0000000 0.0033366 2.0547135 2.8294967 9.0000000 0.5708230 2.1703995 1.9527129 0.1492531 1.8475615 1.8100409 2.2180153 0.0306971 0.5278051 1.8393016 1.8451834 2.2679318 2.4005925 1.9044129 9.0000000 1.9408767 1.8209659 2.2545596 1.9784396 0.1004916 1.9854450 
n300_301   0.0033366 0.0000000 2.0968855 2.7461278 9.0000000 0.5635975 2.1264853 1.9170835 0.1493331 1.8818048 1.8431135 2.1721120 0.0272298 0.5209554 1.8075831 1.8132794 2.2709874 2.4040979 1.9407903 9.0000000 1.9057823 1.8544105 2.2059147 1.9416733 0.0966838 1.9487930 
n290_291   2.0547135 2.0968855 0.0000000 2.2808008 8.0902534 2.1049762 0.9539770 0.6100492 2.0990691 0.0595257 0.1496997 0.3336897 2.1616020 2.2991089 0.3238740 0.3242705 2.3215889 2.4924567 0.0670094 2.9328488 0.3070623 0.1501949 2.2790097 2.6406232 1.8854169 0.3127027 
n244_245   2.8294967 2.7461278 2.2808008 0.0000000 2.3721960 3.1528861 2.5730088 5.5479293 2.2814503 2.2983674 2.4685806 2.0132703 2.5685006 3.1220860 1.9368701 1.9927636 5.3230049 5.4314992 2.4182272 2.1765548 1.8676939 2.2538499 5.4742123 8.1837442 2.3909144 1.8506006 
n255_256   9.0000000 9.0000000 8.0902534 2.3721960 0.0000000 9.0000000 2.5430301 2.3781130 9.0000000 9.0000000 9.0000000 3.1410411 9.0000000 9.0000000 3.3928757 3.7632828 7.3182391 5.1589442 9.0000000 0.3570591 3.5658368 9.0000000 3.0007013 2.6709509 9.0000000 4.5057565 
n277_278   0.5708230 0.5635975 2.1049762 3.1528861 9.0000000 0.0000000 1.8617794 1.8504142 0.5371800 2.0608033 2.1161533 2.6230494 0.5410232 0.1207671 2.7427204 2.5242661 2.0765250 2.1101745 2.0259760 4.9430514 2.2482174 1.9832881 2.0800340 2.0587978 0.5524565 2.3679459 
n200_201   2.1703995 2.1264853 0.9539770 2.5730088 2.5430301 1.8617794 0.0000000 0.9396686 2.1613338 0.9664039 1.0249637 1.0243087 2.1562661 1.8895016 0.9620778 1.0045834 2.7025966 2.7312918 0.9248900 2.1601732 0.9704666 1.0016825 2.3050767 2.1354732 2.1061000 0.9841613 
n236_237   1.9527129 1.9170835 0.6100492 5.5479293 2.3781130 1.8504142 0.9396686 0.0000000 1.8151672 0.6392201 0.6093011 0.6445452 1.9389046 1.9544524 0.6306256 0.6317038 2.7932568 2.8821531 0.6133768 2.3235701 0.6574873 0.6277923 2.2173050 1.9959984 1.8223453 0.6323814 
n274_275   0.1492531 0.1493331 2.0990691 2.2814503 9.0000000 0.5371800 2.1613338 1.8151672 0.0000000 2.0652465 1.8213016 2.2410585 0.1409939 0.5037435 1.8610456 1.8670572 2.1672854 2.3038990 2.0306798 9.0000000 2.0370848 1.8322989 1.8962448 1.9156325 0.1660678 2.0055262 
n289_290   1.8475615 1.8818048 0.0595257 2.2983674 9.0000000 2.0608033 0.9664039 0.6392201 2.0652465 0.0000000 0.1577091 0.3385984 1.9328038 2.1888771 0.3286558 0.3290588 2.1480209 2.2270677 0.0743980 3.2625968 0.3174746 0.1582324 2.2163938 2.5342462 1.7169545 0.3232049 
n296_297   1.8100409 1.8431135 0.1496997 2.4685806 9.0000000 2.1161533 1.0249637 0.6093011 1.8213016 0.1577091 0.0000000 0.3207533 1.8597972 2.2009094 0.3111335 0.3115096 2.4896311 2.6698136 0.1371943 3.1827495 0.2945800 0.0377598 2.2514997 2.6444824 1.7154048 0.3001393 
n275_276   2.2180153 2.1721120 0.3336897 2.0132703 3.1410411 2.6230494 1.0243087 0.6445452 2.2410585 0.3385984 0.3207533 0.0000000 2.3662163 2.8489520 0.1540048 0.1374514 2.5033267 2.7403797 0.3017715 3.1853855 0.1210161 0.3206643 2.1426576 2.3765007 2.1728127 0.1089172 
n292_293   0.0306971 0.0272298 2.1616020 2.5685006 9.0000000 0.5410232 2.1562661 1.9389046 0.1409939 1.9328038 1.8597972 2.3662163 0.0000000 0.4995879 1.9368252 1.9433409 2.1779894 2.2988682 1.9954183 8.6919722 2.0012450 1.8713421 1.9961769 1.8521406 0.0890033 2.0879028 
n278_279   0.5278051 0.5209554 2.2991089 3.1220860 9.0000000 0.1207671 1.8895016 1.9544524 0.5037435 2.1888771 2.2009094 2.8489520 0.4995879 0.0000000 2.6630750 2.5868198 2.3283597 2.3140827 2.0650426 9.0000000 2.2961357 2.1080191 2.1242813 1.9905602 0.4900988 2.4853090 
n298_299   1.8393016 1.8075831 0.3238740 1.9368701 3.3928757 2.7427204 0.9620778 0.6306256 1.8610456 0.3286558 0.3111335 0.1540048 1.9368252 2.6630750 0.0000000 0.0204053 2.9721357 3.4107590 0.3077311 3.0332567 0.1580265 0.3110483 2.2188747 2.7320018 1.9228558 0.1496307 
n297_298   1.8451834 1.8132794 0.3242705 1.9927636 3.7632828 2.5242661 1.0045834 0.6317038 1.8670572 0.3290588 0.3115096 0.1374514 1.9433409 2.5868198 0.0204053 0.0000000 2.7808054 3.1366170 0.3081039 3.1897607 0.1416305 0.3114241 2.1686348 2.6525887 1.9292516 0.1291408 
n286_287   2.2679318 2.2709874 2.3215889 5.3230049 7.3182391 2.0765250 2.7025966 2.7932568 2.1672854 2.1480209 2.4896311 2.5033267 2.1779894 2.3283597 2.9721357 2.7808054 0.0000000 0.0521798 2.1000175 5.5888483 2.2798992 2.2354272 0.9436870 0.8690465 2.0559821 2.5342923 
n285_286   2.4005925 2.4040979 2.4924567 5.4314992 5.1589442 2.1101745 2.7312918 2.8821531 2.3038990 2.2270677 2.6698136 2.7403797 2.2988682 2.3140827 3.4107590 3.1366170 0.0521798 0.0000000 2.2721078 4.6567740 2.4907900 2.3736929 0.9327322 0.8808299 2.1747533 2.7085017 
n287_288   1.9044129 1.9407903 0.0670094 2.4182272 9.0000000 2.0259760 0.9248900 0.6133768 2.0306798 0.0743980 0.1371943 0.3017715 1.9954183 2.0650426 0.3077311 0.3081039 2.1000175 2.2721078 0.0000000 3.6846854 0.2863434 0.1417006 2.0456721 2.3151385 1.7873848 0.2918057 
n251_252   9.0000000 9.0000000 2.9328488 2.1765548 0.3570591 4.9430514 2.1601732 2.3235701 9.0000000 3.2625968 3.1827495 3.1853855 8.6919722 9.0000000 3.0332567 3.1897607 5.5888483 4.6567740 3.6846854 0.0000000 2.4769600 3.3814429 3.6273123 3.0001719 9.0000000 2.7953131 
n294_295   1.9408767 1.9057823 0.3070623 1.8676939 3.5658368 2.2482174 0.9704666 0.6574873 2.0370848 0.3174746 0.2945800 0.1210161 2.0012450 2.2961357 0.1580265 0.1416305 2.2798992 2.4907900 0.2863434 2.4769600 0.0000000 0.2894078 2.1527881 2.4810187 2.1302508 0.0343246 
n295_296   1.8209659 1.8544105 0.1501949 2.2538499 9.0000000 1.9832881 1.0016825 0.6277923 1.8322989 0.1582324 0.0377598 0.3206643 1.8713421 2.1080191 0.3110483 0.3114241 2.2354272 2.3736929 0.1417006 3.3814429 0.2894078 0.0000000 2.1846668 2.5465545 1.7252736 0.2949206 
n266_267   2.2545596 2.2059147 2.2790097 5.4742123 3.0007013 2.0800340 2.3050767 2.2173050 1.8962448 2.2163938 2.2514997 2.1426576 1.9961769 2.1242813 2.2188747 2.1686348 0.9436870 0.9327322 2.0456721 3.6273123 2.1527881 2.1846668 0.0000000 0.1711908 1.8123979 2.3006543 
n265_266   1.9784396 1.9416733 2.6406232 8.1837442 2.6709509 2.0587978 2.1354732 1.9959984 1.9156325 2.5342462 2.6444824 2.3765007 1.8521406 1.9905602 2.7320018 2.6525887 0.8690465 0.8808299 2.3151385 3.0001719 2.4810187 2.5465545 0.1711908 0.0000000 1.7515627 2.4704243 
n280_281   0.1004916 0.0966838 1.8854169 2.3909144 9.0000000 0.5524565 2.1061000 1.8223453 0.1660678 1.7169545 1.7154048 2.1728127 0.0890033 0.4900988 1.9228558 1.9292516 2.0559821 2.1747533 1.7873848 9.0000000 2.1302508 1.7252736 1.8123979 1.7515627 0.0000000 2.1418402 
n293_294   1.9854450 1.9487930 0.3127027 1.8506006 4.5057565 2.3679459 0.9841613 0.6323814 2.0055262 0.3232049 0.3001393 0.1089172 2.0879028 2.4853090 0.1496307 0.1291408 2.5342923 2.7085017 0.2918057 2.7953131 0.0343246 0.2949206 2.3006543 2.4704243 2.1418402 0.0000000 
