25
n287_288   0.0000000 0.0033308 0.0622547 0.2883088 0.3255203 0.3147289 0.3499274 0.3446289 0.0305298 0.3502165 0.3498132 0.0100377 0.0236352 0.0270462 0.0236166 0.0033303 0.3151402 0.3969869 0.0167940 0.3151270 0.3636795 0.3555574 0.1183500 0.2938624 0.3705171 
n290_291   0.0033308 0.0000000 0.0658653 0.2931791 0.3306628 0.3197928 0.3552146 0.3498796 0.0339979 0.3555090 0.3550987 0.0134129 0.0270716 0.0304947 0.0270502 0.0066751 0.3202119 0.4025937 0.0201972 0.3201981 0.3691018 0.3608881 0.1222362 0.2987772 0.3759439 
n236_237   0.0622547 0.0658653 0.0000000 0.3234744 0.3635911 0.3361361 0.3882331 0.3826591 0.0806144 0.3885630 0.3770591 0.0659090 0.0732442 0.0768391 0.0731862 0.0622877 0.3526458 0.4148805 0.0731472 0.3365659 0.3865998 0.3941936 0.1542482 0.3293630 0.3818619 
n278_279   0.2883088 0.2931791 0.3234744 0.0000000 0.2819827 0.2803052 0.0813170 0.0775874 0.2939056 0.0813747 0.0812921 0.2934000 0.2889904 0.2935555 0.2842286 0.2931300 0.2770493 0.4277269 0.3030692 0.2855921 0.3697787 0.0851182 0.2991926 0.0203430 0.4236246 
n285_286   0.3255203 0.3306628 0.3635911 0.2819827 0.0000000 0.1437763 0.3216436 0.3216987 0.3207420 0.3271423 0.3267667 0.3309176 0.3258571 0.3306361 0.3155507 0.3306061 0.0169155 0.4287070 0.3308091 0.1480588 0.4054493 0.3323537 0.3367815 0.2870910 0.4196418 
n265_266   0.3147289 0.3197928 0.3361361 0.2803052 0.1437763 0.0000000 0.3256165 0.3204644 0.3048040 0.3258827 0.3255098 0.3200378 0.3098047 0.3197656 0.3147563 0.3197375 0.1436991 0.4143978 0.3300848 0.0100778 0.3641499 0.3310703 0.3414137 0.2853777 0.4116989 
n280_281   0.3499274 0.3552146 0.3882331 0.0813170 0.3216436 0.3256165 0.0000000 0.0033540 0.3561354 0.0067281 0.0067216 0.3554896 0.3507914 0.3556909 0.3456391 0.3551532 0.3267058 0.4762495 0.3659706 0.3312821 0.3926643 0.0101145 0.3510578 0.0702839 0.4720300 
n299_300   0.3446289 0.3498796 0.3826591 0.0775874 0.3216987 0.3204644 0.0033540 0.0000000 0.3507832 0.0033563 0.0033530 0.3501499 0.3454768 0.3503470 0.3403587 0.3498193 0.3267619 0.4700097 0.3605597 0.3260863 0.3870123 0.0067274 0.3511185 0.0666048 0.4658055 
n293_294   0.0305298 0.0339979 0.0806144 0.2939056 0.3207420 0.3048040 0.3561354 0.3507832 0.0000000 0.3564320 0.3560192 0.0340202 0.0066826 0.0168249 0.0134324 0.0339927 0.3104180 0.3974664 0.0409862 0.3051881 0.3586782 0.3618289 0.1303615 0.2995219 0.3709578 
n274_275   0.3502165 0.3555090 0.3885630 0.0813747 0.3271423 0.3258827 0.0067281 0.0033563 0.3564320 0.0000000 0.0067261 0.3557852 0.3510825 0.3559864 0.3459255 0.3554473 0.3322447 0.4766770 0.3662760 0.3315542 0.3930010 0.0101213 0.3567721 0.0703335 0.4724546 
n292_293   0.3498132 0.3550987 0.3770591 0.0812921 0.3267667 0.3255098 0.0067216 0.0033530 0.3560192 0.0067261 0.0000000 0.3553732 0.3506769 0.3555745 0.3455264 0.3550373 0.3318624 0.4760981 0.3658512 0.3311735 0.3925354 0.0101116 0.3563579 0.0702625 0.4718796 
n296_297   0.0100377 0.0134129 0.0659090 0.2934000 0.3309176 0.3200378 0.3554896 0.3501499 0.0340202 0.3557852 0.3553732 0.0000000 0.0270893 0.0305146 0.0270679 0.0134109 0.3204574 0.4029109 0.0066807 0.3204436 0.3693918 0.3611692 0.1145522 0.2990037 0.3762376 
n294_295   0.0236352 0.0270716 0.0732442 0.2889904 0.3258571 0.3098047 0.3507914 0.3454768 0.0066826 0.3510825 0.3506769 0.0270893 0.0000000 0.0100487 0.0066856 0.0270676 0.3154631 0.3974223 0.0339949 0.3101959 0.3640702 0.3564401 0.1224834 0.2945610 0.3709144 
n275_276   0.0270462 0.0304947 0.0768391 0.2935555 0.3306361 0.3197656 0.3556909 0.3503470 0.0168249 0.3559864 0.3555745 0.0305146 0.0100487 0.0000000 0.0100409 0.0304901 0.3201855 0.3974890 0.0374429 0.3201718 0.3582339 0.3613747 0.1262739 0.2991634 0.3709754 
n297_298   0.0236166 0.0270502 0.0731862 0.2842286 0.3155507 0.3147563 0.3456391 0.3403587 0.0134324 0.3459255 0.3455264 0.0270679 0.0066856 0.0100409 0.0000000 0.0270462 0.3052998 0.3970289 0.0339679 0.3151544 0.3637155 0.3512473 0.1223825 0.2897575 0.3705541 
n289_290   0.0033303 0.0066751 0.0622877 0.2931300 0.3306061 0.3197375 0.3551532 0.3498193 0.0339927 0.3554473 0.3550373 0.0134109 0.0270676 0.0304901 0.0270462 0.0000000 0.3201573 0.4025227 0.0201942 0.3201435 0.3690371 0.3608254 0.1222173 0.2987268 0.3758783 
n286_287   0.3151402 0.3202119 0.3526458 0.2770493 0.0169155 0.1436991 0.3267058 0.3267619 0.3104180 0.3322447 0.3318624 0.3204574 0.3154631 0.3201855 0.3052998 0.3201573 0.0000000 0.4281641 0.3203524 0.1479792 0.3938252 0.3374917 0.3262257 0.2821208 0.4191098 
n255_256   0.3969869 0.4025937 0.4148805 0.4277269 0.4287070 0.4143978 0.4762495 0.4700097 0.3974664 0.4766770 0.4760981 0.4029109 0.3974223 0.3974890 0.3970289 0.4025227 0.4281641 0.0000000 0.4140150 0.4147781 0.2998131 0.4830216 0.4309073 0.4284372 0.0586909 
n295_296   0.0167940 0.0201972 0.0731472 0.3030692 0.3308091 0.3300848 0.3659706 0.3605597 0.0409862 0.3662760 0.3658512 0.0066807 0.0339949 0.0374429 0.0339679 0.0201942 0.3203524 0.4140150 0.0000000 0.3305050 0.3801384 0.3717348 0.1222439 0.3087598 0.3869907 
n266_267   0.3151270 0.3201981 0.3365659 0.2855921 0.1480588 0.0100778 0.3312821 0.3260863 0.3051881 0.3315542 0.3311735 0.3204436 0.3101959 0.3201718 0.3151544 0.3201435 0.1479792 0.4147781 0.3305050 0.0000000 0.3644834 0.3367871 0.3418512 0.2907089 0.4120788 
n244_245   0.3636795 0.3691018 0.3865998 0.3697787 0.4054493 0.3641499 0.3926643 0.3870123 0.3586782 0.3930010 0.3925354 0.3693918 0.3640702 0.3582339 0.3637155 0.3690371 0.3938252 0.2998131 0.3801384 0.3644834 0.0000000 0.3987123 0.3963304 0.3703734 0.2909123 
n300_301   0.3555574 0.3608881 0.3941936 0.0851182 0.3323537 0.3310703 0.0101145 0.0067274 0.3618289 0.0101213 0.0101116 0.3611692 0.3564401 0.3613747 0.3512473 0.3608254 0.3374917 0.4830216 0.3717348 0.3367871 0.3987123 0.0000000 0.3621736 0.0740268 0.4663139 
n200_201   0.1183500 0.1222362 0.1542482 0.2991926 0.3367815 0.3414137 0.3510578 0.3511185 0.1303615 0.3567721 0.3563579 0.1145522 0.1224834 0.1262739 0.1223825 0.1222173 0.3262257 0.4309073 0.1222439 0.3418512 0.3963304 0.3621736 0.0000000 0.3048624 0.4091357 
n277_278   0.2938624 0.2987772 0.3293630 0.0203430 0.2870910 0.2853777 0.0702839 0.0666048 0.2995219 0.0703335 0.0702625 0.2990037 0.2945610 0.2991634 0.2897575 0.2987268 0.2821208 0.4284372 0.3087598 0.2907089 0.3703734 0.0740268 0.3048624 0.0000000 0.4243298 
n251_252   0.3705171 0.3759439 0.3818619 0.4236246 0.4196418 0.4116989 0.4720300 0.4658055 0.3709578 0.4724546 0.4718796 0.3762376 0.3709144 0.3709754 0.3705541 0.3758783 0.4191098 0.0586909 0.3869907 0.4120788 0.2909123 0.4663139 0.4091357 0.4243298 0.0000000 
