25
n287_288   0.0000000 0.0067221 0.0965385 0.2496673 0.2605775 0.2560763 0.2640845 0.2592607 0.0413037 0.2684714 0.0237537 0.0484389 0.0377600 0.0413239 0.0067239 0.2602193 0.3451881 0.0237829 0.2421002 0.3670053 0.0448657 0.2640480 0.1198142 0.2640614 0.3288410 
n290_291   0.0067221 0.0000000 0.0966654 0.2451189 0.2559481 0.2514662 0.2594531 0.2546569 0.0413566 0.2638209 0.0237829 0.0485001 0.0378080 0.0413758 0.0067321 0.2555967 0.3348320 0.0238121 0.2375644 0.3617573 0.0449223 0.2594175 0.1160759 0.2594318 0.3187046 
n236_237   0.0965385 0.0966654 0.0000000 0.2262351 0.2361322 0.2507876 0.2306576 0.2260566 0.0886498 0.2348846 0.1000917 0.0923359 0.0848614 0.0886920 0.0966921 0.2358114 0.3393085 0.1002234 0.2369256 0.3399498 0.0924531 0.2306268 0.1079182 0.2401647 0.3026372 
n278_279   0.2496673 0.2451189 0.2262351 0.0000000 0.2406400 0.2601886 0.0628455 0.0555968 0.2490379 0.0591186 0.2634038 0.2534589 0.2442470 0.2491700 0.2452317 0.2403127 0.3724522 0.2638009 0.2556604 0.3727086 0.2487321 0.0592144 0.2306958 0.0169158 0.3503922 
n285_286   0.2605775 0.2559481 0.2361322 0.2406400 0.0000000 0.1527489 0.2316253 0.2270016 0.2547829 0.2358720 0.2593820 0.2592469 0.2499364 0.2549190 0.2610434 0.0067137 0.3511328 0.2649912 0.1531158 0.3690434 0.2544678 0.2315942 0.2314612 0.2502879 0.3188096 
n265_266   0.2560763 0.2514662 0.2507876 0.2601886 0.1527489 0.0000000 0.2413460 0.2366524 0.2504773 0.2456439 0.2456921 0.2549276 0.2504325 0.2554288 0.2565333 0.1525481 0.3583272 0.2511746 0.0343008 0.3751126 0.2549756 0.2413132 0.2227980 0.2697805 0.3359941 
n280_281   0.2640845 0.2594531 0.2306576 0.0628455 0.2316253 0.2413460 0.0000000 0.0067101 0.2536377 0.0203080 0.2680926 0.2531705 0.2488160 0.2486726 0.2645560 0.2313110 0.3502461 0.2684982 0.2369126 0.3617224 0.2482364 0.0100882 0.2306755 0.0738996 0.3392538 
n299_300   0.2592607 0.2546569 0.2260566 0.0555968 0.2270016 0.2366524 0.0067101 0.0000000 0.2488953 0.0134773 0.2632538 0.2484384 0.2441070 0.2439663 0.2597220 0.2266941 0.3448190 0.2636505 0.2322437 0.3562044 0.2435398 0.0033476 0.2260743 0.0665394 0.3339094 
n293_294   0.0413037 0.0413566 0.0886498 0.2490379 0.2547829 0.2504773 0.2536377 0.2488953 0.0000000 0.2529607 0.0447336 0.0066953 0.0168764 0.0203142 0.0413681 0.2544345 0.3333183 0.0447895 0.2366382 0.3547320 0.0237506 0.2486275 0.1116056 0.2633909 0.3172785 
n274_275   0.2684714 0.2638209 0.2348846 0.0591186 0.2358720 0.2456439 0.0203080 0.0134773 0.2529607 0.0000000 0.2724880 0.2573907 0.2531181 0.2529722 0.2689516 0.2355517 0.3441265 0.2729013 0.2411938 0.3666100 0.2525277 0.0168854 0.2303584 0.0738045 0.3332409 
n296_297   0.0237537 0.0237829 0.1000917 0.2634038 0.2593820 0.2456921 0.2680926 0.2632538 0.0447336 0.2724880 0.0000000 0.0518838 0.0411813 0.0447543 0.0237894 0.2590270 0.3439870 0.0134577 0.2319394 0.3713561 0.0483029 0.2680556 0.1234212 0.2780480 0.3277085 
n294_295   0.0484389 0.0485001 0.0923359 0.2534589 0.2592469 0.2549276 0.2531705 0.2484384 0.0066953 0.2573907 0.0518838 0.0000000 0.0237462 0.0272229 0.0485136 0.2588922 0.3440612 0.0519490 0.2410237 0.3657941 0.0306918 0.2481715 0.1153856 0.2678841 0.3277772 
n275_276   0.0377600 0.0378080 0.0848614 0.2442470 0.2499364 0.2504325 0.2488160 0.2441070 0.0168764 0.2531181 0.0411813 0.0237462 0.0000000 0.0168841 0.0378185 0.2495954 0.3172134 0.0412326 0.2365972 0.3388492 0.0203040 0.2487823 0.1076909 0.2584991 0.3015473 
n297_298   0.0413239 0.0413758 0.0886920 0.2491700 0.2549190 0.2554288 0.2486726 0.2439663 0.0203142 0.2529722 0.0447543 0.0272229 0.0168841 0.0000000 0.0413873 0.2545703 0.3335070 0.0448102 0.2414918 0.3549364 0.0033408 0.2486389 0.1116595 0.2635321 0.3174557 
n289_290   0.0067239 0.0067321 0.0966921 0.2452317 0.2610434 0.2565333 0.2645560 0.2597220 0.0413681 0.2689516 0.0237894 0.0485136 0.0378185 0.0413873 0.0000000 0.2606840 0.3458405 0.0238186 0.2425285 0.3677096 0.0449347 0.2645194 0.1200078 0.2595526 0.3294548 
n286_287   0.2602193 0.2555967 0.2358114 0.2403127 0.0067137 0.1525481 0.2313110 0.2266941 0.2544345 0.2355517 0.2590270 0.2588922 0.2495954 0.2545703 0.2606840 0.0000000 0.3506351 0.2646267 0.1529141 0.3685157 0.2541202 0.2312800 0.2311474 0.2499460 0.3183632 
n255_256   0.3451881 0.3348320 0.3393085 0.3724522 0.3511328 0.3583272 0.3502461 0.3448190 0.3333183 0.3441265 0.3439870 0.3440612 0.3172134 0.3335070 0.3458405 0.3506351 0.0000000 0.3500278 0.3532427 0.3058123 0.3328856 0.3501929 0.3077660 0.3778075 0.0619713 
n295_296   0.0237829 0.0238121 0.1002234 0.2638009 0.2649912 0.2511746 0.2684982 0.2636505 0.0447895 0.2729013 0.0134577 0.0519490 0.0412326 0.0448102 0.0238186 0.2646267 0.3500278 0.0000000 0.2372886 0.3719682 0.0483634 0.2684611 0.1235866 0.2784723 0.3335864 
n266_267   0.2421002 0.2375644 0.2369256 0.2556604 0.1531158 0.0343008 0.2369126 0.2322437 0.2366382 0.2411938 0.2319394 0.2410237 0.2365972 0.2414918 0.2425285 0.1529141 0.3532427 0.2372886 0.0000000 0.3868837 0.2410671 0.2368806 0.2184675 0.2652028 0.3310481 
n244_245   0.3670053 0.3617573 0.3399498 0.3727086 0.3690434 0.3751126 0.3617224 0.3562044 0.3547320 0.3666100 0.3713561 0.3657941 0.3388492 0.3549364 0.3677096 0.3685157 0.3058123 0.3719682 0.3868837 0.0000000 0.3542650 0.3616667 0.3332701 0.3678677 0.2859284 
n298_299   0.0448657 0.0449223 0.0924531 0.2487321 0.2544678 0.2549756 0.2482364 0.2435398 0.0237506 0.2525277 0.0483029 0.0306918 0.0203040 0.0033408 0.0449347 0.2541202 0.3328856 0.0483634 0.2410671 0.3542650 0.0000000 0.2482028 0.1155353 0.2630644 0.3168713 
n300_301   0.2640480 0.2594175 0.2306268 0.0592144 0.2315942 0.2413132 0.0100882 0.0033476 0.2486275 0.0168854 0.2680556 0.2481715 0.2487823 0.2486389 0.2645194 0.2312800 0.3501929 0.2684611 0.2368806 0.3616667 0.2482028 0.0000000 0.2306446 0.0702128 0.3392029 
n200_201   0.1198142 0.1160759 0.1079182 0.2306958 0.2314612 0.2227980 0.2306755 0.2260743 0.1116056 0.2303584 0.1234212 0.1153856 0.1076909 0.1116595 0.1200078 0.2311474 0.3077660 0.1235866 0.2184675 0.3332701 0.1155353 0.2306446 0.0000000 0.2447033 0.2922084 
n277_278   0.2640614 0.2594318 0.2401647 0.0169158 0.2502879 0.2697805 0.0738996 0.0665394 0.2633909 0.0738045 0.2780480 0.2678841 0.2584991 0.2635321 0.2595526 0.2499460 0.3778075 0.2784723 0.2652028 0.3678677 0.2630644 0.0702128 0.2447033 0.0000000 0.3556055 
n251_252   0.3288410 0.3187046 0.3026372 0.3503922 0.3188096 0.3359941 0.3392538 0.3339094 0.3172785 0.3332409 0.3277085 0.3277772 0.3015473 0.3174557 0.3294548 0.3183632 0.0619713 0.3335864 0.3310481 0.2859284 0.3168713 0.3392029 0.2922084 0.3556055 0.0000000 
