21
n286_281   0.0000000 2.8106050 3.1742018 2.5559491 1.9778239 8.4420253 2.0416150 0.0899915 2.8156064 2.5910041 3.4051178 2.6468637 2.6681946 2.8333710 1.0122012 2.7525174 2.8994122 2.5588181 2.2131631 4.2700494 0.9495647 
n290_285   2.8106050 0.0000000 3.3282298 0.2986192 2.7306825 3.1670150 1.0961400 3.1173501 0.2729257 0.1468702 0.6619250 0.3361000 0.0379848 0.3268079 3.0554696 0.2776581 0.0379336 0.1683274 2.3943466 3.0479502 2.8989315 
n244_245   3.1742018 3.3282298 0.0000000 2.7433245 2.2248690 2.2263673 3.7805061 3.0980601 2.2108362 2.9299796 3.0302465 2.4552027 3.4272533 2.8253097 3.6762682 2.2974052 3.0461590 3.0568259 2.4988021 2.3283098 4.6033235 
n298_291   2.5559491 0.2986192 2.7433245 0.0000000 2.5575963 5.7637343 1.0215936 2.8761608 0.1174277 0.3321038 0.6953275 0.1374950 0.3159538 0.0450440 3.2356288 0.1015625 0.3201191 0.3327269 2.2093431 6.2722413 3.3578694 
n277_276   1.9778239 2.7306825 2.2248690 2.5575963 0.0000000 3.9906254 2.2934447 2.0668098 3.1787104 2.5805298 2.3193110 3.6338590 2.5267789 2.5895170 2.1359265 3.5386813 2.6165911 2.3246063 0.1009327 4.8072079 2.4069444 
n255_256   8.4420253 3.1670150 2.2263673 5.7637343 3.9906254 0.0000000 4.5303916 9.0000000 8.1435991 3.8398888 2.3900142 7.3210819 3.7139591 5.3539277 4.8327677 6.6453906 3.5921443 4.0781374 4.7252096 0.3125058 3.9023036 
n200_201   2.0416150 1.0961400 3.7805061 1.0215936 2.2934447 4.5303916 0.0000000 2.2384606 0.9996417 0.9733199 1.0218040 1.0417384 1.0993463 1.1060025 2.1562963 1.0097071 1.0971029 0.9677221 2.5736090 4.7961830 2.0542563 
n285_280   0.0899915 3.1173501 3.0980601 2.8761608 2.0668098 9.0000000 2.2384606 0.0000000 3.1196632 2.8253058 4.0602727 2.7299380 2.9279322 3.1096880 1.1189989 2.9549040 3.2281131 2.7929529 2.3917008 6.2435641 1.0016499 
n294_287   2.8156064 0.2729257 2.2108362 0.1174277 3.1787104 8.1435991 0.9996417 3.1196632 0.0000000 0.3327433 0.6840991 0.1094242 0.3056491 0.1425809 3.0318408 0.0450629 0.2945106 0.3273829 2.5655536 5.0723043 2.8116391 
n295_288   2.5910041 0.1468702 2.9299796 0.3321038 2.5805298 3.8398888 0.9733199 2.8253058 0.3327433 0.0000000 0.6521238 0.3892910 0.1689116 0.3625352 3.5524072 0.3325354 0.1686346 0.0308407 2.2466370 3.8405024 3.1351926 
n236_237   3.4051178 0.6619250 3.0302465 0.6953275 2.3193110 2.3900142 1.0218040 4.0602727 0.6840991 0.6521238 0.0000000 0.6997231 0.7207237 0.7472323 3.8286564 0.6969833 0.6978370 0.6541086 2.3436279 2.2536608 3.3051092 
n275_274   2.6468637 0.3361000 2.4552027 0.1374950 3.6338590 7.3210819 1.0417384 2.7299380 0.1094242 0.3892910 0.6997231 0.0000000 0.3839686 0.1507139 2.7080341 0.0892362 0.3714811 0.3955907 3.0867476 9.0000000 2.5727075 
n287_282   2.6681946 0.0379848 3.4272533 0.3159538 2.5267789 3.7139591 1.0993463 2.9279322 0.3056491 0.1689116 0.7207237 0.3839686 0.0000000 0.3449938 3.1773769 0.3105998 0.0560929 0.1867726 2.2402048 3.9081759 3.1488126 
n297_290   2.8333710 0.3268079 2.8253097 0.0450440 2.5895170 5.3539277 1.1060025 3.1096880 0.1425809 0.3625352 0.7472323 0.1507139 0.3449938 0.0000000 3.2327275 0.1340066 0.3492621 0.3632269 2.2741220 4.8433285 3.3165538 
n266_267   1.0122012 3.0554696 3.6762682 3.2356288 2.1359265 4.8327677 2.1562963 1.1189989 3.0318408 3.5524072 3.8286564 2.7080341 3.1773769 3.2327275 0.0000000 2.9984889 3.1073281 3.5559542 2.0060777 4.0165390 0.1690182 
n293_286   2.7525174 0.2776581 2.2974052 0.1015625 3.5386813 6.6453906 1.0097071 2.9549040 0.0450629 0.3325354 0.6969833 0.0892362 0.3105998 0.1340066 2.9984889 0.0000000 0.2993856 0.3209802 2.7651245 7.8552548 3.0583704 
n289_284   2.8994122 0.0379336 3.0461590 0.3201191 2.6165911 3.5921443 1.0971029 3.2281131 0.2945106 0.1686346 0.6978370 0.3714811 0.0560929 0.3492621 3.1073281 0.2993856 0.0000000 0.1864652 2.3578550 3.6969208 3.1168327 
n296_289   2.5588181 0.1683274 3.0568259 0.3327269 2.3246063 4.0781374 0.9677221 2.7929529 0.3273829 0.0308407 0.6541086 0.3955907 0.1867726 0.3632269 3.5559542 0.3209802 0.1864652 0.0000000 2.0520278 3.9412975 3.0972665 
n278_277   2.2131631 2.3943466 2.4988021 2.2093431 0.1009327 4.7252096 2.5736090 2.3917008 2.5655536 2.2466370 2.3436279 3.0867476 2.2402048 2.2741220 2.0060777 2.7651245 2.3578550 2.0520278 0.0000000 4.7276736 2.5374266 
n251_252   4.2700494 3.0479502 2.3283098 6.2722413 4.8072079 0.3125058 4.7961830 6.2435641 5.0723043 3.8405024 2.2536608 9.0000000 3.9081759 4.8433285 4.0165390 7.8552548 3.6969208 3.9412975 4.7276736 0.0000000 3.2312087 
n265_266   0.9495647 2.8989315 4.6033235 3.3578694 2.4069444 3.9023036 2.0542563 1.0016499 2.8116391 3.1351926 3.3051092 2.5727075 3.1488126 3.3165538 0.1690182 3.0583704 3.1168327 3.0972665 2.5374266 3.2312087 0.0000000 
