21
n286_281   0.0000000 2.2778503 2.1793733 2.0377970 1.4386989 2.4280410 2.8312256 0.0662602 1.9534215 2.3115218 2.6130103 2.3572082 2.6283181 2.0556219 1.0423121 2.0171233 2.1653444 2.1942811 1.5490762 2.4416079 1.0479041 
n290_285   2.2778503 0.0000000 2.6562936 0.2919635 2.1050393 3.6809864 1.0364213 2.2969842 0.2607730 0.0976215 0.7346903 0.2567592 0.0524005 0.2562069 2.1659393 0.2717463 0.0379601 0.1130483 2.0481173 7.5956630 2.3650393 
n244_245   2.1793733 2.6562936 0.0000000 2.4690355 3.2496921 1.9674921 2.1765932 2.2548291 2.3821866 3.1064279 3.5125847 2.6452080 2.6090558 2.6029976 2.6196601 2.5356871 3.0088269 3.2105017 3.1865782 2.0650491 2.4488934 
n298_291   2.0377970 0.2919635 2.4690355 0.0000000 2.0940453 2.5205494 1.0450430 1.9021312 0.1535716 0.3187534 0.8350250 0.1538540 0.3258523 0.0341738 2.6017257 0.1667520 0.3076319 0.3338469 1.8957188 3.3584249 2.3741728 
n277_276   1.4386989 2.1050393 3.2496921 2.0940453 0.0000000 1.9882695 2.5109228 1.2722398 2.3635472 1.8916416 3.0556674 2.1241657 2.0929975 1.9347703 1.9154655 2.3425761 2.1069533 1.8970149 0.1001583 2.0470859 1.7183064 
n255_256   2.4280410 3.6809864 1.9674921 2.5205494 1.9882695 0.0000000 2.3131268 2.3803702 2.6188291 7.4651801 3.7438516 2.5199988 3.7213068 2.3942951 3.1220992 2.7159820 4.2307303 5.6175136 1.9581951 0.2756185 3.5832603 
n200_201   2.8312256 1.0364213 2.1765932 1.0450430 2.5109228 2.3131268 0.0000000 2.4384643 1.0203877 1.1248627 1.1728881 1.0435052 1.0330128 1.0115724 1.8892304 1.1148691 1.0635779 1.1473359 2.4533119 2.4000167 2.3206381 
n285_280   0.0662602 2.2969842 2.2548291 1.9021312 1.2722398 2.3803702 2.4384643 0.0000000 1.9169890 2.4914219 2.6364780 2.1587930 2.4263064 1.9184577 0.9546650 1.9782149 2.1829541 2.3573728 1.3838848 2.4252121 0.9584502 
n294_287   1.9534215 0.2607730 2.3821866 0.1535716 2.3635472 2.6188291 1.0203877 1.9169890 0.0000000 0.2975343 0.8531234 0.1089666 0.2978078 0.1367737 2.3698491 0.0559033 0.2860347 0.3122352 2.1488847 2.9142348 2.4589770 
n295_288   2.3115218 0.0976215 3.1064279 0.3187534 1.8916416 7.4651801 1.1248627 2.4914219 0.2975343 0.0000000 0.7868075 0.2879514 0.1174520 0.2823037 2.2575824 0.3036644 0.1256491 0.0343258 1.8548178 9.0000000 2.5562012 
n236_237   2.6130103 0.7346903 3.5125847 0.8350250 3.0556674 3.7438516 1.1728881 2.6364780 0.8531234 0.7868075 0.0000000 0.8657535 0.7439198 0.8478656 2.3794827 0.9134688 0.7991654 0.8400428 3.8511329 4.9130491 2.2339314 
n275_274   2.3572082 0.2567592 2.6452080 0.1538540 2.1241657 2.5199988 1.0435052 2.1587930 0.1089666 0.2879514 0.8657535 0.0000000 0.3043534 0.1370186 2.2263416 0.1295538 0.2976205 0.3025200 2.0001093 3.0387453 2.2383771 
n287_282   2.6283181 0.0524005 2.6090558 0.3258523 2.0929975 3.7213068 1.0330128 2.4263064 0.2978078 0.1174520 0.7439198 0.3043534 0.0000000 0.2930376 2.2108945 0.3095479 0.0784673 0.1376501 2.1111299 8.9999982 2.5060892 
n297_290   2.0556219 0.2562069 2.6029976 0.0341738 1.9347703 2.3942951 1.0115724 1.9184577 0.1367737 0.2823037 0.8478656 0.1370186 0.2930376 0.0000000 2.5842069 0.1413873 0.2813407 0.2967528 1.7629491 3.1731519 2.5048625 
n266_267   1.0423121 2.1659393 2.6196601 2.6017257 1.9154655 3.1220992 1.8892304 0.9546650 2.3698491 2.2575824 2.3794827 2.2263416 2.2108945 2.5842069 0.0000000 2.5722978 2.2290474 2.1954381 1.8092566 2.8398482 0.1535673 
n293_286   2.0171233 0.2717463 2.5356871 0.1667520 2.3425761 2.7159820 1.1148691 1.9782149 0.0559033 0.3036644 0.9134688 0.1295538 0.3095479 0.1413873 2.5722978 0.0000000 0.2974998 0.3239425 2.1335061 3.7340475 2.5393833 
n289_284   2.1653444 0.0379601 3.0088269 0.3076319 2.1069533 4.2307303 1.0635779 2.1829541 0.2860347 0.1256491 0.7991654 0.2976205 0.0784673 0.2813407 2.2290474 0.2974998 0.0000000 0.1416844 2.0055714 7.5407979 2.2716692 
n296_289   2.1942811 0.1130483 3.2105017 0.3338469 1.8970149 5.6175136 1.1473359 2.3573728 0.3122352 0.0343258 0.8400428 0.3025200 0.1376501 0.2967528 2.1954381 0.3239425 0.1416844 0.0000000 1.8861363 9.0000000 2.4200552 
n278_277   1.5490762 2.0481173 3.1865782 1.8957188 0.1001583 1.9581951 2.4533119 1.3838848 2.1488847 1.8548178 3.8511329 2.0001093 2.1111299 1.7629491 1.8092566 2.1335061 2.0055714 1.8861363 0.0000000 2.1361337 1.6905252 
n251_252   2.4416079 7.5956630 2.0650491 3.3584249 2.0470859 0.2756185 2.4000167 2.4252121 2.9142348 9.0000000 4.9130491 3.0387453 8.9999982 3.1731519 2.8398482 3.7340475 7.5407979 9.0000000 2.1361337 0.0000000 2.4611739 
n265_266   1.0479041 2.3650393 2.4488934 2.3741728 1.7183064 3.5832603 2.3206381 0.9584502 2.4589770 2.5562012 2.2339314 2.2383771 2.5060892 2.5048625 0.1535673 2.5393833 2.2716692 2.4200552 1.6905252 2.4611739 0.0000000 
