24
n251_256   0.0000000 0.4364635 0.3896126 0.3724795 0.4171446 0.3894821 0.4166206 0.3721809 0.3660933 0.4167698 0.4297839 0.3723469 0.3721354 0.3830161 0.3841363 0.3779357 0.3723322 0.4301771 0.4234692 0.3199360 0.4310530 0.4474121 0.0479677 0.4249743 
n299_304   0.4364635 0.0000000 0.3319351 0.3261852 0.2660552 0.3264354 0.2705183 0.3206107 0.3098277 0.2753318 0.0236302 0.3103633 0.3051878 0.3054090 0.3212348 0.3156339 0.3104752 0.0066808 0.3515907 0.4204845 0.0589490 0.0270839 0.4195007 0.0553299 
n298_303   0.3896126 0.3319351 0.0000000 0.0134951 0.2857149 0.0067197 0.2709838 0.0134837 0.0447113 0.2805601 0.3365025 0.0447776 0.0412210 0.0699043 0.0886092 0.0412248 0.0376929 0.3311676 0.1513858 0.3751427 0.3113276 0.3526595 0.3741825 0.3061543 
n275_280   0.3724795 0.3261852 0.0134951 0.0000000 0.2757857 0.0134911 0.2612586 0.0067074 0.0376325 0.2707091 0.3307205 0.0376881 0.0341697 0.0625722 0.0810688 0.0341728 0.0306776 0.3254344 0.1471924 0.3583761 0.3010261 0.3467292 0.3573711 0.2959276 
n286_291   0.4171446 0.2660552 0.2857149 0.2757857 0.0000000 0.2856186 0.1035188 0.2706259 0.2749511 0.1035007 0.2704852 0.2754173 0.2704926 0.2609221 0.2661572 0.2804261 0.2755147 0.2657842 0.3052389 0.4146718 0.2478549 0.2851961 0.3956198 0.2431169 
n297_302   0.3894821 0.3264354 0.0067197 0.0134911 0.2856186 0.0000000 0.2708927 0.0134797 0.0446976 0.2804656 0.3258972 0.0447640 0.0412085 0.0698826 0.0885815 0.0412123 0.0376815 0.3256835 0.1431679 0.3750162 0.3112223 0.3469971 0.3740565 0.3060508 
n265_270   0.4166206 0.2705183 0.2709838 0.2612586 0.1035188 0.2708927 0.0000000 0.2561550 0.2653137 0.0202749 0.2749657 0.2657609 0.2609033 0.2514560 0.2566115 0.2706998 0.2658545 0.2702418 0.2951983 0.4030304 0.2567340 0.2897542 0.3948784 0.2519450 
n293_298   0.3721809 0.3206107 0.0134837 0.0067074 0.2706259 0.0134797 0.2561550 0.0000000 0.0340936 0.2655316 0.3251159 0.0341440 0.0306472 0.0588880 0.0772666 0.0306500 0.0271757 0.3198758 0.1429668 0.3580013 0.2956554 0.3409848 0.3570863 0.2905993 
n289_294   0.3660933 0.3098277 0.0447113 0.0376325 0.2749511 0.0446976 0.2653137 0.0340936 0.0000000 0.2747946 0.3142777 0.0168509 0.0100640 0.0660889 0.0846484 0.0237060 0.0202686 0.3091230 0.1509860 0.3628902 0.2951596 0.3298865 0.3511271 0.2901135 
n266_271   0.4167698 0.2753318 0.2805601 0.2707091 0.1035007 0.2804656 0.0202749 0.2655316 0.2747946 0.0000000 0.2798031 0.2752599 0.2703381 0.2607747 0.2613361 0.2802650 0.2753573 0.2750496 0.3050784 0.4030167 0.2661343 0.2946910 0.4061156 0.2612843 
n274_279   0.4297839 0.0236302 0.3365025 0.3307205 0.2704852 0.3258972 0.2749657 0.3251159 0.3142777 0.2798031 0.0000000 0.3148214 0.3096204 0.3148124 0.3308242 0.3201180 0.3149350 0.0236093 0.3562347 0.4199114 0.0661404 0.0374276 0.4129824 0.0624871 
n290_295   0.3723469 0.3103633 0.0447776 0.0376881 0.2754173 0.0447640 0.2657609 0.0341440 0.0168509 0.2752599 0.3148214 0.0000000 0.0134649 0.0661885 0.0847770 0.0271873 0.0237291 0.3096562 0.1512241 0.3526486 0.2956661 0.3251019 0.3572444 0.2906099 
n287_292   0.3721354 0.3051878 0.0412210 0.0341697 0.2704926 0.0412085 0.2609033 0.0306472 0.0100640 0.2703381 0.3096204 0.0134649 0.0000000 0.0625312 0.0810150 0.0202953 0.0168706 0.3044942 0.1470892 0.3579579 0.2905910 0.3251453 0.3570432 0.2855715 
n236_239   0.3830161 0.3054090 0.0699043 0.0625722 0.2609221 0.0698826 0.2514560 0.0588880 0.0660889 0.2607747 0.3148124 0.0661885 0.0625312 0.0000000 0.0446621 0.0625372 0.0589091 0.3047149 0.1348328 0.3580561 0.2809313 0.3304556 0.3677299 0.2759757 
n236_241   0.3841363 0.3212348 0.0886092 0.0810688 0.2661572 0.0885815 0.2566115 0.0772666 0.0846484 0.2613361 0.3308242 0.0847770 0.0810150 0.0446621 0.0000000 0.0810231 0.0772944 0.3204972 0.1471444 0.3915095 0.2962232 0.3468388 0.3690429 0.2911558 
n295_300   0.3779357 0.3156339 0.0412248 0.0341728 0.2804261 0.0412123 0.2706998 0.0306500 0.0237060 0.2802650 0.3201180 0.0271873 0.0202953 0.0625372 0.0810231 0.0000000 0.0033455 0.3149123 0.1471054 0.3531043 0.3008318 0.3358823 0.3571323 0.2957373 
n296_301   0.3723322 0.3104752 0.0376929 0.0306776 0.2755147 0.0376815 0.2658545 0.0271757 0.0202686 0.2753573 0.3149350 0.0237291 0.0168706 0.0589091 0.0772944 0.0033455 0.0000000 0.3097676 0.1430195 0.3476652 0.2957720 0.3305832 0.3572310 0.2907137 
n292_297   0.4301771 0.0066808 0.3311676 0.3254344 0.2657842 0.3256835 0.2702418 0.3198758 0.3091230 0.2750496 0.0236093 0.3096562 0.3044942 0.3047149 0.3204972 0.3149123 0.3097676 0.0000000 0.3562170 0.4143240 0.0588958 0.0270598 0.4133565 0.0552800 
n200_201   0.4234692 0.3515907 0.1513858 0.1471924 0.3052389 0.1431679 0.2951983 0.1429668 0.1509860 0.3050784 0.3562347 0.1512241 0.1470892 0.1348328 0.1471444 0.1471054 0.1430195 0.3562170 0.0000000 0.4081992 0.3310233 0.3781636 0.3909569 0.3206637 
n244_249   0.3199360 0.4204845 0.3751427 0.3583761 0.4146718 0.3750162 0.4030304 0.3580013 0.3628902 0.4030167 0.4199114 0.3526486 0.3579579 0.3580561 0.3915095 0.3531043 0.3476652 0.4143240 0.4081992 0.0000000 0.4097472 0.4139186 0.2955038 0.4094388 
n277_282   0.4310530 0.0589490 0.3113276 0.3010261 0.2478549 0.3112223 0.2567340 0.2956554 0.2951596 0.2661343 0.0661404 0.2956661 0.2905910 0.2809313 0.2962232 0.3008318 0.2957720 0.0588958 0.3310233 0.4097472 0.0000000 0.0808257 0.4088165 0.0100765 
n280_285   0.4474121 0.0270839 0.3526595 0.3467292 0.2851961 0.3469971 0.2897542 0.3409848 0.3298865 0.2946910 0.0374276 0.3251019 0.3251453 0.3304556 0.3468388 0.3358823 0.3305832 0.0270598 0.3781636 0.4139186 0.0808257 0.0000000 0.4305193 0.0770959 
n255_260   0.0479677 0.4195007 0.3741825 0.3573711 0.3956198 0.3740565 0.3948784 0.3570863 0.3511271 0.4061156 0.4129824 0.3572444 0.3570432 0.3677299 0.3690429 0.3571323 0.3572310 0.4133565 0.3909569 0.2955038 0.4088165 0.4305193 0.0000000 0.4029076 
n278_283   0.4249743 0.0553299 0.3061543 0.2959276 0.2431169 0.3060508 0.2519450 0.2905993 0.2901135 0.2612843 0.0624871 0.2906099 0.2855715 0.2759757 0.2911558 0.2957373 0.2907137 0.0552800 0.3206637 0.4094388 0.0100765 0.0770959 0.4029076 0.0000000 
