24
n292_293   0.0000000 0.3091859 0.3199952 0.3026921 0.3817282 0.3072795 0.0067042 0.3073707 0.0134771 0.3522278 0.2865896 0.0557326 0.3025155 0.3075441 0.3337836 0.3072336 0.3200467 0.3200171 0.2807027 0.3141123 0.3111657 0.0777984 0.0203241 0.2810165 
n287_288   0.3091859 0.0000000 0.0067009 0.0555936 0.4412499 0.3535319 0.3094226 0.0518806 0.3200441 0.4341524 0.0664083 0.3205915 0.0483362 0.0519007 0.3478457 0.0518644 0.0272412 0.0237818 0.3539403 0.1158981 0.3471434 0.3355758 0.3102369 0.3315531 
n290_291   0.3199952 0.0067009 0.0000000 0.0629120 0.4481745 0.3650749 0.3202420 0.0591427 0.3310331 0.4409952 0.0738369 0.3315996 0.0555654 0.0591668 0.3592935 0.0591241 0.0342464 0.0307509 0.3544905 0.1239139 0.3585582 0.3467913 0.3210915 0.3320619 
n294_295   0.3026921 0.0555936 0.0629120 0.0000000 0.4215021 0.3642997 0.3029222 0.0168633 0.3134127 0.4211381 0.0735835 0.3247957 0.0134677 0.0168696 0.3521387 0.0168583 0.0701627 0.0664946 0.3647246 0.1235698 0.3578001 0.3398171 0.3037139 0.3477051 
n251_252   0.3817282 0.4412499 0.4481745 0.4215021 0.0000000 0.4031879 0.3820310 0.4150132 0.3936741 0.0376713 0.4329599 0.3940158 0.4153120 0.4211400 0.3395479 0.4147973 0.4596522 0.4533203 0.3843280 0.4374833 0.4024935 0.3999988 0.4055675 0.3730086 
n286_287   0.3072795 0.3535319 0.3650749 0.3642997 0.4031879 0.0000000 0.3075132 0.3577714 0.3077885 0.4070185 0.3517091 0.2870405 0.3526053 0.3579894 0.4221732 0.3575996 0.3824430 0.3767236 0.1447377 0.3353774 0.0237723 0.2920681 0.3073478 0.1324738 
n300_301   0.0067042 0.3094226 0.3202420 0.3029222 0.3820310 0.3075132 0.0000000 0.3076048 0.0134855 0.3525014 0.2868049 0.0521643 0.3027454 0.3077785 0.3340418 0.3074675 0.3202935 0.3202639 0.2809122 0.3143534 0.3114022 0.0741381 0.0203369 0.2812265 
n275_276   0.3073707 0.0518806 0.0591427 0.0168633 0.4150132 0.3577714 0.3076048 0.0000000 0.3181519 0.4082070 0.0697555 0.3186940 0.0100564 0.0134362 0.3457527 0.0066877 0.0663458 0.0627041 0.3581863 0.1193540 0.3513553 0.3335778 0.3084099 0.3413512 
n274_275   0.0134771 0.3200441 0.3310331 0.3134127 0.3936741 0.3077885 0.0134855 0.3181519 0.0000000 0.3636452 0.2970385 0.0558141 0.3132312 0.3183342 0.3282250 0.3180078 0.3310842 0.3310537 0.2910331 0.3146367 0.3116804 0.0779133 0.0203531 0.2814755 
n255_256   0.3522278 0.4341524 0.4409952 0.4211381 0.0376713 0.4070185 0.3525014 0.4082070 0.3636452 0.0000000 0.4259724 0.3639668 0.4084976 0.4142683 0.3233463 0.4079968 0.4523646 0.4461017 0.3953461 0.4304668 0.4001852 0.3696830 0.3750217 0.3838677 
n236_237   0.2865896 0.0664083 0.0738369 0.0735835 0.4329599 0.3517091 0.2868049 0.0697555 0.2970385 0.4259724 0.0000000 0.2975460 0.0661490 0.0697833 0.3139483 0.0697332 0.0774057 0.0774564 0.3464031 0.1190938 0.3453656 0.3120452 0.2973523 0.3354417 
n278_279   0.0557326 0.3205915 0.3315996 0.3247957 0.3940158 0.2870405 0.0521643 0.3186940 0.0558141 0.3639668 0.2975460 0.0000000 0.3137659 0.3188769 0.3349115 0.3185494 0.3316508 0.3316201 0.2806940 0.2982330 0.2908861 0.0203452 0.0631435 0.2712689 
n297_298   0.3025155 0.0483362 0.0555654 0.0134677 0.4153120 0.3526053 0.3027454 0.0100564 0.3132312 0.4084976 0.0661490 0.3137659 0.0000000 0.0033353 0.3406665 0.0100534 0.0627411 0.0591146 0.3530116 0.1155185 0.3462366 0.3285772 0.3035364 0.3362801 
n298_299   0.3075441 0.0519007 0.0591668 0.0168696 0.4211400 0.3579894 0.3077785 0.0134362 0.3183342 0.4142683 0.0697833 0.3188769 0.0033353 0.0000000 0.3459587 0.0134322 0.0663720 0.0627286 0.3584040 0.1194050 0.3408169 0.3337726 0.3085846 0.3415537 
n244_245   0.3337836 0.3478457 0.3592935 0.3521387 0.3395479 0.4221732 0.3340418 0.3457527 0.3282250 0.3233463 0.3139483 0.3349115 0.3406665 0.3459587 0.0000000 0.3455897 0.3644333 0.3588603 0.4095592 0.3572031 0.4037755 0.3455927 0.3453484 0.3920340 
n293_294   0.3072336 0.0518644 0.0591241 0.0168583 0.4147973 0.3575996 0.3074675 0.0066877 0.3180078 0.4079968 0.0697332 0.3185494 0.0100534 0.0134322 0.3455897 0.0000000 0.0663247 0.0626842 0.3580140 0.1193132 0.3511884 0.3334236 0.3082718 0.3411910 
n296_297   0.3200467 0.0272412 0.0342464 0.0701627 0.4596522 0.3824430 0.3202935 0.0663458 0.3310842 0.4523646 0.0774057 0.3316508 0.0627411 0.0663720 0.3644333 0.0663247 0.0000000 0.0033451 0.3662728 0.1319740 0.3757348 0.3468413 0.3211431 0.3601042 
n295_296   0.3200171 0.0237818 0.0307509 0.0664946 0.4533203 0.3767236 0.3202639 0.0627041 0.3310537 0.4461017 0.0774564 0.3316201 0.0591146 0.0627286 0.3588603 0.0626842 0.0033451 0.0000000 0.3717787 0.1279764 0.3700788 0.3468094 0.3211134 0.3545498 
n266_267   0.2807027 0.3539403 0.3544905 0.3647246 0.3843280 0.1447377 0.2809122 0.3581863 0.2910331 0.3953461 0.3464031 0.2806940 0.3530116 0.3584040 0.4095592 0.3580140 0.3662728 0.3717787 0.0000000 0.3568990 0.1403457 0.2856619 0.3013501 0.0237598 
n200_201   0.3141123 0.1158981 0.1239139 0.1235698 0.4374833 0.3353774 0.3143534 0.1193540 0.3146367 0.4304668 0.1190938 0.2982330 0.1155185 0.1194050 0.3572031 0.1193132 0.1319740 0.1279764 0.3568990 0.0000000 0.3292041 0.3127683 0.2990333 0.3293044 
n285_286   0.3111657 0.3471434 0.3585582 0.3578001 0.4024935 0.0237723 0.3114022 0.3513553 0.3116804 0.4001852 0.3453656 0.2908861 0.3462366 0.3408169 0.4037755 0.3511884 0.3757348 0.3700788 0.1403457 0.3292041 0.0000000 0.2959233 0.3112345 0.1281797 
n277_278   0.0777984 0.3355758 0.3467913 0.3398171 0.3999988 0.2920681 0.0741381 0.3335778 0.0779133 0.3696830 0.3120452 0.0203452 0.3285772 0.3337726 0.3455927 0.3334236 0.3468413 0.3468094 0.2856619 0.3127683 0.2959233 0.0000000 0.0854840 0.2761797 
n280_281   0.0203241 0.3102369 0.3210915 0.3037139 0.4055675 0.3073478 0.0203369 0.3084099 0.0203531 0.3750217 0.2973523 0.0631435 0.3035364 0.3085846 0.3453484 0.3082718 0.3211431 0.3211134 0.3013501 0.2990333 0.3112345 0.0854840 0.0000000 0.2916674 
n265_266   0.2810165 0.3315531 0.3320619 0.3477051 0.3730086 0.1324738 0.2812265 0.3413512 0.2814755 0.3838677 0.3354417 0.2712689 0.3362801 0.3415537 0.3920340 0.3411910 0.3601042 0.3545498 0.0237598 0.3293044 0.1281797 0.2761797 0.2916674 0.0000000 
