23
n287_288   0.0000000 0.0067056 0.0559194 0.3259920 0.3039950 0.3145571 0.3080125 0.2974289 0.0343174 0.3081438 0.0168891 0.0343133 0.0343095 0.0378720 0.0033446 0.3149882 0.3805663 0.0134764 0.3143039 0.3930706 0.1466379 0.3149946 0.3982163 
n290_291   0.0067056 0.0000000 0.0595559 0.3371424 0.3147793 0.3255056 0.3188293 0.3080785 0.0414049 0.3189649 0.0237705 0.0413999 0.0413953 0.0450025 0.0100864 0.3259541 0.3743622 0.0203217 0.3252401 0.4053191 0.1551202 0.3259650 0.3918500 
n236_237   0.0559194 0.0595559 0.0000000 0.3421881 0.2987838 0.3092719 0.3293363 0.3184360 0.0450340 0.3239196 0.0669139 0.0450286 0.0450235 0.0486580 0.0595892 0.3096948 0.3692980 0.0632182 0.3090244 0.3947071 0.1302703 0.3309444 0.3866893 
n278_279   0.3259920 0.3371424 0.3421881 0.0000000 0.3147526 0.3314751 0.1006550 0.0890899 0.3313352 0.0891212 0.3419657 0.3201102 0.3312251 0.3314977 0.3205523 0.3259231 0.4003960 0.3363755 0.3426649 0.4527348 0.3218870 0.0169008 0.4253534 
n285_286   0.3039950 0.3147793 0.2987838 0.3147526 0.0000000 0.1509111 0.3073122 0.2967618 0.2930290 0.2968560 0.3199688 0.2874795 0.2929364 0.2931664 0.2987295 0.0067157 0.4315343 0.3145509 0.1594563 0.4519137 0.3155535 0.3146917 0.4373869 
n265_266   0.3145571 0.3255056 0.3092719 0.3314751 0.1509111 0.0000000 0.3125451 0.3019190 0.2982218 0.2970855 0.3307688 0.2926274 0.2981270 0.2983625 0.3092135 0.1595562 0.4244849 0.3252690 0.0135222 0.4312783 0.3151117 0.3254978 0.4240560 
n280_281   0.3080125 0.3188293 0.3293363 0.1006550 0.3073122 0.3125451 0.0000000 0.0100311 0.2968881 0.0168116 0.3235375 0.2862735 0.2967941 0.2970275 0.3027318 0.3074220 0.3984790 0.3181134 0.3233715 0.4505926 0.3142024 0.0890151 0.3986039 
n299_300   0.2974289 0.3080785 0.3184360 0.0890899 0.2967618 0.3019190 0.0100311 0.0000000 0.2864872 0.0066715 0.3127313 0.2760353 0.2863977 0.2866201 0.2922277 0.3075812 0.3864645 0.3073905 0.3125823 0.4376398 0.3035077 0.0776618 0.3865851 
n293_294   0.0343174 0.0414049 0.0450340 0.3313352 0.2930290 0.2982218 0.2968881 0.2864872 0.0000000 0.2970149 0.0449451 0.0067053 0.0067046 0.0100909 0.0378574 0.3038306 0.3693073 0.0413770 0.2979866 0.3992561 0.1339302 0.3202581 0.3866982 
n274_275   0.3081438 0.3189649 0.3239196 0.0891212 0.2968560 0.2970855 0.0168116 0.0066715 0.2970149 0.0000000 0.3236746 0.2863960 0.2969208 0.2971544 0.3028610 0.3076780 0.3865773 0.3182485 0.3076852 0.4377601 0.3088872 0.0776891 0.3866980 
n296_297   0.0168891 0.0237705 0.0669139 0.3419657 0.3199688 0.3307688 0.3235375 0.3127313 0.0449451 0.3236746 0.0000000 0.0449397 0.0449346 0.0413989 0.0203239 0.3312256 0.4107954 0.0033425 0.3304974 0.4177419 0.1592791 0.3307284 0.4292144 
n294_295   0.0343133 0.0413999 0.0450286 0.3201102 0.2874795 0.2926274 0.2862735 0.2760353 0.0067053 0.2863960 0.0449397 0.0000000 0.0067038 0.0100897 0.0378529 0.2981818 0.3574773 0.0413720 0.2923983 0.3992000 0.1339135 0.3092164 0.3745718 
n275_276   0.0343095 0.0413953 0.0450235 0.3312251 0.2929364 0.2981270 0.2967941 0.2863977 0.0067046 0.2969208 0.0449346 0.0067038 0.0000000 0.0100886 0.0378487 0.3037332 0.3578537 0.0413674 0.2978919 0.3935284 0.1338954 0.3201532 0.3749702 
n297_298   0.0378720 0.0450025 0.0486580 0.3314977 0.2931664 0.2983625 0.2970275 0.2866201 0.0100909 0.2971544 0.0413989 0.0100897 0.0100886 0.0000000 0.0414340 0.3039749 0.3754409 0.0378480 0.2981270 0.3994669 0.1339821 0.3204133 0.3929916 
n289_290   0.0033446 0.0100864 0.0595892 0.3205523 0.2987295 0.3092135 0.3027318 0.2922277 0.0378574 0.3028610 0.0203239 0.0378529 0.0378487 0.0414340 0.0000000 0.3096362 0.3865813 0.0168927 0.3089662 0.3991982 0.1508869 0.3096406 0.4043813 
n286_287   0.3149882 0.3259541 0.3096948 0.3259231 0.0067157 0.1595562 0.3074220 0.3075812 0.3038306 0.3076780 0.3312256 0.2981818 0.3037332 0.3039749 0.3096362 0.0000000 0.4447894 0.3257170 0.1682180 0.4588132 0.3267573 0.3258605 0.4507411 
n255_256   0.3805663 0.3743622 0.3692980 0.4003960 0.4315343 0.4244849 0.3984790 0.3864645 0.3693073 0.3865773 0.4107954 0.3574773 0.3578537 0.3754409 0.3865813 0.4447894 0.0000000 0.4046513 0.4240965 0.2961357 0.3593118 0.4004440 0.0412104 
n295_296   0.0134764 0.0203217 0.0632182 0.3363755 0.3145509 0.3252690 0.3181134 0.3073905 0.0413770 0.3182485 0.0033425 0.0413720 0.0413674 0.0378480 0.0168927 0.3257170 0.4046513 0.0000000 0.3250039 0.4176140 0.1550119 0.3252277 0.4229132 
n266_267   0.3143039 0.3252401 0.3090244 0.3426649 0.1594563 0.0135222 0.3233715 0.3125823 0.2979866 0.3076852 0.3304974 0.2923983 0.2978919 0.2981270 0.3089662 0.1682180 0.4240965 0.3250039 0.0000000 0.4308802 0.3148576 0.3365818 0.4236685 
n244_245   0.3930706 0.4053191 0.3947071 0.4527348 0.4519137 0.4312783 0.4505926 0.4376398 0.3992561 0.4377601 0.4177419 0.3992000 0.3935284 0.3994669 0.3991982 0.4588132 0.2961357 0.4176140 0.4308802 0.0000000 0.3717815 0.4392361 0.3068603 
n200_201   0.1466379 0.1551202 0.1302703 0.3218870 0.3155535 0.3151117 0.3142024 0.3035077 0.1339302 0.3088872 0.1592791 0.1339135 0.1338954 0.1339821 0.1508869 0.3267573 0.3593118 0.1550119 0.3148576 0.3717815 0.0000000 0.3109224 0.3702319 
n277_278   0.3149946 0.3259650 0.3309444 0.0169008 0.3146917 0.3254978 0.0890151 0.0776618 0.3202581 0.0776891 0.3307284 0.3092164 0.3201532 0.3204133 0.3096406 0.3258605 0.4004440 0.3252277 0.3365818 0.4392361 0.3109224 0.0000000 0.4254104 
n251_252   0.3982163 0.3918500 0.3866893 0.4253534 0.4373869 0.4240560 0.3986039 0.3865851 0.3866982 0.3866980 0.4292144 0.3745718 0.3749702 0.3929916 0.4043813 0.4507411 0.0412104 0.4229132 0.4236685 0.3068603 0.3702319 0.4254104 0.0000000 
