28
n294_321   0.0000000 0.0522369 2.5969246 3.1513746 2.6808260 2.6698226 2.7374837 3.1521710 0.3185900 0.3400502 0.1379795 0.3231186 0.5697431 0.1339930 3.1774474 0.3130022 3.2379879 2.7518043 3.3550848 2.5842341 0.1171725 3.0945584 2.6002541 0.3286201 0.9679031 2.3231333 3.7674745 3.1612541 
n293_320   0.0522369 0.0000000 2.4801670 2.9751693 2.4892541 2.3182002 2.5368919 2.7867680 0.3575267 0.3801985 0.1548904 0.3456142 0.5753337 0.1466230 3.3495395 0.3516040 3.4385847 2.7184842 3.0951294 2.5004711 0.1336267 3.4493460 2.3689452 0.3396224 0.9540433 2.4278483 3.4660817 2.8759640 
n300_327   2.5969246 2.4801670 0.0000000 2.6121890 0.0237445 3.8734296 0.0272236 0.1205205 2.3728933 2.6247959 2.8652882 2.8374276 3.5645039 2.9565028 1.8556941 2.2846133 2.0075661 0.4637540 2.9459959 2.0839866 2.4892470 2.6068583 0.0592984 2.8096020 2.4277680 2.0466407 3.5121955 0.4370518 
n251_274   3.1513746 2.9751693 2.6121890 0.0000000 2.5554150 1.4191883 2.4060730 2.7172552 3.1425208 3.0276383 2.5696613 2.5261505 4.1587535 2.6465598 3.2350985 3.1417505 3.2335708 2.4004572 2.0962710 2.3804946 2.5843461 0.3319308 2.5084497 2.6448041 2.2661649 2.5392030 1.3217283 2.1426325 
n292_319   2.6808260 2.4892541 0.0237445 2.5554150 0.0000000 3.9056881 0.0272201 0.1085188 2.4398966 2.7096725 2.9732261 2.8603666 3.7017179 3.0736534 1.8649594 2.3458188 1.9747017 0.4634424 2.8648035 2.2395108 2.5651982 2.6417541 0.0556483 2.8317439 2.5775750 2.1968079 3.4147676 0.4367701 
n251_276   2.6698226 2.3182002 3.8734296 1.4191883 3.9056881 0.0000000 4.1599962 4.1174853 2.2892619 2.3453387 2.2286498 1.9000499 4.1932011 2.2845872 4.2060555 2.3370866 3.2480760 2.9246391 2.8558724 3.2047668 2.4189057 1.5197204 4.0482261 2.0103853 2.7408724 2.9829329 0.3411951 2.5387708 
n299_326   2.7374837 2.5368919 0.0272236 2.4060730 0.0272201 4.1599962 0.0000000 0.1287022 2.4922395 2.7761129 3.0459047 3.0417695 3.5425715 3.1524350 1.7834495 2.3935717 1.8832879 0.4502957 2.9356463 2.1408425 2.6165727 2.4913631 0.0741780 3.0077118 2.6573196 2.1015595 4.0925736 0.4372119 
n274_301   3.1521710 2.7867680 0.1205205 2.7172552 0.1085188 4.1174853 0.1287022 0.0000000 2.6966105 3.1473048 3.1432597 3.0716161 3.8445388 3.3928705 1.9494540 2.7068461 1.8952158 0.5030248 4.8079539 2.1275280 2.8892962 3.1098271 0.1450263 3.1470956 2.3719260 2.0040538 5.7671075 0.4697375 
n290_317   0.3185900 0.3575267 2.3728933 3.1425208 2.4398966 2.2892619 2.4922395 2.6966105 0.0000000 0.0670060 0.3523589 0.1722320 0.5698399 0.3531021 2.0030033 0.0558880 2.1086336 2.3894515 3.1488324 2.7822871 0.3351447 3.0193358 2.3930816 0.1674758 1.0370691 2.1946902 3.1824980 2.2723211 
n289_316   0.3400502 0.3801985 2.6247959 3.0276383 2.7096725 2.3453387 2.7761129 3.1473048 0.0670060 0.0000000 0.3519639 0.1944943 0.5911506 0.3349611 1.9475806 0.0631469 2.1380536 2.6441675 2.6843178 2.3175074 0.3510936 3.4012248 2.8070073 0.1804881 1.0316037 1.8196717 3.2962321 2.6327685 
n297_324   0.1379795 0.1548904 2.8652882 2.5696613 2.9732261 2.2286498 3.0459047 3.1432597 0.3523589 0.3519639 0.0000000 0.3640932 0.5927865 0.0343362 3.3202782 0.3411228 2.9585471 2.5749512 3.0380869 2.4265005 0.1338350 2.5717150 2.6709581 0.3581240 0.9854922 2.1042553 3.2767917 2.7712258 
n296_323   0.3231186 0.3456142 2.8374276 2.5261505 2.8603666 1.9000499 3.0417695 3.0716161 0.1722320 0.1944943 0.3640932 0.0000000 0.5525332 0.3648658 2.7865920 0.1677190 2.6269868 2.4580583 2.6478539 2.2006592 0.3466854 2.5739347 3.0070289 0.0413980 1.1075317 1.7889349 2.7238013 2.3277433 
n236_257   0.5697431 0.5753337 3.5645039 4.1587535 3.7017179 4.1932011 3.5425715 3.8445388 0.5698399 0.5911506 0.5927865 0.5525332 0.0000000 0.5855170 2.3315043 0.5595346 2.8576660 2.4512901 2.4979273 2.1962264 0.6113447 3.9111469 3.2969264 0.5292246 1.3299197 1.9461640 7.6019108 2.9519022 
n298_325   0.1339930 0.1466230 2.9565028 2.6465598 3.0736534 2.2845872 3.1524350 3.3928705 0.3531021 0.3349611 0.0343362 0.3648658 0.5855170 0.0000000 3.0066601 0.3418385 3.0122110 2.5150975 2.7885255 2.6401558 0.1215869 2.6591307 2.7471768 0.3588816 1.0023363 2.1974446 3.0513217 2.8435293 
n266_293   3.1774474 3.3495395 1.8556941 3.2350985 1.8649594 4.2060555 1.7834495 1.9494540 2.0030033 1.9475806 3.3202782 2.7865920 2.3315043 3.0066601 0.0000000 1.9932389 0.1582821 1.8394843 2.1254669 1.3550089 2.9217940 3.2388318 1.7957668 2.6011762 3.0473495 1.3916701 3.0760102 1.9796438 
n287_314   0.3130022 0.3516040 2.2846133 3.1417505 2.3458188 2.3370866 2.3935717 2.7068461 0.0558880 0.0631469 0.3411228 0.1677190 0.5595346 0.3418385 1.9932389 0.0000000 2.1967502 2.4894707 3.0225163 2.4924446 0.3404783 3.2110835 2.3639361 0.1586145 1.0187275 2.0151345 3.6957360 2.3622477 
n265_292   3.2379879 3.4385847 2.0075661 3.2335708 1.9747017 3.2480760 1.8832879 1.8952158 2.1086336 2.1380536 2.9585471 2.6269868 2.8576660 3.0122110 0.1582821 2.1967502 0.0000000 1.8500962 2.4299780 1.2278051 2.8257757 2.7556556 1.8971242 2.5880032 2.8424844 1.3008572 2.9901057 1.9533600 
n277_304   2.7518043 2.7184842 0.4637540 2.4004572 0.4634424 2.9246391 0.4502957 0.5030248 2.3894515 2.6441675 2.5749512 2.4580583 2.4512901 2.5150975 1.8394843 2.4894707 1.8500962 0.0000000 2.5704408 1.5321611 2.2931439 2.6716401 0.4830640 2.4991330 1.9017423 1.6065779 2.9939761 0.1051015 
n244_267   3.3550848 3.0951294 2.9459959 2.0962710 2.8648035 2.8558724 2.9356463 4.8079539 3.1488324 2.6843178 3.0380869 2.6478539 2.4979273 2.7885255 2.1254669 3.0225163 2.4299780 2.5704408 0.0000000 2.6390657 2.6325594 2.5186022 3.0416229 2.5884643 2.2419354 2.7564627 2.1524554 2.6644622 
n286_313   2.5842341 2.5004711 2.0839866 2.3804946 2.2395108 3.2047668 2.1408425 2.1275280 2.7822871 2.3175074 2.4265005 2.2006592 2.1962264 2.6401558 1.3550089 2.4924446 1.2278051 1.5321611 2.6390657 0.0000000 3.2255848 2.7354593 2.1094924 2.1964034 2.1911864 0.0780334 3.7705757 1.5761539 
n275_302   0.1171725 0.1336267 2.4892470 2.5843461 2.5651982 2.4189057 2.6165727 2.8892962 0.3351447 0.3510936 0.1338350 0.3466854 0.6113447 0.1215869 2.9217940 0.3404783 2.8257757 2.2931439 2.6325594 3.2255848 0.0000000 2.7961949 2.3646042 0.3465554 0.9842875 2.6293547 3.0470648 2.3961613 
n255_280   3.0945584 3.4493460 2.6068583 0.3319308 2.6417541 1.5197204 2.4913631 3.1098271 3.0193358 3.4012248 2.5717150 2.5739347 3.9111469 2.6591307 3.2388318 3.2110835 2.7556556 2.6716401 2.5186022 2.7354593 2.7961949 0.0000000 2.6237441 2.7873149 2.4537511 3.5098487 1.3541217 2.9003986 
n280_307   2.6002541 2.3689452 0.0592984 2.5084497 0.0556483 4.0482261 0.0741780 0.1450263 2.3930816 2.8070073 2.6709581 3.0070289 3.2969264 2.7471768 1.7957668 2.3639361 1.8971242 0.4830640 3.0416229 2.1094924 2.3646042 2.6237441 0.0000000 2.9744707 2.3691941 2.0715246 3.7756959 0.4556671 
n295_322   0.3286201 0.3396224 2.8096020 2.6448041 2.8317439 2.0103853 3.0077118 3.1470956 0.1674758 0.1804881 0.3581240 0.0413980 0.5292246 0.3588816 2.6011762 0.1586145 2.5880032 2.4991330 2.5884643 2.1964034 0.3465554 2.7873149 2.9744707 0.0000000 1.1046520 1.7936038 2.8455961 2.4157799 
n200_213   0.9679031 0.9540433 2.4277680 2.2661649 2.5775750 2.7408724 2.6573196 2.3719260 1.0370691 1.0316037 0.9854922 1.1075317 1.3299197 1.0023363 3.0473495 1.0187275 2.8424844 1.9017423 2.2419354 2.1911864 0.9842875 2.4537511 2.3691941 1.1046520 0.0000000 2.1293239 3.5940553 2.0986764 
n285_312   2.3231333 2.4278483 2.0466407 2.5392030 2.1968079 2.9829329 2.1015595 2.0040538 2.1946902 1.8196717 2.1042553 1.7889349 1.9461640 2.1974446 1.3916701 2.0151345 1.3008572 1.6065779 2.7564627 0.0780334 2.6293547 3.5098487 2.0715246 1.7936038 2.1293239 0.0000000 3.5705750 1.6281343 
n255_282   3.7674745 3.4660817 3.5121955 1.3217283 3.4147676 0.3411951 4.0925736 5.7671075 3.1824980 3.2962321 3.2767917 2.7238013 7.6019108 3.0513217 3.0760102 3.6957360 2.9901057 2.9939761 2.1524554 3.7705757 3.0470648 1.3541217 3.7756959 2.8455961 3.5940553 3.5705750 0.0000000 2.9607372 
n278_305   3.1612541 2.8759640 0.4370518 2.1426325 0.4367701 2.5387708 0.4372119 0.4697375 2.2723211 2.6327685 2.7712258 2.3277433 2.9519022 2.8435293 1.9796438 2.3622477 1.9533600 0.1051015 2.6644622 1.5761539 2.3961613 2.9003986 0.4556671 2.4157799 2.0986764 1.6281343 2.9607372 0.0000000 
