26
n265_270   0.0000000 2.0385056 2.2239918 1.8207280 1.5272217 1.8346820 1.9009037 0.1123888 1.9446620 1.8148442 1.9788221 1.9722781 1.8742315 1.7162978 1.9618344 0.9306313 1.8564516 2.2321087 2.0782164 0.9411259 1.5491277 2.1332348 1.8383427 2.9091359 1.9727534 2.4721081 
n298_303   2.0385056 0.0000000 2.7642453 0.1361235 1.7302027 1.9767538 0.3383215 1.9461814 0.3174516 0.3219354 0.3110899 2.0247690 2.0169147 0.7650322 0.1318606 1.6025801 1.1650631 0.3172473 0.1482385 1.6183898 2.0787653 0.0237260 1.9422290 3.1593160 2.0457757 3.0656248 
n251_256   2.2239918 2.7642453 0.0000000 2.4921164 8.9999988 3.8982059 2.4436588 2.2969882 2.9807589 2.4765272 2.8610535 4.7741838 3.9023928 2.0658067 2.4519156 2.0159273 2.2308411 2.7545821 2.5538825 1.9383369 3.3365978 2.8017928 4.3803592 1.9537837 3.4177713 0.3497499 
n275_280   1.8207280 0.1361235 2.4921164 0.0000000 1.8214097 1.9386029 0.2816210 1.8253919 0.2820928 0.2863955 0.2761282 1.8978089 1.9771941 0.7011897 0.1081296 1.5906569 1.0726874 0.2818923 0.1158282 1.6337806 1.9556542 0.1401459 1.9048574 2.8943009 2.0168084 2.7378763 
n277_282   1.5272217 1.7302027 8.9999988 1.8214097 0.0000000 0.3943514 1.9467359 1.7705348 1.9104238 1.8799425 1.9175178 0.4252935 0.4123517 2.0622222 1.7990952 1.3179143 1.9603191 1.8751219 1.8715394 1.4469072 0.1003155 1.6334141 0.4129003 8.9999986 0.4192124 9.0000000 
n299_304   1.8346820 1.9767538 3.8982059 1.9386029 0.3943514 0.0000000 2.3841692 1.9663731 2.3881986 2.3105985 2.4191031 0.0737945 0.0100748 2.4627110 1.9630477 1.8187108 2.0036547 2.3445206 1.8925296 1.9011504 0.3935873 1.8225178 0.0484006 8.9999988 0.1158610 5.9048939 
n296_301   1.9009037 0.3383215 2.4436588 0.2816210 1.9467359 2.3841692 0.0000000 1.8947302 0.1361911 0.0306607 0.1441370 2.3725094 2.5250905 0.7009959 0.2959924 1.8306976 0.9596116 0.1611519 0.3165871 2.0229387 2.2635738 0.3384290 2.3702082 2.7496770 2.8437117 2.6290622 
n266_271   0.1123888 1.9461814 2.2969882 1.8253919 1.7705348 1.9663731 1.8947302 0.0000000 1.9622964 1.8527232 1.9972818 1.9802209 1.9229554 1.6563408 1.7949864 0.8704890 1.9116637 2.0112380 1.8535671 0.8802569 1.7300781 2.0325129 1.9270889 5.1330218 2.1613964 2.5624622 
n290_295   1.9446620 0.3174516 2.9807589 0.2820928 1.9104238 2.3881986 0.1361911 1.9622964 0.0000000 0.1443023 0.0447183 2.4477774 2.3890468 0.7483254 0.3018817 1.7328969 1.0565089 0.0556195 0.3173676 1.8875188 2.2046218 0.3175516 2.7070638 2.8899808 2.8367741 2.8978485 
n295_300   1.8148442 0.3219354 2.4765272 0.2863955 1.8799425 2.3105985 0.0306607 1.8527232 0.1443023 0.0000000 0.1481139 2.2571831 2.4404280 0.6914366 0.3008428 1.8376732 0.9768600 0.1610062 0.3215632 2.0329426 2.0632945 0.3220368 2.3633631 2.6229617 2.6606149 2.7211732 
n289_294   1.9788221 0.3110899 2.8610535 0.2761282 1.9175178 2.4191031 0.1441370 1.9972818 0.0447183 0.1481139 0.0000000 2.4815742 2.4830046 0.7746240 0.2957000 1.9912557 1.1122623 0.0590927 0.3110075 2.0998170 2.2259057 0.3111874 2.7589063 3.3739506 2.8836126 2.6905497 
n280_285   1.9722781 2.0247690 4.7741838 1.8978089 0.4252935 0.0737945 2.3725094 1.9802209 2.4477774 2.2571831 2.4815742 0.0000000 0.0775348 2.3048357 1.9220454 2.0141240 2.1222456 2.2680764 1.8552300 2.0679166 0.4184183 1.8630050 0.0966252 3.2262054 0.1083622 4.9897226 
n300_305   1.8742315 2.0169147 3.9023928 1.9771941 0.4123517 0.0100748 2.5250905 1.9229554 2.3890468 2.4404280 2.4830046 0.0775348 0.0000000 2.4636410 1.9577485 1.8569129 2.0530968 2.2684629 1.8880255 1.9434214 0.3995663 1.8567461 0.0520058 8.9999985 0.1158745 5.0198529 
n236_239   1.7162978 0.7650322 2.0658067 0.7011897 2.0622222 2.4627110 0.7009959 1.6563408 0.7483254 0.6914366 0.7746240 2.3048357 2.4636410 0.0000000 0.6903262 2.2773199 1.0683899 0.7407353 0.7170909 2.6372262 1.9964439 0.7954085 2.1824196 1.8727330 2.2580248 2.2634441 
n294_299   1.9618344 0.1318606 2.4519156 0.1081296 1.7990952 1.9630477 0.2959924 1.7949864 0.3018817 0.3008428 0.2957000 1.9220454 1.9577485 0.6903262 0.0000000 1.7226118 1.0801867 0.2965060 0.0411937 1.7719343 1.9521157 0.1400423 1.9293871 2.2855330 2.1222071 3.1942242 
n285_290   0.9306313 1.6025801 2.0159273 1.5906569 1.3179143 1.8187108 1.8306976 0.8704890 1.7328969 1.8376732 1.9912557 2.0141240 1.8569129 2.2773199 1.7226118 0.0000000 2.2047009 1.8446013 1.7855147 0.0666069 1.3845028 1.6604328 1.8111798 2.3761997 1.8684822 2.4340246 
n200_203   1.8564516 1.1650631 2.2308411 1.0726874 1.9603191 2.0036547 0.9596116 1.9116637 1.0565089 0.9768600 1.1122623 2.1222456 2.0530968 1.0683899 1.0801867 2.2047009 0.0000000 1.0436640 1.0609027 2.2210915 2.0639832 1.1196389 2.2191905 1.8426098 2.0660576 1.9910696 
n287_292   2.2321087 0.3172473 2.7545821 0.2818923 1.8751219 2.3445206 0.1611519 2.0112380 0.0556195 0.1610062 0.0590927 2.2680764 2.2684629 0.7407353 0.2965060 1.8446013 1.0436640 0.0000000 0.3118632 1.9806563 2.0571663 0.3173472 2.4779594 3.4055923 2.7554052 2.5835316 
n293_298   2.0782164 0.1482385 2.5538825 0.1158282 1.8715394 1.8925296 0.3165871 1.8535671 0.3173676 0.3215632 0.3110075 1.8552300 1.8880255 0.7170909 0.0411937 1.7855147 1.0609027 0.3118632 0.0000000 1.8382293 2.0286861 0.1400865 1.8616477 2.5816874 1.9643379 3.2214557 
n286_291   0.9411259 1.6183898 1.9383369 1.6337806 1.4469072 1.9011504 2.0229387 0.8802569 1.8875188 2.0329426 2.0998170 2.0679166 1.9434214 2.6372262 1.7719343 0.0666069 2.2210915 1.9806563 1.8382293 0.0000000 1.4821352 1.6772096 1.9348758 2.7164228 1.8721498 2.4672879 
n278_283   1.5491277 2.0787653 3.3365978 1.9556542 0.1003155 0.3935873 2.2635738 1.7300781 2.2046218 2.0632945 2.2259057 0.4184183 0.3995663 1.9964439 1.9521157 1.3845028 2.0639832 2.0571663 2.0286861 1.4821352 0.0000000 1.9373401 0.4060530 8.9999988 0.4246162 4.7897296 
n297_302   2.1332348 0.0237260 2.8017928 0.1401459 1.6334141 1.8225178 0.3384290 2.0325129 0.3175516 0.3220368 0.3111874 1.8630050 1.8567461 0.7954085 0.1400423 1.6604328 1.1196389 0.3173472 0.1400865 1.6772096 1.9373401 0.0000000 1.7613657 3.4692610 1.8804045 3.4422214 
n292_297   1.8383427 1.9422290 4.3803592 1.9048574 0.4129003 0.0484006 2.3702082 1.9270889 2.7070638 2.3633631 2.7589063 0.0966252 0.0520058 2.1824196 1.9293871 1.8111798 2.2191905 2.4779594 1.8616477 1.9348758 0.4060530 1.7613657 0.0000000 3.3344873 0.1362431 7.2979438 
n244_247   2.9091359 3.1593160 1.9537837 2.8943009 8.9999986 8.9999988 2.7496770 5.1330218 2.8899808 2.6229617 3.3739506 3.2262054 8.9999985 1.8727330 2.2855330 2.3761997 1.8426098 3.4055923 2.5816874 2.7164228 8.9999988 3.4692610 3.3344873 0.0000000 3.5079965 2.5763710 
n274_279   1.9727534 2.0457757 3.4177713 2.0168084 0.4192124 0.1158610 2.8437117 2.1613964 2.8367741 2.6606149 2.8836126 0.1083622 0.1158745 2.2580248 2.1222071 1.8684822 2.0660576 2.7554052 1.9643379 1.8721498 0.4246162 1.8804045 0.1362431 3.5079965 0.0000000 3.2521567 
n255_260   2.4721081 3.0656248 0.3497499 2.7378763 9.0000000 5.9048939 2.6290622 2.5624622 2.8978485 2.7211732 2.6905497 4.9897226 5.0198529 2.2634441 3.1942242 2.4340246 1.9910696 2.5835316 3.2214557 2.4672879 4.7897296 3.4422214 7.2979438 2.5763710 3.2521567 0.0000000 
