26
n266_269   0.0000000 3.4442551 2.4829183 2.5577385 2.9985108 2.7980664 2.5459992 3.0312139 2.0273832 3.0864194 2.6089384 2.7975605 3.0962185 2.8490931 2.6610406 2.3816103 1.0878419 2.1343236 2.4736650 2.7336695 1.0670873 2.5918617 3.0189914 3.0342710 2.6049958 0.1845544 
n255_258   3.4442551 0.0000000 2.0299417 3.2185297 2.5121235 2.0242100 1.6543242 1.9320389 2.4048181 2.6489309 1.6830460 2.3796097 0.3143992 1.8585176 1.9093865 2.6783664 2.4974331 2.3571100 1.6109553 2.1560367 2.3530736 1.8479136 2.5705203 2.8647193 3.2863882 3.0461403 
n275_280   2.4829183 2.0299417 0.0000000 2.1902767 2.0943068 0.3536506 0.3424884 0.3766549 0.7155317 2.0705484 0.3484487 2.2020310 3.0718810 0.1291171 0.1366378 1.9013543 2.3748371 1.3528516 0.3643378 0.1286428 2.5246848 0.1330730 2.1465444 1.7871053 2.0659969 3.1331325 
n277_282   2.5577385 3.2185297 2.1902767 0.0000000 0.5067205 2.0574554 2.2953094 2.1944740 2.1829271 0.4720526 2.1083785 0.5139750 3.2712994 2.1535361 1.9969858 3.3010390 1.7932822 2.5369951 2.1921627 1.9736898 1.9194728 2.0802652 0.5298534 0.4902585 0.1331925 1.9509669 
n299_304   2.9985108 2.5121235 2.0943068 0.5067205 0.0000000 2.1659207 2.1814014 2.2459014 2.2830411 0.0937321 1.9716396 0.0101125 2.3029705 1.9149285 1.9053274 2.9796984 2.1081923 2.5273077 2.2003068 1.9027076 2.3108119 1.8725392 0.0344539 0.1255242 0.5596161 2.3866692 
n296_301   2.7980664 2.0242100 0.3536506 2.0574554 2.1659207 0.0000000 0.1620587 0.0377440 0.6622168 1.9614219 0.1624370 2.1178954 2.5280595 0.3263902 0.2834806 1.7835772 2.4592264 1.3570732 0.1706496 0.3047893 2.4148578 0.3314836 2.1783668 1.9743330 1.8901853 2.9729758 
n290_295   2.5459992 1.6543242 0.3424884 2.2953094 2.1814014 0.1620587 0.0000000 0.1794166 0.6623588 2.0334096 0.0376941 2.0820198 2.2706085 0.3104560 0.2835127 2.0537392 2.7529388 1.3350355 0.0518857 0.3049676 2.6715849 0.3154494 2.1939012 1.9004904 2.0355404 2.7435721 
n295_300   3.0312139 1.9320389 0.3766549 2.1944740 2.2459014 0.0377440 0.1794166 0.0000000 0.6739996 2.0355128 0.1752268 2.1935645 2.4665593 0.3099070 0.3045043 2.0273200 2.5087638 1.3594532 0.1835651 0.3265417 2.5770342 0.3148903 2.3190681 2.0863643 1.9461027 3.2111007 
n236_239   2.0273832 2.4048181 0.7155317 2.1829271 2.2830411 0.6622168 0.6623588 0.6739996 0.0000000 2.2788929 0.6652762 2.3487996 2.5331121 0.6815872 0.6517089 1.9624038 9.0000000 1.3268234 0.6545150 0.6268154 5.5786449 0.6803094 2.2413309 2.3743789 2.1557629 2.7088819 
n280_285   3.0864194 2.6489309 2.0705484 0.4720526 0.0937321 1.9614219 2.0334096 2.0355128 2.2788929 0.0000000 1.8504453 0.0976259 2.5143248 1.9293080 1.8789736 2.8022172 2.0499698 2.4508928 2.0488885 1.8764724 2.2986051 1.8860639 0.1136040 0.1339397 0.5156738 2.4924747 
n289_294   2.6089384 1.6830460 0.3484487 2.1083785 1.9716396 0.1624370 0.0376941 0.1752268 0.6652762 1.8504453 0.0000000 1.8899806 2.3046305 0.2896607 0.2641413 2.0106875 2.5490815 1.2888499 0.0412563 0.2850071 2.4811890 0.2945258 1.9824425 1.7729140 1.8868839 2.5323717 
n300_305   2.7975605 2.3796097 2.2020310 0.5139750 0.0101125 2.1178954 2.0820198 2.1935645 2.3487996 0.0976259 1.8899806 0.0000000 2.1915593 2.0034796 1.9495294 2.8795559 2.1094592 2.4578351 2.0986230 1.9902141 2.3129872 1.9568117 0.0451521 0.1378342 0.5596144 2.2676300 
n251_254   3.0962185 0.3143992 3.0718810 3.2712994 2.3029705 2.5280595 2.2706085 2.4665593 2.5331121 2.5143248 2.3046305 2.1915593 0.0000000 2.8582198 2.6485340 2.1150702 2.7905684 2.9085247 2.2712616 2.8305806 2.6233705 2.8214395 2.3640362 3.0271208 3.1403552 2.6398603 
n298_303   2.8490931 1.8585176 0.1291171 2.1535361 1.9149285 0.3263902 0.3104560 0.3099070 0.6815872 1.9293080 0.2896607 2.0034796 2.8582198 0.0000000 0.1285124 1.8296543 2.0160987 1.2574480 0.3320277 0.1204270 2.1171560 0.0307067 1.9676943 1.6973440 2.0177158 3.5618115 
n294_299   2.6610406 1.9093865 0.1366378 1.9969858 1.9053274 0.2834806 0.2835127 0.3045043 0.6517089 1.8789736 0.2641413 1.9495294 2.6485340 0.1285124 0.0000000 1.8383994 2.1882472 1.2559620 0.2940769 0.0306485 2.2427692 0.1366937 1.9157723 1.6929849 1.9040607 2.9949852 
n244_245   2.3816103 2.6783664 1.9013543 3.3010390 2.9796984 1.7835772 2.0537392 2.0273200 1.9624038 2.8022172 2.0106875 2.8795559 2.1150702 1.8296543 1.8383994 0.0000000 2.3835614 2.4891254 1.9723144 1.9929894 2.4541679 1.8815460 3.1227762 2.8756726 2.9309829 2.1373797 
n285_290   1.0878419 2.4974331 2.3748371 1.7932822 2.1081923 2.4592264 2.7529388 2.5087638 9.0000000 2.0499698 2.5490815 2.1094592 2.7905684 2.0160987 2.1882472 2.3835614 0.0000000 2.1820664 2.8644475 2.4012385 0.0595309 2.0475413 2.3233282 2.0999395 1.9049803 1.0061841 
n200_203   2.1343236 2.3571100 1.3528516 2.5369951 2.5273077 1.3570732 1.3350355 1.3594532 1.3268234 2.4508928 1.2888499 2.4578351 2.9085247 1.2574480 1.2559620 2.4891254 2.1820664 0.0000000 1.3855833 1.2770644 2.2868578 1.2398094 2.7178151 2.7047918 2.5246440 2.0144483 
n287_292   2.4736650 1.6109553 0.3643378 2.1921627 2.2003068 0.1706496 0.0518857 0.1835651 0.6545150 2.0488885 0.0412563 2.0986230 2.2712616 0.3320277 0.2940769 1.9723144 2.8644475 1.3855833 0.0000000 0.3159110 2.8536065 0.3265627 2.1579605 1.9301569 1.9541890 2.4037871 
n293_298   2.7336695 2.1560367 0.1286428 1.9736898 1.9027076 0.3047893 0.3049676 0.3265417 0.6268154 1.8764724 0.2850071 1.9902141 2.8305806 0.1204270 0.0306485 1.9929894 2.4012385 1.2770644 0.3159110 0.0000000 2.4689711 0.1327272 1.9131085 1.6278952 1.9724489 3.1864592 
n286_291   1.0670873 2.3530736 2.5246848 1.9194728 2.3108119 2.4148578 2.6715849 2.5770342 5.5786449 2.2986051 2.4811890 2.3129872 2.6233705 2.1171560 2.2427692 2.4541679 0.0595309 2.2868578 2.8536065 2.4689711 0.0000000 2.0954401 2.5720542 2.2155627 1.9495520 0.9483280 
n297_302   2.5918617 1.8479136 0.1330730 2.0802652 1.8725392 0.3314836 0.3154494 0.3148903 0.6803094 1.8860639 0.2945258 1.9568117 2.8214395 0.0307067 0.1366937 1.8815460 2.0475413 1.2398094 0.3265627 0.1327272 2.0954401 0.0000000 1.9229377 1.6639368 1.9796986 2.9122747 
n292_297   3.0189914 2.5705203 2.1465444 0.5298534 0.0344539 2.1783668 2.1939012 2.3190681 2.2413309 0.1136040 1.9824425 0.0451521 2.3640362 1.9676943 1.9157723 3.1227762 2.3233282 2.7178151 2.1579605 1.9131085 2.5720542 1.9229377 0.0000000 0.1423659 0.5922083 2.4785174 
n274_279   3.0342710 2.8647193 1.7871053 0.4902585 0.1255242 1.9743330 1.9004904 2.0863643 2.3743789 0.1339397 1.7729140 0.1378342 3.0271208 1.6973440 1.6929849 2.8756726 2.0999395 2.7047918 1.9301569 1.6278952 2.2155627 1.6639368 0.1423659 0.0000000 0.5353023 2.4048048 
n278_283   2.6049958 3.2863882 2.0659969 0.1331925 0.5596161 1.8901853 2.0355404 1.9461027 2.1557629 0.5156738 1.8868839 0.5596144 3.1403552 2.0177158 1.9040607 2.9309829 1.9049803 2.5246440 1.9541890 1.9724489 1.9495520 1.9796986 0.5922083 0.5353023 0.0000000 2.2495135 
n265_268   0.1845544 3.0461403 3.1331325 1.9509669 2.3866692 2.9729758 2.7435721 3.2111007 2.7088819 2.4924747 2.5323717 2.2676300 2.6398603 3.5618115 2.9949852 2.1373797 1.0061841 2.0144483 2.4037871 3.1864592 0.9483280 2.9122747 2.4785174 2.4048048 2.2495135 0.0000000 
