26
n244_251   0.0000000 5.1709076 2.1656754 1.9755328 9.0000000 3.7141102 9.0000000 2.5226093 9.0000000 9.0000000 2.1135995 9.0000000 2.1658329 2.3698611 9.0000000 7.0477464 2.2865640 2.4014640 3.6270581 2.1079289 6.7532120 1.8346300 3.5437217 2.3724777 2.0218910 3.3442992 
n275_282   5.1709076 0.0000000 2.1327062 5.0539149 0.3284855 2.7062917 0.2911962 1.1108201 0.3021778 0.2920180 2.1657142 0.5932374 3.9364124 2.4157954 0.3074325 0.1004185 2.1266622 2.1315882 0.1444635 2.0907219 0.0850949 2.2533832 0.1401675 2.9512493 2.2747940 2.4018094 
n278_285   2.1656754 2.1327062 0.0000000 2.1058379 1.7915558 1.4585676 1.8569018 1.9277386 1.9049797 2.0398081 0.4686512 1.9914807 2.4524636 1.4112249 1.9801081 2.0459846 0.4680085 0.5299739 2.1049303 0.4629474 1.9219691 0.1089358 1.9640169 1.3324982 0.4617793 1.4878241 
n255_262   1.9755328 5.0539149 2.1058379 0.0000000 4.1969428 3.4719182 3.3310660 2.6738738 3.2758039 4.3094682 2.7450453 9.0000000 0.2756448 4.1833125 3.5862995 7.1111198 2.9045474 2.9613436 5.2363043 3.0637488 9.0000000 2.0726630 5.0547367 2.6347553 2.7577474 2.9335003 
n287_294   9.0000000 0.3284855 1.7915558 4.1969428 0.0000000 2.5648542 0.1533567 1.2117378 0.1577813 0.0629694 1.9989606 0.6663797 6.4600569 2.3012517 0.0666697 0.3232478 1.9384321 2.2241794 0.3034917 2.0703420 0.3131817 2.2600833 0.3081614 3.0709839 2.1911412 2.4914514 
n286_293   3.7141102 2.7062917 1.4585676 3.4719182 2.5648542 0.0000000 2.3978131 1.8531569 2.3912525 2.8136810 1.7759924 1.8409715 3.2938433 0.8840365 2.7435318 2.5752345 2.0750468 2.0292744 2.4340224 1.7638562 2.7690173 1.3348086 2.5834857 0.8828885 1.8096975 0.0593431 
n295_302   9.0000000 0.2911962 1.8569018 3.3310660 0.1533567 2.3978131 0.0000000 1.2677133 0.0413204 0.1408125 2.0492632 0.6317713 4.2557479 2.5230139 0.1491300 0.3127401 2.2488870 2.6115483 0.2726631 1.9881794 0.2869142 2.1635097 0.2722282 3.4180293 2.3232851 2.3356998 
n200_207   2.5226093 1.1108201 1.9277386 2.6738738 1.2117378 1.8531569 1.2677133 0.0000000 1.1998030 1.1886148 1.7902170 1.1019918 9.0000000 2.0461837 1.2664795 1.1949136 1.7205654 2.1331279 1.1470166 1.8767558 1.1640463 1.9170220 1.1339188 2.3008755 1.8354251 1.8706578 
n296_303   9.0000000 0.3021778 1.9049797 3.2758039 0.1577813 2.3912525 0.0413204 1.1998030 0.0000000 0.1410315 1.9291765 0.6060995 4.1237335 2.7361842 0.1493636 0.3132090 2.0639987 2.3254417 0.2731447 1.8745140 0.2978432 2.2850878 0.2727082 3.7107270 2.1663581 2.3296686 
n289_296   9.0000000 0.2920180 2.0398081 4.3094682 0.0629694 2.8136810 0.1408125 1.1886148 0.1410315 0.0000000 2.0070481 0.6310206 4.7093346 2.4836169 0.0484296 0.3080201 1.9369443 2.1770516 0.2933563 1.9783017 0.2927574 2.6174561 0.2928823 3.2147046 2.2063083 2.6428278 
n300_307   2.1135995 2.1657142 0.4686512 2.7450453 1.9989606 1.7759924 2.0492632 1.7902170 1.9291765 2.0070481 0.0000000 2.4098159 4.1165999 1.6885303 2.1423982 2.0797269 0.1488568 0.1529446 2.0594973 0.0593983 1.9823250 0.4897647 2.0530227 1.7076603 0.0307403 1.7877651 
n236_243   9.0000000 0.5932374 1.9914807 9.0000000 0.6663797 1.8409715 0.6317713 1.1019918 0.6060995 0.6310206 2.4098159 0.0000000 9.0000000 1.8833697 0.6565562 0.5767060 2.0120537 2.0542222 0.5808010 2.4999537 0.5713738 2.0393666 0.5815996 2.1073627 2.4753336 1.8824028 
n251_258   2.1658329 3.9364124 2.4524636 0.2756448 6.4600569 3.2938433 4.2557479 9.0000000 4.1237335 4.7093346 4.1165999 9.0000000 0.0000000 3.1404476 4.7837028 4.5187464 3.6027371 3.4007079 3.8583476 3.9789969 5.3275547 2.2339076 3.9430327 2.6446257 3.4281424 2.6051850 
n266_273   2.3698611 2.4157954 1.4112249 4.1833125 2.3012517 0.8840365 2.5230139 2.0461837 2.7361842 2.4836169 1.6885303 1.8833697 3.1404476 0.0000000 2.7501350 2.4992947 1.7761334 1.5683202 2.4228879 1.6402947 2.6996644 1.4736139 2.6750075 0.1740890 1.6282354 0.8485370 
n290_297   9.0000000 0.3074325 1.9801081 3.5862995 0.0666697 2.7435318 0.1491300 1.2664795 0.1493636 0.0484296 2.1423982 0.6565562 4.7837028 2.7501350 0.0000000 0.3133815 2.0611063 2.3785014 0.2885495 2.1212661 0.2980029 2.7603535 0.2880840 3.1951234 2.3164674 2.7404011 
n293_300   7.0477464 0.1004185 2.0459846 7.1111198 0.3232478 2.5752345 0.3127401 1.1949136 0.3132090 0.3080201 2.0797269 0.5767060 4.5187464 2.4992947 0.3133815 0.0000000 2.1198994 2.1363293 0.1530480 2.0939874 0.0448076 2.1557459 0.1486815 3.0761678 2.1794480 2.5107358 
n274_281   2.2865640 2.1266622 0.4680085 2.9045474 1.9384321 2.0750468 2.2488870 1.7205654 2.0639987 1.9369443 0.1488568 2.0120537 3.6027371 1.7761334 2.0611063 2.1198994 0.0000000 0.1741430 1.9890345 0.1533319 2.0195907 0.4890782 2.0306792 1.7028331 0.1446221 2.0372197 
n280_287   2.4014640 2.1315882 0.5299739 2.9613436 2.2241794 2.0292744 2.6115483 2.1331279 2.3254417 2.1770516 0.1529446 2.0542222 3.4007079 1.5683202 2.3785014 2.1363293 0.1741430 0.0000000 2.0857447 0.1700740 2.0768503 0.5310261 1.9846445 1.5841144 0.1611337 2.0892356 
n298_305   3.6270581 0.1444635 2.1049303 5.2363043 0.3034917 2.4340224 0.2726631 1.1470166 0.2731447 0.2933563 2.0594973 0.5808010 3.8583476 2.4228879 0.2885495 0.1530480 1.9890345 2.0857447 0.0000000 2.0014751 0.1324199 2.0035161 0.0307228 2.8078530 2.2054583 2.2976555 
n292_299   2.1079289 2.0907219 0.4629474 3.0637488 2.0703420 1.7638562 1.9881794 1.8767558 1.8745140 1.9783017 0.0593983 2.4999537 3.9789969 1.6402947 2.1212661 2.0939874 0.1533319 0.1700740 2.0014751 0.0000000 1.9947516 0.4896087 1.9954348 1.7540845 0.0594202 1.7755140 
n294_301   6.7532120 0.0850949 1.9219691 9.0000000 0.3131817 2.7690173 0.2869142 1.1640463 0.2978432 0.2927574 1.9823250 0.5713738 5.3275547 2.6996644 0.2980029 0.0448076 2.0195907 2.0768503 0.1324199 1.9947516 0.0000000 2.0173030 0.1282057 3.5706443 2.0715334 2.5173804 
n277_284   1.8346300 2.2533832 0.1089358 2.0726630 2.2600833 1.3348086 2.1635097 1.9170220 2.2850878 2.6174561 0.4897647 2.0393666 2.2339076 1.4736139 2.7603535 2.1557459 0.4890782 0.5310261 2.0035161 0.4896087 2.0173030 0.0000000 1.8766485 1.3942926 0.4828298 1.4091618 
n297_304   3.5437217 0.1401675 1.9640169 5.0547367 0.3081614 2.5834857 0.2722282 1.1339188 0.2727082 0.2928823 2.0530227 0.5815996 3.9430327 2.6750075 0.2880840 0.1486815 2.0306792 1.9846445 0.0307228 1.9954348 0.1282057 1.8766485 0.0000000 2.8777830 2.1976341 2.4265749 
n265_272   2.3724777 2.9512493 1.3324982 2.6347553 3.0709839 0.8828885 3.4180293 2.3008755 3.7107270 3.2147046 1.7076603 2.1073627 2.6446257 0.1740890 3.1951234 3.0761678 1.7028331 1.5841144 2.8078530 1.7540845 3.5706443 1.3942926 2.8777830 0.0000000 1.6806923 0.8457671 
n299_306   2.0218910 2.2747940 0.4617793 2.7577474 2.1911412 1.8096975 2.3232851 1.8354251 2.1663581 2.2063083 0.0307403 2.4753336 3.4281424 1.6282354 2.3164674 2.1794480 0.1446221 0.1611337 2.2054583 0.0594202 2.0715334 0.4828298 2.1976341 1.6806923 0.0000000 1.7882791 
n285_292   3.3442992 2.4018094 1.4878241 2.9335003 2.4914514 0.0593431 2.3356998 1.8706578 2.3296686 2.6428278 1.7877651 1.8824028 2.6051850 0.8485370 2.7404011 2.5107358 2.0372197 2.0892356 2.2976555 1.7755140 2.5173804 1.4091618 2.4265749 0.8457671 1.7882791 0.0000000 
