25
n299_292   0.0000000 2.1662302 1.7592805 1.7932823 2.5128863 0.1021728 2.1060397 2.4493021 0.0381007 9.0000000 2.3234476 4.0952672 1.8187823 9.0000000 2.2996512 1.8723780 2.5485142 1.9726749 0.4992669 3.7582104 2.4641561 0.0135446 0.1304911 3.8313808 0.5155335 
n290_283   2.1662302 0.0000000 0.3325464 0.3317961 0.8118016 2.3283589 0.3273429 0.1596503 2.4766239 2.8435557 0.0448085 2.1732627 0.3395110 3.5959856 0.0668120 1.1456162 2.1432305 0.3058571 2.2428250 2.2633627 0.1638611 2.3314937 2.1974309 2.1938086 2.2216215 
n298_291   1.7592805 0.3325464 0.0000000 0.0305664 0.8391899 1.9489404 0.1369842 0.3460937 1.9544659 2.8319513 0.3320688 2.7855926 0.1415998 3.1020535 0.3385718 1.0641722 1.6477100 0.1327080 2.1214889 1.8395780 0.3404823 1.8698783 1.9210928 2.2971089 2.1476100 
n297_290   1.7932823 0.3317961 0.0305664 0.0000000 0.8148513 1.9461518 0.1246499 0.3288146 1.9959917 2.6468133 0.3313207 2.8512829 0.1291384 2.8946054 0.3378022 1.1065773 1.7520071 0.1203796 2.0567347 1.9646792 0.3288255 1.9080641 1.9183903 2.4017845 2.1196769 
n236_231   2.5128863 0.8118016 0.8391899 0.8148513 0.0000000 2.7342035 0.8042659 0.8312112 2.6042921 3.7772410 0.8444383 2.6894855 0.7919509 2.7498387 0.8573722 1.2617988 2.8602045 0.8121368 2.3733302 2.6178150 0.8536051 2.7222842 2.9464543 2.6249936 2.9303909 
n280_273   0.1021728 2.3283589 1.9489404 1.9461518 2.7342035 0.0000000 2.2479977 2.6818737 0.0943219 9.0000000 2.5130875 3.2628291 1.9256635 8.9999985 2.4712594 2.1812577 2.8128294 2.0376439 0.4608857 3.8282577 2.6204019 0.1020317 0.0977682 2.9532911 0.4823839 
n294_287   2.1060397 0.3273429 0.1369842 0.1246499 0.8042659 2.2479977 0.0000000 0.3059105 2.2780514 2.2571993 0.3378099 2.5100956 0.0932027 2.9653117 0.3328200 0.9819735 1.5936940 0.0305697 2.1611192 1.7123247 0.3218571 2.2638824 2.2583147 2.3238844 2.1902864 
n295_288   2.4493021 0.1596503 0.3460937 0.3288146 0.8312112 2.6818737 0.3059105 0.0000000 2.8697432 2.5982999 0.1639429 2.6656075 0.3238565 2.7063996 0.1732848 1.0476036 2.0422165 0.2952679 2.2360086 2.2370098 0.0343696 2.6688190 2.4865946 2.6140941 2.4327288 
n292_285   0.0381007 2.4766239 1.9544659 1.9959917 2.6042921 0.0943219 2.2780514 2.8697432 0.0000000 9.0000000 2.6883168 3.7074725 1.9040945 9.0000000 2.6535630 1.8710115 2.9936105 2.1231736 0.5090658 4.3433101 2.8929906 0.0380503 0.1222924 3.4698325 0.5152092 
n255_248   9.0000000 2.8435557 2.8319513 2.6468133 3.7772410 9.0000000 2.2571993 2.5982999 9.0000000 0.0000000 3.2082929 3.0462200 2.6875665 0.3060949 2.9107387 2.8301371 2.2088427 2.3686146 4.1770189 2.5923998 2.5520159 9.0000000 9.0000000 3.3296149 4.2670828 
n289_282   2.3234476 0.0448085 0.3320688 0.3313207 0.8444383 2.5130875 0.3378099 0.1639429 2.6883168 3.2082929 0.0000000 2.1717465 0.3331361 3.5919934 0.0630634 1.1601798 2.1956505 0.3213588 2.5216719 2.2648551 0.1681784 2.5159475 2.4103800 2.1922979 2.4945817 
n286_279   4.0952672 2.1732627 2.7855926 2.8512829 2.6894855 3.2628291 2.5100956 2.6656075 3.7074725 3.0462200 2.1717465 0.0000000 2.8191125 3.9800029 2.2584482 1.9492098 1.3870994 2.7110446 2.5530402 1.2681361 2.7992565 4.5762161 4.2946653 0.0558336 2.4288624 
n275_268   1.8187823 0.3395110 0.1415998 0.1291384 0.7919509 1.9256635 0.0932027 0.3238565 1.9040945 2.6875665 0.3331361 2.8191125 0.0000000 3.6369499 0.3394819 1.0621104 1.6708431 0.0970689 2.0133933 1.7822723 0.3407909 1.9373709 2.0171889 2.3286378 1.9782564 
n251_244   9.0000000 3.5959856 3.1020535 2.8946054 2.7498387 8.9999985 2.9653117 2.7063996 9.0000000 0.3060949 3.5919934 3.9800029 3.6369499 0.0000000 3.7744896 3.0643243 2.4245276 2.9436360 3.7366144 2.7546246 2.7432970 9.0000000 8.9999989 4.6784591 4.2435295 
n287_280   2.2996512 0.0668120 0.3385718 0.3378022 0.8573722 2.4712594 0.3328200 0.1732848 2.6535630 2.9107387 0.0630634 2.2584482 0.3394819 3.7744896 0.0000000 1.1607252 2.1799177 0.3164635 2.5600611 2.3551514 0.1775878 2.4867913 2.3878847 2.2805819 2.5322414 
n200_199   1.8723780 1.1456162 1.0641722 1.1065773 1.2617988 2.1812577 0.9819735 1.0476036 1.8710115 2.8301371 1.1601798 1.9492098 1.0621104 3.0643243 1.1607252 0.0000000 1.9015326 0.9956912 2.3016325 1.9592945 1.1084018 1.8756801 2.4892330 1.9203643 2.1529606 
n266_259   2.5485142 2.1432305 1.6477100 1.7520071 2.8602045 2.8128294 1.5936940 2.0422165 2.9936105 2.2088427 2.1956505 1.3870994 1.6708431 2.4245276 2.1799177 1.9015326 0.0000000 1.5658635 2.3572818 0.1953038 2.1388129 2.6306757 2.6082261 1.3996489 2.3071661 
n293_286   1.9726749 0.3058571 0.1327080 0.1203796 0.8121368 2.0376439 0.0305697 0.2952679 2.1231736 2.3686146 0.3213588 2.7110446 0.0970689 2.9436360 0.3164635 0.9956912 1.5658635 0.0000000 2.1101773 1.7067946 0.3109761 2.1108013 2.0479190 2.3697313 2.1373404 
n278_271   0.4992669 2.2428250 2.1214889 2.0567347 2.3733302 0.4608857 2.1611192 2.2360086 0.5090658 4.1770189 2.5216719 2.5530402 2.0133933 3.7366144 2.5600611 2.3016325 2.3572818 2.1101773 0.0000000 3.4436738 2.0699455 0.5066253 0.4665430 2.6381722 0.1518053 
n265_258   3.7582104 2.2633627 1.8395780 1.9646792 2.6178150 3.8282577 1.7123247 2.2370098 4.3433101 2.5923998 2.2648551 1.2681361 1.7822723 2.7546246 2.3551514 1.9592945 0.1953038 1.7067946 3.4436738 0.0000000 2.1883374 4.1044474 3.2652240 1.2570533 3.2343161 
n296_289   2.4641561 0.1638611 0.3404823 0.3288255 0.8536051 2.6204019 0.3218571 0.0343696 2.8929906 2.5520159 0.1681784 2.7992565 0.3407909 2.7432970 0.1775878 1.1084018 2.1388129 0.3109761 2.0699455 2.1883374 0.0000000 2.6877842 2.4339983 2.6780487 2.4197235 
n300_293   0.0135446 2.3314937 1.8698783 1.9080641 2.7222842 0.1020317 2.2638824 2.6688190 0.0380503 9.0000000 2.5159475 4.5762161 1.9373709 9.0000000 2.4867913 1.8756801 2.6306757 2.1108013 0.5066253 4.1044474 2.6877842 0.0000000 0.1303075 4.1809384 0.5136292 
n274_267   0.1304911 2.1974309 1.9210928 1.9183903 2.9464543 0.0977682 2.2583147 2.4865946 0.1222924 9.0000000 2.4103800 4.2946653 2.0171889 8.9999989 2.3878847 2.4892330 2.6082261 2.0479190 0.4665430 3.2652240 2.4339983 0.1303075 0.0000000 3.5061525 0.5028185 
n285_278   3.8313808 2.1938086 2.2971089 2.4017845 2.6249936 2.9532911 2.3238844 2.6140941 3.4698325 3.3296149 2.1922979 0.0558336 2.3286378 4.6784591 2.2805819 1.9203643 1.3996489 2.3697313 2.6381722 1.2570533 2.6780487 4.1809384 3.5061525 0.0000000 2.5151474 
n277_270   0.5155335 2.2216215 2.1476100 2.1196769 2.9303909 0.4823839 2.1902864 2.4327288 0.5152092 4.2670828 2.4945817 2.4288624 1.9782564 4.2435295 2.5322414 2.1529606 2.3071661 2.1373404 0.1518053 3.2343161 2.4197235 0.5136292 0.5028185 2.5151474 0.0000000 
