26
n299_300   0.0000000 0.0134734 2.3447355 2.4531155 3.0404032 0.4274356 2.2773061 1.9674272 0.1706546 2.2364437 2.2287751 2.5047266 0.0627843 0.4077349 3.1824526 2.5043693 2.0523645 2.1779889 2.4392324 4.7954521 2.2105586 2.0935700 2.1681010 1.8575691 0.0971970 2.1539472 
n300_301   0.0134734 0.0000000 2.4220639 2.5038738 3.0254051 0.4084659 2.3373423 2.0607581 0.1534949 2.3055566 2.3542227 2.5889298 0.0482757 0.3893169 3.2057421 2.5886647 1.9599073 2.0734991 2.5253468 4.9484386 2.2737149 2.2026542 2.0188504 1.7871421 0.0818149 2.2132719 
n290_291   2.3447355 2.4220639 0.0000000 6.5524765 3.8855880 2.9622652 1.0527563 0.6984558 2.1691926 0.0521475 0.1370168 0.3673999 2.2252072 2.5790552 0.3664576 0.3671724 2.8596994 2.3604673 0.0594142 3.3397353 0.3499824 0.1623462 2.1850082 2.0091752 2.1027852 0.3270469 
n244_245   2.4531155 2.5038738 6.5524765 0.0000000 2.2137691 2.5188917 3.1653306 3.6568954 2.6026709 8.9999987 4.8168312 3.9109238 2.5762961 2.5188990 3.7422511 3.9193389 3.3406075 3.0655443 4.5854137 2.4407190 3.1032862 4.0147455 4.3993671 3.2685614 2.8780775 3.4879272 
n255_256   3.0404032 3.0254051 3.8855880 2.2137691 0.0000000 3.1991694 2.2758981 2.4671707 3.1521961 3.6559227 3.4232739 4.6460558 3.2557425 3.3390083 8.9999986 5.2839824 3.1316482 2.9085668 4.4248936 0.3825407 4.7414375 3.2342084 4.3627573 4.2866402 2.7254123 8.9999985 
n277_278   0.4274356 0.4084659 2.9622652 2.5188917 3.1991694 0.0000000 2.6964214 2.3537052 0.4013648 2.7306040 2.5411077 2.3925283 0.4005091 0.1197138 2.7245426 2.4770408 2.1239935 2.0503022 2.8269549 3.9640735 2.2266040 2.4930961 3.3488469 3.5970891 0.4155960 2.1184701 
n200_201   2.2773061 2.3373423 1.0527563 3.1653306 2.2758981 2.6964214 0.0000000 0.9602666 2.0319781 1.0111269 1.0224059 1.1322730 2.1016055 3.0286478 1.1769679 1.2259866 2.6325820 2.8047813 1.0556085 2.7032914 1.1907132 1.0250914 2.7553306 2.8338217 2.2292455 1.1594017 
n236_237   1.9674272 2.0607581 0.6984558 3.6568954 2.4671707 2.3537052 0.9602666 0.0000000 2.1647819 0.6546956 0.6786452 0.7508152 2.0429777 2.3777775 0.7445195 0.7233475 2.2987391 1.9990331 0.6916318 3.3244184 0.6930578 0.6984372 2.0880749 1.8160763 2.0800330 0.6727640 
n274_275   0.1706546 0.1534949 2.1691926 2.6026709 3.1521961 0.4013648 2.0319781 2.1647819 0.0000000 2.2794721 2.2609616 2.0744335 0.1739670 0.3783302 2.9589694 2.4332837 1.9156230 1.9341394 2.3205541 8.9999989 2.0104487 2.1348943 1.9796468 1.7726219 0.1493961 1.9622605 
n289_290   2.2364437 2.3055566 0.0521475 8.9999987 3.6559227 2.7306040 1.0111269 0.6546956 2.2794721 0.0000000 0.1126410 0.3386050 2.1272387 2.3387921 0.3276711 0.3277151 2.6535110 2.2310291 0.0413843 3.0922176 0.3218809 0.1369965 1.9585917 1.9987430 1.9622423 0.2949763 
n296_297   2.2287751 2.3542227 0.1370168 4.8168312 3.4232739 2.5411077 1.0224059 0.6786452 2.2609616 0.1126410 0.0000000 0.3103877 2.2234888 2.1891775 0.3215540 0.3103808 2.8801779 2.4435626 0.1048492 2.9179013 0.2841900 0.0413042 2.0602341 2.0993635 1.9979911 0.2587678 
n275_276   2.5047266 2.5889298 0.3673999 3.9109238 4.6460558 2.3925283 1.1322730 0.7508152 2.0744335 0.3386050 0.3103877 0.0000000 2.5139119 2.1283681 0.1624969 0.1496030 2.7163420 2.2068300 0.3436498 3.4097295 0.1291081 0.3267010 2.1483218 2.1812249 2.1055982 0.1289319 
n292_293   0.0627843 0.0482757 2.2252072 2.5762961 3.2557425 0.4005091 2.1016055 2.0429777 0.1739670 2.1272387 2.2234888 2.5139119 0.0000000 0.3930996 2.9223723 2.4841664 2.0478160 2.1232145 2.2650270 8.9999983 2.1798333 2.0871317 1.8689654 1.7007142 0.1043970 2.1887566 
n278_279   0.4077349 0.3893169 2.5790552 2.5188990 3.3390083 0.1197138 3.0286478 2.3777775 0.3783302 2.3387921 2.1891775 2.1283681 0.3930996 0.0000000 2.4723849 2.2750932 2.3694995 2.2602314 2.3121358 3.5050359 1.9782964 2.0175893 3.2916119 3.7053530 0.3959781 1.9744027 
n298_299   3.1824526 3.2057421 0.3664576 3.7422511 8.9999986 2.7245426 1.1769679 0.7445195 2.9589694 0.3276711 0.3215540 0.1624969 2.9223723 2.4723849 0.0000000 0.0414385 2.5004179 2.2625863 0.3433666 2.7970669 0.1498344 0.3388855 1.8424494 1.9392146 2.5274489 0.1373902 
n297_298   2.5043693 2.5886647 0.3671724 3.9193389 5.2839824 2.4770408 1.2259866 0.7233475 2.4332837 0.3277151 0.3103808 0.1496030 2.4841664 2.2750932 0.0414385 0.0000000 2.5132516 2.3814482 0.3434418 2.8808463 0.1331444 0.3272816 1.8229699 1.8457501 2.2019204 0.1290309 
n286_287   2.0523645 1.9599073 2.8596994 3.3406075 3.1316482 2.1239935 2.6325820 2.2987391 1.9156230 2.6535110 2.8801779 2.7163420 2.0478160 2.3694995 2.5004179 2.5132516 0.0000000 0.0704550 2.8510107 2.6896742 2.4927690 2.6958846 1.0036825 1.0203835 1.9215047 2.5690091 
n285_286   2.1779889 2.0734991 2.3604673 3.0655443 2.9085668 2.0503022 2.8047813 1.9990331 1.9341394 2.2310291 2.4435626 2.2068300 2.1232145 2.2602314 2.2625863 2.3814482 0.0704550 0.0000000 2.4200968 2.5954001 2.0684886 2.2549950 1.0054879 1.0390960 1.9765136 2.1169343 
n287_288   2.4392324 2.5253468 0.0594142 4.5854137 4.4248936 2.8269549 1.0556085 0.6916318 2.3205541 0.0413843 0.1048492 0.3436498 2.2650270 2.3121358 0.3433666 0.3434418 2.8510107 2.4200968 0.0000000 3.9540015 0.3319791 0.1289261 2.0924886 2.1763953 2.1130883 0.3047321 
n251_252   4.7954521 4.9484386 3.3397353 2.4407190 0.3825407 3.9640735 2.7032914 3.3244184 8.9999989 3.0922176 2.9179013 3.4097295 8.9999983 3.5050359 2.7970669 2.8808463 2.6896742 2.5954001 3.9540015 0.0000000 3.3310680 3.1569372 3.5021095 8.9999985 3.8496568 3.3490042 
n294_295   2.2105586 2.2737149 0.3499824 3.1032862 4.7414375 2.2266040 1.1907132 0.6930578 2.0104487 0.3218809 0.2841900 0.1291081 2.1798333 1.9782964 0.1498344 0.1331444 2.4927690 2.0684886 0.3319791 3.3310680 0.0000000 0.3001313 2.0274344 1.9283610 1.8817711 0.0413731 
n295_296   2.0935700 2.2026542 0.1623462 4.0147455 3.2342084 2.4930961 1.0250914 0.6984372 2.1348943 0.1369965 0.0413042 0.3267010 2.0871317 2.0175893 0.3388855 0.3272816 2.6958846 2.2549950 0.1289261 3.1569372 0.3001313 0.0000000 2.0668056 2.0658749 1.9625241 0.2740850 
n266_267   2.1681010 2.0188504 2.1850082 4.3993671 4.3627573 3.3488469 2.7553306 2.0880749 1.9796468 1.9585917 2.0602341 2.1483218 1.8689654 3.2916119 1.8424494 1.8229699 1.0036825 1.0054879 2.0924886 3.5021095 2.0274344 2.0668056 0.0000000 0.2047691 2.0167753 2.1613755 
n265_266   1.8575691 1.7871421 2.0091752 3.2685614 4.2866402 3.5970891 2.8338217 1.8160763 1.7726219 1.9987430 2.0993635 2.1812249 1.7007142 3.7053530 1.9392146 1.8457501 1.0203835 1.0390960 2.1763953 8.9999985 1.9283610 2.0658749 0.2047691 0.0000000 1.9727314 2.0492245 
n280_281   0.0971970 0.0818149 2.1027852 2.8780775 2.7254123 0.4155960 2.2292455 2.0800330 0.1493961 1.9622423 1.9979911 2.1055982 0.1043970 0.3959781 2.5274489 2.2019204 1.9215047 1.9765136 2.1130883 3.8496568 1.8817711 1.9625241 2.0167753 1.9727314 0.0000000 1.8765467 
n293_294   2.1539472 2.2132719 0.3270469 3.4879272 8.9999985 2.1184701 1.1594017 0.6727640 1.9622605 0.2949763 0.2587678 0.1289319 2.1887566 1.9744027 0.1373902 0.1290309 2.5690091 2.1169343 0.3047321 3.3490042 0.0413731 0.2740850 2.1613755 2.0492245 1.8765467 0.0000000 
