22
n236_235   0.0000000 0.2395936 0.2929074 0.1004815 0.1161039 0.3555156 0.1083414 0.2354212 0.2123405 0.1120983 0.2879814 0.2878116 0.2929477 0.1122377 0.2729848 0.1653143 0.1082071 0.3612616 0.2977350 0.1044609 0.2304355 0.3708772 
n285_284   0.2395936 0.0000000 0.2350703 0.2124391 0.2262056 0.3332036 0.2262050 0.1125385 0.0967827 0.2214732 0.2350445 0.2397177 0.2445109 0.2307685 0.2258284 0.2403301 0.2169684 0.3074526 0.2300203 0.2171936 0.0067010 0.3155567 
n277_276   0.2929074 0.2350703 0.0000000 0.2728797 0.2775359 0.3832466 0.2878599 0.2269041 0.2040303 0.2769986 0.0518560 0.0518277 0.0554447 0.2830246 0.0482624 0.2790113 0.2721635 0.3779713 0.0168092 0.2780936 0.2259615 0.4104555 
n289_288   0.1004815 0.2124391 0.2728797 0.0000000 0.0410931 0.3171647 0.0168360 0.2260226 0.1989068 0.0375519 0.2680866 0.2679292 0.2729186 0.0202495 0.2535042 0.1400735 0.0340585 0.3278767 0.2727507 0.0066793 0.2124067 0.3309419 
n293_292   0.1161039 0.2262056 0.2775359 0.0410931 0.0000000 0.3283486 0.0517845 0.2354893 0.2079959 0.0100563 0.2730182 0.2728577 0.2778829 0.0553685 0.2583346 0.1565984 0.0066890 0.3392434 0.2822639 0.0446759 0.2261705 0.3583509 
n251_250   0.3555156 0.3332036 0.3832466 0.3171647 0.3283486 0.0000000 0.3225324 0.3266207 0.3008773 0.3125112 0.3716759 0.3714523 0.3721295 0.3226144 0.3436262 0.3485862 0.3175877 0.0666464 0.3775749 0.3227942 0.3282379 0.2653987 
n295_294   0.1083414 0.2262050 0.2878599 0.0168360 0.0517845 0.3225324 0.0000000 0.2307010 0.2123951 0.0481817 0.2778386 0.2776751 0.2827348 0.0033334 0.2630582 0.1524969 0.0446337 0.3333269 0.2926572 0.0236841 0.2261699 0.3416153 
n266_265   0.2354212 0.1125385 0.2269041 0.2260226 0.2354893 0.3266207 0.2307010 0.0000000 0.0342363 0.2306906 0.2316520 0.2315164 0.2362698 0.2352893 0.2177335 0.2403335 0.2261300 0.3116235 0.2313593 0.2308772 0.1047632 0.3149402 
n265_264   0.2123405 0.0967827 0.2040303 0.1989068 0.2079959 0.3008773 0.2123951 0.0342363 0.0000000 0.2033949 0.2086168 0.2084956 0.2130870 0.2168696 0.1951559 0.2082392 0.1990011 0.2860197 0.2083539 0.2035567 0.0891836 0.2793761 
n275_274   0.1120983 0.2214732 0.2769986 0.0375519 0.0100563 0.3125112 0.0481817 0.2306906 0.2033949 0.0000000 0.2724903 0.2723304 0.2773443 0.0517447 0.2578392 0.1523361 0.0033345 0.3231653 0.2817164 0.0411110 0.2214391 0.3525745 
n280_279   0.2879814 0.2350445 0.0518560 0.2680866 0.2730182 0.3716759 0.2778386 0.2316520 0.2086168 0.2724903 0.0000000 0.0134752 0.0168915 0.2730684 0.0168776 0.2693641 0.2676794 0.3778897 0.0554158 0.2732627 0.2306873 0.3985536 
n299_298   0.2878116 0.2397177 0.0518277 0.2679292 0.2728577 0.3714523 0.2776751 0.2315164 0.2084956 0.2723304 0.0134752 0.0000000 0.0033452 0.2729079 0.0168686 0.2692053 0.2675224 0.3776621 0.0553855 0.2685673 0.2305528 0.3870201 
n292_291   0.2929477 0.2445109 0.0554447 0.2729186 0.2778829 0.3721295 0.2827348 0.2362698 0.2130870 0.2773443 0.0168915 0.0033452 0.0000000 0.2779342 0.0202995 0.2742210 0.2725024 0.3720623 0.0590200 0.2735702 0.2352840 0.3929738 
n296_295   0.1122377 0.2307685 0.2830246 0.0202495 0.0553685 0.3226144 0.0033334 0.2352893 0.2168696 0.0517447 0.2730684 0.2729079 0.2779342 0.0000000 0.2583816 0.1566325 0.0481817 0.3334123 0.2877937 0.0271301 0.2307325 0.3469568 
n274_273   0.2729848 0.2258284 0.0482624 0.2535042 0.2583346 0.3436262 0.2630582 0.2177335 0.1951559 0.2578392 0.0168776 0.0168686 0.0202995 0.2583816 0.0000000 0.2547058 0.2531240 0.3495810 0.0518052 0.2585628 0.2168328 0.3750500 
n200_199   0.1653143 0.2403301 0.2790113 0.1400735 0.1565984 0.3485862 0.1524969 0.2403335 0.2082392 0.1523361 0.2693641 0.2692053 0.2742210 0.1566325 0.2547058 0.0000000 0.1482277 0.3659874 0.2886314 0.1443172 0.2311413 0.3639642 
n297_296   0.1082071 0.2169684 0.2721635 0.0340585 0.0066890 0.3175877 0.0446337 0.2261300 0.1990011 0.0033345 0.2676794 0.2675224 0.2725024 0.0481817 0.2531240 0.1482277 0.0000000 0.3283149 0.2768529 0.0375968 0.2169352 0.3471916 
n255_254   0.3612616 0.3074526 0.3779713 0.3278767 0.3392434 0.0666464 0.3333269 0.3116235 0.2860197 0.3231653 0.3778897 0.3776621 0.3720623 0.3334123 0.3495810 0.3659874 0.3283149 0.0000000 0.3723351 0.3335993 0.3026311 0.2758511 
n278_277   0.2977350 0.2300203 0.0168092 0.2727507 0.2822639 0.3775749 0.2926572 0.2313593 0.2083539 0.2817164 0.0554158 0.0553855 0.0590200 0.2877937 0.0518052 0.2886314 0.2768529 0.3723351 0.0000000 0.2779617 0.2209855 0.4046035 
n287_286   0.1044609 0.2171936 0.2780936 0.0066793 0.0446759 0.3227942 0.0236841 0.2308772 0.2035567 0.0411110 0.2732627 0.2685673 0.2735702 0.0271301 0.2585628 0.1443172 0.0375968 0.3335993 0.2779617 0.0000000 0.2171602 0.3366623 
n286_285   0.2304355 0.0067010 0.2259615 0.2124067 0.2261705 0.3282379 0.2261699 0.1047632 0.0891836 0.2214391 0.2306873 0.2305528 0.2352840 0.2307325 0.2168328 0.2311413 0.2169352 0.3026311 0.2209855 0.2171602 0.0000000 0.3053676 
n244_243   0.3708772 0.3155567 0.4104555 0.3309419 0.3583509 0.2653987 0.3416153 0.3149402 0.2793761 0.3525745 0.3985536 0.3870201 0.3929738 0.3469568 0.3750500 0.3639642 0.3471916 0.2758511 0.4046035 0.3366623 0.3053676 0.0000000 
