21
n236_235   0.0000000 0.3086118 0.2847256 0.1203342 0.4534598 0.1243787 0.0928197 0.3276164 0.3105423 0.3228018 0.1162368 0.1163292 0.3004428 0.3005352 0.0889838 0.3214443 0.1402210 0.2849757 0.4726850 0.3090321 0.4794414 
n285_284   0.3086118 0.0000000 0.2794787 0.2888281 0.4273253 0.2888998 0.2941685 0.1438064 0.2838528 0.1522805 0.2833908 0.2836386 0.2741170 0.2742753 0.2889332 0.2939444 0.2573647 0.2797234 0.4331725 0.0168234 0.4076101 
n277_276   0.2847256 0.2794787 0.0000000 0.3119292 0.3862246 0.3064452 0.2859030 0.2770097 0.0524285 0.2724404 0.3062552 0.3065280 0.0452514 0.0525473 0.2807022 0.0634378 0.2648817 0.0033697 0.3918009 0.2849112 0.3982862 
n293_292   0.1203342 0.2888281 0.3119292 0.0000000 0.4427879 0.0169047 0.0557993 0.2971122 0.3115799 0.3027511 0.0100790 0.0033442 0.3014386 0.3015308 0.0521621 0.3225285 0.1323349 0.3122082 0.4618126 0.2892172 0.4417694 
n251_250   0.4534598 0.4273253 0.3862246 0.4427879 0.0000000 0.4361278 0.4242161 0.4109122 0.3974092 0.4362035 0.4358100 0.4362284 0.3920444 0.3986555 0.4178245 0.3920184 0.4024683 0.3865851 0.0309163 0.4216897 0.3626391 
n297_294   0.1243787 0.2888998 0.3064452 0.0169047 0.4361278 0.0000000 0.0594645 0.2971871 0.3061004 0.3028285 0.0134768 0.0134869 0.2960355 0.3069289 0.0558057 0.3169560 0.1364537 0.3067183 0.4549760 0.2892892 0.4418173 
n289_288   0.0928197 0.2941685 0.2859030 0.0557993 0.4242161 0.0594645 0.0000000 0.3024917 0.2905497 0.3031707 0.0521219 0.0521621 0.2858157 0.2859003 0.0033466 0.3012172 0.1406392 0.2861552 0.4427865 0.2945666 0.4113740 
n266_265   0.3276164 0.1438064 0.2770097 0.2971122 0.4109122 0.2971871 0.3024917 0.0000000 0.2813387 0.0200482 0.2916352 0.2918898 0.2717088 0.2718644 0.2972230 0.2916766 0.2556514 0.2772501 0.4226860 0.1397872 0.3690063 
n300_297   0.3105423 0.2838528 0.0524285 0.3115799 0.3974092 0.3061004 0.2905497 0.2813387 0.0000000 0.2717584 0.3059108 0.3061831 0.0067402 0.0135625 0.2904759 0.0238722 0.2841542 0.0561088 0.4030586 0.2893151 0.3975818 
n265_264   0.3228018 0.1522805 0.2724404 0.3027511 0.4362035 0.3028285 0.3031707 0.0200482 0.2717584 0.0000000 0.2972163 0.2974770 0.2622358 0.2623855 0.2978860 0.2819633 0.2560072 0.2726766 0.4420753 0.1482098 0.3755076 
n275_274   0.1162368 0.2833908 0.3062552 0.0100790 0.4358100 0.0134768 0.0521219 0.2916352 0.3059108 0.2972163 0.0000000 0.0067012 0.2958544 0.2959437 0.0485085 0.3167568 0.1281554 0.3065280 0.4546378 0.2837708 0.4348924 
n294_293   0.1163292 0.2836386 0.3065280 0.0033442 0.4362284 0.0134869 0.0521621 0.2918898 0.3061831 0.2974770 0.0067012 0.0000000 0.2961166 0.2962061 0.0485459 0.3170406 0.1282579 0.3068013 0.4550785 0.2840192 0.4353044 
n280_279   0.3004428 0.2741170 0.0452514 0.3014386 0.3920444 0.2960355 0.2858157 0.2717088 0.0067402 0.2622358 0.2958544 0.2961166 0.0000000 0.0067547 0.2806139 0.0169832 0.2744065 0.0488924 0.3976623 0.2794997 0.3863514 
n292_291   0.3005352 0.2742753 0.0525473 0.3015308 0.3986555 0.3069289 0.2859003 0.2718644 0.0135625 0.2623855 0.2959437 0.2962061 0.0067547 0.0000000 0.2806970 0.0239250 0.2695037 0.0562362 0.4043250 0.2796616 0.3866715 
n290_289   0.0889838 0.2889332 0.2807022 0.0521621 0.4178245 0.0558057 0.0033466 0.2972230 0.2904759 0.2978860 0.0485085 0.0485459 0.2806139 0.2806970 0.0000000 0.2958983 0.1365063 0.2809491 0.4362282 0.2893227 0.4051780 
n274_273   0.3214443 0.2939444 0.0634378 0.3225285 0.3920184 0.3169560 0.3012172 0.2916766 0.0238722 0.2819633 0.3167568 0.3170406 0.0169832 0.0239250 0.2958983 0.0000000 0.2844981 0.0671863 0.4037148 0.2994935 0.4039072 
n200_199   0.1402210 0.2573647 0.2648817 0.1323349 0.4024683 0.1364537 0.1406392 0.2556514 0.2841542 0.2560072 0.1281554 0.1282579 0.2744065 0.2695037 0.1365063 0.2844981 0.0000000 0.2651122 0.4145421 0.2577029 0.4203062 
n278_277   0.2849757 0.2797234 0.0033697 0.3122082 0.3865851 0.3067183 0.2861552 0.2772501 0.0561088 0.2726766 0.3065280 0.3068013 0.0488924 0.0562362 0.2809491 0.0671863 0.2651122 0.0000000 0.3921672 0.2851616 0.4045897 
n255_254   0.4726850 0.4331725 0.3918009 0.4618126 0.0309163 0.4549760 0.4427865 0.4226860 0.4030586 0.4420753 0.4546378 0.4550785 0.3976623 0.4043250 0.4362282 0.4037148 0.4145421 0.3921672 0.0000000 0.4275026 0.3563704 
n286_285   0.3090321 0.0168234 0.2849112 0.2892172 0.4216897 0.2892892 0.2945666 0.1397872 0.2893151 0.1482098 0.2837708 0.2840192 0.2794997 0.2796616 0.2893227 0.2994935 0.2577029 0.2851616 0.4275026 0.0000000 0.3961106 
n244_243   0.4794414 0.4076101 0.3982862 0.4417694 0.3626391 0.4418173 0.4113740 0.3690063 0.3975818 0.3755076 0.4348924 0.4353044 0.3863514 0.3866715 0.4051780 0.4039072 0.4203062 0.4045897 0.3563704 0.3961106 0.0000000 
