25
n300_303   0.0000000 0.2885858 0.2834269 0.4069067 0.2883337 0.2981453 0.0550337 0.2835457 0.0167885 0.2679016 0.0033211 0.3182718 0.2527560 0.2784249 0.2785608 0.0622428 0.3295213 0.2770666 0.2820208 0.3885228 0.2736876 0.3604011 0.0236120 0.2734119 0.2736108 
n289_292   0.2885858 0.0000000 0.0134981 0.4333068 0.0485076 0.0556773 0.2784485 0.0101023 0.2739851 0.3155570 0.2837831 0.0815640 0.2942770 0.0413802 0.0101069 0.2687484 0.1909656 0.3042339 0.3304344 0.4322081 0.0378563 0.3627861 0.2742512 0.0135054 0.0378428 
n290_293   0.2834269 0.0134981 0.0000000 0.4269903 0.0484815 0.0556474 0.2733675 0.0100969 0.2689300 0.3101801 0.2786566 0.0815205 0.2890744 0.0413580 0.0101015 0.2637365 0.1908674 0.2989616 0.3249517 0.4259150 0.0378359 0.3571353 0.2691901 0.0134982 0.0378224 
n255_258   0.4069067 0.4333068 0.4269903 0.0000000 0.4399444 0.4519285 0.4123534 0.4271745 0.4018774 0.4200313 0.4069582 0.4517108 0.4076060 0.4338256 0.4211923 0.4008103 0.4519931 0.4077746 0.4432013 0.0555739 0.4217747 0.3621591 0.3961500 0.4148244 0.4336962 
n298_301   0.2883337 0.0485076 0.0484815 0.4399444 0.0000000 0.0134936 0.2831851 0.0449199 0.2787019 0.3259993 0.2835365 0.0815020 0.2995061 0.0203530 0.0449406 0.2832276 0.1736466 0.3095358 0.3410732 0.4267569 0.0169279 0.3680489 0.2789734 0.0485084 0.0100997 
n297_300   0.2981453 0.0556773 0.0556474 0.4519285 0.0134936 0.0000000 0.2929259 0.0520542 0.2883986 0.3363435 0.2932925 0.0889873 0.3041085 0.0272508 0.0520782 0.2929705 0.1821038 0.3141838 0.3516071 0.4385142 0.0237978 0.3789484 0.2886815 0.0556783 0.0169024 
n278_281   0.0550337 0.2784485 0.2733675 0.4123534 0.2831851 0.2929259 0.0000000 0.2734817 0.0444498 0.2632101 0.0514906 0.3129031 0.2527596 0.2733516 0.2736167 0.0201536 0.3240516 0.2770715 0.2772514 0.3939324 0.2686464 0.3492967 0.0374384 0.2685068 0.2685704 
n287_290   0.2835457 0.0101023 0.0100969 0.4271745 0.0449199 0.0520542 0.2734817 0.0000000 0.2690423 0.3103116 0.2787734 0.0777979 0.2891959 0.0378291 0.0067203 0.2638463 0.1865609 0.2990875 0.3250898 0.4260984 0.0343219 0.3572043 0.2693026 0.0101024 0.0343096 
n280_283   0.0167885 0.2739851 0.2689300 0.4018774 0.2787019 0.2883986 0.0444498 0.2690423 0.0000000 0.2541132 0.0134049 0.3082822 0.2438074 0.2689166 0.2641543 0.0515590 0.3301176 0.2678490 0.2680105 0.3835989 0.2642310 0.3448927 0.0134155 0.2591130 0.2641556 
n285_288   0.2679016 0.3155570 0.3101801 0.4200313 0.3259993 0.3363435 0.2632101 0.3103116 0.2541132 0.0000000 0.2632365 0.3575910 0.1399575 0.3155215 0.3051910 0.2632483 0.3408930 0.1565684 0.0236554 0.3957592 0.3105438 0.3677102 0.2587886 0.2998145 0.3104619 
n292_295   0.0033211 0.2837831 0.2786566 0.4069582 0.2835365 0.2932925 0.0514906 0.2787734 0.0134049 0.2632365 0.0000000 0.3133018 0.2481917 0.2736876 0.2738187 0.0586659 0.3244699 0.2723598 0.2772788 0.3885714 0.2689754 0.3551701 0.0201996 0.2687036 0.2688992 
n236_239   0.3182718 0.0815640 0.0815205 0.4517108 0.0815020 0.0889873 0.3129031 0.0777979 0.3082822 0.3575910 0.3133018 0.0000000 0.3349789 0.0740467 0.0778340 0.3027722 0.1906231 0.3454471 0.3732564 0.4504311 0.0703753 0.3787807 0.3085892 0.0815660 0.0703507 
n265_268   0.2527560 0.2942770 0.2890744 0.4076060 0.2995061 0.3041085 0.2527596 0.2891959 0.2438074 0.1399575 0.2481917 0.3349789 0.0000000 0.2894260 0.2842333 0.2527955 0.3298700 0.0307361 0.1643845 0.3837905 0.2893951 0.3724121 0.2484046 0.2790371 0.2893160 
n275_278   0.2784249 0.0413802 0.0413580 0.4338256 0.0203530 0.0272508 0.2733516 0.0378291 0.2689166 0.3155215 0.2736876 0.0740467 0.2894260 0.0000000 0.0378466 0.2733920 0.1735742 0.2993236 0.3303903 0.4207640 0.0101104 0.3569697 0.2691765 0.0413808 0.0101067 
n296_299   0.2785608 0.0101069 0.0101015 0.4211923 0.0449406 0.0520782 0.2736167 0.0067203 0.2641543 0.3051910 0.2738187 0.0778340 0.2842333 0.0378466 0.0000000 0.2639760 0.1866500 0.2940621 0.3198737 0.4201379 0.0343377 0.3573891 0.2644088 0.0033498 0.0343254 
n277_280   0.0622428 0.2687484 0.2637365 0.4008103 0.2832276 0.2929705 0.0201536 0.2638463 0.0515590 0.2632483 0.0586659 0.3027722 0.2527955 0.2733920 0.2639760 0.0000000 0.3191220 0.2771125 0.2772925 0.3940025 0.2686858 0.3493548 0.0444771 0.2589386 0.2686098 
n200_203   0.3295213 0.1909656 0.1908674 0.4519931 0.1736466 0.1821038 0.3240516 0.1865609 0.3301176 0.3408930 0.3244699 0.1906231 0.3298700 0.1735742 0.1866500 0.3191220 0.0000000 0.3352069 0.3616929 0.4384630 0.1694112 0.3622584 0.3196855 0.1909779 0.1693566 
n266_269   0.2770666 0.3042339 0.2989616 0.4077746 0.3095358 0.3141838 0.2770715 0.2990875 0.2678490 0.1565684 0.2723598 0.3454471 0.0307361 0.2993236 0.2940621 0.2771125 0.3352069 0.0000000 0.1815614 0.3894056 0.2992916 0.3953137 0.2725941 0.2887931 0.2992112 
n286_289   0.2820208 0.3304344 0.3249517 0.4432013 0.3410732 0.3516071 0.2772514 0.3250898 0.2680105 0.0236554 0.2772788 0.3732564 0.1643845 0.3303903 0.3198737 0.2772925 0.3616929 0.1815614 0.0000000 0.4181604 0.3253287 0.3896363 0.2727650 0.3143867 0.3252456 
n251_254   0.3885228 0.4322081 0.4259150 0.0555739 0.4267569 0.4385142 0.3939324 0.4260984 0.3835989 0.3957592 0.3885714 0.4504311 0.3837905 0.4207640 0.4201379 0.3940025 0.4384630 0.3894056 0.4181604 0.0000000 0.4089423 0.3449980 0.3781115 0.4137936 0.4206350 
n293_296   0.2736876 0.0378563 0.0378359 0.4217747 0.0169279 0.0237978 0.2686464 0.0343219 0.2642310 0.3105438 0.2689754 0.0703753 0.2893951 0.0101104 0.0343377 0.2686858 0.1694112 0.2992916 0.3253287 0.4089423 0.0000000 0.3409887 0.2644856 0.0378568 0.0067249 
n244_247   0.3604011 0.3627861 0.3571353 0.3621591 0.3680489 0.3789484 0.3492967 0.3572043 0.3448927 0.3677102 0.3551701 0.3787807 0.3724121 0.3569697 0.3573891 0.3493548 0.3622584 0.3953137 0.3896363 0.3449980 0.3409887 0.0000000 0.3396657 0.3515876 0.3516611 
n274_277   0.0236120 0.2742512 0.2691901 0.3961500 0.2789734 0.2886815 0.0374384 0.2693026 0.0134155 0.2587886 0.0201996 0.3085892 0.2484046 0.2691765 0.2644088 0.0444771 0.3196855 0.2725941 0.2727650 0.3781115 0.2644856 0.3396657 0.0000000 0.2593615 0.2644101 
n295_298   0.2734119 0.0135054 0.0134982 0.4148244 0.0485084 0.0556783 0.2685068 0.0101024 0.2591130 0.2998145 0.2687036 0.0815660 0.2790371 0.0413808 0.0033498 0.2589386 0.1909779 0.2887931 0.3143867 0.4137936 0.0378568 0.3515876 0.2593615 0.0000000 0.0378434 
n294_297   0.2736108 0.0378428 0.0378224 0.4336962 0.0100997 0.0169024 0.2685704 0.0343096 0.2641556 0.3104619 0.2688992 0.0703507 0.2893160 0.0101067 0.0343254 0.2686098 0.1693566 0.2992112 0.3252456 0.4206350 0.0067249 0.3516611 0.2644101 0.0378434 0.0000000 
