25
n300_303   0.0000000 0.2441516 0.2393214 0.3666362 0.2683154 0.2628922 0.0486149 0.2443604 0.0067079 0.2180462 0.0033458 0.2497679 0.2320835 0.2346017 0.2297770 0.0557223 0.2500284 0.2276485 0.2133332 0.3769252 0.2487407 0.3527941 0.0273474 0.2395501 0.2486643 
n289_292   0.2441516 0.0000000 0.0066845 0.3656774 0.0629000 0.0591462 0.2738691 0.0100610 0.2488568 0.2315409 0.2440769 0.0970631 0.2559048 0.0484319 0.0272416 0.2681801 0.1452114 0.2464879 0.2267449 0.3645617 0.0520815 0.3172872 0.2749664 0.0378110 0.0483941 
n290_293   0.2393214 0.0066845 0.0000000 0.3541706 0.0556028 0.0519016 0.2688245 0.0033362 0.2439961 0.2220831 0.2392486 0.0893586 0.2461087 0.0412866 0.0203228 0.2631847 0.1369337 0.2368100 0.2173539 0.3530910 0.0448910 0.3226270 0.2698993 0.0307691 0.0412556 
n255_258   0.3666362 0.3656774 0.3541706 0.0000000 0.3879940 0.3813551 0.4148015 0.3536262 0.3717968 0.3762319 0.3660662 0.3552530 0.3746690 0.3534442 0.3369367 0.4132255 0.3601840 0.3808755 0.3702138 0.0307017 0.3589845 0.2678067 0.3863534 0.3486027 0.3588599 
n298_301   0.2683154 0.0629000 0.0556028 0.3879940 0.0000000 0.0100552 0.3041778 0.0592899 0.2731704 0.2307680 0.2682314 0.1086574 0.2609120 0.0412156 0.0483840 0.2981968 0.1618652 0.2514297 0.2306922 0.3987713 0.0448122 0.3606333 0.3003027 0.0593195 0.0411846 
n297_300   0.2628922 0.0591462 0.0519016 0.3813551 0.0100552 0.0000000 0.2984254 0.0555600 0.2677064 0.2357935 0.2628104 0.1045607 0.2555177 0.0376198 0.0447355 0.2925087 0.1573543 0.2461130 0.2357157 0.3920327 0.0411882 0.3605960 0.2945681 0.0555877 0.0375914 
n278_281   0.0486149 0.2738691 0.2688245 0.4148015 0.3041778 0.2984254 0.0000000 0.2741108 0.0485246 0.2467342 0.0449435 0.2847876 0.2619381 0.2687570 0.2636713 0.0341831 0.2906483 0.2619779 0.2418158 0.4196399 0.2835887 0.3878146 0.0707141 0.2739751 0.2834984 
n287_290   0.2443604 0.0100610 0.0033362 0.3536262 0.0592899 0.0555600 0.2741108 0.0000000 0.2490706 0.2270109 0.2442856 0.0932783 0.2512328 0.0448864 0.0237919 0.2684150 0.1411834 0.2418646 0.2222431 0.3525496 0.0485160 0.3284065 0.2752101 0.0343086 0.0448523 
n280_283   0.0067079 0.2488568 0.2439961 0.3717968 0.2731704 0.2677064 0.0485246 0.2490706 0.0000000 0.2223839 0.0033397 0.2545211 0.2364876 0.2392478 0.2343909 0.0556186 0.2554465 0.2320359 0.2176470 0.3821329 0.2534717 0.3578555 0.0272965 0.2442297 0.2533935 
n285_288   0.2180462 0.2315409 0.2220831 0.3762319 0.2307680 0.2357935 0.2467342 0.2270109 0.2223839 0.0000000 0.2177439 0.2225657 0.1387162 0.2126616 0.2127252 0.2458531 0.2524695 0.1347396 0.0033710 0.3931878 0.2313312 0.3482793 0.2231744 0.2222946 0.2312610 
n292_295   0.0033458 0.2440769 0.2392486 0.3660662 0.2682314 0.2628104 0.0449435 0.2442856 0.0033397 0.2177439 0.0000000 0.2496909 0.2317586 0.2345306 0.2297077 0.0520085 0.2551753 0.2273305 0.2130385 0.3763363 0.2486643 0.3522532 0.0238248 0.2394772 0.2485880 
n236_239   0.2497679 0.0970631 0.0893586 0.3552530 0.1086574 0.1045607 0.2847876 0.0932783 0.2545211 0.2225657 0.2496909 0.0000000 0.2464180 0.0931144 0.0817394 0.2789787 0.1494323 0.2465988 0.2273558 0.3711893 0.0970649 0.3230614 0.2809442 0.0854358 0.0930409 
n265_268   0.2320835 0.2559048 0.2461087 0.3746690 0.2609120 0.2555177 0.2619381 0.2512328 0.2364876 0.1387162 0.2317586 0.2464180 0.0000000 0.2363421 0.2312687 0.2657383 0.2572260 0.0309736 0.1386741 0.3791313 0.2556725 0.3539663 0.2373346 0.2411107 0.2555930 
n275_278   0.2346017 0.0484319 0.0412866 0.3534442 0.0412156 0.0376198 0.2687570 0.0448864 0.2392478 0.2126616 0.2345306 0.0931144 0.2363421 0.0000000 0.0342195 0.2631188 0.1451611 0.2271644 0.2080003 0.3637807 0.0237673 0.3224665 0.2649573 0.0449088 0.0202844 
n296_299   0.2297770 0.0272416 0.0203228 0.3369367 0.0483840 0.0447355 0.2636713 0.0237919 0.2343909 0.2127252 0.2297077 0.0817394 0.2312687 0.0342195 0.0000000 0.2580851 0.1287481 0.2272326 0.2080626 0.3470701 0.0377772 0.3174012 0.2598845 0.0100859 0.0341939 
n277_280   0.0557223 0.2681801 0.2631847 0.4132255 0.2981968 0.2925087 0.0341831 0.2684150 0.0556186 0.2458531 0.0520085 0.2789787 0.2657383 0.2631188 0.2580851 0.0000000 0.2847659 0.2611311 0.2409534 0.4180471 0.2778106 0.3801402 0.0780226 0.2682834 0.2777228 
n200_203   0.2500284 0.1452114 0.1369337 0.3601840 0.1618652 0.1573543 0.2906483 0.1411834 0.2554465 0.2524695 0.2551753 0.1494323 0.2572260 0.1451611 0.1287481 0.2847659 0.0000000 0.2526456 0.2474943 0.3588433 0.1411274 0.3187896 0.2867813 0.1328004 0.1367575 
n266_269   0.2276485 0.2464879 0.2368100 0.3808755 0.2514297 0.2461130 0.2619779 0.2418646 0.2320359 0.1347396 0.2273305 0.2465988 0.0309736 0.2271644 0.2272326 0.2611311 0.2526456 0.0000000 0.1346988 0.3853654 0.2462640 0.3488317 0.2328657 0.2370376 0.2461881 
n286_289   0.2133332 0.2267449 0.2173539 0.3702138 0.2306922 0.2357157 0.2418158 0.2222431 0.2176470 0.0033710 0.2130385 0.2273558 0.1386741 0.2080003 0.2080626 0.2409534 0.2474943 0.1346988 0.0000000 0.3870324 0.2265397 0.3425502 0.2184183 0.2175604 0.2264713 
n251_254   0.3769252 0.3645617 0.3530910 0.0307017 0.3987713 0.3920327 0.4196399 0.3525496 0.3821329 0.3931878 0.3763363 0.3711893 0.3791313 0.3637807 0.3470701 0.4180471 0.3588433 0.3853654 0.3870324 0.0000000 0.3693880 0.2871571 0.3969221 0.3588935 0.3692588 
n293_296   0.2487407 0.0520815 0.0448910 0.3589845 0.0448122 0.0411882 0.2835887 0.0485160 0.2534717 0.2313312 0.2486643 0.0970649 0.2556725 0.0237673 0.0377772 0.2778106 0.1411274 0.2462640 0.2265397 0.3693880 0.0000000 0.3333604 0.2797596 0.0485402 0.0033408 
n244_247   0.3527941 0.3172872 0.3226270 0.2678067 0.3606333 0.3605960 0.3878146 0.3284065 0.3578555 0.3482793 0.3522532 0.3230614 0.3539663 0.3224665 0.3174012 0.3801402 0.3187896 0.3488317 0.3425502 0.2871571 0.3333604 0.0000000 0.3892254 0.3286490 0.3332484 
n274_277   0.0273474 0.2749664 0.2698993 0.3863534 0.3003027 0.2945681 0.0707141 0.2752101 0.0272965 0.2231744 0.0238248 0.2809442 0.2373346 0.2649573 0.2598845 0.0780226 0.2867813 0.2328657 0.2184183 0.3969221 0.2797596 0.3892254 0.0000000 0.2701621 0.2796707 
n295_298   0.2395501 0.0378110 0.0307691 0.3486027 0.0593195 0.0555877 0.2739751 0.0343086 0.2442297 0.2222946 0.2394772 0.0854358 0.2411107 0.0449088 0.0100859 0.2682834 0.1328004 0.2370376 0.2175604 0.3588935 0.0485402 0.3286490 0.2701621 0.0000000 0.0448746 
n294_297   0.2486643 0.0483941 0.0412556 0.3588599 0.0411846 0.0375914 0.2834984 0.0448523 0.2533935 0.2312610 0.2485880 0.0930409 0.2555930 0.0202844 0.0341939 0.2777228 0.1367575 0.2461881 0.2264713 0.3692588 0.0033408 0.3332484 0.2796707 0.0448746 0.0000000 
