26
n299_300   0.0000000 0.0203453 1.7316330 3.8112874 2.3947494 0.4076854 1.9506031 2.1770078 0.1283696 1.7254913 1.9019993 1.9931087 0.0378257 0.4010771 1.8721463 1.9857940 1.4793514 1.5245565 1.6880061 2.2254431 1.8543420 2.0054987 1.5791394 1.4066216 0.1240471 1.8532186 
n300_301   0.0203453 0.0000000 1.7914539 3.5476117 2.3601514 0.4139694 2.0444109 2.0724893 0.1284506 1.7846255 1.9717846 2.0701862 0.0449326 0.4072926 1.9068644 2.0607550 1.4834793 1.5291201 1.7446349 2.1310799 1.9560687 2.0851829 1.6318658 1.4298479 0.1320876 1.9546040 
n290_291   1.7316330 1.7914539 0.0000000 2.5698775 4.6103336 2.2736782 1.0337713 0.6305502 1.7363182 0.0307190 0.1560588 0.3736452 1.8414661 2.0118213 0.3257036 0.3355802 2.1861338 2.1986452 0.0376524 3.4894486 0.3040556 0.1517563 2.2133420 2.0791186 1.9709819 0.2988659 
n244_245   3.8112874 3.5476117 2.5698775 0.0000000 2.1825592 3.5305574 1.9927808 2.1003631 3.5246309 2.6749235 2.3729409 2.0603376 3.2613304 3.2138213 2.0139748 1.9856294 9.0000000 9.0000000 2.4837259 2.1634359 2.0108403 2.2023279 9.0000000 9.0000000 2.6530735 2.1041444 
n255_256   2.3947494 2.3601514 4.6103336 2.1825592 0.0000000 2.6457962 2.3931425 2.2910380 2.0319450 4.5336003 2.8423817 9.0000000 2.3648089 2.7625836 9.0000000 9.0000000 1.9775877 1.9192185 8.9999984 0.3974728 9.0000000 3.1240809 3.4961141 3.0320152 2.2769530 9.0000000 
n277_278   0.4076854 0.4139694 2.2736782 3.5305574 2.6457962 0.0000000 2.6017634 2.4433602 0.3578425 2.3434843 2.2022903 1.9641795 0.3851110 0.0884523 2.2218270 2.4890086 1.5787183 1.6706610 2.2139037 2.4601397 2.2152322 2.2310133 1.4955412 1.4027807 0.3525176 2.1521147 
n200_201   1.9506031 2.0444109 1.0337713 1.9927808 2.3931425 2.6017634 0.0000000 0.8931139 1.8332896 1.0061396 1.1307925 1.2283033 2.0065939 2.6277025 1.2087375 1.2809376 1.8061821 1.8305210 1.0846274 2.5196519 1.2246603 1.1131904 2.1922199 2.4263427 2.0582492 1.1606362 
n236_237   2.1770078 2.0724893 0.6305502 2.1003631 2.2910380 2.4433602 0.8931139 0.0000000 2.0657802 0.5829706 0.6612872 0.7544029 2.0822866 2.3168885 0.7536939 0.7811631 1.8254858 1.7916249 0.6122482 2.1230749 0.7419639 0.6363373 2.6770424 1.8135550 2.1892509 0.7426137 
n274_275   0.1283696 0.1284506 1.7363182 3.5246309 2.0319450 0.3578425 1.8332896 2.0657802 0.0000000 1.7301874 1.8822486 1.7266989 0.1126593 0.3519722 1.5692663 1.6648017 1.4419632 1.5131927 1.6928706 1.9505509 1.5938519 1.9801138 1.5303516 1.3692857 0.1245954 1.5932963 
n289_290   1.7254913 1.7846255 0.0307190 2.6749235 4.5336003 2.3434843 1.0061396 0.5829706 1.7301874 0.0000000 0.1398274 0.3575032 1.8339397 2.0617405 0.3052105 0.3148590 2.1822704 2.1946320 0.0341970 3.2149834 0.2892895 0.1356303 2.2135808 1.9451929 2.0149904 0.2891938 
n296_297   1.9019993 1.9717846 0.1560588 2.3729409 2.8423817 2.2022903 1.1307925 0.6612872 1.8822486 0.1398274 0.0000000 0.3852129 1.9437933 2.1087844 0.3469601 0.3517949 2.0785820 2.0047663 0.1518509 4.8160626 0.3248205 0.0446080 2.5272880 2.5347501 2.2595506 0.3302609 
n275_276   1.9931087 2.0701862 0.3736452 2.0603376 9.0000000 1.9641795 1.2283033 0.7544029 1.7266989 0.3575032 0.3852129 0.0000000 2.0965483 1.7107619 0.1648307 0.1688072 2.0284287 2.1218614 0.3737515 2.8043856 0.1357146 0.3790741 3.1482058 2.2300160 1.9309747 0.1479265 
n292_293   0.0378257 0.0449326 1.8414661 3.2613304 2.3648089 0.3851110 2.0065939 2.0822866 0.1126593 1.8339397 1.9437933 2.0965483 0.0000000 0.3787162 1.9149895 2.0716576 1.5028985 1.5009417 1.7913129 2.2068238 1.9284463 2.0535220 1.5274887 1.3827406 0.1006946 1.9270758 
n278_279   0.4010771 0.4072926 2.0118213 3.2138213 2.7625836 0.0884523 2.6277025 2.3168885 0.3519722 2.0617405 2.1087844 1.7107619 0.3787162 0.0000000 1.8610198 2.0090581 1.6143736 1.6165998 1.9663249 2.4319540 1.8129421 2.1795684 1.5142555 1.4178258 0.3628327 1.7761210 
n298_299   1.8721463 1.9068644 0.3257036 2.0139748 9.0000000 2.2218270 1.2087375 0.7536939 1.5692663 0.3052105 0.3469601 0.1648307 1.9149895 1.8610198 0.0000000 0.0521312 1.9221839 2.0413274 0.3309165 2.8309994 0.1239823 0.3468459 2.5747098 2.2348254 1.8552557 0.1319467 
n297_298   1.9857940 2.0607550 0.3355802 1.9856294 9.0000000 2.4890086 1.2809376 0.7811631 1.6648017 0.3148590 0.3517949 0.1688072 2.0716576 2.0090581 0.0521312 0.0000000 2.0360068 2.2255021 0.3303586 3.1724348 0.1277945 0.3409910 2.5275149 2.0464561 1.9467903 0.1357898 
n286_287   1.4793514 1.4834793 2.1861338 9.0000000 1.9775877 1.5787183 1.8061821 1.8254858 1.4419632 2.1822704 2.0785820 2.0284287 1.5028985 1.6143736 1.9221839 2.0360068 0.0000000 0.0768968 2.0409857 1.9948734 1.9045574 2.0325490 0.9085157 0.8758530 1.4879809 2.0059161 
n285_286   1.5245565 1.5291201 2.1986452 9.0000000 1.9192185 1.6706610 1.8305210 1.7916249 1.5131927 2.1946320 2.0047663 2.1218614 1.5009417 1.6165998 2.0413274 2.2255021 0.0768968 0.0000000 2.0868846 1.9677877 1.9983686 2.1546773 0.8981514 0.8993885 1.5127517 2.1505271 
n287_288   1.6880061 1.7446349 0.0376524 2.4837259 8.9999984 2.2139037 1.0846274 0.6122482 1.6928706 0.0341970 0.1518509 0.3737515 1.7913129 1.9663249 0.3309165 0.3303586 2.0409857 2.0868846 0.0000000 3.5343419 0.3091105 0.1475789 2.2284868 1.9189113 1.9259538 0.3090075 
n251_252   2.2254431 2.1310799 3.4894486 2.1634359 0.3974728 2.4601397 2.5196519 2.1230749 1.9505509 3.2149834 4.8160626 2.8043856 2.2068238 2.4319540 2.8309994 3.1724348 1.9948734 1.9677877 3.5343419 0.0000000 3.2360371 4.3241448 2.8043224 2.3342771 2.1714382 3.9581559 
n294_295   1.8543420 1.9560687 0.3040556 2.0108403 9.0000000 2.2152322 1.2246603 0.7419639 1.5938519 0.2892895 0.3248205 0.1357146 1.9284463 1.8129421 0.1239823 0.1277945 1.9045574 1.9983686 0.3091105 3.2360371 0.0000000 0.3244253 2.7986498 2.3432825 1.8990026 0.0448087 
n295_296   2.0054987 2.0851829 0.1517563 2.2023279 3.1240809 2.2310133 1.1131904 0.6363373 1.9801138 0.1356303 0.0446080 0.3790741 2.0535220 2.1795684 0.3468459 0.3409910 2.0325490 2.1546773 0.1475789 4.3241448 0.3244253 0.0000000 2.3995680 2.4105982 2.4343964 0.3298577 
n266_267   1.5791394 1.6318658 2.2133420 9.0000000 3.4961141 1.4955412 2.1922199 2.6770424 1.5303516 2.2135808 2.5272880 3.1482058 1.5274887 1.5142555 2.5747098 2.5275149 0.9085157 0.8981514 2.2284868 2.8043224 2.7986498 2.3995680 0.0000000 0.1818098 1.5845919 2.9382326 
n265_266   1.4066216 1.4298479 2.0791186 9.0000000 3.0320152 1.4027807 2.4263427 1.8135550 1.3692857 1.9451929 2.5347501 2.2300160 1.3827406 1.4178258 2.2348254 2.0464561 0.8758530 0.8993885 1.9189113 2.3342771 2.3432825 2.4105982 0.1818098 0.0000000 1.3439463 2.4193427 
n280_281   0.1240471 0.1320876 1.9709819 2.6530735 2.2769530 0.3525176 2.0582492 2.1892509 0.1245954 2.0149904 2.2595506 1.9309747 0.1006946 0.3628327 1.8552557 1.9467903 1.4879809 1.5127517 1.9259538 2.1714382 1.8990026 2.4343964 1.5845919 1.3439463 0.0000000 1.8977375 
n293_294   1.8532186 1.9546040 0.2988659 2.1041444 9.0000000 2.1521147 1.1606362 0.7426137 1.5932963 0.2891938 0.3302609 0.1479265 1.9270758 1.7761210 0.1319467 0.1357898 2.0059161 2.1505271 0.3090075 3.9581559 0.0448087 0.3298577 2.9382326 2.4193427 1.8977375 0.0000000 
