23
n287_288   0.0000000 0.0033391 0.0887628 0.2766787 0.3079249 0.2724781 0.2622022 0.2623689 0.0553336 0.2718440 0.0168522 0.0662489 0.0446577 0.2975967 0.3280650 0.0134445 0.2628254 0.3652534 0.0518046 0.2672565 0.1556630 0.2813344 0.3498595 
n290_291   0.0033391 0.0000000 0.0925277 0.2765334 0.3129667 0.2772821 0.2622505 0.2624173 0.0589228 0.2766346 0.0202656 0.0698929 0.0481985 0.3025677 0.3281269 0.0168412 0.2675679 0.3653232 0.0553808 0.2673059 0.1597696 0.2811864 0.3499261 
n236_237   0.0887628 0.0925277 0.0000000 0.2920074 0.3133208 0.2727282 0.2724541 0.2773847 0.0925512 0.2870621 0.1001807 0.1041156 0.0775024 0.3029068 0.3393291 0.0963128 0.2780928 0.3773349 0.0850199 0.2823859 0.1600836 0.2967590 0.3615141 
n278_279   0.2766787 0.2765334 0.2920074 0.0000000 0.3077763 0.3021535 0.0737298 0.0737729 0.3014341 0.0849871 0.2867733 0.3119892 0.2814587 0.2923278 0.3173223 0.2817192 0.2869669 0.3172373 0.2864620 0.0775024 0.3270726 0.0168347 0.3387668 
n285_286   0.3079249 0.3129667 0.3133208 0.3077763 0.0000000 0.1599740 0.2828071 0.2829897 0.3074441 0.2927549 0.3083172 0.3129895 0.2872654 0.0168573 0.3232738 0.3030901 0.1559020 0.3559393 0.2974251 0.2880398 0.3121302 0.3025218 0.3397330 
n265_266   0.2724781 0.2772821 0.2727282 0.3021535 0.1599740 0.0000000 0.2823962 0.2825784 0.2772739 0.2923295 0.2728167 0.2924547 0.2625702 0.1476449 0.3076755 0.2678509 0.0237393 0.3500617 0.2674481 0.2876209 0.2724715 0.2969468 0.3288569 
n280_281   0.2622022 0.2622505 0.2724541 0.0737298 0.2828071 0.2823962 0.0000000 0.0067016 0.2767289 0.0272001 0.2625253 0.2817086 0.2574058 0.2678831 0.2921012 0.2576403 0.2676099 0.2920319 0.2622424 0.0100786 0.2963921 0.0700061 0.3127845 
n299_300   0.2623689 0.2624173 0.2773847 0.0737729 0.2829897 0.2825784 0.0067016 0.0000000 0.2769064 0.0272153 0.2626923 0.2818898 0.2575690 0.2680544 0.2922905 0.2578037 0.2677809 0.2922213 0.2624091 0.0033433 0.2965844 0.0700458 0.3129901 
n293_294   0.0553336 0.0589228 0.0925512 0.3014341 0.3074441 0.2772739 0.2767289 0.2769064 0.0000000 0.2865648 0.0661949 0.0341160 0.0202760 0.2971337 0.3176923 0.0625294 0.2775020 0.3600261 0.0271761 0.2818976 0.1599719 0.2962425 0.3337650 
n274_275   0.2718440 0.2766346 0.2870621 0.0849871 0.2927549 0.2923295 0.0272001 0.0272153 0.2865648 0.0000000 0.2721811 0.2916119 0.2669846 0.2776242 0.3230162 0.2672293 0.2773409 0.3023402 0.2718870 0.0306986 0.3118783 0.0811961 0.3446574 
n296_297   0.0168522 0.0202656 0.1001807 0.2867733 0.3083172 0.2728167 0.2625253 0.2626923 0.0661949 0.2721811 0.0000000 0.0772840 0.0553653 0.2979731 0.3334595 0.0033419 0.2631499 0.3657369 0.0626242 0.2675872 0.1640943 0.2816852 0.3554297 
n275_276   0.0662489 0.0698929 0.1041156 0.3119892 0.3129895 0.2924547 0.2817086 0.2818898 0.0341160 0.2916119 0.0772840 0.0000000 0.0306554 0.3025891 0.3273726 0.0735552 0.2926968 0.3708131 0.0376660 0.2869170 0.1727062 0.3067145 0.3436397 
n297_298   0.0446577 0.0481985 0.0775024 0.2814587 0.2872654 0.2625702 0.2574058 0.2575690 0.0202760 0.2669846 0.0553653 0.0306554 0.0000000 0.2772429 0.3071644 0.0517562 0.2581195 0.3488503 0.0134573 0.2624230 0.1434773 0.2764144 0.3229837 
n286_287   0.2975967 0.3025677 0.3029068 0.2923278 0.0168573 0.1476449 0.2678831 0.2680544 0.2971337 0.2776242 0.2979731 0.3025891 0.2772429 0.0000000 0.3127840 0.2928235 0.1355673 0.3503067 0.2822244 0.2729943 0.2918752 0.2871917 0.3289865 
n255_256   0.3280650 0.3281269 0.3393291 0.3173223 0.3232738 0.3076755 0.2921012 0.2922905 0.3176923 0.3230162 0.3334595 0.3273726 0.3071644 0.3127840 0.0000000 0.3280536 0.3075772 0.2031116 0.3123634 0.2973984 0.3221574 0.3168672 0.0341225 
n295_296   0.0134445 0.0168412 0.0963128 0.2817192 0.3030901 0.2678509 0.2576403 0.2578037 0.0625294 0.2672293 0.0033419 0.0735552 0.0517562 0.2928235 0.3280536 0.0000000 0.2582518 0.3600812 0.0589743 0.2626631 0.1598532 0.2766692 0.3498481 
n266_267   0.2628254 0.2675679 0.2780928 0.2869669 0.1559020 0.0237393 0.2676099 0.2677809 0.2775020 0.2773409 0.2631499 0.2926968 0.2581195 0.1355673 0.3075772 0.2582518 0.0000000 0.3499397 0.2676672 0.2727156 0.2726953 0.2818746 0.3287471 
n244_245   0.3652534 0.3653232 0.3773349 0.3172373 0.3559393 0.3500617 0.2920319 0.2922213 0.3600261 0.3023402 0.3657369 0.3708131 0.3488503 0.3503067 0.2031116 0.3600812 0.3499397 0.0000000 0.3541229 0.2973297 0.3883289 0.3069382 0.2394693 
n298_299   0.0518046 0.0553808 0.0850199 0.2864620 0.2974251 0.2674481 0.2622424 0.2624091 0.0271761 0.2718870 0.0626242 0.0376660 0.0134573 0.2822244 0.3123634 0.0589743 0.2676672 0.3541229 0.0000000 0.2672982 0.1475916 0.2813801 0.3283060 
n300_301   0.2672565 0.2673059 0.2823859 0.0775024 0.2880398 0.2876209 0.0100786 0.0033433 0.2818976 0.0306986 0.2675872 0.2869170 0.2624230 0.2729943 0.2973984 0.2626631 0.2727156 0.2973297 0.2672982 0.0000000 0.3017156 0.0737541 0.3182569 
n200_201   0.1556630 0.1597696 0.1600836 0.3270726 0.3121302 0.2724715 0.2963921 0.2965844 0.1599719 0.3118783 0.1640943 0.1727062 0.1434773 0.2918752 0.3221574 0.1598532 0.2726953 0.3883289 0.1475916 0.3017156 0.0000000 0.3216883 0.3437363 
n277_278   0.2813344 0.2811864 0.2967590 0.0168347 0.3025218 0.2969468 0.0700061 0.0700458 0.2962425 0.0811961 0.2816852 0.3067145 0.2764144 0.2871917 0.3168672 0.2766692 0.2818746 0.3069382 0.2813801 0.0737541 0.3216883 0.0000000 0.3382745 
n251_252   0.3498595 0.3499261 0.3615141 0.3387668 0.3397330 0.3288569 0.3127845 0.3129901 0.3337650 0.3446574 0.3554297 0.3436397 0.3229837 0.3289865 0.0341225 0.3498481 0.3287471 0.2394693 0.3283060 0.3182569 0.3437363 0.3382745 0.0000000 
