26
n299_300   0.0000000 0.0237512 1.6697322 2.4317447 2.1412567 0.5354543 1.6234878 1.5778395 0.1365277 1.6447389 1.6862205 1.4839005 0.0591984 0.5147328 1.3375551 1.3562958 2.2274469 2.4459668 1.5745625 2.2971736 1.5565935 1.7023190 1.8931127 2.1108184 0.0890427 1.5728631 
n300_301   0.0237512 0.0000000 1.7498069 2.3757477 2.0980124 0.5139426 1.6802462 1.6313667 0.1364103 1.7605778 1.7730884 1.5812768 0.0519488 0.4937997 1.4423011 1.4635708 2.2370586 2.4593016 1.6809487 2.2354122 1.6939610 1.8259576 2.0046558 2.1957970 0.0889688 1.7126005 
n290_291   1.6697322 1.7498069 0.0000000 2.2140857 2.1946049 2.0764828 1.0619839 0.6696591 1.8965133 0.0342137 0.1323929 0.3032589 1.8511632 1.8258704 0.3184043 0.3243019 3.1377401 3.7569426 0.0377777 2.3037729 0.3190124 0.1367327 2.7704532 2.4016713 1.7483791 0.3243686 
n244_245   2.4317447 2.3757477 2.2140857 0.0000000 2.0614911 3.0375718 2.3414932 3.7897761 2.5165352 2.4603845 2.5174482 2.6744213 2.1450001 2.5759109 2.7751070 2.8398194 2.9124356 3.0793351 2.1982751 1.8696615 2.5121244 2.4697554 3.0539198 3.0276094 2.5989436 3.1267629 
n255_256   2.1412567 2.0980124 2.1946049 2.0614911 0.0000000 2.3516115 2.4626076 2.2055771 2.0489044 2.1689007 2.0267841 2.3771025 2.2650001 2.2255814 2.3883284 2.5521273 3.8372070 6.2879257 2.0261246 0.3701573 2.8007866 2.3642639 2.2223986 2.4107939 2.0985706 2.7143661 
n277_278   0.5354543 0.5139426 2.0764828 3.0375718 2.3516115 0.0000000 1.5922640 1.8779777 0.5150187 2.2754174 1.9632544 1.9525977 0.5368090 0.0969880 1.8107797 1.7748050 2.0121426 2.2547444 2.0936894 2.0416277 1.9628203 2.0618669 1.8482350 2.0433764 0.4803746 1.8853908 
n200_201   1.6234878 1.6802462 1.0619839 2.3414932 2.4626076 1.5922640 0.0000000 1.0436736 1.6096416 1.0560777 1.0422258 1.1313534 1.7318101 1.6290937 1.0956378 1.0527678 1.8389628 1.9483018 1.0431558 2.3573180 1.1841480 1.0273196 1.8528213 1.8906985 1.5197118 1.1983278 
n236_237   1.5778395 1.6313667 0.6696591 3.7897761 2.2055771 1.8779777 1.0436736 0.0000000 1.7048222 0.6442125 0.6435615 0.6647142 1.6075236 1.7846713 0.6041143 0.5895329 1.9300688 1.9324299 0.6436804 2.4034046 0.7028349 0.6453138 2.3829132 2.3740440 1.5853989 0.6664442 
n274_275   0.1365277 0.1364103 1.8965133 2.5165352 2.0489044 0.5150187 1.6096416 1.7048222 0.0000000 1.9730727 1.8491534 1.5834196 0.1405515 0.5015801 1.5118457 1.5349819 2.2305522 2.5131478 1.8187117 2.3183812 1.6609714 1.9315988 2.0377764 2.2289592 0.1006967 1.6790041 
n289_290   1.6447389 1.7605778 0.0342137 2.4603845 2.1689007 2.2754174 1.0560777 0.6442125 1.9730727 0.0000000 0.1444059 0.3239786 1.8275658 2.0104801 0.3340049 0.3400505 3.3210570 3.8707339 0.0447960 2.3555425 0.3402122 0.1446653 2.8469649 2.4568746 1.7570780 0.3401211 
n296_297   1.6862205 1.7730884 0.1323929 2.5174482 2.0267841 1.9632544 1.0422258 0.6435615 1.8491534 0.1444059 0.0000000 0.2874057 1.8698670 1.9234398 0.3280967 0.3339149 2.6155398 3.2997948 0.1323879 2.1951685 0.3185028 0.0448641 3.3688797 2.5207038 1.7397428 0.3185871 
n275_276   1.4839005 1.5812768 0.3032589 2.6744213 2.3771025 1.9525977 1.1313534 0.6647142 1.5834196 0.3239786 0.2874057 0.0000000 1.5776557 1.8331548 0.1402168 0.1363537 2.5831985 2.9718080 0.2927176 2.4392653 0.1245192 0.3083178 2.5807251 2.3106398 1.5234776 0.1085127 
n292_293   0.0591984 0.0519488 1.8511632 2.1450001 2.2650001 0.5368090 1.7318101 1.6075236 0.1405515 1.8275658 1.8698670 1.5776557 0.0000000 0.5160119 1.4395064 1.4606548 2.0866927 2.2750001 1.7683542 2.3119899 1.6894866 1.9291656 2.1473206 2.2600971 0.1005204 1.7134748 
n278_279   0.5147328 0.4937997 1.8258704 2.5759109 2.2255814 0.0969880 1.6290937 1.7846713 0.5015801 2.0104801 1.9234398 1.8331548 0.5160119 0.0000000 1.6247143 1.6221083 2.1831542 2.4002930 1.8408304 2.1443764 1.7429151 1.9321250 2.0625676 2.2530833 0.4610799 1.7456060 
n298_299   1.3375551 1.4423011 0.3184043 2.7751070 2.3883284 1.8107797 1.0956378 0.6041143 1.5118457 0.3340049 0.3280967 0.1402168 1.4395064 1.6247143 0.0000000 0.0341590 2.6558743 2.8337139 0.2972195 2.2156355 0.1698383 0.3228482 2.4926599 2.2531263 1.4579322 0.1527390 
n297_298   1.3562958 1.4635708 0.3243019 2.8398194 2.5521273 1.7748050 1.0527678 0.5895329 1.5349819 0.3400505 0.3339149 0.1363537 1.4606548 1.6221083 0.0341590 0.0000000 2.4166014 2.5611880 0.3080957 2.2635486 0.1658435 0.3341216 2.5467268 2.2348311 1.4795251 0.1363697 
n286_287   2.2274469 2.2370586 3.1377401 2.9124356 3.8372070 2.0121426 1.8389628 1.9300688 2.2305522 3.3210570 2.6155398 2.5831985 2.0866927 2.1831542 2.6558743 2.4166014 0.0000000 0.0483169 3.0839798 3.9358519 2.5728434 2.8864667 0.8858099 0.8835993 2.3509090 2.5938021 
n285_286   2.4459668 2.4593016 3.7569426 3.0793351 6.2879257 2.2547444 1.9483018 1.9324299 2.5131478 3.8707339 3.2997948 2.9718080 2.2750001 2.4002930 2.8337139 2.5611880 0.0483169 0.0000000 3.6837836 7.8570266 2.6477891 3.8435720 0.8317203 0.8404745 2.6026716 2.8620465 
n287_288   1.5745625 1.6809487 0.0377777 2.1982751 2.0261246 2.0936894 1.0431558 0.6436804 1.8187117 0.0447960 0.1323879 0.2927176 1.7683542 1.8408304 0.2972195 0.3080957 3.0839798 3.6837836 0.0000000 2.1549448 0.3082409 0.1367088 2.6906073 2.2271625 1.6766733 0.3081583 
n251_252   2.2971736 2.2354122 2.3037729 1.8696615 0.3701573 2.0416277 2.3573180 2.4034046 2.3183812 2.3555425 2.1951685 2.4392653 2.3119899 2.1443764 2.2156355 2.2635486 3.9358519 7.8570266 2.1549448 0.0000000 2.5534761 2.3271838 2.9583943 3.3438325 2.2096110 2.2255403 
n294_295   1.5565935 1.6939610 0.3190124 2.5121244 2.8007866 1.9628203 1.1841480 0.7028349 1.6609714 0.3402122 0.3185028 0.1245192 1.6894866 1.7429151 0.1698383 0.1658435 2.5728434 2.6477891 0.3082409 2.5534761 0.0000000 0.3294876 2.7829063 2.2655119 1.6585215 0.0484625 
n295_296   1.7023190 1.8259576 0.1367327 2.4697554 2.3642639 2.0618669 1.0273196 0.6453138 1.9315988 0.1446653 0.0448641 0.3083178 1.9291656 1.9321250 0.3228482 0.3341216 2.8864667 3.8435720 0.1367088 2.3271838 0.3294876 0.0000000 2.8717629 2.3433288 1.8184169 0.3295754 
n266_267   1.8931127 2.0046558 2.7704532 3.0539198 2.2223986 1.8482350 1.8528213 2.3829132 2.0377764 2.8469649 3.3688797 2.5807251 2.1473206 2.0625676 2.4926599 2.5467268 0.8858099 0.8317203 2.6906073 2.9583943 2.7829063 2.8717629 0.0000000 0.1245328 2.1152175 2.6400313 
n265_266   2.1108184 2.1957970 2.4016713 3.0276094 2.4107939 2.0433764 1.8906985 2.3740440 2.2289592 2.4568746 2.5207038 2.3106398 2.2600971 2.2530833 2.2531263 2.2348311 0.8835993 0.8404745 2.2271625 3.3438325 2.2655119 2.3433288 0.1245328 0.0000000 2.2157190 2.1752673 
n280_281   0.0890427 0.0889688 1.7483791 2.5989436 2.0985706 0.4803746 1.5197118 1.5853989 0.1006967 1.7570780 1.7397428 1.5234776 0.1005204 0.4610799 1.4579322 1.4795251 2.3509090 2.6026716 1.6766733 2.2096110 1.6585215 1.8184169 2.1152175 2.2157190 0.0000000 1.6447696 
n293_294   1.5728631 1.7126005 0.3243686 3.1267629 2.7143661 1.8853908 1.1983278 0.6664442 1.6790041 0.3401211 0.3185871 0.1085127 1.7134748 1.7456060 0.1527390 0.1363697 2.5938021 2.8620465 0.3081583 2.2255403 0.0484625 0.3295754 2.6400313 2.1752673 1.6447696 0.0000000 
