30
n293_324   0.0000000 0.3235349 0.3358543 0.4547477 0.0412776 0.0929795 0.3417693 0.3029640 0.3303108 0.2926402 0.0593430 0.3644650 0.3195821 0.0134660 0.3531890 0.0134645 0.0556696 0.3195211 0.3423461 0.3248749 0.0033375 0.4422820 0.3259939 0.0168857 0.0448602 0.0557201 0.3341522 0.1244338 0.3418361 0.3578079 
n266_285   0.3235349 0.0000000 0.3090560 0.4581425 0.3456366 0.3456889 0.3205161 0.1405295 0.3037204 0.1406421 0.3631905 0.3312841 0.2678322 0.3236466 0.3316002 0.3178776 0.3572698 0.2624771 0.3044113 0.2984862 0.3181045 0.4257980 0.2889089 0.3292971 0.3514464 0.3518735 0.0202955 0.3130491 0.3205796 0.3534631 
n280_307   0.3358543 0.3090560 0.0000000 0.4443665 0.3306163 0.3581170 0.2478272 0.3035265 0.0100744 0.3037985 0.3418040 0.2574970 0.0777630 0.3251958 0.2577190 0.3300677 0.3417240 0.0777467 0.2430973 0.0134682 0.3303065 0.4070346 0.2289301 0.3255471 0.3312582 0.3309083 0.3142810 0.2931297 0.2478779 0.3632492 
n251_264   0.4547477 0.4581425 0.4443665 0.0000000 0.4288944 0.4822858 0.4921344 0.4058573 0.4375769 0.3998083 0.4488150 0.4983589 0.4318652 0.4486315 0.4994876 0.4548001 0.4486942 0.4317199 0.4451035 0.4381739 0.4481805 0.0343784 0.4328775 0.4422312 0.4354946 0.4426000 0.4843426 0.4239239 0.4922225 0.3759469 
n296_327   0.0412776 0.3456366 0.3306163 0.4288944 0.0000000 0.1085776 0.3306274 0.3139886 0.3251109 0.3034884 0.0307235 0.3529516 0.3306192 0.0377469 0.3418568 0.0412794 0.0272233 0.3305566 0.3311109 0.3253686 0.0377291 0.4107531 0.3150237 0.0413130 0.0067083 0.0272474 0.3565899 0.1367416 0.3306925 0.3695807 
n236_249   0.0929795 0.3456889 0.3581170 0.4822858 0.1085776 0.0000000 0.3704078 0.3239712 0.3523936 0.3133388 0.1286971 0.3819482 0.3413176 0.0929974 0.3703842 0.0929841 0.1245803 0.3302589 0.3592965 0.3467815 0.0891314 0.4629193 0.3425477 0.0969079 0.1125811 0.1246983 0.3566447 0.1325662 0.3704792 0.3931157 
n300_331   0.3417693 0.3205161 0.2478272 0.4921344 0.3306274 0.3704078 0.0000000 0.3308406 0.2526317 0.3311429 0.3478416 0.0237647 0.2433291 0.3418926 0.0100798 0.3359254 0.3420380 0.2432806 0.0779431 0.2528245 0.3361697 0.4652929 0.0704767 0.3477291 0.3421539 0.3367322 0.3365101 0.3197504 0.0100703 0.3765746 
n285_314   0.3029640 0.1405295 0.3035265 0.4058573 0.3139886 0.3239712 0.3308406 0.0000000 0.2982370 0.0100781 0.3199101 0.3417535 0.2829240 0.3030640 0.3420837 0.2974757 0.3251033 0.2725864 0.2886252 0.2930475 0.2976850 0.3938427 0.2734736 0.3085458 0.3195359 0.3199199 0.1487372 0.2871775 0.3309057 0.3637037 
n299_332   0.3303108 0.3037204 0.0100744 0.4375769 0.3251109 0.3523936 0.2526317 0.2982370 0.0000000 0.2985032 0.3362057 0.2623677 0.0740047 0.3197336 0.2625953 0.3245742 0.3361276 0.0739892 0.2478712 0.0100727 0.3248079 0.4006105 0.2336085 0.3200778 0.3257387 0.3253969 0.3089065 0.2879200 0.2526833 0.3574887 
n286_315   0.2926402 0.1406421 0.3037985 0.3998083 0.3034884 0.3133388 0.3311429 0.0100781 0.2985032 0.0000000 0.3093070 0.3420681 0.2831740 0.2927346 0.3423989 0.2872396 0.3144271 0.2728255 0.2888817 0.2933082 0.2874401 0.3883829 0.2737143 0.2981288 0.3089468 0.3093165 0.1488570 0.2718602 0.3312081 0.3640431 
n287_316   0.0593430 0.3631905 0.3418040 0.4488150 0.0307235 0.1286971 0.3478416 0.3199101 0.3362057 0.3093070 0.0000000 0.3707653 0.3310818 0.0593533 0.3593780 0.0593456 0.0100789 0.3310191 0.3483610 0.3364747 0.0556882 0.4364387 0.3318580 0.0630540 0.0377955 0.0100877 0.3744261 0.1451880 0.3479095 0.3759221 
n274_295   0.3644650 0.3312841 0.2574970 0.4983589 0.3529516 0.3819482 0.0237647 0.3417535 0.2623677 0.3420681 0.3707653 0.0000000 0.2529442 0.3646032 0.0272254 0.3526082 0.3647565 0.2528941 0.0816423 0.2625688 0.3586782 0.4713202 0.0741413 0.3706494 0.3648873 0.3592872 0.3475138 0.3304832 0.0271996 0.3825314 
n278_303   0.3195821 0.2678322 0.0777630 0.4318652 0.3306192 0.3413176 0.2433291 0.2829240 0.0740047 0.2831740 0.3310818 0.2529442 0.0000000 0.3196918 0.2483828 0.3139411 0.3310054 0.0134455 0.2386246 0.0666092 0.3141652 0.4011565 0.2245360 0.3253261 0.3363156 0.3203461 0.2727625 0.2774614 0.2433791 0.3412429 
n297_328   0.0134660 0.3236466 0.3251958 0.4486315 0.0377469 0.0929974 0.3418926 0.3030640 0.3197336 0.2927346 0.0593533 0.3646032 0.3196918 0.0000000 0.3533198 0.0134665 0.0556792 0.3196308 0.3424700 0.3143765 0.0100713 0.4233577 0.3261087 0.0033434 0.0413094 0.0557296 0.3342702 0.1244599 0.3419595 0.3582135 
n280_305   0.3531890 0.3316002 0.2577190 0.4994876 0.3418568 0.3703842 0.0100798 0.3420837 0.2625953 0.3423989 0.3593780 0.0272254 0.2483828 0.3533198 0.0000000 0.3472387 0.3534692 0.2483333 0.0816976 0.2627968 0.3474937 0.4723600 0.0741910 0.3592637 0.3535925 0.3480792 0.3478522 0.3307974 0.0134591 0.3886239 
n275_298   0.0134645 0.3178776 0.3300677 0.4548001 0.0412794 0.0929841 0.3359254 0.2974757 0.3245742 0.2872396 0.0593456 0.3526082 0.3139411 0.0134665 0.3472387 0.0000000 0.0556721 0.3138810 0.3364886 0.3191866 0.0100702 0.4423317 0.3202816 0.0168864 0.0448621 0.0557225 0.3284046 0.1244404 0.3359913 0.3576155 
n289_318   0.0556696 0.3572698 0.3417240 0.4486942 0.0272233 0.1245803 0.3420380 0.3251033 0.3361276 0.3144271 0.0100789 0.3647565 0.3310054 0.0556792 0.3534692 0.0556721 0.0000000 0.3309427 0.3425451 0.3363955 0.0520377 0.4363231 0.3261841 0.0593553 0.0342489 0.0067043 0.3684089 0.1409589 0.3421049 0.3644196 
n277_302   0.3195211 0.2624771 0.0777467 0.4317199 0.3305566 0.3302589 0.2432806 0.2725864 0.0739892 0.2728255 0.3310191 0.2528941 0.0134455 0.3196308 0.2483333 0.3138810 0.3309427 0.0000000 0.2385768 0.0665953 0.3141051 0.4010229 0.2244908 0.3252643 0.3362522 0.3202849 0.2673650 0.2877116 0.2433305 0.3465735 
n278_301   0.3423461 0.3044113 0.2430973 0.4451035 0.3311109 0.3592965 0.0779431 0.2886252 0.2478712 0.2888817 0.3483610 0.0816423 0.2386246 0.3424700 0.0816976 0.3364886 0.3425451 0.2385768 0.0000000 0.2480600 0.3367338 0.4199394 0.0100907 0.3483211 0.3426615 0.3372288 0.3148110 0.3093754 0.0816147 0.3761873 
n274_297   0.3248749 0.2984862 0.0134682 0.4381739 0.3253686 0.3467815 0.2528245 0.2930475 0.0100727 0.2933082 0.3364747 0.2625688 0.0666092 0.3143765 0.2627968 0.3191866 0.3363955 0.0665953 0.2480600 0.0000000 0.3194155 0.4011446 0.2337852 0.3147137 0.3256040 0.3256550 0.3036346 0.2828078 0.2528762 0.3522735 
n294_325   0.0033375 0.3181045 0.3303065 0.4481805 0.0377291 0.0891314 0.3361697 0.2976850 0.3248079 0.2874401 0.0556882 0.3586782 0.3141652 0.0100713 0.3474937 0.0100702 0.0520377 0.3141051 0.3367338 0.3194155 0.0000000 0.4358248 0.3205120 0.0134707 0.0412889 0.0520847 0.3286409 0.1203941 0.3362356 0.3578808 
n255_270   0.4422820 0.4257980 0.4070346 0.0343784 0.4107531 0.4629193 0.4652929 0.3938427 0.4006105 0.3883829 0.4364387 0.4713202 0.4011565 0.4233577 0.4723600 0.4423317 0.4363231 0.4010229 0.4199394 0.4011446 0.4358248 0.0000000 0.4081136 0.4171801 0.4171799 0.4303224 0.4508352 0.4060108 0.4653778 0.3531433 
n277_300   0.3259939 0.2889089 0.2289301 0.4328775 0.3150237 0.3425477 0.0704767 0.2734736 0.2336085 0.2737143 0.3318580 0.0741413 0.2245360 0.3261087 0.0741910 0.3202816 0.3261841 0.2244908 0.0100907 0.2337852 0.3205120 0.4081136 0.0000000 0.3318146 0.3262905 0.3209807 0.2990886 0.2937786 0.0741163 0.3590499 
n298_329   0.0168857 0.3292971 0.3255471 0.4422312 0.0413130 0.0969079 0.3477291 0.3085458 0.3200778 0.2981288 0.0630540 0.3706494 0.3253261 0.0033434 0.3592637 0.0168864 0.0593553 0.3252643 0.3483211 0.3147137 0.0134707 0.4171801 0.3318146 0.0000000 0.0413040 0.0594092 0.3400109 0.1245778 0.3477969 0.3641928 
n295_326   0.0448602 0.3514464 0.3312582 0.4354946 0.0067083 0.1125811 0.3421539 0.3195359 0.3257387 0.3089468 0.0377955 0.3648873 0.3363156 0.0413094 0.3535925 0.0448621 0.0342489 0.3362522 0.3426615 0.3256040 0.0412889 0.4171799 0.3262905 0.0413040 0.0000000 0.0342802 0.3624939 0.1368279 0.3422209 0.3818170 
n290_319   0.0557201 0.3518735 0.3309083 0.4426000 0.0272474 0.1246983 0.3367322 0.3199199 0.3253969 0.3093165 0.0100877 0.3592872 0.3203461 0.0557296 0.3480792 0.0557225 0.0067043 0.3202849 0.3372288 0.3256550 0.0520847 0.4303224 0.3209807 0.0594092 0.0342802 0.0000000 0.3629362 0.1410939 0.3367983 0.3647300 
n265_284   0.3341522 0.0202955 0.3142810 0.4843426 0.3565899 0.3566447 0.3365101 0.1487372 0.3089065 0.1488570 0.3744261 0.3475138 0.2727625 0.3342702 0.3478522 0.3284046 0.3684089 0.2673650 0.3148110 0.3036346 0.3286409 0.4508352 0.2990886 0.3400109 0.3624939 0.3629362 0.0000000 0.3235195 0.3365762 0.3590265 
n200_205   0.1244338 0.3130491 0.2931297 0.4239239 0.1367416 0.1325662 0.3197504 0.2871775 0.2879200 0.2718602 0.1451880 0.3304832 0.2774614 0.1244599 0.3307974 0.1244404 0.1409589 0.2877116 0.3093754 0.2828078 0.1203941 0.4060108 0.2937786 0.1245778 0.1368279 0.1410939 0.3235195 0.0000000 0.3145060 0.3686814 
n292_321   0.3418361 0.3205796 0.2478779 0.4922225 0.3306925 0.3704792 0.0100703 0.3309057 0.2526833 0.3312081 0.3479095 0.0271996 0.2433791 0.3419595 0.0134591 0.3359913 0.3421049 0.2433305 0.0816147 0.2528762 0.3362356 0.4653778 0.0741163 0.3477969 0.3422209 0.3367983 0.3365762 0.3145060 0.0000000 0.3766470 
n244_257   0.3578079 0.3534631 0.3632492 0.3759469 0.3695807 0.3931157 0.3765746 0.3637037 0.3574887 0.3640431 0.3759221 0.3825314 0.3412429 0.3582135 0.3886239 0.3576155 0.3644196 0.3465735 0.3761873 0.3522735 0.3578808 0.3531433 0.3590499 0.3641928 0.3818170 0.3647300 0.3590265 0.3686814 0.3766470 0.0000000 
