26
n295_298   0.0000000 0.1744429 2.1076009 2.2569806 2.0152872 2.1657503 1.1573415 2.0196462 1.9552196 2.1291961 0.3851096 1.9206845 0.3615471 0.1616843 2.0079872 2.3043755 0.0306887 0.7598189 0.3110355 0.1745884 0.3376037 2.2929639 0.3610599 2.2191291 2.4596826 2.0838960 
n290_293   0.1744429 0.0000000 2.1058734 2.4346438 1.6950342 1.9359436 1.2585064 1.8050599 1.8058258 2.0520603 0.3225475 1.5205868 0.2912157 0.0449073 1.7194624 2.8920258 0.1489254 0.6846214 0.3064647 0.0630046 0.3063585 2.1720065 0.3017259 1.9777205 2.4221422 2.0879727 
n266_269   2.1076009 2.1058734 0.0000000 3.5985276 2.1977314 1.9094272 2.6435194 1.9482952 0.9057803 2.0123850 2.7310281 2.0355314 2.1492076 2.1203370 0.8816781 3.2496058 2.1037810 2.0404682 2.4847074 2.2098269 2.3051306 1.8951448 2.1422383 1.9042486 2.4922080 0.1718361 
n255_258   2.2569806 2.4346438 3.5985276 0.0000000 2.0761004 2.1408948 2.2329522 1.8212072 2.7427476 2.1237084 2.2726154 1.7792187 2.1587331 2.1768111 3.3361892 0.2880524 2.2955308 3.0454576 2.4096866 2.5252593 2.2763684 2.1014530 2.0337928 2.1917545 2.3962159 3.0681860 
n277_280   2.0152872 1.6950342 2.1977314 2.0761004 0.0000000 0.4484933 2.0202691 0.4472112 1.8427499 0.4614239 1.5197374 0.1244425 1.6669115 1.6460688 1.7747744 2.9605825 1.9724446 2.1316955 1.7531329 1.6809602 1.6164687 0.4959860 1.6769970 0.4551884 2.9649129 2.5191526 
n299_302   2.1657503 1.9359436 1.9094272 2.1408948 0.4484933 0.0000000 2.6974233 0.0821086 1.3502824 0.0272071 1.6893785 0.4673618 1.5703436 1.8992569 1.3963631 2.3147592 2.0740178 1.9887161 1.6265408 1.8632063 1.5305156 0.0779781 1.5668087 0.0033437 3.9190316 2.1050125 
n200_201   1.1573415 1.2585064 2.6435194 2.2329522 2.0202691 2.6974233 0.0000000 2.4703780 4.5255449 3.2979336 1.2674603 1.7819312 1.3600307 1.2305626 4.4642532 2.0981043 1.1544171 1.0384878 1.3135299 1.2409535 1.2946549 3.2316174 1.3009541 2.7874794 2.2397848 2.9999185 
n274_277   2.0196462 1.8050599 1.9482952 1.8212072 0.4472112 0.0821086 2.4703780 0.0000000 1.5510223 0.0895958 1.5950434 0.4748403 1.5140450 1.8001039 1.6089547 2.1484861 1.9408185 1.9931153 1.6505701 1.7686974 1.5201418 0.1052990 1.5167390 0.0859439 3.5165888 2.0715683 
n286_289   1.9552196 1.8058258 0.9057803 2.7427476 1.8427499 1.3502824 4.5255449 1.5510223 0.0000000 1.3959583 2.2335548 1.5464450 1.8750297 1.7113244 0.0341829 2.8114124 1.8850209 2.0730040 2.1907140 1.7906940 1.9601940 1.3503037 1.8316704 1.3719384 2.1393614 1.0123955 
n292_295   2.1291961 2.0520603 2.0123850 2.1237084 0.4614239 0.0272071 3.2979336 0.0895958 1.3959583 0.0000000 1.6941297 0.5081913 1.5744407 2.0114388 1.4446780 2.2936438 2.0404396 2.1604509 1.6581451 1.9716423 1.5810689 0.0891500 1.5708786 0.0306965 3.3424670 2.0795484 
n275_278   0.3851096 0.3225475 2.7310281 2.2726154 1.5197374 1.6893785 1.2674603 1.5950434 2.2335548 1.6941297 0.0000000 1.6046391 0.1933815 0.3282069 2.1143113 2.2805661 0.3669277 0.6476803 0.1578314 0.3392306 0.1622778 1.7126419 0.2256897 1.7215935 2.3263535 2.3549811 
n278_281   1.9206845 1.5205868 2.0355314 1.7792187 0.1244425 0.4673618 1.7819312 0.4748403 1.5464450 0.5081913 1.6046391 0.0000000 1.7200689 1.5776319 1.5193924 2.3995892 1.8814107 2.2003957 1.8201945 1.6656064 1.6729925 0.5240228 1.6689416 0.4742320 2.9187404 2.2700766 
n297_300   0.3615471 0.2912157 2.1492076 2.1587331 1.6669115 1.5703436 1.3600307 1.5140450 1.8750297 1.5744407 0.1933815 1.7200689 0.0000000 0.2963541 1.6737249 2.3056840 0.3440000 0.6013909 0.1415038 0.2915478 0.1496133 1.6468507 0.0237746 1.5985374 2.1904205 2.0880197 
n289_292   0.1616843 0.0449073 2.1203370 2.1768111 1.6460688 1.8992569 1.2305626 1.8001039 1.7113244 2.0114388 0.3282069 1.5776319 0.2963541 0.0000000 1.6330968 2.3936236 0.1408581 0.6579600 0.2959703 0.0557702 0.3008325 1.9649909 0.3120784 1.9396082 2.2685295 2.1876174 
n285_288   2.0079872 1.7194624 0.8816781 3.3361892 1.7747744 1.3963631 4.4642532 1.6089547 0.0341829 1.4446780 2.1143113 1.5193924 1.6737249 1.6330968 0.0000000 3.1598626 1.8594790 1.8649046 2.0418473 1.7058855 1.8403428 1.3721894 1.6634414 1.4192612 2.0603774 0.9840321 
n251_254   2.3043755 2.8920258 3.2496058 0.2880524 2.9605825 2.3147592 2.0981043 2.1484861 2.8114124 2.2936438 2.2805661 2.3995892 2.3056840 2.3936236 3.1598626 0.0000000 2.2987217 3.1489092 2.3649423 2.9019887 2.2677816 2.4701023 2.1809962 2.3065750 2.1420994 2.6282353 
n296_299   0.0306887 0.1489254 2.1037810 2.2955308 1.9724446 2.0740178 1.1544171 1.9408185 1.8850209 2.0404396 0.3669277 1.8814107 0.3440000 0.1408581 1.8594790 2.2987217 0.0000000 0.7025451 0.2998258 0.1531765 0.3207291 2.1801609 0.3435428 2.1225500 2.6061064 2.0801532 
n236_239   0.7598189 0.6846214 2.0404682 3.0454576 2.1316955 1.9887161 1.0384878 1.9931153 2.0730040 2.1604509 0.6476803 2.2003957 0.6013909 0.6579600 1.8649046 3.1489092 0.7025451 0.0000000 0.6421048 0.6925644 0.6485437 2.1236124 0.6250032 2.0324841 2.7306626 2.2563861 
n294_297   0.3110355 0.3064647 2.4847074 2.4096866 1.7531329 1.6265408 1.3135299 1.6505701 2.1907140 1.6581451 0.1578314 1.8201945 0.1415038 0.2959703 2.0418473 2.3649423 0.2998258 0.6421048 0.0000000 0.2905543 0.0519932 1.8115650 0.1667291 1.6564737 2.3121477 2.2949586 
n287_290   0.1745884 0.0630046 2.2098269 2.5252593 1.6809602 1.8632063 1.2409535 1.7686974 1.7906940 1.9716423 0.3392306 1.6656064 0.2915478 0.0557702 1.7058855 2.9019887 0.1531765 0.6925644 0.2905543 0.0000000 0.2904558 1.9538063 0.3071804 1.8674816 2.3355629 2.3725023 
n293_296   0.3376037 0.3063585 2.3051306 2.2763684 1.6164687 1.5305156 1.2946549 1.5201418 1.9601940 1.5810689 0.1622778 1.6729925 0.1496133 0.3008325 1.8403428 2.2677816 0.3207291 0.6485437 0.0519932 0.2904558 0.0000000 1.6568938 0.1797575 1.5574700 2.2676779 2.0989434 
n280_283   2.2929639 2.1720065 1.8951448 2.1014530 0.4959860 0.0779781 3.2316174 0.1052990 1.3503037 0.0891500 1.7126419 0.5240228 1.6468507 1.9649909 1.3721894 2.4701023 2.1801609 2.1236124 1.8115650 1.9538063 1.6568938 0.0000000 1.7109772 0.0817732 4.4875147 2.0005942 
n298_301   0.3610599 0.3017259 2.1422383 2.0337928 1.6769970 1.5668087 1.3009541 1.5167390 1.8316704 1.5708786 0.2256897 1.6689416 0.0237746 0.3120784 1.6634414 2.1809962 0.3435428 0.6250032 0.1667291 0.3071804 0.1797575 1.7109772 0.0000000 1.5948266 2.0514509 2.1177702 
n300_303   2.2191291 1.9777205 1.9042486 2.1917545 0.4551884 0.0033437 2.7874794 0.0859439 1.3719384 0.0306965 1.7215935 0.4742320 1.5985374 1.9396082 1.4192612 2.3065750 2.1225500 2.0324841 1.6564737 1.8674816 1.5574700 0.0817732 1.5948266 0.0000000 3.7206830 2.0984999 
n244_247   2.4596826 2.4221422 2.4922080 2.3962159 2.9649129 3.9190316 2.2397848 3.5165888 2.1393614 3.3424670 2.3263535 2.9187404 2.1904205 2.2685295 2.0603774 2.1420994 2.6061064 2.7306626 2.3121477 2.3355629 2.2676779 4.4875147 2.0514509 3.7206830 0.0000000 2.4853170 
n265_268   2.0838960 2.0879727 0.1718361 3.0681860 2.5191526 2.1050125 2.9999185 2.0715683 1.0123955 2.0795484 2.3549811 2.2700766 2.0880197 2.1876174 0.9840321 2.6282353 2.0801532 2.2563861 2.2949586 2.3725023 2.0989434 2.0005942 2.1177702 2.0984999 2.4853170 0.0000000 
