25
n292_293   0.0000000 0.3168865 0.3164351 0.3070373 0.4305140 0.3133945 0.0066624 0.2863413 0.0167756 0.3219244 0.4050432 0.3397493 0.0066693 0.0737267 0.3070395 0.3179922 0.3789522 0.3071506 0.3214664 0.3216313 0.2740152 0.3441463 0.0699021 0.0168010 0.2640319 
n287_288   0.3168865 0.0000000 0.0066934 0.0484208 0.4187786 0.2947439 0.3164351 0.0377423 0.3058538 0.0100698 0.4054923 0.0855917 0.3168251 0.2868315 0.0378023 0.0449622 0.3807819 0.0413410 0.0168314 0.0168391 0.2865010 0.1834431 0.2964719 0.3225466 0.2762707 
n290_291   0.3164351 0.0066934 0.0000000 0.0483657 0.4066472 0.2943287 0.3159851 0.0377006 0.3054230 0.0100589 0.4048655 0.0854922 0.3163740 0.2864331 0.0377595 0.0449118 0.3802032 0.0412939 0.0168130 0.0168207 0.2860985 0.1832108 0.2960571 0.3220843 0.2758853 
n294_295   0.3070373 0.0484208 0.0483657 0.0000000 0.4257768 0.3109124 0.3066031 0.0237677 0.2961497 0.0519818 0.4191879 0.0931242 0.3069799 0.2870670 0.0238047 0.0308000 0.3870779 0.0067022 0.0519152 0.0519393 0.2918200 0.1833881 0.2967158 0.3126208 0.2815090 
n251_252   0.4305140 0.4187786 0.4066472 0.4257768 0.0000000 0.4214546 0.4361572 0.3958632 0.4354067 0.4245099 0.0480208 0.4094186 0.4367250 0.4435287 0.4143771 0.4272406 0.3075681 0.4262340 0.4179384 0.4181613 0.4058209 0.4619214 0.4428126 0.4432794 0.3937941 
n286_287   0.3133945 0.2947439 0.2943287 0.3109124 0.4214546 0.0000000 0.3129478 0.2902979 0.2973618 0.2945927 0.4269137 0.3110762 0.3133343 0.2937635 0.3008005 0.3117615 0.4191441 0.3060612 0.3041826 0.3043390 0.1469636 0.3377852 0.2880802 0.3081721 0.1386032 
n300_301   0.0066624 0.3164351 0.3159851 0.3066031 0.4361572 0.3129478 0.0000000 0.2859443 0.0167572 0.3214639 0.4105096 0.3392537 0.0066621 0.0736429 0.3066056 0.3175378 0.3792215 0.3067162 0.3210072 0.3211717 0.2736371 0.3549907 0.0661682 0.0167826 0.2636710 
n275_276   0.2863413 0.0377423 0.0377006 0.0237677 0.3958632 0.2902979 0.2859443 0.0000000 0.2757955 0.0412538 0.3949942 0.0816938 0.2862920 0.2574263 0.0134977 0.0203728 0.3641170 0.0169124 0.0482748 0.0482972 0.2716562 0.1788029 0.2667243 0.2917451 0.2616291 
n274_275   0.0167756 0.3058538 0.3054230 0.2961497 0.4354067 0.2973618 0.0167572 0.2757955 0.0000000 0.3108147 0.4098125 0.3283033 0.0167749 0.0699433 0.2961567 0.3069165 0.3954372 0.2962590 0.3103749 0.3105333 0.2686887 0.3438070 0.0661498 0.0202014 0.2587887 
n289_290   0.3219244 0.0100698 0.0100589 0.0519818 0.4245099 0.2945927 0.3214639 0.0412538 0.3108147 0.0000000 0.4111227 0.0893424 0.3218608 0.2865232 0.0413193 0.0485162 0.3862734 0.0448738 0.0202359 0.0202452 0.2914158 0.1832722 0.2863147 0.3276249 0.2811206 
n255_256   0.4050432 0.4054923 0.4048655 0.4191879 0.0480208 0.4269137 0.4105096 0.3949942 0.4098125 0.4111227 0.0000000 0.4200732 0.4110376 0.4296480 0.4134767 0.4263207 0.2911789 0.4253167 0.3991676 0.3993789 0.3987865 0.4350736 0.4289598 0.4173404 0.3868852 
n236_237   0.3397493 0.0855917 0.0854922 0.0931242 0.4094186 0.3110762 0.3392537 0.0816938 0.3283033 0.0893424 0.4200732 0.0000000 0.3396774 0.3140682 0.0818244 0.0895367 0.4065300 0.0856061 0.0968009 0.0968469 0.2974086 0.1881029 0.3240775 0.3456262 0.2870109 
n299_300   0.0066693 0.3168251 0.3163740 0.3069799 0.4367250 0.3133343 0.0066621 0.2862920 0.0167749 0.3218608 0.4110376 0.3396774 0.0000000 0.0737222 0.3069821 0.3179302 0.3850843 0.3070932 0.3214031 0.3215680 0.2739699 0.3554370 0.0698979 0.0168003 0.2639900 
n278_279   0.0737267 0.2868315 0.2864331 0.2870670 0.4435287 0.2937635 0.0736429 0.2574263 0.0699433 0.2865232 0.4296480 0.3140682 0.0737222 0.0000000 0.2773317 0.2878266 0.3988456 0.2774203 0.3011761 0.3013297 0.2754017 0.3233520 0.0236810 0.0775243 0.2653600 
n297_298   0.3070395 0.0378023 0.0377595 0.0238047 0.4143771 0.3008005 0.3066056 0.0134977 0.2961567 0.0413193 0.4134767 0.0818244 0.3069821 0.2773317 0.0000000 0.0067337 0.3764943 0.0169387 0.0483504 0.0483727 0.2819235 0.1790966 0.2868686 0.3126204 0.2717485 
n298_299   0.3179922 0.0449622 0.0449118 0.0308000 0.4272406 0.3117615 0.3175378 0.0203728 0.3069165 0.0485162 0.4263207 0.0895367 0.3179302 0.2878266 0.0067337 0.0000000 0.3887253 0.0238638 0.0556159 0.0556419 0.2926160 0.1881029 0.2975018 0.3236745 0.2822746 
n244_245   0.3789522 0.3807819 0.3802032 0.3870779 0.3075681 0.4191441 0.3792215 0.3641170 0.3954372 0.3862734 0.2911789 0.4065300 0.3850843 0.3988456 0.3764943 0.3887253 0.0000000 0.3817746 0.3800054 0.3802060 0.4041606 0.4343361 0.3918193 0.4086758 0.3920809 
n293_294   0.3071506 0.0413410 0.0412939 0.0067022 0.4262340 0.3060612 0.3067162 0.0169124 0.2962590 0.0448738 0.4253167 0.0856061 0.3070932 0.2774203 0.0169387 0.0238638 0.3817746 0.0000000 0.0519337 0.0519577 0.2870593 0.1834556 0.2869640 0.3127363 0.2768068 
n296_297   0.3214664 0.0168314 0.0168130 0.0519152 0.4179384 0.3041826 0.3210072 0.0482748 0.3103749 0.0202359 0.3991676 0.0968009 0.3214031 0.3011761 0.0483504 0.0556159 0.3800054 0.0519337 0.0000000 0.0066847 0.2958930 0.1830978 0.3109673 0.3271574 0.2855498 
n295_296   0.3216313 0.0168391 0.0168207 0.0519393 0.4181613 0.3043390 0.3211717 0.0482972 0.3105333 0.0202452 0.3993789 0.0968469 0.3215680 0.3013297 0.0483727 0.0556419 0.3802060 0.0519577 0.0066847 0.0000000 0.2854555 0.1831873 0.3111262 0.3273258 0.2752700 
n266_267   0.2740152 0.2865010 0.2860985 0.2918200 0.4058209 0.1469636 0.2736371 0.2716562 0.2686887 0.2914158 0.3987865 0.2974086 0.2739699 0.2754017 0.2819235 0.2926160 0.4041606 0.2870593 0.2958930 0.2854555 0.0000000 0.3402130 0.2698399 0.2743947 0.0068123 
n200_201   0.3441463 0.1834431 0.1832108 0.1833881 0.4619214 0.3377852 0.3549907 0.1788029 0.3438070 0.1832722 0.4350736 0.1881029 0.3554370 0.3233520 0.1790966 0.1881029 0.4343361 0.1834556 0.1830978 0.1831873 0.3402130 0.0000000 0.3334541 0.3615326 0.3291598 
n277_278   0.0699021 0.2964719 0.2960571 0.2967158 0.4428126 0.2880802 0.0661682 0.2667243 0.0661498 0.2863147 0.4289598 0.3240775 0.0698979 0.0236810 0.2868686 0.2975018 0.3918193 0.2869640 0.3109673 0.3111262 0.2698399 0.3334541 0.0000000 0.0736672 0.2598918 
n280_281   0.0168010 0.3225466 0.3220843 0.3126208 0.4432794 0.3081721 0.0167826 0.2917451 0.0202014 0.3276249 0.4173404 0.3456262 0.0168003 0.0775243 0.3126204 0.3236745 0.4086758 0.3127363 0.3271574 0.3273258 0.2743947 0.3615326 0.0736672 0.0000000 0.2643952 
n265_266   0.2640319 0.2762707 0.2758853 0.2815090 0.3937941 0.1386032 0.2636710 0.2616291 0.2587887 0.2811206 0.3868852 0.2870109 0.2639900 0.2653600 0.2717485 0.2822746 0.3920809 0.2768068 0.2855498 0.2752700 0.0068123 0.3291598 0.2598918 0.2643952 0.0000000 
