26
n292_293   0.0000000 0.2805154 0.2854999 0.2853393 0.3728496 0.2264597 0.0033366 0.3004165 0.0100694 0.2805154 0.3283727 0.2850900 0.0100543 0.0376690 0.2853388 0.2902637 0.3495053 0.2900895 0.3059795 0.3109436 0.2551152 0.2755224 0.2263141 0.0376470 0.0033394 0.2508098 
n287_288   0.2805154 0.0000000 0.0100855 0.0306852 0.4213374 0.3166336 0.2854581 0.0483814 0.2753140 0.0067072 0.3962570 0.1082214 0.2953553 0.2749920 0.0306813 0.0341672 0.3891676 0.0376779 0.0307227 0.0342043 0.3263317 0.1574287 0.3060386 0.2747971 0.2752858 0.3161141 
n290_291   0.2854999 0.0100855 0.0000000 0.0272182 0.4095248 0.3163845 0.2904757 0.0448285 0.2802600 0.0033467 0.3848561 0.1043705 0.3004365 0.2799291 0.0272147 0.0306853 0.3779077 0.0341797 0.0272513 0.0307186 0.3260719 0.1532994 0.3058015 0.2797299 0.2802311 0.3158658 
n294_295   0.2853393 0.0306852 0.0272182 0.0000000 0.4096690 0.3210805 0.2903117 0.0168991 0.2801030 0.0237565 0.3903137 0.1003942 0.3002658 0.2797725 0.0067029 0.0100764 0.3780383 0.0067018 0.0412509 0.0447785 0.3258837 0.1615550 0.3104416 0.2795736 0.2800741 0.3156845 
n251_252   0.3728496 0.4213374 0.4095248 0.4096690 0.0000000 0.3785763 0.3784839 0.4277195 0.3723930 0.4094516 0.0555753 0.4156890 0.3897054 0.3722457 0.4032783 0.4090605 0.2571813 0.4152757 0.4205576 0.4263121 0.3666550 0.4045390 0.3782603 0.3719607 0.3668062 0.3673331 
n286_287   0.2264597 0.3166336 0.3163845 0.3210805 0.3785763 0.0000000 0.2310247 0.3368978 0.2265401 0.3111904 0.3392401 0.3270161 0.2401866 0.2260176 0.3210877 0.3262402 0.3549666 0.3260417 0.3377709 0.3321438 0.1083717 0.2966439 0.0066996 0.2258640 0.2264020 0.1046482 
n300_301   0.0033366 0.2854581 0.2904757 0.2903117 0.3784839 0.2310247 0.0000000 0.3054916 0.0134555 0.2854581 0.3336677 0.2900549 0.0066839 0.0411874 0.2903122 0.2952687 0.3549473 0.2950911 0.3110985 0.3160940 0.2548980 0.2752846 0.2308749 0.0411633 0.0066934 0.2505963 
n275_276   0.3004165 0.0483814 0.0448285 0.0168991 0.4277195 0.3368978 0.3054916 0.0000000 0.2950607 0.0412749 0.4078247 0.1200624 0.3156431 0.2947025 0.0237706 0.0272273 0.3889558 0.0237667 0.0592441 0.0628578 0.3307920 0.1699621 0.3260191 0.2944907 0.2950299 0.3098737 
n274_275   0.0100694 0.2753140 0.2802600 0.2801030 0.3723930 0.2265401 0.0134555 0.2950607 0.0000000 0.2753140 0.3279790 0.2798618 0.0202738 0.0411757 0.2801016 0.2849894 0.3490830 0.2848188 0.3005731 0.3055003 0.2502590 0.2703637 0.2263943 0.0411516 0.0066915 0.2459754 
n289_290   0.2805154 0.0067072 0.0033467 0.0237565 0.4094516 0.3111904 0.2854581 0.0412749 0.2753140 0.0000000 0.3847885 0.1004998 0.2953553 0.2749920 0.0237533 0.0272075 0.3778418 0.0306844 0.0237853 0.0272370 0.3208220 0.1491368 0.3006836 0.2747971 0.2752858 0.3106818 
n255_256   0.3283727 0.3962570 0.3848561 0.3903137 0.0555753 0.3392401 0.3336677 0.4078247 0.3279790 0.3847885 0.0000000 0.4088509 0.3442426 0.3227617 0.3841218 0.3897428 0.2329989 0.3957638 0.4081247 0.4137848 0.3387540 0.3800240 0.3389746 0.3225235 0.3227288 0.3450528 
n236_237   0.2850900 0.1082214 0.1043705 0.1003942 0.4156890 0.3270161 0.2900549 0.1200624 0.2798618 0.1004998 0.4088509 0.0000000 0.2999936 0.2795321 0.1003840 0.1042211 0.4021730 0.1081079 0.1201085 0.1240193 0.3218284 0.1658677 0.3162728 0.2793336 0.2798330 0.3116547 
n299_300   0.0100543 0.2953553 0.3004365 0.3002658 0.3897054 0.2401866 0.0066839 0.3156431 0.0202738 0.2953553 0.3442426 0.2999936 0.0000000 0.0482734 0.3002683 0.3052855 0.3604384 0.3051013 0.3213348 0.3263903 0.2643644 0.2850383 0.2400286 0.0482450 0.0134464 0.2600256 
n278_279   0.0376690 0.2749920 0.2799291 0.2797725 0.3722457 0.2260176 0.0411874 0.2947025 0.0411757 0.2749920 0.3227617 0.2795321 0.0482734 0.0000000 0.2797711 0.2846501 0.3323243 0.2844799 0.3002040 0.3051218 0.2447934 0.2700507 0.2258726 0.0066830 0.0341324 0.2405446 
n297_298   0.2853388 0.0306813 0.0272147 0.0067029 0.4032783 0.3210877 0.2903122 0.0237706 0.2801016 0.0237533 0.3841218 0.1003840 0.3002683 0.2797711 0.0000000 0.0033424 0.3719681 0.0134660 0.0412458 0.0447729 0.3205836 0.1615432 0.3104463 0.2795721 0.2800727 0.3104522 
n298_299   0.2902637 0.0341672 0.0306853 0.0100764 0.4090605 0.3262402 0.2952687 0.0272273 0.2849894 0.0272075 0.3897428 0.1042211 0.3052855 0.2846501 0.0033424 0.0000000 0.3774904 0.0168698 0.0447848 0.0483273 0.3257256 0.1657269 0.3155250 0.2844470 0.2849599 0.3155322 
n244_245   0.3495053 0.3891676 0.3779077 0.3780383 0.2571813 0.3549666 0.3549473 0.3889558 0.3490830 0.3778418 0.2329989 0.4021730 0.3604384 0.3323243 0.3719681 0.3774904 0.0000000 0.3833929 0.3951303 0.4006846 0.3716824 0.3846853 0.3546822 0.3320780 0.3436869 0.3548919 
n293_294   0.2900895 0.0376779 0.0341797 0.0067018 0.4152757 0.3260417 0.2950911 0.0237667 0.2848188 0.0306844 0.3957638 0.1081079 0.3051013 0.2844799 0.0134660 0.0168698 0.3833929 0.0000000 0.0483519 0.0519107 0.3308688 0.1699890 0.3153340 0.2842771 0.2847893 0.3206112 
n296_297   0.3059795 0.0307227 0.0272513 0.0412509 0.4205576 0.3377709 0.3110985 0.0592441 0.3005731 0.0237853 0.4081247 0.1201085 0.3213348 0.3002040 0.0412458 0.0447848 0.3951303 0.0483519 0.0000000 0.0100730 0.3477030 0.1702640 0.3268572 0.2999871 0.3005415 0.3372099 
n295_296   0.3109436 0.0342043 0.0307186 0.0447785 0.4263121 0.3321438 0.3160940 0.0628578 0.3055003 0.0272370 0.4137848 0.1240193 0.3263903 0.3051218 0.0447729 0.0483273 0.4006846 0.0519107 0.0100730 0.0000000 0.3420050 0.1744505 0.3213245 0.3049007 0.3054680 0.3315944 
n266_267   0.2551152 0.3263317 0.3260719 0.3258837 0.3666550 0.1083717 0.2548980 0.3307920 0.2502590 0.3208220 0.3387540 0.3218284 0.2643644 0.2447934 0.3205836 0.3257256 0.3716824 0.3308688 0.3477030 0.3420050 0.0000000 0.2863999 0.1083148 0.2494926 0.2501045 0.0237513 
n200_201   0.2755224 0.1574287 0.1532994 0.1615550 0.4045390 0.2966439 0.2752846 0.1699621 0.2703637 0.1491368 0.3800240 0.1658677 0.2850383 0.2700507 0.1615432 0.1657269 0.3846853 0.1699890 0.1702640 0.1744505 0.2863999 0.0000000 0.2863336 0.2698601 0.2703361 0.2962636 
n285_286   0.2263141 0.3060386 0.3058015 0.3104416 0.3782603 0.0066996 0.2308749 0.3260191 0.2263943 0.3006836 0.3389746 0.3162728 0.2400286 0.2258726 0.3104463 0.3155250 0.3546822 0.3153340 0.3268572 0.3213245 0.1083148 0.2863336 0.0000000 0.2257192 0.2262564 0.1045935 
n277_278   0.0376470 0.2747971 0.2797299 0.2795736 0.3719607 0.2258640 0.0411633 0.2944907 0.0411516 0.2747971 0.3225235 0.2793336 0.0482450 0.0066830 0.2795721 0.2844470 0.3320780 0.2842771 0.2999871 0.3049007 0.2494926 0.2698601 0.2257192 0.0000000 0.0341125 0.2452242 
n280_281   0.0033394 0.2752858 0.2802311 0.2800741 0.3668062 0.2264020 0.0066934 0.2950299 0.0066915 0.2752858 0.3227288 0.2798330 0.0134464 0.0341324 0.2800727 0.2849599 0.3436869 0.2847893 0.3005415 0.3054680 0.2501045 0.2703361 0.2262564 0.0341125 0.0000000 0.2458236 
n265_266   0.2508098 0.3161141 0.3158658 0.3156845 0.3673331 0.1046482 0.2505963 0.3098737 0.2459754 0.3106818 0.3450528 0.3116547 0.2600256 0.2405446 0.3104522 0.3155322 0.3548919 0.3206112 0.3372099 0.3315944 0.0237513 0.2962636 0.1045935 0.2452242 0.2458236 0.0000000 
