45
n298_453   0.0000000 0.3242269 0.2972758 0.2714781 0.0135054 0.2264553 0.2865326 0.2916729 0.3009294 0.0100979 0.2978719 0.3138265 0.3133177 0.0595159 0.0238042 0.3064089 0.3082637 0.2975635 0.2217218 0.3297559 0.0237903 0.3298867 0.2551482 0.2264472 0.0203324 0.2365898 0.2923573 0.0203410 0.2818096 0.2265645 0.2970242 0.3190419 0.3187467 0.2969954 0.0169213 0.3023272 0.3531903 0.1094478 0.2551260 0.2124771 0.3125625 0.2765526 0.3186869 0.2264836 0.2264279 
n299_458   0.3242269 0.0000000 0.2961389 0.3596513 0.3357638 0.3126975 0.2853580 0.3119619 0.3850379 0.3355349 0.3026097 0.3126091 0.3120060 0.3019483 0.3412004 0.4093322 0.3070736 0.2964244 0.3073139 0.0033426 0.3295033 0.0033438 0.3184586 0.3126857 0.3239004 0.3363904 0.2861064 0.3354238 0.3345856 0.3128542 0.0414379 0.3176993 0.3174066 0.0485867 0.3411763 0.3011672 0.3634205 0.3360484 0.3184294 0.3022507 0.3698641 0.3346758 0.0100901 0.3127393 0.3186349 
n293_446   0.2972758 0.2961389 0.0000000 0.3192455 0.3029408 0.2866379 0.0168726 0.0667456 0.3229634 0.3081297 0.3247456 0.0168981 0.0377605 0.3076095 0.3135696 0.3395074 0.0134764 0.0067065 0.2866677 0.3014271 0.3023609 0.3015454 0.3237146 0.2972917 0.2969807 0.2769291 0.3187515 0.3080302 0.2973386 0.2868034 0.2752336 0.0413391 0.0413058 0.2752079 0.3244827 0.0100644 0.1675085 0.2983665 0.3236848 0.2870635 0.3469744 0.2972332 0.2908422 0.2973422 0.3082654 
n265_388   0.2714781 0.3596513 0.3192455 0.0000000 0.2766690 0.2268722 0.3134618 0.3296496 0.3988918 0.2765457 0.3537611 0.3307437 0.3242743 0.2973040 0.2871450 0.4045504 0.3250304 0.3084439 0.2221290 0.3654956 0.2869501 0.3656421 0.1375238 0.2364427 0.2816886 0.0414386 0.3476545 0.2818242 0.3889122 0.2318363 0.3365221 0.3300991 0.3297919 0.3364873 0.2976425 0.3244545 0.3647687 0.2672058 0.1375128 0.2268552 0.4193328 0.3827221 0.3537930 0.2364810 0.2461800 
n293_444   0.0135054 0.3357638 0.3029408 0.2766690 0.0000000 0.2411099 0.2974001 0.2970714 0.3122159 0.0100968 0.3089601 0.3196531 0.3246607 0.0744381 0.0378554 0.3178002 0.3140357 0.3032352 0.2362671 0.3413933 0.0378330 0.3415292 0.2704611 0.2411012 0.0342918 0.2416603 0.3033428 0.0343065 0.2871836 0.2412271 0.3080724 0.3304948 0.3301868 0.3080420 0.0238317 0.3080355 0.3593894 0.1216830 0.2704372 0.2268169 0.3293991 0.2818806 0.3301224 0.2411404 0.2410793 
n292_441   0.2264553 0.3126975 0.2866379 0.2268722 0.2411099 0.0000000 0.2811584 0.2913260 0.3389242 0.2410055 0.3084259 0.3029063 0.2915824 0.2505244 0.2410293 0.3560685 0.2974389 0.2869134 0.0033408 0.3181244 0.2408699 0.3182500 0.2069085 0.0134728 0.2359776 0.1988662 0.3131340 0.2360889 0.3026132 0.0100855 0.2862692 0.2971043 0.2862494 0.2862420 0.2508024 0.2813839 0.3470358 0.2035517 0.2068911 0.0342675 0.3577814 0.3026930 0.3072607 0.0168874 0.0485128 
n295_450   0.2865326 0.2853580 0.0168726 0.3134618 0.2974001 0.2811584 0.0000000 0.0556734 0.3170713 0.2972017 0.3080268 0.0272521 0.0202909 0.2967039 0.3025498 0.3334556 0.0237707 0.0237846 0.2811876 0.2905582 0.2915395 0.2906718 0.3179021 0.2917145 0.2862499 0.2765875 0.3022011 0.2971068 0.2863541 0.2813201 0.2648037 0.0237543 0.0237361 0.2647794 0.3132794 0.0202875 0.1674062 0.2874254 0.3178730 0.2815745 0.3410104 0.2812174 0.2801514 0.2917638 0.3025851 
n236_343   0.2916729 0.3119619 0.0667456 0.3296496 0.2970714 0.2913260 0.0556734 0.0000000 0.3389989 0.2970701 0.3183672 0.0742910 0.0779359 0.3019169 0.3078145 0.3505436 0.0705186 0.0668014 0.2913565 0.3173742 0.2967148 0.3174993 0.3395788 0.3020426 0.2913844 0.2864796 0.3125592 0.3023281 0.2913068 0.2914946 0.2905697 0.0817778 0.0817123 0.2905420 0.3186265 0.0704087 0.1760846 0.2873723 0.3395473 0.2917589 0.3637715 0.2861357 0.3065396 0.3020940 0.3130830 
n251_364   0.3009294 0.3850379 0.3229634 0.3988918 0.3122159 0.3389242 0.3170713 0.3389989 0.0000000 0.3172138 0.3924553 0.3290082 0.3337657 0.3276164 0.3173740 0.0411448 0.3233310 0.3177663 0.3333439 0.3910551 0.3171563 0.3852414 0.3551934 0.3389111 0.3116727 0.3456710 0.3857884 0.3118237 0.3859050 0.3335511 0.3675360 0.3396584 0.3393416 0.3731637 0.3281732 0.3120081 0.3864941 0.3237287 0.3551601 0.3173662 0.2849697 0.3799853 0.3911644 0.3389702 0.3339421 
n294_445   0.0100979 0.3355349 0.3081297 0.2765457 0.0100968 0.2410055 0.2972017 0.2970701 0.3172138 0.0000000 0.3087522 0.3249715 0.3244407 0.0669324 0.0343050 0.3228362 0.3193103 0.3084299 0.2361652 0.3411598 0.0342848 0.3412955 0.2703415 0.2409968 0.0307646 0.2414005 0.3031395 0.0307776 0.2869931 0.2411226 0.3078657 0.3302700 0.3299624 0.3078354 0.0203637 0.3132583 0.3591405 0.1215617 0.2703177 0.2267196 0.3291749 0.2816941 0.3298980 0.2410360 0.2409749 
n265_390   0.2978719 0.3026097 0.3247456 0.3537611 0.3089601 0.3084259 0.3080268 0.3183672 0.3924553 0.3087522 0.0000000 0.3420376 0.3357271 0.2977881 0.3033078 0.3983570 0.3362244 0.3250653 0.3030613 0.3079650 0.3029689 0.3080865 0.3408078 0.3084143 0.2975757 0.3312454 0.0342527 0.3032756 0.1674647 0.3085807 0.2760876 0.3416631 0.3413428 0.2862085 0.3141420 0.3299936 0.3414954 0.3206584 0.3407760 0.2927597 0.3519492 0.1588072 0.2972454 0.3084671 0.3141691 
n298_455   0.3138265 0.3126091 0.0168981 0.3307437 0.3196531 0.3029063 0.0272521 0.0742910 0.3290082 0.3249715 0.3420376 0.0000000 0.0485270 0.3244162 0.3305561 0.3513747 0.0033422 0.0238205 0.3029384 0.3180345 0.3190348 0.3181600 0.3352681 0.3138413 0.3135118 0.2876856 0.3302428 0.3248648 0.3191763 0.3030835 0.2911662 0.0521785 0.0521374 0.2911383 0.3417586 0.0203183 0.1808582 0.3095107 0.3352370 0.3033599 0.3592742 0.3137775 0.3071739 0.3138954 0.3251120 
n287_434   0.3133177 0.3120060 0.0377605 0.3242743 0.3246607 0.2915824 0.0202909 0.0779359 0.3337657 0.3244407 0.3357271 0.0485270 0.0000000 0.3238872 0.3300143 0.3562203 0.0449155 0.0449424 0.2916130 0.3174187 0.3185162 0.3175437 0.3459611 0.3023094 0.3130040 0.2974430 0.3296261 0.3243344 0.3131140 0.2971160 0.2906127 0.0033368 0.0033343 0.2905849 0.3411946 0.0412780 0.1896317 0.3035437 0.3459287 0.2920160 0.3523390 0.3077701 0.3065835 0.3023609 0.3133605 
n236_341   0.0595159 0.3019483 0.3076095 0.2973040 0.0744381 0.2505244 0.2967039 0.3019169 0.3276164 0.0669324 0.2977881 0.3244162 0.3238872 0.0000000 0.0743374 0.3333228 0.3187670 0.3079088 0.2456186 0.3072896 0.0668346 0.3074106 0.2802541 0.2505153 0.0705364 0.2610801 0.2868193 0.0705673 0.2765486 0.2506465 0.2914509 0.3241700 0.3293974 0.2914230 0.0706999 0.3127281 0.3528103 0.1421098 0.2802292 0.2360503 0.3288189 0.2713353 0.3074789 0.2505563 0.2504917 
n287_432   0.0238042 0.3412004 0.3135696 0.2871450 0.0378554 0.2410293 0.3025498 0.3078145 0.3173740 0.0343050 0.3033078 0.3305561 0.3300143 0.0743374 0.0000000 0.3229996 0.3248461 0.3138761 0.2361884 0.3468729 0.0134987 0.3470110 0.2703685 0.2410205 0.0100949 0.2514251 0.2977439 0.0033474 0.2924807 0.2411463 0.3132994 0.3358958 0.3355820 0.3132683 0.0378405 0.3187366 0.3709634 0.1297145 0.2703446 0.2267418 0.3238590 0.2871334 0.3355153 0.2410597 0.2409987 
n255_370   0.3064089 0.4093322 0.3395074 0.4045504 0.3178002 0.3560685 0.3334556 0.3505436 0.0411448 0.3228362 0.3983570 0.3513747 0.3562203 0.3333228 0.3229996 0.0000000 0.3455031 0.3341936 0.3503449 0.4155657 0.3227773 0.4095516 0.3665030 0.3560546 0.3172452 0.3509472 0.3978530 0.3173992 0.3918789 0.3505652 0.3790610 0.3623233 0.3619812 0.3847762 0.3338916 0.3282837 0.4107299 0.3238926 0.3664684 0.3339809 0.2953942 0.3797949 0.4030795 0.3561175 0.3509788 
n297_454   0.3082637 0.3070736 0.0134764 0.3250304 0.3140357 0.2974389 0.0237707 0.0705186 0.3233310 0.3193103 0.3362244 0.0033422 0.0449155 0.3187670 0.3248461 0.3455031 0.0000000 0.0203536 0.2974703 0.3124526 0.3134304 0.3125757 0.3295278 0.3082790 0.3079556 0.2823364 0.3245397 0.3192061 0.3135701 0.2976122 0.2858126 0.0485422 0.0485041 0.2857854 0.3359508 0.0168790 0.1763509 0.3039710 0.3294973 0.2978831 0.3588489 0.3082169 0.3016852 0.3083318 0.3194493 
n294_447   0.2975635 0.2964244 0.0067065 0.3084439 0.3032352 0.2869134 0.0237846 0.0668014 0.3177663 0.3084299 0.3250653 0.0238205 0.0449424 0.3079088 0.3138761 0.3341936 0.0203536 0.0000000 0.2869433 0.3017186 0.3026542 0.3018372 0.3240323 0.2975794 0.2972678 0.2771943 0.3190638 0.3083302 0.2976264 0.2870793 0.2754956 0.0485714 0.0485332 0.2754698 0.3248018 0.0168889 0.1676583 0.2986562 0.3240024 0.2873398 0.3473201 0.2975207 0.2911217 0.2976299 0.3085658 
n299_456   0.2217218 0.3073139 0.2866677 0.2221290 0.2362671 0.0033408 0.2811876 0.2913565 0.3333439 0.2361652 0.3030613 0.3029384 0.2916130 0.2456186 0.2361884 0.3503449 0.2974703 0.2869433 0.0000000 0.3126975 0.2360326 0.3128208 0.2023272 0.0100776 0.2311766 0.1943199 0.3077406 0.2312854 0.2973007 0.0067058 0.2810907 0.2971356 0.2862792 0.2810642 0.2458905 0.2814131 0.3413594 0.1989710 0.2023102 0.0307563 0.3520245 0.2973788 0.3019208 0.0134737 0.0449220 
n280_419   0.3297559 0.0033426 0.3014271 0.3654956 0.3413933 0.3181244 0.2905582 0.3173742 0.3910551 0.3411598 0.3079650 0.3180345 0.3174187 0.3072896 0.3468729 0.4155657 0.3124526 0.3017186 0.3126975 0.0000000 0.3350728 0.0067053 0.3182538 0.3181123 0.3294229 0.3420330 0.2913222 0.3410462 0.3401900 0.3182842 0.0450162 0.3231614 0.3228627 0.0522035 0.3468483 0.3064916 0.3633796 0.3416830 0.3182247 0.3075971 0.3757790 0.3402821 0.0134896 0.3181671 0.3241157 
n295_448   0.0237903 0.3295033 0.3023609 0.2869501 0.0378330 0.2408699 0.2915395 0.2967148 0.3171563 0.0342848 0.3029689 0.3190348 0.3185162 0.0668346 0.0134987 0.3227773 0.3134304 0.3026542 0.2360326 0.3350728 0.0000000 0.3352058 0.2701873 0.2408612 0.0033429 0.2512577 0.2974126 0.0100933 0.2764369 0.2409869 0.3021038 0.3242850 0.3239843 0.3020743 0.0413721 0.3074446 0.3472040 0.1296335 0.2701634 0.2265930 0.3071672 0.2712259 0.3239224 0.2409003 0.2408394 
n292_443   0.3298867 0.0033438 0.3015454 0.3656421 0.3415292 0.3182500 0.2906718 0.3174993 0.3852414 0.3412955 0.3080865 0.3181600 0.3175437 0.3074106 0.3470110 0.4095516 0.3125757 0.3018372 0.3128208 0.0067053 0.3352058 0.0000000 0.3240659 0.3182379 0.3295534 0.3421693 0.2914364 0.3411818 0.3403250 0.3184099 0.0450323 0.3232890 0.3229901 0.0522222 0.3469864 0.3066120 0.3694207 0.3418190 0.3240360 0.3077182 0.3759294 0.3404172 0.0134943 0.3182927 0.3242440 
n286_429   0.2551482 0.3184586 0.3237146 0.1375238 0.2704611 0.2069085 0.3179021 0.3395788 0.3551934 0.2703415 0.3408078 0.3352681 0.3459611 0.2802541 0.2703685 0.3665030 0.3295278 0.3240323 0.2023272 0.3182538 0.2701873 0.3240659 0.0000000 0.2069012 0.2650767 0.1130771 0.3290634 0.2652030 0.3631143 0.2070071 0.2967673 0.3519812 0.3516499 0.3018854 0.2805693 0.3234248 0.3809410 0.2558298 0.0033287 0.1977729 0.4111063 0.3632144 0.3129691 0.2069338 0.2161696 
n274_405   0.2264472 0.3126857 0.2972917 0.2364427 0.2411012 0.0134728 0.2917145 0.3020426 0.3389111 0.2409968 0.3084143 0.3138413 0.3023094 0.2505153 0.2410205 0.3560546 0.3082790 0.2975794 0.0100776 0.3181123 0.2408612 0.3182379 0.2069012 0.0000000 0.2359691 0.2080373 0.3131222 0.2360804 0.3026018 0.0168983 0.2862586 0.3079296 0.2968860 0.2862313 0.2507933 0.2919501 0.3470223 0.2035444 0.2068838 0.0342663 0.3634991 0.3026816 0.3072491 0.0100784 0.0485111 
n296_449   0.0203324 0.3239004 0.2969807 0.2816886 0.0342918 0.2359776 0.2862499 0.2913844 0.3116727 0.0307646 0.2975757 0.3135118 0.3130040 0.0705364 0.0100949 0.3172452 0.3079556 0.2972678 0.2311766 0.3294229 0.0033429 0.3295534 0.2650767 0.2359691 0.0000000 0.2462771 0.2920675 0.0067096 0.2764123 0.2360919 0.2967296 0.3187213 0.3184267 0.2967009 0.0378117 0.3020265 0.3528285 0.1255153 0.2650534 0.2218051 0.3124585 0.2712019 0.3183670 0.2360073 0.2359482 
n266_389   0.2365898 0.3363904 0.2769291 0.0414386 0.2416603 0.1988662 0.2765875 0.2864796 0.3456710 0.2414005 0.3312454 0.2876856 0.2974430 0.2610801 0.2514251 0.3509472 0.2823364 0.2771943 0.1943199 0.3420330 0.2512577 0.3421693 0.1130771 0.2080373 0.2462771 0.0000000 0.3253494 0.2463940 0.3477280 0.1989609 0.3140549 0.3030256 0.3027477 0.3140236 0.2613729 0.2818491 0.3359518 0.2325813 0.1130682 0.1988529 0.3822318 0.3419077 0.3307359 0.2080704 0.2173632 
n266_391   0.2923573 0.2861064 0.3187515 0.3476545 0.3033428 0.3131340 0.3022011 0.3125592 0.3857884 0.3031395 0.0342527 0.3302428 0.3296261 0.2868193 0.2977439 0.3978530 0.3245397 0.3190638 0.3077406 0.2913222 0.2974126 0.2914364 0.3290634 0.3131222 0.2920675 0.3253494 0.0000000 0.2977125 0.1500667 0.3132912 0.2654880 0.3354987 0.3351856 0.2754430 0.3084820 0.3239515 0.3294981 0.3147579 0.3290330 0.2973875 0.3401176 0.1501023 0.2862755 0.3131759 0.3189117 
n290_437   0.0203410 0.3354238 0.3080302 0.2818242 0.0343065 0.2360889 0.2971068 0.3023281 0.3118237 0.0307776 0.3032756 0.3248648 0.3243344 0.0705673 0.0033474 0.3173992 0.3192061 0.3083302 0.2312854 0.3410462 0.0100933 0.3411818 0.2652030 0.2360804 0.0067096 0.2463940 0.2977125 0.0000000 0.2871147 0.2362033 0.3077664 0.3301611 0.3298537 0.3077361 0.0342930 0.3131568 0.3649078 0.1255719 0.2651796 0.2219092 0.3182405 0.2818130 0.3297894 0.2361186 0.2360595 
n286_431   0.2818096 0.3345856 0.2973386 0.3889122 0.2871836 0.3026132 0.2863541 0.2913068 0.3859050 0.2869931 0.1674647 0.3191763 0.3131140 0.2765486 0.2924807 0.3918789 0.3135701 0.2976264 0.2973007 0.3401900 0.2764369 0.3403250 0.3631143 0.3026018 0.2764123 0.3477280 0.1500667 0.2871147 0.0000000 0.3027645 0.3068259 0.3188325 0.3185378 0.3014991 0.3028370 0.3075822 0.3244254 0.2933341 0.3630799 0.2818932 0.3632953 0.0066965 0.3289693 0.2919022 0.3029296 
n300_457   0.2265645 0.3128542 0.2868034 0.2318363 0.2412271 0.0100855 0.2813201 0.2914946 0.3335511 0.2411226 0.3085807 0.3030835 0.2971160 0.2506465 0.2411463 0.3505652 0.2976122 0.2870793 0.0067058 0.3182842 0.2409869 0.3184099 0.2070071 0.0168983 0.2360919 0.1989609 0.3132912 0.2362033 0.3027645 0.0000000 0.2864112 0.3026911 0.2917339 0.2863839 0.2509248 0.2815458 0.3472126 0.1990469 0.2069897 0.0378265 0.3522469 0.3028443 0.3074143 0.0203341 0.0521618 
n278_415   0.2970242 0.0414379 0.2752336 0.3365221 0.3080724 0.2862692 0.2648037 0.2905697 0.3675360 0.3078657 0.2760876 0.2911662 0.2906127 0.2914509 0.3132994 0.3790610 0.2858126 0.2754956 0.2810907 0.0450162 0.3021038 0.0450323 0.2967673 0.2862586 0.2967296 0.3140549 0.2654880 0.3077664 0.3068259 0.2864112 0.0000000 0.2961119 0.2958425 0.0067158 0.3132783 0.2801193 0.3231630 0.3137017 0.2967405 0.2762037 0.3405233 0.3069068 0.0378739 0.2863067 0.2919505 
n289_438   0.3190419 0.3176993 0.0413391 0.3300991 0.3304948 0.2971043 0.0237543 0.0817778 0.3396584 0.3302700 0.3416631 0.0521785 0.0033368 0.3241700 0.3358958 0.3623233 0.0485422 0.0485714 0.2971356 0.3231614 0.3242850 0.3232890 0.3519812 0.3079296 0.3187213 0.3030256 0.3354987 0.3301611 0.3188325 0.3026911 0.2961119 0.0000000 0.0066912 0.2960833 0.3414962 0.0448765 0.1943028 0.3091924 0.3519481 0.2975475 0.3584274 0.3134406 0.3122268 0.3079823 0.3190845 
n290_439   0.3187467 0.3174066 0.0413058 0.3297919 0.3301868 0.2862494 0.0237361 0.0817123 0.3393416 0.3299624 0.3413428 0.0521374 0.0033343 0.3293974 0.3355820 0.3619812 0.0485041 0.0485332 0.2862792 0.3228627 0.3239843 0.3229901 0.3516499 0.2968860 0.3184267 0.3027477 0.3351856 0.3298537 0.3185378 0.2917339 0.2958425 0.0066912 0.0000000 0.2958140 0.3468543 0.0448404 0.1941358 0.3034304 0.3516169 0.2972756 0.3580884 0.3131517 0.3119401 0.2969363 0.3187893 
n277_414   0.2969954 0.0485867 0.2752079 0.3364873 0.3080420 0.2862420 0.2647794 0.2905420 0.3731637 0.3078354 0.2862085 0.2911383 0.2905849 0.2914230 0.3132683 0.3847762 0.2857854 0.2754698 0.2810642 0.0522035 0.3020743 0.0522222 0.3018854 0.2862313 0.2967009 0.3140236 0.2754430 0.3077361 0.3014991 0.2863839 0.0067158 0.2960833 0.2958140 0.0000000 0.3132471 0.2800929 0.3233464 0.3136705 0.3018580 0.2761778 0.3516222 0.3015783 0.0449835 0.2862794 0.2919225 
n275_408   0.0169213 0.3411763 0.3244827 0.2976425 0.0238317 0.2508024 0.3132794 0.3186265 0.3281732 0.0203637 0.3141420 0.3417586 0.3411946 0.0706999 0.0378405 0.3338916 0.3359508 0.3248018 0.2458905 0.3468483 0.0413721 0.3469864 0.2805693 0.2507933 0.0378117 0.2613729 0.3084820 0.0342930 0.3028370 0.2509248 0.3132783 0.3414962 0.3468543 0.3132471 0.0000000 0.3297261 0.3828594 0.1297298 0.2805443 0.2363105 0.3403549 0.2974080 0.3354919 0.2508343 0.2507696 
n275_410   0.3023272 0.3011672 0.0100644 0.3244545 0.3080355 0.2813839 0.0202875 0.0704087 0.3120081 0.3132583 0.3299936 0.0203183 0.0412780 0.3127281 0.3187366 0.3282837 0.0168790 0.0168889 0.2814131 0.3064916 0.3074446 0.3066120 0.3234248 0.2919501 0.3020265 0.2818491 0.3239515 0.3131568 0.3075822 0.2815458 0.2801193 0.0448765 0.0448404 0.2800929 0.3297261 0.0000000 0.1761453 0.3034386 0.3233951 0.2818007 0.3468941 0.3022828 0.2958338 0.2919994 0.3028312 
n200_287   0.3531903 0.3634205 0.1675085 0.3647687 0.3593894 0.3470358 0.1674062 0.1760846 0.3864941 0.3591405 0.3414954 0.1808582 0.1896317 0.3528103 0.3709634 0.4107299 0.1763509 0.1676583 0.3413594 0.3633796 0.3472040 0.3694207 0.3809410 0.3470223 0.3528285 0.3359518 0.3294981 0.3649078 0.3244254 0.3472126 0.3231630 0.1943028 0.1941358 0.3233464 0.3828594 0.1761453 0.0000000 0.3484079 0.3809045 0.3419067 0.3759422 0.3244826 0.3575532 0.3529789 0.3649539 
n200_285   0.1094478 0.3360484 0.2983665 0.2672058 0.1216830 0.2035517 0.2874254 0.2873723 0.3237287 0.1215617 0.3206584 0.3095107 0.3035437 0.1421098 0.1297145 0.3238926 0.3039710 0.2986562 0.1989710 0.3416830 0.1296335 0.3418190 0.2558298 0.2035444 0.1255153 0.2325813 0.3147579 0.1255719 0.2933341 0.1990469 0.3137017 0.3091924 0.3034304 0.3136705 0.1297298 0.3034386 0.3484079 0.0000000 0.2558074 0.1992354 0.3589166 0.2934112 0.3304018 0.2081705 0.2129469 
n285_428   0.2551260 0.3184294 0.3236848 0.1375128 0.2704372 0.2068911 0.3178730 0.3395473 0.3551601 0.2703177 0.3407760 0.3352370 0.3459287 0.2802292 0.2703446 0.3664684 0.3294973 0.3240024 0.2023102 0.3182247 0.2701634 0.3240360 0.0033287 0.2068838 0.2650534 0.1130682 0.3290330 0.2651796 0.3630799 0.2069897 0.2967405 0.3519481 0.3516169 0.3018580 0.2805443 0.3233951 0.3809045 0.2558074 0.0000000 0.1977564 0.4110660 0.3631800 0.3129405 0.2069165 0.2161513 
n278_413   0.2124771 0.3022507 0.2870635 0.2268552 0.2268169 0.0342675 0.2815745 0.2917589 0.3173662 0.2267196 0.2927597 0.3033599 0.2920160 0.2360503 0.2267418 0.3339809 0.2978831 0.2873398 0.0307563 0.3075971 0.2265930 0.3077182 0.1977729 0.0342663 0.2218051 0.1988529 0.2973875 0.2219092 0.2818932 0.0378265 0.2762037 0.2975475 0.2972756 0.2761778 0.2363105 0.2818007 0.3419067 0.1992354 0.1977564 0.0000000 0.3522825 0.2819665 0.2968953 0.0378005 0.0135070 
n244_353   0.3125625 0.3698641 0.3469744 0.4193328 0.3293991 0.3577814 0.3410104 0.3637715 0.2849697 0.3291749 0.3519492 0.3592742 0.3523390 0.3288189 0.3238590 0.2953942 0.3588489 0.3473201 0.3520245 0.3757790 0.3071672 0.3759294 0.4111063 0.3634991 0.3124585 0.3822318 0.3401176 0.3182405 0.3632953 0.3522469 0.3405233 0.3584274 0.3580884 0.3516222 0.3403549 0.3468941 0.3759422 0.3589166 0.4110660 0.3522825 0.0000000 0.3516819 0.3639341 0.3635639 0.3697184 
n285_430   0.2765526 0.3346758 0.2972332 0.3827221 0.2818806 0.3026930 0.2812174 0.2861357 0.3799853 0.2816941 0.1588072 0.3137775 0.3077701 0.2713353 0.2871334 0.3797949 0.3082169 0.2975207 0.2973788 0.3402821 0.2712259 0.3404172 0.3632144 0.3026816 0.2712019 0.3419077 0.1501023 0.2818130 0.0066965 0.3028443 0.3069068 0.3134406 0.3131517 0.3015783 0.2974080 0.3022828 0.3244826 0.2934112 0.3631800 0.2819665 0.3516819 0.0000000 0.3290576 0.2919785 0.3030096 
n274_407   0.3186869 0.0100901 0.2908422 0.3537930 0.3301224 0.3072607 0.2801514 0.3065396 0.3911644 0.3298980 0.2972454 0.3071739 0.3065835 0.3074789 0.3355153 0.4030795 0.3016852 0.2911217 0.3019208 0.0134896 0.3239224 0.0134943 0.3129691 0.3072491 0.3183670 0.3307359 0.2862755 0.3297894 0.3289693 0.3074143 0.0378739 0.3122268 0.3119401 0.0449835 0.3354919 0.2958338 0.3575532 0.3304018 0.3129405 0.2968953 0.3639341 0.3290576 0.0000000 0.3073015 0.3131436 
n280_417   0.2264836 0.3127393 0.2973422 0.2364810 0.2411404 0.0168874 0.2917638 0.3020940 0.3389702 0.2410360 0.3084671 0.3138954 0.3023609 0.2505563 0.2410597 0.3561175 0.3083318 0.2976299 0.0134737 0.3181671 0.2409003 0.3182927 0.2069338 0.0100784 0.2360073 0.2080704 0.3131759 0.2361186 0.2919022 0.0203341 0.2863067 0.3079823 0.2969363 0.2862794 0.2508343 0.2919994 0.3529789 0.2081705 0.2069165 0.0378005 0.3635639 0.2919785 0.3073015 0.0000000 0.0521256 
n277_412   0.2264279 0.3186349 0.3082654 0.2461800 0.2410793 0.0485128 0.3025851 0.3130830 0.3339421 0.2409749 0.3141691 0.3251120 0.3133605 0.2504917 0.2409987 0.3509788 0.3194493 0.3085658 0.0449220 0.3241157 0.2408394 0.3242440 0.2161696 0.0485111 0.2359482 0.2173632 0.3189117 0.2360595 0.3029296 0.0521618 0.2919505 0.3190845 0.3187893 0.2919225 0.2507696 0.3028312 0.3649539 0.2129469 0.2161513 0.0135070 0.3697184 0.3030096 0.3131436 0.0521256 0.0000000 
