24
n287_288   0.0000000 0.0067255 0.1128456 0.3116074 0.3152886 0.3373693 0.3812002 0.3595820 0.0521573 0.3652265 0.0238613 0.0485337 0.0557702 0.0067344 0.3205182 0.3311725 0.0238949 0.3373238 0.4495384 0.0521267 0.3595055 0.1611664 0.3273516 0.3861663 
n290_291   0.0067255 0.0000000 0.1127454 0.3062448 0.3149562 0.3370061 0.3697141 0.3484170 0.0521135 0.3539700 0.0238410 0.0484931 0.0557232 0.0067290 0.3201787 0.3308185 0.0238754 0.3369606 0.4552137 0.0520830 0.3483434 0.1652030 0.3218654 0.3857342 
n236_237   0.1128456 0.1127454 0.0000000 0.3180085 0.2807620 0.2862509 0.3594128 0.3547172 0.1010169 0.3550042 0.1090516 0.1009282 0.1048926 0.1129056 0.2857608 0.3165105 0.1092179 0.2966399 0.4526687 0.1009533 0.3546418 0.1368027 0.3282074 0.3533617 
n278_279   0.3116074 0.3062448 0.3180085 0.0000000 0.2839027 0.3101626 0.0699968 0.0591295 0.3115257 0.0591649 0.3222543 0.3111972 0.3217329 0.3062529 0.2888977 0.3624559 0.3121664 0.3000074 0.4650362 0.3162965 0.0627376 0.3216799 0.0134562 0.4076976 
n285_286   0.3152886 0.3149562 0.2807620 0.2839027 0.0000000 0.1273745 0.3185023 0.3136817 0.3045966 0.3034298 0.3152104 0.3042787 0.3045125 0.3099246 0.0033265 0.2776625 0.3157797 0.1154363 0.3976321 0.2992308 0.3136174 0.2837724 0.2837492 0.3122952 
n265_266   0.3373693 0.3370061 0.2862509 0.3101626 0.1273745 0.0000000 0.3514027 0.3463811 0.3206576 0.3356419 0.3430740 0.3311077 0.3367303 0.3318183 0.1313727 0.3338895 0.3437102 0.0270560 0.4167856 0.3311856 0.3463084 0.3045345 0.3146555 0.3542115 
n280_281   0.3812002 0.3697141 0.3594128 0.0699968 0.3185023 0.3514027 0.0000000 0.0168065 0.3749587 0.0236681 0.3929149 0.3745430 0.3860186 0.3752922 0.3237278 0.3941908 0.3819109 0.3407086 0.5168022 0.3800731 0.0202073 0.3632887 0.0699660 0.4416503 
n299_300   0.3595820 0.3484170 0.3547172 0.0591295 0.3136817 0.3463811 0.0168065 0.0000000 0.3535389 0.0134457 0.3709662 0.3531533 0.3643099 0.3538456 0.3188774 0.3777812 0.3602450 0.3357480 0.4975166 0.3585372 0.0033313 0.3474134 0.0591038 0.4242270 
n293_294   0.0521573 0.0521135 0.1010169 0.3115257 0.3045966 0.3206576 0.3749587 0.3535389 0.0000000 0.3591275 0.0486187 0.0067198 0.0169402 0.0521847 0.3097444 0.3357041 0.0486888 0.3155304 0.4560277 0.0135130 0.3534640 0.1526339 0.3216056 0.3909483 
n274_275   0.3652265 0.3539700 0.3550042 0.0591649 0.3034298 0.3356419 0.0236681 0.0134457 0.3591275 0.0000000 0.3767048 0.3587339 0.3699813 0.3594414 0.3085527 0.3836816 0.3659023 0.3145241 0.4843220 0.3641596 0.0168401 0.3476915 0.0591381 0.4305398 
n296_297   0.0238613 0.0238410 0.1090516 0.3222543 0.3152104 0.3430740 0.3929149 0.3709662 0.0486187 0.3767048 0.0000000 0.0450105 0.0522182 0.0238738 0.3204381 0.3474009 0.0067436 0.3430285 0.4625674 0.0485903 0.3708866 0.1613504 0.3382372 0.4036748 
n275_276   0.0485337 0.0484931 0.1009282 0.3111972 0.3042787 0.3311077 0.3745430 0.3531533 0.0067198 0.3587339 0.0450105 0.0000000 0.0169266 0.0485591 0.3094197 0.3353445 0.0450751 0.3259128 0.4492191 0.0135022 0.3530786 0.1524941 0.3212639 0.3905099 
n297_298   0.0557702 0.0557232 0.1048926 0.3217329 0.3045125 0.3367303 0.3860186 0.3643099 0.0169402 0.3699813 0.0522182 0.0169266 0.0000000 0.0557994 0.3096583 0.3409889 0.0522937 0.3314949 0.4622663 0.0033520 0.3642322 0.1524932 0.3319394 0.3966296 
n289_290   0.0067344 0.0067290 0.1129056 0.3062529 0.3099246 0.3318183 0.3752922 0.3538456 0.0521847 0.3594414 0.0238738 0.0485591 0.0557994 0.0000000 0.3151130 0.3256823 0.0239074 0.3317728 0.4491529 0.0521540 0.3537706 0.1654449 0.3218735 0.3802242 
n286_287   0.3205182 0.3201787 0.2857608 0.2888977 0.0033265 0.1313727 0.3237278 0.3188774 0.3097444 0.3085527 0.3204381 0.3094197 0.3096583 0.3151130 0.0000000 0.2825961 0.3210194 0.1193657 0.3920545 0.3043366 0.3188118 0.2887652 0.2887408 0.3174634 
n255_256   0.3311725 0.3308185 0.3165105 0.3624559 0.2776625 0.3338895 0.3941908 0.3777812 0.3357041 0.3836816 0.3474009 0.3353445 0.3409889 0.3256823 0.2825961 0.0000000 0.3480458 0.3229587 0.3400240 0.3354232 0.3721583 0.3357173 0.3731526 0.0479321 
n295_296   0.0238949 0.0238754 0.1092179 0.3121664 0.3157797 0.3437102 0.3819109 0.3602450 0.0486888 0.3659023 0.0067436 0.0450751 0.0522937 0.0239074 0.3210194 0.3480458 0.0000000 0.3436646 0.4635173 0.0486603 0.3601682 0.1616067 0.3279442 0.4044595 
n266_267   0.3373238 0.3369606 0.2966399 0.3000074 0.1154363 0.0270560 0.3407086 0.3357480 0.3155304 0.3145241 0.3430285 0.3259128 0.3314949 0.3317728 0.1193657 0.3229587 0.3436646 0.0000000 0.4224485 0.3259895 0.3356780 0.3047376 0.3099100 0.3429914 
n244_245   0.4495384 0.4552137 0.4526687 0.4650362 0.3976321 0.4167856 0.5168022 0.4975166 0.4560277 0.4843220 0.4625674 0.4492191 0.4622663 0.4491529 0.3920545 0.3400240 0.4635173 0.4224485 0.0000000 0.4555935 0.4908625 0.4199946 0.4909508 0.3733369 
n298_299   0.0521267 0.0520830 0.1009533 0.3162965 0.2992308 0.3311856 0.3800731 0.3585372 0.0135130 0.3641596 0.0485903 0.0135022 0.0033520 0.0521540 0.3043366 0.3354232 0.0486603 0.3259895 0.4555935 0.0000000 0.3584611 0.1525311 0.3264271 0.3906019 
n300_301   0.3595055 0.3483434 0.3546418 0.0627376 0.3136174 0.3463084 0.0202073 0.0033313 0.3534640 0.0168401 0.3708866 0.3530786 0.3642322 0.3537706 0.3188118 0.3721583 0.3601682 0.3356780 0.4908625 0.3584611 0.0000000 0.3473402 0.0627102 0.4182391 
n200_201   0.1611664 0.1652030 0.1368027 0.3216799 0.2837724 0.3045345 0.3632887 0.3474134 0.1526339 0.3476915 0.1613504 0.1524941 0.1524932 0.1654449 0.2887652 0.3357173 0.1616067 0.3047376 0.4199946 0.1525311 0.3473402 0.0000000 0.3267246 0.3624235 
n277_278   0.3273516 0.3218654 0.3282074 0.0134562 0.2837492 0.3146555 0.0699660 0.0591038 0.3216056 0.0591381 0.3382372 0.3212639 0.3319394 0.3218735 0.2887408 0.3731526 0.3279442 0.3099100 0.4909508 0.3264271 0.0627102 0.3267246 0.0000000 0.4190252 
n251_252   0.3861663 0.3857342 0.3533617 0.4076976 0.3122952 0.3542115 0.4416503 0.4242270 0.3909483 0.4305398 0.4036748 0.3905099 0.3966296 0.3802242 0.3174634 0.0479321 0.4044595 0.3429914 0.3733369 0.3906019 0.4182391 0.3624235 0.4190252 0.0000000 
