29
n274_307   0.0000000 2.7231284 1.7507113 1.7126889 0.1213663 1.7967413 1.7313140 2.1919939 2.6794498 1.7995942 2.0454105 1.7472738 1.8580786 1.8757411 2.7171750 0.3928375 0.4373254 1.9854982 4.5146872 2.0060570 1.9541324 0.1133605 0.1174146 2.0176813 2.6931266 1.9810783 1.9150264 0.1093264 1.8215637 
n255_288   2.7231284 0.0000000 3.0320571 2.4284395 3.0561307 2.2689501 2.6280117 3.8703833 2.8172442 2.6671485 3.3917918 3.0673230 2.5427866 3.3505829 0.3069631 3.7441311 3.7072405 3.1746755 2.0271364 6.9821883 3.5231747 3.1366158 3.0152318 5.1000079 2.3563148 3.8114379 3.7897203 3.2532815 2.9110556 
n298_333   1.7507113 3.0320571 0.0000000 0.8947590 1.9718034 0.5953143 0.1369105 3.4228245 2.2851531 0.0376944 0.3235827 0.1582356 0.1624176 0.3288775 2.7008704 1.9760756 2.0080081 0.3285100 2.8764201 2.5238548 0.3567469 1.9701136 1.9735370 2.2959516 2.4734125 2.4187254 0.3231152 2.0217520 0.1455738 
n200_219   1.7126889 2.4284395 0.8947590 0.0000000 1.7182289 0.9286384 0.8689158 2.2710122 1.9922375 0.8946755 1.0592701 0.9624022 0.9461116 1.1694139 2.4008294 1.8631726 1.7497808 1.0661027 2.1936432 2.2194045 1.1032673 1.8117472 1.8224860 2.8444085 2.1231673 2.6509975 1.1005359 1.7851520 0.9199611 
n300_335   0.1213663 3.0561307 1.9718034 1.7182289 0.0000000 1.8239913 1.9490141 1.8125737 2.9564252 2.0383089 2.4356869 1.8939606 2.1676446 2.2521177 3.2168186 0.4042526 0.4170890 2.2921228 4.8049555 1.8553395 2.3251303 0.0783206 0.0308345 1.6743095 2.8782805 1.6489019 2.2455094 0.0135180 2.0676185 
n236_263   1.7967413 2.2689501 0.5953143 0.9286384 1.8239913 0.0000000 0.5839545 2.2381083 2.0920532 0.5808231 0.6450142 0.6013170 0.5916001 0.5855541 2.2179997 1.7791727 1.7535635 0.6415548 2.7808075 2.2015407 0.5760735 1.9580847 1.8985036 1.9787996 2.7606386 2.1070094 0.6613208 1.9427818 0.5532765 
n275_313   1.7313140 2.6280117 0.1369105 0.8689158 1.9490141 0.5839545 0.0000000 2.9419365 2.3619599 0.1329254 0.2962683 0.0893071 0.1088414 0.2865717 2.2457764 2.0240376 2.0458101 0.3008075 3.1269521 2.3311447 0.3127781 2.0229596 1.9849926 2.4211111 2.5446181 2.4324108 0.2905941 2.0337761 0.0856033 
n266_299   2.1919939 3.8703833 3.4228245 2.2710122 1.8125737 2.2381083 2.9419365 0.0000000 3.1709571 3.4688888 3.3826703 3.3088897 3.5844597 2.9871022 2.1437140 1.9901262 1.8126704 2.6960167 3.7190713 0.2122510 3.0144223 2.0609549 1.9675022 1.2569281 2.5565527 1.2005845 3.0244836 1.8520137 2.7631086 
n251_280   2.6794498 2.8172442 2.2851531 1.9922375 2.9564252 2.0920532 2.3619599 3.1709571 0.0000000 2.4824951 3.9027356 2.5813144 2.3995209 2.3812289 3.1100395 3.6796709 3.1212291 3.8699261 1.8357481 4.0350224 2.8085884 2.8207353 2.8892772 3.5286096 0.2906773 4.6574745 3.7740392 2.9955672 2.6236549 
n297_332   1.7995942 2.6671485 0.0376944 0.8946755 2.0383089 0.5808231 0.1329254 3.4688888 2.4824951 0.0000000 0.3018127 0.1541262 0.1582868 0.3236660 2.5925752 2.1321638 2.0254653 0.3064921 2.7118204 2.6092340 0.3513278 2.0357970 2.0397926 2.3048241 2.4864671 2.2991602 0.3013826 2.0914910 0.1415332 
n290_325   2.0454105 3.3917918 0.3235827 1.0592701 2.4356869 0.6450142 0.2962683 3.3826703 3.9027356 0.3018127 0.0000000 0.2766141 0.3233028 0.1500047 2.8414778 2.4190211 2.4275204 0.0630332 8.9999984 2.3260493 0.1627822 2.4066162 2.4288545 2.2509202 3.5748756 2.3804636 0.0449280 2.5743185 0.2969904 
n275_312   1.7472738 3.0673230 0.1582356 0.9624022 1.8939606 0.6013170 0.0893071 3.3088897 2.5813144 0.1541262 0.2766141 0.0000000 0.1332299 0.2925315 2.5506463 2.1175038 1.9832053 0.2967720 3.9716301 2.3427074 0.3137253 1.8835795 1.8900141 2.6614173 2.6533249 2.6674653 0.2916066 1.9742843 0.1171096 
n293_328   1.8580786 2.5427866 0.1624176 0.9461116 2.1676446 0.5916001 0.1088414 3.5844597 2.3995209 0.1582868 0.3233028 0.1332299 0.0000000 0.2914767 2.4641376 2.1965849 2.1286866 0.3225079 4.7066916 2.7777966 0.3292080 2.1524762 2.2127568 2.0988019 2.9042599 2.1480995 0.3173654 2.2745624 0.0485101 
n296_331   1.8757411 3.3505829 0.3288775 1.1694139 2.2521177 0.5855541 0.2865717 2.9871022 2.3812289 0.3236660 0.1500047 0.2925315 0.2914767 0.0000000 2.7963019 2.0730940 2.1593566 0.1670448 4.1204774 2.4328067 0.0630305 2.2283039 2.3015183 2.0380792 2.4890498 2.2408683 0.1500888 2.3678218 0.2865261 
n251_282   2.7171750 0.3069631 2.7008704 2.4008294 3.2168186 2.2179997 2.2457764 2.1437140 3.1100395 2.5925752 2.8414778 2.5506463 2.4641376 2.7963019 0.0000000 2.8308561 3.2614842 2.6160637 2.6905451 2.5427144 2.7191510 3.2007396 2.9718427 3.6350491 2.4273931 3.4108477 3.3616047 3.1995044 2.3600858 
n277_310   0.3928375 3.7441311 1.9760756 1.8631726 0.4042526 1.7791727 2.0240376 1.9901262 3.6796709 2.1321638 2.4190211 2.1175038 2.1965849 2.0730940 2.8308561 0.0000000 0.1251997 2.3274407 4.9455935 1.7610273 2.2065893 0.3737452 0.4038781 1.9837731 3.2404362 2.0439073 2.3644877 0.3982135 2.0632262 
n278_311   0.4373254 3.7072405 2.0080081 1.7497808 0.4170890 1.7535635 2.0458101 1.8126704 3.1212291 2.0254653 2.4275204 1.9832053 2.1286866 2.1593566 3.2614842 0.1251997 0.0000000 2.4689774 4.7466017 1.6273450 2.2045515 0.3861867 0.3982338 2.0238796 3.4394270 2.0795468 2.3723886 0.3926090 2.0401557 
n287_322   1.9854982 3.1746755 0.3285100 1.0661027 2.2921228 0.6415548 0.3008075 2.6960167 3.8699261 0.3064921 0.0630332 0.2967720 0.3225079 0.1670448 2.6160637 2.3274407 2.4689774 0.0000000 4.1728007 2.2204405 0.1801553 2.3422354 2.3674223 1.9330290 3.1833465 2.0655416 0.0556207 2.3621655 0.3015404 
n244_273   4.5146872 2.0271364 2.8764201 2.1936432 4.8049555 2.7808075 3.1269521 3.7190713 1.8357481 2.7118204 8.9999984 3.9716301 4.7066916 4.1204774 2.6905451 4.9455935 4.7466017 4.1728007 0.0000000 3.3729967 5.7759567 3.7085516 4.7386651 3.2314604 1.4624225 3.0843494 8.9999984 4.7063512 3.6514493 
n265_298   2.0060570 6.9821883 2.5238548 2.2194045 1.8553395 2.2015407 2.3311447 0.2122510 4.0350224 2.6092340 2.3260493 2.3427074 2.7777966 2.4328067 2.5427144 1.7610273 1.6273450 2.2204405 3.3729967 0.0000000 2.3692466 1.8216729 1.9021229 1.3396901 3.0849871 1.2611937 2.2229547 1.8644157 2.2885258 
n295_330   1.9541324 3.5231747 0.3567469 1.1032673 2.3251303 0.5760735 0.3127781 3.0144223 2.8085884 0.3513278 0.1627822 0.3137253 0.3292080 0.0630305 2.7191510 2.2065893 2.2045515 0.1801553 5.7759567 2.3692466 0.0000000 2.2986360 2.3189604 1.9771647 2.7933577 2.3247540 0.1671232 2.4504145 0.3132583 
n280_315   0.1133605 3.1366158 1.9701136 1.8117472 0.0783206 1.9580847 2.0229596 2.0609549 2.8207353 2.0357970 2.4066162 1.8835795 2.1524762 2.2283039 3.2007396 0.3737452 0.3861867 2.3422354 3.7085516 1.8216729 2.2986360 0.0000000 0.0783545 1.6850682 2.7330904 1.6593251 2.3448268 0.0707899 2.0543731 
n292_327   0.1174146 3.0152318 1.9735370 1.8224860 0.0308345 1.8985036 1.9849926 1.9675022 2.8892772 2.0397926 2.4288545 1.8900141 2.2127568 2.3015183 2.9718427 0.4038781 0.3982338 2.3674223 4.7386651 1.9021229 2.3189604 0.0783545 0.0000000 1.6467061 2.6291234 1.6223441 2.3118850 0.0169491 2.1084484 
n285_320   2.0176813 5.1000079 2.2959516 2.8444085 1.6743095 1.9787996 2.4211111 1.2569281 3.5286096 2.3048241 2.2509202 2.6614173 2.0988019 2.0380792 3.6350491 1.9837731 2.0238796 1.9330290 3.2314604 1.3396901 1.9771647 1.6850682 1.6467061 0.0000000 3.0225232 0.0518612 2.0603119 1.6494865 2.0860150 
n255_286   2.6931266 2.3563148 2.4734125 2.1231673 2.8782805 2.7606386 2.5446181 2.5565527 0.2906773 2.4864671 3.5748756 2.6533249 2.9042599 2.4890498 2.4273931 3.2404362 3.4394270 3.1833465 1.4624225 3.0849871 2.7933577 2.7330904 2.6291234 3.0225232 0.0000000 3.1758005 3.5003519 2.9046679 3.0191761 
n286_321   1.9810783 3.8114379 2.4187254 2.6509975 1.6489019 2.1070094 2.4324108 1.2005845 4.6574745 2.2991602 2.3804636 2.6674653 2.1480995 2.2408683 3.4108477 2.0439073 2.0795468 2.0655416 3.0843494 1.2611937 2.3247540 1.6593251 1.6223441 0.0518612 3.1758005 0.0000000 2.1672924 1.6247336 2.1345681 
n289_324   1.9150264 3.7897203 0.3231152 1.1005359 2.2455094 0.6613208 0.2905941 3.0244836 3.7740392 0.3013826 0.0449280 0.2916066 0.3173654 0.1500888 3.3616047 2.3644877 2.3723886 0.0556207 8.9999984 2.2229547 0.1671232 2.3448268 2.3118850 2.0603119 3.5003519 2.1672924 0.0000000 2.3070750 0.2913000 
n299_334   0.1093264 3.2532815 2.0217520 1.7851520 0.0135180 1.9427818 2.0337761 1.8520137 2.9955672 2.0914910 2.5743185 1.9742843 2.2745624 2.3678218 3.1995044 0.3982135 0.3926090 2.3621655 4.7063512 1.8644157 2.4504145 0.0707899 0.0169491 1.6494865 2.9046679 1.6247336 2.3070750 0.0000000 2.1641270 
n294_329   1.8215637 2.9110556 0.1455738 0.9199611 2.0676185 0.5532765 0.0856033 2.7631086 2.6236549 0.1415332 0.2969904 0.1171096 0.0485101 0.2865261 2.3600858 2.0632262 2.0401557 0.3015404 3.6514493 2.2885258 0.3132583 2.0543731 2.1084484 2.0860150 3.0191761 2.1345681 0.2913000 2.1641270 0.0000000 
