24
n293_288   0.0000000 2.2941088 0.2553211 2.7660795 2.5433535 2.8510476 2.1146356 0.9334548 0.1428536 0.2857134 2.6474317 2.3754114 0.0450831 2.4955567 2.8066599 0.1337633 0.2911756 2.3899751 2.2510535 0.2961787 0.2862759 2.2425672 0.1511627 0.5981854 
n251_248   2.2941088 0.0000000 2.2633483 2.7978643 2.2108736 3.8197364 2.2211141 3.0670633 2.1286123 2.1540352 2.4511418 2.4321352 2.2185652 2.2437721 4.5180130 2.1891402 2.1008828 2.4481828 0.2980438 2.0728512 2.0020020 2.5364052 2.0222702 2.0518328 
n290_285   0.2553211 2.2633483 0.0000000 2.1434667 2.7521145 2.1972593 2.3711242 1.1465359 0.2496935 0.1603273 2.4793483 2.5861745 0.2450589 2.4861714 2.5347796 0.2648857 0.0557939 2.5154176 2.3043076 0.1605463 0.0523493 2.6255946 0.2545981 0.5576120 
n244_245   2.7660795 2.7978643 2.1434667 0.0000000 6.3967598 4.8624996 8.9999987 2.9690010 2.7827492 2.7405120 8.9999990 8.4578822 2.6533048 9.0000000 3.2430174 3.0851784 2.2664690 9.0000000 2.6216090 2.5289480 2.3760449 5.4519210 2.7204288 3.3930002 
n292_287   2.5433535 2.2108736 2.7521145 6.3967598 0.0000000 1.9137175 0.6203606 2.4475619 2.8660510 3.2533092 0.1016857 0.0308149 2.2825812 0.0977247 1.8998877 2.5028473 2.5640802 0.0272936 2.1531752 3.1772083 2.5640182 0.6190432 2.7464522 2.4484992 
n266_263   2.8510476 3.8197364 2.1972593 4.8624996 1.9137175 0.0000000 1.8056154 2.6761835 2.4863637 2.3344891 1.9369124 1.7638945 2.6458430 1.6542099 0.1867448 2.5745409 2.2347207 1.7235019 3.4254460 2.3320540 2.4855116 1.6908938 2.5279268 2.7644658 
n278_275   2.1146356 2.2211141 2.3711242 8.9999987 0.6203606 1.8056154 0.0000000 1.8929024 2.0974135 2.3230567 0.5714800 0.6116764 2.0941288 0.5588069 1.9191518 1.9600838 2.2259747 0.6190430 2.3858943 2.4028965 2.3610125 0.1103460 2.2540145 2.0617498 
n200_201   0.9334548 3.0670633 1.1465359 2.9690010 2.4475619 2.6761835 1.8929024 0.0000000 0.9656905 1.1073189 2.2089531 2.2716031 0.9250143 2.1235624 2.7680098 0.9692452 1.0925753 2.3800915 3.6945343 1.1525023 1.1074728 1.8964697 1.0172076 1.1089173 
n298_293   0.1428536 2.1286123 0.2496935 2.7827492 2.8660510 2.4863637 2.0974135 0.9656905 0.0000000 0.2596041 2.7586876 2.7247085 0.1222442 2.7260185 2.4708702 0.1422799 0.2699849 2.7444934 2.2561943 0.2696578 0.2700332 2.2701180 0.0272999 0.6384003 
n296_291   0.2857134 2.1540352 0.1603273 2.7405120 3.2533092 2.3344891 2.3230567 1.1073189 0.2596041 0.0000000 2.7812032 3.0810828 0.2653300 3.2292896 2.7937865 0.2845542 0.1470073 3.1084000 2.2207475 0.0273316 0.1429483 2.7369118 0.2645726 0.5671798 
n274_271   2.6474317 2.4511418 2.4793483 8.9999990 0.1016857 1.9369124 0.5714800 2.2089531 2.7586876 2.7812032 0.0000000 0.1132095 2.3666749 0.1293685 2.0114633 2.4374739 2.2868188 0.1091318 2.1235369 2.7193555 2.3654861 0.5887474 2.6476516 2.2953601 
n300_295   2.3754114 2.4321352 2.5861745 8.4578822 0.0308149 1.7638945 0.6116764 2.2716031 2.7247085 3.0810828 0.1132095 0.0000000 2.1457037 0.0935117 1.8278279 2.3938619 2.4760452 0.0100799 2.2739065 3.1063222 2.2909736 0.6289235 2.6157442 2.4797685 
n294_289   0.0450831 2.2185652 0.2450589 2.6533048 2.2825812 2.6458430 2.0941288 0.9250143 0.1222442 0.2653300 2.3666749 2.1457037 0.0000000 2.2083449 2.4715801 0.1298751 0.2700659 2.1573072 2.3453438 0.2754962 0.2652938 2.2687176 0.1303191 0.6063008 
n280_277   2.4955567 2.2437721 2.4861714 9.0000000 0.0977247 1.6542099 0.5588069 2.1235624 2.7260185 3.2292896 0.1293685 0.0935117 2.2083449 0.0000000 1.7602736 2.5154969 2.3257481 0.0895730 2.2115127 3.2578666 2.2749505 0.5927546 2.6180314 2.3223378 
n265_262   2.8066599 4.5180130 2.5347796 3.2430174 1.8998877 0.1867448 1.9191518 2.7680098 2.4708702 2.7937865 2.0114633 1.8278279 2.4715801 1.7602736 0.0000000 2.6333843 2.9151208 1.7849762 3.4861131 2.8198283 3.1549924 1.6867631 2.3505173 2.8734467 
n275_272   0.1337633 2.1891402 0.2648857 3.0851784 2.5028473 2.5745409 1.9600838 0.9692452 0.1422799 0.2845542 2.4374739 2.3938619 0.1298751 2.5154969 2.6333843 0.0000000 0.2850575 2.4085138 2.1761104 0.2949655 0.2802064 2.1181932 0.1636436 0.6379562 
n287_282   0.2911756 2.1008828 0.0557939 2.2664690 2.5640802 2.2347207 2.2259747 1.0925753 0.2699849 0.1470073 2.2868188 2.4760452 0.2700659 2.3257481 2.9151208 0.2850575 0.0000000 2.4111077 1.8940165 0.1472037 0.0449563 2.5061524 0.2750311 0.5830022 
n299_294   2.3899751 2.4481828 2.5154176 9.0000000 0.0272936 1.7235019 0.6190430 2.3800915 2.7444934 3.1084000 0.1091318 0.0100799 2.1573072 0.0895730 1.7849762 2.4085138 2.4111077 0.0000000 2.2232886 3.1343739 2.3568413 0.6364490 2.6337897 2.3582339 
n255_252   2.2510535 0.2980438 2.3043076 2.6216090 2.1531752 3.4254460 2.3858943 3.6945343 2.2561943 2.2207475 2.1235369 2.2739065 2.3453438 2.2115127 3.4861131 2.1761104 1.8940165 2.2232886 0.0000000 2.1243101 2.0521440 2.6590619 2.0635892 2.1403082 
n295_290   0.2961787 2.0728512 0.1605463 2.5289480 3.1772083 2.3320540 2.4028965 1.1525023 0.2696578 0.0273316 2.7193555 3.1063222 0.2754962 3.2578666 2.8198283 0.2949655 0.1472037 3.1343739 2.1243101 0.0000000 0.1431383 2.8841558 0.2746958 0.5605898 
n289_284   0.2862759 2.0020020 0.0523493 2.3760449 2.5640182 2.4855116 2.3610125 1.1074728 0.2700332 0.1429483 2.3654861 2.2909736 0.2652938 2.2749505 3.1549924 0.2802064 0.0449563 2.3568413 2.0521440 0.1431383 0.0000000 2.8279116 0.2750812 0.6017050 
n277_274   2.2425672 2.5364052 2.6255946 5.4519210 0.6190432 1.6908938 0.1103460 1.8964697 2.2701180 2.7369118 0.5887474 0.6289235 2.2687176 0.5927546 1.6867631 2.1181932 2.5061524 0.6364490 2.6590619 2.8841558 2.8279116 0.0000000 2.3806944 2.2808641 
n297_292   0.1511627 2.0222702 0.2545981 2.7204288 2.7464522 2.5279268 2.2540145 1.0172076 0.0272999 0.2645726 2.6476516 2.6157442 0.1303191 2.6180314 2.3505173 0.1636436 0.2750311 2.6337897 2.0635892 0.2746958 0.2750812 2.3806944 0.0000000 0.6598570 
n236_237   0.5981854 2.0518328 0.5576120 3.3930002 2.4484992 2.7644658 2.0617498 1.1089173 0.6384003 0.5671798 2.2953601 2.4797685 0.6063008 2.3223378 2.8734467 0.6379562 0.5830022 2.3582339 2.1403082 0.5605898 0.6017050 2.2808641 0.6598570 0.0000000 
