23
n287_288   0.0000000 0.0033482 0.0936052 0.2577368 0.2833753 0.2474109 0.2899260 0.3006664 0.0597088 0.2845497 0.3005803 0.0169207 0.0597088 0.0486950 0.0559423 0.2783077 0.4363335 0.2573532 0.3926629 0.0486729 0.1465796 0.2682351 0.4355148 
n290_291   0.0033482 0.0000000 0.0974878 0.2576561 0.2885706 0.2473339 0.2898332 0.3005697 0.0633979 0.2844590 0.3004836 0.0203587 0.0633979 0.0523172 0.0596039 0.2834666 0.4428203 0.2572727 0.3987724 0.0522933 0.1508027 0.2681505 0.4419865 
n236_237   0.0936052 0.0974878 0.0000000 0.2535401 0.2993999 0.2527149 0.2903047 0.3010591 0.1176369 0.2905240 0.3009728 0.0935416 0.1176369 0.1055050 0.1134095 0.2942148 0.3979618 0.2627473 0.4321429 0.1054534 0.1725458 0.2639920 0.4039182 
n278_279   0.2577368 0.2576561 0.2535401 0.0000000 0.2729476 0.2526755 0.0594921 0.0743511 0.2845910 0.0558078 0.0668698 0.2629313 0.2845910 0.2683789 0.2630854 0.2679581 0.4241070 0.2477176 0.3675574 0.2581927 0.2639988 0.0066981 0.4368917 
n285_286   0.2833753 0.2885706 0.2993999 0.2729476 0.0000000 0.1631892 0.2945490 0.3162010 0.3273870 0.2891470 0.3052538 0.2989348 0.3273870 0.3103913 0.2991163 0.0100673 0.5055074 0.1632046 0.4174848 0.2939757 0.2631451 0.2727458 0.4909388 
n265_266   0.2474109 0.2473339 0.2527149 0.2526755 0.1631892 0.0000000 0.2785477 0.2890738 0.2836825 0.2732779 0.2889908 0.2571438 0.2836825 0.2678152 0.2526183 0.1589476 0.4914318 0.0134381 0.4238969 0.2475110 0.2525484 0.2524904 0.4842731 
n280_281   0.2899260 0.2898332 0.2903047 0.0594921 0.2945490 0.2785477 0.0000000 0.0134636 0.3073810 0.0100876 0.0066946 0.2954097 0.3073810 0.2905090 0.2850054 0.2893960 0.4589623 0.2733862 0.3985598 0.2799428 0.3072337 0.0594523 0.4587715 
n299_300   0.3006664 0.3005697 0.3010591 0.0743511 0.3162010 0.2890738 0.0134636 0.0000000 0.3184475 0.0237971 0.0066929 0.3062436 0.3184475 0.3012743 0.2956750 0.3108885 0.4801312 0.2943370 0.4178535 0.2905361 0.3071121 0.0743010 0.4799322 
n293_294   0.0597088 0.0633979 0.1176369 0.2845910 0.3273870 0.2836825 0.3073810 0.3184475 0.0000000 0.3018431 0.3183567 0.0560097 0.0067229 0.0169576 0.0308644 0.3219855 0.4576871 0.2942056 0.4381000 0.0238736 0.1597960 0.2955958 0.4568159 
n274_275   0.2845497 0.2844590 0.2905240 0.0558078 0.2891470 0.2732779 0.0100876 0.0237971 0.3018431 0.0000000 0.0169027 0.2899870 0.3018431 0.2851204 0.2796642 0.2840335 0.4520755 0.2681576 0.3922530 0.2746397 0.3016947 0.0557705 0.4518873 
n292_293   0.3005803 0.3004836 0.3009728 0.0668698 0.3052538 0.2889908 0.0066946 0.0066929 0.3183567 0.0169027 0.0000000 0.3061560 0.3183567 0.3011879 0.2955900 0.3000227 0.4661806 0.2837475 0.4051177 0.2904524 0.3070241 0.0668249 0.4659869 
n296_297   0.0169207 0.0203587 0.0935416 0.2629313 0.2989348 0.2571438 0.2954097 0.3062436 0.0560097 0.2899870 0.3061560 0.0000000 0.0560097 0.0450686 0.0522727 0.2937589 0.4358952 0.2672260 0.3989063 0.0450481 0.1464736 0.2735228 0.4350783 
n294_295   0.0597088 0.0633979 0.1176369 0.2845910 0.3273870 0.2836825 0.3073810 0.3184475 0.0067229 0.3018431 0.3183567 0.0560097 0.0000000 0.0169576 0.0308644 0.3219855 0.4509453 0.2942056 0.4320952 0.0238736 0.1556521 0.2955958 0.4500903 
n275_276   0.0486950 0.0523172 0.1055050 0.2683789 0.3103913 0.2678152 0.2905090 0.3012743 0.0169576 0.2851204 0.3011879 0.0450686 0.0169576 0.0000000 0.0203827 0.3051226 0.4371233 0.2780786 0.4180871 0.0135149 0.1467697 0.2790763 0.4363020 
n297_298   0.0559423 0.0596039 0.1134095 0.2630854 0.2991163 0.2526183 0.2850054 0.2956750 0.0308644 0.2796642 0.2955900 0.0522727 0.0308644 0.0203827 0.0000000 0.2939364 0.4301769 0.2626458 0.4049800 0.0067156 0.1465895 0.2736850 0.4293726 
n286_287   0.2783077 0.2834666 0.2942148 0.2679581 0.0100673 0.1589476 0.2893960 0.3108885 0.3219855 0.2840335 0.3000227 0.2937589 0.3219855 0.3051226 0.2939364 0.0000000 0.4986171 0.1589628 0.4113640 0.2888305 0.2582125 0.2677604 0.4841854 
n255_256   0.4363335 0.4428203 0.3979618 0.4241070 0.5055074 0.4914318 0.4589623 0.4801312 0.4576871 0.4520755 0.4661806 0.4358952 0.4509453 0.4371233 0.4301769 0.4986171 0.0000000 0.4635783 0.3040900 0.4305936 0.4315255 0.4237702 0.0559528 
n266_267   0.2573532 0.2572727 0.2627473 0.2477176 0.1632046 0.0134381 0.2733862 0.2943370 0.2942056 0.2681576 0.2837475 0.2672260 0.2942056 0.2780786 0.2626458 0.1589628 0.4635783 0.0000000 0.4047808 0.2574576 0.2625787 0.2475366 0.4567002 
n244_245   0.3926629 0.3987724 0.4321429 0.3675574 0.4174848 0.4238969 0.3985598 0.4178535 0.4381000 0.3922530 0.4051177 0.3989063 0.4320952 0.4180871 0.4049800 0.4113640 0.3040900 0.4047808 0.0000000 0.4053589 0.3816067 0.3672732 0.3046130 
n298_299   0.0486729 0.0522933 0.1054534 0.2581927 0.2939757 0.2475110 0.2799428 0.2905361 0.0238736 0.2746397 0.2904524 0.0450481 0.0238736 0.0135149 0.0067156 0.2888305 0.4305936 0.2574576 0.4053589 0.0000000 0.1424523 0.2687135 0.4297876 
n200_201   0.1465796 0.1508027 0.1725458 0.2639988 0.2631451 0.2525484 0.3072337 0.3071121 0.1597960 0.3016947 0.3070241 0.1464736 0.1556521 0.1467697 0.1465895 0.2582125 0.4315255 0.2625787 0.3816067 0.1424523 0.0000000 0.2746505 0.4312751 
n277_278   0.2682351 0.2681505 0.2639920 0.0066981 0.2727458 0.2524904 0.0594523 0.0743010 0.2955958 0.0557705 0.0668249 0.2735228 0.2955958 0.2790763 0.2736850 0.2677604 0.4237702 0.2475366 0.3672732 0.2687135 0.2746505 0.0000000 0.4365428 
n251_252   0.4355148 0.4419865 0.4039182 0.4368917 0.4909388 0.4842731 0.4587715 0.4799322 0.4568159 0.4518873 0.4659869 0.4350783 0.4500903 0.4363020 0.4293726 0.4841854 0.0559528 0.4567002 0.3046130 0.4297876 0.4312751 0.4365428 0.0000000 
