26
n265_274   0.0000000 0.3229524 0.3516213 0.3543780 0.3609313 0.1237735 0.3597958 0.3243375 0.3399788 0.3419263 0.3469709 0.3441039 0.1314653 0.3776047 0.3234558 0.3403833 0.3514091 0.3244311 0.3297508 0.4127935 0.3412566 0.1357792 0.0271987 0.1394836 0.4407207 0.3465589 
n292_303   0.3229524 0.0000000 0.3117186 0.0658394 0.3411433 0.2712528 0.0694599 0.3066447 0.3218290 0.3124728 0.3072668 0.0167762 0.2808975 0.4096699 0.0236300 0.3278127 0.3328882 0.3067318 0.3118927 0.4341426 0.3019251 0.2805363 0.3337209 0.2810149 0.3967442 0.3069254 
n287_298   0.3516213 0.3117186 0.0000000 0.3274249 0.1193942 0.3347091 0.3374256 0.0448124 0.0448144 0.0203668 0.0169284 0.3379441 0.3290239 0.4134083 0.3332565 0.1857681 0.0520473 0.0412880 0.0377752 0.4382534 0.0067220 0.3401049 0.3583138 0.3395268 0.3954598 0.0101055 
n278_287   0.3543780 0.0658394 0.3274249 0.0000000 0.3574418 0.3056134 0.0100063 0.3269726 0.3425631 0.3330016 0.3276483 0.0842462 0.3203820 0.4144101 0.0880682 0.3589252 0.3539593 0.3270664 0.3323697 0.4389983 0.3174355 0.3099813 0.3656211 0.3205203 0.4187211 0.3225399 
n236_241   0.3609313 0.3411433 0.1193942 0.3574418 0.0000000 0.3386191 0.3628614 0.0961849 0.1076383 0.1196268 0.1156668 0.3633854 0.3273157 0.4039437 0.3579537 0.1896701 0.1156093 0.0962095 0.1000497 0.4220460 0.1116834 0.3547112 0.3677125 0.3377592 0.4211416 0.1155715 
n285_296   0.1237735 0.2712528 0.3347091 0.3056134 0.3386191 0.0000000 0.3106559 0.3135525 0.3289542 0.3355442 0.3301383 0.2908644 0.0411527 0.3720313 0.2812077 0.3190906 0.3401875 0.3136423 0.3188784 0.4127732 0.3245779 0.0100808 0.1318726 0.0411668 0.4165517 0.3297566 
n277_286   0.3597958 0.0694599 0.3374256 0.0100063 0.3628614 0.3106559 0.0000000 0.3321811 0.3478837 0.3382649 0.3328710 0.0879583 0.3204493 0.4202854 0.0918027 0.3643677 0.3593728 0.3322767 0.3376191 0.4391175 0.3273211 0.3150454 0.3711275 0.3205877 0.4180308 0.3324869 
n294_305   0.3243375 0.3066447 0.0448124 0.3269726 0.0961849 0.3135525 0.3321811 0.0000000 0.0202989 0.0448933 0.0413295 0.3326899 0.3026469 0.3888346 0.3280283 0.1600650 0.0272374 0.0100864 0.0134826 0.4066165 0.0377699 0.3291401 0.3256617 0.3127710 0.3770609 0.0412984 
n297_308   0.3399788 0.3218290 0.0448144 0.3425631 0.1076383 0.3289542 0.3478837 0.0202989 0.0000000 0.0448953 0.0413313 0.3429057 0.3177950 0.3942092 0.3436809 0.1683898 0.0067176 0.0168852 0.0134831 0.4121136 0.0377715 0.3448652 0.3413783 0.3281241 0.3822940 0.0413001 
n295_306   0.3419263 0.3124728 0.0203668 0.3330016 0.1196268 0.3355442 0.3382649 0.0448933 0.0448953 0.0000000 0.0033597 0.3387860 0.3298387 0.4092089 0.3340836 0.1861596 0.0521414 0.0413624 0.0378432 0.4339886 0.0135260 0.3409586 0.3485261 0.3403772 0.3849026 0.0169456 
n296_307   0.3469709 0.3072668 0.0169284 0.3276483 0.1156668 0.3301383 0.3328710 0.0413295 0.0413313 0.0033597 0.0000000 0.3333820 0.3244817 0.4084897 0.3287085 0.1817929 0.0485342 0.0378148 0.0343118 0.4332153 0.0101184 0.3355105 0.3536235 0.3349415 0.3791101 0.0135215 
n280_289   0.3441039 0.0167762 0.3379441 0.0842462 0.3633854 0.2908644 0.0879583 0.3326899 0.3429057 0.3387860 0.3333820 0.0000000 0.3007673 0.4219373 0.0340250 0.3546591 0.3543186 0.3327857 0.3381382 0.4468640 0.3278213 0.3003729 0.3551995 0.3008952 0.4142230 0.3329966 
n285_294   0.1314653 0.2808975 0.3290239 0.3203820 0.3273157 0.0411527 0.3204493 0.3026469 0.3177950 0.3298387 0.3244817 0.3007673 0.0000000 0.3822143 0.2812130 0.3334676 0.3288208 0.3027329 0.3078806 0.4059852 0.3189750 0.0518198 0.1357758 0.0066879 0.4089161 0.3241101 
n251_260   0.3776047 0.4096699 0.4134083 0.4144101 0.4039437 0.3720313 0.4202854 0.3888346 0.3942092 0.4092089 0.4084897 0.4219373 0.3822143 0.0000000 0.4343061 0.4057946 0.4065731 0.3889506 0.3890310 0.0409984 0.4022199 0.3838083 0.3889979 0.3823897 0.2954955 0.4079586 
n274_283   0.3234558 0.0236300 0.3332565 0.0880682 0.3579537 0.2812077 0.0918027 0.3280283 0.3436809 0.3340836 0.3287085 0.0340250 0.2812130 0.4343061 0.0000000 0.3443767 0.3551254 0.3281227 0.3334473 0.4596939 0.3231805 0.2906110 0.3342453 0.2813307 0.4210245 0.3283307 
n200_203   0.3403833 0.3278127 0.1857681 0.3589252 0.1896701 0.3190906 0.3643677 0.1600650 0.1683898 0.1861596 0.1817929 0.3546591 0.3334676 0.4057946 0.3443767 0.0000000 0.1771658 0.1560020 0.1601893 0.4421601 0.1773711 0.3291703 0.3465380 0.3336142 0.4008109 0.1816261 
n298_309   0.3514091 0.3328882 0.0520473 0.3539593 0.1156093 0.3401875 0.3593728 0.0272374 0.0067176 0.0521414 0.0485342 0.3543186 0.3288208 0.4065731 0.3551254 0.1771658 0.0000000 0.0237892 0.0203526 0.4248204 0.0449298 0.3563664 0.3528670 0.3393197 0.3944297 0.0484983 
n293_304   0.3244311 0.3067318 0.0412880 0.3270664 0.0962095 0.3136423 0.3322767 0.0100864 0.0168852 0.0413624 0.0378148 0.3327857 0.3027329 0.3889506 0.3281227 0.1560020 0.0237892 0.0000000 0.0100938 0.4067391 0.0342726 0.3292352 0.3257559 0.3128603 0.3771725 0.0377873 
n275_284   0.3297508 0.3118927 0.0377752 0.3323697 0.1000497 0.3188784 0.3376191 0.0134826 0.0134831 0.0378432 0.0343118 0.3381382 0.3078806 0.3890310 0.3334473 0.1601893 0.0203526 0.0100938 0.0000000 0.4068220 0.0307869 0.3345844 0.3311015 0.3180799 0.3717126 0.0342870 
n255_264   0.4127935 0.4341426 0.4382534 0.4389983 0.4220460 0.4127732 0.4391175 0.4066165 0.4121136 0.4339886 0.4332153 0.4468640 0.4059852 0.0409984 0.4596939 0.4421601 0.4248204 0.4067391 0.4068220 0.0000000 0.4266982 0.4252829 0.4247642 0.4061758 0.3264881 0.4326306 
n290_301   0.3412566 0.3019251 0.0067220 0.3174355 0.1116834 0.3245779 0.3273211 0.0377699 0.0377715 0.0135260 0.0101184 0.3278213 0.3189750 0.4022199 0.3231805 0.1773711 0.0449298 0.0342726 0.0307869 0.4266982 0.0000000 0.3299036 0.3478372 0.3293475 0.3845290 0.0033558 
n286_297   0.1357792 0.2805363 0.3401049 0.3099813 0.3547112 0.0100808 0.3150454 0.3291401 0.3448652 0.3409586 0.3355105 0.3003729 0.0518198 0.3838083 0.2906110 0.3291703 0.3563664 0.3292352 0.3345844 0.4252829 0.3299036 0.0000000 0.1440219 0.0518376 0.4226062 0.3351194 
n266_275   0.0271987 0.3337209 0.3583138 0.3656211 0.3677125 0.1318726 0.3711275 0.3256617 0.3413783 0.3485261 0.3536235 0.3551995 0.1357758 0.3889979 0.3342453 0.3465380 0.3528670 0.3257559 0.3311015 0.4247642 0.3478372 0.1440219 0.0000000 0.1438563 0.4464988 0.3531983 
n286_295   0.1394836 0.2810149 0.3395268 0.3205203 0.3377592 0.0411668 0.3205877 0.3127710 0.3281241 0.3403772 0.3349415 0.3008952 0.0066879 0.3823897 0.2813307 0.3336142 0.3393197 0.3128603 0.3180799 0.4061758 0.3293475 0.0518376 0.1438563 0.0000000 0.4038723 0.3345519 
n244_249   0.4407207 0.3967442 0.3954598 0.4187211 0.4211416 0.4165517 0.4180308 0.3770609 0.3822940 0.3849026 0.3791101 0.4142230 0.4089161 0.2954955 0.4210245 0.4008109 0.3944297 0.3771725 0.3717126 0.3264881 0.3845290 0.4226062 0.4464988 0.4038723 0.0000000 0.3901315 
n289_300   0.3465589 0.3069254 0.0101055 0.3225399 0.1155715 0.3297566 0.3324869 0.0412984 0.0413001 0.0169456 0.0135215 0.3329966 0.3241101 0.4079586 0.3283307 0.1816261 0.0484983 0.0377873 0.0342870 0.4326306 0.0033558 0.3351194 0.3531983 0.3345519 0.3901315 0.0000000 
