43
n236_309   0.0000000 0.6305459 1.8154614 2.3581495 0.6235781 4.8998460 0.6601754 1.0200762 2.4468045 2.5514614 1.5895322 1.5632739 2.1373657 1.5567847 2.5217474 2.5840972 0.6753109 1.9617803 0.6566714 2.7017527 2.0995074 2.6280464 0.7219073 2.7620155 0.6939456 0.6142712 1.8267151 2.1656461 2.1538101 2.1574166 2.0980218 3.6211332 1.9786714 2.2565548 2.7147651 2.2928816 2.6931206 1.4584194 1.8609811 0.6653061 2.1721826 0.6157389 2.1606111 
n290_393   0.6305459 0.0000000 1.8434603 1.9932002 0.1288941 2.9293729 0.3008339 0.9172586 2.4556289 2.3448652 1.7562767 1.8147950 1.7876215 1.7279904 2.4686300 2.6178780 0.3278745 1.6435163 0.3060180 2.3249724 1.7025301 2.5249358 0.3112085 2.7825206 0.3161144 0.0413111 1.9128166 2.0266034 1.8205451 1.7546008 1.7823327 3.7085731 1.9131949 1.8560600 2.6964772 1.9441519 2.1487187 1.7978114 1.9327193 0.0667246 1.9438569 0.1495449 1.7664924 
n200_265   1.8154614 1.8434603 0.0000000 2.8601722 1.7724817 3.5742312 2.2588637 1.6985790 2.6420802 2.3550541 1.8099355 1.7845921 1.0879640 2.0823169 1.9532900 3.0409509 1.9974301 1.0532595 1.8985354 3.2355149 1.0838129 2.5619859 2.1927676 2.6269542 2.1545305 1.7690214 0.9385780 1.0968879 1.0277496 1.0570350 1.1654740 3.1453902 2.5432610 1.1080429 2.6427469 2.4378760 2.3969436 1.5110514 1.9968891 1.8482114 1.0822158 1.8137780 1.0803945 
n285_384   2.3581495 1.9932002 2.8601722 0.0000000 1.9446353 3.2032616 2.5380875 1.8249348 9.0000000 9.0000000 2.1072369 1.9085144 2.2253563 2.0702021 2.9945467 5.3721439 2.5992548 2.6314129 2.4428398 2.8036349 3.0945194 2.8454221 2.7117238 3.0923785 2.5528465 2.0664717 2.3471055 2.8921696 2.2417790 2.6761053 2.2225909 2.8028996 1.1923162 2.6549281 3.1188363 0.0308025 6.0363280 1.7656718 1.1879166 2.2656448 2.7695799 1.9963050 2.9367008 
n296_403   0.6235781 0.1288941 1.7724817 1.9446353 0.0000000 2.6021390 0.2857787 0.9380504 2.4665535 2.3637114 1.6947383 1.7482300 1.6784788 1.6952249 2.1553463 2.4509431 0.2862561 1.6774597 0.2806628 2.3356836 1.7062578 2.2489050 0.2804270 2.3856001 0.2803576 0.1048062 1.7354531 1.9346178 1.6485309 1.6928939 1.5904468 2.9267565 1.9850434 1.7328481 2.2624527 1.8979096 2.3827431 1.6601198 1.9639357 0.1206584 1.8595779 0.0630433 1.7451260 
n277_374   4.8998460 2.9293729 3.5742312 3.2032616 2.6021390 0.0000000 2.2505499 2.0597949 3.0494387 2.2948531 2.6116213 3.2139037 2.5196969 2.9539333 0.5168372 0.5104110 2.6300066 2.6132930 2.5667066 3.4020392 2.8381871 0.4483586 2.1035420 0.4623529 2.2518128 3.3424341 2.1347581 2.7126980 2.4726992 2.2649873 2.5543573 0.1285765 2.4098303 2.4977273 0.4621933 3.5454315 2.5135203 3.1730795 2.2332368 2.8548407 2.4772944 2.9499392 2.5764698 
n275_370   0.6601754 0.3008339 2.2588637 2.5380875 0.2857787 2.2505499 0.0000000 1.0709807 3.6146955 3.0288428 2.0468364 1.8760380 1.9339479 2.1261243 2.3754525 2.7253029 0.1545842 1.7474750 0.1458688 1.9930130 1.8955008 2.6934046 0.1171828 2.5658298 0.1132941 0.2798278 1.9568279 2.4972071 1.9077115 1.9121216 1.8879799 2.5127449 2.9942938 2.0045069 2.5656839 2.6128959 3.0838115 1.8509255 2.6800350 0.2954929 2.3678145 0.2966557 1.9785843 
n200_263   1.0200762 0.9172586 1.6985790 1.8249348 0.9380504 2.0597949 1.0709807 0.0000000 2.3225726 2.1518469 2.0847412 1.7407239 1.9901854 1.9716234 2.0999382 2.1757897 1.1569149 1.9075982 1.0939571 2.3779863 2.0435101 2.1306282 1.1300856 2.4821294 1.1431824 0.9171059 2.2014072 1.9676562 1.9463672 2.1912874 1.8699445 2.3340879 1.9645594 1.9929657 2.4124761 1.7531937 2.8354793 1.6686906 2.0590940 1.0194836 2.0120108 0.9047721 1.9842042 
n251_334   2.4468045 2.4556289 2.6420802 9.0000000 2.4665535 3.0494387 3.6146955 2.3225726 0.0000000 0.3493201 3.0206541 2.5149690 2.4477159 2.9637087 3.1530939 3.0495824 3.8616133 2.9841787 3.6248653 1.8530677 2.7261692 2.7832104 4.9893162 2.9309330 4.5522279 2.5103878 2.6312947 2.9160808 2.9469922 3.2443148 2.7867719 3.0698876 2.7788348 3.1820595 2.9117951 9.0000000 0.3056008 3.0287332 3.6340184 2.8512911 2.7442503 2.4437820 2.8504915 
n255_340   2.5514614 2.3448652 2.3550541 9.0000000 2.3637114 2.2948531 3.0288428 2.1518469 0.3493201 0.0000000 3.4516052 4.7770137 2.9435610 2.9857662 2.5273677 2.1222080 3.1679401 5.0743925 3.0181463 1.6623231 4.1963308 2.3214546 3.1322400 2.4723159 3.1220647 2.5374270 2.1843863 3.2162128 3.2029238 3.8318221 3.3134304 2.1963794 3.3015321 3.2744847 2.6837804 9.0000000 0.3435948 9.0000000 3.4955977 2.7017742 2.8572368 2.2922757 3.1639008 
n286_387   1.5895322 1.7562767 1.8099355 2.1072369 1.6947383 2.6116213 2.0468364 2.0847412 3.0206541 3.4516052 0.0000000 0.8675921 2.0868050 0.1047958 2.1653140 2.6193846 1.9331081 1.9031387 1.8184753 2.5800690 1.9115315 2.3711198 2.0863749 2.3823482 2.2375998 1.7300601 1.7793378 2.1909967 1.9933258 2.0164421 2.0119859 2.8209031 1.9291836 2.1633622 2.3096657 1.8917834 3.1143630 0.8350712 1.8015822 2.0332883 2.1523157 1.6708928 1.9107566 
n266_357   1.5632739 1.8147950 1.7845921 1.9085144 1.7482300 3.2139037 1.8760380 1.7407239 2.5149690 4.7770137 0.8675921 0.0000000 2.2888797 0.8233212 4.2614441 8.9999989 1.8531144 2.0614594 1.8137779 3.6229951 2.1797403 3.2185424 1.8589558 2.8419537 1.9040392 1.8577132 2.4416606 2.4895146 2.0306255 2.2928649 2.1612197 3.0909928 1.9796648 2.2050999 3.0577239 1.7964619 3.5972368 0.1708527 1.9913653 2.0198722 2.4200754 1.6321762 2.2765891 
n290_395   2.1373657 1.7876215 1.0879640 2.2253563 1.6784788 2.5196969 1.9339479 1.9901854 2.4477159 2.9435610 2.0868050 2.2888797 0.0000000 1.9271328 2.2294934 2.2589682 1.8059778 0.1169513 1.7979598 3.5956412 0.1291476 2.3677557 1.8905550 2.5859887 1.8200163 1.6245381 0.6458812 0.3778825 0.0593459 0.3169597 0.0704249 2.2777273 2.2458861 0.3218480 2.5175076 2.3324839 2.1910673 2.1430990 2.0414656 1.8513622 0.3547636 1.7303413 0.3173528 
n285_386   1.5567847 1.7279904 2.0823169 2.0702021 1.6952249 2.9539333 2.1261243 1.9716234 2.9637087 2.9857662 0.1047958 0.8233212 1.9271328 0.0000000 2.3336198 3.0368221 1.8769921 1.9214897 1.8055240 3.0350880 1.8852079 2.3791488 2.1679357 2.3906391 2.1159034 1.7023873 1.8348441 2.2999893 1.8146918 2.0993941 1.9035860 2.8801234 1.8977209 2.2610378 2.3164161 1.9354739 2.9647444 0.7820862 1.9171272 1.9477584 2.2571329 1.6121762 2.0250578 
n280_377   2.5217474 2.4686300 1.9532900 2.9945467 2.1553463 0.5168372 2.3754525 2.0999382 3.1530939 2.5273677 2.1653140 4.2614441 2.2294934 2.3336198 0.0000000 0.1966812 2.4387209 2.3536157 2.3944455 9.0000000 2.4358382 0.1122396 2.1352458 0.1243477 2.1323544 2.5362986 1.9851759 2.2073363 2.2058968 1.8272645 2.1068062 0.5462027 2.6891876 2.3111907 0.1243972 3.3426792 2.4680397 3.5085183 2.1304450 2.4587215 2.1159120 2.0113981 2.3885525 
n274_369   2.5840972 2.6178780 3.0409509 5.3721439 2.4509431 0.5104110 2.7253029 2.1757897 3.0495824 2.1222080 2.6193846 8.9999989 2.2589682 3.0368221 0.1966812 0.0000000 2.5330682 2.3462111 2.4154010 9.0000000 2.4366862 0.1406751 2.5477476 0.1573809 2.3544897 3.0091204 2.1010511 2.1714147 2.4140648 2.0645046 2.6409052 0.5629335 2.9669073 2.9262563 0.1659141 8.9999985 3.2101974 4.7136946 2.4284287 2.8817433 2.2963720 2.3142040 3.1818989 
n298_407   0.6753109 0.3278745 1.9974301 2.5992548 0.2862561 2.6300066 0.1545842 1.1569149 3.8616133 3.1679401 1.9331081 1.8531144 1.8059778 1.8769921 2.4387209 2.5330682 0.0000000 1.7316064 0.0307925 2.3133063 1.9260368 2.6770496 0.1845793 2.5533646 0.1759577 0.2955895 1.9590000 1.9896804 1.7425530 1.8018007 1.8369938 2.7174611 3.3448757 1.7637789 2.5413045 2.4976578 3.4939190 1.7858188 3.0387450 0.3168108 1.9568296 0.2965036 1.7818812 
n295_404   1.9617803 1.6435163 1.0532595 2.6314129 1.6774597 2.6132930 1.7474750 1.9075982 2.9841787 5.0743925 1.9031387 2.0614594 0.1169513 1.9214897 2.3536157 2.3462111 1.7316064 0.0000000 1.7575103 3.3604457 0.0343026 2.3135641 1.6446428 2.5191254 1.6164524 1.5910892 0.5959813 0.3380813 0.1168603 0.2902579 0.1250380 2.2804842 2.1854882 0.2952744 2.4400463 2.6098857 2.4935457 1.9615902 1.9958462 1.7727264 0.3271713 1.7293502 0.2905986 
n297_406   0.6566714 0.3060180 1.8985354 2.4428398 0.2806628 2.5667066 0.1458688 1.0939571 3.6248653 3.0181463 1.8184753 1.8137779 1.7979598 1.8055240 2.3944455 2.4154010 0.0307925 1.7575103 0.0000000 2.3625135 1.9577854 2.5441255 0.1711901 2.4326175 0.1713127 0.2747474 1.8053202 2.0227803 1.8034989 1.8291056 1.8657765 2.8170661 2.8038869 1.8256594 2.4220993 2.3552121 3.1437625 1.7772690 2.7546057 0.3058916 1.9889373 0.2808319 1.8087393 
n244_321   2.7017527 2.3249724 3.2355149 2.8036349 2.3356836 3.4020392 1.9930130 2.3779863 1.8530677 1.6623231 2.5800690 3.6229951 3.5956412 3.0350880 9.0000000 9.0000000 2.3133063 3.3604457 2.3625135 0.0000000 3.7177636 9.0000000 2.2901236 9.0000000 2.3627618 2.3101264 8.9999986 4.3331774 3.5028951 3.3154228 3.0648549 3.2870852 6.1400810 8.8680076 9.0000000 2.6215598 1.8365657 3.2145794 2.9964384 2.3627835 4.1231994 2.1543260 6.6214074 
n296_405   2.0995074 1.7025301 1.0838129 3.0945194 1.7062578 2.8381871 1.8955008 2.0435101 2.7261692 4.1963308 1.9115315 2.1797403 0.1291476 1.8852079 2.4358382 2.4366862 1.9260368 0.0343026 1.9577854 3.7177636 0.0000000 2.3327948 1.8476988 2.5441988 1.8121700 1.6466549 0.6120917 0.3321644 0.1290458 0.2847653 0.1373925 2.4205478 2.5310315 0.2897403 2.4626110 3.0571794 2.4332004 2.1158323 2.2643349 1.8414476 0.3213533 1.7597461 0.2850964 
n292_397   2.6280464 2.5249358 2.5619859 2.8454221 2.2489050 0.4483586 2.6934046 2.1306282 2.7832104 2.3214546 2.3711198 3.2185424 2.3677557 2.3791488 0.1122396 0.1406751 2.6770496 2.3135641 2.5441255 9.0000000 2.3327948 0.0000000 2.3337261 0.0377133 2.3284642 2.5994074 2.0442364 2.2775636 2.2847911 1.8931237 2.4110262 0.4889015 2.9048120 2.6472390 0.0448183 3.1722427 2.2832531 3.5142635 2.3550542 2.5908711 2.2946120 2.1383396 2.7371173 
n294_399   0.7219073 0.3112085 2.1927676 2.7117238 0.2804270 2.1035420 0.1171828 1.1300856 4.9893162 3.1322400 2.0863749 1.8589558 1.8905550 2.1679357 2.1352458 2.5477476 0.1845793 1.6446428 0.1711901 2.2901236 1.8476988 2.3337261 0.0000000 2.2386330 0.0486179 0.2697512 1.8330935 2.0912257 1.7867665 1.7020019 1.6808322 2.3345477 2.9466640 1.8422566 2.1827561 2.6108810 2.6617258 1.8750853 2.8435137 0.2953247 2.0030759 0.2909831 1.7881172 
n300_411   2.7620155 2.7825206 2.6269542 3.0923785 2.3856001 0.4623529 2.5658298 2.4821294 2.9309330 2.4723159 2.3823482 2.8419537 2.5859887 2.3906391 0.1243477 0.1573809 2.5533646 2.5191254 2.4326175 9.0000000 2.5441988 0.0377133 2.2386330 0.0000000 2.2340255 2.7994578 2.0817142 2.4854206 2.4874076 2.0279007 2.6434477 0.5038073 3.3923305 2.8356866 0.0342260 3.5195247 2.4408986 3.0377205 2.6027308 2.7889600 2.5075656 2.2584147 2.9417657 
n293_398   0.6939456 0.3161144 2.1545305 2.5528465 0.2803576 2.2518128 0.1132941 1.1431824 4.5522279 3.1220647 2.2375998 1.9040392 1.8200163 2.1159034 2.1323544 2.3544897 0.1759577 1.6164524 0.1713127 2.3627618 1.8121700 2.3284642 0.0486179 2.2340255 0.0000000 0.2844330 1.7007259 2.0863679 1.7234508 1.7000750 1.6507975 2.3324548 3.2311252 1.8394834 2.1785337 2.4657542 2.7538011 1.9623216 3.2579759 0.3001793 1.9990474 0.2909112 1.7856858 
n289_392   0.6142712 0.0413111 1.7690214 2.0664717 0.1048062 3.3424341 0.2798278 0.9171059 2.5103878 2.5374270 1.7300601 1.8577132 1.6245381 1.7023873 2.5362986 3.0091204 0.2955895 1.5910892 0.2747474 2.3101264 1.6466549 2.5994074 0.2697512 2.7994578 0.2844330 0.0000000 1.7708993 1.9012147 1.6522639 1.6303961 1.6207350 4.3895419 1.9078904 1.7515566 2.7114932 2.0138216 2.2566515 1.7644441 1.9272772 0.0484086 1.8285431 0.1287292 1.7023894 
n236_311   1.8267151 1.9128166 0.9385780 2.3471055 1.7354531 2.1347581 1.9568279 2.2014072 2.6312947 2.1843863 1.7793378 2.4416606 0.6458812 1.8348441 1.9851759 2.1010511 1.9590000 0.5959813 1.8053202 8.9999986 0.6120917 2.0442364 1.8330935 2.0817142 1.7007259 1.7708993 0.0000000 0.6889045 0.6548163 0.6748228 0.6559275 1.9886255 2.6369814 0.6841285 2.0826313 2.1710400 2.4409187 2.1527600 2.6645548 1.9494520 0.6714149 1.6662115 0.6674194 
n298_409   2.1656461 2.0266034 1.0968879 2.8921696 1.9346178 2.7126980 2.4972071 1.9676562 2.9160808 3.2162128 2.1909967 2.4895146 0.3778825 2.2999893 2.2073363 2.1714147 1.9896804 0.3380813 2.0227803 4.3331774 0.3321644 2.2775636 2.0912257 2.4854206 2.0863679 1.9012147 0.6889045 0.0000000 0.3662287 0.1583438 0.3777190 2.2235364 2.3722520 0.1890940 2.4710603 2.5840963 2.4736131 2.3936421 2.1838195 2.2843074 0.0169184 2.0609272 0.1849372 
n289_394   2.1538101 1.8205451 1.0277496 2.2417790 1.6485309 2.4726992 1.9077115 1.9463672 2.9469922 3.2029238 1.9933258 2.0306255 0.0593459 1.8146918 2.2058968 2.4140648 1.7425530 0.1168603 1.8034989 3.5028951 0.1290458 2.2847911 1.7867665 2.4874076 1.7234508 1.6522639 0.6548163 0.3662287 0.0000000 0.2960108 0.0704839 2.2387760 2.3095910 0.2851645 2.4853025 2.2891087 2.0985084 1.9598349 2.1358143 1.8864773 0.3434904 1.6717304 0.3119553 
n275_372   2.1574166 1.7546008 1.0570350 2.6761053 1.6928939 2.2649873 1.9121216 2.1912874 3.2443148 3.8318221 2.0164421 2.2928649 0.3169597 2.0993941 1.8272645 2.0645046 1.8018007 0.2902579 1.8291056 3.3154228 0.2847653 1.8931237 1.7020019 2.0279007 1.7000750 1.6303961 0.6748228 0.1583438 0.2960108 0.0000000 0.3119373 2.0097728 2.0839567 0.1419889 1.9751737 2.6695422 2.2469943 2.3828597 1.8938167 1.8980401 0.1457064 1.7173782 0.1380422 
n287_390   2.0980218 1.7823327 1.1654740 2.2225909 1.5904468 2.5543573 1.8879799 1.8699445 2.7867719 3.3134304 2.0119859 2.1612197 0.0704249 1.9035860 2.1068062 2.6409052 1.8369938 0.1250380 1.8657765 3.0648549 0.1373925 2.4110262 1.6808322 2.6434477 1.6507975 1.6207350 0.6559275 0.3777190 0.0704839 0.3119373 0.0000000 2.2348540 2.1021045 0.3113132 2.6403964 2.2130469 2.3791059 2.0442260 1.9589975 1.8453966 0.3546164 1.6375550 0.3121843 
n278_375   3.6211332 3.7085731 3.1453902 2.8028996 2.9267565 0.1285765 2.5127449 2.3340879 3.0698876 2.1963794 2.8209031 3.0909928 2.2777273 2.8801234 0.5462027 0.5629335 2.7174611 2.2804842 2.8170661 3.2870852 2.4205478 0.4889015 2.3345477 0.5038073 2.3324548 4.3895419 1.9886255 2.2235364 2.2387760 2.0097728 2.2348540 0.0000000 2.5371609 2.1843533 0.5036178 3.0360173 2.7321475 3.2809894 2.0703366 3.4181715 2.0273481 3.8478263 2.4119260 
n266_355   1.9786714 1.9131949 2.5432610 1.1923162 1.9850434 2.4098303 2.9942938 1.9645594 2.7788348 3.3015321 1.9291836 1.9796648 2.2458861 1.8977209 2.6891876 2.9669073 3.3448757 2.1854882 2.8038869 6.1400810 2.5310315 2.9048120 2.9466640 3.3923305 3.2311252 1.9078904 2.6369814 2.3722520 2.3095910 2.0839567 2.1021045 2.5371609 0.0000000 2.4160099 2.8562728 1.1127369 3.0569238 1.8551278 0.2145272 1.9422994 2.3171588 2.0729872 2.3662123 
n294_401   2.2565548 1.8560600 1.1080429 2.6549281 1.7328481 2.4977273 2.0045069 1.9929657 3.1820595 3.2744847 2.1633622 2.2050999 0.3218480 2.2610378 2.3111907 2.9262563 1.7637789 0.2952744 1.8256594 8.8680076 0.2897403 2.6472390 1.8422566 2.8356866 1.8394834 1.7515566 0.6841285 0.1890940 0.2851645 0.1419889 0.3113132 2.1843533 2.4160099 0.0000000 2.8294757 2.6347426 2.0822551 2.2899050 2.3277879 2.0690705 0.1714767 1.7922765 0.0524101 
n299_410   2.7147651 2.6964772 2.6427469 3.1188363 2.2624527 0.4621933 2.5656839 2.4124761 2.9117951 2.6837804 2.3096657 3.0577239 2.5175076 2.3164161 0.1243972 0.1659141 2.5413045 2.4400463 2.4220993 9.0000000 2.4626110 0.0448183 2.1827561 0.0342260 2.1785337 2.7114932 2.0826313 2.4710603 2.4853025 1.9751737 2.6403964 0.5036178 2.8562728 2.8294757 0.0000000 3.5630610 2.6532939 3.1582012 2.4481374 2.7018418 2.4926814 2.1419802 2.9343464 
n286_385   2.2928816 1.9441519 2.4378760 0.0308025 1.8979096 3.5454315 2.6128959 1.7531937 9.0000000 9.0000000 1.8917834 1.7964619 2.3324839 1.9354739 3.3426792 8.9999985 2.4976578 2.6098857 2.3552121 2.6215598 3.0571794 3.1722427 2.6108810 3.5195247 2.4657542 2.0138216 2.1710400 2.5840963 2.2891087 2.6695422 2.2130469 3.0360173 1.1127369 2.6347426 3.5630610 0.0000000 8.9999989 1.6100443 1.1234666 2.2010149 2.6520527 1.9469674 2.9089226 
n251_336   2.6931206 2.1487187 2.3969436 6.0363280 2.3827431 2.5135203 3.0838115 2.8354793 0.3056008 0.3435948 3.1143630 3.5972368 2.1910673 2.9647444 2.4680397 3.2101974 3.4939190 2.4935457 3.1437625 1.8365657 2.4332004 2.2832531 2.6617258 2.4408986 2.7538011 2.2566515 2.4409187 2.4736131 2.0985084 2.2469943 2.3791059 2.7321475 3.0569238 2.0822551 2.6532939 8.9999989 0.0000000 6.0688908 3.1027801 2.6837455 2.3371884 2.2639969 2.1612344 
n265_356   1.4584194 1.7978114 1.5110514 1.7656718 1.6601198 3.1730795 1.8509255 1.6686906 3.0287332 9.0000000 0.8350712 0.1708527 2.1430990 0.7820862 3.5085183 4.7136946 1.7858188 1.9615902 1.7772690 3.2145794 2.1158323 3.5142635 1.8750853 3.0377205 1.9623216 1.7644441 2.1527600 2.3936421 1.9598349 2.3828597 2.0442260 3.2809894 1.8551278 2.2899050 3.1582012 1.6100443 6.0688908 0.0000000 1.9865570 2.1320564 2.3936949 1.6352691 2.1942426 
n265_354   1.8609811 1.9327193 1.9968891 1.1879166 1.9639357 2.2332368 2.6800350 2.0590940 3.6340184 3.4955977 1.8015822 1.9913653 2.0414656 1.9171272 2.1304450 2.4284287 3.0387450 1.9958462 2.7546057 2.9964384 2.2643349 2.3550542 2.8435137 2.6027308 3.2579759 1.9272772 2.6645548 2.1838195 2.1358143 1.8938167 1.9589975 2.0703366 0.2145272 2.3277879 2.4481374 1.1234666 3.1027801 1.9865570 0.0000000 2.0442847 2.1396634 1.9211855 2.3476173 
n287_388   0.6653061 0.0667246 1.8482114 2.2656448 0.1206584 2.8548407 0.2954929 1.0194836 2.8512911 2.7017742 2.0332883 2.0198722 1.8513622 1.9477584 2.4587215 2.8817433 0.3168108 1.7727264 0.3058916 2.3627835 1.8414476 2.5908711 0.2953247 2.7889600 0.3001793 0.0484086 1.9494520 2.2843074 1.8864773 1.8980401 1.8453966 3.4181715 1.9422994 2.0690705 2.7018418 2.2010149 2.6837455 2.1320564 2.0442847 0.0000000 2.1769564 0.1536225 1.9580951 
n297_408   2.1721826 1.9438569 1.0822158 2.7695799 1.8595779 2.4772944 2.3678145 2.0120108 2.7442503 2.8572368 2.1523157 2.4200754 0.3547636 2.2571329 2.1159120 2.2963720 1.9568296 0.3271713 1.9889373 4.1231994 0.3213533 2.2946120 2.0030759 2.5075656 1.9990474 1.8285431 0.6714149 0.0169184 0.3434904 0.1457064 0.3546164 2.0273481 2.3171588 0.1714767 2.4926814 2.6520527 2.3371884 2.3936949 2.1396634 2.1769564 0.0000000 1.9756999 0.1674025 
n295_402   0.6157389 0.1495449 1.8137780 1.9963050 0.0630433 2.9499392 0.2966557 0.9047721 2.4437820 2.2922757 1.6708928 1.6321762 1.7303413 1.6121762 2.0113981 2.3142040 0.2965036 1.7293502 0.2808319 2.1543260 1.7597461 2.1383396 0.2909831 2.2584147 0.2909112 0.1287292 1.6662115 2.0609272 1.6717304 1.7173782 1.6375550 3.8478263 2.0729872 1.7922765 2.1419802 1.9469674 2.2639969 1.6352691 1.9211855 0.1536225 1.9756999 0.0000000 1.8011604 
n293_400   2.1606111 1.7664924 1.0803945 2.9367008 1.7451260 2.5764698 1.9785843 1.9842042 2.8504915 3.1639008 1.9107566 2.2765891 0.3173528 2.0250578 2.3885525 3.1818989 1.7818812 0.2905986 1.8087393 6.6214074 0.2850964 2.7371173 1.7881172 2.9417657 1.7856858 1.7023894 0.6674194 0.1849372 0.3119553 0.1380422 0.3121843 2.4119260 2.3662123 0.0524101 2.9343464 2.9089226 2.1612344 2.1942426 2.3476173 1.9580951 0.1674025 1.8011604 0.0000000 
