30
n287_336   0.0000000 0.3402527 1.5825539 1.8483904 1.7809715 0.0307913 1.7938921 0.3453056 1.7711555 1.9670165 2.2700351 0.1289577 2.4017779 0.3582061 2.0016941 2.3293805 2.0537794 1.6336061 0.6648899 2.1299031 0.0238014 0.3186664 0.1415022 2.0971169 0.3182011 1.8899824 2.5962712 1.9566018 2.6005759 1.1695989 
n298_347   0.3402527 0.0000000 1.6245780 1.7525361 1.8391133 0.3522082 1.8529171 0.0377591 2.0031620 1.6383111 2.2145493 0.3404531 2.1826973 0.1502939 1.7684575 1.7199101 1.7363061 1.6446412 0.7376193 2.8093794 0.3399557 0.1455325 0.3409434 2.3193727 0.1455556 1.9553087 2.8467325 1.6066655 3.3087480 1.1231747 
n266_311   1.5825539 1.6245780 0.0000000 0.9716606 1.7365104 1.5017448 1.9702149 1.7744576 1.6319142 1.9285042 2.9746077 1.6090941 3.9637328 1.4552209 1.7943760 1.9999995 1.9499547 0.1339374 1.7690981 1.6803554 1.5527832 1.5021790 1.5079449 1.7552079 1.5105029 0.9144224 1.6598915 1.9156892 2.3436898 2.2224802 
n285_332   1.8483904 1.7525361 0.9716606 0.0000000 2.1444132 1.8436306 2.1818688 1.8051322 2.7512645 2.6602976 2.2844981 1.9110249 2.5605203 1.8329579 2.2857291 2.6289343 2.5877184 0.9892015 2.0498243 1.9736991 1.8450068 1.6820183 1.9565266 1.8688587 1.5684251 0.0521839 2.5756074 2.4487011 2.9373251 1.6099617 
n277_324   1.7809715 1.8391133 1.7365104 2.1444132 0.0000000 1.6771855 0.1409985 1.8358385 2.0028774 0.4091451 3.0830139 1.7692872 4.0945305 1.7218243 0.4549813 0.4417321 0.4102975 1.8139302 1.7188166 1.5020614 1.7398498 1.5870277 1.7559511 1.4969626 1.6839728 2.3457683 1.9425304 0.3979315 4.1322311 1.7122452 
n289_338   0.0307913 0.3522082 1.5017448 1.8436306 1.6771855 0.0000000 1.6885663 0.3573398 1.7025559 1.8741682 2.5685499 0.1414097 2.3555864 0.3698532 1.9523496 2.1987342 1.9420649 1.5722574 0.6893585 2.0725745 0.0203274 0.3294815 0.1415620 2.0026056 0.3296463 1.8849508 2.5847637 1.8648590 2.6749135 1.1023447 
n278_325   1.7938921 1.8529171 1.9702149 2.1818688 0.1409985 1.6885663 0.0000000 1.8154973 2.0847205 0.3749770 3.3375219 1.8822251 4.4131709 1.8601849 0.4311762 0.4241985 0.3876587 2.0289173 1.7026235 1.5394874 1.7214907 1.6935669 1.8677936 1.5598315 1.8336217 2.4622363 2.0336790 0.3814695 3.4332692 1.6060765 
n297_346   0.3453056 0.0377591 1.7744576 1.8051322 1.8358385 0.3573398 1.8154973 0.0000000 1.9607456 1.6173980 2.2226734 0.3345369 2.2460190 0.1419103 1.7066329 1.6897798 1.7440682 1.7667202 0.7493252 2.3771411 0.3450037 0.1497467 0.3405816 2.1120540 0.1453848 2.0188814 2.6295528 1.5870207 3.8433510 1.0909525 
n265_312   1.7711555 2.0031620 1.6319142 2.7512645 2.0028774 1.7025559 2.0847205 1.9607456 0.0000000 2.1509083 5.8394186 1.8846313 3.7994247 2.0228822 2.1461582 2.1397687 2.4398867 1.7604096 1.7240163 0.9777023 1.7752541 1.9491465 1.7737341 0.9480597 2.0302200 2.5920472 0.1760951 2.3652935 2.5763197 2.1047917 
n292_341   1.9670165 1.6383111 1.9285042 2.6602976 0.4091451 1.8741682 0.3749770 1.6173980 2.1509083 0.0000000 2.9047600 1.9933934 3.9287077 1.7657229 0.1417368 0.0820718 0.0272845 2.0936030 1.6388190 1.7477356 1.9541176 1.5599450 2.0606085 1.7670390 1.6401136 2.9828434 2.3129360 0.0307820 6.3447277 1.5607320 
n255_298   2.2700351 2.2145493 2.9746077 2.2844981 3.0830139 2.5685499 3.3375219 2.2226734 5.8394186 2.9047600 0.0000000 2.6699715 0.3034405 2.6964522 2.6068044 3.0386943 3.1451104 3.0305131 2.7130904 3.0824463 2.4234560 2.2887196 2.5413673 2.9286388 2.2114293 2.7237684 3.6857928 2.9396317 2.7780956 3.3842811 
n295_344   0.1289577 0.3404531 1.6090941 1.9110249 1.7692872 0.1414097 1.8822251 0.3345369 1.8846313 1.9933934 2.6699715 0.0000000 2.3807138 0.3404873 2.1273806 2.3049398 2.2370217 1.5681852 0.6479504 2.2300191 0.1289883 0.3071605 0.0272510 2.1311919 0.2969302 2.0779937 2.8567430 2.1221272 2.5845371 1.0397615 
n251_294   2.4017779 2.1826973 3.9637328 2.5605203 4.0945305 2.3555864 4.4131709 2.2460190 3.7994247 3.9287077 0.3034405 2.3807138 0.0000000 2.2927210 4.4802610 3.9824833 4.8416792 9.0000000 3.0257756 3.1118614 2.2351041 2.2779726 2.2180532 3.0629016 2.1754207 3.0006718 3.4968912 4.8557402 2.4699520 2.7963347 
n275_322   0.3582061 0.1502939 1.4552209 1.8329579 1.7218243 0.3698532 1.8601849 0.1419103 2.0228822 1.7657229 2.6964522 0.3404873 2.2927210 0.0000000 1.9089245 1.8857019 1.9140533 1.5385348 0.7806171 2.0791781 0.3517423 0.1250139 0.3415821 1.8852558 0.1210421 1.9765886 2.3373570 1.7282657 2.5278340 1.1352288 
n274_321   2.0016941 1.7684575 1.7943760 2.2857291 0.4549813 1.9523496 0.4311762 1.7066329 2.1461582 0.1417368 2.6068044 2.1273806 4.4802610 1.9089245 0.0000000 0.1586771 0.1503468 1.8982358 1.7488808 1.5775489 2.0397365 1.7650803 2.1641767 1.5942457 1.8643186 2.5316885 2.1398910 0.1546018 3.4594975 1.8734796 
n280_327   2.3293805 1.7199101 1.9999995 2.6289343 0.4417321 2.1987342 0.4241985 1.6897798 2.1397687 0.0820718 3.0386943 2.3049398 3.9824833 1.8857019 0.1586771 0.0000000 0.0936701 2.2675624 1.8170095 1.7879016 2.3100862 1.7156081 2.3496051 1.7837791 1.8108424 2.9736973 2.2173365 0.0975692 5.2107211 1.6819682 
n300_349   2.0537794 1.7363061 1.9499547 2.5877184 0.4102975 1.9420649 0.3876587 1.7440682 2.4398867 0.0272845 3.1451104 2.2370217 4.8416792 1.9140533 0.1503468 0.0936701 0.0000000 2.0742011 1.6771663 1.8248287 1.9895348 1.6768826 2.3075640 1.8446628 1.7681310 2.8126526 2.4238020 0.0238111 5.0271344 1.7728593 
n265_310   1.6336061 1.6446412 0.1339374 0.9892015 1.8139302 1.5722574 2.0289173 1.7667202 1.7604096 2.0936030 3.0305131 1.5681852 9.0000000 1.5385348 1.8982358 2.2675624 2.0742011 0.0000000 1.9747518 1.7218723 1.6275404 1.5679255 1.5653938 1.7211996 1.6033440 0.9324522 1.7476292 2.0746046 2.4957062 2.4072961 
n236_275   0.6648899 0.7376193 1.7690981 2.0498243 1.7188166 0.6893585 1.7026235 0.7493252 1.7240163 1.6388190 2.7130904 0.6479504 3.0257756 0.7806171 1.7488808 1.8170095 1.6771663 1.9747518 0.0000000 1.8355588 0.6726296 0.6943691 0.6723769 1.7538961 0.6864355 2.0892863 1.9232096 1.7072483 5.8173452 1.0160848 
n285_334   2.1299031 2.8093794 1.6803554 1.9736991 1.5020614 2.0725745 1.5394874 2.3771411 0.9777023 1.7477356 3.0824463 2.2300191 3.1118614 2.0791781 1.5775489 1.7879016 1.8248287 1.7218723 1.8355588 0.0000000 2.1864097 2.4816960 2.1641392 0.0594016 2.4094406 1.9200402 1.0559157 1.8677167 2.7038614 1.7227627 
n290_339   0.0238014 0.3399557 1.5527832 1.8450068 1.7398498 0.0203274 1.7214907 0.3450037 1.7752541 1.9541176 2.4234560 0.1289883 2.2351041 0.3517423 2.0397365 2.3100862 1.9895348 1.6275404 0.6726296 2.1864097 0.0000000 0.3124605 0.1291262 2.1084527 0.3126135 1.8864201 2.6041871 1.9085806 2.7757823 1.1363695 
n294_343   0.3186664 0.1455325 1.5021790 1.6820183 1.5870277 0.3294815 1.6935669 0.1497467 1.9491465 1.5599450 2.2887196 0.3071605 2.2779726 0.1250139 1.7650803 1.7156081 1.6768826 1.5679255 0.6943691 2.4816960 0.3124605 0.0000000 0.3187178 2.1484990 0.0272630 1.8453783 2.3425173 1.5300671 2.7006719 1.1235828 
n296_345   0.1415022 0.3409434 1.5079449 1.9565266 1.7559511 0.1415620 1.8677936 0.3405816 1.7737341 2.0606085 2.5413673 0.0272510 2.2180532 0.3415821 2.1641767 2.3496051 2.3075640 1.5653938 0.6723769 2.1641392 0.1291262 0.3187178 0.0000000 2.0713823 0.3030494 2.1188841 2.6063404 2.2470685 2.5165661 0.9991347 
n286_335   2.0971169 2.3193727 1.7552079 1.8688587 1.4969626 2.0026056 1.5598315 2.1120540 0.9480597 1.7670390 2.9286388 2.1311919 3.0629016 1.8852558 1.5942457 1.7837791 1.8446628 1.7211996 1.7538961 0.0594016 2.1084527 2.1484990 2.0713823 0.0000000 2.0952224 1.8560093 1.0583309 1.8882270 2.9816127 1.7121492 
n293_342   0.3182011 0.1455556 1.5105029 1.5684251 1.6839728 0.3296463 1.8336217 0.1453848 2.0302200 1.6401136 2.2114293 0.2969302 2.1754207 0.1210421 1.8643186 1.8108424 1.7681310 1.6033440 0.6864355 2.4094406 0.3126135 0.0272630 0.3030494 2.0952224 0.0000000 1.7416922 2.4619387 1.6146674 2.5551310 1.0766808 
n286_333   1.8899824 1.9553087 0.9144224 0.0521839 2.3457683 1.8849508 2.4622363 2.0188814 2.5920472 2.9828434 2.7237684 2.0779937 3.0006718 1.9765886 2.5316885 2.9736973 2.8126526 0.9324522 2.0892863 1.9200402 1.8864201 1.8453783 2.1188841 1.8560093 1.7416922 0.0000000 2.4156299 2.7132361 2.9216359 1.6354020 
n266_313   2.5962712 2.8467325 1.6598915 2.5756074 1.9425304 2.5847637 2.0336790 2.6295528 0.1760951 2.3129360 3.6857928 2.8567430 3.4968912 2.3373570 2.1398910 2.2173365 2.4238020 1.7476292 1.9232096 1.0559157 2.6041871 2.3425173 2.6063404 1.0583309 2.4619387 2.4156299 0.0000000 2.3580886 2.3088625 2.4970723 
n299_348   1.9566018 1.6066655 1.9156892 2.4487011 0.3979315 1.8648590 0.3814695 1.5870207 2.3652935 0.0307820 2.9396317 2.1221272 4.8557402 1.7282657 0.1546018 0.0975692 0.0238111 2.0746046 1.7072483 1.8677167 1.9085806 1.5300671 2.2470685 1.8882270 1.6146674 2.7132361 2.3580886 0.0000000 5.4585120 1.7091090 
n244_283   2.6005759 3.3087480 2.3436898 2.9373251 4.1322311 2.6749135 3.4332692 3.8433510 2.5763197 6.3447277 2.7780956 2.5845371 2.4699520 2.5278340 3.4594975 5.2107211 5.0271344 2.4957062 5.8173452 2.7038614 2.7757823 2.7006719 2.5165661 2.9816127 2.5551310 2.9216359 2.3088625 5.4585120 0.0000000 7.1080579 
n200_233   1.1695989 1.1231747 2.2224802 1.6099617 1.7122452 1.1023447 1.6060765 1.0909525 2.1047917 1.5607320 3.3842811 1.0397615 2.7963347 1.1352288 1.8734796 1.6819682 1.7728593 2.4072961 1.0160848 1.7227627 1.1363695 1.1235828 0.9991347 1.7121492 1.0766808 1.6354020 2.4970723 1.7091090 7.1080579 0.0000000 
