22
n287_288   0.0000000 0.0033424 0.1170890 0.2769494 0.3234644 0.3135620 0.2924702 0.3033662 0.0557744 0.3138422 0.2979873 0.0342549 0.0594946 0.0449483 0.0067034 0.3124262 0.4402481 0.3025173 0.3876340 0.1632008 0.2876783 0.4269184 
n290_291   0.0033424 0.0000000 0.1130571 0.2717550 0.3234659 0.3080766 0.2871532 0.2979569 0.0521280 0.3083518 0.2926225 0.0307371 0.0558222 0.0413648 0.0033419 0.3124276 0.4336182 0.2971273 0.3940374 0.1588555 0.2823938 0.4204209 
n236_237   0.1170890 0.1130571 0.0000000 0.2823143 0.3460671 0.3189815 0.2925041 0.3034063 0.1091520 0.3250245 0.2980243 0.1170737 0.1212853 0.1052083 0.1170738 0.3346368 0.4402153 0.3295970 0.3937548 0.1544263 0.2931458 0.4203270 
n278_279   0.2769494 0.2717550 0.2823143 0.0000000 0.2606143 0.2220226 0.0449767 0.0522270 0.2516522 0.0668855 0.0558813 0.2663503 0.2569512 0.2370435 0.2769212 0.2505743 0.4081142 0.2265748 0.3695010 0.2665310 0.0100878 0.3958884 
n285_286   0.3234644 0.3234659 0.3460671 0.2606143 0.0000000 0.1714331 0.2857983 0.2965373 0.3071479 0.2908984 0.2966741 0.3341623 0.3129530 0.3021149 0.3290351 0.0066986 0.4063373 0.1539751 0.4037458 0.3016604 0.2710330 0.3937988 
n265_266   0.3135620 0.3080766 0.3189815 0.2220226 0.1714331 0.0000000 0.2362536 0.2461998 0.2922855 0.2509303 0.2512087 0.3130985 0.2976974 0.2817364 0.3135324 0.1626968 0.4337768 0.0414360 0.3986911 0.2818442 0.2318246 0.4270941 
n280_281   0.2924702 0.2871532 0.2925041 0.0449767 0.2857983 0.2362536 0.0000000 0.0100934 0.2665951 0.0237983 0.0134974 0.2816105 0.2720278 0.2516655 0.2924413 0.2753742 0.4399104 0.2408930 0.3875659 0.2561359 0.0486207 0.4271194 
n299_300   0.3033662 0.2979569 0.3034063 0.0522270 0.2965373 0.2461998 0.0100934 0.0000000 0.2770546 0.0272756 0.0033453 0.2923105 0.2825881 0.2618849 0.3033369 0.2859352 0.4536155 0.2509055 0.3938920 0.2664132 0.0559226 0.4405620 
n293_294   0.0557744 0.0521280 0.1091520 0.2516522 0.3071479 0.2922855 0.2665951 0.2770546 0.0000000 0.2871479 0.2718858 0.0630776 0.0237947 0.0100800 0.0557667 0.2963778 0.3959575 0.2917751 0.3700140 0.1545928 0.2619561 0.3834803 
n274_275   0.3138422 0.3083518 0.3250245 0.0668855 0.2908984 0.2509303 0.0237983 0.0272756 0.2871479 0.0000000 0.0307769 0.3026136 0.2927709 0.2717669 0.3138126 0.2803974 0.4527218 0.2456816 0.4250347 0.2868363 0.0706803 0.4464468 
n292_293   0.2979873 0.2926225 0.2980243 0.0558813 0.2966741 0.2512087 0.0134974 0.0033453 0.2718858 0.0307769 0.0000000 0.2870261 0.2773706 0.2568321 0.2979582 0.2860661 0.4538468 0.2559479 0.4001875 0.2613327 0.0596027 0.4407849 
n296_297   0.0342549 0.0307371 0.1170737 0.2663503 0.3341623 0.3130985 0.2816105 0.2923105 0.0630776 0.3026136 0.2870261 0.0000000 0.0668471 0.0521337 0.0342501 0.3229556 0.4394746 0.3020729 0.3816452 0.1673962 0.2768882 0.4261746 
n275_276   0.0594946 0.0558222 0.1212853 0.2569512 0.3129530 0.2976974 0.2720278 0.2825881 0.0237947 0.2927709 0.2773706 0.0668471 0.0000000 0.0134905 0.0594863 0.3020788 0.4026935 0.2974320 0.3883571 0.1590579 0.2673525 0.3900774 
n297_298   0.0449483 0.0413648 0.1052083 0.2370435 0.3021149 0.2817364 0.2516655 0.2618849 0.0100800 0.2717669 0.2568321 0.0521337 0.0134905 0.0000000 0.0449420 0.2914181 0.3899053 0.2814917 0.3642029 0.1419758 0.2471114 0.3775395 
n289_290   0.0067034 0.0033419 0.1170738 0.2769212 0.3290351 0.3135324 0.2924413 0.3033369 0.0557667 0.3138126 0.2979582 0.0342501 0.0594863 0.0449420 0.0000000 0.3179026 0.4402191 0.3024880 0.4002430 0.1631808 0.2876496 0.4268889 
n286_287   0.3124262 0.3124276 0.3346368 0.2505743 0.0066986 0.1626968 0.2753742 0.2859352 0.2963778 0.2803974 0.2860661 0.3229556 0.3020788 0.2914181 0.3179026 0.0000000 0.4124810 0.1454863 0.4100371 0.2909794 0.2608219 0.3998315 
n255_256   0.4402481 0.4336182 0.4402153 0.4081142 0.4063373 0.4337768 0.4399104 0.4536155 0.3959575 0.4527218 0.4538468 0.4394746 0.4026935 0.3899053 0.4402191 0.4124810 0.0000000 0.4199262 0.3349079 0.4021526 0.4147252 0.0558210 
n266_267   0.3025173 0.2971273 0.3295970 0.2265748 0.1539751 0.0414360 0.2408930 0.2509055 0.2917751 0.2456816 0.2559479 0.3020729 0.2974320 0.2814917 0.3024880 0.1454863 0.4199262 0.0000000 0.4109476 0.2867874 0.2364420 0.4133942 
n244_245   0.3876340 0.3940374 0.3937548 0.3695010 0.4037458 0.3986911 0.3875659 0.3938920 0.3700140 0.4250347 0.4001875 0.3816452 0.3883571 0.3642029 0.4002430 0.4100371 0.3349079 0.4109476 0.0000000 0.4001530 0.3693614 0.3072358 
n200_201   0.1632008 0.1588555 0.1544263 0.2665310 0.3016604 0.2818442 0.2561359 0.2664132 0.1545928 0.2868363 0.2613327 0.1673962 0.1590579 0.1419758 0.1631808 0.2909794 0.4021526 0.2867874 0.4001530 0.0000000 0.2770800 0.3773512 
n277_278   0.2876783 0.2823938 0.2931458 0.0100878 0.2710330 0.2318246 0.0486207 0.0559226 0.2619561 0.0706803 0.0596027 0.2768882 0.2673525 0.2471114 0.2876496 0.2608219 0.4147252 0.2364420 0.3693614 0.2770800 0.0000000 0.4023781 
n251_252   0.4269184 0.4204209 0.4203270 0.3958884 0.3937988 0.4270941 0.4271194 0.4405620 0.3834803 0.4464468 0.4407849 0.4261746 0.3900774 0.3775395 0.4268889 0.3998315 0.0558210 0.4133942 0.3072358 0.3773512 0.4023781 0.0000000 
