26
n295_298   0.0000000 0.1684284 3.1544825 2.5212383 0.9461056 0.5424751 2.8586374 3.0537538 0.1555057 2.9119726 3.3998528 0.0414404 0.2729045 0.1466845 0.3219131 0.2774667 2.7084746 0.2573416 3.5387796 2.9367152 3.4750100 3.4109795 0.3157546 3.1560893 3.1591785 3.7464185 
n290_293   0.1684284 0.0000000 3.1867908 2.4592935 0.9087788 0.5808079 2.7946720 3.1486660 0.0821723 2.1831114 3.7189002 0.1639286 0.3269196 0.0783529 0.3684069 0.3099973 2.2625048 0.3049089 2.6203364 3.1954076 2.4285746 2.5576466 0.3676096 3.2243072 3.0634559 3.7638454 
n299_302   3.1544825 3.1867908 0.0000000 0.4350847 2.6145444 2.6140594 0.0667160 0.1418289 3.1650472 2.1935409 0.1591665 3.1889583 3.0745347 2.9743039 2.4776160 2.7640946 2.0284185 2.8782320 2.1326327 0.4360006 2.5172595 2.7307811 2.4766555 2.1238402 0.0237534 0.1052338 
n277_278   2.5212383 2.4592935 0.4350847 0.0000000 2.6425810 2.6405968 0.4700813 0.4366475 2.5066985 1.8963954 0.4633041 2.5379501 2.9202276 2.4585700 3.2716507 2.9030604 2.2852625 2.8397454 1.9287735 0.1384933 3.0426491 2.7621869 2.9066787 2.2955006 0.4357854 0.4493823 
n200_201   0.9461056 0.9087788 2.6145444 2.6425810 0.0000000 1.0827631 2.6687308 2.1949213 0.9469789 2.6633967 2.6184143 0.8859050 0.9011302 0.9769036 1.1064360 1.0089074 2.5730480 0.9253581 2.7570518 2.6621733 2.4752218 2.6185635 1.0725840 2.5012075 2.7545295 3.0308422 
n236_237   0.5424751 0.5808079 2.6140594 2.6405968 1.0827631 0.0000000 2.5091910 2.8187726 0.6325981 2.2857219 3.0531955 0.5508839 0.6668963 0.5899288 0.6967275 0.6241100 2.6113289 0.6394846 2.3882709 2.9442016 2.7781118 3.0465098 0.7037885 3.1337119 2.6057092 3.3674045 
n292_295   2.8586374 2.7946720 0.0667160 0.4700813 2.6687308 2.5091910 0.0000000 0.1633681 2.8670902 2.2029257 0.1813795 2.8849732 2.9608176 2.8976918 2.3619101 2.6759704 1.9765166 2.7810428 2.0507842 0.4778391 2.7887780 2.8814890 2.3023801 2.1072068 0.0630990 0.1296075 
n274_285   3.0537538 3.1486660 0.1418289 0.4366475 2.1949213 2.8187726 0.1633681 0.0000000 3.1258719 2.1427371 0.0781850 2.9740310 2.7956693 2.9749418 2.4500298 2.6599263 1.7935398 2.7898831 2.0006435 0.4305531 2.7327920 2.8377352 2.3283625 1.9722676 0.1378330 0.1336741 
n289_292   0.1555057 0.0821723 3.1650472 2.5066985 0.9469789 0.6325981 2.8670902 3.1258719 0.0000000 2.5331352 4.1055773 0.1511020 0.3210786 0.0745574 0.3562252 0.3208227 2.2663504 0.3045368 3.1666312 3.1730762 2.7895821 2.6081388 0.3496877 3.1150760 3.1697799 3.5973880 
n285_288   2.9119726 2.1831114 2.1935409 1.8963954 2.6633967 2.2857219 2.2029257 2.1427371 2.5331352 0.0000000 2.2541840 2.5073559 2.6177160 2.4707915 3.7751668 2.7638613 0.8681030 2.7117472 0.0670462 1.7451401 4.2826979 4.2389096 3.4567734 0.9202884 2.3093780 2.1507733 
n274_284   3.3998528 3.7189002 0.1591665 0.4633041 2.6184143 3.0531955 0.1813795 0.0781850 4.1055773 2.2541840 0.0000000 3.2986496 2.8849584 3.3063108 2.6029112 2.8455452 1.8777148 2.7777599 2.1396577 0.4495032 2.6642057 3.4526282 2.4647309 2.0740352 0.1550703 0.1420387 
n296_299   0.0414404 0.1639286 3.1889583 2.5379501 0.8859050 0.5508839 2.8849732 2.9740310 0.1511020 2.5073559 3.2986496 0.0000000 0.2674174 0.1381799 0.3159358 0.2669317 2.7363468 0.2622827 2.9275412 3.1948175 3.6119141 3.6935288 0.3098487 3.0523562 3.1937065 3.9766676 
n294_297   0.2729045 0.3269196 3.0745347 2.9202276 0.9011302 0.6668963 2.9608176 2.7956693 0.3210786 2.6177160 2.8849584 0.2674174 0.0000000 0.2880902 0.1815717 0.1379272 2.5148170 0.0308021 2.7021959 2.7969192 2.6295918 2.7412050 0.1814515 2.7698129 2.9706101 3.8476599 
n287_290   0.1466845 0.0783529 2.9743039 2.4585700 0.9769036 0.5899288 2.8976918 2.9749418 0.0745574 2.4707915 3.3063108 0.1381799 0.2880902 0.0000000 0.3216147 0.2829231 2.2905084 0.2673519 2.9500573 3.3098676 2.7191193 2.8544280 0.3154639 2.9675227 2.9788626 3.6606645 
n297_300   0.3219131 0.3684069 2.4776160 3.2716507 1.1064360 0.6967275 2.3619101 2.4500298 0.3562252 3.7751668 2.6029112 0.3159358 0.1815717 0.3216147 0.0000000 0.1299901 3.1211285 0.1683045 4.1634752 3.3671768 2.9715726 3.4118996 0.0238553 3.7697359 2.4146302 2.8811451 
n275_276   0.2774667 0.3099973 2.7640946 2.9030604 1.0089074 0.6241100 2.6759704 2.6599263 0.3208227 2.7638613 2.8455452 0.2669317 0.1379272 0.2829231 0.1299901 0.0000000 2.4528451 0.1255538 2.9668605 3.2068069 3.1122218 3.0132690 0.1340312 2.7916739 2.6836328 3.1998288 
n266_267   2.7084746 2.2625048 2.0284185 2.2852625 2.5730480 2.6113289 1.9765166 1.7935398 2.2663504 0.8681030 1.8777148 2.7363468 2.5148170 2.2905084 3.1211285 2.4528451 0.0000000 2.3910025 0.8973746 1.9715147 2.5805886 2.5089799 2.7306302 0.1379011 2.0032344 2.0343611 
n293_296   0.2573416 0.3049089 2.8782320 2.8397454 0.9253581 0.6394846 2.7810428 2.7898831 0.3045368 2.7117472 2.7777599 0.2622827 0.0308021 0.2673519 0.1683045 0.1255538 2.3910025 0.0000000 2.8039492 2.7294491 2.7824533 2.5936867 0.1681950 2.6294023 2.7894518 3.5098387 
n286_289   3.5387796 2.6203364 2.1326327 1.9287735 2.7570518 2.3882709 2.0507842 2.0006435 3.1666312 0.0670462 2.1396577 2.9275412 2.7021959 2.9500573 4.1634752 2.9668605 0.8973746 2.8039492 0.0000000 1.7779629 3.7627285 3.6761728 3.7582829 0.9236763 2.2417660 2.0925811 
n278_279   2.9367152 3.1954076 0.4360006 0.1384933 2.6621733 2.9442016 0.4778391 0.4305531 3.1730762 1.7451401 0.4495032 3.1948175 2.7969192 3.3098676 3.3671768 3.2068069 1.9715147 2.7294491 1.7779629 0.0000000 2.9212613 2.6600687 2.9727404 2.1070087 0.4367037 0.4431602 
n255_256   3.4750100 2.4285746 2.5172595 3.0426491 2.4752218 2.7781118 2.7887780 2.7327920 2.7895821 4.2826979 2.6642057 3.6119141 2.6295918 2.7191193 2.9715726 3.1122218 2.5805886 2.7824533 3.7627285 2.9212613 0.0000000 0.3678830 2.9637855 2.8042498 2.6537143 2.7080705 
n251_252   3.4109795 2.5576466 2.7307811 2.7621869 2.6185635 3.0465098 2.8814890 2.8377352 2.6081388 4.2389096 3.4526282 3.6935288 2.7412050 2.8544280 3.4118996 3.0132690 2.5089799 2.5936867 3.6761728 2.6600687 0.3678830 0.0000000 3.3803501 2.3776612 2.9068043 2.7171215 
n298_301   0.3157546 0.3676096 2.4766555 2.9066787 1.0725840 0.7037885 2.3023801 2.3283625 0.3496877 3.4567734 2.4647309 0.3098487 0.1814515 0.3154639 0.0238553 0.1340312 2.7306302 0.1681950 3.7582829 2.9727404 2.9637855 3.3803501 0.0000000 3.0699090 2.3525396 2.6198390 
n265_266   3.1560893 3.2243072 2.1238402 2.2955006 2.5012075 3.1337119 2.1072068 1.9722676 3.1150760 0.9202884 2.0740352 3.0523562 2.7698129 2.9675227 3.7697359 2.7916739 0.1379011 2.6294023 0.9236763 2.1070087 2.8042498 2.3776612 3.0699090 0.0000000 2.0903584 2.2623524 
n300_303   3.1591785 3.0634559 0.0237534 0.4357854 2.7545295 2.6057092 0.0630990 0.1378330 3.1697799 2.3093780 0.1550703 3.1937065 2.9706101 2.9788626 2.4146302 2.6836328 2.0032344 2.7894518 2.2417660 0.4367037 2.6537143 2.9068043 2.3525396 2.0903584 0.0000000 0.1014229 
n280_281   3.7464185 3.7638454 0.1052338 0.4493823 3.0308422 3.3674045 0.1296075 0.1336741 3.5973880 2.1507733 0.1420387 3.9766676 3.8476599 3.6606645 2.8811451 3.1998288 2.0343611 3.5098387 2.0925811 0.4431602 2.7080705 2.7171215 2.6198390 2.2623524 0.1014229 0.0000000 
