26
n299_300   0.0000000 0.0203347 2.2642535 2.1349492 2.9956328 0.4819811 1.8984613 2.1458825 0.1538771 2.8547849 2.5255845 2.4211795 0.0413260 0.4733566 2.1735274 2.1254342 2.1658833 1.8362163 2.1233037 2.6153087 2.0759702 2.1921143 1.8094512 1.7693258 0.1167662 2.0924493 
n300_301   0.0203347 0.0000000 2.3257112 2.2210446 2.8956397 0.5172624 1.9134762 2.1558673 0.1579515 2.8369938 2.5914625 2.4737725 0.0484113 0.5081003 2.1581911 2.1110597 2.1911132 1.8275573 2.1307495 2.5405453 2.1135840 2.2400041 1.8137055 1.7601779 0.1246263 2.1309171 
n290_291   2.2642535 2.3257112 0.0000000 3.0285638 9.0000000 1.8855814 1.0441189 0.6945966 2.2264721 0.0485023 0.1756866 0.3231499 2.1779792 1.9782613 0.2869719 0.3092869 2.4285446 2.4343169 0.0629843 9.0000000 0.3655614 0.1458044 2.2493003 2.1816207 2.2961903 0.3430979 
n244_245   2.1349492 2.2210446 3.0285638 0.0000000 2.1912399 1.8314110 1.9628050 2.6569861 2.5362794 3.0661227 2.3675328 2.3542073 2.1972629 1.6423769 2.2058165 2.4198303 3.0547370 2.6167118 2.9688341 2.4135480 2.2208312 2.4433405 2.2645399 2.3889348 2.0530192 2.1313337 
n255_256   2.9956328 2.8956397 9.0000000 2.1912399 0.0000000 2.9196750 2.3894180 2.7510656 2.7544185 9.0000000 5.8021778 5.1756230 3.0988963 2.7825949 7.3782515 8.3160693 2.9491391 2.5250782 9.0000000 0.3184953 6.2566669 4.5574910 4.1784606 4.0212621 3.2201518 9.0000000 
n277_278   0.4819811 0.5172624 1.8855814 1.8314110 2.9196750 0.0000000 2.0061411 2.1469381 0.4730247 2.0905684 1.7975995 1.7095088 0.4891874 0.1176911 1.5959528 1.6654044 2.0790668 1.9359024 1.8231766 2.8299371 1.6278839 1.6631649 1.8532101 1.9739738 0.4394208 1.6342332 
n200_201   1.8984613 1.9134762 1.0441189 1.9628050 2.3894180 2.0061411 0.0000000 1.1445483 1.8991810 1.0705061 1.0225372 1.0744218 1.7914107 1.9854761 1.0535580 1.1658408 3.2517520 2.7333540 1.1452685 3.4035775 1.0741563 0.9747916 2.6059346 2.6428786 1.7422824 1.0877770 
n236_237   2.1458825 2.1558673 0.6945966 2.6569861 2.7510656 2.1469381 1.1445483 0.0000000 2.1969491 0.7094556 0.6830382 0.6004816 2.1396861 2.0403391 0.6499230 0.6695894 3.2375016 2.7951577 0.6773766 2.8929506 0.6069849 0.6496258 2.3785748 2.4303547 2.4235208 0.6078161 
n274_275   0.1538771 0.1579515 2.2264721 2.5362794 2.7544185 0.4730247 1.8991810 2.1969491 0.0000000 2.6793123 2.7136643 2.4365357 0.1575168 0.4716793 2.2958439 2.2030692 2.3835226 1.9960195 1.9925845 2.4135896 2.1774706 2.4277693 1.9441610 1.8810507 0.1448752 2.2545965 
n289_290   2.8547849 2.8369938 0.0485023 3.0661227 9.0000000 2.0905684 1.0705061 0.7094556 2.6793123 0.0000000 0.2118283 0.3797733 2.7154548 2.1608915 0.3351999 0.3592820 2.3130245 2.3212002 0.0929827 8.1111741 0.4076428 0.1890150 2.3643033 2.2907910 2.7282347 0.3838720 
n296_297   2.5255845 2.5914625 0.1756866 2.3675328 5.8021778 1.7975995 1.0225372 0.6830382 2.7136643 0.2118283 0.0000000 0.3282026 2.6427397 1.8698087 0.2861091 0.3031395 2.7798241 2.6693382 0.1931693 9.0000000 0.3648438 0.0520594 1.9080391 1.9409607 2.7807390 0.3424425 
n275_276   2.4211795 2.4737725 0.3231499 2.3542073 5.1756230 1.7095088 1.0744218 0.6004816 2.4365357 0.3797733 0.3282026 0.0000000 2.7518932 1.7708348 0.1296167 0.1422293 3.2263153 3.0558345 0.3567058 4.9883992 0.1257665 0.2905295 2.1512620 2.2341071 2.7459005 0.1138955 
n292_293   0.0413260 0.0484113 2.1779792 2.1972629 3.0988963 0.4891874 1.7914107 2.1396861 0.1575168 2.7154548 2.6427397 2.7518932 0.0000000 0.4873750 2.3004453 2.2406307 2.2612864 1.9047120 2.0603551 2.6977557 2.2469220 2.2731113 1.8195819 1.7979279 0.1124262 2.3750137 
n278_279   0.4733566 0.5081003 1.9782613 1.6423769 2.7825949 0.1176911 1.9854761 2.0403391 0.4716793 2.1608915 1.8698087 1.7708348 0.4873750 0.0000000 1.6581260 1.6436339 2.1127931 2.1125680 1.8971101 2.6609835 1.6767725 1.7777059 1.7145012 1.8117302 0.4519975 1.6530652 
n298_299   2.1735274 2.1581911 0.2869719 2.2058165 7.3782515 1.5959528 1.0535580 0.6499230 2.2958439 0.3351999 0.2861091 0.1296167 2.3004453 1.6581260 0.0000000 0.0450564 2.7908576 2.7061448 0.3019777 8.6180876 0.1257007 0.2553999 1.9319199 1.9894615 2.2351196 0.1217497 
n297_298   2.1254342 2.1110597 0.3092869 2.4198303 8.3160693 1.6654044 1.1658408 0.6695894 2.2030692 0.3592820 0.3031395 0.1422293 2.2406307 1.6436339 0.0450564 0.0000000 2.8226587 2.6641212 0.3247949 9.0000000 0.1465559 0.2715605 2.1198672 2.2188001 2.4593128 0.1424925 
n286_287   2.1658833 2.1911132 2.4285446 3.0547370 2.9491391 2.0790668 3.2517520 3.2375016 2.3835226 2.3130245 2.7798241 3.2263153 2.2612864 2.1127931 2.7908576 2.8226587 0.0000000 0.0851671 2.5738821 2.2173351 2.8389949 2.7141308 1.2079114 1.3543761 2.2982658 3.2043928 
n285_286   1.8362163 1.8275573 2.4343169 2.6167118 2.5250782 1.9359024 2.7333540 2.7951577 1.9960195 2.3212002 2.6693382 3.0558345 1.9047120 2.1125680 2.7061448 2.6641212 0.0851671 0.0000000 2.5902968 2.1568914 2.5264107 2.4623349 1.2210320 1.3167267 1.8928827 2.9726334 
n287_288   2.1233037 2.1307495 0.0629843 2.9688341 9.0000000 1.8231766 1.1452685 0.6773766 1.9925845 0.0929827 0.1931693 0.3567058 2.0603551 1.8971101 0.3019777 0.3247949 2.5738821 2.5902968 0.0000000 7.5574869 0.3894025 0.1667518 2.0516527 1.9578084 2.1340645 0.3661870 
n251_252   2.6153087 2.5405453 9.0000000 2.4135480 0.3184953 2.8299371 3.4035775 2.8929506 2.4135896 8.1111741 9.0000000 4.9883992 2.6977557 2.6609835 8.6180876 9.0000000 2.2173351 2.1568914 7.5574869 0.0000000 6.6467725 6.8000359 3.0739647 2.9083694 2.8794296 6.6433278 
n294_295   2.0759702 2.1135840 0.3655614 2.2208312 6.2566669 1.6278839 1.0741563 0.6069849 2.1774706 0.4076428 0.3648438 0.1257665 2.2469220 1.6767725 0.1257007 0.1465559 2.8389949 2.5264107 0.3894025 6.6467725 0.0000000 0.3139983 1.7335079 1.8434936 2.2403724 0.0451080 
n295_296   2.1921143 2.2400041 0.1458044 2.4433405 4.5574910 1.6631649 0.9747916 0.6496258 2.4277693 0.1890150 0.0520594 0.2905295 2.2731113 1.7777059 0.2553999 0.2715605 2.7141308 2.4623349 0.1667518 6.8000359 0.3139983 0.0000000 1.7654736 1.7547344 2.4753359 0.2984342 
n266_267   1.8094512 1.8137055 2.2493003 2.2645399 4.1784606 1.8532101 2.6059346 2.3785748 1.9441610 2.3643033 1.9080391 2.1512620 1.8195819 1.7145012 1.9319199 2.1198672 1.2079114 1.2210320 2.0516527 3.0739647 1.7335079 1.7654736 0.0000000 0.1938368 1.8531895 1.7913184 
n265_266   1.7693258 1.7601779 2.1816207 2.3889348 4.0212621 1.9739738 2.6428786 2.4303547 1.8810507 2.2907910 1.9409607 2.2341071 1.7979279 1.8117302 1.9894615 2.2188001 1.3543761 1.3167267 1.9578084 2.9083694 1.8434936 1.7547344 0.1938368 0.0000000 1.8709281 1.9964418 
n280_281   0.1167662 0.1246263 2.2961903 2.0530192 3.2201518 0.4394208 1.7422824 2.4235208 0.1448752 2.7282347 2.7807390 2.7459005 0.1124262 0.4519975 2.2351196 2.4593128 2.2982658 1.8928827 2.1340645 2.8794296 2.2403724 2.4753359 1.8531895 1.8709281 0.0000000 2.2613811 
n293_294   2.0924493 2.1309171 0.3430979 2.1313337 9.0000000 1.6342332 1.0877770 0.6078161 2.2545965 0.3838720 0.3424425 0.1138955 2.3750137 1.6530652 0.1217497 0.1424925 3.2043928 2.9726334 0.3661870 6.6433278 0.0451080 0.2984342 1.7913184 1.9964418 2.2613811 0.0000000 
