24
n287_288   0.0000000 0.0033408 0.0855021 0.2976947 0.2771847 0.2870047 0.3083750 0.2976422 0.0377800 0.3081060 0.0237467 0.0413442 0.0377962 0.0377929 0.0100660 0.2876081 0.4136619 0.0168737 0.2817625 0.3526771 0.0449349 0.1296385 0.3083026 0.3818444 
n290_291   0.0033408 0.0000000 0.0893502 0.2923568 0.2720063 0.2817564 0.3029514 0.2923060 0.0413410 0.3026883 0.0272202 0.0449265 0.0413578 0.0413541 0.0134609 0.2823465 0.4073131 0.0203086 0.2765574 0.3530635 0.0485401 0.1255286 0.3028802 0.3757984 
n236_237   0.0855021 0.0893502 0.0000000 0.2826423 0.2668905 0.2663331 0.2820895 0.2717622 0.0741085 0.2818481 0.0970110 0.0778900 0.0704185 0.0741327 0.0969426 0.2719775 0.4193079 0.0893184 0.2712640 0.3834993 0.0817058 0.1174087 0.2930375 0.3871354 
n278_279   0.2976947 0.2923568 0.2826423 0.0000000 0.2618799 0.2464899 0.0449867 0.0377898 0.3025462 0.0449547 0.3191123 0.3080430 0.3027026 0.3026675 0.3133918 0.2669281 0.3476458 0.3083787 0.2464144 0.3707724 0.3136334 0.2562528 0.0134908 0.3356291 
n285_286   0.2771847 0.2720063 0.2668905 0.2618799 0.0000000 0.1129591 0.2568507 0.2417548 0.2816740 0.2518554 0.2977271 0.2869952 0.2818169 0.2872802 0.2924391 0.0100784 0.3746317 0.2873144 0.1089802 0.3368758 0.2979977 0.2475171 0.2719484 0.3677743 
n265_266   0.2870047 0.2817564 0.2663331 0.2464899 0.1129591 0.0000000 0.2415845 0.2268609 0.2969356 0.2367098 0.3130755 0.3023782 0.2970882 0.2919456 0.2973030 0.1130327 0.3571801 0.3024518 0.0134785 0.3639217 0.3027223 0.2568779 0.2563180 0.3506403 
n280_281   0.3083750 0.3029514 0.2820895 0.0449867 0.2568507 0.2415845 0.0000000 0.0100939 0.3132893 0.0134906 0.3189458 0.3188775 0.3134528 0.3134160 0.3243094 0.2618605 0.3528642 0.3082213 0.2415112 0.3711900 0.3245628 0.2610198 0.0521934 0.3407654 
n299_300   0.2976422 0.2923060 0.2717622 0.0377898 0.2417548 0.2268609 0.0100939 0.0000000 0.3024921 0.0100870 0.3080550 0.3079870 0.3026485 0.3026134 0.3133340 0.2466490 0.3470427 0.2974960 0.2267941 0.3714785 0.3135755 0.2510355 0.0449042 0.3350537 
n293_294   0.0377800 0.0413410 0.0741085 0.3025462 0.2816740 0.2969356 0.3132893 0.3024921 0.0000000 0.3130154 0.0557333 0.0033408 0.0066992 0.0134792 0.0413264 0.2868655 0.4072457 0.0485035 0.2916214 0.3701408 0.0203377 0.1293783 0.3132161 0.3757346 
n274_275   0.3081060 0.3026883 0.2818481 0.0449547 0.2518554 0.2367098 0.0134906 0.0100870 0.3130154 0.0000000 0.3186657 0.3185975 0.3131786 0.3131419 0.3240234 0.2568277 0.3525465 0.3079526 0.2366386 0.3708407 0.3242764 0.2608005 0.0521561 0.3404617 
n296_297   0.0237467 0.0272202 0.0970110 0.3191123 0.2977271 0.3130755 0.3189458 0.3080550 0.0557333 0.3186657 0.0000000 0.0594054 0.0557563 0.0557513 0.0341700 0.3084664 0.4267136 0.0066991 0.3076270 0.3589341 0.0631082 0.1461124 0.3246523 0.3942732 
n294_295   0.0413442 0.0449265 0.0778900 0.3080430 0.2869952 0.3023782 0.3188775 0.3079870 0.0033408 0.3185975 0.0594054 0.0000000 0.0100791 0.0169001 0.0449107 0.2865303 0.4067302 0.0521324 0.2970172 0.3762512 0.0237999 0.1335369 0.3188032 0.3752696 
n275_276   0.0377962 0.0413578 0.0704185 0.3027026 0.2818169 0.2970882 0.3134528 0.3026485 0.0066992 0.3131786 0.0557563 0.0100791 0.0000000 0.0134845 0.0413432 0.2870117 0.4074784 0.0485233 0.2917705 0.3703449 0.0203457 0.1294353 0.3133796 0.3759426 
n297_298   0.0377929 0.0413541 0.0741327 0.3026675 0.2872802 0.2919456 0.3134160 0.3026134 0.0134792 0.3131419 0.0557513 0.0169001 0.0134845 0.0000000 0.0413395 0.2925204 0.4006803 0.0485190 0.2866684 0.3702981 0.0067012 0.1294229 0.3133427 0.3758948 
n289_290   0.0100660 0.0134609 0.0969426 0.3133918 0.2924391 0.2973030 0.3243094 0.3133340 0.0413264 0.3240234 0.0341700 0.0449107 0.0413432 0.0413395 0.0000000 0.3030937 0.4199431 0.0271923 0.2919807 0.3696518 0.0485229 0.1419139 0.3242340 0.3878309 
n286_287   0.2876081 0.2823465 0.2719775 0.2669281 0.0100784 0.1130327 0.2618605 0.2466490 0.2868655 0.2568277 0.3084664 0.2865303 0.2870117 0.2925204 0.3030937 0.0000000 0.3683979 0.2978914 0.1090510 0.3482848 0.3033246 0.2524663 0.2770711 0.3616178 
n255_256   0.4136619 0.4073131 0.4193079 0.3476458 0.3746317 0.3571801 0.3528642 0.3470427 0.4072457 0.3525465 0.4267136 0.4067302 0.4074784 0.4006803 0.4199431 0.3683979 0.0000000 0.4201878 0.3570462 0.3083038 0.4134257 0.4020195 0.3528946 0.0414491 
n295_296   0.0168737 0.0203086 0.0893184 0.3083787 0.2873144 0.3024518 0.3082213 0.2974960 0.0485035 0.3079526 0.0066991 0.0521324 0.0485233 0.0485190 0.0271923 0.2978914 0.4201878 0.0000000 0.2970891 0.3531455 0.0557907 0.1377933 0.3191521 0.3880599 
n266_267   0.2817625 0.2765574 0.2712640 0.2464144 0.1089802 0.0134785 0.2415112 0.2267941 0.2916214 0.2366386 0.3076270 0.2970172 0.2917705 0.2866684 0.2919807 0.1090510 0.3570462 0.2970891 0.0000000 0.3582555 0.2973538 0.2518694 0.2562380 0.3505106 
n244_245   0.3526771 0.3530635 0.3834993 0.3707724 0.3368758 0.3639217 0.3711900 0.3714785 0.3701408 0.3708407 0.3589341 0.3762512 0.3703449 0.3702981 0.3696518 0.3482848 0.3083038 0.3531455 0.3582555 0.0000000 0.3824782 0.3727010 0.3647500 0.2968847 
n298_299   0.0449349 0.0485401 0.0817058 0.3136334 0.2979977 0.3027223 0.3245628 0.3135755 0.0203377 0.3242764 0.0631082 0.0237999 0.0203457 0.0067012 0.0485229 0.3033246 0.4134257 0.0557907 0.2973538 0.3824782 0.0000000 0.1377417 0.3244874 0.3881586 
n200_201   0.1296385 0.1255286 0.1174087 0.2562528 0.2475171 0.2568779 0.2610198 0.2510355 0.1293783 0.2608005 0.1461124 0.1335369 0.1294353 0.1294229 0.1419139 0.2524663 0.4020195 0.1377933 0.2518694 0.3727010 0.1377417 0.0000000 0.2662204 0.3706026 
n277_278   0.3083026 0.3028802 0.2930375 0.0134908 0.2719484 0.2563180 0.0521934 0.0449042 0.3132161 0.0521561 0.3246523 0.3188032 0.3133796 0.3133427 0.3242340 0.2770711 0.3528946 0.3191521 0.2562380 0.3647500 0.3244874 0.2662204 0.0000000 0.3407913 
n251_252   0.3818444 0.3757984 0.3871354 0.3356291 0.3677743 0.3506403 0.3407654 0.3350537 0.3757346 0.3404617 0.3942732 0.3752696 0.3759426 0.3758948 0.3878309 0.3616178 0.0414491 0.3880599 0.3505106 0.2968847 0.3881586 0.3706026 0.3407913 0.0000000 
