24
n287_288   0.0000000 0.0849643 0.2973813 0.2680481 0.2727397 0.3068866 0.3070400 0.0592420 0.3019378 0.3072558 0.0100896 0.0555742 0.0483725 0.0555863 0.0067103 0.2683044 0.4663487 0.0134841 0.2827635 0.4469089 0.0519713 0.1638193 0.2921783 0.4298820 
n236_237   0.0849643 0.0000000 0.2825355 0.2780030 0.2635371 0.3023245 0.3024754 0.1041219 0.2973952 0.3074369 0.0887053 0.1001859 0.0925180 0.0963880 0.0924889 0.2782713 0.4870413 0.0924880 0.2831100 0.4412984 0.0963557 0.1515544 0.2774391 0.4432038 
n278_279   0.2973813 0.2825355 0.0000000 0.2979427 0.2589028 0.0447086 0.0376815 0.3074920 0.0341684 0.0411958 0.3024392 0.3021067 0.3021265 0.3023447 0.3073867 0.2982352 0.4734501 0.3075117 0.2783569 0.4427808 0.3073573 0.2627850 0.0168412 0.4311283 
n285_286   0.2680481 0.2780030 0.2979427 0.0000000 0.1192422 0.3021428 0.3022935 0.2932257 0.2972173 0.3072510 0.2727969 0.2879423 0.2827447 0.2829432 0.2776769 0.0066937 0.4738236 0.2776704 0.1351534 0.4285413 0.2878363 0.2725520 0.3026245 0.4241942 
n265_266   0.2727397 0.2635371 0.2589028 0.1192422 0.0000000 0.2629831 0.2631105 0.2932731 0.2582958 0.2678270 0.2775132 0.2879908 0.2827941 0.2829925 0.2824206 0.1193432 0.4371442 0.2824139 0.0271317 0.3987913 0.2878847 0.2439592 0.2633775 0.4079179 
n280_281   0.3068866 0.3023245 0.0447086 0.3021428 0.2629831 0.0000000 0.0100673 0.3176265 0.0100565 0.0168379 0.3020095 0.3121609 0.3121804 0.3124094 0.3169993 0.3024397 0.4923791 0.3070717 0.2824985 0.4551651 0.3174869 0.2819158 0.0482112 0.4486194 
n299_300   0.3070400 0.3024754 0.0376815 0.3022935 0.2631105 0.0100673 0.0000000 0.3177868 0.0033396 0.0100644 0.3073887 0.3123177 0.3123372 0.3125664 0.3171589 0.3025907 0.4731151 0.3124924 0.2826375 0.4487761 0.3176471 0.2820542 0.0411608 0.4304190 
n293_294   0.0592420 0.1041219 0.3074920 0.2932257 0.2932731 0.3176265 0.3177868 0.0000000 0.3126010 0.3180118 0.0628656 0.0033461 0.0168973 0.0237812 0.0665230 0.2935127 0.5003335 0.0665224 0.3136887 0.4862116 0.0203305 0.1810307 0.3022113 0.4620990 
n274_275   0.3019378 0.2973952 0.0341684 0.2972173 0.2582958 0.0100565 0.0033396 0.3126010 0.0000000 0.0066930 0.3070192 0.3071745 0.3071942 0.3074178 0.3119885 0.2975083 0.4793399 0.3121156 0.2776917 0.4548174 0.3124639 0.2771200 0.0376340 0.4363083 
n292_293   0.3072558 0.3074369 0.0411958 0.3072510 0.2678270 0.0168379 0.0100644 0.3180118 0.0066930 0.0000000 0.3123764 0.3125380 0.3125575 0.3127871 0.3173829 0.3075544 0.4920968 0.3175126 0.2874748 0.4672025 0.3178719 0.2868804 0.0446873 0.4483828 
n296_297   0.0100896 0.0887053 0.3024392 0.2727969 0.2775132 0.3020095 0.3073887 0.0628656 0.3070192 0.3123764 0.0000000 0.0591776 0.0519409 0.0591904 0.0168906 0.2730586 0.4667065 0.0033481 0.2876022 0.4412090 0.0555576 0.1679542 0.2971986 0.4302053 
n294_295   0.0555742 0.1001859 0.3021067 0.2879423 0.2879908 0.3121609 0.3123177 0.0033461 0.3071745 0.3125380 0.0591776 0.0000000 0.0134755 0.0203195 0.0628135 0.2882227 0.4931275 0.0628129 0.3082388 0.4791620 0.0168888 0.1766013 0.2968712 0.4552864 
n275_276   0.0483725 0.0925180 0.3021265 0.2827447 0.2827941 0.3121804 0.3123372 0.0168973 0.3071942 0.3125575 0.0519409 0.0134755 0.0000000 0.0134784 0.0555393 0.2830185 0.4995302 0.0555388 0.3028787 0.4722311 0.0100826 0.1722325 0.2968911 0.4613883 
n297_298   0.0555863 0.0963880 0.3023447 0.2829432 0.2829925 0.3124094 0.3125664 0.0237812 0.3074178 0.3127871 0.0591904 0.0203195 0.0134784 0.0000000 0.0628271 0.2832174 0.5000254 0.0628265 0.3030981 0.4726784 0.0033455 0.1766696 0.2971037 0.4618187 
n289_290   0.0067103 0.0924889 0.3073867 0.2776769 0.2824206 0.3169993 0.3171589 0.0665230 0.3119885 0.3173829 0.0168906 0.0628135 0.0555393 0.0628271 0.0000000 0.2779444 0.4660882 0.0203163 0.2925815 0.4526717 0.0591753 0.1681166 0.3021105 0.4296552 
n286_287   0.2683044 0.2782713 0.2982352 0.0066937 0.1193432 0.3024397 0.3025907 0.2935127 0.2975083 0.3075544 0.2730586 0.2882227 0.2830185 0.2832174 0.2779444 0.0000000 0.4743661 0.2779379 0.1352685 0.4290116 0.2881164 0.2728133 0.3029226 0.4246588 
n255_256   0.4663487 0.4870413 0.4734501 0.4738236 0.4371442 0.4923791 0.4731151 0.5003335 0.4793399 0.4920968 0.4667065 0.4931275 0.4995302 0.5000254 0.4660882 0.4743661 0.0000000 0.4730513 0.4683419 0.3773628 0.5065676 0.4607400 0.4793888 0.0699037 
n295_296   0.0134841 0.0924880 0.3075117 0.2776704 0.2824139 0.3070717 0.3124924 0.0665224 0.3121156 0.3175126 0.0033481 0.0628129 0.0555388 0.0628265 0.0203163 0.2779379 0.4730513 0.0000000 0.2925742 0.4473358 0.0591748 0.1721612 0.3022330 0.4362478 
n266_267   0.2827635 0.2831100 0.2783569 0.1351534 0.0271317 0.2824985 0.2826375 0.3136887 0.2776917 0.2874748 0.2876022 0.3082388 0.3028787 0.3030981 0.2925815 0.1352685 0.4683419 0.2925742 0.0000000 0.4163124 0.3081246 0.2629627 0.2829354 0.4379060 
n244_245   0.4469089 0.4412984 0.4427808 0.4285413 0.3987913 0.4551651 0.4487761 0.4862116 0.4548174 0.4672025 0.4412090 0.4791620 0.4722311 0.4726784 0.4526717 0.4290116 0.3773628 0.4473358 0.4163124 0.0000000 0.4789751 0.3871142 0.4548466 0.3604148 
n298_299   0.0519713 0.0963557 0.3073573 0.2878363 0.2878847 0.3174869 0.3176471 0.0203305 0.3124639 0.3178719 0.0555576 0.0168888 0.0100826 0.0033455 0.0591753 0.2881164 0.5065676 0.0591748 0.3081246 0.4789751 0.0000000 0.1765386 0.3020793 0.4680387 
n200_201   0.1638193 0.1515544 0.2627850 0.2725520 0.2439592 0.2819158 0.2820542 0.1810307 0.2771200 0.2868804 0.1679542 0.1766013 0.1722325 0.1766696 0.1681166 0.2728133 0.4607400 0.1721612 0.2629627 0.3871142 0.1765386 0.0000000 0.2672677 0.4303205 
n277_278   0.2921783 0.2774391 0.0168412 0.3026245 0.2633775 0.0482112 0.0411608 0.3022113 0.0376340 0.0446873 0.2971986 0.2968712 0.2968911 0.2971037 0.3021105 0.3029226 0.4793888 0.3022330 0.2829354 0.4548466 0.3020793 0.2672677 0.0000000 0.4367711 
n251_252   0.4298820 0.4432038 0.4311283 0.4241942 0.4079179 0.4486194 0.4304190 0.4620990 0.4363083 0.4483828 0.4302053 0.4552864 0.4613883 0.4618187 0.4296552 0.4246588 0.0699037 0.4362478 0.4379060 0.3604148 0.4680387 0.4303205 0.4367711 0.0000000 
