23
n287_288   0.0000000 0.0066929 0.1039087 0.2944747 0.2941877 0.3246474 0.3039615 0.3093042 0.0554200 0.3250131 0.3040108 0.0100648 0.0518060 0.0590284 0.0100656 0.4054023 0.3409750 0.4281973 0.0590207 0.3043768 0.1482118 0.2997065 0.4115126 
n290_291   0.0066929 0.0000000 0.1038821 0.2894934 0.2892113 0.3247204 0.2989284 0.3042335 0.0554062 0.3198336 0.2989773 0.0100623 0.0517931 0.0590137 0.0033385 0.3996113 0.3410525 0.4222459 0.0590060 0.2993363 0.1481728 0.2946886 0.4056737 
n236_237   0.1039087 0.1038821 0.0000000 0.3044486 0.2886820 0.3239894 0.2935536 0.3088472 0.0885839 0.3245280 0.3035632 0.0962832 0.0923642 0.1000278 0.1077757 0.3816666 0.3402723 0.4400876 0.1000134 0.3039282 0.1356892 0.3149197 0.3817193 
n278_279   0.2944747 0.2894934 0.3044486 0.0000000 0.2891043 0.3039556 0.1005878 0.1044143 0.2994077 0.1202256 0.0966966 0.2895462 0.2695648 0.2892906 0.2946051 0.4354035 0.3198053 0.4666995 0.2843632 0.1044242 0.2945790 0.0134878 0.4609200 
n285_286   0.2941877 0.2892113 0.2886820 0.2891043 0.0000000 0.1474574 0.2783149 0.2834368 0.2940558 0.3087828 0.2832942 0.2892640 0.2891827 0.2990939 0.2943180 0.4240184 0.1600239 0.4152544 0.2990253 0.2736307 0.2837200 0.2940536 0.4242315 
n265_266   0.3246474 0.3247204 0.3239894 0.3039556 0.1474574 0.0000000 0.2980213 0.3032889 0.3348093 0.3347984 0.3031345 0.3298766 0.3245234 0.3244848 0.3300829 0.4536741 0.0168307 0.4577877 0.3193274 0.2932245 0.3296031 0.3089971 0.4539058 
n280_281   0.3039615 0.2989284 0.2935536 0.1005878 0.2783149 0.2980213 0.0000000 0.0169096 0.2989047 0.0307634 0.0100967 0.2989831 0.2691339 0.2988861 0.3040968 0.4162471 0.3087110 0.4102544 0.2939038 0.0169110 0.2791415 0.1044860 0.4347295 
n299_300   0.3093042 0.3042335 0.3088472 0.1044143 0.2834368 0.3032889 0.0169096 0.0000000 0.3143250 0.0342533 0.0067154 0.3042893 0.2839350 0.3143052 0.3094424 0.4285902 0.3140674 0.4224944 0.3092192 0.0067188 0.2841563 0.1083327 0.4473983 
n293_294   0.0554200 0.0554062 0.0885839 0.2994077 0.2940558 0.3348093 0.2989047 0.3143250 0.0000000 0.3301414 0.3089949 0.0518413 0.0271425 0.0376216 0.0590312 0.3936121 0.3513575 0.4103388 0.0376170 0.3093680 0.1400350 0.3046755 0.4056279 
n274_275   0.3250131 0.3198336 0.3245280 0.1202256 0.3087828 0.3347984 0.0307634 0.0342533 0.3301414 0.0000000 0.0272677 0.3198927 0.2990893 0.3301203 0.3251601 0.4601027 0.3461008 0.4470717 0.3249231 0.0342563 0.2993225 0.1242394 0.4734676 
n292_293   0.3040108 0.2989773 0.3035632 0.0966966 0.2832942 0.3031345 0.0100967 0.0067154 0.3089949 0.0272677 0.0000000 0.2990319 0.2788312 0.3089755 0.3041461 0.4223002 0.3139064 0.4162579 0.3039275 0.0067160 0.2790485 0.1005710 0.4409389 
n296_297   0.0100648 0.0100623 0.0962832 0.2895462 0.2892640 0.3298766 0.2989831 0.3042893 0.0518413 0.3198927 0.2990319 0.0000000 0.0482458 0.0554328 0.0134517 0.3996888 0.3463237 0.4223285 0.0554257 0.2993911 0.1441509 0.2947425 0.4057526 
n275_276   0.0518060 0.0517931 0.0923642 0.2695648 0.2891827 0.3245234 0.2691339 0.2839350 0.0271425 0.2990893 0.2788312 0.0482458 0.0000000 0.0341044 0.0553975 0.3987844 0.3408436 0.4098988 0.0341002 0.2791620 0.1439967 0.2746101 0.4110960 
n297_298   0.0590284 0.0590137 0.1000278 0.2892906 0.2990939 0.3244848 0.2988861 0.3143052 0.0376216 0.3301203 0.3089755 0.0554328 0.0341044 0.0000000 0.0626578 0.4049675 0.3408025 0.4099755 0.0066924 0.3093486 0.1522815 0.2944814 0.4110695 
n289_290   0.0100656 0.0033385 0.1077757 0.2946051 0.2943180 0.3300829 0.3040968 0.3094424 0.0590312 0.3251601 0.3041461 0.0134517 0.0553975 0.0626578 0.0000000 0.4055980 0.3465427 0.4284069 0.0626496 0.3045125 0.1523395 0.2998398 0.4117122 
n255_256   0.4054023 0.3996113 0.3816666 0.4354035 0.4240184 0.4536741 0.4162471 0.4285902 0.3936121 0.4601027 0.4223002 0.3996888 0.3987844 0.4049675 0.4055980 0.0000000 0.4602618 0.3047509 0.3991912 0.4166090 0.3767096 0.4417965 0.0376704 
n266_267   0.3409750 0.3410525 0.3402723 0.3198053 0.1600239 0.0168307 0.3087110 0.3140674 0.3513575 0.3461008 0.3139064 0.3463237 0.3408436 0.3408025 0.3465427 0.4602618 0.0000000 0.4643819 0.3355273 0.3038442 0.3406505 0.3197044 0.4604979 
n244_245   0.4281973 0.4222459 0.4400876 0.4666995 0.4152544 0.4577877 0.4102544 0.4224944 0.4103388 0.4470717 0.4162579 0.4223285 0.4098988 0.4099755 0.4284069 0.3047509 0.4643819 0.0000000 0.4041720 0.4106109 0.3991456 0.4671173 0.3264592 
n298_299   0.0590207 0.0590060 0.1000134 0.2843632 0.2990253 0.3193274 0.2939038 0.3092192 0.0376170 0.3249231 0.3039275 0.0554257 0.0341002 0.0066924 0.0626496 0.3991912 0.3355273 0.4041720 0.0000000 0.3042934 0.1481898 0.2895177 0.4052444 
n300_301   0.3043768 0.2993363 0.3039282 0.1044242 0.2736307 0.2932245 0.0169110 0.0067188 0.3093680 0.0342563 0.0067160 0.2993911 0.2791620 0.3093486 0.3045125 0.4166090 0.3038442 0.4106109 0.3042934 0.0000000 0.2793798 0.1083431 0.4351080 
n200_201   0.1482118 0.1481728 0.1356892 0.2945790 0.2837200 0.3296031 0.2791415 0.2841563 0.1400350 0.2993225 0.2790485 0.1441509 0.1439967 0.1522815 0.1523395 0.3767096 0.3406505 0.3991456 0.1481898 0.2793798 0.0000000 0.3101360 0.3943469 
n277_278   0.2997065 0.2946886 0.3149197 0.0134878 0.2940536 0.3089971 0.1044860 0.1083327 0.3046755 0.1242394 0.1005710 0.2947425 0.2746101 0.2944814 0.2998398 0.4417965 0.3197044 0.4671173 0.2895177 0.1083431 0.3101360 0.0000000 0.4675504 
n251_252   0.4115126 0.4056737 0.3817193 0.4609200 0.4242315 0.4539058 0.4347295 0.4473983 0.4056279 0.4734676 0.4409389 0.4057526 0.4110960 0.4110695 0.4117122 0.0376704 0.4604979 0.3264592 0.4052444 0.4351080 0.3943469 0.4675504 0.0000000 
