23
n255_258   0.0000000 0.3800191 0.3744839 0.3981136 0.3590730 0.3727578 0.3962339 0.4313522 0.3669594 0.4027494 0.3738287 0.4157546 0.0274276 0.4104463 0.3765340 0.3794234 0.3795434 0.3984818 0.4350842 0.3176040 0.4225331 0.3712419 0.4094319 
n290_293   0.3800191 0.0000000 0.0067232 0.0488091 0.3019284 0.0415252 0.3071789 0.3316009 0.0451045 0.3084848 0.0135112 0.1016814 0.3690560 0.3214372 0.2129777 0.0169196 0.0380000 0.3104744 0.3190876 0.4146043 0.3248226 0.2862146 0.3026807 
n289_292   0.3744839 0.0067232 0.0000000 0.0416477 0.2917467 0.0344498 0.2969208 0.3209316 0.0379942 0.2981786 0.0067265 0.0939624 0.3635896 0.3109043 0.2131456 0.0101078 0.0309526 0.3000981 0.3086337 0.4088450 0.3142826 0.2762485 0.2924660 
n294_297   0.3981136 0.0488091 0.0416477 0.0000000 0.2962571 0.0273492 0.3065976 0.3319613 0.0308478 0.3078988 0.0415907 0.1097483 0.3807483 0.3327458 0.2321245 0.0451417 0.0169584 0.3215998 0.3194324 0.4075410 0.3241988 0.2806864 0.3021085 
n278_281   0.3590730 0.3019284 0.2917467 0.2962571 0.0000000 0.2647710 0.0774293 0.2924098 0.2697568 0.0737952 0.2912698 0.2917329 0.3659367 0.2923288 0.3126787 0.2859224 0.2804177 0.2921484 0.2807473 0.3338817 0.0888989 0.0201921 0.0776060 
n298_301   0.3727578 0.0415252 0.0344498 0.0273492 0.2647710 0.0000000 0.2801145 0.3090725 0.0033484 0.2812898 0.0344030 0.1016226 0.3560090 0.2992274 0.2126059 0.0379139 0.0169404 0.2990426 0.2970516 0.3949506 0.2969445 0.2499223 0.2757503 
n280_283   0.3962339 0.3071789 0.2969208 0.3065976 0.0774293 0.2801145 0.0000000 0.3199028 0.2852172 0.0134009 0.2964336 0.2969085 0.3910939 0.3094384 0.3235693 0.3014276 0.2961589 0.3092480 0.3076493 0.3812242 0.0271004 0.0663574 0.0168120 
n266_269   0.4313522 0.3316009 0.3209316 0.3319613 0.2924098 0.3090725 0.3199028 0.0000000 0.3088496 0.3154281 0.3203927 0.2922710 0.4134005 0.1338762 0.3312851 0.3147685 0.3259727 0.1337886 0.0203004 0.3956146 0.3377054 0.2774444 0.3212534 
n297_300   0.3669594 0.0451045 0.0379942 0.0308478 0.2697568 0.0033484 0.2852172 0.3088496 0.0000000 0.2864164 0.0379424 0.1055511 0.3503365 0.2990126 0.2172373 0.0414694 0.0203806 0.2988281 0.2968396 0.3889922 0.3021891 0.2548020 0.2808307 
n300_303   0.4027494 0.3084848 0.2981786 0.3078988 0.0737952 0.2812898 0.0134009 0.3154281 0.2864164 0.0000000 0.2976874 0.2929853 0.4039547 0.3045419 0.3249546 0.3027046 0.2974108 0.3043540 0.3032420 0.3938154 0.0202564 0.0591606 0.0033349 
n296_299   0.3738287 0.0135112 0.0067265 0.0415907 0.2912698 0.0344030 0.2964336 0.3203927 0.0379424 0.2976874 0.0000000 0.0938289 0.3629574 0.3103854 0.2128158 0.0033488 0.0309106 0.2996010 0.3081216 0.4081153 0.3137589 0.2758018 0.2919866 
n236_239   0.4157546 0.1016814 0.0939624 0.1097483 0.2917329 0.1016226 0.2969085 0.2922710 0.1055511 0.2929853 0.0938289 0.0000000 0.3979892 0.3163430 0.2041821 0.0976372 0.0978109 0.3054493 0.2912748 0.4190240 0.3198102 0.2762309 0.2928894 
n251_254   0.0274276 0.3690560 0.3635896 0.3807483 0.3659367 0.3560090 0.3910939 0.4134005 0.3503365 0.4039547 0.3629574 0.3979892 0.0000000 0.3997972 0.3597671 0.3684787 0.3626149 0.3879748 0.4171129 0.3127001 0.4238006 0.3723483 0.4106585 
n286_289   0.4104463 0.3214372 0.3109043 0.3327458 0.2923288 0.2992274 0.3094384 0.1338762 0.2990126 0.3045419 0.3103854 0.3163430 0.3997972 0.0000000 0.3219119 0.3048399 0.3158886 0.0135122 0.1293108 0.3843264 0.3156811 0.2773738 0.3102629 
n200_201   0.3765340 0.2129777 0.2131456 0.2321245 0.3126787 0.2126059 0.3235693 0.3312851 0.2172373 0.3249546 0.2128158 0.2041821 0.3597671 0.3219119 0.0000000 0.2172808 0.2176995 0.3049185 0.3187923 0.4136549 0.3474545 0.3078638 0.3189940 
n295_298   0.3794234 0.0169196 0.0101078 0.0451417 0.2859224 0.0379139 0.3014276 0.3147685 0.0414694 0.3027046 0.0033488 0.0976372 0.3684787 0.3048399 0.2172808 0.0000000 0.0344090 0.2941456 0.3026194 0.4071019 0.3188863 0.2705780 0.2969606 
n275_278   0.3795434 0.0380000 0.0309526 0.0169584 0.2804177 0.0169404 0.2961589 0.3259727 0.0203806 0.2974108 0.0309106 0.0978109 0.3626149 0.3158886 0.2176995 0.0344090 0.0000000 0.3050164 0.3135823 0.4019672 0.3134668 0.2652084 0.2917157 
n285_288   0.3984818 0.3104744 0.3000981 0.3215998 0.2921484 0.2990426 0.3092480 0.1337886 0.2988281 0.3043540 0.2996010 0.3054493 0.3879748 0.0135122 0.3049185 0.2941456 0.3050164 0.0000000 0.1292263 0.3793186 0.3154870 0.2772014 0.3100717 
n265_268   0.4350842 0.3190876 0.3086337 0.3194324 0.2807473 0.2970516 0.3076493 0.0203004 0.2968396 0.3032420 0.3081216 0.2912748 0.4171129 0.1293108 0.3187923 0.3026194 0.3135823 0.1292263 0.0000000 0.3992709 0.3250433 0.2660642 0.3089353 
n244_247   0.3176040 0.4146043 0.4088450 0.4075410 0.3338817 0.3949506 0.3812242 0.3956146 0.3889922 0.3938154 0.4081153 0.4190240 0.3127001 0.3843264 0.4136549 0.4071019 0.4019672 0.3793186 0.3992709 0.0000000 0.4074332 0.3460709 0.4003729 
n274_277   0.4225331 0.3248226 0.3142826 0.3241988 0.0888989 0.2969445 0.0271004 0.3377054 0.3021891 0.0202564 0.3137589 0.3198102 0.4238006 0.3156811 0.3474545 0.3188863 0.3134668 0.3154870 0.3250433 0.4074332 0.0000000 0.0739390 0.0237188 
n277_280   0.3712419 0.2862146 0.2762485 0.2806864 0.0201921 0.2499223 0.0663574 0.2774444 0.2548020 0.0591606 0.2758018 0.2762309 0.3723483 0.2773738 0.3078638 0.2705780 0.2652084 0.2772014 0.2660642 0.3460709 0.0739390 0.0000000 0.0628780 
n292_295   0.4094319 0.3026807 0.2924660 0.3021085 0.0776060 0.2757503 0.0168120 0.3212534 0.2808307 0.0033349 0.2919866 0.2928894 0.4106585 0.3102629 0.3189940 0.2969606 0.2917157 0.3100717 0.3089353 0.4003729 0.0237188 0.0628780 0.0000000 
