TIME	EVENT	NODES
0	O	Root
0.014070438494738503	D	Root;1;Root;2;Root;3
0.03565811281626705	S	Root;2;n1;4;n2;5
0.03565811281626705	S	Root;3;n1;6;n2;7
0.057894451745703256	L	n1;6
0.05861878921004344	S	n2;5;n3;8;n4;9
0.05861878921004344	S	n2;7;n3;10;n4;11
0.07375809080458343	S	n4;9;n5;12;n6;13
0.07375809080458343	S	n4;11;n5;14;n6;15
0.07833050552031286	S	n5;12;n7;16;n8;17
0.07833050552031286	S	n5;14;n7;18;n8;19
0.08893006336145241	D	n3;10;n3;20;n3;21
0.1008035139693104	S	n3;8;n9;22;n10;23
0.1008035139693104	S	n3;20;n9;24;n10;25
0.1008035139693104	S	n3;21;n9;26;n10;27
0.10406774022209997	D	n6;13;n6;28;n6;30
0.10406774022209997	D	n6;15;n6;29;n6;31
0.11428202715204365	E	n1;4
0.1307468573352167	E	n8;17
0.1307468573352167	E	n8;19
0.1364894293733853	L	n7;18
0.1483130074748038	D	n10;27;n10;32;n10;33
0.14942219883020008	D	n6;31;n6;34;n6;35
0.15268155197931993	D	n6;35;n6;36;n6;37
0.15843866989707012	D	n6;28;n6;38;n6;39
0.16093066445356763	S	n6;38;n11;40;n12;41
0.16093066445356763	S	n6;39;n11;42;n12;43
0.16093066445356763	S	n6;29;n11;44;n12;45
0.16093066445356763	S	n6;30;n11;46;n12;47
0.16093066445356763	S	n6;34;n11;48;n12;49
0.16093066445356763	S	n6;36;n11;50;n12;51
0.16093066445356763	S	n6;37;n11;52;n12;53
0.1611596458625196	L	n10;33
0.16249863861729646	S	n10;23;n13;54;n14;55
0.16249863861729646	S	n10;25;n13;56;n14;57
0.16249863861729646	S	n10;32;n13;58;n14;59
0.16400727294946812	D	n13;56;n13;60;n13;61
0.17122067517620368	D	n13;61;n13;62;n13;63
0.1718257970044929	L	n14;57
0.1728772304451632	S	n13;54;n15;64;n16;65
0.1728772304451632	S	n13;60;n15;66;n16;67
0.1728772304451632	S	n13;62;n15;68;n16;69
0.1728772304451632	S	n13;63;n15;70;n16;71
0.1728772304451632	S	n13;58;n15;72;n16;73
0.17337780603288697	D	n12;45;n12;74;n12;75
0.18274527452700604	E	n11;40
0.18274527452700604	E	n11;42
0.18274527452700604	E	n11;44
0.18274527452700604	E	n11;46
0.18274527452700604	E	n11;48
0.18274527452700604	E	n11;50
0.18274527452700604	E	n11;52
0.18350684728274516	D	n15;64;n15;76;n15;77
0.1969107897114663	E	n9;22
0.1969107897114663	E	n9;24
0.1969107897114663	E	n9;26
0.19727322138875528	L	n12;51
0.19727322138875528	L	n12;53
0.1997314334470913	L	n12;75
0.20845796674833328	S	n7;16;n17;78;n18;79
0.20924362825737688	D	n15;76;n15;80;n15;81
0.22065743789747747	L	n16;73
0.2372402471114948	E	n15;80
0.2372402471114948	E	n15;81
0.2372402471114948	E	n15;77
0.2372402471114948	E	n15;66
0.2372402471114948	E	n15;68
0.2372402471114948	E	n15;70
0.2372402471114948	E	n15;72
0.23892462888085989	E	n18;79
0.2490407372631786	S	n17;78;n19;82;n20;83
0.2601117742688435	S	n16;65;n21;84;n22;85
0.2601117742688435	S	n16;67;n21;86;n22;87
0.2601117742688435	S	n16;69;n21;88;n22;89
0.2601117742688435	S	n16;71;n21;90;n22;91
0.2671518695686604	S	n14;55;n23;92;n24;93
0.2671518695686604	S	n14;59;n23;94;n24;95
0.2765985482048439	S	n20;83;n25;96;n26;97
0.27745213159000687	S	n24;93;n27;98;n28;99
0.27745213159000687	S	n24;95;n27;100;n28;101
0.27855792444951527	S	n25;96;n29;102;n30;103
0.2799238517383474	E	n23;92
0.2799238517383474	E	n23;94
0.290096609037509	L	n28;101
0.29180342183819413	E	n29;102
0.2956178903787941	E	n22;85
0.2956178903787941	E	n22;87
0.2956178903787941	E	n22;89
0.2956178903787941	E	n22;91
0.2990284862777491	S	n21;84;n31;104;n32;105
0.2990284862777491	S	n21;86;n31;106;n32;107
0.2990284862777491	S	n21;88;n31;108;n32;109
0.2990284862777491	S	n21;90;n31;110;n32;111
0.30637010154249966	L	n12;49
0.31142652700134205	D	n12;47;n12;112;n12;113
0.31444426243656315	L	n27;98
0.31965050475330886	L	n28;99
0.32090036940607464	S	n12;41;n33;114;n34;115
0.32090036940607464	S	n12;43;n33;116;n34;117
0.32090036940607464	S	n12;74;n33;118;n34;119
0.32090036940607464	S	n12;112;n33;120;n34;121
0.32090036940607464	S	n12;113;n33;122;n34;123
0.32397849729683537	L	n31;110
0.3242431098178988	E	n26;97
0.3257514072895137	S	n30;103;n35;124;n36;125
0.3267467684448356	S	n36;125;n37;126;n38;127
0.32780650816806367	D	n34;119;n34;128;n34;129
0.3312970553039297	S	n27;100;n39;130;n40;131
0.33286266875242665	D	n34;123;n34;132;n34;133
0.3335651473273877	S	n38;127;n41;134;n42;135
0.33774314385269266	L	n40;131
0.34103207246628475	D	n32;109;n32;136;n32;137
0.34247326623149754	E	n41;134
0.3437941645540986	S	n19;82;n43;138;n44;139
0.3473519550104723	D	n32;105;n32;140;n32;141
0.3531134515015734	L	n31;108
0.3536080060671297	L	n33;120
0.35793305376362283	S	n42;135;n45;142;n46;143
0.36047053147741903	S	n31;104;n47;144;n48;145
0.36047053147741903	S	n31;106;n47;146;n48;147
0.3622216926957658	S	n32;140;n49;148;n50;149
0.3622216926957658	S	n32;141;n49;150;n50;151
0.3622216926957658	S	n32;107;n49;152;n50;153
0.3622216926957658	S	n32;136;n49;154;n50;155
0.3622216926957658	S	n32;137;n49;156;n50;157
0.3622216926957658	S	n32;111;n49;158;n50;159
0.36370417689028006	E	n44;139
0.3638875715740503	S	n35;124;n51;160;n52;161
0.3661221030523413	L	n49;152
0.3664245411970743	L	n34;121
0.36871881153099956	D	n43;138;n43;162;n43;163
0.3702763651774506	L	n49;158
0.3713640705493649	S	n50;149;n53;164;n54;165
0.3713640705493649	S	n50;151;n53;166;n54;167
0.3713640705493649	S	n50;153;n53;168;n54;169
0.3713640705493649	S	n50;155;n53;170;n54;171
0.3713640705493649	S	n50;157;n53;172;n54;173
0.3713640705493649	S	n50;159;n53;174;n54;175
0.37583130942817106	E	n54;165
0.37583130942817106	E	n54;167
0.37583130942817106	E	n54;169
0.37583130942817106	E	n54;171
0.37583130942817106	E	n54;173
0.37583130942817106	E	n54;175
0.383333025507539	D	n34;133;n34;176;n34;177
0.3848489753292842	L	n34;129
0.38805050801579005	E	n34;115
0.38805050801579005	E	n34;117
0.38805050801579005	E	n34;128
0.38805050801579005	E	n34;132
0.38805050801579005	E	n34;176
0.38805050801579005	E	n34;177
0.38813646221822257	L	n49;148
0.3889779967809304	E	n53;164
0.3889779967809304	E	n53;166
0.3889779967809304	E	n53;168
0.3889779967809304	E	n53;170
0.3889779967809304	E	n53;172
0.3889779967809304	E	n53;174
0.39182157006149465	S	n52;161;n57;178;n58;179
0.3974594228905295	S	n57;178;n59;180;n60;181
0.39774118535546255	S	n58;179;n61;182;n62;183
0.39814335620062624	D	n39;130;n39;184;n39;185
0.39849275888368024	L	n33;116
0.398704406523994	S	n48;145;n63;186;n64;187
0.398704406523994	S	n48;147;n63;188;n64;189
0.40140186928566196	E	n51;160
0.4036298374927271	L	n49;156
0.4066753845391696	E	n46;143
0.40776133334394826	E	n39;184
0.40776133334394826	E	n39;185
0.40850073276585896	S	n59;180;n65;190;n66;191
0.40878730363191457	D	n47;144;n47;192;n47;193
0.417342117675562	S	n43;162;n67;194;n68;195
0.417342117675562	S	n43;163;n67;196;n68;197
0.42044751321046026	S	n63;186;n69;198;n70;199
0.42044751321046026	S	n63;188;n69;200;n70;201
0.4209965192467931	S	n61;182;n71;202;n72;203
0.42255542263073215	D	n62;183;n62;204;n62;205
0.42795023912694147	E	n66;191
0.42854301057533273	S	n33;114;n73;206;n74;207
0.42854301057533273	S	n33;118;n73;208;n74;209
0.42854301057533273	S	n33;122;n73;210;n74;211
0.42880686073408825	L	n73;208
0.42981952959854897	S	n47;192;n75;212;n76;213
0.42981952959854897	S	n47;193;n75;214;n76;215
0.42981952959854897	S	n47;146;n75;216;n76;217
0.43001711153924493	D	n75;212;n75;218;n75;221
0.43001711153924493	D	n75;214;n75;219;n75;222
0.43001711153924493	D	n75;216;n75;220;n75;223
0.43048184675792817	E	n45;142
0.43808968036900625	E	n75;218
0.43808968036900625	E	n75;219
0.43808968036900625	E	n75;220
0.43808968036900625	E	n75;221
0.43808968036900625	E	n75;222
0.43808968036900625	E	n75;223
0.4423483705727157	S	n60;181;n77;224;n78;225
0.4457139964449435	E	n70;199
0.4457139964449435	E	n70;201
0.44712471276682725	L	n64;189
0.4483132080696261	L	n76;213
0.4487358723077373	E	n71;202
0.4503380560040635	S	n64;187;n79;226;n80;227
0.4615657714427693	D	n65;190;n65;228;n65;229
0.4643255835110095	E	n72;203
0.467548644241365	D	n74;209;n74;230;n74;231
0.46778410700288986	D	n76;217;n76;232;n76;233
0.477908856756897	E	n78;225
0.47893748989308055	E	n62;204
0.47893748989308055	E	n62;205
0.48126743638362973	S	n76;215;n83;234;n84;235
0.48126743638362973	S	n76;232;n83;236;n84;237
0.48126743638362973	S	n76;233;n83;238;n84;239
0.48933323230950104	D	n49;154;n49;240;n49;241
0.49158736343140175	E	n69;198
0.49158736343140175	E	n69;200
0.49263123150133126	D	n79;226;n79;242;n79;243
0.4927173369477565	E	n77;224
0.4956791982998115	E	n74;207
0.4956791982998115	E	n74;230
0.4956791982998115	E	n74;231
0.4956791982998115	E	n74;211
0.4985286641666135	D	n37;126;n37;244;n37;245
0.5052120403671589	L	n37;244
0.5093929148877467	S	n65;228;n85;246;n86;247
0.5093929148877467	S	n65;229;n85;248;n86;249
0.5164751421449035	D	n83;234;n83;250;n83;251
0.5169384459975703	D	n83;251;n83;252;n83;253
0.5212329740110412	D	n86;249;n86;254;n86;255
0.5256606505256904	L	n84;235
0.5261657820178198	E	n86;247
0.5261657820178198	E	n86;254
0.5261657820178198	E	n86;255
0.5322172744577628	E	n84;237
0.5322172744577628	E	n84;239
0.542667120051626	S	n49;150;n87;256;n88;257
0.542667120051626	S	n49;240;n87;258;n88;259
0.542667120051626	S	n49;241;n87;260;n88;261
0.5449769855939937	S	n79;242;n89;262;n90;263
0.5449769855939937	S	n79;243;n89;264;n90;265
0.5458572397832978	D	n85;246;n85;266;n85;267
0.5509952243951802	S	n37;245;n91;268;n92;269
0.5517331844162697	L	n88;257
0.5521708650934829	D	n91;268;n91;270;n91;271
0.5554720027437821	S	n80;227;n95;272;n96;273
0.5594968437200616	L	n68;195
0.5605956152818038	E	n90;263
0.5605956152818038	E	n90;265
0.5624671314900489	L	n83;250
0.5648887851084758	L	n91;270
0.5648887851084758	L	n91;271
0.5669844164820143	D	n67;196;n67;274;n67;275
0.5756195185127128	E	n85;266
0.5756195185127128	E	n85;267
0.5756195185127128	E	n85;248
0.5822161925010496	S	n68;197;n101;276;n102;277
0.5823645879564411	L	n101;276
0.5949161755404646	E	n102;277
0.5979031078146738	E	n87;256
0.5979031078146738	E	n87;258
0.5979031078146738	E	n87;260
0.5992965855767869	D	n96;273;n96;278;n96;279
0.6005762215934414	S	n89;262;n103;280;n104;281
0.6005762215934414	S	n89;264;n103;282;n104;283
0.6037059867541918	S	n83;252;n105;284;n106;285
0.6037059867541918	S	n83;253;n105;286;n106;287
0.6037059867541918	S	n83;236;n105;288;n106;289
0.6037059867541918	S	n83;238;n105;290;n106;291
0.6037535192956025	D	n104;281;n104;292;n104;293
0.6077936554996787	L	n106;289
0.6080548333083629	L	n96;279
0.6114935212990017	S	n88;259;n107;294;n108;295
0.6114935212990017	S	n88;261;n107;296;n108;297
0.6139341316645054	S	n106;285;n109;298;n110;299
0.6139341316645054	S	n106;287;n109;300;n110;301
0.6139341316645054	S	n106;291;n109;302;n110;303
0.6196047560348688	S	n107;294;n111;304;n112;305
0.6196047560348688	S	n107;296;n111;306;n112;307
0.6243127237094809	E	n111;304
0.6243127237094809	E	n111;306
0.6297818420944018	E	n96;278
0.6311903666688485	S	n109;298;n115;308;n116;309
0.6311903666688485	S	n109;300;n115;310;n116;311
0.6311903666688485	S	n109;302;n115;312;n116;313
0.633158432562971	D	n95;272;n95;314;n95;315
0.6393332301333164	S	n112;305;n117;316;n118;317
0.6393332301333164	S	n112;307;n117;318;n118;319
0.6441183349089813	S	n116;309;n121;320;n122;321
0.6441183349089813	S	n116;311;n121;322;n122;323
0.6441183349089813	S	n116;313;n121;324;n122;325
0.6446354988810583	E	n110;299
0.6446354988810583	E	n110;301
0.6446354988810583	E	n110;303
0.6532333829740796	D	n92;269;n92;326;n92;327
0.6575623711300396	E	n73;206
0.6575623711300396	E	n73;210
0.6607268257837244	S	n67;194;n123;328;n124;329
0.6607268257837244	S	n67;274;n123;330;n124;331
0.6607268257837244	S	n67;275;n123;332;n124;333
0.6618475588700907	S	n122;321;n125;334;n126;335
0.6618475588700907	S	n122;323;n125;336;n126;337
0.6618475588700907	S	n122;325;n125;338;n126;339
0.6669880269875604	L	n126;337
0.6685627179118959	E	n121;320
0.6685627179118959	E	n121;322
0.6685627179118959	E	n121;324
0.6696366104238207	E	n104;292
0.6696366104238207	E	n104;293
0.6696366104238207	E	n104;283
0.6709503108569155	L	n117;316
0.6713303697968299	D	n126;335;n126;340;n126;341
0.6714208973395133	S	n92;326;n127;342;n128;343
0.6714208973395133	S	n92;327;n127;344;n128;345
0.6719135649492606	S	n118;317;n129;346;n130;347
0.6719135649492606	S	n118;319;n129;348;n130;349
0.6737725340169213	L	n124;331
0.6751699557128619	D	n130;347;n130;350;n130;351
0.6753098391469464	E	n115;308
0.6753098391469464	E	n115;310
0.6753098391469464	E	n115;312
0.6771299317762048	S	n126;340;n131;352;n132;353
0.6771299317762048	S	n126;341;n131;354;n132;355
0.6771299317762048	S	n126;339;n131;356;n132;357
0.6771480527232184	E	n127;342
0.6771480527232184	E	n127;344
0.6814482953209164	L	n108;297
0.6819512551468225	S	n129;346;n133;358;n134;359
0.6819512551468225	S	n129;348;n133;360;n134;361
0.6836199900037097	I	n131;352
0.6836199900037097	I	n131;354
0.6836199900037097	I	n131;356
0.6853081223536401	D	n128;343;n128;362;n128;363
0.6921091016323775	D	n128;363;n128;364;n128;365
0.6921120488034279	E	n108;295
0.6941596368553979	E	n131;356
0.6941596368553979	E	n131;354
0.6941596368553979	E	n131;352
0.6980329211868419	D	n132;353;n132;366;n132;368
0.6980329211868419	D	n132;355;n132;367;n132;369
0.7017922083742045	E	n134;359
0.7017922083742045	E	n134;361
0.7040101740554711	S	n130;350;n141;370;n142;371
0.7040101740554711	S	n130;351;n141;372;n142;373
0.7040101740554711	S	n130;349;n141;374;n142;375
0.7067089413408304	L	n103;280
0.7109290296217277	E	n105;284
0.7109290296217277	E	n105;286
0.7109290296217277	E	n105;288
0.7109290296217277	E	n105;290
0.7134501403145042	S	n141;370;n143;376;n144;377
0.7134501403145042	S	n141;372;n143;378;n144;379
0.7134501403145042	S	n141;374;n143;380;n144;381
0.7187379965380308	D	n132;369;n132;382;n132;383
0.7201554690914358	E	n142;371
0.7201554690914358	E	n142;373
0.7201554690914358	E	n142;375
0.7210277529225892	E	n128;362
0.7210277529225892	E	n128;364
0.7210277529225892	E	n128;365
0.7210277529225892	E	n128;345
0.7247629626005688	S	n103;282;n149;384;n150;385
0.7276046550877852	S	n149;384;n153;386;n154;387
0.7354109711678566	S	n124;329;n155;388;n156;389
0.7354109711678566	S	n124;333;n155;390;n156;391
0.7359094885998367	E	n154;387
0.7366507449525306	S	n117;318;n157;392;n158;393
0.7366600001020829	L	n158;393
0.7380126736617868	S	n133;358;n159;394;n160;395
0.7380126736617868	S	n133;360;n159;396;n160;397
0.7402941034005236	S	n125;334;n161;398;n162;399
0.7402941034005236	S	n125;336;n161;400;n162;401
0.7402941034005236	S	n125;338;n161;402;n162;403
0.7420802595096729	L	n132;368
0.7481394058852846	S	n132;366;n165;404;n166;405
0.7481394058852846	S	n132;367;n165;406;n166;407
0.7481394058852846	S	n132;382;n165;408;n166;409
0.7481394058852846	S	n132;383;n165;410;n166;411
0.7481394058852846	S	n132;357;n165;412;n166;413
0.7500329224096391	E	n150;385
0.7571241435295953	D	n161;402;n161;414;n161;415
0.7579531713527351	E	n165;404
0.7579531713527351	E	n165;406
0.7579531713527351	E	n165;408
0.7579531713527351	E	n165;410
0.7579531713527351	E	n165;412
0.7597303949778592	S	n160;395;n167;416;n168;417
0.7597303949778592	S	n160;397;n167;418;n168;419
0.7606143639893209	E	n162;399
0.7606143639893209	E	n162;401
0.7606143639893209	E	n162;403
0.7634135835267006	S	n123;328;n169;420;n170;421
0.7634135835267006	S	n123;330;n169;422;n170;423
0.7634135835267006	S	n123;332;n169;424;n170;425
0.7634241600084621	D	n168;417;n168;426;n168;428
0.7634241600084621	D	n168;419;n168;427;n168;429
0.764877630535844	L	n144;379
0.7666694263907528	D	n95;315;n95;430;n95;431
0.7701002230515659	E	n169;420
0.7701002230515659	E	n169;422
0.7701002230515659	E	n169;424
0.7721466484093822	E	n170;421
0.7721466484093822	E	n170;423
0.7721466484093822	E	n170;425
0.7747297051771199	S	n161;398;n179;432;n180;433
0.7747297051771199	S	n161;400;n179;434;n180;435
0.7747297051771199	S	n161;414;n179;436;n180;437
0.7747297051771199	S	n161;415;n179;438;n180;439
0.7767487400746069	S	n179;432;n181;440;n182;441
0.7767487400746069	S	n179;434;n181;442;n182;443
0.7767487400746069	S	n179;436;n181;444;n182;445
0.7767487400746069	S	n179;438;n181;446;n182;447
0.7787132590143445	D	n156;389;n156;448;n156;449
0.7803804726594089	E	n144;377
0.7803804726594089	E	n144;381
0.7807184706049322	S	n180;433;n183;450;n184;451
0.7807184706049322	S	n180;435;n183;452;n184;453
0.7807184706049322	S	n180;437;n183;454;n184;455
0.7807184706049322	S	n180;439;n183;456;n184;457
0.780863663817749	S	n159;394;n185;458;n186;459
0.780863663817749	S	n159;396;n185;460;n186;461
0.7809494896465746	S	n183;450;n187;462;n188;463
0.7809494896465746	S	n183;452;n187;464;n188;465
0.7809494896465746	S	n183;454;n187;466;n188;467
0.7809494896465746	S	n183;456;n187;468;n188;469
0.7852010613257442	E	n188;463
0.7852010613257442	E	n188;465
0.7852010613257442	E	n188;467
0.7852010613257442	E	n188;469
0.786451167272255	D	n143;376;n143;470;n143;471
0.7898780576720417	S	n155;388;n191;472;n192;473
0.7898780576720417	S	n155;390;n191;474;n192;475
0.7899707700882584	E	n143;470
0.7899707700882584	E	n143;471
0.7899707700882584	E	n143;378
0.7899707700882584	E	n143;380
0.7901507037646461	E	n184;451
0.7901507037646461	E	n184;453
0.7901507037646461	E	n184;455
0.7901507037646461	E	n184;457
0.7978498612135019	E	n182;441
0.7978498612135019	E	n182;443
0.7978498612135019	E	n182;445
0.7978498612135019	E	n182;447
0.7978528084143132	S	n156;448;n195;476;n196;477
0.7978528084143132	S	n156;449;n195;478;n196;479
0.7978528084143132	S	n156;391;n195;480;n196;481
0.7987916706716873	E	n191;472
0.7987916706716873	E	n191;474
0.7992174565172605	S	n187;462;n197;482;n198;483
0.7992174565172605	S	n187;464;n197;484;n198;485
0.7992174565172605	S	n187;466;n197;486;n198;487
0.7992174565172605	S	n187;468;n197;488;n198;489
0.7993411900108544	S	n157;392;n199;490;n200;491
0.8005314448064279	D	n181;446;n181;492;n181;493
0.802766193558471	S	n153;386;n201;494;n202;495
0.8031860314936324	S	n199;490;n203;496;n204;497
0.8046739122171854	L	n195;480
0.805350555415741	L	n185;460
0.8117998219882726	E	n203;496
0.8119747032876808	L	n197;482
0.813552145786412	E	n204;497
0.8148521937117841	L	n196;479
0.8148521937117841	L	n196;481
0.8148575548076606	D	n197;484;n197;498;n197;499
0.8152598931994061	S	n95;314;n207;500;n208;501
0.8152598931994061	S	n95;430;n207;502;n208;503
0.8152598931994061	S	n95;431;n207;504;n208;505
0.8164044470765601	E	n167;416
0.8164044470765601	E	n167;418
0.8178933550565883	E	n192;473
0.8178933550565883	E	n192;475
0.8186850149154873	L	n166;409
0.8186850149154873	L	n166;411
0.8234693885129531	D	n197;498;n197;506;n197;507
0.8249977452235687	D	n195;476;n195;508;n195;509
0.8276784496388486	S	n198;483;n211;510;n212;511
0.8276784496388486	S	n198;485;n211;512;n212;513
0.8276784496388486	S	n198;487;n211;514;n212;515
0.8276784496388486	S	n198;489;n211;516;n212;517
0.8282873408689121	D	n208;501;n208;518;n208;519
0.8332142109124318	L	n166;407
0.833616160872077	E	n208;518
0.833616160872077	E	n208;519
0.833616160872077	E	n208;503
0.833616160872077	E	n208;505
0.8352544388705551	S	n202;495;n215;520;n216;521
0.8368111068320828	S	n196;477;n217;522;n218;523
0.8394637307841086	L	n215;520
0.8406825333587165	L	n168;429
0.8409256797631153	E	n216;521
0.8459046072187418	I	n212;511
0.8459046072187418	I	n212;513
0.8459046072187418	I	n212;515
0.8460015102603748	S	n201;494;n219;524;n220;525
0.848019386194947	D	n197;486;n197;526;n197;527
0.8486747889183782	L	n197;507
0.8497501771795928	E	n207;500
0.8497501771795928	E	n207;502
0.8497501771795928	E	n207;504
0.8503085550548898	S	n197;506;n221;528;n222;529
0.8503085550548898	S	n197;499;n221;530;n222;531
0.8503085550548898	S	n197;526;n221;532;n222;533
0.8503085550548898	S	n197;527;n221;534;n222;535
0.8503085550548898	S	n197;488;n221;536;n222;537
0.8517224027933125	S	n195;508;n223;538;n224;539
0.8517224027933125	S	n195;509;n223;540;n224;541
0.8517224027933125	S	n195;478;n223;542;n224;543
0.8530252486841895	D	n185;458;n185;544;n185;545
0.856979718604362	D	n221;534;n221;546;n221;547
0.8577561172876477	L	n168;428
0.8578916798242154	L	n217;522
0.8601577711503859	S	n212;515;n227;548;n228;549
0.8601577711503859	S	n212;513;n227;550;n228;551
0.8601577711503859	S	n212;511;n227;552;n228;553
0.8601577711503859	S	n212;517;n227;554;n228;555
0.8613693014894844	E	n181;440
0.8613693014894844	E	n181;442
0.8613693014894844	E	n181;444
0.8613693014894844	E	n181;492
0.8613693014894844	E	n181;493
0.8666529186933588	L	n222;529
0.8795417235242239	D	n166;405;n166;556;n166;557
0.8814887852476869	S	n218;523;n229;558;n230;559
0.882492589795596	L	n221;530
0.882492589795596	L	n221;532
0.8825998228348834	S	n219;524;n231;560;n232;561
0.8843366822854161	E	n229;558
0.8875444986049862	S	n186;459;n235;562;n236;563
0.8875444986049862	S	n186;461;n235;564;n236;565
0.8903456152832875	E	n224;539
0.8903456152832875	E	n224;541
0.8903456152832875	E	n224;543
0.8932764842215424	D	n166;557;n166;566;n166;567
0.8932840821708257	L	n235;564
0.8966350187226857	S	n185;544;n241;568;n242;569
0.8966350187226857	S	n185;545;n241;570;n242;571
0.8972126406242589	L	n166;567
0.8974496054601573	E	n227;548
0.8974496054601573	E	n227;550
0.8974496054601573	E	n227;552
0.8974496054601573	E	n227;554
0.9049608857101237	S	n166;556;n245;572;n246;573
0.9049608857101237	S	n166;566;n245;574;n246;575
0.9049608857101237	S	n166;413;n245;576;n246;577
0.905185808726317	E	n235;562
0.9058272432479553	D	n228;549;n228;578;n228;579
0.9080745665573832	D	n231;560;n231;580;n231;581
0.9093537688094864	D	n211;512;n211;582;n211;583
0.909642107560779	L	n236;565
0.9101598485373226	D	n220;525;n220;584;n220;585
0.9103362860097289	L	n242;569
0.9106338950899321	S	n246;573;n247;586;n248;587
0.9106338950899321	S	n246;575;n247;588;n248;589
0.9106338950899321	S	n246;577;n247;590;n248;591
0.9114950528903518	E	n222;531
0.9114950528903518	E	n222;533
0.9114950528903518	E	n222;535
0.9114950528903518	E	n222;537
0.9126041927723302	L	n228;551
0.9126041927723302	L	n228;553
0.9192714153871757	D	n211;583;n211;592;n211;593
0.9203225819250048	D	n228;555;n228;594;n228;595
0.921954449245773	S	n231;580;n253;596;n254;597
0.921954449245773	S	n231;581;n253;598;n254;599
0.9262180312867804	E	n232;561
0.9267653394165998	S	n241;568;n257;600;n258;601
0.9267653394165998	S	n241;570;n257;602;n258;603
0.9280137218581821	E	n211;510
0.9280137218581821	E	n211;582
0.9280137218581821	E	n211;592
0.9280137218581821	E	n211;593
0.9280137218581821	E	n211;514
0.9280137218581821	E	n211;516
0.9292507846091586	S	n221;528;n259;604;n260;605
0.9292507846091586	S	n221;546;n259;606;n260;607
0.9292507846091586	S	n221;547;n259;608;n260;609
0.9292507846091586	S	n221;536;n259;610;n260;611
0.9331189763794548	S	n253;596;n261;612;n262;613
0.9331189763794548	S	n253;598;n261;614;n262;615
0.9335759149149772	D	n247;588;n247;616;n247;617
0.93500510079701	E	n259;604
0.93500510079701	E	n259;606
0.93500510079701	E	n259;608
0.93500510079701	E	n259;610
0.9364731069415062	E	n248;587
0.9364731069415062	E	n248;589
0.9364731069415062	E	n248;591
0.9382537776095115	S	n254;597;n263;618;n264;619
0.9382537776095115	S	n254;599;n263;620;n264;621
0.9387206238636698	L	n261;614
0.9437743069310279	E	n168;426
0.9437743069310279	E	n168;427
0.9453738548637767	E	n263;618
0.9453738548637767	E	n263;620
0.9460617632927703	S	n260;605;n265;622;n266;623
0.9460617632927703	S	n260;607;n265;624;n266;625
0.9460617632927703	S	n260;609;n265;626;n266;627
0.9460617632927703	S	n260;611;n265;628;n266;629
0.94826054007743	E	n230;559
0.9486013636009557	S	n261;612;n267;630;n268;631
0.9509199412323743	D	n223;538;n223;632;n223;633
0.951000190955658	S	n257;600;n269;634;n270;635
0.951000190955658	S	n257;602;n269;636;n270;637
0.9557905494076593	S	n242;571;n271;638;n272;639
0.9562388626693733	D	n266;629;n266;640;n266;641
0.9590632612622613	L	n258;603
0.9593899014757714	D	n228;595;n228;642;n228;643
0.9598159582018603	S	n220;584;n273;644;n274;645
0.9598159582018603	S	n220;585;n273;646;n274;647
0.9609231641360226	S	n272;639;n275;648;n276;649
0.9609279811658935	L	n247;617
0.9621233290640864	S	n262;613;n277;650;n278;651
0.9621233290640864	S	n262;615;n277;652;n278;653
0.9647929579752923	L	n266;623
0.968623384292185	L	n245;572
0.9689023525530531	S	n273;644;n279;654;n280;655
0.9689023525530531	S	n273;646;n279;656;n280;657
0.9702292667094757	L	n200;491
0.971640391490068	S	n279;654;n281;658;n282;659
0.971640391490068	S	n279;656;n281;660;n282;661
0.9722195889364483	L	n266;625
0.9727278219767251	S	n269;634;n283;662;n284;663
0.9727278219767251	S	n269;636;n283;664;n284;665
0.9732173865347189	E	n258;601
0.9760908477951744	L	n282;659
0.9764705564372939	L	n247;590
0.9774128112905862	E	n264;619
0.9774128112905862	E	n264;621
0.9786065520660436	S	n245;574;n285;666;n286;667
0.9786065520660436	S	n245;576;n285;668;n286;669
0.9788078216467389	L	n285;666
0.9814100407416381	E	n228;578
0.9814100407416381	E	n228;579
0.9814100407416381	E	n228;594
0.9814100407416381	E	n228;642
0.9814100407416381	E	n228;643
0.982277449951549	L	n278;653
0.9826208035981886	S	n283;662;n287;670;n288;671
0.9826208035981886	S	n283;664;n287;672;n288;673
0.983455035698425	E	n268;631
0.9835716504478796	E	n223;632
0.9835716504478796	E	n223;633
0.9835716504478796	E	n223;540
0.9835716504478796	E	n223;542
0.9838251299642106	E	n267;630
0.9851301504358597	E	n247;586
0.9851301504358597	E	n247;616
0.9854537340418459	S	n288;671;n289;674;n290;675
0.9854537340418459	S	n288;673;n289;676;n290;677
0.9866315391651298	S	n282;661;n291;678;n292;679
0.9869915986282715	S	n276;649;n293;680;n294;681
0.9878783987049942	S	n270;635;n295;682;n296;683
0.9878783987049942	S	n270;637;n295;684;n296;685
0.9898113896787903	S	n271;638;n297;686;n298;687
0.990582044232622	D	n292;679;n292;688;n292;689
0.9916356625603915	D	n284;663;n284;690;n284;691
0.993707679202344	S	n291;678;n299;692;n300;693
0.9937561083981005	D	n265;624;n265;694;n265;695
0.9942173965886181	L	n298;687
0.9973204261958437	E	n284;690
0.9973204261958437	E	n284;691
0.9973204261958437	E	n284;665
0.998644442566671	E	n281;658
0.998644442566671	E	n281;660
0.9991659077188968	D	n300;693;n300;696;n300;697
1.0	F	n285;668
1.0	F	n292;688
1.0	F	n292;689
1.0	F	n265;622
1.0	F	n265;694
1.0	F	n265;695
1.0	F	n265;626
1.0	F	n265;628
1.0	F	n266;627
1.0	F	n266;640
1.0	F	n266;641
1.0	F	n294;681
1.0	F	n300;696
1.0	F	n300;697
1.0	F	n274;645
1.0	F	n274;647
1.0	F	n278;651
1.0	F	n280;655
1.0	F	n280;657
1.0	F	n289;674
1.0	F	n289;676
1.0	F	n287;670
1.0	F	n287;672
1.0	F	n275;648
1.0	F	n293;680
1.0	F	n299;692
1.0	F	n295;682
1.0	F	n295;684
1.0	F	n296;683
1.0	F	n296;685
1.0	F	n277;650
1.0	F	n277;652
1.0	F	n236;563
1.0	F	n297;686
1.0	F	n290;675
1.0	F	n290;677
1.0	F	n286;667
1.0	F	n286;669
