36
n255_310   0.0000000 0.3437540 0.3438758 0.3537976 0.3654387 0.3645456 0.3528337 0.3430599 0.3157966 0.3598282 0.3874916 0.0481419 0.4054438 0.3651318 0.4240747 0.3533086 0.3213556 0.4183977 0.3491676 0.3648681 0.3601912 0.3773747 0.3712880 0.3596702 0.3706577 0.3655845 0.3544339 0.3780822 0.3715728 0.3545405 0.3712959 0.4240983 0.3496486 0.3548400 0.3713655 0.4116676 
n298_375   0.3437540 0.0000000 0.0134801 0.2665803 0.1743677 0.2708980 0.2656155 0.2615400 0.3175105 0.1832455 0.2138291 0.2863660 0.2817005 0.1700154 0.3024984 0.2662106 0.1699705 0.2975849 0.0100856 0.1784822 0.0203168 0.1045820 0.1787658 0.2812518 0.1830236 0.1876972 0.2051945 0.0307481 0.0272285 0.0134765 0.1831749 0.2923149 0.0134896 0.0134850 0.1830962 0.2869093 
n294_367   0.3438758 0.0134801 0.0000000 0.2764505 0.1830195 0.2808108 0.2754426 0.2713366 0.3338317 0.1920164 0.2276228 0.2864602 0.2917791 0.1786110 0.3128866 0.2760652 0.1742207 0.3079104 0.0168908 0.1871757 0.0272218 0.1124005 0.1874757 0.2913229 0.1917821 0.1965268 0.2095933 0.0307496 0.0342038 0.0203130 0.1919417 0.3025587 0.0134903 0.0203259 0.1831081 0.2970661 
n266_327   0.3537976 0.2665803 0.2764505 0.0000000 0.2422179 0.1826706 0.1781098 0.1284462 0.3610126 0.2617427 0.2705201 0.3381694 0.3015322 0.2419674 0.3175182 0.0203044 0.2662954 0.3072374 0.2714634 0.2512857 0.2813693 0.2914852 0.2470923 0.1447254 0.2468091 0.2667448 0.2712485 0.2920694 0.2915439 0.2763143 0.2566170 0.3175851 0.2716526 0.2765328 0.2422597 0.3017108 
n287_358   0.3654387 0.1743677 0.1830195 0.2422179 0.0000000 0.2706317 0.2703940 0.2469521 0.3557299 0.0134842 0.1526715 0.3222191 0.2814871 0.0307046 0.2919811 0.2465364 0.1613941 0.2871350 0.1699555 0.0376910 0.1785315 0.2052372 0.0033443 0.2563409 0.0412620 0.0169026 0.0928200 0.2009674 0.1872840 0.1741828 0.0412922 0.2970799 0.1831679 0.1743092 0.0067043 0.2866899 
n286_355   0.3645456 0.2708980 0.2808108 0.1826706 0.2706317 0.0000000 0.0168151 0.1526928 0.3489567 0.2808988 0.2847231 0.3374237 0.2902030 0.2754971 0.2954457 0.1823674 0.2858946 0.2854992 0.2758012 0.2801312 0.2857495 0.3064109 0.2757084 0.1651847 0.2805779 0.2860338 0.3061649 0.2965054 0.2959704 0.2757178 0.2908743 0.3059369 0.2759942 0.2808939 0.2706791 0.2954533 
n285_354   0.3528337 0.2656155 0.2754426 0.1781098 0.2703940 0.0168151 0.0000000 0.1442378 0.3320812 0.2755988 0.2844707 0.3261692 0.2747539 0.2701822 0.2798700 0.1778154 0.2804836 0.2701422 0.2704776 0.2747813 0.2803401 0.3008148 0.2754651 0.1608318 0.2752173 0.2806892 0.3005745 0.2909905 0.2904690 0.2703962 0.2854202 0.2901081 0.2706652 0.2755244 0.2704414 0.2798772 
n266_325   0.3430599 0.2615400 0.2713366 0.1284462 0.2469521 0.1526928 0.1442378 0.0000000 0.3223714 0.2568760 0.2704913 0.3166684 0.2609609 0.2467612 0.2710400 0.1322931 0.2515989 0.2613928 0.2663879 0.2561416 0.2762202 0.2762981 0.2518611 0.0202921 0.2516386 0.2618426 0.2762095 0.2817652 0.2863158 0.2712042 0.2615193 0.2760492 0.2665720 0.2714177 0.2469949 0.2611101 
n244_299   0.3157966 0.3175105 0.3338317 0.3610126 0.3557299 0.3489567 0.3320812 0.3223714 0.0000000 0.3674425 0.3770883 0.2755523 0.3439193 0.3554324 0.3727741 0.3659667 0.3335678 0.3674227 0.3336847 0.3549761 0.3391449 0.3781606 0.3615142 0.3385367 0.3608826 0.3732876 0.3784048 0.3397659 0.3392969 0.3335798 0.3615025 0.3496319 0.3341373 0.3336165 0.3615894 0.3496221 
n296_373   0.3598282 0.1832455 0.1920164 0.2617427 0.0134842 0.2808988 0.2755988 0.2568760 0.3674425 0.0000000 0.1697095 0.3277647 0.2919543 0.0377560 0.3026282 0.2661585 0.1700869 0.2977129 0.1787672 0.0448165 0.1874597 0.2145489 0.0169028 0.2613581 0.0484361 0.0033456 0.1006112 0.2102285 0.1963359 0.1830494 0.0484721 0.3078083 0.1921733 0.1831833 0.0203317 0.2972445 
n200_243   0.3874916 0.2138291 0.2276228 0.2705201 0.1526715 0.2847231 0.2844707 0.2704913 0.3770883 0.1697095 0.0000000 0.3595225 0.3063850 0.1653055 0.3224872 0.2653274 0.2089776 0.3174641 0.2229853 0.1736984 0.2275632 0.2275453 0.1569140 0.2752155 0.1781934 0.1740585 0.2001713 0.2515962 0.2369543 0.2275211 0.1783398 0.3225401 0.2278135 0.2276934 0.1611008 0.3117761 
n251_306   0.0481419 0.2863660 0.2864602 0.3381694 0.3222191 0.3374237 0.3261692 0.3166684 0.2755523 0.3277647 0.3595225 0.0000000 0.3770177 0.3219568 0.3949136 0.3322417 0.3010615 0.3837928 0.2913804 0.3217299 0.3015619 0.3335169 0.3277105 0.3326818 0.3326171 0.3332688 0.3329402 0.3179232 0.3120332 0.2963600 0.3331781 0.3949354 0.2917569 0.2965983 0.3277771 0.3715902 
n292_365   0.4054438 0.2817005 0.2917791 0.3015322 0.2814871 0.2902030 0.2747539 0.2609609 0.3439193 0.2919543 0.3063850 0.3770177 0.0000000 0.2711520 0.0702847 0.3009548 0.3019160 0.0703352 0.2918062 0.2910947 0.3018727 0.3393662 0.2815727 0.2806150 0.2913445 0.2920677 0.3121489 0.3182310 0.3123570 0.2967943 0.2968101 0.0100757 0.2972101 0.2970333 0.2917014 0.0100756 
n297_376   0.3651318 0.1700154 0.1786110 0.2419674 0.0307046 0.2754971 0.2701822 0.2467612 0.3554324 0.0377560 0.1653055 0.3219568 0.2711520 0.0000000 0.2816142 0.2512056 0.1571268 0.2869062 0.1656344 0.0134612 0.1741555 0.2006801 0.0342145 0.2660391 0.0168842 0.0413081 0.0889815 0.1964341 0.1828495 0.1698359 0.0168964 0.2864905 0.1787552 0.1699586 0.0377274 0.2762697 
n277_344   0.4240747 0.3024984 0.3128866 0.3175182 0.2919811 0.2954457 0.2798700 0.2710400 0.3727741 0.3026282 0.3224872 0.3949136 0.0702847 0.2816142 0.0000000 0.3169031 0.3233351 0.0203424 0.3129148 0.2914598 0.3232867 0.3620163 0.2972438 0.2909946 0.2917104 0.3027467 0.3231415 0.3402277 0.3341120 0.3180511 0.2971850 0.0815591 0.3130428 0.3183123 0.3023641 0.0778030 
n265_326   0.3533086 0.2662106 0.2760652 0.0203044 0.2465364 0.1823674 0.1778154 0.1322931 0.3659667 0.2661585 0.2653274 0.3322417 0.3009548 0.2512056 0.3169031 0.0000000 0.2757459 0.3016007 0.2710861 0.2606314 0.2809765 0.2761148 0.2514358 0.1486403 0.2561097 0.2711863 0.2708718 0.2916587 0.2911346 0.2759295 0.2660450 0.3169697 0.2712747 0.2761474 0.2465790 0.2909380 
n200_241   0.3213556 0.1699705 0.1742207 0.2662954 0.1613941 0.2858946 0.2804836 0.2515989 0.3335678 0.1700869 0.2089776 0.3010615 0.3019160 0.1571268 0.3233351 0.2757459 0.0000000 0.3236091 0.1742399 0.1654404 0.1828673 0.1916330 0.1657019 0.2710122 0.1698815 0.1744473 0.2004700 0.1963807 0.1916744 0.1784914 0.1700204 0.3128618 0.1787076 0.1786212 0.1699493 0.3072816 
n278_345   0.4183977 0.2975849 0.3079104 0.3072374 0.2871350 0.2854992 0.2701422 0.2613928 0.3674227 0.2977129 0.3174641 0.3837928 0.0703352 0.2869062 0.0203424 0.3016007 0.3236091 0.0000000 0.3079384 0.2968304 0.3182490 0.3513151 0.2923638 0.2810881 0.2970873 0.2978292 0.3181067 0.3350734 0.3290051 0.3130450 0.3026135 0.0816187 0.3080632 0.3133012 0.2922752 0.0741519 
n289_360   0.3491676 0.0100856 0.0168908 0.2714634 0.1699555 0.2758012 0.2704776 0.2663879 0.3336847 0.1787672 0.2229853 0.2913804 0.2918062 0.1656344 0.3129148 0.2710861 0.1742399 0.3079384 0.0000000 0.1740461 0.0100769 0.1084750 0.1743213 0.2862306 0.1785518 0.1831862 0.2005647 0.0342486 0.0168801 0.0033423 0.1786988 0.3025863 0.0169028 0.0033444 0.1786220 0.2970934 
n275_342   0.3648681 0.1784822 0.1871757 0.2512857 0.0376910 0.2801312 0.2747813 0.2561416 0.3549761 0.0448165 0.1736984 0.3217299 0.2910947 0.0134612 0.2914598 0.2606314 0.1654404 0.2968304 0.1740461 0.0000000 0.1826629 0.2050122 0.0412368 0.2756621 0.0168634 0.0484050 0.0965476 0.2052174 0.1914590 0.1782924 0.0168755 0.3068891 0.1873278 0.1784220 0.0447825 0.2963651 
n296_371   0.3601912 0.0203168 0.0272218 0.2813693 0.1785315 0.2857495 0.2803401 0.2762202 0.3391449 0.1874597 0.2275632 0.3015619 0.3018727 0.1741555 0.3232867 0.2809765 0.1828673 0.3182490 0.0100769 0.1826629 0.0000000 0.1123791 0.1829541 0.2963377 0.1872320 0.1919360 0.2095212 0.0448550 0.0066999 0.0134648 0.1873872 0.3128160 0.0272412 0.0134733 0.1873067 0.3072371 
n236_287   0.3773747 0.1045820 0.1124005 0.2914852 0.2052372 0.3064109 0.3008148 0.2762981 0.3781606 0.2145489 0.2275453 0.3335169 0.3393662 0.2006801 0.3620163 0.2761148 0.1916330 0.3513151 0.1084750 0.2050122 0.1123791 0.0000000 0.2098470 0.3015634 0.2142817 0.2192142 0.2327840 0.1325467 0.1203161 0.1123615 0.2144630 0.3509678 0.1124867 0.1124389 0.2143712 0.3341778 
n289_362   0.3712880 0.1787658 0.1874757 0.2470923 0.0033443 0.2757084 0.2754651 0.2518611 0.3615142 0.0169028 0.1569140 0.3277105 0.2815727 0.0342145 0.2972438 0.2514358 0.1657019 0.2923638 0.1743213 0.0412368 0.1829541 0.2098470 0.0000000 0.2613158 0.0448308 0.0203406 0.0966888 0.1965761 0.1917670 0.1785754 0.0448648 0.2971713 0.1876283 0.1787054 0.0100847 0.2817676 
n265_324   0.3596702 0.2812518 0.2913229 0.1447254 0.2563409 0.1651847 0.1608318 0.0202921 0.3385367 0.2613581 0.2752155 0.3326818 0.2806150 0.2660391 0.2909946 0.1486403 0.2710122 0.2810881 0.2862306 0.2756621 0.2963377 0.3015634 0.2613158 0.0000000 0.2710563 0.2663513 0.2963262 0.3020771 0.3067288 0.2911754 0.2712953 0.2961491 0.2864344 0.2914085 0.2563855 0.2807781 
n294_369   0.3706577 0.1830236 0.1917821 0.2468091 0.0412620 0.2805779 0.2752173 0.2516386 0.3608826 0.0484361 0.1781934 0.3326171 0.2913445 0.0168842 0.2917104 0.2561097 0.1698815 0.2970873 0.1785518 0.0168634 0.1872320 0.2142817 0.0448308 0.2710563 0.0000000 0.0520474 0.0966240 0.2099674 0.1960955 0.1828280 0.0066998 0.3071573 0.1919386 0.1829615 0.0483980 0.2966211 
n295_372   0.3655845 0.1876972 0.1965268 0.2667448 0.0169026 0.2860338 0.2806892 0.2618426 0.3732876 0.0033456 0.1740585 0.3332688 0.2920677 0.0413081 0.3027467 0.2711863 0.1744473 0.2978292 0.1831862 0.0484050 0.1919360 0.2192142 0.0203406 0.2663513 0.0520474 0.0000000 0.1045270 0.2148691 0.2008732 0.1874954 0.0520862 0.3079291 0.1966879 0.1876331 0.0237875 0.2973604 
n236_289   0.3544339 0.2051945 0.2095933 0.2712485 0.0928200 0.3061649 0.3005745 0.2762095 0.3784048 0.1006112 0.2001713 0.3329402 0.3121489 0.0889815 0.3231415 0.2708718 0.2004700 0.3181067 0.2005647 0.0965476 0.2095212 0.2327840 0.0966888 0.2963262 0.0966240 0.1045270 0.0000000 0.2330517 0.2186793 0.2049706 0.0966986 0.3284639 0.2144139 0.2051231 0.1005325 0.3175934 
n275_340   0.3780822 0.0307481 0.0307496 0.2920694 0.2009674 0.2965054 0.2909905 0.2817652 0.3397659 0.2102285 0.2515962 0.3179232 0.3182310 0.1964341 0.3402277 0.2916587 0.1963807 0.3350734 0.0342486 0.2052174 0.0448550 0.1325467 0.1965761 0.3020771 0.2099674 0.2148691 0.2330517 0.0000000 0.0520305 0.0377571 0.2101447 0.3294749 0.0272778 0.0377814 0.2010666 0.3184579 
n295_370   0.3715728 0.0272285 0.0342038 0.2915439 0.1872840 0.2959704 0.2904690 0.2863158 0.3392969 0.1963359 0.2369543 0.3120332 0.3123570 0.1828495 0.3341120 0.2911346 0.1916744 0.3290051 0.0168801 0.1914590 0.0066999 0.1203161 0.1917670 0.3067288 0.1960955 0.2008732 0.2186793 0.0520305 0.0000000 0.0203002 0.1962591 0.3234818 0.0342283 0.0203131 0.1961749 0.3178073 
n290_361   0.3545405 0.0134765 0.0203130 0.2763143 0.1741828 0.2757178 0.2703962 0.2712042 0.3335798 0.1830494 0.2275211 0.2963600 0.2967943 0.1698359 0.3180511 0.2759295 0.1784914 0.3130450 0.0033423 0.1782924 0.0134648 0.1123615 0.1785754 0.2911754 0.1828280 0.1874954 0.2049706 0.0377571 0.0203002 0.0000000 0.1829790 0.3076537 0.0203274 0.0067031 0.1829004 0.3021190 
n293_368   0.3712959 0.1831749 0.1919417 0.2566170 0.0412922 0.2908743 0.2854202 0.2615193 0.3615025 0.0484721 0.1783398 0.3331781 0.2968101 0.0168964 0.2971850 0.2660450 0.1700204 0.3026135 0.1786988 0.0168755 0.1873872 0.2144630 0.0448648 0.2712953 0.0066998 0.0520862 0.0966986 0.2101447 0.1962591 0.1829790 0.0000000 0.3127666 0.1920984 0.1831127 0.0484349 0.3021347 
n274_339   0.4240983 0.2923149 0.3025587 0.3175851 0.2970799 0.3059369 0.2901081 0.2760492 0.3496319 0.3078083 0.3225401 0.3949354 0.0100757 0.2864905 0.0815591 0.3169697 0.3128618 0.0816187 0.3025863 0.3068891 0.3128160 0.3509678 0.2971713 0.2961491 0.3071573 0.3079291 0.3284639 0.3294749 0.3234818 0.3076537 0.3127666 0.0000000 0.3080909 0.2973673 0.3075387 0.0203213 
n293_366   0.3496486 0.0134896 0.0134903 0.2716526 0.1831679 0.2759942 0.2706652 0.2665720 0.3341373 0.1921733 0.2278135 0.2917569 0.2972101 0.1787552 0.3130428 0.2712747 0.1787076 0.3080632 0.0169028 0.1873278 0.0272412 0.1124867 0.1876283 0.2864344 0.1919386 0.1966879 0.2144139 0.0272778 0.0342283 0.0203274 0.1920984 0.3080909 0.0000000 0.0203404 0.1832565 0.3025451 
n287_356   0.3548400 0.0134850 0.0203259 0.2765328 0.1743092 0.2808939 0.2755244 0.2714177 0.3336165 0.1831833 0.2276934 0.2965983 0.2970333 0.1699586 0.3183123 0.2761474 0.1786212 0.3133012 0.0033444 0.1784220 0.0134733 0.1124389 0.1787054 0.2914085 0.1829615 0.1876331 0.2051231 0.0377814 0.0203131 0.0067031 0.1831127 0.2973673 0.0203404 0.0000000 0.1830340 0.3023635 
n290_363   0.3713655 0.1830962 0.1831081 0.2422597 0.0067043 0.2706791 0.2704414 0.2469949 0.3615894 0.0203317 0.1611008 0.3277771 0.2917014 0.0377274 0.3023641 0.2465790 0.1699493 0.2922752 0.1786220 0.0447825 0.1873067 0.2143712 0.0100847 0.2563855 0.0483980 0.0237875 0.1005325 0.2010666 0.1961749 0.1829004 0.0484349 0.3075387 0.1832565 0.1830340 0.0000000 0.2969861 
n280_347   0.4116676 0.2869093 0.2970661 0.3017108 0.2866899 0.2954533 0.2798772 0.2611101 0.3496221 0.2972445 0.3117761 0.3715902 0.0100756 0.2762697 0.0778030 0.2909380 0.3072816 0.0741519 0.2970934 0.2963651 0.3072371 0.3341778 0.2817676 0.2807781 0.2966211 0.2973604 0.3175934 0.3184579 0.3178073 0.3021190 0.3021347 0.0203213 0.3025451 0.3023635 0.2969861 0.0000000 
