25
n251_250   0.0000000 0.5447869 0.4707479 0.5431508 0.5667630 0.4557747 0.4487530 0.5442851 0.5456599 0.5515207 0.4623213 0.4555028 0.5656544 0.3728419 0.5517537 0.4364987 0.5739200 0.4365204 0.5524754 0.4960118 0.5023922 0.0307428 0.4554304 0.5823637 0.4517308 
n294_293   0.5447869 0.0000000 0.3087925 0.1431521 0.0100504 0.3298526 0.3349821 0.0236558 0.0305696 0.0481187 0.3352982 0.3250286 0.0516643 0.4987568 0.0100428 0.3138659 0.1355124 0.3138775 0.0305853 0.3194630 0.3301387 0.5313684 0.3250022 0.0202431 0.2983717 
n266_265   0.4707479 0.3087925 0.0000000 0.3178129 0.3142241 0.2889068 0.3086739 0.2986617 0.3089129 0.3244732 0.3040600 0.3037244 0.3295390 0.4158105 0.3037350 0.2883260 0.3517896 0.2883360 0.2991536 0.1277793 0.1317284 0.4526730 0.2990242 0.3195931 0.0100822 
n200_199   0.5431508 0.1431521 0.3178129 0.0000000 0.1473397 0.2820983 0.2829019 0.1311608 0.1392359 0.1557211 0.2922040 0.2683249 0.1515843 0.4693791 0.1472087 0.2581186 0.1514827 0.2581268 0.1393178 0.3135249 0.3185463 0.5440105 0.2683100 0.1557297 0.3024041 
n297_296   0.5667630 0.0100504 0.3142241 0.1473397 0.0000000 0.3354635 0.3406336 0.0271192 0.0340725 0.0517201 0.3409564 0.3306035 0.0552848 0.5119390 0.0134315 0.3193374 0.1396627 0.3193494 0.0340901 0.3249878 0.3357561 0.5529470 0.3305757 0.0100529 0.3037153 
n278_277   0.4557747 0.3298526 0.2889068 0.2820983 0.3354635 0.0000000 0.0926215 0.3192094 0.3297551 0.3405989 0.0203486 0.0888379 0.3567763 0.4235936 0.3246464 0.0775120 0.3129401 0.0775133 0.3197429 0.3249439 0.3300507 0.4438659 0.0888377 0.3466093 0.2740314 
n274_273   0.4487530 0.3349821 0.3086739 0.2829019 0.3406336 0.0926215 0.0000000 0.3242689 0.3348822 0.3447513 0.1003337 0.0343247 0.3450452 0.4421867 0.3297427 0.0238330 0.3402264 0.0238333 0.3248125 0.3140855 0.3191137 0.4620706 0.0343249 0.3518574 0.2934214 
n287_286   0.5442851 0.0236558 0.2986617 0.1311608 0.0271192 0.3192094 0.3242689 0.0000000 0.0066783 0.0236445 0.3245727 0.3144473 0.0270777 0.4982994 0.0270983 0.3034657 0.1236067 0.3034766 0.0066816 0.3042559 0.3147115 0.5308797 0.3144233 0.0375576 0.2835974 
n289_288   0.5456599 0.0305696 0.3089129 0.1392359 0.0340725 0.3297551 0.3348822 0.0066783 0.0000000 0.0305549 0.3351981 0.3249334 0.0340201 0.4981374 0.0340461 0.3137760 0.1316195 0.3137876 0.0134302 0.3146014 0.3252115 0.5322096 0.3249070 0.0446159 0.2936389 
n296_295   0.5515207 0.0481187 0.3244732 0.1557211 0.0517201 0.3405989 0.3447513 0.0236445 0.0305549 0.0000000 0.3461285 0.3515295 0.0100408 0.5184763 0.0516792 0.3399171 0.1437499 0.3399305 0.0305707 0.3245567 0.3353074 0.5379881 0.3514962 0.0625235 0.3088733 
n277_276   0.4623213 0.3352982 0.3040600 0.2922040 0.3409564 0.0203486 0.1003337 0.3245727 0.3351981 0.3461285 0.0000000 0.0965079 0.3516110 0.4298172 0.3300528 0.0850489 0.3235066 0.0850504 0.3251173 0.3149614 0.3200075 0.4503048 0.0965076 0.3521936 0.2888783 
n300_299   0.4555028 0.3250286 0.3037244 0.2683249 0.3306035 0.0888379 0.0343247 0.3144473 0.3249334 0.3515295 0.0965079 0.0000000 0.3460372 0.4419903 0.3198518 0.0101136 0.3244567 0.0169306 0.3149715 0.3147077 0.3197472 0.4689598 0.0067309 0.3416799 0.2885687 
n295_294   0.5656544 0.0516643 0.3295390 0.1515843 0.0552848 0.3567763 0.3450452 0.0270777 0.0340201 0.0100408 0.3516110 0.3460372 0.0000000 0.5253665 0.0552408 0.3345252 0.1477786 0.3345382 0.0340377 0.3192734 0.3299395 0.5518818 0.3460054 0.0661381 0.3138424 
n244_243   0.3728419 0.4987568 0.4158105 0.4693791 0.5119390 0.4235936 0.4421867 0.4982994 0.4981374 0.5184763 0.4298172 0.4419903 0.5253665 0.0000000 0.5112875 0.4233830 0.5103205 0.4170401 0.4992495 0.4214549 0.4212572 0.3678388 0.4364657 0.5263802 0.4033733 
n275_274   0.5517537 0.0100428 0.3037350 0.1472087 0.0134315 0.3246464 0.3297427 0.0270983 0.0340461 0.0516792 0.3300528 0.3198518 0.0552408 0.5112875 0.0000000 0.3087756 0.1395393 0.3087869 0.0340637 0.3190922 0.3297515 0.5382161 0.3198266 0.0236719 0.2933873 
n292_291   0.4364987 0.3138659 0.2883260 0.2581186 0.3193374 0.0775120 0.0238330 0.3034657 0.3137760 0.3399171 0.0850489 0.0101136 0.3345252 0.4233830 0.3087756 0.0000000 0.3133146 0.0067188 0.3039668 0.2990417 0.3039766 0.4495888 0.0101137 0.3302132 0.2734927 
n236_235   0.5739200 0.1355124 0.3517896 0.1514827 0.1396627 0.3129401 0.3402264 0.1236067 0.1316195 0.1437499 0.3235066 0.3244567 0.1477786 0.5103205 0.1395393 0.3133146 0.0000000 0.3133262 0.1316964 0.3688937 0.3743093 0.5520401 0.3244305 0.1519204 0.3355814 
n280_279   0.4365204 0.3138775 0.2883360 0.2581268 0.3193494 0.0775133 0.0238333 0.3034766 0.3137876 0.3399305 0.0850504 0.0169306 0.3345382 0.4170401 0.3087869 0.0067188 0.3133262 0.0000000 0.3039778 0.2990523 0.3039875 0.4496118 0.0169308 0.3302260 0.2735017 
n290_289   0.5524754 0.0305853 0.2991536 0.1393178 0.0340901 0.3197429 0.3248125 0.0066816 0.0134302 0.0305707 0.3251173 0.3149715 0.0340377 0.4992495 0.0340637 0.3039668 0.1316964 0.3039778 0.0000000 0.3047598 0.3152368 0.5319138 0.3149474 0.0446392 0.2840596 
n286_285   0.4960118 0.3194630 0.1277793 0.3135249 0.3249878 0.3249439 0.3140855 0.3042559 0.3146014 0.3245567 0.3149614 0.3147077 0.3192734 0.4214549 0.3190922 0.2990417 0.3688937 0.2990523 0.3047598 0.0000000 0.0067001 0.4773591 0.3094647 0.3359675 0.1158710 
n285_284   0.5023922 0.3301387 0.1317284 0.3185463 0.3357561 0.3300507 0.3191137 0.3147115 0.3252115 0.3353074 0.3200075 0.3197472 0.3299395 0.4212572 0.3297515 0.3039766 0.3743093 0.3039875 0.3152368 0.0067001 0.0000000 0.4835927 0.3144689 0.3469150 0.1197594 
n255_254   0.0307428 0.5313684 0.4526730 0.5440105 0.5529470 0.4438659 0.4620706 0.5308797 0.5322096 0.5379881 0.4503048 0.4689598 0.5518818 0.3678388 0.5382161 0.4495888 0.5520401 0.4496118 0.5319138 0.4773591 0.4835927 0.0000000 0.4688807 0.5682478 0.4340870 
n299_298   0.4554304 0.3250022 0.2990242 0.2683100 0.3305757 0.0888377 0.0343249 0.3144233 0.3249070 0.3514962 0.0965076 0.0067309 0.3460054 0.4364657 0.3198266 0.0101137 0.3244305 0.0169308 0.3149474 0.3094647 0.3144689 0.4688807 0.0000000 0.3416492 0.2839505 
n298_297   0.5823637 0.0202431 0.3195931 0.1557297 0.0100529 0.3466093 0.3518574 0.0375576 0.0446159 0.0625235 0.3521936 0.3416799 0.0661381 0.5263802 0.0236719 0.3302132 0.1519204 0.3302260 0.0446392 0.3359675 0.3469150 0.5682478 0.3416492 0.0000000 0.3090001 
n265_264   0.4517308 0.2983717 0.0100822 0.3024041 0.3037153 0.2740314 0.2934214 0.2835974 0.2936389 0.3088733 0.2888783 0.2885687 0.3138424 0.4033733 0.2933873 0.2734927 0.3355814 0.2735017 0.2840596 0.1158710 0.1197594 0.4340870 0.2839505 0.3090001 0.0000000 
