21
n292_185   0.0000000 0.2413818 0.2418232 0.2603601 0.0817987 0.2603030 0.0932916 0.2460242 0.3103668 0.0168706 0.2509825 0.2599276 0.2928125 0.2420720 0.2462723 0.0203370 0.2466457 0.2973069 0.2558237 0.2556001 0.2418338 
n296_189   0.2413818 0.0000000 0.2115611 0.0168157 0.2553429 0.0168133 0.2701570 0.0033286 0.1390461 0.2497752 0.0553876 0.0770658 0.2356478 0.0446482 0.0411325 0.2503151 0.0446832 0.2497348 0.0134333 0.0589640 0.2028499 
n285_178   0.2418232 0.2115611 0.0000000 0.2296242 0.2511590 0.2295760 0.2659134 0.2159873 0.2816560 0.2509309 0.2211063 0.2297843 0.1085166 0.2079807 0.2120146 0.2563289 0.2123299 0.1205651 0.2205730 0.2255229 0.0067199 
n290_183   0.2603601 0.0168157 0.2296242 0.0000000 0.2746762 0.0066811 0.2899076 0.0202224 0.1557036 0.2689092 0.0699213 0.0958658 0.2544105 0.0589643 0.0590341 0.2694972 0.0590108 0.2688665 0.0100525 0.0735630 0.2207099 
n278_171   0.0817987 0.2553429 0.2511590 0.2746762 0.0000000 0.2746150 0.0169866 0.2600684 0.3264924 0.0854087 0.2606145 0.2697429 0.2881668 0.2467278 0.2509471 0.0818539 0.2513282 0.2872115 0.2700649 0.2652898 0.2511698 
n289_182   0.2603030 0.0168133 0.2295760 0.0066811 0.2746150 0.0000000 0.2898420 0.0202195 0.1552489 0.2688498 0.0699100 0.0958495 0.2543553 0.0589550 0.0590248 0.2694376 0.0590015 0.2688072 0.0100510 0.0735510 0.2206640 
n277_170   0.0932916 0.2701570 0.2659134 0.2899076 0.0169866 0.2898420 0.0000000 0.2749805 0.3377930 0.0969427 0.2755660 0.2848679 0.3038492 0.2614032 0.2656887 0.0933549 0.2660948 0.3028326 0.2852073 0.2803353 0.2659242 
n295_188   0.2460242 0.0033286 0.2159873 0.0202224 0.2600684 0.0202195 0.2749805 0.0000000 0.1430588 0.2544536 0.0589823 0.0807550 0.2402390 0.0481900 0.0446593 0.2550051 0.0482278 0.2544126 0.0168277 0.0625740 0.2072285 
n200_113   0.3103668 0.1390461 0.2816560 0.1557036 0.3264924 0.1552489 0.3377930 0.1430588 0.0000000 0.3146550 0.1639444 0.1472364 0.2878484 0.1514265 0.1432220 0.3153644 0.1515516 0.3029653 0.1556366 0.1680432 0.2816668 
n280_173   0.0168706 0.2497752 0.2509309 0.2689092 0.0854087 0.2688498 0.0969427 0.2544536 0.3146550 0.0000000 0.2550590 0.2640270 0.3025795 0.2461254 0.2503334 0.0237390 0.2507127 0.3071145 0.2643416 0.2596904 0.2509416 
n298_191   0.2509825 0.0553876 0.2211063 0.0699213 0.2606145 0.0699100 0.2755660 0.0589823 0.1639444 0.2550590 0.0000000 0.0883599 0.2456162 0.0202967 0.0202840 0.2556131 0.0203124 0.2599304 0.0663210 0.0033316 0.2122689 
n236_137   0.2599276 0.0770658 0.2297843 0.0958658 0.2697429 0.0958495 0.2848679 0.0807550 0.1472364 0.2640270 0.0883599 0.0000000 0.2540114 0.0808869 0.0772110 0.2646027 0.0809513 0.2684446 0.0883267 0.0920808 0.2208617 
n265_158   0.2928125 0.2356478 0.1085166 0.2544105 0.2881668 0.2543553 0.3038492 0.2402390 0.2878484 0.3025795 0.2456162 0.2540114 0.0000000 0.2320179 0.2361672 0.2983364 0.2365231 0.0308441 0.2499216 0.2501933 0.1085227 
n294_187   0.2420720 0.0446482 0.2079807 0.0589643 0.2467278 0.0589550 0.2614032 0.0481900 0.1514265 0.2461254 0.0202967 0.0808869 0.2320179 0.0000000 0.0100648 0.2466582 0.0066965 0.2460853 0.0554102 0.0237236 0.1992785 
n275_168   0.2462723 0.0411325 0.2120146 0.0590341 0.2509471 0.0590248 0.2656887 0.0446593 0.1432220 0.2503334 0.0202840 0.0772110 0.2361672 0.0100648 0.0000000 0.2508757 0.0100726 0.2502928 0.0554756 0.0237088 0.2032815 
n274_167   0.0203370 0.2503151 0.2563289 0.2694972 0.0818539 0.2694376 0.0933549 0.2550051 0.3153644 0.0237390 0.2556131 0.2646027 0.2983364 0.2466582 0.2508757 0.0000000 0.2512566 0.3028614 0.2649185 0.2602559 0.2563397 
n293_186   0.2466457 0.0446832 0.2123299 0.0590108 0.2513282 0.0590015 0.2660948 0.0482278 0.1515516 0.2507127 0.0203124 0.0809513 0.2365231 0.0066965 0.0100726 0.2512566 0.0000000 0.2407325 0.0554538 0.0237421 0.2035830 
n266_159   0.2973069 0.2497348 0.1205651 0.2688665 0.2872115 0.2688072 0.3028326 0.2544126 0.3029653 0.3071145 0.2599304 0.2684446 0.0308441 0.2460853 0.2502928 0.3028614 0.2407325 0.0000000 0.2642994 0.2645916 0.1205718 
n287_180   0.2558237 0.0134333 0.2205730 0.0100525 0.2700649 0.0100510 0.2852073 0.0168277 0.1556366 0.2643416 0.0663210 0.0883267 0.2499216 0.0554102 0.0554756 0.2649185 0.0554538 0.2642994 0.0000000 0.0699495 0.2117597 
n297_190   0.2556001 0.0589640 0.2255229 0.0735630 0.2652898 0.0735510 0.2803353 0.0625740 0.1680432 0.2596904 0.0033316 0.0920808 0.2501933 0.0237236 0.0237088 0.2602559 0.0237421 0.2645916 0.0699495 0.0000000 0.2166396 
n286_179   0.2418338 0.2028499 0.0067199 0.2207099 0.2511698 0.2206640 0.2659242 0.2072285 0.2816668 0.2509416 0.2122689 0.2208617 0.1085227 0.1992785 0.2032815 0.2563397 0.2035830 0.1205718 0.2117597 0.2166396 0.0000000 
