11
n266_79    0.0000000 1.0019884 1.8618919 1.8466661 1.8899333 1.6126784 0.1744917 0.9356591 1.8566364 2.0367864 1.6032904 
n285_90    1.0019884 0.0000000 1.9301712 1.9302517 2.0071224 1.7602305 1.0183891 0.0970366 1.8101607 2.1009691 1.6622099 
n299_94    1.8618919 1.9301712 0.0000000 0.0778613 0.0066983 0.3985785 2.1399454 2.2361482 0.0203403 0.1007033 0.3861045 
n280_87    1.8466661 1.9302517 0.0778613 0.0000000 0.0853849 0.4282010 2.0950448 2.3375690 0.0931434 0.1163009 0.4220553 
n300_95    1.8899333 2.0071224 0.0066983 0.0853849 0.0000000 0.4104592 2.2371840 2.3431606 0.0272533 0.1084760 0.3977705 
n277_84    1.6126784 1.7602305 0.3985785 0.4282010 0.4104592 0.0000000 1.7615640 2.0522213 0.3989542 0.4405330 0.0966166 
n265_78    0.1744917 1.0183891 2.1399454 2.0950448 2.2371840 1.7615640 0.0000000 1.0123551 2.1323772 2.3774352 1.6961603 
n286_91    0.9356591 0.0970366 2.2361482 2.3375690 2.3431606 2.0522213 1.0123551 0.0000000 2.0714677 2.5938256 1.8399936 
n292_93    1.8566364 1.8101607 0.0203403 0.0931434 0.0272533 0.3989542 2.1323772 2.0714677 0.0000000 0.1165313 0.3864652 
n274_83    2.0367864 2.1009691 0.1007033 0.1163009 0.1084760 0.4405330 2.3774352 2.5938256 0.1165313 0.0000000 0.4146565 
n278_85    1.6032904 1.6622099 0.3861045 0.4220553 0.3977705 0.0966166 1.6961603 1.8399936 0.3864652 0.4146565 0.0000000 
