7
n292_35    0.0000000 0.0449283 0.0237410 0.0665913 0.3261201 0.3426913 0.0202858 
n280_31    0.0449283 0.0000000 0.0630009 0.0892286 0.3656879 0.3892825 0.0593061 
n300_37    0.0237410 0.0630009 0.0000000 0.0852133 0.3366006 0.3647261 0.0168473 
n274_27    0.0665913 0.0892286 0.0852133 0.0000000 0.3645334 0.3820412 0.0776497 
n278_29    0.3261201 0.3656879 0.3366006 0.3645334 0.0000000 0.0815585 0.3310324 
n277_28    0.3426913 0.3892825 0.3647261 0.3820412 0.0815585 0.0000000 0.3589247 
n299_36    0.0202858 0.0593061 0.0168473 0.0776497 0.3310324 0.3589247 0.0000000 
