7
n280_37    0.0000000 0.7533975 0.1040311 0.0912073 0.6090574 0.1203164 0.1160073 
n278_35    0.7533975 0.0000000 0.6619060 0.6617825 0.1556317 0.6890257 0.6713464 
n300_43    0.1040311 0.6619060 0.0000000 0.0311963 0.5396225 0.0570365 0.1207102 
n299_42    0.0912073 0.6617825 0.0311963 0.0000000 0.5417692 0.0455232 0.1073515 
n277_34    0.6090574 0.1556317 0.5396225 0.5417692 0.0000000 0.5647745 0.5863916 
n292_41    0.1203164 0.6890257 0.0570365 0.0455232 0.5647745 0.0000000 0.1289838 
n274_33    0.1160073 0.6713464 0.1207102 0.1073515 0.5863916 0.1289838 0.0000000 
