26
n277_278   0.0000000 1.8028032 1.6993045 1.8425811 1.8589582 0.6191440 3.6680999 2.2610444 0.1222009 0.6417651 2.1240716 2.1884834 1.8126979 2.0030295 1.7654430 0.6305233 0.6085455 1.6403382 1.8461719 7.7701762 2.2125436 2.2057485 2.0908434 2.9304605 1.9842834 0.6489368 
n286_287   1.8028032 0.0000000 1.7535944 0.0662181 1.5883724 1.8052215 2.7730949 1.6372863 2.0451173 1.9069343 1.8824931 1.8345086 1.5122731 1.4968320 1.9608577 1.9108354 1.9209671 1.7816017 1.5432773 2.3455709 1.1184520 1.0424589 1.7148955 3.4221441 1.6025445 1.8321219 
n296_297   1.6993045 1.7535944 0.0000000 1.7053511 0.1720612 2.0372663 4.1118678 0.3404622 1.7540139 2.4703468 0.7400042 0.3243629 0.1765974 0.3768782 1.0613638 2.4710673 2.3041167 0.0594322 0.1899846 2.7194644 2.2198381 2.0247831 0.3193120 4.7780755 0.3701813 2.5969205 
n285_286   1.8425811 0.0662181 1.7053511 0.0000000 1.5783072 1.9278965 2.5189237 1.6233063 2.1466483 2.1999433 1.9370893 1.8505617 1.5034576 1.5099421 1.9829871 2.2052531 2.1088626 1.7334613 1.5339584 2.4094336 1.1239286 1.0485055 1.6929393 3.0149279 1.6165556 2.1013492 
n289_290   1.8589582 1.5883724 0.1720612 1.5783072 0.0000000 2.1384173 4.0939636 0.3405343 2.0817155 2.6099182 0.7248615 0.3087144 0.0449570 0.3467808 1.1368805 2.4154377 2.6165801 0.1760237 0.0522090 2.9371678 2.1776918 2.0060255 0.3093127 6.6012807 0.3521968 2.6117891 
n274_275   0.6191440 1.8052215 2.0372663 1.9278965 2.1384173 0.0000000 3.7870625 2.7288948 0.6248383 0.1542110 1.9398664 2.8463492 2.0745817 2.5181143 1.7521735 0.1455697 0.1541472 1.8743220 2.0538904 3.1103188 1.8203914 1.9927408 2.7661332 2.5914651 2.4768003 0.1540554 
n255_256   3.6680999 2.7730949 4.1118678 2.5189237 4.0939636 3.7870625 0.0000000 6.3549689 3.3857954 4.2467994 4.5622998 5.0926650 3.6476324 8.9999986 9.0000000 5.1904333 3.8512468 5.3326112 4.0365824 2.1071751 4.1330980 3.6877303 3.7256843 0.4059434 6.1860266 4.6946600 
n275_276   2.2610444 1.6372863 0.3404622 1.6233063 0.3405343 2.7288948 6.3549689 0.0000000 2.3668362 3.9072915 0.7091330 0.1053147 0.3348225 0.1591324 1.0073028 3.7332851 2.9600758 0.3345771 0.3409808 3.4589544 2.6185062 2.4583488 0.1134451 4.9548146 0.1547293 3.8963945 
n278_279   0.1222009 2.0451173 1.7540139 2.1466483 2.0817155 0.6248383 3.3857954 2.3668362 0.0000000 0.6468122 2.5666962 2.7649970 2.0756925 2.1776712 1.7926666 0.6464205 0.6211849 1.7698277 2.0669902 9.0000000 2.3622583 2.3386916 2.4596354 2.7693745 2.2047928 0.6550761 
n299_300   0.6417651 1.9069343 2.4703468 2.1999433 2.6099182 0.1542110 4.2467994 3.9072915 0.6468122 0.0000000 1.9784077 3.2212635 2.4039266 3.1435223 1.8490909 0.0448484 0.1334077 2.2923637 2.4511143 4.2987445 1.9554269 2.3938782 3.2111542 3.0134304 3.3764013 0.0134389 
n236_237   2.1240716 1.8824931 0.7400042 1.9370893 0.7248615 1.9398664 4.5622998 0.7091330 2.5666962 1.9784077 0.0000000 0.6376718 0.6871028 0.8008234 0.9355580 1.8185009 1.9982004 0.6992082 0.7050611 4.6542351 1.9873976 1.9256445 0.6466336 5.8110737 0.7623200 1.9770261 
n293_294   2.1884834 1.8345086 0.3243629 1.8505617 0.3087144 2.8463492 5.0926650 0.1053147 2.7649970 3.2212635 0.6376718 0.0000000 0.3195118 0.1507822 0.9661635 2.9859216 3.1823927 0.3023079 0.3243123 2.7214694 2.2420299 2.0195102 0.0344566 4.3329915 0.1300059 3.3245643 
n290_291   1.8126979 1.5122731 0.1765974 1.5034576 0.0449570 2.0745817 3.6476324 0.3348225 2.0756925 2.4039266 0.6871028 0.3195118 0.0000000 0.3518328 1.0288609 2.1909441 2.3993856 0.1805811 0.0521931 3.2922454 2.1544074 1.9421134 0.3201336 5.0442590 0.3517155 2.4570684 
n297_298   2.0030295 1.4968320 0.3768782 1.5099421 0.3467808 2.5181143 8.9999986 0.1591324 2.1776712 3.1435223 0.8008234 0.1507822 0.3518328 0.0000000 0.9949453 2.9239015 2.8034053 0.3590917 0.3696495 3.3539867 2.0590998 2.0545574 0.1638624 5.0879886 0.0379336 3.2399284 
n200_201   1.7654430 1.9608577 1.0613638 1.9829871 1.1368805 1.7521735 9.0000000 1.0073028 1.7926666 1.8490909 0.9355580 0.9661635 1.0288609 0.9949453 0.0000000 1.9291732 1.9298064 1.0555634 1.0981351 9.0000000 1.7238847 1.8126756 0.9551414 9.0000000 0.9437615 1.8775474 
n292_293   0.6305233 1.9108354 2.4710673 2.2052531 2.4154377 0.1455697 5.1904333 3.7332851 0.6464205 0.0448484 1.8185009 2.9859216 2.1909441 2.9239015 1.9291732 0.0000000 0.1130922 2.1794686 2.2797983 3.7765490 2.0775008 2.3202862 3.0814788 2.9875905 3.1085239 0.0377305 
n280_281   0.6085455 1.9209671 2.3041167 2.1088626 2.6165801 0.1541472 3.8512468 2.9600758 0.6211849 0.1334077 1.9982004 3.1823927 2.3993856 2.8034053 1.9298064 0.1130922 0.0000000 2.1544981 2.4210660 3.4710070 2.2516086 2.4436102 3.2885973 2.3978352 2.8363307 0.1251978 
n295_296   1.6403382 1.7816017 0.0594322 1.7334613 0.1760237 1.8743220 5.3326112 0.3345771 1.7698277 2.2923637 0.6992082 0.3023079 0.1805811 0.3590917 1.0555634 2.1794686 2.1544981 0.0000000 0.1895104 2.8905103 2.2734710 2.0831655 0.3028908 8.9999980 0.3525993 2.3414222 
n287_288   1.8461719 1.5432773 0.1899846 1.5339584 0.0522090 2.0538904 4.0365824 0.3409808 2.0669902 2.4511143 0.7050611 0.3243123 0.0521931 0.3696495 1.0981351 2.2797983 2.4210660 0.1895104 0.0000000 3.1706734 2.2149189 1.9524139 0.3249435 8.9999987 0.3752140 2.4565544 
n244_245   7.7701762 2.3455709 2.7194644 2.4094336 2.9371678 3.1103188 2.1071751 3.4589544 9.0000000 4.2987445 4.6542351 2.7214694 3.2922454 3.3539867 9.0000000 3.7765490 3.4710070 2.8905103 3.1706734 0.0000000 2.9231240 2.3918973 3.0103110 2.0836253 4.2334689 3.9146339 
n265_266   2.2125436 1.1184520 2.2198381 1.1239286 2.1776918 1.8203914 4.1330980 2.6185062 2.3622583 1.9554269 1.9873976 2.2420299 2.1544074 2.0590998 1.7238847 2.0775008 2.2516086 2.2734710 2.2149189 2.9231240 0.0000000 0.1631339 2.1309617 6.4162459 2.1143858 2.0327732 
n266_267   2.2057485 1.0424589 2.0247831 1.0485055 2.0060255 1.9927408 3.6877303 2.4583488 2.3386916 2.3938782 1.9256445 2.0195102 1.9421134 2.0545574 1.8126756 2.3202862 2.4436102 2.0831655 1.9524139 2.3918973 0.1631339 0.0000000 1.8881600 4.7963800 2.0231132 2.4503868 
n294_295   2.0908434 1.7148955 0.3193120 1.6929393 0.3093127 2.7661332 3.7256843 0.1134451 2.4596354 3.2111542 0.6466336 0.0344566 0.3201336 0.1638624 0.9551414 3.0814788 3.2885973 0.3028908 0.3249435 3.0103110 2.1309617 1.8881600 0.0000000 3.7010145 0.1509907 3.3127025 
n251_252   2.9304605 3.4221441 4.7780755 3.0149279 6.6012807 2.5914651 0.4059434 4.9548146 2.7693745 3.0134304 5.8110737 4.3329915 5.0442590 5.0879886 9.0000000 2.9875905 2.3978352 8.9999980 8.9999987 2.0836253 6.4162459 4.7963800 3.7010145 0.0000000 4.5066329 3.2496582 
n298_299   1.9842834 1.6025445 0.3701813 1.6165556 0.3521968 2.4768003 6.1860266 0.1547293 2.2047928 3.3764013 0.7623200 0.1300059 0.3517155 0.0379336 0.9437615 3.1085239 2.8363307 0.3525993 0.3752140 4.2334689 2.1143858 2.0231132 0.1509907 4.5066329 0.0000000 3.4934176 
n300_301   0.6489368 1.8321219 2.5969205 2.1013492 2.6117891 0.1540554 4.6946600 3.8963945 0.6550761 0.0134389 1.9770261 3.3245643 2.4570684 3.2399284 1.8775474 0.0377305 0.1251978 2.3414222 2.4565544 3.9146339 2.0327732 2.4503868 3.3127025 3.2496582 3.4934176 0.0000000 
