7
n280_23    0.0000000 0.0664594 0.0273142 0.0341560 0.0308028 0.0628361 0.0273101 
n277_20    0.0664594 0.0000000 0.0588971 0.0658570 0.0625158 0.0100756 0.0588885 
n300_29    0.0273142 0.0588971 0.0000000 0.0270670 0.0033450 0.0553225 0.0066965 
n274_19    0.0341560 0.0658570 0.0270670 0.0000000 0.0305230 0.0622664 0.0270630 
n299_28    0.0308028 0.0625158 0.0033450 0.0305230 0.0000000 0.0589250 0.0100693 
n278_21    0.0628361 0.0100756 0.0553225 0.0622664 0.0589250 0.0000000 0.0553145 
n292_27    0.0273101 0.0588885 0.0066965 0.0270630 0.0100693 0.0553145 0.0000000 
