7
n280_27    0.0000000 0.2997006 0.2954108 0.0626020 0.0771503 0.0589254 0.0553521 
n278_25    0.2997006 0.0000000 0.0696611 0.2999317 0.2944017 0.3199356 0.3047274 
n277_24    0.2954108 0.0696611 0.0000000 0.3055451 0.2898660 0.3155797 0.3004208 
n292_31    0.0626020 0.2999317 0.3055451 0.0000000 0.0922912 0.0341802 0.0272279 
n274_23    0.0771503 0.2944017 0.2898660 0.0922912 0.0000000 0.0884101 0.0847260 
n299_32    0.0589254 0.3199356 0.3155797 0.0341802 0.0884101 0.0000000 0.0134775 
n300_33    0.0553521 0.3047274 0.3004208 0.0272279 0.0847260 0.0134775 0.0000000 
