7
n280_27    0.0000000 0.3966658 0.3449467 0.1057647 0.0980834 0.0980991 0.0980655 
n278_25    0.3966658 0.0000000 0.0864798 0.3522297 0.3146900 0.3527384 0.3527486 
n277_24    0.3449467 0.0864798 0.0000000 0.3115380 0.2850078 0.3229636 0.3166602 
n292_31    0.1057647 0.3522297 0.3115380 0.0000000 0.0744720 0.0307417 0.0271996 
n274_23    0.0980834 0.3146900 0.2850078 0.0744720 0.0000000 0.0635762 0.0597560 
n299_32    0.0980991 0.3527384 0.3229636 0.0307417 0.0635762 0.0000000 0.0101148 
n300_33    0.0980655 0.3527486 0.3166602 0.0271996 0.0597560 0.0101148 0.0000000 
