25
n289_290   0.0000000 0.0449867 0.0203374 0.2601935 0.0522487 0.0067153 0.2812358 0.0522160 0.2404496 0.4173100 0.0134792 0.4331404 0.2805059 0.0067061 0.1667609 0.2857435 0.2811268 0.0413912 0.2917171 0.2513625 0.0449687 0.3977835 0.2861648 0.2566598 0.2860937 
n294_295   0.0449867 0.0000000 0.0557893 0.2813219 0.0415382 0.0450249 0.2928830 0.0067317 0.2609027 0.4376713 0.0521498 0.4402412 0.2870672 0.0449621 0.1762610 0.2923769 0.2927683 0.0308527 0.3035839 0.2669732 0.0273416 0.4182582 0.2979057 0.2724209 0.2978314 
n295_296   0.0203374 0.0557893 0.0000000 0.2801627 0.0631797 0.0203544 0.2861311 0.0631399 0.2598423 0.4359273 0.0134807 0.4522721 0.2857228 0.0203265 0.1796929 0.3011634 0.2860200 0.0521308 0.2966811 0.2762396 0.0557667 0.4158697 0.2910885 0.2817572 0.2910162 
n266_267   0.2601935 0.2813219 0.2801627 0.0000000 0.3078971 0.2654490 0.2814841 0.2918249 0.0134776 0.3918222 0.2749989 0.4068675 0.2654139 0.2650365 0.2647384 0.2705318 0.2813749 0.2915123 0.2919746 0.1420087 0.2711099 0.4115963 0.2864172 0.1549197 0.2863460 
n298_299   0.0522487 0.0415382 0.0631797 0.3078971 0.0000000 0.0522933 0.3087018 0.0415363 0.2866524 0.4648735 0.0594939 0.4676594 0.3188286 0.0522200 0.1896914 0.3243992 0.3085798 0.0101164 0.3196537 0.2930296 0.0343975 0.4315060 0.3138293 0.2987216 0.3137512 
n290_291   0.0067153 0.0450249 0.0203544 0.2654490 0.0522933 0.0000000 0.2815043 0.0522606 0.2455369 0.4177355 0.0134904 0.4335877 0.2807740 0.0067117 0.1669109 0.2860163 0.2813951 0.0414264 0.2919971 0.2615550 0.0450069 0.3981846 0.2864385 0.2669469 0.2863672 
n274_275   0.2812358 0.2928830 0.2861311 0.2814841 0.3087018 0.2815043 0.0000000 0.3036058 0.2816304 0.4500715 0.2863798 0.4768131 0.0591053 0.2810624 0.2763405 0.0701669 0.0033340 0.3029702 0.0100617 0.2831117 0.3029714 0.4447413 0.0066833 0.2887191 0.0066817 
n293_294   0.0522160 0.0067317 0.0631399 0.2918249 0.0415363 0.0522606 0.3036058 0.0000000 0.2710828 0.4509308 0.0594565 0.4536042 0.2976776 0.0521874 0.1851902 0.3030759 0.3034861 0.0308512 0.3144826 0.2720395 0.0273404 0.4311461 0.3087022 0.2775331 0.3086254 
n265_266   0.2404496 0.2609027 0.2598423 0.0134776 0.2866524 0.2455369 0.2816304 0.2710828 0.0000000 0.3795023 0.2548373 0.3881405 0.2655508 0.2451591 0.2448897 0.2706716 0.2815211 0.2707948 0.2921268 0.1462692 0.2509960 0.3988816 0.2865662 0.1592764 0.2864949 
n251_301   0.4173100 0.4376713 0.4359273 0.3918222 0.4648735 0.4177355 0.4500715 0.4509308 0.3795023 0.0000000 0.4293972 0.3238013 0.4479834 0.4107865 0.4103859 0.4479405 0.4498781 0.4441612 0.4635006 0.4508435 0.4374224 0.0341427 0.4562317 0.4510491 0.4495901 
n296_297   0.0134792 0.0521498 0.0134807 0.2749989 0.0594939 0.0134904 0.2863798 0.0594565 0.2548373 0.4293972 0.0000000 0.4331295 0.2756831 0.0134720 0.1752772 0.2909110 0.2862685 0.0485140 0.2969404 0.2710889 0.0521288 0.4095393 0.2913419 0.2765581 0.2912695 
n244_245   0.4331404 0.4402412 0.4522721 0.4068675 0.4676594 0.4335877 0.4768131 0.4536042 0.3881405 0.3238013 0.4331295 0.0000000 0.4745293 0.4264277 0.4207600 0.4738962 0.4766028 0.4467815 0.4909004 0.4222776 0.4399893 0.3234976 0.4832523 0.4159150 0.4762914 
n278_279   0.2805059 0.2870672 0.2857228 0.2654139 0.3188286 0.2807740 0.0591053 0.2976776 0.2655508 0.4479834 0.2756831 0.4745293 0.0000000 0.2803334 0.2753672 0.0168256 0.0590093 0.3021663 0.0663679 0.2721132 0.2970597 0.4488976 0.0626335 0.2776073 0.0626185 
n287_288   0.0067061 0.0449621 0.0203265 0.2650365 0.0522200 0.0067117 0.2810624 0.0521874 0.2451591 0.4107865 0.0134720 0.4264277 0.2803334 0.0000000 0.1666642 0.2855673 0.2809535 0.0413687 0.2915364 0.2611469 0.0449441 0.3914576 0.2859881 0.2665299 0.2859170 
n200_201   0.1667609 0.1762610 0.1796929 0.2647384 0.1896914 0.1669109 0.2763405 0.1851902 0.2448897 0.4103859 0.1752772 0.4207600 0.2753672 0.1666642 0.0000000 0.2805622 0.2758212 0.1760747 0.2863202 0.2622738 0.1804929 0.4102693 0.2808193 0.2676835 0.2807495 
n277_278   0.2857435 0.2923769 0.3011634 0.2705318 0.3243992 0.2860163 0.0701669 0.3030759 0.2706716 0.4479405 0.2909110 0.4738962 0.0168256 0.2855673 0.2805622 0.0000000 0.0700507 0.3075907 0.0775499 0.2773093 0.3024438 0.4488546 0.0737359 0.2828527 0.0737182 
n299_302   0.2811268 0.2927683 0.2860200 0.2813749 0.3085798 0.2813951 0.0033340 0.3034861 0.2815211 0.4498781 0.2862685 0.4766028 0.0590093 0.2809535 0.2758212 0.0700507 0.0000000 0.3028509 0.0066853 0.2882111 0.3028521 0.4445504 0.0033305 0.2938646 0.0033297 
n297_298   0.0413912 0.0308527 0.0521308 0.2915123 0.0101164 0.0414264 0.3029702 0.0308512 0.2707948 0.4441612 0.0485140 0.4467815 0.3021663 0.0413687 0.1760747 0.3075907 0.3028509 0.0000000 0.3138200 0.2769663 0.0238466 0.4117809 0.3080545 0.2825022 0.3079779 
n280_281   0.2917171 0.3035839 0.2966811 0.2919746 0.3196537 0.2919971 0.0100617 0.3144826 0.2921268 0.4635006 0.2969404 0.4909004 0.0663679 0.2915364 0.2863202 0.0775499 0.0066853 0.3138200 0.0000000 0.2989714 0.3138193 0.4580976 0.0100512 0.3047288 0.0100488 
n285_286   0.2513625 0.2669732 0.2762396 0.1420087 0.2930296 0.2615550 0.2831117 0.2720395 0.1462692 0.4508435 0.2710889 0.4222776 0.2721132 0.2611469 0.2622738 0.2773093 0.2882111 0.2769663 0.2989714 0.0000000 0.2721731 0.4455039 0.2933251 0.0101170 0.2932519 
n275_276   0.0449687 0.0273416 0.0557667 0.2711099 0.0343975 0.0450069 0.3029714 0.0273404 0.2509960 0.4374224 0.0521288 0.4399893 0.2970597 0.0449441 0.1804929 0.3024438 0.3028521 0.0238466 0.3138193 0.2721731 0.0000000 0.4180240 0.3080548 0.2776698 0.3079782 
n255_256   0.3977835 0.4182582 0.4158697 0.4115963 0.4315060 0.3981846 0.4447413 0.4311461 0.3988816 0.0341427 0.4095393 0.3234976 0.4488976 0.3914576 0.4102693 0.4488546 0.4445504 0.4117809 0.4580976 0.4455039 0.4180240 0.0000000 0.4508723 0.4457068 0.4442658 
n292_293   0.2861648 0.2979057 0.2910885 0.2864172 0.3138293 0.2864385 0.0066833 0.3087022 0.2865662 0.4562317 0.2913419 0.4832523 0.0626335 0.2859881 0.2808193 0.0737359 0.0033305 0.3080545 0.0100512 0.2933251 0.3080548 0.4508723 0.0000000 0.2990243 0.0066747 
n286_287   0.2566598 0.2724209 0.2817572 0.1549197 0.2987216 0.2669469 0.2887191 0.2775331 0.1592764 0.4510491 0.2765581 0.4159150 0.2776073 0.2665299 0.2676835 0.2828527 0.2938646 0.2825022 0.3047288 0.0101170 0.2776698 0.4457068 0.2990243 0.0000000 0.2989496 
n300_303   0.2860937 0.2978314 0.2910162 0.2863460 0.3137512 0.2863672 0.0066817 0.3086254 0.2864949 0.4495901 0.2912695 0.4762914 0.0626185 0.2859170 0.2807495 0.0737182 0.0033297 0.3079779 0.0100488 0.2932519 0.3079782 0.4442658 0.0066747 0.2989496 0.0000000 
