24
n298_299   0.0000000 0.3290411 0.1823078 0.3354002 0.0237310 0.2689447 0.3293578 0.0202595 0.0271611 0.0272059 0.3238169 0.0376452 0.3889663 0.3239064 0.0925254 0.4060227 0.3464055 0.0168454 0.3345272 0.2789424 0.0341241 0.3400631 0.4682205 0.3138925 
n280_281   0.3290411 0.0000000 0.3352094 0.2836478 0.3135920 0.2263737 0.0067120 0.3185047 0.3344920 0.3190405 0.0555602 0.3356744 0.3283558 0.0033463 0.3287669 0.3445714 0.2890665 0.3242209 0.0100886 0.2311514 0.3301827 0.0134908 0.4192266 0.0628020 
n200_201   0.1823078 0.3352094 0.0000000 0.3353177 0.1695559 0.2891556 0.3355341 0.1777089 0.1951836 0.1739525 0.3468250 0.1912964 0.3769868 0.3300245 0.1821873 0.3873716 0.3463160 0.1865850 0.3407553 0.3045032 0.1868348 0.3463510 0.4830727 0.3360704 
n286_287   0.3354002 0.2836478 0.3353177 0.0000000 0.3254628 0.1440249 0.2839125 0.3350067 0.3514054 0.3310302 0.2893256 0.3526408 0.3723005 0.2787994 0.3411746 0.3834989 0.0067024 0.3408866 0.2887871 0.1482353 0.3470022 0.2939755 0.4623170 0.2797848 
n287_288   0.0237310 0.3135920 0.1695559 0.3254628 0.0000000 0.2698081 0.3138907 0.0306454 0.0376636 0.0033395 0.3089099 0.0271951 0.3776886 0.3085565 0.0850113 0.3944950 0.3363284 0.0271791 0.3189577 0.2798433 0.0237277 0.3243731 0.4691568 0.2991516 
n266_267   0.2689447 0.2263737 0.2891556 0.1440249 0.2698081 0.0000000 0.2265766 0.2686453 0.2835571 0.2749311 0.2361334 0.2894943 0.3236057 0.2218737 0.2841625 0.3346208 0.1523538 0.2739284 0.2310955 0.0134861 0.2843499 0.2358633 0.4196036 0.2272010 
n292_293   0.3293578 0.0067120 0.3355341 0.2839125 0.3138907 0.2265766 0.0000000 0.3188090 0.3348154 0.3193458 0.0556045 0.3360000 0.3286751 0.0033488 0.3290831 0.3449106 0.2893377 0.3245323 0.0033479 0.2313594 0.3305016 0.0067152 0.4196627 0.0628522 
n293_294   0.0202595 0.3185047 0.1777089 0.3350067 0.0306454 0.2686453 0.3188090 0.0000000 0.0168334 0.0341576 0.3286488 0.0446884 0.3821917 0.3134398 0.0887107 0.3990614 0.3459953 0.0100587 0.3239064 0.2786293 0.0411310 0.3293578 0.4676668 0.3186756 
n275_276   0.0271611 0.3344920 0.1951836 0.3514054 0.0376636 0.2835571 0.3348154 0.0168334 0.0000000 0.0412178 0.3344840 0.0518543 0.3886055 0.3293191 0.1039787 0.4056433 0.3626596 0.0168546 0.3400242 0.2937637 0.0482557 0.3456061 0.4875498 0.3244254 
n289_290   0.0272059 0.3190405 0.1739525 0.3310302 0.0033395 0.2749311 0.3193458 0.0341576 0.0412178 0.0000000 0.3143284 0.0306904 0.3837417 0.3139664 0.0888479 0.4006945 0.3419896 0.0306724 0.3244526 0.2850474 0.0272022 0.3299145 0.4625017 0.3044984 
n278_279   0.3238169 0.0555602 0.3468250 0.2893256 0.3089099 0.2361334 0.0556045 0.3286488 0.3344840 0.3143284 0.0000000 0.3303902 0.3453843 0.0519707 0.3349328 0.3620306 0.2948062 0.3291997 0.0592082 0.2409925 0.3249380 0.0592081 0.4319850 0.0272429 
n295_296   0.0376452 0.3356744 0.1912964 0.3526408 0.0271951 0.2894943 0.3360000 0.0446884 0.0518543 0.0306904 0.3303902 0.0000000 0.3957585 0.3304810 0.1080342 0.4129980 0.3526968 0.0411567 0.3412298 0.2998148 0.0033379 0.3468351 0.4825050 0.3203564 
n251_252   0.3889663 0.3283558 0.3769868 0.3723005 0.3776886 0.3236057 0.3286751 0.3821917 0.3886055 0.3837417 0.3453843 0.3957585 0.0000000 0.3231700 0.3654486 0.0375813 0.3724200 0.3828660 0.3338962 0.3291981 0.3897198 0.3394874 0.3442755 0.3345540 
n274_275   0.3239064 0.0033463 0.3300245 0.2787994 0.3085565 0.2218737 0.0033488 0.3134398 0.3293191 0.3139664 0.0519707 0.3304810 0.3231700 0.0000000 0.3236392 0.3392749 0.2841780 0.3191123 0.0067113 0.2266204 0.3250279 0.0100964 0.4134050 0.0591787 
n236_237   0.0925254 0.3287669 0.1821873 0.3411746 0.0850113 0.2841625 0.3290831 0.0887107 0.1039787 0.0888479 0.3349328 0.1080342 0.3654486 0.3236392 0.0000000 0.3819503 0.3522782 0.0924464 0.3342453 0.2943931 0.1041088 0.3397732 0.4559882 0.3243773 
n255_256   0.4060227 0.3445714 0.3873716 0.3834989 0.3944950 0.3346208 0.3449106 0.3990614 0.4056433 0.4006945 0.3620306 0.4129980 0.0375813 0.3392749 0.3819503 0.0000000 0.3836228 0.3997743 0.3502463 0.3403115 0.4068148 0.3559717 0.3603662 0.3509520 
n285_286   0.3464055 0.2890665 0.3463160 0.0067024 0.3363284 0.1523538 0.2893377 0.3459953 0.3626596 0.3419896 0.2948062 0.3526968 0.3724200 0.2841780 0.3522782 0.3836228 0.0000000 0.3519816 0.2942534 0.1566214 0.3470570 0.2994897 0.4688030 0.2851887 
n294_295   0.0168454 0.3242209 0.1865850 0.3408866 0.0271791 0.2739284 0.3245323 0.0100587 0.0168546 0.0306724 0.3291997 0.0411567 0.3828660 0.3191123 0.0924464 0.3997743 0.3519816 0.0000000 0.3296747 0.2840014 0.0376177 0.3351783 0.4685635 0.3192063 
n300_301   0.3345272 0.0100886 0.3407553 0.2887871 0.3189577 0.2310955 0.0033479 0.3239064 0.3400242 0.3244526 0.0592082 0.3412298 0.3338962 0.0067113 0.3342453 0.3502463 0.2942534 0.3296747 0.0000000 0.2359098 0.3356916 0.0033494 0.4255457 0.0664894 
n265_266   0.2789424 0.2311514 0.3045032 0.1482353 0.2798433 0.0134861 0.2313594 0.2786293 0.2937637 0.2850474 0.2409925 0.2998148 0.3291981 0.2266204 0.2943931 0.3403115 0.1566214 0.2840014 0.2359098 0.0000000 0.2945900 0.2407146 0.4260427 0.2320007 
n296_297   0.0341241 0.3301827 0.1868348 0.3470022 0.0237277 0.2843499 0.3305016 0.0411310 0.0482557 0.0272022 0.3249380 0.0033379 0.3897198 0.3250279 0.1041088 0.4068148 0.3470570 0.0376177 0.3356916 0.2945900 0.0000000 0.3412503 0.4756883 0.3149754 
n299_300   0.3400631 0.0134908 0.3463510 0.2939755 0.3243731 0.2358633 0.0067152 0.3293578 0.3456061 0.3299145 0.0592081 0.3468351 0.3394874 0.0100964 0.3397732 0.3559717 0.2994897 0.3351783 0.0033494 0.2407146 0.3412503 0.0000000 0.4319102 0.0702053 
n244_245   0.4682205 0.4192266 0.4830727 0.4623170 0.4691568 0.4196036 0.4196627 0.4676668 0.4875498 0.4625017 0.4319850 0.4825050 0.3442755 0.4134050 0.4559882 0.3603662 0.4688030 0.4685635 0.4255457 0.4260427 0.4756883 0.4319102 0.0000000 0.4139278 
n277_278   0.3138925 0.0628020 0.3360704 0.2797848 0.2991516 0.2272010 0.0628522 0.3186756 0.3244254 0.3044984 0.0272429 0.3203564 0.3345540 0.0591787 0.3243773 0.3509520 0.2851887 0.3192063 0.0664894 0.2320007 0.3149754 0.0702053 0.4139278 0.0000000 
