24
n287_286   0.0000000 0.0169222 0.2714657 0.0169271 0.2816729 0.2343301 0.2658380 0.0067186 0.4013301 0.2712496 0.0204533 0.2875483 0.4269724 0.0707020 0.0203633 0.2767085 0.0203796 0.2768392 0.3996077 0.2765375 0.0135042 0.2500656 0.2718188 0.1272954 
n294_293   0.0169222 0.0000000 0.2611636 0.0067119 0.2712174 0.2243523 0.2556360 0.0101038 0.3887518 0.2609567 0.0169945 0.2769860 0.4131940 0.0595378 0.0033471 0.2663239 0.0101006 0.2611358 0.3864225 0.2608537 0.0033468 0.2444314 0.2663847 0.1149042 
n277_276   0.2714657 0.2611636 0.0000000 0.2510300 0.0204019 0.2508876 0.0748189 0.2613451 0.5234619 0.0786792 0.2672968 0.0903785 0.5213794 0.3091910 0.2663103 0.0825697 0.2562472 0.3209620 0.4758264 0.3206035 0.2561503 0.2719296 0.0825878 0.3124754 
n298_297   0.0169271 0.0067119 0.2510300 0.0000000 0.2609353 0.2244310 0.2455994 0.0101067 0.3889085 0.2508321 0.0169995 0.2666004 0.4062330 0.0595558 0.0100955 0.2561104 0.0033488 0.2612307 0.3797630 0.2609484 0.0033477 0.2445186 0.2561686 0.1149412 
n278_277   0.2816729 0.2712174 0.0204019 0.2609353 0.0000000 0.2712055 0.0823638 0.2714072 0.5382718 0.0862735 0.2774698 0.0981191 0.5520327 0.3199849 0.2764409 0.0902140 0.2662337 0.3510669 0.5044837 0.3506677 0.2661326 0.2929463 0.0902338 0.3233968 
n265_264   0.2343301 0.2243523 0.2508876 0.2244310 0.2712055 0.0000000 0.2397562 0.2294791 0.4296321 0.2449244 0.2351261 0.2555890 0.4170488 0.2597343 0.2291823 0.2501375 0.2293951 0.1303680 0.3901294 0.1302377 0.2196353 0.0169364 0.2501941 0.2555944 
n292_291   0.2658380 0.2556360 0.0748189 0.2455994 0.0823638 0.2397562 0.0000000 0.2558126 0.4856188 0.0033437 0.2616944 0.0135078 0.5223288 0.2929498 0.2607326 0.0067108 0.2507641 0.2938931 0.4687715 0.2935691 0.2506696 0.2550068 0.0203711 0.3006921 
n289_288   0.0067186 0.0101038 0.2613451 0.0101067 0.2714072 0.2294791 0.2558126 0.0000000 0.3890510 0.2611379 0.0135675 0.2771810 0.4203114 0.0632989 0.0135090 0.2665097 0.0135198 0.2666359 0.3932237 0.2663467 0.0067193 0.2450838 0.2665706 0.1191316 
n244_243   0.4013301 0.3887518 0.5234619 0.3889085 0.5382718 0.4296321 0.4856188 0.3890510 0.0000000 0.4933690 0.3963512 0.5085696 0.3340266 0.4204505 0.3950392 0.4932320 0.3954462 0.4592627 0.3291939 0.4587113 0.3826764 0.4368855 0.4865320 0.4214762 
n300_299   0.2712496 0.2609567 0.0786792 0.2508321 0.0862735 0.2449244 0.0033437 0.2611379 0.4933690 0.0000000 0.2670839 0.0169443 0.5305137 0.2986198 0.2660988 0.0033437 0.2560446 0.2939624 0.4763036 0.2936383 0.2559478 0.2603130 0.0238507 0.3007637 
n296_295   0.0204533 0.0169945 0.2672968 0.0169995 0.2774698 0.2351261 0.2616944 0.0135675 0.3963512 0.2670839 0.0000000 0.2833182 0.4354012 0.0710099 0.0204505 0.2725206 0.0204670 0.2727463 0.4009545 0.2724489 0.0135609 0.2556398 0.2725831 0.1278707 
n280_279   0.2875483 0.2769860 0.0903785 0.2666004 0.0981191 0.2555890 0.0135078 0.2771810 0.5085696 0.0169443 0.2833182 0.0000000 0.5375521 0.3156862 0.2822630 0.0204053 0.2719547 0.3113587 0.4828347 0.3110116 0.2718511 0.2712709 0.0344216 0.3238359 
n255_254   0.4269724 0.4131940 0.5213794 0.4062330 0.5520327 0.4170488 0.5223288 0.4203114 0.3340266 0.5305137 0.4354012 0.5375521 0.0000000 0.4354226 0.4197032 0.5303624 0.4071520 0.4182991 0.0593630 0.4178077 0.4069131 0.4311131 0.5233225 0.4406560 
n236_235   0.0707020 0.0595378 0.3091910 0.0595558 0.3199849 0.2597343 0.2929498 0.0632989 0.4204505 0.2986198 0.0710099 0.3156862 0.4354226 0.0000000 0.0632257 0.3043398 0.0632781 0.2881866 0.4004339 0.2878701 0.0558886 0.2810758 0.3095992 0.1357759 
n293_292   0.0203633 0.0033471 0.2663103 0.0100955 0.2764409 0.2291823 0.2607326 0.0135090 0.3950392 0.2660988 0.0204505 0.2822630 0.4197032 0.0632257 0.0000000 0.2715119 0.0135048 0.2662814 0.3926634 0.2659930 0.0067119 0.2494241 0.2715740 0.1189868 
n299_298   0.2767085 0.2663239 0.0825697 0.2561104 0.0902140 0.2501375 0.0067108 0.2665097 0.4932320 0.0033437 0.2725206 0.0204053 0.5303624 0.3043398 0.2715119 0.0000000 0.2613711 0.2996491 0.4761734 0.2993176 0.2612720 0.2656656 0.0273569 0.3065309 
n297_296   0.0203796 0.0101006 0.2562472 0.0033488 0.2662337 0.2293951 0.2507641 0.0135198 0.3954462 0.2560446 0.0204670 0.2719547 0.4071520 0.0632781 0.0135048 0.2613711 0.0000000 0.2665356 0.3806101 0.2662466 0.0067172 0.2496588 0.2614307 0.1190905 
n286_285   0.2768392 0.2611358 0.3209620 0.2612307 0.3510669 0.1303680 0.2938931 0.2666359 0.4592627 0.2939624 0.2727463 0.3113587 0.4182991 0.2881866 0.2662814 0.2996491 0.2665356 0.0000000 0.4179604 0.0067025 0.2561235 0.1387733 0.2996297 0.2728008 
n251_250   0.3996077 0.3864225 0.4758264 0.3797630 0.5044837 0.3901294 0.4687715 0.3932237 0.3291939 0.4763036 0.4009545 0.4828347 0.0593630 0.4004339 0.3926634 0.4761734 0.3806101 0.4179604 0.0000000 0.4174697 0.3803911 0.4035710 0.4696456 0.4127029 
n285_284   0.2765375 0.2608537 0.3206035 0.2609484 0.3506677 0.1302377 0.2935691 0.2663467 0.4587113 0.2936383 0.2724489 0.3110116 0.4178077 0.2878701 0.2659930 0.2993176 0.2662466 0.0067025 0.4174697 0.0000000 0.2558475 0.1386338 0.2933086 0.2725033 
n275_274   0.0135042 0.0033468 0.2561503 0.0033477 0.2661326 0.2196353 0.2506696 0.0067193 0.3826764 0.2559478 0.0135609 0.2718511 0.4069131 0.0558886 0.0067119 0.2612720 0.0067172 0.2561235 0.3803911 0.2558475 0.0000000 0.2395624 0.2613316 0.1108835 
n266_265   0.2500656 0.2444314 0.2719296 0.2445186 0.2929463 0.0169364 0.2550068 0.2450838 0.4368855 0.2603130 0.2556398 0.2712709 0.4311131 0.2810758 0.2494241 0.2656656 0.2496588 0.1387733 0.4035710 0.1386338 0.2395624 0.0000000 0.2657261 0.2768455 
n274_273   0.2718188 0.2663847 0.0825878 0.2561686 0.0902338 0.2501941 0.0203711 0.2665706 0.4865320 0.0238507 0.2725831 0.0344216 0.5233225 0.3095992 0.2715740 0.0273569 0.2614307 0.2996297 0.4696456 0.2933086 0.2613316 0.2657261 0.0000000 0.3123607 
n200_199   0.1272954 0.1149042 0.3124754 0.1149412 0.3233968 0.2555944 0.3006921 0.1191316 0.4214762 0.3007637 0.1278707 0.3238359 0.4406560 0.1357759 0.1189868 0.3065309 0.1190905 0.2728008 0.4127029 0.2725033 0.1108835 0.2768455 0.3123607 0.0000000 
