24
n297_274   0.0000000 0.3018570 4.0996685 0.0272758 0.6913537 2.2844392 0.1332785 3.0586256 0.2601277 3.0130877 2.6053411 0.2915594 3.1362685 2.2392430 1.0018727 3.0637391 3.5963062 0.1170423 3.0118528 0.1331878 0.2652809 0.2661365 2.4854822 2.8735214 
n296_273   0.3018570 0.0000000 2.2305160 0.3016679 0.6100356 2.0196083 0.3061298 2.0122709 0.1366458 2.1934635 2.5520054 0.1621105 2.3742329 1.9638326 0.9288264 2.2098405 3.4609687 0.3117887 2.1244202 0.3167655 0.1450823 0.0377590 2.6655491 2.0769275 
n277_254   4.0996685 2.2305160 0.0000000 3.8255205 3.0196206 2.3110519 3.8266769 0.1085803 2.4505310 0.4295125 2.7112923 2.6579678 0.4359651 2.4927724 3.4846149 0.4299466 5.0992599 3.1180335 0.4292291 4.0391916 2.5523899 2.2136894 2.8698898 0.4625893 
n298_275   0.0272758 0.3016679 3.8255205 0.0000000 0.7096471 2.2295870 0.1331905 2.9401517 0.2698474 2.7843388 2.7057105 0.3017455 2.7903533 2.1411536 0.9881520 2.8237602 3.3131377 0.1210548 2.7831713 0.1330999 0.2750788 0.2759701 2.5604190 2.7345133 
n236_219   0.6913537 0.6100356 3.0196206 0.7096471 0.0000000 2.5360521 0.6892633 2.5255392 0.5753391 2.9121867 3.3623763 0.5932870 3.0007742 2.7289746 0.9620209 2.8073242 2.5104991 0.6264669 2.7573575 0.6978256 0.5608827 0.6116264 2.9305038 2.5116069 
n266_243   2.2844392 2.0196083 2.3110519 2.2295870 2.5360521 0.0000000 2.1252529 2.2394535 1.8626699 3.1662175 0.9941317 1.8354422 3.1422787 0.1630312 2.2529743 2.7871600 3.3904672 2.0255565 2.9249303 2.1822561 1.9487096 1.8605697 0.9245674 2.8240517 
n293_270   0.1332785 0.3061298 3.8266769 0.1331905 0.6892633 2.1252529 0.0000000 3.3391733 0.2693123 2.8122718 2.5344467 0.3112831 3.0090709 2.2044684 0.9720221 2.6531421 3.7252834 0.1008278 2.6987004 0.0306914 0.2792284 0.2905119 2.2804616 2.7861344 
n278_255   3.0586256 2.0122709 0.1085803 2.9401517 2.5255392 2.2394535 3.3391733 0.0000000 2.2886680 0.4621065 3.1916145 2.5409058 0.4550602 2.3810891 3.2025542 0.4625508 6.9275473 3.0858146 0.4620430 3.3102888 2.5212937 2.0000507 3.4305870 0.4960327 
n290_267   0.2601277 0.1366458 2.4505310 0.2698474 0.5753391 1.8626699 0.2693123 2.2886680 0.0000000 2.6082403 2.2829526 0.0483704 2.6547610 1.9974493 0.9633201 2.6262637 3.2681567 0.2798472 2.5924093 0.2793793 0.0447817 0.1086186 2.2238038 2.3770766 
n292_269   3.0130877 2.1934635 0.4295125 2.7843388 2.9121867 3.1662175 2.8122718 0.4621065 2.6082403 0.0000000 2.4594502 2.7125619 0.1206545 4.0004505 9.0000000 0.0377777 3.1979872 2.8588894 0.0342114 2.8987106 2.5934927 2.3182417 2.4495984 0.0853422 
n286_263   2.6053411 2.5520054 2.7112923 2.7057105 3.3623763 0.9941317 2.5344467 3.1916145 2.2829526 2.4594502 0.0000000 2.4559861 2.1338091 0.9781692 3.5568245 2.2878377 2.3617361 2.5924140 2.4364342 2.4047516 2.3284806 2.2459846 0.0740950 2.5629447 
n289_266   0.2915594 0.1621105 2.6579678 0.3017455 0.5932870 1.8354422 0.3112831 2.5409058 0.0483704 2.7125619 2.4559861 0.0000000 3.0157635 2.0530851 0.9617313 2.7421285 4.0850911 0.2908115 2.6949875 0.3219980 0.0666793 0.1371401 2.4056192 2.4081588 
n274_251   3.1362685 2.3742329 0.4359651 2.7903533 3.0007742 3.1422787 3.0090709 0.4550602 2.6547610 0.1206545 2.1338091 3.0157635 0.0000000 4.0734815 4.0210620 0.1248876 3.2938306 3.1419237 0.1126280 2.9218043 2.8058614 2.3847793 2.2186792 0.1286014 
n265_242   2.2392430 1.9638326 2.4927724 2.1411536 2.7289746 0.1630312 2.2044684 2.3810891 1.9974493 4.0004505 0.9781692 2.0530851 4.0734815 0.0000000 2.0257004 3.1877941 4.0835231 2.0785838 3.4106723 2.3278783 2.0477905 2.0326389 0.9506820 3.0878792 
n200_191   1.0018727 0.9288264 3.4846149 0.9881520 0.9620209 2.2529743 0.9720221 3.2025542 0.9633201 9.0000000 3.5568245 0.9617313 4.0210620 2.0257004 0.0000000 4.7746217 6.5533376 0.9617478 4.8756547 1.0153856 1.0173896 0.9536725 3.4712224 6.8613405 
n300_277   3.0637391 2.2098405 0.4299466 2.8237602 2.8073242 2.7871600 2.6531421 0.4625508 2.6262637 0.0377777 2.2878377 2.7421285 0.1248876 3.1877941 4.7746217 0.0000000 3.1879411 2.7209457 0.0168916 2.8875837 2.6197097 2.3372318 2.4068686 0.0892992 
n244_225   3.5963062 3.4609687 5.0992599 3.3131377 2.5104991 3.3904672 3.7252834 6.9275473 3.2681567 3.1979872 2.3617361 4.0850911 3.2938306 4.0835231 6.5533376 3.1879411 0.0000000 3.5455102 3.5729767 3.4206769 3.6447195 3.6046171 2.4708053 2.7599831 
n275_252   0.1170423 0.3117887 3.1180335 0.1210548 0.6264669 2.0255565 0.1008278 3.0858146 0.2798472 2.8588894 2.5924140 0.2908115 3.1419237 2.0785838 0.9617478 2.7209457 3.5455102 0.0000000 2.6773756 0.1007841 0.2903906 0.2857694 2.4710008 2.7383865 
n299_276   3.0118528 2.1244202 0.4292291 2.7831713 2.7573575 2.9249303 2.6987004 0.4620430 2.5924093 0.0342114 2.4364342 2.6949875 0.1126280 3.4106723 4.8756547 0.0168916 3.5729767 2.6773756 0.0000000 2.8458256 2.5778979 2.2393583 2.4855220 0.0853771 
n294_271   0.1331878 0.3167655 4.0391916 0.1330999 0.6978256 2.1822561 0.0306914 3.3102888 0.2793793 2.8987106 2.4047516 0.3219980 2.9218043 2.3278783 1.0153856 2.8875837 3.4206769 0.1007841 2.8458256 0.0000000 0.2894369 0.3009158 2.2893996 2.8705659 
n287_264   0.2652809 0.1450823 2.5523899 0.2750788 0.5608827 1.9487096 0.2792284 2.5212937 0.0447817 2.5934927 2.3284806 0.0666793 2.8058614 2.0477905 1.0173896 2.6197097 3.6447195 0.2903906 2.5778979 0.2894369 0.0000000 0.1207331 2.2668202 2.3706293 
n295_272   0.2661365 0.0377590 2.2136894 0.2759701 0.6116264 1.8605697 0.2905119 2.0000507 0.1086186 2.3182417 2.2459846 0.1371401 2.3847793 2.0326389 0.9536725 2.3372318 3.6046171 0.2857694 2.2393583 0.3009158 0.1207331 0.0000000 2.2425689 2.1352518 
n285_262   2.4854822 2.6655491 2.8698898 2.5604190 2.9305038 0.9245674 2.2804616 3.4305870 2.2238038 2.4495984 0.0740950 2.4056192 2.2186792 0.9506820 3.4712224 2.4068686 2.4708053 2.4710008 2.4855220 2.2893996 2.2668202 2.2425689 0.0000000 2.5268353 
n280_257   2.8735214 2.0769275 0.4625893 2.7345133 2.5116069 2.8240517 2.7861344 0.4960327 2.3770766 0.0853422 2.5629447 2.4081588 0.1286014 3.0878792 6.8613405 0.0892992 2.7599831 2.7383865 0.0853771 2.8705659 2.3706293 2.1352518 2.5268353 0.0000000 
