23
n298_299   0.0000000 0.3072848 0.1446504 0.2417811 0.0447638 0.2191549 0.3074287 0.0203003 0.0237527 0.0447612 0.0066994 0.2514696 0.0341856 0.3303843 0.3077653 0.0447714 0.1044796 0.3518649 0.2324364 0.2971119 0.2055183 0.3990303 0.2513961 
n280_281   0.3072848 0.0000000 0.3119056 0.2425688 0.3175221 0.2372485 0.0203126 0.3021059 0.3179025 0.3226068 0.3125296 0.0778111 0.3070179 0.3988809 0.0342081 0.3227329 0.3337875 0.4096908 0.2376809 0.0134766 0.2278563 0.4867650 0.0779233 
n200_201   0.1446504 0.3119056 0.0000000 0.2415760 0.1283033 0.2423676 0.3120525 0.1404973 0.1446748 0.1363456 0.1445820 0.2656635 0.1242967 0.3346890 0.3073346 0.1363833 0.1571195 0.3560290 0.2367120 0.3016820 0.2328956 0.4154229 0.2656495 
n286_287   0.2417811 0.2425688 0.2415760 0.0000000 0.2367850 0.1405769 0.2471701 0.2415956 0.2464674 0.2367529 0.2416578 0.2142118 0.2229264 0.3457969 0.2379126 0.2368319 0.2660026 0.3561662 0.0066936 0.2376978 0.1324043 0.4668294 0.2142021 
n287_288   0.0447638 0.3175221 0.1283033 0.2367850 0.0000000 0.2236521 0.3176730 0.0376671 0.0412133 0.0066980 0.0447443 0.2562204 0.0168683 0.3193090 0.3129203 0.0066994 0.0928323 0.3457709 0.2368088 0.3072128 0.2099347 0.3921000 0.2561451 
n266_267   0.2191549 0.2372485 0.2423676 0.1405769 0.2236521 0.0000000 0.2373488 0.2236684 0.2284234 0.2281500 0.2190449 0.1869668 0.2144484 0.3364080 0.2330227 0.2282251 0.2380338 0.3411495 0.1324534 0.2280144 0.0134785 0.4053152 0.1869590 
n292_293   0.3074287 0.0203126 0.3120525 0.2471701 0.3176730 0.2373488 0.0000000 0.3022464 0.3180538 0.3227611 0.3126771 0.0740375 0.3071616 0.3923024 0.0271974 0.3228874 0.3339500 0.3975702 0.2422508 0.0066975 0.2279514 0.4869190 0.0778171 
n293_294   0.0203003 0.3021059 0.1404973 0.2415956 0.0376671 0.2236684 0.3022464 0.0000000 0.0100763 0.0376650 0.0202916 0.2466834 0.0271985 0.3198713 0.3025766 0.0376735 0.0967012 0.3463925 0.2322577 0.2920020 0.2099492 0.3931995 0.2466117 
n275_276   0.0237527 0.3179025 0.1446748 0.2464674 0.0412133 0.2284234 0.3180538 0.0100763 0.0000000 0.0412110 0.0237425 0.2612298 0.0306880 0.3304812 0.3184038 0.0412203 0.1006008 0.3573860 0.2370624 0.3075776 0.2146068 0.4049463 0.2611525 
n289_290   0.0447612 0.3226068 0.1363456 0.2367529 0.0066980 0.2281500 0.3227611 0.0376650 0.0412110 0.0000000 0.0447417 0.2609063 0.0168675 0.3244274 0.3179828 0.0066991 0.0928254 0.3510608 0.2367767 0.3122322 0.2143536 0.3923033 0.2608293 
n297_298   0.0066994 0.3125296 0.1445820 0.2416578 0.0447443 0.2190449 0.3126771 0.0202916 0.0237425 0.0447417 0.0000000 0.2563058 0.0341708 0.3302019 0.3130203 0.0447520 0.1044317 0.3516674 0.2323188 0.3022848 0.2054162 0.3987968 0.2562305 
n278_279   0.2514696 0.0778111 0.2656635 0.2142118 0.2562204 0.1869668 0.0740375 0.2466834 0.2612298 0.2609063 0.2563058 0.0000000 0.2465986 0.3692203 0.0703505 0.2609974 0.2710678 0.3743516 0.2095361 0.0666424 0.1782385 0.4158787 0.0100772 
n295_296   0.0341856 0.3070179 0.1242967 0.2229264 0.0168683 0.2144484 0.3071616 0.0271985 0.0306880 0.0168675 0.0341708 0.2465986 0.0000000 0.3196355 0.3024668 0.0168712 0.0814945 0.3461300 0.2229482 0.2968537 0.2009065 0.3862274 0.2465269 
n251_252   0.3303843 0.3988809 0.3346890 0.3457969 0.3193090 0.3364080 0.3923024 0.3198713 0.3304812 0.3244274 0.3302019 0.3692203 0.3196355 0.0000000 0.3810190 0.3193766 0.3523488 0.0556157 0.3349627 0.3921833 0.3146203 0.3500561 0.3519661 
n274_275   0.3077653 0.0342081 0.3073346 0.2379126 0.3129203 0.2330227 0.0271974 0.3025766 0.3184038 0.3179828 0.3130203 0.0703505 0.3024668 0.3810190 0.0000000 0.3129861 0.3291037 0.3862225 0.2330575 0.0202992 0.2236718 0.4805127 0.0741090 
n290_291   0.0447714 0.3227329 0.1363833 0.2368319 0.0066994 0.2282251 0.3228874 0.0376735 0.0412203 0.0066991 0.0447520 0.2609974 0.0168712 0.3193766 0.3129861 0.0000000 0.0928489 0.3458454 0.2368557 0.3123521 0.2144224 0.3915606 0.2609203 
n236_237   0.1044796 0.3337875 0.1571195 0.2660026 0.0928323 0.2380338 0.3339500 0.0967012 0.1006008 0.0928254 0.1044317 0.2710678 0.0814945 0.3523488 0.3291037 0.0928489 0.0000000 0.3683128 0.2563373 0.3232446 0.2335147 0.4353288 0.2709867 
n255_256   0.3518649 0.4096908 0.3560290 0.3561662 0.3457709 0.3411495 0.3975702 0.3463925 0.3573860 0.3510608 0.3516674 0.3743516 0.3461300 0.0556157 0.3862225 0.3458454 0.3683128 0.0000000 0.3451950 0.3974489 0.3302002 0.3560119 0.3682056 
n285_286   0.2324364 0.2376809 0.2367120 0.0066936 0.2368088 0.1324534 0.2422508 0.2322577 0.2370624 0.2367767 0.2323188 0.2095361 0.2229482 0.3349627 0.2330575 0.2368557 0.2563373 0.3451950 0.0000000 0.2328477 0.1243743 0.4540593 0.2095267 
n300_301   0.2971119 0.0134766 0.3016820 0.2376978 0.3072128 0.2280144 0.0066975 0.2920020 0.3075776 0.3122322 0.3022848 0.0666424 0.2968537 0.3921833 0.0202992 0.3123521 0.3232446 0.3974489 0.2328477 0.0000000 0.2187408 0.4736474 0.0703779 
n265_266   0.2055183 0.2278563 0.2328956 0.1324043 0.2099347 0.0134785 0.2279514 0.2099492 0.2146068 0.2143536 0.2054162 0.1782385 0.2009065 0.3146203 0.2236718 0.2144224 0.2335147 0.3302002 0.1243743 0.2187408 0.0000000 0.3988445 0.1782313 
n244_245   0.3990303 0.4867650 0.4154229 0.4668294 0.3921000 0.4053152 0.4869190 0.3931995 0.4049463 0.3923033 0.3987968 0.4158787 0.3862274 0.3500561 0.4805127 0.3915606 0.4353288 0.3560119 0.4540593 0.4736474 0.3988445 0.0000000 0.4158460 
n277_278   0.2513961 0.0779233 0.2656495 0.2142021 0.2561451 0.1869590 0.0778171 0.2466117 0.2611525 0.2608293 0.2562305 0.0100772 0.2465269 0.3519661 0.0741090 0.2609203 0.2709867 0.3682056 0.2095267 0.0703779 0.1782313 0.4158460 0.0000000 
