26
n277_278   0.0000000 1.6788749 2.9342724 1.6354768 2.6647546 0.4276952 2.7273449 2.1552534 0.1199256 0.4539596 2.7528734 2.2297960 2.5939010 2.1776221 2.3902072 0.4539825 0.4542224 2.7039547 2.9918595 3.5665133 2.0203633 1.8368778 2.2796071 3.6211597 2.1577813 0.4679458 
n286_287   1.6788749 0.0000000 1.9324358 0.0737889 1.9665979 1.6201407 5.6099072 1.9363124 1.6645474 1.5568565 2.6039728 1.9536313 2.0761080 1.8622341 2.1257856 1.5442178 1.7368724 2.1431282 2.2141510 4.4733372 1.0794963 0.8830623 2.0928078 6.9730881 1.9501963 1.5575284 
n296_297   2.9342724 1.9324358 0.0000000 2.0819357 0.1386837 2.5203159 2.7352438 0.2622000 2.9823678 2.2486363 0.7249483 0.2759597 0.1509919 0.2772625 1.4009003 2.2910024 2.1706304 0.0524241 0.1508928 3.9995125 2.0562646 2.1251100 0.2883919 4.3170310 0.2824407 2.5245552 
n285_286   1.6354768 0.0737889 2.0819357 0.0000000 2.0215600 1.5153576 3.8610250 1.9802962 1.6603608 1.4249427 2.5769573 2.0434764 2.1780366 1.9411321 2.5462556 1.4086038 1.6080133 2.3307965 2.2838245 3.4202435 1.0659010 0.8652550 2.1050787 3.8249090 1.8883268 1.4254354 
n289_290   2.6647546 1.9665979 0.1386837 2.0215600 0.0000000 2.3785188 3.3058375 0.2730353 2.7770807 2.1449819 0.7012420 0.2701740 0.0559917 0.2874919 1.4504563 2.1572783 2.0740646 0.1475612 0.0559618 5.4695726 2.1656551 2.1047625 0.2722085 5.6183440 0.2985304 2.2867812 
n274_275   0.4276952 1.6201407 2.5203159 1.5153576 2.3785188 0.0000000 3.4563073 1.8369376 0.4111857 0.1254881 2.3152599 2.0866726 2.3636765 1.9252713 1.7083576 0.1174927 0.1170426 2.4848334 2.6988270 2.3346317 1.8414988 1.6606970 2.0253502 9.0000000 1.8690454 0.1295249 
n255_256   2.7273449 5.6099072 2.7352438 3.8610250 3.3058375 3.4563073 0.0000000 2.4886126 2.8949355 4.9690031 2.7826248 2.2175982 3.6082651 2.5964564 2.6850224 4.4494254 4.7429140 2.7363420 2.9790358 1.8782131 2.7201057 2.7470625 2.4951961 0.3014111 2.4817336 5.8379345 
n275_276   2.1552534 1.9363124 0.2622000 1.9802962 0.2730353 1.8369376 2.4886126 0.0000000 2.1265585 1.8177870 0.6559203 0.1173590 0.2773619 0.0976782 1.4590680 1.8688954 1.7666159 0.2576388 0.2873498 4.7454369 2.0015868 1.9763122 0.0937893 5.5187430 0.1051056 1.9476235 
n278_279   0.1199256 1.6645474 2.9823678 1.6603608 2.7770807 0.4111857 2.8949355 2.1265585 0.0000000 0.4239909 3.2526470 2.1297877 2.5253273 2.0671855 2.0193574 0.4120884 0.4176165 2.8362720 2.9368688 3.1826180 1.9313893 1.9031526 2.3444195 4.7475179 2.0498522 0.4371832 
n299_300   0.4539596 1.5568565 2.2486363 1.4249427 2.1449819 0.1254881 4.9690031 1.8177870 0.4239909 0.0000000 2.4136376 2.0307416 2.0642401 1.9499794 1.6372014 0.0376185 0.0890164 2.2729274 2.3295183 2.2033905 1.8461051 1.7155538 2.0307781 9.0000000 1.8627112 0.0341917 
n236_237   2.7528734 2.6039728 0.7249483 2.5769573 0.7012420 2.3152599 2.7826248 0.6559203 3.2526470 2.4136376 0.0000000 0.6467133 0.7062666 0.6611239 1.2235374 2.4730797 2.0955154 0.7443189 0.6963355 4.0241886 2.3265291 2.1267141 0.6303658 4.5518577 0.6167616 2.4086121 
n293_294   2.2297960 1.9536313 0.2759597 2.0434764 0.2701740 2.0866726 2.2175982 0.1173590 2.1297877 2.0307416 0.6467133 0.0000000 0.2602288 0.1172784 1.5105078 2.0651694 1.9564776 0.2661480 0.2698318 4.1012167 2.0144437 1.8494935 0.0561699 4.6176086 0.1168443 2.1627805 
n290_291   2.5939010 2.0761080 0.1509919 2.1780366 0.0559917 2.3636765 3.6082651 0.2773619 2.5253273 2.0642401 0.7062666 0.2602288 0.0000000 0.2672789 1.5743249 2.0392450 2.0437708 0.1559831 0.0524017 5.9081436 2.4038939 2.3246443 0.2776478 8.9999988 0.2827006 2.1938424 
n297_298   2.1776221 1.8622341 0.2772625 1.9411321 0.2874919 1.9252713 2.5964564 0.0976782 2.0671855 1.9499794 0.6611239 0.1172784 0.2672789 0.0000000 1.4808808 2.0085373 1.8951781 0.2675075 0.2770292 8.9999985 1.8829026 1.9480152 0.1095666 8.0341837 0.0377862 2.1075487 
n200_201   2.3902072 2.1257856 1.4009003 2.5462556 1.4504563 1.7083576 2.6850224 1.4590680 2.0193574 1.6372014 1.2235374 1.5105078 1.5743249 1.4808808 0.0000000 1.7163423 1.6584203 1.4398412 1.6177947 2.3729834 2.2152784 2.1093093 1.4224472 3.4735910 1.4487259 1.6542148 
n292_293   0.4539825 1.5442178 2.2910024 1.4086038 2.1572783 0.1174927 4.4494254 1.8688954 0.4120884 0.0376185 2.4730797 2.0651694 2.0392450 2.0085373 1.7163423 0.0000000 0.0776021 2.3628667 2.3454135 2.2630509 2.0020169 1.8436237 2.0650895 8.9999990 1.9163305 0.0376431 
n280_281   0.4542224 1.7368724 2.1706304 1.6080133 2.0740646 0.1170426 4.7429140 1.7666159 0.4176165 0.0890164 2.0955154 1.9564776 2.0437708 1.8951781 1.6584203 0.0776021 0.0000000 2.3501079 2.3509928 2.4086006 1.9064347 1.6554552 1.9916329 9.0000000 1.8122885 0.0890787 
n295_296   2.7039547 2.1431282 0.0524241 2.3307965 0.1475612 2.4848334 2.7363420 0.2576388 2.8362720 2.2729274 0.7443189 0.2661480 0.1559831 0.2675075 1.4398412 2.3628667 2.3501079 0.0000000 0.1473352 9.0000000 2.2126115 2.3432971 0.2783587 4.3543515 0.2779453 2.3766025 
n287_288   2.9918595 2.2141510 0.1508928 2.2838245 0.0559618 2.6988270 2.9790358 0.2873498 2.9368688 2.3295183 0.6963355 0.2698318 0.0524017 0.2770292 1.6177947 2.3454135 2.3509928 0.1473352 0.0000000 5.5278585 2.2948858 2.2217959 0.2819129 6.4687063 0.2926604 2.5030505 
n244_245   3.5665133 4.4733372 3.9995125 3.4202435 5.4695726 2.3346317 1.8782131 4.7454369 3.1826180 2.2033905 4.0241886 4.1012167 5.9081436 8.9999985 2.3729834 2.2630509 2.4086006 9.0000000 5.5278585 0.0000000 4.2744067 4.1125929 3.4284841 1.8449007 4.8060848 2.1906777 
n265_266   2.0203633 1.0794963 2.0562646 1.0659010 2.1656551 1.8414988 2.7201057 2.0015868 1.9313893 1.8461051 2.3265291 2.0144437 2.4038939 1.8829026 2.2152784 2.0020169 1.9064347 2.2126115 2.2948858 4.2744067 0.0000000 0.1928920 2.0446045 3.4449564 1.9246949 1.9582823 
n266_267   1.8368778 0.8830623 2.1251100 0.8652550 2.1047625 1.6606970 2.7470625 1.9763122 1.9031526 1.7155538 2.1267141 1.8494935 2.3246443 1.9480152 2.1093093 1.8436237 1.6554552 2.3432971 2.2217959 4.1125929 0.1928920 0.0000000 1.9171831 3.9450841 1.9390670 1.8091384 
n294_295   2.2796071 2.0928078 0.2883919 2.1050787 0.2722085 2.0253502 2.4951961 0.0937893 2.3444195 2.0307781 0.6303658 0.0561699 0.2776478 0.1095666 1.4224472 2.0650895 1.9916329 0.2783587 0.2819129 3.4284841 2.0446045 1.9171831 0.0000000 4.7379012 0.1091620 2.1623425 
n251_252   3.6211597 6.9730881 4.3170310 3.8249090 5.6183440 9.0000000 0.3014111 5.5187430 4.7475179 9.0000000 4.5518577 4.6176086 8.9999988 8.0341837 3.4735910 8.9999990 9.0000000 4.3543515 6.4687063 1.8449007 3.4449564 3.9450841 4.7379012 0.0000000 6.8766671 9.0000000 
n298_299   2.1577813 1.9501963 0.2824407 1.8883268 0.2985304 1.8690454 2.4817336 0.1051056 2.0498522 1.8627112 0.6167616 0.1168443 0.2827006 0.0377862 1.4487259 1.9163305 1.8122885 0.2779453 0.2926604 4.8060848 1.9246949 1.9390670 0.1091620 6.8766671 0.0000000 2.0512829 
n300_301   0.4679458 1.5575284 2.5245552 1.4254354 2.2867812 0.1295249 5.8379345 1.9476235 0.4371832 0.0341917 2.4086121 2.1627805 2.1938424 2.1075487 1.6542148 0.0376431 0.0890787 2.3766025 2.5030505 2.1906777 1.9582823 1.8091384 2.1623425 9.0000000 2.0512829 0.0000000 
