26
n289_290   0.0000000 0.0448137 0.0134742 0.2734316 0.2575989 0.2891261 0.0066977 0.0448571 0.2784891 0.3646863 0.0483686 0.2624049 0.0033408 0.4096945 0.2789970 0.0033431 0.1615550 0.2890390 0.0412559 0.0814487 0.0377251 0.2730629 0.0377410 0.3368913 0.2844075 0.2680630 
n294_295   0.0448137 0.0000000 0.0520311 0.2786618 0.2579369 0.2944913 0.0519581 0.0169248 0.2837615 0.3590231 0.0033433 0.2627503 0.0412750 0.4225862 0.2842811 0.0484064 0.1573361 0.2940047 0.0168869 0.0852416 0.0134772 0.2735500 0.0134828 0.3424935 0.2897390 0.2685405 
n295_296   0.0134742 0.0520311 0.0000000 0.2838079 0.2677015 0.2997634 0.0203055 0.0520808 0.2889470 0.3765779 0.0556248 0.2725793 0.0100842 0.4104467 0.2894778 0.0168916 0.1617187 0.2996752 0.0484313 0.0891035 0.0448606 0.2783880 0.0448797 0.3483116 0.2949800 0.2733454 
n280_281   0.2734316 0.2786618 0.2838079 0.0000000 0.2059962 0.0238028 0.2781587 0.2737636 0.0168898 0.3459333 0.2836133 0.2058700 0.2685671 0.3907885 0.0378324 0.2684206 0.2632517 0.0484843 0.2684560 0.2393160 0.2635570 0.2832440 0.2687899 0.3473552 0.0273098 0.2832372 
n266_267   0.2575989 0.2579369 0.2677015 0.2059962 0.0000000 0.2157178 0.2526369 0.2531866 0.1971807 0.3589297 0.2627369 0.0100275 0.2528508 0.3617097 0.2022315 0.2625991 0.2732922 0.2066860 0.2480623 0.2333807 0.2433107 0.1840596 0.2483657 0.3423747 0.2114073 0.1840557 
n299_300   0.2891261 0.2944913 0.2997634 0.0238028 0.2157178 0.0000000 0.2939533 0.2894798 0.0203478 0.3523185 0.2995589 0.2155854 0.2841513 0.3922556 0.0414385 0.2943867 0.2786918 0.0521591 0.2840317 0.2542184 0.2790200 0.2943046 0.2843893 0.3652774 0.0101060 0.2942974 
n290_291   0.0066977 0.0519581 0.0203055 0.2781587 0.2526369 0.2939533 0.0000000 0.0520086 0.2832474 0.3699903 0.0555467 0.2574085 0.0100705 0.4152891 0.2837651 0.0100756 0.1700064 0.2938658 0.0483636 0.0852293 0.0447980 0.2729339 0.0448169 0.3420161 0.2892109 0.2679367 
n298_303   0.0448571 0.0169248 0.0520808 0.2737636 0.2531866 0.2894798 0.0520086 0.0000000 0.2788280 0.3649645 0.0203535 0.2579695 0.0413150 0.4166374 0.2793371 0.0484526 0.1616676 0.2890012 0.0100861 0.0853241 0.0067081 0.2686873 0.0134954 0.3371448 0.2847551 0.2688180 
n274_275   0.2784891 0.2837615 0.2889470 0.0168898 0.1971807 0.0203478 0.2832474 0.2788280 0.0000000 0.3407567 0.2887492 0.1970598 0.2735903 0.3795370 0.0272946 0.2836624 0.2583256 0.0377880 0.2734765 0.2345487 0.2685424 0.2734540 0.2738179 0.3421546 0.0238319 0.2734475 
n251_252   0.3646863 0.3590231 0.3765779 0.3459333 0.3589297 0.3523185 0.3699903 0.3649645 0.3407567 0.0000000 0.3645570 0.3581849 0.3591840 0.2888000 0.3473066 0.3648692 0.3428078 0.3583336 0.3588438 0.3267667 0.3532986 0.4246159 0.3542093 0.0558861 0.3413319 0.4187032 
n293_294   0.0483686 0.0033433 0.0556248 0.2836133 0.2627369 0.2995589 0.0555467 0.0203535 0.2887492 0.3645570 0.0000000 0.2675815 0.0448139 0.4224209 0.2892794 0.0519802 0.1614977 0.2990641 0.0203078 0.0890021 0.0168826 0.2784650 0.0168896 0.3479066 0.2947782 0.2734211 
n265_266   0.2624049 0.2627503 0.2725793 0.2058700 0.0100275 0.2155854 0.2574085 0.2579695 0.1970598 0.3581849 0.2675815 0.0000000 0.2576268 0.3609620 0.2021073 0.2674400 0.2782161 0.2065590 0.2528069 0.2380231 0.2480249 0.1795766 0.2531171 0.3416690 0.2112774 0.1795728 
n296_297   0.0033408 0.0412750 0.0100842 0.2685671 0.2528508 0.2841513 0.0100705 0.0413150 0.2735903 0.3591840 0.0448139 0.2576268 0.0000000 0.4038702 0.2740880 0.0067021 0.1573964 0.2840648 0.0377347 0.0777274 0.0342204 0.2682054 0.0342348 0.3315872 0.2794595 0.2632386 
n244_245   0.4096945 0.4225862 0.4104467 0.3907885 0.3617097 0.3922556 0.4152891 0.4166374 0.3795370 0.2888000 0.4224209 0.3609620 0.4038702 0.0000000 0.3803955 0.4159352 0.4179012 0.3916755 0.4040505 0.3865468 0.4041075 0.3958836 0.4105957 0.2841491 0.3869156 0.3958732 
n278_279   0.2789970 0.2842811 0.2894778 0.0378324 0.2022315 0.0414385 0.2837651 0.2793371 0.0272946 0.3473066 0.2892794 0.2021073 0.2740880 0.3803955 0.0000000 0.2841815 0.2639887 0.0100753 0.2739737 0.2349652 0.2690293 0.2792785 0.2743164 0.3487385 0.0450715 0.2792718 
n287_288   0.0033431 0.0484064 0.0168916 0.2684206 0.2625991 0.2943867 0.0100756 0.0484526 0.2836624 0.3648692 0.0519802 0.2674400 0.0067021 0.4159352 0.2841815 0.0000000 0.1658710 0.2942990 0.0448272 0.0852546 0.0412770 0.2781889 0.0412944 0.3370574 0.2896367 0.2731507 
n200_201   0.1615550 0.1573361 0.1617187 0.2632517 0.2732922 0.2786918 0.1700064 0.1616676 0.2583256 0.3428078 0.1614977 0.2782161 0.1573964 0.4179012 0.2639887 0.1658710 0.0000000 0.2688366 0.1572671 0.1285474 0.1530949 0.2888764 0.1574472 0.3441473 0.2790593 0.2888694 
n277_278   0.2890390 0.2940047 0.2996752 0.0484843 0.2066860 0.0521591 0.2938658 0.2890012 0.0377880 0.3583336 0.2990641 0.2065590 0.2840648 0.3916755 0.0100753 0.2942990 0.2688366 0.0000000 0.2835624 0.2444086 0.2785588 0.2895723 0.2839189 0.3598191 0.0558611 0.2895652 
n297_298   0.0412559 0.0168869 0.0484313 0.2684560 0.2480623 0.2840317 0.0483636 0.0100861 0.2734765 0.3588438 0.0203078 0.2528069 0.0377347 0.4040505 0.2739737 0.0448272 0.1572671 0.2835624 0.0000000 0.0814606 0.0033423 0.2634239 0.0100861 0.3312777 0.2793423 0.2635518 
n236_237   0.0814487 0.0852416 0.0891035 0.2393160 0.2333807 0.2542184 0.0852293 0.0853241 0.2345487 0.3267667 0.0890021 0.2380231 0.0777274 0.3865468 0.2349652 0.0852546 0.1285474 0.2444086 0.0814606 0.0000000 0.0777189 0.2388004 0.0777526 0.3113080 0.2496934 0.2293511 
n298_302   0.0377251 0.0134772 0.0448606 0.2635570 0.2433107 0.2790200 0.0447980 0.0067081 0.2685424 0.3532986 0.0168826 0.2480249 0.0342204 0.4041075 0.2690293 0.0412770 0.1530949 0.2785588 0.0033423 0.0777189 0.0000000 0.2585602 0.0067081 0.3259325 0.2743581 0.2586857 
n285_286   0.2730629 0.2735500 0.2783880 0.2832440 0.1840596 0.2943046 0.2729339 0.2686873 0.2734540 0.4246159 0.2784650 0.1795766 0.2682054 0.3958836 0.2792785 0.2781889 0.2888764 0.2895723 0.2634239 0.2388004 0.2585602 0.0000000 0.2637503 0.3947641 0.2895569 0.0134706 
n275_276   0.0377410 0.0134828 0.0448797 0.2687899 0.2483657 0.2843893 0.0448169 0.0134954 0.2738179 0.3542093 0.0168896 0.2531171 0.0342348 0.4105957 0.2743164 0.0412944 0.1574472 0.2839189 0.0100861 0.0777526 0.0067081 0.2637503 0.0000000 0.3267617 0.2796932 0.2588091 
n255_256   0.3368913 0.3424935 0.3483116 0.3473552 0.3423747 0.3652774 0.3420161 0.3371448 0.3421546 0.0558861 0.3479066 0.3416690 0.3315872 0.2841491 0.3487385 0.3370574 0.3441473 0.3598191 0.3312777 0.3113080 0.3259325 0.3947641 0.3267617 0.0000000 0.3540586 0.3947538 
n292_293   0.2844075 0.2897390 0.2949800 0.0273098 0.2114073 0.0101060 0.2892109 0.2847551 0.0238319 0.3413319 0.2947782 0.2112774 0.2794595 0.3869156 0.0450715 0.2896367 0.2790593 0.0558611 0.2793423 0.2496934 0.2743581 0.2895569 0.2796932 0.3540586 0.0000000 0.2895498 
n286_287   0.2680630 0.2685405 0.2733454 0.2832372 0.1840557 0.2942974 0.2679367 0.2688180 0.2734475 0.4187032 0.2734211 0.1795728 0.2632386 0.3958732 0.2792718 0.2731507 0.2888694 0.2895652 0.2635518 0.2293511 0.2586857 0.0134706 0.2588091 0.3947538 0.2895498 0.0000000 
