14
n285_236   0.0000000 1.7447200 1.6311770 1.9822467 2.1404308 1.4630668 1.5398178 1.5170579 0.9518776 0.8312692 1.6604278 1.5448068 0.0660270 1.4832262 
n255_216   1.7447200 0.0000000 2.1447398 0.2765386 2.0311491 1.8225588 2.3865599 2.3369251 2.2706349 2.3988862 2.3587594 2.2837287 1.6896436 2.0999849 
n280_233   1.6311770 2.1447398 0.0000000 1.8486614 1.9485401 0.4290555 0.0739826 0.0665647 1.9133117 1.5854362 0.1325980 0.0666049 1.7090465 0.4667060 
n251_212   1.9822467 0.2765386 1.8486614 0.0000000 1.8221995 1.6778398 1.9812215 1.9458524 2.5619953 2.5315263 2.0066876 1.9106478 1.9303974 1.6837976 
n244_205   2.1404308 2.0311491 1.9485401 1.8221995 0.0000000 2.0654295 1.8131530 1.7375000 2.2180625 2.4521565 1.7255688 1.7737736 2.2951898 2.0845747 
n278_231   1.4630668 1.8225588 0.4290555 1.6778398 2.0654295 0.0000000 0.4163541 0.3983955 1.6486549 1.3892627 0.4417156 0.3986823 1.4556046 0.1011785 
n292_239   1.5398178 2.3865599 0.0739826 1.9812215 1.8131530 0.4163541 0.0000000 0.0203057 1.9597565 1.6756486 0.1008422 0.0203176 1.6097392 0.4476599 
n299_240   1.5170579 2.3369251 0.0665647 1.9458524 1.7375000 0.3983955 0.0203057 0.0000000 1.9649354 1.6778546 0.0931022 0.0067055 1.5852543 0.4350288 
n265_224   0.9518776 2.2706349 1.9133117 2.5619953 2.2180625 1.6486549 1.9597565 1.9649354 0.0000000 0.1488991 1.9834955 1.9730091 0.9267047 1.5924786 
n266_225   0.8312692 2.3988862 1.5854362 2.5315263 2.4521565 1.3892627 1.6756486 1.6778546 0.1488991 0.0000000 1.6853664 1.6832602 0.8296078 1.3486680 
n274_229   1.6604278 2.3587594 0.1325980 2.0066876 1.7255688 0.4417156 0.1008422 0.0931022 1.9834955 1.6853664 0.0000000 0.0931594 1.6840609 0.5007197 
n300_241   1.5448068 2.2837287 0.0666049 1.9106478 1.7737736 0.3986823 0.0203176 0.0067055 1.9730091 1.6832602 0.0931594 0.0000000 1.6152658 0.4353472 
n286_237   0.0660270 1.6896436 1.7090465 1.9303974 2.2951898 1.4556046 1.6097392 1.5852543 0.9267047 0.8296078 1.6840609 1.6152658 0.0000000 1.4535583 
n277_230   1.4832262 2.0999849 0.4667060 1.6837976 2.0845747 0.1011785 0.4476599 0.4350288 1.5924786 1.3486680 0.5007197 0.4353472 1.4535583 0.0000000 
