25
n289_290   0.0000000 0.0305733 0.0271546 0.3103068 0.3583491 0.0445814 0.0033349 0.3586847 0.3673775 0.0340422 0.3156570 0.0202799 0.4029797 0.3453739 0.0066832 0.1386318 0.3566658 0.0481435 0.0770844 0.3470241 0.2810642 0.0375225 0.3615762 0.3641821 0.2908840 
n294_295   0.0305733 0.0000000 0.0517776 0.3198691 0.3694707 0.0202863 0.0340330 0.3698195 0.4006702 0.0033369 0.3252864 0.0446790 0.4330735 0.3621889 0.0375143 0.1591354 0.3737789 0.0237314 0.0958825 0.3579587 0.3105193 0.0134533 0.4009574 0.3754018 0.3207259 
n295_296   0.0271546 0.0517776 0.0000000 0.3371791 0.3815573 0.0590125 0.0306052 0.3819211 0.4011614 0.0553493 0.3378723 0.0066938 0.4329840 0.3680346 0.0305888 0.1551453 0.3746453 0.0626592 0.0959401 0.3698209 0.3116041 0.0589315 0.3950748 0.3876059 0.3218556 
n266_267   0.3103068 0.3198691 0.3371791 0.0000000 0.3238740 0.3518296 0.3104491 0.3090053 0.3915739 0.3249113 0.0306555 0.3268889 0.3960032 0.3272745 0.3202147 0.3010098 0.3329919 0.3573429 0.3168918 0.3078895 0.1549156 0.3409648 0.3965876 0.3241943 0.1631648 
n299_300   0.3583491 0.3694707 0.3815573 0.3238740 0.0000000 0.3860788 0.3635580 0.0238081 0.4972816 0.3748668 0.3289748 0.3706407 0.4930378 0.1198132 0.3689037 0.3715391 0.1239305 0.3918751 0.3233074 0.0203415 0.3593108 0.3746142 0.4784698 0.0067139 0.3702567 
n298_299   0.0445814 0.0202863 0.0590125 0.3518296 0.3860788 0.0000000 0.0481009 0.3864472 0.4122015 0.0237169 0.3525569 0.0518416 0.4439308 0.3785763 0.0516458 0.1758409 0.3904428 0.0033367 0.1112121 0.3742923 0.3310687 0.0271597 0.4008202 0.3921536 0.3415611 
n290_291   0.0033349 0.0340330 0.0306052 0.3104491 0.3635580 0.0481009 0.0000000 0.3638995 0.3726844 0.0375158 0.3158021 0.0237040 0.4085422 0.3504748 0.0100428 0.1425795 0.3618454 0.0516796 0.0807457 0.3521534 0.2857917 0.0410098 0.3668416 0.3694327 0.2956699 
n274_275   0.3586847 0.3698195 0.3819211 0.3090053 0.0238081 0.3864472 0.3638995 0.0000000 0.4911933 0.3752218 0.3183609 0.3709917 0.4869665 0.1081139 0.3692514 0.3663359 0.1121536 0.3922506 0.3179564 0.0101031 0.3532645 0.3749688 0.4848692 0.0238280 0.3641076 
n251_252   0.3673775 0.4006702 0.4011614 0.3915739 0.4972816 0.4122015 0.3726844 0.4911933 0.0000000 0.4010530 0.3934168 0.3961751 0.2786804 0.4999509 0.3781332 0.3615264 0.5074004 0.4182423 0.3904337 0.4782025 0.4139460 0.4001830 0.0411970 0.4978306 0.4258077 
n293_294   0.0340422 0.0033369 0.0553493 0.3249113 0.3748668 0.0237169 0.0375158 0.3752218 0.4010530 0.0000000 0.3303672 0.0482195 0.4273558 0.3675154 0.0410119 0.1632336 0.3791919 0.0271786 0.0996602 0.3632688 0.3155102 0.0168525 0.4013407 0.3808428 0.3257829 
n265_266   0.3156570 0.3252864 0.3378723 0.0306555 0.3289748 0.3525569 0.3158021 0.3183609 0.3934168 0.3303672 0.0000000 0.3275573 0.3800249 0.3214127 0.3256392 0.3062985 0.3270691 0.3580841 0.3115534 0.3073293 0.1593326 0.3465551 0.3984574 0.3293010 0.1676449 
n296_297   0.0202799 0.0446790 0.0066938 0.3268889 0.3706407 0.0518416 0.0237040 0.3709917 0.3961751 0.0482195 0.3275573 0.0000000 0.4278120 0.3573568 0.0236904 0.1470366 0.3638542 0.0554520 0.0884276 0.3590812 0.3016413 0.0517708 0.3901229 0.3765967 0.3117599 
n244_245   0.4029797 0.4330735 0.4329840 0.3960032 0.4930378 0.4439308 0.4085422 0.4869665 0.2786804 0.4273558 0.3800249 0.4278120 0.0000000 0.4450344 0.4142631 0.3641712 0.4519215 0.4502559 0.4098332 0.4726737 0.4174843 0.4449072 0.2880793 0.4935831 0.4293458 
n278_279   0.3453739 0.3621889 0.3680346 0.3272745 0.1198132 0.3785763 0.3504748 0.1081139 0.4999509 0.3675154 0.3214127 0.3573568 0.4450344 0.0000000 0.3453739 0.3266088 0.0168422 0.3842924 0.3106551 0.1001678 0.3732921 0.3728437 0.4935937 0.1199192 0.3843901 
n287_288   0.0066832 0.0375143 0.0305888 0.3202147 0.3689037 0.0516458 0.0100428 0.3692514 0.3781332 0.0410119 0.3256392 0.0236904 0.4142631 0.3453739 0.0000000 0.1465809 0.3566658 0.0552421 0.0770844 0.3574145 0.2906241 0.0445205 0.3722464 0.3748228 0.3005644 
n200_201   0.1386318 0.1591354 0.1551453 0.3010098 0.3715391 0.1758409 0.1425795 0.3663359 0.3615264 0.1632336 0.3062985 0.1470366 0.3641712 0.3266088 0.1465809 0.0000000 0.3327934 0.1801450 0.1393802 0.3544865 0.3054589 0.1673369 0.3719069 0.3719161 0.3108757 
n277_278   0.3566658 0.3737789 0.3746453 0.3329919 0.1239305 0.3904428 0.3618454 0.1121536 0.5074004 0.3791919 0.3270691 0.3638542 0.4519215 0.0168422 0.3566658 0.3327934 0.0000000 0.3962601 0.3214290 0.1041464 0.3793954 0.3846070 0.4942715 0.1240405 0.3905972 
n297_298   0.0481435 0.0237314 0.0626592 0.3573429 0.3918751 0.0033367 0.0516796 0.3922506 0.4182423 0.0271786 0.3580841 0.0554520 0.4502559 0.3842924 0.0552421 0.1801450 0.3962601 0.0000000 0.1151379 0.3799881 0.3364291 0.0306378 0.4067702 0.3980025 0.3470000 
n236_237   0.0770844 0.0958825 0.0959401 0.3168918 0.3233074 0.1112121 0.0807457 0.3179564 0.3904337 0.0996602 0.3115534 0.0884276 0.4098332 0.3106551 0.0770844 0.1393802 0.3214290 0.1151379 0.0000000 0.3069459 0.3310728 0.1034458 0.3730490 0.3288752 0.3415665 
n280_281   0.3470241 0.3579587 0.3698209 0.3078895 0.0203415 0.3742923 0.3521534 0.0101031 0.4782025 0.3632688 0.3073293 0.3590812 0.4726737 0.1001678 0.3574145 0.3544865 0.1041464 0.3799881 0.3069459 0.0000000 0.3474797 0.3630255 0.4719828 0.0203585 0.3582288 
n285_286   0.2810642 0.3105193 0.3116041 0.1549156 0.3593108 0.3310687 0.2857917 0.3532645 0.4139460 0.3155102 0.1593326 0.3016413 0.4174843 0.3732921 0.2906241 0.3054589 0.3793954 0.3364291 0.3310728 0.3474797 0.0000000 0.3153032 0.4137193 0.3646731 0.0066796 
n275_276   0.0375225 0.0134533 0.0589315 0.3409648 0.3746142 0.0271597 0.0410098 0.3749688 0.4001830 0.0168525 0.3465551 0.0517708 0.4449072 0.3728437 0.0445205 0.1673369 0.3846070 0.0306378 0.1034458 0.3630255 0.3153032 0.0000000 0.4004694 0.3805854 0.3255683 
n255_256   0.3615762 0.4009574 0.3950748 0.3965876 0.4784698 0.4008202 0.3668416 0.4848692 0.0411970 0.4013407 0.3984574 0.3901229 0.2880793 0.4935937 0.3722464 0.3719069 0.4942715 0.4067702 0.3730490 0.4719828 0.4137193 0.4004694 0.0000000 0.4914532 0.4255729 
n292_293   0.3641821 0.3754018 0.3876059 0.3241943 0.0067139 0.3921536 0.3694327 0.0238280 0.4978306 0.3808428 0.3293010 0.3765967 0.4935831 0.1199192 0.3748228 0.3719161 0.1240405 0.3980025 0.3288752 0.0203585 0.3646731 0.3805854 0.4914532 0.0000000 0.3756963 
n286_287   0.2908840 0.3207259 0.3218556 0.1631648 0.3702567 0.3415611 0.2956699 0.3641076 0.4258077 0.3257829 0.1676449 0.3117599 0.4293458 0.3843901 0.3005644 0.3108757 0.3905972 0.3470000 0.3415665 0.3582288 0.0066796 0.3255683 0.4255729 0.3756963 0.0000000 
