26
n277_278   0.0000000 1.9665597 2.1325085 2.0540943 2.1954568 0.4515847 3.0056115 2.6572494 0.1173397 0.4112390 3.1398697 2.9618253 2.2462907 2.6927232 2.5197297 0.4490854 0.4301328 2.1533667 2.3315618 4.0688944 1.7705198 2.0956169 2.6540364 3.8338562 2.8639542 0.4110728 
n286_287   1.9665597 0.0000000 2.1241061 0.0743465 1.9804957 1.7202760 7.2470221 1.7466167 1.8144561 1.8970781 2.4742819 1.7903345 2.0855281 1.8372657 1.8959998 1.9696864 1.9255361 1.9880650 2.2637212 3.7840937 0.9457634 1.1024111 1.6654221 3.4294738 1.8998932 1.9748920 
n296_297   2.1325085 2.1241061 0.0000000 2.4481367 0.1630312 2.2253110 3.7028266 0.2867466 2.5104381 2.1116538 0.6716409 0.3475244 0.1540863 0.3469049 1.4126779 2.1441265 2.0354326 0.0521889 0.1714568 4.1764689 2.5782284 2.3504110 0.3476637 4.0298800 0.3470418 2.1580598 
n285_286   2.0540943 0.0743465 2.4481367 0.0000000 2.0368337 1.7843787 9.0000000 1.7809207 1.9932804 1.9738976 2.7279974 1.8264168 2.1968675 1.8085113 1.9144872 2.0522491 2.0503406 2.1479790 2.3962416 4.3777897 0.9681866 1.0792820 1.7910935 4.1436393 1.9017508 2.0576675 
n289_290   2.1954568 1.9804957 0.1630312 2.0368337 0.0000000 2.2390344 4.2425108 0.2673156 2.3488426 1.8789813 0.5815644 0.3210583 0.0413855 0.3204936 1.4082587 1.9048848 1.9065108 0.1336080 0.0706397 4.1818436 2.9616993 2.6041029 0.3211778 3.0010396 0.3315342 1.9159016 
n274_275   0.4515847 1.7202760 2.2253110 1.7843787 2.2390344 0.0000000 3.0553704 2.5238706 0.4391930 0.1250119 2.6358168 2.7887670 2.2520831 2.4208202 2.4206329 0.1332703 0.1584888 2.0390144 2.1865904 3.4839119 1.6018158 1.9457093 2.6385948 3.8629576 2.8051568 0.1251210 
n255_256   3.0056115 7.2470221 3.7028266 9.0000000 4.2425108 3.0553704 0.0000000 4.5732168 3.4293888 2.9308754 2.5425416 4.3979569 3.7789800 3.3872871 3.4909865 3.2709314 3.3842994 3.8096706 5.3282099 2.0267652 3.6974031 4.1575253 4.3885409 0.3674329 3.3741509 2.9305674 
n275_276   2.6572494 1.7466167 0.2867466 1.7809207 0.2673156 2.5238706 4.5732168 0.0000000 2.8051986 2.6302145 0.6571489 0.1012303 0.2618438 0.0895031 1.5242064 2.6976191 2.5028045 0.2512530 0.2878421 5.3564530 2.2724010 2.5085123 0.0934173 3.3099698 0.1051470 2.8689215 
n278_279   0.1173397 1.8144561 2.5104381 1.9932804 2.3488426 0.4391930 3.4293888 2.8051986 0.0000000 0.3936561 2.9753299 3.1363751 2.3471408 2.7476361 2.1673811 0.4368663 0.4003984 2.4190385 2.4414808 4.2004310 1.7170293 2.0978711 2.7835846 3.0393812 3.1133204 0.4062504 
n299_300   0.4112390 1.8970781 2.1116538 1.9738976 1.8789813 0.1250119 2.9308754 2.6302145 0.3936561 0.0000000 2.2644440 3.0387860 2.0060917 2.5932657 2.5948601 0.0483921 0.1089327 2.0293047 1.9573894 3.5374435 1.5514493 1.7944388 2.7827636 2.7865586 2.8465431 0.0203210 
n236_237   3.1398697 2.4742819 0.6716409 2.7279974 0.5815644 2.6358168 2.5425416 0.6571489 2.9753299 2.2644440 0.0000000 0.6732884 0.6305197 0.7137138 1.3377623 2.2705489 2.1879465 0.6458041 0.6317109 2.8022768 2.4180203 2.5087698 0.6912486 3.0874938 0.7018770 2.4324585 
n293_294   2.9618253 1.7903345 0.3475244 1.8264168 0.3210583 2.7887670 4.3979569 0.1012303 3.1363751 3.0387860 0.6732884 0.0000000 0.3150490 0.1295301 1.6127720 2.9126805 2.7765173 0.3087490 0.3323179 9.0000000 2.2086835 2.4828003 0.0483755 4.6153149 0.1419896 3.1160305 
n290_291   2.2462907 2.0855281 0.1540863 2.1968675 0.0413855 2.2520831 3.7789800 0.2618438 2.3471408 2.0060917 0.6305197 0.3150490 0.0000000 0.2983405 1.3451289 2.0354224 2.0300126 0.1170291 0.0593981 4.4302953 2.9839369 2.6196999 0.3151641 3.2517169 0.3090165 2.0479528 
n297_298   2.6927232 1.8372657 0.3469049 1.8085113 0.3204936 2.4208202 3.3872871 0.0895031 2.7476361 2.5932657 0.7137138 0.1295301 0.2983405 0.0000000 1.3781913 2.5964164 2.4707732 0.2975247 0.3206313 3.8439847 2.0123122 2.2640604 0.1294994 3.3069884 0.0307741 2.8219726 
n200_201   2.5197297 1.8959998 1.4126779 1.9144872 1.4082587 2.4206329 3.4909865 1.5242064 2.1673811 2.5948601 1.3377623 1.6127720 1.3451289 1.3781913 0.0000000 2.5882860 2.3712403 1.3222959 1.2668897 2.3452807 2.4808565 2.3427869 1.5546607 3.6584710 1.3761560 2.7141052 
n292_293   0.4490854 1.9696864 2.1441265 2.0522491 1.9048848 0.1332703 3.2709314 2.6976191 0.4368663 0.0483921 2.2705489 2.9126805 2.0354224 2.5964164 2.5882860 0.0000000 0.1210399 2.0221596 2.0181469 2.9740632 1.6329652 1.9715452 2.7704679 3.0953364 2.8519263 0.0484348 
n280_281   0.4301328 1.9255361 2.0354326 2.0503406 1.9065108 0.1584888 3.3842994 2.5028045 0.4003984 0.1089327 2.1879465 2.7765173 2.0300126 2.4707732 2.3712403 0.1210399 0.0000000 1.9591340 2.1024797 2.7912121 1.9813894 2.1345937 2.6276538 3.0944247 2.6935925 0.1050201 
n295_296   2.1533667 1.9880650 0.0521889 2.1479790 0.1336080 2.0390144 3.8096706 0.2512530 2.4190385 2.0293047 0.6458041 0.3087490 0.1170291 0.2975247 1.3222959 2.0221596 1.9591340 0.0000000 0.1334131 4.0798337 2.3709281 2.2895758 0.3088594 3.5771730 0.3081679 2.0723229 
n287_288   2.3315618 2.2637212 0.1714568 2.3962416 0.0706397 2.1865904 5.3282099 0.2878421 2.4414808 1.9573894 0.6317109 0.3323179 0.0593981 0.3206313 1.2668897 2.0181469 2.1024797 0.1334131 0.0000000 5.1930478 2.7968798 2.4854581 0.3434590 3.8761912 0.3316753 1.9971276 
n244_245   4.0688944 3.7840937 4.1764689 4.3777897 4.1818436 3.4839119 2.0267652 5.3564530 4.2004310 3.5374435 2.8022768 9.0000000 4.4302953 3.8439847 2.3452807 2.9740632 2.7912121 4.0798337 5.1930478 0.0000000 5.5159627 9.0000000 8.9999989 2.1698531 3.8004414 3.6352381 
n265_266   1.7705198 0.9457634 2.5782284 0.9681866 2.9616993 1.6018158 3.6974031 2.2724010 1.7170293 1.5514493 2.4180203 2.2086835 2.9839369 2.0123122 2.4808565 1.6329652 1.9813894 2.3709281 2.7968798 5.5159627 0.0000000 0.1901427 2.1145996 3.8916103 2.0995400 1.6371989 
n266_267   2.0956169 1.1024111 2.3504110 1.0792820 2.6041029 1.9457093 4.1575253 2.5085123 2.0978711 1.7944388 2.5087698 2.4828003 2.6196999 2.2640604 2.3427869 1.9715452 2.1345937 2.2895758 2.4854581 9.0000000 0.1901427 0.0000000 2.4457456 3.5323071 2.3742526 1.9040674 
n294_295   2.6540364 1.6654221 0.3476637 1.7910935 0.3211778 2.6385948 4.3885409 0.0934173 2.7835846 2.7827636 0.6912486 0.0483755 0.3151641 0.1294994 1.5546607 2.7704679 2.6276538 0.3088594 0.3434590 8.9999989 2.1145996 2.4457456 0.0000000 3.8861661 0.1419563 2.8463778 
n251_252   3.8338562 3.4294738 4.0298800 4.1436393 3.0010396 3.8629576 0.3674329 3.3099698 3.0393812 2.7865586 3.0874938 4.6153149 3.2517169 3.3069884 3.6584710 3.0953364 3.0944247 3.5771730 3.8761912 2.1698531 3.8916103 3.5323071 3.8861661 0.0000000 2.9842687 2.7076116 
n298_299   2.8639542 1.8998932 0.3470418 1.9017508 0.3315342 2.8051568 3.3741509 0.1051470 3.1133204 2.8465431 0.7018770 0.1419896 0.3090165 0.0307741 1.3761560 2.8519263 2.6935925 0.3081679 0.3316753 3.8004414 2.0995400 2.3742526 0.1419563 2.9842687 0.0000000 3.1354550 
n300_301   0.4110728 1.9748920 2.1580598 2.0576675 1.9159016 0.1251210 2.9305674 2.8689215 0.4062504 0.0203210 2.4324585 3.1160305 2.0479528 2.8219726 2.7141052 0.0484348 0.1050201 2.0723229 1.9971276 3.6352381 1.6371989 1.9040674 2.8463778 2.7076116 3.1354550 0.0000000 
