26
n266_265   0.0000000 0.2443942 0.2487975 0.2200916 0.2443401 0.2437482 0.2246262 0.2445748 0.2395951 0.2296272 0.2395951 0.2390333 0.3435310 0.2248815 0.2489244 0.1083671 0.2445535 0.2442267 0.2444648 0.3720715 0.3722595 0.2591902 0.1044392 0.2640036 0.2293365 0.0168629 
n293_292   0.2443942 0.0000000 0.3151402 0.2832499 0.0449126 0.3095305 0.2780490 0.0067159 0.0378223 0.0855687 0.0101010 0.3040715 0.3833545 0.2831907 0.0448877 0.2680631 0.0413894 0.0413437 0.1710906 0.3900225 0.3725312 0.0238236 0.2731163 0.0272870 0.2728222 0.2587736 
n278_277   0.2487975 0.3151402 0.0000000 0.0484070 0.3098158 0.0100673 0.0519791 0.3045771 0.3046230 0.2884132 0.3046230 0.0592598 0.4073378 0.0520231 0.3147889 0.2722061 0.3101065 0.3096663 0.2939022 0.4396791 0.4457770 0.3208042 0.2671694 0.3205795 0.0555998 0.2632254 
n274_273   0.2200916 0.2832499 0.0484070 0.0000000 0.2781788 0.0447930 0.0100532 0.2731773 0.2732178 0.2677851 0.2732178 0.0202785 0.3829703 0.0100612 0.2829495 0.2523651 0.2784303 0.2780473 0.2536541 0.4137755 0.4256766 0.2937641 0.2474770 0.2935621 0.0134402 0.2293156 
n287_286   0.2443401 0.0449126 0.3098158 0.2781788 0.0000000 0.3042536 0.2730190 0.0378102 0.0203489 0.0816972 0.0342621 0.2988398 0.3832148 0.2781198 0.0067062 0.2680007 0.0238126 0.0033461 0.1708355 0.4140616 0.3959889 0.0485011 0.2730519 0.0520830 0.2678340 0.2587144 
n277_276   0.2437482 0.3095305 0.0100673 0.0447930 0.3042536 0.0000000 0.0483445 0.2990593 0.2991041 0.2881025 0.2991041 0.0555785 0.3887751 0.0483848 0.3091886 0.2669888 0.3045371 0.3041073 0.2936107 0.4328790 0.4389197 0.3204795 0.2619943 0.3202552 0.0519421 0.2580651 
n300_299   0.2246262 0.2780490 0.0519791 0.0100532 0.2730190 0.0483445 0.0000000 0.2680564 0.2680960 0.2627132 0.2680960 0.0168531 0.3886180 0.0134431 0.2777566 0.2570836 0.2732644 0.2728905 0.2681680 0.4256881 0.4316597 0.2884759 0.2521634 0.2882783 0.0033346 0.2339516 
n294_293   0.2445748 0.0067159 0.3045771 0.2731773 0.0378102 0.2990593 0.2680564 0.0000000 0.0307888 0.0780187 0.0033506 0.2936880 0.3956053 0.2731186 0.0377892 0.2682631 0.0343167 0.0342780 0.1668330 0.4024238 0.3846178 0.0169327 0.2733206 0.0203636 0.2629108 0.2589661 
n295_294   0.2395951 0.0378223 0.3046230 0.2732178 0.0203489 0.2991041 0.2680960 0.0307888 0.0000000 0.0742231 0.0272812 0.2937319 0.3954753 0.2731591 0.0203378 0.2631108 0.0033503 0.0169120 0.1623479 0.4206088 0.4023593 0.0413740 0.2681270 0.0449224 0.2629495 0.2538772 
n236_235   0.2296272 0.0855687 0.2884132 0.2677851 0.0816972 0.2881025 0.2627132 0.0780187 0.0742231 0.0000000 0.0742231 0.2881031 0.3952079 0.2677267 0.0816508 0.2675421 0.0780107 0.0779216 0.1751158 0.4399388 0.4274086 0.0893913 0.2725826 0.0893372 0.2676882 0.2436872 
n275_274   0.2395951 0.0101010 0.3046230 0.2732178 0.0342621 0.2991041 0.2680960 0.0033506 0.0272812 0.0742231 0.0000000 0.2937319 0.3893132 0.2731591 0.0342434 0.2631108 0.0307855 0.0307522 0.1624393 0.3960516 0.3784141 0.0135039 0.2681270 0.0169165 0.2629495 0.2538772 
n292_291   0.2390333 0.3040715 0.0592598 0.0202785 0.2988398 0.0555785 0.0168531 0.2936880 0.2937319 0.2881031 0.2937319 0.0000000 0.4071109 0.0237277 0.3037386 0.2670842 0.2991165 0.2986967 0.2784374 0.4452714 0.4514033 0.3149249 0.2620876 0.3147054 0.0202783 0.2485598 
n244_243   0.3435310 0.3833545 0.4073378 0.3829703 0.3832148 0.3887751 0.3886180 0.3956053 0.3954753 0.3952079 0.3893132 0.4071109 0.0000000 0.3891939 0.3946010 0.3534111 0.4017978 0.3889011 0.4145583 0.3764475 0.3882908 0.4137904 0.3536408 0.4197181 0.3945935 0.3543870 
n280_279   0.2248815 0.2831907 0.0520231 0.0100612 0.2781198 0.0483848 0.0134431 0.2731186 0.2731591 0.2677267 0.2731591 0.0237277 0.3891939 0.0000000 0.2828904 0.2573905 0.2783712 0.2779883 0.2633015 0.4263579 0.4323448 0.2834724 0.2524620 0.2832787 0.0168492 0.2388349 
n289_288   0.2489244 0.0448877 0.3147889 0.2829495 0.0067062 0.3091886 0.2777566 0.0377892 0.0203378 0.0816508 0.0342434 0.3037386 0.3946010 0.2828904 0.0000000 0.2727095 0.0237997 0.0033443 0.1707332 0.4259500 0.4075983 0.0484741 0.2777913 0.0520539 0.2725377 0.2633785 
n285_284   0.1083671 0.2680631 0.2722061 0.2523651 0.2680007 0.2669888 0.2570836 0.2682631 0.2631108 0.2675421 0.2631108 0.2670842 0.3534111 0.2573905 0.2727095 0.0000000 0.2682402 0.2678748 0.2532522 0.4241805 0.4122979 0.2833450 0.0033178 0.2883030 0.2620039 0.1201365 
n296_295   0.2445535 0.0413894 0.3101065 0.2784303 0.0238126 0.3045371 0.2732644 0.0343167 0.0033503 0.0780107 0.0307855 0.2991165 0.4017978 0.2783712 0.0237997 0.2682402 0.0000000 0.0203560 0.1667225 0.4271922 0.4087640 0.0449621 0.2732973 0.0485300 0.2680731 0.2589438 
n290_289   0.2442267 0.0413437 0.3096663 0.2780473 0.0033461 0.3041073 0.2728905 0.0342780 0.0169120 0.0779216 0.0307522 0.2986967 0.3889011 0.2779883 0.0033443 0.2678748 0.0203560 0.0000000 0.1665157 0.4199992 0.4017868 0.0449123 0.2729233 0.0484761 0.2677084 0.2585934 
n200_199   0.2444648 0.1710906 0.2939022 0.2536541 0.1708355 0.2936107 0.2681680 0.1668330 0.1623479 0.1751158 0.1624393 0.2784374 0.4145583 0.2633015 0.1707332 0.2532522 0.1667225 0.1665157 0.0000000 0.4472892 0.4531523 0.1669401 0.2581927 0.1711788 0.2731888 0.2540380 
n251_250   0.3720715 0.3900225 0.4396791 0.4137755 0.4140616 0.4328790 0.4256881 0.4024238 0.4206088 0.4399388 0.3960516 0.4452714 0.3764475 0.4263579 0.4259500 0.4241805 0.4271922 0.4199992 0.4472892 0.0000000 0.0412351 0.4208309 0.4244678 0.4268292 0.4191112 0.3717219 
n255_254   0.3722595 0.3725312 0.4457770 0.4256766 0.3959889 0.4389197 0.4316597 0.3846178 0.4023593 0.4274086 0.3784141 0.4514033 0.3882908 0.4323448 0.4075983 0.4122979 0.4087640 0.4017868 0.4531523 0.0412351 0.0000000 0.4025682 0.4125754 0.4084239 0.4250277 0.3894423 
n297_296   0.2591902 0.0238236 0.3208042 0.2937641 0.0485011 0.3204795 0.2884759 0.0169327 0.0413740 0.0893913 0.0135039 0.3149249 0.4137904 0.2834724 0.0484741 0.2833450 0.0449621 0.0449123 0.1669401 0.4208309 0.4025682 0.0000000 0.2885152 0.0033510 0.2831604 0.2738780 
n286_285   0.1044392 0.2731163 0.2671694 0.2474770 0.2730519 0.2619943 0.2521634 0.2733206 0.2681270 0.2725826 0.2681270 0.2620876 0.3536408 0.2524620 0.2777913 0.0033178 0.2732973 0.2729233 0.2581927 0.4244678 0.4125754 0.2885152 0.0000000 0.2935083 0.2570475 0.1161407 
n298_297   0.2640036 0.0272870 0.3205795 0.2935621 0.0520830 0.3202552 0.2882783 0.0203636 0.0449224 0.0893372 0.0169165 0.3147054 0.4197181 0.2832787 0.0520539 0.2883030 0.0485300 0.0484761 0.1711788 0.4268292 0.4084239 0.0033510 0.2935083 0.0000000 0.2829672 0.2787836 
n299_298   0.2293365 0.2728222 0.0555998 0.0134402 0.2678340 0.0519421 0.0033346 0.2629108 0.2629495 0.2676882 0.2629495 0.0202783 0.3945935 0.0168492 0.2725377 0.2620039 0.2680731 0.2677084 0.2731888 0.4191112 0.4250277 0.2831604 0.2570475 0.2829672 0.0000000 0.2387246 
n265_264   0.0168629 0.2587736 0.2632254 0.2293156 0.2587144 0.2580651 0.2339516 0.2589661 0.2538772 0.2436872 0.2538772 0.2485598 0.3543870 0.2388349 0.2633785 0.1201365 0.2589438 0.2585934 0.2540380 0.3717219 0.3894423 0.2738780 0.1161407 0.2787836 0.2387246 0.0000000 
