25
n277_278   0.0000000 1.7777021 3.2284572 3.1238250 0.4340407 2.4369383 2.0945229 0.1253258 0.4729755 2.3657547 2.2188433 2.9306281 2.1494621 1.9124035 0.4338600 0.4796843 3.0928949 2.7404386 2.3840197 1.5911318 1.7298979 2.3175865 2.4887848 2.0512543 0.4464024 
n286_287   1.7777021 0.0000000 2.8502578 2.4727344 1.9889796 3.3192291 2.3479796 1.9669825 2.2495520 1.9902367 2.4879897 2.5072478 2.7670350 1.8381284 2.0614213 2.0445021 2.6197987 2.4830752 4.3720408 0.9087448 1.0943686 2.7708467 3.9401214 2.7371494 2.1305055 
n296_297   3.2284572 2.8502578 0.0000000 0.1552113 2.6784236 3.3553655 0.3272995 2.5024901 2.0831156 0.7603191 0.3279685 0.1468633 0.3281685 0.9480111 2.3332808 2.3485188 0.0135101 0.1726582 3.1778804 2.1808493 2.3364620 0.3052570 3.3251035 0.3223783 2.1165664 
n289_290   3.1238250 2.4727344 0.1552113 0.0000000 2.7560613 2.9894165 0.2798149 2.2745551 2.2439470 0.7601226 0.2750218 0.0239675 0.2699455 0.9403997 2.5251440 2.6303575 0.1466530 0.0598723 2.4792217 2.5990583 2.6600326 0.2642216 3.3589928 0.2551335 2.2826030 
n274_275   0.4340407 1.9889796 2.6784236 2.7560613 0.0000000 3.2186329 1.9658646 0.4603846 0.1380401 2.1791543 2.2220209 2.8526918 1.9645777 2.3367615 0.1096858 0.1376876 2.5935502 2.4571397 2.3485041 1.8443825 1.8997242 2.2727559 3.4052770 1.8401964 0.1381959 
n255_256   2.4369383 3.3192291 3.3553655 2.9894165 3.2186329 0.0000000 2.5815171 2.1464643 3.3173364 2.1133641 2.5277115 2.9982288 2.8353189 6.7787252 3.1081307 2.6658159 3.2280802 3.2430623 2.2047860 3.0168881 2.9323598 2.3141274 0.3320064 2.8434563 3.3669937 
n275_276   2.0945229 2.3479796 0.3272995 0.2798149 1.9658646 2.5815171 0.0000000 1.7832781 2.0092403 0.6696500 0.1176618 0.2854098 0.1217846 1.2646979 2.0440748 1.9122967 0.3161162 0.3071553 2.8748467 2.5572621 2.7416579 0.1299183 2.7227874 0.1097066 2.0481410 
n278_279   0.1253258 1.9669825 2.5024901 2.2745551 0.4603846 2.1464643 1.7832781 0.0000000 0.5201679 2.1135790 1.8777069 2.1744070 1.8280992 1.8239257 0.4868868 0.4706257 2.4253005 2.0698524 2.3330708 1.5365678 1.8067372 1.9007279 2.2121979 1.7246110 0.5058972 
n299_300   0.4729755 2.2495520 2.0831156 2.2439470 0.1380401 3.3173364 2.0092403 0.5201679 0.0000000 2.2064105 2.1397738 2.3053075 1.9614687 1.9857653 0.0558598 0.1291368 2.0326664 2.0418920 2.2694200 1.8992909 1.8539635 2.2860594 3.9379722 1.8373326 0.0272478 
n236_237   2.3657547 1.9902367 0.7603191 0.7601226 2.1791543 2.1133641 0.6696500 2.1135790 2.2064105 0.0000000 0.7583234 0.7517730 0.7209324 1.0447622 2.4678615 2.1384277 0.7589900 0.7612080 2.7821450 2.1807746 2.2071916 0.7478751 2.5727872 0.6907442 2.3435880 
n293_294   2.2188433 2.4879897 0.3279685 0.2750218 2.2220209 2.5277115 0.1176618 1.8777069 2.1397738 0.7583234 0.0000000 0.2701463 0.1300767 1.0980956 2.2893817 2.1620873 0.3167542 0.2857929 2.6605679 2.9445774 3.2439069 0.0487335 2.6869533 0.1218279 2.2338334 
n290_291   2.9306281 2.5072478 0.1468633 0.0239675 2.8526918 2.9982288 0.2854098 2.1744070 2.3053075 0.7517730 0.2701463 0.0000000 0.2706129 0.9318661 2.6036960 2.7150056 0.1384083 0.0489436 2.5474724 2.5217948 2.5741202 0.2594223 3.5591330 0.2552551 2.3461393 
n297_298   2.1494621 2.7670350 0.3281685 0.2699455 1.9645777 2.8353189 0.1217846 1.8280992 1.9614687 0.7209324 0.1300767 0.2706129 0.0000000 1.1465982 2.0421350 1.9114269 0.3169517 0.2807119 3.1246125 2.7096989 3.1110184 0.1384748 2.5451727 0.0415587 1.9608183 
n200_201   1.9124035 1.8381284 0.9480111 0.9403997 2.3367615 6.7787252 1.2646979 1.8239257 1.9857653 1.0447622 1.0980956 0.9318661 1.1465982 0.0000000 2.1395191 2.1887197 0.9494400 0.8880924 3.3642209 2.2249422 2.3430297 1.1108446 4.3926629 1.2075130 1.9878332 
n292_293   0.4338600 2.0614213 2.3332808 2.5251440 0.1096858 3.1081307 2.0440748 0.4868868 0.0558598 2.4678615 2.2893817 2.6036960 2.0421350 2.1395191 0.0000000 0.0934604 2.2742715 2.3280440 2.2375131 1.8555561 1.8170901 2.4017826 3.5451238 1.9090710 0.0486440 
n280_281   0.4796843 2.0445021 2.3485188 2.6303575 0.1376876 2.6658159 1.9122967 0.4706257 0.1291368 2.1384277 2.1620873 2.7150056 1.9114269 2.1887197 0.0934604 0.0000000 2.2849426 2.4151271 2.0783121 1.7797554 1.9986751 2.3135826 2.5770946 1.7940159 0.1211230 
n295_296   3.0928949 2.6197987 0.0135101 0.1466530 2.5935502 3.2280802 0.3161162 2.4253005 2.0326664 0.7589900 0.3167542 0.1384083 0.3169517 0.9494400 2.2742715 2.2849426 0.0000000 0.1638589 3.0526555 2.1804963 2.3360309 0.2944350 3.1957201 0.3112615 2.0645675 
n287_288   2.7404386 2.4830752 0.1726582 0.0598723 2.4571397 3.2430623 0.3071553 2.0698524 2.0418920 0.7612080 0.2857929 0.0489436 0.2807119 0.8880924 2.3280440 2.4151271 0.1638589 0.0000000 2.6560793 2.4045968 2.2772052 0.2747905 3.7939800 0.2704716 2.1118819 
n244_245   2.3840197 4.3720408 3.1778804 2.4792217 2.3485041 2.2047860 2.8748467 2.3330708 2.2694200 2.7821450 2.6605679 2.5474724 3.1246125 3.3642209 2.2375131 2.0783121 3.0526555 2.6560793 0.0000000 8.7937100 3.9148847 2.6426063 2.8239431 3.3432623 2.2739461 
n265_266   1.5911318 0.9087448 2.1808493 2.5990583 1.8443825 3.0168881 2.5572621 1.5365678 1.8992909 2.1807746 2.9445774 2.5217948 2.7096989 2.2249422 1.8555561 1.7797554 2.1804963 2.4045968 8.7937100 0.0000000 0.1990541 3.0024515 2.7806066 2.4703447 1.8948336 
n266_267   1.7298979 1.0943686 2.3364620 2.6600326 1.8997242 2.9323598 2.7416579 1.8067372 1.8539635 2.2071916 3.2439069 2.5741202 3.1110184 2.3430297 1.8170901 1.9986751 2.3360309 2.2772052 3.9148847 0.1990541 0.0000000 3.3030352 2.4293349 2.7610029 1.8553840 
n294_295   2.3175865 2.7708467 0.3052570 0.2642216 2.2727559 2.3141274 0.1299183 1.9007279 2.2860594 0.7478751 0.0487335 0.2594223 0.1384748 1.1108446 2.4017826 2.3135826 0.2944350 0.2747905 2.6426063 3.0024515 3.3030352 0.0000000 2.6556114 0.1301103 2.3939190 
n251_252   2.4887848 3.9401214 3.3251035 3.3589928 3.4052770 0.3320064 2.7227874 2.2121979 3.9379722 2.5727872 2.6869533 3.5591330 2.5451727 4.3926629 3.5451238 2.5770946 3.1957201 3.7939800 2.8239431 2.7806066 2.4293349 2.6556114 0.0000000 2.4796082 3.4986401 
n298_299   2.0512543 2.7371494 0.3223783 0.2551335 1.8401964 2.8434563 0.1097066 1.7246110 1.8373326 0.6907442 0.1218279 0.2552551 0.0415587 1.2075130 1.9090710 1.7940159 0.3112615 0.2704716 3.3432623 2.4703447 2.7610029 0.1301103 2.4796082 0.0000000 1.8366815 
n300_301   0.4464024 2.1305055 2.1165664 2.2826030 0.1381959 3.3669937 2.0481410 0.5058972 0.0272478 2.3435880 2.2338334 2.3461393 1.9608183 1.9878332 0.0486440 0.1211230 2.0645675 2.1118819 2.2739461 1.8948336 1.8553840 2.3939190 3.4986401 1.8366815 0.0000000 
