25
n277_278   0.0000000 1.5404366 2.3715470 2.7923721 0.4488127 2.4209387 1.7994153 0.1340137 0.4503171 2.6517869 2.0825837 2.6791042 2.1310302 1.8884125 0.4310482 0.4515172 2.5608926 2.7160435 3.1820403 1.5292432 1.6294526 1.9674030 2.5885598 2.0991424 0.4513180 
n286_287   1.5404366 0.0000000 2.7133486 2.5877168 1.7420875 2.0608070 2.5290614 1.4800173 1.6380999 2.7866634 2.4775148 2.7108050 2.8809913 2.1676730 1.8248905 1.6922859 2.8316047 2.6917217 3.0569403 0.7846850 0.8193734 2.4476901 2.4896814 2.7166672 1.6863541 
n296_297   2.3715470 2.7133486 0.0000000 0.1305143 2.6798448 2.0331754 0.3195535 2.4647163 2.1296260 0.7102885 0.2839820 0.1382187 0.3358304 1.1805879 2.0366133 1.9831601 0.0344919 0.1471552 2.1140909 2.0138336 2.0409898 0.2838425 2.7481506 0.3283709 2.0360298 
n289_290   2.7923721 2.5877168 0.1305143 0.0000000 3.0046925 2.2034204 0.3339268 2.9416421 2.3372363 0.7322123 0.3137901 0.0309615 0.3459687 1.4027861 2.3877724 2.3684353 0.1305075 0.0381882 2.2475496 2.3432118 2.4517827 0.3028462 2.9148768 0.3445688 2.3875668 
n274_275   0.4488127 1.7420875 2.6798448 3.0046925 0.0000000 2.3198639 2.1860320 0.4460583 0.1007242 2.3590756 2.5119828 2.7035185 2.2452550 1.8210123 0.0851162 0.1008262 2.7630422 2.7486611 3.5163360 1.9225971 1.8865931 2.4165953 3.0677054 2.3123568 0.1121882 
n255_256   2.4209387 2.0608070 2.0331754 2.2034204 2.3198639 0.0000000 2.1161942 2.6120606 2.4263594 2.0137853 1.7442805 2.4514639 1.8841041 3.5616932 2.3916002 2.4726682 2.1206317 2.3407542 2.4415540 1.9480999 2.1464905 1.7683824 0.2519816 1.9692020 2.4114589 
n275_276   1.7994153 2.5290614 0.3195535 0.3339268 2.1860320 2.1161942 0.0000000 1.8692086 1.8196073 0.6875661 0.0975248 0.3267933 0.1461094 1.1648133 1.8175896 1.8193834 0.3372166 0.3441828 2.9118250 1.9261842 2.1268740 0.0974972 2.1401916 0.1540766 1.8018778 
n278_279   0.1340137 1.4800173 2.4647163 2.9416421 0.4460583 2.6120606 1.8692086 0.0000000 0.4674330 2.7405413 2.2436877 2.7409655 2.2096426 2.0270614 0.4425589 0.4435133 2.6397942 2.7089397 3.6628939 1.5614122 1.6874903 2.1107635 2.7277733 2.1852299 0.4684815 
n299_300   0.4503171 1.6380999 2.1296260 2.3372363 0.1007242 2.4263594 1.8196073 0.4674330 0.0000000 2.0422320 2.0965628 2.1595470 1.9411435 1.8973202 0.0341140 0.0702835 2.2752881 2.1904189 3.9731332 1.8348475 1.7422775 1.9798389 3.2876974 2.0243801 0.0305762 
n236_237   2.6517869 2.7866634 0.7102885 0.7322123 2.3590756 2.0137853 0.6875661 2.7405413 2.0422320 0.0000000 0.6823432 0.7312605 0.6474351 1.1703461 1.9924093 2.0054374 0.7282704 0.7503681 4.1898256 2.1520808 2.1550304 0.6945861 2.3648177 0.6574934 1.9866633 
n293_294   2.0825837 2.4775148 0.2839820 0.3137901 2.5119828 1.7442805 0.0975248 2.2436877 2.0965628 0.6823432 0.0000000 0.3009607 0.1255471 1.1906449 2.0928951 2.0939455 0.3007378 0.3299371 2.7345878 2.0186133 2.1996204 0.0237578 2.0894948 0.1331991 2.0725890 
n290_291   2.6791042 2.7108050 0.1382187 0.0309615 2.7035185 2.4514639 0.3267933 2.7409655 2.1595470 0.7312605 0.3009607 0.0000000 0.3382330 1.3667549 2.2031001 2.1399054 0.1382116 0.0415785 2.2284844 2.3920353 2.4509088 0.2902706 3.3083549 0.3368748 2.2026424 
n297_298   2.1310302 2.8809913 0.3358304 0.3459687 2.2452550 1.8841041 0.1461094 2.2096426 1.9411435 0.6474351 0.1255471 0.3382330 0.0000000 1.1903702 1.8967131 1.8423035 0.3538873 0.3570079 2.6523090 2.0438544 2.2833377 0.1216387 2.2579937 0.0272787 1.9208238 
n200_201   1.8884125 2.1676730 1.1805879 1.4027861 1.8210123 3.5616932 1.1648133 2.0270614 1.8973202 1.1703461 1.1906449 1.3667549 1.1903702 0.0000000 1.7915568 1.8791993 1.1657753 1.4322819 9.0000000 2.4133332 2.2958242 1.1331387 3.5809560 1.2034922 1.8536926 
n292_293   0.4310482 1.8248905 2.0366133 2.3877724 0.0851162 2.3916002 1.8175896 0.4425589 0.0341140 1.9924093 2.0928951 2.2031001 1.8967131 1.7915568 0.0000000 0.0482926 2.1684530 2.2348874 4.1733657 1.8373179 1.7445131 1.9769366 3.2270150 1.9759718 0.0375547 
n280_281   0.4515172 1.6922859 1.9831601 2.3684353 0.1008262 2.4726682 1.8193834 0.4435133 0.0702835 2.0054374 2.0939455 2.1399054 1.8423035 1.8791993 0.0482926 0.0000000 2.0627077 2.1327773 4.2726953 1.7249779 1.7676824 1.9783831 3.4876825 1.9171948 0.0700938 
n295_296   2.5608926 2.8316047 0.0344919 0.1305075 2.7630422 2.1206317 0.3372166 2.6397942 2.2752881 0.7282704 0.3007378 0.1382116 0.3538873 1.1657753 2.1684530 2.0627077 0.0000000 0.1471478 2.1058651 2.3127087 2.3480323 0.3113270 2.6664633 0.3461469 2.1679615 
n287_288   2.7160435 2.6917217 0.1471552 0.0381882 2.7486611 2.3407542 0.3441828 2.7089397 2.1904189 0.7503681 0.3299371 0.0415785 0.3570079 1.4322819 2.2348874 2.1327773 0.1471478 0.0000000 2.2262647 2.2579804 2.3999346 0.3187447 3.2540998 0.3555582 2.2344664 
n244_245   3.1820403 3.0569403 2.1140909 2.2475496 3.5163360 2.4415540 2.9118250 3.6628939 3.9731332 4.1898256 2.7345878 2.2284844 2.6523090 9.0000000 4.1733657 4.2726953 2.1058651 2.2262647 0.0000000 3.4566462 3.7900532 2.6968015 2.2131266 2.5896059 4.2234869 
n265_266   1.5292432 0.7846850 2.0138336 2.3432118 1.9225971 1.9480999 1.9261842 1.5614122 1.8348475 2.1520808 2.0186133 2.3920353 2.0438544 2.4133332 1.8373179 1.7249779 2.3127087 2.2579804 3.4566462 0.0000000 0.1463849 2.1005664 2.4627006 1.8905722 1.7241435 
n266_267   1.6294526 0.8193734 2.0409898 2.4517827 1.8865931 2.1464905 2.1268740 1.6874903 1.7422775 2.1550304 2.1996204 2.4509088 2.2833377 2.2958242 1.7445131 1.7676824 2.3480323 2.3999346 3.7900532 0.1463849 0.0000000 2.2972266 2.8929261 2.1710172 1.6413767 
n294_295   1.9674030 2.4476901 0.2838425 0.3028462 2.4165953 1.7683824 0.0974972 2.1107635 1.9798389 0.6945861 0.0237578 0.2902706 0.1216387 1.1331387 1.9769366 1.9783831 0.3113270 0.3187447 2.6968015 2.1005664 2.2972266 0.0000000 2.0549032 0.1292669 1.9586714 
n251_252   2.5885598 2.4896814 2.7481506 2.9148768 3.0677054 0.2519816 2.1401916 2.7277733 3.2876974 2.3648177 2.0894948 3.3083549 2.2579937 3.5809560 3.2270150 3.4876825 2.6664633 3.2540998 2.2131266 2.4627006 2.8929261 2.0549032 0.0000000 2.2667127 3.3139367 
n298_299   2.0991424 2.7166672 0.3283709 0.3445688 2.3123568 1.9692020 0.1540766 2.1852299 2.0243801 0.6574934 0.1331991 0.3368748 0.0272787 1.2034922 1.9759718 1.9171948 0.3461469 0.3555582 2.5896059 1.8905722 2.1710172 0.1292669 2.2667127 0.0000000 2.0021139 
n300_301   0.4513180 1.6863541 2.0360298 2.3875668 0.1121882 2.4114589 1.8018778 0.4684815 0.0305762 1.9866633 2.0725890 2.2026424 1.9208238 1.8536926 0.0375547 0.0700938 2.1679615 2.2344664 4.2234869 1.7241435 1.6413767 1.9586714 3.3139367 2.0021139 0.0000000 
