26
n277_278   0.0000000 2.2893304 2.1428937 2.5311447 2.3405189 0.5236827 2.5936156 2.4217207 0.1286879 0.5085262 2.2491202 2.8135430 2.2856377 2.4695120 2.0641648 0.5084565 0.5238892 2.3418884 2.4906204 2.3028151 4.0276800 4.0559092 2.9089192 2.8505474 2.5080363 0.5007622 
n286_287   2.2893304 0.0000000 1.5764979 0.0702048 1.6974891 2.3485093 2.4179500 1.5582884 2.0716925 2.3992464 1.9718028 1.8196151 1.5724046 1.7721847 1.6792589 2.4160508 2.4260135 1.7468345 1.6868574 3.2329840 0.7714218 0.7700186 1.8526446 2.5971971 1.7047772 2.3440854 
n296_297   2.1428937 1.5764979 0.0000000 1.6108086 0.1416925 1.7461180 2.8327786 0.3138757 2.0225187 1.8455806 0.5588206 0.2864395 0.1458092 0.2668620 0.8352241 1.8803513 1.8446677 0.0522184 0.1130461 2.6425964 1.5846616 2.0209082 0.2860244 2.2646175 0.2566219 1.7739637 
n285_286   2.5311447 0.0702048 1.6108086 0.0000000 1.7388527 2.4542048 2.5099936 1.7468887 2.2670853 2.5085123 1.9657234 1.9075205 1.6326429 1.8572655 1.6802269 2.5098779 2.4591967 1.7591349 1.8195659 2.7861170 0.8266013 0.8245642 1.9355830 2.7929595 1.8932763 2.4479670 
n289_290   2.3405189 1.6974891 0.1416925 1.7388527 0.0000000 1.7460697 4.0461206 0.3296219 2.1566976 1.9574668 0.6152118 0.3121641 0.0706285 0.3025732 0.8231576 1.9521431 1.8724642 0.1414652 0.0669432 2.8996220 1.8256263 2.2546166 0.3120578 2.6444711 0.2970042 1.8377276 
n274_275   0.5236827 2.3485093 1.7461180 2.4542048 1.7460697 0.0000000 2.7025961 1.9473950 0.4481812 0.1168475 2.0318936 2.0978835 1.8774802 2.0124624 1.8189668 0.1127397 0.1369293 1.9056875 2.0481264 2.6572779 4.2756036 4.1808637 2.0466129 2.6568012 1.9669764 0.1127978 
n255_256   2.5936156 2.4179500 2.8327786 2.5099936 4.0461206 2.7025961 0.0000000 3.2853445 2.2732233 2.5490602 2.7104678 3.4331555 3.2977970 4.2149456 4.2847197 2.4122503 2.3633221 3.1614908 3.4016025 2.8635090 2.9403966 2.6625174 2.9936803 0.3930779 3.5572105 2.5990496 
n275_276   2.4217207 1.5582884 0.3138757 1.7468887 0.3296219 1.9473950 3.2853445 0.0000000 2.0605794 1.9726893 0.5822373 0.1457240 0.3067212 0.1170748 0.8818460 2.0126088 2.2077940 0.3244105 0.3121923 3.0074557 2.1169671 2.2919888 0.1457962 2.5020667 0.0973170 1.9644165 
n278_279   0.1286879 2.0716925 2.0225187 2.2670853 2.1566976 0.4481812 2.2732233 2.0605794 0.0000000 0.4222293 2.1307807 2.5903875 2.1960134 2.2379221 2.1302794 0.4218769 0.4164333 2.1982166 2.3693605 2.4394295 2.8201657 2.8247913 2.5848343 2.9958222 2.1811785 0.4221491 
n299_300   0.5085262 2.3992464 1.8455806 2.5085123 1.9574668 0.1168475 2.5490602 1.9726893 0.4222293 0.0000000 2.2479547 1.9481331 2.1216997 2.0802428 1.9079134 0.0237596 0.0668723 1.9518404 2.4632080 2.6988011 5.4851753 4.3540842 1.9936781 2.7266677 2.0307934 0.0168850 
n236_237   2.2491202 1.9718028 0.5588206 1.9657234 0.6152118 2.0318936 2.7104678 0.5822373 2.1307807 2.2479547 0.0000000 0.5886460 0.5902994 0.5578362 1.1451454 2.2922353 2.5054694 0.5820397 0.5581384 4.3877891 2.2511719 2.7005188 0.6038455 3.5636038 0.5660123 2.2270757 
n293_294   2.8135430 1.8196151 0.2864395 1.9075205 0.3121641 2.0978835 3.4331555 0.1457240 2.5903875 1.9481331 0.5886460 0.0000000 0.2900533 0.1251536 0.8116520 1.9867452 2.0434398 0.2808921 0.2899955 3.3422836 2.1468157 2.3924641 0.0377952 2.2235893 0.1209831 1.9011894 
n290_291   2.2856377 1.5724046 0.1458092 1.6326429 0.0706285 1.8774802 3.2977970 0.3067212 2.1960134 2.1216997 0.5902994 0.2900533 0.0000000 0.2807261 0.8225893 2.1154391 2.0222474 0.1497858 0.0706417 2.8584573 1.5426399 1.8397550 0.2899612 2.6523437 0.2753624 1.9823907 
n297_298   2.4695120 1.7721847 0.2668620 1.8572655 0.3025732 2.0124624 4.2149456 0.1170748 2.2379221 2.0802428 0.5578362 0.1251536 0.2807261 0.0000000 0.8729082 2.0812459 2.0422579 0.2817793 0.2655363 2.8426372 2.2901834 2.8173212 0.1211668 2.8589442 0.0238800 1.9862879 
n200_201   2.0641648 1.6792589 0.8352241 1.6802269 0.8231576 1.8189668 4.2847197 0.8818460 2.1302794 1.9079134 1.1451454 0.8116520 0.8225893 0.8729082 0.0000000 1.9753314 1.9958817 0.8799863 0.7797432 2.7460966 1.9178533 2.0371498 0.8109075 2.0416006 0.8714163 1.8608288 
n292_293   0.5084565 2.4160508 1.8803513 2.5098779 1.9521431 0.1127397 2.4122503 2.0126088 0.4218769 0.0237596 2.2922353 1.9867452 2.1154391 2.0812459 1.9753314 0.0000000 0.0593964 1.9465619 2.4544606 2.6170439 6.0865574 4.6100681 2.0342172 2.5801101 2.0732436 0.0203007 
n280_281   0.5238892 2.4260135 1.8446677 2.4591967 1.8724642 0.1369293 2.3633221 2.2077940 0.4164333 0.0668723 2.5054694 2.0434398 2.0222474 2.0422579 1.9958817 0.0593964 0.0000000 1.9936815 2.3265241 2.7233312 4.1438236 3.6563108 2.0395745 2.6570699 2.0341320 0.0668069 
n295_296   2.3418884 1.7468345 0.0522184 1.7591349 0.1414652 1.9056875 3.1614908 0.3244105 2.1982166 1.9518404 0.5820397 0.2808921 0.1497858 0.2817793 0.8799863 1.9465619 1.9936815 0.0000000 0.1248704 2.8201696 1.6301066 1.9576674 0.2859102 2.2537630 0.2763917 1.8330486 
n287_288   2.4906204 1.6868574 0.1130461 1.8195659 0.0669432 2.0481264 3.4016025 0.3121923 2.3693605 2.4632080 0.5581384 0.2899955 0.0706417 0.2655363 0.7797432 2.4544606 2.3265241 0.1248704 0.0000000 2.8213110 1.6637508 1.9238115 0.2847244 2.5354169 0.2603027 2.2740577 
n244_245   2.3028151 3.2329840 2.6425964 2.7861170 2.8996220 2.6572779 2.8635090 3.0074557 2.4394295 2.6988011 4.3877891 3.3422836 2.8584573 2.8426372 2.7460966 2.6170439 2.7233312 2.8201696 2.8213110 0.0000000 2.9771435 2.5511467 3.3135018 3.0382075 3.0058170 2.7871955 
n265_266   4.0276800 0.7714218 1.5846616 0.8266013 1.8256263 4.2756036 2.9403966 2.1169671 2.8201657 5.4851753 2.2511719 2.1468157 1.5426399 2.2901834 1.9178533 6.0865574 4.1438236 1.6301066 1.6637508 2.9771435 0.0000000 0.1582532 2.1967791 3.3335876 2.1756515 6.2388161 
n266_267   4.0559092 0.7700186 2.0209082 0.8245642 2.2546166 4.1808637 2.6625174 2.2919888 2.8247913 4.3540842 2.7005188 2.3924641 1.8397550 2.8173212 2.0371498 4.6100681 3.6563108 1.9576674 1.9238115 2.5511467 0.1582532 0.0000000 2.4524927 5.0045084 2.6336965 4.6438249 
n294_295   2.9089192 1.8526446 0.2860244 1.9355830 0.3120578 2.0466129 2.9936803 0.1457962 2.5848343 1.9936781 0.6038455 0.0377952 0.2899612 0.1211668 0.8109075 2.0342172 2.0395745 0.2859102 0.2847244 3.3135018 2.1967791 2.4524927 0.0000000 2.1631480 0.1170237 1.9444402 
n251_252   2.8505474 2.5971971 2.2646175 2.7929595 2.6444711 2.6568012 0.3930779 2.5020667 2.9958222 2.7266677 3.5636038 2.2235893 2.6523437 2.8589442 2.0416006 2.5801101 2.6570699 2.2537630 2.5354169 3.0382075 3.3335876 5.0045084 2.1631480 0.0000000 2.7567822 2.8093323 
n298_299   2.5080363 1.7047772 0.2566219 1.8932763 0.2970042 1.9669764 3.5572105 0.0973170 2.1811785 2.0307934 0.5660123 0.1209831 0.2753624 0.0238800 0.8714163 2.0732436 2.0341320 0.2763917 0.2603027 3.0058170 2.1756515 2.6336965 0.1170237 2.7567822 0.0000000 1.9792919 
n300_301   0.5007622 2.3440854 1.7739637 2.4479670 1.8377276 0.1127978 2.5990496 1.9644165 0.4221491 0.0168850 2.2270757 1.9011894 1.9823907 1.9862879 1.8608288 0.0203007 0.0668069 1.8330486 2.2740577 2.7871955 6.2388161 4.6438249 1.9444402 2.8093323 1.9792919 0.0000000 
