22
n266_259   0.0000000 0.2577040 0.3606597 0.0204154 0.2900548 0.1502475 0.2788144 0.3163115 0.2789566 0.2843258 0.2477541 0.1458818 0.4363326 0.3283102 0.2525046 0.3216051 0.2481639 0.2625952 0.3163801 0.2374763 0.3162987 0.3220088 
n292_285   0.2577040 0.0000000 0.3288480 0.2628154 0.2880683 0.2835701 0.2823624 0.3035291 0.2724523 0.2724480 0.0066744 0.2828458 0.3635187 0.2824192 0.0779676 0.3087033 0.0237638 0.0855806 0.3035947 0.0134439 0.3140871 0.3090858 
n200_201   0.3606597 0.3288480 0.0000000 0.3544340 0.2082929 0.3434565 0.2033342 0.2082412 0.1986722 0.2033602 0.3236581 0.3484734 0.4777118 0.2077564 0.3227555 0.2127601 0.3350125 0.3229286 0.2082877 0.3177235 0.2174231 0.2130089 
n265_258   0.0204154 0.2628154 0.3544340 0.0000000 0.2899714 0.1548134 0.2787356 0.3162172 0.2788777 0.2842447 0.2527882 0.1504057 0.4491772 0.3284512 0.2575731 0.3215086 0.2532076 0.2677429 0.3162857 0.2424254 0.3270203 0.3219120 
n275_268   0.2900548 0.2880683 0.2082929 0.2899714 0.0000000 0.2950151 0.0169898 0.0415802 0.0135496 0.0169929 0.2884173 0.3048442 0.4627114 0.1136435 0.2714680 0.0451471 0.2943520 0.2716195 0.0415909 0.2827872 0.0487565 0.0451959 
n285_278   0.1502475 0.2835701 0.3434565 0.1548134 0.2950151 0.0000000 0.2836923 0.3107713 0.2838371 0.2892426 0.2732242 0.0168700 0.4447221 0.3168772 0.2618520 0.3160229 0.2784300 0.2619993 0.2996668 0.2625079 0.3101419 0.3051461 
n294_287   0.2788144 0.2823624 0.2033342 0.2787356 0.0169898 0.2836923 0.0000000 0.0379485 0.0101190 0.0135356 0.2827034 0.2933591 0.4551190 0.1094658 0.2659344 0.0414914 0.2885715 0.2660841 0.0379582 0.2771329 0.0450748 0.0415362 
n295_288   0.3163115 0.3035291 0.2082412 0.3162172 0.0415802 0.3107713 0.0379485 0.0000000 0.0343905 0.0379552 0.3038988 0.3207950 0.4689605 0.1095551 0.2865214 0.0033503 0.3099917 0.2866796 0.0135306 0.2981284 0.0203902 0.0169636 
n298_291   0.2789566 0.2724523 0.1986722 0.2788777 0.0135496 0.2838371 0.0101190 0.0343905 0.0000000 0.0033574 0.2727803 0.2935092 0.4425182 0.1054569 0.2607875 0.0379142 0.2785516 0.2609337 0.0343994 0.2672957 0.0414762 0.0379550 
n297_290   0.2843258 0.2724480 0.2033602 0.2842447 0.0169929 0.2892426 0.0135356 0.0379552 0.0033574 0.0000000 0.2727760 0.2989862 0.4425064 0.1094830 0.2607835 0.0414987 0.2785470 0.2609297 0.0379649 0.2672915 0.0450826 0.0415434 
n300_293   0.2477541 0.0066744 0.3236581 0.2527882 0.2884173 0.2732242 0.2827034 0.3038988 0.2727803 0.2727760 0.0000000 0.2725283 0.3519495 0.2827602 0.0704715 0.3090798 0.0168825 0.0779933 0.3039646 0.0066861 0.3144711 0.3094632 
n286_279   0.1458818 0.2828458 0.3484734 0.1504057 0.3048442 0.0168700 0.2933591 0.3207950 0.2935092 0.2989862 0.2725283 0.0000000 0.4447108 0.3278194 0.2611884 0.3261105 0.2777196 0.2613360 0.3095395 0.2618423 0.3201430 0.3150926 
n244_241   0.4363326 0.3635187 0.4777118 0.4491772 0.4627114 0.4447221 0.4551190 0.4689605 0.4425182 0.4425064 0.3519495 0.4447108 0.0000000 0.4274116 0.3518595 0.4754821 0.3642329 0.3463293 0.4614982 0.3580568 0.4539144 0.4684901 
n236_235   0.3283102 0.2824192 0.2077564 0.3284512 0.1136435 0.3168772 0.1094658 0.1095551 0.1054569 0.1094830 0.2827602 0.3278194 0.4274116 0.0000000 0.2716363 0.1134860 0.2989508 0.2717879 0.1136418 0.2825314 0.1216115 0.1138391 
n277_270   0.2525046 0.0779676 0.3227555 0.2575731 0.2714680 0.2618520 0.2659344 0.2865214 0.2607875 0.2607835 0.0704715 0.2611884 0.3518595 0.2716363 0.0000000 0.2915607 0.0742154 0.0134223 0.2865833 0.0629440 0.2967969 0.2919172 
n296_289   0.3216051 0.3087033 0.2127601 0.3215086 0.0451471 0.3160229 0.0414914 0.0033503 0.0379142 0.0414987 0.3090798 0.3261105 0.4754821 0.1134860 0.2915607 0.0000000 0.3152252 0.2917210 0.0169501 0.3032630 0.0238408 0.0204009 
n274_267   0.2481639 0.0237638 0.3350125 0.2532076 0.2943520 0.2784300 0.2885715 0.3099917 0.2785516 0.2785470 0.0168825 0.2777196 0.3642329 0.2989508 0.0742154 0.3152252 0.0000000 0.0817836 0.3100588 0.0100566 0.3206736 0.3156183 
n278_271   0.2625952 0.0855806 0.3229286 0.2677429 0.2716195 0.2619993 0.2660841 0.2866796 0.2609337 0.2609297 0.0779933 0.2613360 0.3463293 0.2717879 0.0134223 0.2917210 0.0817836 0.0000000 0.2867416 0.0703623 0.2969595 0.2920779 
n290_283   0.3163801 0.3035947 0.2082877 0.3162857 0.0415909 0.2996668 0.0379582 0.0135306 0.0343994 0.0379649 0.3039646 0.3095395 0.4614982 0.1136418 0.2865833 0.0169501 0.3100588 0.2867416 0.0000000 0.2981929 0.0067105 0.0033498 
n280_273   0.2374763 0.0134439 0.3177235 0.2424254 0.2827872 0.2625079 0.2771329 0.2981284 0.2672957 0.2672915 0.0066861 0.2618423 0.3580568 0.2825314 0.0629440 0.3032630 0.0100566 0.0703623 0.2981929 0.0000000 0.3086034 0.3036375 
n289_282   0.3162987 0.3140871 0.2174231 0.3270203 0.0487565 0.3101419 0.0450748 0.0203902 0.0414762 0.0450826 0.3144711 0.3201430 0.4539144 0.1216115 0.2967969 0.0238408 0.3206736 0.2969595 0.0067105 0.3086034 0.0000000 0.0100954 
n287_280   0.3220088 0.3090858 0.2130089 0.3219120 0.0451959 0.3051461 0.0415362 0.0169636 0.0379550 0.0415434 0.3094632 0.3150926 0.4684901 0.1138391 0.2919172 0.0204009 0.3156183 0.2920779 0.0033498 0.3036375 0.0100954 0.0000000 
