26
n277_278   0.0000000 2.2084944 1.6428996 2.2643314 1.6608770 0.5162253 1.9215514 1.6227595 0.1290104 0.4898604 1.5918604 1.6518681 1.6515371 1.7932286 1.4612188 0.4914399 0.5169071 1.5686573 1.6617650 4.9017755 2.0069108 1.8920785 1.7271102 2.9396364 1.7136822 0.4769120 
n286_287   2.2084944 0.0000000 1.4620464 0.0517843 1.4450056 2.0039121 2.1889124 1.6066124 2.2308942 1.9026159 1.8552099 1.5253126 1.3991070 1.5905814 1.9535149 1.9531412 1.9196678 1.4521478 1.5724583 2.6474170 0.8671589 0.9356712 1.5309417 2.5894690 1.5641027 1.9426110 
n296_297   1.6428996 1.4620464 0.0000000 1.5732729 0.1139840 2.5051492 4.4480046 0.2466034 1.6416346 2.1341591 0.5542901 0.2409996 0.1217236 0.2271557 1.1807462 2.2788056 1.9228394 0.0239379 0.1061688 3.1033365 2.9121796 2.7942706 0.2605998 6.1851263 0.2365805 2.1927690 
n285_286   2.2643314 0.0517843 1.5732729 0.0000000 1.5820018 1.9166825 1.9926379 1.7387069 2.2979027 1.9040561 1.8948193 1.6703409 1.5785048 1.6851112 2.1141500 1.9661708 1.8129960 1.5580860 1.7562833 2.3163020 0.8987636 0.9568649 1.6237290 2.8027981 1.6561790 1.9098842 
n289_290   1.6608770 1.4450056 0.1139840 1.5820018 0.0000000 2.4206597 3.0770432 0.2642500 1.6896662 2.2013045 0.5208699 0.2531306 0.0491677 0.2491099 1.2436574 2.2799411 1.9852594 0.1184408 0.0421752 6.8492416 2.5354964 2.2928920 0.2732270 9.0000000 0.2587665 2.2619806 
n274_275   0.5162253 2.0039121 2.5051492 1.9166825 2.4206597 0.0000000 1.6678093 2.3291158 0.4767921 0.1108242 1.9441220 2.1393233 2.2659519 2.5549614 1.8953900 0.1111112 0.1263548 2.3959752 2.6757014 3.2812061 2.8799637 3.1606906 2.3276722 2.0035331 2.6976581 0.1031641 
n255_256   1.9215514 2.1889124 4.4480046 1.9926379 3.0770432 1.6678093 0.0000000 3.3469098 1.9428786 1.7499647 2.2742363 2.8045836 3.4905619 2.8614972 2.2812432 1.7489178 1.7556246 4.4348491 4.4362255 2.0702776 1.8660506 2.0153210 2.9702021 0.3431686 2.9299071 1.7250514 
n275_276   1.6227595 1.6066124 0.2466034 1.7387069 0.2642500 2.3291158 3.3469098 0.0000000 1.4739025 2.0275050 0.6191305 0.0942822 0.2783960 0.0865269 1.1466900 2.1528338 1.8835180 0.2528316 0.2545343 3.7087263 2.1632825 2.0949392 0.0982173 4.0929732 0.1021881 2.0790196 
n278_279   0.1290104 2.2308942 1.6416346 2.2979027 1.6896662 0.4767921 1.9428786 1.4739025 0.0000000 0.4638045 1.8858111 1.5270364 1.6496618 1.6761682 1.5564191 0.4652796 0.4976367 1.6268938 1.6613091 9.0000000 1.8866755 1.7637899 1.5739777 2.4759496 1.6339023 0.4512938 
n299_300   0.4898604 1.9026159 2.1341591 1.9040561 2.2013045 0.1108242 1.7499647 2.0275050 0.4638045 0.0000000 2.1904275 1.8861322 2.1320652 2.3201898 1.8437895 0.0236137 0.0878942 2.0262913 2.2858482 3.2746712 2.3410308 2.3230361 2.0315655 2.4432609 2.3097009 0.0066434 
n236_237   1.5918604 1.8552099 0.5542901 1.8948193 0.5208699 1.9441220 2.2742363 0.6191305 1.8858111 2.1904275 0.0000000 0.6272279 0.5634273 0.6025899 1.2101364 2.2358698 2.1683026 0.5789445 0.5593448 3.1591616 2.5911687 1.9893148 0.6529311 2.6592144 0.5792764 2.1535965 
n293_294   1.6518681 1.5253126 0.2409996 1.6703409 0.2531306 2.1393233 2.8045836 0.0942822 1.5270364 1.8861322 0.6272279 0.0000000 0.2825066 0.1059206 1.2217689 1.9919631 1.7136191 0.2471386 0.2486830 9.0000000 2.1589223 2.0841152 0.0453037 3.2375286 0.1098581 1.9303474 
n290_291   1.6515371 1.3991070 0.1217236 1.5785048 0.0491677 2.2659519 3.4905619 0.2783960 1.6496618 2.1320652 0.5634273 0.2825066 0.0000000 0.2730920 1.1827617 2.2074824 1.9511888 0.1262463 0.0566843 4.9940572 2.5481052 2.4613578 0.3034275 4.9183146 0.2779865 2.1904346 
n297_298   1.7932286 1.5905814 0.2271557 1.6851112 0.2491099 2.5549614 2.8614972 0.0865269 1.6761682 2.3201898 0.6025899 0.1059206 0.2730920 0.0000000 1.2050285 2.4300902 2.0177551 0.2331264 0.2345587 8.9999980 2.4320777 2.1235685 0.1098968 2.6266969 0.0417301 2.3883389 
n200_201   1.4612188 1.9535149 1.1807462 2.1141500 1.2436574 1.8953900 2.2812432 1.1466900 1.5564191 1.8437895 1.2101364 1.2217689 1.1827617 1.2050285 0.0000000 1.8991599 1.9778985 1.2255314 1.1704064 2.4105141 2.0927788 1.7417799 1.2187091 2.4404637 1.1647910 1.8123107 
n292_293   0.4914399 1.9531412 2.2788056 1.9661708 2.2799411 0.1111112 1.7489178 2.1528338 0.4652796 0.0236137 2.2358698 1.9919631 2.2074824 2.4300902 1.8991599 0.0000000 0.0881184 2.1547312 2.4522400 3.1378151 2.2089726 2.1876061 2.1550553 2.2747299 2.4660250 0.0167919 
n280_281   0.5169071 1.9196678 1.9228394 1.8129960 1.9852594 0.1263548 1.7556246 1.8835180 0.4976367 0.0878942 2.1683026 1.7136191 1.9511888 2.0177551 1.9778985 0.0881184 0.0000000 1.8341459 2.0093493 2.7102757 2.2886460 2.3224059 1.8353320 2.2521138 2.0443121 0.0804755 
n295_296   1.5686573 1.4521478 0.0239379 1.5580860 0.1184408 2.3959752 4.4348491 0.2528316 1.6268938 2.0262913 0.5789445 0.2471386 0.1262463 0.2331264 1.2255314 2.1547312 1.8341459 0.0000000 0.1065289 3.0625575 2.8681126 2.7541353 0.2669990 4.9815710 0.2426716 2.0789938 
n287_288   1.6617650 1.5724583 0.1061688 1.7562833 0.0421752 2.6757014 4.4362255 0.2545343 1.6613091 2.2858482 0.5593448 0.2486830 0.0566843 0.2345587 1.1704064 2.4522400 2.0093493 0.1065289 0.0000000 8.9999989 2.7443105 2.5507880 0.2686799 9.0000000 0.2438710 2.3522358 
n244_245   4.9017755 2.6474170 3.1033365 2.3163020 6.8492416 3.2812061 2.0702776 3.7087263 9.0000000 3.2746712 3.1591616 9.0000000 4.9940572 8.9999980 2.4105141 3.1378151 2.7102757 3.0625575 8.9999989 0.0000000 2.3550300 2.0376099 8.9999981 2.0599538 5.6652678 3.1632971 
n265_266   2.0069108 0.8671589 2.9121796 0.8987636 2.5354964 2.8799637 1.8660506 2.1632825 1.8866755 2.3410308 2.5911687 2.1589223 2.5481052 2.4320777 2.0927788 2.2089726 2.2886460 2.8681126 2.7443105 2.3550300 0.0000000 0.1880029 2.1793678 2.1778717 2.3557423 2.3341251 
n266_267   1.8920785 0.9356712 2.7942706 0.9568649 2.2928920 3.1606906 2.0153210 2.0949392 1.7637899 2.3230361 1.9893148 2.0841152 2.4613578 2.1235685 1.7417799 2.1876061 2.3224059 2.7541353 2.5507880 2.0376099 0.1880029 0.0000000 2.0186749 2.4887884 2.1933208 2.3164100 
n294_295   1.7271102 1.5309417 0.2605998 1.6237290 0.2732270 2.3276722 2.9702021 0.0982173 1.5739777 2.0315655 0.6529311 0.0453037 0.3034275 0.1098968 1.2187091 2.1550553 1.8353320 0.2669990 0.2686799 8.9999981 2.1793678 2.0186749 0.0000000 3.2815588 0.1219744 2.0823827 
n251_252   2.9396364 2.5894690 6.1851263 2.8027981 9.0000000 2.0035331 0.3431686 4.0929732 2.4759496 2.4432609 2.6592144 3.2375286 4.9183146 2.6266969 2.4404637 2.2747299 2.2521138 4.9815710 9.0000000 2.0599538 2.1778717 2.4887884 3.2815588 0.0000000 2.6107766 2.3908227 
n298_299   1.7136822 1.5641027 0.2365805 1.6561790 0.2587665 2.6976581 2.9299071 0.1021881 1.6339023 2.3097009 0.5792764 0.1098581 0.2779865 0.0417301 1.1647910 2.4660250 2.0443121 0.2426716 0.2438710 5.6652678 2.3557423 2.1933208 0.1219744 2.6107766 0.0000000 2.3655105 
n300_301   0.4769120 1.9426110 2.1927690 1.9098842 2.2619806 0.1031641 1.7250514 2.0790196 0.4512938 0.0066434 2.1535965 1.9303474 2.1904346 2.3883389 1.8123107 0.0167919 0.0804755 2.0789938 2.3522358 3.1632971 2.3341251 2.3164100 2.0823827 2.3908227 2.3655105 0.0000000 
