26
n277_278   0.0000000 2.5651859 2.0720395 2.4632324 1.7244563 0.4694839 2.8518655 1.8626759 0.1698071 0.4638009 1.6856437 1.9108850 1.6922547 2.0942176 1.8691225 0.4381219 0.4768970 1.9235866 1.7280221 3.5852017 2.0351517 2.0778996 2.0326750 2.8353005 2.0410825 0.4635810 
n286_287   2.5651859 0.0000000 2.3544952 0.0701946 2.7696246 2.0837466 2.2970222 2.1947406 2.3011615 2.2958436 2.7807915 2.1338963 2.6656108 1.9219056 2.5518585 2.3344378 2.4783174 2.3996892 2.9868538 2.2786912 0.9393842 0.9726614 2.1591196 2.1251957 1.8419467 2.2179311 
n296_297   2.0720395 2.3544952 0.0000000 2.1863989 0.1438006 1.8901514 3.7979701 0.2800449 1.8269074 1.8818513 0.5198437 0.2899826 0.1520114 0.3877640 0.9324672 1.8342139 2.1118615 0.0626457 0.1604058 2.7073457 2.0403187 2.7411503 0.3001460 3.6018358 0.3649554 1.8037529 
n285_286   2.4632324 0.0701946 2.1863989 0.0000000 2.7671628 2.0799186 2.2749611 2.0536558 1.9716851 2.2312101 2.7448441 1.9136322 2.8689674 1.8207202 2.3460897 2.1452363 2.3451559 2.2924966 2.8752638 2.3970978 0.9768063 0.9986424 1.9806997 2.0713453 1.7489629 2.1588109 
n289_290   1.7244563 2.7696246 0.1438006 2.7671628 0.0000000 1.7144642 3.8440062 0.2651146 1.6075510 1.7068085 0.5483528 0.2749911 0.0376708 0.3485046 1.0073349 1.7022284 1.7839670 0.1562800 0.0376947 2.4792108 2.0850918 2.5022818 0.2799223 3.1745042 0.3323042 1.6429317 
n274_275   0.4694839 2.0837466 1.8901514 2.0799186 1.7144642 0.0000000 3.6090956 1.7003758 0.4888363 0.1656339 2.2351643 1.6968499 1.6552698 1.8657983 2.0567985 0.1527427 0.1656672 1.8079690 1.6898362 2.7988356 2.2538537 2.7172893 1.9113765 5.0050560 1.7961147 0.1529596 
n255_256   2.8518655 2.2970222 3.7979701 2.2749611 3.8440062 3.6090956 0.0000000 4.8824036 4.5510712 3.3915220 2.8586787 9.0000000 5.1981959 4.4796652 2.3871452 3.9385015 6.5467889 3.4754006 5.3048080 2.2352760 2.2946873 3.7358841 9.0000000 0.3929441 3.7821143 3.3320000 
n275_276   1.8626759 2.1947406 0.2800449 2.0536558 0.2651146 1.7003758 4.8824036 0.0000000 1.5769738 1.6974280 0.5580596 0.1118910 0.2747480 0.1608532 1.0331866 1.6929036 1.8319063 0.2946634 0.2648902 2.3394787 1.9309976 2.3255607 0.1196929 3.8246822 0.1483104 1.6338933 
n278_279   0.1698071 2.3011615 1.8269074 1.9716851 1.6075510 0.4888363 4.5510712 1.5769738 0.0000000 0.5102568 1.5964239 1.7005335 1.5783515 2.0396800 1.6964155 0.4892237 0.4831418 1.8214160 1.5836405 3.7606377 2.0214687 2.0142629 1.8647424 3.9788723 1.9540762 0.5100009 
n299_300   0.4638009 2.2958436 1.8818513 2.2312101 1.7068085 0.1656339 3.3915220 1.6974280 0.5102568 0.0000000 2.0576934 1.7239337 1.6800544 1.8231931 2.0580398 0.0593376 0.1124992 1.8362051 1.7810580 2.4872664 1.8179593 1.9805476 1.9052856 3.1843388 1.7504037 0.0169142 
n236_237   1.6856437 2.7807915 0.5198437 2.7448441 0.5483528 2.2351643 2.8586787 0.5580596 1.5964239 2.0576934 0.0000000 0.5421381 0.5277078 0.6036390 1.0002001 2.2085735 2.2867748 0.5332683 0.5558242 5.4325859 2.7417550 2.8657034 0.5564847 1.9056482 0.5808223 2.0515648 
n293_294   1.9108850 2.1338963 0.2899826 1.9136322 0.2749911 1.6968499 9.0000000 0.1118910 1.7005335 1.7239337 0.5421381 0.0000000 0.2798116 0.1358117 0.9701551 1.7850956 1.9098412 0.3103261 0.2747945 2.4593047 1.9971478 2.5690608 0.0482274 9.0000000 0.1237291 1.6585524 
n290_291   1.6922547 2.6656108 0.1520114 2.8689674 0.0376708 1.6552698 5.1981959 0.2747480 1.5783515 1.6800544 0.5277078 0.2798116 0.0000000 0.3538178 1.0058074 1.6780104 1.7889382 0.1687674 0.0447315 2.6650611 1.9141286 2.3095695 0.2897470 4.0307895 0.3375080 1.6180713 
n297_298   2.0942176 1.9219056 0.3877640 1.8207202 0.3485046 1.8657983 4.4796652 0.1608532 2.0396800 1.8231931 0.6036390 0.1358117 0.3538178 0.0000000 0.9922384 1.8592362 2.0339646 0.4110784 0.3539558 3.3440054 2.0182474 2.4072646 0.1438438 3.5436519 0.0202737 1.7835889 
n200_201   1.8691225 2.5518585 0.9324672 2.3460897 1.0073349 2.0567985 2.3871452 1.0331866 1.6964155 2.0580398 1.0002001 0.9701551 1.0058074 0.9922384 0.0000000 2.1075820 2.3391774 0.9207345 0.9930565 2.7718398 2.1377843 1.9184208 0.9934548 2.5748412 1.0216175 2.0941822 
n292_293   0.4381219 2.3344378 1.8342139 2.1452363 1.7022284 0.1527427 3.9385015 1.6929036 0.4892237 0.0593376 2.2085735 1.7850956 1.6780104 1.8592362 2.1075820 0.0000000 0.0967964 1.8597067 1.7757767 2.7084175 1.7797361 1.9381553 1.9417917 4.2812668 1.8132229 0.0484795 
n280_281   0.4768970 2.4783174 2.1118615 2.3451559 1.7839670 0.1656672 6.5467889 1.8319063 0.4831418 0.1124992 2.2867748 1.9098412 1.7889382 2.0339646 2.3391774 0.0967964 0.0000000 2.1470845 1.8241497 2.8862660 2.1174523 2.3409458 2.0423840 3.2849655 1.9077168 0.0930556 
n295_296   1.9235866 2.3996892 0.0626457 2.2924966 0.1562800 1.8079690 3.4754006 0.2946634 1.8214160 1.8362051 0.5332683 0.3103261 0.1687674 0.4110784 0.9207345 1.8597067 2.1470845 0.0000000 0.1645719 2.8879938 2.1469982 2.6794370 0.3207751 4.2122222 0.3875527 1.7622018 
n287_288   1.7280221 2.9868538 0.1604058 2.8752638 0.0376947 1.6898362 5.3048080 0.2648902 1.5836405 1.7810580 0.5558242 0.2747945 0.0447315 0.3539558 0.9930565 1.7757767 1.8241497 0.1645719 0.0000000 2.4294242 1.9954815 2.4410754 0.2846621 3.7968697 0.3376348 1.7113102 
n244_245   3.5852017 2.2786912 2.7073457 2.3970978 2.4792108 2.7988356 2.2352760 2.3394787 3.7606377 2.4872664 5.4325859 2.4593047 2.6650611 3.3440054 2.7718398 2.7084175 2.8862660 2.8879938 2.4294242 0.0000000 2.0642562 3.0138124 2.3120958 4.1448538 2.9051172 2.5010451 
n265_266   2.0351517 0.9393842 2.0403187 0.9768063 2.0850918 2.2538537 2.2946873 1.9309976 2.0214687 1.8179593 2.7417550 1.9971478 1.9141286 2.0182474 2.1377843 1.7797361 2.1174523 2.1469982 1.9954815 2.0642562 0.0000000 0.1654452 1.8363485 3.7561903 1.8889483 1.8083164 
n266_267   2.0778996 0.9726614 2.7411503 0.9986424 2.5022818 2.7172893 3.7358841 2.3255607 2.0142629 1.9805476 2.8657034 2.5690608 2.3095695 2.4072646 1.9184208 1.9381553 2.3409458 2.6794370 2.4410754 3.0138124 0.1654452 0.0000000 2.2858224 8.9999986 2.2117700 1.9682189 
n294_295   2.0326750 2.1591196 0.3001460 1.9806997 0.2799223 1.9113765 9.0000000 0.1196929 1.8647424 1.9052856 0.5564847 0.0482274 0.2897470 0.1438438 0.9934548 1.9417917 2.0423840 0.3207751 0.2846621 2.3120958 1.8363485 2.2858224 0.0000000 9.0000000 0.1317454 1.8248577 
n251_252   2.8353005 2.1251957 3.6018358 2.0713453 3.1745042 5.0050560 0.3929441 3.8246822 3.9788723 3.1843388 1.9056482 9.0000000 4.0307895 3.5436519 2.5748412 4.2812668 3.2849655 4.2122222 3.7968697 4.1448538 3.7561903 8.9999986 9.0000000 0.0000000 3.6199508 3.0000760 
n298_299   2.0410825 1.8419467 0.3649554 1.7489629 0.3323042 1.7961147 3.7821143 0.1483104 1.9540762 1.7504037 0.5808223 0.1237291 0.3375080 0.0202737 1.0216175 1.8132229 1.9077168 0.3875527 0.3376348 2.9051172 1.8889483 2.2117700 0.1317454 3.6199508 0.0000000 1.7141071 
n300_301   0.4635810 2.2179311 1.8037529 2.1588109 1.6429317 0.1529596 3.3320000 1.6338933 0.5100009 0.0169142 2.0515648 1.6585524 1.6180713 1.7835889 2.0941822 0.0484795 0.0930556 1.7622018 1.7113102 2.5010451 1.8083164 1.9682189 1.8248577 3.0000760 1.7141071 0.0000000 
