23
n298_299   0.0000000 0.3100167 0.1591986 0.2908556 0.0377098 0.2761956 0.3147250 0.0203375 0.0134980 0.0342048 0.0067117 0.3148616 0.0342054 0.3147532 0.3045804 0.0849905 0.3151301 0.2907241 0.0237704 0.3199247 0.2808050 0.3249440 0.3149792 
n280_281   0.3100167 0.0000000 0.2837308 0.2559111 0.3051065 0.2796866 0.0168245 0.3153498 0.3002421 0.3051027 0.3099780 0.0770148 0.3050984 0.3136619 0.0168224 0.2902682 0.3189683 0.2557976 0.3202690 0.0202406 0.2746435 0.3499861 0.0770370 
n200_201   0.1591986 0.2837308 0.0000000 0.2653349 0.1592359 0.2374210 0.2882836 0.1592585 0.1511107 0.1551366 0.1591838 0.2884084 0.1510149 0.2979212 0.2785333 0.1471007 0.3032877 0.2605069 0.1633122 0.2932755 0.2326791 0.3232870 0.2787459 
n286_287   0.2908556 0.2559111 0.2653349 0.0000000 0.2860544 0.1349754 0.2603345 0.2961455 0.2812979 0.2860507 0.2908206 0.2511265 0.2860475 0.3246696 0.2509223 0.2621080 0.3248764 0.0067120 0.2959253 0.2651472 0.1308957 0.3347528 0.2465982 
n287_288   0.0377098 0.3051065 0.1592359 0.2860544 0.0000000 0.2762687 0.3097909 0.0448103 0.0377428 0.0033474 0.0377071 0.3099254 0.0100922 0.3197852 0.2997101 0.0887608 0.3201693 0.2859253 0.0483479 0.3149573 0.2712225 0.3353791 0.3049009 
n266_267   0.2761956 0.2796866 0.2374210 0.1349754 0.2762687 0.0000000 0.2842295 0.2813703 0.2668082 0.2714765 0.2761633 0.2698166 0.2714740 0.3039156 0.2745097 0.2527599 0.2992097 0.1349181 0.2811636 0.2892049 0.0237440 0.3297860 0.2651845 
n292_293   0.3147250 0.0168245 0.2882836 0.2603345 0.3097909 0.2842295 0.0000000 0.3200899 0.3049027 0.3097870 0.3146845 0.0806353 0.3097825 0.3082625 0.0202146 0.2999437 0.3135218 0.2602187 0.3250328 0.0033338 0.2791574 0.3496340 0.0806586 
n293_294   0.0203375 0.3153498 0.1592585 0.2961455 0.0448103 0.2813703 0.3200899 0.0000000 0.0169187 0.0412698 0.0203361 0.3202289 0.0412705 0.3253078 0.3098656 0.0926052 0.3257002 0.2960113 0.0101004 0.3253321 0.2860127 0.3356502 0.3203492 
n275_276   0.0134980 0.3002421 0.1511107 0.2812979 0.0377428 0.2668082 0.3049027 0.0169187 0.0000000 0.0342346 0.0134970 0.3050351 0.0342352 0.3049313 0.2948842 0.0775843 0.3052945 0.2811712 0.0203393 0.3100359 0.2713697 0.3252091 0.3051480 
n289_290   0.0342048 0.3051027 0.1551366 0.2860507 0.0033474 0.2714765 0.3097870 0.0412698 0.0342346 0.0000000 0.0342023 0.3099215 0.0067135 0.3147298 0.2997063 0.0850082 0.3151067 0.2859217 0.0447926 0.3149533 0.2664644 0.3302192 0.3048970 
n297_298   0.0067117 0.3099780 0.1591838 0.2908206 0.0377071 0.2761633 0.3146845 0.0203361 0.0134970 0.0342023 0.0000000 0.3097866 0.0342029 0.3147137 0.3045430 0.0849837 0.3150905 0.2906892 0.0237687 0.3198841 0.2807719 0.3300709 0.3149396 
n278_279   0.3148616 0.0770148 0.2884084 0.2511265 0.3099254 0.2698166 0.0806353 0.3202289 0.3050351 0.3099215 0.3097866 0.0000000 0.3099170 0.3183885 0.0732604 0.3000741 0.3185637 0.2510153 0.3251739 0.0843695 0.2696507 0.3390607 0.0202162 
n295_296   0.0342054 0.3050984 0.1510149 0.2860475 0.0100922 0.2714740 0.3097825 0.0412705 0.0342352 0.0067135 0.0342029 0.3099170 0.0000000 0.3147250 0.2997024 0.0850093 0.3151018 0.2859185 0.0447934 0.3149485 0.2664622 0.3302134 0.3100322 
n251_252   0.3147532 0.3136619 0.2979212 0.3246696 0.3197852 0.3039156 0.3082625 0.3253078 0.3049313 0.3147298 0.3147137 0.3183885 0.3147250 0.0000000 0.3082158 0.3201186 0.0479645 0.3194301 0.3251434 0.3133978 0.2986981 0.2362145 0.3185073 
n274_275   0.3045804 0.0168224 0.2785333 0.2509223 0.2997101 0.2745097 0.0202146 0.3098656 0.2948842 0.2997063 0.3045430 0.0732604 0.2997024 0.3082158 0.0000000 0.2899905 0.3134738 0.2508110 0.3147459 0.0236437 0.2695095 0.3442259 0.0732814 
n236_237   0.0849905 0.2902682 0.1471007 0.2621080 0.0887608 0.2527599 0.2999437 0.0926052 0.0775843 0.0850082 0.0849837 0.3000741 0.0850093 0.3201186 0.2899905 0.0000000 0.3205035 0.2619908 0.0963586 0.3000902 0.2478862 0.3252612 0.2952524 
n255_256   0.3151301 0.3189683 0.3032877 0.3248764 0.3201693 0.2992097 0.3135218 0.3257002 0.3052945 0.3151067 0.3150905 0.3185637 0.3151018 0.0479645 0.3134738 0.3205035 0.0000000 0.3196330 0.3255353 0.3186975 0.3039757 0.2410251 0.3186827 
n285_286   0.2907241 0.2557976 0.2605069 0.0067120 0.2859253 0.1349181 0.2602187 0.2960113 0.2811712 0.2859217 0.2906892 0.2510153 0.2859185 0.3194301 0.2508110 0.2619908 0.3196330 0.0000000 0.2957912 0.2650290 0.1308402 0.3293599 0.2464893 
n294_295   0.0237704 0.3202690 0.1633122 0.2959253 0.0483479 0.2811636 0.3250328 0.0101004 0.0203393 0.0447926 0.0237687 0.3251739 0.0447934 0.3251434 0.3147459 0.0963586 0.3255353 0.2957912 0.0000000 0.3303081 0.2858019 0.3353927 0.3252966 
n300_301   0.3199247 0.0202406 0.2932755 0.2651472 0.3149573 0.2892049 0.0033338 0.3253321 0.3100359 0.3149533 0.3198841 0.0843695 0.3149485 0.3133978 0.0236437 0.3000902 0.3186975 0.2650290 0.3303081 0.0000000 0.2840950 0.3498091 0.0843940 
n265_266   0.2808050 0.2746435 0.2326791 0.1308957 0.2712225 0.0237440 0.2791574 0.2860127 0.2713697 0.2664644 0.2807719 0.2696507 0.2664622 0.2986981 0.2695095 0.2478862 0.3039757 0.1308402 0.2858019 0.2840950 0.0000000 0.3293602 0.2650221 
n244_245   0.3249440 0.3499861 0.3232870 0.3347528 0.3353791 0.3297860 0.3496340 0.3356502 0.3252091 0.3302192 0.3300709 0.3390607 0.3302134 0.2362145 0.3442259 0.3252612 0.2410251 0.3293599 0.3353927 0.3498091 0.3293602 0.0000000 0.3497538 
n277_278   0.3149792 0.0770370 0.2787459 0.2465982 0.3049009 0.2651845 0.0806586 0.3203492 0.3051480 0.3048970 0.3149396 0.0202162 0.3100322 0.3185073 0.0732814 0.2952524 0.3186827 0.2464893 0.3252966 0.0843940 0.2650221 0.3497538 0.0000000 
