14
n255_246   0.0000000 0.3965518 0.4022725 0.3901044 0.2713051 0.4136805 0.3910557 0.4140489 0.4029724 0.3969147 0.3638057 0.0341094 0.3853956 0.3961577 
n292_269   0.3965518 0.0000000 0.0033424 0.2290364 0.3678526 0.0411089 0.2338202 0.0376035 0.0100745 0.0168690 0.2918356 0.4014758 0.2292478 0.2383078 
n299_270   0.4022725 0.0033424 0.0000000 0.2335932 0.3733419 0.0446378 0.2384101 0.0411168 0.0134627 0.0202884 0.2968139 0.4072248 0.2338091 0.2429245 
n266_255   0.3901044 0.2290364 0.2335932 0.0000000 0.3356551 0.2380720 0.1190596 0.2335753 0.2291363 0.2201369 0.2761907 0.3949904 0.1151553 0.0100735 
n244_235   0.2713051 0.3678526 0.3733419 0.3356551 0.0000000 0.3574712 0.3410065 0.3522695 0.3627312 0.3626685 0.3480549 0.2857709 0.3357328 0.3409696 
n277_260   0.4136805 0.0411089 0.0446378 0.2380720 0.3574712 0.0000000 0.2432203 0.0100706 0.0446606 0.0517802 0.3016684 0.4186861 0.2385867 0.2474571 
n286_267   0.3910557 0.2338202 0.2384101 0.1190596 0.3410065 0.2432203 0.0000000 0.2431030 0.2341433 0.2294176 0.3063535 0.3959578 0.0033408 0.1229846 
n278_261   0.4140489 0.0376035 0.0411168 0.2335753 0.3522695 0.0100706 0.2431030 0.0000000 0.0411377 0.0482250 0.2967895 0.4190604 0.2384715 0.2429057 
n280_263   0.4029724 0.0100745 0.0134627 0.2291363 0.3627312 0.0446606 0.2341433 0.0411377 0.0000000 0.0202987 0.2922575 0.4079339 0.2295636 0.2384129 
n274_259   0.3969147 0.0168690 0.0202884 0.2201369 0.3626685 0.0517802 0.2294176 0.0482250 0.0202987 0.0000000 0.2820814 0.4018426 0.2248701 0.2292976 
n200_195   0.3638057 0.2918356 0.2968139 0.2761907 0.3480549 0.3016684 0.3063535 0.2967895 0.2922575 0.2820814 0.0000000 0.3860373 0.3013016 0.2861049 
n251_242   0.0341094 0.4014758 0.4072248 0.3949904 0.2857709 0.4186861 0.3959578 0.4190604 0.4079339 0.4018426 0.3860373 0.0000000 0.3902697 0.4010766 
n285_266   0.3853956 0.2292478 0.2338091 0.1151553 0.3357328 0.2385867 0.0033408 0.2384715 0.2295636 0.2248701 0.3013016 0.3902697 0.0000000 0.1190593 
n265_254   0.3961577 0.2383078 0.2429245 0.0100735 0.3409696 0.2474571 0.1229846 0.2429057 0.2384129 0.2292976 0.2861049 0.4010766 0.1190593 0.0000000 
