26
n277_278   0.0000000 1.8174310 2.4882902 1.7775463 2.1678970 0.4417135 9.0000000 2.4320379 0.1322019 0.3580528 1.7239985 2.0985775 2.2996759 2.4574765 2.3692371 0.3804113 0.3872295 2.5675751 2.3357173 3.3823297 2.2660625 2.0653024 2.0222580 3.6276291 2.4786232 0.3632982 
n286_287   1.8174310 0.0000000 2.0694101 0.0631377 2.0027271 2.1862375 9.0000000 2.4215252 2.4417567 1.9835640 2.5134997 2.4051180 2.1320498 2.3264769 2.3503735 2.0575502 2.0288864 2.2277511 2.3424392 2.6739701 1.1385797 1.0466255 2.3307161 2.4481377 2.3957386 2.0233915 
n296_297   2.4882902 2.0694101 0.0000000 1.8856061 0.1321011 2.7582685 2.9834066 0.3525413 2.4404716 2.7098170 0.5838168 0.3578579 0.1524201 0.3515575 1.1965245 2.7267814 2.6279913 0.0272304 0.1488161 2.9405546 2.2266658 1.9904576 0.3692147 3.2105755 0.3635411 2.7900671 
n285_286   1.7775463 0.0631377 1.8856061 0.0000000 1.9170377 2.0439035 9.0000000 2.4228812 2.3057875 1.8351745 2.2435697 2.3966240 1.9885522 2.3275837 2.1793526 1.9373349 1.9208970 2.1118018 2.2225739 2.7149383 1.2735376 1.1325089 2.2651554 2.5137321 2.3970360 1.8689834 
n289_290   2.1678970 2.0027271 0.1321011 1.9170377 0.0000000 2.4812817 3.0131137 0.3353300 2.1706490 2.3042360 0.5351492 0.3520053 0.0411665 0.3340476 1.1906673 2.3043080 2.2410106 0.1320945 0.0484450 3.0159566 2.0062188 1.8523531 0.3521802 3.9048472 0.3515648 2.3574246 
n274_275   0.4417135 2.1862375 2.7582685 2.0439035 2.4812817 0.0000000 3.8439760 2.4939763 0.4480088 0.1044028 1.7361495 2.4899118 2.3639196 2.6167499 2.8943978 0.1084300 0.1245499 3.0559649 2.6223977 8.9999986 1.9743651 1.9474106 2.2704448 3.1661825 2.7196232 0.1043704 
n255_256   9.0000000 9.0000000 2.9834066 9.0000000 3.0131137 3.8439760 0.0000000 3.5612115 7.3250738 3.4154407 5.9163309 3.1925921 3.0125734 2.5888560 6.4678949 3.2216381 3.7704313 3.3250416 2.6679464 2.4110826 3.3650111 3.4110992 3.2539617 0.3581211 2.7747158 3.3916587 
n275_276   2.4320379 2.4215252 0.3525413 2.4228812 0.3353300 2.4939763 3.5612115 0.0000000 2.1917548 2.7552833 0.5093289 0.1366038 0.3345789 0.1324817 1.1488527 2.7654836 2.7606867 0.3582329 0.3526474 9.0000000 1.8693674 1.6459476 0.1488201 3.4531014 0.1409438 2.8392614 
n278_279   0.1322019 2.4417567 2.4404716 2.3057875 2.1706490 0.4480088 7.3250738 2.1917548 0.0000000 0.3522486 1.7259350 2.0547205 2.2820736 2.4076765 2.4388843 0.3689039 0.4052266 2.5161805 2.3521231 4.0523754 2.3092750 2.0245590 2.0247112 3.4518585 2.5669734 0.3574534 
n299_300   0.3580528 1.9835640 2.7098170 1.8351745 2.3042360 0.1044028 3.4154407 2.7552833 0.3522486 0.0000000 1.9365448 2.8929094 2.3773266 2.8482262 3.2489103 0.0341367 0.0592773 2.8858321 2.4339731 3.8421041 1.9508130 2.0204944 2.5997850 3.1854520 2.9554534 0.0066938 
n236_237   1.7239985 2.5134997 0.5838168 2.2435697 0.5351492 1.7361495 5.9163309 0.5093289 1.7259350 1.9365448 0.0000000 0.5226575 0.5505955 0.5146240 1.0017498 1.8756496 1.9007238 0.5920237 0.5608648 3.5838409 2.0986757 1.8461775 0.5223706 4.0769394 0.5371956 1.9724871 
n293_294   2.0985775 2.4051180 0.3578579 2.3966240 0.3520053 2.4899118 3.1925921 0.1366038 2.0547205 2.8929094 0.5226575 0.0000000 0.3683357 0.1656260 1.2228528 2.8076801 2.8072540 0.3636516 0.3643734 6.2959930 1.8516899 1.7876429 0.0484044 4.1815414 0.1745638 2.9868410 
n290_291   2.2996759 2.1320498 0.1524201 1.9885522 0.0411665 2.3639196 3.0125734 0.3345789 2.2820736 2.3773266 0.5505955 0.3683357 0.0000000 0.3442705 1.2082960 2.3905876 2.4427733 0.1566738 0.0629172 3.4815101 2.1530140 2.0173925 0.3685215 3.9859685 0.3506643 2.4492308 
n297_298   2.4574765 2.3264769 0.3515575 2.3275837 0.3340476 2.6167499 2.5888560 0.1324817 2.4076765 2.8482262 0.5146240 0.1656260 0.3442705 0.0000000 1.2876898 2.9371939 2.8105275 0.3627322 0.3513800 5.7470125 1.8684038 1.6689300 0.1826200 3.1284409 0.0307570 2.9398400 
n200_201   2.3692371 2.3503735 1.1965245 2.1793526 1.1906673 2.8943978 6.4678949 1.1488527 2.4388843 3.2489103 1.0017498 1.2228528 1.2082960 1.2876898 0.0000000 3.0710476 2.8847533 1.2194566 1.1579963 3.2696767 2.1473499 1.7155649 1.3568351 9.0000000 1.2523502 2.9861295 
n292_293   0.3804113 2.0575502 2.7267814 1.9373349 2.3043080 0.1084300 3.2216381 2.7654836 0.3689039 0.0341367 1.8756496 2.8076801 2.3905876 2.9371939 3.0710476 0.0000000 0.0629960 2.9069800 2.5131368 4.6249349 2.0733636 2.2034353 2.5954557 3.0975936 3.0533050 0.0341263 
n280_281   0.3872295 2.0288864 2.6279913 1.9208970 2.2410106 0.1245499 3.7704313 2.7606867 0.4052266 0.0592773 1.9007238 2.8072540 2.4427733 2.8105275 2.8847533 0.0629960 0.0000000 2.7895888 2.3013952 8.9999981 2.0057795 2.0177904 2.5181158 3.9928691 2.9366400 0.0592591 
n295_296   2.5675751 2.2277511 0.0272304 2.1118018 0.1320945 3.0559649 3.3250416 0.3582329 2.5161805 2.8858321 0.5920237 0.3636516 0.1566738 0.3627322 1.2194566 2.9069800 2.7895888 0.0000000 0.1488092 3.1870177 2.4204526 2.1863663 0.3751047 3.0088218 0.3749222 2.9807488 
n287_288   2.3357173 2.3424392 0.1488161 2.2225739 0.0484450 2.6223977 2.6679464 0.3526474 2.3521231 2.4339731 0.5608648 0.3643734 0.0629172 0.3513800 1.1579963 2.5131368 2.3013952 0.1488092 0.0000000 2.6219384 2.1021453 1.9327106 0.3645572 3.7530909 0.3694075 2.4949813 
n244_245   3.3823297 2.6739701 2.9405546 2.7149383 3.0159566 8.9999986 2.4110826 9.0000000 4.0523754 3.8421041 3.5838409 6.2959930 3.4815101 5.7470125 3.2696767 4.6249349 8.9999981 3.1870177 2.6219384 0.0000000 3.3664727 2.6887055 9.0000000 2.4425369 9.0000000 4.1376280 
n265_266   2.2660625 1.1385797 2.2266658 1.2735376 2.0062188 1.9743651 3.3650111 1.8693674 2.3092750 1.9508130 2.0986757 1.8516899 2.1530140 1.8684038 2.1473499 2.0733636 2.0057795 2.4204526 2.1021453 3.3664727 0.0000000 0.1743432 1.9768812 2.8105147 1.8335880 1.9874291 
n266_267   2.0653024 1.0466255 1.9904576 1.1325089 1.8523531 1.9474106 3.4110992 1.6459476 2.0245590 2.0204944 1.8461775 1.7876429 2.0173925 1.6689300 1.7155649 2.2034353 2.0177904 2.1863663 1.9327106 2.6887055 0.1743432 0.0000000 1.8987132 3.1942528 1.6389715 2.0598612 
n294_295   2.0222580 2.3307161 0.3692147 2.2651554 0.3521802 2.2704448 3.2539617 0.1488201 2.0247112 2.5997850 0.5223706 0.0484044 0.3685215 0.1826200 1.3568351 2.5954557 2.5181158 0.3751047 0.3645572 9.0000000 1.9768812 1.8987132 0.0000000 3.9291839 0.2006809 2.6717569 
n251_252   3.6276291 2.4481377 3.2105755 2.5137321 3.9048472 3.1661825 0.3581211 3.4531014 3.4518585 3.1854520 4.0769394 4.1815414 3.9859685 3.1284409 9.0000000 3.0975936 3.9928691 3.0088218 3.7530909 2.4425369 2.8105147 3.1942528 3.9291839 0.0000000 3.2712352 3.1659361 
n298_299   2.4786232 2.3957386 0.3635411 2.3970360 0.3515648 2.7196232 2.7747158 0.1409438 2.5669734 2.9554534 0.5371956 0.1745638 0.3506643 0.0307570 1.2523502 3.0533050 2.9366400 0.3749222 0.3694075 9.0000000 1.8335880 1.6389715 0.2006809 3.2712352 0.0000000 3.0568664 
n300_301   0.3632982 2.0233915 2.7900671 1.8689834 2.3574246 0.1043704 3.3916587 2.8392614 0.3574534 0.0066938 1.9724871 2.9868410 2.4492308 2.9398400 2.9861295 0.0341263 0.0592591 2.9807488 2.4949813 4.1376280 1.9874291 2.0598612 2.6717569 3.1659361 3.0568664 0.0000000 
