23
n298_299   0.0000000 0.2574741 0.1237334 0.2938998 0.0555558 0.2834583 0.2577455 0.0168990 0.0272423 0.0412825 0.2822472 0.0412822 0.3137694 0.2624559 0.0591838 0.3030907 0.2939331 0.0203333 0.2529679 0.2834268 0.0448593 0.3446812 0.2827572 
n280_281   0.2574741 0.0000000 0.2525757 0.2488246 0.2478448 0.2252657 0.0100301 0.2435260 0.2482181 0.2339958 0.0480771 0.2340073 0.3446503 0.0201806 0.2290787 0.3388290 0.2488511 0.2483045 0.0066703 0.2252425 0.2294355 0.3158448 0.0553923 
n200_201   0.1237334 0.2525757 0.0000000 0.2886829 0.1276670 0.2935847 0.2479861 0.1119961 0.1159282 0.1119485 0.2818034 0.1119498 0.3451289 0.2526312 0.1117934 0.3136326 0.2887153 0.1159549 0.2432769 0.2935516 0.1080614 0.3437609 0.2772352 
n286_287   0.2938998 0.2488246 0.2886829 0.0000000 0.2841309 0.1443042 0.2442458 0.2842940 0.2845768 0.2741140 0.2776885 0.2789349 0.3560337 0.2534874 0.2637546 0.3555711 0.0067202 0.2893972 0.2395492 0.1482685 0.2740438 0.3763918 0.2834006 
n287_288   0.0555558 0.2478448 0.1276670 0.2841309 0.0000000 0.2786310 0.2527190 0.0448361 0.0556121 0.0134711 0.2770195 0.0237372 0.3184068 0.2525224 0.0591130 0.3184864 0.2890311 0.0484199 0.2479796 0.2739555 0.0272091 0.3389114 0.2827174 
n266_267   0.2834583 0.2252657 0.2935847 0.1443042 0.2786310 0.0000000 0.2254993 0.2739891 0.2742603 0.2687067 0.2439859 0.2687231 0.3568371 0.2301220 0.2537861 0.3508914 0.1443177 0.2790105 0.2209269 0.0272427 0.2639055 0.3550569 0.2493585 
n292_293   0.2577455 0.0100301 0.2479861 0.2442458 0.2527190 0.2254993 0.0000000 0.2437809 0.2484786 0.2387728 0.0445545 0.2387849 0.3394571 0.0167851 0.2293162 0.3336808 0.2442716 0.2485652 0.0033289 0.2254761 0.2341809 0.3108762 0.0518259 
n293_294   0.0168990 0.2435260 0.1119961 0.2842940 0.0448361 0.2739891 0.2437809 0.0000000 0.0169159 0.0307573 0.2678155 0.0307569 0.2986676 0.2484071 0.0484112 0.2882166 0.2843257 0.0033522 0.2390922 0.2739589 0.0342771 0.3289822 0.2682937 
n275_276   0.0272423 0.2482181 0.1159282 0.2845768 0.0556121 0.2742603 0.2484786 0.0169159 0.0000000 0.0413245 0.2726707 0.0413242 0.3037470 0.2531332 0.0484558 0.2932200 0.2846086 0.0203535 0.2437597 0.2742300 0.0449041 0.3235527 0.2731595 
n289_290   0.0412825 0.2339958 0.1119485 0.2741140 0.0134711 0.2687067 0.2387728 0.0307573 0.0413245 0.0000000 0.2626063 0.0100826 0.3083852 0.2433624 0.0447863 0.3084608 0.2789478 0.0342679 0.2341223 0.2640894 0.0134831 0.3337680 0.2681603 
n278_279   0.2822472 0.0480771 0.2818034 0.2776885 0.2770195 0.2439859 0.0445545 0.2678155 0.2726707 0.2626063 0.0000000 0.2626217 0.3618554 0.0551801 0.2528140 0.3609877 0.2777191 0.2727722 0.0410222 0.2391793 0.2578630 0.3421334 0.0202985 
n295_296   0.0412822 0.2340073 0.1119498 0.2789349 0.0237372 0.2687231 0.2387849 0.0307569 0.0413242 0.0100826 0.2626217 0.0000000 0.3135760 0.2433751 0.0447860 0.3084837 0.2789658 0.0342676 0.2341338 0.2641051 0.0033494 0.3337957 0.2681765 
n251_252   0.3137694 0.3446503 0.3451289 0.3560337 0.3184068 0.3568371 0.3394571 0.2986676 0.3037470 0.3083852 0.3618554 0.3135760 0.0000000 0.3499496 0.3087151 0.0444702 0.3560771 0.2984817 0.3340979 0.3566034 0.3084560 0.2764818 0.3679471 
n274_275   0.2624559 0.0201806 0.2526312 0.2534874 0.2525224 0.2301220 0.0167851 0.2484071 0.2531332 0.2433624 0.0551801 0.2433751 0.3499496 0.0000000 0.2247798 0.3440821 0.2535145 0.2532226 0.0133947 0.2300981 0.2387432 0.3155913 0.0625862 
n236_237   0.0591838 0.2290787 0.1117934 0.2637546 0.0591130 0.2537861 0.2293162 0.0484112 0.0484558 0.0447863 0.2528140 0.0447860 0.3087151 0.2247798 0.0000000 0.2981132 0.2637833 0.0520136 0.2247297 0.2537589 0.0483778 0.3280093 0.2582665 
n255_256   0.3030907 0.3388290 0.3136326 0.3555711 0.3184864 0.3508914 0.3336808 0.2882166 0.2932200 0.3084608 0.3609877 0.3084837 0.0444702 0.3440821 0.2981132 0.0000000 0.3556144 0.2880384 0.3283694 0.3506622 0.3033980 0.2569743 0.3670596 
n285_286   0.2939331 0.2488511 0.2887153 0.0067202 0.2890311 0.1443177 0.2442716 0.2843257 0.2846086 0.2789478 0.2777191 0.2789658 0.3560771 0.2535145 0.2637833 0.3556144 0.0000000 0.2894297 0.2395743 0.1482824 0.2740740 0.3764387 0.2834321 
n294_295   0.0203333 0.2483045 0.1159549 0.2893972 0.0484199 0.2790105 0.2485652 0.0033522 0.0203535 0.0342679 0.2727722 0.0342676 0.2984817 0.2532226 0.0520136 0.2880384 0.2894297 0.0000000 0.2438436 0.2789796 0.0378093 0.3287744 0.2732615 
n300_301   0.2529679 0.0066703 0.2432769 0.2395492 0.2479796 0.2209269 0.0033289 0.2390922 0.2437597 0.2341223 0.0410222 0.2341338 0.3340979 0.0133947 0.2247297 0.3283694 0.2395743 0.2438436 0.0000000 0.2209042 0.2295593 0.3057562 0.0482460 
n265_266   0.2834268 0.2252425 0.2935516 0.1482685 0.2739555 0.0272427 0.2254761 0.2739589 0.2742300 0.2640894 0.2391793 0.2641051 0.3566034 0.2300981 0.2537589 0.3506622 0.1482824 0.2789796 0.2209042 0.0000000 0.2593146 0.3546667 0.2445028 
n296_297   0.0448593 0.2294355 0.1080614 0.2740438 0.0272091 0.2639055 0.2341809 0.0342771 0.0449041 0.0134831 0.2578630 0.0033494 0.3084560 0.2387432 0.0483778 0.3033980 0.2740740 0.0378093 0.2295593 0.2593146 0.0000000 0.3285444 0.2633704 
n244_245   0.3446812 0.3158448 0.3437609 0.3763918 0.3389114 0.3550569 0.3108762 0.3289822 0.3235527 0.3337680 0.3421334 0.3337957 0.2764818 0.3155913 0.3280093 0.2569743 0.3764387 0.3287744 0.3057562 0.3546667 0.3285444 0.0000000 0.3537542 
n277_278   0.2827572 0.0553923 0.2772352 0.2834006 0.2827174 0.2493585 0.0518259 0.2682937 0.2731595 0.2681603 0.0202985 0.2681765 0.3679471 0.0625862 0.2582665 0.3670596 0.2834321 0.2732615 0.0482460 0.2445028 0.2633704 0.3537542 0.0000000 
