23
n289_290   0.0000000 0.0486342 0.0308305 0.2783361 0.2801946 0.0450152 0.0067116 0.2797892 0.4402014 0.2731714 0.0343702 0.3701445 0.3228405 0.0134970 0.1957723 0.2951452 0.0898252 0.2751471 0.2735531 0.0486208 0.4333841 0.2907659 0.2683120 
n294_295   0.0486342 0.0000000 0.0414350 0.2629487 0.2489059 0.0100959 0.0486568 0.2485565 0.4003054 0.2582888 0.0450391 0.3235120 0.2845185 0.0414406 0.1731568 0.2584098 0.0558956 0.2440872 0.2332551 0.0134992 0.3939034 0.2589635 0.2283430 
n295_296   0.0308305 0.0414350 0.0000000 0.2888613 0.2804433 0.0343535 0.0308448 0.2800373 0.4333336 0.2840438 0.0100912 0.3528447 0.3231184 0.0238401 0.1959536 0.2954040 0.0860196 0.2753922 0.2685290 0.0450441 0.4265944 0.2910221 0.2633289 
n266_267   0.2783361 0.2629487 0.2888613 0.0000000 0.2736065 0.2577852 0.2784691 0.2836957 0.4049327 0.0202911 0.2943396 0.3678244 0.3103576 0.2782522 0.3006162 0.2832704 0.2428781 0.2789091 0.1176043 0.2628665 0.3914853 0.2840296 0.1135447 
n299_300   0.2801946 0.2489059 0.2804433 0.2736065 0.0000000 0.2440424 0.2803292 0.0169028 0.4256110 0.2791482 0.2910318 0.3766789 0.0820617 0.2746748 0.2965420 0.0632046 0.2441527 0.0100957 0.2533585 0.2539109 0.4182870 0.0067061 0.2482834 
n298_299   0.0450152 0.0100959 0.0343535 0.2577852 0.2440424 0.0000000 0.0450361 0.2437012 0.4004861 0.2531575 0.0450637 0.3124584 0.2794012 0.0378661 0.1599619 0.2534861 0.0559154 0.2392553 0.2283257 0.0100932 0.3940804 0.2540286 0.2234549 
n290_291   0.0067116 0.0486568 0.0308448 0.2784691 0.2803292 0.0450361 0.0000000 0.2799234 0.4404113 0.2733019 0.0343861 0.3703221 0.3229953 0.0135031 0.1958655 0.2952866 0.0898672 0.2752793 0.2736841 0.0486434 0.4335909 0.2909055 0.2684404 
n274_275   0.2797892 0.2485565 0.2800373 0.2836957 0.0169028 0.2437012 0.2799234 0.0000000 0.4126159 0.2893271 0.2906064 0.3822851 0.0781701 0.2742797 0.2962586 0.0594520 0.2438113 0.0134920 0.2531278 0.2535529 0.4119500 0.0237974 0.2480586 
n251_252   0.4402014 0.4003054 0.4333336 0.4049327 0.4256110 0.4004861 0.4404113 0.4126159 0.0000000 0.4183866 0.4267343 0.3506922 0.4186905 0.4269838 0.4460686 0.4120066 0.3691588 0.4194408 0.4057083 0.3884313 0.0237349 0.4387119 0.3992633 
n265_266   0.2731714 0.2582888 0.2840438 0.0202911 0.2791482 0.2531575 0.2733019 0.2893271 0.4183866 0.0000000 0.2894860 0.3563072 0.3162456 0.2730896 0.2952894 0.2888933 0.2481329 0.2845025 0.1218022 0.2582082 0.4046381 0.2896692 0.1177103 
n296_297   0.0343702 0.0450391 0.0100912 0.2943396 0.2910318 0.0450637 0.0343861 0.2906064 0.4267343 0.2894860 0.0000000 0.3526252 0.3343972 0.0273367 0.2099815 0.3062118 0.0899218 0.2859046 0.2738402 0.0450954 0.4200640 0.3017819 0.2685938 
n244_245   0.3701445 0.3235120 0.3528447 0.3678244 0.3766789 0.3124584 0.3703221 0.3822851 0.3506922 0.3563072 0.3526252 0.0000000 0.4136686 0.3644692 0.3641673 0.4005520 0.3520149 0.3770619 0.3450984 0.3180621 0.3447827 0.3888988 0.3392322 
n278_279   0.3228405 0.2845185 0.3231184 0.3103576 0.0820617 0.2794012 0.3229953 0.0781701 0.4186905 0.3162456 0.3343972 0.4136686 0.0000000 0.3227371 0.3404819 0.0237911 0.2899842 0.0783024 0.2840407 0.2846691 0.4182450 0.0897407 0.2787142 
n287_288   0.0134970 0.0414406 0.0238401 0.2782522 0.2746748 0.0378661 0.0135031 0.2742797 0.4269838 0.2730896 0.0273367 0.3644692 0.3227371 0.0000000 0.1957193 0.2950541 0.0821268 0.2696712 0.2632414 0.0414292 0.4203031 0.2851479 0.2580861 
n200_201   0.1957723 0.1731568 0.1959536 0.3006162 0.2965420 0.1599619 0.1958655 0.2962586 0.4460686 0.2952894 0.2099815 0.3641673 0.3404819 0.1957193 0.0000000 0.3177901 0.1730226 0.2913707 0.2901692 0.1731053 0.4321412 0.3073910 0.2847761 
n277_278   0.2951452 0.2584098 0.2954040 0.2832704 0.0632046 0.2534861 0.2952866 0.0594520 0.4120066 0.2888933 0.3062118 0.4005520 0.0237911 0.2950541 0.3177901 0.0000000 0.2636402 0.0595512 0.2579742 0.2585437 0.4113424 0.0706459 0.2528669 
n236_237   0.0898252 0.0558956 0.0860196 0.2428781 0.2441527 0.0559154 0.0898672 0.2438113 0.3691588 0.2481329 0.0899218 0.3520149 0.2899842 0.0821268 0.1730226 0.2636402 0.0000000 0.2393624 0.2240815 0.0595877 0.3689426 0.2541460 0.2192327 
n280_281   0.2751471 0.2440872 0.2753922 0.2789091 0.0100957 0.2392553 0.2752793 0.0134920 0.4194408 0.2845025 0.2859046 0.3770619 0.0783024 0.2696712 0.2913707 0.0595512 0.2393624 0.0000000 0.2485163 0.2490578 0.4121869 0.0169204 0.2434776 
n285_286   0.2735531 0.2332551 0.2685290 0.1176043 0.2533585 0.2283257 0.2736841 0.2531278 0.4057083 0.1218022 0.2738402 0.3450984 0.2840407 0.2632414 0.2901692 0.2579742 0.2240815 0.2485163 0.0000000 0.2331833 0.3922281 0.2531825 0.0033429 
n275_276   0.0486208 0.0134992 0.0450441 0.2628665 0.2539109 0.0100932 0.0486434 0.2535529 0.3884313 0.2582082 0.0450954 0.3180621 0.2846691 0.0414292 0.1731053 0.2585437 0.0595877 0.2490578 0.2331833 0.0000000 0.3821384 0.2640460 0.2282730 
n255_256   0.4333841 0.3939034 0.4265944 0.3914853 0.4182870 0.3940804 0.4335909 0.4119500 0.0237349 0.4046381 0.4200640 0.3447827 0.4182450 0.4203031 0.4321412 0.4113424 0.3689426 0.4121869 0.3922281 0.3821384 0.0000000 0.4312309 0.3859250 
n292_293   0.2907659 0.2589635 0.2910221 0.2840296 0.0067061 0.2540286 0.2909055 0.0237974 0.4387119 0.2896692 0.3017819 0.3888988 0.0897407 0.2851479 0.3073910 0.0706459 0.2541460 0.0169204 0.2531825 0.2640460 0.4312309 0.0000000 0.2481117 
n286_287   0.2683120 0.2283430 0.2633289 0.1135447 0.2482834 0.2234549 0.2684404 0.2480586 0.3992633 0.1177103 0.2685938 0.3392322 0.2787142 0.2580861 0.2847761 0.2528669 0.2192327 0.2434776 0.0033429 0.2282730 0.3859250 0.2481117 0.0000000 
