26
n277_278   0.0000000 1.7515158 2.0367503 1.8514252 2.1524307 0.4893690 2.4141597 2.2436100 0.1681372 0.4889605 2.4750799 1.9008443 2.1091903 1.6574704 2.5672843 0.4760749 0.4751266 2.0339748 1.9825581 9.0000000 1.9504527 1.7234244 1.9122523 3.3065640 1.7507258 0.4678658 
n286_287   1.7515158 0.0000000 1.9851101 0.0739248 2.0994238 2.1371815 2.8679817 2.0274531 2.0251439 3.1008661 2.1599315 2.2095658 2.0859510 1.7729694 1.5591520 2.8697475 2.2419018 2.0735696 2.3479000 3.8629528 0.9732535 1.0768394 2.0753673 3.5293672 1.7962334 2.6125639 
n296_297   2.0367503 1.9851101 0.0000000 1.8875756 0.1251471 1.4310367 2.9233152 0.4179440 2.3780419 1.6106017 0.6001216 0.3468037 0.1333447 0.3773410 1.1544826 1.6142088 1.5256205 0.0449253 0.1295338 2.8116117 1.6609991 1.7544868 0.3534685 3.0542519 0.3644858 1.6168360 
n285_286   1.8514252 0.0739248 1.8875756 0.0000000 1.9015466 2.1146070 3.1013363 1.8990288 2.0735857 2.9379407 2.1214517 2.0170183 1.9634918 1.7359633 1.6204107 2.6646351 2.3358996 1.8493991 2.0569346 3.0170221 0.9434503 1.0416869 2.0287613 3.8209817 1.7279595 2.5010286 
n289_290   2.1524307 2.0994238 0.1251471 1.9015466 0.0000000 1.4805912 3.3071039 0.3855443 2.4694498 1.6781149 0.5844086 0.3410390 0.0307138 0.3582233 1.1311857 1.6805850 1.5238834 0.1375938 0.0377820 3.0039518 1.8031419 1.9048745 0.3645443 3.2773388 0.3576055 1.6482435 
n274_275   0.4893690 2.1371815 1.4310367 2.1146070 1.4805912 0.0000000 2.8802880 1.6295125 0.5048369 0.1251325 1.7132538 1.5719312 1.4359291 1.4393056 2.1576473 0.1376562 0.1051042 1.4105309 1.3892517 6.4918267 1.9405858 1.9451346 1.5028497 3.5202312 1.4472793 0.1211152 
n255_256   2.4141597 2.8679817 2.9233152 3.1013363 3.3071039 2.8802880 0.0000000 3.6191737 2.4154569 2.5451503 3.0395436 3.2493257 2.8387455 4.1949229 3.2368114 2.3906107 2.7676271 2.9740320 3.3382927 2.2965204 3.4879786 3.3268796 3.6267734 0.3259619 4.1315713 2.6772417 
n275_276   2.2436100 2.0274531 0.4179440 1.8990288 0.3855443 1.6295125 3.6191737 0.0000000 2.5732379 1.9447271 0.5996818 0.1545832 0.4041937 0.1943052 1.3309163 1.9852694 1.7245576 0.3995804 0.4173990 3.8125057 1.9368747 2.3690466 0.1894638 3.4611481 0.1851033 1.8720736 
n278_279   0.1681372 2.0251439 2.3780419 2.0735857 2.4694498 0.5048369 2.4154569 2.5732379 0.0000000 0.5051193 2.1530551 2.0065852 2.2296941 1.8650545 2.8300051 0.4630856 0.5186415 2.2552469 2.2929337 5.4230426 2.0136924 1.8776072 1.8272450 4.3477331 1.8684566 0.4902418 
n299_300   0.4889605 3.1008661 1.6106017 2.9379407 1.6781149 0.1251325 2.5451503 1.9447271 0.5051193 0.0000000 1.8164936 1.6072981 1.6830905 1.5732095 2.3070162 0.0559998 0.1129171 1.5857436 1.5636377 3.8453505 2.2821080 2.2754651 1.6503628 2.6667453 1.5822372 0.0273493 
n236_237   2.4750799 2.1599315 0.6001216 2.1214517 0.5844086 1.7132538 3.0395436 0.5996818 2.1530551 1.8164936 0.0000000 0.5740810 0.5463460 0.6711631 1.2410741 1.8124893 1.6863490 0.5935037 0.5851210 4.4313140 1.8059585 2.0082999 0.5670458 3.2020310 0.6264111 1.7544045 
n293_294   1.9008443 2.2095658 0.3468037 2.0170183 0.3410390 1.5719312 3.2493257 0.1545832 2.0065852 1.6072981 0.5740810 0.0000000 0.3467792 0.1719214 1.2964408 1.6980296 1.6289794 0.3465038 0.3583072 3.2549899 1.9264376 2.1730274 0.0555930 3.2462427 0.1630499 1.6121210 
n290_291   2.1091903 2.0859510 0.1333447 1.9634918 0.0307138 1.4359291 2.8387455 0.4041937 2.2296941 1.6830905 0.5463460 0.3467792 0.0000000 0.3699844 1.1216352 1.6791270 1.5519145 0.1375395 0.0557473 3.1292978 1.8054689 1.9087013 0.3704962 3.0147037 0.3462528 1.6530294 
n297_298   1.6574704 1.7729694 0.3773410 1.7359633 0.3582233 1.4393056 4.1949229 0.1943052 1.8650545 1.5732095 0.6711631 0.1719214 0.3699844 0.0000000 1.3815611 1.6026484 1.4638753 0.3820257 0.3761373 3.7825827 1.7907556 1.9350920 0.2032639 5.2929900 0.0484689 1.5714964 
n200_201   2.5672843 1.5591520 1.1544826 1.6204107 1.1311857 2.1576473 3.2368114 1.3309163 2.8300051 2.3070162 1.2410741 1.2964408 1.1216352 1.3815611 0.0000000 2.3067117 2.0917565 1.2403670 1.1970820 2.8640813 1.6707909 1.7557885 1.2979325 5.5946341 1.3458322 2.2861164 
n292_293   0.4760749 2.8697475 1.6142088 2.6646351 1.6805850 0.1376562 2.3906107 1.9852694 0.4630856 0.0559998 1.8124893 1.6980296 1.6791270 1.6026484 2.3067117 0.0000000 0.1089007 1.6209145 1.5657312 4.0622613 2.1392480 2.3275383 1.6806903 2.8168398 1.5812165 0.0414608 
n280_281   0.4751266 2.2419018 1.5256205 2.3358996 1.5238834 0.1051042 2.7676271 1.7245576 0.5186415 0.1129171 1.6863490 1.6289794 1.5519145 1.4638753 2.0917565 0.1089007 0.0000000 1.5311185 1.4281110 6.4160829 1.9229536 1.9248256 1.6076021 3.6483210 1.4719092 0.0931897 
n295_296   2.0339748 2.0735696 0.0449253 1.8493991 0.1375938 1.4105309 2.9740320 0.3995804 2.2552469 1.5857436 0.5935037 0.3465038 0.1375395 0.3820257 1.2403670 1.6209145 1.5311185 0.0000000 0.1420973 2.6976417 1.7236683 1.8474815 0.3650894 2.8525586 0.3634617 1.5917836 
n287_288   1.9825581 2.3479000 0.1295338 2.0569346 0.0377820 1.3892517 3.3382927 0.4173990 2.2929337 1.5636377 0.5851210 0.3583072 0.0557473 0.3761373 1.1970820 1.5657312 1.4281110 0.1420973 0.0000000 2.8524364 1.8140496 2.0001542 0.3650864 3.4568428 0.3695996 1.5371819 
n244_245   9.0000000 3.8629528 2.8116117 3.0170221 3.0039518 6.4918267 2.2965204 3.8125057 5.4230426 3.8453505 4.4313140 3.2549899 3.1292978 3.7825827 2.8640813 4.0622613 6.4160829 2.6976417 2.8524364 0.0000000 3.3040439 3.1691603 3.7479121 2.3604563 5.0427035 3.8060833 
n265_266   1.9504527 0.9732535 1.6609991 0.9434503 1.8031419 1.9405858 3.4879786 1.9368747 2.0136924 2.2821080 1.8059585 1.9264376 1.8054689 1.7907556 1.6707909 2.1392480 1.9229536 1.7236683 1.8140496 3.3040439 0.0000000 0.1627305 1.7698792 3.0756646 1.7749617 2.1365200 
n266_267   1.7234244 1.0768394 1.7544868 1.0416869 1.9048745 1.9451346 3.3268796 2.3690466 1.8776072 2.2754651 2.0082999 2.1730274 1.9087013 1.9350920 1.7557885 2.3275383 1.9248256 1.8474815 2.0001542 3.1691603 0.1627305 0.0000000 1.9436917 2.4424204 1.9987969 2.1307143 
n294_295   1.9122523 2.0753673 0.3534685 2.0287613 0.3645443 1.5028497 3.6267734 0.1894638 1.8272450 1.6503628 0.5670458 0.0555930 0.3704962 0.2032639 1.2979325 1.6806903 1.6076021 0.3650894 0.3650864 3.7479121 1.7698792 1.9436917 0.0000000 3.5468094 0.1939344 1.5959808 
n251_252   3.3065640 3.5293672 3.0542519 3.8209817 3.2773388 3.5202312 0.3259619 3.4611481 4.3477331 2.6667453 3.2020310 3.2462427 3.0147037 5.2929900 5.5946341 2.8168398 3.6483210 2.8525586 3.4568428 2.3604563 3.0756646 2.4424204 3.5468094 0.0000000 4.7334496 2.7367080 
n298_299   1.7507258 1.7962334 0.3644858 1.7279595 0.3576055 1.4472793 4.1315713 0.1851033 1.8684566 1.5822372 0.6264111 0.1630499 0.3462528 0.0484689 1.3458322 1.5812165 1.4719092 0.3634617 0.3695996 5.0427035 1.7749617 1.9987969 0.1939344 4.7334496 0.0000000 1.5561817 
n300_301   0.4678658 2.6125639 1.6168360 2.5010286 1.6482435 0.1211152 2.6772417 1.8720736 0.4902418 0.0273493 1.7544045 1.6121210 1.6530294 1.5714964 2.2861164 0.0414608 0.0931897 1.5917836 1.5371819 3.8060833 2.1365200 2.1307143 1.5959808 2.7367080 1.5561817 0.0000000 
