24
n298_299   0.0000000 0.3256073 0.1358701 0.3453224 0.0558551 0.3721056 0.3362758 0.0203494 0.0134997 0.0450313 0.0067129 0.3507588 0.0449600 0.4157621 0.0414314 0.1123234 0.4097320 0.3281882 0.0203482 0.3419905 0.3842864 0.0414290 0.4368304 0.3399398 
n280_281   0.3256073 0.0000000 0.2837283 0.2420624 0.3474669 0.2752886 0.0066699 0.3260933 0.3254579 0.3312095 0.3255455 0.0550901 0.3358260 0.3790343 0.3256230 0.2951953 0.3912044 0.2229100 0.3260563 0.0100371 0.2904632 0.3307885 0.3605900 0.0479632 
n200_201   0.1358701 0.2837283 0.0000000 0.3072147 0.1443982 0.3219701 0.2937699 0.1399927 0.1358208 0.1402082 0.1439200 0.3130764 0.1440157 0.3909325 0.1360319 0.1403020 0.3748553 0.2861086 0.1399809 0.2991186 0.3435656 0.1400445 0.3945034 0.3028134 
n286_287   0.3453224 0.2420624 0.3072147 0.0000000 0.3682145 0.1446139 0.2418402 0.3563706 0.3505159 0.3568625 0.3454364 0.2754136 0.3616449 0.3762344 0.3510134 0.3356125 0.3766116 0.0135209 0.3563286 0.2468045 0.1529570 0.3563999 0.3742314 0.2656002 
n287_288   0.0558551 0.3474669 0.1443982 0.3682145 0.0000000 0.4077310 0.3584769 0.0667606 0.0594240 0.0169424 0.0631205 0.3733417 0.0307564 0.4477343 0.0135109 0.1325822 0.4414115 0.3562012 0.0667559 0.3643907 0.4143618 0.0272920 0.4568780 0.3621708 
n266_267   0.3721056 0.2752886 0.3219701 0.1446139 0.4077310 0.0000000 0.2750303 0.3779517 0.3719227 0.3899705 0.3722305 0.3101347 0.3892466 0.3982713 0.3838481 0.3559293 0.3985513 0.1280752 0.3779063 0.2802439 0.0238579 0.3838303 0.4258064 0.2998595 
n292_293   0.3362758 0.0066699 0.2937699 0.2418402 0.3584769 0.2750303 0.0000000 0.3367797 0.3361192 0.3419693 0.3362115 0.0622931 0.3466386 0.3845791 0.3362931 0.3054374 0.3968476 0.2227085 0.3367411 0.0033286 0.2901875 0.3415325 0.3717258 0.0550929 
n293_294   0.0203494 0.3260933 0.1399927 0.3563706 0.0667606 0.3779517 0.3367797 0.0000000 0.0134994 0.0557799 0.0272497 0.3512851 0.0556912 0.4338304 0.0521211 0.1281066 0.4276478 0.3336885 0.0067233 0.3425043 0.3956345 0.0521181 0.4311994 0.3404478 
n275_276   0.0134997 0.3254579 0.1358208 0.3505159 0.0594240 0.3719227 0.3361192 0.0134994 0.0000000 0.0485578 0.0203362 0.3505928 0.0484809 0.4273304 0.0449416 0.1201206 0.4212076 0.3280362 0.0134985 0.3418299 0.3894453 0.0449390 0.4365971 0.3397813 
n289_290   0.0450313 0.3312095 0.1402082 0.3568625 0.0169424 0.3899705 0.3419693 0.0557799 0.0485578 0.0000000 0.0521906 0.3565555 0.0203505 0.4350972 0.0033529 0.1205124 0.4288890 0.3396361 0.0557760 0.3477370 0.3964196 0.0169301 0.4501715 0.3456425 
n297_298   0.0067129 0.3255455 0.1439200 0.3454364 0.0631205 0.3722305 0.3362115 0.0272497 0.0203362 0.0521906 0.0000000 0.3506914 0.0521077 0.4274706 0.0485509 0.1201442 0.4213440 0.3282950 0.0272479 0.3419248 0.3844167 0.0485481 0.4488163 0.3398749 
n278_279   0.3507588 0.0550901 0.3130764 0.2754136 0.3733417 0.3101347 0.0622931 0.3512851 0.3505928 0.3565555 0.3506914 0.0000000 0.3505112 0.4065733 0.3507783 0.3088064 0.4127198 0.2553329 0.3512444 0.0659769 0.3206289 0.3560988 0.3982455 0.0066337 
n295_296   0.0449600 0.3358260 0.1440157 0.3616449 0.0307564 0.3892466 0.3466386 0.0556912 0.0484809 0.0203505 0.0521077 0.3505112 0.0000000 0.4402598 0.0169049 0.1242607 0.4221433 0.3443255 0.0556874 0.3524380 0.3956811 0.0033470 0.4553949 0.3396998 
n251_252   0.4157621 0.3790343 0.3909325 0.3762344 0.4477343 0.3982713 0.3845791 0.4338304 0.4273304 0.4350972 0.4274706 0.4065733 0.4402598 0.0000000 0.4285939 0.4056028 0.0341419 0.3584058 0.4212190 0.3848538 0.4292371 0.4345169 0.3183896 0.4069392 
n290_291   0.0414314 0.3256230 0.1360319 0.3510134 0.0135109 0.3838481 0.3362931 0.0521211 0.0449416 0.0033529 0.0485509 0.3507783 0.0169049 0.4285939 0.0000000 0.1164507 0.4224454 0.3339415 0.0521175 0.3420087 0.3902332 0.0135011 0.4435574 0.3399576 
n236_237   0.1123234 0.2951953 0.1403020 0.3356125 0.1325822 0.3559293 0.3054374 0.1281066 0.1201206 0.1205124 0.1201442 0.3088064 0.1242607 0.4056028 0.1164507 0.0000000 0.4060119 0.3186796 0.1280960 0.3058395 0.3617498 0.1203724 0.4331501 0.2985836 
n255_256   0.4097320 0.3912044 0.3748553 0.3766116 0.4414115 0.3985513 0.3968476 0.4276478 0.4212076 0.4288890 0.4213440 0.4127198 0.4221433 0.0341419 0.4224454 0.4060119 0.0000000 0.3587632 0.4151492 0.3971336 0.4235447 0.4165270 0.3236996 0.4130923 
n285_286   0.3281882 0.2229100 0.2861086 0.0135209 0.3562012 0.1280752 0.2227085 0.3336885 0.3280362 0.3396361 0.3282950 0.2553329 0.3443255 0.3584058 0.3339415 0.3186796 0.3587632 0.0000000 0.3336502 0.2275194 0.1403107 0.3391999 0.3567356 0.2458048 
n294_295   0.0203482 0.3260563 0.1399809 0.3563286 0.0667559 0.3779063 0.3367411 0.0067233 0.0134985 0.0557760 0.0272479 0.3512444 0.0556874 0.4212190 0.0521175 0.1280960 0.4151492 0.3336502 0.0000000 0.3424648 0.3955862 0.0521145 0.4311457 0.3404088 
n300_301   0.3419905 0.0100371 0.2991186 0.2468045 0.3643907 0.2802439 0.0033286 0.3425043 0.3418299 0.3477370 0.3419248 0.0659769 0.3524380 0.3848538 0.3420087 0.3058395 0.3971336 0.2275194 0.3424648 0.0000000 0.2955252 0.3472914 0.3777163 0.0587334 
n265_266   0.3842864 0.2904632 0.3435656 0.1529570 0.4143618 0.0238579 0.2901875 0.3956345 0.3894453 0.3964196 0.3844167 0.3206289 0.3956811 0.4292371 0.3902332 0.3617498 0.4235447 0.1403107 0.3955862 0.2955252 0.0000000 0.3902154 0.4513268 0.3102040 
n296_297   0.0414290 0.3307885 0.1400445 0.3563999 0.0272920 0.3838303 0.3415325 0.0521181 0.0449390 0.0169301 0.0485481 0.3560988 0.0033470 0.4345169 0.0135011 0.1203724 0.4165270 0.3391999 0.0521145 0.3472914 0.3902154 0.0000000 0.4495697 0.3452020 
n244_245   0.4368304 0.3605900 0.3945034 0.3742314 0.4568780 0.4258064 0.3717258 0.4311994 0.4365971 0.4501715 0.4488163 0.3982455 0.4553949 0.3183896 0.4435574 0.4331501 0.3236996 0.3567356 0.4311457 0.3777163 0.4513268 0.4495697 0.0000000 0.3986013 
n277_278   0.3399398 0.0479632 0.3028134 0.2656002 0.3621708 0.2998595 0.0550929 0.3404478 0.3397813 0.3456425 0.3398749 0.0066337 0.3396998 0.4069392 0.3399576 0.2985836 0.4130923 0.2458048 0.3404088 0.0587334 0.3102040 0.3452020 0.3986013 0.0000000 
