21
n296_293   0.0000000 0.3103777 0.2952967 0.0483239 0.3753642 0.2902853 0.2849201 0.3006800 0.0519118 0.3472093 0.0376861 0.0306745 0.1603048 0.0483673 0.0272057 0.0590775 0.0306813 0.2854652 0.3049666 0.3856475 0.2755470 
n285_282   0.3103777 0.0000000 0.2459127 0.3318767 0.3494708 0.2412355 0.2318677 0.2509018 0.3372701 0.3423152 0.3160545 0.3218312 0.3546120 0.3322404 0.3062862 0.2950639 0.3219340 0.2411701 0.0067060 0.3763326 0.2321763 
n292_289   0.2952967 0.2459127 0.0000000 0.3264030 0.4120558 0.0033408 0.0100655 0.0134741 0.3317571 0.3481956 0.3210901 0.3211771 0.3484622 0.3322958 0.3160204 0.2898653 0.3212796 0.0775842 0.2410039 0.4353439 0.0665446 
n293_290   0.0483239 0.3318767 0.3264030 0.0000000 0.4050532 0.3211737 0.3107014 0.3320413 0.0033408 0.3754692 0.0100620 0.0592323 0.1820171 0.0202883 0.0556200 0.0812958 0.0555985 0.3161606 0.3262825 0.4162758 0.3058192 
n251_252   0.3753642 0.3494708 0.4120558 0.4050532 0.0000000 0.4061632 0.3943812 0.4184580 0.4110214 0.2758504 0.3934273 0.3761994 0.4610476 0.3936771 0.3759851 0.3879448 0.3820672 0.4058355 0.3491031 0.0341917 0.3824855 
n299_296   0.2902853 0.2412355 0.0033408 0.3211737 0.4061632 0.0000000 0.0066965 0.0100834 0.3264891 0.3428098 0.3158988 0.3159844 0.3430651 0.3270173 0.3108632 0.2848954 0.3160845 0.0738811 0.2363612 0.4292717 0.0628939 
n274_271   0.2849201 0.2318677 0.0100655 0.3107014 0.3943812 0.0066965 0.0000000 0.0134651 0.3159399 0.3320264 0.3055020 0.3055850 0.3322600 0.3164473 0.3005346 0.2749404 0.3056805 0.0738686 0.2270626 0.4171381 0.0628832 
n280_277   0.3006800 0.2509018 0.0134741 0.3320413 0.4184580 0.0100834 0.0134651 0.0000000 0.3374405 0.3540158 0.3266842 0.3267727 0.3542950 0.3379909 0.3215744 0.2952003 0.3268778 0.0813962 0.2459524 0.4419510 0.0702912 
n294_291   0.0519118 0.3372701 0.3317571 0.0033408 0.4110214 0.3264891 0.3159399 0.3374405 0.0000000 0.3811886 0.0134499 0.0628837 0.1863737 0.0237301 0.0592532 0.0850618 0.0592302 0.3214418 0.3316305 0.4223287 0.3110255 
n244_245   0.3472093 0.3423152 0.3481956 0.3754692 0.2758504 0.3428098 0.3320264 0.3540158 0.3811886 0.0000000 0.3587124 0.3479063 0.4164741 0.3705486 0.3532788 0.3316826 0.3588115 0.3370774 0.3366432 0.3003362 0.3269208 
n275_272   0.0376861 0.3160545 0.3210901 0.0100620 0.3934273 0.3158988 0.3055020 0.3266842 0.0134499 0.3587124 0.0000000 0.0484115 0.1732487 0.0100709 0.0448516 0.0701459 0.0448334 0.3109193 0.3105903 0.4039476 0.3006516 
n290_287   0.0306745 0.3218312 0.3211771 0.0592323 0.3761994 0.3159844 0.3055850 0.3267727 0.0628837 0.3479063 0.0484115 0.0000000 0.1732959 0.0592863 0.0100673 0.0701650 0.0134554 0.3110037 0.3163135 0.3865093 0.3007333 
n200_201   0.1603048 0.3546120 0.3484622 0.1820171 0.4610476 0.3430651 0.3322600 0.3542950 0.1863737 0.4164741 0.1732487 0.1732959 0.0000000 0.1818961 0.1690840 0.1645550 0.1690110 0.3484730 0.3488110 0.4663521 0.3432864 
n297_294   0.0483673 0.3322404 0.3322958 0.0202883 0.3936771 0.3270173 0.3164473 0.3379909 0.0237301 0.3705486 0.0100709 0.0592863 0.1818961 0.0000000 0.0556706 0.0813707 0.0556490 0.3219603 0.3266383 0.4042057 0.3115237 
n289_286   0.0272057 0.3062862 0.3160204 0.0556200 0.3759851 0.3108632 0.3005346 0.3215744 0.0592532 0.3532788 0.0448516 0.0100673 0.1690840 0.0556706 0.0000000 0.0665017 0.0100696 0.3059139 0.3008945 0.3862887 0.2957124 
n236_237   0.0590775 0.2950639 0.2898653 0.0812958 0.3879448 0.2848954 0.2749404 0.2952003 0.0850618 0.3316826 0.0701459 0.0701650 0.1645550 0.0813707 0.0665017 0.0000000 0.0701814 0.2848772 0.2897750 0.4039879 0.2753659 
n287_284   0.0306813 0.3219340 0.3212796 0.0555985 0.3820672 0.3160845 0.3056805 0.3268778 0.0592302 0.3588115 0.0448334 0.0134554 0.1690110 0.0556490 0.0100696 0.0701814 0.0000000 0.3111017 0.3164139 0.3924515 0.3008268 
n277_274   0.2854652 0.2411701 0.0775842 0.3161606 0.4058355 0.0738811 0.0738686 0.0813962 0.3214418 0.3370774 0.3109193 0.3110037 0.3484730 0.3219603 0.3059139 0.2848772 0.3111017 0.0000000 0.2362987 0.4231408 0.0168821 
n286_283   0.3049666 0.0067060 0.2410039 0.3262825 0.3491031 0.2363612 0.2270626 0.2459524 0.3316305 0.3366432 0.3105903 0.3163135 0.3488110 0.3266383 0.3008945 0.2897750 0.3164139 0.2362987 0.0000000 0.3759324 0.2273656 
n255_256   0.3856475 0.3763326 0.4353439 0.4162758 0.0341917 0.4292717 0.4171381 0.4419510 0.4223287 0.3003362 0.4039476 0.3865093 0.4663521 0.4042057 0.3862887 0.4039879 0.3924515 0.4231408 0.3759324 0.0000000 0.3992679 
n278_275   0.2755470 0.2321763 0.0665446 0.3058192 0.3824855 0.0628939 0.0628832 0.0702912 0.3110255 0.3269208 0.3006516 0.3007333 0.3432864 0.3115237 0.2957124 0.2753659 0.3008268 0.0168821 0.2273656 0.3992679 0.0000000 
