26
n277_280   0.0000000 1.5290223 0.1325450 1.6727132 3.1023407 0.4676616 1.7862725 1.6758673 1.6758369 0.4683191 1.4720061 1.7000831 1.4375934 1.7831113 1.7048039 2.5457756 1.6884985 1.7960265 1.5269426 1.7557427 0.4687100 0.4681062 0.4699126 2.7004397 1.6039596 1.7440852 
n285_288   1.5290223 0.0000000 1.5456514 2.0373228 1.8228230 1.4540852 2.6877317 2.7397983 2.0134822 1.4426537 1.0395234 2.1815932 1.0762007 2.0263733 2.1166548 1.8397636 2.0814603 2.1122751 0.0743246 2.4114040 1.5372078 1.4246628 1.5364953 2.4664680 1.8637575 1.9516010 
n278_281   0.1325450 1.5456514 0.0000000 1.7640546 2.8651542 0.4376591 1.7613804 1.7427079 1.6212077 0.4651150 1.4456994 1.7331525 1.4175483 1.7830884 1.7268736 2.7059438 1.7895132 1.7495418 1.5450640 1.7037400 0.4636290 0.4630326 0.4648181 2.5167970 1.6033901 1.7460731 
n297_300   1.6727132 2.0373228 1.7640546 0.0000000 2.3938956 2.0462410 0.1479088 0.1240076 0.3160312 2.1108655 1.9228953 0.0236472 1.9478278 0.3208315 0.2990961 3.3195228 1.3186075 0.2901620 2.2655174 0.1442202 2.2549707 2.1041092 2.3814531 2.8847210 0.2997137 0.6670950 
n251_254   3.1023407 1.8228230 2.8651542 2.3938956 0.0000000 2.5539676 2.8933743 2.7401122 2.5520928 2.6018493 2.6464927 2.4511616 2.6792540 3.0583533 2.3856561 0.3883731 3.0279371 2.4478487 1.9994718 2.7707057 3.2851130 2.7124253 3.2312107 1.5663202 2.3931619 3.4547690 
n280_283   0.4676616 1.4540852 0.4376591 2.0462410 2.5539676 0.0000000 2.1713279 2.1015962 1.8860669 0.1247122 1.6878434 2.0883695 1.4490028 2.0406348 2.0868507 2.7056539 1.9704419 2.1368359 1.6330641 2.0678541 0.0932500 0.1009966 0.1011855 2.8904300 1.9311620 1.9448054 
n294_297   1.7862725 2.6877317 1.7613804 0.1479088 2.8933743 2.1713279 0.0000000 0.1234802 0.3474766 2.2980383 2.1560243 0.1434095 1.9959062 0.3582546 0.3371172 3.9367881 1.3277590 0.3277219 2.8171480 0.0376746 2.4029429 2.2874945 2.5532582 3.1611432 0.3364552 0.7185816 
n275_278   1.6758673 2.7397983 1.7427079 0.1240076 2.7401122 2.1015962 0.1234802 0.0000000 0.3051940 2.3784512 2.4502730 0.1117376 2.2345941 0.3057364 0.2946561 3.6264593 1.3805980 0.2857434 2.9311087 0.1079891 2.3111281 2.2073611 2.4438667 2.6169270 0.3047602 0.6115950 
n289_292   1.6758369 2.0134822 1.6212077 0.3160312 2.5520928 1.8860669 0.3474766 0.3051940 0.0000000 2.0556950 2.6469214 0.3098228 2.7587689 0.0593700 0.1453908 3.2815522 1.3302375 0.1336223 2.1129444 0.3376599 2.1159904 2.0017778 2.2254667 3.1802959 0.0447649 0.6555424 
n274_277   0.4683191 1.4426537 0.4651150 2.1108655 2.6018493 0.1247122 2.2980383 2.3784512 2.0556950 0.0000000 1.6540523 2.2266547 1.4813198 2.0537700 2.1544951 2.9550711 2.0936049 2.2226505 1.5134198 2.1809429 0.1163554 0.1243508 0.1245868 2.6885046 2.0864652 1.9848909 
n265_268   1.4720061 1.0395234 1.4456994 1.9228953 2.6464927 1.6878434 2.1560243 2.4502730 2.6469214 1.6540523 0.0000000 2.0049647 0.1678051 2.4379855 2.6566023 2.7891387 2.9527154 2.8787125 1.0828820 2.2262817 1.6233541 1.7095641 1.6543063 2.6045185 2.4661475 1.8451469 
n298_301   1.7000831 2.1815932 1.7331525 0.0236472 2.4511616 2.0883695 0.1434095 0.1117376 0.3098228 2.2266547 2.0049647 0.0000000 1.9331223 0.3145780 0.2930798 3.3939580 1.3371291 0.2842188 2.3986332 0.1397414 2.3074566 2.2129133 2.4412964 2.8441463 0.2936865 0.6652179 
n266_269   1.4375934 1.0762007 1.4175483 1.9478278 2.6792540 1.4490028 1.9959062 2.2345941 2.7587689 1.4813198 0.1678051 1.9331223 0.0000000 2.5900950 2.6356948 3.2197535 2.9730277 2.8474670 1.1232786 1.9544798 1.4998012 1.6587699 1.5514217 2.1846885 2.7794537 1.8615396 
n287_290   1.7831113 2.0263733 1.7830884 0.3208315 3.0583533 2.0406348 0.3582546 0.3057364 0.0593700 2.0537700 2.4379855 0.3145780 2.5900950 0.0000000 0.1413343 3.5764667 1.1676065 0.1418011 2.0762909 0.3483271 2.1101432 1.9639221 2.2178384 3.2638042 0.0629109 0.6457730 
n295_298   1.7048039 2.1166548 1.7268736 0.2990961 2.3856561 2.0868507 0.3371172 0.2946561 0.1453908 2.1544951 2.6566023 0.2930798 2.6356948 0.1413343 0.0000000 3.5910044 1.2780941 0.0378005 2.0192263 0.3271773 2.2162616 2.1929824 2.3386119 3.1349618 0.1410862 0.7289247 
n255_258   2.5457756 1.8397636 2.7059438 3.3195228 0.3883731 2.7056539 3.9367881 3.6264593 3.2815522 2.9550711 2.7891387 3.3939580 3.2197535 3.5764667 3.5910044 0.0000000 2.4305419 2.9893010 2.0801670 3.5373982 3.0527351 3.0049288 3.1254457 1.7329407 3.1751795 2.6255096 
n200_201   1.6884985 2.0814603 1.7895132 1.3186075 3.0279371 1.9704419 1.3277590 1.3805980 1.3302375 2.0936049 2.9527154 1.3371291 2.9730277 1.1676065 1.2780941 2.4305419 0.0000000 1.3149560 2.0585413 1.3362342 2.1991615 2.2117032 2.3182879 2.4111787 1.2569240 1.3514244 
n296_299   1.7960265 2.1122751 1.7495418 0.2901620 2.4478487 2.1368359 0.3277219 0.2857434 0.1336223 2.2226505 2.8787125 0.2842188 2.8474670 0.1418011 0.0378005 2.9893010 1.3149560 0.0000000 2.0619649 0.3178581 2.3374725 2.3003890 2.4773434 3.0155906 0.1293852 0.7313890 
n286_289   1.5269426 0.0743246 1.5450640 2.2655174 1.9994718 1.6330641 2.8171480 2.9311087 2.1129444 1.5134198 1.0828820 2.3986332 1.1232786 2.0762909 2.0192263 2.0801670 2.0585413 2.0619649 0.0000000 2.5083833 1.6406347 1.5152689 1.6170161 2.3547042 1.9063948 1.9413186 
n293_296   1.7557427 2.4114040 1.7037400 0.1442202 2.7707057 2.0678541 0.0376746 0.1079891 0.3376599 2.1809429 2.2262817 0.1397414 1.9544798 0.3483271 0.3271773 3.5373982 1.3362342 0.3178581 2.5083833 0.0000000 2.2197758 2.1229439 2.3428426 2.6906506 0.3317431 0.6826325 
n299_302   0.4687100 1.5372078 0.4636290 2.2549707 3.2851130 0.0932500 2.4029429 2.3111281 2.1159904 0.1163554 1.6233541 2.3074566 1.4998012 2.1101432 2.2162616 3.0527351 2.1991615 2.3374725 1.6406347 2.2197758 0.0000000 0.0448763 0.0203327 2.7755098 2.0511847 1.8668984 
n292_295   0.4681062 1.4246628 0.4630326 2.1041092 2.7124253 0.1009966 2.2874945 2.2073611 2.0017778 0.1243508 1.7095641 2.2129133 1.6587699 1.9639221 2.1929824 3.0049288 2.2117032 2.3003890 1.5152689 2.1229439 0.0448763 0.0000000 0.0593681 2.6746297 1.9445118 2.0186793 
n300_303   0.4699126 1.5364953 0.4648181 2.3814531 3.2312107 0.1011855 2.5532582 2.4438667 2.2254667 0.1245868 1.6543063 2.4412964 1.5514217 2.2178384 2.3386119 3.1254457 2.3182879 2.4773434 1.6170161 2.3428426 0.0203327 0.0593681 0.0000000 2.8367148 2.1524657 1.9808698 
n244_247   2.7004397 2.4664680 2.5167970 2.8847210 1.5663202 2.8904300 3.1611432 2.6169270 3.1802959 2.6885046 2.6045185 2.8441463 2.1846885 3.2638042 3.1349618 1.7329407 2.4111787 3.0155906 2.3547042 2.6906506 2.7755098 2.6746297 2.8367148 0.0000000 3.3974406 2.9366240 
n290_293   1.6039596 1.8637575 1.6033901 0.2997137 2.3931619 1.9311620 0.3364552 0.3047602 0.0447649 2.0864652 2.4661475 0.2936865 2.7794537 0.0629109 0.1410862 3.1751795 1.2569240 0.1293852 1.9063948 0.3317431 2.0511847 1.9445118 2.1524657 3.3974406 0.0000000 0.6644497 
n236_239   1.7440852 1.9516010 1.7460731 0.6670950 3.4547690 1.9448054 0.7185816 0.6115950 0.6555424 1.9848909 1.8451469 0.6652179 1.8615396 0.6457730 0.7289247 2.6255096 1.3514244 0.7313890 1.9413186 0.6826325 1.8668984 2.0186793 1.9808698 2.9366240 0.6644497 0.0000000 
