26
n277_278   0.0000000 1.5564466 1.9574533 1.5245700 1.9705364 0.4870796 2.4345593 1.7938861 0.0939032 0.4768880 1.7352041 1.7101582 2.0046680 1.8142035 2.4475610 0.4770884 0.4841680 2.1089738 2.1191567 2.7063316 1.6178280 1.5915449 1.7114512 2.4850893 1.9372245 0.4627830 
n286_287   1.5564466 0.0000000 1.6037055 0.0597561 1.7043790 1.9260671 2.4905290 2.0217464 1.5952045 1.9804854 1.7295440 1.8786728 1.7407175 1.8959470 2.3657846 2.3015515 1.8961996 1.7043292 1.8285375 3.1677516 0.9390329 0.9457162 1.9143005 3.4697629 1.9099586 1.9303118 
n296_297   1.9574533 1.6037055 0.0000000 1.6674533 0.1056804 2.4087791 3.2972332 0.3423904 1.9443944 2.5750080 0.6116687 0.3190047 0.1096552 0.3184994 1.3241550 2.3873237 2.3985611 0.0414534 0.1093047 2.3798052 2.1650422 2.3285152 0.3301723 4.3402102 0.2979867 2.3922180 
n285_286   1.5245700 0.0597561 1.6674533 0.0000000 1.8309293 1.9335780 2.4179453 2.2215979 1.5342447 1.9878097 1.8245624 2.0993520 1.8780850 2.1230524 2.3257640 2.2124696 2.0127629 1.8016828 1.9725822 2.4139232 0.9471397 0.9815950 2.0910343 3.1083657 2.0850310 1.9377775 
n289_290   1.9705364 1.7043790 0.1056804 1.8309293 0.0000000 2.4033988 3.2723111 0.3201683 2.0893294 2.6207613 0.6629675 0.3136738 0.0380061 0.2860801 1.2481369 2.6114132 2.4335417 0.1057370 0.0487287 2.7987154 1.9455595 2.1317920 0.3300708 3.7409208 0.2816642 2.4974838 
n274_275   0.4870796 1.9260671 2.4087791 1.9335780 2.4033988 0.0000000 3.5511774 2.0674685 0.4859907 0.1047936 2.2622227 1.9214743 2.6159156 2.0372367 2.7607053 0.1285889 0.1125978 2.8096193 2.9375736 3.5010845 1.7446621 1.8202621 2.0606102 2.5547654 2.2166018 0.1048170 
n255_256   2.4345593 2.4905290 3.2972332 2.4179453 3.2723111 3.5511774 0.0000000 3.2431226 2.7007450 3.4479305 2.2323892 3.0883995 3.3316220 3.0218880 3.6531778 3.4183131 4.3949230 3.2665114 2.9679725 3.7011220 2.6496917 2.5700867 3.2053904 0.3942723 3.3787605 3.3957278 
n275_276   1.7938861 2.0217464 0.3423904 2.2215979 0.3201683 2.0674685 3.2431226 0.0000000 1.8470270 2.0401648 0.6723952 0.1166851 0.3092364 0.1406764 1.3626217 2.1153651 1.9938844 0.3309814 0.3255492 2.8476354 1.5742423 1.9121797 0.1086192 2.9689152 0.1326675 1.9933147 
n278_279   0.0939032 1.5952045 1.9443944 1.5342447 2.0893294 0.4859907 2.7007450 1.8470270 0.0000000 0.4899885 1.7064084 1.6381963 2.1236007 1.7600125 2.7666539 0.4901983 0.4830919 2.1307395 2.2512620 2.5078615 1.6991815 1.6732436 1.6416953 2.6456400 1.8434802 0.4756313 
n299_300   0.4768880 1.9804854 2.5750080 1.9878097 2.6207613 0.1047936 3.4479305 2.0401648 0.4899885 0.0000000 2.2687279 1.8667429 2.7939280 2.1074768 3.2425490 0.0592917 0.0931184 3.0464522 2.7755641 3.6444672 1.6535161 1.7636259 2.0830886 2.6437545 2.2283146 0.0237678 
n236_237   1.7352041 1.7295440 0.6116687 1.8245624 0.6629675 2.2622227 2.2323892 0.6723952 1.7064084 2.2687279 0.0000000 0.7087612 0.6452946 0.6272196 1.1934103 2.3914355 2.2880225 0.5974413 0.6440069 3.7464952 1.8173714 2.1306320 0.6464258 3.7517093 0.6277644 2.0654681 
n293_294   1.7101582 1.8786728 0.3190047 2.0993520 0.3136738 1.9214743 3.0883995 0.1166851 1.6381963 1.8667429 0.7087612 0.0000000 0.3028675 0.1282025 1.3674397 1.9308451 1.8899780 0.3356439 0.3141697 2.4790622 1.6557676 1.8742809 0.0447619 3.7352178 0.1284343 1.8265782 
n290_291   2.0046680 1.7407175 0.1096552 1.8780850 0.0380061 2.6159156 3.3316220 0.3092364 2.1236007 2.7939280 0.6452946 0.3028675 0.0000000 0.2807565 1.2897360 2.7827511 2.7257472 0.1016957 0.0414914 2.9784873 2.0279506 2.4288953 0.3190132 3.7798705 0.2713552 2.6528246 
n297_298   1.8142035 1.8959470 0.3184994 2.1230524 0.2860801 2.0372367 3.0218880 0.1406764 1.7600125 2.1074768 0.6272196 0.1282025 0.2807565 0.0000000 1.2873356 2.1501603 2.0798057 0.2922403 0.2809141 2.6106906 1.6226846 1.8777015 0.1244292 3.3843446 0.0447574 2.0261160 
n200_201   2.4475610 2.3657846 1.3241550 2.3257640 1.2481369 2.7607053 3.6531778 1.3626217 2.7666539 3.2425490 1.1934103 1.3674397 1.2897360 1.2873356 0.0000000 3.5360995 2.7909487 1.3529984 1.3058678 2.6929057 3.1395636 2.6358000 1.3994649 4.3458836 1.2513349 2.6642560 
n292_293   0.4770884 2.3015515 2.3873237 2.2124696 2.6114132 0.1285889 3.4183131 2.1153651 0.4901983 0.0592917 2.3914355 1.9308451 2.7827511 2.1501603 3.5360995 0.0000000 0.1086525 2.9162938 2.9680288 3.2656061 1.6617553 1.7972294 2.1613813 2.6956847 2.2762090 0.0556728 
n280_281   0.4841680 1.8961996 2.3985611 2.0127629 2.4335417 0.1125978 4.3949230 1.9938844 0.4830919 0.0931184 2.2880225 1.8899780 2.7257472 2.0798057 2.7909487 0.1086525 0.0000000 2.7948799 2.7329371 3.0309300 1.7403356 1.7537382 2.0998031 2.3101932 2.0502132 0.0853691 
n295_296   2.1089738 1.7043292 0.0414534 1.8016828 0.1057370 2.8096193 3.2665114 0.3309814 2.1307395 3.0464522 0.5974413 0.3356439 0.1016957 0.2922403 1.3529984 2.9162938 2.7948799 0.0000000 0.0974878 2.4894890 2.1370196 2.2918240 0.3411321 3.8966688 0.2874499 2.7866957 
n287_288   2.1191567 1.8285375 0.1093047 1.9725822 0.0487287 2.9375736 2.9679725 0.3255492 2.2512620 2.7755641 0.6440069 0.3141697 0.0414914 0.2809141 1.3058678 2.9680288 2.7329371 0.0974878 0.0000000 2.6333255 2.2158665 2.4423658 0.3302859 3.2780531 0.2713630 2.6366633 
n244_245   2.7063316 3.1677516 2.3798052 2.4139232 2.7987154 3.5010845 3.7011220 2.8476354 2.5078615 3.6444672 3.7464952 2.4790622 2.9784873 2.6106906 2.6929057 3.2656061 3.0309300 2.4894890 2.6333255 0.0000000 3.8083551 6.8306252 2.9618921 2.5708380 2.5160094 3.4171555 
n265_266   1.6178280 0.9390329 2.1650422 0.9471397 1.9455595 1.7446621 2.6496917 1.5742423 1.6991815 1.6535161 1.8173714 1.6557676 2.0279506 1.6226846 3.1395636 1.6617553 1.7403356 2.1370196 2.2158665 3.8083551 0.0000000 0.1846951 1.6532438 2.9363655 1.6217474 1.6431751 
n266_267   1.5915449 0.9457162 2.3285152 0.9815950 2.1317920 1.8202621 2.5700867 1.9121797 1.6732436 1.7636259 2.1306320 1.8742809 2.4288953 1.8777015 2.6358000 1.7972294 1.7537382 2.2918240 2.4423658 6.8306252 0.1846951 0.0000000 1.9034530 3.4512738 1.7768381 1.7182553 
n294_295   1.7114512 1.9143005 0.3301723 2.0910343 0.3300708 2.0606102 3.2053904 0.1086192 1.6416953 2.0830886 0.6464258 0.0447619 0.3190132 0.1244292 1.3994649 2.1613813 2.0998031 0.3411321 0.3302859 2.9618921 1.6532438 1.9034530 0.0000000 4.3537135 0.1126490 2.0344004 
n251_252   2.4850893 3.4697629 4.3402102 3.1083657 3.7409208 2.5547654 0.3942723 2.9689152 2.6456400 2.6437545 3.7517093 3.7352178 3.7798705 3.3843446 4.3458836 2.6956847 2.3101932 3.8966688 3.2780531 2.5708380 2.9363655 3.4512738 4.3537135 0.0000000 4.0462064 2.5452075 
n298_299   1.9372245 1.9099586 0.2979867 2.0850310 0.2816642 2.2166018 3.3787605 0.1326675 1.8434802 2.2283146 0.6277644 0.1284343 0.2713552 0.0447574 1.2513349 2.2762090 2.0502132 0.2874499 0.2713630 2.5160094 1.6217474 1.7768381 0.1126490 4.0462064 0.0000000 2.1376593 
n300_301   0.4627830 1.9303118 2.3922180 1.9377775 2.4974838 0.1048170 3.3957278 1.9933147 0.4756313 0.0237678 2.0654681 1.8265782 2.6528246 2.0261160 2.6642560 0.0556728 0.0853691 2.7866957 2.6366633 3.4171555 1.6431751 1.7182553 2.0344004 2.5452075 2.1376593 0.0000000 
