25
n289_308   0.0000000 0.0960648 0.3311168 0.3144280 0.0134369 0.3203700 0.0033379 0.3092924 0.1718118 0.0410497 0.3099456 0.2998518 0.3506438 0.0410724 0.0236894 0.3092924 0.0340625 0.0236837 0.3093442 0.3306751 0.3308498 0.0375576 0.3193593 0.3504250 0.3778465 
n236_257   0.0960648 0.0000000 0.3102597 0.3198663 0.0885288 0.3152116 0.0923110 0.3146884 0.1715205 0.1037609 0.3153560 0.3051815 0.3452798 0.1038209 0.0999515 0.3146884 0.0961614 0.0999289 0.3147415 0.3254436 0.3100123 0.0999777 0.3248341 0.3662046 0.3720590 
n266_285   0.3311168 0.3102597 0.0000000 0.2748054 0.3155894 0.1391403 0.3260571 0.2699446 0.3455420 0.3469929 0.2705216 0.2609513 0.4006719 0.3472215 0.3211457 0.2699446 0.3365840 0.3158669 0.2699885 0.1391204 0.0168844 0.3418922 0.2845184 0.4241714 0.3888898 
n300_319   0.3144280 0.3198663 0.2748054 0.0000000 0.3093496 0.2800498 0.3094888 0.0100673 0.2938978 0.3250684 0.0411383 0.0341158 0.3997721 0.3202036 0.3145842 0.0100673 0.3149703 0.3044434 0.0033422 0.2750339 0.2748172 0.3201126 0.0202802 0.4056646 0.3395656 
n287_306   0.0134369 0.0885288 0.3155894 0.3093496 0.0000000 0.3003673 0.0100584 0.3042503 0.1718436 0.0340567 0.3048904 0.2948657 0.3401501 0.0340754 0.0168475 0.3042503 0.0271303 0.0168434 0.3043011 0.3204356 0.3153369 0.0305934 0.3142490 0.3504121 0.3669753 
n265_286   0.3203700 0.3152116 0.1391403 0.2800498 0.3003673 0.0000000 0.3153842 0.2751468 0.3352422 0.3360098 0.2850302 0.2752725 0.3889407 0.3414160 0.3155199 0.2706034 0.3308721 0.3053442 0.2751927 0.0168942 0.1350616 0.3361330 0.2800993 0.4060334 0.3834653 
n290_309   0.0033379 0.0923110 0.3260571 0.3094888 0.0100584 0.3153842 0.0000000 0.3043867 0.1676860 0.0375547 0.3050276 0.2949973 0.3454689 0.0375754 0.0202660 0.3043867 0.0305963 0.0202611 0.3044375 0.3256234 0.3257948 0.0340762 0.3143910 0.3452544 0.3724884 
n280_301   0.3092924 0.3146884 0.2699446 0.0100673 0.3042503 0.2751468 0.3043867 0.0000000 0.2889098 0.3198530 0.0376143 0.0306267 0.3885242 0.3150191 0.3094470 0.0066965 0.3098249 0.2993769 0.0066965 0.2701684 0.2699559 0.3149299 0.0168582 0.3943269 0.3446366 
n200_215   0.1718118 0.1715205 0.3455420 0.2938978 0.1718436 0.3352422 0.1676860 0.2889098 0.0000000 0.1804090 0.3140544 0.3039280 0.3769504 0.1890247 0.1846624 0.2889098 0.1804369 0.1846233 0.2889576 0.3402528 0.3452626 0.1847155 0.3038614 0.3880696 0.3819299 
n298_317   0.0410497 0.1037609 0.3469929 0.3250684 0.0340567 0.3360098 0.0375547 0.3198530 0.1804090 0.0000000 0.3205343 0.3102883 0.3615984 0.0202770 0.0446100 0.3198530 0.0134544 0.0445994 0.3199072 0.3465334 0.3467109 0.0168570 0.3300700 0.3721459 0.3784178 
n278_299   0.3099456 0.3153560 0.2705216 0.0411383 0.3048904 0.2850302 0.3050276 0.0376143 0.3140544 0.3205343 0.0000000 0.0066948 0.3887348 0.3156881 0.3101010 0.0376143 0.3104801 0.3000048 0.0376194 0.2799760 0.2705329 0.3155986 0.0482257 0.3945414 0.3397821 
n277_298   0.2998518 0.3051815 0.2609513 0.0341158 0.2948657 0.2752725 0.2949973 0.0306267 0.3039280 0.3102883 0.0066948 0.0000000 0.3775440 0.3055008 0.3000036 0.0306267 0.3003674 0.2900425 0.0306309 0.2702897 0.2609616 0.3054147 0.0411344 0.3832613 0.3397407 
n255_272   0.3506438 0.3452798 0.4006719 0.3997721 0.3401501 0.3889407 0.3454689 0.3885242 0.3769504 0.3615984 0.3887348 0.3775440 0.0000000 0.3618388 0.3511390 0.3940050 0.3510132 0.3404853 0.3940757 0.3945753 0.4003907 0.3564171 0.4056164 0.0480637 0.2939340 
n294_313   0.0410724 0.1038209 0.3472215 0.3202036 0.0340754 0.3414160 0.0375754 0.3150191 0.1890247 0.0202770 0.3156881 0.3055008 0.3618388 0.0000000 0.0446356 0.3150191 0.0134618 0.0446241 0.3150722 0.3520185 0.3469392 0.0033427 0.3251783 0.3723939 0.3786716 
n296_315   0.0236894 0.0999515 0.3211457 0.3145842 0.0168475 0.3155199 0.0202660 0.3094470 0.1846624 0.0446100 0.3101010 0.3000036 0.3511390 0.0446356 0.0000000 0.3094470 0.0340968 0.0134515 0.3094988 0.3207195 0.3208877 0.0411001 0.3195173 0.3615524 0.3783843 
n292_311   0.3092924 0.3146884 0.2699446 0.0100673 0.3042503 0.2706034 0.3043867 0.0066965 0.2889098 0.3198530 0.0376143 0.0306267 0.3940050 0.3150191 0.3094470 0.0000000 0.3098249 0.2993769 0.0066965 0.2656530 0.2699559 0.3149299 0.0168582 0.3998498 0.3446366 
n275_296   0.0340625 0.0961614 0.3365840 0.3149703 0.0271303 0.3308721 0.0305963 0.3098249 0.1804369 0.0134544 0.3104801 0.3003674 0.3510132 0.0134618 0.0340968 0.3098249 0.0000000 0.0375766 0.3098770 0.3310242 0.3363118 0.0100723 0.3199104 0.3614228 0.3675941 
n295_314   0.0236837 0.0999289 0.3158669 0.3044434 0.0168434 0.3053442 0.0202611 0.2993769 0.1846233 0.0445994 0.3000048 0.2900425 0.3404853 0.0446241 0.0134515 0.2993769 0.0375766 0.0000000 0.2994266 0.3154492 0.3156140 0.0410903 0.3093142 0.3507592 0.3673436 
n299_318   0.3093442 0.3147415 0.2699885 0.0033422 0.3043011 0.2751927 0.3044375 0.0066965 0.2889576 0.3199072 0.0376194 0.0306309 0.3940757 0.3150722 0.3094988 0.0066965 0.3098770 0.2994266 0.0000000 0.2702123 0.2699998 0.3149830 0.0168604 0.3999219 0.3343150 
n266_287   0.3306751 0.3254436 0.1391204 0.2750339 0.3204356 0.0168942 0.3256234 0.2701684 0.3402528 0.3465334 0.2799760 0.2702897 0.3945753 0.3520185 0.3207195 0.2656530 0.3310242 0.3154492 0.2702123 0.0000000 0.1350426 0.3466614 0.2750819 0.4117961 0.3888266 
n265_284   0.3308498 0.3100123 0.0168844 0.2748172 0.3153369 0.1350616 0.3257948 0.2699559 0.3452626 0.3467109 0.2705329 0.2609616 0.4003907 0.3469392 0.3208877 0.2699559 0.3363118 0.3156140 0.2699998 0.1350426 0.0000000 0.3416149 0.2845314 0.4181170 0.3885685 
n293_312   0.0375576 0.0999777 0.3418922 0.3201126 0.0305934 0.3361330 0.0340762 0.3149299 0.1847155 0.0168570 0.3155986 0.3054147 0.3564171 0.0033427 0.0411001 0.3149299 0.0100723 0.0410903 0.3149830 0.3466614 0.3416149 0.0000000 0.3250858 0.3669001 0.3731253 
n274_295   0.3193593 0.3248341 0.2845184 0.0202802 0.3142490 0.2800993 0.3143910 0.0168582 0.3038614 0.3300700 0.0482257 0.0411344 0.4056164 0.3251783 0.3195173 0.0168582 0.3199104 0.3093142 0.0168604 0.2750819 0.2845314 0.3250858 0.0000000 0.4172607 0.3607607 
n251_268   0.3504250 0.3662046 0.4241714 0.4056646 0.3504121 0.4060334 0.3452544 0.3943269 0.3880696 0.3721459 0.3945414 0.3832613 0.0480637 0.3723939 0.3615524 0.3998498 0.3614228 0.3507592 0.3999219 0.4117961 0.4181170 0.3669001 0.4172607 0.0000000 0.3090346 
n244_265   0.3778465 0.3720590 0.3888898 0.3395656 0.3669753 0.3834653 0.3724884 0.3446366 0.3819299 0.3784178 0.3397821 0.3397407 0.2939340 0.3786716 0.3783843 0.3446366 0.3675941 0.3673436 0.3343150 0.3888266 0.3885685 0.3731253 0.3607607 0.3090346 0.0000000 
