26
n295_304   0.0000000 1.8196643 1.6857028 0.1424550 0.3221816 3.9008254 0.1299713 2.2176480 0.3396881 2.2601841 2.0834342 7.7335103 0.1508658 2.0433141 0.3517290 2.3191965 0.0415413 1.0576575 0.7525638 1.8223663 2.0237251 1.9557791 1.9520345 0.3222081 4.1571454 0.3098721 
n286_295   1.8196643 0.0000000 0.1085211 1.9031682 2.0805491 2.3549201 1.8315204 1.4689009 2.1667397 1.4460083 1.8007113 3.1511077 1.8251369 1.8002403 2.2549511 1.0983434 1.6535407 2.3767715 1.9450618 2.1696416 0.9848866 1.7688562 1.6258794 2.0220051 2.7932683 2.1054765 
n285_294   1.6857028 0.1085211 0.0000000 1.7039153 1.9061362 2.5440518 1.7091000 1.5447795 2.0686849 1.4647017 1.7641233 3.0342935 1.6716724 1.7299030 2.1487048 1.0379371 1.5948767 2.1034029 1.6047259 1.9436230 0.9699227 1.6962994 1.5930205 1.8283233 2.9658950 1.8917261 
n289_298   0.1424550 1.9031682 1.7039153 0.0000000 0.2944509 3.0763753 0.0238432 2.0322048 0.2999408 2.1710917 1.8581434 5.7921354 0.0558466 1.8259692 0.3165785 1.9255784 0.1593865 1.2201509 0.8034046 1.6218706 2.0922035 1.8986969 1.7513453 0.2732262 3.2279346 0.2770552 
n297_306   0.3221816 2.0805491 1.9061362 0.2944509 0.0000000 2.7687158 0.2736443 2.4920643 0.1181982 2.5054667 2.0789324 4.2481523 0.2943773 2.0818724 0.1100776 2.1635237 0.3388035 1.1017032 0.7657802 1.9788829 2.3659374 2.0390739 1.9817523 0.0273685 2.8670829 0.0974875 
n255_264   3.9008254 2.3549201 2.5440518 3.0763753 2.7687158 0.0000000 3.3205523 3.1614539 3.4979582 2.2960401 2.2071284 1.9534259 3.4329385 2.0246601 3.3254289 3.4333472 3.6869743 3.2288092 4.1470593 2.4408828 3.0400148 2.2059906 2.1599701 2.5105124 0.3029480 2.8691822 
n290_299   0.1299713 1.8315204 1.7091000 0.0238432 0.2736443 3.3205523 0.0000000 1.9854298 0.2789573 2.1173990 1.8219614 5.4070942 0.0449885 1.7909702 0.2950630 1.9269278 0.1508183 1.1188503 0.7827622 1.6228223 2.0936993 1.8610151 1.7188734 0.2530723 3.3716839 0.2568578 
n277_286   2.2176480 1.4689009 1.5447795 2.0322048 2.4920643 3.1614539 1.9854298 0.0000000 2.4689820 0.1182258 0.3863788 2.4056527 2.0151820 0.3807152 2.4129794 2.3267746 1.9427278 2.1652099 2.3448941 0.4241573 2.1662650 0.3860306 0.4370971 2.5467333 3.0474228 2.3051064 
n294_303   0.3396881 2.1667397 2.0686849 0.2999408 0.1181982 3.4979582 0.2789573 2.4689820 0.0000000 2.7953397 2.6227686 4.5460612 0.3052333 2.6269781 0.0381646 2.0281324 0.3449865 1.0422197 0.8118462 2.2775210 2.3330671 2.5579336 2.4764410 0.1262502 2.7936967 0.1094492 
n278_287   2.2601841 1.4460083 1.4647017 2.1710917 2.5054667 2.2960401 2.1173990 0.1182258 2.7953397 0.0000000 0.4779674 2.3750559 2.1561424 0.4715529 2.9887727 2.4130658 1.9790545 2.3615260 2.4750920 0.5138920 2.2872817 0.4632985 0.5139188 2.5589961 2.3089881 2.4358655 
n292_301   2.0834342 1.8007113 1.7641233 1.8581434 2.0789324 2.2071284 1.8219614 0.3863788 2.6227686 0.4779674 0.0000000 2.4219221 1.8487255 0.0203509 2.4889228 2.4037248 1.8732845 2.2591451 2.1471396 0.1130454 2.3551002 0.0272472 0.0973404 1.9855829 2.3739003 2.0887246 
n244_251   7.7335103 3.1511077 3.0342935 5.7921354 4.2481523 1.9534259 5.4070942 2.4056527 4.5460612 2.3750559 2.4219221 0.0000000 4.8299391 2.2653419 8.9999984 2.9880936 4.1232856 3.4145195 9.0000000 2.8819035 8.9999985 2.4253169 2.3251672 4.2109952 1.7474028 4.2940805 
n287_296   0.1508658 1.8251369 1.6716724 0.0558466 0.2943773 3.4329385 0.0449885 2.0151820 0.3052333 2.1561424 1.8487255 4.8299391 0.0000000 1.8169656 0.3274611 2.0039412 0.1723920 1.1837183 0.7331419 1.6736473 2.0880916 1.8543782 1.8089364 0.2679882 3.1057092 0.2769880 
n300_309   2.0433141 1.8002403 1.7299030 1.8259692 2.0818724 2.0246601 1.7909702 0.3807152 2.6269781 0.4715529 0.0203509 2.2653419 1.8169656 0.0000000 2.4927950 2.4676719 1.8075040 2.2160833 2.1502136 0.1091908 2.4167272 0.0272592 0.0973872 1.9883467 2.1650313 2.0894346 
n293_302   0.3517290 2.2549511 2.1487048 0.3165785 0.1100776 3.3254289 0.2950630 2.4129794 0.0381646 2.9887727 2.4889228 8.9999984 0.3274611 2.4927950 0.0000000 2.3493998 0.3628681 1.0601941 0.8212470 2.1773225 2.6200391 2.4309042 2.2916860 0.1262891 2.9924351 0.1134753 
n265_274   2.3191965 1.0983434 1.0379371 1.9255784 2.1635237 3.4333472 1.9269278 2.3267746 2.0281324 2.4130658 2.4037248 2.9880936 2.0039412 2.4676719 2.3493998 0.0000000 2.0467201 2.0735383 1.9335547 2.3101197 0.1491628 2.4617056 2.2108228 2.0563817 4.0573257 2.0971913 
n296_305   0.0415413 1.6535407 1.5948767 0.1593865 0.3388035 3.6869743 0.1508183 1.9427278 0.3449865 1.9790545 1.8732845 4.1232856 0.1723920 1.8075040 0.3628681 2.0467201 0.0000000 1.0898439 0.8166458 1.7199569 1.8175634 1.7683651 1.8353177 0.3438203 3.6948059 0.3257402 
n200_201   1.0576575 2.3767715 2.1034029 1.2201509 1.1017032 3.2288092 1.1188503 2.1652099 1.0422197 2.3615260 2.2591451 3.4145195 1.1837183 2.2160833 1.0601941 2.0735383 1.0898439 0.0000000 1.2110571 2.2828322 2.0701319 2.3792831 2.5547803 1.1297843 3.3558541 1.0054223 
n236_243   0.7525638 1.9450618 1.6047259 0.8034046 0.7657802 4.1470593 0.7827622 2.3448941 0.8118462 2.4750920 2.1471396 9.0000000 0.7331419 2.1502136 0.8212470 1.9335547 0.8166458 1.2110571 0.0000000 2.1286059 1.7459253 2.1401594 2.7301993 0.7640263 4.7987549 0.7599808 
n280_289   1.8223663 2.1696416 1.9436230 1.6218706 1.9788829 2.4408828 1.6228223 0.4241573 2.2775210 0.5138920 0.1130454 2.8819035 1.6736473 0.1091908 2.1773225 2.3101197 1.7199569 2.2828322 2.1286059 0.0000000 2.4351103 0.1209636 0.1499966 1.8953122 2.2692934 2.0732514 
n266_275   2.0237251 0.9848866 0.9699227 2.0922035 2.3659374 3.0400148 2.0936993 2.1662650 2.3330671 2.2872817 2.3551002 8.9999985 2.0880916 2.4167272 2.6200391 0.1491628 1.8175634 2.0701319 1.7459253 2.4351103 0.0000000 2.4245525 2.0749352 2.2983217 3.6418247 2.3552812 
n299_308   1.9557791 1.7688562 1.6962994 1.8986969 2.0390739 2.2059906 1.8610151 0.3860306 2.5579336 0.4632985 0.0272472 2.4253169 1.8543782 0.0272592 2.4309042 2.4617056 1.7683651 2.3792831 2.1401594 0.1209636 2.4245525 0.0000000 0.0972895 1.9900834 2.4314214 2.0033727 
n274_283   1.9520345 1.6258794 1.5930205 1.7513453 1.9817523 2.1599701 1.7188734 0.4370971 2.4764410 0.5139188 0.0973404 2.3251672 1.8089364 0.0973872 2.2916860 2.2108228 1.8353177 2.5547803 2.7301993 0.1499966 2.0749352 0.0972895 0.0000000 1.8995152 2.3521890 1.9901794 
n298_307   0.3222081 2.0220051 1.8283233 0.2732262 0.0273685 2.5105124 0.2530723 2.5467333 0.1262502 2.5589961 1.9855829 4.2109952 0.2679882 1.9883467 0.1262891 2.0563817 0.3438203 1.1297843 0.7640263 1.8953122 2.2983217 1.9900834 1.8995152 0.0000000 2.6763241 0.0974404 
n251_260   4.1571454 2.7932683 2.9658950 3.2279346 2.8670829 0.3029480 3.3716839 3.0474228 2.7936967 2.3089881 2.3739003 1.7474028 3.1057092 2.1650313 2.9924351 4.0573257 3.6948059 3.3558541 4.7987549 2.2692934 3.6418247 2.4314214 2.3521890 2.6763241 0.0000000 2.9689666 
n275_284   0.3098721 2.1054765 1.8917261 0.2770552 0.0974875 2.8691822 0.2568578 2.3051064 0.1094492 2.4358655 2.0887246 4.2940805 0.2769880 2.0894346 0.1134753 2.0971913 0.3257402 1.0054223 0.7599808 2.0732514 2.3552812 2.0033727 1.9901794 0.0974404 2.9689666 0.0000000 
