27
n274_285   0.0000000 3.2372977 0.1221872 3.1048588 0.1261305 8.9999983 3.7154039 3.2920943 6.5616563 5.5775641 2.8003762 2.4937727 3.4236451 0.1217713 3.7154807 0.4393022 3.1979017 2.7200837 0.1136959 0.3999464 3.0289482 3.0244479 2.9239155 5.2916952 2.7590737 2.2711348 3.2845453 
n293_304   3.2372977 0.0000000 4.4502751 0.1588475 3.7440458 2.8016846 9.0000000 0.3484351 2.3346499 2.5698428 0.3653054 2.9663355 0.7076289 4.6749475 9.0000000 3.3573155 0.3707325 0.1721560 3.0343697 3.1926774 0.3586595 1.2587542 0.0413967 2.9624637 0.1544288 2.5959355 0.3315660 
n299_310   0.1221872 4.4502751 0.0000000 3.5596938 0.0204053 5.0479400 4.8031888 3.5448153 3.5888499 3.3986064 3.1341059 2.1168074 3.1089130 0.0344541 6.0747175 0.4313681 3.2835457 3.3468179 0.0783242 0.3986842 3.3110218 2.7504302 3.7722265 5.5091398 3.3663316 2.0433333 3.3585580 
n297_308   3.1048588 0.1588475 3.5596938 0.0000000 3.1497017 2.7925734 4.5210523 0.3141783 2.4613632 2.7252254 0.3188508 3.1366086 0.6891326 4.1028805 3.9580163 3.1828978 0.3246419 0.1212047 2.5807714 3.0624733 0.3130799 1.1946018 0.1417893 3.0730386 0.0203103 2.8727650 0.3031870 
n300_311   0.1261305 3.7440458 0.0204053 3.1497017 0.0000000 8.9999988 3.6690390 3.2246295 4.3478524 4.0338974 2.9785558 2.1586758 3.2069747 0.0450901 4.8745432 0.4368762 2.9990122 2.9953284 0.0858704 0.4039786 3.1326098 2.8190036 3.3041227 4.8921268 3.0085953 2.0438603 3.1732238 
n251_262   8.9999983 2.8016846 5.0479400 2.7925734 8.9999988 0.0000000 2.5538820 2.6769099 9.0000000 9.0000000 2.6765437 9.0000000 2.3447439 8.9999990 2.3686306 3.6042209 2.5303288 2.2417617 8.9999988 8.9999983 2.9189295 2.9781124 2.7183509 0.2826311 2.8170766 9.0000000 2.7424931 
n244_253   3.7154039 9.0000000 4.8031888 4.5210523 3.6690390 2.5538820 0.0000000 3.7718656 3.2455183 3.0905644 3.2287685 8.4643837 2.3618358 4.1101723 0.6986203 3.2757956 3.0865612 4.7892137 3.8151947 3.6459910 3.4276379 4.0256876 6.1623600 1.7489532 4.4682440 9.0000000 3.7786141 
n290_301   3.2920943 0.3484351 3.5448153 0.3141783 3.2246295 2.6769099 3.7718656 0.0000000 2.9373648 3.5151223 0.1669991 3.3389745 0.7542555 3.3171661 4.4738693 3.2298936 0.0448920 0.2974586 2.9695651 3.0871877 0.1666765 1.2675856 0.3367343 2.7747359 0.3085795 2.8124351 0.0413467 
n286_297   6.5616563 2.3346499 3.5888499 2.4613632 4.3478524 9.0000000 3.2455183 2.9373648 0.0000000 0.0451447 3.0955646 1.1017652 2.4817607 3.6542241 3.2276751 2.6583150 2.8965951 2.1796177 3.3489012 2.9953388 3.7756383 2.7821812 2.2126610 8.9999988 2.3958140 1.0748512 2.9313687 
n285_296   5.5775641 2.5698428 3.3986064 2.7252254 4.0338974 9.0000000 3.0905644 3.5151223 0.0451447 0.0000000 3.6357549 1.0973199 2.4733240 3.4507015 3.0245065 2.7604191 3.4428525 2.3756764 3.3117209 2.6960401 4.5383391 2.9627866 2.4209905 8.9999986 2.6431218 1.1343071 3.5037125 
n295_306   2.8003762 0.3653054 3.1341059 0.3188508 2.9785558 2.6765437 3.2287685 0.1669991 3.0955646 3.6357549 0.0000000 4.6160552 0.7730568 3.0543143 3.2592976 2.7431465 0.1888325 0.2976772 2.7914378 2.9238934 0.0447733 1.2982731 0.3533114 2.7777438 0.3078104 3.9144735 0.1501107 
n266_277   2.4937727 2.9663355 2.1168074 3.1366086 2.1586758 9.0000000 8.4643837 3.3389745 1.1017652 1.0973199 4.6160552 0.0000000 3.8093728 2.1250226 9.0000000 2.2264396 2.9956386 2.5182497 2.1811502 2.5075611 5.2310917 2.2926551 2.6118171 9.0000000 3.3739390 0.1413854 3.0203355 
n236_245   3.4236451 0.7076289 3.1089130 0.6891326 3.2069747 2.3447439 2.3618358 0.7542555 2.4817607 2.4733240 0.7730568 3.8093728 0.0000000 3.9587456 4.2203639 3.1844527 0.7413400 0.7393381 3.0730884 2.4066781 0.7812603 1.2096837 0.7194183 2.3663288 0.7097641 3.1867336 0.7328415 
n292_303   0.1217713 4.6749475 0.0344541 4.1028805 0.0450901 8.9999990 4.1101723 3.3171661 3.6542241 3.4507015 3.0543143 2.1250226 3.9587456 0.0000000 5.3173192 0.4505200 3.2288142 3.1312873 0.0974991 0.4108779 3.2175676 2.8408917 3.9056296 5.9665427 3.4355845 2.0870552 3.1624449 
n244_255   3.7154807 9.0000000 6.0747175 3.9580163 4.8745432 2.3686306 0.6986203 4.4738693 3.2276751 3.0245065 3.2592976 9.0000000 4.2203639 5.3173192 0.0000000 3.5613706 3.6299165 4.9013159 4.2391103 4.6458406 3.6357065 5.3651339 4.5195282 2.4844359 3.9703238 8.9999981 5.6126597 
n277_288   0.4393022 3.3573155 0.4313681 3.1828978 0.4368762 3.6042209 3.2757956 3.2298936 2.6583150 2.7604191 2.7431465 2.2264396 3.1844527 0.4505200 3.5613706 0.0000000 2.9063482 2.6500936 0.4230350 0.1172995 2.8099314 3.4497077 2.8155188 3.3510396 3.0643342 2.3292079 2.7740869 
n289_300   3.1979017 0.3707325 3.2835457 0.3246419 2.9990122 2.5303288 3.0865612 0.0448920 2.8965951 3.4428525 0.1888325 2.9956386 0.7413400 3.2288142 3.6299165 2.9063482 0.0000000 0.3185994 2.8067080 2.7989980 0.1884619 1.2243937 0.3586547 2.6349816 0.3245463 2.8753164 0.0593457 
n275_286   2.7200837 0.1721560 3.3468179 0.1212047 2.9953284 2.2417617 4.7892137 0.2974586 2.1796177 2.3756764 0.2976772 2.5182497 0.7393381 3.1312873 4.9013159 2.6500936 0.3185994 0.0000000 2.4485265 2.6456766 0.3024069 1.1795782 0.1502698 2.5662783 0.1131136 2.2583237 0.2867614 
n280_291   0.1136959 3.0343697 0.0783242 2.5807714 0.0858704 8.9999988 3.8151947 2.9695651 3.3489012 3.3117209 2.7914378 2.1811502 3.0730884 0.0974991 4.2391103 0.4230350 2.8067080 2.4485265 0.0000000 0.3906117 2.9231536 2.6424162 2.8476166 8.9999983 2.4938897 2.1939529 2.7538015 
n278_289   0.3999464 3.1926774 0.3986842 3.0624733 0.4039786 8.9999983 3.6459910 3.0871877 2.9953388 2.6960401 2.9238934 2.5075611 2.4066781 0.4108779 4.6458406 0.1172995 2.7989980 2.6456766 0.3906117 0.0000000 2.9028933 3.3139439 2.7146264 8.9999987 2.9547054 2.5779172 2.8363294 
n296_307   3.0289482 0.3586595 3.3110218 0.3130799 3.1326098 2.9189295 3.4276379 0.1666765 3.7756383 4.5383391 0.0447733 5.2310917 0.7812603 3.2175676 3.6357065 2.8099314 0.1884619 0.3024069 2.9231536 2.9028933 0.0000000 1.2934346 0.3583593 3.1770271 0.3021453 5.1499908 0.1498241 
n200_205   3.0244479 1.2587542 2.7504302 1.1946018 2.8190036 2.9781124 4.0256876 1.2675856 2.7821812 2.9627866 1.2982731 2.2926551 1.2096837 2.8408917 5.3651339 3.4497077 1.2243937 1.1795782 2.6424162 3.3139439 1.2934346 0.0000000 1.2921516 3.3300403 1.1931466 2.3286603 1.2094390 
n294_305   2.9239155 0.0413967 3.7722265 0.1417893 3.3041227 2.7183509 6.1623600 0.3367343 2.2126610 2.4209905 0.3533114 2.6118171 0.7194183 3.9056296 4.5195282 2.8155188 0.3586547 0.1502698 2.8476166 2.7146264 0.3583593 1.2921516 0.0000000 2.7689517 0.1375015 2.2172863 0.3201579 
n255_266   5.2916952 2.9624637 5.5091398 3.0730386 4.8921268 0.2826311 1.7489532 2.7747359 8.9999988 8.9999986 2.7777438 9.0000000 2.3663288 5.9665427 2.4844359 3.3510396 2.6349816 2.5662783 8.9999983 8.9999987 3.1770271 3.3300403 2.7689517 0.0000000 2.9704025 8.9999987 2.5760158 
n298_309   2.7590737 0.1544288 3.3663316 0.0203103 3.0085953 2.8170766 4.4682440 0.3085795 2.3958140 2.6431218 0.3078104 3.3739390 0.7097641 3.4355845 3.9703238 3.0643342 0.3245463 0.1131136 2.4938897 2.9547054 0.3021453 1.1931466 0.1375015 2.9704025 0.0000000 2.9625016 0.2976882 
n265_276   2.2711348 2.5959355 2.0433333 2.8727650 2.0438603 9.0000000 9.0000000 2.8124351 1.0748512 1.1343071 3.9144735 0.1413854 3.1867336 2.0870552 8.9999981 2.3292079 2.8753164 2.2583237 2.1939529 2.5779172 5.1499908 2.3286603 2.2172863 8.9999987 2.9625016 0.0000000 2.8889421 
n287_298   3.2845453 0.3315660 3.3585580 0.3031870 3.1732238 2.7424931 3.7786141 0.0413467 2.9313687 3.5037125 0.1501107 3.0203355 0.7328415 3.1624449 5.6126597 2.7740869 0.0593457 0.2867614 2.7538015 2.8363294 0.1498241 1.2094390 0.3201579 2.5760158 0.2976882 2.8889421 0.0000000 
