26
n277_278   0.0000000 2.0549697 2.5520453 1.9868965 2.9768842 0.3830734 2.4719532 2.5517165 0.1080427 0.4590131 2.2949473 2.3963096 2.9759271 2.3554786 2.1972915 0.4399153 0.4577606 3.0494320 2.9793334 4.2392722 2.2264168 2.2862973 2.4517383 2.1291193 2.2294119 0.4588658 
n286_287   2.0549697 0.0000000 2.1184974 0.1121224 2.5931159 2.1001696 3.9403422 1.8545103 1.9477697 1.9565838 2.3514832 1.9945510 2.5381932 1.8798444 2.2589793 1.9109990 1.8445724 2.3889572 2.4866557 3.5757595 0.8789978 0.9480540 2.0836682 2.7242407 1.9571530 1.9613196 
n296_297   2.5520453 2.1184974 0.0000000 2.2459489 0.1455275 4.8188940 2.9124531 0.2438148 2.5112239 4.0292822 0.6272859 0.2197163 0.1540286 0.2579460 0.9980987 3.5498003 3.0398975 0.0414270 0.1411663 2.7860773 1.9343846 2.2451064 0.2291720 2.8743055 0.2482836 4.2862633 
n285_286   1.9868965 0.1121224 2.2459489 0.0000000 2.6699939 2.0943721 3.9331933 1.9339913 1.8959766 2.0243290 2.3844099 1.9472398 2.6910467 1.9382469 2.2359504 1.9352316 1.9909364 2.4195063 2.7096767 3.4336106 0.8293756 0.9097271 2.0759070 2.8620706 1.9433054 2.0762733 
n289_290   2.9768842 2.5931159 0.1455275 2.6699939 0.0000000 5.9300933 3.0326500 0.2647899 3.0797879 4.5693922 0.5870559 0.2350693 0.0414602 0.2745850 1.0548217 4.0706587 3.3384250 0.1501979 0.0378942 2.7367097 1.7746918 1.9991375 0.2355689 3.0755253 0.2795857 4.9716530 
n274_275   0.3830734 2.1001696 4.8188940 2.0943721 5.9300933 0.0000000 2.2418608 3.3433306 0.4095827 0.1367025 2.8983716 3.5615645 5.6090430 2.9859059 2.7612289 0.1125676 0.1448671 5.1488364 8.9999986 4.6034430 1.8998340 2.8190358 3.7279986 1.9713454 2.7594551 0.1286077 
n255_256   2.4719532 3.9403422 2.9124531 3.9331933 3.0326500 2.2418608 0.0000000 2.9867336 2.4945459 2.3326566 2.4116703 2.5986326 3.6288085 3.0308430 2.6083448 2.3503988 1.8994118 3.4942397 2.9916576 3.2389717 4.3716931 3.6942882 2.7640467 0.2817470 2.9960438 2.3810878 
n275_276   2.5517165 1.8545103 0.2438148 1.9339913 0.2647899 3.3433306 2.9867336 0.0000000 2.4834871 2.9725625 0.6234506 0.0856126 0.2700936 0.1374424 0.9873682 2.6813739 2.4458922 0.2446438 0.2649677 2.6625630 1.5590445 1.6243602 0.0932995 2.7068569 0.1213845 2.6678209 
n278_279   0.1080427 1.9477697 2.5112239 1.8959766 3.0797879 0.4095827 2.4945459 2.4834871 0.0000000 0.4626089 2.1876395 2.3572501 3.0785540 2.3738680 2.4356054 0.4434994 0.4814042 2.9837094 3.0828816 5.1755048 2.0329423 2.0487652 2.4105335 2.0712833 2.1904421 0.4624614 
n299_300   0.4590131 1.9565838 4.0292822 2.0243290 4.5693922 0.1367025 2.3326566 2.9725625 0.4626089 0.0000000 3.4647009 3.2698042 4.4097113 2.9459358 2.2755581 0.0519797 0.1286372 3.4295932 5.1506575 9.0000000 2.1003407 2.8374521 3.5558030 1.9750396 2.9105980 0.0307115 
n236_237   2.2949473 2.3514832 0.6272859 2.3844099 0.5870559 2.8983716 2.4116703 0.6234506 2.1876395 3.4647009 0.0000000 0.5878351 0.6462836 0.6394268 1.1636641 3.2311132 2.7260292 0.6359843 0.6146846 2.6557248 2.0780461 1.8208136 0.5951799 2.8410726 0.6154759 3.4467394 
n293_294   2.3963096 1.9945510 0.2197163 1.9472398 0.2350693 3.5615645 2.5986326 0.0856126 2.3572501 3.2698042 0.5878351 0.0000000 0.2449029 0.1085708 0.8934222 2.9032593 2.6054623 0.2249152 0.2349442 2.9189674 1.6245645 1.7331336 0.0134742 2.7341105 0.0892847 3.1427612 
n290_291   2.9759271 2.5381932 0.1540286 2.6910467 0.0414602 5.6090430 3.6288085 0.2700936 3.0785540 4.4097113 0.6462836 0.2449029 0.0000000 0.2748186 1.1491230 3.9515770 3.2634524 0.1585193 0.0449828 3.4540548 1.7366167 1.9511862 0.2454262 2.9610766 0.2798242 4.7794986 
n297_298   2.3554786 1.8798444 0.2579460 1.9382469 0.2745850 2.9859059 3.0308430 0.1374424 2.3738680 2.9459358 0.6394268 0.1085708 0.2748186 0.0000000 0.9582483 2.6648445 2.7193432 0.2689998 0.2643808 2.8529842 1.6676345 1.6202121 0.1086687 3.0141408 0.0272993 2.8510314 
n200_201   2.1972915 2.2589793 0.9980987 2.2359504 1.0548217 2.7612289 2.6083448 0.9873682 2.4356054 2.2755581 1.1636641 0.8934222 1.1491230 0.9582483 0.0000000 2.3731968 2.3646044 1.0123996 1.0683086 8.9999985 1.7405642 1.7811987 0.9304046 3.9640236 0.9337098 2.3643235 
n292_293   0.4399153 1.9109990 3.5498003 1.9352316 4.0706587 0.1125676 2.3503988 2.6813739 0.4434994 0.0519797 3.2311132 2.9032593 3.9515770 2.6648445 2.3731968 0.0000000 0.1047710 3.1243304 4.3655781 9.0000000 2.0422876 2.7746825 2.9924285 1.9853774 2.7196214 0.0484468 
n280_281   0.4577606 1.8445724 3.0398975 1.9909364 3.3384250 0.1448671 1.8994118 2.4458922 0.4814042 0.1286372 2.7260292 2.6054623 3.2634524 2.7193432 2.3646044 0.1047710 0.0000000 3.1915230 3.6997300 9.0000000 2.1793589 3.3351181 2.6625789 1.8574611 2.4020650 0.1247658 
n295_296   3.0494320 2.3889572 0.0414270 2.4195063 0.1501979 5.1488364 3.4942397 0.2446438 2.9837094 3.4295932 0.6359843 0.2249152 0.1585193 0.2689998 1.0123996 3.1243304 3.1915230 0.0000000 0.1457884 2.8509990 2.0667226 2.2490222 0.2346907 3.4567649 0.2488306 3.5789800 
n287_288   2.9793334 2.4866557 0.1411663 2.7096767 0.0378942 8.9999986 2.9916576 0.2649677 3.0828816 5.1506575 0.6146846 0.2349442 0.0449828 0.2643808 1.0683086 4.3655781 3.6997300 0.1457884 0.0000000 3.1699110 1.8432578 2.0340812 0.2306762 3.3623753 0.2746294 6.0944281 
n244_245   4.2392722 3.5757595 2.7860773 3.4336106 2.7367097 4.6034430 3.2389717 2.6625630 5.1755048 9.0000000 2.6557248 2.9189674 3.4540548 2.8529842 8.9999985 9.0000000 9.0000000 2.8509990 3.1699110 0.0000000 9.0000000 4.4097453 3.0179789 2.4090469 2.8360856 4.9090493 
n265_266   2.2264168 0.8789978 1.9343846 0.8293756 1.7746918 1.8998340 4.3716931 1.5590445 2.0329423 2.1003407 2.0780461 1.6245645 1.7366167 1.6676345 1.7405642 2.0422876 2.1793589 2.0667226 1.8432578 9.0000000 0.0000000 0.2059209 1.6873474 2.5331828 1.7284352 2.1937937 
n266_267   2.2862973 0.9480540 2.2451064 0.9097271 1.9991375 2.8190358 3.6942882 1.6243602 2.0487652 2.8374521 1.8208136 1.7331336 1.9511862 1.6202121 1.7811987 2.7746825 3.3351181 2.2490222 2.0340812 4.4097453 0.2059209 0.0000000 1.7702209 2.5638631 1.7127230 3.1371562 
n294_295   2.4517383 2.0836682 0.2291720 2.0759070 0.2355689 3.7279986 2.7640467 0.0932995 2.4105335 3.5558030 0.5951799 0.0134742 0.2454262 0.1086687 0.9304046 2.9924285 2.6625789 0.2346907 0.2306762 3.0179789 1.6873474 1.7702209 0.0000000 2.9260569 0.0970034 3.3961001 
n251_252   2.1291193 2.7242407 2.8743055 2.8620706 3.0755253 1.9713454 0.2817470 2.7068569 2.0712833 1.9750396 2.8410726 2.7341105 2.9610766 3.0141408 3.9640236 1.9853774 1.8574611 3.4567649 3.3623753 2.4090469 2.5331828 2.5638631 2.9260569 0.0000000 2.9745777 1.9680142 
n298_299   2.2294119 1.9571530 0.2482836 1.9433054 0.2795857 2.7594551 2.9960438 0.1213845 2.1904421 2.9105980 0.6154759 0.0892847 0.2798242 0.0272993 0.9337098 2.7196214 2.4020650 0.2488306 0.2746294 2.8360856 1.7284352 1.7127230 0.0970034 2.9745777 0.0000000 2.8191342 
n300_301   0.4588658 1.9613196 4.2862633 2.0762733 4.9716530 0.1286077 2.3810878 2.6678209 0.4624614 0.0307115 3.4467394 3.1427612 4.7794986 2.8510314 2.3643235 0.0484468 0.1247658 3.5789800 6.0944281 4.9090493 2.1937937 3.1371562 3.3961001 1.9680142 2.8191342 0.0000000 
