26
n277_278   0.0000000 2.2565123 2.3891097 2.0374486 2.2933827 0.4208239 3.3033323 1.8367707 0.1592629 0.4207650 1.9421215 1.8439155 2.6032196 2.0438857 3.4265383 0.4335570 0.4409743 2.4429811 2.7756129 4.0776142 1.9035520 1.9633126 1.9110546 4.3064154 1.9985504 0.4138060 
n286_287   2.2565123 0.0000000 2.0765262 0.0931052 2.1848208 1.9837974 2.9057527 1.7748717 2.2492814 1.8240633 1.9272063 1.7877442 2.2349394 1.5896410 1.9621004 1.7700375 1.8441942 2.1089572 2.2679289 2.4594867 1.0851000 1.0679161 1.7829674 2.9486978 1.5859348 1.7944185 
n296_297   2.3891097 2.0765262 0.0000000 1.9746457 0.1754788 2.1249545 4.0110010 0.3533504 2.3114305 2.0558726 0.6497227 0.3420689 0.1753605 0.3477829 0.9131058 2.1110979 2.0516364 0.0556214 0.1673620 2.0149117 2.4565608 2.5847852 0.3094771 3.0018848 0.3479927 2.1501088 
n285_286   2.0374486 0.0931052 1.9746457 0.0000000 2.4355090 1.8152818 2.9995452 1.8894590 2.1168201 1.6448318 2.0675042 1.9796313 2.4989299 1.7444959 1.9608495 1.5995859 1.6406018 2.0441530 2.3116554 2.4384396 1.0691071 1.1270337 1.8997277 3.0687167 1.8101479 1.6199805 
n289_290   2.2933827 2.1848208 0.1754788 2.4355090 0.0000000 2.3086563 3.8633954 0.3874949 2.6297220 2.3297723 0.6154929 0.3811988 0.0592992 0.3345950 1.0712118 2.3309785 2.2340235 0.1843128 0.0817235 2.1968456 2.8818156 2.9630732 0.3522809 3.1561456 0.3347947 2.4536569 
n274_275   0.4208239 1.9837974 2.1249545 1.8152818 2.3086563 0.0000000 2.3112136 1.8279680 0.4328302 0.1013957 2.1343623 1.8504634 2.5188725 2.1988657 2.6364767 0.1335147 0.1169946 2.3254728 2.6215559 3.7997577 2.0876711 2.3270541 1.8678009 3.5823729 1.9988184 0.0973603 
n255_256   3.3033323 2.9057527 4.0110010 2.9995452 3.8633954 2.3112136 0.0000000 2.7547840 3.6619385 2.2684708 2.8491294 2.5307081 3.2605931 2.8807751 2.6902057 2.1572647 2.1982054 3.8253809 3.5902427 2.0018306 3.4142191 3.6502536 2.4662810 0.3027882 2.8639702 2.2581197 
n275_276   1.8367707 1.7748717 0.3533504 1.8894590 0.3874949 1.8279680 2.7547840 0.0000000 1.9449800 1.8998559 0.7160100 0.1288175 0.3579590 0.1503427 1.0324653 1.9428527 1.9021849 0.3954301 0.3936804 2.5893727 2.8587116 2.9367355 0.1010444 2.6091562 0.1546286 1.9804768 
n278_279   0.1592629 2.2492814 2.3114305 2.1168201 2.6297220 0.4328302 3.6619385 1.9449800 0.0000000 0.4204914 2.1602057 2.1641010 2.8022067 2.4529734 2.7479980 0.4323428 0.4594695 2.3751317 3.0088720 6.4760884 2.1341238 2.2589867 2.2559292 3.1787211 2.2188499 0.4135398 
n299_300   0.4207650 1.8240633 2.0558726 1.6448318 2.3297723 0.1013957 2.2684708 1.8998559 0.4204914 0.0000000 2.1281225 1.8773435 2.4201793 2.2255195 2.5052653 0.0485743 0.0857244 2.2438721 2.6493723 6.2521416 1.7319998 2.0204993 1.9379278 2.9463553 2.0710824 0.0100910 
n236_237   1.9421215 1.9272063 0.6497227 2.0675042 0.6154929 2.1343623 2.8491294 0.7160100 2.1602057 2.1281225 0.0000000 0.7158897 0.6315333 0.6687184 1.0067093 2.1422195 2.0020197 0.6516320 0.6150681 2.2376469 2.0137183 1.8274326 0.6798443 3.5113562 0.6681621 2.0416568 
n293_294   1.8439155 1.7877442 0.3420689 1.9796313 0.3811988 1.8504634 2.5307081 0.1288175 2.1641010 1.8773435 0.7158897 0.0000000 0.3406556 0.1418651 1.0372772 1.9194845 1.8796024 0.3660282 0.3697452 2.4778750 2.8168903 2.6349720 0.0307291 2.5838527 0.1417895 1.9563272 
n290_291   2.6032196 2.2349394 0.1753605 2.4989299 0.0592992 2.5188725 3.2605931 0.3579590 2.8022067 2.4201793 0.6315333 0.3406556 0.0000000 0.3071381 0.9614926 2.4914024 2.4381355 0.1883802 0.0778489 1.9686929 3.1084366 2.9535987 0.3301435 2.7543022 0.3127902 2.5557490 
n297_298   2.0438857 1.5896410 0.3477829 1.7444959 0.3345950 2.1988657 2.8807751 0.1503427 2.4529734 2.2255195 0.6687184 0.1418651 0.3071381 0.0000000 0.9786644 2.0810522 2.3455772 0.3774746 0.3460548 2.4236662 2.5159001 2.7135349 0.1174645 2.6875806 0.0307752 2.3371788 
n200_201   3.4265383 1.9621004 0.9131058 1.9608495 1.0712118 2.6364767 2.6902057 1.0324653 2.7479980 2.5052653 1.0067093 1.0372772 0.9614926 0.9786644 0.0000000 2.3778259 2.4020602 0.9133485 1.0304044 2.1551984 2.4652960 2.3989482 0.9963732 2.8684771 0.9753442 2.4445282 
n292_293   0.4335570 1.7700375 2.1110979 1.5995859 2.3309785 0.1335147 2.1572647 1.9428527 0.4323428 0.0485743 2.1422195 1.9194845 2.4914024 2.0810522 2.3778259 0.0000000 0.1130973 2.3105943 2.8154175 4.6019141 1.7434726 2.1376807 1.9826205 3.0436074 1.9541980 0.0449236 
n280_281   0.4409743 1.8441942 2.0516364 1.6406018 2.2340235 0.1169946 2.1982054 1.9021849 0.4594695 0.0857244 2.0020197 1.8796024 2.4381355 2.3455772 2.4020602 0.1130973 0.0000000 2.2390583 2.5868918 7.6942729 1.7664120 1.9355919 1.9403907 3.0991795 2.1739026 0.0818104 
n295_296   2.4429811 2.1089572 0.0556214 2.0441530 0.1843128 2.3254728 3.8253809 0.3954301 2.3751317 2.2438721 0.6516320 0.3660282 0.1883802 0.3774746 0.9133485 2.3105943 2.2390583 0.0000000 0.1760464 2.0482379 2.5147600 2.5697071 0.3435591 2.8289670 0.3777060 2.3575112 
n287_288   2.7756129 2.2679289 0.1673620 2.3116554 0.0817235 2.6215559 3.5902427 0.3936804 3.0088720 2.6493723 0.6150681 0.3697452 0.0778489 0.3460548 1.0304044 2.8154175 2.5868918 0.1760464 0.0000000 2.3154186 2.9670277 3.1296979 0.3531423 3.1660926 0.3408486 2.8165148 
n244_245   4.0776142 2.4594867 2.0149117 2.4384396 2.1968456 3.7997577 2.0018306 2.5893727 6.4760884 6.2521416 2.2376469 2.4778750 1.9686929 2.4236662 2.1551984 4.6019141 7.6942729 2.0482379 2.3154186 0.0000000 3.9090968 3.1420224 2.4172454 1.8898459 2.3004602 6.0507766 
n265_266   1.9035520 1.0851000 2.4565608 1.0691071 2.8818156 2.0876711 3.4142191 2.8587116 2.1341238 1.7319998 2.0137183 2.8168903 3.1084366 2.5159001 2.4652960 1.7434726 1.7664120 2.5147600 2.9670277 3.9090968 0.0000000 0.1547474 2.9230861 5.7464922 2.4665648 1.7977096 
n266_267   1.9633126 1.0679161 2.5847852 1.1270337 2.9630732 2.3270541 3.6502536 2.9367355 2.2589867 2.0204993 1.8274326 2.6349720 2.9535987 2.7135349 2.3989482 2.1376807 1.9355919 2.5697071 3.1296979 3.1420224 0.1547474 0.0000000 2.7974042 4.1226407 2.5720626 2.1139080 
n294_295   1.9110546 1.7829674 0.3094771 1.8997277 0.3522809 1.8678009 2.4662810 0.1010444 2.2559292 1.9379278 0.6798443 0.0307291 0.3301435 0.1174645 0.9963732 1.9826205 1.9403907 0.3435591 0.3531423 2.4172454 2.9230861 2.7974042 0.0000000 2.5357466 0.1174029 2.0217967 
n251_252   4.3064154 2.9486978 3.0018848 3.0687167 3.1561456 3.5823729 0.3027882 2.6091562 3.1787211 2.9463553 3.5113562 2.5838527 2.7543022 2.6875806 2.8684771 3.0436074 3.0991795 2.8289670 3.1660926 1.8898459 5.7464922 4.1226407 2.5357466 0.0000000 2.7633199 3.1565001 
n298_299   1.9985504 1.5859348 0.3479927 1.8101479 0.3347947 1.9988184 2.8639702 0.1546286 2.2188499 2.0710824 0.6681621 0.1417895 0.3127902 0.0307752 0.9753442 1.9541980 2.1739026 0.3777060 0.3408486 2.3004602 2.4665648 2.5720626 0.1174029 2.7633199 0.0000000 2.1669054 
n300_301   0.4138060 1.7944185 2.1501088 1.6199805 2.4536569 0.0973603 2.2581197 1.9804768 0.4135398 0.0100910 2.0416568 1.9563272 2.5557490 2.3371788 2.4445282 0.0449236 0.0818104 2.3575112 2.8165148 6.0507766 1.7977096 2.1139080 2.0217967 3.1565001 2.1669054 0.0000000 
