24
n298_299   0.0000000 0.3194801 0.1377659 0.3346972 0.0522618 0.3073780 0.3246248 0.0203397 0.0238015 0.0485786 0.0067069 0.2612270 0.0522868 0.3653458 0.3135881 0.0485902 0.0857989 0.3825654 0.3346971 0.0272865 0.3020390 0.0559375 0.3660916 0.2564270 
n280_281   0.3194801 0.0000000 0.3021433 0.3062994 0.3196971 0.2657444 0.0203032 0.3194639 0.3143723 0.3081089 0.3194538 0.1127560 0.3030072 0.3996837 0.0306692 0.3137846 0.2811688 0.4248143 0.3063019 0.3308266 0.2659008 0.3083920 0.4016588 0.1088729 
n200_201   0.1377659 0.3021433 0.0000000 0.3680385 0.1335661 0.3066335 0.3071557 0.1335934 0.1419928 0.1334502 0.1377563 0.2608621 0.1294615 0.3293466 0.2964388 0.1334832 0.1210573 0.3512196 0.3680345 0.1420054 0.3013123 0.1335861 0.3419148 0.2560712 
n286_287   0.3346972 0.3062994 0.3680385 0.0000000 0.3403011 0.1884079 0.3062499 0.3350825 0.3465071 0.3283595 0.3346694 0.2695967 0.3289030 0.4562052 0.2954807 0.3342009 0.3069018 0.4833251 0.0100480 0.3467013 0.1885137 0.3344812 0.4790894 0.2647633 
n287_288   0.0522618 0.3196971 0.1335661 0.3403011 0.0000000 0.3019685 0.3248452 0.0522694 0.0559287 0.0169162 0.0522584 0.2666472 0.0238526 0.3594104 0.3138008 0.0169201 0.0858053 0.3764831 0.3403004 0.0596186 0.2966731 0.0273393 0.3542736 0.2618055 
n266_267   0.3073780 0.2657444 0.3066335 0.1884079 0.3019685 0.0000000 0.2708098 0.2970009 0.3025368 0.2961780 0.3073531 0.2501287 0.2912270 0.3807559 0.2754275 0.2962572 0.2706798 0.4048128 0.1839272 0.3079371 0.0203223 0.2964988 0.4074327 0.2454205 
n292_293   0.3246248 0.0203032 0.3071557 0.3062499 0.3248452 0.2708098 0.0000000 0.3246084 0.3194863 0.3131698 0.3245980 0.1206550 0.3080374 0.3994658 0.0376609 0.3188864 0.2860476 0.4245788 0.3062524 0.3248391 0.2709707 0.3134574 0.4014387 0.1167325 
n293_294   0.0203397 0.3194639 0.1335934 0.3350825 0.0522694 0.2970009 0.3246084 0.0000000 0.0238048 0.0485856 0.0203385 0.2663881 0.0522945 0.3654451 0.3082656 0.0485972 0.0858124 0.3826725 0.3350823 0.0067136 0.2917387 0.0559457 0.3668977 0.2615513 
n275_276   0.0238015 0.3143723 0.1419928 0.3465071 0.0559287 0.3025368 0.3194863 0.0238048 0.0000000 0.0522183 0.0238001 0.2565658 0.0559556 0.3597624 0.3085264 0.0522308 0.0896768 0.3768539 0.3465057 0.0307961 0.2972297 0.0596292 0.3608476 0.2517923 
n289_290   0.0485786 0.3081089 0.1334502 0.3283595 0.0169162 0.2961780 0.3131698 0.0485856 0.0522183 0.0000000 0.0485755 0.2560367 0.0203647 0.3471638 0.3023367 0.0134832 0.0818817 0.3641383 0.3283600 0.0558805 0.2805126 0.0238264 0.3598326 0.2512750 
n297_298   0.0067069 0.3194538 0.1377563 0.3346694 0.0522584 0.3073531 0.3245980 0.0203385 0.0238001 0.0485755 0.0000000 0.2612066 0.0522835 0.3653144 0.3135625 0.0485871 0.0857933 0.3825321 0.3346692 0.0272848 0.3020147 0.0559339 0.3660601 0.2564071 
n278_279   0.2612270 0.1127560 0.2608621 0.2695967 0.2666472 0.2501287 0.1206550 0.2663881 0.2565658 0.2560367 0.2612066 0.0000000 0.2512883 0.3519777 0.1245618 0.2612498 0.2409893 0.3809868 0.2696018 0.2768312 0.2502744 0.2562700 0.3483833 0.0100590 
n295_296   0.0522868 0.3030072 0.1294615 0.3289030 0.0238526 0.2912270 0.3080374 0.0522945 0.0559556 0.0203647 0.0522835 0.2512883 0.0000000 0.3416352 0.2972807 0.0203695 0.0819691 0.3582638 0.3289034 0.0596473 0.2860183 0.0033471 0.3481500 0.2465551 
n251_252   0.3653458 0.3996837 0.3293466 0.4562052 0.3594104 0.3807559 0.3994658 0.3654451 0.3597624 0.3471638 0.3653144 0.3519777 0.3416352 0.0000000 0.4119593 0.3360465 0.3075742 0.0484175 0.4561864 0.3657169 0.3748062 0.3473399 0.3095840 0.3465316 
n274_275   0.3135881 0.0306692 0.2964388 0.2954807 0.3138008 0.2754275 0.0376609 0.3082656 0.3085264 0.3023367 0.3135625 0.1245618 0.2972807 0.4119593 0.0000000 0.3079537 0.2808679 0.4372544 0.2954841 0.3194221 0.2755903 0.3026140 0.4137533 0.1206218 
n290_291   0.0485902 0.3137846 0.1334832 0.3342009 0.0169201 0.2962572 0.3188864 0.0485972 0.0522308 0.0134832 0.0485871 0.2612498 0.0203695 0.3360465 0.3079537 0.0000000 0.0819015 0.3525461 0.3342008 0.0558939 0.2910131 0.0238320 0.3426908 0.2564503 
n236_237   0.0857989 0.2811688 0.1210573 0.3069018 0.0858053 0.2706798 0.2860476 0.0858124 0.0896768 0.0818817 0.0857933 0.2409893 0.0819691 0.3075742 0.2808679 0.0819015 0.0000000 0.3234678 0.3069043 0.0935831 0.2656261 0.0857937 0.3361017 0.2363300 
n255_256   0.3825654 0.4248143 0.3512196 0.4833251 0.3764831 0.4048128 0.4245788 0.3826725 0.3768539 0.3641383 0.3825321 0.3809868 0.3582638 0.0484175 0.4372544 0.3525461 0.3234678 0.0000000 0.4833004 0.3829619 0.3924484 0.3641011 0.3309969 0.3753203 
n285_286   0.3346971 0.3063019 0.3680345 0.0100480 0.3403004 0.1839272 0.3062524 0.3350823 0.3465057 0.3283600 0.3346692 0.2696018 0.3289034 0.4561864 0.2954841 0.3342008 0.3069043 0.4833004 0.0000000 0.3466999 0.1840302 0.3344811 0.4790656 0.2647687 
n294_295   0.0272865 0.3308266 0.1420054 0.3467013 0.0596186 0.3079371 0.3248391 0.0067136 0.0307961 0.0558805 0.0272848 0.2768312 0.0596473 0.3657169 0.3194221 0.0558939 0.0935831 0.3829619 0.3466999 0.0000000 0.3025849 0.0633443 0.3671718 0.2719197 
n265_266   0.3020390 0.2659008 0.3013123 0.1885137 0.2966731 0.0203223 0.2709707 0.2917387 0.2972297 0.2805126 0.3020147 0.2502744 0.2860183 0.3748062 0.2755903 0.2910131 0.2656261 0.3924484 0.1840302 0.3025849 0.0000000 0.2912496 0.4072805 0.2455631 
n296_297   0.0559375 0.3083920 0.1335861 0.3344812 0.0273393 0.2964988 0.3134574 0.0559457 0.0596292 0.0238264 0.0559339 0.2562700 0.0033471 0.3473399 0.3026140 0.0238320 0.0857937 0.3641011 0.3344811 0.0633443 0.2912496 0.0000000 0.3539182 0.2515040 
n244_245   0.3660916 0.4016588 0.3419148 0.4790894 0.3542736 0.4074327 0.4014387 0.3668977 0.3608476 0.3598326 0.3660601 0.3483833 0.3481500 0.3095840 0.4137533 0.3426908 0.3361017 0.3309969 0.4790656 0.3671718 0.4072805 0.3539182 0.0000000 0.3429377 
n277_278   0.2564270 0.1088729 0.2560712 0.2647633 0.2618055 0.2454205 0.1167325 0.2615513 0.2517923 0.2512750 0.2564071 0.0100590 0.2465551 0.3465316 0.1206218 0.2564503 0.2363300 0.3753203 0.2647687 0.2719197 0.2455631 0.2515040 0.3429377 0.0000000 
