26
n277_278   0.0000000 1.6557684 1.5457706 1.5781685 1.5960528 0.5597891 3.2029870 1.4693625 0.1572555 0.4896290 1.6479560 1.4151424 1.5904419 1.6524192 2.2135776 0.5044579 0.5554987 1.5002711 1.5394065 5.1168111 1.9128454 2.2027829 1.3873879 9.0000000 1.6162412 0.4841450 
n286_287   1.6557684 0.0000000 2.2628825 0.1254334 2.5668423 1.6813916 3.4943070 2.3500948 1.6656799 1.6541724 2.7859196 2.5601303 2.7476004 2.5684567 3.2166582 1.5986221 1.8166880 2.2055534 2.6134576 2.6297368 1.3028800 1.3734216 2.4025272 2.5940679 2.4091874 1.6307093 
n296_297   1.5457706 2.2628825 0.0000000 2.1538455 0.1454609 1.7591736 3.3498105 0.2764761 1.6767940 1.5410661 0.6461344 0.2408994 0.1285001 0.2699535 0.9309749 1.6624195 1.8407216 0.0376678 0.1327090 5.0325879 2.5519369 2.8033966 0.2504293 9.0000000 0.2544423 1.5966890 
n285_286   1.5781685 0.1254334 2.1538455 0.0000000 2.2171290 1.7685453 3.2480577 2.2254349 1.6318830 1.7336381 2.4422960 2.3209057 2.3466200 2.4212082 2.9698444 1.6728149 1.9187430 2.1590110 2.2442790 2.8518479 1.4130396 1.4889267 2.3475931 2.1438498 2.4037878 1.7080442 
n289_290   1.5960528 2.5668423 0.1454609 2.2171290 0.0000000 1.6652297 4.6013605 0.2866509 1.7103511 1.4813090 0.6378606 0.2610043 0.0448221 0.2962128 0.9078494 1.5660250 1.7089977 0.1624401 0.0519408 3.5869318 2.4440767 2.4877156 0.2516465 9.0000000 0.2749714 1.5338463 
n274_275   0.5597891 1.6813916 1.7591736 1.7685453 1.6652297 0.0000000 5.8774922 1.8996896 0.5216224 0.1494852 1.9046870 1.6906460 1.5703895 1.8713980 2.1950178 0.1535394 0.1668943 1.6499979 1.6479164 3.3377238 2.7351212 2.6199731 1.6396411 6.1632292 1.8304261 0.1454879 
n255_256   3.2029870 3.4943070 3.3498105 3.2480577 4.6013605 5.8774922 0.0000000 3.0578681 3.5761678 5.4297709 2.5600834 8.9999987 4.4391183 3.0355695 2.8252699 5.4346068 9.0000000 3.0417607 3.9229453 2.0766656 2.3599420 2.1584940 8.9999983 0.3361334 3.1461018 5.1389304 
n275_276   1.4693625 2.3500948 0.2764761 2.2254349 0.2866509 1.8996896 3.0578681 0.0000000 1.8576032 1.6808961 0.6306081 0.1552243 0.2809102 0.1851386 1.0176901 1.7886072 1.9555931 0.2765208 0.2754582 3.3368223 2.3243372 2.5843054 0.1636803 8.9999986 0.1545709 1.7123459 
n278_279   0.1572555 1.6656799 1.6767940 1.6318830 1.7103511 0.5216224 3.5761678 1.8576032 0.0000000 0.4737936 1.7712960 1.4805930 1.6717513 1.8103566 1.6997288 0.4944641 0.5313620 1.6227603 1.6146431 9.0000000 2.1809147 2.2701454 1.4772665 9.0000000 1.7675861 0.4684153 
n299_300   0.4896290 1.6541724 1.5410661 1.7336381 1.4813090 0.1494852 5.4297709 1.6808961 0.4737936 0.0000000 1.7907148 1.4379123 1.4727530 1.6569617 2.3368419 0.0378517 0.0818932 1.4464254 1.5257076 3.2406676 2.7962477 2.7661947 1.4616202 8.3987920 1.5901994 0.0169326 
n236_237   1.6479560 2.7859196 0.6461344 2.4422960 0.6378606 1.9046870 2.5600834 0.6306081 1.7712960 1.7907148 0.0000000 0.6327847 0.6527817 0.6492228 0.8832149 1.8695598 1.8234605 0.6469082 0.6692065 2.8035811 2.7035145 2.7001154 0.6945823 4.3046031 0.6146815 1.8280269 
n293_294   1.4151424 2.5601303 0.2408994 2.3209057 0.2610043 1.6906460 8.9999987 0.1552243 1.4805930 1.4379123 0.6327847 0.0000000 0.2653161 0.1759768 0.9613788 1.5188502 1.6406408 0.2363955 0.2497004 9.0000000 2.5821566 2.8137528 0.0633411 9.0000000 0.1629388 1.4622254 
n290_291   1.5904419 2.7476004 0.1285001 2.3466200 0.0448221 1.5703895 4.4391183 0.2809102 1.6717513 1.4727530 0.6527817 0.2653161 0.0000000 0.2898292 0.9024176 1.5565990 1.6980676 0.1449870 0.0482578 3.5819573 2.3609557 2.4167892 0.2559241 9.0000000 0.2691589 1.5247798 
n297_298   1.6524192 2.5684567 0.2699535 2.4212082 0.2962128 1.8713980 3.0355695 0.1851386 1.8103566 1.6569617 0.6492228 0.1759768 0.2898292 0.0000000 0.9079924 1.7291027 1.9722199 0.2599875 0.2795174 9.0000000 3.2972866 4.5636104 0.1849997 9.0000000 0.0378430 1.6877546 
n200_201   2.2135776 3.2166582 0.9309749 2.9698444 0.9078494 2.1950178 2.8252699 1.0176901 1.6997288 2.3368419 0.8832149 0.9613788 0.9024176 0.9079924 0.0000000 2.6309254 2.5575838 0.8728833 0.9146629 3.2357077 4.2047592 3.0823527 1.0459943 2.9807121 0.8978323 2.4658293 
n292_293   0.5044579 1.5986221 1.6624195 1.6728149 1.5660250 0.1535394 5.4346068 1.7886072 0.4944641 0.0378517 1.8695598 1.5188502 1.5565990 1.7291027 2.6309254 0.0000000 0.0934618 1.5549444 1.5835707 3.5956791 2.7858343 2.8372186 1.5153525 7.9053421 1.6568823 0.0414306 
n280_281   0.5554987 1.8166880 1.8407216 1.9187430 1.7089977 0.1668943 9.0000000 1.9555931 0.5313620 0.0818932 1.8234605 1.6406408 1.6980676 1.9722199 2.5575838 0.0934618 0.0000000 1.7769060 1.7907331 4.3872846 2.9889025 2.9389394 1.5968218 8.5123878 1.8804888 0.0858175 
n295_296   1.5002711 2.2055534 0.0376678 2.1590110 0.1624401 1.6499979 3.0417607 0.2765208 1.6227603 1.4464254 0.6469082 0.2363955 0.1449870 0.2599875 0.8728833 1.5549444 1.7769060 0.0000000 0.1493202 5.0948160 2.4691259 2.6988604 0.2457646 9.0000000 0.2447143 1.4965524 
n287_288   1.5394065 2.6134576 0.1327090 2.2442790 0.0519408 1.6479164 3.9229453 0.2754582 1.6146431 1.5257076 0.6692065 0.2497004 0.0482578 0.2795174 0.9146629 1.5835707 1.7907331 0.1493202 0.0000000 3.4886651 2.3087007 2.4800214 0.2453383 9.0000000 0.2588665 1.5812157 
n244_245   5.1168111 2.6297368 5.0325879 2.8518479 3.5869318 3.3377238 2.0766656 3.3368223 9.0000000 3.2406676 2.8035811 9.0000000 3.5819573 9.0000000 3.2357077 3.5956791 4.3872846 5.0948160 3.4886651 0.0000000 2.8056046 3.0353223 9.0000000 2.3013425 9.0000000 3.2839580 
n265_266   1.9128454 1.3028800 2.5519369 1.4130396 2.4440767 2.7351212 2.3599420 2.3243372 2.1809147 2.7962477 2.7035145 2.5821566 2.3609557 3.2972866 4.2047592 2.7858343 2.9889025 2.4691259 2.3087007 2.8056046 0.0000000 0.1700353 2.4543090 2.3163191 2.9074996 2.4875558 
n266_267   2.2027829 1.3734216 2.8033966 1.4889267 2.4877156 2.6199731 2.1584940 2.5843054 2.2701454 2.7661947 2.7001154 2.8137528 2.4167892 4.5636104 3.0823527 2.8372186 2.9389394 2.6988604 2.4800214 3.0353223 0.1700353 0.0000000 2.8338131 2.1334077 3.6805658 2.6974060 
n294_295   1.3873879 2.4025272 0.2504293 2.3475931 0.2516465 1.6396411 8.9999983 0.1636803 1.4772665 1.4616202 0.6945823 0.0633411 0.2559241 0.1849997 1.0459943 1.5153525 1.5968218 0.2457646 0.2453383 9.0000000 2.4543090 2.8338131 0.0000000 9.0000000 0.1585266 1.4865416 
n251_252   9.0000000 2.5940679 9.0000000 2.1438498 9.0000000 6.1632292 0.3361334 8.9999986 9.0000000 8.3987920 4.3046031 9.0000000 9.0000000 9.0000000 2.9807121 7.9053421 8.5123878 9.0000000 9.0000000 2.3013425 2.3163191 2.1334077 9.0000000 0.0000000 9.0000000 7.0387247 
n298_299   1.6162412 2.4091874 0.2544423 2.4037878 0.2749714 1.8304261 3.1461018 0.1545709 1.7675861 1.5901994 0.6146815 0.1629388 0.2691589 0.0378430 0.8978323 1.6568823 1.8804888 0.2447143 0.2588665 9.0000000 2.9074996 3.6805658 0.1585266 9.0000000 0.0000000 1.6188621 
n300_301   0.4841450 1.6307093 1.5966890 1.7080442 1.5338463 0.1454879 5.1389304 1.7123459 0.4684153 0.0169326 1.8280269 1.4622254 1.5247798 1.6877546 2.4658293 0.0414306 0.0858175 1.4965524 1.5812157 3.2839580 2.4875558 2.6974060 1.4865416 7.0387247 1.6188621 0.0000000 
