22
n298_299   0.0000000 0.2691109 0.1460067 0.3005166 0.0557260 0.2690044 0.2794816 0.0237983 0.0169012 0.0557776 0.2739418 0.0520743 0.3966122 0.2691396 0.0593584 0.1048556 0.4395433 0.2846270 0.2744197 0.2789804 0.3497992 0.2638245 
n280_281   0.2691109 0.0000000 0.2790176 0.2834842 0.2739742 0.2483628 0.0202894 0.2539042 0.2590066 0.2739068 0.0703148 0.2687870 0.4196204 0.0237536 0.2789754 0.2741651 0.4570592 0.2680482 0.0168648 0.2483747 0.3491798 0.0629165 
n200_201   0.1460067 0.2790176 0.0000000 0.2544954 0.1377442 0.2488805 0.2895403 0.1375392 0.1334808 0.1378780 0.2788762 0.1376405 0.3843499 0.2844568 0.1418631 0.1627566 0.4197292 0.2442639 0.2844077 0.2585609 0.3787270 0.2840144 
n286_287   0.3005166 0.2834842 0.2544954 0.0000000 0.3057588 0.1125822 0.2836867 0.2744389 0.2847488 0.3060828 0.2778139 0.2953261 0.3791005 0.2836737 0.3110020 0.3109794 0.4082448 0.0100910 0.2786061 0.1125824 0.3607318 0.2729639 
n287_288   0.0557260 0.2739742 0.1377442 0.3057588 0.0000000 0.2739747 0.2844160 0.0484475 0.0448840 0.0033463 0.2739981 0.0168963 0.4213954 0.2793692 0.0033448 0.1207158 0.4593585 0.2950369 0.2793211 0.2789924 0.3674968 0.2737659 
n266_267   0.2690044 0.2483628 0.2488805 0.1125822 0.2739747 0.0000000 0.2580596 0.2542347 0.2539746 0.2742596 0.2526083 0.2689916 0.3433536 0.2530309 0.2789768 0.2789903 0.3771876 0.1046390 0.2531714 0.0134533 0.3428930 0.2428485 
n292_293   0.2794816 0.0202894 0.2895403 0.2836867 0.2844160 0.2580596 0.0000000 0.2640233 0.2692119 0.2843455 0.0629677 0.2791420 0.4327312 0.0237665 0.2894965 0.2846172 0.4709117 0.2682365 0.0033383 0.2580714 0.3668462 0.0556494 
n293_294   0.0237983 0.2539042 0.1375392 0.2744389 0.0484475 0.2542347 0.2640233 0.0000000 0.0134851 0.0484922 0.2638263 0.0448418 0.3970951 0.2641836 0.0520379 0.1009419 0.4334718 0.2643836 0.2590789 0.2640055 0.3444377 0.2538628 
n275_276   0.0169012 0.2590066 0.1334808 0.2847488 0.0448840 0.2539746 0.2692119 0.0134851 0.0000000 0.0449254 0.2635552 0.0412981 0.3966553 0.2590342 0.0484571 0.0931466 0.4395990 0.2692340 0.2642272 0.2637341 0.3329484 0.2536034 
n289_290   0.0557776 0.2739068 0.1378780 0.3060828 0.0033463 0.2742596 0.2843455 0.0484922 0.0449254 0.0000000 0.2739307 0.0169116 0.4218720 0.2793002 0.0067084 0.1208315 0.4598889 0.2953474 0.2792521 0.2792832 0.3679002 0.2736986 
n278_279   0.2739418 0.0703148 0.2788762 0.2778139 0.2739981 0.2526083 0.0629677 0.2638263 0.2635552 0.2739307 0.0000000 0.2688092 0.4136282 0.0666243 0.2790009 0.2788270 0.4575605 0.2625295 0.0666563 0.2526202 0.3605980 0.0202872 
n295_296   0.0520743 0.2687870 0.1376405 0.2953261 0.0168963 0.2689916 0.2791420 0.0448418 0.0412981 0.0169116 0.2688092 0.0000000 0.3965714 0.2741346 0.0203244 0.1087720 0.4331975 0.2795594 0.2740876 0.2789660 0.3558731 0.2685828 
n251_252   0.3966122 0.4196204 0.3843499 0.3791005 0.4213954 0.3433536 0.4327312 0.3970951 0.3966553 0.4218720 0.4136282 0.3965714 0.0000000 0.4261429 0.4275816 0.3843555 0.0412459 0.3668979 0.4264214 0.3544486 0.3059403 0.4011930 
n274_275   0.2691396 0.0237536 0.2844568 0.2836737 0.2793692 0.2530309 0.0237665 0.2641836 0.2590342 0.2793002 0.0666243 0.2741346 0.4261429 0.0000000 0.2844137 0.2741944 0.4645963 0.2682255 0.0203192 0.2530428 0.3608789 0.0592670 
n290_291   0.0593584 0.2789754 0.1418631 0.3110020 0.0033448 0.2789768 0.2894965 0.0520379 0.0484571 0.0067084 0.2790009 0.0203244 0.4275816 0.2844137 0.0000000 0.1247140 0.4658783 0.3001978 0.2843646 0.2840297 0.3732298 0.2787632 
n236_237   0.1048556 0.2741651 0.1627566 0.3109794 0.1207158 0.2789903 0.2846172 0.1009419 0.0931466 0.1208315 0.2788270 0.1087720 0.3843555 0.2741944 0.1247140 0.0000000 0.4265149 0.2948477 0.2795173 0.2891058 0.3388442 0.2686410 
n255_256   0.4395433 0.4570592 0.4197292 0.4082448 0.4593585 0.3771876 0.4709117 0.4334718 0.4395990 0.4598889 0.4575605 0.4331975 0.0412459 0.4645963 0.4658783 0.4265149 0.0000000 0.3955187 0.4642589 0.3888134 0.3378814 0.4443189 
n285_286   0.2846270 0.2680482 0.2442639 0.0100910 0.2950369 0.1046390 0.2682365 0.2643836 0.2692340 0.2953474 0.2625295 0.2795594 0.3668979 0.2682255 0.3001978 0.2948477 0.3955187 0.0000000 0.2632725 0.1046394 0.3433818 0.2577831 
n300_301   0.2744197 0.0168648 0.2844077 0.2786061 0.2793211 0.2531714 0.0033383 0.2590789 0.2642272 0.2792521 0.0666563 0.2740876 0.4264214 0.0203192 0.2843646 0.2795173 0.4642589 0.2632725 0.0000000 0.2531833 0.3611006 0.0592954 
n265_266   0.2789804 0.2483747 0.2585609 0.1125824 0.2789924 0.0134533 0.2580714 0.2640055 0.2637341 0.2792832 0.2526202 0.2789660 0.3544486 0.2530428 0.2840297 0.2891058 0.3888134 0.1046394 0.2531833 0.0000000 0.3429009 0.2428605 
n244_245   0.3497992 0.3491798 0.3787270 0.3607318 0.3674968 0.3428930 0.3668462 0.3444377 0.3329484 0.3679002 0.3605980 0.3558731 0.3059403 0.3608789 0.3732298 0.3388442 0.3378814 0.3433818 0.3611006 0.3429009 0.0000000 0.3379027 
n277_278   0.2638245 0.0629165 0.2840144 0.2729639 0.2737659 0.2428485 0.0556494 0.2538628 0.2536034 0.2736986 0.0202872 0.2685828 0.4011930 0.0592670 0.2787632 0.2686410 0.4443189 0.2577831 0.0592954 0.2428605 0.3379027 0.0000000 
