26
n277_278   0.0000000 1.9367399 1.7309047 2.0458075 1.6561617 0.4039875 1.6463280 1.5248286 0.1008042 0.4341530 1.5760405 1.5530611 1.6560204 1.6400116 1.4525377 0.4223344 0.4030523 1.6763917 1.8084188 2.8908194 1.6144969 1.6518588 1.5167916 2.3201884 1.6082067 0.4347382 
n286_287   1.9367399 0.0000000 1.7384043 0.0894619 1.7286326 1.7088771 2.3203355 1.6171055 1.9317135 1.7068627 1.9896590 1.6705724 1.7590842 1.6975785 2.3796669 1.6674250 1.5853598 1.6406339 1.9213230 3.5057652 1.2315457 1.3124126 1.6851488 2.8529141 1.7308638 1.6631769 
n296_297   1.7309047 1.7384043 0.0000000 1.6285149 0.1413897 1.4455099 2.5205670 0.3584614 1.6315327 1.4113255 0.6387710 0.3297789 0.1583336 0.3624202 1.1231969 1.3647262 1.3954783 0.0307442 0.1631117 2.2277269 2.1608903 2.2085800 0.3308779 2.3700447 0.3469780 1.4563724 
n285_286   2.0458075 0.0894619 1.6285149 0.0000000 1.6483063 1.7720539 2.3737711 1.5144291 2.0352432 1.7753923 2.1862510 1.5851304 1.6501900 1.5409775 2.0454698 1.7323097 1.7189697 1.5355175 1.8567531 3.0347682 1.2187997 1.3008947 1.6144947 3.1234154 1.5691156 1.7276246 
n289_290   1.6561617 1.7286326 0.1413897 1.6483063 0.0000000 1.3555556 2.2807711 0.3716569 1.6074187 1.4217578 0.6302413 0.3421518 0.0378995 0.3645470 1.2296181 1.3744109 1.3863689 0.1415855 0.0595909 2.3306053 2.0074845 2.0493774 0.3432274 2.2017430 0.3543829 1.4675373 
n274_275   0.4039875 1.7088771 1.4455099 1.7720539 1.3555556 0.0000000 2.0501179 1.5800905 0.3920969 0.0665658 1.3133751 1.4637062 1.3252511 1.5754042 1.4286558 0.0592976 0.0702711 1.4288666 1.4503366 2.0550915 1.8876850 1.7110167 1.5656010 2.2994104 1.4729533 0.0666335 
n255_256   1.6463280 2.3203355 2.5205670 2.3737711 2.2807711 2.0501179 0.0000000 2.5008220 1.7908393 2.0497638 2.7061589 2.1001612 2.2742480 2.4060345 2.4670834 2.0379008 1.9461037 2.4991325 2.6327861 2.1851154 1.4694223 1.6489790 2.1160139 0.2947399 2.2877855 2.0464290 
n275_276   1.5248286 1.6171055 0.3584614 1.5144291 0.3716569 1.5800905 2.5008220 0.0000000 1.4997994 1.6292088 0.6252885 0.1292059 0.3773632 0.1616081 1.1028902 1.5236698 1.5194101 0.3478318 0.4128250 2.6749967 1.9426080 2.0148738 0.1217554 3.5097609 0.1581475 1.6345319 
n278_279   0.1008042 1.9317135 1.6315327 2.0352432 1.6074187 0.3920969 1.7908393 1.4997994 0.0000000 0.3844785 1.5104388 1.4133844 1.6065772 1.6047225 1.3898911 0.3734191 0.3723431 1.5819286 1.7129035 2.5094265 1.8932405 1.9594702 1.4323029 2.2883341 1.6304443 0.3849763 
n299_300   0.4341530 1.7068627 1.4113255 1.7753923 1.4217578 0.0665658 2.0497638 1.6292088 0.3844785 0.0000000 1.3684863 1.4888181 1.3565243 1.6241927 1.4147135 0.0168087 0.0737990 1.4379393 1.4809917 2.0409197 1.9742827 1.9764565 1.5943537 2.1697276 1.5164231 0.0134331 
n236_237   1.5760405 1.9896590 0.6387710 2.1862510 0.6302413 1.3133751 2.7061589 0.6252885 1.5104388 1.3684863 0.0000000 0.6161169 0.6302152 0.6744631 1.2332369 1.3319663 1.3810429 0.6227561 0.7021070 2.7495125 1.5744104 1.5143596 0.6251466 2.4386808 0.6328589 1.3118246 
n293_294   1.5530611 1.6705724 0.3297789 1.5851304 0.3421518 1.4637062 2.1001612 0.1292059 1.4133844 1.4888181 0.6161169 0.0000000 0.3423606 0.1790699 1.0717298 1.4621720 1.4310911 0.3249764 0.3694947 2.6192819 1.8017649 2.0195667 0.0486284 3.1378951 0.1666847 1.5383763 
n290_291   1.6560204 1.7590842 0.1583336 1.6501900 0.0378995 1.3252511 2.2742480 0.3773632 1.6065772 1.3565243 0.6302152 0.3423606 0.0000000 0.3582326 1.2118011 1.3126427 1.3239445 0.1585551 0.0782079 2.2777796 1.9362597 2.1026294 0.3373827 2.1097080 0.3481565 1.3989715 
n297_298   1.6400116 1.6975785 0.3624202 1.5409775 0.3645470 1.5754042 2.4060345 0.1616081 1.6047225 1.6241927 0.6744631 0.1790699 0.3582326 0.0000000 1.2351244 1.5651936 1.6164469 0.3517772 0.4051743 2.3216123 1.9345090 2.0595920 0.1581020 3.2505380 0.0343504 1.6544683 
n200_201   1.4525377 2.3796669 1.1231969 2.0454698 1.2296181 1.4286558 2.4670834 1.1028902 1.3898911 1.4147135 1.2332369 1.0717298 1.2118011 1.2351244 0.0000000 1.3767905 1.3666925 1.1266762 1.2481748 2.7073395 1.9742935 2.2462320 1.0925681 2.4379885 1.2193379 1.3496964 
n292_293   0.4223344 1.6674250 1.3647262 1.7323097 1.3744109 0.0592976 2.0379008 1.5236698 0.3734191 0.0168087 1.3319663 1.4621720 1.3126427 1.5651936 1.3767905 0.0000000 0.0701122 1.3898651 1.4304538 2.0049543 2.0703112 2.1116104 1.5643850 2.1728871 1.4641259 0.0168251 
n280_281   0.4030523 1.5853598 1.3954783 1.7189697 1.3863689 0.0702711 1.9461037 1.5194101 0.3723431 0.0737990 1.3810429 1.4310911 1.3239445 1.6164469 1.3666925 0.0701122 0.0000000 1.3797411 1.4426958 2.1495338 1.9099514 1.7335214 1.5599146 2.1803320 1.5386756 0.0738743 
n295_296   1.6763917 1.6406339 0.0307442 1.5355175 0.1415855 1.4288666 2.4991325 0.3478318 1.5819286 1.4379393 0.6227561 0.3249764 0.1585551 0.3517772 1.1266762 1.3898651 1.3797411 0.0000000 0.1718408 2.4500806 2.0201060 2.1500612 0.3259887 2.5796624 0.3365151 1.4844061 
n287_288   1.8084188 1.9213230 0.1631117 1.8567531 0.0595909 1.4503366 2.6327861 0.4128250 1.7129035 1.4809917 0.7021070 0.3694947 0.0782079 0.4051743 1.2481748 1.4304538 1.4426958 0.1718408 0.0000000 2.4821782 2.2085387 2.3079462 0.3651544 2.7154853 0.4005912 1.5298294 
n244_245   2.8908194 3.5057652 2.2277269 3.0347682 2.3306053 2.0550915 2.1851154 2.6749967 2.5094265 2.0409197 2.7495125 2.6192819 2.2777796 2.3216123 2.7073395 2.0049543 2.1495338 2.4500806 2.4821782 0.0000000 2.2520088 2.7263272 2.5180931 2.3985982 2.4233108 2.0650054 
n265_266   1.6144969 1.2315457 2.1608903 1.2187997 2.0074845 1.8876850 1.4694223 1.9426080 1.8932405 1.9742827 1.5744104 1.8017649 1.9362597 1.9345090 1.9742935 2.0703112 1.9099514 2.0201060 2.2085387 2.2520088 0.0000000 0.1324159 1.7785935 1.8515499 1.8890637 2.0277170 
n266_267   1.6518588 1.3124126 2.2085800 1.3008947 2.0493774 1.7110167 1.6489790 2.0148738 1.9594702 1.9764565 1.5143596 2.0195667 2.1026294 2.0595920 2.2462320 2.1116104 1.7335214 2.1500612 2.3079462 2.7263272 0.1324159 0.0000000 1.9911376 1.8388500 1.9358741 2.0673758 
n294_295   1.5167916 1.6851488 0.3308779 1.6144947 0.3432274 1.5656010 2.1160139 0.1217554 1.4323029 1.5943537 0.6251466 0.0486284 0.3373827 0.1581020 1.0925681 1.5643850 1.5599146 0.3259887 0.3651544 2.5180931 1.7785935 1.9911376 0.0000000 3.3858789 0.1501108 1.6500730 
n251_252   2.3201884 2.8529141 2.3700447 3.1234154 2.2017430 2.2994104 0.2947399 3.5097609 2.2883341 2.1697276 2.4386808 3.1378951 2.1097080 3.2505380 2.4379885 2.1728871 2.1803320 2.5796624 2.7154853 2.3985982 1.8515499 1.8388500 3.3858789 0.0000000 3.1172983 2.2279655 
n298_299   1.6082067 1.7308638 0.3469780 1.5691156 0.3543829 1.4729533 2.2877855 0.1581475 1.6304443 1.5164231 0.6328589 0.1666847 0.3481565 0.0343504 1.2193379 1.4641259 1.5386756 0.3365151 0.4005912 2.4233108 1.8890637 1.9358741 0.1501108 3.1172983 0.0000000 1.5432319 
n300_301   0.4347382 1.6631769 1.4563724 1.7276246 1.4675373 0.0666335 2.0464290 1.6345319 0.3849763 0.0134331 1.3118246 1.5383763 1.3989715 1.6544683 1.3496964 0.0168251 0.0738743 1.4844061 1.5298294 2.0650054 2.0277170 2.0673758 1.6500730 2.2279655 1.5432319 0.0000000 
