25
n289_290   0.0000000 0.0376531 0.0202142 0.2797194 0.3387389 0.0447084 0.0134343 0.3284122 0.4412541 0.0482856 0.3013892 0.0202127 0.4704729 0.3186680 0.0134227 0.1451333 0.3072204 0.0411910 0.1130831 0.3281180 0.3090740 0.0411912 0.4277035 0.3443328 0.3140913 
n294_295   0.0376531 0.0000000 0.0376416 0.2544437 0.3226638 0.0066654 0.0376982 0.3125415 0.4158656 0.0100259 0.2752404 0.0376390 0.4434540 0.3029705 0.0376652 0.1245337 0.2917935 0.0033267 0.0933025 0.3116049 0.2935476 0.0066672 0.4028278 0.3281357 0.2984647 
n295_296   0.0202142 0.0376416 0.0000000 0.2849912 0.3445149 0.0446947 0.0202383 0.3341058 0.4479966 0.0482709 0.3068526 0.0066663 0.4769933 0.3242910 0.0202207 0.1450905 0.3127366 0.0411784 0.1130491 0.3338065 0.3145614 0.0411786 0.4279989 0.3501576 0.3196172 
n266_267   0.2797194 0.2544437 0.2849912 0.0000000 0.1894568 0.2641390 0.2750661 0.1899540 0.3060024 0.2691412 0.0237974 0.2850023 0.3564534 0.1989727 0.2802191 0.2644887 0.1809850 0.2594175 0.2862860 0.1804399 0.1049086 0.2594046 0.3002098 0.1939573 0.1087507 
n299_300   0.3387389 0.3226638 0.3445149 0.1894568 0.0000000 0.3333702 0.3337288 0.0239261 0.3929861 0.3281750 0.2126891 0.3445420 0.4441636 0.0633962 0.3393583 0.3110600 0.0487579 0.3281889 0.3461175 0.0135338 0.2119919 0.3281648 0.3865430 0.0033557 0.2164304 
n298_299   0.0447084 0.0066654 0.0446947 0.2641390 0.3333702 0.0000000 0.0447620 0.3231107 0.4152498 0.0167855 0.2852497 0.0446917 0.4427853 0.3134234 0.0447227 0.1325508 0.3020652 0.0033229 0.1009872 0.3221372 0.3037542 0.0133946 0.4022367 0.3389241 0.3087354 
n290_291   0.0134343 0.0376982 0.0202383 0.2750661 0.3337288 0.0447620 0.0000000 0.3234593 0.4355529 0.0483436 0.2965990 0.0202368 0.4509801 0.3137629 0.0134386 0.1453199 0.3023923 0.0412403 0.1132262 0.3231692 0.3042735 0.0412405 0.4221071 0.3392883 0.3041890 
n274_275   0.3284122 0.3125415 0.3341058 0.1899540 0.0239261 0.3231107 0.3234593 0.0000000 0.4001740 0.3285658 0.2132539 0.3341297 0.4386869 0.0635543 0.3290112 0.3011107 0.0488788 0.3179911 0.3415110 0.0239340 0.2216872 0.3179689 0.4000425 0.0274195 0.2261882 
n251_252   0.4412541 0.4158656 0.4479966 0.3060024 0.3929861 0.4152498 0.4355529 0.4001740 0.0000000 0.4221036 0.3166762 0.4480699 0.3808517 0.3830029 0.4420948 0.4043440 0.3657154 0.4094934 0.4308029 0.3809667 0.3330044 0.4221589 0.0344489 0.3990381 0.3382048 
n293_294   0.0482856 0.0100259 0.0482709 0.2691412 0.3281750 0.0167855 0.0483436 0.3285658 0.4221036 0.0000000 0.2904157 0.0482677 0.4499486 0.3134641 0.0483010 0.1366570 0.3021066 0.0134040 0.1049108 0.3275731 0.2987946 0.0167899 0.4089446 0.3336903 0.3037460 
n265_266   0.3013892 0.2752404 0.3068526 0.0237974 0.2126891 0.2852497 0.2965990 0.2132539 0.3166762 0.2904157 0.0000000 0.3068689 0.3738902 0.2226019 0.3019334 0.2801133 0.2039435 0.2803848 0.2974516 0.2033258 0.1171331 0.2803689 0.3107830 0.2173558 0.1210481 
n296_297   0.0202127 0.0376390 0.0066663 0.2850023 0.3445420 0.0446917 0.0202368 0.3341297 0.4480699 0.0482677 0.3068689 0.0000000 0.4770846 0.3243120 0.0202192 0.1450858 0.3127543 0.0411756 0.1130440 0.3338303 0.3145795 0.0411758 0.4280611 0.3501866 0.3196366 
n244_245   0.4704729 0.4434540 0.4769933 0.3564534 0.4441636 0.4427853 0.4509801 0.4386869 0.3808517 0.4499486 0.3738902 0.4770846 0.0000000 0.4260697 0.4706016 0.4294510 0.4132069 0.4368076 0.4637523 0.4309036 0.3794913 0.4436672 0.3687316 0.4506644 0.3793823 
n278_279   0.3186680 0.3029705 0.3242910 0.1989727 0.0633962 0.3134234 0.3137629 0.0635543 0.3830029 0.3134641 0.2226019 0.3243120 0.4260697 0.0000000 0.3192485 0.2916886 0.0136022 0.3083558 0.3200880 0.0634169 0.2165059 0.3083353 0.3822112 0.0671109 0.2209675 
n287_288   0.0134227 0.0376652 0.0202207 0.2802191 0.3393583 0.0447227 0.0134386 0.3290112 0.4420948 0.0483010 0.3019334 0.0202192 0.4706016 0.3192485 0.0000000 0.1409151 0.3077767 0.0412041 0.1131194 0.3287161 0.3096294 0.0412044 0.4285128 0.3449638 0.3146564 
n200_201   0.1451333 0.1245337 0.1450905 0.2644887 0.3110600 0.1325508 0.1453199 0.3011107 0.4043440 0.1366570 0.2801133 0.1450858 0.4294510 0.2916886 0.1409151 0.0000000 0.2807336 0.1285941 0.1457370 0.3002151 0.3001705 0.1285924 0.3922030 0.3060460 0.3051470 
n277_278   0.3072204 0.2917935 0.3127366 0.1809850 0.0487579 0.3020652 0.3023923 0.0488788 0.3657154 0.3021066 0.2039435 0.3127543 0.4132069 0.0136022 0.3077767 0.2807336 0.0000000 0.2970804 0.3085830 0.0487739 0.2074345 0.2970618 0.3649690 0.0523886 0.2118458 
n297_298   0.0411910 0.0033267 0.0411784 0.2594175 0.3281889 0.0033229 0.0412403 0.3179911 0.4094934 0.0134040 0.2803848 0.0411756 0.4368076 0.3083558 0.0412041 0.1285941 0.2970804 0.0000000 0.0971812 0.3170351 0.2988018 0.0100278 0.3965845 0.3337056 0.3037542 
n236_237   0.1130831 0.0933025 0.1130491 0.2862860 0.3461175 0.1009872 0.1132262 0.3415110 0.4308029 0.1049108 0.2974516 0.1130440 0.4637523 0.3200880 0.1131194 0.1457370 0.3085830 0.0971812 0.0000000 0.3406583 0.3159848 0.0971806 0.4243339 0.3517880 0.3210637 
n280_281   0.3281180 0.3116049 0.3338065 0.1804399 0.0135338 0.3221372 0.3231692 0.0239340 0.3809667 0.3275731 0.2033258 0.3338303 0.4309036 0.0634169 0.3287161 0.3002151 0.0487739 0.3170351 0.3406583 0.0000000 0.2116488 0.3170131 0.3746386 0.0169633 0.2160787 
n285_286   0.3090740 0.2935476 0.3145614 0.1049086 0.2119919 0.3037542 0.3042735 0.2216872 0.3330044 0.2987946 0.1171331 0.3145795 0.3794913 0.2165059 0.3096294 0.3001705 0.2074345 0.2988018 0.3159848 0.2116488 0.0000000 0.2987831 0.3274296 0.2166405 0.0033408 
n275_276   0.0411912 0.0066672 0.0411786 0.2594046 0.3281648 0.0133946 0.0412405 0.3179689 0.4221589 0.0167899 0.2803689 0.0411758 0.4436672 0.3083353 0.0412044 0.1285924 0.2970618 0.0100278 0.0971806 0.3170131 0.2987831 0.0000000 0.4089955 0.3336804 0.3037347 
n255_256   0.4277035 0.4028278 0.4279989 0.3002098 0.3865430 0.4022367 0.4221071 0.4000425 0.0344489 0.4089446 0.3107830 0.4280611 0.3687316 0.3822112 0.4285128 0.3922030 0.3649690 0.3965845 0.4243339 0.3746386 0.3274296 0.4089955 0.0000000 0.3866507 0.3325909 
n292_293   0.3443328 0.3281357 0.3501576 0.1939573 0.0033557 0.3389241 0.3392883 0.0274195 0.3990381 0.3336903 0.2173558 0.3501866 0.4506644 0.0671109 0.3449638 0.3060460 0.0523886 0.3337056 0.3517880 0.0169633 0.2166405 0.3336804 0.3866507 0.0000000 0.2211061 
n286_287   0.3140913 0.2984647 0.3196172 0.1087507 0.2164304 0.3087354 0.3041890 0.2261882 0.3382048 0.3037460 0.1210481 0.3196366 0.3793823 0.2209675 0.3146564 0.3051470 0.2118458 0.3037542 0.3210637 0.2160787 0.0033408 0.3037347 0.3325909 0.2211061 0.0000000 
