25
n287_292   0.0000000 0.0485048 0.0272260 0.4196436 0.4438679 0.1710578 0.0448640 0.0342332 0.3066373 0.0237657 0.2843766 0.1209335 0.2692526 0.0033378 0.0484574 0.3012395 0.3241920 0.3012336 0.4310639 0.3012482 0.3120601 0.3227813 0.0203057 0.3185137 0.3067666 
n298_303   0.0485048 0.0000000 0.0203356 0.4077592 0.4390777 0.1803989 0.0378025 0.0272730 0.3074397 0.0450051 0.2851839 0.1254787 0.2700098 0.0449092 0.0066965 0.3020247 0.3305185 0.3018916 0.4063281 0.2965749 0.3128798 0.3236351 0.0414071 0.3247749 0.3075697 
n275_280   0.0272260 0.0203356 0.0000000 0.4015945 0.4190257 0.1541482 0.0168822 0.0067004 0.2914930 0.0238050 0.2645526 0.1051778 0.2498364 0.0237553 0.0203163 0.2862074 0.3139721 0.2860782 0.4001925 0.2808865 0.2968030 0.3073058 0.0203393 0.3083745 0.2916149 
n251_256   0.4196436 0.4077592 0.4015945 0.0000000 0.3693157 0.4081698 0.3901078 0.4016194 0.4126888 0.4205770 0.3324887 0.4067580 0.3162827 0.4132830 0.4071784 0.4063504 0.4202148 0.3925209 0.0518882 0.3687591 0.4190576 0.4248886 0.4139576 0.4136287 0.4128759 
n244_249   0.4438679 0.4390777 0.4190257 0.3693157 0.0000000 0.4444799 0.4321077 0.4257760 0.4523784 0.4317389 0.3539428 0.4191160 0.3431051 0.4372970 0.4384315 0.4523495 0.5025505 0.3740132 0.3799382 0.3508910 0.4591348 0.4653916 0.4250216 0.4942596 0.4525891 
n200_205   0.1710578 0.1803989 0.1541482 0.4081698 0.4444799 0.0000000 0.1715380 0.1627686 0.3115201 0.1670802 0.2210491 0.1717348 0.2118644 0.1667002 0.1801974 0.3059153 0.3465124 0.2658065 0.4135152 0.2607677 0.3169754 0.3277594 0.1626722 0.3348445 0.3010632 
n293_298   0.0448640 0.0378025 0.0168822 0.3901078 0.4321077 0.1715380 0.0000000 0.0100721 0.3126276 0.0413810 0.2901248 0.1211010 0.2748546 0.0412923 0.0377651 0.3071740 0.3358859 0.3019557 0.3887578 0.2966392 0.3181064 0.3289365 0.0378091 0.3358616 0.3127601 
n294_299   0.0342332 0.0272730 0.0067004 0.4016194 0.4257760 0.1627686 0.0100721 0.0000000 0.2967290 0.0307864 0.2747809 0.1091267 0.2598400 0.0307220 0.0272471 0.2914020 0.3194001 0.2966843 0.4002172 0.2914081 0.3020807 0.3126642 0.0272779 0.3193771 0.2968535 
n292_297   0.3066373 0.3074397 0.2914930 0.4126888 0.4523784 0.3115201 0.3126276 0.2967290 0.0000000 0.3075210 0.2678155 0.3300450 0.2581990 0.3012737 0.3070475 0.0067073 0.0669841 0.2633117 0.4246207 0.2535735 0.0067144 0.0100939 0.3019870 0.0632103 0.0067109 
n295_300   0.0237657 0.0450051 0.0238050 0.4205770 0.4317389 0.1670802 0.0413810 0.0307864 0.3075210 0.0000000 0.2798812 0.1171584 0.2648298 0.0203132 0.0449612 0.3021047 0.3306056 0.3019715 0.4320249 0.2966535 0.3129624 0.3129045 0.0033424 0.3248607 0.3076511 
n286_291   0.2843766 0.2851839 0.2645526 0.3324887 0.3539428 0.2210491 0.2901248 0.2747809 0.2678155 0.2798812 0.0000000 0.2649719 0.0100554 0.2792045 0.2848297 0.2677788 0.2947661 0.1492018 0.3373527 0.1409434 0.2728921 0.2829400 0.2746018 0.2840570 0.2580496 
n236_241   0.1209335 0.1254787 0.1051778 0.4067580 0.4191160 0.1717348 0.1211010 0.1091267 0.3300450 0.1171584 0.2649719 0.0000000 0.2552930 0.1168989 0.1253458 0.3244333 0.3600315 0.3029608 0.3995248 0.2976202 0.3356829 0.3468234 0.1130944 0.3480692 0.3301868 
n285_290   0.2692526 0.2700098 0.2498364 0.3162827 0.3431051 0.2118644 0.2748546 0.2598400 0.2581990 0.2648298 0.0100554 0.2552930 0.0000000 0.2641945 0.2696795 0.2581628 0.2896507 0.1450619 0.3210606 0.1368513 0.2632069 0.2731222 0.2596728 0.2790233 0.2485574 
n290_295   0.0033378 0.0449092 0.0237553 0.4132830 0.4372970 0.1667002 0.0412923 0.0307220 0.3012737 0.0203132 0.2792045 0.1168989 0.2641945 0.0000000 0.0448655 0.2959197 0.3186686 0.2959130 0.4246139 0.2959269 0.3066525 0.3172882 0.0168739 0.3130390 0.3014003 
n297_302   0.0484574 0.0066965 0.0203163 0.4071784 0.4384315 0.1801974 0.0377651 0.0272471 0.3070475 0.0449612 0.2848297 0.1253458 0.2696795 0.0448655 0.0000000 0.3016417 0.3300852 0.3015087 0.4057519 0.2962009 0.3124783 0.3232152 0.0413669 0.3243519 0.3071771 
n280_285   0.3012395 0.3020247 0.2862074 0.4063504 0.4523495 0.3059153 0.3071740 0.2914020 0.0067073 0.3021047 0.2677788 0.3244333 0.2581628 0.2959197 0.3016417 0.0000000 0.0669716 0.2632752 0.4181805 0.2535375 0.0134890 0.0168990 0.2966185 0.0631984 0.0067096 
n277_282   0.3241920 0.3305185 0.3139721 0.4202148 0.5025505 0.3465124 0.3358859 0.3194001 0.0669841 0.3306056 0.2947661 0.3600315 0.2896507 0.3186686 0.3300852 0.0669716 0.0000000 0.2848877 0.4383045 0.2748073 0.0744772 0.0782124 0.3248507 0.0203889 0.0670081 
n265_270   0.3012336 0.3018916 0.2860782 0.3925209 0.3740132 0.2658065 0.3019557 0.2966843 0.2633117 0.3019715 0.1492018 0.3029608 0.1450619 0.2959130 0.3015087 0.2632752 0.2848877 0.0000000 0.3977447 0.0134859 0.2636079 0.2735424 0.2964867 0.2743264 0.2535932 
n255_260   0.4310639 0.4063281 0.4001925 0.0518882 0.3799382 0.4135152 0.3887578 0.4002172 0.4246207 0.4320249 0.3373527 0.3995248 0.3210606 0.4246139 0.4057519 0.4181805 0.4383045 0.3977447 0.0000000 0.3859001 0.4310919 0.4310188 0.4253060 0.4315528 0.4248144 
n266_271   0.3012482 0.2965749 0.2808865 0.3687591 0.3508910 0.2607677 0.2966392 0.2914081 0.2535735 0.2966535 0.1409434 0.2976202 0.1368513 0.2959269 0.2962009 0.2535375 0.2748073 0.0134859 0.3859001 0.0000000 0.2538574 0.2636544 0.2912148 0.2644058 0.2439856 
n300_305   0.3120601 0.3128798 0.2968030 0.4190576 0.4591348 0.3169754 0.3181064 0.3020807 0.0067144 0.3129624 0.2728921 0.3356829 0.2632069 0.3066525 0.3124783 0.0134890 0.0744772 0.2636079 0.4310919 0.2538574 0.0000000 0.0100972 0.3073804 0.0706508 0.0134962 
n299_304   0.3227813 0.3236351 0.3073058 0.4248886 0.4653916 0.3277594 0.3289365 0.3126642 0.0100939 0.3129045 0.2829400 0.3468234 0.2731222 0.3172882 0.3232152 0.0168990 0.0782124 0.2735424 0.4310188 0.2636544 0.0100972 0.0000000 0.3073226 0.0743617 0.0169080 
n296_301   0.0203057 0.0414071 0.0203393 0.4139576 0.4250216 0.1626722 0.0378091 0.0272779 0.3019870 0.0033424 0.2746018 0.1130944 0.2596728 0.0168739 0.0413669 0.2966185 0.3248507 0.2964867 0.4253060 0.2912148 0.3073804 0.3073226 0.0000000 0.3191596 0.3021142 
n278_283   0.3185137 0.3247749 0.3083745 0.4136287 0.4942596 0.3348445 0.3358616 0.3193771 0.0632103 0.3248607 0.2840570 0.3480692 0.2790233 0.3130390 0.3243519 0.0631984 0.0203889 0.2743264 0.4315528 0.2644058 0.0706508 0.0743617 0.3191596 0.0000000 0.0632328 
n274_279   0.3067666 0.3075697 0.2916149 0.4128759 0.4525891 0.3010632 0.3127601 0.2968535 0.0067109 0.3076511 0.2580496 0.3301868 0.2485574 0.3014003 0.3071771 0.0067096 0.0670081 0.2535932 0.4248144 0.2439856 0.0134962 0.0169080 0.3021142 0.0632328 0.0000000 
