26
n277_278   0.0000000 1.7141613 1.8469121 1.7526904 1.9785216 0.4321125 3.2586456 2.2449458 0.0854407 0.3908652 1.8580385 1.7812234 1.9270443 1.8572774 2.3527644 0.3956506 0.4191254 1.9260272 2.0590292 8.9999982 2.0248778 2.3765534 1.7195014 3.0425759 1.9001985 0.3968835 
n286_287   1.7141613 0.0000000 2.0849937 0.0592713 2.0755144 1.4628645 2.6239852 1.7723085 1.6281830 1.4544019 1.9407465 1.8813537 2.1684447 2.0744929 2.0609276 1.4095584 1.5411849 2.1316243 1.9318483 2.5319237 0.9039737 0.9181985 1.8290955 1.9719278 2.0740284 1.4545701 
n296_297   1.8469121 2.0849937 0.0000000 2.5318301 0.1744644 1.8418463 4.2371781 0.2836247 1.6200752 2.0285853 0.6838853 0.2990487 0.1875770 0.3035647 0.9623042 1.8609681 1.6246801 0.0272472 0.2056864 3.9687588 2.9255062 2.7007523 0.2834612 3.5104312 0.2934378 1.9538468 
n285_286   1.7526904 0.0592713 2.5318301 0.0000000 2.3435398 1.4416094 2.9752098 1.9980906 1.6055799 1.3882915 2.0180188 2.1429054 2.3987666 2.3390491 2.1647097 1.3669671 1.5182366 2.5885254 2.0548278 2.8667424 0.8692646 0.8608158 2.0702050 1.9830385 2.3973873 1.3884483 
n289_290   1.9785216 2.0755144 0.1744644 2.3435398 0.0000000 1.7826084 3.2774991 0.2683312 1.7162376 2.0894738 0.6213260 0.2785677 0.0519644 0.3150000 1.1411183 1.9519015 1.6639555 0.1617313 0.0814644 3.4935462 2.3981752 2.1308715 0.2537071 3.0883248 0.2992369 2.0097926 
n274_275   0.4321125 1.4628645 1.8418463 1.4416094 1.7826084 0.0000000 2.5187909 1.9800866 0.4264447 0.1326250 1.5439396 1.7157049 1.7365430 1.6585451 2.0141826 0.1164546 0.1572750 1.9075057 1.8731931 4.7735631 2.0617033 2.0925776 1.6793676 2.3300441 1.6404546 0.1285808 
n255_256   3.2586456 2.6239852 4.2371781 2.9752098 3.2774991 2.5187909 0.0000000 4.0701411 3.9069961 2.1450817 3.9262029 4.8725979 3.4269686 3.2807136 3.5240225 2.4031921 2.0938103 6.3121036 3.5658894 1.7855315 1.8962610 2.2073296 4.6131893 0.3109617 3.2872658 2.1938283 
n275_276   2.2449458 1.7723085 0.2836247 1.9980906 0.2683312 1.9800866 4.0701411 0.0000000 1.9592273 1.9820103 0.6341927 0.1209303 0.2887498 0.1755020 1.0543089 1.9594589 1.7065907 0.2837340 0.3095938 2.4812782 2.0136266 1.9384454 0.1087977 2.9229530 0.1670504 1.9410293 
n278_279   0.0854407 1.6281830 1.6200752 1.6055799 1.7162376 0.4264447 3.9069961 1.9592273 0.0000000 0.4034406 1.8033215 1.6242835 1.6773448 1.6246931 2.2564216 0.4078050 0.4445713 1.6816403 1.8473775 8.9999985 1.9441168 2.2047268 1.5442652 2.9110946 1.7150784 0.4095779 
n299_300   0.3908652 1.4544019 2.0285853 1.3882915 2.0894738 0.1326250 2.1450817 1.9820103 0.4034406 0.0000000 1.6856112 1.7419790 2.0298650 1.5927779 2.2030929 0.0519776 0.1243078 2.0725030 2.1169758 8.9999990 2.1978326 2.3265264 1.7047014 1.9853336 1.6036312 0.0100684 
n236_237   1.8580385 1.9407465 0.6838853 2.0180188 0.6213260 1.5439396 3.9262029 0.6341927 1.8033215 1.6856112 0.0000000 0.6841439 0.5986203 0.7230981 1.0473653 1.5990622 1.5991221 0.6944640 0.6760316 4.1467757 3.1532458 3.5602442 0.6318699 3.5471219 0.6966971 1.6553080 
n293_294   1.7812234 1.8813537 0.2990487 2.1429054 0.2785677 1.7157049 4.8725979 0.1209303 1.6242835 1.7419790 0.6841439 0.0000000 0.2993038 0.1586378 1.0601474 1.7006448 1.4978428 0.2941922 0.3095276 2.3935251 2.2425106 2.0144173 0.0521436 3.6792794 0.1503600 1.6857569 
n290_291   1.9270443 2.1684447 0.1875770 2.3987666 0.0519644 1.7365430 3.4269686 0.2887498 1.6773448 2.0298650 0.5986203 0.2993038 0.0000000 0.3096193 1.1546138 1.8587117 1.5974431 0.1746054 0.0854014 3.3459700 2.8807322 2.3397377 0.2736867 3.2225357 0.2939757 1.9546424 
n297_298   1.8572774 2.0744929 0.3035647 2.3390491 0.3150000 1.6585451 3.2807136 0.1755020 1.6246931 1.5927779 0.7230981 0.1586378 0.3096193 0.0000000 1.1062348 1.5690983 1.4586584 0.2986874 0.3370888 2.3579760 2.3024062 2.1511218 0.1541111 3.2270492 0.0413724 1.5972798 
n200_201   2.3527644 2.0609276 0.9623042 2.1647097 1.1411183 2.0141826 3.5240225 1.0543089 2.2564216 2.2030929 1.0473653 1.0601474 1.1546138 1.1062348 0.0000000 2.2539911 2.2486586 1.0153326 1.1639229 3.2107141 1.5966832 1.7227485 1.0355340 3.2216727 1.0922378 2.2569581 
n292_293   0.3956506 1.4095584 1.8609681 1.3669671 1.9519015 0.1164546 2.4031921 1.9594589 0.4078050 0.0519776 1.5990622 1.7006448 1.8587117 1.5690983 2.2539911 0.0000000 0.1281908 1.8931343 1.9764184 3.4016835 2.2888246 2.4520483 1.6649744 2.0712000 1.5747469 0.0483875 
n280_281   0.4191254 1.5411849 1.6246801 1.5182366 1.6639555 0.1572750 2.0938103 1.7065907 0.4445713 0.1243078 1.5991221 1.4978428 1.5974431 1.4586584 2.2486586 0.1281908 0.0000000 1.6540497 1.8392895 3.4686558 2.2947924 2.5876696 1.4732097 1.8726556 1.4634752 0.1203180 
n295_296   1.9260272 2.1316243 0.0272472 2.5885254 0.1617313 1.9075057 6.3121036 0.2837340 1.6816403 2.0725030 0.6944640 0.2941922 0.1746054 0.2986874 1.0153326 1.8931343 1.6540497 0.0000000 0.1923703 3.6777984 3.0394569 2.7605101 0.2787013 3.5299347 0.2886207 1.9947555 
n287_288   2.0590292 1.9318483 0.2056864 2.0548278 0.0814644 1.8731931 3.5658894 0.3095938 1.8473775 2.1169758 0.6760316 0.3095276 0.0854014 0.3370888 1.1639229 1.9764184 1.8392895 0.1923703 0.0000000 3.2689232 2.5445599 2.2755121 0.2835677 3.4577590 0.3373523 2.0356211 
n244_245   8.9999982 2.5319237 3.9687588 2.8667424 3.4935462 4.7735631 1.7855315 2.4812782 8.9999985 8.9999990 4.1467757 2.3935251 3.3459700 2.3579760 3.2107141 3.4016835 3.4686558 3.6777984 3.2689232 0.0000000 1.9521269 2.0485365 2.2660986 2.1727571 2.4838390 5.3982890 
n265_266   2.0248778 0.9039737 2.9255062 0.8692646 2.3981752 2.0617033 1.8962610 2.0136266 1.9441168 2.1978326 3.1532458 2.2425106 2.8807322 2.3024062 1.5966832 2.2888246 2.2947924 3.0394569 2.5445599 1.9521269 0.0000000 0.1748685 1.9844060 1.9568927 2.2377002 2.2493504 
n266_267   2.3765534 0.9181985 2.7007523 0.8608158 2.1308715 2.0925776 2.2073296 1.9384454 2.2047268 2.3265264 3.5602442 2.0144173 2.3397377 2.1511218 1.7227485 2.4520483 2.5876696 2.7605101 2.2755121 2.0485365 0.1748685 0.0000000 1.9559339 2.1757475 2.1445406 2.3313806 
n294_295   1.7195014 1.8290955 0.2834612 2.0702050 0.2537071 1.6793676 4.6131893 0.1087977 1.5442652 1.7047014 0.6318699 0.0521436 0.2736867 0.1541111 1.0355340 1.6649744 1.4732097 0.2787013 0.2835677 2.2660986 1.9844060 1.9559339 0.0000000 3.5402497 0.1417374 1.6505340 
n251_252   3.0425759 1.9719278 3.5104312 1.9830385 3.0883248 2.3300441 0.3109617 2.9229530 2.9110946 1.9853336 3.5471219 3.6792794 3.2225357 3.2270492 3.2216727 2.0712000 1.8726556 3.5299347 3.4577590 2.1727571 1.9568927 2.1757475 3.5402497 0.0000000 3.3726807 1.9444996 
n298_299   1.9001985 2.0740284 0.2934378 2.3973873 0.2992369 1.6404546 3.2872658 0.1670504 1.7150784 1.6036312 0.6966971 0.1503600 0.2939757 0.0413724 1.0922378 1.5747469 1.4634752 0.2886207 0.3373523 2.4838390 2.2377002 2.1445406 0.1417374 3.3726807 0.0000000 1.6082259 
n300_301   0.3968835 1.4545701 1.9538468 1.3884483 2.0097926 0.1285808 2.1938283 1.9410293 0.4095779 0.0100684 1.6553080 1.6857569 1.9546424 1.5972798 2.2569581 0.0483875 0.1203180 1.9947555 2.0356211 5.3982890 2.2493504 2.3313806 1.6505340 1.9444996 1.6082259 0.0000000 
