25
n289_290   0.0000000 0.0482695 0.0237352 0.2841428 0.3203792 0.0518337 0.0134728 0.3049710 0.5159323 0.0554999 0.2749096 0.0411650 0.4176625 0.3003323 0.0100834 0.1974078 0.3052017 0.0482643 0.0923767 0.3001822 0.2797244 0.0518463 0.5167382 0.3308004 0.2750386 
n294_295   0.0482695 0.0000000 0.0306533 0.2648452 0.3152192 0.0237285 0.0411770 0.2999195 0.4772021 0.0067102 0.2558224 0.0482451 0.3945972 0.2953080 0.0376639 0.1714878 0.3001463 0.0237346 0.0736562 0.2951601 0.2651022 0.0237342 0.4779127 0.3255666 0.2605035 
n295_296   0.0237352 0.0306533 0.0000000 0.2554531 0.2901845 0.0341344 0.0168750 0.2753971 0.4832001 0.0376883 0.2465288 0.0168701 0.3946184 0.2756123 0.0134716 0.1800111 0.2756053 0.0341433 0.0736609 0.2707761 0.2604734 0.0341426 0.4839240 0.3001833 0.2558992 
n266_267   0.2841428 0.2648452 0.2554531 0.0000000 0.2606898 0.2695689 0.2744726 0.2376482 0.4689669 0.2748275 0.0134132 0.2792288 0.4049875 0.2467926 0.2697386 0.3034532 0.2421274 0.2696656 0.2465292 0.2376388 0.1465410 0.2507671 0.4574677 0.2702727 0.1506207 
n299_300   0.3203792 0.3152192 0.2901845 0.2606898 0.0000000 0.3153158 0.3102004 0.0305991 0.4889133 0.3103065 0.2516964 0.2998428 0.4597141 0.0552777 0.3052238 0.3561989 0.0516920 0.3154356 0.3156511 0.0202740 0.2609453 0.3102982 0.4907077 0.0066983 0.2657385 
n298_299   0.0518337 0.0237285 0.0341344 0.2695689 0.3153158 0.0000000 0.0447080 0.3000104 0.4710321 0.0306884 0.2604965 0.0518075 0.3836280 0.2953972 0.0411793 0.1756691 0.3002373 0.0067073 0.0773427 0.2952492 0.2698326 0.0271841 0.4717280 0.3256672 0.2652074 
n290_291   0.0134728 0.0411770 0.0168750 0.2744726 0.3102004 0.0447080 0.0000000 0.2950018 0.5028427 0.0483292 0.2653435 0.0341423 0.4061246 0.2904154 0.0033458 0.1929476 0.2952250 0.0411725 0.0848455 0.2902696 0.2796480 0.0447188 0.5036157 0.3204790 0.2749635 
n274_275   0.3049710 0.2999195 0.2753971 0.2376482 0.0305991 0.3000104 0.2950018 0.0000000 0.4757829 0.3001798 0.2288893 0.2848707 0.4350774 0.0445845 0.2901252 0.3350683 0.0410522 0.3001222 0.3003246 0.0100656 0.2420880 0.2950951 0.4775056 0.0375816 0.2467548 
n251_252   0.5159323 0.4772021 0.4832001 0.4689669 0.4889133 0.4710321 0.5028427 0.4757829 0.0000000 0.4776873 0.4574840 0.5026179 0.3397185 0.4461731 0.4964727 0.4884239 0.4457440 0.4649771 0.4975366 0.4639838 0.4518094 0.4773994 0.0550567 0.5019612 0.4521200 
n293_294   0.0554999 0.0067102 0.0376883 0.2748275 0.3103065 0.0306884 0.0483292 0.3001798 0.4776873 0.0000000 0.2656847 0.0554717 0.4067091 0.2955634 0.0447791 0.1801802 0.3004071 0.0306964 0.0811755 0.2954154 0.2750980 0.0306958 0.4783990 0.3205889 0.2704365 
n265_266   0.2749096 0.2558224 0.2465288 0.0134132 0.2516964 0.2604965 0.2653435 0.2288893 0.4574840 0.2656847 0.0000000 0.2700517 0.3996883 0.2379427 0.2606588 0.2940169 0.2333269 0.2605887 0.2376858 0.2288803 0.1427280 0.2418924 0.4581270 0.2611750 0.1467919 
n296_297   0.0411650 0.0482451 0.0168701 0.2792288 0.2998428 0.0518075 0.0341423 0.2848707 0.5026179 0.0554717 0.2700517 0.0000000 0.4233600 0.2850935 0.0306621 0.2015154 0.2803342 0.0518214 0.0923278 0.2802002 0.2844418 0.0482436 0.5033893 0.3099670 0.2797312 
n244_245   0.4176625 0.3945972 0.3946184 0.4049875 0.4597141 0.3836280 0.4061246 0.4350774 0.3397185 0.4067091 0.3996883 0.4233600 0.0000000 0.4181573 0.4004987 0.4108759 0.4122761 0.3837826 0.3840287 0.4238187 0.3830801 0.3891670 0.3511753 0.4722968 0.3887448 
n278_279   0.3003323 0.2953080 0.2756123 0.2467926 0.0552777 0.2953972 0.2904154 0.0445845 0.4461731 0.2955634 0.2379427 0.2850935 0.4181573 0.0000000 0.2855635 0.3300085 0.0100673 0.2955068 0.2957055 0.0340818 0.2423032 0.2905074 0.4534757 0.0624994 0.2469747 
n287_288   0.0100834 0.0376639 0.0134716 0.2697386 0.3052238 0.0411793 0.0033458 0.2901252 0.4964727 0.0447791 0.2606588 0.0306621 0.4004987 0.2855635 0.0000000 0.1886798 0.2903447 0.0376598 0.0811252 0.2854199 0.2748759 0.0411893 0.4972296 0.3154345 0.2702180 
n200_201   0.1974078 0.1714878 0.1800111 0.3034532 0.3561989 0.1756691 0.1929476 0.3350683 0.4884239 0.1801802 0.2940169 0.2015154 0.4108759 0.3300085 0.1886798 0.0000000 0.3350527 0.1757249 0.1675953 0.3350731 0.2938831 0.1800106 0.4894545 0.3671183 0.2891226 
n277_278   0.3052017 0.3001463 0.2756053 0.2421274 0.0516920 0.3002373 0.2952250 0.0410522 0.4457440 0.3004071 0.2333269 0.2803342 0.4122761 0.0100673 0.2903447 0.3350527 0.0000000 0.3003493 0.3005520 0.0305978 0.2376631 0.2953184 0.4530370 0.0588770 0.2423043 
n297_298   0.0482643 0.0237346 0.0341433 0.2696656 0.3154356 0.0067073 0.0411725 0.3001222 0.4649771 0.0306964 0.2605887 0.0518214 0.3837826 0.2955068 0.0376598 0.1757249 0.3003493 0.0000000 0.0773642 0.2953587 0.2699293 0.0271912 0.4656584 0.3257925 0.2653019 
n236_237   0.0923767 0.0736562 0.0736609 0.2465292 0.3156511 0.0773427 0.0848455 0.3003246 0.4975366 0.0811755 0.2376858 0.0923278 0.3840287 0.2957055 0.0811252 0.1675953 0.3005520 0.0773642 0.0000000 0.2955573 0.2422654 0.0736426 0.4982970 0.3260169 0.2377853 
n280_281   0.3001822 0.2951601 0.2707761 0.2376388 0.0202740 0.2952492 0.2902696 0.0100656 0.4639838 0.2954154 0.2288803 0.2802002 0.4238187 0.0340818 0.2854199 0.3350731 0.0305978 0.2953587 0.2955573 0.0000000 0.2331958 0.2903616 0.4656460 0.0271627 0.2378104 
n285_286   0.2797244 0.2651022 0.2604734 0.1465410 0.2609453 0.2698326 0.2796480 0.2420880 0.4518094 0.2750980 0.1427280 0.2844418 0.3830801 0.2423032 0.2748759 0.2938831 0.2376631 0.2699293 0.2422654 0.2331958 0.0000000 0.2510050 0.4587331 0.2656911 0.0033420 
n275_276   0.0518463 0.0237342 0.0341426 0.2507671 0.3102982 0.0271841 0.0447188 0.2950951 0.4773994 0.0306958 0.2418924 0.0482436 0.3891670 0.2905074 0.0411893 0.1800106 0.2953184 0.0271912 0.0736426 0.2903616 0.2510050 0.0000000 0.4781100 0.3205797 0.2557255 
n255_256   0.5167382 0.4779127 0.4839240 0.4574677 0.4907077 0.4717280 0.5036157 0.4775056 0.0550567 0.4783990 0.4581270 0.5033893 0.3511753 0.4534757 0.4972296 0.4894545 0.4530370 0.4656584 0.4982970 0.4656460 0.4587331 0.4781100 0.0000000 0.5038272 0.4590508 
n292_293   0.3308004 0.3255666 0.3001833 0.2702727 0.0066983 0.3256672 0.3204790 0.0375816 0.5019612 0.3205889 0.2611750 0.3099670 0.4722968 0.0624994 0.3154345 0.3671183 0.0588770 0.3257925 0.3260169 0.0271627 0.2656911 0.3205797 0.5038272 0.0000000 0.2705159 
n286_287   0.2750386 0.2605035 0.2558992 0.1506207 0.2657385 0.2652074 0.2749635 0.2467548 0.4521200 0.2704365 0.1467919 0.2797312 0.3887448 0.2469747 0.2702180 0.2891226 0.2423043 0.2653019 0.2377853 0.2378104 0.0033420 0.2557255 0.4590508 0.2705159 0.0000000 
