24
n298_299   0.0000000 0.3328809 0.1040195 0.2622790 0.0307024 0.2574962 0.3394663 0.0101052 0.0169200 0.0272283 0.0033507 0.3166003 0.0377824 0.3923359 0.3485419 0.1039502 0.4088768 0.2672474 0.0135103 0.2673152 0.0377824 0.3395447 0.4779269 0.3377989 
n280_281   0.3328809 0.0000000 0.3272149 0.2436820 0.3167819 0.2772497 0.0168910 0.3220707 0.3325098 0.3117008 0.3273604 0.0411852 0.3171317 0.4021428 0.0202830 0.3926092 0.3956918 0.2485212 0.3170243 0.2825244 0.3226068 0.0203167 0.4483927 0.0482647 
n200_201   0.1040195 0.3272149 0.0000000 0.2527823 0.0923589 0.2767435 0.3337257 0.0924064 0.1000198 0.0885895 0.1001010 0.3110852 0.1040336 0.3798142 0.3483157 0.1555651 0.4020530 0.2576803 0.0962447 0.2967075 0.1040336 0.3390098 0.4511787 0.3320940 
n286_287   0.2622790 0.2436820 0.2527823 0.0000000 0.2477342 0.1432502 0.2489636 0.2525198 0.2619983 0.2431010 0.2573102 0.2293738 0.2529100 0.3467268 0.2625309 0.3267079 0.3514854 0.0100734 0.2479097 0.1515526 0.2529100 0.2490182 0.4086013 0.2433509 
n287_288   0.0307024 0.3167819 0.0923589 0.2477342 0.0000000 0.2476331 0.3231710 0.0237452 0.0306729 0.0033438 0.0272071 0.3008930 0.0272495 0.3637998 0.3320949 0.0961343 0.3797361 0.2525914 0.0272122 0.2572984 0.0272495 0.3232448 0.4518494 0.3216007 
n266_267   0.2574962 0.2772497 0.2767435 0.1432502 0.2476331 0.0000000 0.2832038 0.2478032 0.2527610 0.2430014 0.2525622 0.2672530 0.2528070 0.3678609 0.2825680 0.3319276 0.3727174 0.1474089 0.2432207 0.0236787 0.2528070 0.2832671 0.4200552 0.2771903 
n292_293   0.3394663 0.0168910 0.3337257 0.2489636 0.3231710 0.2832038 0.0000000 0.3285235 0.3390853 0.3180325 0.3338766 0.0519390 0.3235321 0.4095522 0.0306892 0.3999244 0.4030058 0.2538501 0.3234207 0.2885430 0.3290757 0.0033434 0.4563935 0.0591315 
n293_294   0.0101052 0.3220707 0.0924064 0.2525198 0.0237452 0.2478032 0.3285235 0.0000000 0.0067113 0.0203066 0.0067165 0.3060549 0.0307373 0.3805910 0.3374963 0.0999810 0.3968736 0.2574130 0.0033494 0.2574767 0.0307373 0.3285987 0.4646651 0.3269216 
n275_276   0.0169200 0.3325098 0.1000198 0.2619983 0.0306729 0.2527610 0.3390853 0.0067113 0.0000000 0.0272022 0.0134949 0.3162512 0.0377461 0.3918829 0.3374963 0.1076731 0.4084004 0.2669605 0.0100942 0.2625129 0.0377461 0.3391635 0.4773415 0.3320927 
n289_290   0.0272283 0.3117008 0.0885895 0.2431010 0.0033438 0.2430014 0.3180325 0.0203066 0.0272022 0.0000000 0.0237517 0.2959250 0.0237886 0.3584033 0.3269145 0.0923462 0.3742345 0.2479258 0.0237562 0.2526034 0.0237886 0.3181049 0.4457904 0.3164915 
n297_298   0.0033507 0.3273604 0.1001010 0.2573102 0.0272071 0.2525622 0.3338766 0.0067165 0.0134949 0.0237517 0.0000000 0.3112187 0.0342412 0.3863246 0.3428978 0.1000339 0.4027297 0.2622392 0.0101021 0.2623049 0.0342412 0.3339534 0.4711195 0.3322431 
n278_279   0.3166003 0.0411852 0.3110852 0.2293738 0.3008930 0.2672530 0.0519390 0.3060549 0.3162512 0.2959250 0.3112187 0.0000000 0.2960115 0.3790248 0.0554430 0.3748887 0.3839378 0.2341040 0.3011189 0.2676711 0.3013048 0.0555364 0.4364198 0.0236943 
n295_296   0.0377824 0.3171317 0.1040336 0.2529100 0.0272495 0.2528070 0.3235321 0.0307373 0.0377461 0.0237886 0.0342412 0.2960115 0.0000000 0.3812650 0.3324694 0.1000871 0.3975879 0.2578130 0.0342477 0.2625624 0.0067150 0.3236061 0.4591446 0.3165888 
n251_252   0.3923359 0.4021428 0.3798142 0.3467268 0.3637998 0.3678609 0.4095522 0.3805910 0.3918829 0.3584033 0.3863246 0.3790248 0.3812650 0.0000000 0.4254361 0.4141889 0.0373993 0.3473514 0.3808777 0.3682170 0.3812650 0.4153826 0.2692432 0.3846879 
n274_275   0.3485419 0.0202830 0.3483157 0.2625309 0.3320949 0.2825680 0.0306892 0.3374963 0.3374963 0.3269145 0.3428978 0.0554430 0.3324694 0.4254361 0.0000000 0.4156909 0.4187410 0.2675054 0.3323531 0.2878925 0.3380671 0.0341801 0.4731272 0.0590220 
n236_237   0.1039502 0.3926092 0.1555651 0.3267079 0.0961343 0.3319276 0.3999244 0.0999810 0.1076731 0.0923462 0.1000339 0.3748887 0.1000871 0.4141889 0.4156909 0.0000000 0.4370999 0.3321625 0.1038623 0.3322672 0.0961856 0.4057023 0.5225065 0.3800362 
n255_256   0.4088768 0.3956918 0.4020530 0.3514854 0.3797361 0.3727174 0.4030058 0.3968736 0.4084004 0.3742345 0.4027297 0.3839378 0.3975879 0.0373993 0.4187410 0.4370999 0.0000000 0.3465870 0.3971753 0.3730792 0.3975879 0.4087754 0.2935935 0.3896292 
n285_286   0.2672474 0.2485212 0.2576803 0.0100734 0.2525914 0.1474089 0.2538501 0.2574130 0.2669605 0.2479258 0.2622392 0.2341040 0.2578130 0.3473514 0.2675054 0.3321625 0.3465870 0.0000000 0.2527713 0.1557671 0.2578130 0.2539059 0.4147990 0.2481825 
n294_295   0.0135103 0.3170243 0.0962447 0.2479097 0.0272122 0.2432207 0.3234207 0.0033494 0.0100942 0.0237562 0.0101021 0.3011189 0.0342477 0.3808777 0.3323531 0.1038623 0.3971753 0.2527713 0.0000000 0.2528331 0.0342477 0.3234946 0.4586142 0.3218479 
n265_266   0.2673152 0.2825244 0.2967075 0.1515526 0.2572984 0.0236787 0.2885430 0.2574767 0.2625129 0.2526034 0.2623049 0.2676711 0.2625624 0.3682170 0.2878925 0.3322672 0.3730792 0.1557671 0.2528331 0.0000000 0.2625624 0.2886078 0.4443823 0.2824639 
n296_297   0.0377824 0.3226068 0.1040336 0.2529100 0.0272495 0.2528070 0.3290757 0.0307373 0.0377461 0.0237886 0.0342412 0.3013048 0.0067150 0.3812650 0.3380671 0.0961856 0.3975879 0.2578130 0.0342477 0.2625624 0.0000000 0.3291512 0.4591446 0.3169925 
n299_300   0.3395447 0.0203167 0.3390098 0.2490182 0.3232448 0.2832671 0.0033434 0.3285987 0.3391635 0.3181049 0.3339534 0.0555364 0.3236061 0.4153826 0.0341801 0.4057023 0.4087754 0.2539059 0.3234946 0.2886078 0.3291512 0.0000000 0.4625818 0.0627634 
n244_245   0.4779269 0.4483927 0.4511787 0.4086013 0.4518494 0.4200552 0.4563935 0.4646651 0.4773415 0.4457904 0.4711195 0.4364198 0.4591446 0.2692432 0.4731272 0.5225065 0.2935935 0.4147990 0.4586142 0.4443823 0.4591446 0.4625818 0.0000000 0.4479439 
n277_278   0.3377989 0.0482647 0.3320940 0.2433509 0.3216007 0.2771903 0.0591315 0.3269216 0.3320927 0.3164915 0.3322431 0.0236943 0.3165888 0.3846879 0.0590220 0.3800362 0.3896292 0.2481825 0.3218479 0.2824639 0.3169925 0.0627634 0.4479439 0.0000000 
