26
n286_309   0.0000000 0.3350348 0.3049925 0.3246521 0.2622203 0.2724087 0.2624782 0.2878777 0.3252167 0.1447678 0.3292520 0.1485124 0.4161862 0.3250928 0.3241981 0.3957889 0.3243990 0.4154174 0.3150751 0.4421865 0.0067089 0.3097153 0.3355694 0.3033061 0.3509718 0.3980960 
n296_319   0.3350348 0.0000000 0.2688951 0.0855488 0.2243738 0.2340014 0.2197736 0.2487401 0.0703245 0.3704537 0.0202985 0.3805050 0.3870379 0.0556748 0.0168867 0.3719342 0.0134680 0.3849181 0.0521928 0.3870396 0.3407925 0.0557511 0.0629127 0.1966959 0.0100587 0.3590663 
n278_301   0.3049925 0.2688951 0.0000000 0.2652868 0.0785048 0.0862026 0.0708546 0.0273578 0.2644429 0.3668436 0.2745175 0.3768942 0.3809983 0.2646739 0.2644778 0.3827605 0.2646349 0.3948168 0.2553476 0.4144351 0.3053732 0.2599123 0.2743720 0.2630104 0.2835366 0.3586519 
n236_253   0.3246521 0.0855488 0.2652868 0.0000000 0.2161568 0.2162288 0.2115920 0.2492022 0.0778705 0.3699010 0.0855646 0.3799346 0.3776051 0.0667810 0.0818470 0.3626964 0.0780318 0.3810946 0.0595389 0.3841980 0.3303245 0.0631315 0.0741431 0.1893686 0.0969131 0.3498690 
n300_323   0.2622203 0.2243738 0.0785048 0.2161568 0.0000000 0.0067226 0.0135170 0.0632503 0.2154822 0.3144944 0.2244121 0.3239195 0.3577528 0.2156742 0.2151215 0.3440135 0.2152436 0.3548415 0.2069335 0.3844567 0.2625365 0.2112238 0.2247172 0.2385736 0.2381098 0.3361045 
n280_303   0.2724087 0.2340014 0.0862026 0.2162288 0.0067226 0.0000000 0.0203989 0.0707301 0.2249934 0.3255518 0.2340411 0.3351016 0.3695394 0.2251930 0.2246120 0.3554985 0.2247406 0.3665074 0.2163404 0.3966657 0.2727397 0.2206832 0.2343611 0.2484155 0.2479293 0.3475310 
n274_297   0.2624782 0.2197736 0.0708546 0.2115920 0.0135170 0.0203989 0.0000000 0.0558248 0.2109325 0.3148064 0.2198113 0.3242405 0.3522065 0.2111208 0.2105812 0.3386009 0.2107004 0.3493496 0.2024284 0.3787259 0.2627950 0.2066962 0.2201095 0.2338796 0.2334261 0.3307160 
n277_300   0.2878777 0.2487401 0.0273578 0.2492022 0.0632503 0.0707301 0.0558248 0.0000000 0.2484167 0.3478911 0.2582205 0.3576910 0.3682013 0.2436271 0.2484521 0.3765594 0.2485972 0.3878584 0.2395294 0.4015909 0.2882316 0.2439899 0.2530108 0.2574869 0.2629680 0.3462821 
n293_316   0.3252167 0.0703245 0.2644429 0.0778705 0.2154822 0.2249934 0.2109325 0.2484167 0.0000000 0.3717766 0.0703375 0.3702245 0.3937048 0.0307038 0.0666991 0.3783988 0.0629847 0.3971964 0.0237998 0.3759654 0.3309013 0.0134831 0.0341851 0.1841704 0.0814267 0.3654487 
n266_289   0.1447678 0.3704537 0.3668436 0.3699010 0.3144944 0.3255518 0.3148064 0.3478911 0.3717766 0.0000000 0.3588868 0.0307664 0.4496305 0.3660368 0.3536176 0.4579106 0.3538429 0.4795195 0.3554481 0.4869038 0.1365951 0.3552233 0.3660775 0.3663059 0.3816262 0.4380329 
n287_310   0.3292520 0.0202985 0.2745175 0.0855646 0.2244121 0.2340411 0.2198113 0.2582205 0.0703375 0.3588868 0.0000000 0.3688027 0.3935854 0.0593721 0.0100901 0.3778183 0.0067062 0.3965797 0.0522025 0.3988822 0.3349536 0.0557615 0.0666534 0.2016230 0.0237295 0.3653421 
n265_288   0.1485124 0.3805050 0.3768942 0.3799346 0.3239195 0.3351016 0.3242405 0.3576910 0.3702245 0.0307664 0.3688027 0.0000000 0.4416165 0.3645140 0.3634815 0.4504112 0.3637142 0.4717447 0.3539761 0.4783442 0.1403158 0.3537529 0.3645542 0.3768099 0.3917964 0.4301587 
n255_278   0.4161862 0.3870379 0.3809983 0.3776051 0.3577528 0.3695394 0.3522065 0.3682013 0.3937048 0.4496305 0.3935854 0.4416165 0.0000000 0.3761140 0.3817182 0.1274493 0.3819668 0.1439782 0.3714556 0.3110559 0.4167457 0.3767016 0.3873569 0.3773664 0.3984488 0.0481522 
n298_321   0.3250928 0.0556748 0.2646739 0.0667810 0.2156742 0.2251930 0.2111208 0.2436271 0.0307038 0.3660368 0.0593721 0.3645140 0.3761140 0.0000000 0.0557796 0.3672431 0.0521265 0.3857298 0.0135109 0.3595598 0.3307740 0.0169109 0.0066981 0.1841170 0.0665586 0.3485050 
n290_313   0.3241981 0.0168867 0.2644778 0.0818470 0.2151215 0.2246120 0.2105812 0.2484521 0.0666991 0.3536176 0.0100901 0.3634815 0.3817182 0.0557796 0.0000000 0.3662939 0.0033475 0.3910752 0.0486359 0.3870618 0.3298596 0.0521832 0.0630311 0.1882686 0.0203049 0.3539209 
n251_270   0.3957889 0.3719342 0.3827605 0.3626964 0.3440135 0.3554985 0.3386009 0.3765594 0.3783988 0.4579106 0.3778183 0.4504112 0.1274493 0.3672431 0.3662939 0.0000000 0.3665278 0.0481028 0.3567231 0.3138304 0.3963112 0.3618428 0.3782864 0.3803079 0.3825709 0.1274103 
n289_312   0.3243990 0.0134680 0.2646349 0.0780318 0.2152436 0.2247406 0.2107004 0.2485972 0.0629847 0.3538429 0.0067062 0.3637142 0.3819668 0.0521265 0.0033475 0.3665278 0.0000000 0.3849686 0.0450186 0.3873121 0.3300650 0.0485493 0.0593381 0.1927372 0.0168688 0.3541467 
n255_276   0.4154174 0.3849181 0.3948168 0.3810946 0.3548415 0.3665074 0.3493496 0.3878584 0.3971964 0.4795195 0.3965797 0.4717447 0.1439782 0.3857298 0.3910752 0.0481028 0.3849686 0.0000000 0.3749384 0.3306441 0.4159748 0.3801845 0.3970762 0.3857930 0.3844227 0.1439316 
n275_298   0.3150751 0.0521928 0.2553476 0.0595389 0.2069335 0.2163404 0.2024284 0.2395294 0.0237998 0.3554481 0.0522025 0.3539761 0.3714556 0.0135109 0.0486359 0.3567231 0.0450186 0.3749384 0.0000000 0.3598944 0.3206780 0.0101127 0.0203519 0.1757136 0.0630513 0.3439640 
n244_263   0.4421865 0.3870396 0.4144351 0.3841980 0.3844567 0.3966657 0.3787259 0.4015909 0.3759654 0.4869038 0.3988822 0.4783442 0.3110559 0.3595598 0.3870618 0.3138304 0.3873121 0.3306441 0.3598944 0.0000000 0.4427867 0.3650087 0.3595986 0.3959407 0.4039876 0.3004919 
n285_308   0.0067089 0.3407925 0.3053732 0.3303245 0.2625365 0.2727397 0.2627950 0.2882316 0.3309013 0.1365951 0.3349536 0.1403158 0.4167457 0.3307740 0.3298596 0.3963112 0.3300650 0.4159748 0.3206780 0.4427867 0.0000000 0.3152719 0.3413380 0.3087928 0.3568640 0.3986245 
n294_317   0.3097153 0.0557511 0.2599123 0.0631315 0.2112238 0.2206832 0.2066962 0.2439899 0.0134831 0.3552233 0.0557615 0.3537529 0.3767016 0.0169109 0.0521832 0.3618428 0.0485493 0.3801845 0.0101127 0.3650087 0.3152719 0.0000000 0.0237756 0.1713298 0.0666502 0.3490456 
n297_320   0.3355694 0.0629127 0.2743720 0.0741431 0.2247172 0.2343611 0.2201095 0.2530108 0.0341851 0.3660775 0.0666534 0.3645542 0.3873569 0.0066981 0.0630311 0.3782864 0.0593381 0.3970762 0.0203519 0.3595986 0.3413380 0.0237756 0.0000000 0.1927812 0.0738959 0.3593558 
n200_209   0.3033061 0.1966959 0.2630104 0.1893686 0.2385736 0.2484155 0.2338796 0.2574869 0.1841704 0.3663059 0.2016230 0.3768099 0.3773664 0.1841170 0.1882686 0.3803079 0.1927372 0.3857930 0.1757136 0.3959407 0.3087928 0.1713298 0.1927812 0.0000000 0.2099124 0.3716600 
n295_318   0.3509718 0.0100587 0.2835366 0.0969131 0.2381098 0.2479293 0.2334261 0.2629680 0.0814267 0.3816262 0.0237295 0.3917964 0.3984488 0.0665586 0.0203049 0.3825709 0.0168688 0.3844227 0.0630513 0.4039876 0.3568640 0.0666502 0.0738959 0.2099124 0.0000000 0.3700763 
n251_272   0.3980960 0.3590663 0.3586519 0.3498690 0.3361045 0.3475310 0.3307160 0.3462821 0.3654487 0.4380329 0.3653421 0.4301587 0.0481522 0.3485050 0.3539209 0.1274103 0.3541467 0.1439316 0.3439640 0.3004919 0.3986245 0.3490456 0.3593558 0.3716600 0.3700763 0.0000000 
