23
n289_290   0.0000000 0.0446166 0.0340853 0.3649729 0.3081592 0.0446184 0.0100612 0.2975090 0.3886085 0.0481644 0.3811676 0.2978373 0.3951761 0.2978062 0.0134545 0.1516802 0.3027389 0.0998500 0.2925730 0.2817872 0.0553613 0.3887880 0.2916043 
n294_295   0.0446166 0.0000000 0.0306063 0.3327481 0.2877998 0.0134438 0.0410735 0.2774710 0.3610697 0.0033393 0.3433369 0.2777736 0.3783024 0.2730820 0.0446314 0.1434675 0.2778581 0.0885166 0.2726668 0.2485212 0.0237116 0.3664374 0.2579162 
n295_296   0.0340853 0.0306063 0.0000000 0.3481501 0.2926943 0.0306075 0.0305949 0.2822922 0.3557582 0.0340876 0.3589542 0.2826008 0.3675825 0.2778816 0.0340968 0.1314861 0.2826869 0.0773345 0.2774581 0.2623426 0.0411366 0.3610909 0.2719036 
n266_267   0.3649729 0.3327481 0.3481501 0.0000000 0.3348155 0.3431561 0.3593640 0.3292224 0.4604424 0.3380307 0.0341457 0.3295930 0.4855248 0.3088003 0.3595368 0.3427699 0.3192379 0.3489130 0.3240649 0.1601016 0.3651514 0.4859332 0.1684391 
n299_300   0.3081592 0.2877998 0.2926943 0.3348155 0.0000000 0.2877869 0.3029635 0.0134593 0.3840114 0.2927813 0.3511798 0.0066965 0.4092631 0.0376642 0.3082533 0.2539454 0.0447209 0.2777554 0.0100733 0.2879789 0.2927676 0.3899150 0.2979093 
n298_299   0.0446184 0.0134438 0.0306075 0.3431561 0.2877869 0.0000000 0.0410751 0.2774582 0.3502222 0.0168439 0.3538931 0.2777608 0.3783454 0.2683746 0.0446332 0.1395232 0.2731235 0.0885207 0.2726540 0.2578385 0.0237125 0.3555144 0.2673483 
n290_291   0.0100612 0.0410735 0.0305949 0.3593640 0.3029635 0.0410751 0.0000000 0.2923974 0.3827995 0.0446030 0.3754350 0.2927191 0.3893044 0.2926888 0.0100645 0.1475328 0.2975872 0.0884724 0.2874960 0.2767979 0.0517595 0.3829753 0.2865463 
n274_275   0.2975090 0.2774710 0.2822922 0.3292224 0.0134593 0.2774582 0.2923974 0.0000000 0.3725859 0.2823760 0.3454458 0.0066952 0.3913468 0.0306251 0.2976002 0.2441201 0.0376045 0.2776888 0.0033375 0.2827334 0.2926965 0.3783914 0.2925855 
n251_252   0.3886085 0.3610697 0.3557582 0.4604424 0.3840114 0.3502222 0.3827995 0.3725859 0.0000000 0.3665761 0.4797345 0.3783875 0.2772227 0.3674377 0.3714408 0.3394872 0.3728484 0.3567459 0.3724564 0.3954496 0.3562333 0.0306919 0.4014562 
n293_294   0.0481644 0.0033393 0.0340876 0.3380307 0.2927813 0.0168439 0.0446030 0.2823760 0.3665761 0.0000000 0.3486971 0.2826848 0.3839460 0.2779642 0.0481804 0.1475433 0.2827708 0.0922905 0.2775404 0.2532332 0.0271628 0.3719832 0.2626882 
n265_266   0.3811676 0.3433369 0.3589542 0.0341457 0.3511798 0.3538931 0.3754350 0.3454458 0.4797345 0.3486971 0.0000000 0.3458385 0.4847347 0.3245714 0.3756168 0.3534916 0.3352494 0.3597473 0.3401728 0.1725948 0.3651853 0.4927711 0.1810703 
n300_301   0.2978373 0.2777736 0.2826008 0.3295930 0.0066965 0.2777608 0.2927191 0.0066952 0.3783875 0.2826848 0.3458385 0.0000000 0.3973289 0.0306544 0.2979286 0.2443816 0.0376406 0.2678734 0.0033408 0.2830429 0.2826707 0.3842438 0.2929075 
n244_245   0.3951761 0.3783024 0.3675825 0.4855248 0.4092631 0.3783454 0.3893044 0.3913468 0.2772227 0.3839460 0.4847347 0.3973289 0.0000000 0.3918451 0.3893831 0.3672001 0.3974524 0.3849661 0.3912090 0.4229124 0.3622778 0.2966234 0.4291386 
n278_279   0.2978062 0.2730820 0.2778816 0.3088003 0.0376642 0.2683746 0.2926888 0.0306251 0.3674377 0.2779642 0.3245714 0.0306544 0.3918451 0.0000000 0.2978975 0.2492400 0.0134557 0.2732957 0.0271641 0.2735862 0.2882310 0.3732055 0.2833350 
n287_288   0.0134545 0.0446314 0.0340968 0.3595368 0.3082533 0.0446332 0.0100645 0.2976002 0.3714408 0.0481804 0.3756168 0.2979286 0.3893831 0.2978975 0.0000000 0.1517294 0.3028315 0.0998825 0.2926629 0.2769263 0.0553795 0.3716095 0.2866797 
n200_201   0.1516802 0.1434675 0.1314861 0.3427699 0.2539454 0.1395232 0.1475328 0.2441201 0.3394872 0.1475433 0.3534916 0.2443816 0.3672001 0.2492400 0.1517294 0.0000000 0.2490391 0.1394812 0.2395215 0.2670601 0.1517706 0.3447044 0.2816210 
n277_278   0.3027389 0.2778581 0.2826869 0.3192379 0.0447209 0.2731235 0.2975872 0.0376045 0.3728484 0.2827708 0.3352494 0.0376406 0.3974524 0.0134557 0.3028315 0.2490391 0.0000000 0.2780765 0.0341123 0.2783717 0.2931084 0.3786594 0.2881807 
n236_237   0.0998500 0.0885166 0.0773345 0.3489130 0.2777554 0.0885207 0.0884724 0.2776888 0.3567459 0.0922905 0.3597473 0.2678734 0.3849661 0.2732957 0.0998825 0.1394812 0.2780765 0.0000000 0.2728797 0.2870954 0.0847636 0.3620963 0.2969932 
n280_281   0.2925730 0.2726668 0.2774581 0.3240649 0.0100733 0.2726540 0.2874960 0.0033375 0.3724564 0.2775404 0.3401728 0.0033408 0.3912090 0.0271641 0.2926629 0.2395215 0.0341123 0.2728797 0.0000000 0.2778915 0.2877888 0.3782594 0.2876813 
n285_286   0.2817872 0.2485212 0.2623426 0.1601016 0.2879789 0.2578385 0.2767979 0.2827334 0.3954496 0.2532332 0.1725948 0.2830429 0.4229124 0.2735862 0.2769263 0.2670601 0.2783717 0.2870954 0.2778915 0.0000000 0.2773467 0.4070803 0.0168791 
n275_276   0.0553613 0.0237116 0.0411366 0.3651514 0.2927676 0.0237125 0.0517595 0.2926965 0.3562333 0.0271628 0.3651853 0.2826707 0.3622778 0.2882310 0.0553795 0.1517706 0.2931084 0.0847636 0.2877888 0.2773467 0.0000000 0.3615745 0.2871178 
n255_256   0.3887880 0.3664374 0.3610909 0.4859332 0.3899150 0.3555144 0.3829753 0.3783914 0.0306919 0.3719832 0.4927711 0.3842438 0.2966234 0.3732055 0.3716095 0.3447044 0.3786594 0.3620963 0.3782594 0.4070803 0.3615745 0.0000000 0.4187486 
n286_287   0.2916043 0.2579162 0.2719036 0.1684391 0.2979093 0.2673483 0.2865463 0.2925855 0.4014562 0.2626882 0.1810703 0.2929075 0.4291386 0.2833350 0.2866797 0.2816210 0.2881807 0.2969932 0.2876813 0.0168791 0.2871178 0.4187486 0.0000000 
