26
n285_288   0.0000000 1.6858150 2.2648901 3.0880861 1.9468296 2.4842930 2.1835682 1.0583454 2.3226868 1.0014147 1.6888526 2.0490502 2.1453087 2.6265098 2.6306073 2.2072490 2.3449908 2.4895249 1.9039527 1.7901151 0.0817235 2.2193738 1.7557289 1.7244417 2.4698270 4.4771849 
n278_281   1.6858150 0.0000000 2.9743841 3.3846694 0.4640803 2.4053219 2.1718665 1.7395048 2.9307165 1.9567435 0.1732809 2.1129927 2.1436023 3.6072146 2.6618750 2.2678535 2.5719356 2.5594338 0.4537538 0.4407440 1.7339771 2.3653636 0.4475532 0.5041873 3.2015105 3.2953075 
n297_300   2.2648901 2.9743841 0.0000000 3.7088408 3.3150280 0.1470159 0.3369160 2.1948364 0.0169254 2.3831092 2.4489027 0.3483145 0.2990924 2.4718776 1.2262121 0.3205398 0.1297951 0.1472367 2.7728423 2.8796822 2.2244280 0.3417322 2.7746645 2.7725220 0.8273840 3.4152259 
n251_254   3.0880861 3.3846694 3.7088408 0.0000000 3.9684376 3.2902479 3.2661380 3.8512357 3.8664313 4.1636949 2.6018007 3.0795072 3.0223054 0.3977303 3.7182712 3.4931156 3.1825739 3.4132111 2.9255042 3.1553184 2.8456878 3.4029781 3.1309328 8.9999983 4.7615068 3.0304897 
n280_283   1.9468296 0.4640803 3.3150280 3.9684376 0.0000000 2.7067054 2.4894939 2.5594115 3.4260996 2.4199837 0.4525094 2.5828301 2.5998466 8.9999988 3.3213123 2.6917829 2.8197049 2.7931865 0.1184936 0.0981026 2.0355931 2.9632945 0.0982163 0.1608528 3.7271175 2.3750943 
n294_297   2.4842930 2.4053219 0.1470159 3.2902479 2.7067054 0.0000000 0.3483689 2.0227943 0.1511429 2.2493436 1.9265783 0.3545143 0.3099751 2.3585882 1.2696015 0.3209371 0.1293810 0.0378886 2.3017247 2.2526264 2.3240710 0.3357062 2.2000771 2.6139194 0.7970029 2.9630044 
n289_292   2.1835682 2.1718665 0.3369160 3.2661380 2.4894939 0.3483689 0.0000000 2.4035491 0.3364862 2.4459154 1.9951396 0.0593923 0.1454609 2.0603797 1.1289414 0.1370186 0.3295555 0.3601999 2.1309989 2.0879966 2.4348109 0.0702573 2.0799821 2.4325459 0.7628401 3.0428981 
n265_268   1.0583454 1.7395048 2.1948364 3.8512357 2.5594115 2.0227943 2.4035491 0.0000000 2.2628066 0.1497787 1.8683027 2.3855949 2.3108698 2.9644093 2.4762419 2.3812373 2.3296768 1.9784831 2.6792196 2.5735591 1.0045736 2.3973042 2.5604548 2.0567274 2.3212681 3.3807301 
n298_301   2.3226868 2.9307165 0.0169254 3.8664313 3.4260996 0.1511429 0.3364862 2.2628066 0.0000000 2.4644084 2.4231144 0.3478637 0.2989901 2.4620992 1.2470660 0.3204258 0.1338132 0.1513708 2.8448705 2.9589181 2.2799180 0.3412944 2.8471921 2.7592099 0.8154009 3.4202280 
n266_269   1.0014147 1.9567435 2.3831092 4.1636949 2.4199837 2.2493436 2.4459154 0.1497787 2.4644084 0.0000000 2.1198085 2.3636060 2.1772448 3.3588226 2.5197414 2.3126229 2.5241624 2.0710188 2.7145504 2.5669346 1.0158593 2.3750578 2.5919644 1.9948904 2.6675806 2.6554731 
n277_280   1.6888526 0.1732809 2.4489027 2.6018007 0.4525094 1.9265783 1.9951396 1.8683027 2.4231144 2.1198085 0.0000000 2.0222856 1.9612337 2.6459987 2.2794144 2.1144350 2.0226123 2.0777947 0.4568561 0.4436180 1.7765184 2.2613233 0.4429853 0.4791732 2.5278869 3.2038602 
n287_290   2.0490502 2.1129927 0.3483145 3.0795072 2.5828301 0.3545143 0.0593923 2.3855949 0.3478637 2.3636060 2.0222856 0.0000000 0.1290787 2.1680507 1.0660323 0.1208037 0.3301323 0.3608488 2.1852581 2.1399784 2.1986782 0.0629398 2.1314997 2.4383144 0.7350106 3.0892420 
n295_298   2.1453087 2.1436023 0.2990924 3.0223054 2.5998466 0.3099751 0.1454609 2.3108698 0.2989901 2.1772448 1.9612337 0.1290787 0.0000000 2.1950299 1.0387739 0.0413656 0.2927225 0.3042977 2.4934026 2.3969741 2.2267683 0.1497273 2.3858848 2.6116619 0.6838618 2.9800186 
n255_258   2.6265098 3.6072146 2.4718776 0.3977303 8.9999988 2.3585882 2.0603797 2.9644093 2.4620992 3.3588226 2.6459987 2.1680507 2.1950299 0.0000000 3.1659282 2.1948288 2.4811473 2.4914408 8.9999988 6.1310046 2.4518657 2.0608471 7.3441546 9.0000000 2.9826187 2.6457460 
n200_203   2.6306073 2.6618750 1.2262121 3.7182712 3.3213123 1.2696015 1.1289414 2.4762419 1.2470660 2.5197414 2.2794144 1.0660323 1.0387739 3.1659282 0.0000000 1.0489935 1.2134842 1.2496817 2.7397431 2.3752164 2.4342393 1.1470165 2.3643948 2.6484564 1.2957219 2.5590580 
n296_299   2.2072490 2.2678535 0.3205398 3.4931156 2.6917829 0.3209371 0.1370186 2.3812373 0.3204258 2.3126229 2.1144350 0.1208037 0.0413656 2.1948288 1.0489935 0.0000000 0.3084262 0.3268397 2.4868439 2.2572557 2.2936097 0.1329399 2.2476823 2.7450781 0.6803999 2.8700040 
n275_278   2.3449908 2.5719356 0.1297951 3.1825739 2.8197049 0.1293810 0.3295555 2.3296768 0.1338132 2.5241624 2.0226123 0.3301323 0.2927225 2.4811473 1.2134842 0.3084262 0.0000000 0.1295708 2.4339898 2.3740323 2.1593695 0.3237752 2.3053087 2.2607196 0.7839306 2.5921549 
n293_296   2.4895249 2.5594338 0.1472367 3.4132111 2.7931865 0.0378886 0.3601999 1.9784831 0.1513708 2.0710188 2.0777947 0.3608488 0.3042977 2.4914408 1.2496817 0.3268397 0.1295708 0.0000000 2.3030470 2.3090213 2.3288901 0.3479336 2.2678529 2.3900472 0.7780882 3.1348929 
n292_295   1.9039527 0.4537538 2.7728423 2.9255042 0.1184936 2.3017247 2.1309989 2.6792196 2.8448705 2.7145504 0.4568561 2.1852581 2.4934026 8.9999988 2.7397431 2.4868439 2.4339898 2.3030470 0.0000000 0.0381245 2.0715834 2.3805156 0.0310025 0.1599531 3.3238642 2.6072451 
n300_303   1.7901151 0.4407440 2.8796822 3.1553184 0.0981026 2.2526264 2.0879966 2.5735591 2.9589181 2.5669346 0.4436180 2.1399784 2.3969741 6.1310046 2.3752164 2.2572557 2.3740323 2.3090213 0.0381245 0.0000000 1.8684989 2.3894146 0.0067410 0.1600782 3.3582504 2.4152563 
n286_289   0.0817235 1.7339771 2.2244280 2.8456878 2.0355931 2.3240710 2.4348109 1.0045736 2.2799180 1.0158593 1.7765184 2.1986782 2.2267683 2.4518657 2.4342393 2.2936097 2.1593695 2.3288901 2.0715834 1.8684989 0.0000000 2.5558602 1.8998382 1.8906871 2.4268339 3.3671775 
n290_293   2.2193738 2.3653636 0.3417322 3.4029781 2.9632945 0.3357062 0.0702573 2.3973042 0.3412944 2.3750578 2.2613233 0.0629398 0.1497273 2.0608471 1.1470165 0.1329399 0.3237752 0.3479336 2.3805156 2.3894146 2.5558602 0.0000000 2.3784229 2.6824647 0.7200541 3.3341003 
n299_302   1.7557289 0.4475532 2.7746645 3.1309328 0.0982163 2.2000771 2.0799821 2.5604548 2.8471921 2.5919644 0.4429853 2.1314997 2.3858848 7.3441546 2.3643948 2.2476823 2.3053087 2.2678529 0.0310025 0.0067410 1.8998382 2.3784229 0.0000000 0.1513992 3.1173952 2.4042048 
n274_277   1.7244417 0.5041873 2.7725220 8.9999983 0.1608528 2.6139194 2.4325459 2.0567274 2.7592099 1.9948904 0.4791732 2.4383144 2.6116619 9.0000000 2.6484564 2.7450781 2.2607196 2.3900472 0.1599531 0.1600782 1.8906871 2.6824647 0.1513992 0.0000000 3.2600832 2.3690922 
n236_239   2.4698270 3.2015105 0.8273840 4.7615068 3.7271175 0.7970029 0.7628401 2.3212681 0.8154009 2.6675806 2.5278869 0.7350106 0.6838618 2.9826187 1.2957219 0.6803999 0.7839306 0.7780882 3.3238642 3.3582504 2.4268339 0.7200541 3.1173952 3.2600832 0.0000000 2.9526010 
n244_247   4.4771849 3.2953075 3.4152259 3.0304897 2.3750943 2.9630044 3.0428981 3.3807301 3.4202280 2.6554731 3.2038602 3.0892420 2.9800186 2.6457460 2.5590580 2.8700040 2.5921549 3.1348929 2.6072451 2.4152563 3.3671775 3.3341003 2.4042048 2.3690922 2.9526010 0.0000000 
