23
n274_281   0.0000000 0.0134395 0.2152474 0.2797850 0.0066908 0.2018981 0.0033383 0.3392866 0.2152113 0.2061593 0.2844692 0.2796667 0.3710522 0.0808715 0.2846083 0.2412075 0.0698042 0.2797429 0.2700136 0.2748357 0.2739018 0.2747602 0.3338537 
n280_283   0.0134395 0.0000000 0.2196258 0.2892944 0.0134344 0.2062019 0.0100545 0.3494940 0.2195892 0.2148396 0.2940303 0.2891709 0.3816580 0.0882801 0.2941742 0.2455590 0.0771093 0.2892487 0.2794027 0.2842806 0.2833035 0.2842035 0.3439844 
n285_288   0.2152474 0.2196258 0.0000000 0.3061182 0.2151562 0.1235439 0.2107391 0.4305345 0.0067209 0.1434432 0.3109868 0.3062285 0.4129957 0.2518765 0.3061138 0.2610876 0.2379236 0.3060654 0.2910086 0.3009481 0.3048535 0.2959135 0.4178960 
n289_292   0.2797850 0.2892944 0.3061182 0.0000000 0.2796636 0.2811239 0.2748595 0.3953289 0.3060732 0.2957272 0.0168590 0.0306787 0.4360721 0.3097217 0.0306693 0.1430245 0.2996898 0.0134648 0.0271821 0.0100738 0.1191442 0.0237347 0.4060272 
n274_280   0.0066908 0.0134344 0.2151562 0.2796636 0.0000000 0.2018124 0.0033371 0.3391363 0.2151202 0.2060727 0.2843454 0.2795453 0.3708864 0.0808396 0.2844845 0.2364700 0.0697768 0.2796216 0.2698968 0.2747166 0.2737835 0.2746411 0.3337063 
n266_267   0.2018981 0.2062019 0.1235439 0.2811239 0.2018124 0.0000000 0.1974744 0.3900279 0.1235210 0.0306952 0.2858387 0.2812237 0.4070990 0.2287673 0.2811208 0.2517261 0.2152419 0.2810810 0.2665248 0.2761408 0.2949173 0.2712726 0.3841067 
n299_302   0.0033383 0.0100545 0.2107391 0.2748595 0.0033371 0.1974744 0.0000000 0.3339511 0.2107036 0.2017130 0.2795131 0.2747437 0.3654816 0.0771466 0.2796498 0.2365545 0.0661372 0.2748192 0.2651572 0.2699469 0.2690357 0.2698722 0.3285626 
n251_252   0.3392866 0.3494940 0.4305345 0.3953289 0.3391363 0.3900279 0.3339511 0.0000000 0.4304871 0.4128001 0.3945661 0.4067040 0.3242965 0.3554904 0.4006971 0.3826108 0.3500247 0.3898471 0.3893163 0.4007476 0.4052837 0.3948687 0.0445625 
n286_289   0.2152113 0.2195892 0.0067209 0.3060732 0.2151202 0.1235210 0.2107036 0.4304871 0.0000000 0.1434172 0.3109415 0.3061835 0.4129479 0.2518363 0.3060688 0.2610465 0.2378849 0.3060205 0.2909647 0.3009035 0.3048088 0.2958692 0.4235117 
n265_266   0.2061593 0.2148396 0.1434432 0.2957272 0.2060727 0.0306952 0.2017130 0.4128001 0.1434172 0.0000000 0.3005271 0.2907008 0.4241600 0.2421404 0.2957234 0.2704298 0.2283908 0.2956788 0.2808444 0.2906401 0.3097505 0.2856794 0.4066716 
n287_290   0.2844692 0.2940303 0.3109868 0.0168590 0.2843454 0.2858387 0.2795131 0.3945661 0.3109415 0.3005271 0.0000000 0.0341460 0.4295964 0.3093386 0.0341355 0.1469867 0.2993210 0.0168590 0.0306319 0.0134533 0.1229923 0.0271714 0.4052378 
n293_296   0.2796667 0.2891709 0.3062285 0.0306787 0.2795453 0.2812237 0.2747437 0.4067040 0.3061835 0.2907008 0.0341460 0.0000000 0.4422002 0.3095860 0.0134797 0.1430659 0.2995597 0.0306786 0.0100809 0.0272016 0.1230897 0.0067068 0.4175433 
n244_245   0.3710522 0.3816580 0.4129957 0.4360721 0.3708864 0.4070990 0.3654816 0.3242965 0.4129479 0.4241600 0.4295964 0.4422002 0.0000000 0.3879038 0.4358777 0.3938276 0.3768517 0.4300408 0.4239457 0.4298462 0.4345423 0.4297576 0.3240389 
n278_279   0.0808715 0.0882801 0.2518765 0.3097217 0.0808396 0.2287673 0.0771466 0.3554904 0.2518363 0.2421404 0.3093386 0.3095860 0.3879038 0.0000000 0.3147452 0.2742187 0.0134189 0.3096677 0.2995278 0.3045462 0.2939780 0.3044663 0.3393351 
n297_300   0.2846083 0.2941742 0.3061138 0.0306693 0.2844845 0.2811208 0.2796498 0.4006971 0.3060688 0.2957234 0.0341355 0.0134797 0.4358777 0.3147452 0.0000000 0.1430191 0.3046470 0.0306692 0.0100778 0.0271932 0.1230500 0.0067048 0.4114544 
n200_201   0.2412075 0.2455590 0.2610876 0.1430245 0.2364700 0.2517261 0.2365545 0.3826108 0.2610465 0.2704298 0.1469867 0.1430659 0.3938276 0.2742187 0.1430191 0.0000000 0.2599093 0.1430160 0.1349611 0.1389525 0.1466561 0.1349151 0.3931162 
n277_278   0.0698042 0.0771093 0.2379236 0.2996898 0.0697768 0.2152419 0.0661372 0.3500247 0.2378849 0.2283908 0.2993210 0.2995597 0.3768517 0.0134189 0.3046470 0.2599093 0.0000000 0.2996399 0.2896358 0.2945893 0.2889635 0.2945108 0.3339974 
n295_298   0.2797429 0.2892487 0.3060654 0.0134648 0.2796216 0.2810810 0.2748192 0.3898471 0.3060205 0.2956788 0.0168590 0.0306786 0.4300408 0.3096677 0.0306692 0.1430160 0.2996399 0.0000000 0.0271820 0.0100739 0.1191387 0.0237347 0.4004781 
n294_297   0.2700136 0.2794027 0.2910086 0.0271821 0.2698968 0.2665248 0.2651572 0.3893163 0.2909647 0.2808444 0.0306319 0.0100809 0.4239457 0.2995278 0.0100778 0.1349611 0.2896358 0.0271820 0.0000000 0.0237250 0.1152101 0.0033429 0.3999307 
n290_293   0.2748357 0.2842806 0.3009481 0.0100738 0.2747166 0.2761408 0.2699469 0.4007476 0.3009035 0.2906401 0.0134533 0.0272016 0.4298462 0.3045462 0.0271932 0.1389525 0.2945893 0.0100739 0.0237250 0.0000000 0.1152094 0.0202935 0.4115038 
n236_237   0.2739018 0.2833035 0.3048535 0.1191442 0.2737835 0.2949173 0.2690357 0.4052837 0.3048088 0.3097505 0.1229923 0.1230897 0.4345423 0.2939780 0.1230500 0.1466561 0.2889635 0.1191387 0.1152101 0.1152094 0.0000000 0.1151712 0.4276935 
n275_276   0.2747602 0.2842035 0.2959135 0.0237347 0.2746411 0.2712726 0.2698722 0.3948687 0.2958692 0.2856794 0.0271714 0.0067068 0.4297576 0.3044663 0.0067048 0.1349151 0.2945108 0.0237347 0.0033429 0.0202935 0.1151712 0.0000000 0.4055507 
n255_256   0.3338537 0.3439844 0.4178960 0.4060272 0.3337063 0.3841067 0.3285626 0.0445625 0.4235117 0.4066716 0.4052378 0.4175433 0.3240389 0.3393351 0.4114544 0.3931162 0.3339974 0.4004781 0.3999307 0.4115038 0.4276935 0.4055507 0.0000000 
