25
n298_299   0.0000000 0.3599750 0.1877941 0.3206647 0.0701452 0.3409449 0.3546852 0.0306372 0.0271666 0.0066816 0.3656303 0.0849963 0.3708509 0.3604489 0.0775550 0.1159570 0.4066353 0.3312377 0.0306372 0.3660477 0.3241595 0.0812188 0.3602880 0.3366197 0.3838611 
n280_281   0.3599750 0.0000000 0.3276817 0.2650958 0.3377557 0.2738815 0.0134994 0.3546357 0.3432836 0.3488353 0.0971294 0.3481773 0.3438726 0.0169200 0.3373537 0.3042847 0.3670217 0.2749367 0.3546357 0.0238158 0.2687210 0.3425296 0.0203576 0.3609698 0.0972835 
n200_201   0.1877941 0.3276817 0.0000000 0.2950918 0.1661616 0.3480148 0.3334888 0.1835419 0.1791902 0.1790901 0.3169924 0.1876419 0.3953432 0.3390927 0.1703076 0.1575839 0.3953071 0.3053250 0.1835419 0.3503444 0.3255648 0.1832115 0.3446914 0.3652935 0.3339840 
n286_287   0.3206647 0.2650958 0.2950918 0.0000000 0.2995405 0.1578871 0.2702160 0.3101002 0.3050508 0.3101353 0.2498902 0.3094511 0.3379696 0.2753169 0.2991931 0.2990868 0.3436397 0.0067331 0.3101002 0.2752394 0.1452824 0.3041257 0.2752015 0.3382282 0.2602179 
n287_288   0.0701452 0.3377557 0.1661616 0.2995405 0.0000000 0.3247111 0.3326075 0.0665066 0.0628454 0.0628128 0.3378410 0.0202636 0.3537493 0.3381902 0.0066902 0.1043228 0.3771535 0.3098123 0.0665066 0.3493991 0.3030838 0.0168409 0.3437677 0.3422905 0.3553365 
n266_267   0.3409449 0.2738815 0.3480148 0.1578871 0.3247111 0.0000000 0.2691320 0.3299368 0.3249450 0.3301511 0.2737168 0.3294184 0.3364252 0.2742084 0.3243299 0.3082185 0.3644647 0.1578610 0.3299368 0.2690651 0.0271708 0.3239523 0.2792854 0.3311673 0.2794175 
n292_293   0.3546852 0.0134994 0.3334888 0.2702160 0.3326075 0.2691320 0.0000000 0.3493771 0.3381005 0.3436164 0.0818447 0.3429715 0.3332183 0.0033506 0.3322125 0.2993620 0.3560234 0.2801308 0.3493771 0.0101053 0.2640052 0.3373613 0.0067187 0.3500587 0.0819729 
n293_294   0.0306372 0.3546357 0.1835419 0.3101002 0.0665066 0.3299368 0.3493771 0.0000000 0.0237264 0.0237144 0.3602558 0.0812916 0.3654535 0.3551003 0.0738827 0.1120995 0.3887403 0.3205223 0.0066937 0.3665872 0.3134250 0.0775327 0.3608166 0.3424259 0.3783525 
n275_276   0.0271666 0.3432836 0.1791902 0.3050508 0.0628454 0.3249450 0.3381005 0.0237264 0.0000000 0.0202774 0.3488187 0.0775556 0.3597986 0.3437277 0.0701833 0.1081916 0.3950377 0.3154068 0.0237264 0.3550245 0.3085393 0.0738175 0.3493491 0.3369527 0.3665979 
n297_298   0.0066816 0.3488353 0.1790901 0.3101353 0.0628128 0.3301511 0.3436164 0.0237144 0.0202774 0.0000000 0.3544109 0.0775150 0.3595776 0.3492893 0.0701468 0.1081339 0.3947912 0.3205595 0.0237144 0.3548060 0.3136252 0.0737790 0.3491346 0.3258651 0.3723415 
n278_279   0.3656303 0.0971294 0.3169924 0.2498902 0.3378410 0.2737168 0.0818447 0.3602558 0.3488187 0.3544109 0.0000000 0.3482617 0.3214647 0.0856544 0.3374390 0.2888834 0.3329001 0.2595082 0.3602558 0.0933319 0.2738585 0.3426144 0.0894778 0.3274694 0.0135253 
n295_296   0.0849963 0.3481773 0.1876419 0.3094511 0.0202636 0.3294184 0.3429715 0.0812916 0.0775556 0.0775150 0.3482617 0.0000000 0.3643451 0.3486293 0.0271488 0.1199177 0.3880734 0.3198448 0.0812916 0.3599859 0.3076805 0.0033305 0.3542806 0.3527382 0.3660024 
n251_252   0.3708509 0.3438726 0.3953432 0.3379696 0.3537493 0.3364252 0.3332183 0.3654535 0.3597986 0.3595776 0.3214647 0.3643451 0.0000000 0.3333645 0.3588280 0.3415027 0.0412988 0.3488076 0.3654535 0.3444310 0.3420970 0.3585831 0.3443929 0.2581677 0.3277346 
n274_275   0.3604489 0.0169200 0.3390927 0.2753169 0.3381902 0.2742084 0.0033506 0.3551003 0.3437277 0.3492893 0.0856544 0.3486293 0.3333645 0.0000000 0.3377872 0.3046613 0.3561815 0.2853041 0.3551003 0.0135101 0.2690398 0.3429715 0.0101051 0.3557949 0.0857890 
n290_291   0.0775550 0.3373537 0.1703076 0.2991931 0.0066902 0.3243299 0.3322125 0.0738827 0.0701833 0.0701468 0.3374390 0.0271488 0.3588280 0.3377872 0.0000000 0.1121116 0.3823781 0.3094509 0.0738827 0.3489798 0.2925505 0.0236907 0.3433566 0.3418833 0.3549086 
n236_237   0.1159570 0.3042847 0.1575839 0.2990868 0.1043228 0.3082185 0.2993620 0.1120995 0.1081916 0.1081339 0.2888834 0.1199177 0.3415027 0.3046613 0.1121116 0.0000000 0.3644265 0.3093387 0.1120995 0.3153074 0.2921462 0.1159332 0.3099582 0.3252015 0.3050681 
n255_256   0.4066353 0.3670217 0.3953071 0.3436397 0.3771535 0.3644647 0.3560234 0.3887403 0.3950377 0.3947912 0.3329001 0.3880734 0.0412988 0.3561815 0.3823781 0.3644265 0.0000000 0.3545646 0.3887403 0.3734212 0.3646435 0.3821048 0.3675882 0.2932782 0.3442733 
n285_286   0.3312377 0.2749367 0.3053250 0.0067331 0.3098123 0.1578610 0.2801308 0.3205223 0.3154068 0.3205595 0.2595082 0.3198448 0.3488076 0.2853041 0.3094509 0.3093387 0.3545646 0.0000000 0.3205223 0.2852219 0.1452587 0.3144416 0.2851837 0.3490883 0.2699894 
n294_295   0.0306372 0.3546357 0.1835419 0.3101002 0.0665066 0.3299368 0.3493771 0.0066937 0.0237264 0.0237144 0.3602558 0.0812916 0.3654535 0.3551003 0.0738827 0.1120995 0.3887403 0.3205223 0.0000000 0.3665872 0.3134250 0.0775327 0.3608166 0.3424259 0.3783525 
n300_301   0.3660477 0.0238158 0.3503444 0.2752394 0.3493991 0.2690651 0.0101053 0.3665872 0.3550245 0.3548060 0.0933319 0.3599859 0.3444310 0.0135101 0.3489798 0.3153074 0.3734212 0.2852219 0.3665872 0.0000000 0.2639398 0.3542340 0.0101071 0.3613642 0.0896365 
n265_266   0.3241595 0.2687210 0.3255648 0.1452824 0.3030838 0.0271708 0.2640052 0.3134250 0.3085393 0.3136252 0.2738585 0.3076805 0.3420970 0.2690398 0.2925505 0.2921462 0.3646435 0.1452587 0.3134250 0.2639398 0.0000000 0.3023914 0.2740754 0.3255401 0.2795621 
n296_297   0.0812188 0.3425296 0.1832115 0.3041257 0.0168409 0.3239523 0.3373613 0.0775327 0.0738175 0.0737790 0.3426144 0.0033305 0.3585831 0.3429715 0.0236907 0.1159332 0.3821048 0.3144416 0.0775327 0.3542340 0.3023914 0.0000000 0.3485759 0.3470709 0.3602001 
n299_300   0.3602880 0.0203576 0.3446914 0.2752015 0.3437677 0.2792854 0.0067187 0.3608166 0.3493491 0.3491346 0.0894778 0.3542806 0.3443929 0.0101051 0.3433566 0.3099582 0.3675882 0.2851837 0.3608166 0.0101071 0.2740754 0.3485759 0.0000000 0.3615243 0.0896189 
n244_245   0.3366197 0.3609698 0.3652935 0.3382282 0.3422905 0.3311673 0.3500587 0.3424259 0.3369527 0.3258651 0.3274694 0.3527382 0.2581677 0.3557949 0.3418833 0.3252015 0.2932782 0.3490883 0.3424259 0.3613642 0.3255401 0.3470709 0.3615243 0.0000000 0.3392177 
n277_278   0.3838611 0.0972835 0.3339840 0.2602179 0.3553365 0.2794175 0.0819729 0.3783525 0.3665979 0.3723415 0.0135253 0.3660024 0.3277346 0.0857890 0.3549086 0.3050681 0.3442733 0.2699894 0.3783525 0.0896365 0.2795621 0.3602001 0.0896189 0.3392177 0.0000000 
