24
n298_299   0.0000000 0.2447157 0.1339326 0.3208945 0.0308590 0.3001060 0.2492766 0.0169134 0.0239095 0.0343783 0.2864254 0.0378437 0.4226861 0.2548153 0.0379151 0.0936365 0.4500292 0.3269876 0.2444428 0.3172909 0.0343056 0.2494835 0.4450616 0.2864254 
n280_281   0.2447157 0.0000000 0.2546910 0.2081169 0.2656845 0.2317009 0.0169506 0.2492634 0.2443854 0.2707444 0.0745695 0.2703160 0.3208510 0.0135147 0.2759076 0.2753382 0.3321483 0.2131120 0.0135288 0.2372829 0.2701167 0.0169622 0.3777256 0.0745695 
n200_201   0.1339326 0.2546910 0.0000000 0.3058402 0.1378668 0.2795630 0.2438895 0.1293244 0.1466873 0.1420095 0.2861917 0.1502031 0.4031354 0.2440679 0.1461883 0.1509101 0.4104560 0.3114117 0.2390997 0.2962068 0.1459742 0.2440908 0.4226914 0.2861917 
n286_287   0.3208945 0.2081169 0.3058402 0.0000000 0.3274305 0.1586280 0.2030121 0.3206819 0.3268359 0.3329177 0.2463481 0.3325409 0.3844317 0.2037749 0.3385608 0.3434988 0.3914221 0.0134124 0.1985334 0.1634357 0.3379857 0.2031737 0.4129481 0.2463481 
n287_288   0.0308590 0.2656845 0.1378668 0.3274305 0.0000000 0.3055508 0.2492973 0.0378006 0.0414942 0.0101085 0.2972235 0.0238202 0.4283710 0.2548365 0.0135120 0.1013518 0.4559117 0.3336036 0.2444631 0.3179391 0.0203603 0.2495042 0.4508709 0.2972235 
n266_267   0.3001060 0.2317009 0.2795630 0.1586280 0.3055508 0.0000000 0.2315428 0.2999091 0.3003038 0.3108740 0.2612384 0.2998698 0.3659028 0.2266206 0.3163325 0.3058210 0.3784117 0.1718246 0.2268733 0.0237119 0.3105582 0.2317309 0.4074540 0.2612384 
n292_293   0.2492766 0.0169506 0.2438895 0.2030121 0.2492973 0.2315428 0.0000000 0.2483240 0.2434669 0.2542226 0.0782343 0.2589978 0.3266105 0.0100904 0.2592390 0.2694006 0.3380106 0.2079525 0.0033408 0.2371195 0.2588097 0.0067013 0.3648649 0.0782343 
n293_294   0.0169134 0.2492634 0.1293244 0.3206819 0.0378006 0.2999091 0.2483240 0.0000000 0.0203952 0.0413464 0.2856607 0.0413000 0.4149685 0.2538375 0.0449100 0.0972853 0.4419456 0.3267699 0.2435101 0.3170802 0.0377507 0.2485293 0.4365109 0.2856607 
n275_276   0.0239095 0.2443854 0.1466873 0.3268359 0.0414942 0.3003038 0.2434669 0.0203952 0.0000000 0.0487170 0.2801653 0.0486630 0.4222228 0.2489332 0.0523361 0.1055863 0.4495264 0.3329947 0.2386849 0.3175038 0.0450570 0.2436677 0.4444301 0.2801653 
n289_290   0.0343783 0.2707444 0.1420095 0.3329177 0.0101085 0.3108740 0.2542226 0.0413464 0.0487170 0.0000000 0.3025164 0.0272942 0.4347205 0.2598092 0.0101085 0.1052696 0.4625065 0.3391447 0.2493565 0.3180203 0.0238156 0.2544342 0.4505770 0.3025164 
n278_279   0.2864254 0.0745695 0.2861917 0.2463481 0.2972235 0.2612384 0.0782343 0.2856607 0.2801653 0.3025164 0.0000000 0.3076374 0.3688848 0.0744112 0.3020724 0.3021943 0.3810804 0.2516935 0.0744910 0.2671492 0.3074014 0.0782913 0.3963312 0.0066740 
n295_296   0.0378437 0.2703160 0.1502031 0.3325409 0.0238202 0.2998698 0.2589978 0.0413000 0.0486630 0.0272942 0.3076374 0.0000000 0.4471754 0.2646291 0.0307853 0.1051505 0.4754527 0.3387600 0.2541023 0.3121276 0.0100916 0.2592139 0.4632203 0.3076374 
n251_252   0.4226861 0.3208510 0.4031354 0.3844317 0.4283710 0.3659028 0.3266105 0.4149685 0.4222228 0.4347205 0.3688848 0.4471754 0.0000000 0.3208778 0.4413528 0.4217687 0.0380070 0.4033336 0.3212499 0.3915580 0.4404788 0.3268936 0.3114597 0.3741475 
n274_275   0.2548153 0.0135147 0.2440679 0.2037749 0.2548365 0.2266206 0.0100904 0.2538375 0.2489332 0.2598092 0.0744112 0.2646291 0.3208778 0.0000000 0.2648772 0.2696012 0.3321770 0.2087370 0.0067114 0.2321419 0.2644354 0.0100973 0.3648504 0.0744112 
n290_291   0.0379151 0.2759076 0.1461883 0.3385608 0.0135120 0.3163325 0.2592390 0.0449100 0.0523361 0.0101085 0.3020724 0.0307853 0.4413528 0.2648772 0.0000000 0.1092140 0.4620373 0.3448482 0.2543380 0.3289530 0.0272878 0.2594555 0.4642032 0.3020724 
n236_237   0.0936365 0.2753382 0.1509101 0.3434988 0.1013518 0.3058210 0.2694006 0.0972853 0.1055863 0.1052696 0.3021943 0.1051505 0.4217687 0.2696012 0.1092140 0.0000000 0.4500589 0.3498301 0.2644283 0.3288351 0.1012122 0.2696270 0.4852946 0.3021943 
n255_256   0.4500292 0.3321483 0.4104560 0.3914221 0.4559117 0.3784117 0.3380106 0.4419456 0.4495264 0.4625065 0.3810804 0.4754527 0.0380070 0.3321770 0.4620373 0.4500589 0.0000000 0.4040607 0.3325640 0.3986384 0.4684730 0.3383057 0.3174393 0.3744927 
n285_286   0.3269876 0.2131120 0.3114117 0.0134124 0.3336036 0.1718246 0.2079525 0.3267699 0.3329947 0.3391447 0.2516935 0.3387600 0.4033336 0.2087370 0.3448482 0.3498301 0.4040607 0.0000000 0.2034365 0.1767701 0.3442581 0.2081188 0.4259400 0.2516935 
n300_301   0.2444428 0.0135288 0.2390997 0.1985334 0.2444631 0.2268733 0.0033408 0.2435101 0.2386849 0.2493565 0.0744910 0.2541023 0.3212499 0.0067114 0.2543380 0.2644283 0.3325640 0.2034365 0.0000000 0.2324018 0.2539187 0.0033429 0.3592334 0.0744910 
n265_266   0.3172909 0.2372829 0.2962068 0.1634357 0.3179391 0.0237119 0.2371195 0.3170802 0.3175038 0.3180203 0.2671492 0.3121276 0.3915580 0.2321419 0.3289530 0.3288351 0.3986384 0.1767701 0.2324018 0.0000000 0.3230420 0.2373133 0.4102982 0.2671492 
n296_297   0.0343056 0.2701167 0.1459742 0.3379857 0.0203603 0.3105582 0.2588097 0.0377507 0.0450570 0.0238156 0.3074014 0.0100916 0.4404788 0.2644354 0.0272878 0.1012122 0.4684730 0.3442581 0.2539187 0.3230420 0.0000000 0.2590255 0.4632694 0.3074014 
n299_300   0.2494835 0.0169622 0.2440908 0.2031737 0.2495042 0.2317309 0.0067013 0.2485293 0.2436677 0.2544342 0.0782913 0.2592139 0.3268936 0.0100973 0.2594555 0.2696270 0.3383057 0.2081188 0.0033429 0.2373133 0.2590255 0.0000000 0.3651873 0.0782913 
n244_245   0.4450616 0.3777256 0.4226914 0.4129481 0.4508709 0.4074540 0.3648649 0.4365109 0.4444301 0.4505770 0.3963312 0.4632203 0.3114597 0.3648504 0.4642032 0.4852946 0.3174393 0.4259400 0.3592334 0.4102982 0.4632694 0.3651873 0.0000000 0.4022577 
n277_278   0.2864254 0.0745695 0.2861917 0.2463481 0.2972235 0.2612384 0.0782343 0.2856607 0.2801653 0.3025164 0.0066740 0.3076374 0.3741475 0.0744112 0.3020724 0.3021943 0.3744927 0.2516935 0.0744910 0.2671492 0.3074014 0.0782913 0.4022577 0.0000000 
