26
n295_290   0.0000000 1.9786636 0.0308366 2.1822600 0.1537605 0.3520451 0.3407870 2.0008539 0.1410569 1.6508671 0.9434416 0.1283440 2.3173310 1.9608495 1.5016828 1.9369123 2.0273605 1.7525164 0.3528655 1.6110597 2.2686549 0.3299959 1.9497788 0.3465628 2.6034148 0.5773521 
n278_273   1.9786636 0.0000000 2.0229932 0.1593953 1.9573460 1.7911563 1.6407265 0.3523294 1.7322131 1.9213169 1.9018932 1.7699886 2.6656978 0.3590048 1.9769701 0.3579220 0.3136279 1.8422108 1.8079305 2.0450243 4.3153570 1.7303086 0.3401245 1.7935021 3.7903606 1.7511830 
n296_291   0.0308366 2.0229932 0.0000000 2.1444219 0.1455025 0.3574841 0.3461494 2.0075209 0.1369741 1.6988019 0.9667430 0.1243462 2.2981324 1.9380299 1.5134045 1.9432690 2.0810608 1.8381851 0.3583217 1.6435295 2.1748463 0.3408409 1.9562476 0.3462766 2.4504002 0.6014782 
n277_272   2.1822600 0.1593953 2.1444219 0.0000000 2.3894463 1.9223296 1.8179475 0.3698640 2.0089016 1.9648337 1.8902574 2.0618669 2.4256016 0.3877554 2.1254195 0.3867968 0.3469323 1.9756117 1.9579280 2.2037254 3.5649192 1.7106222 0.3688759 1.6905336 3.3781022 1.9605728 
n290_285   0.1537605 1.9573460 0.1455025 2.3894463 0.0000000 0.3104837 0.3059640 2.0586414 0.0629487 1.7679670 0.9394550 0.0591930 2.3291500 1.8971693 1.5667678 1.9644353 2.0377652 1.9063009 0.3173271 1.7314286 2.3624121 0.3321821 1.9779344 0.3375438 2.3734473 0.5834869 
n275_270   0.3520451 1.7911563 0.3574841 1.9223296 0.3104837 0.0000000 0.1127537 1.7317635 0.3055387 1.6844423 0.9000638 0.3005862 1.9695995 1.7984703 1.6256491 1.7223750 1.7781515 1.7694136 0.1369466 1.5349723 2.2353392 0.1169580 1.7390935 0.1287513 2.6951359 0.5918194 
n297_292   0.3407870 1.6407265 0.3461494 1.8179475 0.3059640 0.1127537 0.0000000 1.8441870 0.3063241 1.7160766 0.8891902 0.3008408 1.8860239 1.8927593 1.6697060 1.9033490 1.8247988 1.8639345 0.0341998 1.5630974 2.2097632 0.1167711 1.9249624 0.1326133 2.3447720 0.5291754 
n292_287   2.0008539 0.3523294 2.0075209 0.3698640 2.0586414 1.7317635 1.8441870 0.0000000 1.7590326 2.2609562 1.8756926 1.7938152 2.9869584 0.1256732 2.1915502 0.0486023 0.0859020 2.1648042 1.9435967 2.3423908 3.0118717 1.6285963 0.0307819 1.6820762 3.6145906 2.2099332 
n287_282   0.1410569 1.7322131 0.1369741 2.0089016 0.0629487 0.3055387 0.3063241 1.7590326 0.0000000 1.6511764 0.9095846 0.0518967 2.2494185 1.6545960 1.4066298 1.7069899 1.7895714 1.7167457 0.3177039 1.6375485 2.6022238 0.3270971 1.7160653 0.3269230 2.3933820 0.5678861 
n285_280   1.6508671 1.9213169 1.6988019 1.9648337 1.7679670 1.6844423 1.7160766 2.2609562 1.6511764 0.0000000 1.9756871 1.6590384 1.9590822 2.2442904 0.9357849 2.3014545 2.4178926 0.0667832 1.7292594 0.9763836 2.8322829 1.5733827 2.2573231 1.7402941 2.4512093 2.0138529 
n200_195   0.9434416 1.9018932 0.9667430 1.8902574 0.9394550 0.9000638 0.8891902 1.8756926 0.9095846 1.9756871 0.0000000 0.9010110 2.4474839 1.8462361 1.7566695 2.0926342 2.0730736 2.1448200 0.9413665 1.6651750 2.6535670 0.9102849 1.9604951 0.8868995 2.5753075 0.9513647 
n289_284   0.1283440 1.7699886 0.1243462 2.0618669 0.0591930 0.3005862 0.3008408 1.7938152 0.0518967 1.6590384 0.9010110 0.0000000 2.5412624 1.7726725 1.4809857 1.7398934 1.8313962 1.7257353 0.3121173 1.6614753 2.3868903 0.3220095 1.7494976 0.3218386 2.6560235 0.5595003 
n244_239   2.3173310 2.6656978 2.2981324 2.4256016 2.3291500 1.9695995 1.8860239 2.9869584 2.2494185 1.9590822 2.4474839 2.5412624 0.0000000 2.8811829 1.9693573 3.3478538 3.2595317 2.2440214 1.9058853 1.8210338 1.9876369 1.9193274 3.2235921 2.0318236 1.9728995 2.6474862 
n274_269   1.9608495 0.3590048 1.9380299 0.3877554 1.8971693 1.7984703 1.8927593 0.1256732 1.6545960 2.2442904 1.8462361 1.7726725 2.8811829 0.0000000 2.2174275 0.1340830 0.1053620 2.1427451 1.9698243 2.3598601 3.5953081 1.6855617 0.1094945 1.6817696 3.4300492 1.9693573 
n265_260   1.5016828 1.9769701 1.5134045 2.1254195 1.5667678 1.6256491 1.6697060 2.1915502 1.4066298 0.9357849 1.7566695 1.4809857 1.9693573 2.2174275 0.0000000 2.1755796 2.3275426 0.9726291 1.6896798 0.1578323 2.6042536 1.6068580 2.0248132 1.6078891 3.2429903 1.8242683 
n299_294   1.9369123 0.3579220 1.9432690 0.3867968 1.9644353 1.7223750 1.9033490 0.0486023 1.7069899 2.3014545 2.0926342 1.7398934 3.3478538 0.1340830 2.1755796 0.0000000 0.0976239 2.2337736 1.9360639 2.2391069 2.7505950 1.6203468 0.0204186 1.6167048 3.2426280 2.2654151 
n280_275   2.0273605 0.3136279 2.0810608 0.3469323 2.0377652 1.7781515 1.8247988 0.0859020 1.7895714 2.4178926 2.0730736 1.8313962 3.2595317 0.1053620 2.3275426 0.0976239 0.0000000 2.4211495 1.8659855 2.3723582 3.2741153 1.7318626 0.0744684 1.7520676 3.3114773 2.0815696 
n286_281   1.7525164 1.8422108 1.8381851 1.9756117 1.9063009 1.7694136 1.8639345 2.1648042 1.7167457 0.0667832 2.1448200 1.7257353 2.2440214 2.1427451 0.9726291 2.2337736 2.4211495 0.0000000 1.9262885 1.0035989 3.1104500 1.7272215 2.1922479 1.9300734 3.0018131 1.9934584 
n298_293   0.3528655 1.8079305 0.3583217 1.9579280 0.3173271 0.1369466 0.0341998 1.9435967 0.3177039 1.7292594 0.9413665 0.3121173 1.9058853 1.9698243 1.6896798 1.9360639 1.8659855 1.9262885 0.0000000 1.5807427 2.1236882 0.1409790 2.0022735 0.1573413 2.4494902 0.5364546 
n266_261   1.6110597 2.0450243 1.6435295 2.2037254 1.7314286 1.5349723 1.5630974 2.3423908 1.6375485 0.9763836 1.6651750 1.6614753 1.8210338 2.3598601 0.1578323 2.2391069 2.3723582 1.0035989 1.5807427 0.0000000 2.2580890 1.5466933 2.1093358 1.5473224 2.8450741 1.8495917 
n255_250   2.2686549 4.3153570 2.1748463 3.5649192 2.3624121 2.2353392 2.2097632 3.0118717 2.6022238 2.8322829 2.6535670 2.3868903 1.9876369 3.5953081 2.6042536 2.7505950 3.2741153 3.1104500 2.1236882 2.2580890 0.0000000 2.2438718 2.8371792 2.2596948 0.3990705 2.7479372 
n293_288   0.3299959 1.7303086 0.3408409 1.7106222 0.3321821 0.1169580 0.1167711 1.6285963 0.3270971 1.5733827 0.9102849 0.3220095 1.9193274 1.6855617 1.6068580 1.6203468 1.7318626 1.7272215 0.1409790 1.5466933 2.2438718 0.0000000 1.6348804 0.0376875 2.4584888 0.6013086 
n300_295   1.9497788 0.3401245 1.9562476 0.3688759 1.9779344 1.7390935 1.9249624 0.0307819 1.7160653 2.2573231 1.9604951 1.7494976 3.2235921 0.1094945 2.0248132 0.0204186 0.0744684 2.1922479 2.0022735 2.1093358 2.8371792 1.6348804 0.0000000 1.6311811 3.5017787 2.3212979 
n294_289   0.3465628 1.7935021 0.3462766 1.6905336 0.3375438 0.1287513 0.1326133 1.6820762 0.3269230 1.7402941 0.8868995 0.3218386 2.0318236 1.6817696 1.6078891 1.6167048 1.7520676 1.9300734 0.1573413 1.5473224 2.2596948 0.0376875 1.6311811 0.0000000 2.5172646 0.6151062 
n251_246   2.6034148 3.7903606 2.4504002 3.3781022 2.3734473 2.6951359 2.3447720 3.6145906 2.3933820 2.4512093 2.5753075 2.6560235 1.9728995 3.4300492 3.2429903 3.2426280 3.3114773 3.0018131 2.4494902 2.8450741 0.3990705 2.4584888 3.5017787 2.5172646 0.0000000 5.3558060 
n236_231   0.5773521 1.7511830 0.6014782 1.9605728 0.5834869 0.5918194 0.5291754 2.2099332 0.5678861 2.0138529 0.9513647 0.5595003 2.6474862 1.9693573 1.8242683 2.2654151 2.0815696 1.9934584 0.5364546 1.8495917 2.7479372 0.6013086 2.3212979 0.6151062 5.3558060 0.0000000 
