21
n298_299   0.0000000 0.2865476 0.1637552 0.2707699 0.0169464 0.2655767 0.2767093 0.0067225 0.0067303 0.0135254 0.2756990 0.0238326 0.3691394 0.2818360 0.0628162 0.3698268 0.2516104 0.2651028 0.2870346 0.3573032 0.2616493 
n280_281   0.2865476 0.0000000 0.3621921 0.2705634 0.2863324 0.2847495 0.0067052 0.2962848 0.2917260 0.2814188 0.1032483 0.3012696 0.4028755 0.0134812 0.3014626 0.4036554 0.2514068 0.2888618 0.0134949 0.3720506 0.0882597 
n200_201   0.1637552 0.3621921 0.0000000 0.2892015 0.1680415 0.3040035 0.3513419 0.1676619 0.1722461 0.1638573 0.3389853 0.1720492 0.4076161 0.3570384 0.1638692 0.4073328 0.2740657 0.3085176 0.3628218 0.4168955 0.3189091 
n286_287   0.2707699 0.2705634 0.2892015 0.0000000 0.2709182 0.1187849 0.2609715 0.2706447 0.2806306 0.2661194 0.2371040 0.2807677 0.3365852 0.2707195 0.2663289 0.3425793 0.0133988 0.1225052 0.2710190 0.3349222 0.2281913 
n287_288   0.0169464 0.2863324 0.1680415 0.2709182 0.0000000 0.2657223 0.2765019 0.0238228 0.0238504 0.0033557 0.2658498 0.0203668 0.3581846 0.2816244 0.0665093 0.3588438 0.2517465 0.2652470 0.2868188 0.3573534 0.2519828 
n266_267   0.2655767 0.2847495 0.3040035 0.1187849 0.2657223 0.0000000 0.2749814 0.2654548 0.2753536 0.2609633 0.2460248 0.2754864 0.3295609 0.2703606 0.2653668 0.3301982 0.1032504 0.0270427 0.2852315 0.3189345 0.2415237 
n292_293   0.2767093 0.0067052 0.3513419 0.2609715 0.2765019 0.2749814 0.0000000 0.2863204 0.2818128 0.2716535 0.0956281 0.2912368 0.3973674 0.0067086 0.2914236 0.3981320 0.2420655 0.2790588 0.0067155 0.3667812 0.0807831 
n293_294   0.0067225 0.2962848 0.1676619 0.2706447 0.0238228 0.2654548 0.2863204 0.0000000 0.0135153 0.0203714 0.2852699 0.0307693 0.3799585 0.2915183 0.0700987 0.3806741 0.2514943 0.2649808 0.2967900 0.3679471 0.2710555 
n275_276   0.0067303 0.2917260 0.1722461 0.2806306 0.0238504 0.2753536 0.2818128 0.0135153 0.0000000 0.0203950 0.2807803 0.0308063 0.3693912 0.2869814 0.0701826 0.3700796 0.2612059 0.2748601 0.2922231 0.3684286 0.2666318 
n289_290   0.0135254 0.2814188 0.1638573 0.2661194 0.0033557 0.2609633 0.2716535 0.0203714 0.0203950 0.0000000 0.2610848 0.0169325 0.3527879 0.2767393 0.0628535 0.3534334 0.2470717 0.2604970 0.2818960 0.3519664 0.2473013 
n278_279   0.2756990 0.1032483 0.3389853 0.2371040 0.2658498 0.2460248 0.0956281 0.2852699 0.2807803 0.2610848 0.0000000 0.2803271 0.3795379 0.0995230 0.2852353 0.3802529 0.2188326 0.2454583 0.1034126 0.3492167 0.0270311 
n295_296   0.0238326 0.3012696 0.1720492 0.2807677 0.0203668 0.2754864 0.2912368 0.0307693 0.0308063 0.0169325 0.2803271 0.0000000 0.3801733 0.2964731 0.0738629 0.3808898 0.2613279 0.2749920 0.3017842 0.3793044 0.2662024 
n251_252   0.3691394 0.4028755 0.4076161 0.3365852 0.3581846 0.3295609 0.3973674 0.3799585 0.3693912 0.3527879 0.3795379 0.3801733 0.0000000 0.3979218 0.3532972 0.0482155 0.3257336 0.3556744 0.4096882 0.2696995 0.3630796 
n274_275   0.2818360 0.0134812 0.3570384 0.2707195 0.2816244 0.2703606 0.0067086 0.2915183 0.2869814 0.2767393 0.0995230 0.2964731 0.3979218 0.0000000 0.2966632 0.3986888 0.2515522 0.2744256 0.0135019 0.3725992 0.0883079 
n236_237   0.0628162 0.3014626 0.1638692 0.2663289 0.0665093 0.2653668 0.2914236 0.0700987 0.0701826 0.0628535 0.2852353 0.0738629 0.3532972 0.2966632 0.0000000 0.3539450 0.2472619 0.2745810 0.3019777 0.3729373 0.2663736 
n255_256   0.3698268 0.4036554 0.4073328 0.3425793 0.3588438 0.3301982 0.3981320 0.3806741 0.3700796 0.3534334 0.3802529 0.3808898 0.0482155 0.3986888 0.3539450 0.0000000 0.3316171 0.3456412 0.4104886 0.2654800 0.3637516 
n285_286   0.2516104 0.2514068 0.2740657 0.0133988 0.2517465 0.1032504 0.2420655 0.2514943 0.2612059 0.2470717 0.2188326 0.2613279 0.3257336 0.2515522 0.2472619 0.3316171 0.0000000 0.1069125 0.2518278 0.3293423 0.2101290 
n265_266   0.2651028 0.2888618 0.3085176 0.1225052 0.2652470 0.0270427 0.2790588 0.2649808 0.2748601 0.2604970 0.2454583 0.2749920 0.3556744 0.2744256 0.2745810 0.3456412 0.1069125 0.0000000 0.2893505 0.3392038 0.2409680 
n299_300   0.2870346 0.0134949 0.3628218 0.2710190 0.2868188 0.2852315 0.0067155 0.2967900 0.2922231 0.2818960 0.1034126 0.3017842 0.4096882 0.0135019 0.3019777 0.4104886 0.2518278 0.2893505 0.0000000 0.3785090 0.0883991 
n244_245   0.3573032 0.3720506 0.4168955 0.3349222 0.3573534 0.3189345 0.3667812 0.3679471 0.3684286 0.3519664 0.3492167 0.3793044 0.2696995 0.3725992 0.3729373 0.2654800 0.3293423 0.3392038 0.3785090 0.0000000 0.3287903 
n277_278   0.2616493 0.0882597 0.3189091 0.2281913 0.2519828 0.2415237 0.0807831 0.2710555 0.2666318 0.2473013 0.0270311 0.2662024 0.3630796 0.0883079 0.2663736 0.3637516 0.2101290 0.2409680 0.0883991 0.3287903 0.0000000 
