24
n289_290   0.0000000 0.0520917 0.0134885 0.3129740 0.2636819 0.0666728 0.0100742 0.2834420 0.3665977 0.3184452 0.0203466 0.3676147 0.2994217 0.0033434 0.1953771 0.2997373 0.0593546 0.0965691 0.2837765 0.3074962 0.0630332 0.3667285 0.2638779 0.3172560 
n294_295   0.0520917 0.0000000 0.0449469 0.2971965 0.2685499 0.0272631 0.0556144 0.2779869 0.3554765 0.3025378 0.0521650 0.3680225 0.3042557 0.0484394 0.1910837 0.3045781 0.0203483 0.0891819 0.2834551 0.3020294 0.0169221 0.3556003 0.2687500 0.3117160 
n295_296   0.0134885 0.0449469 0.0000000 0.3028495 0.2587307 0.0593876 0.0168752 0.2783540 0.3609274 0.3082451 0.0067201 0.3563958 0.2942103 0.0100806 0.1867560 0.2945182 0.0521387 0.0928748 0.2786808 0.2974503 0.0557790 0.3610546 0.2589225 0.3071025 
n266_267   0.3129740 0.2971965 0.3028495 0.0000000 0.2435940 0.3287123 0.3069604 0.2529886 0.2453093 0.0067069 0.3135727 0.2858692 0.2583890 0.3072946 0.2903101 0.2584639 0.3236683 0.3129752 0.2532771 0.1481826 0.3076215 0.2646662 0.2485035 0.1438143 
n299_300   0.2636819 0.2685499 0.2587307 0.2435940 0.0000000 0.2987626 0.2582956 0.0135186 0.3121718 0.2485382 0.2688095 0.3241050 0.0668707 0.2584147 0.3015944 0.0705856 0.2886435 0.2984861 0.0135304 0.2577849 0.2891431 0.3070692 0.0033581 0.2571970 
n298_299   0.0666728 0.0272631 0.0593876 0.3287123 0.2987626 0.0000000 0.0702456 0.3085541 0.3779713 0.3343058 0.0667681 0.4029247 0.3360235 0.0629270 0.2137462 0.3363949 0.0134760 0.0967990 0.3142986 0.3337350 0.0377912 0.3781095 0.2989886 0.3437957 
n290_291   0.0100742 0.0556144 0.0168752 0.3069604 0.2582956 0.0702456 0.0000000 0.2778718 0.3713788 0.3123722 0.0237585 0.3667678 0.2936873 0.0066925 0.1994163 0.2939939 0.0629029 0.1041734 0.2781972 0.3120255 0.0665957 0.3715124 0.2584867 0.3218186 
n274_275   0.2834420 0.2779869 0.2783540 0.2529886 0.0135186 0.3085541 0.2778718 0.0000000 0.3224126 0.2579990 0.2887268 0.3345536 0.0742469 0.2780053 0.3168632 0.0780002 0.2983200 0.3137970 0.0203827 0.2673512 0.2988415 0.3172442 0.0169454 0.2667368 
n251_252   0.3665977 0.3554765 0.3609274 0.2453093 0.3121718 0.3779713 0.3713788 0.3224126 0.0000000 0.2453747 0.3725649 0.2170497 0.3281961 0.3604276 0.3455481 0.3118906 0.3726391 0.3827610 0.3228052 0.2937534 0.3608274 0.0235209 0.3175903 0.2982898 
n265_266   0.3184452 0.3025378 0.3082451 0.0067069 0.2485382 0.3343058 0.3123722 0.2579990 0.2453747 0.0000000 0.3190585 0.2911014 0.2634475 0.3127135 0.2955648 0.2635255 0.3292267 0.3184454 0.2582948 0.1524148 0.3130483 0.2647369 0.2534867 0.1480109 
n296_297   0.0203466 0.0521650 0.0067201 0.3135727 0.2688095 0.0667681 0.0237585 0.2887268 0.3725649 0.3190585 0.0000000 0.3679904 0.3048479 0.0168951 0.1957007 0.3051718 0.0594388 0.1006351 0.2890696 0.3027695 0.0558161 0.3726997 0.2690100 0.3124891 
n244_245   0.3676147 0.3680225 0.3563958 0.2858692 0.3241050 0.4029247 0.3667678 0.3345536 0.2170497 0.2911014 0.3679904 0.0000000 0.3085015 0.3614163 0.3414077 0.3133108 0.3974158 0.3963992 0.3349679 0.2899316 0.3918305 0.2217384 0.3296451 0.2945202 
n278_279   0.2994217 0.3042557 0.2942103 0.2583890 0.0668707 0.3360235 0.2936873 0.0742469 0.3281961 0.2634475 0.3048479 0.3085015 0.0000000 0.2938335 0.3176258 0.0238983 0.3253982 0.3199828 0.0743167 0.2821404 0.3259864 0.3229846 0.0706004 0.2667348 
n287_288   0.0033434 0.0484394 0.0100806 0.3072946 0.2584147 0.0629270 0.0066925 0.2780053 0.3604276 0.3127135 0.0168951 0.3614163 0.2938335 0.0000000 0.1907272 0.2941404 0.0556552 0.0965207 0.2783312 0.3018708 0.0593087 0.3605544 0.2586060 0.3115526 
n200_201   0.1953771 0.1910837 0.1867560 0.2903101 0.3015944 0.2137462 0.1994163 0.3168632 0.3455481 0.2955648 0.1957007 0.3414077 0.3176258 0.1907272 0.0000000 0.3068792 0.2047938 0.1912872 0.3226482 0.2948935 0.2139295 0.3456645 0.3069275 0.2942598 
n277_278   0.2997373 0.3045781 0.2945182 0.2584639 0.0705856 0.3363949 0.2939939 0.0780002 0.3118906 0.2635255 0.3051718 0.3133108 0.0238983 0.2941404 0.3068792 0.0000000 0.3257530 0.3203291 0.0780738 0.2924584 0.3263438 0.3067941 0.0743374 0.2867666 
n297_298   0.0593546 0.0203483 0.0521387 0.3236683 0.2886435 0.0134760 0.0629029 0.2983200 0.3726391 0.3292267 0.0594388 0.3974158 0.3253982 0.0556552 0.2047938 0.3257530 0.0000000 0.0968569 0.3039740 0.3286655 0.0307679 0.3727740 0.2888609 0.3386762 
n236_237   0.0965691 0.0891819 0.0928748 0.3129752 0.2984861 0.0967990 0.1041734 0.3137970 0.3827610 0.3184454 0.1006351 0.3963992 0.3199828 0.0965207 0.1912872 0.3203291 0.0968569 0.0000000 0.3195937 0.3173006 0.1007581 0.3829022 0.3038310 0.3165997 
n280_281   0.2837765 0.2834551 0.2786808 0.2532771 0.0135304 0.3142986 0.2781972 0.0203827 0.3228052 0.2582948 0.2890696 0.3349679 0.0743167 0.2783312 0.3226482 0.0780738 0.3039740 0.3195937 0.0000000 0.2676603 0.3045095 0.3176286 0.0169602 0.2670443 
n285_286   0.3074962 0.3020294 0.2974503 0.1481826 0.2577849 0.3337350 0.3120255 0.2673512 0.2937534 0.1524148 0.3027695 0.2899316 0.2821404 0.3018708 0.2948935 0.2924584 0.3286655 0.3173006 0.2676603 0.0000000 0.3125192 0.2938415 0.2627970 0.0202280 
n275_276   0.0630332 0.0169221 0.0557790 0.3076215 0.2891431 0.0377912 0.0665957 0.2988415 0.3608274 0.3130483 0.0558161 0.3918305 0.3259864 0.0593087 0.2139295 0.3263438 0.0307679 0.1007581 0.3045095 0.3125192 0.0000000 0.3609545 0.2893613 0.3223339 
n255_256   0.3667285 0.3556003 0.3610546 0.2646662 0.3070692 0.3781095 0.3715124 0.3172442 0.0235209 0.2647369 0.3726997 0.2217384 0.3229846 0.3605544 0.3456645 0.3067941 0.3727740 0.3829022 0.3176286 0.2938415 0.3609545 0.0000000 0.3124480 0.2983801 
n292_293   0.2638779 0.2687500 0.2589225 0.2485035 0.0033581 0.2989886 0.2584867 0.0169454 0.3175903 0.2534867 0.2690100 0.3296451 0.0706004 0.2586060 0.3069275 0.0743374 0.2888609 0.3038310 0.0169602 0.2627970 0.2893613 0.3124480 0.0000000 0.2621947 
n286_287   0.3172560 0.3117160 0.3071025 0.1438143 0.2571970 0.3437957 0.3218186 0.2667368 0.2982898 0.1480109 0.3124891 0.2945202 0.2667348 0.3115526 0.2942598 0.2867666 0.3386762 0.3165997 0.2670443 0.0202280 0.3223339 0.2983801 0.2621947 0.0000000 
