23
n298_299   0.0000000 0.2527261 0.1268295 0.2459944 0.0236312 0.2187488 0.2478041 0.0100507 0.0168141 0.0270885 0.2474588 0.0270749 0.3334250 0.2434850 0.0995199 0.3168753 0.2506405 0.2479864 0.2324007 0.0236396 0.2573413 0.3207788 0.2522553 
n280_281   0.2527261 0.0000000 0.2256044 0.2428545 0.2478411 0.2155879 0.0100961 0.2483080 0.2574585 0.2527134 0.0812241 0.2480233 0.3234454 0.0135256 0.2578255 0.3283069 0.2475046 0.0067192 0.2336951 0.2479584 0.0134984 0.3020424 0.0850013 
n200_201   0.1268295 0.2256044 0.0000000 0.2279989 0.1226882 0.1972390 0.2254002 0.1190694 0.1308085 0.1267135 0.2339902 0.1266487 0.3181861 0.2166661 0.1469345 0.3019912 0.2325395 0.2210282 0.2105145 0.1227371 0.2211950 0.3165113 0.2386999 
n286_287   0.2459944 0.2428545 0.2279989 0.0000000 0.2320408 0.0957868 0.2426327 0.2368897 0.2506538 0.2367692 0.2331846 0.2411236 0.3219468 0.2337467 0.2646868 0.3107397 0.0100220 0.2381861 0.1073001 0.2366005 0.2474046 0.2993543 0.2378769 
n287_288   0.0236312 0.2478411 0.1226882 0.2320408 0.0000000 0.2096052 0.2429584 0.0202287 0.0270739 0.0033314 0.2426219 0.0100272 0.3221200 0.2386657 0.0917896 0.3058786 0.2365984 0.2431366 0.2230681 0.0066707 0.2524243 0.3202689 0.2473816 
n266_267   0.2187488 0.2155879 0.1972390 0.0957868 0.2096052 0.0000000 0.2153951 0.2145305 0.2232405 0.2141766 0.2197394 0.2141779 0.2966513 0.2068020 0.2367567 0.2858787 0.0919944 0.2110929 0.0168801 0.2140242 0.2199811 0.2705901 0.2243416 
n292_293   0.2478041 0.0100961 0.2254002 0.2426327 0.2429584 0.2153951 0.0000000 0.2434142 0.2525025 0.2477925 0.0737956 0.2431359 0.3231301 0.0169261 0.2528592 0.3279859 0.2472779 0.0033505 0.2334833 0.2430725 0.0100962 0.3066296 0.0775321 
n293_294   0.0100507 0.2483080 0.1190694 0.2368897 0.0202287 0.2145305 0.2434142 0.0000000 0.0134338 0.0236711 0.2430764 0.0236592 0.3285554 0.2391125 0.0958230 0.3121103 0.2414810 0.2435930 0.2281135 0.0202359 0.2529012 0.3212462 0.2478467 
n275_276   0.0168141 0.2574585 0.1308085 0.2506538 0.0270739 0.2232405 0.2525025 0.0134338 0.0000000 0.0305503 0.2521489 0.0305349 0.3336115 0.2481613 0.1033481 0.3220255 0.2553281 0.2526887 0.2369769 0.0270836 0.2621009 0.3312516 0.2569772 
n289_290   0.0270885 0.2527134 0.1267135 0.2367692 0.0033314 0.2141766 0.2477925 0.0236711 0.0305503 0.0000000 0.2474473 0.0134094 0.3275549 0.2434743 0.0956247 0.3111760 0.2413582 0.2479747 0.2277328 0.0100358 0.2573276 0.3256686 0.2522428 
n278_279   0.2474588 0.0812241 0.2339902 0.2331846 0.2426219 0.2197394 0.0737956 0.2430764 0.2521489 0.2474473 0.0000000 0.2427989 0.3079205 0.0738295 0.2858168 0.3178212 0.2377671 0.0774857 0.2379243 0.2427357 0.0849363 0.3110508 0.0033541 
n295_296   0.0270749 0.2480233 0.1266487 0.2411236 0.0100272 0.2141779 0.2431359 0.0236592 0.0305349 0.0134094 0.2427989 0.0000000 0.3273797 0.2388395 0.0955759 0.3110105 0.2457354 0.2433144 0.2320397 0.0033277 0.2526106 0.3151504 0.2475630 
n251_252   0.3334250 0.3234454 0.3181861 0.3219468 0.3221200 0.2966513 0.3231301 0.3285554 0.3336115 0.3275549 0.3079205 0.3273797 0.0000000 0.3132725 0.3376264 0.0377333 0.3271193 0.3182080 0.3069025 0.3222902 0.3285125 0.3020817 0.3131800 
n274_275   0.2434850 0.0135256 0.2166661 0.2337467 0.2386657 0.2068020 0.0169261 0.2391125 0.2481613 0.2434743 0.0738295 0.2388395 0.3132725 0.0000000 0.2579808 0.3180745 0.2383422 0.0135175 0.2246993 0.2387773 0.0203674 0.2921648 0.0775677 
n236_237   0.0995199 0.2578255 0.1469345 0.2646868 0.0917896 0.2367567 0.2528592 0.0958230 0.1033481 0.0956247 0.2858168 0.0955759 0.3376264 0.2579808 0.0000000 0.3111262 0.2694484 0.2530459 0.2507527 0.0918239 0.2624774 0.3426268 0.2908864 
n255_256   0.3168753 0.3283069 0.3019912 0.3107397 0.3058786 0.2858787 0.3279859 0.3121103 0.3220255 0.3111760 0.3178212 0.3110105 0.0377333 0.3180745 0.3111262 0.0000000 0.3158248 0.3230378 0.2959511 0.3060360 0.3334027 0.2962625 0.3231523 
n285_286   0.2506405 0.2475046 0.2325395 0.0100220 0.2365984 0.0919944 0.2472779 0.2414810 0.2553281 0.2413582 0.2377671 0.2457354 0.3271193 0.2383422 0.2694484 0.3158248 0.0000000 0.2428068 0.1034444 0.2411860 0.2520813 0.3043487 0.2424901 
n300_301   0.2479864 0.0067192 0.2210282 0.2381861 0.2431366 0.2110929 0.0033505 0.2435930 0.2526887 0.2479747 0.0774857 0.2433144 0.3182080 0.0135175 0.2530459 0.3230378 0.2428068 0.0000000 0.2290870 0.2432509 0.0067193 0.3018131 0.0812417 
n265_266   0.2324007 0.2336951 0.2105145 0.1073001 0.2230681 0.0168801 0.2334833 0.2281135 0.2369769 0.2277328 0.2379243 0.2320397 0.3069025 0.2246993 0.2507527 0.2959511 0.1034444 0.2290870 0.0000000 0.2275708 0.2381906 0.2853196 0.2332282 
n296_297   0.0236396 0.2479584 0.1227371 0.2366005 0.0066707 0.2140242 0.2430725 0.0202359 0.0270836 0.0100358 0.2427357 0.0033277 0.3222902 0.2387773 0.0918239 0.3060360 0.2411860 0.2432509 0.2275708 0.0000000 0.2525445 0.3101590 0.2474984 
n299_300   0.2573413 0.0134984 0.2211950 0.2474046 0.2524243 0.2199811 0.0100962 0.2529012 0.2621009 0.2573276 0.0849363 0.2526106 0.3285125 0.0203674 0.2624774 0.3334027 0.2520813 0.0067193 0.2381906 0.2525445 0.0000000 0.3118769 0.0887327 
n244_245   0.3207788 0.3020424 0.3165113 0.2993543 0.3202689 0.2705901 0.3066296 0.3212462 0.3312516 0.3256686 0.3110508 0.3151504 0.3020817 0.2921648 0.3426268 0.2962625 0.3043487 0.3018131 0.2853196 0.3101590 0.3118769 0.0000000 0.3163106 
n277_278   0.2522553 0.0850013 0.2386999 0.2378769 0.2473816 0.2243416 0.0775321 0.2478467 0.2569772 0.2522428 0.0033541 0.2475630 0.3131800 0.0775677 0.2908864 0.3231523 0.2424901 0.0812417 0.2332282 0.2474984 0.0887327 0.3163106 0.0000000 
