22
n294_297   0.0000000 0.2766219 0.2769311 0.4650171 0.2715339 0.0410957 0.0411269 0.0202715 0.3014689 0.0375891 0.2719142 0.2674324 0.1475743 0.0168481 0.4351709 0.0066938 0.0446290 0.0237002 0.4714129 0.2869465 0.1001314 0.3071317 
n274_277   0.2766219 0.0000000 0.0134498 0.3880903 0.2392745 0.2911257 0.2962346 0.2860605 0.0626380 0.2910636 0.0033396 0.2353154 0.2869702 0.2714046 0.3955956 0.2813169 0.3010000 0.2764776 0.4171507 0.2399395 0.2967102 0.0663859 
n280_283   0.2769311 0.0134498 0.0000000 0.3827307 0.2348056 0.2914543 0.2965703 0.2863821 0.0663236 0.2913920 0.0100673 0.2308583 0.2822366 0.2717065 0.3901686 0.2816322 0.3013420 0.2767865 0.4116001 0.2354579 0.2970470 0.0700996 
n255_258   0.4650171 0.3880903 0.3827307 0.0000000 0.4178453 0.4840882 0.4773769 0.4838057 0.3941125 0.4839743 0.3826644 0.4120538 0.4795052 0.4646688 0.2983236 0.4711731 0.4969097 0.4711883 0.0626699 0.4116835 0.4848414 0.3949180 
n285_288   0.2715339 0.2392745 0.2348056 0.4178453 0.0000000 0.2660720 0.2709908 0.2810866 0.2346826 0.2660160 0.2347721 0.1359131 0.2674620 0.2617211 0.4017217 0.2616532 0.2756018 0.2572190 0.4299341 0.1439356 0.2914366 0.2400254 
n289_292   0.0410957 0.2911257 0.2914543 0.4840882 0.2660720 0.0000000 0.0066942 0.0481480 0.3115087 0.0033376 0.2863353 0.2622977 0.1433341 0.0445865 0.4411278 0.0410905 0.0100573 0.0516995 0.4906470 0.2816529 0.0999788 0.3172649 
n296_299   0.0411269 0.2962346 0.2965703 0.4773769 0.2709908 0.0066942 0.0000000 0.0481847 0.3167718 0.0033408 0.2914117 0.2672043 0.1474630 0.0446205 0.4474723 0.0411217 0.0100648 0.0517390 0.4838746 0.2866966 0.1000591 0.3225807 
n275_278   0.0202715 0.2860605 0.2863821 0.4838057 0.2810866 0.0481480 0.0481847 0.0000000 0.3011927 0.0446108 0.2813013 0.2769527 0.1557028 0.0236843 0.4350546 0.0202691 0.0517140 0.0305980 0.4903605 0.2918793 0.0925127 0.3068493 
n277_280   0.3014689 0.0626380 0.0663236 0.3941125 0.2346826 0.3115087 0.3167718 0.3011927 0.0000000 0.3114415 0.0590391 0.2448615 0.3125843 0.2912238 0.3902343 0.3014258 0.3216620 0.2865583 0.4231382 0.2588841 0.3174405 0.0237456 
n287_290   0.0375891 0.2910636 0.2913920 0.4839743 0.2660160 0.0033376 0.0033408 0.0446108 0.3114415 0.0000000 0.2862743 0.2622424 0.1433054 0.0410669 0.4410262 0.0375843 0.0066908 0.0481466 0.4905312 0.2815930 0.0961841 0.3171962 
n300_303   0.2719142 0.0033396 0.0100673 0.3826644 0.2347721 0.2863353 0.2914117 0.2813013 0.0590391 0.2862743 0.0000000 0.2308254 0.2821939 0.2667326 0.3901001 0.2765838 0.2961512 0.2717725 0.4115258 0.2354241 0.2918772 0.0627645 
n266_269   0.2674324 0.2353154 0.2308583 0.4120538 0.1359131 0.2622977 0.2672043 0.2769527 0.2448615 0.2622424 0.2308254 0.0000000 0.2627312 0.2576569 0.3850785 0.2673944 0.2718075 0.2576566 0.4301500 0.0307453 0.2969907 0.2500362 
n200_203   0.1475743 0.2869702 0.2822366 0.4795052 0.2674620 0.1433341 0.1474630 0.1557028 0.3125843 0.1433054 0.2821939 0.2627312 0.0000000 0.1433451 0.4128041 0.1475543 0.1473977 0.1515267 0.4922622 0.2922912 0.1434884 0.3081363 
n297_300   0.0168481 0.2714046 0.2717065 0.4646688 0.2617211 0.0445865 0.0446205 0.0236843 0.2912238 0.0410669 0.2667326 0.2576569 0.1433451 0.0000000 0.4227844 0.0168460 0.0481338 0.0066852 0.4710585 0.2768994 0.0999952 0.2967869 
n244_247   0.4351709 0.3955956 0.3901686 0.2983236 0.4017217 0.4411278 0.4474723 0.4350546 0.3902343 0.4410262 0.3901001 0.3850785 0.4128041 0.4227844 0.0000000 0.4289253 0.4532429 0.4233192 0.3235728 0.3961832 0.4358270 0.3848453 
n293_296   0.0066938 0.2813169 0.2816322 0.4711731 0.2616532 0.0410905 0.0411217 0.0202691 0.3014258 0.0375843 0.2765838 0.2673944 0.1475543 0.0168460 0.4289253 0.0000000 0.0446233 0.0236972 0.4776199 0.2869056 0.1001181 0.3070877 
n290_293   0.0446290 0.3010000 0.3013420 0.4969097 0.2756018 0.0100573 0.0100648 0.0517140 0.3216620 0.0066908 0.2961512 0.2718075 0.1473977 0.0481338 0.4532429 0.0446233 0.0000000 0.0552823 0.5035795 0.2914099 0.0961572 0.3275147 
n298_301   0.0237002 0.2764776 0.2767865 0.4711883 0.2572190 0.0516995 0.0517390 0.0305980 0.2865583 0.0481466 0.2717725 0.2576566 0.1515267 0.0066852 0.4233192 0.0236972 0.0552823 0.0000000 0.4772933 0.2768989 0.1077013 0.2920826 
n251_254   0.4714129 0.4171507 0.4116001 0.0626699 0.4299341 0.4906470 0.4838746 0.4903605 0.4231382 0.4905312 0.4115258 0.4301500 0.4922622 0.4710585 0.3235728 0.4776199 0.5035795 0.4772933 0.0000000 0.4297546 0.4914175 0.4240270 
n265_268   0.2869465 0.2399395 0.2354579 0.4116835 0.1439356 0.2816529 0.2866966 0.2918793 0.2588841 0.2815930 0.2354241 0.0307453 0.2922912 0.2768994 0.3961832 0.2869056 0.2914099 0.2768989 0.4297546 0.0000000 0.3122100 0.2641788 
n236_239   0.1001314 0.2967102 0.2970470 0.4848414 0.2914366 0.0999788 0.1000591 0.0925127 0.3174405 0.0961841 0.2918772 0.2969907 0.1434884 0.0999952 0.4358270 0.1001181 0.0961572 0.1077013 0.4914175 0.3122100 0.0000000 0.3232674 
n278_281   0.3071317 0.0663859 0.0700996 0.3949180 0.2400254 0.3172649 0.3225807 0.3068493 0.0237456 0.3171962 0.0627645 0.2500362 0.3081363 0.2967869 0.3848453 0.3070877 0.3275147 0.2920826 0.4240270 0.2641788 0.3232674 0.0000000 
