24
n294_297   0.0000000 0.2246680 0.3357821 0.2201862 0.0411287 0.0168688 0.0482152 0.0376050 0.2290678 0.2248798 0.1330855 0.0203118 0.4102621 0.2154535 0.0033346 0.2243371 0.0411421 0.0100591 0.3527172 0.2199896 0.2247487 0.2344782 0.1044489 0.2193219 
n274_277   0.2246680 0.0000000 0.3602599 0.2455072 0.2338227 0.2251154 0.2479923 0.2337862 0.2599091 0.0135259 0.2265014 0.2346952 0.4325868 0.0067245 0.2246249 0.0486807 0.2386011 0.2201268 0.3775090 0.0101084 0.2553923 0.2707080 0.2338811 0.0450237 
n255_258   0.3357821 0.3602599 0.0000000 0.3837853 0.3467956 0.3532644 0.3578617 0.3412650 0.3966024 0.3603270 0.3347128 0.3592303 0.3214681 0.3547559 0.3350253 0.3709756 0.3469213 0.3416258 0.0414057 0.3602871 0.3958736 0.4039230 0.3129299 0.3589524 
n285_288   0.2201862 0.2455072 0.3837853 0.0000000 0.2288276 0.2252450 0.2334762 0.2241657 0.1331001 0.2408875 0.2356893 0.2301446 0.4886288 0.2359635 0.2247538 0.2498591 0.2289073 0.2156696 0.3899890 0.2406592 0.0134916 0.1415256 0.2481304 0.2445944 
n289_292   0.0411287 0.2338227 0.3467956 0.2288276 0.0000000 0.0376631 0.0202509 0.0033338 0.2332909 0.2340446 0.1326739 0.0483527 0.3984382 0.2244960 0.0446560 0.2334772 0.0134422 0.0376192 0.3640021 0.2290862 0.2289566 0.2387356 0.1121311 0.2283874 
n275_278   0.0168688 0.2251154 0.3532644 0.2252450 0.0376631 0.0000000 0.0518766 0.0411946 0.2341985 0.2253281 0.1374139 0.0237942 0.4118074 0.2158802 0.0202866 0.2247832 0.0447569 0.0134665 0.3706597 0.2204265 0.2298461 0.2396691 0.1085337 0.2197561 
n296_299   0.0482152 0.2479923 0.3578617 0.2334762 0.0202509 0.0518766 0.0000000 0.0168337 0.2328299 0.2482303 0.1369325 0.0555299 0.4103339 0.2384815 0.0517762 0.2476238 0.0066850 0.0446729 0.3753399 0.2431607 0.2336080 0.2382614 0.1199965 0.2424126 
n287_290   0.0376050 0.2337862 0.3412650 0.2241657 0.0033338 0.0411946 0.0168337 0.0000000 0.2286020 0.2340080 0.1286207 0.0447832 0.3924915 0.2244610 0.0411153 0.2334408 0.0100568 0.0341123 0.3583346 0.2290505 0.2242920 0.2339992 0.1082123 0.2283519 
n266_269   0.2290678 0.2599091 0.3966024 0.1331001 0.2332909 0.2341985 0.2328299 0.2286020 0.0000000 0.2601626 0.2450286 0.2391605 0.4475409 0.2501784 0.2336857 0.2595186 0.2333722 0.2245033 0.4089408 0.2501295 0.1413981 0.0306322 0.2481205 0.2541696 
n280_283   0.2248798 0.0135259 0.3603270 0.2408875 0.2340446 0.2253281 0.2482303 0.2340080 0.2601626 0.0000000 0.2267166 0.2349187 0.4330806 0.0067299 0.2248366 0.0487213 0.2388284 0.2203336 0.3775807 0.0101165 0.2507127 0.2709759 0.2341031 0.0450611 
n200_203   0.1330855 0.2265014 0.3347128 0.2356893 0.1326739 0.1374139 0.1369325 0.1286207 0.2450286 0.2267166 0.0000000 0.1416680 0.4016938 0.2172037 0.1371299 0.2263983 0.1288771 0.1290728 0.3576773 0.2217805 0.2454250 0.2554141 0.1578722 0.2213291 
n297_300   0.0203118 0.2346952 0.3592303 0.2301446 0.0483527 0.0237942 0.0555299 0.0447832 0.2391605 0.2349187 0.1416680 0.0000000 0.4237720 0.2253302 0.0237489 0.2295974 0.0483684 0.0100777 0.3767828 0.2299391 0.2347796 0.2446851 0.1047168 0.2292354 
n244_247   0.4102621 0.4325868 0.3214681 0.4886288 0.3984382 0.4118074 0.4103339 0.3924915 0.4475409 0.4330806 0.4016938 0.4237720 0.0000000 0.4202663 0.4162030 0.4144276 0.3985852 0.4044428 0.3214993 0.4192698 0.4886367 0.4421319 0.3500832 0.4123951 
n299_302   0.2154535 0.0067245 0.3547559 0.2359635 0.2244960 0.2158802 0.2384815 0.2244610 0.2501784 0.0067299 0.2172037 0.2253302 0.4202663 0.0000000 0.2154122 0.0415140 0.2292102 0.2109671 0.3718820 0.0033531 0.2457127 0.2608084 0.2245529 0.0379040 
n293_296   0.0033346 0.2246249 0.3350253 0.2247538 0.0446560 0.0202866 0.0517762 0.0411153 0.2336857 0.2248366 0.1371299 0.0237489 0.4162030 0.2154122 0.0000000 0.2242940 0.0446706 0.0134409 0.3519140 0.2199474 0.2293438 0.2391415 0.1083145 0.2192799 
n277_280   0.2243371 0.0486807 0.3709756 0.2498591 0.2334772 0.2247832 0.2476238 0.2334408 0.2595186 0.0487213 0.2263983 0.2295974 0.4144276 0.0415140 0.2242940 0.0000000 0.2382478 0.2151603 0.3884547 0.0450747 0.2597929 0.2702985 0.2339904 0.0238863 
n295_298   0.0411421 0.2386011 0.3469213 0.2289073 0.0134422 0.0447569 0.0066850 0.0100568 0.2333722 0.2388284 0.1288771 0.0483684 0.3985852 0.2292102 0.0446706 0.2382478 0.0000000 0.0376315 0.3641349 0.2338314 0.2290364 0.2388191 0.1121686 0.2331159 
n298_301   0.0100591 0.2201268 0.3416258 0.2156696 0.0376192 0.0134665 0.0446729 0.0341123 0.2245033 0.2203336 0.1290728 0.0100777 0.4044428 0.2109671 0.0134409 0.2151603 0.0376315 0.0000000 0.3587158 0.2154768 0.2202058 0.2298699 0.1006097 0.2148243 
n251_254   0.3527172 0.3775090 0.0414057 0.3899890 0.3640021 0.3706597 0.3753399 0.3583346 0.4089408 0.3775807 0.3576773 0.3767828 0.3214993 0.3718820 0.3519140 0.3884547 0.3641349 0.3587158 0.0000000 0.3775415 0.3963743 0.4164119 0.3292628 0.3761260 
n292_295   0.2199896 0.0101084 0.3602871 0.2406592 0.2290862 0.2204265 0.2431607 0.2290505 0.2501295 0.0101165 0.2217805 0.2299391 0.4192698 0.0033531 0.2199474 0.0450747 0.2338314 0.2154768 0.3775415 0.0000000 0.2504742 0.2602391 0.2291438 0.0414424 
n286_289   0.2247487 0.2553923 0.3958736 0.0134916 0.2289566 0.2298461 0.2336080 0.2242920 0.1413981 0.2507127 0.2454250 0.2347796 0.4886367 0.2457127 0.2293438 0.2597929 0.2290364 0.2202058 0.3963743 0.2504742 0.0000000 0.1499411 0.2533608 0.2544382 
n265_268   0.2344782 0.2707080 0.4039230 0.1415256 0.2387356 0.2396691 0.2382614 0.2339992 0.0306322 0.2709759 0.2554141 0.2446851 0.4421319 0.2608084 0.2391415 0.2702985 0.2388191 0.2298699 0.4164119 0.2602391 0.1499411 0.0000000 0.2537252 0.2648409 
n236_239   0.1044489 0.2338811 0.3129299 0.2481304 0.1121311 0.1085337 0.1199965 0.1082123 0.2481205 0.2341031 0.1578722 0.1047168 0.3500832 0.2245529 0.1083145 0.2339904 0.1121686 0.1006097 0.3292628 0.2291438 0.2533608 0.2537252 0.0000000 0.2288880 
n278_281   0.2193219 0.0450237 0.3589524 0.2445944 0.2283874 0.2197561 0.2424126 0.2283519 0.2541696 0.0450611 0.2213291 0.2292354 0.4123951 0.0379040 0.2192799 0.0238863 0.2331159 0.2148243 0.3761260 0.0414424 0.2544382 0.2648409 0.2288880 0.0000000 
