22
n295_274   0.0000000 0.0067153 0.3343661 0.3279288 0.0450503 0.3691569 0.3688424 0.0414920 0.3750447 0.3289052 0.0820939 0.3648400 0.3568764 0.0559755 0.1811638 0.0169358 0.4368213 0.3753967 0.0379235 0.0559755 0.3223610 0.3750801 
n296_275   0.0067153 0.0000000 0.3294309 0.3230387 0.0450586 0.3748648 0.3745464 0.0414997 0.3807991 0.3240004 0.0821099 0.3705306 0.3624825 0.0559860 0.1812030 0.0169388 0.4369328 0.3811574 0.0379305 0.0559860 0.3175050 0.3808363 
n266_245   0.3343661 0.3294309 0.0000000 0.1457293 0.3346337 0.2925755 0.3079404 0.3243714 0.2930394 0.0237941 0.3407763 0.3147488 0.2765495 0.3238248 0.3657051 0.3238428 0.4298382 0.2981190 0.3237652 0.3238248 0.1374530 0.2978674 
n285_264   0.3279288 0.3230387 0.1457293 0.0000000 0.3281895 0.2700660 0.2754701 0.3229701 0.2703591 0.1457873 0.3344175 0.2864557 0.2595623 0.3174935 0.3593880 0.3230493 0.4561648 0.2753866 0.3174348 0.3174935 0.0066879 0.2751536 
n293_272   0.0450503 0.0450586 0.3346337 0.3281895 0.0000000 0.3631491 0.3460091 0.0169637 0.3689829 0.3291674 0.0782972 0.3420642 0.3509859 0.0308871 0.1636530 0.0379428 0.4293666 0.3693279 0.0067295 0.0308871 0.3226160 0.3690163 
n299_278   0.3691569 0.3748648 0.2925755 0.2700660 0.3631491 0.0000000 0.0662106 0.3525036 0.0168072 0.3036005 0.3643483 0.0555044 0.0100319 0.3643033 0.4144841 0.3636601 0.4424598 0.0033311 0.3518304 0.3643033 0.2649629 0.0066795 
n278_257   0.3688424 0.3745464 0.3079404 0.2754701 0.3460091 0.0662106 0.0000000 0.3522005 0.0698942 0.3247949 0.3756296 0.0305739 0.0662392 0.3639917 0.4203556 0.3633492 0.4556740 0.0699473 0.3515282 0.3639917 0.2703199 0.0698906 
n275_254   0.0414920 0.0414997 0.3243714 0.3229701 0.0169637 0.3525036 0.3522005 0.0000000 0.3582590 0.3239317 0.0745652 0.3482355 0.3405135 0.0273948 0.1637313 0.0344169 0.4296823 0.3585927 0.0101276 0.0273948 0.3174359 0.3582892 
n274_253   0.3750447 0.3807991 0.2930394 0.2703591 0.3689829 0.0168072 0.0698942 0.3582590 0.0000000 0.3040850 0.3702070 0.0591401 0.0168143 0.3701592 0.4145806 0.3695053 0.4490045 0.0202381 0.3575717 0.3701592 0.2652497 0.0202217 
n265_244   0.3289052 0.3240004 0.0237941 0.1457873 0.3291674 0.3036005 0.3247949 0.3239317 0.3040850 0.0000000 0.3352558 0.3318374 0.2872893 0.3184370 0.3599656 0.3184543 0.4176242 0.3092476 0.3183781 0.3184370 0.1375070 0.3089866 
n236_221   0.0820939 0.0821099 0.3407763 0.3344175 0.0782972 0.3643483 0.3756296 0.0745652 0.3702070 0.3352558 0.0000000 0.3716026 0.3521330 0.0898535 0.1952257 0.0821704 0.4542316 0.3588421 0.0707990 0.0898535 0.3287810 0.3702409 
n277_256   0.3648400 0.3705306 0.3147488 0.2864557 0.3420642 0.0555044 0.0305739 0.3482355 0.0591401 0.3318374 0.3716026 0.0000000 0.0555282 0.3599955 0.4161879 0.3593584 0.4249886 0.0591858 0.3475706 0.3599955 0.2812082 0.0591368 
n280_259   0.3568764 0.3624825 0.2765495 0.2595623 0.3509859 0.0100319 0.0662392 0.3405135 0.0168143 0.2872893 0.3521330 0.0555282 0.0000000 0.3520933 0.4012654 0.3514731 0.4354624 0.0134216 0.3398697 0.3520933 0.2545469 0.0134107 
n298_277   0.0559755 0.0559860 0.3238248 0.3174935 0.0308871 0.3643033 0.3639917 0.0273948 0.3701592 0.3184370 0.0898535 0.3599955 0.3520933 0.0000000 0.1685303 0.0487485 0.4236392 0.3705063 0.0239017 0.0067385 0.3120066 0.3701931 
n200_193   0.1811638 0.1812030 0.3657051 0.3593880 0.1636530 0.4144841 0.4203556 0.1637313 0.4145806 0.3599656 0.1952257 0.4161879 0.4012654 0.1685303 0.0000000 0.1725087 0.4300858 0.4212116 0.1551234 0.1685303 0.3535070 0.4208573 
n287_266   0.0169358 0.0169388 0.3238428 0.3230493 0.0379428 0.3636601 0.3633492 0.0344169 0.3695053 0.3184543 0.0821704 0.3593584 0.3514731 0.0487485 0.1725087 0.0000000 0.4310495 0.3698513 0.0308857 0.0487485 0.3175145 0.3695389 
n244_227   0.4368213 0.4369328 0.4298382 0.4561648 0.4293666 0.4424598 0.4556740 0.4296823 0.4490045 0.4176242 0.4542316 0.4249886 0.4354624 0.4236392 0.4300858 0.4310495 0.0000000 0.4494422 0.4169800 0.4236392 0.4432061 0.4490687 
n300_279   0.3753967 0.3811574 0.2981190 0.2753866 0.3693279 0.0033311 0.0699473 0.3585927 0.0202381 0.3092476 0.3588421 0.0591858 0.0134216 0.3705063 0.4212116 0.3698513 0.4494422 0.0000000 0.3579042 0.3705063 0.2702383 0.0100534 
n294_273   0.0379235 0.0379305 0.3237652 0.3174348 0.0067295 0.3518304 0.3515282 0.0101276 0.3575717 0.3183781 0.0707990 0.3475706 0.3398697 0.0239017 0.1551234 0.0308857 0.4169800 0.3579042 0.0000000 0.0239017 0.3119486 0.3576017 
n297_276   0.0559755 0.0559860 0.3238248 0.3174935 0.0308871 0.3643033 0.3639917 0.0273948 0.3701592 0.3184370 0.0898535 0.3599955 0.3520933 0.0067385 0.1685303 0.0487485 0.4236392 0.3705063 0.0239017 0.0000000 0.3120066 0.3701931 
n286_265   0.3223610 0.3175050 0.1374530 0.0066879 0.3226160 0.2649629 0.2703199 0.3174359 0.2652497 0.1375070 0.3287810 0.2812082 0.2545469 0.3120066 0.3535070 0.3175145 0.4432061 0.2702383 0.3119486 0.3120066 0.0000000 0.2700097 
n292_271   0.3750801 0.3808363 0.2978674 0.2751536 0.3690163 0.0066795 0.0698906 0.3582892 0.0202217 0.3089866 0.3702409 0.0591368 0.0134107 0.3701931 0.4208573 0.3695389 0.4490687 0.0100534 0.3576017 0.3701931 0.2700097 0.0000000 
