25
n298_299   0.0000000 0.3121873 0.1847851 0.3106597 0.0557377 0.3273848 0.3075276 0.0273320 0.0101030 0.0557677 0.0101034 0.3064766 0.0449941 0.4103082 0.3068781 0.0449568 0.1012453 0.4212952 0.3215288 0.0238528 0.3072395 0.3274344 0.0486090 0.4562362 0.3064766 
n280_281   0.3121873 0.0000000 0.3332231 0.2386007 0.3224067 0.2837432 0.0100941 0.3280076 0.3007270 0.3224670 0.3118346 0.0666032 0.3222931 0.3653657 0.0272697 0.3118463 0.3224693 0.3587959 0.2483282 0.3225944 0.0067121 0.2837791 0.3279162 0.4149586 0.0666032 
n200_201   0.1847851 0.3332231 0.0000000 0.3267647 0.1932678 0.3908265 0.3336250 0.1891922 0.1713310 0.1931738 0.1803474 0.3167525 0.1846516 0.4026552 0.3336400 0.1844819 0.1673930 0.4008714 0.3269036 0.1847606 0.3281510 0.3909021 0.1891902 0.4497586 0.3167525 
n286_287   0.3106597 0.2386007 0.3267647 0.0000000 0.3152193 0.1613562 0.2339533 0.3212889 0.2943547 0.3207172 0.3053173 0.2148219 0.3103213 0.3641142 0.2484989 0.3048093 0.3214815 0.3744248 0.0066711 0.3159433 0.2292352 0.1613683 0.3158266 0.3892789 0.2056218 
n287_288   0.0557377 0.3224067 0.1932678 0.3152193 0.0000000 0.3387770 0.3177000 0.0630350 0.0448518 0.0203027 0.0521082 0.3166114 0.0272394 0.4218539 0.3224120 0.0100753 0.1089094 0.4329762 0.3261423 0.0593737 0.3174014 0.3443859 0.0307394 0.4685004 0.3109716 
n266_267   0.3273848 0.2837432 0.3908265 0.1613562 0.3387770 0.0000000 0.2787850 0.3500421 0.3218968 0.3444978 0.3219038 0.2536145 0.3337967 0.3724454 0.2892213 0.3279774 0.3616320 0.3829120 0.1699782 0.3444627 0.2737427 0.0134446 0.3395251 0.4336134 0.2438407 
n292_293   0.3075276 0.0100941 0.3336250 0.2339533 0.3177000 0.2787850 0.0000000 0.3232704 0.2961355 0.3177593 0.3071809 0.0629527 0.3175881 0.3598112 0.0238088 0.3071923 0.3228572 0.3588867 0.2436162 0.3178850 0.0033489 0.2788195 0.3231798 0.4089967 0.0629527 
n293_294   0.0273320 0.3280076 0.1891922 0.3212889 0.0630350 0.3500421 0.3232704 0.0000000 0.0169225 0.0630691 0.0238498 0.3170763 0.0521865 0.4160397 0.3225827 0.0521430 0.1090807 0.4337408 0.3323254 0.0033525 0.3229658 0.3501001 0.0558436 0.4631911 0.3170763 
n275_276   0.0101030 0.3007270 0.1713310 0.2943547 0.0448518 0.3218968 0.2961355 0.0169225 0.0000000 0.0448757 0.0067175 0.2902237 0.0342816 0.3913186 0.2955151 0.0342526 0.0894848 0.4020471 0.3049520 0.0135036 0.2958600 0.3219445 0.0378279 0.4359162 0.2902237 
n289_290   0.0557677 0.3224670 0.1931738 0.3207172 0.0203027 0.3444978 0.3177593 0.0630691 0.0448757 0.0000000 0.0521362 0.3166703 0.0272536 0.4283381 0.3224722 0.0100805 0.1089710 0.4261193 0.3317330 0.0594058 0.3174605 0.3501563 0.0307554 0.4682517 0.3110291 
n297_298   0.0101034 0.3118346 0.1803474 0.3053173 0.0521082 0.3219038 0.3071809 0.0238498 0.0067175 0.0521362 0.0000000 0.3011512 0.0414184 0.4041080 0.3065329 0.0413840 0.0973411 0.4150127 0.3161008 0.0203903 0.3068934 0.3219515 0.0450117 0.4496093 0.3011512 
n278_279   0.3064766 0.0666032 0.3167525 0.2148219 0.3166114 0.2536145 0.0629527 0.3170763 0.2902237 0.3166703 0.3011512 0.0000000 0.3114555 0.3423657 0.0703797 0.3061435 0.3170595 0.3414980 0.2241966 0.3117456 0.0592930 0.2536428 0.3169870 0.3722583 0.0066889 
n295_296   0.0449941 0.3222931 0.1846516 0.3103213 0.0272394 0.3337967 0.3175881 0.0521865 0.0342816 0.0272536 0.0414184 0.3114555 0.0000000 0.4101938 0.3172126 0.0169048 0.0973414 0.4211773 0.3211772 0.0485785 0.3172897 0.3393713 0.0033458 0.4561061 0.3058579 
n251_252   0.4103082 0.3653657 0.4026552 0.3641142 0.4218539 0.3724454 0.3598112 0.4160397 0.3913186 0.4283381 0.4041080 0.3423657 0.4101938 0.0000000 0.3481256 0.4097347 0.4101614 0.0412343 0.3646751 0.4099148 0.3541540 0.3665342 0.4166236 0.3000538 0.3480295 
n274_275   0.3068781 0.0272697 0.3336400 0.2484989 0.3224120 0.2892213 0.0238088 0.3225827 0.2955151 0.3224722 0.3065329 0.0703797 0.3172126 0.3481256 0.0000000 0.3118524 0.3173859 0.3472400 0.2583800 0.3172105 0.0203541 0.2892588 0.3227963 0.3965985 0.0703797 
n290_291   0.0449568 0.3118463 0.1844819 0.3048093 0.0100753 0.3279774 0.3071923 0.0521430 0.0342526 0.0100805 0.0413840 0.3061435 0.0169048 0.4097347 0.3118524 0.0000000 0.0972575 0.4207023 0.3155704 0.0485381 0.3069048 0.3335004 0.0203481 0.4555724 0.3005925 
n236_237   0.1012453 0.3224693 0.1673930 0.3214815 0.1089094 0.3616320 0.3228572 0.1090807 0.0894848 0.1089710 0.0973411 0.3170595 0.0973414 0.4101614 0.3173859 0.0972575 0.0000000 0.4211444 0.3325280 0.1051470 0.3174631 0.3616947 0.1012851 0.4619756 0.3170595 
n255_256   0.4212952 0.3587959 0.4008714 0.3744248 0.4329762 0.3829120 0.3588867 0.4337408 0.4020471 0.4261193 0.4150127 0.3414980 0.4211773 0.0412343 0.3472400 0.4207023 0.4211444 0.0000000 0.3691881 0.4274785 0.3532481 0.3769279 0.4276961 0.2886243 0.3471441 
n285_286   0.3215288 0.2483282 0.3269036 0.0066711 0.3261423 0.1699782 0.2436162 0.3323254 0.3049520 0.3317330 0.3161008 0.2241966 0.3211772 0.3646751 0.2583800 0.3155704 0.3325280 0.3691881 0.0000000 0.3268953 0.2388304 0.1699913 0.3267740 0.3894427 0.2148643 
n294_295   0.0238528 0.3225944 0.1847606 0.3159433 0.0593737 0.3444627 0.3178850 0.0033525 0.0135036 0.0594058 0.0203903 0.3117456 0.0485785 0.4099148 0.3172105 0.0485381 0.1051470 0.4274785 0.3268953 0.0000000 0.3175861 0.3445185 0.0522141 0.4566438 0.3117456 
n300_301   0.3072395 0.0067121 0.3281510 0.2292352 0.3174014 0.2737427 0.0033489 0.3229658 0.2958600 0.3174605 0.3068934 0.0592930 0.3172897 0.3541540 0.0203541 0.3069048 0.3174631 0.3532481 0.2388304 0.3175861 0.0000000 0.2737760 0.3228752 0.4029246 0.0592930 
n265_266   0.3274344 0.2837791 0.3909021 0.1613683 0.3443859 0.0134446 0.2788195 0.3501001 0.3219445 0.3501563 0.3219515 0.2536428 0.3393713 0.3665342 0.2892588 0.3335004 0.3616947 0.3769279 0.1699913 0.3445185 0.2737760 0.0000000 0.3451491 0.4203920 0.2438668 
n296_297   0.0486090 0.3279162 0.1891902 0.3158266 0.0307394 0.3395251 0.3231798 0.0558436 0.0378279 0.0307554 0.0450117 0.3169870 0.0033458 0.4166236 0.3227963 0.0203481 0.1012851 0.4276961 0.3267740 0.0522141 0.3228752 0.3451491 0.0000000 0.4629941 0.3113387 
n244_245   0.4562362 0.4149586 0.4497586 0.3892789 0.4685004 0.4336134 0.4089967 0.4631911 0.4359162 0.4682517 0.4496093 0.3722583 0.4561061 0.3000538 0.3965985 0.4555724 0.4619756 0.2886243 0.3894427 0.4566438 0.4029246 0.4203920 0.4629941 0.0000000 0.3781898 
n277_278   0.3064766 0.0666032 0.3167525 0.2056218 0.3109716 0.2438407 0.0629527 0.3170763 0.2902237 0.3110291 0.3011512 0.0066889 0.3058579 0.3480295 0.0703797 0.3005925 0.3170595 0.3471441 0.2148643 0.3117456 0.0592930 0.2438668 0.3113387 0.3781898 0.0000000 
