24
n289_290   0.0000000 0.0517303 0.0168379 0.3210256 0.3836739 0.0447059 0.0033408 0.3900917 0.3304798 0.0553134 0.3199953 0.3952587 0.3532131 0.0066965 0.1689278 0.3470763 0.0482315 0.1152760 0.4010353 0.3085917 0.0591472 0.3305017 0.3896603 0.3141225 
n294_295   0.0517303 0.0000000 0.0409796 0.3040249 0.3827112 0.0201956 0.0481343 0.3891110 0.3126629 0.0100043 0.3030611 0.4049796 0.3577380 0.0517115 0.1596936 0.3515669 0.0236025 0.1032210 0.4000273 0.3018923 0.0340439 0.3234060 0.3886814 0.3073456 
n295_296   0.0168379 0.0409796 0.0000000 0.3045993 0.3886800 0.0340549 0.0134306 0.3951410 0.3138678 0.0445012 0.3036321 0.3884449 0.3580788 0.0168320 0.1559380 0.3519017 0.0375268 0.1033847 0.4061421 0.2925430 0.0482295 0.3138891 0.3947034 0.2979278 
n266_267   0.3210256 0.3040249 0.3045993 0.0000000 0.2649367 0.2894549 0.3155814 0.2702670 0.3275145 0.3039874 0.0344198 0.3854654 0.2428615 0.3208704 0.3319192 0.2426488 0.2942536 0.3197854 0.2899395 0.1243899 0.3055864 0.3168460 0.2699830 0.1324997 
n299_300   0.3836739 0.3827112 0.3886800 0.2649367 0.0000000 0.3666843 0.3894589 0.0134511 0.3797073 0.3826563 0.2937831 0.4437698 0.0740141 0.3952913 0.3781982 0.0739458 0.3719490 0.3829374 0.0202725 0.2777750 0.3900067 0.3911669 0.0033408 0.2878268 
n298_299   0.0447059 0.0201956 0.0340549 0.2894549 0.3666843 0.0000000 0.0411418 0.3729324 0.3085962 0.0167964 0.2885430 0.3944730 0.3421230 0.0446898 0.1435612 0.3360955 0.0033324 0.0882524 0.3836412 0.2874392 0.0202715 0.3193029 0.3725233 0.2927805 
n290_291   0.0033408 0.0481343 0.0134306 0.3155814 0.3894589 0.0411418 0.0000000 0.3959362 0.3249748 0.0516975 0.3145720 0.3892232 0.3587907 0.0033389 0.1646062 0.3525984 0.0446502 0.1113112 0.4069624 0.3032720 0.0554967 0.3249965 0.3954970 0.3087547 
n274_275   0.3900917 0.3891110 0.3951410 0.2702670 0.0134511 0.3729324 0.3959362 0.0000000 0.3801853 0.3890543 0.2993569 0.4443486 0.0740940 0.4018290 0.3845614 0.0740255 0.3782458 0.3893427 0.0271767 0.2831894 0.3964976 0.3916625 0.0168637 0.2933323 
n251_252   0.3304798 0.3126629 0.3138678 0.3275145 0.3797073 0.3085962 0.3249748 0.3801853 0.0000000 0.3232779 0.3424199 0.3135550 0.3436521 0.3303189 0.3204009 0.3431204 0.3134951 0.3348178 0.3910209 0.3096202 0.3300537 0.0413909 0.3856772 0.3095203 
n293_294   0.0553134 0.0100043 0.0445012 0.3039874 0.3826563 0.0167964 0.0516975 0.3890543 0.3232779 0.0000000 0.3081472 0.4108014 0.3576891 0.0552932 0.1638568 0.3515196 0.0201905 0.1070554 0.3999676 0.3069548 0.0375376 0.3341944 0.3886248 0.3124503 
n265_266   0.3199953 0.3030611 0.3036321 0.0344198 0.2937831 0.2885430 0.3145720 0.2993569 0.3424199 0.3081472 0.0000000 0.3899268 0.2710456 0.3198411 0.3361392 0.2659428 0.2933247 0.3187624 0.3145611 0.1160908 0.3046132 0.3266301 0.2990389 0.1240813 
n244_245   0.3952587 0.4049796 0.3884449 0.3854654 0.4437698 0.3944730 0.3892232 0.4443486 0.3135550 0.4108014 0.3899268 0.0000000 0.4168590 0.3893449 0.4370462 0.4100604 0.3999211 0.4055389 0.4504063 0.3769132 0.4187295 0.3085944 0.4440779 0.3884554 
n278_279   0.3532131 0.3577380 0.3580788 0.2428615 0.0740141 0.3421230 0.3587907 0.0740940 0.3436521 0.3576891 0.2710456 0.4168590 0.0000000 0.3644125 0.3430023 0.0204510 0.3472567 0.3636233 0.0890766 0.2602136 0.3647609 0.3604577 0.0777835 0.2700715 
n287_288   0.0066965 0.0517115 0.0168320 0.3208704 0.3952913 0.0446898 0.0033389 0.4018290 0.3303189 0.0552932 0.3198411 0.3893449 0.3644125 0.0000000 0.1688584 0.3581639 0.0482141 0.1152315 0.4129392 0.3084452 0.0591257 0.3303408 0.4013819 0.3139723 
n200_201   0.1689278 0.1596936 0.1559380 0.3319192 0.3781982 0.1435612 0.1646062 0.3845614 0.3204009 0.1638568 0.3361392 0.4370462 0.3430023 0.1688584 0.0000000 0.3477585 0.1475427 0.1641215 0.3954295 0.3187941 0.1519069 0.3416766 0.3841372 0.3137122 
n277_278   0.3470763 0.3515669 0.3519017 0.2426488 0.0739458 0.3360955 0.3525984 0.0740255 0.3431204 0.3515196 0.2659428 0.4100604 0.0204510 0.3581639 0.3477585 0.0000000 0.3411831 0.3573892 0.0889937 0.2358716 0.3585036 0.3598939 0.0777115 0.2453727 
n297_298   0.0482315 0.0236025 0.0375268 0.2942536 0.3719490 0.0033324 0.0446502 0.3782458 0.3134951 0.0201905 0.2933247 0.3999211 0.3472567 0.0482141 0.1475427 0.3411831 0.0000000 0.0919566 0.3890206 0.2921997 0.0236914 0.3242719 0.3778300 0.2975771 
n236_237   0.1152760 0.1032210 0.1033847 0.3197854 0.3829374 0.0882524 0.1113112 0.3893427 0.3348178 0.1070554 0.3187624 0.4055389 0.3636233 0.1152315 0.1641215 0.3573892 0.0919566 0.0000000 0.4002678 0.3022881 0.1036255 0.3403139 0.3831903 0.3078987 
n280_281   0.4010353 0.4000273 0.4061421 0.2899395 0.0202725 0.3836412 0.4069624 0.0271767 0.3910209 0.3999676 0.3145611 0.4504063 0.0890766 0.4129392 0.3954295 0.0889937 0.3890206 0.4002678 0.0000000 0.3031075 0.4016488 0.4026565 0.0237218 0.3135365 
n285_286   0.3085917 0.3018923 0.2925430 0.1243899 0.2777750 0.2874392 0.3032720 0.2831894 0.3096202 0.3069548 0.1160908 0.3769132 0.2602136 0.3084452 0.3187941 0.2358716 0.2921997 0.3022881 0.3031075 0.0000000 0.3081992 0.2945368 0.2828916 0.0067119 
n275_276   0.0591472 0.0340439 0.0482295 0.3055864 0.3900067 0.0202715 0.0554967 0.3964976 0.3300537 0.0375376 0.3046132 0.4187295 0.3647609 0.0591257 0.1519069 0.3585036 0.0236914 0.1036255 0.4016488 0.3081992 0.0000000 0.3411149 0.3960571 0.3137214 
n255_256   0.3305017 0.3234060 0.3138891 0.3168460 0.3911669 0.3193029 0.3249965 0.3916625 0.0413909 0.3341944 0.3266301 0.3085944 0.3604577 0.3303408 0.3416766 0.3598939 0.3242719 0.3403139 0.4026565 0.2945368 0.3411149 0.0000000 0.3972378 0.2944439 
n292_293   0.3896603 0.3886814 0.3947034 0.2699830 0.0033408 0.3725233 0.3954970 0.0168637 0.3856772 0.3886248 0.2990389 0.4440779 0.0777835 0.4013819 0.3841372 0.0777115 0.3778300 0.3831903 0.0237218 0.2828916 0.3960571 0.3972378 0.0000000 0.2930224 
n286_287   0.3141225 0.3073456 0.2979278 0.1324997 0.2878268 0.2927805 0.3087547 0.2933323 0.3095203 0.3124503 0.1240813 0.3884554 0.2700715 0.3139723 0.3137122 0.2453727 0.2975771 0.3078987 0.3135365 0.0067119 0.3137214 0.2944439 0.2930224 0.0000000 
