26
n289_290   0.0000000 0.0630149 0.0202974 0.3450228 0.3111193 0.0629676 0.0134727 0.3006778 0.3219564 0.0593554 0.3445194 0.0237342 0.3215170 0.3479711 0.3065102 0.0066988 0.1489216 0.3012213 0.0630159 0.1200809 0.3115752 0.2811028 0.0629696 0.3325906 0.3114127 0.2963667 
n294_295   0.0630149 0.0000000 0.0557118 0.3345516 0.3220316 0.0272008 0.0704479 0.3008313 0.3172364 0.0033408 0.3340674 0.0593345 0.3326004 0.3597137 0.3066677 0.0630272 0.1532116 0.3013753 0.0272213 0.1241612 0.3168777 0.2768127 0.0272016 0.3278154 0.3167123 0.2920160 
n295_296   0.0202974 0.0557118 0.0000000 0.3289834 0.3166404 0.0556700 0.0307268 0.3006306 0.3172131 0.0520917 0.3285097 0.0033429 0.3271263 0.3372283 0.3064619 0.0237629 0.1406216 0.3011739 0.0557126 0.1083292 0.3115260 0.2716234 0.0556718 0.3277902 0.3113636 0.2867034 
n266_267   0.3450228 0.3345516 0.3289834 0.0000000 0.3173712 0.3449016 0.3507032 0.3065989 0.3730983 0.3291169 0.0101249 0.3342766 0.3278838 0.3606733 0.3280183 0.3450984 0.2870763 0.3120220 0.3451932 0.3443544 0.3122439 0.1968335 0.3395655 0.3740467 0.3120809 0.2012771 
n299_300   0.3111193 0.3220316 0.3166404 0.3173712 0.0000000 0.3321769 0.3271049 0.0134171 0.3935531 0.3167123 0.3118739 0.3115853 0.0066727 0.3826300 0.0774212 0.3217045 0.3112684 0.0736757 0.3324555 0.3214942 0.0100504 0.2908977 0.3163537 0.3998074 0.0033312 0.2959429 
n298_299   0.0629676 0.0272008 0.0556700 0.3449016 0.3321769 0.0000000 0.0703950 0.3106906 0.3384164 0.0237399 0.3443984 0.0592899 0.3428844 0.3703573 0.3060475 0.0629798 0.1572176 0.3007675 0.0066965 0.1201242 0.3269566 0.2764074 0.0271813 0.3493096 0.3267858 0.3018018 
n290_291   0.0134727 0.0704479 0.0307268 0.3507032 0.3271049 0.0703950 0.0000000 0.3164221 0.3274324 0.0667454 0.3501889 0.0342196 0.3377389 0.3536445 0.3224104 0.0134753 0.1572858 0.3169975 0.0704492 0.1281893 0.3275882 0.2862672 0.0703973 0.3381515 0.3274169 0.3016491 
n274_275   0.3006778 0.3008313 0.3006306 0.3065989 0.0134171 0.3106906 0.3164221 0.0000000 0.3701538 0.2956750 0.3011958 0.2956855 0.0202190 0.3707986 0.0626365 0.3111041 0.3059880 0.0589784 0.3109492 0.3003401 0.0100424 0.2807680 0.2953416 0.3761806 0.0100376 0.2857420 
n251_252   0.3219564 0.3172364 0.3172131 0.3730983 0.3935531 0.3384164 0.3274324 0.3701538 0.0000000 0.3119484 0.3725408 0.3224094 0.3991348 0.2563091 0.3819161 0.3168914 0.3067770 0.3647280 0.3387013 0.3105682 0.3878860 0.3343220 0.3331381 0.0448915 0.3876817 0.3342649 
n293_294   0.0593554 0.0033408 0.0520917 0.3291169 0.3167123 0.0237399 0.0667454 0.2956750 0.3119484 0.0000000 0.3286429 0.0556959 0.3272016 0.3541088 0.3014607 0.0593669 0.1490318 0.2962086 0.0237578 0.1201646 0.3115963 0.2718115 0.0237406 0.3224477 0.3114338 0.2869040 
n265_266   0.3445194 0.3340674 0.3285097 0.0101249 0.3118739 0.3443984 0.3501889 0.3011958 0.3725408 0.3286429 0.0000000 0.3337932 0.3222994 0.3666812 0.3275476 0.3445948 0.2866778 0.3115806 0.3446892 0.3438530 0.3067882 0.2012402 0.3390723 0.3734862 0.3066283 0.2057098 
n296_297   0.0237342 0.0593345 0.0033429 0.3342766 0.3115853 0.0592899 0.0342196 0.2956855 0.3224094 0.0556959 0.3337932 0.0000000 0.3220027 0.3425505 0.3014717 0.0272197 0.1447006 0.2962192 0.0593354 0.1122227 0.3065036 0.2765144 0.0592918 0.3330609 0.3063440 0.2916968 
n300_301   0.3215170 0.3326004 0.3271263 0.3278838 0.0066727 0.3428844 0.3377389 0.0202190 0.3991348 0.3272016 0.3222994 0.3220027 0.0000000 0.3941142 0.0848835 0.3322576 0.3216743 0.0810946 0.3431731 0.3268001 0.0168281 0.2908356 0.3268307 0.4054399 0.0100394 0.3010686 
n244_245   0.3479711 0.3597137 0.3372283 0.3606733 0.3826300 0.3703573 0.3536445 0.3707986 0.2563091 0.3541088 0.3666812 0.3425505 0.3941142 0.0000000 0.3945456 0.3427449 0.3009542 0.3770129 0.3706715 0.3371446 0.3829168 0.3226294 0.3372777 0.2467294 0.3827149 0.3228128 
n278_279   0.3065102 0.3066677 0.3064619 0.3280183 0.0774212 0.3060475 0.3224104 0.0626365 0.3819161 0.3014607 0.3275476 0.3014717 0.0848835 0.3945456 0.0000000 0.3170392 0.3221750 0.0168443 0.3168814 0.3057319 0.0737380 0.3071706 0.3064334 0.3826430 0.0737026 0.3123396 
n287_288   0.0066988 0.0630272 0.0237629 0.3450984 0.3217045 0.0629798 0.0134753 0.3111041 0.3168914 0.0593669 0.3445948 0.0272197 0.3322576 0.3427449 0.3170392 0.0000000 0.1530544 0.3116687 0.0630282 0.1201047 0.3221784 0.2811626 0.0629819 0.3274558 0.3220101 0.2964301 
n200_201   0.1489216 0.1532116 0.1406216 0.2870763 0.3112684 0.1572176 0.1572858 0.3059880 0.3067770 0.1490318 0.2866778 0.1447006 0.3216743 0.3009542 0.3221750 0.1530544 0.0000000 0.3116274 0.1573423 0.1487995 0.3221600 0.2477616 0.1529788 0.3172015 0.3113354 0.2623560 
n277_278   0.3012213 0.3013753 0.3011739 0.3120220 0.0736757 0.3007675 0.3169975 0.0589784 0.3647280 0.2962086 0.3115806 0.2962192 0.0810946 0.3770129 0.0168443 0.3116687 0.3116274 0.0000000 0.3115133 0.3004601 0.0700124 0.2968238 0.3011453 0.3654104 0.0699789 0.3019195 
n297_298   0.0630159 0.0272213 0.0557126 0.3451932 0.3324555 0.0066965 0.0704492 0.3109492 0.3387013 0.0237578 0.3446892 0.0593354 0.3431731 0.3706715 0.3168814 0.0630282 0.1573423 0.3115133 0.0000000 0.1202181 0.3272305 0.2766358 0.0272018 0.3496047 0.3270594 0.3020532 
n236_237   0.1200809 0.1241612 0.1083292 0.3443544 0.3214942 0.1201242 0.1281893 0.3003401 0.3105682 0.1201646 0.3438530 0.1122227 0.3268001 0.3371446 0.3057319 0.1201047 0.1487995 0.3004601 0.1202181 0.0000000 0.3163514 0.2664430 0.1201354 0.3210098 0.3161866 0.2663053 
n280_281   0.3115752 0.3168777 0.3115260 0.3122439 0.0100504 0.3269566 0.3275882 0.0100424 0.3878860 0.3115963 0.3067882 0.3065036 0.0168281 0.3829168 0.0737380 0.3221784 0.3221600 0.0700124 0.3272305 0.3163514 0.0000000 0.2963498 0.3112437 0.3940865 0.0066835 0.3014374 
n285_286   0.2811028 0.2768127 0.2716234 0.1968335 0.2908977 0.2764074 0.2862672 0.2807680 0.3343220 0.2718115 0.2012402 0.2765144 0.2908356 0.3226294 0.3071706 0.2811626 0.2477616 0.2968238 0.2766358 0.2664430 0.2963498 0.0000000 0.2715050 0.3135622 0.2961957 0.0203492 
n275_276   0.0629696 0.0272016 0.0556718 0.3395655 0.3163537 0.0271813 0.0703973 0.2953416 0.3331381 0.0237406 0.3390723 0.0592918 0.3268307 0.3372777 0.3064334 0.0629819 0.1529788 0.3011453 0.0272018 0.1201354 0.3112437 0.2715050 0.0000000 0.3439534 0.3110816 0.2865797 
n255_256   0.3325906 0.3278154 0.3277902 0.3740467 0.3998074 0.3493096 0.3381515 0.3761806 0.0448915 0.3224477 0.3734862 0.3330609 0.4054399 0.2467294 0.3826430 0.3274558 0.3172015 0.3654104 0.3496047 0.3210098 0.3940865 0.3135622 0.3439534 0.0000000 0.3938786 0.3135106 
n292_293   0.3114127 0.3167123 0.3113636 0.3120809 0.0033312 0.3267858 0.3274169 0.0100376 0.3876817 0.3114338 0.3066283 0.3063440 0.0100394 0.3827149 0.0737026 0.3220101 0.3113354 0.0699789 0.3270594 0.3161866 0.0066835 0.2961957 0.3110816 0.3938786 0.0000000 0.3012805 
n286_287   0.2963667 0.2920160 0.2867034 0.2012771 0.2959429 0.3018018 0.3016491 0.2857420 0.3342649 0.2869040 0.2057098 0.2916968 0.3010686 0.3228128 0.3123396 0.2964301 0.2623560 0.3019195 0.3020532 0.2663053 0.3014374 0.0203492 0.2865797 0.3135106 0.3012805 0.0000000 
