24
n289_290   0.0000000 0.0627565 0.0236823 0.2567371 0.2604175 0.0591745 0.0100533 0.2460960 0.3659675 0.0664013 0.2565294 0.0202392 0.4241441 0.2498327 0.0066854 0.1561619 0.2504245 0.0887144 0.2513101 0.2654511 0.0628180 0.3541653 0.2557975 0.2750325 
n294_295   0.0627565 0.0000000 0.0590515 0.2615571 0.2363660 0.0236991 0.0664536 0.2269602 0.3597016 0.0100480 0.2711580 0.0554084 0.4235957 0.2401494 0.0627877 0.1435868 0.2311992 0.0849114 0.2320028 0.2703769 0.0271523 0.3480247 0.2363857 0.2800253 
n295_296   0.0236823 0.0590515 0.0000000 0.2471257 0.2456950 0.0554880 0.0271470 0.2316728 0.3539872 0.0626737 0.2515039 0.0033314 0.4110676 0.2353821 0.0236930 0.1435911 0.2359329 0.0848419 0.2367562 0.2653590 0.0555247 0.3424212 0.2411638 0.2749367 
n266_267   0.2567371 0.2615571 0.2471257 0.0000000 0.2518136 0.2668211 0.2568418 0.2518621 0.3854219 0.2763821 0.0204028 0.2422500 0.4192166 0.2558484 0.2569108 0.2564151 0.2515235 0.2662980 0.2473309 0.1323664 0.2567371 0.3843533 0.2472266 0.1363998 
n299_300   0.2604175 0.2363660 0.2456950 0.2518136 0.0000000 0.2510872 0.2557767 0.0237741 0.3534933 0.2410087 0.2612827 0.2408542 0.3924461 0.0628318 0.2605941 0.2604011 0.0556423 0.2459389 0.0169149 0.2458093 0.2558726 0.3588560 0.0100872 0.2551302 
n298_299   0.0591745 0.0236991 0.0554880 0.2668211 0.2510872 0.0000000 0.0628530 0.2414667 0.3658050 0.0271464 0.2764992 0.0518619 0.4302997 0.2549081 0.0592030 0.1478902 0.2457765 0.0888061 0.2466426 0.2757008 0.0237220 0.3540107 0.2511077 0.2854263 
n290_291   0.0100533 0.0664536 0.0271470 0.2568418 0.2557767 0.0628530 0.0000000 0.2415333 0.3712934 0.0701193 0.2566339 0.0236833 0.4298815 0.2452657 0.0100578 0.1604455 0.2458451 0.0925642 0.2467119 0.2656651 0.0665178 0.3594007 0.2511794 0.2752573 
n274_275   0.2460960 0.2269602 0.2316728 0.2518621 0.0237741 0.2414667 0.2415333 0.0000000 0.3426804 0.2315420 0.2613354 0.2269284 0.3810851 0.0519605 0.2462591 0.2460749 0.0448676 0.2409996 0.0169253 0.2458550 0.2461879 0.3479766 0.0203404 0.2551799 
n251_252   0.3659675 0.3597016 0.3539872 0.3854219 0.3534933 0.3658050 0.3712934 0.3426804 0.0000000 0.3766932 0.3968036 0.3483193 0.2749722 0.3414404 0.3716049 0.3380566 0.3312730 0.3320285 0.3268497 0.3609937 0.3603187 0.0521413 0.3483116 0.3719104 
n293_294   0.0664013 0.0100480 0.0626737 0.2763821 0.2410087 0.0271464 0.0701193 0.2315420 0.3766932 0.0000000 0.2861792 0.0590107 0.4357609 0.2448014 0.0664345 0.1559885 0.2358003 0.0963126 0.2366229 0.2853510 0.0306165 0.3647059 0.2410287 0.2951956 
n265_266   0.2565294 0.2711580 0.2515039 0.0204028 0.2612827 0.2764992 0.2566339 0.2613354 0.3968036 0.2861792 0.0000000 0.2466034 0.4249550 0.2653447 0.2567028 0.2659408 0.2609799 0.2566467 0.2567529 0.1404070 0.2761514 0.3956858 0.2566441 0.1444832 
n296_297   0.0202392 0.0554084 0.0033314 0.2422500 0.2408542 0.0518619 0.0236833 0.2269284 0.3483193 0.0590107 0.2466034 0.0000000 0.4049305 0.2306289 0.0202484 0.1394477 0.2311664 0.0810531 0.2319697 0.2603673 0.0518962 0.3368558 0.2363516 0.2698788 
n244_245   0.4241441 0.4235957 0.4110676 0.4192166 0.3924461 0.4302997 0.4298815 0.3810851 0.2749722 0.4357609 0.4249550 0.4049305 0.0000000 0.3742899 0.4302578 0.4066189 0.3636982 0.3878224 0.3759357 0.3867235 0.4244016 0.2453886 0.3870161 0.3979518 
n278_279   0.2498327 0.2401494 0.2353821 0.2558484 0.0628318 0.2549081 0.2452657 0.0519605 0.3414404 0.2448014 0.2653447 0.2306289 0.3742899 0.0000000 0.2499986 0.2455327 0.0134642 0.2351840 0.0556574 0.2449972 0.2597033 0.3578215 0.0592275 0.2542826 
n287_288   0.0066854 0.0627877 0.0236930 0.2569108 0.2605941 0.0592030 0.0100578 0.2462591 0.3716049 0.0664345 0.2567028 0.0202484 0.4302578 0.2499986 0.0000000 0.1562504 0.2505914 0.0887593 0.2514783 0.2656329 0.0628484 0.3596990 0.2559698 0.2752238 
n200_201   0.1561619 0.1435868 0.1435911 0.2564151 0.2604011 0.1478902 0.1604455 0.2460749 0.3380566 0.1559885 0.2659408 0.1394477 0.4066189 0.2455327 0.1562504 0.0000000 0.2364991 0.1557772 0.2512906 0.2554214 0.1520157 0.3270047 0.2557795 0.2648677 
n277_278   0.2504245 0.2311992 0.2359329 0.2515235 0.0556423 0.2457765 0.2458451 0.0448676 0.3312730 0.2358003 0.2609799 0.2311664 0.3636982 0.0134642 0.2505914 0.2364991 0.0000000 0.2262996 0.0485200 0.2359863 0.2505180 0.3474481 0.0520655 0.2451730 
n236_237   0.0887144 0.0849114 0.0848419 0.2662980 0.2459389 0.0888061 0.0925642 0.2409996 0.3320285 0.0963126 0.2566467 0.0810531 0.3878224 0.2351840 0.0887593 0.1557772 0.2262996 0.0000000 0.2461639 0.2699900 0.0926052 0.3419268 0.2506201 0.2796211 
n280_281   0.2513101 0.2320028 0.2367562 0.2473309 0.0169149 0.2466426 0.2467119 0.0169253 0.3268497 0.2366229 0.2567529 0.2319697 0.3759357 0.0556574 0.2514783 0.2512906 0.0485200 0.2461639 0.0000000 0.2413746 0.2514042 0.3320455 0.0135073 0.2506505 
n285_286   0.2654511 0.2703769 0.2653590 0.1323664 0.2458093 0.2757008 0.2656651 0.2458550 0.3609937 0.2853510 0.1404070 0.2603673 0.3867235 0.2449972 0.2656329 0.2554214 0.2359863 0.2699900 0.2413746 0.0000000 0.2806579 0.3600305 0.2412736 0.0066800 
n275_276   0.0628180 0.0271523 0.0555247 0.2567371 0.2558726 0.0237220 0.0665178 0.2461879 0.3603187 0.0306165 0.2761514 0.0518962 0.4244016 0.2597033 0.0628484 0.1520157 0.2505180 0.0926052 0.2514042 0.2806579 0.0000000 0.3486194 0.2558933 0.2904463 
n255_256   0.3541653 0.3480247 0.3424212 0.3843533 0.3588560 0.3540107 0.3594007 0.3479766 0.0521413 0.3647059 0.3956858 0.3368558 0.2453886 0.3578215 0.3596990 0.3270047 0.3474481 0.3419268 0.3320455 0.3600305 0.3486194 0.0000000 0.3536446 0.3709030 
n292_293   0.2557975 0.2363857 0.2411638 0.2472266 0.0100872 0.2511077 0.2511794 0.0203404 0.3483116 0.2410287 0.2566441 0.2363516 0.3870161 0.0592275 0.2559698 0.2557795 0.0520655 0.2506201 0.0135073 0.2412736 0.2558933 0.3536446 0.0000000 0.2505451 
n286_287   0.2750325 0.2800253 0.2749367 0.1363998 0.2551302 0.2854263 0.2752573 0.2551799 0.3719104 0.2951956 0.1444832 0.2698788 0.3979518 0.2542826 0.2752238 0.2648677 0.2451730 0.2796211 0.2506505 0.0066800 0.2904463 0.3709030 0.2505451 0.0000000 
