26
n277_278   0.0000000 2.2924791 2.8646794 2.1756951 2.4850480 0.5561463 4.2226641 2.4869207 0.1364952 0.5258576 3.5221075 2.1048551 2.6778160 2.2689607 3.1877431 0.5355483 0.5337149 2.8872662 2.3010385 8.9999982 1.5588217 1.4626146 2.1486870 3.2837520 2.2847484 0.5201228 
n286_287   2.2924791 0.0000000 3.3158629 0.0524655 5.0062926 2.0726721 2.8316223 3.3622996 2.6292737 2.0929171 3.1563033 2.8940502 4.0489412 2.8445774 2.2481999 1.9489205 2.1423005 3.3253481 3.2095422 4.1560889 1.0801185 0.9297605 2.9940595 2.8634815 3.3790992 2.1876794 
n296_297   2.8646794 3.3158629 0.0000000 3.0986887 0.1812383 3.4872457 2.3754736 0.2981909 2.7946863 4.1833352 0.6065364 0.3411807 0.1505010 0.3075278 1.3630216 4.3895770 4.1458349 0.0309245 0.1760920 3.1726120 2.7020275 2.1926062 0.3188311 2.0683820 0.3178987 4.4782365 
n285_286   2.1756951 0.0524655 3.0986887 0.0000000 4.0196962 2.0421320 2.9137567 3.6074419 2.5304859 1.9509822 2.8497153 2.9569212 3.4403307 2.9023156 2.3597208 1.8253394 1.9519769 3.1042270 2.8993228 3.4645059 1.1370913 0.9514823 3.0628250 2.9909552 3.3314929 2.0324845 
n289_290   2.4850480 5.0062926 0.1812383 4.0196962 0.0000000 3.6152668 3.0714515 0.3200040 2.4528338 5.3646802 0.7110774 0.3654308 0.0525101 0.3156114 1.4570758 8.9999982 3.9541081 0.1900911 0.0863190 3.0760996 3.2352302 2.3081824 0.3539117 2.2735501 0.3247579 6.3528776 
n274_275   0.5561463 2.0726721 3.4872457 2.0421320 3.6152668 0.0000000 4.2333900 3.2758947 0.5276013 0.1087284 3.2500232 3.2176318 3.7717276 3.3372019 3.2273767 0.1250560 0.1165354 3.0201824 3.8179407 3.8032629 2.2863093 1.7253257 3.2647226 3.3267712 3.2779904 0.1048549 
n255_256   4.2226641 2.8316223 2.3754736 2.9137567 3.0714515 4.2333900 0.0000000 3.0584126 2.9870373 5.4220595 3.2624044 2.9711579 2.9679948 3.0086739 4.2957956 5.1046085 5.3698272 2.5428136 4.0996492 2.1218852 2.5839622 2.3976152 3.3619777 0.3339993 3.0073774 6.0112114 
n275_276   2.4869207 3.3622996 0.2981909 3.6074419 0.3200040 3.2758947 3.0584126 0.0000000 2.3300799 3.8426679 0.6506717 0.1095828 0.3033501 0.1510786 1.3817382 4.7534311 3.4533880 0.2983150 0.3200256 3.4474578 3.2029242 2.2570387 0.1014682 2.0724452 0.1552119 4.0662994 
n278_279   0.1364952 2.6292737 2.7946863 2.5304859 2.4528338 0.5276013 2.9870373 2.3300799 0.0000000 0.4901874 3.3158594 2.2412114 2.6107107 2.3747269 2.8171521 0.4971174 0.5208799 2.7043370 2.1922645 9.0000000 2.0036536 1.8171662 2.2908613 3.0040105 2.3924929 0.4767835 
n299_300   0.5258576 2.0929171 4.1833352 1.9509822 5.3646802 0.1087284 5.4220595 3.8426679 0.4901874 0.0000000 3.1908312 3.7634672 5.5599709 3.7732922 3.0731923 0.0341351 0.0777497 3.6872912 4.3952773 2.9192390 2.1692449 1.7687130 3.6626766 4.8244049 3.7657360 0.0134100 
n236_237   3.5221075 3.1563033 0.6065364 2.8497153 0.7110774 3.2500232 3.2624044 0.6506717 3.3158594 3.1908312 0.0000000 0.6868457 0.6585802 0.6976323 1.1418976 3.2396397 3.2234629 0.6075919 0.6423079 4.6492812 2.3392267 2.2187218 0.6581209 3.2010508 0.7061909 3.3774866 
n293_294   2.1048551 2.8940502 0.3411807 2.9569212 0.3654308 3.2176318 2.9711579 0.1095828 2.2412114 3.7634672 0.6868457 0.0000000 0.3594131 0.1682866 1.3808610 4.6460509 3.2563394 0.3419446 0.3597582 4.6993726 2.7566915 2.0730451 0.0272792 2.0059270 0.1682928 3.9797945 
n290_291   2.6778160 4.0489412 0.1505010 3.4403307 0.0525101 3.7717276 2.9679948 0.3033501 2.6107107 5.5599709 0.6585802 0.3594131 0.0000000 0.3091534 1.3954508 8.9999985 4.2589809 0.1546656 0.0597673 3.9508688 3.1955082 2.3368259 0.3473535 2.4096418 0.3182179 6.4091315 
n297_298   2.2689607 2.8445774 0.3075278 2.9023156 0.3156114 3.3372019 3.0086739 0.1510786 2.3747269 3.7732922 0.6976323 0.1682866 0.3091534 0.0000000 1.5877140 5.1803047 3.2329055 0.3192031 0.2983060 8.9999984 2.9426248 2.1488356 0.1592882 2.3669635 0.0378784 3.9892110 
n200_201   3.1877431 2.2481999 1.3630216 2.3597208 1.4570758 3.2273767 4.2957956 1.3817382 2.8171521 3.0731923 1.1418976 1.3808610 1.3954508 1.5877140 0.0000000 3.1832034 3.3169370 1.4060690 1.3398576 2.9353395 2.9017617 3.3232558 1.3566648 6.2026424 1.6517304 3.2362750 
n292_293   0.5355483 1.9489205 4.3895770 1.8253394 8.9999982 0.1250560 5.1046085 4.7534311 0.4971174 0.0341351 3.2396397 4.6460509 8.9999985 5.1803047 3.1832034 0.0000000 0.0817478 3.7699714 5.3845639 2.8556683 2.1260224 1.6958056 4.4786606 5.0906944 5.1464483 0.0341340 
n280_281   0.5337149 2.1423005 4.1458349 1.9519769 3.9541081 0.1165354 5.3698272 3.4533880 0.5208799 0.0777497 3.2234629 3.2563394 4.2589809 3.2329055 3.3169370 0.0817478 0.0000000 3.6246908 3.6916265 3.2602008 2.1840814 1.8578662 3.3081917 3.9555705 3.2286573 0.0777454 
n295_296   2.8872662 3.3253481 0.0309245 3.1042270 0.1900911 3.0201824 2.5428136 0.2983150 2.7043370 3.6872912 0.6075919 0.3419446 0.1546656 0.3192031 1.4060690 3.7699714 3.6246908 0.0000000 0.1804003 3.0381146 2.6604946 2.2138425 0.3195367 2.1132034 0.3238653 3.8140965 
n287_288   2.3010385 3.2095422 0.1760920 2.8993228 0.0863190 3.8179407 4.0996492 0.3200256 2.1922645 4.3952773 0.6423079 0.3597582 0.0597673 0.2983060 1.3398576 5.3845639 3.6916265 0.1804003 0.0000000 3.2573700 3.2945064 2.3392434 0.3476831 2.7781998 0.3246849 4.7191467 
n244_245   8.9999982 4.1560889 3.1726120 3.4645059 3.0760996 3.8032629 2.1218852 3.4474578 9.0000000 2.9192390 4.6492812 4.6993726 3.9508688 8.9999984 2.9353395 2.8556683 3.2602008 3.0381146 3.2573700 0.0000000 5.2915237 4.9947700 3.6506791 2.3693756 8.9999982 2.9833210 
n265_266   1.5588217 1.0801185 2.7020275 1.1370913 3.2352302 2.2863093 2.5839622 3.2029242 2.0036536 2.1692449 2.3392267 2.7566915 3.1955082 2.9426248 2.9017617 2.1260224 2.1840814 2.6604946 3.2945064 5.2915237 0.0000000 0.1774709 2.6470717 2.1148297 2.7925915 2.1536760 
n266_267   1.4626146 0.9297605 2.1926062 0.9514823 2.3081824 1.7253257 2.3976152 2.2570387 1.8171662 1.7687130 2.2187218 2.0730451 2.3368259 2.1488356 3.3232558 1.6958056 1.8578662 2.2138425 2.3392434 4.9947700 0.1774709 0.0000000 2.1060651 1.7078548 2.1639734 1.7322064 
n294_295   2.1486870 2.9940595 0.3188311 3.0628250 0.3539117 3.2647226 3.3619777 0.1014682 2.2908613 3.6626766 0.6581209 0.0272792 0.3473535 0.1592882 1.3566648 4.4786606 3.3081917 0.3195367 0.3476831 3.6506791 2.6470717 2.1060651 0.0000000 2.1150551 0.1592944 3.8648924 
n251_252   3.2837520 2.8634815 2.0683820 2.9909552 2.2735501 3.3267712 0.3339993 2.0724452 3.0040105 4.8244049 3.2010508 2.0059270 2.4096418 2.3669635 6.2026424 5.0906944 3.9555705 2.1132034 2.7781998 2.3693756 2.1148297 1.7078548 2.1150551 0.0000000 2.3062965 4.1732886 
n298_299   2.2847484 3.3790992 0.3178987 3.3314929 0.3247579 3.2779904 3.0073774 0.1552119 2.3924929 3.7657360 0.7061909 0.1682928 0.3182179 0.0378784 1.6517304 5.1464483 3.2286573 0.3238653 0.3246849 8.9999982 2.7925915 2.1639734 0.1592944 2.3062965 0.0000000 3.9796827 
n300_301   0.5201228 2.1876794 4.4782365 2.0324845 6.3528776 0.1048549 6.0112114 4.0662994 0.4767835 0.0134100 3.3774866 3.9797945 6.4091315 3.9892110 3.2362750 0.0341340 0.0777454 3.8140965 4.7191467 2.9833210 2.1536760 1.7322064 3.8648924 4.1732886 3.9796827 0.0000000 
