26
n298_299   0.0000000 0.2777835 0.1521431 0.2975372 0.0517560 0.3126326 0.2827015 0.0306697 0.0237426 0.0553936 0.0033397 0.2392730 0.0446602 0.4220360 0.2780965 0.0482056 0.1077817 0.4221040 0.2924382 0.0272070 0.2825979 0.3336101 0.0482045 0.2875915 0.3595676 0.2488560 
n280_281   0.2777835 0.0000000 0.2447104 0.3078736 0.2582129 0.3390922 0.0168731 0.2678805 0.2583700 0.2727694 0.2728248 0.0701176 0.2581864 0.4166631 0.0168837 0.2629326 0.2628421 0.4164895 0.3076659 0.2681869 0.0168686 0.3554997 0.2582814 0.0202937 0.3894116 0.0813236 
n200_201   0.1521431 0.2447104 0.0000000 0.2980393 0.1437040 0.3140888 0.2494154 0.1522104 0.1399532 0.1479378 0.1479921 0.2405261 0.1397121 0.4118331 0.2495970 0.1396940 0.1521493 0.4117749 0.2979740 0.1481510 0.2493279 0.3246069 0.1397604 0.2541034 0.3657094 0.2409075 
n286_287   0.2975372 0.3078736 0.2980393 0.0000000 0.2921195 0.1938140 0.3079645 0.2876401 0.2876641 0.2974519 0.2924380 0.2733865 0.2872482 0.4530685 0.3077809 0.2872666 0.3027861 0.4474084 0.0100584 0.2876886 0.3078476 0.2026307 0.2921500 0.3130179 0.4345462 0.2879441 
n287_288   0.0517560 0.2582129 0.1437040 0.2921195 0.0000000 0.3122729 0.2629954 0.0517786 0.0411303 0.0100640 0.0481787 0.2251488 0.0202509 0.4096644 0.2631882 0.0033373 0.0961395 0.4097275 0.2870660 0.0482271 0.2629017 0.3332124 0.0236781 0.2677567 0.3534940 0.2345240 
n266_267   0.3126326 0.3390922 0.3140888 0.1938140 0.3122729 0.0000000 0.3444386 0.3178317 0.3025692 0.3177677 0.3074281 0.2979443 0.3073091 0.4709189 0.3389900 0.3072958 0.3129548 0.4716439 0.1894229 0.3128226 0.3443011 0.0340787 0.3074254 0.3497296 0.4472726 0.3079663 
n292_293   0.2827015 0.0168731 0.2494154 0.3079645 0.2629954 0.3444386 0.0000000 0.2727291 0.2631562 0.2776506 0.2777078 0.0738061 0.2629678 0.4228893 0.0203075 0.2677452 0.2676524 0.4227137 0.3077566 0.2730420 0.0067009 0.3498417 0.2630649 0.0100766 0.3892804 0.0850728 
n293_294   0.0306697 0.2678805 0.1522104 0.2876401 0.0517786 0.3178317 0.2727291 0.0000000 0.0237529 0.0554177 0.0271919 0.2345851 0.0446797 0.4162774 0.2681795 0.0482266 0.1078291 0.4163432 0.2874789 0.0100795 0.2726305 0.3389617 0.0482256 0.2775531 0.3542662 0.2441005 
n275_276   0.0237426 0.2583700 0.1399532 0.2876641 0.0411303 0.3025692 0.2631562 0.0237529 0.0000000 0.0447073 0.0202989 0.2208717 0.0341281 0.3927492 0.2586560 0.0376256 0.0963154 0.3928062 0.2826338 0.0203189 0.2630624 0.3232588 0.0376250 0.2679211 0.3436073 0.2301986 
n289_290   0.0553936 0.2727694 0.1479378 0.2974519 0.0100640 0.3177677 0.2776506 0.0554177 0.0447073 0.0000000 0.0517944 0.2345403 0.0237040 0.4160153 0.2778561 0.0066965 0.1000544 0.4160810 0.2923561 0.0518464 0.2775496 0.3388874 0.0271498 0.2825055 0.3593344 0.2440525 
n297_298   0.0033397 0.2728248 0.1479921 0.2924380 0.0481787 0.3074281 0.2777078 0.0271919 0.0202989 0.0517944 0.0000000 0.2345827 0.0411174 0.4159778 0.2731307 0.0446452 0.1038964 0.4160434 0.2873768 0.0237453 0.2776067 0.3282468 0.0446443 0.2825645 0.3540139 0.2440979 
n278_279   0.2392730 0.0701176 0.2405261 0.2733865 0.2251488 0.2979443 0.0738061 0.2345851 0.2208717 0.2345403 0.2345827 0.0000000 0.2207232 0.3773894 0.0738543 0.2252301 0.2348824 0.3772281 0.2732057 0.2348479 0.0737854 0.3240244 0.2208028 0.0775073 0.3720554 0.0237408 
n295_296   0.0446602 0.2581864 0.1397121 0.2872482 0.0202509 0.3073091 0.2629678 0.0446797 0.0341281 0.0237040 0.0411174 0.2207232 0.0000000 0.4039532 0.2631605 0.0168422 0.0961565 0.4040142 0.2822275 0.0411584 0.2628741 0.3281114 0.0033360 0.2677280 0.3481932 0.2300416 
n251_252   0.4220360 0.4166631 0.4118331 0.4530685 0.4096644 0.4709189 0.4228893 0.4162774 0.3927492 0.4160153 0.4159778 0.3773894 0.4039532 0.0000000 0.4113325 0.4040315 0.4285475 0.0483850 0.4349191 0.4106072 0.4227007 0.4640932 0.4041146 0.4287261 0.3070173 0.3887307 
n274_275   0.2780965 0.0168837 0.2495970 0.3077809 0.2631882 0.3389900 0.0203075 0.2681795 0.2586560 0.2778561 0.2731307 0.0738543 0.2631605 0.4113325 0.0000000 0.2679420 0.2678490 0.4166969 0.3075733 0.2684866 0.0203022 0.3553924 0.2632577 0.0237462 0.3724194 0.0851286 
n290_291   0.0482056 0.2629326 0.1396940 0.2872666 0.0033373 0.3072958 0.2677452 0.0482266 0.0376256 0.0066965 0.0446452 0.2252301 0.0168422 0.4040315 0.2679420 0.0000000 0.0923764 0.4040926 0.2822457 0.0446899 0.2676492 0.3280967 0.0202550 0.2725349 0.3482527 0.2346092 
n236_237   0.1077817 0.2628421 0.1521493 0.3027861 0.0961395 0.3129548 0.2676524 0.1078291 0.0963154 0.1000544 0.1038964 0.2348824 0.0961565 0.4285475 0.2678490 0.0923764 0.0000000 0.4286182 0.2976491 0.1040046 0.2675565 0.3234212 0.0999568 0.2724398 0.3438801 0.2444098 
n255_256   0.4221040 0.4164895 0.4117749 0.4474084 0.4097275 0.4716439 0.4227137 0.4163432 0.3928062 0.4160810 0.4160434 0.3772281 0.4040142 0.0483850 0.4166969 0.4040926 0.4286182 0.0000000 0.4293724 0.4106708 0.4225252 0.4776203 0.4041757 0.4285489 0.3068347 0.3945714 
n285_286   0.2924382 0.3076659 0.2979740 0.0100584 0.2870660 0.1894229 0.3077566 0.2874789 0.2826338 0.2923561 0.2873768 0.2732057 0.2822275 0.4349191 0.3075733 0.2822457 0.2976491 0.4293724 0.0000000 0.2826576 0.3076399 0.1981833 0.2870962 0.3128059 0.4284022 0.2877521 
n294_295   0.0272070 0.2681869 0.1481510 0.2876886 0.0482271 0.3128226 0.2730420 0.0100795 0.0203189 0.0518464 0.0237453 0.2348479 0.0411584 0.4106072 0.2684866 0.0446899 0.1040046 0.4106708 0.2826576 0.0000000 0.2729432 0.3338128 0.0446890 0.2778724 0.3490239 0.2397957 
n300_301   0.2825979 0.0168686 0.2493279 0.3078476 0.2629017 0.3443011 0.0067009 0.2726305 0.2630624 0.2775496 0.2776067 0.0737854 0.2628741 0.4227007 0.0203022 0.2676492 0.2675565 0.4225252 0.3076399 0.2729432 0.0000000 0.3608244 0.2629711 0.0033408 0.3837416 0.0850485 
n265_266   0.3336101 0.3554997 0.3246069 0.2026307 0.3332124 0.0340787 0.3498417 0.3389617 0.3232588 0.3388874 0.3282468 0.3240244 0.3281114 0.4640932 0.3553924 0.3280967 0.3234212 0.4776203 0.1981833 0.3338128 0.3608244 0.0000000 0.3282371 0.3663801 0.4417139 0.3291485 
n296_297   0.0482045 0.2582814 0.1397604 0.2921500 0.0236781 0.3074254 0.2630649 0.0482256 0.0376250 0.0271498 0.0446443 0.2208028 0.0033360 0.4041146 0.2632577 0.0202550 0.0999568 0.4041757 0.2870962 0.0446890 0.2629711 0.3282371 0.0000000 0.2678271 0.3483279 0.2301250 
n299_300   0.2875915 0.0202937 0.2541034 0.3130179 0.2677567 0.3497296 0.0100766 0.2775531 0.2679211 0.2825055 0.2825645 0.0775073 0.2677280 0.4287261 0.0237462 0.2725349 0.2724398 0.4285489 0.3128059 0.2778724 0.0033408 0.3663801 0.2678271 0.0000000 0.3894838 0.0888338 
n244_245   0.3595676 0.3894116 0.3657094 0.4345462 0.3534940 0.4472726 0.3892804 0.3542662 0.3436073 0.3593344 0.3540139 0.3720554 0.3481932 0.3070173 0.3724194 0.3482527 0.3438801 0.3068347 0.4284022 0.3490239 0.3837416 0.4417139 0.3483279 0.3894838 0.0000000 0.3835197 
n277_278   0.2488560 0.0813236 0.2409075 0.2879441 0.2345240 0.3079663 0.0850728 0.2441005 0.2301986 0.2440525 0.2440979 0.0237408 0.2300416 0.3887307 0.0851286 0.2346092 0.2444098 0.3945714 0.2877521 0.2397957 0.0850485 0.3291485 0.2301250 0.0888338 0.3835197 0.0000000 
