26
n200_201   0.0000000 0.3926551 0.2819950 0.0970896 0.3280594 0.2382981 0.2764675 0.1369138 0.3334340 0.1245524 0.1126880 0.2479097 0.2765290 0.1009238 0.1128097 0.0971284 0.2766448 0.4091893 0.1087041 0.2766448 0.1246878 0.3741923 0.1009247 0.0970906 0.2717944 0.2665509 
n255_254   0.3926551 0.0000000 0.4331249 0.3928942 0.4224646 0.4393162 0.4402630 0.4429745 0.4348831 0.4234165 0.4232502 0.4521388 0.4342857 0.3986345 0.4238148 0.3986080 0.4405893 0.3289547 0.4415333 0.4405893 0.4239813 0.0376361 0.3930208 0.3873198 0.4345251 0.4324595 
n266_265   0.2819950 0.4331249 0.0000000 0.2929303 0.1515548 0.2770019 0.3012065 0.3469634 0.1598614 0.3299784 0.3190103 0.2768034 0.3063375 0.2979389 0.3194055 0.2979286 0.3064687 0.4715826 0.2920494 0.3014423 0.3303903 0.4202779 0.2979286 0.2929206 0.3014296 0.0271282 
n293_292   0.0970896 0.3928942 0.2929303 0.0000000 0.3345546 0.2428231 0.2715472 0.0449839 0.3454795 0.0342873 0.0272672 0.2524912 0.2716073 0.0033463 0.0272948 0.0033464 0.2717206 0.4356166 0.0816237 0.2717206 0.0343225 0.3746080 0.0033464 0.0067085 0.2669008 0.2771966 
n285_284   0.3280594 0.4224646 0.1515548 0.3345546 0.0000000 0.3339525 0.3333342 0.3807548 0.0066774 0.3684991 0.3568297 0.3390508 0.3228559 0.3398434 0.3572829 0.3398275 0.3335584 0.4718217 0.3445053 0.3335584 0.3689720 0.4221134 0.3398275 0.3345394 0.3282820 0.1513691 
n278_277   0.2382981 0.4393162 0.2770019 0.2428231 0.3339525 0.0000000 0.0554636 0.2773696 0.3448525 0.2620761 0.2621878 0.0100719 0.0554736 0.2474955 0.2620791 0.2474903 0.0554928 0.4520241 0.2570799 0.0554928 0.2623881 0.4138858 0.2474903 0.2428183 0.0519106 0.2865312 
n274_273   0.2764675 0.4402630 0.3012065 0.2715472 0.3333342 0.0554636 0.0000000 0.3127624 0.3442091 0.2966738 0.2966707 0.0554277 0.0066864 0.2763965 0.2965445 0.2763887 0.0066886 0.4788656 0.2863494 0.0066886 0.2970345 0.4147569 0.2763887 0.2715398 0.0066865 0.3058439 
n287_286   0.1369138 0.4429745 0.3469634 0.0449839 0.3807548 0.2773696 0.3127624 0.0000000 0.3924482 0.0169287 0.0485770 0.2875432 0.3128344 0.0485517 0.0486273 0.0485526 0.3129695 0.4684865 0.1204608 0.3129695 0.0169457 0.4348233 0.0485526 0.0521502 0.3078714 0.3298956 
n286_285   0.3334340 0.4348831 0.1598614 0.3454795 0.0066774 0.3448525 0.3442091 0.3924482 0.0000000 0.3799754 0.3565085 0.3500217 0.3335756 0.3508467 0.3569609 0.3508291 0.3444429 0.4850657 0.3555538 0.3444429 0.3804659 0.4217222 0.3508291 0.3454627 0.3390876 0.1596643 
n289_288   0.1245524 0.4234165 0.3299784 0.0342873 0.3684991 0.2620761 0.2966738 0.0169287 0.3799754 0.0000000 0.0378178 0.2720143 0.2967410 0.0377986 0.0378567 0.0377993 0.2968673 0.4616249 0.1124862 0.2968673 0.0067183 0.4155465 0.0377993 0.0413369 0.2918841 0.3133519 
n296_295   0.1126880 0.4232502 0.3190103 0.0272672 0.3568297 0.2621878 0.2966707 0.0485770 0.3565085 0.0378178 0.0000000 0.2721336 0.2967379 0.0307423 0.0033479 0.0307429 0.2968642 0.4617422 0.1007102 0.2968642 0.0378567 0.3974052 0.0307429 0.0342420 0.2918801 0.3077076 
n277_276   0.2479097 0.4521388 0.2768034 0.2524912 0.3390508 0.0100719 0.0554277 0.2875432 0.3500217 0.2720143 0.2721336 0.0000000 0.0554377 0.2572260 0.2720199 0.2572200 0.0554569 0.4650544 0.2669406 0.0554569 0.2723403 0.4262427 0.2572200 0.2524856 0.0518771 0.2863253 
n300_299   0.2765290 0.4342857 0.3063375 0.2716073 0.3228559 0.0554736 0.0066864 0.3128344 0.3335756 0.2967410 0.2967379 0.0554377 0.0000000 0.2764580 0.2966116 0.2764501 0.0066898 0.4789944 0.2864135 0.0066898 0.2971019 0.4089793 0.2764501 0.2715999 0.0066877 0.3059136 
n294_293   0.1009238 0.3986345 0.2979389 0.0033463 0.3398434 0.2474955 0.2763965 0.0485517 0.3508467 0.0377986 0.0307423 0.2572260 0.2764580 0.0000000 0.0307734 0.0067068 0.2765738 0.4416838 0.0853696 0.2765738 0.0378374 0.3802026 0.0067068 0.0100840 0.2717242 0.2820932 
n295_294   0.1128097 0.4238148 0.3194055 0.0272948 0.3572829 0.2620791 0.2965445 0.0486273 0.3569609 0.0378567 0.0033479 0.2720199 0.2966116 0.0307734 0.0000000 0.0307741 0.2967379 0.4623741 0.0968182 0.2967379 0.0378957 0.3979245 0.0307741 0.0342767 0.2917563 0.3080853 
n275_274   0.0971284 0.3986080 0.2979286 0.0033464 0.3398275 0.2474903 0.2763887 0.0485526 0.3508291 0.0377993 0.0307429 0.2572200 0.2764501 0.0067068 0.0307741 0.0000000 0.2765659 0.4416475 0.0853706 0.2765659 0.0378382 0.3801798 0.0067070 0.0100842 0.2717168 0.2820847 
n292_291   0.2766448 0.4405893 0.3064687 0.2717206 0.3335584 0.0554928 0.0066886 0.3129695 0.3444429 0.2968673 0.2968642 0.0554569 0.0066898 0.2765738 0.2967379 0.2765659 0.0000000 0.4719515 0.2865344 0.0066920 0.2972285 0.4150573 0.2765659 0.2717132 0.0066899 0.3060444 
n244_243   0.4091893 0.3289547 0.4715826 0.4356166 0.4718217 0.4520241 0.4788656 0.4684865 0.4850657 0.4616249 0.4617422 0.4650544 0.4789944 0.4416838 0.4623741 0.4416475 0.4719515 0.0000000 0.4479410 0.4719515 0.4622562 0.3237415 0.4297060 0.4237279 0.4728637 0.4636094 
n236_235   0.1087041 0.4415333 0.2920494 0.0816237 0.3445053 0.2570799 0.2863494 0.1204608 0.3555538 0.1124862 0.1007102 0.2669406 0.2864135 0.0853696 0.0968182 0.0853706 0.2865344 0.4479410 0.0000000 0.2865344 0.1126074 0.4219544 0.0853706 0.0891591 0.2816230 0.2763801 
n280_279   0.2766448 0.4405893 0.3014423 0.2717206 0.3335584 0.0554928 0.0066886 0.3129695 0.3444429 0.2968673 0.2968642 0.0554569 0.0066898 0.2765738 0.2967379 0.2765659 0.0066920 0.4719515 0.2865344 0.0000000 0.2972285 0.4150573 0.2765659 0.2717132 0.0066899 0.3010264 
n290_289   0.1246878 0.4239813 0.3303903 0.0343225 0.3689720 0.2623881 0.2970345 0.0169457 0.3804659 0.0067183 0.0378567 0.2723403 0.2971019 0.0378374 0.0378957 0.0378382 0.2972285 0.4622562 0.1126074 0.2972285 0.0000000 0.4160963 0.0378382 0.0413795 0.2922382 0.3137383 
n251_250   0.3741923 0.0376361 0.4202779 0.3746080 0.4221134 0.4138858 0.4147569 0.4348233 0.4217222 0.4155465 0.3974052 0.4262427 0.4089793 0.3802026 0.3979245 0.3801798 0.4150573 0.3237415 0.4219544 0.4150573 0.4160963 0.0000000 0.3747274 0.3691702 0.4092018 0.4196393 
n297_296   0.1009247 0.3930208 0.2979286 0.0033464 0.3398275 0.2474903 0.2763887 0.0485526 0.3508291 0.0377993 0.0307429 0.2572200 0.2764501 0.0067068 0.0307741 0.0067070 0.2765659 0.4297060 0.0853706 0.2765659 0.0378382 0.3747274 0.0000000 0.0033477 0.2717168 0.2820847 
n298_297   0.0970906 0.3873198 0.2929206 0.0067085 0.3345394 0.2428183 0.2715398 0.0521502 0.3454627 0.0413369 0.0342420 0.2524856 0.2715999 0.0100840 0.0342767 0.0100842 0.2717132 0.4237279 0.0891591 0.2717132 0.0413795 0.3691702 0.0033477 0.0000000 0.2668939 0.2771886 
n299_298   0.2717944 0.4345251 0.3014296 0.2669008 0.3282820 0.0519106 0.0066865 0.3078714 0.3390876 0.2918841 0.2918801 0.0518771 0.0066877 0.2717242 0.2917563 0.2717168 0.0066899 0.4728637 0.2816230 0.0066899 0.2922382 0.4092018 0.2717168 0.2668939 0.0000000 0.3010138 
n265_264   0.2665509 0.4324595 0.0271282 0.2771966 0.1513691 0.2865312 0.3058439 0.3298956 0.1596643 0.3133519 0.3077076 0.2863253 0.3059136 0.2820932 0.3080853 0.2820847 0.3060444 0.4636094 0.2763801 0.3010264 0.3137383 0.4196393 0.2820847 0.2771886 0.3010138 0.0000000 
