26
n277_278   0.0000000 6.3261399 3.1705326 9.0000000 2.6738045 0.4951027 6.1043796 2.8564842 0.1380449 0.5088259 2.3369484 2.5458103 2.6252392 2.8381557 2.8988118 0.5161807 0.5163195 3.1215764 2.8355687 5.2738938 3.8376948 3.6086737 2.4116314 9.0000000 2.9532158 0.5228760 
n286_287   6.3261399 0.0000000 2.9694205 0.0561039 2.7014307 3.1343453 5.4708800 4.7921485 5.2913726 3.0176817 5.8234871 4.0538606 2.5206979 4.3594235 3.0971086 3.3780836 2.9423022 2.8915438 3.0668164 3.4274140 0.9970192 1.0771085 3.5123834 9.0000000 4.1104325 3.1050099 
n296_297   3.1705326 2.9694205 0.0000000 2.8919655 0.0902741 2.6255106 3.2367775 0.2988572 3.0085269 3.2262470 0.5604274 0.3055754 0.1144257 0.2825562 1.0735488 3.2529359 2.6271517 0.0238934 0.0907330 2.8101291 2.3042680 2.7902621 0.2885599 3.3905568 0.2876945 3.1063737 
n285_286   9.0000000 0.0561039 2.8919655 0.0000000 2.6783306 3.4632619 7.4513703 3.9568894 6.0376492 3.1829450 5.4112403 4.0089810 2.4993318 4.3099538 3.5413430 3.5617641 3.2153257 2.9063883 3.0396844 3.2561963 0.9780099 1.0724090 3.3338355 6.7902829 4.0641395 3.0851514 
n289_290   2.6738045 2.7014307 0.0902741 2.6783306 0.0000000 2.3126312 2.9460719 0.3317686 2.5301100 2.8596874 0.6058130 0.3397180 0.0598903 0.3320458 1.1198518 2.8798553 2.3140751 0.0944077 0.0525996 2.9121781 2.2026459 2.4920003 0.3269426 3.0043059 0.3259057 2.7659032 
n274_275   0.4951027 3.1343453 2.6255106 3.4632619 2.3126312 0.0000000 6.0137640 2.9715996 0.4600155 0.1169550 2.1957313 2.7859726 2.3435868 2.9835151 2.8381787 0.1086511 0.1008166 2.7919337 2.5485508 4.4215540 2.8580078 2.6917987 2.5963685 4.8674803 3.1772557 0.1127651 
n255_256   6.1043796 5.4708800 3.2367775 7.4513703 2.9460719 6.0137640 0.0000000 4.0082955 5.5131958 5.8511638 4.9701118 4.0415070 2.6700057 3.1667054 8.9999986 8.9999987 5.1669900 3.3760047 2.7974430 3.5563074 4.9075281 6.8890279 3.7550148 0.3510814 3.4394724 4.9889915 
n275_276   2.8564842 4.7921485 0.2988572 3.9568894 0.3317686 2.9715996 4.0082955 0.0000000 2.9864685 3.0582507 0.6550121 0.1354623 0.3327473 0.1189052 1.1315549 3.2012063 3.1342179 0.2997555 0.3463161 2.8094903 2.7114724 2.6845443 0.1226874 3.5348706 0.1063891 2.9466625 
n278_279   0.1380449 5.2913726 3.0085269 6.0376492 2.5301100 0.4600155 5.5131958 2.9864685 0.0000000 0.4650097 2.1432492 2.7949527 2.5074689 2.8896688 3.3493393 0.4590488 0.4598151 2.9684929 2.5892853 6.7746576 2.8424988 2.6948661 2.7694822 7.3014397 2.9976546 0.4730968 
n299_300   0.5088259 3.0176817 3.2262470 3.1829450 2.8596874 0.1169550 5.8511638 3.0582507 0.4650097 0.0000000 2.3749288 3.4376653 3.0069148 3.6185332 2.8355539 0.0411594 0.1048388 3.4876791 3.3837622 4.9581365 3.1871441 3.0813096 3.0669710 3.4111661 3.9483032 0.0168076 
n236_237   2.3369484 5.8234871 0.5604274 5.4112403 0.6058130 2.1957313 4.9701118 0.6550121 2.1432492 2.3749288 0.0000000 0.6263166 0.5887288 0.6228551 1.2267790 2.4968124 2.5129695 0.5619760 0.5644202 3.0303925 3.0170686 2.9530615 0.6094420 3.9148458 0.6616087 2.3563191 
n293_294   2.5458103 4.0538606 0.3055754 4.0089810 0.3397180 2.7859726 4.0415070 0.1354623 2.7949527 3.4376653 0.6263166 0.0000000 0.3400071 0.1313423 1.1313188 3.1582829 3.0145867 0.3065034 0.3352605 2.8699709 2.7114020 2.5409769 0.0416744 4.2799130 0.1226523 3.2931999 
n290_291   2.6252392 2.5206979 0.1144257 2.4993318 0.0598903 2.3435868 2.6700057 0.3327473 2.5074689 3.0069148 0.5887288 0.3400071 0.0000000 0.3323195 1.1381344 2.9350196 2.3473664 0.1187961 0.0714638 2.5412325 2.2289091 2.5363108 0.3272077 2.8885982 0.3261681 2.8165873 
n297_298   2.8381557 4.3594235 0.2825562 4.3099538 0.3320458 2.9835151 3.1667054 0.1189052 2.8896688 3.6185332 0.6228551 0.1313423 0.3323195 0.0000000 1.0614787 3.4236282 2.8135783 0.2780297 0.3224525 2.9890395 2.1752444 2.5119213 0.1229631 3.3326173 0.0239324 3.4573119 
n200_201   2.8988118 3.0971086 1.0735488 3.5413430 1.1198518 2.8381787 8.9999986 1.1315549 3.3493393 2.8355539 1.2267790 1.1313188 1.1381344 1.0614787 0.0000000 2.8542921 2.5376546 1.0256013 1.0972452 3.6550800 2.4625152 2.6828301 1.0446844 4.1549916 1.0861013 2.8345182 
n292_293   0.5161807 3.3780836 3.2529359 3.5617641 2.8798553 0.1086511 8.9999987 3.2012063 0.4590488 0.0411594 2.4968124 3.1582829 2.9350196 3.4236282 2.8542921 0.0000000 0.0890642 3.5202577 3.2923315 4.6610728 3.1644316 3.0653319 2.9266410 4.7706780 3.8799814 0.0446400 
n280_281   0.5163195 2.9423022 2.6271517 3.2153257 2.3140751 0.1008166 5.1669900 3.1342179 0.4598151 0.1048388 2.5129695 3.0145867 2.3473664 2.8135783 2.5376546 0.0890642 0.0000000 2.7937477 2.5698337 4.0575679 2.6697648 2.9132442 2.5232761 4.9049971 3.0981722 0.1045450 
n295_296   3.1215764 2.8915438 0.0238934 2.9063883 0.0944077 2.7919337 3.3760047 0.2997555 2.9684929 3.4876791 0.5619760 0.3065034 0.1187961 0.2780297 1.0256013 3.5202577 2.7937477 0.0000000 0.0869003 2.7238664 2.2403379 2.6396686 0.2892661 3.7232851 0.2831478 3.3451272 
n287_288   2.8355687 3.0668164 0.0907330 3.0396844 0.0525996 2.5485508 2.7974430 0.3463161 2.5892853 3.3837622 0.5644202 0.3352605 0.0714638 0.3224525 1.0972452 3.2923315 2.5698337 0.0869003 0.0000000 2.7617281 2.1942440 2.5378087 0.3232671 2.8907832 0.3163842 3.1397754 
n244_245   5.2738938 3.4274140 2.8101291 3.2561963 2.9121781 4.4215540 3.5563074 2.8094903 6.7746576 4.9581365 3.0303925 2.8699709 2.5412325 2.9890395 3.6550800 4.6610728 4.0575679 2.7238664 2.7617281 0.0000000 3.1412756 2.7539612 2.8438465 3.8567788 3.2369835 4.3825447 
n265_266   3.8376948 0.9970192 2.3042680 0.9780099 2.2026459 2.8580078 4.9075281 2.7114724 2.8424988 3.1871441 3.0170686 2.7114020 2.2289091 2.1752444 2.4625152 3.1644316 2.6697648 2.2403379 2.1942440 3.1412756 0.0000000 0.1696719 2.3576512 4.6819890 2.3072953 3.3804635 
n266_267   3.6086737 1.0771085 2.7902621 1.0724090 2.4920003 2.6917987 6.8890279 2.6845443 2.6948661 3.0813096 2.9530615 2.5409769 2.5363108 2.5119213 2.6828301 3.0653319 2.9132442 2.6396686 2.5378087 2.7539612 0.1696719 0.0000000 2.4832623 4.9195908 2.6931388 3.3907681 
n294_295   2.4116314 3.5123834 0.2885599 3.3338355 0.3269426 2.5963685 3.7550148 0.1226874 2.7694822 3.0669710 0.6094420 0.0416744 0.3272077 0.1229631 1.0446844 2.9266410 2.5232761 0.2892661 0.3232671 2.8438465 2.3576512 2.4832623 0.0000000 3.3032856 0.1103600 2.9546941 
n251_252   9.0000000 9.0000000 3.3905568 6.7902829 3.0043059 4.8674803 0.3510814 3.5348706 7.3014397 3.4111661 3.9148458 4.2799130 2.8885982 3.3326173 4.1549916 4.7706780 4.9049971 3.7232851 2.8907832 3.8567788 4.6819890 4.9195908 3.3032856 0.0000000 3.4965915 3.1652313 
n298_299   2.9532158 4.1104325 0.2876945 4.0641395 0.3259057 3.1772557 3.4394724 0.1063891 2.9976546 3.9483032 0.6616087 0.1226523 0.3261681 0.0239324 1.0861013 3.8799814 3.0981722 0.2831478 0.3163842 3.2369835 2.3072953 2.6931388 0.1103600 3.4965915 0.0000000 3.7515726 
n300_301   0.5228760 3.1050099 3.1063737 3.0851514 2.7659032 0.1127651 4.9889915 2.9466625 0.4730968 0.0168076 2.3563191 3.2931999 2.8165873 3.4573119 2.8345182 0.0446400 0.1045450 3.3451272 3.1397754 4.3825447 3.3804635 3.3907681 2.9546941 3.1652313 3.7515726 0.0000000 
