26
n278_277   0.0000000 0.0747732 3.8954978 2.6173517 2.4080960 2.0187149 1.7929752 2.4942392 1.8913571 0.4432751 2.3183556 0.4169489 2.5580948 2.9398532 2.7651735 2.1099774 2.2111057 2.8507895 0.4436841 0.3974833 0.4235253 3.5734368 3.1012442 2.7330993 2.1016767 2.1396875 
n277_276   0.0747732 0.0000000 4.6602377 2.5762836 2.6954967 2.0698389 1.8833758 2.5152970 2.0419202 0.4429813 2.4350526 0.4048006 2.6922552 2.7674330 2.6112415 2.1275844 2.1566429 2.7167308 0.4433897 0.4429260 0.4232518 2.8690762 3.2492466 2.5880361 2.0331674 2.0442641 
n251_250   3.8954978 4.6602377 0.0000000 4.6052047 3.1951831 3.1759006 3.7468377 2.5880220 5.2184813 3.5476454 3.3908608 3.7788400 2.7364314 4.2253754 3.7465813 3.3767870 3.2077527 3.8839192 3.3378150 3.2784063 3.3010248 2.3001415 0.3110174 3.9257374 2.9123265 3.2429188 
n295_294   2.6173517 2.5762836 4.6052047 0.0000000 2.1678660 0.2952220 1.8714023 0.9676687 2.0722492 3.0598640 2.3662855 2.9817895 0.6397861 0.1732303 0.1597430 0.2794352 0.2744355 0.0308933 3.0786919 2.7570832 3.1255762 2.9516624 3.1148462 0.1301581 0.2890665 0.2645084 
n286_285   2.4080960 2.6954967 3.1951831 2.1678660 0.0000000 2.0124169 0.9677910 1.8972041 1.0150223 2.4205828 0.0862331 2.2853466 2.7565198 1.9956974 2.0598620 2.2309165 2.3274227 2.1804256 2.4405649 2.1728271 2.3228576 3.2082368 3.6821270 2.1443253 1.9870111 2.3803602 
n297_296   2.0187149 2.0698389 3.1759006 0.2952220 2.0124169 0.0000000 1.7828287 0.9033533 1.8504755 2.0361354 2.3230262 2.1469925 0.5863050 0.3274629 0.3206746 0.1592522 0.1461646 0.3011258 1.9974969 1.9936174 2.0745817 2.3349087 2.7344021 0.2628012 0.0484623 0.1337266 
n265_264   1.7929752 1.8833758 3.7468377 1.8714023 0.9677910 1.7828287 0.0000000 1.9714700 0.1776978 1.7202023 1.0244695 1.7309936 1.8780429 1.8968430 1.7739425 1.6173635 1.8997156 1.8617065 1.7907377 1.8963367 1.7835584 2.2835091 2.8507370 1.9240318 1.8737089 1.8722636 
n200_199   2.4942392 2.5152970 2.5880220 0.9676687 1.8972041 0.9033533 1.9714700 0.0000000 2.3365058 2.5833590 1.9518592 2.8454444 0.9596848 1.0101267 0.9673306 0.8348810 0.9073070 0.9844072 2.6552246 2.5744952 2.6542202 2.9377727 3.4965873 0.9670336 0.8501315 0.8611843 
n266_265   1.8913571 2.0419202 5.2184813 2.0722492 1.0150223 1.8504755 0.1776978 2.3365058 0.0000000 1.9985630 1.0759322 2.0847854 1.8759781 2.0579329 1.9974773 1.7449038 1.9136587 2.0185469 2.1327407 2.2313528 2.1212453 2.5546040 3.2846454 2.0886966 1.9481423 1.9013480 
n299_298   0.4432751 0.4429813 3.5476454 3.0598640 2.4205828 2.0361354 1.7202023 2.5833590 1.9985630 0.0000000 2.0865983 0.1166894 2.1856517 2.6983800 2.6212187 2.2427622 2.2517232 3.3796490 0.0168328 0.1855188 0.0237062 2.7448232 2.9090301 2.4796466 2.1154142 2.1318919 
n285_284   2.3183556 2.4350526 3.3908608 2.3662855 0.0862331 2.3230262 1.0244695 1.9518592 1.0759322 2.0865983 0.0000000 1.9037263 3.0256583 2.0751862 2.1509516 2.4182077 2.6064400 2.4778344 2.0471311 1.9455875 1.9760713 3.4016925 3.4162382 2.2359496 2.2869034 2.4900249 
n280_279   0.4169489 0.4048006 3.7788400 2.9817895 2.2853466 2.1469925 1.7309936 2.8454444 2.0847854 0.1166894 1.9037263 0.0000000 2.5805806 2.8316335 2.7497995 2.3780219 2.2737356 3.2895267 0.1127844 0.1589680 0.1127722 2.8767480 3.4600168 2.5867240 2.1769932 2.1569589 
n236_235   2.5580948 2.6922552 2.7364314 0.6397861 2.7565198 0.5863050 1.8780429 0.9596848 1.8759781 2.1856517 3.0256583 2.5805806 0.0000000 0.6810900 0.6259904 0.6195435 0.6118502 0.6763052 2.2304643 2.4811800 2.3807237 4.9382059 2.9162238 0.6020035 0.6006012 0.5868137 
n290_289   2.9398532 2.7674330 4.2253754 0.1732303 1.9956974 0.3274629 1.8968430 1.0101267 2.0579329 2.6983800 2.0751862 2.8316335 0.6810900 0.0000000 0.0781133 0.3049630 0.3154742 0.1867713 2.6310549 2.6719469 2.6919734 3.5075809 2.6231930 0.0485796 0.3206413 0.2997353 
n289_288   2.7651735 2.6112415 3.7465813 0.1597430 2.0598620 0.3206746 1.7739425 0.9673306 1.9974773 2.6212187 2.1509516 2.7497995 0.6259904 0.0781133 0.0000000 0.3095889 0.2985019 0.1685699 2.5619039 2.6399353 2.6152313 2.9551871 2.5072276 0.0412753 0.3139611 0.2831606 
n275_274   2.1099774 2.1275844 3.3767870 0.2794352 2.2309165 0.1592522 1.6173635 0.8348810 1.7449038 2.2427622 2.4182077 2.3780219 0.6195435 0.3049630 0.3095889 0.0000000 0.1298309 0.2849512 2.1511709 2.2644042 2.2920897 3.1160006 2.5181250 0.2674829 0.1589093 0.1258798 
n294_293   2.2111057 2.1566429 3.2077527 0.2744355 2.3274227 0.1461646 1.8997156 0.9073070 1.9136587 2.2517232 2.6064400 2.2737356 0.6118502 0.3154742 0.2985019 0.1298309 0.0000000 0.3012124 2.1584926 2.2151370 2.2976287 2.7551336 2.8245874 0.2618982 0.1416024 0.0414071 
n296_295   2.8507895 2.7167308 3.8839192 0.0308933 2.1804256 0.3011258 1.8617065 0.9844072 2.0185469 3.3796490 2.4778344 3.2895267 0.6763052 0.1867713 0.1685699 0.2849512 0.3012124 0.0000000 3.4043439 3.0186929 3.4577907 2.8505213 3.0926329 0.1427689 0.2895939 0.2959731 
n300_299   0.4436841 0.4433897 3.3378150 3.0786919 2.4405649 1.9974969 1.7907377 2.6552246 2.1327407 0.0168328 2.0471311 0.1127844 2.2304643 2.6310549 2.5619039 2.1511709 2.1584926 3.4043439 0.0000000 0.1855993 0.0272019 2.8169833 2.7844622 2.4233494 2.0738907 2.0472738 
n274_273   0.3974833 0.4429260 3.2784063 2.7570832 2.1728271 1.9936174 1.8963367 2.5744952 2.2313528 0.1855188 1.9455875 0.1589680 2.4811800 2.6719469 2.6399353 2.2644042 2.2151370 3.0186929 0.1855993 0.0000000 0.1721524 2.6575610 2.7408855 2.3900313 2.0201625 2.1455472 
n292_291   0.4235253 0.4232518 3.3010248 3.1255762 2.3228576 2.0745817 1.7835584 2.6542202 2.1212453 0.0237062 1.9760713 0.1127722 2.3807237 2.6919734 2.6152313 2.2920897 2.2976287 3.4577907 0.0272019 0.1721524 0.0000000 2.8206976 2.8280954 2.4744237 2.1594790 2.1282715 
n244_243   3.5734368 2.8690762 2.3001415 2.9516624 3.2082368 2.3349087 2.2835091 2.9377727 2.5546040 2.7448232 3.4016925 2.8767480 4.9382059 3.5075809 2.9551871 3.1160006 2.7551336 2.8505213 2.8169833 2.6575610 2.8206976 0.0000000 2.1635564 3.2274737 2.3471577 2.7769061 
n255_254   3.1012442 3.2492466 0.3110174 3.1148462 3.6821270 2.7344021 2.8507370 3.4965873 3.2846454 2.9090301 3.4162382 3.4600168 2.9162238 2.6231930 2.5072276 2.5181250 2.8245874 3.0926329 2.7844622 2.7408855 2.8280954 2.1635564 0.0000000 2.6434667 2.5511232 2.6836663 
n287_286   2.7330993 2.5880361 3.9257374 0.1301581 2.1443253 0.2628012 1.9240318 0.9670336 2.0886966 2.4796466 2.2359496 2.5867240 0.6020035 0.0485796 0.0412753 0.2674829 0.2618982 0.1427689 2.4233494 2.3900313 2.4744237 3.2274737 2.6434667 0.0000000 0.2568059 0.2473411 
n298_297   2.1016767 2.0331674 2.9123265 0.2890665 1.9870111 0.0484623 1.8737089 0.8501315 1.9481423 2.1154142 2.2869034 2.1769932 0.6006012 0.3206413 0.3139611 0.1589093 0.1416024 0.2895939 2.0738907 2.0201625 2.1594790 2.3471577 2.5511232 0.2568059 0.0000000 0.1418347 
n293_292   2.1396875 2.0442641 3.2429188 0.2645084 2.3803602 0.1337266 1.8722636 0.8611843 1.9013480 2.1318919 2.4900249 2.1569589 0.5868137 0.2997353 0.2831606 0.1258798 0.0414071 0.2959731 2.0472738 2.1455472 2.1282715 2.7769061 2.6836663 0.2473411 0.1418347 0.0000000 
