24
n298_299   0.0000000 0.3368663 0.1319001 0.2890638 0.0306848 0.2939344 0.3703013 0.0100802 0.0237522 0.0272109 0.0033408 0.3534580 0.0341688 0.4229184 0.3421543 0.0702021 0.4052215 0.2840800 0.0134746 0.3590689 0.3092319 0.0306837 0.3924467 0.3425852 
n280_281   0.3368663 0.0000000 0.3815331 0.2798993 0.3481027 0.2796767 0.0342295 0.3481388 0.3647976 0.3426945 0.3421531 0.0776414 0.3370871 0.4867550 0.0203200 0.3537628 0.5009136 0.2899654 0.3536917 0.0272457 0.3048568 0.3426124 0.4609008 0.0776550 
n200_201   0.1319001 0.3815331 0.0000000 0.3144539 0.1360401 0.3091525 0.4108944 0.1360376 0.1524582 0.1401366 0.1359010 0.3991444 0.1482824 0.4532639 0.3869707 0.1566347 0.4477821 0.3092950 0.1401260 0.3990175 0.3247752 0.1442087 0.4036324 0.3875714 
n286_287   0.2890638 0.2798993 0.3144539 0.0000000 0.2944160 0.1194300 0.2899929 0.2943349 0.3148914 0.2894031 0.2840204 0.2747813 0.2892645 0.4039953 0.2748278 0.3099125 0.4413271 0.0100450 0.2892723 0.2850037 0.1273079 0.2944087 0.3864971 0.2849628 
n287_288   0.0306848 0.3481027 0.1360401 0.2944160 0.0000000 0.2993250 0.3762356 0.0342014 0.0483668 0.0033442 0.0341693 0.3537740 0.0168771 0.4052718 0.3534752 0.0665779 0.3995593 0.2943158 0.0377204 0.3706853 0.3147510 0.0134723 0.3986995 0.3428897 
n266_267   0.2939344 0.2796767 0.3091525 0.1194300 0.2993250 0.0000000 0.2897616 0.2992424 0.3199337 0.2942803 0.2888582 0.2844200 0.2892177 0.4035127 0.2746096 0.3097791 0.4344822 0.1313732 0.3044072 0.2847767 0.0168228 0.2943611 0.3863417 0.2997024 
n292_293   0.3703013 0.0342295 0.4108944 0.2899929 0.3762356 0.2897616 0.0000000 0.3821516 0.3996367 0.3706138 0.3758349 0.0889672 0.3647717 0.5070455 0.0272419 0.3821340 0.5216287 0.3002065 0.3879812 0.0067100 0.3153074 0.3705234 0.4676984 0.0889830 
n293_294   0.0100802 0.3481388 0.1360376 0.2943349 0.0342014 0.2992424 0.3821516 0.0000000 0.0203105 0.0307081 0.0134691 0.3650148 0.0377043 0.4293762 0.3535120 0.0739540 0.4115160 0.2893117 0.0033443 0.3707244 0.3146634 0.0342002 0.4104844 0.3539601 
n275_276   0.0237522 0.3647976 0.1524582 0.3148914 0.0483668 0.3199337 0.3996367 0.0203105 0.0000000 0.0448036 0.0272046 0.3820801 0.0519375 0.4417466 0.3702921 0.0889738 0.4235903 0.3097244 0.0237568 0.3879309 0.3358070 0.0483652 0.4225211 0.3707656 
n289_290   0.0272109 0.3426945 0.1401366 0.2894031 0.0033442 0.2942803 0.3706138 0.0307081 0.0448036 0.0000000 0.0306794 0.3483225 0.0134702 0.3994238 0.3480288 0.0629182 0.3937546 0.2893048 0.0342094 0.3651045 0.3095991 0.0100808 0.3929099 0.3375176 
n297_298   0.0033408 0.3421531 0.1359010 0.2840204 0.0341693 0.2888582 0.3758349 0.0134691 0.0272046 0.0306794 0.0000000 0.3588663 0.0376688 0.4168196 0.3474773 0.0738824 0.3992673 0.2790715 0.0168796 0.3645193 0.3040458 0.0341681 0.3981396 0.3479160 
n278_279   0.3534580 0.0776414 0.3991444 0.2747813 0.3537740 0.2844200 0.0889672 0.3650148 0.3820801 0.3483225 0.3588663 0.0000000 0.3319554 0.5068183 0.0738916 0.3707795 0.5072396 0.2847694 0.3707039 0.0814119 0.2995356 0.3374425 0.4738115 0.0134761 
n295_296   0.0341688 0.3370871 0.1482824 0.2892645 0.0168771 0.2892177 0.3647717 0.0377043 0.0519375 0.0134702 0.0376688 0.3319554 0.0000000 0.3874765 0.3423792 0.0702423 0.3818986 0.2891663 0.0412404 0.3593075 0.3044277 0.0033428 0.3926256 0.3319500 
n251_252   0.4229184 0.4867550 0.4532639 0.4039953 0.4052718 0.4035127 0.5070455 0.4293762 0.4417466 0.3994238 0.4168196 0.5068183 0.3874765 0.0000000 0.4934620 0.4297188 0.0377109 0.4157301 0.4356024 0.5004382 0.4090892 0.3934172 0.3309710 0.5144160 
n274_275   0.3421543 0.0203200 0.3869707 0.2748278 0.3534752 0.2746096 0.0272419 0.3535120 0.3702921 0.3480288 0.3474773 0.0738916 0.3423792 0.4934620 0.0000000 0.3591781 0.5077597 0.2848182 0.3591055 0.0203293 0.2996023 0.3479451 0.4608170 0.0739046 
n236_237   0.0702021 0.3537628 0.1566347 0.3099125 0.0665779 0.3097791 0.3821340 0.0739540 0.0889738 0.0629182 0.0738824 0.3707795 0.0702423 0.4297188 0.3591781 0.0000000 0.4300512 0.3098061 0.0776886 0.3765379 0.3254394 0.0665757 0.4228982 0.3596348 
n255_256   0.4052215 0.5009136 0.4477821 0.4413271 0.3995593 0.4344822 0.5216287 0.4115160 0.4235903 0.3937546 0.3992673 0.5072396 0.3818986 0.0377109 0.5077597 0.4300512 0.0000000 0.4536944 0.4175916 0.5148860 0.4402930 0.3877942 0.3475877 0.5148461 
n285_286   0.2840800 0.2899654 0.3092950 0.0100450 0.2943158 0.1313732 0.3002065 0.2893117 0.3097244 0.2893048 0.2790715 0.2847694 0.2891663 0.4157301 0.2848182 0.3098061 0.4536944 0.0000000 0.2842843 0.2951463 0.1393818 0.2943084 0.3979545 0.2951029 
n294_295   0.0134746 0.3536917 0.1401260 0.2892723 0.0377204 0.3044072 0.3879812 0.0033443 0.0237568 0.0342094 0.0168796 0.3707039 0.0412404 0.4356024 0.3591055 0.0776886 0.4175916 0.2842843 0.0000000 0.3764607 0.3199419 0.0377191 0.4165410 0.3595621 
n300_301   0.3590689 0.0272457 0.3990175 0.2850037 0.3706853 0.2847767 0.0067100 0.3707244 0.3879309 0.3651045 0.3645193 0.0814119 0.3593075 0.5004382 0.0203293 0.3765379 0.5148860 0.2951463 0.3764607 0.0000000 0.3101465 0.3650157 0.4675421 0.0814263 
n265_266   0.3092319 0.3048568 0.3247752 0.1273079 0.3147510 0.0168228 0.3153074 0.3146634 0.3358070 0.3095991 0.3040458 0.2995356 0.3044277 0.4090892 0.2996023 0.3254394 0.4402930 0.1393818 0.3199419 0.3101465 0.0000000 0.3096850 0.3915343 0.3151497 
n296_297   0.0306837 0.3426124 0.1442087 0.2944087 0.0134723 0.2943611 0.3705234 0.0342002 0.0483652 0.0100808 0.0341681 0.3374425 0.0033428 0.3934172 0.3479451 0.0665757 0.3877942 0.2943084 0.0377191 0.3650157 0.3096850 0.0000000 0.3869651 0.3374369 
n244_245   0.3924467 0.4609008 0.4036324 0.3864971 0.3986995 0.3863417 0.4676984 0.4104844 0.4225211 0.3929099 0.3981396 0.4738115 0.3926256 0.3309710 0.4608170 0.4228982 0.3475877 0.3979545 0.4165410 0.4675421 0.3915343 0.3869651 0.0000000 0.4673689 
n277_278   0.3425852 0.0776550 0.3875714 0.2849628 0.3428897 0.2997024 0.0889830 0.3539601 0.3707656 0.3375176 0.3479160 0.0134761 0.3319500 0.5144160 0.0739046 0.3596348 0.5148461 0.2951029 0.3595621 0.0814263 0.3151497 0.3374369 0.4673689 0.0000000 
