24
n289_290   0.0000000 0.0448020 0.0203137 0.3047988 0.3137569 0.0519278 0.3135094 0.4189238 0.0483513 0.2733304 0.0168834 0.3247440 0.4605500 0.2985508 0.1575300 0.2933627 0.0483529 0.0928377 0.3243529 0.3252735 0.0519028 0.3886922 0.3193631 0.3198452 
n294_295   0.0448020 0.0000000 0.0519955 0.2785455 0.2928424 0.0134565 0.2926110 0.4116463 0.0100694 0.2482976 0.0483955 0.3034904 0.4648030 0.2780585 0.1491359 0.2730201 0.0100698 0.0739411 0.3031256 0.3089500 0.0134499 0.3759629 0.2982695 0.2934079 
n295_296   0.0203137 0.0519955 0.0000000 0.3094895 0.3133719 0.0591962 0.3131250 0.4183648 0.0555813 0.2778480 0.0033384 0.3243421 0.4658270 0.2981882 0.1702943 0.2930077 0.0555832 0.1005897 0.3239518 0.3359919 0.0591676 0.3938536 0.3189694 0.3304793 
n266_267   0.3047988 0.2785455 0.3094895 0.0000000 0.2199598 0.2939684 0.2246021 0.3712714 0.2889452 0.0237784 0.3042137 0.2295083 0.4220965 0.2156995 0.2994192 0.2110877 0.2838658 0.2625861 0.2245698 0.1410022 0.2938462 0.3541390 0.2248059 0.1287781 
n299_300   0.3137569 0.2928424 0.3133719 0.2199598 0.0000000 0.2976378 0.0168992 0.3626704 0.2926060 0.1922660 0.3080848 0.0067192 0.4076100 0.0557272 0.3025732 0.0521006 0.2926243 0.2663550 0.0067115 0.2341020 0.3027624 0.3460617 0.0033508 0.2201170 
n298_299   0.0519278 0.0134565 0.0591962 0.2939684 0.2976378 0.0000000 0.2974029 0.4234251 0.0168546 0.2630255 0.0555609 0.3083509 0.4774477 0.2827741 0.1490690 0.2777070 0.0100587 0.0775958 0.3079804 0.3250508 0.0202625 0.3872010 0.3030994 0.3091517 
n274_275   0.3135094 0.2926110 0.3131250 0.2246021 0.0168992 0.2974029 0.0000000 0.3568974 0.2923749 0.1967136 0.3078419 0.0203419 0.4072919 0.0557006 0.3023347 0.0520757 0.2923932 0.2661449 0.0203340 0.2388449 0.3025236 0.3404198 0.0169067 0.2247637 
n251_252   0.4189238 0.4116463 0.4183648 0.3712714 0.3626704 0.4234251 0.3568974 0.0000000 0.3996642 0.3313429 0.4122225 0.3631403 0.3381872 0.3526252 0.3826365 0.3470287 0.4114098 0.4038359 0.3740092 0.3889375 0.4232818 0.0411847 0.3687025 0.3598746 
n293_294   0.0483513 0.0100694 0.0555813 0.2889452 0.2926060 0.0168546 0.2923749 0.3996642 0.0000000 0.2582153 0.0519636 0.2984163 0.4518934 0.2778368 0.1492247 0.2728034 0.0134533 0.0776336 0.3028785 0.3198211 0.0168468 0.3645569 0.2980273 0.3040308 
n265_266   0.2733304 0.2482976 0.2778480 0.0237784 0.1922660 0.2630255 0.1967136 0.3313429 0.2582153 0.0000000 0.2728137 0.2013994 0.3790829 0.1881481 0.2732397 0.1837256 0.2533622 0.2285740 0.1966893 0.1125496 0.2629126 0.3151734 0.1968932 0.1008321 
n296_297   0.0168834 0.0483955 0.0033384 0.3042137 0.3080848 0.0555609 0.3078419 0.4122225 0.0519636 0.2728137 0.0000000 0.3189694 0.4592577 0.2930077 0.1659941 0.2878651 0.0519654 0.0967181 0.3185857 0.3305177 0.0555331 0.3879180 0.3136370 0.3250488 
n300_301   0.3247440 0.3034904 0.3243421 0.2295083 0.0067192 0.3083509 0.0203419 0.3631403 0.2984163 0.2013994 0.3189694 0.0000000 0.4081523 0.0556921 0.3029531 0.0520680 0.3032631 0.2765507 0.0100933 0.2438643 0.3135578 0.3465056 0.0033488 0.2296748 
n244_245   0.4605500 0.4648030 0.4658270 0.4220965 0.4076100 0.4774477 0.4072919 0.3381872 0.4518934 0.3790829 0.4592577 0.4081523 0.0000000 0.3960840 0.4336722 0.3901148 0.4637801 0.4448179 0.4197580 0.4592830 0.4706636 0.3270768 0.4140992 0.4400397 
n278_279   0.2985508 0.2780585 0.2981882 0.2156995 0.0557272 0.2827741 0.0557006 0.3526252 0.2778368 0.1881481 0.2930077 0.0556921 0.3960840 0.0000000 0.2876182 0.0033522 0.2778526 0.2521379 0.0593028 0.2295990 0.2877966 0.3254938 0.0520680 0.2156948 
n200_201   0.1575300 0.1491359 0.1702943 0.2994192 0.3025732 0.1490690 0.3023347 0.3826365 0.1492247 0.2732397 0.1659941 0.3029531 0.4336722 0.2876182 0.0000000 0.2825186 0.1532423 0.1445773 0.3129841 0.3143368 0.1573167 0.3482935 0.3080742 0.3041266 
n277_278   0.2933627 0.2730201 0.2930077 0.2110877 0.0521006 0.2777070 0.0520757 0.3470287 0.2728034 0.1837256 0.2878651 0.0520680 0.3901148 0.0033522 0.2825186 0.0000000 0.2728184 0.2473003 0.0556604 0.2248938 0.2826933 0.3201025 0.0484638 0.2110824 
n297_298   0.0483529 0.0100698 0.0555832 0.2838658 0.2926243 0.0100587 0.2923932 0.4114098 0.0134533 0.2533622 0.0519654 0.3032631 0.4637801 0.2778526 0.1532423 0.2728184 0.0000000 0.0738912 0.3028988 0.3145207 0.0168473 0.3757571 0.2980467 0.2988469 
n236_237   0.0928377 0.0739411 0.1005897 0.2625861 0.2663550 0.0775958 0.2661449 0.4038359 0.0776336 0.2285740 0.0967181 0.2765507 0.4448179 0.2521379 0.1445773 0.2473003 0.0738912 0.0000000 0.2712541 0.2822312 0.0813219 0.3686440 0.2715440 0.2672999 
n280_281   0.3243529 0.3031256 0.3239518 0.2245698 0.0067115 0.3079804 0.0203340 0.3740092 0.3028785 0.1966893 0.3185857 0.0100933 0.4197580 0.0593028 0.3129841 0.0556604 0.3028988 0.2712541 0.0000000 0.2388080 0.3131809 0.3571405 0.0067113 0.2247313 
n285_286   0.3252735 0.3089500 0.3359919 0.1410022 0.2341020 0.3250508 0.2388449 0.3889375 0.3198211 0.1125496 0.3305177 0.2438643 0.4592830 0.2295990 0.3143368 0.2248938 0.3145207 0.2822312 0.2388080 0.0000000 0.3249209 0.3713620 0.2390608 0.0168285 
n275_276   0.0519028 0.0134499 0.0591676 0.2938462 0.3027624 0.0202625 0.3025236 0.4232818 0.0168468 0.2629126 0.0555331 0.3135578 0.4706636 0.2877966 0.1573167 0.2826933 0.0168473 0.0813219 0.3131809 0.3249209 0.0000000 0.3870606 0.3082675 0.3090256 
n255_256   0.3886922 0.3759629 0.3938536 0.3541390 0.3460617 0.3872010 0.3404198 0.0411847 0.3645569 0.3151734 0.3879180 0.3465056 0.3270768 0.3254938 0.3482935 0.3201025 0.3757571 0.3686440 0.3571405 0.3713620 0.3870606 0.0000000 0.3519444 0.3430075 
n292_293   0.3193631 0.2982695 0.3189694 0.2248059 0.0033508 0.3030994 0.0169067 0.3687025 0.2980273 0.1968932 0.3136370 0.0033488 0.4140992 0.0520680 0.3080742 0.0484638 0.2980467 0.2715440 0.0067113 0.2390608 0.3082675 0.3519444 0.0000000 0.2249678 
n286_287   0.3198452 0.2934079 0.3304793 0.1287781 0.2201170 0.3091517 0.2247637 0.3598746 0.3040308 0.1008321 0.3250488 0.2296748 0.4400397 0.2156948 0.3041266 0.2110824 0.2988469 0.2672999 0.2247313 0.0168285 0.3090256 0.3430075 0.2249678 0.0000000 
