30
n295_334   0.0000000 1.8014559 0.3089289 0.2976173 2.7654073 2.6456341 2.6995247 2.3598812 2.4807175 2.0637960 0.7565025 2.4605001 0.1213678 2.0614719 2.2317698 2.4928252 0.1507018 0.9245455 1.9208874 0.3032023 1.9088868 1.8354547 1.8666111 0.3301037 1.9909862 0.3195886 0.1171978 0.0485343 2.5702209 2.2924782 
n277_314   1.8014559 0.0000000 1.7520859 1.6802085 2.2857509 0.5597441 2.9634977 1.6103421 1.7140763 1.6037775 1.7264343 0.5293826 1.6430916 2.3875075 1.6704461 1.5871738 1.6643043 1.7815565 1.3886689 1.6716422 0.5243100 1.6772722 0.1246521 1.6293240 0.5412275 1.8308567 1.6026145 1.7038061 0.5288419 1.6158999 
n297_336   0.3089289 1.7520859 0.0000000 0.1132191 2.4727844 2.6338084 3.2542489 2.2269789 1.9277612 1.7655062 0.7612412 2.6738411 0.3097661 2.8608358 1.7751818 2.1671186 0.3278062 0.9977774 1.6361311 0.1174567 2.2102344 1.9216340 1.6255971 0.1373023 2.2615845 0.0272815 0.3252689 0.3154492 2.6178400 2.0299691 
n293_332   0.2976173 1.6802085 0.1132191 0.0000000 2.4056445 2.4598820 2.7466921 2.4075482 1.8172505 1.9480109 0.7684005 2.4693491 0.2875075 2.4953754 1.6861466 2.1571640 0.3104358 0.9105991 1.7611708 0.1255692 2.1419106 1.9083694 1.5908172 0.0522137 2.3023377 0.1252700 0.2973905 0.3146083 2.4457494 2.0323052 
n244_273   2.7654073 2.2857509 2.4727844 2.4056445 0.0000000 4.2453719 2.1566326 2.2451528 2.0158066 2.6051166 2.7183566 4.7559048 2.7409624 2.0810146 2.0387113 2.1794710 2.8056755 3.1707473 2.6700263 2.3616723 4.3122422 2.3356176 2.4640418 2.4509017 5.3072405 2.5013938 2.6969666 2.6304665 3.7386447 2.2713761 
n300_339   2.6456341 0.5597441 2.6338084 2.4598820 4.2453719 0.0000000 3.3409666 2.2619292 2.2361324 2.1066680 2.2059892 0.0559268 2.1272092 3.9050486 2.0884002 2.5203812 2.1090606 2.4301340 1.9897145 2.4619873 0.1096729 2.2473172 0.5480170 2.4122519 0.1216128 2.7868487 2.0706957 2.7245764 0.0378624 2.6103298 
n251_284   2.6995247 2.9634977 3.2542489 2.7466921 2.1566326 3.3409666 0.0000000 3.0972655 2.1676350 2.3247441 3.2644883 4.0634670 2.7178686 0.3408285 2.3609503 9.0000000 2.9079414 3.9228312 2.5247586 2.6745347 3.0167228 3.5259368 2.8834435 2.6440029 3.5452321 3.4066274 2.4154527 2.4373988 3.9553072 5.2767417 
n266_303   2.3598812 1.6103421 2.2269789 2.4075482 2.2451528 2.2619292 3.0972655 0.0000000 0.9061811 1.0507981 2.0061437 2.1914820 2.3847297 3.1608153 0.9356971 1.1026642 2.6747476 1.9553657 0.9878613 2.3197673 2.4287999 0.2356817 1.7081559 2.4236734 2.5129254 2.2849581 2.3556347 2.1569838 2.3880939 1.0475558 
n285_324   2.4807175 1.7140763 1.9277612 1.8172505 2.0158066 2.2361324 2.1676350 0.9061811 0.0000000 0.8985553 2.3996406 1.9792657 2.3196463 2.5666969 0.0629934 1.1759779 2.3250926 1.6963881 0.8574298 1.8267002 2.0793546 0.7896481 1.8832708 1.9214110 1.8875932 1.9119443 2.2274800 2.5158374 2.1132707 1.1035825 
n265_300   2.0637960 1.6037775 1.7655062 1.9480109 2.6051166 2.1066680 2.3247441 1.0507981 0.8985553 0.0000000 2.2583104 1.7589894 2.1719156 2.1159202 0.8681762 1.0434095 2.1519585 1.6510990 0.1494299 1.7918630 1.9305601 1.3109261 1.4028446 1.8386276 1.9710639 1.7749693 2.1023203 1.9473576 2.0902403 0.9829210 
n236_265   0.7565025 1.7264343 0.7612412 0.7684005 2.7183566 2.2059892 3.2644883 2.0061437 2.3996406 2.2583104 0.0000000 1.9588774 0.7576493 2.2967012 2.1890273 2.4751656 0.7541863 1.0615263 2.1468245 0.7498489 2.0055044 2.0100065 1.8150959 0.7808080 2.1444545 0.7595654 0.7972782 0.7319179 2.1724752 2.8528782 
n292_331   2.4605001 0.5293826 2.6738411 2.4693491 4.7559048 0.0559268 4.0634670 2.1914820 1.9792657 1.7589894 1.9588774 0.0000000 2.0592154 3.5944352 1.8627877 2.2283042 1.9161352 2.2988114 1.7282530 2.4311159 0.0783965 2.2664484 0.5332849 2.4869808 0.0858205 2.9275973 2.0063422 2.5531147 0.0521401 2.2373592 
n289_328   0.1213678 1.6430916 0.3097661 0.2875075 2.7409624 2.1272092 2.7178686 2.3847297 2.3196463 2.1719156 0.7576493 2.0592154 0.0000000 2.1905435 2.0535627 2.2954469 0.0524011 0.9060505 2.0189497 0.3048558 1.6911208 1.9313970 1.5249965 0.3196328 1.8390066 0.3311116 0.0273118 0.1297724 2.1310023 2.1278980 
n255_288   2.0614719 2.3875075 2.8608358 2.4953754 2.0810146 3.9050486 0.3408285 3.1608153 2.5666969 2.1159202 2.2967012 3.5944352 2.1905435 0.0000000 2.4416206 4.4643082 2.2172540 3.4890397 2.3679742 2.2996277 2.6988506 2.7057519 2.6577373 2.4962657 4.3392227 2.8312385 2.0537494 1.9461337 3.7863305 3.0624862 
n286_325   2.2317698 1.6704461 1.7751818 1.6861466 2.0387113 2.0884002 2.3609503 0.9356971 0.0629934 0.8681762 2.1890273 1.8627877 2.0535627 2.4416206 0.0000000 1.1207482 2.0571552 1.6105266 0.7884028 1.7239636 1.9080720 0.7781622 1.8315863 1.7772462 1.8129909 1.7258086 1.9805611 2.2009443 1.9814144 1.0530198 
n286_323   2.4928252 1.5871738 2.1671186 2.1571640 2.1794710 2.5203812 9.0000000 1.1026642 1.1759779 1.0434095 2.4751656 2.2283042 2.2954469 4.4643082 1.1207482 0.0000000 2.2544178 1.9761419 1.0092124 2.2194679 2.5966497 1.1701872 1.6145964 2.1920808 2.5858893 2.3752423 2.1134984 2.4843173 2.5325411 0.0516884 
n287_326   0.1507018 1.6643043 0.3278062 0.3104358 2.8056755 2.1090606 2.9079414 2.6747476 2.3250926 2.1519585 0.7541863 1.9161352 0.0524011 2.2172540 2.0571552 2.2544178 0.0000000 0.9571574 1.9506338 0.3168091 1.5962635 2.0328718 1.6002687 0.3379282 1.7369665 0.3497829 0.0596652 0.1552094 2.0612709 2.0923904 
n200_223   0.9245455 1.7815565 0.9977774 0.9105991 3.1707473 2.4301340 3.9228312 1.9553657 1.6963881 1.6510990 1.0615263 2.2988114 0.9060505 3.4890397 1.6105266 1.9761419 0.9571574 0.0000000 1.8213075 0.9052851 2.0236914 1.9305752 1.6583036 0.9629794 2.0994449 0.9927900 0.8966304 0.8925671 2.5241976 1.8242690 
n266_301   1.9208874 1.3886689 1.6361311 1.7611708 2.6700263 1.9897145 2.5247586 0.9878613 0.8574298 0.1494299 2.1468245 1.7282530 2.0189497 2.3679742 0.7884028 1.0092124 1.9506338 1.8213075 0.0000000 1.7140506 1.8252039 1.0483054 1.3042866 1.6185717 1.8708003 1.6449948 1.9127161 1.8977590 1.9751858 1.0139432 
n275_312   0.3032023 1.6716422 0.1174567 0.1255692 2.3616723 2.4619873 2.6745347 2.3197673 1.8267002 1.7918630 0.7498489 2.4311159 0.3048558 2.2996277 1.7239636 2.2194679 0.3168091 0.9052851 1.7140506 0.0000000 1.9718778 2.1087776 1.5066238 0.1585815 1.9571930 0.1254876 0.3202681 0.3098352 2.4204124 1.9997196 
n280_317   1.9088868 0.5243100 2.2102344 2.1419106 4.3122422 0.1096729 3.0167228 2.4287999 2.0793546 1.9305601 2.0055044 0.0783965 1.6911208 2.6988506 1.9080720 2.5966497 1.5962635 2.0236914 1.8252039 1.9718778 0.0000000 2.2962279 0.5262714 2.1173470 0.1015973 2.3708350 1.6251333 1.9663667 0.1054030 2.5237689 
n265_302   1.8354547 1.6772722 1.9216340 1.9083694 2.3356176 2.2473172 3.5259368 0.2356817 0.7896481 1.3109261 2.0100065 2.2664484 1.9313970 2.7057519 0.7781622 1.1701872 2.0328718 1.9305752 1.0483054 2.1087776 2.2962279 0.0000000 1.7389237 1.9441554 2.0959410 1.8501028 1.7966086 1.8336809 2.3719012 1.1643159 
n278_315   1.8666111 0.1246521 1.6255971 1.5908172 2.4640418 0.5480170 2.8834435 1.7081559 1.8832708 1.4028446 1.8150959 0.5332849 1.5249965 2.6577373 1.8315863 1.6145964 1.6002687 1.6583036 1.3042866 1.5066238 0.5262714 1.7389237 0.0000000 1.6223906 0.5576441 1.6860753 1.5365011 1.7808505 0.5249563 1.6689519 
n294_333   0.3301037 1.6293240 0.1373023 0.0522137 2.4509017 2.4122519 2.6440029 2.4236734 1.9214110 1.8386276 0.7808080 2.4869808 0.3196328 2.4962657 1.7772462 2.1920808 0.3379282 0.9629794 1.6185717 0.1585815 2.1173470 1.9441554 1.6223906 0.0000000 2.4522248 0.1415475 0.3249362 0.3479977 2.3985362 2.0636237 
n274_311   1.9909862 0.5412275 2.2615845 2.3023377 5.3072405 0.1216128 3.5452321 2.5129254 1.8875932 1.9710639 2.1444545 0.0858205 1.8390066 4.3392227 1.8129909 2.5858893 1.7369665 2.0994449 1.8708003 1.9571930 0.1015973 2.0959410 0.5576441 2.4522248 0.0000000 2.5624322 1.7400034 2.0493890 0.1172386 2.6517871 
n298_337   0.3195886 1.8308567 0.0272815 0.1252700 2.5013938 2.7868487 3.4066274 2.2849581 1.9119443 1.7749693 0.7595654 2.9275973 0.3311116 2.8312385 1.7258086 2.3752423 0.3497829 0.9927900 1.6449948 0.1254876 2.3708350 1.8501028 1.6860753 0.1415475 2.5624322 0.0000000 0.3470478 0.3262350 2.7133487 2.2091707 
n290_329   0.1171978 1.6026145 0.3252689 0.2973905 2.6969666 2.0706957 2.4154527 2.3556347 2.2274800 2.1023203 0.7972782 2.0063422 0.0273118 2.0537494 1.9805611 2.1134984 0.0596652 0.8966304 1.9127161 0.3202681 1.6251333 1.7966086 1.5365011 0.3249362 1.7400034 0.3470478 0.0000000 0.1336658 2.1094282 1.9799908 
n296_335   0.0485343 1.7038061 0.3154492 0.3146083 2.6304665 2.7245764 2.4373988 2.1569838 2.5158374 1.9473576 0.7319179 2.5531147 0.1297724 1.9461337 2.2009443 2.4843173 0.1552094 0.8925671 1.8977590 0.3098352 1.9663667 1.8336809 1.7808505 0.3479977 2.0493890 0.3262350 0.1336658 0.0000000 2.6443352 2.3158043 
n299_338   2.5702209 0.5288419 2.6178400 2.4457494 3.7386447 0.0378624 3.9553072 2.3880939 2.1132707 2.0902403 2.1724752 0.0521401 2.1310023 3.7863305 1.9814144 2.5325411 2.0612709 2.5241976 1.9751858 2.4204124 0.1054030 2.3719012 0.5249563 2.3985362 0.1172386 2.7133487 2.1094282 2.6443352 0.0000000 2.6225425 
n285_322   2.2924782 1.6158999 2.0299691 2.0323052 2.2713761 2.6103298 5.2767417 1.0475558 1.1035825 0.9829210 2.8528782 2.2373592 2.1278980 3.0624862 1.0530198 0.0516884 2.0923904 1.8242690 1.0139432 1.9997196 2.5237689 1.1643159 1.6689519 2.0636237 2.6517871 2.2091707 1.9799908 2.3158043 2.6225425 0.0000000 
