15
n255_246   0.0000000 0.3447058 0.3373448 0.3547514 0.2693169 0.3561811 0.3233735 0.3379224 0.3442346 0.3390200 0.3684628 0.0203840 0.3180359 0.3668779 0.3318714 
n292_269   0.3447058 0.0000000 0.0134985 0.2550928 0.3164197 0.0595360 0.2218281 0.0671189 0.0135224 0.0169591 0.3159910 0.3498161 0.2268968 0.2552541 0.0100999 
n299_270   0.3373448 0.0134985 0.0000000 0.2395270 0.3046881 0.0593509 0.2118875 0.0669089 0.0134814 0.0169077 0.2986536 0.3423933 0.2168586 0.2396767 0.0033408 
n266_255   0.3547514 0.2550928 0.2395270 0.0000000 0.3897260 0.2753004 0.1456743 0.2807218 0.2547552 0.2501472 0.2787618 0.3541420 0.1415751 0.0341693 0.2398428 
n244_235   0.2693169 0.3164197 0.3046881 0.3897260 0.0000000 0.3112027 0.3517916 0.3174746 0.3159905 0.3163846 0.3677645 0.2688799 0.3462380 0.4081116 0.2994560 
n277_260   0.3561811 0.0595360 0.0593509 0.2753004 0.3112027 0.0000000 0.2507062 0.0274207 0.0521271 0.0485701 0.3440091 0.3613630 0.2560336 0.2805803 0.0557202 
n286_267   0.3233735 0.2218281 0.2118875 0.1456743 0.3517916 0.2507062 0.0000000 0.2614573 0.2215361 0.2171110 0.2905681 0.3117972 0.0101070 0.1291610 0.2073435 
n278_261   0.3379224 0.0671189 0.0669089 0.2807218 0.3174746 0.0274207 0.2614573 0.0000000 0.0595870 0.0559863 0.3444193 0.3494509 0.2668960 0.2860491 0.0632275 
n280_263   0.3442346 0.0135224 0.0134814 0.2547552 0.3159905 0.0521271 0.2215361 0.0595870 0.0000000 0.0101003 0.3099091 0.3493380 0.2265975 0.2549161 0.0100872 
n274_259   0.3390200 0.0169591 0.0169077 0.2501472 0.3163846 0.0485701 0.2171110 0.0559863 0.0101003 0.0000000 0.3105401 0.3440965 0.2221386 0.2503049 0.0134941 
n200_195   0.3684628 0.3159910 0.2986536 0.2787618 0.3677645 0.3440091 0.2905681 0.3444193 0.3099091 0.3105401 0.0000000 0.3862881 0.2854707 0.2794090 0.2990565 
n251_242   0.0203840 0.3498161 0.3423933 0.3541420 0.2688799 0.3613630 0.3117972 0.3494509 0.3493380 0.3440965 0.3862881 0.0000000 0.3065509 0.3662452 0.3368878 
n285_266   0.3180359 0.2268968 0.2168586 0.1415751 0.3462380 0.2560336 0.0101070 0.2668960 0.2265975 0.2221386 0.2854707 0.3065509 0.0000000 0.1251556 0.2122766 
n265_254   0.3668779 0.2552541 0.2396767 0.0341693 0.4081116 0.2805803 0.1291610 0.2860491 0.2549161 0.2503049 0.2794090 0.3662452 0.1251556 0.0000000 0.2399929 
n300_271   0.3318714 0.0100999 0.0033408 0.2398428 0.2994560 0.0557202 0.2073435 0.0632275 0.0100872 0.0134941 0.2990565 0.3368878 0.2122766 0.2399929 0.0000000 
