26
n277_278   0.0000000 1.8669699 2.2664896 1.9901919 2.3669173 0.5214481 2.4478494 2.5528723 0.1205788 0.4505193 1.8850564 2.5268136 2.4961718 2.4182135 1.8333901 0.4755093 0.4777696 2.1355312 2.4521948 1.7248771 2.4614444 2.3744280 2.5982173 2.6807118 2.6316808 0.4309004 
n286_287   1.8669699 0.0000000 2.0286965 0.0631521 2.0107971 2.2527920 2.4297028 1.9530812 1.8039322 2.3399901 2.2579901 2.0194137 1.9584084 1.9427572 1.6155784 2.1893742 2.2397290 2.0003869 1.8987891 2.7215989 1.0749012 1.1288509 1.9027695 3.0756730 2.0000095 2.2052810 
n296_297   2.2664896 2.0286965 0.0000000 1.8865578 0.1748829 2.3080393 2.7091913 0.3180459 2.0384627 2.1623320 0.6652807 0.3127432 0.1574626 0.2981210 1.1818672 1.9849573 2.1896216 0.0521739 0.1451524 2.3706622 1.9058136 2.0647457 0.3184342 2.3273185 0.3149200 2.0406363 
n285_286   1.9901919 0.0631521 1.8865578 0.0000000 1.8071572 2.4241620 2.7267580 1.8249744 1.9734201 2.5308252 2.1424124 1.8825965 1.7984709 1.8581681 1.6445888 2.4077402 2.5441247 1.8618350 1.7473858 4.0873755 1.0671718 1.1253503 1.8153634 3.1660270 1.9102897 2.3666375 
n289_290   2.3669173 2.0107971 0.1748829 1.8071572 0.0000000 2.1182943 2.5572433 0.2915045 2.1962240 2.1041599 0.7008664 0.2965547 0.0377412 0.3148853 1.1277464 2.1072581 2.0769574 0.1622082 0.0377323 2.8901976 1.9799927 2.1717191 0.3285019 2.2780893 0.3364941 2.0294146 
n274_275   0.5214481 2.2527920 2.3080393 2.4241620 2.1182943 0.0000000 2.6568948 2.2244960 0.4471062 0.1052060 2.2433574 2.1889122 2.2094960 2.1825642 2.4346059 0.1289616 0.1174773 2.2517146 2.0947021 1.8881228 2.4903043 2.9094673 2.3256927 2.5694923 2.2888728 0.1094305 
n255_256   2.4478494 2.4297028 2.7091913 2.7267580 2.5572433 2.6568948 0.0000000 2.8222462 2.6336043 2.4496823 3.8580085 2.5560004 2.3534062 2.8920893 7.1963509 2.2408154 2.8984316 2.5211201 2.3513258 1.9605558 2.9963851 2.9577461 2.5194582 0.3172619 2.5815619 2.4720352 
n275_276   2.5528723 1.9530812 0.3180459 1.8249744 0.2915045 2.2244960 2.8222462 0.0000000 2.6011189 2.1599905 0.6604893 0.1160996 0.2815204 0.1284798 1.1014970 2.1819291 2.0734925 0.2866495 0.2761472 2.7790000 2.7210153 3.2686536 0.1323320 2.7179532 0.1366662 2.1644915 
n278_279   0.1205788 1.8039322 2.0384627 1.9734201 2.1962240 0.4471062 2.6336043 2.6011189 0.0000000 0.4258355 1.8456351 2.4000607 2.3597709 2.4232112 1.8349048 0.4378783 0.4378908 1.9317982 2.3198947 1.6996952 2.5530002 2.4578571 2.4641187 2.8752317 2.5847916 0.4068757 
n299_300   0.4505193 2.3399901 2.1623320 2.5308252 2.1041599 0.1052060 2.4496823 2.1599905 0.4258355 0.0000000 2.1013340 2.0668554 2.2038088 2.0481477 2.1731127 0.0592420 0.0817873 2.2090718 2.1237976 1.6572285 2.2643247 2.5995413 2.2255944 2.5307284 2.1409105 0.0238237 
n236_237   1.8850564 2.2579901 0.6652807 2.1424124 0.7008664 2.2433574 3.8580085 0.6604893 1.8456351 2.1013340 0.0000000 0.6675905 0.6641222 0.6417207 1.2166132 1.9527986 2.1749390 0.6219786 0.6725644 3.4414554 2.0231699 2.2532006 0.6688873 2.5459003 0.6602173 1.9956686 
n293_294   2.5268136 2.0194137 0.3127432 1.8825965 0.2965547 2.1889122 2.5560004 0.1160996 2.4000607 2.0668554 0.6675905 0.0000000 0.2918653 0.1287049 1.1512593 1.9709740 2.1068926 0.3080175 0.2913690 2.7566072 2.8529481 2.9803729 0.0377523 2.3687382 0.1369072 2.0764090 
n290_291   2.4961718 1.9584084 0.1574626 1.7984709 0.0377412 2.2094960 2.3534062 0.2815204 2.3597709 2.2038088 0.6641222 0.2918653 0.0000000 0.3045128 1.1158272 2.2065686 2.2785188 0.1451072 0.0271835 2.8830867 1.9382910 2.1522496 0.3075648 2.1657466 0.3258090 2.1206596 
n297_298   2.4182135 1.9427572 0.2981210 1.8581681 0.3148853 2.1825642 2.8920893 0.1284798 2.4232112 2.0481477 0.6417207 0.1287049 0.3045128 0.0000000 1.2088536 2.0078054 2.0677458 0.2879926 0.2889020 2.1115300 2.3599693 2.8356563 0.1453308 2.5759190 0.0237868 2.0668285 
n200_201   1.8333901 1.6155784 1.1818672 1.6445888 1.1277464 2.4346059 7.1963509 1.1014970 1.8349048 2.1731127 1.2166132 1.1512593 1.1158272 1.2088536 0.0000000 1.9873938 2.0500822 1.1689790 1.0981647 2.3774692 2.0042681 2.1928453 1.2046742 3.7402051 1.1943648 2.1453686 
n292_293   0.4755093 2.1893742 1.9849573 2.4077402 2.1072581 0.1289616 2.2408154 2.1819291 0.4378783 0.0592420 1.9527986 1.9709740 2.2065686 2.0078054 1.9873938 0.0000000 0.1125894 2.0320906 2.0913752 1.7666244 2.3338403 2.2979762 2.1503212 2.4463071 2.0509827 0.0592578 
n280_281   0.4777696 2.2397290 2.1896216 2.5441247 2.0769574 0.1174773 2.8984316 2.0734925 0.4378908 0.0817873 2.1749390 2.1068926 2.2785188 2.0677458 2.0500822 0.1125894 0.0000000 2.1893325 2.1567871 1.7285426 2.3836781 3.0153642 2.2302557 3.1513365 2.1612130 0.0818843 
n295_296   2.1355312 2.0003869 0.0521739 1.8618350 0.1622082 2.2517146 2.5211201 0.2866495 1.9317982 2.2090718 0.6219786 0.3080175 0.1451072 0.2879926 1.1689790 2.0320906 2.1893325 0.0000000 0.1329863 2.3036911 2.0014567 2.1907810 0.3136751 2.2438058 0.3045261 2.0818260 
n287_288   2.4521948 1.8987891 0.1451524 1.7473858 0.0377323 2.0947021 2.3513258 0.2761472 2.3198947 2.1237976 0.6725644 0.2913690 0.0271835 0.2889020 1.0981647 2.0913752 2.1567871 0.1329863 0.0000000 2.9806487 1.8264588 2.0199365 0.3122858 2.1646265 0.3097176 2.0143766 
n244_245   1.7248771 2.7215989 2.3706622 4.0873755 2.8901976 1.8881228 1.9605558 2.7790000 1.6996952 1.6572285 3.4414554 2.7566072 2.8830867 2.1115300 2.3774692 1.7666244 1.7285426 2.3036911 2.9806487 0.0000000 3.6802389 2.9151153 3.0669471 1.9284026 2.0808258 1.7396263 
n265_266   2.4614444 1.0749012 1.9058136 1.0671718 1.9799927 2.4903043 2.9963851 2.7210153 2.5530002 2.2643247 2.0231699 2.8529481 1.9382910 2.3599693 2.0042681 2.3338403 2.3836781 2.0014567 1.8264588 3.6802389 0.0000000 0.1921330 2.8452431 9.0000000 2.2811470 2.0889709 
n266_267   2.3744280 1.1288509 2.0647457 1.1253503 2.1717191 2.9094673 2.9577461 3.2686536 2.4578571 2.5995413 2.2532006 2.9803729 2.1522496 2.8356563 2.1928453 2.2979762 3.0153642 2.1907810 2.0199365 2.9151153 0.1921330 0.0000000 3.5021024 3.3746226 2.7186437 2.2736347 
n294_295   2.5982173 1.9027695 0.3184342 1.8153634 0.3285019 2.3256927 2.5194582 0.1323320 2.4641187 2.2255944 0.6688873 0.0377523 0.3075648 0.1453308 1.2046742 2.1503212 2.2302557 0.3136751 0.3122858 3.0669471 2.8452431 3.5021024 0.0000000 2.5810554 0.1537508 2.1860420 
n251_252   2.6807118 3.0756730 2.3273185 3.1660270 2.2780893 2.5694923 0.3172619 2.7179532 2.8752317 2.5307284 2.5459003 2.3687382 2.1657466 2.5759190 3.7402051 2.4463071 3.1513365 2.2438058 2.1646265 1.9284026 9.0000000 3.3746226 2.5810554 0.0000000 2.3584677 2.4573575 
n298_299   2.6316808 2.0000095 0.3149200 1.9102897 0.3364941 2.2888728 2.5815619 0.1366662 2.5847916 2.1409105 0.6602173 0.1369072 0.3258090 0.0237868 1.1943648 2.0509827 2.1612130 0.3045261 0.3097176 2.0808258 2.2811470 2.7186437 0.1537508 2.3584677 0.0000000 2.1752539 
n300_301   0.4309004 2.2052810 2.0406363 2.3666375 2.0294146 0.1094305 2.4720352 2.1644915 0.4068757 0.0238237 1.9956686 2.0764090 2.1206596 2.0668285 2.1453686 0.0592578 0.0818843 2.0818260 2.0143766 1.7396263 2.0889709 2.2736347 2.1860420 2.4573575 2.1752539 0.0000000 
