24
n298_299   0.0000000 0.2722041 0.1164132 0.3104075 0.0377568 0.3126904 0.2717850 0.0134819 0.0237820 0.0413017 0.0067014 0.2518863 0.0521508 0.3793624 0.2718971 0.0448479 0.0853914 0.3860278 0.3159507 0.2670762 0.3130424 0.0520830 0.4718175 0.2520975 
n280_281   0.2722041 0.0000000 0.2870002 0.3268948 0.2619789 0.3084801 0.0134839 0.2576788 0.2776752 0.2669307 0.2625230 0.0557944 0.2669112 0.4190794 0.0100784 0.2717979 0.2771191 0.4177532 0.3325787 0.0067047 0.3036991 0.2665308 0.4522102 0.0594683 
n200_201   0.1164132 0.2870002 0.0000000 0.3269215 0.1287162 0.3234026 0.2865562 0.1047038 0.1205790 0.1327934 0.1085966 0.2614917 0.1454574 0.3576389 0.2866731 0.1368356 0.1164183 0.3640773 0.3275582 0.2817616 0.3237668 0.1452600 0.4411633 0.2617122 
n286_287   0.3104075 0.3268948 0.3269215 0.0000000 0.3160728 0.1882277 0.3203550 0.3109277 0.3102314 0.3106455 0.3001456 0.2995819 0.3271630 0.4016606 0.3265074 0.3158613 0.3104835 0.4017202 0.0134503 0.3212860 0.1840666 0.3161519 0.4417996 0.2998432 
n287_288   0.0377568 0.2619789 0.1287162 0.3160728 0.0000000 0.3128871 0.2615774 0.0342390 0.0413582 0.0033438 0.0307519 0.2322032 0.0272883 0.3741500 0.2616860 0.0067022 0.0970816 0.3688944 0.3216686 0.2569343 0.3132396 0.0272535 0.4724705 0.2416653 
n266_267   0.3126904 0.3084801 0.3234026 0.1882277 0.3128871 0.0000000 0.3187055 0.3078932 0.3125143 0.3075273 0.3024733 0.2771119 0.3349235 0.4086959 0.3081218 0.3126797 0.2972068 0.4087570 0.1970642 0.3136925 0.0272071 0.3238691 0.4778981 0.2773486 
n292_293   0.2717850 0.0134839 0.2865562 0.3203550 0.2615774 0.3187055 0.0000000 0.2572840 0.2772462 0.2665209 0.2621200 0.0631027 0.2718851 0.4183929 0.0168816 0.2713799 0.2869011 0.4170707 0.3259687 0.0067019 0.3138687 0.2714967 0.4522049 0.0668198 
n293_294   0.0134819 0.2576788 0.1047038 0.3109277 0.0342390 0.3078932 0.2572840 0.0000000 0.0203347 0.0377653 0.0100822 0.2377843 0.0485506 0.3625711 0.2573912 0.0412933 0.0741731 0.3690562 0.3164811 0.2526588 0.3082402 0.0484876 0.4726775 0.2379820 
n275_276   0.0237820 0.2776752 0.1205790 0.3102314 0.0413582 0.3125143 0.2772462 0.0203347 0.0000000 0.0449278 0.0169114 0.2571629 0.0558581 0.3742394 0.2773603 0.0484962 0.0854364 0.3808561 0.3103996 0.2724976 0.3128660 0.0557853 0.4935922 0.2573795 
n289_290   0.0413017 0.2669307 0.1327934 0.3106455 0.0033438 0.3075273 0.2665209 0.0377653 0.0449278 0.0000000 0.0342614 0.2369302 0.0307822 0.3799771 0.2666311 0.0033419 0.1009713 0.3746842 0.3161940 0.2618477 0.3078736 0.0307430 0.4792140 0.2464584 
n297_298   0.0067014 0.2625230 0.1085966 0.3001456 0.0307519 0.3024733 0.2621200 0.0100822 0.0169114 0.0342614 0.0000000 0.2424852 0.0449888 0.3681849 0.2622289 0.0377740 0.0779006 0.3747311 0.3056072 0.2574664 0.3028139 0.0449305 0.4657228 0.2426874 
n278_279   0.2518863 0.0557944 0.2614917 0.2995819 0.2322032 0.2771119 0.0631027 0.2377843 0.2571629 0.2369302 0.2424852 0.0000000 0.2369137 0.3933780 0.0520981 0.2415834 0.2566561 0.3867284 0.3050282 0.0557627 0.2774234 0.2365815 0.4266471 0.0067000 
n295_296   0.0521508 0.2669112 0.1454574 0.3271630 0.0272883 0.3349235 0.2718851 0.0485506 0.0558581 0.0307822 0.0449888 0.2369137 0.0000000 0.3922672 0.2666116 0.0342816 0.1129938 0.3868896 0.3328570 0.2618287 0.3353016 0.0067054 0.5006890 0.2464410 
n251_252   0.3793624 0.4190794 0.3576389 0.4016606 0.3741500 0.4086959 0.4183929 0.3625711 0.3742394 0.3799771 0.3681849 0.3933780 0.3922672 0.0000000 0.4252322 0.3856820 0.3685935 0.0202990 0.4076607 0.4126613 0.4091564 0.3859359 0.3209523 0.3937430 
n274_275   0.2718971 0.0100784 0.2866731 0.3265074 0.2616860 0.3081218 0.0168816 0.2573912 0.2773603 0.2666311 0.2622289 0.0520981 0.2666116 0.4252322 0.0000000 0.2714917 0.2768054 0.4238814 0.3321826 0.0100728 0.3033473 0.2662320 0.4594258 0.0557455 
n290_291   0.0448479 0.2717979 0.1368356 0.3158613 0.0067022 0.3126797 0.2713799 0.0412933 0.0484962 0.0033419 0.0377740 0.2415834 0.0342816 0.3856820 0.2714917 0.0000000 0.1048383 0.3803535 0.3214526 0.2666782 0.3130318 0.0342368 0.4858077 0.2511743 
n236_237   0.0853914 0.2771191 0.1164183 0.3104835 0.0970816 0.2972068 0.2869011 0.0741731 0.0854364 0.1009713 0.0779006 0.2566561 0.1129938 0.3685935 0.2768054 0.1048383 0.0000000 0.3751472 0.3160277 0.2820989 0.3077209 0.1128426 0.4597658 0.2568719 
n255_256   0.3860278 0.4177532 0.3640773 0.4017202 0.3688944 0.4087570 0.4170707 0.3690562 0.3808561 0.3746842 0.3747311 0.3867284 0.3868896 0.0202990 0.4238814 0.3803535 0.3751472 0.0000000 0.4077220 0.4113613 0.4092177 0.3806035 0.3209908 0.3813551 
n285_286   0.3159507 0.3325787 0.3275582 0.0134503 0.3216686 0.1970642 0.3259687 0.3164811 0.3103996 0.3161940 0.3056072 0.3050282 0.3328570 0.4076607 0.3321826 0.3214526 0.3160277 0.4077220 0.0000000 0.3269195 0.1928605 0.3217498 0.4485687 0.3052953 
n300_301   0.2670762 0.0067047 0.2817616 0.3212860 0.2569343 0.3136925 0.0067019 0.2526588 0.2724976 0.2618477 0.2574664 0.0557627 0.2618287 0.4126613 0.0100728 0.2666782 0.2820989 0.4113613 0.3269195 0.0000000 0.3088821 0.2614565 0.4461939 0.0594345 
n265_266   0.3130424 0.3036991 0.3237668 0.1840666 0.3132396 0.0272071 0.3138687 0.3082402 0.3128660 0.3078736 0.3028139 0.2774234 0.3353016 0.4091564 0.3033473 0.3130318 0.3077209 0.4092177 0.1928605 0.3088821 0.0000000 0.3242344 0.4849989 0.2776606 
n296_297   0.0520830 0.2665308 0.1452600 0.3161519 0.0272535 0.3238691 0.2714967 0.0484876 0.0557853 0.0307430 0.0449305 0.2365815 0.0067054 0.3859359 0.2662320 0.0342368 0.1128426 0.3806035 0.3217498 0.2614565 0.3242344 0.0000000 0.4998873 0.2460939 
n244_245   0.4718175 0.4522102 0.4411633 0.4417996 0.4724705 0.4778981 0.4522049 0.4726775 0.4935922 0.4792140 0.4657228 0.4266471 0.5006890 0.3209523 0.4594258 0.4858077 0.4597658 0.3209908 0.4485687 0.4461939 0.4849989 0.4998873 0.0000000 0.4270541 
n277_278   0.2520975 0.0594683 0.2617122 0.2998432 0.2416653 0.2773486 0.0668198 0.2379820 0.2573795 0.2464584 0.2426874 0.0067000 0.2464410 0.3937430 0.0557455 0.2511743 0.2568719 0.3813551 0.3052953 0.0594345 0.2776606 0.2460939 0.4270541 0.0000000 
