26
n277_278   0.0000000 2.3746774 2.2285342 2.3325080 2.3096823 0.4862967 5.5408581 2.6514969 0.1384634 0.5137542 2.5525493 2.2954128 2.6166155 2.3262918 2.4581242 0.5403973 0.5682227 2.0339197 2.8608623 4.0203771 1.5447452 1.6932331 2.5963789 9.0000000 2.4516730 0.5056746 
n286_287   2.3746774 0.0000000 2.8583114 0.0628444 3.2619485 1.9370270 5.6934807 3.0181818 2.6716813 2.0938340 2.2108518 3.3761867 2.8933839 2.9217059 2.1598675 2.2679205 2.0831534 2.8547871 3.4677022 4.0063626 0.9846524 0.9693527 3.0781407 9.0000000 2.8535069 2.0569656 
n296_297   2.2285342 2.8583114 0.0000000 2.7666251 0.1867226 2.4231454 2.4360428 0.3483149 2.8627963 2.2799778 0.6858290 0.3341576 0.1649689 0.2955636 1.3539300 2.3345839 2.4420332 0.0413852 0.1689826 2.4755927 2.4627894 2.1063183 0.3116457 2.3521868 0.3284919 2.2776205 
n285_286   2.3325080 0.0628444 2.7666251 0.0000000 3.1651618 1.8196138 5.2405977 3.3302699 2.9292285 2.0492354 2.1149779 3.3587908 2.9959758 2.9097164 2.2071707 2.2157312 2.0388799 2.9470272 3.4461181 4.0804279 1.0142182 0.9955999 3.1723742 9.0000000 2.7720775 2.0137205 
n289_290   2.3096823 3.2619485 0.1867226 3.1651618 0.0000000 2.6183689 3.4464619 0.3917283 2.9032769 2.2897350 0.7660712 0.3651801 0.0786787 0.3536881 1.4175973 2.3904469 2.5237015 0.1816481 0.0863688 2.8765309 2.8656652 2.7444484 0.3839005 3.8023147 0.3835939 2.3433611 
n274_275   0.4862967 1.9370270 2.4231454 1.8196138 2.6183689 0.0000000 4.9838751 2.6371825 0.4733391 0.1017791 2.6699322 2.4682328 2.9417530 2.3087301 2.8478477 0.1140521 0.1258981 2.4918660 3.0487348 3.8722967 1.7498510 1.6369080 2.8724552 6.7543727 2.3989972 0.0977868 
n255_256   5.5408581 5.6934807 2.4360428 5.2405977 3.4464619 4.9838751 0.0000000 2.2215892 5.2423491 3.8711111 2.7920780 2.8411407 3.2878627 2.6161923 2.9722980 4.2417400 4.4749349 2.4156438 2.8928552 2.2842146 3.1693570 2.5372761 2.6006040 0.3000234 2.5307196 4.2701964 
n275_276   2.6514969 3.0181818 0.3483149 3.3302699 0.3917283 2.6371825 2.2215892 0.0000000 2.6070926 2.1042449 0.7786798 0.1390157 0.3922121 0.1349295 1.2044336 2.1084203 2.2030586 0.3482636 0.3673970 2.3202521 2.6488032 2.1106596 0.1306119 2.1674299 0.1562686 2.1492324 
n278_279   0.1384634 2.6716813 2.8627963 2.9292285 2.9032769 0.4733391 5.2423491 2.6070926 0.0000000 0.5000438 2.4646002 2.3017172 3.3976680 2.1694165 2.2405981 0.5342050 0.5229037 2.6106145 2.8240784 3.5713872 1.8301384 2.1041609 2.6749160 6.2823634 2.3799420 0.4780153 
n299_300   0.5137542 2.0938340 2.2799778 2.0492354 2.2897350 0.1017791 3.8711111 2.1042449 0.5000438 0.0000000 2.2330359 2.0995658 2.4614343 1.9609380 2.3443681 0.0596862 0.1176757 2.2766245 2.6047478 3.9595529 1.6862995 1.5197711 2.3550175 6.4064309 1.9554071 0.0169087 
n236_237   2.5525493 2.2108518 0.6858290 2.1149779 0.7660712 2.6699322 2.7920780 0.7786798 2.4646002 2.2330359 0.0000000 0.7206929 0.8120946 0.6893872 1.1072140 2.5479694 2.3263615 0.6563903 0.7354350 3.5911901 2.0769459 2.2235868 0.7182056 2.9648843 0.6682449 2.2980538 
n293_294   2.2954128 3.3761867 0.3341576 3.3587908 0.3651801 2.4682328 2.8411407 0.1390157 2.3017172 2.0995658 0.7206929 0.0000000 0.3836993 0.1264044 1.2389438 2.1037373 2.0600588 0.3341109 0.3420936 2.2015243 2.3183617 2.0566056 0.0526034 2.8592546 0.1390438 2.1445031 
n290_291   2.6166155 2.8933839 0.1649689 2.9959758 0.0786787 2.9417530 3.2878627 0.3922121 3.3976680 2.4614343 0.8120946 0.3836993 0.0000000 0.3479086 1.3803368 2.5191483 2.7356912 0.1601058 0.0903897 3.0752417 2.8007531 2.4201275 0.3843302 3.4426813 0.3835047 2.5235711 
n297_298   2.3262918 2.9217059 0.2955636 2.9097164 0.3536881 2.3087301 2.6161923 0.1349295 2.1694165 1.9609380 0.6893872 0.1264044 0.3479086 0.0000000 1.1606265 2.0536544 2.0011517 0.2955273 0.3306880 2.2531861 2.6566620 2.0232502 0.1140455 2.6156584 0.0524366 2.0407767 
n200_201   2.4581242 2.1598675 1.3539300 2.2071707 1.4175973 2.8478477 2.9722980 1.2044336 2.2405981 2.3443681 1.1072140 1.2389438 1.3803368 1.1606265 0.0000000 2.9337195 2.3866493 1.3459985 1.4517742 3.6323809 2.5581091 2.5440809 1.2140246 5.1696875 1.1778412 2.4593722 
n292_293   0.5403973 2.2679205 2.3345839 2.2157312 2.3904469 0.1140521 4.2417400 2.1084203 0.5342050 0.0596862 2.5479694 2.1037373 2.5191483 2.0536544 2.9337195 0.0000000 0.1140548 2.2849715 2.7342703 3.3368366 1.7318614 1.4778858 2.4257627 6.2994218 2.0877294 0.0559797 
n280_281   0.5682227 2.0831534 2.4420332 2.0388799 2.5237015 0.1258981 4.4749349 2.2030586 0.5229037 0.1176757 2.3263615 2.0600588 2.7356912 2.0011517 2.3866493 0.1140548 0.0000000 2.4420889 2.7990831 3.8284474 1.6623795 1.5611470 2.4225749 8.0605334 2.0336576 0.1135770 
n295_296   2.0339197 2.8547871 0.0413852 2.9470272 0.1816481 2.4918660 2.4156438 0.3482636 2.6106145 2.2766245 0.6563903 0.3341109 0.1601058 0.2955273 1.3459985 2.2849715 2.4420889 0.0000000 0.1684842 2.5823706 2.3774848 2.0435669 0.3172233 2.2802789 0.3284468 2.3297699 
n287_288   2.8608623 3.4677022 0.1689826 3.4461181 0.0863688 3.0487348 2.8928552 0.3673970 2.8240784 2.6047478 0.7354350 0.3420936 0.0903897 0.3306880 1.4517742 2.7342703 2.7990831 0.1684842 0.0000000 3.3880081 2.7309563 2.6043755 0.3542826 3.0510129 0.3596636 2.6746658 
n244_245   4.0203771 4.0063626 2.4755927 4.0804279 2.8765309 3.8722967 2.2842146 2.3202521 3.5713872 3.9595529 3.5911901 2.2015243 3.0752417 2.2531861 3.6323809 3.3368366 3.8284474 2.5823706 3.3880081 0.0000000 3.5665745 3.5893306 2.3538966 2.0845503 2.2481482 3.9752203 
n265_266   1.5447452 0.9846524 2.4627894 1.0142182 2.8656652 1.7498510 3.1693570 2.6488032 1.8301384 1.6862995 2.0769459 2.3183617 2.8007531 2.6566620 2.5581091 1.7318614 1.6623795 2.3774848 2.7309563 3.5665745 0.0000000 0.1729347 2.2406446 3.6030936 2.9812265 1.7163805 
n266_267   1.6932331 0.9693527 2.1063183 0.9955999 2.7444484 1.6369080 2.5372761 2.1106596 2.1041609 1.5197711 2.2235868 2.0566056 2.4201275 2.0232502 2.5440809 1.4778858 1.5611470 2.0435669 2.6043755 3.5893306 0.1729347 0.0000000 1.9491816 3.0999760 2.2058446 1.4929180 
n294_295   2.5963789 3.0781407 0.3116457 3.1723742 0.3839005 2.8724552 2.6006040 0.1306119 2.6749160 2.3550175 0.7182056 0.0526034 0.3843302 0.1140455 1.2140246 2.4257627 2.4225749 0.3172233 0.3542826 2.3538966 2.2406446 1.9491816 0.0000000 2.6929980 0.1346231 2.4113935 
n251_252   9.0000000 9.0000000 2.3521868 9.0000000 3.8023147 6.7543727 0.3000234 2.1674299 6.2823634 6.4064309 2.9648843 2.8592546 3.4426813 2.6156584 5.1696875 6.2994218 8.0605334 2.2802789 3.0510129 2.0845503 3.6030936 3.0999760 2.6929980 0.0000000 2.6762480 6.6341831 
n298_299   2.4516730 2.8535069 0.3284919 2.7720775 0.3835939 2.3989972 2.5307196 0.1562686 2.3799420 1.9554071 0.6682449 0.1390438 0.3835047 0.0524366 1.1778412 2.0877294 2.0336576 0.3284468 0.3596636 2.2481482 2.9812265 2.2058446 0.1346231 2.6762480 0.0000000 1.9946800 
n300_301   0.5056746 2.0569656 2.2776205 2.0137205 2.3433611 0.0977868 4.2701964 2.1492324 0.4780153 0.0169087 2.2980538 2.1445031 2.5235711 2.0407767 2.4593722 0.0559797 0.1135770 2.3297699 2.6746658 3.9752203 1.7163805 1.4929180 2.4113935 6.6341831 1.9946800 0.0000000 
