26
n289_290   0.0000000 0.0482183 0.0271566 0.3342868 0.3637647 0.0553977 0.0033408 0.3692225 0.5029112 0.0517704 0.3504433 0.0202750 0.3635077 0.4689765 0.3981710 0.0100685 0.1796452 0.3920332 0.0589808 0.1114117 0.3578479 0.3097491 0.0446799 0.4949862 0.3580508 0.3198771 
n294_295   0.0482183 0.0000000 0.0481339 0.3341401 0.3689664 0.0271797 0.0446565 0.3744601 0.4840568 0.0033390 0.3502882 0.0410663 0.3687047 0.4747422 0.4036164 0.0446511 0.1920842 0.3974317 0.0306379 0.1150303 0.3630059 0.3145917 0.0168661 0.4763647 0.3632119 0.3247808 
n295_296   0.0271566 0.0481339 0.0000000 0.3341173 0.3688626 0.0553003 0.0237010 0.3743531 0.5090334 0.0516796 0.3502627 0.0066954 0.3686011 0.4807062 0.3918520 0.0236982 0.1795416 0.3857781 0.0588768 0.1112074 0.3629056 0.3095926 0.0446019 0.5010342 0.3631114 0.3093843 
n266_267   0.3342868 0.3341401 0.3341173 0.0000000 0.2849893 0.3449593 0.3289967 0.2950445 0.4179043 0.3392578 0.0237128 0.3238218 0.2899202 0.3881631 0.3160934 0.3289527 0.3025117 0.3106669 0.3500989 0.3100251 0.2899518 0.1310172 0.3286573 0.4118598 0.2849893 0.1390056 
n299_300   0.3637647 0.3689664 0.3688626 0.2849893 0.0000000 0.3691450 0.3582216 0.0202785 0.5239373 0.3743557 0.2704080 0.3580235 0.0100710 0.4124800 0.0959557 0.3525053 0.3616644 0.1035318 0.3744743 0.3378615 0.0168520 0.2862138 0.3636430 0.4903715 0.0066982 0.2913121 
n298_299   0.0553977 0.0271797 0.0553003 0.3449593 0.3691450 0.0000000 0.0517978 0.3746417 0.4905589 0.0306395 0.3613653 0.0481615 0.3688832 0.4869227 0.4038141 0.0517916 0.1966240 0.3976259 0.0033394 0.1190627 0.3631813 0.3200919 0.0237333 0.4827836 0.3633874 0.3303652 
n290_291   0.0033408 0.0446565 0.0237010 0.3289967 0.3582216 0.0517978 0.0000000 0.3636377 0.4962505 0.0481916 0.3450311 0.0168527 0.3579697 0.4626391 0.3923479 0.0066954 0.1753739 0.3862636 0.0553638 0.1075151 0.3523548 0.3046208 0.0411349 0.4884121 0.3525543 0.3146766 
n274_275   0.3692225 0.3744601 0.3743531 0.2950445 0.0202785 0.3746417 0.3636377 0.0000000 0.5240734 0.3798884 0.2802564 0.3634357 0.0168546 0.4071209 0.0959701 0.3578764 0.3670830 0.1035475 0.3800080 0.3540426 0.0168546 0.2963239 0.3690999 0.4904936 0.0134509 0.3014997 
n251_252   0.5029112 0.4840568 0.5090334 0.4179043 0.5239373 0.4905589 0.4962505 0.5240734 0.0000000 0.4902929 0.4360796 0.4960923 0.5169885 0.3399996 0.5055453 0.4961785 0.4831387 0.4860662 0.4967346 0.4800252 0.5170942 0.4551354 0.4841445 0.0446367 0.5103286 0.4674409 
n293_294   0.0517704 0.0033390 0.0516796 0.3392578 0.3743557 0.0306395 0.0481916 0.3798884 0.4902929 0.0000000 0.3555183 0.0445804 0.3740891 0.4808706 0.4092684 0.0481858 0.1963355 0.4030333 0.0341118 0.1188934 0.3683484 0.3195941 0.0202800 0.4825232 0.3685575 0.3298493 
n265_266   0.3504433 0.3502882 0.3502627 0.0237128 0.2704080 0.3613653 0.3450311 0.2802564 0.4360796 0.3555183 0.0000000 0.3397395 0.2752413 0.4055610 0.3008428 0.3449834 0.3279122 0.2955396 0.3666160 0.3256995 0.2752700 0.1311671 0.3446724 0.4243098 0.2704080 0.1391653 
n296_297   0.0202750 0.0410663 0.0066954 0.3238218 0.3580235 0.0481615 0.0168527 0.3634357 0.4960923 0.0445804 0.3397395 0.0000000 0.3577719 0.4682885 0.3921245 0.0168507 0.1711424 0.3860450 0.0517064 0.1035161 0.3521610 0.2995960 0.0375656 0.4882580 0.3523603 0.3095855 
n300_301   0.3635077 0.3687047 0.3686011 0.2899202 0.0100710 0.3688832 0.3579697 0.0168546 0.5169885 0.3740891 0.2752413 0.3577719 0.0000000 0.4004719 0.0921357 0.3522587 0.3614109 0.0996725 0.3742076 0.3484357 0.0134458 0.2911712 0.3633862 0.4837450 0.0033408 0.2963061 
n244_245   0.4689765 0.4747422 0.4807062 0.3881631 0.4124800 0.4869227 0.4626391 0.4071209 0.3399996 0.4808706 0.4055610 0.4682885 0.4004719 0.0000000 0.4374711 0.4625729 0.4751692 0.4309944 0.4930327 0.4456970 0.4065804 0.4057832 0.4748249 0.3189678 0.4007611 0.4116736 
n278_279   0.3981710 0.4036164 0.3918520 0.3160934 0.0959557 0.4038141 0.3923479 0.0959701 0.5055453 0.4092684 0.3008428 0.3921245 0.0921357 0.4374711 0.0000000 0.3863298 0.3625057 0.0134462 0.4093931 0.3930577 0.0921406 0.3114529 0.3980441 0.4790310 0.0883642 0.3112415 
n287_288   0.0100685 0.0446511 0.0236982 0.3289527 0.3525053 0.0517916 0.0066954 0.3578764 0.4961785 0.0481858 0.3449834 0.0168507 0.3522587 0.4625729 0.3863298 0.0000000 0.1796992 0.3803031 0.0553571 0.1075018 0.3466923 0.3045785 0.0411300 0.4883416 0.3468882 0.3146338 
n200_201   0.1796452 0.1920842 0.1795416 0.3025117 0.3616644 0.1966240 0.1753739 0.3670830 0.4831387 0.1963355 0.3279122 0.1711424 0.3614109 0.4751692 0.3625057 0.1796992 0.0000000 0.3675610 0.2008849 0.1802007 0.3557922 0.2984023 0.1878569 0.4636760 0.3559929 0.3083448 
n277_278   0.3920332 0.3974317 0.3857781 0.3106669 0.1035318 0.3976259 0.3862636 0.1035475 0.4860662 0.4030333 0.2955396 0.3860450 0.0996725 0.4309944 0.0134462 0.3803031 0.3675610 0.0000000 0.4031569 0.3869588 0.0996772 0.3060570 0.3919071 0.4602380 0.0958630 0.3058502 
n297_298   0.0589808 0.0306379 0.0588768 0.3500989 0.3744743 0.0033394 0.0553638 0.3800080 0.4967346 0.0341118 0.3666160 0.0517064 0.3742076 0.4930327 0.4093931 0.0553571 0.2008849 0.4031569 0.0000000 0.1229407 0.3684657 0.3250875 0.0271775 0.4888844 0.3686749 0.3354250 
n236_237   0.1114117 0.1150303 0.1112074 0.3100251 0.3378615 0.1190627 0.1075151 0.3540426 0.4800252 0.1188934 0.3256995 0.1035161 0.3484357 0.4456970 0.3930577 0.1075018 0.1802007 0.3869588 0.1229407 0.0000000 0.3428792 0.2810615 0.1111838 0.4785333 0.3430735 0.2860427 
n280_281   0.3578479 0.3630059 0.3629056 0.2899518 0.0168520 0.3631813 0.3523548 0.0168546 0.5170942 0.3683484 0.2752700 0.3521610 0.0134458 0.4065804 0.0921406 0.3466923 0.3557922 0.0996772 0.3684657 0.3428792 0.0000000 0.2912032 0.3577274 0.4838360 0.0100605 0.2963392 
n285_286   0.3097491 0.3145917 0.3095926 0.1310172 0.2862138 0.3200919 0.3046208 0.2963239 0.4551354 0.3195941 0.1311671 0.2995960 0.2911712 0.4057832 0.3114529 0.3045785 0.2984023 0.3060570 0.3250875 0.2810615 0.2912032 0.0000000 0.3043054 0.4363138 0.2862138 0.0066994 
n275_276   0.0446799 0.0168661 0.0446019 0.3286573 0.3636430 0.0237333 0.0411349 0.3690999 0.4841445 0.0202800 0.3446724 0.0375656 0.3633862 0.4748249 0.3980441 0.0411300 0.1878569 0.3919071 0.0271775 0.1111838 0.3577274 0.3043054 0.0000000 0.4764484 0.3579302 0.3143514 
n255_256   0.4949862 0.4763647 0.5010342 0.4118598 0.4903715 0.4827836 0.4884121 0.4904936 0.0446367 0.4825232 0.4243098 0.4882580 0.4837450 0.3189678 0.4790310 0.4883416 0.4636760 0.4602380 0.4888844 0.4785333 0.4838360 0.4363138 0.4764484 0.0000000 0.4773792 0.4483006 
n292_293   0.3580508 0.3632119 0.3631114 0.2849893 0.0066982 0.3633874 0.3525543 0.0134509 0.5103286 0.3685575 0.2704080 0.3523603 0.0033408 0.4007611 0.0883642 0.3468882 0.3559929 0.0958630 0.3686749 0.3430735 0.0100605 0.2862138 0.3579302 0.4773792 0.0000000 0.2913121 
n286_287   0.3198771 0.3247808 0.3093843 0.1390056 0.2913121 0.3303652 0.3146766 0.3014997 0.4674409 0.3298493 0.1391653 0.3095855 0.2963061 0.4116736 0.3112415 0.3146338 0.3083448 0.3058502 0.3354250 0.2860427 0.2963392 0.0066994 0.3143514 0.4483006 0.2913121 0.0000000 
