26
n277_278   0.0000000 2.5502444 2.3107390 2.3474257 1.9624319 0.4658094 4.7525445 2.4856801 0.1380060 0.4985296 1.7971022 2.5712262 1.7974370 2.7043419 2.3862709 0.4984911 0.4596475 2.2467321 1.9639658 3.4503136 1.7012725 1.8697543 2.5115458 2.7287534 2.8827143 0.4987258 
n286_287   2.5502444 0.0000000 2.4141484 0.0448389 2.4917220 2.2153629 2.5324047 2.0790623 2.7408404 2.1108936 1.9781072 2.3905959 2.8882195 2.1216139 2.0917903 2.0115748 2.0125177 2.4013806 2.5581489 2.7140487 1.0237473 1.0267262 2.2244173 2.9554025 2.0794019 2.2056656 
n296_297   2.3107390 2.4141484 0.0000000 2.5947635 0.1253760 2.4527195 3.2063493 0.3103081 2.6412508 2.5883630 0.7237645 0.2986841 0.1214804 0.2830003 1.0922241 2.8796957 2.7922636 0.0522475 0.1212694 2.6259068 2.0697872 2.3460208 0.2987600 3.6716409 0.2989684 2.6468259 
n285_286   2.3474257 0.0448389 2.5947635 0.0000000 2.7770975 2.1716186 2.1797183 2.0615549 2.7118761 2.1714084 1.9516900 2.4584440 3.1811441 2.0682431 2.1601023 2.1444508 2.0277375 2.6667259 2.7616062 2.7198195 1.0121007 1.0162260 2.2165015 2.8571156 2.0280650 2.3191813 
n289_290   1.9624319 2.4917220 0.1253760 2.7770975 0.0000000 2.2808092 3.3668796 0.3164418 2.2846384 2.5876176 0.7558445 0.2986469 0.0450089 0.2777872 1.0991017 2.5488980 2.5075106 0.1214321 0.0378327 2.6692299 1.9149978 2.4058389 0.2880106 4.1470573 0.2881232 2.5835112 
n274_275   0.4658094 2.2153629 2.4527195 2.1716186 2.2808092 0.0000000 4.4322724 2.1097904 0.4871446 0.1333191 2.1268669 2.4641813 2.0606266 2.5808577 3.1452600 0.1417493 0.1015289 2.4068369 2.2399768 2.6069823 1.7853021 1.8312919 2.8216637 3.2283902 2.5316970 0.1292184 
n255_256   4.7525445 2.5324047 3.2063493 2.1797183 3.3668796 4.4322724 0.0000000 3.0878955 3.7451995 5.1578501 3.7139901 3.6674537 4.4307458 2.7801019 4.6315152 5.0146353 3.9908191 3.5207128 3.3396363 2.0135379 3.2402555 3.2134776 3.6930603 0.3921874 2.8139455 4.8373207 
n275_276   2.4856801 2.0790623 0.3103081 2.0615549 0.3164418 2.1097904 3.0878955 0.0000000 2.7694529 2.1611330 0.7900495 0.1420934 0.3333168 0.1420154 1.2863004 2.1751832 2.2586161 0.3272483 0.3108407 2.8558140 2.0247769 2.2256435 0.1506347 4.2453618 0.1632222 2.1413364 
n278_279   0.1380060 2.7408404 2.6412508 2.7118761 2.2846384 0.4871446 3.7451995 2.7694529 0.0000000 0.5061739 1.7615695 2.8001078 2.1169828 3.0198899 2.2284277 0.5061354 0.4948154 2.6217790 2.2875090 2.8867204 1.8194857 1.8758332 2.7991883 2.6848941 3.5561893 0.5063773 
n299_300   0.4985296 2.1108936 2.5883630 2.1714084 2.5876176 0.1333191 5.1578501 2.1611330 0.5061739 0.0000000 2.3008101 2.4776749 2.3126287 2.8561858 3.4220854 0.0412706 0.0857496 2.5375369 2.5345284 2.7919965 1.8665417 1.9102868 2.8583437 5.2365294 2.8691133 0.0203096 
n236_237   1.7971022 1.9781072 0.7237645 1.9516900 0.7558445 2.1268669 3.7139901 0.7900495 1.7615695 2.3008101 0.0000000 0.7508696 0.7471533 0.7375258 1.3679859 2.1846756 2.0717756 0.7130953 0.7351980 2.5885957 1.7982080 1.9438959 0.7613948 3.4265116 0.7985857 2.2527013 
n293_294   2.5712262 2.3905959 0.2986841 2.4584440 0.2986469 2.4641813 3.6674537 0.1420934 2.8001078 2.4776749 0.7508696 0.0000000 0.3044771 0.1296954 1.2905371 2.4893763 2.6057864 0.3101100 0.3039388 3.1336572 2.2314870 2.3327932 0.0450861 3.9137100 0.1463666 2.5280936 
n290_291   1.7974370 2.8882195 0.1214804 3.1811441 0.0450089 2.0606266 4.4307458 0.3333168 2.1169828 2.3126287 0.7471533 0.3044771 0.0000000 0.2992113 1.0996049 2.2843009 2.2465162 0.1172494 0.0521584 2.5146422 2.0696115 2.5310309 0.2989546 3.7077168 0.3155922 2.3097349 
n297_298   2.7043419 2.1216139 0.2830003 2.0682431 0.2777872 2.5808577 2.7801019 0.1420154 3.0198899 2.8561858 0.7375258 0.1296954 0.2992113 0.0000000 1.1599378 2.8695008 2.9032756 0.2889435 0.2829207 2.6393792 2.0957679 2.2867174 0.1338269 4.1810830 0.0308147 2.9283044 
n200_201   2.3862709 2.0917903 1.0922241 2.1601023 1.0991017 3.1452600 4.6315152 1.2863004 2.2284277 3.4220854 1.3679859 1.2905371 1.0996049 1.1599378 0.0000000 2.8768646 2.5859843 1.1213033 1.0652105 3.0273343 1.5099542 1.5344941 1.2605125 5.7235987 1.2001476 3.1960764 
n292_293   0.4984911 2.0115748 2.8796957 2.1444508 2.5488980 0.1417493 5.0146353 2.1751832 0.5061354 0.0412706 2.1846756 2.4893763 2.2843009 2.8695008 2.8768646 0.0000000 0.0896370 2.7084960 2.4979740 2.8817986 1.8388977 1.8383968 2.8675708 4.1579983 2.8091402 0.0377466 
n280_281   0.4596475 2.0125177 2.7922636 2.0277375 2.5075106 0.1015289 3.9908191 2.2586161 0.4948154 0.0857496 2.0717756 2.6057864 2.2465162 2.9032756 2.5859843 0.0896370 0.0000000 2.7351097 2.4583227 2.5453696 1.9381095 1.9776929 3.0313689 3.1552946 2.8416498 0.0857548 
n295_296   2.2467321 2.4013806 0.0522475 2.6667259 0.1214321 2.4068369 3.5207128 0.3272483 2.6217790 2.5375369 0.7130953 0.3101100 0.1172494 0.2889435 1.1213033 2.7084960 2.7351097 0.0000000 0.1213572 2.3977084 2.0589450 2.2879803 0.3048764 4.1302580 0.3050934 2.5941691 
n287_288   1.9639658 2.5581489 0.1212694 2.7616062 0.0378327 2.2399768 3.3396363 0.3108407 2.2875090 2.5345284 0.7351980 0.3039388 0.0521584 0.2829207 1.0652105 2.4979740 2.4583227 0.1213572 0.0000000 2.5109619 1.8976853 2.3655353 0.2932179 3.6161081 0.2988847 2.5306765 
n244_245   3.4503136 2.7140487 2.6259068 2.7198195 2.6692299 2.6069823 2.0135379 2.8558140 2.8867204 2.7919965 2.5885957 3.1336572 2.5146422 2.6393792 3.0273343 2.8817986 2.5453696 2.3977084 2.5109619 0.0000000 2.9098075 3.3224186 3.5640556 2.3160187 2.9255345 2.5446570 
n265_266   1.7012725 1.0237473 2.0697872 1.0121007 1.9149978 1.7853021 3.2402555 2.0247769 1.8194857 1.8665417 1.7982080 2.2314870 2.0696115 2.0957679 1.5099542 1.8388977 1.9381095 2.0589450 1.8976853 2.9098075 0.0000000 0.1087548 2.2478751 4.0162044 2.1227669 1.8274667 
n266_267   1.8697543 1.0267262 2.3460208 1.0162260 2.4058389 1.8312919 3.2134776 2.2256435 1.8758332 1.9102868 1.9438959 2.3327932 2.5310309 2.2867174 1.5344941 1.8383968 1.9776929 2.2879803 2.3655353 3.3224186 0.1087548 0.0000000 2.2820814 3.4945222 2.3207972 1.8700045 
n294_295   2.5115458 2.2244173 0.2987600 2.2165015 0.2880106 2.8216637 3.6930603 0.1506347 2.7991883 2.8583437 0.7613948 0.0450861 0.2989546 0.1338269 1.2605125 2.8675708 3.0313689 0.3048764 0.2932179 3.5640556 2.2478751 2.2820814 0.0000000 4.6415417 0.1506080 2.9263145 
n251_252   2.7287534 2.9554025 3.6716409 2.8571156 4.1470573 3.2283902 0.3921874 4.2453618 2.6848941 5.2365294 3.4265116 3.9137100 3.7077168 4.1810830 5.7235987 4.1579983 3.1552946 4.1302580 3.6161081 2.3160187 4.0162044 3.4945222 4.6415417 0.0000000 4.0219481 4.8761217 
n298_299   2.8827143 2.0794019 0.2989684 2.0280650 0.2881232 2.5316970 2.8139455 0.1632222 3.5561893 2.8691133 0.7985857 0.1463666 0.3155922 0.0308147 1.2001476 2.8091402 2.8416498 0.3050934 0.2988847 2.9255345 2.1227669 2.3207972 0.1506080 4.0219481 0.0000000 2.9421927 
n300_301   0.4987258 2.2056656 2.6468259 2.3191813 2.5835112 0.1292184 4.8373207 2.1413364 0.5063773 0.0203096 2.2527013 2.5280936 2.3097349 2.9283044 3.1960764 0.0377466 0.0857548 2.5941691 2.5306765 2.5446570 1.8274667 1.8700045 2.9263145 4.8761217 2.9421927 0.0000000 
