26
n277_278   0.0000000 3.1627278 1.6852208 3.6291388 1.6705872 0.4652673 1.8970419 1.8484576 0.1114610 0.5062567 1.7605181 1.5964529 1.7667716 1.6680939 1.7120740 0.5206308 0.5060344 1.5636761 1.5845915 2.2750953 1.7928105 1.7887420 1.8200491 1.8514939 1.6652836 0.5060230 
n286_287   3.1627278 0.0000000 1.9240455 0.0714171 1.8526806 2.4214655 2.3882051 1.9943804 3.8005435 1.9975892 3.0121863 2.1829153 1.8634130 2.5950685 2.1586888 1.9159113 2.1155225 1.9225642 1.9793626 9.0000000 1.0752783 1.0267467 2.0902531 2.7065057 2.3951649 1.9584685 
n296_297   1.6852208 1.9240455 0.0000000 1.9693545 0.1937644 1.7004402 1.7697303 0.2742899 1.6567529 1.6085392 0.6669443 0.2693289 0.1892075 0.2891870 0.8526478 1.4769362 1.5980294 0.0486366 0.1714990 3.0454975 2.5708232 2.0675353 0.3004966 2.3526978 0.2692646 1.5516040 
n285_286   3.6291388 0.0714171 1.9693545 0.0000000 1.9389697 2.4753463 2.4320414 2.0837004 3.6629081 2.0805418 3.0213276 2.2394183 1.9868751 2.6812078 2.0592981 1.9915532 2.2715439 1.9680016 2.0725781 9.0000000 1.0603621 0.9982200 2.1470443 2.7533184 2.4656654 2.0380594 
n289_290   1.6705872 1.8526806 0.1937644 1.9389697 0.0000000 1.7464917 2.1380518 0.3063278 1.7265768 1.7436956 0.7239496 0.3063010 0.0823862 0.3217620 0.8694788 1.6161174 1.6994139 0.1758373 0.0709237 3.2098677 1.9979983 1.7529575 0.3393022 2.7617109 0.3061380 1.6772681 
n274_275   0.4652673 2.4214655 1.7004402 2.4753463 1.7464917 0.0000000 1.6254186 1.7020298 0.4733844 0.1402615 2.3915940 1.5618626 1.6803658 1.5931729 1.7427373 0.1402323 0.1361836 1.6331077 1.6485702 1.8668097 1.7306880 1.6121149 1.6843562 1.5498747 1.5668600 0.1444323 
n255_256   1.8970419 2.3882051 1.7697303 2.4320414 2.1380518 1.6254186 0.0000000 1.7974910 1.6204861 1.5356451 1.5435414 1.8585808 2.0579324 1.7577514 1.8684476 1.4875390 1.6383741 1.7889727 1.9204651 1.8490921 2.2233478 3.2773391 1.7480651 0.3413801 1.6606054 1.5357238 
n275_276   1.8484576 1.9943804 0.2742899 2.0837004 0.3063278 1.7020298 1.7974910 0.0000000 1.8796445 1.5541307 0.7234304 0.1294080 0.3111851 0.1540809 0.8877466 1.4517656 1.6299979 0.2737879 0.2902645 3.4987466 2.1994379 1.9324731 0.1587129 2.9057726 0.1374191 1.5025333 
n278_279   0.1114610 3.8005435 1.6567529 3.6629081 1.7265768 0.4733844 1.6204861 1.8796445 0.0000000 0.5000109 1.6906734 1.6237735 1.7917371 1.6307958 1.6425216 0.5147292 0.5075666 1.5935534 1.5782727 2.0174701 1.8620813 1.7143230 1.7882391 1.6949767 1.6282244 0.4997808 
n299_300   0.5062567 1.9975892 1.6085392 2.0805418 1.7436956 0.1402615 1.5356451 1.5541307 0.5000109 0.0000000 2.2533273 1.6747113 1.7711729 1.6460548 1.4537723 0.0236528 0.1080843 1.5466450 1.5900193 1.7963309 1.5976529 1.4949714 1.7409002 1.4850926 1.6181067 0.0100212 
n236_237   1.7605181 3.0121863 0.6669443 3.0213276 0.7239496 2.3915940 1.5435414 0.7234304 1.6906734 2.2533273 0.0000000 0.6623180 0.7835041 0.6882970 1.0423305 2.1496432 2.1123575 0.6305550 0.6954959 2.8523406 2.5218992 2.4371424 0.6985790 2.5129717 0.6977511 2.2014877 
n293_294   1.5964529 2.1829153 0.2693289 2.2394183 0.3063010 1.5618626 1.8585808 0.1294080 1.6237735 1.6747113 0.6623180 0.0000000 0.3002586 0.1500969 0.8444856 1.5574600 1.6347140 0.2688090 0.2902386 3.8114665 2.4120930 1.9667645 0.0560296 2.7009888 0.1335563 1.6155415 
n290_291   1.7667716 1.8634130 0.1892075 1.9868751 0.0823862 1.6803658 2.0579324 0.3111851 1.7917371 1.7711729 0.7835041 0.3002586 0.0000000 0.3210580 0.8929103 1.6402720 1.7293672 0.1800493 0.0898973 3.1924364 2.2652472 2.0348215 0.3441558 2.8942107 0.3054723 1.7030054 
n297_298   1.6680939 2.5950685 0.2891870 2.6812078 0.3217620 1.5931729 1.7577514 0.1540809 1.6307958 1.6460548 0.6882970 0.1500969 0.3210580 0.0000000 0.8434588 1.5880536 1.5827174 0.2783828 0.3053544 3.3080155 2.8614210 2.1874726 0.1848344 3.1039044 0.0378888 1.5887822 
n200_201   1.7120740 2.1586888 0.8526478 2.0592981 0.8694788 1.7427373 1.8684476 0.8877466 1.6425216 1.4537723 1.0423305 0.8444856 0.8929103 0.8434588 0.0000000 1.4312310 1.4016244 0.8512220 0.8443010 2.6350754 1.9546290 2.1445322 0.9170283 1.8372852 0.8544290 1.4075744 
n292_293   0.5206308 1.9159113 1.4769362 1.9915532 1.6161174 0.1402323 1.4875390 1.4517656 0.5147292 0.0236528 2.1496432 1.5574600 1.6402720 1.5880536 1.4312310 0.0000000 0.1160380 1.4441509 1.4821054 1.7339032 1.6588926 1.5492745 1.6155990 1.4914131 1.5619520 0.0271112 
n280_281   0.5060344 2.1155225 1.5980294 2.2715439 1.6994139 0.1361836 1.6383741 1.6299979 0.5075666 0.1080843 2.1123575 1.6347140 1.7293672 1.5827174 1.4016244 0.1160380 0.0000000 1.5396663 1.5323928 1.5399151 1.6839149 1.6514868 1.7996801 1.5615017 1.5273088 0.1120460 
n295_296   1.5636761 1.9225642 0.0486366 1.9680016 0.1758373 1.6331077 1.7889727 0.2737879 1.5935534 1.5466450 0.6305550 0.2688090 0.1800493 0.2783828 0.8512220 1.4441509 1.5396663 0.0000000 0.1584195 2.7151853 2.3976014 2.0113469 0.2999094 2.4829258 0.2639361 1.4934576 
n287_288   1.5845915 1.9793626 0.1714990 2.0725781 0.0709237 1.6485702 1.9204651 0.2902645 1.5782727 1.5900193 0.6954959 0.2902386 0.0898973 0.3053544 0.8443010 1.4821054 1.5323928 0.1584195 0.0000000 2.7011430 2.2492382 1.8971403 0.3279580 2.5325124 0.2900856 1.5339743 
n244_245   2.2750953 9.0000000 3.0454975 9.0000000 3.2098677 1.8668097 1.8490921 3.4987466 2.0174701 1.7963309 2.8523406 3.8114665 3.1924364 3.3080155 2.6350754 1.7339032 1.5399151 2.7151853 2.7011430 0.0000000 2.7467603 2.4518936 3.0549365 2.0281198 3.2872969 1.7585594 
n265_266   1.7928105 1.0752783 2.5708232 1.0603621 1.9979983 1.7306880 2.2233478 2.1994379 1.8620813 1.5976529 2.5218992 2.4120930 2.2652472 2.8614210 1.9546290 1.6588926 1.6839149 2.3976014 2.2492382 2.7467603 0.0000000 0.1800025 2.3022154 2.2380334 2.7611087 1.6210459 
n266_267   1.7887420 1.0267467 2.0675353 0.9982200 1.7529575 1.6121149 3.2773391 1.9324731 1.7143230 1.4949714 2.4371424 1.9667645 2.0348215 2.1874726 2.1445322 1.5492745 1.6514868 2.0113469 1.8971403 2.4518936 0.1800025 0.0000000 1.9320329 2.7867459 2.0850374 1.4898054 
n294_295   1.8200491 2.0902531 0.3004966 2.1470443 0.3393022 1.6843562 1.7480651 0.1587129 1.7882391 1.7409002 0.6985790 0.0560296 0.3441558 0.1848344 0.9170283 1.6155990 1.7996801 0.2999094 0.3279580 3.0549365 2.3022154 1.9320329 0.0000000 2.6003034 0.1718147 1.6446343 
n251_252   1.8514939 2.7065057 2.3526978 2.7533184 2.7617109 1.5498747 0.3413801 2.9057726 1.6949767 1.4850926 2.5129717 2.7009888 2.8942107 3.1039044 1.8372852 1.4914131 1.5615017 2.4829258 2.5325124 2.0281198 2.2380334 2.7867459 2.6003034 0.0000000 2.7063642 1.4604862 
n298_299   1.6652836 2.3951649 0.2692646 2.4656654 0.3061380 1.5668600 1.6606054 0.1374191 1.6282244 1.6181067 0.6977511 0.1335563 0.3054723 0.0378888 0.8544290 1.5619520 1.5273088 0.2639361 0.2900856 3.2872969 2.7611087 2.0850374 0.1718147 2.7063642 0.0000000 1.5626320 
n300_301   0.5060230 1.9584685 1.5516040 2.0380594 1.6772681 0.1444323 1.5357238 1.5025333 0.4997808 0.0100212 2.2014877 1.6155415 1.7030054 1.5887822 1.4075744 0.0271112 0.1120460 1.4934576 1.5339743 1.7585594 1.6210459 1.4898054 1.6446343 1.4604862 1.5626320 0.0000000 
