24
n298_299   0.0000000 0.2998911 0.1525901 0.2134499 0.0520122 0.2272599 0.3001209 0.0203322 0.0203343 0.0556163 0.0033470 0.3314619 0.0556423 0.3496118 0.3151285 0.0556378 0.0965976 0.3543908 0.2134280 0.0203362 0.2947635 0.2226682 0.3762342 0.2948794 
n280_281   0.2998911 0.0000000 0.3254648 0.2538618 0.3099494 0.2684525 0.0100601 0.3052290 0.2998775 0.3151360 0.2997819 0.0774475 0.3100340 0.3360382 0.0271274 0.3102740 0.3156296 0.3629180 0.2584814 0.3053208 0.0066855 0.2637087 0.3843271 0.0590620 
n200_201   0.1525901 0.3254648 0.0000000 0.2550807 0.1569285 0.2698125 0.3257152 0.1609560 0.1567525 0.1611147 0.1525399 0.3690562 0.1611956 0.3881782 0.3407986 0.1611752 0.1737843 0.3993400 0.2550562 0.1609953 0.3201547 0.2649457 0.4109718 0.3413666 
n286_287   0.2134499 0.2538618 0.2550807 0.0000000 0.2270468 0.0964260 0.2493708 0.2225689 0.2179944 0.2316640 0.2133766 0.2833529 0.2366734 0.2796123 0.2633451 0.2317480 0.2554181 0.3046025 0.0100652 0.2226284 0.2444335 0.1002639 0.3303349 0.2492532 
n287_288   0.0520122 0.3099494 0.1569285 0.2270468 0.0000000 0.2458485 0.3101872 0.0592535 0.0592607 0.0033487 0.0556120 0.3422274 0.0169250 0.3548528 0.3253837 0.0033500 0.1044204 0.3487846 0.2270240 0.0592660 0.3047516 0.2411389 0.3764362 0.3100475 
n266_267   0.2272599 0.2684525 0.2698125 0.0964260 0.2458485 0.0000000 0.2638783 0.2412568 0.2365608 0.2505920 0.2271812 0.2685571 0.2557635 0.2845301 0.2781295 0.2506819 0.2701746 0.3046302 0.0925968 0.2413231 0.2588277 0.0100634 0.3358438 0.2444773 
n292_293   0.3001209 0.0100601 0.3257152 0.2493708 0.3101872 0.2638783 0.0000000 0.3054632 0.3001073 0.3153781 0.3000116 0.0738079 0.3102721 0.3310509 0.0237013 0.3105124 0.3158724 0.3577650 0.2539671 0.3055553 0.0033380 0.2639085 0.3846249 0.0555005 
n293_294   0.0203322 0.3052290 0.1609560 0.2225689 0.0592535 0.2412568 0.3054632 0.0000000 0.0272486 0.0628947 0.0237752 0.3479169 0.0629243 0.3606699 0.3154008 0.0629190 0.1043170 0.3488383 0.2225463 0.0067114 0.3000604 0.2365754 0.3876669 0.3104944 
n275_276   0.0203343 0.2998775 0.1567525 0.2179944 0.0592607 0.2365608 0.3001073 0.0272486 0.0000000 0.0629024 0.0237777 0.3422111 0.0629320 0.3551250 0.3151115 0.0629268 0.1004917 0.3599318 0.2179721 0.0272541 0.2947510 0.2319094 0.3877765 0.3050989 
n289_290   0.0556163 0.3151360 0.1611147 0.2316640 0.0033487 0.2505920 0.3153781 0.0628947 0.0629024 0.0000000 0.0592339 0.3476625 0.0203579 0.3604059 0.3306798 0.0067155 0.1083045 0.3542847 0.2316408 0.0629081 0.3098995 0.2458510 0.3821492 0.3152368 
n297_298   0.0033470 0.2997819 0.1525399 0.2133766 0.0556120 0.2271812 0.3000116 0.0237752 0.0237777 0.0592339 0.0000000 0.3313384 0.0592616 0.3494792 0.3150126 0.0592568 0.0965670 0.3542562 0.2133548 0.0237799 0.2946566 0.2225913 0.3760893 0.2947723 
n278_279   0.3314619 0.0774475 0.3690562 0.2833529 0.3422274 0.2685571 0.0738079 0.3479169 0.3422111 0.3476625 0.3313384 0.0000000 0.3423276 0.3699253 0.0811752 0.3425935 0.3588096 0.3981565 0.2881584 0.3480283 0.0700557 0.2685879 0.4022777 0.0236919 
n295_296   0.0556423 0.3100340 0.1611956 0.2366734 0.0169250 0.2557635 0.3102721 0.0629243 0.0629320 0.0203579 0.0592616 0.3423276 0.0000000 0.3496435 0.3254755 0.0203658 0.1083570 0.3544230 0.2366499 0.0629376 0.3048340 0.2509822 0.3707772 0.3101323 
n251_252   0.3496118 0.3360382 0.3881782 0.2796123 0.3548528 0.2845301 0.3310509 0.3606699 0.3551250 0.3604059 0.3494792 0.3699253 0.3496435 0.0000000 0.3412358 0.3605246 0.3554535 0.0447209 0.2846272 0.3550537 0.3254429 0.2895325 0.2555217 0.3420917 
n274_275   0.3151285 0.0271274 0.3407986 0.2633451 0.3253837 0.2781295 0.0237013 0.3154008 0.3151115 0.3306798 0.3150126 0.0811752 0.3254755 0.3412358 0.0000000 0.3257275 0.3258048 0.3682938 0.2680198 0.3206808 0.0202504 0.2781616 0.4013121 0.0626934 
n290_291   0.0556378 0.3102740 0.1611752 0.2317480 0.0033500 0.2506819 0.3105124 0.0629190 0.0629268 0.0067155 0.0592568 0.3425935 0.0203658 0.3605246 0.3257275 0.0000000 0.1083459 0.3544020 0.2317248 0.0629324 0.3050698 0.2459394 0.3765455 0.3103725 
n236_237   0.0965976 0.3156296 0.1737843 0.2554181 0.1044204 0.2701746 0.3158724 0.1043170 0.1004917 0.1083045 0.0965670 0.3588096 0.1083570 0.3554535 0.3258048 0.1083459 0.0000000 0.3602661 0.2553935 0.1043405 0.3103835 0.2652996 0.3879513 0.3208384 
n255_256   0.3543908 0.3629180 0.3993400 0.3046025 0.3487846 0.3046302 0.3577650 0.3488383 0.3599318 0.3542847 0.3542562 0.3981565 0.3544230 0.0447209 0.3682938 0.3544020 0.3602661 0.0000000 0.3097964 0.3433205 0.3519329 0.3097712 0.2849155 0.3692439 
n285_286   0.2134280 0.2584814 0.2550562 0.0100652 0.2270240 0.0925968 0.2539671 0.2225463 0.2179721 0.2316408 0.2133548 0.2881584 0.2366499 0.2846272 0.2680198 0.2317248 0.2553935 0.3097964 0.0000000 0.2226058 0.2489972 0.0964135 0.3357151 0.2538477 
n294_295   0.0203362 0.3053208 0.1609953 0.2226284 0.0592660 0.2413231 0.3055553 0.0067114 0.0272541 0.0629081 0.0237799 0.3480283 0.0629376 0.3550537 0.3206808 0.0629324 0.1043405 0.3433205 0.2226058 0.0000000 0.3001500 0.2366399 0.3877984 0.3105886 
n300_301   0.2947635 0.0066855 0.3201547 0.2444335 0.3047516 0.2588277 0.0033380 0.3000604 0.2947510 0.3098995 0.2946566 0.0700557 0.3048340 0.3254429 0.0202504 0.3050698 0.3103835 0.3519329 0.2489972 0.3001500 0.0000000 0.2588572 0.3785748 0.0518600 
n265_266   0.2226682 0.2637087 0.2649457 0.1002639 0.2411389 0.0100634 0.2639085 0.2365754 0.2319094 0.2458510 0.2225913 0.2685879 0.2509822 0.2895325 0.2781616 0.2459394 0.2652996 0.3097712 0.0964135 0.2366399 0.2588572 0.0000000 0.3305164 0.2445049 
n244_245   0.3762342 0.3843271 0.4109718 0.3303349 0.3764362 0.3358438 0.3846249 0.3876669 0.3877765 0.3821492 0.3760893 0.4022777 0.3707772 0.2555217 0.4013121 0.3765455 0.3879513 0.2849155 0.3357151 0.3877984 0.3785748 0.3305164 0.0000000 0.3786729 
n277_278   0.2948794 0.0590620 0.3413666 0.2492532 0.3100475 0.2444773 0.0555005 0.3104944 0.3050989 0.3152368 0.2947723 0.0236919 0.3101323 0.3420917 0.0626934 0.3103725 0.3208384 0.3692439 0.2538477 0.3105886 0.0518600 0.2445049 0.3786729 0.0000000 
