24
n298_299   0.0000000 0.3134711 0.1712398 0.3060453 0.0445818 0.2853901 0.3187659 0.0306295 0.0306320 0.0375631 0.0100725 0.3246507 0.0480877 0.3851609 0.3288218 0.0411003 0.1187939 0.3486285 0.3261720 0.0271481 0.2947262 0.0445760 0.4231675 0.3345484 
n280_281   0.3134711 0.0000000 0.2558425 0.2420789 0.3136996 0.2189069 0.0066965 0.3045299 0.3045901 0.3038132 0.3039981 0.0447127 0.3185070 0.3731976 0.0134493 0.3090430 0.3043127 0.3523164 0.2605274 0.2993861 0.2367894 0.3136565 0.3498509 0.0517809 
n200_201   0.1712398 0.2558425 0.0000000 0.2756591 0.1588549 0.2196376 0.2559514 0.1591410 0.1591612 0.1507384 0.1588893 0.2560634 0.1588755 0.3358926 0.2652524 0.1549265 0.1428743 0.3112762 0.2949725 0.1549442 0.2236991 0.1548714 0.3822901 0.2651802 
n286_287   0.3060453 0.2420789 0.2756591 0.0000000 0.3062645 0.1234395 0.2330171 0.3068552 0.3017997 0.2964066 0.3063148 0.2199871 0.3062133 0.3629753 0.2420524 0.2965381 0.3002029 0.3537787 0.0134261 0.3016653 0.1354025 0.3062222 0.3940681 0.2287309 
n287_288   0.0445818 0.3136996 0.1588549 0.3062645 0.0000000 0.2706202 0.3091807 0.0341235 0.0341263 0.0066902 0.0340734 0.3143774 0.0236749 0.3685209 0.3191288 0.0100644 0.1072171 0.3428996 0.3264128 0.0306228 0.2797889 0.0202589 0.4230452 0.3241531 
n266_267   0.2853901 0.2189069 0.2196376 0.1234395 0.2706202 0.0000000 0.2101268 0.2761338 0.2712888 0.2661561 0.2756595 0.2016310 0.2755671 0.3687313 0.2188851 0.2662708 0.2654444 0.3484858 0.1392904 0.2711713 0.0237105 0.2755726 0.3500048 0.2101611 
n292_293   0.3187659 0.0066965 0.2559514 0.2330171 0.3091807 0.2101268 0.0000000 0.3097747 0.3098371 0.2993371 0.3092307 0.0376726 0.3139675 0.3624548 0.0066965 0.3045397 0.2944992 0.3418413 0.2512540 0.3045901 0.2278102 0.3091383 0.3496511 0.0446843 
n293_294   0.0306295 0.3045299 0.1591410 0.3068552 0.0341235 0.2761338 0.3097747 0.0000000 0.0203215 0.0271842 0.0202904 0.3149831 0.0375951 0.3858212 0.3197435 0.0306727 0.1074062 0.3492208 0.3270475 0.0100722 0.2853811 0.0271344 0.4243814 0.3247790 
n275_276   0.0306320 0.3045901 0.1591612 0.3017997 0.0341263 0.2712888 0.3098371 0.0203215 0.0000000 0.0271864 0.0202919 0.3150475 0.0375982 0.3742049 0.3198106 0.0237182 0.1074176 0.3381420 0.3218629 0.0168863 0.2804843 0.0341220 0.4121608 0.3248470 
n289_290   0.0375631 0.3038132 0.1507384 0.2964066 0.0066902 0.2661561 0.2993371 0.0271842 0.0271864 0.0000000 0.0271445 0.3044668 0.0168406 0.3683476 0.3091653 0.0033408 0.0996148 0.3325634 0.3163066 0.0237181 0.2752856 0.0134502 0.4233160 0.3141306 
n297_298   0.0100725 0.3039981 0.1588893 0.3063148 0.0340734 0.2756595 0.3092307 0.0202904 0.0202919 0.0271445 0.0000000 0.3144275 0.0375397 0.3744041 0.3191790 0.0306278 0.1072417 0.3383231 0.3264632 0.0168605 0.2848883 0.0340691 0.4123784 0.3242033 
n278_279   0.3246507 0.0447127 0.2560634 0.2199871 0.3143774 0.2016310 0.0376726 0.3149831 0.3150475 0.3044668 0.3144275 0.0000000 0.3191953 0.3566266 0.0447113 0.3097097 0.3046701 0.3309697 0.2379497 0.3097617 0.2148888 0.3143344 0.3495509 0.0066901 
n295_296   0.0480877 0.3185070 0.1588755 0.3062133 0.0236749 0.2755671 0.3139675 0.0375951 0.0375982 0.0168406 0.0375397 0.3191953 0.0000000 0.3903185 0.3239704 0.0202679 0.1109839 0.3535887 0.3263563 0.0340787 0.2847927 0.0100685 0.4404365 0.3290216 
n251_252   0.3851609 0.3731976 0.3358926 0.3629753 0.3685209 0.3687313 0.3624548 0.3858212 0.3742049 0.3683476 0.3744041 0.3566266 0.3903185 0.0000000 0.3731319 0.3625996 0.3640276 0.0517514 0.3737225 0.3690212 0.3908869 0.3850016 0.3406030 0.3618983 
n274_275   0.3288218 0.0134493 0.2652524 0.2420524 0.3191288 0.2188851 0.0066965 0.3197435 0.3198106 0.3091653 0.3191790 0.0447113 0.3239704 0.3731319 0.0000000 0.3144390 0.2995858 0.3522583 0.2604966 0.3144922 0.2367639 0.3190850 0.3601063 0.0517792 
n290_291   0.0411003 0.3090430 0.1549265 0.2965381 0.0100644 0.2662708 0.3045397 0.0306727 0.0237182 0.0033408 0.0306278 0.3097097 0.0202679 0.3625996 0.3144390 0.0000000 0.1034985 0.3270865 0.3164492 0.0271864 0.2754050 0.0168618 0.4171112 0.3194395 
n236_237   0.1187939 0.3043127 0.1428743 0.3002029 0.1072171 0.2654444 0.2944992 0.1074062 0.1074176 0.0996148 0.1072417 0.3046701 0.1109839 0.3640276 0.2995858 0.1034985 0.0000000 0.3277035 0.3201380 0.1035087 0.2745468 0.1072029 0.3996435 0.3143402 
n255_256   0.3486285 0.3523164 0.3112762 0.3537787 0.3428996 0.3484858 0.3418413 0.3492208 0.3381420 0.3325634 0.3383231 0.3309697 0.3535887 0.0517514 0.3522583 0.3270865 0.3277035 0.0000000 0.3644351 0.3437158 0.3701041 0.3484871 0.3359883 0.3360809 
n285_286   0.3261720 0.2605274 0.2949725 0.0134261 0.3264128 0.1392904 0.2512540 0.3270475 0.3218629 0.3163066 0.3264632 0.2379497 0.3263563 0.3737225 0.2604966 0.3164492 0.3201380 0.3644351 0.0000000 0.3217171 0.1515057 0.3263679 0.4052124 0.2468797 
n294_295   0.0271481 0.2993861 0.1549442 0.3016653 0.0306228 0.2711713 0.3045901 0.0100722 0.0168863 0.0237181 0.0168605 0.3097617 0.0340787 0.3690212 0.3144922 0.0271864 0.1035087 0.3437158 0.3217171 0.0000000 0.2803620 0.0236747 0.4067470 0.3194942 
n265_266   0.2947262 0.2367894 0.2236991 0.1354025 0.2797889 0.0237105 0.2278102 0.2853811 0.2804843 0.2752856 0.2848883 0.2148888 0.2847927 0.3908869 0.2367639 0.2754050 0.2745468 0.3701041 0.1515057 0.2803620 0.0000000 0.2847991 0.3601651 0.2235589 
n296_297   0.0445760 0.3136565 0.1548714 0.3062222 0.0202589 0.2755726 0.3091383 0.0271344 0.0341220 0.0134502 0.0340691 0.3143344 0.0100685 0.3850016 0.3190850 0.0168618 0.1072029 0.3484871 0.3263679 0.0236747 0.2847991 0.0000000 0.4348034 0.3241087 
n244_245   0.4231675 0.3498509 0.3822901 0.3940681 0.4230452 0.3500048 0.3496511 0.4243814 0.4121608 0.4233160 0.4123784 0.3495509 0.4404365 0.3406030 0.3601063 0.4171112 0.3996435 0.3359883 0.4052124 0.4067470 0.3601651 0.4348034 0.0000000 0.3597292 
n277_278   0.3345484 0.0517809 0.2651802 0.2287309 0.3241531 0.2101611 0.0446843 0.3247790 0.3248470 0.3141306 0.3242033 0.0066901 0.3290216 0.3618983 0.0517792 0.3194395 0.3143402 0.3360809 0.2468797 0.3194942 0.2235589 0.3241087 0.3597292 0.0000000 
