25
n289_290   0.0000000 0.0271403 0.0168188 0.2465180 0.2515134 0.0271056 0.0033362 0.2564203 0.4491605 0.0306194 0.2661023 0.0202423 0.2469033 0.4481566 0.2377319 0.0066872 0.1346201 0.2287355 0.0807483 0.2514883 0.3008496 0.0271278 0.4543009 0.2561601 0.3009132 
n294_295   0.0271403 0.0000000 0.0375402 0.2558327 0.2514488 0.0134373 0.0236884 0.2563542 0.4440249 0.0033420 0.2756855 0.0410767 0.2468408 0.4546874 0.2376744 0.0271346 0.1467226 0.2286818 0.0845251 0.2514248 0.3108942 0.0134483 0.4491448 0.2560945 0.3109592 
n295_296   0.0168188 0.0375402 0.0000000 0.2463312 0.2513215 0.0374917 0.0134218 0.2562244 0.4371978 0.0410701 0.2658975 0.0033368 0.2467154 0.4362236 0.2375518 0.0168152 0.1305693 0.2285638 0.0844142 0.2512975 0.3006125 0.0375226 0.4422755 0.2559652 0.3006760 
n266_267   0.2465180 0.2558327 0.2463312 0.0000000 0.2649438 0.2554478 0.2418397 0.2839955 0.4991352 0.2606867 0.0375707 0.2511701 0.2602650 0.4243193 0.2559745 0.2419675 0.2788986 0.2513959 0.2553385 0.2649180 0.1720463 0.2556810 0.4919435 0.2696614 0.1720863 
n299_300   0.2515134 0.2514488 0.2513215 0.2649438 0.0000000 0.2510724 0.2467981 0.0202833 0.3967203 0.2562763 0.2842531 0.2562004 0.0033448 0.3897121 0.0663808 0.2469300 0.2707429 0.0627191 0.2652657 0.0067032 0.3112507 0.2513007 0.3957421 0.0100773 0.3065159 
n298_299   0.0271056 0.0134373 0.0374917 0.2554478 0.2510724 0.0000000 0.0236582 0.2559677 0.4314858 0.0168436 0.2752641 0.0410236 0.2464725 0.4302537 0.2373210 0.0270998 0.1465179 0.2283435 0.0844122 0.2510484 0.3104067 0.0134312 0.4365335 0.2557098 0.3104716 
n290_291   0.0033362 0.0236884 0.0134218 0.2418397 0.2467981 0.0236582 0.0000000 0.2516704 0.4429816 0.0271489 0.2612849 0.0168268 0.2422169 0.4419935 0.2331044 0.0033354 0.1306144 0.2241624 0.0770330 0.2467747 0.2957922 0.0236775 0.4480878 0.2514166 0.2958550 
n274_275   0.2564203 0.2563542 0.2562244 0.2839955 0.0202833 0.2559677 0.2516704 0.0000000 0.4141570 0.2612186 0.3038011 0.2611419 0.0168667 0.4123439 0.0810940 0.2518045 0.2804125 0.0773580 0.2702678 0.0134699 0.3265920 0.2562019 0.4131236 0.0237157 0.3267735 
n251_252   0.4491605 0.4440249 0.4371978 0.4991352 0.3967203 0.4314858 0.4429816 0.4141570 0.0000000 0.4503767 0.5064889 0.4435956 0.3911476 0.2957042 0.3924945 0.4432454 0.4622039 0.3972737 0.4623848 0.3914409 0.4955105 0.4437052 0.0376648 0.4023424 0.4896056 
n293_294   0.0306194 0.0033420 0.0410701 0.2606867 0.2562763 0.0168436 0.0271489 0.2612186 0.4503767 0.0000000 0.2806909 0.0446275 0.2516376 0.4611200 0.2424086 0.0306129 0.1508692 0.2333580 0.0883108 0.2562516 0.3161610 0.0168573 0.4555329 0.2609531 0.3162268 
n265_266   0.2661023 0.2756855 0.2658975 0.0375707 0.2842531 0.2752641 0.2612849 0.3038011 0.5064889 0.2806909 0.0000000 0.2708894 0.2794557 0.4303989 0.2750783 0.2614250 0.2947283 0.2703897 0.2701050 0.2842247 0.1891213 0.2755181 0.4992132 0.2890910 0.1891648 
n296_297   0.0202423 0.0410767 0.0033368 0.2511701 0.2562004 0.0410236 0.0168268 0.2611419 0.4435956 0.0446275 0.2708894 0.0000000 0.2515624 0.4426048 0.2423348 0.0202380 0.1346411 0.2332857 0.0882098 0.2561757 0.3058693 0.0410574 0.4487105 0.2562004 0.3059336 
n300_301   0.2469033 0.2468408 0.2467154 0.2602650 0.0033448 0.2464725 0.2422169 0.0168667 0.3911476 0.2516376 0.2794557 0.2515624 0.0000000 0.3894516 0.0627460 0.2423462 0.2705737 0.0591023 0.2605787 0.0033446 0.3062570 0.2466961 0.3901864 0.0067041 0.3015487 
n244_245   0.4481566 0.4546874 0.4362236 0.4243193 0.3897121 0.4302537 0.4419935 0.4123439 0.2957042 0.4611200 0.4303989 0.4426048 0.3894516 0.0000000 0.3848879 0.4422561 0.4373623 0.3955456 0.4367434 0.3897426 0.4151859 0.4543573 0.2901301 0.4005907 0.4098238 
n278_279   0.2377319 0.2376744 0.2375518 0.2559745 0.0663808 0.2373210 0.2331044 0.0810940 0.3924945 0.2424086 0.2750783 0.2423348 0.0627460 0.3848879 0.0000000 0.2332273 0.2612413 0.0168701 0.2558056 0.0663754 0.2961651 0.2327662 0.3915268 0.0700357 0.2915133 
n287_288   0.0066872 0.0271346 0.0168152 0.2419675 0.2469300 0.0270998 0.0033354 0.2518045 0.4432454 0.0306129 0.2614250 0.0202380 0.2423462 0.4422561 0.2332273 0.0000000 0.1345919 0.2242802 0.0733850 0.2469065 0.2959541 0.0271220 0.4483551 0.2515511 0.2960169 
n200_201   0.1346201 0.1467226 0.1305693 0.2788986 0.2707429 0.1465179 0.1306144 0.2804125 0.4622039 0.1508692 0.2947283 0.1346411 0.2705737 0.4373623 0.2612413 0.1345919 0.0000000 0.2609164 0.1468084 0.2753005 0.3209397 0.1466450 0.4674232 0.2801217 0.3210061 
n277_278   0.2287355 0.2286818 0.2285638 0.2513959 0.0627191 0.2283435 0.2241624 0.0773580 0.3972737 0.2333580 0.2703897 0.2332857 0.0591023 0.3955456 0.0168701 0.2242802 0.2609164 0.0000000 0.2466147 0.0627140 0.2960431 0.2238402 0.3962929 0.0663556 0.2913933 
n236_237   0.0807483 0.0845251 0.0844142 0.2553385 0.2652657 0.0844122 0.0770330 0.2702678 0.4623848 0.0883108 0.2701050 0.0882098 0.2605787 0.4367434 0.2558056 0.0733850 0.1468084 0.2466147 0.0000000 0.2652398 0.3003088 0.0844833 0.4550959 0.2699914 0.3003722 
n280_281   0.2514883 0.2514248 0.2512975 0.2649180 0.0067032 0.2510484 0.2467747 0.0134699 0.3914409 0.2562516 0.2842247 0.2561757 0.0033446 0.3897426 0.0663754 0.2469065 0.2753005 0.0627140 0.2652398 0.0000000 0.3112182 0.2512767 0.3904783 0.0100765 0.3064841 
n285_286   0.3008496 0.3108942 0.3006125 0.1720463 0.3112507 0.3104067 0.2957922 0.3265920 0.4955105 0.3161610 0.1891213 0.3058693 0.3062570 0.4151859 0.2961651 0.2959541 0.3209397 0.2960431 0.3003088 0.3112182 0.0000000 0.3106983 0.4883324 0.3162875 0.0067067 
n275_276   0.0271278 0.0134483 0.0375226 0.2556810 0.2513007 0.0134312 0.0236775 0.2562019 0.4437052 0.0168573 0.2755181 0.0410574 0.2466961 0.4543573 0.2327662 0.0271220 0.1466450 0.2238402 0.0844833 0.2512767 0.3106983 0.0000000 0.4488202 0.2559429 0.3107633 
n255_256   0.4543009 0.4491448 0.4422755 0.4919435 0.3957421 0.4365335 0.4480878 0.4131236 0.0376648 0.4555329 0.4992132 0.4487105 0.3901864 0.2901301 0.3915268 0.4483551 0.4674232 0.3962929 0.4550959 0.3904783 0.4883324 0.4488202 0.0000000 0.4013469 0.4824840 
n292_293   0.2561601 0.2560945 0.2559652 0.2696614 0.0100773 0.2557098 0.2514166 0.0237157 0.4023424 0.2609531 0.2890910 0.2562004 0.0067041 0.4005907 0.0700357 0.2515511 0.2801217 0.0663556 0.2699914 0.0100765 0.3162875 0.2559429 0.4013469 0.0000000 0.3115258 
n286_287   0.3009132 0.3109592 0.3006760 0.1720863 0.3065159 0.3104716 0.2958550 0.3267735 0.4896056 0.3162268 0.1891648 0.3059336 0.3015487 0.4098238 0.2915133 0.2960169 0.3210061 0.2913933 0.3003722 0.3064841 0.0067067 0.3107633 0.4824840 0.3115258 0.0000000 
