23
n289_290   0.0000000 0.0411652 0.0134660 0.2949559 0.2707055 0.0376584 0.0100736 0.2518543 0.3150023 0.0306592 0.2951407 0.0168696 0.3314243 0.2515093 0.0067004 0.1510866 0.2424176 0.0554185 0.2517697 0.3307695 0.3202326 0.2611812 0.3256311 
n294_295   0.0411652 0.0000000 0.0482719 0.3048750 0.2852347 0.0237183 0.0447045 0.2660230 0.3356356 0.0100673 0.3050672 0.0482578 0.3525165 0.2656542 0.0411683 0.1634406 0.2564008 0.0699283 0.2659329 0.3465313 0.3306370 0.2755252 0.3412850 
n295_296   0.0134660 0.0482719 0.0000000 0.3050720 0.2804913 0.0447325 0.0168724 0.2613908 0.3203031 0.0376621 0.3052644 0.0033408 0.3474203 0.2610298 0.0134670 0.1593686 0.2518261 0.0626700 0.2613025 0.3414069 0.3255738 0.2708390 0.3361940 
n266_267   0.2949559 0.3048750 0.3050720 0.0000000 0.2897940 0.3050687 0.2999436 0.2705032 0.3630848 0.2899715 0.0168368 0.3049674 0.4312820 0.2607187 0.2949731 0.3897150 0.2515276 0.3097428 0.2752786 0.2058471 0.3744423 0.2849851 0.2014989 
n299_300   0.2707055 0.2852347 0.2804913 0.2897940 0.0000000 0.2755829 0.2706632 0.0237119 0.3100976 0.2707065 0.2900298 0.2853546 0.3107172 0.0698167 0.2707219 0.3403967 0.0589390 0.2754686 0.0168519 0.3047443 0.3257712 0.0066965 0.2997851 
n298_299   0.0376584 0.0237183 0.0447325 0.3050687 0.2755829 0.0000000 0.0411819 0.2566088 0.3358949 0.0134609 0.3052611 0.0482838 0.3473311 0.2516546 0.0376613 0.1593503 0.2425573 0.0662927 0.2565224 0.3413475 0.3360420 0.2659955 0.3361362 
n290_291   0.0100736 0.0447045 0.0168724 0.2999436 0.2706632 0.0411819 0.0000000 0.2518164 0.3201259 0.0341481 0.3001321 0.0202917 0.3472235 0.2514706 0.0100743 0.1551947 0.2423817 0.0590281 0.2517318 0.3309490 0.3253929 0.2611411 0.3258075 
n274_275   0.2518543 0.2660230 0.2613908 0.2705032 0.0237119 0.2566088 0.2518164 0.0000000 0.3051869 0.2518552 0.2707198 0.2661327 0.3158558 0.0553485 0.2518699 0.3197795 0.0446683 0.2565035 0.0066981 0.2850500 0.3207579 0.0168606 0.2802167 
n251_252   0.3150023 0.3356356 0.3203031 0.3630848 0.3100976 0.3358949 0.3201259 0.3051869 0.0000000 0.3201109 0.3740919 0.3203313 0.2616688 0.3200091 0.3150202 0.3787825 0.2999866 0.3303517 0.3050814 0.3912299 0.0482877 0.3051569 0.3856515 
n293_294   0.0306592 0.0100673 0.0376621 0.2899715 0.2707065 0.0134609 0.0341481 0.2518552 0.3201109 0.0000000 0.2901527 0.0376511 0.3419030 0.2515102 0.0306615 0.1510873 0.2424185 0.0590126 0.2517706 0.3307704 0.3255409 0.2611821 0.3256321 
n265_266   0.2951407 0.3050672 0.3052644 0.0168368 0.2900298 0.3052611 0.3001321 0.2707198 0.3740919 0.2901527 0.0000000 0.3051597 0.4314799 0.2609260 0.2951579 0.3898849 0.2517258 0.3048726 0.2754999 0.1971165 0.3856290 0.2852162 0.1928178 
n296_297   0.0168696 0.0482578 0.0033408 0.3049674 0.2853546 0.0482838 0.0202917 0.2661327 0.3203313 0.0376511 0.3051597 0.0000000 0.3527503 0.2657636 0.0168709 0.1635015 0.2565055 0.0663064 0.2660426 0.3466867 0.3307402 0.2756399 0.3414373 
n244_245   0.3314243 0.3525165 0.3474203 0.4312820 0.3107172 0.3473311 0.3472235 0.3158558 0.2616688 0.3419030 0.4314799 0.3527503 0.0000000 0.3416027 0.3419207 0.3737800 0.3259764 0.3366049 0.3157459 0.4080156 0.2713929 0.3006576 0.4023185 
n278_279   0.2515093 0.2656542 0.2610298 0.2607187 0.0698167 0.2516546 0.2514706 0.0553485 0.3200091 0.2515102 0.2609260 0.2657636 0.3416027 0.0000000 0.2515249 0.3348501 0.0168610 0.2608282 0.0553319 0.2944962 0.3358885 0.0661847 0.2896077 
n287_288   0.0067004 0.0411683 0.0134670 0.2949731 0.2707219 0.0376613 0.0100743 0.2518699 0.3150202 0.0306615 0.2951579 0.0168709 0.3419207 0.2515249 0.0000000 0.1510970 0.2424327 0.0554227 0.2517852 0.3307878 0.3202506 0.2611971 0.3256494 
n200_201   0.1510866 0.1634406 0.1593686 0.3897150 0.3403967 0.1593503 0.1551947 0.3197795 0.3787825 0.1510873 0.3898849 0.1635015 0.3737800 0.3348501 0.1510970 0.0000000 0.3247755 0.1510332 0.3196677 0.3673679 0.3736113 0.3299642 0.3619832 
n277_278   0.2424176 0.2564008 0.2518261 0.2515276 0.0589390 0.2425573 0.2423817 0.0446683 0.2999866 0.2424185 0.2517258 0.2565055 0.3259764 0.0168610 0.2424327 0.3247755 0.0000000 0.2516334 0.0446550 0.2799373 0.3154372 0.0553554 0.2751393 
n236_237   0.0554185 0.0699283 0.0626700 0.3097428 0.2754686 0.0662927 0.0590281 0.2565035 0.3303517 0.0590126 0.3048726 0.0663064 0.3366049 0.2608282 0.0554227 0.1510332 0.2516334 0.0000000 0.2564171 0.3305360 0.3356912 0.2658858 0.3254025 
n280_281   0.2517697 0.2659329 0.2613025 0.2752786 0.0168519 0.2565224 0.2517318 0.0066981 0.3050814 0.2517706 0.2754999 0.2660426 0.3157459 0.0553319 0.2517852 0.3196677 0.0446550 0.2564171 0.0000000 0.2849526 0.3206460 0.0100659 0.2801212 
n285_286   0.3307695 0.3465313 0.3414069 0.2058471 0.3047443 0.3413475 0.3309490 0.2850500 0.3912299 0.3307704 0.1971165 0.3466867 0.4080156 0.2944962 0.3307878 0.3673679 0.2799373 0.3305360 0.2849526 0.0000000 0.4203737 0.2947866 0.0066872 
n255_256   0.3202326 0.3306370 0.3255738 0.3744423 0.3257712 0.3360420 0.3253929 0.3207579 0.0482877 0.3255409 0.3856290 0.3307402 0.2713929 0.3358885 0.3202506 0.3736113 0.3154372 0.3356912 0.3206460 0.4203737 0.0000000 0.3207268 0.4145731 
n292_293   0.2611812 0.2755252 0.2708390 0.2849851 0.0066965 0.2659955 0.2611411 0.0168606 0.3051569 0.2611821 0.2852162 0.2756399 0.3006576 0.0661847 0.2611971 0.3299642 0.0553554 0.2658858 0.0100659 0.2947866 0.3207268 0.0000000 0.2898922 
n286_287   0.3256311 0.3412850 0.3361940 0.2014989 0.2997851 0.3361362 0.3258075 0.2802167 0.3856515 0.3256321 0.1928178 0.3414373 0.4023185 0.2896077 0.3256494 0.3619832 0.2751393 0.3254025 0.2801212 0.0066872 0.4145731 0.2898922 0.0000000 
