24
n298_299   0.0000000 0.3266140 0.1981254 0.3797873 0.0700094 0.3269983 0.3423474 0.0306438 0.0271855 0.0737017 0.3221468 0.0663856 0.4515412 0.3267881 0.0700119 0.1513257 0.4510154 0.3855621 0.0271774 0.3369861 0.3429178 0.3422284 0.4452863 0.3324552 
n280_281   0.3266140 0.0000000 0.2961527 0.2608663 0.3217468 0.2614926 0.0168317 0.3162396 0.3216362 0.3270081 0.0481994 0.3168196 0.3643875 0.0066865 0.3217710 0.3313967 0.3805987 0.2657375 0.3215218 0.0134324 0.2569272 0.0168275 0.3211939 0.0341123 
n200_201   0.1981254 0.2961527 0.0000000 0.3469248 0.1807145 0.2960837 0.3113323 0.1980453 0.1937737 0.1936784 0.2867043 0.1851299 0.3984154 0.2913454 0.1893242 0.2066027 0.3809059 0.3524353 0.1937101 0.3061943 0.3062608 0.3112273 0.3805752 0.2916083 
n286_287   0.3797873 0.2608663 0.3469248 0.0000000 0.3525879 0.1758374 0.2752788 0.3741266 0.3687941 0.3580716 0.2613629 0.3474785 0.3692547 0.2562827 0.3526163 0.3468177 0.3742878 0.0168213 0.3686590 0.2704068 0.1633148 0.2751894 0.3469921 0.2566261 
n287_288   0.0700094 0.3217468 0.1807145 0.3525879 0.0000000 0.3115680 0.3321443 0.0663317 0.0627119 0.0100885 0.3069628 0.0168986 0.4393925 0.3167801 0.0067096 0.1431464 0.4326658 0.3581471 0.0626929 0.3268542 0.3219783 0.3268715 0.4094296 0.3170691 
n266_267   0.3269983 0.2614926 0.2960837 0.1758374 0.3115680 0.0000000 0.2663813 0.3268941 0.3218620 0.3065783 0.2478683 0.3067019 0.3535636 0.2568960 0.3115910 0.3114410 0.3585132 0.1801483 0.3217475 0.2663580 0.0411578 0.2711252 0.3158950 0.2524528 
n292_293   0.3423474 0.0168317 0.3113323 0.2752788 0.3321443 0.2663813 0.0000000 0.3317508 0.3372709 0.3321826 0.0589609 0.3271535 0.3699815 0.0168343 0.3321699 0.3208472 0.3863151 0.2754844 0.3371498 0.0033364 0.2617868 0.0066873 0.3316038 0.0446691 
n293_294   0.0306438 0.3162396 0.1980453 0.3741266 0.0663317 0.3268941 0.3317508 0.0000000 0.0168689 0.0626947 0.3219998 0.0627247 0.4452758 0.3164072 0.0590615 0.1554324 0.4447602 0.3854890 0.0100716 0.3264680 0.3375256 0.3316367 0.4389018 0.3166956 
n275_276   0.0271855 0.3216362 0.1937737 0.3687941 0.0627119 0.3218620 0.3372709 0.0168689 0.0000000 0.0590909 0.3169946 0.0591191 0.4394219 0.3218072 0.0554744 0.1513874 0.4389155 0.3800765 0.0134651 0.3319445 0.3324232 0.3371542 0.4392297 0.3221014 
n289_290   0.0737017 0.3270081 0.1936784 0.3580716 0.0100885 0.3065783 0.3321826 0.0626947 0.0590909 0.0000000 0.3121235 0.0203281 0.4335077 0.3220073 0.0033475 0.1431576 0.4268389 0.3636754 0.0590730 0.3321522 0.3169194 0.3321699 0.4154453 0.3223019 
n278_279   0.3221468 0.0481994 0.2867043 0.2613629 0.3069628 0.2478683 0.0589609 0.3219998 0.3169946 0.3121235 0.0000000 0.3071205 0.3593609 0.0446713 0.3069852 0.3216086 0.3754777 0.2662439 0.3168822 0.0553500 0.2526237 0.0517554 0.3164255 0.0237173 
n295_296   0.0663856 0.3168196 0.1851299 0.3474785 0.0168986 0.3067019 0.3271535 0.0627247 0.0591191 0.0203281 0.3071205 0.0000000 0.4275715 0.3118807 0.0168991 0.1391934 0.4270168 0.3530007 0.0591012 0.3218968 0.3170475 0.3270413 0.4099198 0.3121649 
n251_252   0.4515412 0.3643875 0.3984154 0.3692547 0.4393925 0.3535636 0.3699815 0.4452758 0.4394219 0.4335077 0.3593609 0.4275715 0.0000000 0.3591473 0.4394348 0.4211541 0.0410757 0.3749500 0.4392521 0.3699468 0.3593251 0.3754308 0.2620320 0.3486963 
n274_275   0.3267881 0.0066865 0.2913454 0.2562827 0.3167801 0.2568960 0.0168343 0.3164072 0.3218072 0.3220073 0.0446713 0.3118807 0.3591473 0.0000000 0.3168037 0.3263782 0.3752550 0.2611235 0.3216927 0.0134344 0.2523541 0.0168300 0.3162376 0.0306436 
n290_291   0.0700119 0.3217710 0.1893242 0.3526163 0.0067096 0.3115910 0.3321699 0.0590615 0.0554744 0.0033475 0.3069852 0.0168991 0.4394348 0.3168037 0.0000000 0.1431530 0.4327068 0.3581763 0.0554577 0.3268791 0.3220026 0.3268964 0.4212295 0.3170928 
n236_237   0.1513257 0.3313967 0.2066027 0.3468177 0.1431464 0.3114410 0.3208472 0.1554324 0.1513874 0.1431576 0.3216086 0.1391934 0.4211541 0.3263782 0.1431530 0.0000000 0.4265019 0.3470398 0.1513390 0.3260789 0.3271069 0.3312401 0.4146238 0.3268314 
n255_256   0.4510154 0.3805987 0.3809059 0.3742878 0.4326658 0.3585132 0.3863151 0.4447602 0.4389155 0.4268389 0.3754777 0.4270168 0.0410757 0.3752550 0.4327068 0.4265019 0.0000000 0.3800178 0.4387461 0.3862785 0.3643109 0.3918786 0.2665465 0.3589811 
n285_286   0.3855621 0.2657375 0.3524353 0.0168213 0.3581471 0.1801483 0.2754844 0.3854890 0.3800765 0.3636754 0.2662439 0.3530007 0.3749500 0.2611235 0.3581763 0.3470398 0.3800178 0.0000000 0.3799361 0.2706081 0.1675496 0.2753949 0.3578389 0.2614743 
n294_295   0.0271774 0.3215218 0.1937101 0.3686590 0.0626929 0.3217475 0.3371498 0.0100716 0.0134651 0.0590730 0.3168822 0.0591012 0.4392521 0.3216927 0.0554577 0.1513390 0.4387461 0.3799361 0.0000000 0.3318257 0.3323041 0.3370332 0.4329327 0.3219868 
n300_301   0.3369861 0.0134324 0.3061943 0.2704068 0.3268542 0.2663580 0.0033364 0.3264680 0.3319445 0.3321522 0.0553500 0.3218968 0.3699468 0.0134344 0.3268791 0.3260789 0.3862785 0.2706081 0.3318257 0.0000000 0.2617640 0.0033355 0.3315735 0.0411286 
n265_266   0.3429178 0.2569272 0.3062608 0.1633148 0.3219783 0.0411578 0.2617868 0.3375256 0.3324232 0.3169194 0.2526237 0.3170475 0.3593251 0.2523541 0.3220026 0.3271069 0.3643109 0.1675496 0.3323041 0.2617640 0.0000000 0.2665048 0.3112094 0.2479318 
n299_300   0.3422284 0.0168275 0.3112273 0.2751894 0.3268715 0.2711252 0.0066873 0.3316367 0.3371542 0.3321699 0.0517554 0.3270413 0.3754308 0.0168300 0.3268964 0.3312401 0.3918786 0.2753949 0.3370332 0.0033355 0.2665048 0.0000000 0.3367752 0.0446575 
n244_245   0.4452863 0.3211939 0.3805752 0.3469921 0.4094296 0.3158950 0.3316038 0.4389018 0.4392297 0.4154453 0.3164255 0.4099198 0.2620320 0.3162376 0.4212295 0.4146238 0.2665465 0.3578389 0.4329327 0.3315735 0.3112094 0.3367752 0.0000000 0.3063584 
n277_278   0.3324552 0.0341123 0.2916083 0.2566261 0.3170691 0.2524528 0.0446691 0.3166956 0.3221014 0.3223019 0.0237173 0.3121649 0.3486963 0.0306436 0.3170928 0.3268314 0.3589811 0.2614743 0.3219868 0.0411286 0.2479318 0.0446575 0.3063584 0.0000000 
