24
n298_299   0.0000000 0.2789271 0.1391502 0.2359672 0.0482523 0.2928075 0.2789739 0.0306396 0.0237127 0.0482503 0.0033408 0.2932365 0.0482746 0.3935632 0.2887934 0.0446859 0.0812141 0.4222483 0.2498170 0.0271534 0.2829223 0.2942755 0.3734817 0.3035419 
n280_281   0.2789271 0.0000000 0.2838619 0.2219297 0.2595594 0.2691876 0.0067097 0.2739758 0.2591230 0.2498454 0.2738583 0.0667778 0.2546390 0.4001090 0.0134805 0.2597447 0.2553006 0.4168465 0.2264296 0.2689009 0.2597804 0.0169112 0.3491107 0.0741276 
n200_201   0.1391502 0.2838619 0.0000000 0.2446151 0.1308421 0.2873305 0.2839098 0.1430892 0.1349896 0.1308364 0.1350444 0.2934082 0.1268093 0.3904086 0.2937990 0.1309323 0.1354597 0.4188353 0.2492466 0.1309966 0.2779574 0.2993296 0.3775281 0.3140386 
n286_287   0.2359672 0.2219297 0.2446151 0.0000000 0.2310709 0.1117404 0.2219628 0.2268757 0.2220650 0.2310599 0.2312015 0.2645072 0.2311794 0.3762300 0.2358539 0.2264117 0.2364699 0.4042590 0.0100653 0.2265289 0.1000944 0.2263634 0.3780987 0.2697664 
n287_288   0.0482523 0.2595594 0.1308421 0.2310709 0.0000000 0.2777977 0.2596024 0.0446825 0.0376179 0.0066880 0.0446711 0.2735280 0.0271408 0.3823496 0.2691779 0.0066928 0.0663089 0.4106445 0.2356256 0.0411197 0.2681104 0.2744890 0.3784477 0.2835572 
n266_267   0.2928075 0.2691876 0.2873305 0.1117404 0.2777977 0.0000000 0.2641939 0.2735431 0.2778284 0.2777839 0.2876510 0.2986748 0.2681298 0.3971249 0.2789305 0.2779963 0.2836532 0.4258475 0.1040627 0.2731158 0.0340890 0.2638054 0.4304225 0.3090749 
n292_293   0.2789739 0.0067097 0.2839098 0.2219628 0.2596024 0.2641939 0.0000000 0.2740217 0.2591659 0.2498866 0.2739042 0.0667876 0.2546811 0.3940441 0.0134824 0.2597879 0.2553429 0.4106448 0.2264635 0.2689457 0.2548507 0.0100989 0.3491727 0.0741385 
n293_294   0.0306396 0.2739758 0.1430892 0.2268757 0.0446825 0.2735431 0.2740217 0.0000000 0.0202704 0.0446807 0.0271547 0.2881975 0.0447032 0.3877937 0.2837783 0.0411355 0.0774635 0.4162720 0.2405685 0.0100632 0.2638966 0.2892164 0.3899145 0.2984320 
n275_276   0.0237127 0.2591230 0.1349896 0.2220650 0.0376179 0.2778284 0.2591659 0.0202704 0.0000000 0.0376163 0.0202655 0.2730634 0.0376353 0.3823570 0.2687219 0.0341077 0.0663238 0.4106403 0.2356588 0.0168418 0.2681420 0.2740212 0.3784564 0.2830712 
n289_290   0.0482503 0.2498454 0.1308364 0.2310599 0.0066880 0.2777839 0.2498866 0.0446807 0.0376163 0.0000000 0.0446692 0.2636351 0.0271398 0.3823286 0.2593339 0.0066925 0.0663062 0.4106214 0.2356143 0.0411181 0.2680972 0.2645566 0.3784271 0.2735196 
n297_298   0.0033408 0.2738583 0.1350444 0.2312015 0.0446711 0.2876510 0.2739042 0.0271547 0.0202655 0.0446692 0.0000000 0.2880703 0.0446917 0.3875747 0.2836542 0.0411250 0.0774410 0.4160244 0.2449583 0.0236893 0.2778378 0.2890882 0.3676932 0.2982975 
n278_279   0.2932365 0.0667778 0.2934082 0.2645072 0.2735280 0.2986748 0.0667876 0.2881975 0.2730634 0.2636351 0.2880703 0.0000000 0.2685140 0.4295861 0.0741773 0.2737237 0.2692148 0.4469665 0.2692761 0.2830217 0.2889125 0.0780087 0.3874179 0.0202959 
n295_296   0.0482746 0.2546390 0.1268093 0.2311794 0.0271408 0.2681298 0.2546811 0.0447032 0.0376353 0.0271398 0.0446917 0.2685140 0.0000000 0.3764527 0.2641896 0.0271594 0.0663395 0.4045116 0.2357363 0.0411388 0.2682365 0.2694548 0.3732375 0.2784677 
n251_252   0.3935632 0.4001090 0.3904086 0.3762300 0.3823496 0.3971249 0.3940441 0.3877937 0.3823570 0.3823286 0.3875747 0.4295861 0.3764527 0.0000000 0.4117698 0.3826328 0.3770673 0.0306012 0.3817855 0.3878819 0.3912042 0.4122032 0.3929895 0.4421270 
n274_275   0.2887934 0.0134805 0.2937990 0.2358539 0.2691779 0.2789305 0.0134824 0.2837783 0.2687219 0.2593339 0.2836542 0.0741773 0.2641896 0.4117698 0.0000000 0.2693705 0.2648787 0.4287481 0.2404393 0.2786306 0.2694089 0.0237880 0.3600073 0.0815976 
n290_291   0.0446859 0.2597447 0.1309323 0.2264117 0.0066928 0.2779963 0.2597879 0.0411355 0.0341077 0.0066925 0.0411250 0.2737237 0.0271594 0.3826328 0.2693705 0.0000000 0.0663542 0.4109508 0.2357929 0.0375933 0.2683016 0.2746859 0.3787254 0.2837606 
n236_237   0.0812141 0.2553006 0.1354597 0.2364699 0.0663089 0.2836532 0.2553429 0.0774635 0.0663238 0.0663062 0.0774410 0.2692148 0.0663395 0.3770673 0.2648787 0.0663542 0.0000000 0.4051730 0.2410685 0.0737085 0.2738672 0.2650316 0.3682026 0.2791978 
n255_256   0.4222483 0.4168465 0.4188353 0.4042590 0.4106445 0.4258475 0.4106448 0.4162720 0.4106403 0.4106214 0.4160244 0.4469665 0.4045116 0.0306012 0.4287481 0.4109508 0.4051730 0.0000000 0.4100195 0.4163654 0.4196901 0.4292109 0.4103244 0.4597892 
n285_286   0.2498170 0.2264296 0.2492466 0.0100653 0.2356256 0.1040627 0.2264635 0.2405685 0.2356588 0.2356143 0.2449583 0.2692761 0.2357363 0.3817855 0.2404393 0.2357929 0.2410685 0.4100195 0.0000000 0.2401984 0.0962910 0.2308880 0.3782062 0.2745734 
n294_295   0.0271534 0.2689009 0.1309966 0.2265289 0.0411197 0.2731158 0.2689457 0.0100632 0.0168418 0.0411181 0.0236893 0.2830217 0.0411388 0.3878819 0.2786306 0.0375933 0.0737085 0.4163654 0.2401984 0.0000000 0.2634863 0.2840194 0.3839093 0.2931754 
n265_266   0.2829223 0.2597804 0.2779574 0.1000944 0.2681104 0.0340890 0.2548507 0.2638966 0.2681420 0.2680972 0.2778378 0.2889125 0.2682365 0.3912042 0.2694089 0.2683016 0.2738672 0.4196901 0.0962910 0.2634863 0.0000000 0.2544771 0.4186460 0.2991792 
n299_300   0.2942755 0.0169112 0.2993296 0.2263634 0.2744890 0.2638054 0.0100989 0.2892164 0.2740212 0.2645566 0.2890882 0.0780087 0.2694548 0.4122032 0.0237880 0.2746859 0.2650316 0.4292109 0.2308880 0.2840194 0.2544771 0.0000000 0.3492023 0.0854753 
n244_245   0.3734817 0.3491107 0.3775281 0.3780987 0.3784477 0.4304225 0.3491727 0.3899145 0.3784564 0.3784271 0.3676932 0.3874179 0.3732375 0.3929895 0.3600073 0.3787254 0.3682026 0.4103244 0.3782062 0.3839093 0.4186460 0.3492023 0.0000000 0.3941229 
n277_278   0.3035419 0.0741276 0.3140386 0.2697664 0.2835572 0.3090749 0.0741385 0.2984320 0.2830712 0.2735196 0.2982975 0.0202959 0.2784677 0.4421270 0.0815976 0.2837606 0.2791978 0.4597892 0.2745734 0.2931754 0.2991792 0.0854753 0.3941229 0.0000000 
