25
n289_290   0.0000000 0.0377741 0.0342565 0.2522843 0.2493238 0.0448497 0.2641209 0.3662286 0.0413196 0.2428605 0.0342915 0.2444538 0.4019171 0.2639745 0.0067037 0.1539875 0.2492376 0.0484270 0.0816751 0.2543668 0.2776150 0.0448933 0.3428375 0.2492434 0.2825216 
n294_295   0.0377741 0.0000000 0.0449062 0.2471611 0.2441961 0.0067000 0.2691853 0.3665806 0.0033439 0.2378126 0.0449514 0.2393671 0.4017998 0.2686604 0.0448990 0.1454627 0.2538382 0.0100753 0.0778277 0.2491938 0.2722670 0.0067064 0.3487562 0.2441172 0.2771323 
n295_296   0.0342565 0.0449062 0.0000000 0.2524254 0.2592840 0.0484244 0.2848977 0.3967249 0.0484914 0.2429954 0.0067095 0.2543402 0.3964258 0.2741538 0.0413434 0.1625850 0.2591933 0.0520205 0.0893270 0.2644089 0.2777737 0.0521076 0.3722246 0.2592007 0.2826836 
n266_267   0.2522843 0.2471611 0.2524254 0.0000000 0.2295350 0.2566656 0.2394688 0.2991772 0.2519918 0.0168472 0.2527074 0.2248131 0.3760509 0.2155577 0.2524522 0.2987101 0.2155531 0.2615558 0.2472383 0.2249783 0.1202268 0.2569279 0.2777751 0.2294604 0.1201909 
n299_300   0.2493238 0.2441961 0.2592840 0.2295350 0.0000000 0.2537160 0.0203654 0.3559547 0.2490340 0.2249196 0.2595764 0.0033481 0.4149200 0.0630595 0.2494904 0.2999069 0.0593939 0.2586133 0.2300036 0.0134959 0.2641606 0.2539766 0.3611124 0.0067117 0.2590637 
n298_299   0.0448497 0.0067000 0.0484244 0.2566656 0.2537160 0.0000000 0.2790599 0.3779305 0.0100760 0.2471989 0.0484731 0.2488220 0.4137074 0.2785106 0.0520485 0.1537359 0.2634860 0.0033390 0.0853165 0.2587862 0.2769950 0.0134724 0.3598108 0.2536345 0.2818887 
n274_275   0.2641209 0.2691853 0.2848977 0.2394688 0.0203654 0.2790599 0.0000000 0.3439193 0.2742083 0.2347818 0.2852238 0.0238205 0.4146211 0.0705090 0.2642990 0.3056879 0.0667995 0.2841488 0.2591972 0.0203650 0.2746912 0.2793485 0.3549236 0.0272886 0.2695047 
n251_252   0.3662286 0.3665806 0.3967249 0.2991772 0.3559547 0.3779305 0.3439193 0.0000000 0.3723678 0.2940861 0.3972086 0.3502512 0.3101004 0.3280806 0.3664911 0.3964964 0.3171300 0.3838184 0.3663118 0.3446193 0.3375433 0.3724858 0.0776953 0.3558464 0.3263906 
n293_294   0.0413196 0.0033439 0.0484914 0.2519918 0.2490340 0.0100760 0.2742083 0.3723678 0.0000000 0.2425814 0.0485403 0.2441710 0.4078737 0.2736709 0.0484835 0.1496445 0.2587430 0.0134686 0.0815935 0.2540696 0.2673590 0.0100856 0.3543914 0.2489537 0.2721925 
n265_266   0.2428605 0.2378126 0.2429954 0.0168472 0.2249196 0.2471989 0.2347818 0.2940861 0.2425814 0.0000000 0.2432658 0.2202284 0.3703931 0.2110315 0.2430214 0.2886326 0.2110268 0.2520251 0.2378844 0.2203899 0.1243117 0.2474512 0.2728445 0.2248464 0.1242747 
n296_297   0.0342915 0.0449514 0.0067095 0.2527074 0.2595764 0.0484731 0.2852238 0.3972086 0.0485403 0.2432658 0.0000000 0.2546263 0.4090603 0.2744653 0.0413849 0.1627593 0.2594855 0.0520730 0.0894190 0.2647080 0.2780887 0.0521602 0.3726718 0.2594930 0.2830050 
n300_301   0.2444538 0.2393671 0.2543402 0.2248131 0.0033481 0.2488220 0.0238205 0.3502512 0.2441710 0.2202284 0.2546263 0.0000000 0.4087296 0.0593872 0.2446167 0.2946637 0.0557421 0.2536841 0.2252709 0.0100947 0.2591822 0.2490772 0.3553723 0.0033469 0.2541238 
n244_245   0.4019171 0.4017998 0.3964258 0.3760509 0.4149200 0.4137074 0.4146211 0.3101004 0.4078737 0.3703931 0.4090603 0.4087296 0.0000000 0.4024243 0.4022113 0.4351168 0.3903645 0.4198979 0.3838531 0.4212309 0.4010280 0.4080106 0.3151640 0.4147998 0.3827809 
n278_279   0.2639745 0.2686604 0.2741538 0.2155577 0.0630595 0.2785106 0.0705090 0.3280806 0.2736709 0.2110315 0.2744653 0.0593872 0.4024243 0.0000000 0.2641523 0.2997786 0.0169100 0.2835865 0.2488782 0.0557437 0.2641860 0.2787980 0.3388599 0.0630380 0.2590888 
n287_288   0.0067037 0.0448990 0.0413434 0.2524522 0.2494904 0.0520485 0.2642990 0.3664911 0.0484835 0.2430214 0.0413849 0.2446167 0.4022113 0.2641523 0.0000000 0.1540849 0.2494041 0.0556659 0.0817245 0.2545374 0.2729200 0.0520991 0.3430796 0.2494099 0.2777993 
n200_201   0.1539875 0.1454627 0.1625850 0.2987101 0.2999069 0.1537359 0.3056879 0.3964964 0.1496445 0.2886326 0.1627593 0.2946637 0.4351168 0.2997786 0.1540849 0.0000000 0.2842640 0.1579594 0.1579272 0.2894865 0.3204592 0.1496785 0.3906728 0.2998126 0.3256832 
n277_278   0.2492376 0.2538382 0.2591933 0.2155531 0.0593939 0.2634860 0.0667995 0.3171300 0.2587430 0.2110268 0.2594855 0.0557421 0.3903645 0.0169100 0.2494041 0.2842640 0.0000000 0.2684524 0.2392760 0.0521184 0.2592527 0.2637570 0.3277427 0.0593736 0.2541926 
n297_298   0.0484270 0.0100753 0.0520205 0.2615558 0.2586133 0.0033390 0.2841488 0.3838184 0.0134686 0.2520251 0.0520730 0.2536841 0.4198979 0.2835865 0.0556659 0.1579594 0.2684524 0.0000000 0.0891171 0.2637225 0.2820393 0.0168832 0.3655390 0.2585303 0.2869676 
n236_237   0.0816751 0.0778277 0.0893270 0.2472383 0.2300036 0.0853165 0.2591972 0.3663118 0.0815935 0.2378844 0.0894190 0.2252709 0.3838531 0.2488782 0.0817245 0.1579272 0.2392760 0.0891171 0.0000000 0.2394957 0.2723603 0.0778647 0.3487991 0.2299288 0.2772289 
n280_281   0.2543668 0.2491938 0.2644089 0.2249783 0.0134959 0.2587862 0.0203650 0.3446193 0.2540696 0.2203899 0.2647080 0.0100947 0.4212309 0.0557437 0.2545374 0.2894865 0.0521184 0.2637225 0.2394957 0.0000000 0.2593761 0.2590524 0.3556518 0.0134913 0.2543134 
n285_286   0.2776150 0.2722670 0.2777737 0.1202268 0.2641606 0.2769950 0.2746912 0.3375433 0.2673590 0.1243117 0.2780887 0.2591822 0.4010280 0.2641860 0.2729200 0.3204592 0.2592527 0.2820393 0.2723603 0.2593761 0.0000000 0.2824201 0.3205229 0.2640760 0.0134447 
n275_276   0.0448933 0.0067064 0.0521076 0.2569279 0.2539766 0.0134724 0.2793485 0.3724858 0.0100856 0.2474512 0.0521602 0.2490772 0.4080106 0.2787980 0.0520991 0.1496785 0.2637570 0.0168832 0.0778647 0.2590524 0.2824201 0.0000000 0.3545366 0.2538949 0.2873556 
n255_256   0.3428375 0.3487562 0.3722246 0.2777751 0.3611124 0.3598108 0.3549236 0.0776953 0.3543914 0.2728445 0.3726718 0.3553723 0.3151640 0.3388599 0.3430796 0.3906728 0.3277427 0.3655390 0.3487991 0.3556518 0.3205229 0.3545366 0.0000000 0.3610031 0.3096576 
n292_293   0.2492434 0.2441172 0.2592007 0.2294604 0.0067117 0.2536345 0.0272886 0.3558464 0.2489537 0.2248464 0.2594930 0.0033469 0.4147998 0.0630380 0.2494099 0.2998126 0.0593736 0.2585303 0.2299288 0.0134913 0.2640760 0.2538949 0.3610031 0.0000000 0.2589805 
n286_287   0.2825216 0.2771323 0.2826836 0.1201909 0.2590637 0.2818887 0.2695047 0.3263906 0.2721925 0.1242747 0.2830050 0.2541238 0.3827809 0.2590888 0.2777993 0.3256832 0.2541926 0.2869676 0.2772289 0.2543134 0.0134447 0.2873556 0.3096576 0.2589805 0.0000000 
