22
n296_257   0.0000000 1.6126032 0.6453327 0.1376378 1.7677696 4.0242232 0.3218453 3.5865306 0.1292387 0.3271022 0.2930834 0.0378435 1.6676325 5.9795691 0.3157483 1.1678053 1.7326583 0.1333624 0.3215221 1.7190389 1.6986840 1.5568554 
n277_240   1.6126032 0.0000000 1.9574935 1.6281510 0.4603032 3.6849871 1.6336948 2.6418136 1.7133613 1.6105932 1.6533188 1.6341977 0.4602456 2.2633693 1.6485954 2.2439312 0.4540743 1.6074890 1.5434652 0.1012823 0.4405974 0.4455879 
n236_207   0.6453327 1.9574935 0.0000000 0.6338319 2.2841458 3.3434894 0.6995386 2.8397848 0.6434060 0.7293429 0.7001256 0.6529627 2.1633795 3.8295762 0.7498827 1.2609365 2.1813987 0.6076151 0.7250481 2.1100991 2.0847165 2.3329533 
n290_251   0.1376378 1.6281510 0.6338319 0.0000000 1.8506643 2.9809939 0.2885823 4.1378560 0.0379215 0.2837746 0.2884983 0.1419597 1.8076950 3.9443828 0.2785203 1.1554056 1.8746397 0.0558249 0.2944049 1.7916324 1.7747520 1.7035012 
n280_243   1.7677696 0.4603032 2.2841458 1.8506643 0.0000000 3.6084389 1.9674747 3.1877292 1.8871757 1.8843753 1.9727667 1.7667313 0.1049812 2.4800358 1.8863144 2.0085890 0.1208991 2.0121491 1.8142185 0.4977181 0.1129225 0.1330009 
n251_218   4.0242232 3.6849871 3.3434894 2.9809939 3.6084389 0.0000000 3.5886763 2.2961926 2.7492144 2.7934549 3.5351006 4.3602884 2.7951263 0.3425562 3.0106819 3.1265102 2.8649862 3.9305753 3.7530995 3.1485276 2.7169174 3.4031131 
n298_259   0.3218453 1.6336948 0.6995386 0.2885823 1.9674747 3.5886763 0.0000000 3.1645726 0.2728223 0.1097584 0.1217806 0.3275045 1.7730178 4.5085703 0.1017733 1.2442496 1.8689827 0.2670350 0.0414965 1.7472914 1.8298784 1.7295103 
n244_215   3.5865306 2.6418136 2.8397848 4.1378560 3.1877292 2.2961926 3.1645726 0.0000000 3.5690105 3.7304167 3.7036942 3.1802931 2.9642496 2.8508416 3.3399097 4.5870788 3.4047476 3.4546942 3.4672552 2.8383201 3.1443902 2.7476515 
n289_250   0.1292387 1.7133613 0.6434060 0.0379215 1.8871757 2.7492144 0.2728223 3.5690105 0.0000000 0.2681024 0.2833420 0.1334912 1.9202554 3.5088804 0.2629740 1.1565764 1.9250430 0.0521829 0.2784829 1.8632226 1.8835506 1.7715090 
n293_254   0.3271022 1.6105932 0.7293429 0.2837746 1.8843753 2.7934549 0.1097584 3.7304167 0.2681024 0.0000000 0.1137609 0.3328069 1.7748406 4.4261246 0.0309266 1.2907929 1.8079503 0.2673188 0.1099866 1.8206394 1.7712802 1.5983100 
n275_238   0.2930834 1.6533188 0.7001256 0.2884983 1.9727667 3.5351006 0.1217806 3.7036942 0.2833420 0.1137609 0.0000000 0.3153660 1.7982941 5.3497259 0.1057240 1.2394651 1.8970053 0.2621564 0.1301217 1.7769651 1.8566981 1.7186854 
n295_256   0.0378435 1.6341977 0.6529627 0.1419597 1.7667313 4.3602884 0.3275045 3.1802931 0.1334912 0.3328069 0.3153660 0.0000000 1.7031107 5.3127681 0.3213456 1.1356402 1.7707916 0.1335856 0.3211734 1.7697456 1.7354281 1.5884383 
n292_253   1.6676325 0.4602456 2.1633795 1.8076950 0.1049812 2.7951263 1.7730178 2.9642496 1.9202554 1.7748406 1.7982941 1.7031107 0.0000000 2.0458740 1.7766169 1.9454393 0.0447529 1.8892217 1.6989361 0.4829277 0.0341641 0.1208193 
n255_222   5.9795691 2.2633693 3.8295762 3.9443828 2.4800358 0.3425562 4.5085703 2.8508416 3.5088804 4.4261246 5.3497259 5.3127681 2.0458740 0.0000000 4.6644236 3.6078410 1.9936131 4.9582077 4.4270714 2.4893200 1.9214546 2.4357436 
n294_255   0.3157483 1.6485954 0.7498827 0.2785203 1.8863144 3.0106819 0.1017733 3.3399097 0.2629740 0.0309266 0.1057240 0.3213456 1.7766169 4.6644236 0.0000000 1.2308993 1.8457727 0.2622089 0.1019831 1.7981651 1.7730500 1.6289849 
n200_177   1.1678053 2.2439312 1.2609365 1.1554056 2.0085890 3.1265102 1.2442496 4.5870788 1.1565764 1.2907929 1.2394651 1.1356402 1.9454393 3.6078410 1.2308993 0.0000000 2.1201614 1.1523006 1.2453866 2.0881938 2.0241097 2.0295649 
n299_260   1.7326583 0.4540743 2.1813987 1.8746397 0.1208991 2.8649862 1.8689827 3.4047476 1.9250430 1.8079503 1.8970053 1.7707916 0.0447529 1.9936131 1.8457727 2.1201614 0.0000000 1.8937789 1.7296310 0.4825601 0.0168343 0.1371466 
n287_248   0.1333624 1.6074890 0.6076151 0.0558249 2.0121491 3.9305753 0.2670350 3.4546942 0.0521829 0.2673188 0.2621564 0.1335856 1.8892217 4.9582077 0.2622089 1.1523006 1.8937789 0.0000000 0.2726247 1.8006054 1.8535418 1.7783856 
n297_258   0.3215221 1.5434652 0.7250481 0.2944049 1.8142185 3.7530995 0.0414965 3.4672552 0.2784829 0.1099866 0.1301217 0.3211734 1.6989361 4.4270714 0.1019831 1.2453866 1.7296310 0.2726247 0.0000000 1.6459105 1.6956580 1.6073848 
n278_241   1.7190389 0.1012823 2.1100991 1.7916324 0.4977181 3.1485276 1.7472914 2.8383201 1.8632226 1.8206394 1.7769651 1.7697456 0.4829277 2.4893200 1.7981651 2.0881938 0.4825601 1.8006054 1.6459105 0.0000000 0.4754781 0.4602247 
n300_261   1.6986840 0.4405974 2.0847165 1.7747520 0.1129225 2.7169174 1.8298784 3.1443902 1.8835506 1.7712802 1.8566981 1.7354281 0.0341641 1.9214546 1.7730500 2.0241097 0.0168343 1.8535418 1.6956580 0.4754781 0.0000000 0.1289557 
n274_237   1.5568554 0.4455879 2.3329533 1.7035012 0.1330009 3.4031131 1.7295103 2.7476515 1.7715090 1.5983100 1.7186854 1.5884383 0.1208193 2.4357436 1.6289849 2.0295649 0.1371466 1.7783856 1.6073848 0.4602247 0.1289557 0.0000000 
