25
n290_259   0.0000000 0.0270858 0.3080493 0.2981111 0.3032698 0.3791797 0.3029947 0.0552953 0.0066737 0.2938630 0.2649949 0.3214883 0.0626140 0.0735653 0.2651751 0.0517465 0.3214194 0.0482106 0.3038443 0.3374570 0.0305470 0.2984645 0.0589742 0.1737411 0.0100348 
n295_264   0.0270858 0.0000000 0.3031985 0.2933155 0.2984429 0.3849024 0.2981730 0.0553292 0.0202201 0.2890827 0.2647613 0.3211909 0.0626525 0.0736109 0.2649412 0.0517782 0.3216596 0.0482400 0.2990067 0.3428892 0.0033290 0.2936628 0.0590104 0.1738573 0.0236482 
n300_269   0.3080493 0.3031985 0.0000000 0.0066869 0.0100673 0.4098746 0.0033365 0.2772983 0.2979558 0.0589984 0.2213485 0.2549717 0.2827723 0.2345263 0.2214920 0.2726225 0.3152214 0.2728645 0.0134579 0.3366138 0.3083321 0.0626752 0.2777789 0.3037379 0.3030496 
n292_261   0.2981111 0.2933155 0.0066869 0.0000000 0.0100660 0.4097498 0.0033360 0.2677652 0.2881441 0.0589884 0.2168482 0.2456584 0.2731566 0.2255060 0.2169881 0.2631421 0.3151388 0.2633742 0.0134558 0.3365225 0.2983819 0.0626646 0.2682269 0.2938363 0.2931718 
n280_249   0.3032698 0.2984429 0.0100673 0.0100660 0.0000000 0.4106618 0.0066965 0.2777790 0.2932319 0.0553862 0.2217186 0.2554095 0.2832652 0.2349212 0.2218625 0.2730939 0.3100174 0.2733367 0.0100689 0.3372268 0.3035469 0.0590414 0.2782613 0.3042763 0.2982965 
n244_215   0.3791797 0.3849024 0.4098746 0.4097498 0.4106618 0.0000000 0.4040522 0.3734172 0.3680644 0.3937757 0.3587917 0.4001820 0.3744564 0.2994278 0.3590616 0.3681200 0.2179348 0.3628556 0.3998420 0.2315194 0.3841821 0.3878213 0.3743211 0.3832739 0.3736931 
n299_268   0.3029947 0.2981730 0.0033365 0.0033360 0.0066965 0.4040522 0.0000000 0.2724562 0.2929677 0.0553963 0.2168473 0.2502459 0.2778870 0.2299534 0.2169873 0.2678081 0.3100929 0.2680451 0.0100707 0.3313337 0.3032713 0.0590522 0.2729270 0.2987028 0.2980267 
n293_262   0.0552953 0.0553292 0.2772983 0.2677652 0.2777790 0.3734172 0.2724562 0.0000000 0.0481519 0.2636386 0.2498159 0.2996030 0.0202421 0.0589332 0.2499828 0.0033323 0.2906100 0.0066826 0.2732021 0.3109536 0.0589377 0.2732362 0.0168244 0.1527593 0.0517222 
n289_258   0.0066737 0.0202201 0.2979558 0.2881441 0.2932319 0.3680644 0.2929677 0.0481519 0.0000000 0.2839331 0.2554181 0.3111375 0.0553883 0.0662340 0.2555901 0.0446331 0.3110686 0.0411270 0.2937834 0.3268812 0.0236482 0.2884846 0.0517859 0.1652792 0.0033297 
n277_246   0.2938630 0.2890827 0.0589984 0.0589884 0.0553862 0.3937757 0.0553963 0.2636386 0.2839331 0.0000000 0.2129986 0.2508113 0.2690037 0.2215274 0.2131359 0.2590300 0.3050829 0.2592583 0.0518460 0.3428525 0.2941293 0.0272283 0.2640929 0.2946004 0.2889411 
n265_234   0.2649949 0.2647613 0.2213485 0.2168482 0.2217186 0.3587917 0.2168473 0.2498159 0.2554181 0.2129986 0.0000000 0.1085494 0.2646331 0.2172099 0.0067250 0.2452786 0.2909560 0.2454932 0.2174192 0.3063342 0.2646147 0.2175156 0.2597453 0.2656843 0.2602420 
n285_254   0.3214883 0.3211909 0.2549717 0.2456584 0.2554095 0.4001820 0.2502459 0.2996030 0.3111375 0.2508113 0.1085494 0.0000000 0.3155752 0.2602636 0.1086132 0.2947655 0.3552726 0.2950328 0.2509240 0.3666729 0.3264858 0.2555858 0.3103175 0.3119984 0.3163642 
n298_267   0.0626140 0.0626525 0.2827723 0.2731566 0.2832652 0.3744564 0.2778870 0.0202421 0.0553883 0.2690037 0.2646331 0.3155752 0.0000000 0.0662988 0.2648128 0.0168396 0.3012527 0.0134488 0.2786520 0.3219185 0.0663038 0.2786861 0.0033350 0.1613669 0.0590006 
n236_209   0.0735653 0.0736109 0.2345263 0.2255060 0.2349212 0.2994278 0.2299534 0.0589332 0.0662340 0.2215274 0.2172099 0.2602636 0.0662988 0.0000000 0.2173503 0.0553665 0.2464651 0.0518130 0.2214884 0.2656000 0.0773175 0.2305973 0.0626374 0.1044269 0.0699006 
n266_235   0.2651751 0.2649412 0.2214920 0.2169881 0.2218625 0.3590616 0.2169873 0.2499828 0.2555901 0.2131359 0.0067250 0.1086132 0.2648128 0.2173503 0.0000000 0.2454418 0.2807377 0.2456567 0.2175599 0.2958916 0.2647943 0.2176564 0.2599208 0.2658654 0.2604181 
n294_263   0.0517465 0.0517782 0.2726225 0.2631421 0.2730939 0.3681200 0.2678081 0.0033323 0.0446331 0.2590300 0.2452786 0.2947655 0.0168396 0.0553665 0.2454418 0.0000000 0.2858095 0.0033357 0.2685393 0.3060302 0.0553708 0.2685734 0.0134366 0.1487274 0.0481880 
n251_220   0.3214194 0.3216596 0.3152214 0.3151388 0.3100174 0.2179348 0.3100929 0.2906100 0.3110686 0.3050829 0.2909560 0.3552726 0.3012527 0.2464651 0.2807377 0.2858095 0.0000000 0.2810353 0.3052415 0.0344180 0.3210807 0.2998318 0.2960811 0.3025404 0.3162953 
n275_244   0.0482106 0.0482400 0.2728645 0.2633742 0.2733367 0.3628556 0.2680451 0.0066826 0.0411270 0.2592583 0.2454932 0.2950328 0.0134488 0.0518130 0.2456567 0.0033357 0.2810353 0.0000000 0.2687775 0.3011347 0.0518170 0.2688116 0.0100604 0.1447131 0.0446665 
n274_243   0.3038443 0.2990067 0.0134579 0.0134558 0.0100689 0.3998420 0.0100707 0.2732021 0.2937834 0.0518460 0.2174192 0.2509240 0.2786520 0.2214884 0.2175599 0.2685393 0.3052415 0.2687775 0.0000000 0.3376052 0.3041226 0.0554837 0.2736756 0.2895497 0.2988597 
n255_224   0.3374570 0.3428892 0.3366138 0.3365225 0.3372268 0.2315194 0.3313337 0.3109536 0.3268812 0.3428525 0.3063342 0.3666729 0.3219185 0.2656000 0.2958916 0.3060302 0.0344180 0.3011347 0.3376052 0.0000000 0.3422630 0.3373064 0.3165973 0.3233065 0.3322255 
n296_265   0.0305470 0.0033290 0.3083321 0.2983819 0.3035469 0.3841821 0.3032713 0.0589377 0.0236482 0.2941293 0.2646147 0.3264858 0.0663038 0.0773175 0.2647943 0.0553708 0.3210807 0.0518170 0.3041226 0.3422630 0.0000000 0.2987360 0.0626422 0.1781576 0.0270932 
n278_247   0.2984645 0.2936628 0.0626752 0.0626646 0.0590414 0.3878213 0.0590522 0.2732362 0.2884846 0.0272283 0.2175156 0.2555858 0.2786861 0.2305973 0.2176564 0.2685734 0.2998318 0.2688116 0.0554837 0.3373064 0.2987360 0.0000000 0.2737097 0.2996698 0.2935189 
n297_266   0.0589742 0.0590104 0.2777789 0.2682269 0.2782613 0.3743211 0.2729270 0.0168244 0.0517859 0.2640929 0.2597453 0.3103175 0.0033350 0.0626374 0.2599208 0.0134366 0.2960811 0.0100604 0.2736756 0.3165973 0.0626422 0.2737097 0.0000000 0.1571351 0.0553791 
n200_177   0.1737411 0.1738573 0.3037379 0.2938363 0.3042763 0.3832739 0.2987028 0.1527593 0.1652792 0.2946004 0.2656843 0.3119984 0.1613669 0.1044269 0.2658654 0.1487274 0.3025404 0.1447131 0.2895497 0.3233065 0.1781576 0.2996698 0.1571351 0.0000000 0.1695264 
n287_256   0.0100348 0.0236482 0.3030496 0.2931718 0.2982965 0.3736931 0.2980267 0.0517222 0.0033297 0.2889411 0.2602420 0.3163642 0.0590006 0.0699006 0.2604181 0.0481880 0.3162953 0.0446665 0.2988597 0.3322255 0.0270932 0.2935189 0.0553791 0.1695264 0.0000000 
