22
n298_299   0.0000000 0.3104618 0.1387275 0.2757380 0.0306053 0.2336646 0.2908953 0.0134456 0.0033408 0.0067009 0.3115119 0.0411256 0.4246617 0.2812972 0.0809145 0.4233948 0.2711871 0.0134483 0.2912497 0.2476061 0.3679008 0.3014498 
n280_281   0.3104618 0.0000000 0.2989137 0.2955606 0.3253543 0.2288033 0.0202481 0.3106890 0.3105489 0.3158948 0.0846400 0.3361351 0.4611893 0.0237004 0.3048538 0.4362360 0.2909051 0.3107868 0.0202685 0.2426365 0.4003409 0.0809088 
n200_201   0.1387275 0.2989137 0.0000000 0.2699186 0.1309513 0.2097187 0.2797040 0.1467197 0.1387625 0.1428943 0.2800387 0.1430907 0.3836189 0.2702763 0.1229281 0.3825267 0.2608428 0.1508420 0.2800407 0.2231298 0.3391419 0.2804274 
n286_287   0.2757380 0.2955606 0.2699186 0.0000000 0.2712217 0.1273319 0.2763501 0.2759359 0.2758137 0.2808920 0.3005094 0.2956063 0.4167484 0.2860941 0.2567366 0.3933741 0.0134505 0.2808005 0.2811987 0.1393786 0.3669499 0.3009355 
n287_288   0.0306053 0.3253543 0.1309513 0.2712217 0.0000000 0.2292252 0.3054409 0.0375882 0.0271626 0.0306505 0.3164835 0.0169044 0.4197876 0.2956776 0.0809954 0.4133013 0.2620965 0.0375959 0.3058170 0.2430882 0.3738529 0.3063586 
n266_267   0.2336646 0.2288033 0.2097187 0.1273319 0.2292252 0.0000000 0.2112199 0.2338286 0.2337273 0.2385052 0.2382959 0.2522854 0.3670682 0.2201438 0.2109371 0.3451792 0.1196043 0.2384299 0.2156645 0.0168593 0.3106763 0.2386149 
n292_293   0.2908953 0.0202481 0.2797040 0.2763501 0.3054409 0.2112199 0.0000000 0.2911062 0.2909760 0.2961772 0.0699282 0.3159325 0.4485177 0.0100760 0.2854546 0.4240118 0.2717873 0.2911974 0.0067023 0.2247427 0.3735099 0.0662668 
n293_294   0.0134456 0.3106890 0.1467197 0.2759359 0.0375882 0.2338286 0.2911062 0.0000000 0.0100689 0.0134652 0.3117407 0.0482157 0.4249916 0.2815002 0.0884027 0.4237229 0.2713814 0.0134612 0.2914611 0.2477813 0.3681782 0.3016700 
n275_276   0.0033408 0.3105489 0.1387625 0.2758137 0.0271626 0.2337273 0.2909760 0.0100689 0.0000000 0.0033454 0.3115996 0.0376393 0.4247898 0.2813749 0.0772689 0.4235217 0.2712614 0.0100709 0.2913306 0.2476730 0.3680077 0.3015341 
n297_298   0.0067009 0.3158948 0.1428943 0.2808920 0.0306505 0.2385052 0.2961772 0.0134652 0.0033454 0.0000000 0.3169694 0.0411866 0.4311009 0.2865070 0.0810378 0.4298047 0.2763108 0.0134679 0.2965399 0.2525523 0.3682701 0.3068257 
n278_279   0.3115119 0.0846400 0.2800387 0.3005094 0.3164835 0.2382959 0.0699282 0.3117407 0.3115996 0.3169694 0.0000000 0.3271682 0.4323891 0.0663919 0.3058783 0.4195396 0.2910736 0.3118392 0.0700006 0.2523285 0.3636739 0.0134964 
n295_296   0.0411256 0.3361351 0.1430907 0.2956063 0.0169044 0.2522854 0.3159325 0.0482157 0.0376393 0.0411866 0.3271682 0.0000000 0.4428378 0.3060315 0.0923133 0.4361235 0.2862227 0.0482257 0.3163251 0.2665918 0.3846956 0.3168905 
n251_252   0.4246617 0.4611893 0.3836189 0.4167484 0.4197876 0.3670682 0.4485177 0.4249916 0.4247898 0.4311009 0.4323891 0.4428378 0.0000000 0.4435587 0.4249842 0.0235468 0.4121304 0.4309360 0.4491414 0.3837580 0.3308529 0.4446838 
n274_275   0.2812972 0.0237004 0.2702763 0.2860941 0.2956776 0.2201438 0.0100760 0.2815002 0.2813749 0.2865070 0.0663919 0.3060315 0.4435587 0.0000000 0.2854028 0.4305139 0.2814815 0.2815883 0.0100860 0.2338335 0.3623523 0.0627417 
n236_237   0.0809145 0.3048538 0.1229281 0.2567366 0.0809954 0.2109371 0.2854546 0.0884027 0.0772689 0.0810378 0.3058783 0.0923133 0.4249842 0.2854028 0.0000000 0.4124886 0.2477686 0.0884217 0.2858003 0.2244385 0.3511906 0.3008348 
n255_256   0.4233948 0.4362360 0.3825267 0.3933741 0.4133013 0.3451792 0.4240118 0.4237229 0.4235217 0.4298047 0.4195396 0.4361235 0.0235468 0.4305139 0.4124886 0.0000000 0.3888470 0.4296411 0.4245878 0.3613537 0.3198382 0.4315896 
n285_286   0.2711871 0.2909051 0.2608428 0.0134505 0.2620965 0.1196043 0.2717873 0.2713814 0.2712614 0.2763108 0.2910736 0.2862227 0.4121304 0.2814815 0.2477686 0.3888470 0.0000000 0.2762211 0.2766115 0.1315398 0.3568033 0.2914833 
n294_295   0.0134483 0.3107868 0.1508420 0.2808005 0.0375959 0.2384299 0.2911974 0.0134612 0.0100709 0.0134679 0.3118392 0.0482257 0.4309360 0.2815883 0.0884217 0.4296411 0.2762211 0.0000000 0.2915526 0.2524717 0.3736817 0.3017650 
n300_301   0.2912497 0.0202685 0.2800407 0.2811987 0.3058170 0.2156645 0.0067023 0.2914611 0.2913306 0.2965399 0.0700006 0.3163251 0.4491414 0.0100860 0.2858003 0.4245878 0.2766115 0.2915526 0.0000000 0.2292696 0.3790108 0.0663352 
n265_266   0.2476061 0.2426365 0.2231298 0.1393786 0.2430882 0.0168593 0.2247427 0.2477813 0.2476730 0.2525523 0.2523285 0.2665918 0.3837580 0.2338335 0.2244385 0.3613537 0.1315398 0.2524717 0.2292696 0.0000000 0.3362561 0.2526708 
n244_245   0.3679008 0.4003409 0.3391419 0.3669499 0.3738529 0.3106763 0.3735099 0.3681782 0.3680077 0.3682701 0.3636739 0.3846956 0.3308529 0.3623523 0.3511906 0.3198382 0.3568033 0.3736817 0.3790108 0.3362561 0.0000000 0.3695559 
n277_278   0.3014498 0.0809088 0.2804274 0.3009355 0.3063586 0.2386149 0.0662668 0.3016700 0.3015341 0.3068257 0.0134964 0.3168905 0.4446838 0.0627417 0.3008348 0.4315896 0.2914833 0.3017650 0.0663352 0.2526708 0.3695559 0.0000000 
