26
n298_299   0.0000000 0.2605289 0.1473550 0.2840584 0.0305810 0.3181974 0.2750037 0.0134469 0.0134342 0.0271216 0.0066898 0.2701815 0.0236813 0.3897805 0.2653543 0.0236765 0.0921472 0.3725674 0.2790674 0.0066902 0.2701448 0.3129108 0.0271163 0.2750637 0.3460306 0.2799501 
n280_281   0.2605289 0.0000000 0.2852697 0.2700364 0.2748561 0.2933979 0.0100823 0.2656120 0.2699358 0.2700834 0.2699842 0.0376445 0.2653499 0.3679107 0.0067030 0.2653022 0.2610317 0.3513432 0.2649658 0.2560188 0.0067052 0.3033452 0.2700080 0.0134738 0.3572535 0.0518298 
n200_201   0.1473550 0.2852697 0.0000000 0.2947144 0.1553752 0.3402101 0.3002778 0.1556463 0.1554880 0.1512834 0.1555182 0.2855657 0.1472284 0.4324387 0.2902740 0.1471997 0.1556664 0.4086736 0.2944280 0.1473789 0.2952384 0.3400172 0.1512470 0.2953765 0.3581484 0.2955674 
n286_287   0.2840584 0.2700364 0.2947144 0.0000000 0.2889587 0.1385596 0.2750591 0.2940667 0.2937493 0.2939119 0.2938010 0.2702934 0.2890320 0.4070596 0.2749658 0.2889810 0.2894769 0.3730995 0.0168453 0.2841083 0.2797759 0.1304582 0.2938264 0.2896067 0.3727660 0.2751741 
n287_288   0.0305810 0.2748561 0.1553752 0.2889587 0.0000000 0.3336442 0.2896206 0.0375730 0.0375369 0.0100549 0.0375446 0.2944281 0.0134368 0.3954771 0.2797787 0.0066881 0.0997206 0.3836684 0.2839328 0.0305855 0.2846636 0.3282407 0.0168278 0.2896852 0.3514777 0.3045244 
n266_267   0.3181974 0.2933979 0.3402101 0.1385596 0.3336442 0.0000000 0.2985827 0.3286825 0.3231927 0.3285072 0.3283792 0.2936802 0.3234026 0.4234023 0.2984816 0.3233476 0.3085528 0.3831750 0.1384177 0.3182541 0.3034321 0.0270769 0.3232749 0.3087124 0.4001520 0.3037467 
n292_293   0.2750037 0.0100823 0.3002778 0.2750591 0.2896206 0.2985827 0.0000000 0.2802061 0.2845968 0.2847532 0.2846472 0.0482767 0.2799240 0.3737105 0.0168812 0.2798743 0.2755392 0.3570043 0.2699475 0.2704135 0.0033463 0.3086053 0.2846719 0.0100862 0.3629649 0.0626774 
n293_294   0.0134469 0.2656120 0.1556463 0.2940667 0.0375730 0.3286825 0.2802061 0.0000000 0.0202552 0.0340794 0.0202593 0.2753450 0.0306061 0.4014303 0.2704780 0.0305999 0.0997924 0.3839298 0.2890021 0.0066965 0.2753071 0.3233137 0.0340726 0.2802680 0.3513783 0.2851944 
n275_276   0.0134342 0.2699358 0.1554880 0.2937493 0.0375369 0.3231927 0.2845968 0.0202552 0.0000000 0.0340467 0.0202400 0.2797135 0.0305768 0.3950117 0.2748237 0.0305706 0.0996940 0.3667889 0.2886918 0.0134361 0.2796749 0.3178696 0.0340400 0.2846599 0.3460302 0.2896089 
n289_290   0.0271216 0.2700834 0.1512834 0.2939119 0.0100549 0.3285072 0.2847532 0.0340794 0.0340467 0.0000000 0.0340536 0.2895319 0.0100552 0.3898865 0.2749742 0.0033367 0.0959247 0.3781683 0.2888501 0.0271256 0.2798283 0.3180465 0.0134322 0.2848163 0.3514580 0.2995624 
n297_298   0.0066898 0.2699842 0.1555182 0.2938010 0.0375446 0.3283792 0.2846472 0.0202593 0.0202400 0.0340536 0.0000000 0.2797632 0.0305830 0.4010386 0.2748727 0.0305768 0.0997137 0.3835595 0.2887426 0.0134389 0.2797246 0.3230165 0.0340469 0.2749664 0.3460878 0.2848956 
n278_279   0.2701815 0.0376445 0.2855657 0.2702934 0.2944281 0.2936802 0.0482767 0.2753450 0.2797135 0.2895319 0.2797632 0.0000000 0.2846733 0.3846393 0.0446998 0.2846230 0.2755121 0.3676890 0.2652176 0.2656178 0.0447146 0.3036391 0.2894486 0.0518486 0.3682561 0.0203166 
n295_296   0.0236813 0.2653499 0.1472284 0.2890320 0.0134368 0.3234026 0.2799240 0.0306061 0.0305768 0.0100552 0.0305830 0.2846733 0.0000000 0.3899159 0.2702086 0.0066883 0.0921590 0.3781980 0.2840051 0.0236848 0.2750315 0.3180760 0.0033369 0.2799855 0.3461712 0.2946369 
n251_252   0.3897805 0.3679107 0.4324387 0.4070596 0.3954771 0.4234023 0.3737105 0.4014303 0.3950117 0.3898865 0.4010386 0.3846393 0.3899159 0.0000000 0.3789232 0.3842526 0.4077009 0.0735291 0.4008239 0.3898523 0.3790790 0.4231234 0.3953966 0.3850133 0.3156282 0.3960866 
n274_275   0.2653543 0.0067030 0.2902740 0.2749658 0.2797787 0.2984816 0.0168812 0.2704780 0.2748237 0.2749742 0.2748727 0.0446998 0.2702086 0.3789232 0.0000000 0.2701602 0.2658679 0.3621080 0.2698558 0.2608168 0.0134718 0.3085020 0.2748969 0.0203041 0.3681081 0.0590231 
n290_291   0.0236765 0.2653022 0.1471997 0.2889810 0.0066881 0.3233476 0.2798743 0.0305999 0.0305706 0.0033367 0.0305768 0.2846230 0.0066883 0.3842526 0.2701602 0.0000000 0.0921407 0.3726276 0.2839547 0.0236799 0.2749825 0.3180216 0.0100512 0.2799359 0.3461136 0.2945853 
n236_237   0.0921472 0.2610317 0.1556664 0.2894769 0.0997206 0.3085528 0.2755392 0.0997924 0.0996940 0.0959247 0.0997137 0.2755121 0.0921590 0.4077009 0.2658679 0.0921407 0.0000000 0.3958703 0.2844412 0.0921615 0.2706692 0.2934111 0.0921273 0.2755997 0.3628686 0.2805391 
n255_256   0.3725674 0.3513432 0.4086736 0.3730995 0.3836684 0.3831750 0.3570043 0.3839298 0.3667889 0.3781683 0.3835595 0.3676890 0.3781980 0.0735291 0.3621080 0.3726276 0.3958703 0.0000000 0.3671691 0.3726353 0.3622555 0.3829242 0.3835901 0.3680416 0.2902942 0.3788700 
n285_286   0.2790674 0.2649658 0.2944280 0.0168453 0.2839328 0.1384177 0.2699475 0.2890021 0.2886918 0.2888501 0.2887426 0.2652176 0.2840051 0.4008239 0.2698558 0.2839547 0.2844412 0.3671691 0.0000000 0.2791164 0.2746291 0.1303266 0.2887668 0.2843821 0.3834727 0.2700602 
n294_295   0.0066902 0.2560188 0.1473789 0.2841083 0.0305855 0.3182541 0.2704135 0.0066965 0.0134361 0.0271256 0.0134389 0.2656178 0.0236848 0.3898523 0.2608168 0.0236799 0.0921615 0.3726353 0.2791164 0.0000000 0.2655809 0.3129664 0.0271202 0.2704724 0.3460932 0.2753319 
n300_301   0.2701448 0.0067052 0.2952384 0.2797759 0.2846636 0.3034321 0.0033463 0.2753071 0.2796749 0.2798283 0.2797246 0.0447146 0.2750315 0.3790790 0.0134718 0.2749825 0.2706692 0.3622555 0.2746291 0.2655809 0.0000000 0.3135196 0.2797490 0.0067077 0.3682586 0.0590428 
n265_266   0.3129108 0.3033452 0.3400172 0.1304582 0.3282407 0.0270769 0.3086053 0.3233137 0.3178696 0.3180465 0.3230165 0.3036391 0.3180760 0.4231234 0.3085020 0.3180216 0.2934111 0.3829242 0.1303266 0.3129664 0.3135196 0.0000000 0.3179508 0.3188806 0.4054583 0.3138461 
n296_297   0.0271163 0.2700080 0.1512470 0.2938264 0.0168278 0.3232749 0.2846719 0.0340726 0.0340400 0.0134322 0.0340469 0.2894486 0.0033369 0.3953966 0.2748969 0.0100512 0.0921273 0.3835901 0.2887668 0.0271202 0.2797490 0.3179508 0.0000000 0.2847350 0.3408112 0.2994749 
n299_300   0.2750637 0.0134738 0.2953765 0.2896067 0.2896852 0.3087124 0.0100862 0.2802680 0.2846599 0.2848163 0.2749664 0.0518486 0.2799855 0.3850133 0.0203041 0.2799359 0.2755997 0.3680416 0.2843821 0.2704724 0.0067077 0.3188806 0.2847350 0.0000000 0.3793836 0.0663200 
n244_245   0.3460306 0.3572535 0.3581484 0.3727660 0.3514777 0.4001520 0.3629649 0.3513783 0.3460302 0.3514580 0.3460878 0.3682561 0.3461712 0.3156282 0.3681081 0.3461136 0.3628686 0.2902942 0.3834727 0.3460932 0.3682586 0.4054583 0.3408112 0.3793836 0.0000000 0.3741068 
n277_278   0.2799501 0.0518298 0.2955674 0.2751741 0.3045244 0.3037467 0.0626774 0.2851944 0.2896089 0.2995624 0.2848956 0.0203166 0.2946369 0.3960866 0.0590231 0.2945853 0.2805391 0.3788700 0.2700602 0.2753319 0.0590428 0.3138461 0.2994749 0.0663200 0.3741068 0.0000000 
