26
n277_278   0.0000000 1.6018224 2.2077579 1.5462717 2.0808497 0.5146326 2.4875624 2.0495856 0.1248891 0.5895127 1.9324525 1.8982642 2.0718907 1.9243548 2.0277352 0.6070982 0.5891977 2.1230157 2.1539202 3.5616896 1.5339319 1.4967764 1.9785372 2.9889587 1.9399110 0.5909997 
n286_287   1.6018224 0.0000000 2.3093260 0.0777461 2.1844162 2.0429537 4.7665652 2.3038370 1.7320169 2.1385881 1.8799406 2.1776238 2.1225216 2.1263434 1.8170601 2.0619508 2.1841818 2.3452945 2.0679967 2.9015655 1.1351029 0.9478249 2.1104044 5.5259077 2.1411423 2.0053274 
n296_297   2.2077579 2.3093260 0.0000000 2.4613559 0.1841682 2.0418992 3.8967328 0.3155370 2.2660790 1.8857709 0.5397123 0.3265921 0.1623872 0.3212470 1.0675093 1.8964002 1.9785668 0.0484356 0.1752884 2.8382047 2.1195721 2.0810622 0.3106521 5.1259721 0.3549075 2.0194800 
n285_286   1.5462717 0.0777461 2.4613559 0.0000000 2.2149667 1.8320984 5.9254284 2.2906395 1.7289676 1.9111888 1.9501496 2.2597822 2.2917574 2.0707104 1.8596122 1.9569588 2.0746331 2.5036360 2.1435387 3.0509658 1.1852246 0.9977815 2.1871790 5.0089912 2.1351968 1.9096781 
n289_290   2.0808497 2.1844162 0.1841682 2.2149667 0.0000000 1.9493280 3.0132598 0.2905234 2.1093932 2.1698273 0.5211423 0.3119310 0.0342480 0.2955743 1.0517303 2.1394399 2.0776822 0.1625252 0.0485116 3.6148251 2.1753460 2.2218205 0.2909726 3.4886440 0.3121068 2.2352837 
n274_275   0.5146326 2.0429537 2.0418992 1.8320984 1.9493280 0.0000000 2.8900753 2.0956394 0.5223152 0.1210636 2.1104355 2.0750875 2.0209361 2.2588897 2.0627369 0.1418230 0.1374681 1.9895557 1.9890178 9.0000000 1.9861108 2.0011479 2.1199497 2.6006118 2.3295280 0.1212535 
n255_256   2.4875624 4.7665652 3.8967328 5.9254284 3.0132598 2.8900753 0.0000000 4.0091212 2.7400364 2.5371570 3.9112906 7.3981307 2.8896799 3.7791302 7.1889668 2.5272806 2.3857500 5.0349451 3.2215454 2.2627525 2.5810027 2.4425555 7.0864910 0.3828743 3.8440636 2.3901886 
n275_276   2.0495856 2.3038370 0.3155370 2.2906395 0.2905234 2.0956394 4.0091212 0.0000000 1.9327392 2.1703151 0.5044819 0.1167505 0.2646799 0.1125792 0.9260574 2.1916727 2.0312864 0.3106957 0.2644312 3.6146626 1.8443482 1.8842430 0.0970559 4.2255649 0.1086408 2.2351246 
n278_279   0.1248891 1.7320169 2.2660790 1.7289676 2.1093932 0.5223152 2.7400364 1.9327392 0.0000000 0.6154745 2.0270366 1.8826444 1.9689661 2.1395117 2.1072809 0.6151863 0.5892064 2.1207007 1.9895654 5.3028051 1.7394598 1.6900770 1.9121098 2.5461637 2.1614567 0.5992930 
n299_300   0.5895127 2.1385881 1.8857709 1.9111888 2.1698273 0.1210636 2.5371570 2.1703151 0.6154745 0.0000000 2.1916502 2.1950711 2.0274949 2.4241250 2.2612129 0.0671740 0.0821655 1.8071417 2.0353482 4.5378780 2.1238760 2.1057957 2.2047787 2.7684010 2.5089727 0.0204160 
n236_237   1.9324525 1.8799406 0.5397123 1.9501496 0.5211423 2.1104355 3.9112906 0.5044819 2.0270366 2.1916502 0.0000000 0.5331551 0.4907693 0.4566451 0.9159861 2.2657966 2.1622080 0.5324126 0.5191879 2.7484163 1.8450758 2.0098884 0.5037302 3.5897082 0.4834762 2.3122255 
n293_294   1.8982642 2.1776238 0.3265921 2.2597822 0.3119310 2.0750875 7.3981307 0.1167505 1.8826444 2.1950711 0.5331551 0.0000000 0.2852381 0.1492234 1.0364774 2.2172732 2.0390334 0.3216803 0.2953646 6.0893340 1.8896302 2.0297743 0.0483835 5.0131080 0.1536015 2.2620882 
n290_291   2.0718907 2.1225216 0.1623872 2.2917574 0.0342480 2.0209361 2.8896799 0.2646799 1.9689661 2.0274949 0.4907693 0.2852381 0.0000000 0.2746969 1.0213823 2.0003317 1.9468278 0.1414181 0.0412759 4.5597299 2.1034947 2.1078104 0.2650865 3.3211862 0.2906743 2.0834393 
n297_298   1.9243548 2.1263434 0.3212470 2.0707104 0.2955743 2.2588897 3.7791302 0.1125792 2.1395117 2.4241250 0.4566451 0.1492234 0.2746969 0.0000000 0.9004805 2.3782756 2.3607756 0.3160028 0.2897016 3.7645783 1.9691860 1.9388989 0.1206598 4.8269425 0.0341698 2.5095590 
n200_201   2.0277352 1.8170601 1.0675093 1.8596122 1.0517303 2.0627369 7.1889668 0.9260574 2.1072809 2.2612129 0.9159861 1.0364774 1.0213823 0.9004805 0.0000000 2.2686224 2.2157508 1.0286109 1.0353779 2.7403665 2.2991441 2.4668989 0.9422268 3.9898741 0.8900666 2.2120720 
n292_293   0.6070982 2.0619508 1.8964002 1.9569588 2.1394399 0.1418230 2.5272806 2.1916727 0.6151863 0.0671740 2.2657966 2.2172732 2.0003317 2.3782756 2.2686224 0.0000000 0.0859767 1.8165368 2.0079828 3.7844527 2.0528063 2.0800746 2.2273132 2.7593906 2.3776104 0.0523882 
n280_281   0.5891977 2.1841818 1.9785668 2.0746331 2.0776822 0.1374681 2.3857500 2.0312864 0.5892064 0.0821655 2.1622080 2.0390334 1.9468278 2.3607756 2.2157508 0.0859767 0.0000000 1.9294386 1.9539918 7.3099727 2.0683596 1.9618590 2.0127379 2.7293823 2.4957835 0.0670392 
n295_296   2.1230157 2.3452945 0.0484356 2.5036360 0.1625252 1.9895557 5.0349451 0.3106957 2.1207007 1.8071417 0.5324126 0.3216803 0.1414181 0.3160028 1.0286109 1.8165368 1.9294386 0.0000000 0.1539329 2.8660524 2.0861502 2.2617182 0.3058340 5.4029717 0.3384398 1.9288326 
n287_288   2.1539202 2.0679967 0.1752884 2.1435387 0.0485116 1.9890178 3.2215454 0.2644312 1.9895654 2.0353482 0.5191879 0.2953646 0.0412759 0.2897016 1.0353779 2.0079828 1.9539918 0.1539329 0.0000000 3.7999936 2.0928474 2.2410663 0.2749351 3.4902974 0.3060479 2.0918547 
n244_245   3.5616896 2.9015655 2.8382047 3.0509658 3.6148251 9.0000000 2.2627525 3.6146626 5.3028051 4.5378780 2.7484163 6.0893340 4.5597299 3.7645783 2.7403665 3.7844527 7.3099727 2.8660524 3.7999936 0.0000000 3.2818493 3.7925372 5.7159325 2.8458417 4.4499842 5.3150409 
n265_266   1.5339319 1.1351029 2.1195721 1.1852246 2.1753460 1.9861108 2.5810027 1.8443482 1.7394598 2.1238760 1.8450758 1.8896302 2.1034947 1.9691860 2.2991441 2.0528063 2.0683596 2.0861502 2.0928474 3.2818493 0.0000000 0.1710143 1.8683314 2.7144613 2.2054254 2.0513367 
n266_267   1.4967764 0.9478249 2.0810622 0.9977815 2.2218205 2.0011479 2.4425555 1.8842430 1.6900770 2.1057957 2.0098884 2.0297743 2.1078104 1.9388989 2.4668989 2.0800746 1.9618590 2.2617182 2.2410663 3.7925372 0.1710143 0.0000000 1.9094346 3.0952790 2.1669698 1.9856607 
n294_295   1.9785372 2.1104044 0.3106521 2.1871790 0.2909726 2.1199497 7.0864910 0.0970559 1.9121098 2.2047787 0.5037302 0.0483835 0.2650865 0.1206598 0.9422268 2.2273132 2.0127379 0.3058340 0.2749351 5.7159325 1.8683314 1.9094346 0.0000000 3.8159725 0.1207564 2.2726572 
n251_252   2.9889587 5.5259077 5.1259721 5.0089912 3.4886440 2.6006118 0.3828743 4.2255649 2.5461637 2.7684010 3.5897082 5.0131080 3.3211862 4.8269425 3.9898741 2.7593906 2.7293823 5.4029717 3.4902974 2.8458417 2.7144613 3.0952790 3.8159725 0.0000000 5.0016514 2.5873994 
n298_299   1.9399110 2.1411423 0.3549075 2.1351968 0.3121068 2.3295280 3.8440636 0.1086408 2.1614567 2.5089727 0.4834762 0.1536015 0.2906743 0.0341698 0.8900666 2.3776104 2.4957835 0.3384398 0.3060479 4.4499842 2.2054254 2.1669698 0.1207564 5.0016514 0.0000000 2.5090314 
n300_301   0.5909997 2.0053274 2.0194800 1.9096781 2.2352837 0.1212535 2.3901886 2.2351246 0.5992930 0.0204160 2.3122255 2.2620882 2.0834393 2.5095590 2.2120720 0.0523882 0.0670392 1.9288326 2.0918547 5.3150409 2.0513367 1.9856607 2.2726572 2.5873994 2.5090314 0.0000000 
