24
n287_286   0.0000000 0.0449609 0.3315937 0.0486141 0.3316528 0.3252168 0.3145972 0.2614008 0.0203818 0.0033478 0.3149282 0.2997032 0.3256885 0.1420905 0.0485429 0.0238347 0.0450108 0.1095626 0.3041430 0.3910814 0.2664994 0.0414010 0.3428177 0.3199683 
n294_293   0.0449609 0.0000000 0.3428270 0.0238015 0.3428889 0.3305436 0.3198524 0.2816001 0.0449716 0.0485850 0.3313108 0.3158638 0.3310242 0.1675080 0.0033424 0.0485483 0.0203440 0.1337729 0.3311503 0.4156386 0.2868549 0.0168950 0.3656696 0.3252612 
n277_276   0.3315937 0.3428270 0.0000000 0.3430605 0.0066932 0.1011661 0.0896203 0.2986776 0.3316729 0.3374748 0.3325368 0.3910553 0.0895734 0.2939131 0.3484226 0.3316529 0.3428874 0.3201187 0.3489443 0.4561006 0.3037872 0.3312606 0.4030696 0.0934558 
n298_297   0.0486141 0.0238015 0.3430605 0.0000000 0.3431226 0.3421408 0.3312702 0.2975566 0.0486257 0.0522656 0.3430348 0.3272630 0.3426417 0.1764679 0.0272692 0.0522259 0.0100974 0.1338188 0.3428669 0.4354000 0.3029437 0.0203528 0.3839636 0.3367730 
n278_277   0.3316528 0.3428889 0.0066932 0.3431226 0.0000000 0.1011794 0.0896319 0.2987287 0.3317320 0.3375355 0.3325962 0.3911304 0.0895850 0.3048211 0.3484860 0.3317120 0.3429494 0.3201749 0.3490079 0.4700684 0.3038394 0.3313196 0.4159566 0.0934680 
n274_273   0.3252168 0.3305436 0.1011661 0.3421408 0.1011794 0.0000000 0.0272468 0.2988592 0.3140341 0.3250367 0.3438434 0.3847292 0.0342179 0.2983139 0.3360303 0.3140154 0.3419685 0.3250430 0.3491586 0.5044153 0.3039734 0.3303790 0.4476861 0.0307289 
n299_298   0.3145972 0.3198524 0.0896203 0.3312702 0.0896319 0.0272468 0.0000000 0.2623735 0.3146727 0.3144241 0.3209061 0.3550613 0.0203094 0.2774291 0.3252612 0.3146539 0.3311037 0.3144986 0.3260584 0.4694444 0.2672328 0.3196942 0.4154072 0.0033363 
n265_264   0.2614008 0.2816001 0.2986776 0.2975566 0.2987287 0.2988592 0.2623735 0.0000000 0.2561936 0.2666387 0.1174349 0.3617165 0.2777245 0.2376477 0.2867047 0.2610698 0.2922501 0.2670332 0.1094403 0.4299726 0.0100887 0.2760978 0.3730368 0.2673542 
n296_295   0.0203818 0.0449716 0.3316729 0.0486257 0.3317320 0.3140341 0.3146727 0.2561936 0.0000000 0.0238586 0.3092357 0.2997755 0.3257664 0.1421249 0.0485545 0.0033442 0.0450215 0.1095890 0.2985471 0.3787168 0.2612492 0.0414108 0.3313335 0.3200449 
n289_288   0.0033478 0.0485850 0.3374748 0.0522656 0.3375355 0.3250367 0.3144241 0.2666387 0.0238586 0.0000000 0.3206553 0.3053073 0.3255080 0.1463867 0.0521888 0.0273315 0.0486391 0.1136321 0.3097730 0.3975490 0.2717815 0.0450039 0.3488030 0.3197917 
n285_284   0.3149282 0.3313108 0.3325368 0.3430348 0.3325962 0.3438434 0.3209061 0.1174349 0.3092357 0.3206553 0.0000000 0.3682715 0.3321198 0.2631306 0.3368127 0.3145093 0.3373389 0.2933595 0.0134952 0.4176726 0.1215014 0.3199488 0.3673929 0.3263349 
n244_243   0.2997032 0.3158638 0.3910553 0.3272630 0.3911304 0.3847292 0.3550613 0.3617165 0.2997755 0.3053073 0.3682715 0.0000000 0.3601411 0.2994532 0.3212605 0.2996888 0.3216825 0.2943468 0.3737743 0.3039202 0.3673152 0.3046639 0.2715792 0.3607679 
n280_279   0.3256885 0.3310242 0.0895734 0.3426417 0.0895850 0.0342179 0.0203094 0.2777245 0.3257664 0.3255080 0.3321198 0.3601411 0.0000000 0.2879170 0.3365201 0.3257468 0.3424689 0.3142476 0.3373482 0.4684449 0.2826883 0.3308591 0.4145716 0.0237527 
n200_201   0.1420905 0.1675080 0.2939131 0.1764679 0.3048211 0.2983139 0.2774291 0.2376477 0.1421249 0.1463867 0.2631306 0.2994532 0.2879170 0.0000000 0.1718215 0.1462631 0.1720542 0.1382853 0.2531184 0.3500335 0.2523491 0.1675445 0.2992351 0.2825174 
n293_292   0.0485429 0.0033424 0.3484226 0.0272692 0.3484860 0.3360303 0.3252612 0.2867047 0.0485545 0.0521888 0.3368127 0.3212605 0.3365201 0.1718215 0.0000000 0.0521492 0.0237933 0.1378797 0.3366489 0.4218503 0.2919991 0.0203239 0.3714469 0.3307109 
n295_294   0.0238347 0.0485483 0.3316529 0.0522259 0.3317120 0.3140154 0.3146539 0.2610698 0.0033442 0.0273315 0.3145093 0.2996888 0.3257468 0.1462631 0.0521492 0.0000000 0.0486023 0.1135395 0.3037424 0.3845396 0.2661613 0.0449700 0.3367736 0.3200258 
n297_296   0.0450108 0.0203440 0.3428874 0.0100974 0.3429494 0.3419685 0.3311037 0.2922501 0.0450215 0.0486391 0.3373389 0.3216825 0.3424689 0.1720542 0.0237933 0.0486023 0.0000000 0.1339332 0.3371745 0.4288818 0.2975939 0.0169132 0.3779204 0.3366035 
n236_237   0.1095626 0.1337729 0.3201187 0.1338188 0.3201749 0.3250430 0.3144986 0.2670332 0.1095890 0.1136321 0.2933595 0.2943468 0.3142476 0.1382853 0.1378797 0.1135395 0.1339332 0.0000000 0.2880136 0.3791852 0.2823796 0.1297024 0.3317334 0.3198657 
n286_285   0.3041430 0.3311503 0.3489443 0.3428669 0.3490079 0.3491586 0.3260584 0.1094403 0.2985471 0.3097730 0.0134952 0.3737743 0.3373482 0.2531184 0.3366489 0.3037424 0.3371745 0.2880136 0.0000000 0.4047930 0.1134556 0.3197952 0.3554585 0.3315229 
n255_254   0.3910814 0.4156386 0.4561006 0.4354000 0.4700684 0.5044153 0.4694444 0.4299726 0.3787168 0.3975490 0.4176726 0.3039202 0.4684449 0.3500335 0.4218503 0.3845396 0.4288818 0.3791852 0.4047930 0.0000000 0.4361213 0.4157521 0.0558211 0.4761544 
n266_265   0.2664994 0.2868549 0.3037872 0.3029437 0.3038394 0.3039734 0.2672328 0.0100887 0.2612492 0.2717815 0.1215014 0.3673152 0.2826883 0.2523491 0.2919991 0.2661613 0.2975939 0.2823796 0.1134556 0.4361213 0.0000000 0.2813036 0.3669610 0.2722461 
n275_274   0.0414010 0.0168950 0.3312606 0.0203528 0.3313196 0.3303790 0.3196942 0.2760978 0.0414108 0.0450039 0.3199488 0.3046639 0.3308591 0.1675445 0.0203239 0.0449700 0.0169132 0.1297024 0.3197952 0.4157521 0.2813036 0.0000000 0.3657649 0.3250997 
n251_250   0.3428177 0.3656696 0.4030696 0.3839636 0.4159566 0.4476861 0.4154072 0.3730368 0.3313335 0.3488030 0.3673929 0.2715792 0.4145716 0.2992351 0.3714469 0.3367736 0.3779204 0.3317334 0.3554585 0.0558211 0.3669610 0.3657649 0.0000000 0.4216178 
n292_291   0.3199683 0.3252612 0.0934558 0.3367730 0.0934680 0.0307289 0.0033363 0.2673542 0.3200449 0.3197917 0.3263349 0.3607679 0.0237527 0.2825174 0.3307109 0.3200258 0.3366035 0.3198657 0.3315229 0.4761544 0.2722461 0.3250997 0.4216178 0.0000000 
