26
n300_299   0.0000000 0.5872274 0.5493662 0.1363529 1.9315621 3.4091599 1.9241145 2.7778530 2.1478082 1.5151836 2.0322841 1.9999910 0.0271952 0.1202355 2.3232912 1.8261470 2.0016542 1.7953018 1.5745311 1.6371737 2.0667320 9.0000000 1.9530164 1.5456883 0.0555322 1.7145962 
n278_277   0.5872274 0.0000000 0.1124229 0.5459112 2.2556405 2.5995476 1.9817931 2.5122782 1.7387145 1.7805543 1.6997068 2.4650029 0.5636316 0.5639630 1.8976109 2.0948479 2.2775645 2.0002915 1.8015762 1.7339219 2.0844507 4.5687851 2.2005859 1.7287597 0.5789217 1.6952598 
n277_276   0.5493662 0.1124229 0.0000000 0.5467909 2.1842008 2.6800138 2.0720910 3.2352686 1.7145061 1.8558291 1.6716953 2.2783315 0.5283312 0.4986166 1.9957907 1.8634167 2.2285699 1.9650027 1.9563218 1.9533643 2.1256589 4.2447734 2.2181185 1.8339668 0.5631355 1.9050715 
n274_273   0.1363529 0.5459112 0.5467909 0.0000000 2.1240355 2.8838218 2.1194079 2.3716690 1.9670324 1.6462934 1.8775356 2.2362296 0.1445475 0.1406872 2.8975093 1.9497968 2.3891895 2.1511524 1.8169625 1.7516179 2.2987896 9.0000000 2.3134665 1.6817253 0.1654753 1.7703392 
n265_264   1.9315621 2.2556405 2.1842008 2.1240355 0.0000000 4.1669063 2.1810214 8.9999986 1.0340428 2.6098878 0.9723598 0.1610904 1.8238336 2.0448724 2.1909119 1.9291580 2.0020301 2.2372273 2.4060242 2.4140540 2.2415997 8.9999986 2.2522450 2.5063140 1.8708625 2.2781371 
n251_250   3.4091599 2.5995476 2.6800138 2.8838218 4.1669063 0.0000000 3.0223236 0.3421999 3.5556615 3.0617388 3.2051782 9.0000000 3.2327913 2.6646637 9.0000000 2.9322876 4.2234004 3.8025614 3.1633585 2.8335562 2.9437616 2.4052696 4.8652151 3.5285007 3.6214896 3.3167492 
n295_294   1.9241145 1.9817931 2.0720910 2.1194079 2.1810214 3.0223236 0.0000000 4.3809310 2.3462217 0.3211961 2.1364118 2.4879325 1.9497292 2.4796693 0.5829536 1.0800850 0.1457285 0.1331478 0.3851905 0.3385411 0.0413873 2.8280106 0.1457741 0.3384649 2.0137443 0.3495841 
n255_254   2.7778530 2.5122782 3.2352686 2.3716690 8.9999986 0.3421999 4.3809310 0.0000000 5.6808572 3.3649265 5.8451685 9.0000000 2.5982933 2.3376655 9.0000000 2.6441410 9.0000000 9.0000000 3.4037419 3.4507557 3.4794817 1.8889257 9.0000000 3.7832609 3.0456796 3.6439334 
n285_284   2.1478082 1.7387145 1.7145061 1.9670324 1.0340428 3.5556615 2.3462217 5.6808572 0.0000000 2.5504350 0.0557145 1.0571142 2.1619872 2.0394358 2.2758025 1.7375747 2.0272532 2.0785575 2.2677618 2.2488468 2.3692683 3.5555012 2.1374026 2.5779476 2.1963550 2.2804144 
n297_296   1.5151836 1.7805543 1.8558291 1.6462934 2.6098878 3.0617388 0.3211961 3.3649265 2.5504350 0.0000000 2.3598578 3.0522239 1.5329837 1.8017298 0.7370794 1.1104120 0.3114184 0.3002532 0.1127788 0.0931632 0.3380372 3.5594604 0.3062906 0.0307837 1.6396584 0.1046912 
n286_285   2.0322841 1.6997068 1.6716953 1.8775356 0.9723598 3.2051782 2.1364118 5.8451685 0.0557145 2.3598578 0.0000000 0.9930807 2.0441546 1.9352844 2.0285902 1.6103377 1.9980219 2.0478736 2.2333074 2.0160041 2.1548230 4.4230983 2.0578837 2.3828590 2.0750675 2.0414386 
n266_265   1.9999910 2.4650029 2.2783315 2.2362296 0.1610904 9.0000000 2.4879325 9.0000000 1.0571142 3.0522239 0.9930807 0.0000000 1.9534718 1.9993377 2.0326700 1.9295638 2.1341503 2.4918612 2.6587479 2.4779736 2.5724150 9.0000000 2.0214487 2.8968937 1.9491783 2.2183156 
n299_298   0.0271952 0.5636316 0.5283312 0.1445475 1.8238336 3.2327913 1.9497292 2.5982933 2.1619872 1.5329837 2.0441546 1.9534718 0.0000000 0.1282401 2.3003039 1.7877151 2.1302329 1.8603699 1.5670927 1.6285171 2.0958162 9.0000000 1.9794831 1.5424899 0.0628018 1.7049013 
n280_279   0.1202355 0.5639630 0.4986166 0.1406872 2.0448724 2.6646637 2.4796693 2.3376655 2.0394358 1.8017298 1.9352844 1.9993377 0.1282401 0.0000000 2.5700054 1.8972405 2.4822198 2.1516547 1.8488656 1.7813276 2.6411954 9.0000000 2.4682226 1.8725273 0.1402473 1.9097832 
n236_235   2.3232912 1.8976109 1.9957907 2.8975093 2.1909119 9.0000000 0.5829536 9.0000000 2.2758025 0.7370794 2.0285902 2.0326700 2.3003039 2.5700054 0.0000000 1.2195333 0.6417879 0.6238418 0.7578349 0.7502850 0.6310207 3.6694442 0.6000966 0.7689734 2.5668760 0.7596708 
n200_201   1.8261470 2.0948479 1.8634167 1.9497968 1.9291580 2.9322876 1.0800850 2.6441410 1.7375747 1.1104120 1.6103377 1.9295638 1.7877151 1.8972405 1.2195333 0.0000000 1.1036998 1.0985970 1.1651830 1.1262795 1.0751980 3.1672520 1.0538241 1.1435086 1.9852167 1.0795093 
n290_289   2.0016542 2.2775645 2.2285699 2.3891895 2.0020301 4.2234004 0.1457285 9.0000000 2.0272532 0.3114184 1.9980219 2.1341503 2.1302329 2.4822198 0.6417879 1.1036998 0.0000000 0.0414159 0.3561817 0.3220894 0.1629303 3.2087159 0.0414872 0.3399095 2.2719839 0.3332469 
n289_288   1.7953018 2.0002915 1.9650027 2.1511524 2.2372273 3.8025614 0.1331478 9.0000000 2.0785575 0.3002532 2.0478736 2.4918612 1.8603699 2.1516547 0.6238418 1.0985970 0.0414159 0.0000000 0.3563661 0.3115532 0.1499877 3.1273300 0.0414786 0.3282108 1.9343986 0.3221181 
n275_274   1.5745311 1.8015762 1.9563218 1.8169625 2.4060242 3.1633585 0.3851905 3.4037419 2.2677618 0.1127788 2.2333074 2.6587479 1.5670927 1.8488656 0.7578349 1.1651830 0.3561817 0.3563661 0.0000000 0.0934036 0.4037922 2.5402548 0.3625611 0.1332701 1.6776442 0.1090324 
n294_293   1.6371737 1.7339219 1.9533643 1.7516179 2.4140540 2.8335562 0.3385411 3.4507557 2.2488468 0.0931632 2.0160041 2.4779736 1.6285171 1.7813276 0.7502850 1.1262795 0.3220894 0.3115532 0.0934036 0.0000000 0.3504878 2.9364023 0.3168909 0.1129916 1.6606683 0.0343112 
n296_295   2.0667320 2.0844507 2.1256589 2.2987896 2.2415997 2.9437616 0.0413873 3.4794817 2.3692683 0.3380372 2.1548230 2.5724150 2.0958162 2.6411954 0.6310207 1.0751980 0.1629303 0.1499877 0.4037922 0.3504878 0.0000000 2.8296662 0.1629832 0.3557813 2.1727705 0.3617381 
n244_243   9.0000000 4.5687851 4.2447734 9.0000000 8.9999986 2.4052696 2.8280106 1.8889257 3.5555012 3.5594604 4.4230983 9.0000000 9.0000000 9.0000000 3.6694442 3.1672520 3.2087159 3.1273300 2.5402548 2.9364023 2.8296662 0.0000000 3.0720878 3.2477365 9.0000000 2.8817318 
n287_286   1.9530164 2.2005859 2.2181185 2.3134665 2.2522450 4.8652151 0.1457741 9.0000000 2.1374026 0.3062906 2.0578837 2.0214487 1.9794831 2.4682226 0.6000966 1.0538241 0.0414872 0.0414786 0.3625611 0.3168909 0.1629832 3.0720878 0.0000000 0.3345714 2.1689336 0.3225683 
n298_297   1.5456883 1.7287597 1.8339668 1.6817253 2.5063140 3.5285007 0.3384649 3.7832609 2.5779476 0.0307837 2.3828590 2.8968937 1.5424899 1.8725273 0.7689734 1.1435086 0.3399095 0.3282108 0.1332701 0.1129916 0.3557813 3.2477365 0.3345714 0.0000000 1.6743925 0.1207290 
n292_291   0.0555322 0.5789217 0.5631355 0.1654753 1.8708625 3.6214896 2.0137443 3.0456796 2.1963550 1.6396584 2.0750675 1.9491783 0.0628018 0.1402473 2.5668760 1.9852167 2.2719839 1.9343986 1.6776442 1.6606683 2.1727705 9.0000000 2.1689336 1.6743925 0.0000000 1.7731119 
n293_292   1.7145962 1.6952598 1.9050715 1.7703392 2.2781371 3.3167492 0.3495841 3.6439334 2.2804144 0.1046912 2.0414386 2.2183156 1.7049013 1.9097832 0.7596708 1.0795093 0.3332469 0.3221181 0.1090324 0.0343112 0.3617381 2.8817318 0.3225683 0.1207290 1.7731119 0.0000000 
