25
n289_290   0.0000000 0.0307252 0.0272457 0.2707669 0.3094752 0.0203466 0.2996996 0.4014832 0.0272362 0.2710472 0.0447752 0.3146901 0.3901655 0.2943424 0.0033532 0.1352645 0.3092519 0.0237898 0.1037378 0.3043249 0.2340410 0.0307167 0.3955991 0.3096236 0.2249960 
n294_295   0.0307252 0.0000000 0.0447940 0.2904041 0.3198517 0.0169027 0.3099410 0.4190130 0.0033486 0.2907099 0.0591082 0.3251469 0.3961943 0.3044967 0.0342313 0.1515590 0.3196181 0.0203276 0.1193170 0.3146223 0.2527537 0.0134937 0.4185479 0.3200071 0.2434793 
n295_296   0.0272457 0.0447940 0.0000000 0.2755735 0.3249390 0.0342232 0.3149647 0.3902016 0.0412329 0.2758599 0.0237790 0.3302727 0.3678831 0.3094793 0.0307339 0.1473361 0.3247009 0.0377293 0.1153029 0.3196728 0.2386280 0.0447814 0.3844065 0.3250976 0.2295286 
n266_267   0.2707669 0.2904041 0.2755735 0.0000000 0.2552334 0.2805061 0.2414616 0.4294394 0.2853482 0.0271839 0.2949065 0.2600492 0.3892452 0.2323538 0.2757092 0.2375068 0.2276092 0.2853314 0.2796417 0.2455901 0.1035653 0.2855622 0.4233781 0.2553506 0.0959674 
n299_300   0.3094752 0.3198517 0.3249390 0.2552334 0.0000000 0.3195665 0.0202224 0.5017430 0.3145905 0.2554940 0.3455386 0.0033305 0.4178963 0.0409862 0.3146901 0.2987541 0.0479952 0.3246315 0.3391910 0.0134119 0.2415425 0.3145694 0.4829137 0.0066732 0.2324614 
n298_299   0.0203466 0.0169027 0.0342232 0.2805061 0.3195665 0.0000000 0.3096667 0.3956431 0.0134855 0.2807989 0.0483423 0.3248553 0.3844138 0.3042291 0.0238011 0.1433585 0.3193342 0.0033490 0.1114790 0.3143440 0.2433252 0.0168981 0.3952099 0.3197212 0.2341674 
n274_275   0.2996996 0.3099410 0.3149647 0.2414616 0.0202224 0.3096667 0.0000000 0.4953370 0.3047498 0.2417052 0.3353102 0.0236557 0.4062771 0.0375199 0.3048451 0.2891308 0.0445062 0.3146694 0.3290684 0.0202212 0.2325825 0.3049810 0.4707509 0.0202301 0.2236013 
n251_252   0.4014832 0.4190130 0.3902016 0.4294394 0.5017430 0.3956431 0.4953370 0.0000000 0.4129613 0.4420331 0.4017871 0.5085838 0.3548518 0.4694237 0.4074413 0.4215720 0.4758058 0.4012423 0.4400417 0.4950374 0.4193362 0.4188347 0.0305121 0.5020322 0.4078178 
n293_294   0.0272362 0.0033486 0.0412329 0.2853482 0.3145905 0.0134855 0.3047498 0.4129613 0.0000000 0.2856473 0.0554739 0.3198449 0.3903288 0.2993505 0.0307231 0.1474025 0.3143628 0.0168935 0.1153525 0.3094024 0.2479465 0.0100929 0.4125046 0.3147433 0.2387339 
n265_266   0.2710472 0.2907099 0.2758599 0.0271839 0.2554940 0.2807989 0.2417052 0.4420331 0.2856473 0.0000000 0.2952179 0.2603155 0.3840226 0.2325864 0.2759959 0.2465031 0.2278354 0.2856305 0.2799320 0.2458379 0.0958709 0.2858617 0.4358575 0.2556111 0.0883540 
n296_297   0.0447752 0.0591082 0.0237790 0.2949065 0.3455386 0.0483423 0.3353102 0.4017871 0.0554739 0.2952179 0.0000000 0.3510258 0.3900323 0.3296600 0.0483516 0.1678944 0.3452826 0.0519122 0.1349794 0.3401250 0.2570970 0.0590914 0.3958969 0.3457098 0.2477824 
n300_301   0.3146901 0.3251469 0.3302727 0.2600492 0.0033305 0.3248553 0.0236557 0.5085838 0.3198449 0.2603155 0.3510258 0.0000000 0.4239903 0.0445226 0.3199459 0.3038785 0.0515644 0.3299575 0.3446158 0.0168092 0.2462676 0.3198232 0.4895775 0.0100360 0.2371264 
n244_245   0.3901655 0.3961943 0.3678831 0.3892452 0.4178963 0.3844138 0.4062771 0.3548518 0.3903288 0.3840226 0.3900323 0.4239903 0.0000000 0.3889175 0.3960284 0.3938312 0.4058414 0.3899326 0.4164826 0.4119005 0.3364008 0.3960297 0.3497137 0.4181190 0.3310712 
n278_279   0.2943424 0.3044967 0.3094793 0.2323538 0.0409862 0.3042291 0.0375199 0.4694237 0.2993505 0.2325864 0.3296600 0.0445226 0.3889175 0.0000000 0.2994434 0.2838693 0.0167914 0.3091928 0.3183278 0.0409837 0.2190487 0.2993306 0.4456459 0.0410020 0.2102251 
n287_288   0.0033532 0.0342313 0.0307339 0.2757092 0.3146901 0.0238011 0.3048451 0.4074413 0.0307231 0.2759959 0.0483516 0.3199459 0.3960284 0.2994434 0.0000000 0.1393400 0.3144614 0.0272612 0.1076278 0.3094991 0.2387430 0.0342218 0.4015059 0.3148423 0.2296385 
n200_201   0.1352645 0.1515590 0.1473361 0.2375068 0.2987541 0.1433585 0.2891308 0.4215720 0.1474025 0.2465031 0.1678944 0.3038785 0.3938312 0.2838693 0.1393400 0.0000000 0.2985409 0.1474012 0.1469393 0.2936906 0.2287993 0.1515107 0.4159657 0.2988965 0.2198396 
n277_278   0.3092519 0.3196181 0.3247009 0.2276092 0.0479952 0.3193342 0.0445062 0.4758058 0.3143628 0.2278354 0.3452826 0.0515644 0.4058414 0.0167914 0.3144614 0.2985409 0.0000000 0.3243946 0.3336746 0.0479922 0.2143950 0.3143416 0.4518340 0.0480138 0.2056324 
n297_298   0.0237898 0.0203276 0.0377293 0.2853314 0.3246315 0.0033490 0.3146694 0.4012423 0.0168935 0.2856305 0.0519122 0.3299575 0.3899326 0.3091928 0.0272612 0.1474012 0.3243946 0.0000000 0.1115293 0.3193732 0.2479357 0.0203220 0.4008017 0.3247894 0.2387243 
n236_237   0.1037378 0.1193170 0.1153029 0.2796417 0.3391910 0.1114790 0.3290684 0.4400417 0.1153525 0.2799320 0.1349794 0.3446158 0.4164826 0.3183278 0.1076278 0.1469393 0.3336746 0.1115293 0.0000000 0.3338380 0.2563481 0.1192794 0.4460471 0.3393582 0.2470646 
n280_281   0.3043249 0.3146223 0.3196728 0.2455901 0.0134119 0.3143440 0.0202212 0.4950374 0.3094024 0.2458379 0.3401250 0.0168092 0.4119005 0.0409837 0.3094991 0.2936906 0.0479922 0.3193732 0.3338380 0.0000000 0.2368654 0.3093817 0.4763759 0.0134169 0.2278427 
n285_286   0.2340410 0.2527537 0.2386280 0.1035653 0.2415425 0.2433252 0.2325825 0.4193362 0.2479465 0.0958709 0.2570970 0.2462676 0.3364008 0.2190487 0.2387430 0.2287993 0.2143950 0.2479357 0.2563481 0.2368654 0.0000000 0.2526636 0.4019794 0.2370166 0.0067020 
n275_276   0.0307167 0.0134937 0.0447814 0.2855622 0.3145694 0.0168981 0.3049810 0.4188347 0.0100929 0.2858617 0.0590914 0.3198232 0.3960297 0.2993306 0.0342218 0.1515107 0.3143416 0.0203220 0.1192794 0.3093817 0.2526636 0.0000000 0.4183699 0.3147220 0.2433934 
n255_256   0.3955991 0.4185479 0.3844065 0.4233781 0.4829137 0.3952099 0.4707509 0.0305121 0.4125046 0.4358575 0.3958969 0.4895775 0.3497137 0.4456459 0.4015059 0.4159657 0.4518340 0.4008017 0.4460471 0.4763759 0.4019794 0.4183699 0.0000000 0.4831870 0.3907194 
n292_293   0.3096236 0.3200071 0.3250976 0.2553506 0.0066732 0.3197212 0.0202301 0.5020322 0.3147433 0.2556111 0.3457098 0.0100360 0.4181190 0.0410020 0.3148423 0.2988965 0.0480138 0.3247894 0.3393582 0.0134169 0.2370166 0.3147220 0.4831870 0.0000000 0.2325659 
n286_287   0.2249960 0.2434793 0.2295286 0.0959674 0.2324614 0.2341674 0.2236013 0.4078178 0.2387339 0.0883540 0.2477824 0.2371264 0.3310712 0.2102251 0.2296385 0.2198396 0.2056324 0.2387243 0.2470646 0.2278427 0.0067020 0.2433934 0.3907194 0.2325659 0.0000000 
