26
n277_278   0.0000000 1.8740227 2.2919241 2.1215269 2.2371405 0.4792670 2.7872719 2.6738557 0.0973791 0.4851365 1.7753167 2.9484521 2.1881257 2.4710373 1.6246717 0.4839005 0.4855938 2.2007971 2.2941349 2.8748318 1.7391704 2.0853396 2.6690372 2.5275603 2.7094429 0.4848335 
n286_287   1.8740227 0.0000000 2.4027830 0.0815599 2.3515216 2.4723163 3.8492706 2.1461638 1.8972314 2.4858866 2.0541710 2.0237000 2.3662618 2.1769666 2.1839176 2.4465731 2.5601961 2.4518068 2.3197980 2.7180684 1.0003642 1.0479564 2.0537395 3.6324701 2.1234332 2.4770056 
n296_297   2.2919241 2.4027830 0.0000000 2.1776030 0.1531277 3.0925264 3.3081174 0.3412121 2.2849800 2.6912118 0.5463162 0.3550278 0.1495636 0.3409552 1.0671980 2.9162759 2.8610468 0.0236518 0.1452325 3.2498894 2.2365493 2.4438723 0.3639861 3.5452323 0.3466187 2.9325331 
n285_286   2.1215269 0.0815599 2.1776030 0.0000000 2.0941071 2.4178854 8.9999988 1.8483981 1.9957781 2.4407602 1.9889165 1.8496229 2.1194297 1.8692498 2.0519575 2.4438989 2.4926895 2.2184579 2.0300675 2.4192459 1.0128955 1.0665198 1.8503861 4.4276277 1.7813355 2.4323646 
n289_290   2.2371405 2.3515216 0.1531277 2.0941071 0.0000000 2.5723195 4.1863286 0.3184465 2.4622367 2.4533585 0.5341540 0.3728153 0.0521243 0.3337114 1.0528687 2.5713053 2.5315603 0.1491846 0.0631394 2.9465147 2.0401243 2.1006370 0.3642666 3.7641982 0.3343506 2.6362628 
n274_275   0.4792670 2.4723163 3.0925264 2.4178854 2.5723195 0.0000000 2.9939858 2.4066637 0.4949533 0.1330254 1.9552669 2.8975717 2.4816720 2.4209321 1.8301624 0.1581529 0.1496216 2.9615209 2.9606793 3.3853487 2.3418871 2.4734202 2.6363483 2.3801424 2.4573395 0.1373149 
n255_256   2.7872719 3.8492706 3.3081174 8.9999988 4.1863286 2.9939858 0.0000000 3.0879025 3.0562552 4.0393330 4.0850623 3.2312109 3.4128995 3.4998824 2.2419453 4.3185851 3.9070216 3.3420142 4.3199238 2.3763401 1.9775950 2.3234896 3.8048487 0.3583781 3.2314281 4.1470501 
n275_276   2.6738557 2.1461638 0.3412121 1.8483981 0.3184465 2.4066637 3.0879025 0.0000000 3.0487090 2.1762112 0.5358920 0.1329847 0.3301027 0.1254240 1.1158575 2.2390375 2.0993884 0.3414323 0.3290931 3.0399133 2.3292612 2.7437254 0.1298243 2.9227268 0.1217087 2.3691728 
n278_279   0.0973791 1.8972314 2.2849800 1.9957781 2.4622367 0.4949533 3.0562552 3.0487090 0.0000000 0.4997103 1.8319005 3.3168903 2.3901137 2.8346764 1.7280553 0.5139965 0.4870832 2.1945778 2.5170588 2.8642581 1.6912428 1.9735330 2.9351135 2.8293962 3.2511969 0.4918546 
n299_300   0.4851365 2.4858866 2.6912118 2.4407602 2.4533585 0.1330254 4.0393330 2.1762112 0.4997103 0.0000000 2.0159610 2.4960159 2.3676508 2.2757392 1.8151498 0.0593856 0.1045296 2.5915295 2.6991667 4.0450335 2.2647950 2.6640138 2.3282421 2.5401795 2.3276457 0.0134741 
n236_237   1.7753167 2.0541710 0.5463162 1.9889165 0.5341540 1.9552669 4.0850623 0.5358920 1.8319005 2.0159610 0.0000000 0.5285991 0.5059204 0.5497252 0.8377877 1.9733351 1.9792514 0.5613288 0.5357290 5.0236478 1.8254159 2.1971227 0.5464605 3.1433803 0.5441732 1.9806353 
n293_294   2.9484521 2.0237000 0.3550278 1.8496229 0.3728153 2.8975717 3.2312109 0.1329847 3.3168903 2.4960159 0.5285991 0.0000000 0.3798294 0.1414140 1.0912498 2.5297565 2.4864226 0.3500654 0.3730477 3.3087282 2.4036583 2.7204444 0.0521240 2.7963107 0.1416435 2.7643069 
n290_291   2.1881257 2.3662618 0.1495636 2.1194297 0.0521243 2.4816720 3.4128995 0.3301027 2.3901137 2.3676508 0.5059204 0.3798294 0.0000000 0.3456158 1.0697057 2.4778702 2.4393689 0.1456213 0.0597005 2.5811746 2.0090903 2.1465177 0.3712200 3.0981497 0.3462858 2.5368208 
n297_298   2.4710373 2.1769666 0.3409552 1.8692498 0.3337114 2.4209321 3.4998824 0.1254240 2.8346764 2.2757392 0.5497252 0.1414140 0.3456158 0.0000000 1.0618513 2.3012011 2.1764864 0.3411751 0.3394256 2.8925679 2.1002551 2.4560201 0.1547384 3.1462229 0.0238762 2.4882963 
n200_201   1.6246717 2.1839176 1.0671980 2.0519575 1.0528687 1.8301624 2.2419453 1.1158575 1.7280553 1.8151498 0.8377877 1.0912498 1.0697057 1.0618513 0.0000000 1.9446355 1.8440006 1.0853222 1.0829858 3.9297533 2.1361428 2.1493796 1.1302979 2.7983753 1.0278384 1.9257239 
n292_293   0.4839005 2.4465731 2.9162759 2.4438989 2.5713053 0.1581529 4.3185851 2.2390375 0.5139965 0.0593856 1.9733351 2.5297565 2.4778702 2.3012011 1.9446355 0.0000000 0.1285433 2.8000464 2.9195406 3.9038884 2.2665623 2.3978296 2.3550865 2.9359402 2.3548520 0.0631355 
n280_281   0.4855938 2.5601961 2.8610468 2.4926895 2.5315603 0.1496216 3.9070216 2.0993884 0.4870832 0.1045296 1.9792514 2.4864226 2.4393689 2.1764864 1.8440006 0.1285433 0.0000000 2.7477633 2.8152279 3.8088740 2.3617156 2.5677259 2.2522337 2.7591712 2.2244189 0.1085918 
n295_296   2.2007971 2.4518068 0.0236518 2.2184579 0.1491846 2.9615209 3.3420142 0.3414323 2.1945778 2.5915295 0.5613288 0.3500654 0.1456213 0.3411751 1.0853222 2.8000464 2.7477633 0.0000000 0.1413128 3.0348658 2.1371251 2.4169848 0.3647997 3.2165459 0.3468414 2.6836799 
n287_288   2.2941349 2.3197980 0.1452325 2.0300675 0.0631394 2.9606793 4.3199238 0.3290931 2.5170588 2.6991667 0.5357290 0.3730477 0.0597005 0.3394256 1.0829858 2.9195406 2.8152279 0.1413128 0.0000000 3.3843697 2.0573149 2.2615653 0.3644939 4.4732181 0.3400791 2.9354616 
n244_245   2.8748318 2.7180684 3.2498894 2.4192459 2.9465147 3.3853487 2.3763401 3.0399133 2.8642581 4.0450335 5.0236478 3.3087282 2.5811746 2.8925679 3.9297533 3.9038884 3.8088740 3.0348658 3.3843697 0.0000000 2.7673950 2.9088501 3.4665492 2.2966360 2.9011531 3.7383247 
n265_266   1.7391704 1.0003642 2.2365493 1.0128955 2.0401243 2.3418871 1.9775950 2.3292612 1.6912428 2.2647950 1.8254159 2.4036583 2.0090903 2.1002551 2.1361428 2.2665623 2.3617156 2.1371251 2.0573149 2.7673950 0.0000000 0.1946122 2.4918490 2.0980829 2.0648539 2.1678597 
n266_267   2.0853396 1.0479564 2.4438723 1.0665198 2.1006370 2.4734202 2.3234896 2.7437254 1.9735330 2.6640138 2.1971227 2.7204444 2.1465177 2.4560201 2.1493796 2.3978296 2.5677259 2.4169848 2.2615653 2.9088501 0.1946122 0.0000000 2.9887223 2.1748465 2.3358310 2.4717318 
n294_295   2.6690372 2.0537395 0.3639861 1.8503861 0.3642666 2.6363483 3.8048487 0.1298243 2.9351135 2.3282421 0.5464605 0.0521240 0.3712200 0.1547384 1.1302979 2.3550865 2.2522337 0.3647997 0.3644939 3.4665492 2.4918490 2.9887223 0.0000000 3.1511614 0.1509241 2.5489177 
n251_252   2.5275603 3.6324701 3.5452323 4.4276277 3.7641982 2.3801424 0.3583781 2.9227268 2.8293962 2.5401795 3.1433803 2.7963107 3.0981497 3.1462229 2.7983753 2.9359402 2.7591712 3.2165459 4.4732181 2.2966360 2.0980829 2.1748465 3.1511614 0.0000000 3.0729810 2.6036576 
n298_299   2.7094429 2.1234332 0.3466187 1.7813355 0.3343506 2.4573395 3.2314281 0.1217087 3.2511969 2.3276457 0.5441732 0.1416435 0.3462858 0.0238762 1.0278384 2.3548520 2.2244189 0.3468414 0.3400791 2.9011531 2.0648539 2.3358310 0.1509241 3.0729810 0.0000000 2.5518840 
n300_301   0.4848335 2.4770056 2.9325331 2.4323646 2.6362628 0.1373149 4.1470501 2.3691728 0.4918546 0.0134741 1.9806353 2.7643069 2.5368208 2.4882963 1.9257239 0.0631355 0.1085918 2.6836799 2.9354616 3.7383247 2.1678597 2.4717318 2.5489177 2.6036576 2.5518840 0.0000000 
