24
n294_297   0.0000000 0.3145996 0.3200421 0.4476095 0.2468918 0.0446315 0.2514404 0.0202715 0.2893126 0.0446705 0.2997653 0.1515523 0.4240859 0.0100692 0.0411390 0.3145772 0.0100660 0.0446370 0.0482278 0.4540816 0.3148976 0.3000112 0.2796202 0.0771996 
n274_277   0.3145996 0.0000000 0.0237118 0.4715139 0.2756161 0.2995206 0.2709116 0.3248769 0.0958965 0.2999144 0.3157615 0.3200224 0.3836585 0.3096731 0.3001068 0.0237065 0.3095569 0.2945725 0.3102015 0.4781761 0.0202750 0.3160219 0.0846043 0.2898083 
n280_283   0.3200421 0.0237118 0.0000000 0.4659961 0.2758098 0.3048399 0.2711013 0.3304046 0.0847091 0.3052438 0.3159911 0.3255119 0.3841220 0.3150771 0.3054411 0.0067024 0.3149591 0.2998533 0.3156179 0.4726212 0.0033439 0.3112025 0.0735724 0.2950565 
n255_258   0.4476095 0.4715139 0.4659961 0.0000000 0.4186280 0.4351195 0.4129949 0.4477944 0.4343458 0.4241189 0.4358030 0.4130017 0.3390402 0.4357017 0.4361606 0.4655808 0.4356659 0.4292251 0.4308034 0.0410996 0.4658933 0.4485662 0.4285168 0.4068443 
n285_288   0.2468918 0.2756161 0.2758098 0.4186280 0.0000000 0.2423743 0.0033339 0.2562824 0.2607998 0.2426653 0.1308752 0.2662900 0.3899980 0.2423573 0.2428105 0.2755962 0.2422704 0.2377723 0.2521678 0.4306266 0.2758696 0.1309774 0.2514416 0.2333461 
n289_292   0.0446315 0.2995206 0.3048399 0.4351195 0.2423743 0.0000000 0.2468987 0.0517476 0.2793436 0.0134706 0.2949237 0.1433750 0.4124065 0.0411155 0.0202946 0.2994992 0.0411024 0.0067042 0.0271873 0.4414780 0.2998010 0.2951653 0.2697853 0.0735558 
n286_289   0.2514404 0.2709116 0.2711013 0.4129949 0.0033339 0.2468987 0.0000000 0.2608859 0.2561905 0.2471972 0.1269564 0.2709586 0.3845626 0.2468828 0.2473459 0.2708920 0.2467932 0.2422714 0.2567570 0.4249104 0.2711599 0.1270553 0.2468850 0.2378247 
n275_278   0.0202715 0.3248769 0.3304046 0.4477944 0.2562824 0.0517476 0.2608859 0.0000000 0.2896158 0.0517934 0.3098539 0.1557098 0.4298033 0.0168604 0.0518178 0.3248538 0.0168546 0.0517542 0.0590148 0.4603569 0.3251874 0.3101086 0.2894131 0.0846420 
n277_280   0.2893126 0.0958965 0.0847091 0.4343458 0.2607998 0.2793436 0.2561905 0.2896158 0.0000000 0.2796980 0.3000900 0.3046727 0.3675354 0.2845440 0.2847199 0.0808992 0.2844398 0.2745325 0.2945859 0.4406886 0.0809694 0.3003362 0.0100590 0.2649446 
n287_290   0.0446705 0.2999144 0.3052438 0.4241189 0.2426653 0.0134706 0.2471972 0.0517934 0.2796980 0.0000000 0.2953086 0.1435223 0.4130555 0.0411513 0.0203116 0.2998928 0.0411381 0.0134720 0.0237583 0.4422042 0.3001949 0.2955509 0.2701223 0.0736231 
n266_269   0.2997653 0.3157615 0.3159911 0.4358030 0.1308752 0.2949237 0.1269564 0.3098539 0.3000900 0.2953086 0.0000000 0.3003403 0.4424740 0.2949214 0.2905910 0.3157388 0.2897151 0.2899960 0.3005752 0.4366126 0.3160613 0.0134241 0.2852439 0.2755227 
n200_203   0.1515523 0.3200224 0.3255119 0.4130017 0.2662900 0.1433750 0.2709586 0.1557098 0.3046727 0.1435223 0.3003403 0.0000000 0.4248218 0.1475185 0.1355522 0.3199995 0.1474683 0.1434013 0.1396417 0.4490265 0.3203263 0.2956440 0.2947738 0.1393710 
n244_247   0.4240859 0.3836585 0.3841220 0.3390402 0.3899980 0.4124065 0.3845626 0.4298033 0.3675354 0.4130555 0.4424740 0.4248218 0.0000000 0.4184225 0.4190311 0.3838003 0.4182552 0.4066713 0.4309169 0.3499738 0.3840426 0.4371181 0.3567836 0.4358649 
n297_300   0.0100692 0.3096731 0.3150771 0.4357017 0.2423573 0.0411155 0.2468828 0.0168604 0.2845440 0.0411513 0.2949214 0.1475185 0.4184225 0.0000000 0.0411704 0.3096509 0.0066977 0.0411205 0.0482649 0.4420754 0.3099648 0.2951631 0.2749075 0.0735366 
n296_299   0.0411390 0.3001068 0.3054411 0.4361606 0.2428105 0.0202946 0.2473459 0.0518178 0.2847199 0.0203116 0.2905910 0.1355522 0.4190311 0.0411704 0.0000000 0.3000852 0.0411573 0.0202968 0.0067140 0.4425439 0.3003878 0.2908293 0.2750767 0.0736587 
n299_302   0.3145772 0.0237065 0.0067024 0.4655808 0.2755962 0.2994992 0.2708920 0.3248538 0.0808992 0.2998928 0.3157388 0.3199995 0.3838003 0.3096509 0.3000852 0.0000000 0.3095349 0.2945514 0.3101793 0.4721983 0.0033432 0.3109548 0.0698295 0.2897875 
n293_296   0.0100660 0.3095569 0.3149591 0.4356659 0.2422704 0.0411024 0.2467932 0.0168546 0.2844398 0.0411381 0.2897151 0.1474683 0.4182552 0.0066977 0.0411573 0.3095349 0.0000000 0.0411074 0.0482494 0.4420390 0.3098491 0.2899530 0.2748074 0.0735127 
n290_293   0.0446370 0.2945725 0.2998533 0.4292251 0.2377723 0.0067042 0.2422714 0.0517542 0.2745325 0.0134720 0.2899960 0.1434013 0.4066713 0.0411205 0.0202968 0.2945514 0.0411074 0.0000000 0.0271904 0.4355367 0.2948472 0.2902334 0.2650322 0.0735661 
n295_298   0.0482278 0.3102015 0.3156179 0.4308034 0.2521678 0.0271873 0.2567570 0.0590148 0.2945859 0.0237583 0.3005752 0.1396417 0.4309169 0.0482649 0.0067140 0.3101793 0.0482494 0.0271904 0.0000000 0.4431117 0.3104943 0.3008223 0.2848175 0.0737178 
n251_254   0.4540816 0.4781761 0.4726212 0.0410996 0.4306266 0.4414780 0.4249104 0.4603569 0.4406886 0.4422042 0.4366126 0.4490265 0.3499738 0.4420754 0.4425439 0.4721983 0.4420390 0.4355367 0.4431117 0.0000000 0.4725164 0.4493999 0.4348137 0.4129893 
n292_295   0.3148976 0.0202750 0.0033439 0.4658933 0.2758696 0.2998010 0.2711599 0.3251874 0.0809694 0.3001949 0.3160613 0.3203263 0.3840426 0.3099648 0.3003878 0.0033432 0.3098491 0.2948472 0.3104943 0.4725164 0.0000000 0.3112715 0.0698897 0.2900773 
n265_268   0.3000112 0.3160219 0.3112025 0.4485662 0.1309774 0.2951653 0.1270553 0.3101086 0.3003362 0.2955509 0.0134241 0.2956440 0.4371181 0.2951631 0.2908293 0.3109548 0.2899530 0.2902334 0.3008223 0.4493999 0.3112715 0.0000000 0.2854772 0.2805027 
n278_281   0.2796202 0.0846043 0.0735724 0.4285168 0.2514416 0.2697853 0.2468850 0.2894131 0.0100590 0.2701223 0.2852439 0.2947738 0.3567836 0.2749075 0.2750767 0.0698295 0.2748074 0.2650322 0.2848175 0.4348137 0.0698897 0.2854772 0.0000000 0.2555588 
n236_239   0.0771996 0.2898083 0.2950565 0.4068443 0.2333461 0.0735558 0.2378247 0.0846420 0.2649446 0.0736231 0.2755227 0.1393710 0.4358649 0.0735366 0.0736587 0.2897875 0.0735127 0.0735661 0.0737178 0.4129893 0.2900773 0.2805027 0.2555588 0.0000000 
