26
n277_278   0.0000000 1.5736230 1.7465500 1.4264814 1.8306340 0.4366873 2.6578907 1.6652451 0.0816651 0.4179647 1.5007325 1.4834442 1.8784311 1.5414927 1.4873081 0.4172102 0.4198567 1.6945604 1.7920566 2.2389156 1.4619475 1.5985188 1.5290079 3.4720251 1.5970565 0.3988450 
n286_287   1.5736230 0.0000000 1.7803616 0.0702778 1.9114493 1.6794845 3.0013909 2.0714512 1.4777019 1.4139947 1.9166844 1.8893943 2.0397600 1.8852773 2.7060770 1.4440499 1.5173938 1.7886628 1.8302055 3.4907345 1.0177856 0.9453815 2.1697274 2.7969572 1.7842524 1.4384424 
n296_297   1.7465500 1.7803616 0.0000000 1.6864129 0.1838730 2.0448195 2.8527897 0.3725897 1.5673864 2.0981734 0.6205905 0.3707417 0.2017280 0.3718569 0.9354238 1.8937249 2.0644599 0.0483303 0.2016258 2.9714832 2.2487783 1.9105735 0.3655247 2.9128245 0.3840828 1.9675608 
n285_286   1.4264814 0.0702778 1.6864129 0.0000000 1.8373756 1.6615712 2.3874905 2.0160696 1.3596268 1.3902979 2.0587532 1.8628519 1.9552465 1.8592781 2.5391972 1.4194722 1.5154314 1.6937359 1.8314923 2.9924122 1.0349485 0.9783702 2.0451294 2.3802082 1.8023445 1.4140407 
n289_290   1.8306340 1.9114493 0.1838730 1.8373756 0.0000000 2.0754275 2.6647093 0.3227768 1.5926296 1.9350612 0.5981520 0.3001735 0.0447316 0.3275613 0.8733519 1.8578036 1.9841763 0.1537162 0.0591800 3.5607749 2.5261326 1.9296858 0.3168629 2.7127751 0.3332592 1.9403903 
n274_275   0.4366873 1.6794845 2.0448195 1.6615712 2.0754275 0.0000000 2.7303329 1.6495302 0.4254562 0.1332553 1.7718068 1.5564644 1.9745733 1.5978532 1.7728254 0.1373749 0.1458766 1.9143883 1.9724272 1.7534759 2.1901895 2.2446242 1.6248035 3.6046259 1.6298113 0.1252705 
n255_256   2.6578907 3.0013909 2.8527897 2.3874905 2.6647093 2.7303329 0.0000000 4.4739909 2.5516769 2.8033497 2.7375065 3.6829821 2.5707882 3.9119863 2.3017689 2.5625388 2.6902806 2.8311258 2.5037757 4.3343151 3.4903778 8.0993047 4.0488925 0.3405578 4.5237548 2.7065510 
n275_276   1.6652451 2.0714512 0.3725897 2.0160696 0.3227768 1.6495302 4.4739909 0.0000000 1.5047001 1.8238203 0.6758052 0.1128603 0.3125796 0.1451052 1.0774831 1.8581439 1.9432684 0.3227196 0.3394684 8.9999981 2.3243404 2.1077871 0.0933190 3.8385069 0.1494730 1.8648424 
n278_279   0.0816651 1.4777019 1.5673864 1.3596268 1.5926296 0.4254562 2.5516769 1.5047001 0.0000000 0.3941830 1.3956253 1.3957883 1.6289214 1.4954114 1.4845946 0.3934878 0.4073795 1.4985434 1.5630912 2.3861742 1.4843513 1.6110404 1.4596473 3.7776862 1.4980404 0.3756961 
n299_300   0.4179647 1.4139947 2.0981734 1.3902979 1.9350612 0.1332553 2.8033497 1.8238203 0.3941830 0.0000000 1.6430058 1.5803873 1.9485345 1.6371500 1.8390922 0.0273070 0.0974940 1.9826260 1.8736781 1.7574747 2.1923101 2.1468633 1.7010211 4.1046021 1.6699169 0.0169519 
n236_237   1.5007325 1.9166844 0.6205905 2.0587532 0.5981520 1.7718068 2.7375065 0.6758052 1.3956253 1.6430058 0.0000000 0.6644999 0.6225887 0.7080372 0.9488094 1.5797808 1.6277697 0.5969649 0.5887215 3.5798149 2.1585825 2.1322817 0.6742369 2.7652703 0.7078907 1.5905979 
n293_294   1.4834442 1.8893943 0.3707417 1.8628519 0.3001735 1.5564644 3.6829821 0.1128603 1.3957883 1.5803873 0.6644999 0.0000000 0.2903021 0.1753165 1.0530316 1.6070429 1.6432976 0.3215313 0.3222022 3.1261008 2.3127870 1.9391183 0.0448948 3.1952642 0.1843129 1.6116029 
n290_291   1.8784311 2.0397600 0.2017280 1.9552465 0.0447316 1.9745733 2.5707882 0.3125796 1.6289214 1.9485345 0.6225887 0.2903021 0.0000000 0.3334601 0.9076482 1.8698164 1.9714351 0.1623536 0.0556966 3.8923057 2.4514382 1.9232348 0.3067576 2.6424306 0.3392139 1.9539817 
n297_298   1.5414927 1.8852773 0.3718569 1.8592781 0.3275613 1.5978532 3.9119863 0.1451052 1.4954114 1.6371500 0.7080372 0.1753165 0.3334601 0.0000000 1.0765366 1.7240589 1.7280264 0.3445351 0.3495821 3.8093529 2.1411601 1.7243871 0.1581292 3.1128759 0.0272104 1.6706692 
n200_201   1.4873081 2.7060770 0.9354238 2.5391972 0.8733519 1.7728254 2.3017689 1.0774831 1.4845946 1.8390922 0.9488094 1.0530316 0.9076482 1.0765366 0.0000000 1.8353215 1.8457581 0.8991905 0.9285970 2.5127802 1.9255290 2.0824864 1.0265160 2.2366556 1.0905363 1.8536819 
n292_293   0.4172102 1.4440499 1.8937249 1.4194722 1.8578036 0.1373749 2.5625388 1.8581439 0.3934878 0.0273070 1.5797808 1.6070429 1.8698164 1.7240589 1.8353215 0.0000000 0.1012538 1.8572328 1.8009726 1.8552227 2.3468695 2.2945784 1.7313842 3.4956552 1.7599679 0.0169300 
n280_281   0.4198567 1.5173938 2.0644599 1.5154314 1.9841763 0.1458766 2.6902806 1.9432684 0.4073795 0.0974940 1.6277697 1.6432976 1.9714351 1.7280264 1.8457581 0.1012538 0.0000000 1.8879333 1.8563752 1.8013692 2.2871421 2.2709776 1.8409775 4.2926098 1.7250266 0.0897405 
n295_296   1.6945604 1.7886628 0.0483303 1.6937359 0.1537162 1.9143883 2.8311258 0.3227196 1.4985434 1.9826260 0.5969649 0.3215313 0.1623536 0.3445351 0.8991905 1.8572328 1.8879333 0.0000000 0.1622776 3.1865576 2.3244055 1.9627706 0.3166016 2.8880205 0.3562978 1.8654110 
n287_288   1.7920566 1.8302055 0.2016258 1.8314923 0.0591800 1.9724272 2.5037757 0.3394684 1.5630912 1.8736781 0.5887215 0.3222022 0.0556966 0.3495821 0.9285970 1.8009726 1.8563752 0.1622776 0.0000000 3.6146553 2.2049346 1.8530814 0.3340031 2.4876168 0.3554682 1.8786311 
n244_245   2.2389156 3.4907345 2.9714832 2.9924122 3.5607749 1.7534759 4.3343151 8.9999981 2.3861742 1.7574747 3.5798149 3.1261008 3.8923057 3.8093529 2.5127802 1.8552227 1.8013692 3.1865576 3.6146553 0.0000000 2.4388117 2.7561944 4.0391138 3.7020964 4.6626306 1.8279725 
n265_266   1.4619475 1.0177856 2.2487783 1.0349485 2.5261326 2.1901895 3.4903778 2.3243404 1.4843513 2.1923101 2.1585825 2.3127870 2.4514382 2.1411601 1.9255290 2.3468695 2.2871421 2.3244055 2.2049346 2.4388117 0.0000000 0.1834403 2.6289250 2.4746432 2.1325441 2.2511709 
n266_267   1.5985188 0.9453815 1.9105735 0.9783702 1.9296858 2.2446242 8.0993047 2.1077871 1.6110404 2.1468633 2.1322817 1.9391183 1.9232348 1.7243871 2.0824864 2.2945784 2.2709776 1.9627706 1.8530814 2.7561944 0.1834403 0.0000000 2.1333805 3.0820607 1.7280234 2.1544532 
n294_295   1.5290079 2.1697274 0.3655247 2.0451294 0.3168629 1.6248035 4.0488925 0.0933190 1.4596473 1.7010211 0.6742369 0.0448948 0.3067576 0.1581292 1.0265160 1.7313842 1.8409775 0.3166016 0.3340031 4.0391138 2.6289250 2.1333805 0.0000000 4.2887365 0.1626075 1.7369427 
n251_252   3.4720251 2.7969572 2.9128245 2.3802082 2.7127751 3.6046259 0.3405578 3.8385069 3.7776862 4.1046021 2.7652703 3.1952642 2.6424306 3.1128759 2.2366556 3.4956552 4.2926098 2.8880205 2.4876168 3.7020964 2.4746432 3.0820607 4.2887365 0.0000000 3.3907345 3.8333820 
n298_299   1.5970565 1.7842524 0.3840828 1.8023445 0.3332592 1.6298113 4.5237548 0.1494730 1.4980404 1.6699169 0.7078907 0.1843129 0.3392139 0.0272104 1.0905363 1.7599679 1.7250266 0.3562978 0.3554682 4.6626306 2.1325441 1.7280234 0.1626075 3.3907345 0.0000000 1.7046988 
n300_301   0.3988450 1.4384424 1.9675608 1.4140407 1.9403903 0.1252705 2.7065510 1.8648424 0.3756961 0.0169519 1.5905979 1.6116029 1.9539817 1.6706692 1.8536819 0.0169300 0.0897405 1.8654110 1.8786311 1.8279725 2.2511709 2.1544532 1.7369427 3.8333820 1.7046988 0.0000000 
