25
n295_290   0.0000000 0.2985798 0.0033370 0.2940116 0.2727111 0.2879190 0.3705485 0.2987264 0.3093874 0.0376815 0.0341170 0.0376077 0.3090562 0.1401030 0.3039185 0.0483590 0.0411647 0.0306392 0.3038569 0.0412212 0.3282803 0.0446926 0.2871121 0.0889913 0.2840646 
n300_295   0.2985798 0.0000000 0.2936489 0.0134455 0.2781440 0.0772554 0.3768828 0.2890674 0.0134533 0.2845413 0.2889643 0.2986775 0.0134476 0.2991965 0.0033353 0.2948625 0.2842692 0.2888438 0.2992401 0.2795946 0.3559040 0.2843878 0.2873650 0.2699644 0.0700762 
n296_291   0.0033370 0.2936489 0.0000000 0.2891033 0.2679570 0.2830647 0.3707624 0.2937944 0.3043793 0.0341827 0.0306401 0.0341160 0.3040547 0.1360885 0.2989502 0.0448076 0.0376535 0.0271772 0.2988916 0.0377051 0.3284648 0.0411660 0.2822734 0.0852381 0.2792186 
n274_269   0.2940116 0.0134455 0.2891033 0.0000000 0.2737764 0.0699689 0.3718799 0.2896008 0.0168758 0.2850654 0.2845395 0.2942141 0.0202916 0.2947248 0.0100650 0.2954100 0.2847924 0.2844208 0.2997965 0.2801077 0.3510064 0.2849113 0.2829657 0.2704568 0.0628348 
n286_281   0.2727111 0.2781440 0.2679570 0.2737764 0.0000000 0.2490692 0.3642487 0.1159522 0.2887780 0.2542111 0.2584400 0.2631293 0.2886602 0.2593847 0.2784136 0.2689105 0.2634776 0.2537633 0.1239009 0.2638591 0.3381682 0.2635860 0.0100150 0.2645615 0.2402714 
n278_273   0.2879190 0.0772554 0.2830647 0.0699689 0.2490692 0.0000000 0.3708871 0.2594840 0.0811179 0.2692639 0.2687723 0.2782252 0.0811379 0.2839571 0.0735926 0.2745510 0.2690081 0.2686614 0.2692397 0.2644270 0.3447785 0.2691194 0.2579794 0.2549999 0.0237295 
n251_246   0.3705485 0.3768828 0.3707624 0.3718799 0.3642487 0.3708871 0.0000000 0.3603915 0.3949575 0.3663614 0.3600362 0.3708898 0.3947778 0.3719161 0.3828579 0.3835785 0.3660173 0.3654657 0.3715716 0.3720695 0.0480201 0.3661748 0.3804313 0.3619969 0.3609130 
n265_260   0.2987264 0.2890674 0.2937944 0.2896008 0.1159522 0.2594840 0.3603915 0.0000000 0.3049790 0.2797757 0.2938837 0.2988090 0.3048521 0.2945699 0.2943374 0.2950812 0.2843973 0.2889729 0.0135004 0.2897770 0.3345838 0.2845158 0.1277058 0.2850476 0.2554130 
n292_287   0.3093874 0.0134533 0.3043793 0.0168758 0.2887780 0.0811179 0.3949575 0.3049790 0.0000000 0.2951472 0.2946000 0.3043999 0.0203043 0.3102191 0.0100713 0.3056444 0.2948635 0.2944767 0.3154012 0.2901205 0.3734547 0.2949872 0.2981341 0.2854512 0.0739000 
n297_292   0.0376815 0.2845413 0.0341827 0.2850654 0.2542111 0.2692639 0.3663614 0.2797757 0.2951472 0.0000000 0.0307093 0.0341931 0.3002403 0.1323908 0.2897825 0.0101151 0.0134943 0.0272385 0.2847868 0.0101087 0.3242117 0.0169037 0.2682987 0.0779510 0.2654356 
n287_282   0.0341170 0.2889643 0.0306401 0.2845395 0.2584400 0.2687723 0.3600362 0.2938837 0.2946000 0.0307093 0.0000000 0.0100673 0.2996824 0.1280845 0.2892472 0.0412855 0.0341689 0.0033422 0.2989818 0.0342155 0.3182978 0.0376673 0.2725821 0.0815284 0.2649503 
n290_285   0.0376077 0.2986775 0.0341160 0.2942141 0.2631293 0.2782252 0.3708898 0.2988090 0.3043999 0.0341931 0.0100673 0.0000000 0.3095468 0.1320542 0.2989716 0.0448211 0.0376649 0.0066979 0.3039404 0.0377165 0.3285834 0.0411785 0.2773538 0.0852628 0.2743883 
n280_275   0.3090562 0.0134476 0.3040547 0.0202916 0.2886602 0.0811379 0.3947778 0.3048521 0.0203043 0.3002403 0.2996824 0.3095468 0.0000000 0.3100893 0.0100673 0.3055170 0.2999513 0.2995566 0.3152685 0.2951782 0.3732882 0.3000774 0.2980115 0.2853347 0.0739184 
n200_201   0.1401030 0.2991965 0.1360885 0.2947248 0.2593847 0.2839571 0.3719161 0.2945699 0.3102191 0.1323908 0.1280845 0.1320542 0.3100893 0.0000000 0.2994916 0.1447527 0.1362889 0.1241261 0.2996821 0.1364880 0.3402755 0.1363424 0.2735874 0.1366898 0.2698988 
n299_294   0.3039185 0.0033353 0.2989502 0.0100650 0.2784136 0.0735926 0.3828579 0.2943374 0.0100713 0.2897825 0.2892472 0.2989716 0.0100673 0.2994916 0.0000000 0.3001890 0.2895048 0.2891264 0.3045918 0.2847971 0.3617089 0.2896258 0.2876448 0.2750953 0.0664378 
n298_293   0.0483590 0.2948625 0.0448076 0.2954100 0.2689105 0.2745510 0.3835785 0.2950812 0.3056444 0.0101151 0.0412855 0.0448211 0.3055170 0.1447527 0.3001890 0.0000000 0.0238076 0.0377626 0.3002039 0.0203818 0.3404591 0.0272672 0.2832829 0.0893564 0.2756363 
n294_289   0.0411647 0.2842692 0.0376535 0.2847924 0.2634776 0.2690081 0.3660173 0.2843973 0.2948635 0.0134943 0.0341689 0.0376649 0.2999513 0.1362889 0.2895048 0.0238076 0.0000000 0.0306856 0.2894361 0.0169136 0.3239135 0.0033478 0.2777234 0.0816158 0.2651830 
n289_284   0.0306392 0.2888438 0.0271772 0.2844208 0.2537633 0.2686614 0.3654657 0.2889729 0.2944767 0.0272385 0.0033422 0.0066979 0.2995566 0.1241261 0.2891264 0.0377626 0.0306856 0.0000000 0.2940381 0.0307275 0.3234409 0.0341689 0.2678237 0.0778059 0.2648407 
n266_261   0.3038569 0.2992401 0.2988916 0.2997965 0.1239009 0.2692397 0.3715716 0.0135004 0.3154012 0.2847868 0.2989818 0.3039404 0.3152685 0.2996821 0.3045918 0.3002039 0.2894361 0.2940381 0.0000000 0.2948586 0.3453958 0.2895570 0.1357811 0.2900990 0.2651358 
n275_270   0.0412212 0.2795946 0.0377051 0.2801077 0.2638591 0.2644270 0.3720695 0.2897770 0.2901205 0.0101087 0.0342155 0.0377165 0.2951782 0.1364880 0.2847971 0.0203818 0.0169136 0.0307275 0.2948586 0.0000000 0.3295977 0.0203395 0.2781282 0.0817315 0.2606082 
n255_250   0.3282803 0.3559040 0.3284648 0.3510064 0.3381682 0.3447785 0.0480201 0.3345838 0.3734547 0.3242117 0.3182978 0.3285834 0.3732882 0.3402755 0.3617089 0.3404591 0.3239135 0.3234409 0.3453958 0.3295977 0.0000000 0.3240504 0.3538333 0.3148250 0.3350698 
n293_288   0.0446926 0.2843878 0.0411660 0.2849113 0.2635860 0.2691194 0.3661748 0.2845158 0.2949872 0.0169037 0.0376673 0.0411785 0.3000774 0.1363424 0.2896258 0.0272672 0.0033478 0.0341689 0.2895570 0.0203395 0.3240504 0.0000000 0.2778383 0.0853598 0.2652928 
n285_280   0.2871121 0.2873650 0.2822734 0.2829657 0.0100150 0.2579794 0.3804313 0.1277058 0.2981341 0.2682987 0.2725821 0.2773538 0.2980115 0.2735874 0.2876448 0.2832829 0.2777234 0.2678237 0.1357811 0.2781282 0.3538333 0.2778383 0.0000000 0.2788738 0.2491090 
n236_233   0.0889913 0.2699644 0.0852381 0.2704568 0.2645615 0.2549999 0.3619969 0.2850476 0.2854512 0.0779510 0.0815284 0.0852628 0.2853347 0.1366898 0.2750953 0.0893564 0.0816158 0.0778059 0.2900990 0.0817315 0.3148250 0.0853598 0.2788738 0.0000000 0.2511973 
n277_272   0.2840646 0.0700762 0.2792186 0.0628348 0.2402714 0.0237295 0.3609130 0.2554130 0.0739000 0.2654356 0.2649503 0.2743883 0.0739184 0.2698988 0.0664378 0.2756363 0.2651830 0.2648407 0.2651358 0.2606082 0.3350698 0.2652928 0.2491090 0.2511973 0.0000000 
