24
n298_299   0.0000000 0.2441720 0.1367156 0.2535126 0.0448791 0.2679456 0.2440922 0.0169022 0.0100860 0.0448791 0.2395245 0.0413121 0.4507476 0.2441710 0.0448791 0.0816085 0.4985636 0.2538250 0.0203347 0.2488880 0.2727998 0.0413107 0.4411470 0.2441317 
n280_281   0.2441720 0.0000000 0.2388113 0.2882623 0.2532121 0.2778469 0.0067081 0.2537553 0.2439478 0.2532121 0.0630641 0.2483614 0.4062964 0.0134977 0.2532121 0.2728906 0.4441104 0.2886254 0.2586589 0.0100865 0.2776485 0.2483309 0.4023355 0.0704226 
n200_201   0.1367156 0.2388113 0.0000000 0.2579642 0.1243954 0.2675950 0.2387337 0.1325750 0.1244320 0.1243954 0.2249341 0.1203778 0.4371204 0.2388098 0.1243954 0.1448728 0.4772821 0.2582826 0.1366581 0.2434836 0.2674065 0.1203703 0.4278431 0.2389510 
n286_287   0.2535126 0.2882623 0.2579642 0.0000000 0.2630486 0.1871607 0.2881655 0.2534859 0.2485697 0.2630486 0.2988662 0.2581328 0.5054258 0.2882662 0.2630486 0.2780132 0.5729935 0.0134378 0.2583801 0.2830912 0.1914894 0.2580997 0.5003658 0.2986564 
n287_288   0.0448791 0.2532121 0.1243954 0.2630486 0.0000000 0.2527651 0.2531291 0.0342322 0.0342238 0.0066996 0.2438382 0.0168763 0.4559575 0.2532120 0.0066996 0.0629206 0.5040263 0.2633744 0.0377539 0.2579762 0.2575140 0.0168759 0.4403642 0.2484626 
n266_267   0.2679456 0.2778469 0.2675950 0.1871607 0.2527651 0.0000000 0.2777543 0.2678859 0.2578994 0.2527651 0.2778693 0.2430412 0.4970828 0.2678589 0.2527651 0.2677256 0.5556385 0.1786206 0.2728774 0.2827738 0.0168033 0.2478971 0.4587755 0.2776240 
n292_293   0.2440922 0.0067081 0.2387337 0.2881655 0.2531291 0.2777543 0.0000000 0.2536719 0.2438682 0.2531291 0.0630458 0.2482803 0.4061483 0.0134940 0.2531291 0.2727999 0.4439441 0.2885283 0.2585736 0.0100837 0.2775561 0.2482498 0.4081173 0.0704022 
n293_294   0.0169022 0.2537553 0.1325750 0.2534859 0.0342322 0.2678859 0.2536719 0.0000000 0.0067043 0.0342322 0.2490511 0.0377537 0.4504985 0.2537552 0.0342322 0.0778130 0.4982857 0.2537983 0.0033430 0.2585326 0.2727391 0.0377526 0.4476866 0.2537132 
n275_276   0.0100860 0.2439478 0.1244320 0.2485697 0.0342238 0.2578994 0.2438682 0.0067043 0.0000000 0.0342238 0.2393051 0.0307170 0.4374542 0.2439468 0.0342238 0.0703254 0.4843059 0.2488750 0.0100819 0.2486589 0.2626858 0.0307162 0.4346056 0.2439076 
n289_290   0.0448791 0.2532121 0.1243954 0.2630486 0.0066996 0.2527651 0.2531291 0.0342322 0.0342238 0.0000000 0.2342794 0.0168763 0.4430856 0.2532120 0.0066996 0.0629206 0.4902545 0.2633744 0.0377539 0.2579762 0.2575140 0.0168759 0.4276771 0.2437155 
n278_279   0.2395245 0.0630641 0.2249341 0.2988662 0.2438382 0.2778693 0.0630458 0.2490511 0.2393051 0.2342794 0.0000000 0.2390452 0.4180451 0.0705069 0.2438382 0.2632710 0.4501745 0.2992454 0.2539244 0.0667208 0.2879887 0.2390169 0.4151560 0.0237877 
n295_296   0.0413121 0.2483614 0.1203778 0.2581328 0.0168763 0.2430412 0.2482803 0.0377537 0.0307170 0.0168763 0.2390452 0.0000000 0.4495845 0.2483608 0.0168763 0.0592577 0.4900067 0.2584516 0.0412942 0.2530947 0.2477277 0.0066976 0.4275799 0.2436422 
n251_252   0.4507476 0.4062964 0.4371204 0.5054258 0.4559575 0.4970828 0.4061483 0.4504985 0.4374542 0.4430856 0.4180451 0.4495845 0.0000000 0.4127133 0.4559575 0.4758049 0.0630843 0.5061762 0.4570091 0.4063713 0.4964465 0.4432467 0.3664527 0.4430682 
n274_275   0.2441710 0.0134977 0.2388098 0.2882662 0.2532120 0.2678589 0.0134940 0.2537552 0.2439468 0.2532120 0.0705069 0.2483608 0.4127133 0.0000000 0.2532120 0.2629682 0.4509175 0.2886294 0.2586593 0.0169086 0.2776511 0.2483303 0.4022241 0.0779503 
n290_291   0.0448791 0.2532121 0.1243954 0.2630486 0.0066996 0.2527651 0.2531291 0.0342322 0.0342238 0.0066996 0.2438382 0.0168763 0.4559575 0.2532120 0.0000000 0.0629206 0.5040263 0.2633744 0.0377539 0.2579762 0.2575140 0.0168759 0.4403642 0.2484626 
n236_237   0.0816085 0.2728906 0.1448728 0.2780132 0.0629206 0.2677256 0.2727999 0.0778130 0.0703254 0.0629206 0.2632710 0.0592577 0.4758049 0.2629682 0.0629206 0.0000000 0.5326943 0.2783609 0.0815746 0.2777860 0.2774734 0.0592554 0.4733573 0.2680120 
n255_256   0.4985636 0.4441104 0.4772821 0.5729935 0.5040263 0.5556385 0.4439441 0.4982857 0.4843059 0.4902545 0.4501745 0.4900067 0.0630843 0.4509175 0.5040263 0.5326943 0.0000000 0.5738873 0.5052645 0.4442019 0.5550873 0.4832959 0.4025236 0.4763980 
n285_286   0.2538250 0.2886254 0.2582826 0.0134378 0.2633744 0.1786206 0.2885283 0.2537983 0.2488750 0.2633744 0.2992454 0.2584516 0.5061762 0.2886294 0.2633744 0.2783609 0.5738873 0.0000000 0.2586995 0.2834466 0.1829034 0.2584184 0.4939578 0.2990351 
n294_295   0.0203347 0.2586589 0.1366581 0.2583801 0.0377539 0.2728774 0.2585736 0.0033430 0.0100819 0.0377539 0.2539244 0.0412942 0.4570091 0.2586593 0.0377539 0.0815746 0.5052645 0.2586995 0.0000000 0.2634688 0.2777635 0.0412928 0.4542164 0.2586159 
n300_301   0.2488880 0.0100865 0.2434836 0.2830912 0.2579762 0.2827738 0.0100837 0.2585326 0.2486589 0.2579762 0.0667208 0.2530947 0.4063713 0.0169086 0.2579762 0.2777860 0.4442019 0.2834466 0.2634688 0.0000000 0.2825708 0.2530630 0.4020298 0.0741153 
n265_266   0.2727998 0.2776485 0.2674065 0.1914894 0.2575140 0.0168033 0.2775561 0.2727391 0.2626858 0.2575140 0.2879887 0.2477277 0.4964465 0.2776511 0.2575140 0.2774734 0.5550873 0.1829034 0.2777635 0.2825708 0.0000000 0.2526149 0.4583680 0.2877301 
n296_297   0.0413107 0.2483309 0.1203703 0.2580997 0.0168759 0.2478971 0.2482498 0.0377526 0.0307162 0.0168759 0.2390169 0.0066976 0.4432467 0.2483303 0.0168759 0.0592554 0.4832959 0.2584184 0.0412928 0.2530630 0.2526149 0.0000000 0.4339693 0.2436128 
n244_245   0.4411470 0.4023355 0.4278431 0.5003658 0.4403642 0.4587755 0.4081173 0.4476866 0.4346056 0.4276771 0.4151560 0.4275799 0.3664527 0.4022241 0.4403642 0.4733573 0.4025236 0.4939578 0.4542164 0.4020298 0.4583680 0.4339693 0.0000000 0.4337777 
n277_278   0.2441317 0.0704226 0.2389510 0.2986564 0.2484626 0.2776240 0.0704022 0.2537132 0.2439076 0.2437155 0.0237877 0.2436422 0.4430682 0.0779503 0.2484626 0.2680120 0.4763980 0.2990351 0.2586159 0.0741153 0.2877301 0.2436128 0.4337777 0.0000000 
