26
n277_278   0.0000000 2.2255496 2.1635667 2.1749143 2.1426368 0.4790235 4.0407098 2.2021490 0.1455616 0.5522209 2.2834647 2.0199858 2.0573268 2.9768246 2.4246886 0.5138633 0.5269028 2.2338008 2.0594493 2.7889842 2.4762304 2.5668249 2.1691231 3.8567316 2.5988775 0.5520205 
n286_287   2.2255496 0.0000000 2.6537837 0.0700332 3.0105851 2.4818482 3.3651515 3.0433480 2.2771852 2.2527384 2.0620570 2.8458283 2.5220214 2.9772457 2.4320619 2.1967875 2.3086112 2.9199734 2.8777723 2.1391397 0.9964469 1.0804130 2.6034314 4.2956775 3.3632340 2.1500555 
n296_297   2.1635667 2.6537837 0.0000000 2.9923260 0.2063017 2.0216055 3.1670848 0.3262011 2.0826898 2.0240162 0.7328027 0.3033982 0.1705672 0.3487508 1.1509695 2.0070135 2.3256013 0.0376871 0.1661186 9.0000000 2.2939592 2.1349239 0.3091184 3.2085704 0.3542248 2.0758838 
n285_286   2.1749143 0.0700332 2.9923260 0.0000000 3.2943398 2.6020351 2.8044971 3.4475578 2.1346308 2.3134242 2.2590101 3.1714959 2.7734720 3.1946367 2.3049619 2.3054235 2.4871704 3.3581179 3.2408028 1.9795485 0.9962834 1.0389552 2.8619297 3.1052448 3.6628168 2.3025077 
n289_290   2.1426368 3.0105851 0.2063017 3.2943398 0.0000000 2.2219471 2.5308402 0.3585640 2.0554763 2.0021236 0.8185340 0.3296743 0.0483448 0.3885863 1.2549060 2.0779719 2.3268731 0.1927538 0.0703480 8.9999982 2.4155398 2.3054259 0.3464334 2.6259131 0.4002992 2.0412675 
n274_275   0.4790235 2.4818482 2.0216055 2.6020351 2.2219471 0.0000000 4.6325767 2.0291468 0.5054799 0.1245889 2.3754187 1.9202152 2.1406957 1.9701904 2.0184559 0.1124963 0.1162231 1.9156094 2.0315841 3.4468798 2.9744892 2.8972684 1.9191921 8.9999984 1.8503468 0.1287137 
n255_256   4.0407098 3.3651515 3.1670848 2.8044971 2.5308402 4.6325767 0.0000000 2.4256427 2.7727556 3.6421252 2.7106828 2.3499947 2.5923004 2.9960675 3.8361964 3.5955899 3.4432254 3.0679145 2.8668323 1.5538498 2.7336045 2.4484522 2.3646495 0.3108432 2.9540552 4.1195392 
n275_276   2.2021490 3.0433480 0.3262011 3.4475578 0.3585640 2.0291468 2.4256427 0.0000000 2.0474338 2.1907272 0.6983600 0.0969306 0.3245665 0.1620735 1.2158380 2.2251351 2.2857811 0.3047434 0.3297343 2.6926480 2.5458045 2.5592330 0.1087162 2.1587896 0.1661848 2.1942880 
n278_279   0.1455616 2.2771852 2.0826898 2.1346308 2.0554763 0.5054799 2.7727556 2.0474338 0.0000000 0.5423665 1.9236553 2.1105730 1.8963438 2.8263933 2.2552864 0.5051559 0.5192450 2.1961901 1.7971327 3.3170441 2.0238056 2.4159973 2.3288998 2.9530944 2.4949643 0.5274958 
n299_300   0.5522209 2.2527384 2.0240162 2.3134242 2.0021236 0.1245889 3.6421252 2.1907272 0.5423665 0.0000000 2.2843579 1.9045700 2.0071269 1.8832180 2.4706687 0.0272089 0.0967546 1.8821670 1.9103880 2.8699325 2.9600317 3.0962718 1.9431896 9.0000000 1.7735721 0.0168658 
n236_237   2.2834647 2.0620570 0.7328027 2.2590101 0.8185340 2.3754187 2.7106828 0.6983600 1.9236553 2.2843579 0.0000000 0.6903247 0.7920188 0.7570981 1.0371154 2.3080250 2.4194464 0.7255396 0.7920958 2.3249714 1.9770690 1.9222208 0.6821568 2.8128576 0.7262234 2.4613663 
n293_294   2.0199858 2.8458283 0.3033982 3.1714959 0.3296743 1.9202152 2.3499947 0.0969306 2.1105730 1.9045700 0.6903247 0.0000000 0.2971549 0.1410516 1.1925540 2.0091061 2.1410304 0.2728399 0.3021204 2.7566620 2.2188369 2.0014789 0.0306963 2.6102382 0.1450514 1.9460389 
n290_291   2.0573268 2.5220214 0.1705672 2.7734720 0.0483448 2.1406957 2.5923004 0.3245665 1.8963438 2.0071269 0.7920188 0.2971549 0.0000000 0.3525513 1.1489114 2.0828076 2.2194717 0.1577254 0.0483062 4.8386816 2.1969775 2.2837651 0.3130941 2.9029165 0.3636513 2.0461955 
n297_298   2.9768246 2.9772457 0.3487508 3.1946367 0.3885863 1.9701904 2.9960675 0.1620735 2.8263933 1.8832180 0.7570981 0.1410516 0.3525513 0.0000000 1.3337079 2.0281236 2.2566968 0.3211555 0.3359491 2.8503817 2.2055138 1.9434299 0.1536968 3.0376841 0.0168842 2.0047568 
n200_201   2.4246886 2.4320619 1.1509695 2.3049619 1.2549060 2.0184559 3.8361964 1.2158380 2.2552864 2.4706687 1.0371154 1.1925540 1.1489114 1.3337079 0.0000000 2.2181821 2.0252872 1.1379744 1.2008576 3.4569756 2.3082491 2.2854062 1.1867017 3.1049749 1.2524218 2.4810413 
n292_293   0.5138633 2.1967875 2.0070135 2.3054235 2.0779719 0.1124963 3.5955899 2.2251351 0.5051559 0.0272089 2.3080250 2.0091061 2.0828076 2.0281236 2.2181821 0.0000000 0.0739290 1.9852609 1.9795508 2.8516364 2.5802423 2.7852660 2.1092000 9.0000000 1.9018356 0.0307076 
n280_281   0.5269028 2.3086112 2.3256013 2.4871704 2.3268731 0.1162231 3.4432254 2.2857811 0.5192450 0.0967546 2.4194464 2.1410304 2.2194717 2.2566968 2.0252872 0.0739290 0.0000000 2.2816826 2.2545844 3.1756577 2.3378283 2.4260487 2.1371522 8.9999986 2.1524478 0.1006862 
n295_296   2.2338008 2.9199734 0.0376871 3.3581179 0.1927538 1.9156094 3.0679145 0.3047434 2.1961901 1.8821670 0.7255396 0.2728399 0.1577254 0.3211555 1.1379744 1.9852609 2.2816826 0.0000000 0.1577096 6.4310662 2.3666858 2.1952786 0.2782785 2.9063922 0.3264232 1.9268725 
n287_288   2.0594493 2.8777723 0.1661186 3.2408028 0.0703480 2.0315841 2.8668323 0.3297343 1.7971327 1.9103880 0.7920958 0.3021204 0.0483062 0.3359491 1.2008576 1.9795508 2.2545844 0.1577096 0.0000000 3.8654056 2.3022694 2.3130939 0.3181715 3.2604418 0.3471834 1.9460553 
n244_245   2.7889842 2.1391397 9.0000000 1.9795485 8.9999982 3.4468798 1.5538498 2.6926480 3.3170441 2.8699325 2.3249714 2.7566620 4.8386816 2.8503817 3.4569756 2.8516364 3.1756577 6.4310662 3.8654056 0.0000000 2.1094716 2.0993102 2.6020990 1.6776365 2.6382799 2.7870048 
n265_266   2.4762304 0.9964469 2.2939592 0.9962834 2.4155398 2.9744892 2.7336045 2.5458045 2.0238056 2.9600317 1.9770690 2.2188369 2.1969775 2.2055138 2.3082491 2.5802423 2.3378283 2.3666858 2.3022694 2.1094716 0.0000000 0.1889285 2.0541651 2.1725299 2.2029904 2.9785922 
n266_267   2.5668249 1.0804130 2.1349239 1.0389552 2.3054259 2.8972684 2.4484522 2.5592330 2.4159973 3.0962718 1.9222208 2.0014789 2.2837651 1.9434299 2.2854062 2.7852660 2.4260487 2.1952786 2.3130939 2.0993102 0.1889285 0.0000000 1.9071801 2.4222417 1.9416298 3.3976788 
n294_295   2.1691231 2.6034314 0.3091184 2.8619297 0.3464334 1.9191921 2.3646495 0.1087162 2.3288998 1.9431896 0.6821568 0.0306963 0.3130941 0.1536968 1.1867017 2.1092000 2.1371522 0.2782785 0.3181715 2.6020990 2.0541651 1.9071801 0.0000000 2.3235752 0.1577659 1.9863700 
n251_252   3.8567316 4.2956775 3.2085704 3.1052448 2.6259131 8.9999984 0.3108432 2.1587896 2.9530944 9.0000000 2.8128576 2.6102382 2.9029165 3.0376841 3.1049749 9.0000000 8.9999986 2.9063922 3.2604418 1.6776365 2.1725299 2.4222417 2.3235752 0.0000000 2.7827483 8.9999985 
n298_299   2.5988775 3.3632340 0.3542248 3.6628168 0.4002992 1.8503468 2.9540552 0.1661848 2.4949643 1.7735721 0.7262234 0.1450514 0.3636513 0.0168842 1.2524218 1.9018356 2.1524478 0.3264232 0.3471834 2.6382799 2.2029904 1.9416298 0.1577659 2.7827483 0.0000000 1.8806514 
n300_301   0.5520205 2.1500555 2.0758838 2.3025077 2.0412675 0.1287137 4.1195392 2.1942880 0.5274958 0.0168658 2.4613663 1.9460389 2.0461955 2.0047568 2.4810413 0.0307076 0.1006862 1.9268725 1.9460553 2.7870048 2.9785922 3.3976788 1.9863700 8.9999985 1.8806514 0.0000000 
