23
n298_299   0.0000000 0.3270842 0.1677873 0.3206451 0.0341274 0.2905583 0.3103177 0.0202872 0.0033422 0.0306256 0.2802946 0.0517489 0.4195196 0.3006866 0.0772267 0.4129681 0.3201234 0.0134489 0.3100493 0.0446047 0.3150876 0.3853420 0.3003293 
n280_281   0.3270842 0.0000000 0.3123789 0.2819216 0.3271593 0.2773870 0.0238224 0.3539649 0.3326273 0.3217537 0.0774760 0.3275301 0.3693988 0.0378214 0.3163664 0.3641898 0.2866951 0.3428662 0.2963709 0.3318242 0.0237922 0.4221413 0.0925695 
n200_201   0.1677873 0.3123789 0.0000000 0.2955062 0.1677359 0.2767981 0.2913438 0.1935051 0.1721370 0.1634639 0.2668700 0.1803056 0.4150465 0.2867461 0.1802821 0.4075193 0.2950317 0.1846877 0.2859816 0.1800473 0.2960211 0.3805413 0.2865894 
n286_287   0.3206451 0.2819216 0.2955062 0.0000000 0.3154586 0.1308727 0.2613918 0.3475263 0.3261219 0.3153769 0.2566688 0.3361122 0.3909837 0.2569563 0.3048868 0.3788465 0.0033345 0.3414122 0.1388495 0.3355732 0.2658984 0.4252955 0.2760694 
n287_288   0.0341274 0.3271593 0.1677359 0.3154586 0.0000000 0.2909080 0.3103910 0.0554415 0.0376603 0.0033435 0.2803638 0.0306198 0.4016648 0.3007588 0.0772467 0.3952932 0.3149469 0.0482298 0.3104235 0.0236884 0.3151614 0.3793951 0.3004014 
n266_267   0.2905583 0.2773870 0.2767981 0.1308727 0.2909080 0.0000000 0.2569736 0.3163315 0.2957976 0.2908336 0.2385380 0.3109214 0.3586107 0.2620498 0.2906797 0.3525030 0.1348028 0.3105128 0.0270534 0.3104307 0.2614619 0.4205262 0.2574859 
n292_293   0.3103177 0.0238224 0.2913438 0.2613918 0.3103910 0.2569736 0.0000000 0.3416585 0.3157077 0.3051304 0.0589601 0.3207933 0.3679133 0.0203279 0.2947939 0.3569063 0.2660272 0.3307853 0.2754131 0.3250481 0.0033459 0.4140243 0.0736165 
n293_294   0.0202872 0.3539649 0.1935051 0.3475263 0.0554415 0.3163315 0.3416585 0.0000000 0.0237432 0.0518225 0.3103472 0.0735788 0.4440991 0.3316499 0.0998650 0.4311336 0.3469520 0.0066893 0.3365113 0.0662006 0.3466092 0.4084031 0.3312510 
n275_276   0.0033422 0.3326273 0.1721370 0.3261219 0.0376603 0.2957976 0.3157077 0.0237432 0.0000000 0.0341370 0.2854463 0.0553782 0.4258513 0.3060061 0.0810058 0.4192323 0.3255893 0.0168639 0.3154364 0.0481909 0.3205114 0.3794205 0.3056414 
n289_290   0.0306256 0.3217537 0.1634639 0.3153769 0.0033435 0.2908336 0.3051304 0.0518225 0.0341370 0.0000000 0.2753284 0.0271391 0.4015560 0.2955646 0.0735120 0.3951867 0.3148655 0.0446533 0.3103433 0.0202462 0.3098689 0.3735919 0.2952143 
n278_279   0.2802946 0.0774760 0.2668700 0.2566688 0.2803638 0.2385380 0.0589601 0.3103472 0.2854463 0.2753284 0.0000000 0.2903390 0.3457309 0.0736087 0.2750678 0.3350630 0.2612768 0.2999452 0.2565720 0.2944847 0.0625282 0.3754290 0.0134805 
n295_296   0.0517489 0.3275301 0.1803056 0.3361122 0.0306198 0.3109214 0.3207933 0.0735788 0.0553782 0.0271391 0.2903390 0.0000000 0.4184804 0.3110360 0.0921420 0.4235695 0.3355611 0.0661788 0.3309457 0.0134522 0.3256235 0.3960009 0.3106647 
n251_252   0.4195196 0.3693988 0.4150465 0.3909837 0.4016648 0.3586107 0.3679133 0.4440991 0.4258513 0.4015560 0.3457309 0.4184804 0.0000000 0.3798910 0.4178059 0.0446769 0.3964441 0.4432055 0.3635420 0.4177712 0.3677179 0.3737749 0.3676420 
n274_275   0.3006866 0.0378214 0.2867461 0.2569563 0.3007588 0.2620498 0.0203279 0.3316499 0.3060061 0.2955646 0.0736087 0.3110360 0.3798910 0.0000000 0.2853529 0.3686859 0.2615704 0.3209155 0.2806265 0.3152610 0.0237521 0.4204559 0.0885874 
n236_237   0.0772267 0.3163664 0.1802821 0.3048868 0.0772467 0.2906797 0.2947939 0.0998650 0.0810058 0.0735120 0.2750678 0.0921420 0.4178059 0.2853529 0.0000000 0.4175787 0.3043952 0.0921706 0.3101810 0.0845705 0.2994720 0.3902870 0.2850316 
n255_256   0.4129681 0.3641898 0.4075193 0.3788465 0.3952932 0.3525030 0.3569063 0.4311336 0.4192323 0.3951867 0.3350630 0.4235695 0.0446769 0.3686859 0.4175787 0.0000000 0.3842145 0.4302739 0.3573922 0.4228517 0.3619386 0.3623249 0.3566452 
n285_286   0.3201234 0.2866951 0.2950317 0.0033345 0.3149469 0.1348028 0.2660272 0.3469520 0.3255893 0.3148655 0.2612768 0.3355611 0.3964441 0.2615704 0.3043952 0.3842145 0.0000000 0.3408507 0.1428182 0.3350236 0.2705564 0.4309899 0.2807952 
n294_295   0.0134489 0.3428662 0.1846877 0.3414122 0.0482298 0.3105128 0.3307853 0.0066893 0.0168639 0.0446533 0.2999452 0.0661788 0.4432055 0.3209155 0.0921706 0.4302739 0.3408507 0.0000000 0.3305080 0.0588854 0.3356694 0.3964708 0.3205313 
n265_266   0.3100493 0.2963709 0.2859816 0.1388495 0.3104235 0.0270534 0.2754131 0.3365113 0.3154364 0.3103433 0.2565720 0.3309457 0.3635420 0.2806265 0.3101810 0.3573922 0.1428182 0.3305080 0.0000000 0.3304168 0.2799890 0.4258292 0.2759663 
n296_297   0.0446047 0.3318242 0.1800473 0.3355732 0.0236884 0.3104307 0.3250481 0.0662006 0.0481909 0.0202462 0.2944847 0.0134522 0.4177712 0.3152610 0.0845705 0.4228517 0.3350236 0.0588854 0.3304168 0.0000000 0.3298918 0.3953402 0.3148849 
n299_300   0.3150876 0.0237922 0.2960211 0.2658984 0.3151614 0.2614619 0.0033459 0.3466092 0.3205114 0.3098689 0.0625282 0.3256235 0.3677179 0.0237521 0.2994720 0.3619386 0.2705564 0.3356694 0.2799890 0.3298918 0.0000000 0.4194134 0.0772479 
n244_245   0.3853420 0.4221413 0.3805413 0.4252955 0.3793951 0.4205262 0.4140243 0.4084031 0.3794205 0.3735919 0.3754290 0.3960009 0.3737749 0.4204559 0.3902870 0.3623249 0.4309899 0.3964708 0.4258292 0.3953402 0.4194134 0.0000000 0.3931577 
n277_278   0.3003293 0.0925695 0.2865894 0.2760694 0.3004014 0.2574859 0.0736165 0.3312510 0.3056414 0.2952143 0.0134805 0.3106647 0.3676420 0.0885874 0.2850316 0.3566452 0.2807952 0.3205313 0.2759663 0.3148849 0.0772479 0.3931577 0.0000000 
