23
n289_290   0.0000000 0.0341161 0.0066978 0.2556860 0.2329142 0.0341130 0.0033426 0.2328586 0.3952154 0.0376304 0.2650617 0.3521437 0.2236685 0.1266948 0.2236444 0.0376181 0.0808780 0.2464767 0.2553331 0.0482241 0.3838020 0.2374383 0.2506752 
n294_295   0.0341161 0.0000000 0.0341016 0.2650265 0.2419895 0.0202898 0.0376224 0.2373947 0.4006248 0.0033440 0.2745160 0.3571687 0.2326288 0.1425872 0.2326033 0.0237298 0.0958471 0.2557074 0.2646595 0.0271804 0.3891329 0.2465663 0.2599449 
n295_296   0.0066978 0.0341016 0.0000000 0.2509809 0.2238854 0.0340986 0.0100713 0.2238318 0.3950240 0.0376145 0.2602979 0.3519756 0.2147540 0.1266392 0.2147313 0.0376022 0.0808432 0.2372934 0.2506350 0.0482036 0.3836162 0.2283572 0.2460063 
n266_267   0.2556860 0.2650265 0.2509809 0.0000000 0.2241527 0.2554625 0.2604515 0.2240989 0.4134624 0.2699180 0.0202904 0.3961496 0.2285270 0.2462643 0.2285022 0.2602082 0.2237976 0.2375791 0.1034325 0.2843379 0.3848315 0.2286309 0.0996199 
n299_300   0.2329142 0.2419895 0.2238854 0.2241527 0.0000000 0.2372645 0.2375369 0.0236979 0.3788609 0.2467282 0.2331674 0.3622154 0.0553539 0.2103343 0.0482259 0.2418985 0.1931736 0.0100605 0.2147730 0.2607248 0.3845092 0.0033408 0.2103507 
n298_299   0.0341130 0.0202898 0.0340986 0.2554625 0.2372645 0.0000000 0.0376191 0.2372079 0.3948498 0.0237354 0.2648295 0.3569862 0.2279686 0.1384949 0.2279438 0.0033426 0.0920197 0.2508935 0.2597915 0.0341386 0.3834492 0.2418112 0.2551090 
n290_291   0.0033426 0.0376224 0.0100713 0.2604515 0.2375369 0.0376191 0.0000000 0.2374804 0.4010000 0.0411554 0.2698884 0.3576042 0.2282298 0.1306779 0.2282051 0.0411420 0.0846187 0.2511832 0.2600917 0.0518011 0.3894948 0.2420894 0.2554034 
n274_275   0.2328586 0.2373947 0.2238318 0.2240989 0.0236979 0.2372079 0.2374804 0.0000000 0.3731779 0.2421028 0.2331116 0.3514046 0.0589370 0.2102838 0.0589324 0.2418409 0.1931270 0.0340630 0.2147214 0.2606633 0.3787806 0.0271413 0.2103002 
n251_252   0.3952154 0.4006248 0.3950240 0.4134624 0.3788609 0.3948498 0.4010000 0.3731779 0.0000000 0.4065568 0.4251302 0.2942699 0.3731253 0.4063849 0.3730720 0.4005939 0.3515668 0.3952544 0.4011226 0.4119640 0.0552722 0.3843451 0.3954539 
n293_294   0.0376304 0.0033440 0.0376145 0.2699180 0.2467282 0.0237354 0.0411554 0.2421028 0.4065568 0.0000000 0.2794730 0.3627562 0.2373022 0.1466910 0.2372760 0.0271933 0.0996873 0.2605358 0.2695439 0.0306611 0.3949687 0.2513353 0.2647969 
n265_266   0.2650617 0.2745160 0.2602979 0.0202904 0.2331674 0.2648295 0.2698884 0.2331116 0.4251302 0.2794730 0.0000000 0.4077147 0.2375907 0.2463486 0.2375645 0.2696353 0.2327972 0.2467478 0.1110998 0.2940744 0.4017780 0.2376977 0.1072490 
n244_245   0.3521437 0.3571687 0.3519756 0.3961496 0.3622154 0.3569862 0.3576042 0.3514046 0.2942699 0.3627562 0.4077147 0.0000000 0.3512689 0.3251520 0.3620440 0.3624488 0.3054978 0.3782468 0.4066074 0.3790668 0.2893572 0.3675767 0.4009028 
n278_279   0.2236685 0.2326288 0.2147540 0.2285270 0.0553539 0.2279686 0.2282298 0.0589370 0.3731253 0.2373022 0.2375907 0.3512689 0.0000000 0.2057655 0.0134398 0.2325414 0.1801246 0.0661539 0.2192446 0.2511159 0.3731859 0.0589442 0.2147952 
n200_201   0.1266948 0.1425872 0.1266392 0.2462643 0.2103343 0.1384949 0.1306779 0.2102838 0.4063849 0.1466910 0.2463486 0.3251520 0.2057655 0.0000000 0.2057441 0.1425349 0.1151020 0.2235021 0.2412871 0.1507334 0.3893117 0.2147250 0.2367158 
n277_278   0.2236444 0.2326033 0.2147313 0.2285022 0.0482259 0.2279438 0.2282051 0.0589324 0.3730720 0.2372760 0.2375645 0.3620440 0.0134398 0.2057441 0.0000000 0.2325159 0.1886737 0.0589323 0.2148354 0.2510874 0.3731326 0.0517845 0.2104112 
n297_298   0.0376181 0.0237298 0.0376022 0.2602082 0.2418985 0.0033426 0.0411420 0.2418409 0.4005939 0.0271933 0.2696353 0.3624488 0.2325414 0.1425349 0.2325159 0.0000000 0.0958125 0.2556107 0.2645602 0.0376463 0.3891026 0.2464734 0.2598476 
n236_237   0.0808780 0.0958471 0.0808432 0.2237976 0.1931736 0.0920197 0.0846187 0.1931270 0.3515668 0.0996873 0.2327972 0.3054978 0.1801246 0.1151020 0.1886737 0.0958125 0.0000000 0.2060731 0.2189865 0.1111845 0.3407964 0.1974732 0.2145431 
n280_281   0.2464767 0.2557074 0.2372934 0.2375791 0.0100605 0.2508935 0.2511832 0.0340630 0.3952544 0.2605358 0.2467478 0.3782468 0.0661539 0.2235021 0.0589323 0.2556107 0.2060731 0.0000000 0.2280178 0.2747803 0.4010274 0.0134423 0.2235209 
n285_286   0.2553331 0.2646595 0.2506350 0.1034325 0.2147730 0.2597915 0.2600917 0.2147214 0.4011226 0.2695439 0.1110998 0.4066074 0.2192446 0.2412871 0.2148354 0.2645602 0.2189865 0.2280178 0.0000000 0.2839420 0.3896603 0.2191896 0.0033364 
n275_276   0.0482241 0.0271804 0.0482036 0.2843379 0.2607248 0.0341386 0.0518011 0.2606633 0.4119640 0.0306611 0.2940744 0.3790668 0.2511159 0.1507334 0.2510874 0.0376463 0.1111845 0.2747803 0.2839420 0.0000000 0.4002990 0.2654159 0.2791046 
n255_256   0.3838020 0.3891329 0.3836162 0.3848315 0.3845092 0.3834492 0.3894948 0.3787806 0.0552722 0.3949687 0.4017780 0.2893572 0.3731859 0.3893117 0.3731326 0.3891026 0.3407964 0.4010274 0.3896603 0.4002990 0.0000000 0.3900357 0.3840789 
n292_293   0.2374383 0.2465663 0.2283572 0.2286309 0.0033408 0.2418112 0.2420894 0.0271413 0.3843451 0.2513353 0.2376977 0.3675767 0.0589442 0.2147250 0.0517845 0.2464734 0.1974732 0.0134423 0.2191896 0.2654159 0.3900357 0.0000000 0.2147421 
n286_287   0.2506752 0.2599449 0.2460063 0.0996199 0.2103507 0.2551090 0.2554034 0.2103002 0.3954539 0.2647969 0.1072490 0.4009028 0.2147952 0.2367158 0.2104112 0.2598476 0.2145431 0.2235209 0.0033364 0.2791046 0.3840789 0.2147421 0.0000000 
