23
n298_299   0.0000000 0.2637834 0.1443694 0.2786752 0.0447514 0.2946260 0.2687588 0.0202547 0.0271749 0.0066709 0.2633167 0.0411761 0.3832611 0.2686566 0.0447377 0.0813312 0.3712199 0.0168239 0.2686608 0.2889077 0.2737277 0.3085441 0.2583360 
n280_281   0.2637834 0.0000000 0.2734637 0.1991479 0.2453423 0.2559500 0.0033554 0.2544073 0.2547371 0.2539636 0.0595672 0.2450259 0.4046079 0.0101164 0.2500517 0.2796600 0.3860028 0.2493267 0.0033545 0.2508616 0.0067274 0.3216702 0.0559009 
n200_201   0.1443694 0.2734637 0.0000000 0.2886068 0.1365787 0.2840366 0.2785043 0.1363911 0.1447780 0.1361683 0.2886890 0.1282987 0.3946835 0.2886492 0.1365344 0.1528558 0.3708905 0.1322159 0.2784018 0.2837636 0.2835364 0.3636601 0.2835189 
n286_287   0.2786752 0.1991479 0.2886068 0.0000000 0.2746845 0.1294728 0.1990352 0.2691200 0.2795204 0.2686476 0.2173085 0.2643543 0.4160694 0.1991168 0.2745901 0.2998322 0.4098497 0.2639231 0.1990645 0.1293539 0.2036603 0.3264037 0.2126241 
n287_288   0.0447514 0.2453423 0.1365787 0.2746845 0.0000000 0.2855334 0.2502019 0.0342204 0.0342598 0.0412222 0.2598631 0.0067016 0.3555813 0.2501088 0.0067035 0.0703335 0.3552642 0.0306965 0.2501120 0.2695616 0.2550583 0.3261704 0.2548867 
n266_267   0.2946260 0.2559500 0.2840366 0.1294728 0.2855334 0.0000000 0.2557993 0.2848571 0.2955280 0.2843527 0.2656740 0.2750142 0.4234599 0.2559064 0.2854349 0.3004821 0.4044792 0.2795236 0.2509808 0.0204506 0.2510996 0.3498838 0.2657105 
n292_293   0.2687588 0.0033554 0.2785043 0.1990352 0.2502019 0.2557993 0.0000000 0.2593219 0.2596588 0.2588685 0.0632417 0.2498784 0.4107463 0.0135229 0.2549426 0.2847636 0.3919744 0.2542019 0.0067259 0.2507146 0.0101166 0.3270952 0.0595546 
n293_294   0.0202547 0.2544073 0.1363911 0.2691200 0.0342204 0.2848571 0.2593219 0.0000000 0.0134680 0.0134349 0.2641761 0.0272052 0.3664907 0.2592244 0.0342100 0.0665556 0.3661602 0.0033356 0.2592281 0.2792242 0.2642316 0.3144478 0.2591769 
n275_276   0.0271749 0.2547371 0.1447780 0.2795204 0.0342598 0.2955280 0.2596588 0.0134680 0.0000000 0.0202772 0.2645201 0.0342204 0.3672247 0.2595611 0.0342494 0.0740445 0.3668928 0.0100673 0.2595648 0.2897879 0.2645758 0.3150061 0.2595135 
n297_298   0.0066709 0.2539636 0.1361683 0.2686476 0.0412222 0.2843527 0.2588685 0.0134349 0.0202772 0.0000000 0.2637133 0.0341357 0.3774267 0.2587714 0.0412096 0.0738560 0.3654885 0.0100435 0.2587751 0.2787317 0.2637687 0.3033203 0.2587240 
n278_279   0.2633167 0.0595672 0.2886890 0.2173085 0.2598631 0.2656740 0.0632417 0.2641761 0.2645201 0.2637133 0.0000000 0.2595257 0.4355372 0.0632233 0.2597742 0.2898002 0.4160936 0.2590180 0.0632225 0.2705196 0.0669308 0.3432027 0.0101032 
n295_296   0.0411761 0.2450259 0.1282987 0.2643543 0.0067016 0.2750142 0.2498784 0.0272052 0.0342204 0.0341357 0.2595257 0.0000000 0.3551327 0.2497856 0.0134771 0.0628889 0.3548165 0.0237263 0.2497888 0.2593141 0.2547278 0.3258204 0.2545565 
n251_252   0.3832611 0.4046079 0.3946835 0.4160694 0.3555813 0.4234599 0.4107463 0.3664907 0.3672247 0.3774267 0.4355372 0.3551327 0.0000000 0.4102189 0.3554569 0.3958663 0.0484997 0.3604454 0.3984427 0.4295819 0.4046041 0.3004653 0.4291242 
n274_275   0.2686566 0.0101164 0.2886492 0.1991168 0.2501088 0.2559064 0.0135229 0.2592244 0.2595611 0.2587714 0.0632233 0.2497856 0.4102189 0.0000000 0.2548471 0.2846527 0.3914793 0.2541070 0.0135190 0.2508193 0.0169457 0.3269601 0.0595373 
n290_291   0.0447377 0.2500517 0.1365344 0.2745901 0.0067035 0.2854349 0.2549426 0.0342100 0.0342494 0.0412096 0.2597742 0.0134771 0.3554569 0.2548471 0.0000000 0.0703115 0.3551401 0.0306871 0.2548506 0.2797886 0.2598295 0.3260573 0.2547995 
n236_237   0.0813312 0.2796600 0.1528558 0.2998322 0.0703335 0.3004821 0.2847636 0.0665556 0.0740445 0.0738560 0.2898002 0.0628889 0.3958663 0.2846527 0.0703115 0.0000000 0.3954974 0.0628365 0.2846578 0.2946976 0.2898575 0.3647419 0.2846060 
n255_256   0.3712199 0.3860028 0.3708905 0.4098497 0.3552642 0.4044792 0.3919744 0.3661602 0.3668928 0.3654885 0.4160936 0.3548165 0.0484997 0.3914793 0.3551401 0.3954974 0.0000000 0.3601227 0.3800039 0.4104332 0.3859989 0.2897273 0.4098572 
n294_295   0.0168239 0.2493267 0.1322159 0.2639231 0.0306965 0.2795236 0.2542019 0.0033356 0.0100673 0.0100435 0.2590180 0.0237263 0.3604454 0.2541070 0.0306871 0.0628365 0.3601227 0.0000000 0.2541104 0.2739444 0.2590731 0.3088875 0.2540595 
n300_301   0.2686608 0.0033545 0.2784018 0.1990645 0.2501120 0.2509808 0.0067259 0.2592281 0.2595648 0.2587751 0.0632225 0.2497888 0.3984427 0.0135190 0.2548506 0.2846578 0.3800039 0.2541104 0.0000000 0.2459318 0.0033545 0.3162193 0.0595366 
n265_266   0.2889077 0.2508616 0.2837636 0.1293539 0.2695616 0.0204506 0.2507146 0.2792242 0.2897879 0.2787317 0.2705196 0.2593141 0.4295819 0.2508193 0.2797886 0.2946976 0.4104332 0.2739444 0.2459318 0.0000000 0.2460480 0.3495050 0.2654551 
n299_300   0.2737277 0.0067274 0.2835364 0.2036603 0.2550583 0.2510996 0.0101166 0.2642316 0.2645758 0.2637687 0.0669308 0.2547278 0.4046041 0.0169457 0.2598295 0.2898575 0.3859989 0.2590731 0.0033545 0.2460480 0.0000000 0.3216666 0.0632230 
n244_245   0.3085441 0.3216702 0.3636601 0.3264037 0.3261704 0.3498838 0.3270952 0.3144478 0.3150061 0.3033203 0.3432027 0.3258204 0.3004653 0.3269601 0.3260573 0.3647419 0.2897273 0.3088875 0.3162193 0.3495050 0.3216666 0.0000000 0.3375971 
n277_278   0.2583360 0.0559009 0.2835189 0.2126241 0.2548867 0.2657105 0.0595546 0.2591769 0.2595135 0.2587240 0.0101032 0.2545565 0.4291242 0.0595373 0.2547995 0.2846060 0.4098572 0.2540595 0.0595366 0.2654551 0.0632230 0.3375971 0.0000000 
