26
n277_278   0.0000000 1.8332627 2.0061036 1.8089260 1.8574918 0.4474800 2.5558322 1.9363411 0.1124143 0.5005820 1.8452666 1.8868799 1.8452245 1.8376364 1.9380029 0.4784537 0.5074099 2.1452544 1.9661277 3.1841295 1.7252582 1.9282142 1.8288110 3.4255703 1.8991615 0.4867231 
n286_287   1.8332627 0.0000000 1.6038584 0.0669911 1.9264831 1.8516365 3.3109482 1.7499933 1.9764369 2.3325173 1.8035056 1.7919475 1.7150766 1.6044143 2.2480106 2.1893666 1.9068972 1.5154951 1.7939978 2.5766401 1.1509872 1.2112656 1.7251479 3.3440943 1.5292178 2.2022015 
n296_297   2.0061036 1.6038584 0.0000000 1.5367958 0.1451088 1.8589326 3.0759276 0.3008834 2.0318593 1.7005455 0.6439180 0.2833777 0.1540669 0.2893839 0.8802346 1.7852567 1.8078580 0.0628781 0.1531306 2.7975519 2.5135826 2.8370470 0.2832015 2.5765631 0.2793096 1.5720493 
n285_286   1.8089260 0.0669911 1.5367958 0.0000000 1.8596423 1.8789342 2.8638632 1.6444762 2.0997030 2.2646653 1.6160964 1.8097386 1.6614520 1.6203556 2.0784086 2.1307391 1.7996201 1.4612691 1.7358127 2.8947580 1.0968908 1.1831077 1.6842333 2.7780574 1.4910781 2.1428330 
n289_290   1.8574918 1.9264831 0.1451088 1.8596423 0.0000000 1.7173169 4.8733397 0.3157732 1.9612013 1.6962538 0.6927014 0.3265112 0.0448783 0.3331010 0.8442822 1.6965307 1.6747117 0.1660953 0.0626227 3.2221875 2.2150443 2.3722530 0.3269033 3.2918868 0.3174826 1.6209641 
n274_275   0.4474800 1.8516365 1.8589326 1.8789342 1.7173169 0.0000000 2.0474969 1.7220467 0.4901745 0.1765720 1.7440152 1.6601569 1.7114376 1.5749825 1.7585911 0.1635968 0.1507442 2.0421396 1.7601607 3.5801830 2.0842792 2.1600284 1.8971862 2.2850244 1.6166383 0.1809628 
n255_256   2.5558322 3.3109482 3.0759276 2.8638632 4.8733397 2.0474969 0.0000000 2.8569196 2.3220756 2.6635296 2.7624415 3.2734421 3.8553943 3.3172820 2.8912666 2.9111190 2.7345738 2.9955502 3.6688481 2.5609966 3.3630337 2.7385856 3.3420390 0.3349019 3.3436181 2.4770131 
n275_276   1.9363411 1.7499933 0.3008834 1.6444762 0.3157732 1.7220467 2.8569196 0.0000000 1.9433480 1.7417421 0.6503372 0.1250943 0.3105273 0.1374991 0.9443978 1.8910406 1.7310704 0.3228430 0.3202181 9.0000000 2.1160091 2.3264518 0.1498090 2.7558659 0.1252162 1.6377574 
n278_279   0.1124143 1.9764369 2.0318593 2.0997030 1.9612013 0.4901745 2.3220756 1.9433480 0.0000000 0.5703165 1.8399564 1.9420998 1.8658029 1.8250538 1.9168250 0.5457051 0.5335201 2.1670327 1.9554800 2.9577083 1.9059595 1.9757263 1.8240757 3.0113788 1.9733248 0.5628561 
n299_300   0.5005820 2.3325173 1.7005455 2.2646653 1.6962538 0.1765720 2.6635296 1.7417421 0.5703165 0.0000000 1.8252790 1.6543303 1.8340185 1.6212780 1.7697020 0.0706837 0.1461611 1.9915120 1.7382102 4.4391418 2.0342793 2.1758001 1.7527359 2.6069850 1.6694279 0.0238732 
n236_237   1.8452666 1.8035056 0.6439180 1.6160964 0.6927014 1.7440152 2.7624415 0.6503372 1.8399564 1.8252790 0.0000000 0.6884678 0.6659822 0.6865631 0.8730017 1.8781475 1.6879011 0.6890470 0.6870719 3.1277933 1.9920513 2.1923395 0.6460313 2.2619446 0.6508398 1.7371416 
n293_294   1.8868799 1.7919475 0.2833777 1.8097386 0.3265112 1.6601569 3.2734421 0.1250943 1.9420998 1.6543303 0.6884678 0.0000000 0.3379180 0.1049040 1.0523470 1.8439854 1.8347072 0.3101911 0.3357455 3.1457759 2.3170946 2.6632332 0.0519805 3.1372679 0.1008886 1.5927208 
n290_291   1.8452245 1.7150766 0.1540669 1.6614520 0.0448783 1.7114376 3.8553943 0.3105273 1.8658029 1.8340185 0.6659822 0.3379180 0.0000000 0.3446460 0.8345048 1.8734628 1.7806701 0.1754008 0.0665163 3.4544215 2.2513084 2.3950009 0.3437069 3.6277768 0.3337346 1.7199172 
n297_298   1.8376364 1.6044143 0.2893839 1.6203556 0.3331010 1.5749825 3.3172820 0.1374991 1.8250538 1.6212780 0.6865631 0.1049040 0.3446460 0.0000000 1.0492978 1.6146368 1.5605301 0.3055418 0.3424189 2.9128068 2.3130846 2.7461775 0.1087653 3.0194547 0.0307549 1.5081413 
n200_201   1.9380029 2.2480106 0.8802346 2.0784086 0.8442822 1.7585911 2.8912666 0.9443978 1.9168250 1.7697020 0.8730017 1.0523470 0.8345048 1.0492978 0.0000000 1.7627686 1.6947908 0.8898629 0.8074368 3.2596996 1.9919507 2.4457689 0.9803839 3.4699100 1.0187836 1.7111761 
n292_293   0.4784537 2.1893666 1.7852567 2.1307391 1.6965307 0.1635968 2.9111190 1.8910406 0.5457051 0.0706837 1.8781475 1.8439854 1.8734628 1.6146368 1.7627686 0.0000000 0.1292969 2.1028492 1.7636309 3.8844918 1.8692905 1.9951849 1.9536927 2.5129059 1.6025453 0.0744199 
n280_281   0.5074099 1.9068972 1.8078580 1.7996201 1.6747117 0.1507442 2.7345738 1.7310704 0.5335201 0.1461611 1.6879011 1.8347072 1.7806701 1.5605301 1.6947908 0.1292969 0.0000000 2.0515076 1.8042454 3.2527208 1.8189026 1.9332255 1.8126839 2.5674846 1.6374529 0.1503525 
n295_296   2.1452544 1.5154951 0.0628781 1.4612691 0.1660953 2.0421396 2.9955502 0.3228430 2.1670327 1.9915120 0.6890470 0.3101911 0.1754008 0.3055418 0.8898629 2.1028492 2.0515076 0.0000000 0.1743268 2.3751633 2.7934242 3.0875510 0.3099981 2.4613628 0.2952252 1.8198706 
n287_288   1.9661277 1.7939978 0.1531306 1.7358127 0.0626227 1.7601607 3.6688481 0.3202181 1.9554800 1.7382102 0.6870719 0.3357455 0.0665163 0.3424189 0.8074368 1.7636309 1.8042454 0.1743268 0.0000000 3.0321164 2.6034120 2.7659324 0.3354961 3.0939249 0.3315891 1.6352811 
n244_245   3.1841295 2.5766401 2.7975519 2.8947580 3.2221875 3.5801830 2.5609966 9.0000000 2.9577083 4.4391418 3.1277933 3.1457759 3.4544215 2.9128068 3.2596996 3.8844918 3.2527208 2.3751633 3.0321164 0.0000000 9.0000000 9.0000000 3.1367269 2.0508785 2.8582051 5.0946685 
n265_266   1.7252582 1.1509872 2.5135826 1.0968908 2.2150443 2.0842792 3.3630337 2.1160091 1.9059595 2.0342793 1.9920513 2.3170946 2.2513084 2.3130846 1.9919507 1.8692905 1.8189026 2.7934242 2.6034120 9.0000000 0.0000000 0.1751858 2.2407932 7.4300344 2.1601999 1.9360072 
n266_267   1.9282142 1.2112656 2.8370470 1.1831077 2.3722530 2.1600284 2.7385856 2.3264518 1.9757263 2.1758001 2.1923395 2.6632332 2.3950009 2.7461775 2.4457689 1.9951849 1.9332255 3.0875510 2.7659324 9.0000000 0.1751858 0.0000000 2.6870648 3.6374367 2.5229109 2.0264161 
n294_295   1.8288110 1.7251479 0.2832015 1.6842333 0.3269033 1.8971862 3.3420390 0.1498090 1.8240757 1.7527359 0.6460313 0.0519805 0.3437069 0.1087653 0.9803839 1.9536927 1.8126839 0.3099981 0.3354961 3.1367269 2.2407932 2.6870648 0.0000000 3.1143326 0.1125512 1.6703135 
n251_252   3.4255703 3.3440943 2.5765631 2.7780574 3.2918868 2.2850244 0.3349019 2.7558659 3.0113788 2.6069850 2.2619446 3.1372679 3.6277768 3.0194547 3.4699100 2.5129059 2.5674846 2.4613628 3.0939249 2.0508785 7.4300344 3.6374367 3.1143326 0.0000000 2.9336803 2.4157158 
n298_299   1.8991615 1.5292178 0.2793096 1.4910781 0.3174826 1.6166383 3.3436181 0.1252162 1.9733248 1.6694279 0.6508398 0.1008886 0.3337346 0.0307549 1.0187836 1.6025453 1.6374529 0.2952252 0.3315891 2.8582051 2.1601999 2.5229109 0.1125512 2.9336803 0.0000000 1.5735269 
n300_301   0.4867231 2.2022015 1.5720493 2.1428330 1.6209641 0.1809628 2.4770131 1.6377574 0.5628561 0.0238732 1.7371416 1.5927208 1.7199172 1.5081413 1.7111761 0.0744199 0.1503525 1.8198706 1.6352811 5.0946685 1.9360072 2.0264161 1.6703135 2.4157158 1.5735269 0.0000000 
