26
n277_278   0.0000000 1.4478914 5.8326711 1.5191304 4.6446793 0.5202339 5.5921794 9.0000000 0.1459802 0.5587976 3.1668502 5.6858500 4.4401697 4.3544792 3.4154799 0.5361960 0.5273602 4.9295456 4.7110384 3.6532944 1.6455680 1.9154220 7.7567660 3.0635893 4.6002173 0.5510186 
n286_287   1.4478914 0.0000000 8.9999986 0.0415338 9.0000000 1.6931537 3.3933621 3.3331892 1.4418151 1.5397764 2.6093216 3.7025769 8.9999988 4.8120066 2.8336677 1.5133928 1.5456425 8.9999984 9.0000000 2.9287804 0.8955447 0.9513567 4.0124613 3.6061258 4.7070219 1.4660457 
n296_297   5.8326711 8.9999986 0.0000000 8.9999983 0.1369927 3.1668937 9.0000000 0.2992058 3.0529257 3.5606703 0.5559266 0.3005427 0.1330556 0.2727331 0.9915901 4.0067520 3.3342609 0.0306699 0.1620221 4.7423877 3.5413032 3.9738607 0.2947079 9.0000000 0.2531362 3.8709660 
n285_286   1.5191304 0.0415338 8.9999983 0.0000000 8.9999989 1.6838403 3.5696481 3.4553053 1.4369919 1.6524439 2.6042629 4.2812792 8.9999989 5.3292560 2.8250444 1.6225290 1.6249185 8.9999981 8.9999986 2.7364923 0.8935658 0.9375251 4.8141666 4.6109376 5.1519052 1.5695115 
n289_290   4.6446793 9.0000000 0.1369927 8.9999989 0.0000000 2.8935699 5.8372659 0.3111423 2.9860092 3.0109965 0.5504790 0.2807463 0.0272317 0.2531956 0.9162556 3.3489536 2.8470081 0.1368555 0.0555612 4.5353438 3.0051230 3.7670705 0.2899924 5.4902299 0.2482082 3.0910566 
n274_275   0.5202339 1.6931537 3.1668937 1.6838403 2.8935699 0.0000000 3.0447352 4.2510817 0.5219894 0.1469752 3.0367892 3.6572687 2.7316480 3.1074118 2.7404968 0.1261625 0.1095844 2.7796920 2.9162462 6.9322856 1.7841625 1.8243542 3.0514578 3.1315545 2.8442761 0.1385817 
n255_256   5.5921794 3.3933621 9.0000000 3.5696481 5.8372659 3.0447352 0.0000000 9.0000000 5.4796491 2.9635235 4.0519244 7.7798245 8.9999988 9.0000000 6.6509981 3.6598568 2.8490330 9.0000000 8.9999981 9.0000000 3.2119875 5.1438135 4.6184732 0.3342082 9.0000000 3.2399571 
n275_276   9.0000000 3.3331892 0.2992058 3.4553053 0.3111423 4.2510817 9.0000000 0.0000000 4.9180266 3.1322457 0.5873106 0.1454121 0.3008092 0.1709785 1.2238647 3.0732581 3.2899320 0.2886903 0.3436393 3.4624420 8.9999989 6.3965567 0.1452286 9.0000000 0.1577701 3.1151085 
n278_279   0.1459802 1.4418151 3.0529257 1.4369919 2.9860092 0.5219894 5.4796491 4.9180266 0.0000000 0.5621702 2.6064826 3.3141056 2.7764810 2.9996670 3.0130005 0.5545850 0.5372808 3.3106744 2.9822607 3.2435433 1.6038351 1.6376108 3.5264143 2.9358076 3.0847872 0.5702535 
n299_300   0.5587976 1.5397764 3.5606703 1.6524439 3.0109965 0.1469752 2.9635235 3.1322457 0.5621702 0.0000000 3.6319074 2.8592541 2.7685254 2.6931070 3.1612282 0.0381379 0.0903693 2.9526741 2.8889809 4.3460716 1.5734959 1.7807758 2.5480206 3.3224740 2.5038753 0.0204828 
n236_237   3.1668502 2.6093216 0.5559266 2.6042629 0.5504790 3.0367892 4.0519244 0.5873106 2.6064826 3.6319074 0.0000000 0.5680796 0.5347564 0.5425680 0.9655927 3.7981142 2.9557475 0.5333776 0.5884905 2.9941363 4.7029405 3.7517956 0.5598460 4.3419349 0.5063438 3.3245640 
n293_294   5.6858500 3.7025769 0.3005427 4.2812792 0.2807463 3.6572687 7.7798245 0.1454121 3.3141056 2.8592541 0.5680796 0.0000000 0.2808710 0.1712002 1.0941577 3.2770715 3.2594718 0.2950429 0.3225614 5.4325706 5.2996973 8.2109054 0.0342200 4.9791398 0.1579715 3.0312065 
n290_291   4.4401697 8.9999988 0.1330556 8.9999989 0.0272317 2.7316480 8.9999988 0.3008092 2.7764810 2.7685254 0.5347564 0.2808710 0.0000000 0.2533489 0.9378763 3.0449393 2.6348115 0.1329223 0.0483919 4.4153789 2.6640662 3.2987081 0.2901204 5.8898569 0.2437096 2.8352120 
n297_298   4.3544792 4.8120066 0.2727331 5.3292560 0.2531956 3.1074118 9.0000000 0.1709785 2.9996670 2.6931070 0.5425680 0.1712002 0.2533489 0.0000000 1.1751257 2.8430608 2.7124910 0.2626415 0.3033969 5.8891539 3.2839832 4.4865225 0.1580691 9.0000000 0.0306420 2.6865472 
n200_201   3.4154799 2.8336677 0.9915901 2.8250444 0.9162556 2.7404968 6.6509981 1.2238647 3.0130005 3.1612282 0.9655927 1.0941577 0.9378763 1.1751257 0.0000000 3.3659393 3.1153383 0.9763137 0.9897470 9.0000000 2.9000210 2.8150620 1.1574939 3.4991463 1.1411909 2.9166607 
n292_293   0.5361960 1.5133928 4.0067520 1.6225290 3.3489536 0.1261625 3.6598568 3.0732581 0.5545850 0.0381379 3.7981142 3.2770715 3.0449393 2.8430608 3.3659393 0.0000000 0.0712899 3.2354371 3.1933946 4.4564167 1.6052385 1.7820192 2.7484844 3.2541033 2.6301785 0.0310331 
n280_281   0.5273602 1.5456425 3.3342609 1.6249185 2.8470081 0.1095844 2.8490330 3.2899320 0.5372808 0.0903693 2.9557475 3.2594718 2.6348115 2.7124910 3.1153383 0.0712899 0.0000000 2.8253506 2.8558202 9.0000000 1.4091397 1.5563667 3.0950365 2.5940618 2.6841218 0.0826582 
n295_296   4.9295456 8.9999984 0.0306699 8.9999981 0.1368555 2.7796920 9.0000000 0.2886903 3.3106744 2.9526741 0.5333776 0.2950429 0.1329223 0.2626415 0.9763137 3.2354371 2.8253506 0.0000000 0.1618593 4.4344022 4.1408004 4.6165986 0.2892672 8.6788249 0.2433281 3.1434755 
n287_288   4.7110384 9.0000000 0.1620221 8.9999986 0.0555612 2.9162462 8.9999981 0.3436393 2.9822607 2.8889809 0.5884905 0.3225614 0.0483919 0.3033969 0.9897470 3.1933946 2.8558202 0.1618593 0.0000000 4.0412431 2.7758303 3.1036791 0.3322601 5.2292057 0.2930612 2.9618394 
n244_245   3.6532944 2.9287804 4.7423877 2.7364923 4.5353438 6.9322856 9.0000000 3.4624420 3.2435433 4.3460716 2.9941363 5.4325706 4.4153789 5.8891539 9.0000000 4.4564167 9.0000000 4.4344022 4.0412431 0.0000000 3.2489003 2.9528131 4.6428168 9.0000000 4.0126689 5.0646131 
n265_266   1.6455680 0.8955447 3.5413032 0.8935658 3.0051230 1.7841625 3.2119875 8.9999989 1.6038351 1.5734959 4.7029405 5.2996973 2.6640662 3.2839832 2.9000210 1.6052385 1.4091397 4.1408004 2.7758303 3.2489003 0.0000000 0.1455687 4.3157711 4.1680302 3.5629460 1.5502679 
n266_267   1.9154220 0.9513567 3.9738607 0.9375251 3.7670705 1.8243542 5.1438135 6.3965567 1.6376108 1.7807758 3.7517956 8.2109054 3.2987081 4.4865225 2.8150620 1.7820192 1.5563667 4.6165986 3.1036791 2.9528131 0.1455687 0.0000000 5.2040723 9.0000000 8.9999982 1.6927995 
n294_295   7.7567660 4.0124613 0.2947079 4.8141666 0.2899924 3.0514578 4.6184732 0.1452286 3.5264143 2.5480206 0.5598460 0.0342200 0.2901204 0.1580691 1.1574939 2.7484844 3.0950365 0.2892672 0.3322601 4.6428168 4.3157711 5.2040723 0.0000000 4.8444140 0.1451355 2.6809222 
n251_252   3.0635893 3.6061258 9.0000000 4.6109376 5.4902299 3.1315545 0.3342082 9.0000000 2.9358076 3.3224740 4.3419349 4.9791398 5.8898569 9.0000000 3.4991463 3.2541033 2.5940618 8.6788249 5.2292057 9.0000000 4.1680302 9.0000000 4.8444140 0.0000000 9.0000000 3.1212033 
n298_299   4.6002173 4.7070219 0.2531362 5.1519052 0.2482082 2.8442761 9.0000000 0.1577701 3.0847872 2.5038753 0.5063438 0.1579715 0.2437096 0.0306420 1.1411909 2.6301785 2.6841218 0.2433281 0.2930612 4.0126689 3.5629460 8.9999982 0.1451355 9.0000000 0.0000000 2.4986488 
n300_301   0.5510186 1.4660457 3.8709660 1.5695115 3.0910566 0.1385817 3.2399571 3.1151085 0.5702535 0.0204828 3.3245640 3.0312065 2.8352120 2.6865472 2.9166607 0.0310331 0.0826582 3.1434755 2.9618394 5.0646131 1.5502679 1.6927995 2.6809222 3.1212033 2.4986488 0.0000000 
