23
n298_299   0.0000000 0.2870896 0.1392906 0.2524934 0.0340818 0.2568456 0.2921957 0.0202576 0.0202599 0.0033370 0.2981179 0.0482041 0.4286264 0.2816042 0.1232050 0.4227511 0.2572686 0.3127687 0.2614680 0.0517210 0.3173604 0.4464105 0.2888822 
n280_281   0.2870896 0.0000000 0.2692061 0.2882431 0.2778565 0.2681902 0.0134563 0.2920875 0.3022252 0.2821943 0.0626314 0.2881541 0.4637320 0.0202715 0.3297601 0.4512741 0.2982958 0.0306572 0.2729096 0.3025756 0.0376301 0.4947852 0.0591185 
n200_201   0.1392906 0.2692061 0.0000000 0.2534403 0.1274122 0.2479332 0.2742169 0.1473424 0.1473734 0.1352856 0.2799760 0.1435824 0.4411441 0.2591217 0.1818483 0.4301990 0.2582373 0.2943821 0.2529144 0.1475049 0.2989042 0.4193682 0.2708720 
n286_287   0.2524934 0.2882431 0.2534403 0.0000000 0.2530590 0.1198170 0.2933708 0.2527312 0.2623022 0.2478355 0.2938110 0.2629535 0.4615090 0.2784281 0.3232851 0.4720400 0.0067002 0.3095912 0.1277782 0.2768923 0.3040545 0.4374033 0.2846057 
n287_288   0.0340818 0.2778565 0.1274122 0.2530590 0.0000000 0.2571566 0.2829104 0.0340680 0.0340723 0.0306062 0.2887445 0.0134533 0.4228840 0.2724446 0.1117385 0.4289206 0.2578486 0.3032602 0.2617862 0.0168401 0.3078132 0.4409688 0.2795823 
n266_267   0.2568456 0.2681902 0.2479332 0.1198170 0.2571566 0.0000000 0.2731804 0.2661890 0.2713042 0.2521639 0.2788238 0.2670940 0.4468525 0.2586402 0.3126123 0.4399260 0.1277526 0.2889055 0.0376318 0.2810793 0.2933964 0.4432953 0.2742949 
n292_293   0.2921957 0.0134563 0.2742169 0.2933708 0.2829104 0.2731804 0.0000000 0.2972268 0.3074362 0.2872671 0.0663255 0.2932848 0.4701788 0.0237262 0.3351839 0.4576228 0.3034939 0.0168684 0.2779301 0.3077956 0.0237148 0.5014599 0.0628003 
n293_294   0.0202576 0.2920875 0.1473424 0.2527312 0.0340680 0.2661890 0.2972268 0.0000000 0.0202520 0.0168449 0.3032028 0.0481841 0.4467968 0.2865569 0.1273145 0.4530225 0.2575115 0.3179410 0.2759212 0.0516993 0.3225582 0.4712684 0.2939182 
n275_276   0.0202599 0.3022252 0.1473734 0.2623022 0.0340723 0.2713042 0.3074362 0.0202520 0.0000000 0.0168468 0.3135273 0.0481905 0.4408044 0.2965976 0.1273392 0.4469853 0.2671497 0.3284572 0.2760153 0.0517063 0.3331313 0.4657723 0.3041357 
n297_298   0.0033370 0.2821943 0.1352856 0.2478355 0.0306062 0.2521639 0.2872671 0.0168449 0.0168468 0.0000000 0.2931359 0.0446608 0.4286514 0.2767538 0.1234331 0.4227758 0.2525794 0.3076981 0.2567584 0.0481645 0.3122638 0.4403284 0.2839495 
n278_279   0.2981179 0.0626314 0.2799760 0.2938110 0.2887445 0.2788238 0.0663255 0.3032028 0.3135273 0.2931359 0.0000000 0.2992390 0.4956416 0.0626036 0.3466116 0.4763946 0.3039563 0.0848892 0.2786227 0.3138987 0.0923828 0.5028726 0.0203118 
n295_296   0.0482041 0.2881541 0.1435824 0.2629535 0.0134533 0.2670940 0.2932848 0.0481841 0.0481905 0.0446608 0.2992390 0.0000000 0.4284076 0.2826406 0.1193017 0.4344866 0.2678171 0.3139605 0.2717897 0.0168650 0.3185742 0.4472610 0.2899609 
n251_252   0.4286264 0.4637320 0.4411441 0.4615090 0.4228840 0.4468525 0.4701788 0.4467968 0.4408044 0.4286514 0.4956416 0.4284076 0.0000000 0.4561896 0.4119142 0.0412482 0.4743276 0.4762781 0.4652334 0.4472426 0.4766441 0.3719098 0.4894826 
n274_275   0.2816042 0.0202715 0.2591217 0.2784281 0.2724446 0.2586402 0.0237262 0.2865569 0.2965976 0.2767538 0.0626036 0.2826406 0.4561896 0.0000000 0.3238451 0.4505003 0.2834099 0.0411895 0.2633015 0.2969376 0.0482623 0.4689967 0.0590926 
n236_237   0.1232050 0.3297601 0.1818483 0.3232851 0.1117385 0.3126123 0.3351839 0.1273145 0.1273392 0.1234331 0.3466116 0.1193017 0.4119142 0.3238451 0.0000000 0.4421482 0.3285837 0.3455111 0.3224934 0.1314198 0.3502861 0.4792972 0.3319001 
n255_256   0.4227511 0.4512741 0.4301990 0.4720400 0.4289206 0.4399260 0.4576228 0.4530225 0.4469853 0.4227758 0.4763946 0.4344866 0.0412482 0.4505003 0.4421482 0.0000000 0.4849945 0.4706709 0.4581130 0.4534802 0.4710279 0.3780256 0.4765857 
n285_286   0.2572686 0.2982958 0.2582373 0.0067002 0.2578486 0.1277526 0.3034939 0.2575115 0.2671497 0.2525794 0.3039563 0.2678171 0.4743276 0.2834099 0.3285837 0.4849945 0.0000000 0.3199705 0.1358037 0.2818441 0.3143461 0.4498101 0.2946482 
n300_301   0.3127687 0.0306572 0.2943821 0.3095912 0.3032602 0.2889055 0.0168684 0.3179410 0.3284572 0.3076981 0.0848892 0.3139605 0.4762781 0.0411895 0.3455111 0.4706709 0.3199705 0.0000000 0.2937651 0.3288551 0.0066919 0.5152471 0.0813060 
n265_266   0.2614680 0.2729096 0.2529144 0.1277782 0.2617862 0.0376318 0.2779301 0.2759212 0.2760153 0.2567584 0.2786227 0.2717897 0.4652334 0.2633015 0.3224934 0.4581130 0.1358037 0.2937651 0.0000000 0.2858523 0.2982789 0.4497032 0.2740971 
n296_297   0.0517210 0.3025756 0.1475049 0.2768923 0.0168401 0.2810793 0.3077956 0.0516993 0.0517063 0.0481645 0.3138987 0.0168650 0.4472426 0.2969376 0.1314198 0.4534802 0.2818441 0.3288551 0.2858523 0.0000000 0.3335375 0.4717618 0.3044912 
n299_300   0.3173604 0.0376301 0.2989042 0.3040545 0.3078132 0.2933964 0.0237148 0.3225582 0.3331313 0.3122638 0.0923828 0.3185742 0.4766441 0.0482623 0.3502861 0.4710279 0.3143461 0.0066919 0.2982789 0.3335375 0.0000000 0.5156826 0.0887794 
n244_245   0.4464105 0.4947852 0.4193682 0.4374033 0.4409688 0.4432953 0.5014599 0.4712684 0.4657723 0.4403284 0.5028726 0.4472610 0.3719098 0.4689967 0.4792972 0.3780256 0.4498101 0.5152471 0.4497032 0.4717618 0.5156826 0.0000000 0.4966636 
n277_278   0.2888822 0.0591185 0.2708720 0.2846057 0.2795823 0.2742949 0.0628003 0.2939182 0.3041357 0.2839495 0.0203118 0.2899609 0.4894826 0.0590926 0.3319001 0.4765857 0.2946482 0.0813060 0.2740971 0.3044912 0.0887794 0.4966636 0.0000000 
