26
n277_278   0.0000000 1.7565478 2.1616113 1.7379258 2.2909194 0.4806036 5.1284088 1.8534543 0.1083972 0.5171275 2.2191932 1.8785318 2.3389303 2.0571721 2.0783192 0.5034633 0.5112732 2.2519618 2.1391107 3.0985144 1.4487989 1.4860794 1.7613981 3.0092842 2.1306262 0.5232401 
n286_287   1.7565478 0.0000000 2.8416102 0.0816565 2.6587164 1.7843336 3.0478605 2.1326701 1.8667133 1.8959003 2.0872109 2.2162355 2.3587862 2.1633452 1.8359658 1.8321443 2.1351415 3.0816539 2.4661460 3.2001598 0.8865230 0.8626748 2.2752827 3.7627053 2.2278738 1.8162820 
n296_297   2.1616113 2.8416102 0.0000000 2.8559646 0.1568861 1.6641440 3.1636192 0.3363697 2.0933450 1.9378864 0.6881529 0.3396414 0.1526652 0.3297823 1.1686270 1.7887680 1.8011156 0.0342027 0.1734114 2.6891678 2.1806945 2.0571800 0.3174162 9.0000000 0.3295018 1.8995570 
n285_286   1.7379258 0.0816565 2.8559646 0.0000000 2.6233636 1.8424800 2.8693842 1.9669416 1.8771297 2.0241197 2.0697213 2.2187948 2.3309463 2.1662465 1.7271458 1.9523302 2.2148330 3.0992086 2.4352755 3.3683450 0.8503203 0.8275748 2.1667211 3.3585874 2.2303962 1.9336178 
n289_290   2.2909194 2.6587164 0.1568861 2.6233636 0.0000000 1.6821523 3.4840602 0.3657870 2.2878410 2.1395990 0.7072909 0.3689816 0.0377452 0.3466727 1.1555421 1.9177305 1.8755055 0.1486334 0.0555161 2.2331798 1.9466233 1.9336306 0.3464719 9.0000000 0.3526484 2.1259334 
n274_275   0.4806036 1.7843336 1.6641440 1.8424800 1.6821523 0.0000000 3.2889385 1.7123440 0.4796023 0.1161957 2.1470708 1.5811438 1.8246391 1.4154988 2.2434038 0.1005936 0.1083794 1.7989864 1.6744799 3.3046677 1.7142356 1.4792850 1.4790046 2.5429047 1.4675040 0.1200550 
n255_256   5.1284088 3.0478605 3.1636192 2.8693842 3.4840602 3.2889385 0.0000000 4.7892014 3.6805717 3.4141278 9.0000000 4.4465590 4.1055821 4.7374363 2.8624923 4.0728644 3.5776584 3.9066626 3.8984183 1.4890727 3.5372295 4.7793959 3.2377534 0.2989339 5.3752954 3.3050383 
n275_276   1.8534543 2.1326701 0.3363697 1.9669416 0.3657870 1.7123440 4.7892014 0.0000000 1.9062822 1.7319472 0.7004360 0.1162339 0.3425988 0.1328171 1.2070936 1.6396580 1.8683529 0.3253881 0.3698158 2.1778138 1.8302387 1.5289490 0.1163092 9.0000000 0.1204261 1.6971396 
n278_279   0.1083972 1.8667133 2.0933450 1.8771297 2.2878410 0.4796023 3.6805717 1.9062822 0.0000000 0.4944014 2.5985146 1.8497392 2.3359291 2.0639853 1.7367008 0.4820117 0.4822960 2.1067651 2.2096386 3.1550494 1.5703314 1.5764357 1.7916959 2.9251877 2.1372487 0.5009574 
n299_300   0.5171275 1.8959003 1.9378864 2.0241197 2.1395990 0.1161957 3.4141278 1.7319472 0.4944014 0.0000000 2.7196173 1.6754125 2.1450109 1.6089031 2.0410461 0.0412811 0.1166868 2.1234305 1.9939080 3.5659353 1.7743496 1.4822334 1.6105180 2.8322491 1.6474011 0.0203333 
n236_237   2.2191932 2.0872109 0.6881529 2.0697213 0.7072909 2.1470708 9.0000000 0.7004360 2.5985146 2.7196173 0.0000000 0.6577217 0.7360498 0.6869334 1.2226456 2.6930208 2.3058917 0.6809005 0.7452119 2.8073556 2.0685551 1.7811263 0.6585287 9.0000000 0.6874050 2.6134451 
n293_294   1.8785318 2.2162355 0.3396414 2.2187948 0.3689816 1.5811438 4.4465590 0.1162339 1.8497392 1.6754125 0.6577217 0.0000000 0.3523448 0.1007638 1.1491666 1.5626546 1.7397354 0.3281348 0.3678348 1.9584203 1.8912887 1.6488197 0.0483088 9.0000000 0.0890887 1.6410107 
n290_291   2.3389303 2.3587862 0.1526652 2.3309463 0.0377452 1.8246391 4.1055821 0.3425988 2.3359291 2.1450109 0.7360498 0.3523448 0.0000000 0.3404624 1.1531724 1.9473010 1.9236941 0.1444626 0.0483034 2.5125136 1.8784280 1.8724081 0.3402642 9.0000000 0.3407905 2.1312102 
n297_298   2.0571721 2.1633452 0.3297823 2.1662465 0.3466727 1.4154988 4.7374363 0.1328171 2.0639853 1.6089031 0.6869334 0.1007638 0.3404624 0.0000000 1.1170131 1.4614006 1.6715343 0.3131844 0.3506499 2.2647584 1.8899948 1.5723689 0.0969760 9.0000000 0.0307393 1.5584505 
n200_201   2.0783192 1.8359658 1.1686270 1.7271458 1.1555421 2.2434038 2.8624923 1.2070936 1.7367008 2.0410461 1.2226456 1.1491666 1.1531724 1.1170131 0.0000000 2.0839249 2.1261088 1.0882339 1.0821399 7.7320301 2.5757420 2.3866547 1.1545277 8.9999990 1.1351762 2.0762063 
n292_293   0.5034633 1.8321443 1.7887680 1.9523302 1.9177305 0.1005936 4.0728644 1.6396580 0.4820117 0.0412811 2.6930208 1.5626546 1.9473010 1.4614006 2.0839249 0.0000000 0.1009614 1.9447643 1.8008294 2.8124046 1.8085426 1.5443166 1.5049395 2.6738230 1.4932423 0.0447988 
n280_281   0.5112732 2.1351415 1.8011156 2.2148330 1.8755055 0.1083794 3.5776584 1.8683529 0.4822960 0.1166868 2.3058917 1.7397354 1.9236941 1.6715343 2.1261088 0.1009614 0.0000000 1.8798561 1.7255202 2.9451340 1.8883735 1.6739931 1.7268853 2.6886217 1.7134018 0.1245706 
n295_296   2.2519618 3.0816539 0.0342027 3.0992086 0.1486334 1.7989864 3.9066626 0.3253881 2.1067651 2.1234305 0.6809005 0.3281348 0.1444626 0.3131844 1.0882339 1.9447643 1.8798561 0.0000000 0.1649907 2.7542177 2.1993971 2.0754098 0.3067964 9.0000000 0.3129207 2.0774306 
n287_288   2.1391107 2.4661460 0.1734114 2.4352755 0.0555161 1.6744799 3.8984183 0.3698158 2.2096386 1.9939080 0.7452119 0.3678348 0.0483034 0.3506499 1.0821399 1.8008294 1.7255202 0.1649907 0.0000000 2.4586515 1.9578365 1.9209182 0.3504483 9.0000000 0.3566387 1.9824937 
n244_245   3.0985144 3.2001598 2.6891678 3.3683450 2.2331798 3.3046677 1.4890727 2.1778138 3.1550494 3.5659353 2.8073556 1.9584203 2.5125136 2.2647584 7.7320301 2.8124046 2.9451340 2.7542177 2.4586515 0.0000000 3.5309690 3.1732206 2.0235906 1.3775493 2.0619315 3.2199538 
n265_266   1.4487989 0.8865230 2.1806945 0.8503203 1.9466233 1.7142356 3.5372295 1.8302387 1.5703314 1.7743496 2.0685551 1.8912887 1.8784280 1.8899948 2.5757420 1.8085426 1.8883735 2.1993971 1.9578365 3.5309690 0.0000000 0.1743914 1.8587540 3.5684188 2.0358844 1.7943055 
n266_267   1.4860794 0.8626748 2.0571800 0.8275748 1.9336306 1.4792850 4.7793959 1.5289490 1.5764357 1.4822334 1.7811263 1.6488197 1.8724081 1.5723689 2.3866547 1.5443166 1.6739931 2.0754098 1.9209182 3.1732206 0.1743914 0.0000000 1.5856942 3.5066234 1.6297628 1.4552827 
n294_295   1.7613981 2.2752827 0.3174162 2.1667211 0.3464719 1.4790046 3.2377534 0.1163092 1.7916959 1.6105180 0.6585287 0.0483088 0.3402642 0.0969760 1.1545277 1.5049395 1.7268853 0.3067964 0.3504483 2.0235906 1.8587540 1.5856942 0.0000000 9.0000000 0.0929597 1.6034351 
n251_252   3.0092842 3.7627053 9.0000000 3.3585874 9.0000000 2.5429047 0.2989339 9.0000000 2.9251877 2.8322491 9.0000000 9.0000000 9.0000000 9.0000000 8.9999990 2.6738230 2.6886217 9.0000000 9.0000000 1.3775493 3.5684188 3.5066234 9.0000000 0.0000000 9.0000000 2.7660594 
n298_299   2.1306262 2.2278738 0.3295018 2.2303962 0.3526484 1.4675040 5.3752954 0.1204261 2.1372487 1.6474011 0.6874050 0.0890887 0.3407905 0.0307393 1.1351762 1.4932423 1.7134018 0.3129207 0.3566387 2.0619315 2.0358844 1.6297628 0.0929597 9.0000000 0.0000000 1.5946681 
n300_301   0.5232401 1.8162820 1.8995570 1.9336178 2.1259334 0.1200550 3.3050383 1.6971396 0.5009574 0.0203333 2.6134451 1.6410107 2.1312102 1.5584505 2.0762063 0.0447988 0.1245706 2.0774306 1.9824937 3.2199538 1.7943055 1.4552827 1.6034351 2.7660594 1.5946681 0.0000000 
