26
n277_278   0.0000000 1.9986997 2.6771536 2.1527795 2.2911898 0.4940789 2.6582644 2.0781957 0.1385571 0.4709926 1.9418304 2.0095983 2.3470307 2.0751595 1.6600793 0.4441139 0.4413905 2.6462463 2.3757554 3.2876322 1.9235733 2.1507285 2.1007815 2.7787386 2.0537235 0.4518388 
n286_287   1.9986997 0.0000000 2.5857596 0.0627669 2.1840337 1.6203073 2.6501671 3.0168403 1.9626186 1.6518391 2.1973755 3.2651432 2.5342320 2.8898515 1.5484288 1.7994689 1.7049328 2.5478555 2.2206974 3.8385287 0.8562175 0.9728529 2.9308618 3.3035678 2.9005751 1.6574311 
n296_297   2.6771536 2.5857596 0.0000000 2.8489565 0.2110209 2.8491956 3.3428430 0.3164505 2.4108697 2.8421219 0.6921890 0.3118681 0.1926610 0.3164148 1.2473449 3.1420196 3.1543765 0.0414196 0.2067086 3.5032015 2.0497663 2.5012954 0.3281954 2.1504512 0.3010648 2.6846369 
n285_286   2.1527795 0.0627669 2.8489565 0.0000000 2.1294717 1.6032042 2.9732680 3.1784847 2.1819544 1.7266803 2.3971562 3.7283432 2.4587108 2.9319501 1.6787015 1.8047073 1.6763229 2.8268301 2.1043081 3.7266758 0.8942275 0.9643195 3.4114151 3.5676428 2.9698819 1.7046563 
n289_290   2.2911898 2.1840337 0.2110209 2.1294717 0.0000000 2.1104524 3.1887092 0.3172226 2.1032853 2.1025908 0.6191176 0.3073225 0.0412933 0.3004390 1.1872466 2.1240476 2.0953458 0.2029192 0.0557731 3.6866568 1.9213485 2.3792870 0.3293777 2.5908517 0.2955075 2.0576006 
n274_275   0.4940789 1.6203073 2.8491956 1.6032042 2.1104524 0.0000000 3.3869896 2.0931381 0.4472704 0.1249153 2.1802787 2.1324329 2.1733116 2.0105503 1.8538097 0.1414571 0.1286231 2.5659279 2.0505488 2.8080498 1.6790988 1.7237873 2.2951558 3.1532104 2.0621707 0.1250249 
n255_256   2.6582644 2.6501671 3.3428430 2.9732680 3.1887092 3.3869896 0.0000000 3.2458034 2.6726973 2.9557358 3.1210240 3.3515825 3.0085788 2.6640382 2.3536598 3.1887552 3.1802033 2.9810455 2.5787378 2.9857917 2.5948878 2.9926370 2.9412599 0.3018604 2.8884930 3.4758930 
n275_276   2.0781957 3.0168403 0.3164505 3.1784847 0.3172226 2.0931381 3.2458034 0.0000000 1.9093983 2.0118439 0.5888665 0.1012158 0.2802592 0.1129376 1.2260321 2.3002687 1.8984467 0.3067824 0.3020829 4.4129143 2.7299715 3.9146280 0.1171928 2.9855067 0.1050991 1.9345665 
n278_279   0.1385571 1.9626186 2.4108697 2.1819544 2.1032853 0.4472704 2.6726973 1.9093983 0.0000000 0.4238905 2.2718796 1.9307828 2.2103162 2.0526936 1.5419967 0.4122408 0.3978286 2.3246511 2.3237387 3.5502444 1.9923866 2.1813044 1.9136872 2.6603588 2.1595319 0.4059382 
n299_300   0.4709926 1.6518391 2.8421219 1.7266803 2.1025908 0.1249153 2.9557358 2.0118439 0.4238905 0.0000000 2.0795796 2.1320887 2.1648728 1.9077116 1.9940288 0.0522682 0.1209019 2.6229174 2.0432165 3.2059042 1.6622977 1.7716310 2.0752641 2.7502831 2.0437679 0.0238296 
n236_237   1.9418304 2.1973755 0.6921890 2.3971562 0.6191176 2.1802787 3.1210240 0.5888665 2.2718796 2.0795796 0.0000000 0.5798162 0.6033500 0.5857011 1.1631514 2.1489770 2.0079736 0.6761949 0.6186895 2.5322002 2.1608388 2.9556569 0.5963888 2.3262223 0.5706129 1.9548172 
n293_294   2.0095983 3.2651432 0.3118681 3.7283432 0.3073225 2.1324329 3.3515825 0.1012158 1.9307828 2.1320887 0.5798162 0.0000000 0.2708071 0.1089055 1.2698683 2.3953455 2.0441853 0.3022351 0.2923505 3.1509007 2.7235043 3.7399886 0.0449961 2.7752072 0.1011161 2.0009997 
n290_291   2.3470307 2.5342320 0.1926610 2.4587108 0.0412933 2.1733116 3.0085788 0.2802592 2.2103162 2.1648728 0.6033500 0.2708071 0.0000000 0.2799751 1.1864642 2.1881999 2.2055805 0.1847095 0.0449270 3.2379911 1.9345163 2.4061585 0.2916630 2.3733040 0.2751621 2.1169641 
n297_298   2.0751595 2.8898515 0.3164148 2.9319501 0.3004390 2.0105503 2.6640382 0.1129376 2.0526936 1.9077116 0.5857011 0.1089055 0.2799751 0.0000000 1.1407013 2.1181899 1.9055206 0.3067501 0.2857593 3.1801443 2.3116679 2.7713111 0.1212926 2.6080668 0.0307374 1.8797852 
n200_201   1.6600793 1.5484288 1.2473449 1.6787015 1.1872466 1.8538097 2.3536598 1.2260321 1.5419967 1.9940288 1.1631514 1.2698683 1.1864642 1.1407013 0.0000000 1.9724884 2.1513470 1.2387571 1.1997845 2.1680403 2.1059070 2.5374801 1.2284334 2.3193839 1.1439941 1.9476539 
n292_293   0.4441139 1.7994689 3.1420196 1.8047073 2.1240476 0.1414571 3.1887552 2.3002687 0.4122408 0.0522682 2.1489770 2.3953455 2.1881999 2.1181899 1.9724884 0.0000000 0.1247522 2.8324991 2.1105459 3.1686863 1.8393153 2.0496689 2.4490324 3.0642254 2.3432820 0.0486779 
n280_281   0.4413905 1.7049328 3.1543765 1.6763229 2.0953458 0.1286231 3.1802033 1.8984467 0.3978286 0.1209019 2.0079736 2.0441853 2.2055805 1.9055206 2.1513470 0.1247522 0.0000000 2.8000902 2.0896071 3.6722462 1.9053280 2.0719336 2.0046897 3.9186717 2.0027513 0.1169638 
n295_296   2.6462463 2.5478555 0.0414196 2.8268301 0.2029192 2.5659279 2.9810455 0.3067824 2.3246511 2.6229174 0.6761949 0.3022351 0.1847095 0.3067501 1.2387571 2.8324991 2.8000902 0.0000000 0.2029661 3.7152242 2.0787984 2.6022125 0.3071284 2.4474424 0.2965451 2.4908696 
n287_288   2.3757554 2.2206974 0.2067086 2.1043081 0.0557731 2.0505488 2.5787378 0.3020829 2.3237387 2.0432165 0.6186895 0.2923505 0.0449270 0.2857593 1.1997845 2.1105459 2.0896071 0.2029661 0.0000000 4.0443781 1.9636440 2.3782412 0.3191148 2.2546317 0.2863294 2.0009713 
n244_245   3.2876322 3.8385287 3.5032015 3.7266758 3.6866568 2.8080498 2.9857917 4.4129143 3.5502444 3.2059042 2.5322002 3.1509007 3.2379911 3.1801443 2.1680403 3.1686863 3.6722462 3.7152242 4.0443781 0.0000000 4.6535467 8.9999987 3.6519946 2.5347603 3.1669036 3.7286945 
n265_266   1.9235733 0.8562175 2.0497663 0.8942275 1.9213485 1.6790988 2.5948878 2.7299715 1.9923866 1.6622977 2.1608388 2.7235043 1.9345163 2.3116679 2.1059070 1.8393153 1.9053280 2.0787984 1.9636440 4.6535467 0.0000000 0.1806654 2.7920245 2.3900719 2.3284158 1.6667404 
n266_267   2.1507285 0.9728529 2.5012954 0.9643195 2.3792870 1.7237873 2.9926370 3.9146280 2.1813044 1.7716310 2.9556569 3.7399886 2.4061585 2.7713111 2.5374801 2.0496689 2.0719336 2.6022125 2.3782412 8.9999987 0.1806654 0.0000000 3.5250358 2.1824679 2.9920316 1.8438887 
n294_295   2.1007815 2.9308618 0.3281954 3.4114151 0.3293777 2.2951558 2.9412599 0.1171928 1.9136872 2.0752641 0.5963888 0.0449961 0.2916630 0.1212926 1.2284334 2.4490324 2.0046897 0.3071284 0.3191148 3.6519946 2.7920245 3.5250358 0.0000000 2.5628092 0.1172213 2.0369185 
n251_252   2.7787386 3.3035678 2.1504512 3.5676428 2.5908517 3.1532104 0.3018604 2.9855067 2.6603588 2.7502831 2.3262223 2.7752072 2.3733040 2.6080668 2.3193839 3.0642254 3.9186717 2.4474424 2.2546317 2.5347603 2.3900719 2.1824679 2.5628092 0.0000000 2.6365438 2.9527392 
n298_299   2.0537235 2.9005751 0.3010648 2.9698819 0.2955075 2.0621707 2.8884930 0.1050991 2.1595319 2.0437679 0.5706129 0.1011161 0.2751621 0.0307374 1.1439941 2.3432820 2.0027513 0.2965451 0.2863294 3.1669036 2.3284158 2.9920316 0.1172213 2.6365438 0.0000000 2.0118265 
n300_301   0.4518388 1.6574311 2.6846369 1.7046563 2.0576006 0.1250249 3.4758930 1.9345665 0.4059382 0.0238296 1.9548172 2.0009997 2.1169641 1.8797852 1.9476539 0.0486779 0.1169638 2.4908696 2.0009713 3.7286945 1.6667404 1.8438887 2.0369185 2.9527392 2.0118265 0.0000000 
