25
n285_292   0.0000000 0.4004038 0.3350251 0.2956118 0.3197152 0.3456969 0.3217816 0.3209416 0.3635314 0.3901518 0.3403464 0.3142181 0.3218911 0.3403464 0.1422202 0.3211142 0.3091453 0.4194047 0.3098176 0.1176853 0.3088498 0.3165567 0.3087280 0.3038494 0.0135182 
n251_258   0.4004038 0.0000000 0.4344750 0.4459040 0.4122745 0.4609511 0.4201127 0.4255193 0.4360760 0.0378200 0.4281864 0.4303895 0.4259415 0.4220203 0.3915843 0.4191686 0.4245267 0.3344330 0.4255032 0.3618786 0.4240586 0.4205650 0.4373796 0.3938445 0.4192005 
n275_282   0.3350251 0.4344750 0.0000000 0.1332450 0.3041546 0.1094348 0.0378111 0.0449721 0.0203592 0.3970557 0.0135150 0.3038601 0.0307856 0.0101036 0.3212804 0.0377502 0.2988490 0.3953264 0.2989137 0.2995706 0.2985669 0.0378482 0.3096160 0.2835197 0.3464314 
n200_207   0.2956118 0.4459040 0.1332450 0.0000000 0.3240701 0.1629406 0.1205966 0.1248091 0.1416768 0.4198853 0.1335576 0.3182490 0.1205482 0.1293807 0.3079566 0.1125368 0.3131620 0.4056796 0.3138428 0.2867592 0.3128618 0.1207179 0.3241197 0.3081302 0.3112381 
n277_284   0.3197152 0.4122745 0.3041546 0.3240701 0.0000000 0.3331356 0.3086587 0.3304630 0.3261660 0.4185257 0.3043009 0.0629634 0.3248477 0.3100620 0.2792100 0.3190664 0.0593471 0.3642414 0.0630426 0.2539830 0.0593066 0.3145360 0.0667254 0.0168740 0.3307662 
n236_243   0.3456969 0.4609511 0.1094348 0.1629406 0.3331356 0.0000000 0.1012900 0.1092692 0.1175671 0.4278432 0.1096895 0.3271897 0.1012502 0.1056590 0.3478400 0.1011187 0.3220082 0.3781932 0.3220796 0.3253355 0.3216939 0.1013917 0.3275650 0.3221867 0.3509634 
n287_294   0.3217816 0.4201127 0.0378111 0.1205966 0.3086587 0.1012900 0.0000000 0.0272101 0.0449837 0.3834815 0.0378958 0.3029713 0.0202732 0.0343370 0.3132825 0.0134310 0.2979763 0.3881081 0.2980406 0.2919382 0.2976959 0.0134650 0.3087070 0.2930371 0.3329188 
n295_302   0.3209416 0.4255193 0.0449721 0.1248091 0.3304630 0.1092692 0.0272101 0.0000000 0.0522394 0.3886643 0.0450733 0.3245735 0.0134628 0.0414678 0.3238893 0.0271674 0.3194369 0.3933003 0.3195072 0.3022269 0.3191278 0.0238018 0.3305133 0.3143554 0.3320471 
n297_304   0.3635314 0.4360760 0.0203592 0.1416768 0.3261660 0.1175671 0.0449837 0.0522394 0.0000000 0.3984794 0.0204040 0.3258437 0.0449673 0.0169483 0.3490629 0.0449116 0.3206872 0.4136723 0.3207580 0.3264892 0.3203757 0.0450280 0.3318090 0.3048803 0.3754174 
n255_262   0.3901518 0.0378200 0.3970557 0.4198853 0.4185257 0.4278432 0.3834815 0.3886643 0.3984794 0.0000000 0.3848267 0.4302323 0.3890491 0.3852076 0.3753711 0.3826452 0.4243727 0.3230384 0.4253484 0.3521028 0.4239049 0.3838934 0.4372182 0.3999380 0.4087288 
n294_301   0.3403464 0.4281864 0.0135150 0.1335576 0.3043009 0.1096895 0.0378958 0.0450733 0.0204040 0.3848267 0.0000000 0.3040061 0.0378821 0.0101257 0.3155111 0.0378354 0.2989918 0.3890061 0.2990565 0.3046178 0.2987093 0.0379331 0.3097661 0.2836524 0.3518349 
n292_299   0.3142181 0.4303895 0.3038601 0.3182490 0.0629634 0.3271897 0.3029713 0.3245735 0.3258437 0.4302323 0.3040061 0.0000000 0.3190125 0.3097598 0.2795065 0.3132893 0.0033339 0.3524574 0.0066882 0.2542417 0.0033349 0.3087880 0.0033381 0.0593351 0.3251808 
n296_303   0.3218911 0.4259415 0.0307856 0.1205482 0.3248477 0.1012502 0.0202732 0.0134628 0.0449673 0.3890491 0.0378821 0.3190125 0.0000000 0.0343246 0.3133874 0.0202415 0.3139142 0.3882493 0.3139829 0.2920335 0.3136127 0.0168897 0.3248975 0.3088712 0.3330336 
n293_300   0.3403464 0.4220203 0.0101036 0.1293807 0.3100620 0.1056590 0.0343370 0.0414678 0.0169483 0.3852076 0.0101257 0.3097598 0.0343246 0.0000000 0.3324463 0.0342824 0.3047037 0.3955823 0.3047700 0.3103811 0.3044134 0.0343707 0.3155787 0.2892284 0.3518349 
n266_273   0.1422202 0.3915843 0.3212804 0.3079566 0.2792100 0.3478400 0.3132825 0.3238893 0.3490629 0.3753711 0.3155111 0.2795065 0.3133874 0.3324463 0.0000000 0.3126420 0.2746918 0.3849155 0.2752743 0.0202680 0.2744426 0.3081534 0.2849914 0.2643454 0.1506414 
n290_297   0.3211142 0.4191686 0.0377502 0.1125368 0.3190664 0.1011187 0.0134310 0.0271674 0.0449116 0.3826452 0.0378354 0.3132893 0.0202415 0.0342824 0.3126420 0.0000000 0.3082326 0.3872615 0.3082996 0.2913523 0.3079389 0.0134441 0.3191156 0.3032312 0.3322215 
n274_281   0.3091453 0.4245267 0.2988490 0.3131620 0.0593471 0.3220082 0.2979763 0.3194369 0.3206872 0.4243727 0.2989918 0.0033339 0.3139142 0.3047037 0.2746918 0.3082326 0.0000000 0.3471430 0.0033379 0.2495836 0.0066863 0.3037494 0.0066928 0.0557340 0.3200348 
n244_251   0.4194047 0.3344330 0.3953264 0.4056796 0.3642414 0.3781932 0.3881081 0.3933003 0.4136723 0.3230384 0.3890061 0.3524574 0.3882493 0.3955823 0.3849155 0.3872615 0.3471430 0.0000000 0.3479108 0.3555250 0.3467955 0.3824310 0.3586559 0.3474006 0.4387204 
n280_287   0.3098176 0.4255032 0.2989137 0.3138428 0.0630426 0.3220796 0.2980406 0.3195072 0.3207580 0.4253484 0.2990565 0.0066882 0.3139829 0.3047700 0.2752743 0.3082996 0.0033379 0.3479108 0.0000000 0.2501060 0.0100603 0.3038153 0.0100700 0.0594096 0.3207349 
n265_272   0.1176853 0.3618786 0.2995706 0.2867592 0.2539830 0.3253355 0.2919382 0.3022269 0.3264892 0.3521028 0.3046178 0.2542417 0.2920335 0.3103811 0.0202680 0.2913523 0.2495836 0.3555250 0.2501060 0.0000000 0.2493645 0.2869557 0.2595014 0.2396427 0.1258011 
n299_306   0.3088498 0.4240586 0.2985669 0.3128618 0.0593066 0.3216939 0.2976959 0.3191278 0.3203757 0.4239049 0.2987093 0.0033349 0.3136127 0.3044134 0.2744426 0.3079389 0.0066863 0.3467955 0.0100603 0.2493645 0.0000000 0.3034610 0.0066948 0.0556962 0.3197246 
n289_296   0.3165567 0.4205650 0.0378482 0.1207179 0.3145360 0.1013917 0.0134650 0.0238018 0.0450280 0.3838934 0.0379331 0.3087880 0.0168897 0.0343707 0.3081534 0.0134441 0.3037494 0.3824310 0.3038153 0.2869557 0.3034610 0.0000000 0.3145849 0.2987665 0.3276135 
n300_307   0.3087280 0.4373796 0.3096160 0.3241197 0.0667254 0.3275650 0.3087070 0.3305133 0.3318090 0.4372182 0.3097661 0.0033381 0.3248975 0.3155787 0.2849914 0.3191156 0.0066928 0.3586559 0.0100700 0.2595014 0.0066948 0.3145849 0.0000000 0.0630742 0.3195978 
n278_285   0.3038494 0.3938445 0.2835197 0.3081302 0.0168740 0.3221867 0.2930371 0.3143554 0.3048803 0.3999380 0.2836524 0.0593351 0.3088712 0.2892284 0.2643454 0.3032312 0.0557340 0.3474006 0.0594096 0.2396427 0.0556962 0.2987665 0.0630742 0.0000000 0.3146507 
n286_293   0.0135182 0.4192005 0.3464314 0.3112381 0.3307662 0.3509634 0.3329188 0.3320471 0.3754174 0.4087288 0.3518349 0.3251808 0.3330336 0.3518349 0.1506414 0.3322215 0.3200348 0.4387204 0.3207349 0.1258011 0.3197246 0.3276135 0.3195978 0.3146507 0.0000000 
