11
n277_236   0.0000000 0.0204919 0.4907207 0.0490257 0.0453667 0.2670413 0.2345637 0.2342566 0.2674142 0.0564876 0.4769026 
n278_237   0.0204919 0.0000000 0.4828150 0.0417490 0.0381393 0.2676158 0.2350587 0.2347503 0.2679901 0.0491020 0.4701449 
n255_222   0.4907207 0.4828150 0.0000000 0.4755371 0.4678561 0.4966718 0.5325800 0.5233154 0.4888487 0.4775527 0.0273771 
n292_245   0.0490257 0.0417490 0.4755371 0.0000000 0.0033493 0.2619240 0.2295460 0.2292474 0.2622892 0.0135454 0.4629632 
n280_239   0.0453667 0.0381393 0.4678561 0.0033493 0.0000000 0.2565292 0.2244653 0.2241755 0.2568857 0.0101258 0.4554058 
n286_243   0.2670413 0.2676158 0.4966718 0.2619240 0.2565292 0.0000000 0.1491235 0.1489517 0.0135127 0.2564385 0.4752951 
n266_231   0.2345637 0.2350587 0.5325800 0.2295460 0.2244653 0.1491235 0.0000000 0.0168714 0.1539771 0.2347084 0.5187441 
n265_230   0.2342566 0.2347503 0.5233154 0.2292474 0.2241755 0.1489517 0.0168714 0.0000000 0.1537970 0.2344009 0.5096555 
n285_242   0.2674142 0.2679901 0.4888487 0.2622892 0.2568857 0.0135127 0.1539771 0.1537970 0.0000000 0.2567946 0.4677011 
n274_235   0.0564876 0.0491020 0.4775527 0.0135454 0.0101258 0.2564385 0.2347084 0.2344009 0.2567946 0.0000000 0.4649198 
n251_218   0.4769026 0.4701449 0.0273771 0.4629632 0.4554058 0.4752951 0.5187441 0.5096555 0.4677011 0.4649198 0.0000000 
