24
n285_292   0.0000000 0.3127259 0.2702355 0.2464582 0.2325523 0.2652873 0.2609716 0.2659800 0.2606017 0.3118751 0.2557640 0.2332972 0.2509985 0.1323296 0.2561672 0.2377233 0.4315146 0.2379067 0.1282791 0.2380512 0.2610134 0.2332149 0.2139932 0.0033467 
n251_258   0.3127259 0.0000000 0.3479991 0.3322615 0.3379190 0.3530687 0.3269380 0.3376345 0.3373259 0.0483184 0.3319343 0.3495537 0.3266461 0.3452463 0.3216824 0.3495063 0.2793299 0.3440529 0.3452215 0.3551748 0.3270002 0.3494217 0.3164071 0.3179992 
n275_282   0.2702355 0.3479991 0.0000000 0.1561476 0.2176333 0.0847528 0.0411417 0.0518213 0.0202560 0.3310442 0.0168392 0.2555687 0.0134399 0.2800328 0.0376227 0.2554187 0.4226330 0.2555993 0.2753631 0.2604537 0.0411448 0.2554779 0.2084610 0.2751712 
n200_207   0.2464582 0.3322615 0.1561476 0.0000000 0.2224121 0.1518770 0.1479791 0.1604639 0.1479171 0.3261346 0.1438117 0.2416641 0.1397456 0.2561051 0.1438882 0.2415223 0.4167862 0.2464476 0.2515516 0.2464619 0.1479958 0.2415786 0.2041665 0.2512399 
n277_284   0.2325523 0.3379190 0.2176333 0.2224121 0.0000000 0.2128525 0.2087495 0.2177889 0.2086695 0.3317369 0.2041834 0.0703273 0.1997527 0.2277514 0.2042900 0.0702879 0.3762962 0.0740426 0.2186954 0.0777833 0.2087782 0.0740177 0.0134655 0.2372412 
n236_243   0.2652873 0.3530687 0.0847528 0.1518770 0.2128525 0.0000000 0.0848050 0.0961737 0.0847672 0.3360055 0.0810236 0.2602535 0.0773065 0.2701844 0.0810670 0.2601006 0.4399847 0.2651557 0.2655667 0.2651701 0.0848125 0.2601608 0.2037523 0.2701871 
n287_294   0.2609716 0.3269380 0.0411417 0.1479791 0.2087495 0.0848050 0.0000000 0.0237258 0.0341220 0.3263817 0.0306343 0.2462105 0.0271658 0.2703650 0.0033408 0.2460661 0.3993753 0.2510180 0.2657447 0.2510323 0.0066988 0.2461233 0.1996893 0.2658503 
n295_302   0.2659800 0.3376345 0.0518213 0.1604639 0.2177889 0.0961737 0.0237258 0.0000000 0.0446962 0.3370578 0.0411553 0.2557561 0.0376350 0.2802411 0.0202884 0.2556059 0.4172071 0.2606309 0.2755676 0.2606453 0.0237275 0.2556651 0.2086092 0.2708960 
n297_304   0.2606017 0.3373259 0.0202560 0.1479171 0.2086695 0.0847672 0.0341220 0.0446962 0.0000000 0.3311570 0.0100567 0.2461223 0.0066889 0.2702731 0.0306365 0.2459780 0.4108787 0.2461501 0.2656533 0.2509433 0.0341244 0.2460352 0.1996116 0.2654734 
n255_262   0.3118751 0.0483184 0.3310442 0.3261346 0.3317369 0.3360055 0.3263817 0.3370578 0.3311570 0.0000000 0.3258212 0.3432411 0.3205857 0.3441529 0.3211360 0.3431942 0.2886566 0.3377968 0.3498718 0.3488016 0.3264436 0.3431123 0.3104459 0.3171309 
n294_301   0.2557640 0.3319343 0.0168392 0.1438117 0.2041834 0.0810236 0.0306343 0.0411553 0.0100567 0.3258212 0.0000000 0.2413834 0.0033365 0.2653687 0.0271658 0.2412420 0.4049017 0.2414099 0.2607758 0.2461707 0.0306365 0.2412982 0.1951851 0.2606017 
n292_299   0.2332972 0.3495537 0.2555687 0.2416641 0.0703273 0.2602535 0.2462105 0.2557561 0.2461223 0.3432411 0.2413834 0.0000000 0.2367118 0.2569349 0.2415072 0.0100902 0.3946545 0.0100911 0.2474973 0.0067142 0.2462482 0.0033475 0.0556536 0.2380045 
n293_300   0.2509985 0.3266461 0.0134399 0.1397456 0.1997527 0.0773065 0.0271658 0.0376350 0.0066889 0.3205857 0.0033365 0.2367118 0.0000000 0.2605403 0.0237138 0.2365733 0.3990658 0.2367371 0.2559726 0.2414672 0.0271677 0.2366285 0.1908114 0.2558043 
n266_273   0.1323296 0.3452463 0.2800328 0.2561051 0.2277514 0.2701844 0.2703650 0.2802411 0.2702731 0.3441529 0.2653687 0.2569349 0.2605403 0.0000000 0.2655029 0.2567833 0.4766031 0.2618404 0.0307235 0.2618549 0.2704093 0.2568430 0.2231771 0.1282966 
n290_297   0.2561672 0.3216824 0.0376227 0.1438882 0.2042900 0.0810670 0.0033408 0.0202884 0.0306365 0.3211360 0.0271658 0.2415072 0.0237138 0.2655029 0.0000000 0.2413657 0.4054665 0.2462825 0.2609082 0.2462967 0.0033408 0.2414220 0.1952874 0.2610134 
n274_281   0.2377233 0.3495063 0.2554187 0.2415223 0.0702879 0.2601006 0.2460661 0.2556059 0.2459780 0.3431942 0.2412420 0.0100902 0.2365733 0.2567833 0.2413657 0.0000000 0.3946051 0.0134871 0.2473514 0.0169026 0.2461038 0.0134831 0.0556225 0.2424559 
n244_251   0.4315146 0.2793299 0.4226330 0.4167862 0.3762962 0.4399847 0.3993753 0.4172071 0.4108787 0.2886566 0.4049017 0.3946545 0.3990658 0.4766031 0.4054665 0.3946051 0.0000000 0.3888075 0.4695648 0.4006534 0.4114536 0.3945014 0.3594137 0.4314307 
n280_287   0.2379067 0.3440529 0.2555993 0.2464476 0.0740426 0.2651557 0.2510180 0.2606309 0.2461501 0.3377968 0.2414099 0.0100911 0.2367371 0.2618404 0.2462825 0.0134871 0.3888075 0.0000000 0.2523390 0.0169043 0.2510571 0.0134844 0.0592882 0.2426439 
n265_272   0.1282791 0.3452215 0.2753631 0.2515516 0.2186954 0.2655667 0.2657447 0.2755676 0.2656533 0.3498718 0.2607758 0.2474973 0.2559726 0.0307235 0.2609082 0.2473514 0.4695648 0.2523390 0.0000000 0.2523534 0.2657877 0.2474092 0.2141736 0.1242695 
n299_306   0.2380512 0.3551748 0.2604537 0.2464619 0.0777833 0.2651701 0.2510323 0.2606453 0.2509433 0.3488016 0.2461707 0.0067142 0.2414672 0.2618549 0.2462967 0.0169026 0.4006534 0.0169043 0.2523534 0.0000000 0.2510714 0.0033484 0.0629470 0.2427917 
n289_296   0.2610134 0.3270002 0.0411448 0.1479958 0.2087782 0.0848125 0.0066988 0.0237275 0.0341244 0.3264436 0.0306365 0.2462482 0.0271677 0.2704093 0.0033408 0.2461038 0.4114536 0.2510571 0.2657877 0.2510714 0.0000000 0.2461611 0.1997159 0.2658934 
n300_307   0.2332149 0.3494217 0.2554779 0.2415786 0.0740177 0.2601608 0.2461233 0.2556651 0.2460352 0.3431123 0.2412982 0.0033475 0.2366285 0.2568430 0.2414220 0.0134831 0.3945014 0.0134844 0.2474092 0.0033484 0.2461611 0.0000000 0.0592688 0.2379203 
n278_285   0.2139932 0.3164071 0.2084610 0.2041665 0.0134655 0.2037523 0.1996893 0.2086092 0.1996116 0.3104459 0.1951851 0.0556536 0.1908114 0.2231771 0.1952874 0.0556225 0.3594137 0.0592882 0.2141736 0.0629470 0.1997159 0.0592688 0.0000000 0.2185573 
n286_293   0.0033467 0.3179992 0.2751712 0.2512399 0.2372412 0.2701871 0.2658503 0.2708960 0.2654734 0.3171309 0.2606017 0.2380045 0.2558043 0.1282966 0.2610134 0.2424559 0.4314307 0.2426439 0.1242695 0.2427917 0.2658934 0.2379203 0.2185573 0.0000000 
