24
n298_299   0.0000000 0.2957238 0.1593650 0.2810347 0.0271669 0.2760539 0.3009092 0.0100726 0.0168732 0.0271664 0.2853534 0.0271696 0.3357603 0.2907756 0.0237144 0.1155342 0.3364430 0.2958070 0.0168721 0.3008933 0.2859943 0.3010850 0.3683550 0.2905434 
n280_281   0.2957238 0.0000000 0.2564688 0.1933495 0.2954113 0.1976154 0.0168679 0.3108750 0.3159412 0.2905895 0.0554061 0.2904985 0.2614005 0.0100700 0.2904347 0.2619546 0.2810765 0.2064513 0.3159310 0.0202808 0.1932504 0.0237283 0.2758730 0.0554245 
n200_201   0.1593650 0.2564688 0.0000000 0.2426036 0.1592134 0.2424677 0.2613588 0.1719090 0.1804663 0.1592093 0.2515137 0.1551141 0.3198831 0.2517810 0.1550833 0.1474014 0.3308559 0.2520275 0.1804579 0.2566206 0.2427092 0.2615089 0.3465192 0.2518398 
n286_287   0.2810347 0.1933495 0.2426036 0.0000000 0.2807410 0.0884738 0.1978099 0.2958868 0.3060856 0.2807305 0.1846692 0.2759212 0.2333466 0.1890397 0.2758613 0.2571758 0.2430306 0.0100714 0.3008439 0.2020983 0.0923246 0.2022220 0.2520409 0.1891264 
n287_288   0.0271669 0.2954113 0.1592134 0.2807410 0.0000000 0.2707678 0.3005898 0.0376242 0.0446982 0.0066965 0.2850546 0.0134511 0.3461507 0.2904695 0.0033408 0.1154270 0.3468602 0.2954944 0.0446953 0.3005740 0.2806208 0.3007652 0.3680689 0.2902378 
n266_267   0.2760539 0.1976154 0.2424677 0.0884738 0.2707678 0.0000000 0.2021022 0.2907996 0.2908085 0.2707581 0.2018318 0.2660151 0.2330386 0.1932825 0.2659578 0.2666457 0.2427177 0.0998349 0.2957215 0.2064123 0.0237274 0.2065390 0.2706330 0.2064045 
n292_293   0.3009092 0.0168679 0.2613588 0.1978099 0.3005898 0.2021022 0.0000000 0.3161767 0.3108564 0.2957337 0.0590418 0.2956408 0.2663294 0.0134642 0.2955756 0.2668959 0.2861553 0.2109981 0.3212712 0.0100689 0.1977081 0.0134630 0.2809082 0.0590614 
n293_294   0.0100726 0.3108750 0.1719090 0.2958868 0.0376242 0.2907996 0.3161767 0.0000000 0.0271900 0.0376236 0.3002705 0.0376280 0.3517311 0.3058244 0.0341214 0.1273747 0.3524558 0.3109617 0.0067044 0.3161595 0.3009498 0.3163626 0.3796383 0.3055788 
n275_276   0.0168732 0.3159412 0.1804663 0.3060856 0.0446982 0.2908085 0.3108564 0.0271900 0.0000000 0.0446974 0.3052591 0.0447027 0.3570685 0.3108567 0.0411596 0.1354305 0.3578074 0.3213762 0.0341617 0.3108397 0.3009592 0.3110386 0.3966036 0.3106066 
n289_290   0.0271664 0.2905895 0.1592093 0.2807305 0.0066965 0.2707581 0.2957337 0.0376236 0.0446974 0.0000000 0.2803019 0.0134509 0.3461353 0.2856777 0.0033408 0.1114779 0.3468447 0.2954829 0.0446946 0.2957182 0.2806104 0.2959060 0.3680516 0.2854501 
n278_279   0.2853534 0.0554061 0.2515137 0.1846692 0.2850546 0.2018318 0.0590418 0.3002705 0.3052591 0.2803019 0.0000000 0.2802148 0.2561525 0.0518219 0.2801539 0.2566938 0.2756499 0.1976140 0.3052490 0.0626424 0.1974444 0.0663194 0.2757660 0.0134552 
n295_296   0.0271696 0.2904985 0.1551141 0.2759212 0.0134511 0.2660151 0.2956408 0.0376280 0.0447027 0.0134509 0.2802148 0.0000000 0.3409070 0.2855885 0.0100647 0.1115477 0.3416028 0.2905804 0.0446998 0.2956253 0.2758036 0.2958130 0.3626676 0.2853611 
n251_252   0.3357603 0.2614005 0.3198831 0.2333466 0.3461507 0.2330386 0.2663294 0.3517311 0.3570685 0.3461353 0.2561525 0.3409070 0.0000000 0.2566783 0.3408294 0.3159893 0.0446990 0.2425375 0.3570581 0.2615452 0.2377405 0.2712796 0.2018020 0.2611153 
n274_275   0.2907756 0.0100700 0.2517810 0.1890397 0.2904695 0.1932825 0.0134642 0.3058244 0.3108567 0.2856777 0.0518219 0.2855885 0.2566783 0.0000000 0.2855260 0.2572209 0.2762219 0.2020655 0.3108465 0.0168627 0.1889432 0.0202928 0.2710572 0.0518390 
n290_291   0.0237144 0.2904347 0.1550833 0.2758613 0.0033408 0.2659578 0.2955756 0.0341214 0.0411596 0.0033408 0.2801539 0.0100647 0.3408294 0.2855260 0.0000000 0.1115261 0.3415250 0.2905166 0.0411569 0.2955601 0.2757437 0.2957477 0.3625837 0.2852987 
n236_237   0.1155342 0.2619546 0.1474014 0.2571758 0.1154270 0.2666457 0.2668959 0.1273747 0.1354305 0.1114779 0.2566938 0.1115477 0.3159893 0.2572209 0.1115261 0.0000000 0.3164167 0.2714861 0.1354235 0.2668826 0.2669158 0.2670498 0.3581187 0.2616682 
n255_256   0.3364430 0.2810765 0.3308559 0.2430306 0.3468602 0.2427177 0.2861553 0.3524558 0.3578074 0.3468447 0.2756499 0.3416028 0.0446990 0.2762219 0.3415250 0.3164167 0.0000000 0.2523584 0.3577969 0.2909602 0.2521641 0.2912548 0.2021542 0.2807661 
n285_286   0.2958070 0.2064513 0.2520275 0.0100714 0.2954944 0.0998349 0.2109981 0.3109617 0.3213762 0.2954829 0.1976140 0.2905804 0.2425375 0.2020655 0.2905166 0.2714861 0.2523584 0.0000000 0.3160187 0.2153585 0.0999261 0.2154913 0.2520946 0.2021596 
n294_295   0.0168721 0.3159310 0.1804579 0.3008439 0.0446953 0.2957215 0.3212712 0.0067044 0.0341617 0.0446946 0.3052490 0.0446998 0.3570581 0.3108465 0.0411569 0.1354235 0.3577969 0.3160187 0.0000000 0.3212536 0.3059411 0.3214604 0.3851739 0.3105964 
n300_301   0.3008933 0.0202808 0.2566206 0.2020983 0.3005740 0.2064123 0.0100689 0.3161595 0.3108397 0.2957182 0.0626424 0.2956253 0.2615452 0.0168627 0.2955601 0.2668826 0.2909602 0.2153585 0.3212536 0.0000000 0.2019939 0.0168613 0.2856761 0.0626633 
n265_266   0.2859943 0.1932504 0.2427092 0.0923246 0.2806208 0.0237274 0.1977081 0.3009498 0.3009592 0.2806104 0.1974444 0.2758036 0.2377405 0.1889432 0.2757437 0.2669158 0.2521641 0.0999261 0.3059411 0.2019939 0.0000000 0.2021175 0.2756972 0.2019861 
n299_300   0.3010850 0.0237283 0.2615089 0.2022220 0.3007652 0.2065390 0.0134630 0.3163626 0.3110386 0.2959060 0.0663194 0.2958130 0.2712796 0.0202928 0.2957477 0.2670498 0.2912548 0.2154913 0.3214604 0.0168613 0.2021175 0.0000000 0.2907831 0.0663416 
n244_245   0.3683550 0.2758730 0.3465192 0.2520409 0.3680689 0.2706330 0.2809082 0.3796383 0.3966036 0.3680516 0.2757660 0.3626676 0.2018020 0.2710572 0.3625837 0.3581187 0.2021542 0.2520946 0.3851739 0.2856761 0.2756972 0.2907831 0.0000000 0.2808845 
n277_278   0.2905434 0.0554245 0.2518398 0.1891264 0.2902378 0.2064045 0.0590614 0.3055788 0.3106066 0.2854501 0.0134552 0.2853611 0.2611153 0.0518390 0.2852987 0.2616682 0.2807661 0.2021596 0.3105964 0.0626633 0.2019861 0.0663416 0.2808845 0.0000000 
