26
n277_278   0.0000000 1.5502849 1.9757605 1.4811802 1.6991378 0.5070638 2.9221491 2.0120159 0.1488259 0.5033287 2.1455897 1.9609771 1.7405229 1.7927889 1.8053750 0.5023012 0.5343713 2.1730465 1.8408885 2.8344926 1.4801615 1.6224944 2.0174903 2.8132734 1.8462041 0.5033287 
n286_287   1.5502849 0.0000000 2.0593967 0.0888096 1.9072456 1.5262807 2.9463580 1.7269123 1.5909697 1.5272533 1.7581484 1.6872001 1.9129920 1.8056364 1.5101930 1.4961095 1.4685557 2.1271382 1.9590226 2.8270142 1.1218895 1.1413551 1.6841126 6.4082840 1.7208186 1.5272533 
n296_297   1.9757605 2.0593967 0.0000000 2.2527700 0.1696244 1.8625817 3.0201247 0.3175316 2.0964060 1.7873211 0.5788329 0.2860402 0.1611639 0.2953216 1.2855248 1.8852585 1.9445491 0.0376898 0.1782561 2.3769493 1.9597699 2.0428616 0.2905064 2.6096543 0.2802482 1.7916541 
n285_286   1.4811802 0.0888096 2.2527700 0.0000000 2.0373011 1.4980960 2.3427528 1.7349743 1.4479762 1.4986311 1.6643821 1.8592107 2.0439907 1.8445688 1.4431992 1.4687378 1.4643076 2.3370470 2.0975734 2.3091194 1.0692995 1.0890553 1.8179176 4.2394034 1.7562626 1.4986311 
n289_290   1.6991378 1.9072456 0.1696244 2.0373011 0.0000000 1.5935440 9.0000000 0.2622725 1.6837442 1.7485203 0.5224492 0.2147438 0.0341786 0.2417975 1.1651995 1.7131551 1.7972496 0.1529399 0.0518973 2.1565995 1.8870019 2.2880686 0.2187692 3.3859739 0.2328653 1.7168952 
n274_275   0.5070638 1.5262807 1.8625817 1.4980960 1.5935440 0.0000000 3.6946696 2.1170549 0.5484969 0.1162061 2.0739405 1.8196155 1.6554187 1.9189454 1.7582266 0.1120646 0.1166462 1.9475984 1.6618795 2.7601618 1.5500268 1.6704834 1.8961913 4.0553158 1.9051349 0.1240884 
n255_256   2.9221491 2.9463580 3.0201247 2.3427528 9.0000000 3.6946696 0.0000000 2.9613675 3.1251578 3.8457267 2.3853593 3.9969312 8.9999990 2.9207293 5.8750924 4.1289179 9.0000000 3.7666523 5.6490144 2.2030879 2.6386391 2.6847892 8.9999981 0.3857240 3.4033702 3.7989914 
n275_276   2.0120159 1.7269123 0.3175316 1.7349743 0.2622725 2.1170549 2.9613675 0.0000000 1.7725751 2.0804633 0.5359376 0.0966838 0.2424985 0.0928843 1.1810647 2.2145170 2.1635359 0.2971188 0.2668409 2.8418108 2.1161239 2.2434503 0.1003886 2.0644677 0.0968950 2.1356342 
n278_279   0.1488259 1.5909697 2.0964060 1.4479762 1.6837442 0.5484969 3.1251578 1.7725751 0.0000000 0.5531890 2.0530101 1.7353351 1.7932996 1.5791613 1.9369003 0.5598139 0.5867013 2.2165346 1.8613704 2.6303791 1.6106729 1.7163133 1.7559152 3.1315950 1.5881198 0.5531890 
n299_300   0.5033287 1.5272533 1.7873211 1.4986311 1.7485203 0.1162061 3.8457267 2.0804633 0.5531890 0.0000000 1.9658670 1.8179381 1.7234101 1.8813041 1.5721110 0.0270558 0.0927502 1.9009955 1.7230168 2.8459580 1.5547415 1.7055105 1.8398986 3.2277511 1.8675867 0.0066689 
n236_237   2.1455897 1.7581484 0.5788329 1.6643821 0.5224492 2.0739405 2.3853593 0.5359376 2.0530101 1.9658670 0.0000000 0.4803074 0.5083109 0.5076547 1.1567189 1.8895456 2.3143600 0.5733520 0.5348406 4.4306158 1.5644781 1.6807809 0.5071957 2.6410622 0.5069505 1.9712696 
n293_294   1.9609771 1.6872001 0.2860402 1.8592107 0.2147438 1.8196155 3.9969312 0.0966838 1.7353351 1.8179381 0.4803074 0.0000000 0.2012124 0.0889128 1.1033710 1.8495810 1.8976353 0.2664965 0.2239275 2.6737936 2.1420698 2.2021640 0.0237508 2.3216761 0.0928871 1.8580941 
n290_291   1.7405229 1.9129920 0.1611639 2.0439907 0.0341786 1.6554187 8.9999990 0.2424985 1.7932996 1.7234101 0.5083109 0.2012124 0.0000000 0.2277909 1.1512469 1.7518411 1.7916566 0.1446661 0.0411717 2.2064373 1.8884021 2.2514411 0.2051904 2.7377420 0.2190063 1.6926261 
n297_298   1.7927889 1.8056364 0.2953216 1.8445688 0.2417975 1.9189454 2.9207293 0.0928843 1.5791613 1.8813041 0.5076547 0.0889128 0.2277909 0.0000000 1.1637422 1.9939041 1.8850442 0.2807389 0.2513161 2.8127784 2.2253868 2.2503014 0.0849766 1.9798213 0.0307085 1.9239506 
n200_201   1.8053750 1.5101930 1.2855248 1.4431992 1.1651995 1.7582266 5.8750924 1.1810647 1.9369003 1.5721110 1.1567189 1.1033710 1.1512469 1.1637422 0.0000000 1.5224445 1.7373513 1.2135527 1.2001619 2.0134405 1.7873281 1.8349185 1.1167361 2.2926426 1.1170516 1.5525062 
n292_293   0.5023012 1.4961095 1.8852585 1.4687378 1.7131551 0.1120646 4.1289179 2.2145170 0.5598139 0.0270558 1.8895456 1.8495810 1.7518411 1.9939041 1.5224445 0.0000000 0.0926795 1.9766864 1.7514020 2.6679543 1.5309996 1.7077704 1.8723396 3.5172257 1.9797659 0.0339713 
n280_281   0.5343713 1.4685557 1.9445491 1.4643076 1.7972496 0.1166462 9.0000000 2.1635359 0.5867013 0.0927502 2.3143600 1.8976353 1.7916566 1.8850442 1.7373513 0.0926795 0.0000000 2.0801226 1.7300827 2.9565568 1.5805424 1.8382597 1.9214445 5.8897168 1.8713582 0.1003714 
n295_296   2.1730465 2.1271382 0.0376898 2.3370470 0.1529399 1.9475984 3.7666523 0.2971188 2.2165346 1.9009955 0.5733520 0.2664965 0.1446661 0.2807389 1.2135527 1.9766864 2.0801226 0.0000000 0.1613715 2.4557671 1.9722932 2.0543853 0.2708761 3.0054678 0.2659417 1.9059955 
n287_288   1.8408885 1.9590226 0.1782561 2.0975734 0.0518973 1.6618795 5.6490144 0.2668409 1.8613704 1.7230168 0.5348406 0.2239275 0.0411717 0.2513161 1.2001619 1.7514020 1.7300827 0.1613715 0.0000000 2.1099237 1.8459954 2.1366759 0.2279866 2.5805447 0.2422797 1.6922796 
n244_245   2.8344926 2.8270142 2.3769493 2.3091194 2.1565995 2.7601618 2.2030879 2.8418108 2.6303791 2.8459580 4.4306158 2.6737936 2.2064373 2.8127784 2.0134405 2.6679543 2.9565568 2.4557671 2.1099237 0.0000000 2.4033178 2.5065025 2.5345929 2.0557080 2.5845036 2.7709533 
n265_266   1.4801615 1.1218895 1.9597699 1.0692995 1.8870019 1.5500268 2.6386391 2.1161239 1.6106729 1.5547415 1.5644781 2.1420698 1.8884021 2.2253868 1.7873281 1.5309996 1.5805424 1.9722932 1.8459954 2.4033178 0.0000000 0.1491163 2.2109715 5.0097574 2.1086359 1.5355195 
n266_267   1.6224944 1.1413551 2.0428616 1.0890553 2.2880686 1.6704834 2.6847892 2.2434503 1.7163133 1.7055105 1.6807809 2.2021640 2.2514411 2.2503014 1.8349185 1.7077704 1.8382597 2.0543853 2.1366759 2.5065025 0.1491163 0.0000000 2.2845218 5.0976591 2.2232264 1.6829426 
n294_295   2.0174903 1.6841126 0.2905064 1.8179176 0.2187692 1.8961913 8.9999981 0.1003886 1.7559152 1.8398986 0.5071957 0.0237508 0.2051904 0.0849766 1.1167361 1.8723396 1.9214445 0.2708761 0.2279866 2.5345929 2.2109715 2.2845218 0.0000000 2.4271796 0.0889150 1.8810565 
n251_252   2.8132734 6.4082840 2.6096543 4.2394034 3.3859739 4.0553158 0.3857240 2.0644677 3.1315950 3.2277511 2.6410622 2.3216761 2.7377420 1.9798213 2.2926426 3.5172257 5.8897168 3.0054678 2.5805447 2.0557080 5.0097574 5.0976591 2.4271796 0.0000000 2.1696598 3.2277511 
n298_299   1.8462041 1.7208186 0.2802482 1.7562626 0.2328653 1.9051349 3.4033702 0.0968950 1.5881198 1.8675867 0.5069505 0.0928871 0.2190063 0.0307085 1.1170516 1.9797659 1.8713582 0.2659417 0.2422797 2.5845036 2.1086359 2.2232264 0.0889150 2.1696598 0.0000000 1.9100471 
n300_301   0.5033287 1.5272533 1.7916541 1.4986311 1.7168952 0.1240884 3.7989914 2.1356342 0.5531890 0.0066689 1.9712696 1.8580941 1.6926261 1.9239506 1.5525062 0.0339713 0.1003714 1.9059955 1.6922796 2.7709533 1.5355195 1.6829426 1.8810565 3.2277511 1.9100471 0.0000000 
