22
n298_299   0.0000000 0.3141621 0.1566813 0.2370711 0.0483405 0.2422780 0.3249756 0.0134808 0.0134980 0.0519654 0.3315168 0.0306682 0.4228017 0.3155703 0.0448164 0.0965523 0.4066832 0.3251571 0.2568058 0.0272050 0.4227410 0.3425072 
n280_281   0.3141621 0.0000000 0.2925373 0.2409497 0.2980654 0.2648901 0.0134198 0.3187735 0.3143233 0.3084903 0.0482452 0.2976948 0.4622377 0.0202765 0.3033083 0.3187695 0.4562653 0.0134256 0.2698263 0.2928263 0.4338736 0.0483055 
n200_201   0.1566813 0.2925373 0.0000000 0.2314661 0.1608572 0.2366512 0.3029806 0.1483857 0.1485925 0.1652041 0.2936332 0.1440406 0.3902425 0.2938264 0.1568257 0.1604840 0.3862944 0.3031454 0.2510090 0.1400248 0.3806109 0.2933930 
n286_287   0.2370711 0.2409497 0.2314661 0.0000000 0.2326546 0.0969530 0.2460489 0.2277669 0.2236522 0.2329359 0.2464536 0.2138887 0.3748500 0.2419835 0.2282424 0.2186366 0.3693699 0.2508186 0.0932214 0.2094787 0.3332186 0.2562003 
n287_288   0.0483405 0.2980654 0.1608572 0.2326546 0.0000000 0.2378290 0.3086097 0.0412289 0.0412821 0.0100571 0.3199309 0.0237356 0.4469264 0.2945299 0.0033367 0.0926009 0.4360863 0.3087788 0.2522810 0.0203036 0.4224903 0.3307186 
n266_267   0.2422780 0.2648901 0.2366512 0.0969530 0.2378290 0.0000000 0.2701896 0.2328930 0.2332379 0.2381179 0.2706383 0.2188930 0.3856340 0.2759737 0.2333827 0.2283365 0.3693090 0.2751203 0.0101292 0.2144480 0.3490839 0.2807252 
n292_293   0.3249756 0.0134198 0.3029806 0.2460489 0.3086097 0.2701896 0.0000000 0.3296429 0.3251437 0.3192037 0.0554728 0.3082192 0.4755543 0.0202699 0.3139388 0.3296377 0.4694741 0.0066766 0.2751694 0.3032819 0.4342004 0.0555420 
n293_294   0.0134808 0.3187735 0.1483857 0.2277669 0.0412289 0.2328930 0.3296429 0.0000000 0.0067167 0.0448121 0.3362295 0.0168875 0.4165686 0.3202044 0.0377338 0.0889319 0.4061016 0.3298276 0.2472248 0.0203049 0.4107680 0.3472763 
n275_276   0.0134980 0.3143233 0.1485925 0.2236522 0.0412821 0.2332379 0.3251437 0.0067167 0.0000000 0.0448711 0.3316897 0.0237675 0.4116690 0.3157329 0.0377823 0.0890511 0.4067786 0.3253254 0.2475947 0.0203308 0.4058884 0.3426874 
n289_290   0.0519654 0.3084903 0.1652041 0.2329359 0.0100571 0.2381179 0.3192037 0.0448121 0.0448711 0.0000000 0.3256702 0.0272145 0.4475428 0.3049421 0.0066947 0.0964951 0.4366849 0.3193807 0.2525903 0.0237643 0.4230645 0.3365590 
n278_279   0.3315168 0.0482452 0.2936332 0.2464536 0.3199309 0.2706383 0.0554728 0.3362295 0.3316897 0.3256702 0.0000000 0.3145440 0.4388554 0.0556431 0.3203420 0.3250748 0.4334796 0.0554971 0.2756275 0.3095532 0.4482568 0.0202715 
n295_296   0.0306682 0.2976948 0.1440406 0.2138887 0.0237356 0.2188930 0.3082192 0.0168875 0.0237675 0.0272145 0.3145440 0.0000000 0.4214580 0.2990112 0.0203138 0.0776060 0.4109532 0.3083878 0.2329285 0.0033408 0.4161302 0.3252394 
n251_252   0.4228017 0.4622377 0.3902425 0.3748500 0.4469264 0.3856340 0.4755543 0.4165686 0.4116690 0.4475428 0.4388554 0.4214580 0.0000000 0.4639021 0.4412157 0.4340067 0.0447876 0.4758693 0.3922538 0.4157533 0.3403495 0.4435936 
n274_275   0.3155703 0.0202765 0.2938264 0.2419835 0.2945299 0.2759737 0.0202699 0.3202044 0.3157329 0.3049421 0.0556431 0.2990112 0.4639021 0.0000000 0.2997659 0.3151083 0.4579026 0.0202786 0.2810078 0.2941179 0.4426530 0.0557132 
n290_291   0.0448164 0.3033083 0.1568257 0.2282424 0.0033367 0.2333827 0.3139388 0.0377338 0.0377823 0.0066947 0.3203420 0.0203138 0.4412157 0.2997659 0.0000000 0.0888895 0.4304392 0.3141118 0.2477534 0.0168940 0.4169429 0.3311463 
n236_237   0.0965523 0.3187695 0.1604840 0.2186366 0.0926009 0.2283365 0.3296377 0.0889319 0.0890511 0.0964951 0.3250748 0.0776060 0.4340067 0.3151083 0.0888895 0.0000000 0.4233398 0.3298224 0.2425803 0.0739195 0.4175809 0.3359342 
n255_256   0.4066832 0.4562653 0.3862944 0.3693699 0.4360863 0.3693090 0.4694741 0.4061016 0.4067786 0.4366849 0.4334796 0.4109532 0.0447876 0.4579026 0.4304392 0.4233398 0.0000000 0.4697828 0.3757600 0.4053098 0.3458690 0.4382023 
n300_301   0.3251571 0.0134256 0.3031454 0.2508186 0.3087788 0.2751203 0.0066766 0.3298276 0.3253254 0.3193807 0.0554971 0.3083878 0.4758693 0.0202786 0.3141118 0.3298224 0.4697828 0.0000000 0.2801356 0.3034471 0.4344755 0.0555674 
n265_266   0.2568058 0.2698263 0.2510090 0.0932214 0.2522810 0.0101292 0.2751694 0.2472248 0.2475947 0.2525903 0.2756275 0.2329285 0.3922538 0.2810078 0.2477534 0.2425803 0.3757600 0.2801356 0.0000000 0.2284005 0.3553545 0.2857891 
n296_297   0.0272050 0.2928263 0.1400248 0.2094787 0.0203036 0.2144480 0.3032819 0.0203049 0.0203308 0.0237643 0.3095532 0.0033408 0.4157533 0.2941179 0.0168940 0.0739195 0.4053098 0.3034471 0.2284005 0.0000000 0.4104512 0.3201791 
n244_245   0.4227410 0.4338736 0.3806109 0.3332186 0.4224903 0.3490839 0.4342004 0.4107680 0.4058884 0.4230645 0.4482568 0.4161302 0.3403495 0.4426530 0.4169429 0.4175809 0.3458690 0.4344755 0.3553545 0.4104512 0.0000000 0.4416701 
n277_278   0.3425072 0.0483055 0.2933930 0.2562003 0.3307186 0.2807252 0.0555420 0.3472763 0.3426874 0.3365590 0.0202715 0.3252394 0.4435936 0.0557132 0.3311463 0.3359342 0.4382023 0.0555674 0.2857891 0.3201791 0.4416701 0.0000000 
