23
n287_286   0.0000000 0.0376899 0.2594348 0.0447987 0.2396905 0.0342168 0.0066819 0.4154436 0.2593684 0.0134407 0.2493438 0.3670233 0.0891944 0.0376948 0.2020077 0.2020118 0.2064763 0.3789952 0.0412340 0.2158908 0.2546853 0.2542561 0.1327465 
n294_293   0.0376899 0.0000000 0.2550726 0.0134665 0.2354169 0.0377836 0.0376849 0.4163930 0.2550076 0.0448026 0.2450294 0.3796203 0.0816775 0.0066965 0.1933407 0.1933435 0.1977619 0.3918521 0.0100719 0.2070650 0.2503416 0.2499203 0.1247779 
n277_276   0.2594348 0.2550726 0.0000000 0.2601027 0.0169391 0.2703405 0.2594047 0.4555489 0.0595380 0.2645408 0.0485839 0.3569148 0.2807907 0.2551024 0.2548744 0.2649977 0.2598873 0.3744465 0.2600627 0.2547564 0.0558943 0.0558487 0.2597440 
n298_297   0.0447987 0.0134665 0.2601027 0.0000000 0.2402920 0.0449125 0.0447928 0.4228417 0.2600359 0.0519964 0.2499771 0.3797540 0.0855356 0.0134683 0.1933884 0.1933912 0.1978110 0.3919933 0.0168802 0.2071175 0.2553375 0.2549059 0.1248046 
n278_277   0.2396905 0.2354169 0.0169391 0.2402920 0.0000000 0.2502135 0.2396622 0.4420769 0.0414052 0.2446368 0.0307755 0.3452618 0.2603318 0.2354448 0.2401525 0.2450491 0.2400969 0.3624793 0.2402589 0.2400441 0.0378609 0.0378307 0.2496751 
n296_295   0.0342168 0.0377836 0.2703405 0.0449125 0.2502135 0.0000000 0.0342123 0.4226313 0.2650436 0.0412991 0.2549080 0.3983053 0.0932503 0.0377896 0.2024564 0.1932659 0.1976823 0.4043825 0.0413382 0.2116873 0.2603145 0.2598729 0.1372304 
n289_288   0.0066819 0.0376849 0.2594047 0.0447928 0.2396622 0.0342123 0.0000000 0.4217030 0.2593383 0.0134389 0.2493146 0.3728622 0.0891829 0.0376899 0.2019832 0.2019872 0.2064513 0.3849421 0.0412286 0.2158648 0.2546556 0.2542265 0.1327297 
n244_243   0.4154436 0.4163930 0.4555489 0.4228417 0.4420769 0.4226313 0.4217030 0.0000000 0.4547565 0.4283091 0.4480151 0.3183399 0.4296391 0.4164333 0.4226443 0.4283090 0.4217827 0.3019750 0.4103438 0.4287207 0.4484861 0.4478159 0.4158941 
n300_299   0.2593684 0.2550076 0.0595380 0.2600359 0.0414052 0.2650436 0.2593383 0.4547565 0.0000000 0.2644726 0.0100900 0.3739762 0.2807163 0.2550374 0.2548498 0.2648041 0.2596989 0.3860931 0.2599959 0.2547318 0.0238224 0.0033440 0.2596775 
n290_289   0.0134407 0.0448026 0.2645408 0.0519964 0.2446368 0.0412991 0.0134389 0.4283091 0.2644726 0.0000000 0.2543650 0.3731460 0.0969297 0.0448084 0.2021925 0.2066662 0.2111619 0.3790648 0.0483882 0.2160913 0.2597560 0.2593164 0.1410388 
n280_279   0.2493438 0.2450294 0.0485839 0.2499771 0.0307755 0.2549080 0.2493146 0.4480151 0.0100900 0.2543650 0.0000000 0.3681138 0.2703199 0.2450582 0.2447792 0.2497075 0.2447236 0.3739058 0.2499407 0.2446679 0.0134938 0.0067055 0.2594766 
n255_254   0.3670233 0.3796203 0.3569148 0.3797540 0.3452618 0.3983053 0.3728622 0.3183399 0.3739762 0.3731460 0.3681138 0.0000000 0.3982856 0.3796591 0.3985895 0.3622999 0.3563690 0.0633127 0.3856180 0.4109189 0.3684792 0.3678361 0.4033853 
n236_235   0.0891944 0.0816775 0.2807907 0.0855356 0.2603318 0.0932503 0.0891829 0.4296391 0.2807163 0.0969297 0.2703199 0.3982856 0.0000000 0.0816881 0.2210913 0.2117387 0.2162761 0.4108878 0.0854858 0.2354257 0.2707404 0.2754072 0.1582196 
n293_292   0.0376948 0.0066965 0.2551024 0.0134683 0.2354448 0.0377896 0.0376899 0.4164333 0.2550374 0.0448084 0.2450582 0.3796591 0.0816881 0.0000000 0.1933644 0.1933671 0.1977860 0.3918915 0.0100733 0.2070901 0.2503710 0.2499496 0.1247938 
n265_264   0.2020077 0.1933407 0.2548744 0.1933884 0.2401525 0.2024564 0.2019832 0.4226443 0.2548498 0.2021925 0.2447792 0.3985895 0.2210913 0.1933644 0.0000000 0.1411476 0.1452424 0.4103768 0.1978779 0.0100754 0.2500832 0.2497677 0.2115725 
n285_284   0.2020118 0.1933435 0.2649977 0.1933912 0.2450491 0.1932659 0.2019872 0.4283090 0.2648041 0.2066662 0.2497075 0.3622999 0.2117387 0.1933671 0.1411476 0.0000000 0.0100554 0.3677624 0.1978813 0.1452492 0.2452243 0.2596394 0.2207611 
n286_285   0.2064763 0.1977619 0.2598873 0.1978110 0.2400969 0.1976823 0.2064513 0.4217827 0.2596989 0.2111619 0.2447236 0.3563690 0.2162761 0.1977860 0.1452424 0.0100554 0.0000000 0.3559411 0.2023283 0.1493664 0.2402684 0.2545776 0.2160022 
n251_250   0.3789952 0.3918521 0.3744465 0.3919933 0.3624793 0.4043825 0.3849421 0.3019750 0.3860931 0.3790648 0.3739058 0.0633127 0.4108878 0.3918915 0.4103768 0.3677624 0.3559411 0.0000000 0.3979629 0.4229106 0.3742785 0.3798327 0.4160523 
n275_274   0.0412340 0.0100719 0.2600627 0.0168802 0.2402589 0.0413382 0.0412286 0.4103438 0.2599959 0.0483882 0.2499407 0.3856180 0.0854858 0.0100733 0.1978779 0.1978813 0.2023283 0.3979629 0.0000000 0.2116993 0.2552992 0.2548678 0.1288528 
n266_265   0.2158908 0.2070650 0.2547564 0.2071175 0.2400441 0.2116873 0.2158648 0.4287207 0.2547318 0.2160913 0.2446679 0.4109189 0.2354257 0.2070901 0.0100754 0.1452492 0.1493664 0.4229106 0.2116993 0.0000000 0.2499683 0.2496531 0.2161107 
n274_273   0.2546853 0.2503416 0.0558943 0.2553375 0.0378609 0.2603145 0.2546556 0.4484861 0.0238224 0.2597560 0.0134938 0.3684792 0.2707404 0.2503710 0.2500832 0.2452243 0.2402684 0.3742785 0.2552992 0.2499683 0.0000000 0.0203540 0.2649163 
n299_298   0.2542561 0.2499203 0.0558487 0.2549059 0.0378307 0.2598729 0.2542265 0.4478159 0.0033440 0.2593164 0.0067055 0.3678361 0.2754072 0.2499496 0.2497677 0.2596394 0.2545776 0.3798327 0.2548678 0.2496531 0.0203540 0.0000000 0.2545595 
n200_199   0.1327465 0.1247779 0.2597440 0.1248046 0.2496751 0.1372304 0.1327297 0.4158941 0.2596775 0.1410388 0.2594766 0.4033853 0.1582196 0.1247938 0.2115725 0.2207611 0.2160022 0.4160523 0.1288528 0.2161107 0.2649163 0.2545595 0.0000000 
