24
n298_299   0.0000000 0.4423819 0.2218862 0.3038848 0.0272897 0.3498804 0.4298242 0.0033547 0.0067224 0.0272897 0.0067233 0.4298218 0.0237930 0.4669096 0.4354480 0.0307429 0.0854520 0.4603155 0.2985130 0.4369011 0.3375379 0.4298397 0.3881965 0.4359709 
n280_281   0.4423819 0.0000000 0.4418358 0.2949280 0.4483717 0.3110927 0.0134628 0.4358444 0.4349022 0.4540395 0.4548380 0.0522089 0.4344497 0.4955152 0.0168710 0.4472182 0.4102904 0.4884323 0.2896109 0.0100951 0.3005101 0.0067032 0.3896098 0.0556994 
n200_201   0.2218862 0.4418358 0.0000000 0.3188557 0.2212167 0.3709091 0.4280784 0.2171457 0.2216576 0.2212167 0.2310822 0.4361668 0.2257630 0.4635410 0.4348545 0.2255825 0.2076645 0.4703171 0.3133101 0.4293368 0.3587407 0.4292072 0.4176941 0.4412659 
n286_287   0.3038848 0.2949280 0.3188557 0.0000000 0.3032172 0.1700567 0.2847264 0.2985666 0.3035648 0.3136087 0.3141118 0.2748509 0.2976792 0.4072344 0.2894089 0.3080965 0.3033737 0.4011758 0.0033232 0.2903212 0.1570166 0.2847369 0.3241134 0.2747957 
n287_288   0.0272897 0.4483717 0.2212167 0.3032172 0.0000000 0.3490892 0.4357202 0.0238089 0.0272643 0.0067080 0.0342602 0.4357189 0.0100823 0.4585689 0.4413816 0.0100752 0.0928762 0.4520628 0.2978593 0.4428567 0.3367809 0.4357359 0.3873058 0.4419130 
n266_267   0.3498804 0.3110927 0.3709091 0.1700567 0.3490892 0.0000000 0.3063141 0.3441644 0.3434477 0.3602332 0.3608311 0.3223177 0.3431120 0.4406814 0.3060008 0.3542933 0.3488327 0.4398837 0.1656939 0.3121195 0.0133519 0.3063254 0.3623115 0.3103378 
n292_293   0.4298242 0.0134628 0.4280784 0.2847264 0.4357202 0.3063141 0.0000000 0.4233983 0.4224871 0.4413037 0.4420745 0.0485065 0.4220504 0.4820367 0.0168607 0.4346022 0.3923693 0.4750845 0.2794887 0.0100890 0.2952490 0.0066992 0.3779842 0.0519803 
n293_294   0.0033547 0.4358444 0.2171457 0.2985666 0.0238089 0.3441644 0.4233983 0.0000000 0.0033516 0.0238089 0.0101065 0.4233949 0.0203348 0.4601585 0.4289769 0.0272471 0.0816374 0.4536251 0.2932385 0.4304051 0.3319350 0.4234136 0.3821832 0.4294903 
n275_276   0.0067224 0.4349022 0.2216576 0.3035648 0.0272643 0.3434477 0.4224871 0.0033516 0.0000000 0.0272643 0.0135017 0.4224835 0.0237709 0.4591562 0.4280525 0.0307142 0.0778674 0.4526395 0.2981993 0.4294754 0.3312482 0.4225024 0.3813795 0.4285639 
n289_290   0.0272897 0.4540395 0.2212167 0.3136087 0.0067080 0.3602332 0.4413037 0.0238089 0.0272643 0.0000000 0.0342602 0.4413034 0.0100823 0.4715432 0.4469988 0.0100752 0.0928762 0.4649233 0.3081682 0.4484941 0.3477104 0.4413196 0.3990109 0.4475379 
n297_298   0.0067233 0.4548380 0.2310822 0.3141118 0.0342602 0.3608311 0.4420745 0.0101065 0.0135017 0.0342602 0.0000000 0.4420743 0.0307231 0.4797599 0.4477814 0.0377383 0.0930051 0.4730535 0.3086608 0.4492814 0.3482819 0.4420904 0.3996858 0.4483222 
n278_279   0.4298218 0.0522089 0.4361668 0.2748509 0.4357189 0.3223177 0.0485065 0.4233949 0.4224835 0.4413034 0.4420743 0.0000000 0.4220467 0.4749435 0.0485441 0.4346006 0.4043634 0.4680609 0.2696864 0.0486846 0.3109785 0.0450209 0.3772654 0.0169147 
n295_296   0.0237930 0.4344497 0.2257630 0.2976792 0.0100823 0.3431120 0.4220504 0.0203348 0.0237709 0.0100823 0.0307231 0.4220467 0.0000000 0.4515289 0.4276090 0.0134608 0.0889632 0.4450885 0.2923697 0.4290293 0.3309273 0.4220656 0.3809980 0.4281195 
n251_252   0.4669096 0.4955152 0.4635410 0.4072344 0.4585689 0.4406814 0.4820367 0.4601585 0.4591562 0.4715432 0.4797599 0.4749435 0.4515289 0.0000000 0.4950942 0.4774827 0.4695854 0.0237438 0.4062825 0.4896934 0.4210003 0.4820539 0.2433447 0.4955865 
n274_275   0.4354480 0.0168710 0.4348545 0.2894089 0.4413816 0.3060008 0.0168607 0.4289769 0.4280525 0.4469988 0.4477814 0.0485441 0.4276090 0.4950942 0.0000000 0.4402485 0.4036833 0.4880175 0.2841398 0.0134858 0.2949487 0.0100739 0.3832300 0.0520204 
n290_291   0.0307429 0.4472182 0.2255825 0.3080965 0.0100752 0.3542933 0.4346022 0.0272471 0.0307142 0.0100752 0.0377383 0.4346006 0.0134608 0.4774827 0.4402485 0.0000000 0.0965939 0.4708146 0.3027032 0.4417173 0.3418918 0.4346178 0.4044127 0.4407775 
n236_237   0.0854520 0.4102904 0.2076645 0.3033737 0.0928762 0.3488327 0.3923693 0.0816374 0.0778674 0.0928762 0.0930051 0.4043634 0.0889632 0.4695854 0.4036833 0.0965939 0.0000000 0.4630036 0.2980133 0.4050140 0.3365370 0.3982960 0.3630591 0.4040300 
n255_256   0.4603155 0.4884323 0.4703171 0.4011758 0.4520628 0.4398837 0.4750845 0.4536251 0.4526395 0.4649233 0.4730535 0.4680609 0.4450885 0.0237438 0.4880175 0.4708146 0.4630036 0.0000000 0.4002404 0.4826592 0.4202425 0.4751014 0.2337957 0.4884991 
n285_286   0.2985130 0.2896109 0.3133101 0.0033232 0.2978593 0.1656939 0.2794887 0.2932385 0.2981993 0.3081682 0.3086608 0.2696864 0.2923697 0.4062825 0.2841398 0.3027032 0.2980133 0.4002404 0.0000000 0.2850335 0.1527476 0.2794990 0.3185900 0.2696321 
n300_301   0.4369011 0.0100951 0.4293368 0.2903212 0.4428567 0.3121195 0.0100890 0.4304051 0.4294754 0.4484941 0.4492814 0.0486846 0.4290293 0.4896934 0.0134858 0.4417173 0.4050140 0.4826592 0.2850335 0.0000000 0.3009444 0.0033490 0.3844788 0.0521708 
n265_266   0.3375379 0.3005101 0.3587407 0.1570166 0.3367809 0.0133519 0.2952490 0.3319350 0.3312482 0.3477104 0.3482819 0.3109785 0.3309273 0.4210003 0.2949487 0.3418918 0.3365370 0.4202425 0.1527476 0.3009444 0.0000000 0.2952600 0.3448902 0.2992353 
n299_300   0.4298397 0.0067032 0.4292072 0.2847369 0.4357359 0.3063254 0.0066992 0.4234136 0.4225024 0.4413196 0.4420904 0.0450209 0.4220656 0.4820539 0.0100739 0.4346178 0.3982960 0.4751014 0.2794990 0.0033490 0.2952600 0.0000000 0.3779980 0.0484919 
n244_245   0.3881965 0.3896098 0.4176941 0.3241134 0.3873058 0.3623115 0.3779842 0.3821832 0.3813795 0.3990109 0.3996858 0.3772654 0.3809980 0.2433447 0.3832300 0.4044127 0.3630591 0.2337957 0.3185900 0.3844788 0.3448902 0.3779980 0.0000000 0.3886489 
n277_278   0.4359709 0.0556994 0.4412659 0.2747957 0.4419130 0.3103378 0.0519803 0.4294903 0.4285639 0.4475379 0.4483222 0.0169147 0.4281195 0.4955865 0.0520204 0.4407775 0.4040300 0.4884991 0.2696321 0.0521708 0.2992353 0.0484919 0.3886489 0.0000000 
