24
n289_290   0.0000000 0.0341382 0.0168336 0.2668029 0.3475010 0.0306432 0.0168684 0.3475844 0.3849273 0.0341565 0.2624431 0.0202263 0.3418875 0.3273020 0.0134503 0.1929489 0.3205248 0.0340987 0.0699041 0.3423664 0.2295861 0.0376309 0.4028283 0.2430882 
n294_295   0.0341382 0.0000000 0.0306058 0.2522801 0.3422042 0.0168749 0.0376272 0.3364190 0.3793900 0.0066965 0.2432016 0.0340510 0.3366322 0.3277447 0.0340915 0.1929682 0.3154188 0.0202795 0.0699111 0.3371032 0.2340713 0.0168599 0.3971505 0.2476477 
n295_296   0.0168336 0.0306058 0.0000000 0.2565360 0.3467322 0.0271336 0.0202397 0.3468152 0.3840629 0.0306223 0.2522300 0.0100379 0.3411337 0.3322268 0.0168107 0.1926655 0.3198264 0.0305705 0.0661450 0.3416107 0.2198889 0.0340775 0.4019137 0.2331929 
n266_267   0.2668029 0.2522801 0.2565360 0.0000000 0.2660954 0.2571473 0.2616545 0.2716474 0.3106256 0.2523926 0.0134833 0.2570510 0.2611252 0.2561027 0.2566085 0.2840074 0.2569018 0.2616597 0.2763643 0.2476059 0.1150200 0.2522156 0.3156147 0.1305616 
n299_300   0.3475010 0.3422042 0.3467322 0.2660954 0.0000000 0.3366964 0.3527853 0.0412075 0.4133706 0.3423357 0.2708186 0.3413488 0.0033489 0.3849568 0.3359785 0.3505039 0.0774055 0.3366361 0.3536103 0.0169003 0.2617282 0.3474040 0.4076299 0.2806129 
n298_299   0.0306432 0.0168749 0.0271336 0.2571473 0.3366964 0.0000000 0.0341157 0.3367763 0.3735846 0.0168841 0.2528312 0.0305651 0.3311738 0.3223372 0.0306013 0.1885719 0.3101381 0.0100597 0.0662319 0.3316360 0.2293815 0.0202916 0.3911739 0.2428674 
n290_291   0.0168684 0.0376272 0.0202397 0.2616545 0.3527853 0.0341157 0.0000000 0.3528705 0.3844332 0.0376474 0.2573211 0.0236434 0.3471278 0.3325336 0.0168454 0.2016159 0.3206696 0.0375836 0.0735538 0.3476149 0.2340948 0.0411345 0.4023087 0.2476745 
n274_275   0.3475844 0.3364190 0.3468152 0.2716474 0.0412075 0.3367763 0.3528705 0.0000000 0.4302527 0.3424175 0.2715967 0.3414301 0.0376575 0.3910198 0.3360581 0.3609663 0.0735807 0.3367160 0.3639709 0.0306826 0.2664416 0.3474874 0.4244106 0.2854404 
n251_252   0.3849273 0.3793900 0.3840629 0.3106256 0.4133706 0.3735846 0.3844332 0.4302527 0.0000000 0.3795236 0.3110081 0.3728332 0.4072237 0.2580088 0.3727850 0.3901304 0.4012399 0.3787853 0.3906943 0.4133926 0.2961724 0.3848275 0.0412142 0.3058234 
n293_294   0.0341565 0.0066965 0.0306223 0.2523926 0.3423357 0.0168841 0.0376474 0.3424175 0.3795236 0.0000000 0.2480977 0.0340693 0.3367629 0.3278746 0.0341098 0.1930601 0.3155461 0.0202904 0.0699479 0.3372341 0.2341783 0.0168690 0.3972844 0.2477589 
n265_266   0.2624431 0.2432016 0.2522300 0.0134833 0.2708186 0.2528312 0.2573211 0.2715967 0.3110081 0.2480977 0.0000000 0.2527357 0.2658143 0.2613779 0.2523011 0.2843431 0.2615730 0.2573268 0.2719645 0.2522204 0.1151272 0.2479232 0.3160063 0.1306861 
n296_297   0.0202263 0.0340510 0.0100379 0.2570510 0.3413488 0.0305651 0.0236434 0.3414301 0.3728332 0.0340693 0.2527357 0.0000000 0.3357958 0.3318590 0.0201987 0.1967394 0.3146512 0.0340116 0.0697204 0.3362645 0.2245339 0.0375345 0.3903796 0.2379229 
n300_301   0.3418875 0.3366322 0.3411337 0.2611252 0.0033489 0.3311738 0.3471278 0.0376575 0.4072237 0.3367629 0.2658143 0.3357958 0.0000000 0.3790454 0.3304690 0.3448991 0.0736521 0.3311139 0.3479362 0.0134797 0.2567819 0.3417912 0.4015267 0.2755318 
n244_245   0.3273020 0.3277447 0.3322268 0.2561027 0.3849568 0.3223372 0.3325336 0.3910198 0.2580088 0.3278746 0.2613779 0.3318590 0.3790454 0.0000000 0.3216497 0.3515467 0.3742177 0.3272458 0.3383488 0.3795809 0.2524733 0.3328651 0.2771742 0.2616126 
n287_288   0.0134503 0.0340915 0.0168107 0.2566085 0.3359785 0.0306013 0.0168454 0.3360581 0.3727850 0.0341098 0.2523011 0.0201987 0.3304690 0.3216497 0.0000000 0.1925211 0.3094812 0.0340520 0.0698073 0.3309295 0.2244927 0.0375793 0.3903321 0.2378803 
n200_201   0.1929489 0.1929682 0.1926655 0.2840074 0.3505039 0.1885719 0.2016159 0.3609663 0.3901304 0.1930601 0.2843431 0.1967394 0.3448991 0.3515467 0.1925211 0.0000000 0.3610652 0.1927121 0.1927685 0.3453801 0.2557919 0.1972430 0.4016607 0.2649283 
n277_278   0.3205248 0.3154188 0.3198264 0.2569018 0.0774055 0.3101381 0.3206696 0.0735807 0.4012399 0.3155461 0.2615730 0.3146512 0.0736521 0.3742177 0.3094812 0.3610652 0.0000000 0.3100795 0.3309612 0.0663484 0.2380381 0.3204315 0.3899663 0.2563274 
n297_298   0.0340987 0.0202795 0.0305705 0.2616597 0.3366361 0.0100597 0.0375836 0.3367160 0.3787853 0.0202904 0.2573268 0.0340116 0.3311139 0.3272458 0.0340520 0.1927121 0.3100795 0.0000000 0.0698279 0.3315760 0.2337470 0.0237083 0.3965042 0.2473006 
n236_237   0.0699041 0.0699111 0.0661450 0.2763643 0.3536103 0.0662319 0.0735538 0.3639709 0.3906943 0.0699479 0.2719645 0.0697204 0.3479362 0.3383488 0.0698073 0.1927685 0.3309612 0.0698279 0.0000000 0.3484254 0.2388942 0.0698318 0.4087601 0.2525648 
n280_281   0.3423664 0.3371032 0.3416107 0.2476059 0.0169003 0.3316360 0.3476149 0.0306826 0.4133926 0.3372341 0.2522204 0.3362645 0.0134797 0.3795809 0.3309295 0.3453801 0.0663484 0.3315760 0.3484254 0.0000000 0.2433116 0.3370105 0.4076529 0.2617671 
n285_286   0.2295861 0.2340713 0.2198889 0.1150200 0.2617282 0.2293815 0.2340948 0.2664416 0.2961724 0.2341783 0.1151272 0.2245339 0.2567819 0.2524733 0.2244927 0.2557919 0.2380381 0.2337470 0.2388942 0.2433116 0.0000000 0.2340123 0.3008409 0.0134745 
n275_276   0.0376309 0.0168599 0.0340775 0.2522156 0.3474040 0.0202916 0.0411345 0.3474874 0.3848275 0.0168690 0.2479232 0.0375345 0.3417912 0.3328651 0.0375793 0.1972430 0.3204315 0.0237083 0.0698318 0.3370105 0.2340123 0.0000000 0.4027276 0.2475847 
n255_256   0.4028283 0.3971505 0.4019137 0.3156147 0.4076299 0.3911739 0.4023087 0.4244106 0.0412142 0.3972844 0.3160063 0.3903796 0.4015267 0.2771742 0.3903321 0.4016607 0.3899663 0.3965042 0.4087601 0.4076529 0.3008409 0.4027276 0.0000000 0.3105425 
n286_287   0.2430882 0.2476477 0.2331929 0.1305616 0.2806129 0.2428674 0.2476745 0.2854404 0.3058234 0.2477589 0.1306861 0.2379229 0.2755318 0.2616126 0.2378803 0.2649283 0.2563274 0.2473006 0.2525648 0.2617671 0.0134745 0.2475847 0.3105425 0.0000000 
