24
n289_290   0.0000000 0.0629906 0.0169367 0.3121049 0.3017575 0.0630512 0.0033532 0.2819520 0.3929812 0.0630174 0.3126341 0.0135180 0.3701484 0.2771823 0.0067208 0.1875755 0.2772823 0.0666980 0.2966989 0.3570754 0.0704017 0.4157812 0.3069364 0.3617700 
n294_295   0.0629906 0.0000000 0.0666769 0.2857117 0.2804952 0.0203740 0.0666732 0.2612861 0.3912511 0.0067214 0.2861858 0.0630127 0.3632499 0.2663967 0.0703451 0.1741861 0.2664918 0.0740788 0.2755942 0.3289008 0.0272922 0.4139189 0.2855068 0.3334531 
n295_296   0.0169367 0.0666769 0.0000000 0.3067180 0.2916282 0.0667411 0.0203771 0.2720788 0.3989764 0.0667053 0.3072358 0.0033549 0.3759575 0.2673667 0.0238254 0.1920186 0.2674625 0.0666811 0.2866375 0.3512948 0.0741313 0.4219564 0.2967347 0.3559591 
n266_267   0.3121049 0.2857117 0.3067180 0.0000000 0.2744266 0.2758089 0.3174053 0.2601369 0.4125464 0.2858492 0.0236387 0.3015901 0.4012483 0.2551377 0.3226030 0.2653419 0.2501821 0.2758346 0.2743704 0.1780365 0.2909144 0.4233605 0.2793788 0.1818643 
n299_300   0.3017575 0.2804952 0.2916282 0.2744266 0.0000000 0.2858759 0.3069816 0.0134386 0.3598496 0.2857029 0.2745052 0.2866015 0.3769951 0.0590428 0.3121062 0.2850832 0.0590609 0.2755990 0.0033350 0.2845706 0.2907653 0.3588382 0.0066890 0.2742622 
n298_299   0.0630512 0.0203740 0.0667411 0.2758089 0.2858759 0.0000000 0.0667373 0.2665117 0.3857774 0.0203824 0.2762633 0.0630732 0.3463845 0.2716691 0.0704129 0.1699178 0.2717666 0.0741503 0.2809340 0.3292700 0.0273187 0.4082993 0.2909308 0.3338280 
n290_291   0.0033532 0.0666732 0.0203771 0.3174053 0.3069816 0.0667373 0.0000000 0.2870382 0.3934412 0.0667016 0.3179457 0.0169415 0.3705763 0.2822375 0.0101073 0.1920081 0.2823397 0.0704026 0.3018865 0.3627476 0.0741271 0.4162731 0.3121993 0.3674702 
n274_275   0.2819520 0.2612861 0.2720788 0.2601369 0.0134386 0.2665117 0.2870382 0.0000000 0.3492261 0.2663522 0.2602107 0.2671790 0.3551929 0.0447618 0.2920312 0.2657793 0.0447753 0.2565068 0.0100567 0.2702611 0.2712851 0.3590586 0.0202658 0.2695450 
n251_252   0.3929812 0.3912511 0.3989764 0.4125464 0.3598496 0.3857774 0.3934412 0.3492261 0.0000000 0.3914529 0.4011677 0.3931114 0.2284193 0.3610141 0.3929259 0.3437989 0.3611521 0.3565837 0.3543891 0.3835193 0.3910444 0.0306294 0.3600418 0.3770672 
n293_294   0.0630174 0.0067214 0.0667053 0.2858492 0.2857029 0.0203824 0.0667016 0.2663522 0.3914529 0.0000000 0.2863237 0.0630395 0.3634342 0.2715060 0.0703751 0.1742648 0.2716033 0.0741105 0.2807645 0.3345284 0.0273035 0.4141350 0.2907542 0.3391093 
n265_266   0.3126341 0.2861858 0.3072358 0.0236387 0.2745052 0.2762633 0.3179457 0.2602107 0.4011677 0.2863237 0.0000000 0.3020973 0.3956613 0.2552099 0.3231544 0.2606324 0.2502525 0.2762890 0.2744490 0.1782059 0.2913992 0.4118458 0.2794591 0.1820373 
n296_297   0.0135180 0.0630127 0.0033549 0.3015901 0.2866015 0.0630732 0.0169415 0.2671790 0.3931114 0.0630395 0.3020973 0.0000000 0.3702729 0.2624953 0.0203742 0.1876419 0.2625890 0.0630165 0.2816444 0.3458192 0.0704264 0.4159162 0.2916723 0.3504576 
n244_245   0.3701484 0.3632499 0.3759575 0.4012483 0.3769951 0.3463845 0.3705763 0.3551929 0.2284193 0.3634342 0.3956613 0.3702729 0.0000000 0.3612961 0.3816185 0.3508284 0.3554803 0.3521887 0.3714065 0.3725669 0.3630585 0.2464372 0.3827389 0.3776428 
n278_279   0.2771823 0.2663967 0.2673667 0.2551377 0.0590428 0.2716691 0.2822375 0.0447618 0.3610141 0.2715060 0.2552099 0.2624953 0.3612961 0.0000000 0.2872011 0.2709200 0.0134575 0.2566463 0.0554402 0.2798341 0.2764787 0.3709945 0.0626770 0.2790897 
n287_288   0.0067208 0.0703451 0.0238254 0.3226030 0.3121062 0.0704129 0.0101073 0.2920312 0.3929259 0.0703751 0.3231544 0.0203742 0.3816185 0.2872011 0.0000000 0.1963813 0.2873055 0.0740952 0.3069762 0.3683039 0.0778389 0.4157239 0.3173611 0.3730534 
n200_201   0.1875755 0.1741861 0.1920186 0.2653419 0.2850832 0.1699178 0.1920081 0.2657793 0.3437989 0.1742648 0.2606324 0.1876419 0.3508284 0.2709200 0.1963813 0.0000000 0.2710169 0.1570270 0.2801569 0.3169904 0.1740984 0.3650114 0.2901219 0.3269532 
n277_278   0.2772823 0.2664918 0.2674625 0.2501821 0.0590609 0.2717666 0.2823397 0.0447753 0.3611521 0.2716033 0.2502525 0.2625890 0.3554803 0.0134575 0.2873055 0.2710169 0.0000000 0.2616742 0.0554570 0.2746868 0.2765782 0.3711371 0.0626962 0.2739583 
n236_237   0.0666980 0.0740788 0.0666811 0.2758346 0.2755990 0.0741503 0.0704026 0.2565068 0.3565837 0.0741105 0.2762890 0.0630165 0.3521887 0.2566463 0.0740952 0.1570270 0.2616742 0.0000000 0.2707290 0.3076068 0.0740885 0.3782309 0.2805777 0.3120607 
n280_281   0.2966989 0.2755942 0.2866375 0.2743704 0.0033350 0.2809340 0.3018865 0.0100567 0.3543891 0.2807645 0.2744490 0.2816444 0.3714065 0.0554402 0.3069762 0.2801569 0.0554570 0.2707290 0.0000000 0.2796543 0.2857926 0.3533959 0.0100578 0.2694188 
n285_286   0.3570754 0.3289008 0.3512948 0.1780365 0.2845706 0.3292700 0.3627476 0.2702611 0.3835193 0.3345284 0.1782059 0.3458192 0.3725669 0.2798341 0.3683039 0.3169904 0.2746868 0.3076068 0.2796543 0.0000000 0.3289617 0.3996385 0.2796543 0.0236368 
n275_276   0.0704017 0.0272922 0.0741313 0.2909144 0.2907653 0.0273187 0.0741271 0.2712851 0.3910444 0.0273035 0.2913992 0.0704264 0.3630585 0.2764787 0.0778389 0.1740984 0.2765782 0.0740885 0.2857926 0.3289617 0.0000000 0.4136989 0.2958530 0.3335150 
n255_256   0.4157812 0.4139189 0.4219564 0.4233605 0.3588382 0.4082993 0.4162731 0.3590586 0.0306294 0.4141350 0.4118458 0.4159162 0.2464372 0.3709945 0.4157239 0.3650114 0.3711371 0.3782309 0.3533959 0.3996385 0.4136989 0.0000000 0.3702532 0.3930407 
n292_293   0.3069364 0.2855068 0.2967347 0.2793788 0.0066890 0.2909308 0.3121993 0.0202658 0.3600418 0.2907542 0.2794591 0.2916723 0.3827389 0.0626770 0.3173611 0.2901219 0.0626962 0.2805777 0.0100578 0.2796543 0.2958530 0.3702532 0.0000000 0.2694188 
n286_287   0.3617700 0.3334531 0.3559591 0.1818643 0.2742622 0.3338280 0.3674702 0.2695450 0.3770672 0.3391093 0.1820373 0.3504576 0.3776428 0.2790897 0.3730534 0.3269532 0.2739583 0.3120607 0.2694188 0.0236368 0.3335150 0.3930407 0.2694188 0.0000000 
