26
n277_280   0.0000000 2.2135156 2.0078391 2.3303028 0.4901134 1.8918878 2.3878226 2.2460545 2.0061995 3.7407811 2.0671404 1.6704313 2.4881514 2.1557567 2.1931792 2.2921475 0.1329899 2.1687061 2.4445168 0.5384404 0.5299965 2.4284030 0.5378409 0.4841822 4.0094083 1.8250166 
n285_288   2.2135156 0.0000000 1.7569532 1.5012914 2.1599829 1.6960344 1.7406122 1.4961657 1.7130947 3.5566662 1.8518750 0.9021908 1.4570100 0.7522106 1.9306123 1.7214372 2.0531890 0.0778685 1.6897670 2.2983919 2.4312566 2.2758158 2.3306914 2.1677675 4.4514937 1.7667498 
n236_237   2.0078391 1.7569532 0.0000000 0.6539951 1.7238659 0.6799315 0.6662420 0.6725507 0.6888503 3.7951161 0.7498816 2.5271623 0.6909521 2.4169789 0.7615205 1.0100986 1.9430515 1.9045856 0.6683695 1.7641337 1.6971075 2.2028496 1.7513199 1.3842703 3.5975449 0.7178558 
n297_300   2.3303028 1.5012914 0.6539951 0.0000000 2.1060365 0.2621804 0.1301681 0.1299547 0.2719266 2.4571782 0.2621470 2.1305159 0.0308069 1.9889768 0.2624566 1.2759217 1.9483342 1.6465884 0.1261467 2.1356917 2.1209525 1.9871853 2.0720100 1.9870524 2.7065987 0.2614409 
n280_283   0.4901134 2.1599829 1.7238659 2.1060365 0.0000000 1.8469286 1.8634235 1.8814726 1.9609376 3.0141438 1.8560700 2.0829092 1.9755311 2.3085891 1.9108295 2.2241936 0.4927806 2.1512365 1.9291877 0.1180626 0.1134004 2.8713764 0.1134946 0.1173203 3.1531179 1.8413239 
n287_290   1.8918878 1.6960344 0.6799315 0.2621804 1.8469286 0.0000000 0.2883826 0.2685563 0.0487567 2.5153973 0.1214594 2.2952752 0.2778668 2.3851221 0.1174001 1.2218953 1.6917197 1.8538772 0.2679257 1.8113357 1.9222800 1.8938905 1.8555050 1.8836454 2.8808500 0.0559073 
n294_297   2.3878226 1.7406122 0.6662420 0.1301681 1.8634235 0.2883826 0.0000000 0.1219257 0.2874937 2.3636937 0.2997111 2.2595670 0.1470223 2.1457931 0.2892828 1.3479765 2.1146255 1.9638310 0.0451958 1.9531226 1.7603868 2.2121970 1.7640221 1.7019034 2.7129301 0.2880841 
n275_278   2.2460545 1.4961657 0.6725507 0.1299547 1.8814726 0.2685563 0.1219257 0.0000000 0.2789111 2.8331867 0.2996609 2.1158551 0.1465000 1.8460297 0.2892321 1.2351782 1.9329451 1.6753085 0.1299568 1.8921922 1.8195438 2.0008937 1.7825482 1.7165884 3.3547055 0.2789948 
n289_292   2.0061995 1.7130947 0.6888503 0.2719266 1.9609376 0.0487567 0.2874937 0.2789111 0.0000000 2.3484803 0.1173156 2.1227700 0.2878341 2.2772355 0.1132861 1.1478045 1.7467331 1.7679849 0.2779095 1.8911076 1.9630807 1.8203538 1.9318820 1.9017775 2.7618257 0.0486174 
n255_256   3.7407811 3.5566662 3.7951161 2.4571782 3.0141438 2.5153973 2.3636937 2.8331867 2.3484803 0.0000000 2.6682850 2.5029384 2.5826009 3.8192067 2.7597263 3.5130023 2.6597927 3.1514257 2.1770366 3.6097063 3.7560709 2.5211817 4.0271305 2.8658375 0.3422851 2.5323649 
n296_299   2.0671404 1.8518750 0.7498816 0.2621470 1.8560700 0.1214594 0.2997111 0.2996609 0.1173156 2.6682850 0.0000000 2.5316033 0.2884000 2.5997955 0.0343500 1.2145241 1.9023191 2.0338325 0.2944783 1.8064921 1.8725330 1.8225302 1.8438841 1.7266530 3.0777553 0.1210349 
n265_268   1.6704313 0.9021908 2.5271623 2.1305159 2.0829092 2.2952752 2.2595670 2.1158551 2.1227700 2.5029384 2.5316033 0.0000000 2.3354996 0.1511799 2.5288513 2.0711806 1.5043213 0.8675580 2.3823766 2.3193187 2.3784672 4.9757395 2.1598847 2.2733818 2.5005156 2.0969209 
n298_301   2.4881514 1.4570100 0.6909521 0.0308069 1.9755311 0.2778668 0.1470223 0.1465000 0.2878341 2.5826009 0.2884000 2.3354996 0.0000000 2.1120845 0.2781593 1.2909324 2.0579581 1.6532506 0.1428347 2.0411187 2.0687502 1.9492668 1.9828399 1.9407805 2.7629826 0.2770736 
n266_269   2.1557567 0.7522106 2.4169789 1.9889768 2.3085891 2.3851221 2.1457931 1.8460297 2.2772355 3.8192067 2.5997955 0.1511799 2.1120845 0.0000000 2.5968528 1.9353720 1.9658517 0.7543123 2.2562105 2.5548750 2.3742487 4.2980405 2.2998254 2.4826498 3.3105415 2.3427909 
n295_298   2.1931792 1.9306123 0.7615205 0.2624566 1.9108295 0.1174001 0.2892828 0.2892321 0.1132861 2.7597263 0.0343500 2.5288513 0.2781593 2.5968528 0.0000000 1.1964900 1.9723728 2.1254845 0.2841245 1.8554301 1.9249511 1.8773495 1.8948050 1.7715185 3.1100043 0.1169910 
n200_201   2.2921475 1.7214372 1.0100986 1.2759217 2.2241936 1.2218953 1.3479765 1.2351782 1.1478045 3.5130023 1.2145241 2.0711806 1.2909324 1.9353720 1.1964900 0.0000000 2.1498671 1.6061019 1.3749282 2.4525372 2.3008076 1.9392209 2.3976977 2.0578802 2.2898607 1.1440321 
n278_281   0.1329899 2.0531890 1.9430515 1.9483342 0.4927806 1.6917197 2.1146255 1.9329451 1.7467331 2.6597927 1.9023191 1.5043213 2.0579581 1.9658517 1.9723728 2.1498671 0.0000000 2.0536633 1.9936543 0.5262937 0.5252145 2.4901177 0.5257153 0.4657918 3.0055296 1.6370595 
n286_289   2.1687061 0.0778685 1.9045856 1.6465884 2.1512365 1.8538772 1.9638310 1.6753085 1.7679849 3.1514257 2.0338325 0.8675580 1.6532506 0.7543123 2.1254845 1.6061019 2.0536633 0.0000000 1.8677374 2.3402592 2.4783393 2.1394759 2.3736566 2.2054240 3.3249529 1.9251756 
n293_296   2.4445168 1.6897670 0.6683695 0.1261467 1.9291877 0.2679257 0.0451958 0.1299568 0.2779095 2.1770366 0.2944783 2.3823766 0.1428347 2.2562105 0.2841245 1.3749282 1.9936543 1.8677374 0.0000000 2.1217242 1.9821885 1.9738046 1.8238243 1.7892276 2.5540061 0.2728017 
n292_295   0.5384404 2.2983919 1.7641337 2.1356917 0.1180626 1.8113357 1.9531226 1.8921922 1.8911076 3.6097063 1.8064921 2.3193187 2.0411187 2.5548750 1.8554301 2.4525372 0.5262937 2.3402592 2.1217242 0.0000000 0.0485851 3.0521844 0.0522404 0.1341189 3.8683468 1.7785180 
n300_303   0.5299965 2.4312566 1.6971075 2.1209525 0.1134004 1.9222800 1.7603868 1.8195438 1.9630807 3.7560709 1.8725330 2.3784672 2.0687502 2.3742487 1.9249511 2.3008076 0.5252145 2.4783393 1.9821885 0.0485851 0.0000000 3.1206033 0.0308026 0.1255046 3.4223390 1.8428397 
n244_245   2.4284030 2.2758158 2.2028496 1.9871853 2.8713764 1.8938905 2.2121970 2.0008937 1.8203538 2.5211817 1.8225302 4.9757395 1.9492668 4.2980405 1.8773495 1.9392209 2.4901177 2.1394759 1.9738046 3.0521844 3.1206033 0.0000000 3.0075374 2.8112532 2.0461374 1.7813294 
n299_302   0.5378409 2.3306914 1.7513199 2.0720100 0.1134946 1.8555050 1.7640221 1.7825482 1.9318820 4.0271305 1.8438841 2.1598847 1.9828399 2.2998254 1.8948050 2.3976977 0.5257153 2.3736566 1.8238243 0.0522404 0.0308026 3.0075374 0.0000000 0.1380787 3.9354292 1.8149270 
n274_277   0.4841822 2.1677675 1.3842703 1.9870524 0.1173203 1.8836454 1.7019034 1.7165884 1.9017775 2.8658375 1.7266530 2.2733818 1.9407805 2.4826498 1.7715185 2.0578802 0.4657918 2.2054240 1.7892276 0.1341189 0.1255046 2.8112532 0.1380787 0.0000000 2.7656135 1.7276373 
n251_252   4.0094083 4.4514937 3.5975449 2.7065987 3.1531179 2.8808500 2.7129301 3.3547055 2.7618257 0.3422851 3.0777553 2.5005156 2.7629826 3.3105415 3.1100043 2.2898607 3.0055296 3.3249529 2.5540061 3.8683468 3.4223390 2.0461374 3.9354292 2.7656135 0.0000000 2.6836040 
n290_293   1.8250166 1.7667498 0.7178558 0.2614409 1.8413239 0.0559073 0.2880841 0.2789948 0.0486174 2.5323649 0.1210349 2.0969209 0.2770736 2.3427909 0.1169910 1.1440321 1.6370595 1.9251756 0.2728017 1.7785180 1.8428397 1.7813294 1.8149270 1.7276373 2.6836040 0.0000000 
