25
n292_295   0.0000000 0.0067010 0.2633287 0.0033419 0.2782681 0.2929215 0.2635585 0.2585668 0.3175165 0.2782681 0.2776956 0.2682260 0.0100673 0.2781959 0.2634756 0.2774452 0.0662949 0.0662765 0.2689953 0.2732809 0.2734711 0.2928956 0.2632876 0.3331003 0.4065611 
n300_303   0.0067010 0.0000000 0.2537802 0.0033436 0.2685158 0.2931117 0.2539995 0.2490783 0.3279279 0.2685158 0.2778735 0.2586107 0.0100728 0.2684456 0.2539208 0.2776227 0.0663306 0.0663122 0.2691668 0.2635960 0.2637784 0.2930857 0.2537406 0.3437337 0.4183487 
n293_296   0.2633287 0.2537802 0.0000000 0.2586282 0.0341355 0.2675647 0.0590905 0.0100727 0.3223766 0.0341355 0.2478652 0.0168679 0.2634180 0.0341255 0.0066983 0.2476474 0.2724652 0.2723682 0.1394946 0.0306384 0.0341266 0.2676333 0.0134588 0.3329786 0.3879081 
n280_283   0.0033419 0.0033436 0.2586282 0.0000000 0.2734711 0.2880344 0.2588528 0.2538946 0.3226106 0.2734711 0.2729086 0.2634939 0.0066978 0.2733999 0.2587720 0.2726633 0.0626671 0.0626498 0.2642470 0.2685158 0.2687022 0.2880092 0.2585878 0.3382991 0.4123045 
n289_292   0.2782681 0.2685158 0.0341355 0.2734711 0.0000000 0.2725971 0.0774151 0.0306507 0.3439344 0.0066999 0.2624171 0.0376447 0.2783632 0.0066979 0.0341516 0.2621838 0.2875807 0.2874762 0.1519370 0.0033408 0.0066982 0.2726675 0.0341302 0.3548685 0.4057442 
n286_289   0.2929215 0.2931117 0.2675647 0.2880344 0.2725971 0.0000000 0.2770409 0.2627847 0.3327653 0.2725971 0.1475454 0.2724829 0.2927783 0.2725263 0.2677141 0.1474248 0.3076820 0.3075674 0.2672891 0.2676610 0.2725256 0.0066965 0.2675231 0.3481141 0.3992086 
n236_239   0.2635585 0.2539995 0.0590905 0.2588528 0.0774151 0.2770409 0.0000000 0.0590528 0.3434617 0.0774151 0.2480014 0.0663334 0.2636479 0.0773929 0.0627068 0.2477833 0.2727048 0.2726076 0.1436071 0.0736862 0.0773949 0.2723706 0.0626669 0.3543806 0.3996602 
n298_301   0.2585668 0.2490783 0.0100727 0.2538946 0.0306507 0.2627847 0.0590528 0.0000000 0.3224088 0.0306507 0.2432186 0.0134635 0.2586543 0.0306417 0.0100774 0.2430056 0.2676520 0.2675572 0.1354698 0.0271712 0.0306427 0.2628516 0.0033395 0.3330118 0.3822967 
n251_254   0.3175165 0.3279279 0.3223766 0.3226106 0.3439344 0.3327653 0.3434617 0.3224088 0.0000000 0.3386062 0.2969787 0.3329472 0.3275466 0.3438499 0.3225642 0.3019376 0.3484252 0.3482892 0.3220482 0.3384806 0.3438443 0.3328584 0.3275341 0.0341478 0.2727658 
n290_293   0.2782681 0.2685158 0.0341355 0.2734711 0.0066999 0.2725971 0.0774151 0.0306507 0.3386062 0.0000000 0.2624171 0.0376447 0.2783632 0.0066979 0.0341516 0.2621838 0.2875807 0.2874762 0.1519370 0.0033408 0.0066982 0.2726675 0.0341302 0.3494608 0.4057442 
n265_268   0.2776956 0.2778735 0.2478652 0.2729086 0.2624171 0.1475454 0.2480014 0.2432186 0.2969787 0.2624171 0.0000000 0.2526358 0.2775611 0.2623486 0.2480014 0.0271566 0.2969678 0.2968588 0.2477712 0.2575584 0.2623484 0.1475776 0.2478266 0.3169959 0.4000449 
n275_278   0.2682260 0.2586107 0.0168679 0.2634939 0.0376447 0.2724829 0.0663334 0.0134635 0.3329472 0.0376447 0.2526358 0.0000000 0.2683172 0.0376337 0.0168758 0.2524129 0.2774204 0.2773209 0.1435823 0.0341289 0.0376348 0.2725532 0.0168652 0.3437104 0.3823980 
n274_277   0.0100673 0.0100728 0.2634180 0.0066978 0.2783632 0.2927783 0.2636479 0.2586543 0.3275466 0.2783632 0.2775611 0.2683172 0.0000000 0.2782910 0.2635650 0.2773109 0.0626671 0.0626498 0.2690870 0.2733741 0.2735644 0.2927524 0.2633769 0.3433295 0.4178274 
n287_290   0.2781959 0.2684456 0.0341255 0.2733999 0.0066979 0.2725263 0.0773929 0.0306417 0.3438499 0.0066979 0.2623486 0.0376337 0.2782910 0.0000000 0.0341417 0.2621153 0.2875067 0.2874023 0.1518945 0.0033408 0.0066965 0.2725966 0.0341202 0.3547822 0.4056502 
n294_297   0.2634756 0.2539208 0.0066983 0.2587720 0.0341516 0.2677141 0.0627068 0.0100774 0.3225642 0.0341516 0.2480014 0.0168758 0.2635650 0.0341417 0.0000000 0.2477833 0.2726180 0.2725208 0.1395657 0.0306528 0.0341427 0.2677828 0.0134651 0.3331740 0.3881458 
n266_269   0.2774452 0.2776227 0.2476474 0.2726633 0.2621838 0.1474248 0.2477833 0.2430056 0.3019376 0.2621838 0.0271566 0.2524129 0.2773109 0.2621153 0.2477833 0.0000000 0.2966963 0.2965876 0.2430851 0.2573303 0.2621151 0.1474570 0.2476089 0.3220826 0.3941528 
n278_281   0.0662949 0.0663306 0.2724652 0.0626671 0.2875807 0.3076820 0.2727048 0.2676520 0.3484252 0.2875807 0.2969678 0.2774204 0.0626671 0.2875067 0.2726180 0.2966963 0.0000000 0.0067018 0.2785069 0.2825353 0.2827328 0.3076538 0.2724229 0.3594922 0.4356538 
n277_280   0.0662765 0.0663122 0.2723682 0.0626498 0.2874762 0.3075674 0.2726076 0.2675572 0.3482892 0.2874762 0.2968588 0.2773209 0.0626498 0.2874023 0.2725208 0.2965876 0.0067018 0.0000000 0.2784066 0.2824334 0.2826307 0.3075393 0.2723259 0.3593499 0.4237269 
n200_203   0.2689953 0.2691668 0.1394946 0.2642470 0.1519370 0.2672891 0.1436071 0.1354698 0.3220482 0.1519370 0.2477712 0.1435823 0.2690870 0.1518945 0.1395657 0.2430851 0.2785069 0.2784066 0.0000000 0.1477764 0.1518970 0.2626746 0.1394727 0.3377033 0.3337833 
n296_299   0.2732809 0.2635960 0.0306384 0.2685158 0.0033408 0.2676610 0.0736862 0.0271712 0.3384806 0.0033408 0.2575584 0.0341289 0.2733741 0.0033408 0.0306528 0.2573303 0.2825353 0.2824334 0.1477764 0.0000000 0.0033408 0.2677296 0.0306336 0.3493301 0.3997988 
n295_298   0.2734711 0.2637784 0.0341266 0.2687022 0.0066982 0.2725256 0.0773949 0.0306427 0.3438443 0.0066982 0.2623484 0.0376348 0.2735644 0.0066965 0.0341427 0.2621151 0.2827328 0.2826307 0.1518970 0.0033408 0.0000000 0.2725959 0.0341213 0.3547756 0.4056382 
n285_288   0.2928956 0.2930857 0.2676333 0.2880092 0.2726675 0.0066965 0.2723706 0.2628516 0.3328584 0.2726675 0.1475776 0.2725532 0.2927524 0.2725966 0.2677828 0.1474570 0.3076538 0.3075393 0.2626746 0.2677296 0.2725959 0.0000000 0.2675916 0.3482134 0.3993308 
n297_300   0.2632876 0.2537406 0.0134588 0.2585878 0.0341302 0.2675231 0.0626669 0.0033395 0.3275341 0.0341302 0.2478266 0.0168652 0.2633769 0.0341202 0.0134651 0.2476089 0.2724229 0.2723259 0.1394727 0.0306336 0.0341213 0.2675916 0.0000000 0.3382109 0.3878495 
n255_258   0.3331003 0.3437337 0.3329786 0.3382991 0.3548685 0.3481141 0.3543806 0.3330118 0.0341478 0.3494608 0.3169959 0.3437104 0.3433295 0.3547822 0.3331740 0.3220826 0.3594922 0.3593499 0.3377033 0.3493301 0.3547756 0.3482134 0.3382109 0.0000000 0.2773516 
n244_247   0.4065611 0.4183487 0.3879081 0.4123045 0.4057442 0.3992086 0.3996602 0.3822967 0.2727658 0.4057442 0.4000449 0.3823980 0.4178274 0.4056502 0.3881458 0.3941528 0.4356538 0.4237269 0.3337833 0.3997988 0.4056382 0.3993308 0.3878495 0.2773516 0.0000000 
