26
n277_278   0.0000000 2.3372796 1.9668294 2.5392653 2.3583309 0.6280434 2.0961661 2.8419313 0.1365242 0.6073881 2.2603435 2.2808877 2.4988105 2.4314075 2.8992001 0.5424648 0.5899850 2.0295883 2.2027198 7.2650981 1.7691190 2.2927149 2.2187099 1.7501730 2.4655301 0.5837510 
n286_287   2.3372796 0.0000000 1.6400763 0.0779470 1.6270197 2.1588486 2.6426994 1.7812304 2.1145723 2.0449974 1.5960560 1.8985142 1.6559332 1.6649649 2.2428706 2.0822441 1.7768960 1.5884442 1.6749870 3.3486009 1.1574615 1.1607170 1.8858149 2.2085515 1.6950907 2.0809961 
n296_297   1.9668294 1.6400763 0.0000000 1.8321848 0.1295169 1.8917309 3.3350370 0.2929235 1.8640792 2.0428680 0.6349807 0.3156895 0.1551402 0.2616005 1.3348946 1.8891674 1.8544421 0.0308837 0.1636171 2.0536441 1.5237596 1.6861833 0.2991083 2.5203760 0.2821029 1.9328363 
n285_286   2.5392653 0.0779470 1.8321848 0.0000000 1.7625397 2.2605805 2.4722829 2.0465948 2.3146601 2.2305781 1.6771598 2.2870851 1.9027847 2.0019235 2.4893703 2.2850344 1.8126684 1.8042814 1.9416229 4.2079506 1.1649106 1.1387139 2.2672473 2.1373852 2.0450477 2.2729744 
n289_290   2.3583309 1.6270197 0.1295169 1.7625397 0.0000000 2.0855759 3.8469556 0.2954479 1.9163585 2.1150387 0.6049470 0.3352729 0.0635064 0.2699243 1.2182676 1.9802082 2.1569069 0.1298051 0.0746636 2.0439114 1.5977047 1.5761834 0.3189481 3.2985694 0.2905779 2.0366246 
n274_275   0.6280434 2.1588486 1.8917309 2.2605805 2.0855759 0.0000000 4.6085606 2.2221809 0.6044051 0.1623299 1.9966791 1.9675740 2.2275388 2.0044769 3.2085031 0.1412000 0.1542061 1.8369732 2.1161931 5.9991941 2.2281455 2.4762406 1.9569137 3.1936616 2.0618005 0.1537250 
n255_256   2.0961661 2.6426994 3.3350370 2.4722829 3.8469556 4.6085606 0.0000000 3.3930861 1.9970325 8.9999984 3.6978551 3.6629918 3.7001506 3.9619669 3.3966223 4.8692798 3.7322604 3.4336061 3.9495206 2.1848372 2.8286189 2.4202223 3.3077154 0.3215172 4.6323714 8.9999985 
n275_276   2.8419313 1.7812304 0.2929235 2.0465948 0.2954479 2.2221809 3.3930861 0.0000000 2.2132516 2.2914271 0.6195788 0.1389511 0.3007195 0.1220030 1.2131849 2.3093277 2.4087727 0.2918045 0.3544643 2.1164382 1.6584741 1.7218489 0.1347788 2.8341843 0.1385420 2.2834876 
n278_279   0.1365242 2.1145723 1.8640792 2.3146601 1.9163585 0.6044051 1.9970325 2.2132516 0.0000000 0.5815792 1.7124442 1.8973653 2.0454516 2.1382056 2.8074678 0.5260804 0.5720118 1.9034305 1.8775125 4.6106927 1.8006799 2.0323433 1.8548920 1.6426802 2.1621500 0.5731760 
n299_300   0.6073881 2.0449974 2.0428680 2.2305781 2.1150387 0.1623299 8.9999984 2.2914271 0.5815792 0.0000000 2.2424715 1.9329833 2.2922261 2.2135534 3.5257696 0.0448869 0.1416321 2.0838486 2.2143293 9.0000000 2.2462912 2.5008673 1.8754880 3.6247088 2.2096148 0.0168605 
n236_237   2.2603435 1.5960560 0.6349807 1.6771598 0.6049470 1.9966791 3.6978551 0.6195788 1.7124442 2.2424715 0.0000000 0.6646155 0.6139869 0.6753894 1.1476567 2.0347503 2.0239115 0.6261631 0.6256376 2.9133016 1.3311829 1.4498997 0.6388523 2.6473920 0.6911720 2.1372973 
n293_294   2.2808877 1.8985142 0.3156895 2.2870851 0.3352729 1.9675740 3.6629918 0.1389511 1.8973653 1.9329833 0.6646155 0.0000000 0.3192206 0.1650047 1.3201305 1.9477739 2.0919517 0.3204871 0.3619684 2.2480409 1.6996082 1.8600859 0.0239147 2.7339324 0.1827904 1.9628720 
n290_291   2.4988105 1.6559332 0.1551402 1.9027847 0.0635064 2.2275388 3.7001506 0.3007195 2.0454516 2.2922261 0.6139869 0.3192206 0.0000000 0.2707635 1.2415327 2.1006939 2.2400423 0.1509861 0.0977675 2.0636296 1.5858695 1.5890205 0.3032364 3.8107207 0.2915009 2.1997566 
n297_298   2.4314075 1.6649649 0.2616005 2.0019235 0.2699243 2.0044769 3.9619669 0.1220030 2.1382056 2.2135534 0.6753894 0.1650047 0.2707635 0.0000000 1.3411445 2.1235783 2.2719152 0.2513767 0.3217873 2.1590130 1.7070812 1.7542405 0.1563685 2.7692873 0.0204866 2.2060956 
n200_201   2.8992001 2.2428706 1.3348946 2.4893703 1.2182676 3.2085031 3.3966223 1.2131849 2.8074678 3.5257696 1.1476567 1.3201305 1.2415327 1.3411445 0.0000000 3.4694129 2.8591972 1.3407686 1.3441152 2.8697820 2.1639452 2.1808544 1.2762274 4.8086012 1.3160995 3.1205463 
n292_293   0.5424648 2.0822441 1.8891674 2.2850344 1.9802082 0.1412000 4.8692798 2.3093277 0.5260804 0.0448869 2.0347503 1.9477739 2.1006939 2.1235783 3.4694129 0.0000000 0.1211034 1.9242931 2.0380280 5.6880410 2.1885484 2.4079514 1.8571068 3.2881662 2.1197275 0.0412890 
n280_281   0.5899850 1.7768960 1.8544421 1.8126684 2.1569069 0.1542061 3.7322604 2.4087727 0.5720118 0.1416321 2.0239115 2.0919517 2.2400423 2.2719152 2.8591972 0.1211034 0.0000000 1.9986911 2.1770597 3.9264351 2.1673778 2.5708944 2.0285603 2.7546492 2.2915529 0.1373770 
n295_296   2.0295883 1.5884442 0.0308837 1.8042814 0.1298051 1.8369732 3.4336061 0.2918045 1.9034305 2.0838486 0.6261631 0.3204871 0.1509861 0.2513767 1.3407686 1.9242931 1.9986911 0.0000000 0.1639915 1.9687476 1.4998356 1.6371242 0.3044276 2.8711544 0.2715466 1.9696009 
n287_288   2.2027198 1.6749870 0.1636171 1.9416229 0.0746636 2.1161931 3.9495206 0.3544643 1.8775125 2.2143293 0.6256376 0.3619684 0.0977675 0.3217873 1.3441152 2.0380280 2.1770597 0.1639915 0.0000000 1.9211114 1.5211039 1.5989825 0.3450837 3.2200222 0.3440911 2.1293998 
n244_245   7.2650981 3.3486009 2.0536441 4.2079506 2.0439114 5.9991941 2.1848372 2.1164382 4.6106927 9.0000000 2.9133016 2.2480409 2.0636296 2.1590130 2.8697820 5.6880410 3.9264351 1.9687476 1.9211114 0.0000000 2.5344838 2.6313486 2.1708883 2.0600728 2.1947773 9.0000000 
n265_266   1.7691190 1.1574615 1.5237596 1.1649106 1.5977047 2.2281455 2.8286189 1.6584741 1.8006799 2.2462912 1.3311829 1.6996082 1.5858695 1.7070812 2.1639452 2.1885484 2.1673778 1.4998356 1.5211039 2.5344838 0.0000000 0.1757155 1.6512952 2.6962090 1.7774796 2.2982639 
n266_267   2.2927149 1.1607170 1.6861833 1.1387139 1.5761834 2.4762406 2.4202223 1.7218489 2.0323433 2.5008673 1.4498997 1.8600859 1.5890205 1.7542405 2.1808544 2.4079514 2.5708944 1.6371242 1.5989825 2.6313486 0.1757155 0.0000000 1.8282223 2.2764539 1.8193367 2.4985626 
n294_295   2.2187099 1.8858149 0.2991083 2.2672473 0.3189481 1.9569137 3.3077154 0.1347788 1.8548920 1.8754880 0.6388523 0.0239147 0.3032364 0.1563685 1.2762274 1.8571068 2.0285603 0.3044276 0.3450837 2.1708883 1.6512952 1.8282223 0.0000000 2.6164538 0.1739202 1.8705215 
n251_252   1.7501730 2.2085515 2.5203760 2.1373852 3.2985694 3.1936616 0.3215172 2.8341843 1.6426802 3.6247088 2.6473920 2.7339324 3.8107207 2.7692873 4.8086012 3.2881662 2.7546492 2.8711544 3.2200222 2.0600728 2.6962090 2.2764539 2.6164538 0.0000000 2.8900643 3.7487835 
n298_299   2.4655301 1.6950907 0.2821029 2.0450477 0.2905779 2.0618005 4.6323714 0.1385420 2.1621500 2.2096148 0.6911720 0.1827904 0.2915009 0.0204866 1.3160995 2.1197275 2.2915529 0.2715466 0.3440911 2.1947773 1.7774796 1.8193367 0.1739202 2.8900643 0.0000000 2.2021658 
n300_301   0.5837510 2.0809961 1.9328363 2.2729744 2.0366246 0.1537250 8.9999985 2.2834876 0.5731760 0.0168605 2.1372973 1.9628720 2.1997566 2.2060956 3.1205463 0.0412890 0.1373770 1.9696009 2.1293998 9.0000000 2.2982639 2.4985626 1.8705215 3.7487835 2.2021658 0.0000000 
