25
n292_295   0.0000000 0.0033393 0.3104065 0.0168707 0.2952502 0.2959117 0.3112531 0.3053062 0.5099839 0.2814746 0.3101891 0.0100724 0.2852982 0.3106291 0.2764133 0.0376470 0.0447215 0.3219345 0.3102304 0.3103408 0.2860805 0.0066916 0.3103252 0.5043126 0.4227158 
n300_303   0.0033393 0.0000000 0.3103820 0.0202889 0.2952270 0.3008759 0.3112284 0.3052821 0.5166311 0.2863489 0.3101646 0.0134589 0.2852760 0.3106045 0.2812519 0.0411613 0.0482702 0.3219088 0.3102059 0.3103162 0.2909806 0.0033389 0.3103007 0.5109188 0.4286274 
n293_296   0.3104065 0.3103820 0.0000000 0.3156169 0.0375692 0.2770701 0.0735485 0.0202763 0.4329729 0.2618554 0.0100661 0.3053504 0.0446326 0.0033420 0.2665435 0.3003998 0.3053361 0.1269489 0.0410605 0.0410754 0.2769186 0.3103577 0.0237074 0.4099828 0.3811758 
n280_283   0.0168707 0.0202889 0.3156169 0.0000000 0.3003503 0.3010254 0.3111510 0.3104789 0.5032912 0.2813597 0.3153950 0.0134656 0.2903268 0.3158441 0.2763012 0.0411819 0.0482943 0.3218277 0.3154371 0.3155492 0.2911255 0.0237177 0.3155341 0.5111564 0.4346696 
n289_292   0.2952502 0.2952270 0.0375692 0.3003503 0.0000000 0.2815690 0.0772172 0.0375917 0.4452239 0.2568372 0.0410854 0.2902972 0.0066978 0.0410950 0.2614908 0.2854420 0.2902810 0.1229227 0.0100629 0.0100673 0.2814146 0.2952042 0.0411007 0.4218688 0.3929816 
n286_289   0.2959117 0.3008759 0.2770701 0.3010254 0.2815690 0.0000000 0.3071906 0.2918036 0.4652316 0.1683733 0.2865635 0.2909458 0.2915715 0.2772650 0.1640820 0.2812446 0.2912321 0.2877285 0.2963200 0.2964261 0.0134510 0.3008524 0.2967514 0.4538529 0.4172019 
n236_239   0.3112531 0.3112284 0.0735485 0.3111510 0.0772172 0.3071906 0.0000000 0.0735929 0.4756751 0.2863473 0.0772482 0.3061797 0.0846974 0.0772664 0.2911893 0.3012125 0.3061655 0.1471431 0.0808847 0.0809141 0.3021023 0.3112040 0.0772775 0.4514243 0.4220808 
n298_301   0.3053062 0.3052821 0.0202763 0.3104789 0.0375917 0.2918036 0.0735929 0.0000000 0.4396279 0.2714037 0.0237128 0.3002853 0.0446593 0.0237183 0.2761486 0.2953673 0.3002703 0.1270270 0.0410851 0.0411000 0.2916419 0.3052583 0.0033408 0.4044185 0.3817207 
n251_254   0.5099839 0.5166311 0.4329729 0.5032912 0.4452239 0.4652316 0.4756751 0.4396279 0.0000000 0.4760354 0.4451082 0.4963224 0.4518307 0.4333128 0.4760911 0.4967520 0.4966149 0.4289628 0.4451699 0.4394791 0.4778076 0.5165940 0.4456655 0.0341669 0.3291218 
n265_268   0.2814746 0.2863489 0.2618554 0.2813597 0.2568372 0.1683733 0.2863473 0.2714037 0.4760354 0.0000000 0.2619738 0.2765989 0.2664815 0.2570103 0.0168654 0.2577230 0.2674036 0.2669882 0.2710772 0.2711745 0.1600496 0.2863268 0.2762070 0.4645420 0.4148733 
n275_278   0.3101891 0.3101646 0.0100661 0.3153950 0.0410854 0.2865635 0.0772482 0.0237128 0.4451082 0.2619738 0.0000000 0.3051373 0.0481850 0.0134567 0.2666643 0.3001908 0.3051230 0.1309295 0.0445920 0.0446082 0.2864056 0.3101404 0.0271599 0.4217580 0.3868361 
n274_277   0.0100724 0.0134589 0.3053504 0.0134656 0.2902972 0.2909458 0.3061797 0.3002853 0.4963224 0.2765989 0.3051373 0.0000000 0.2804121 0.3055686 0.2715733 0.0341442 0.0411836 0.3167840 0.3051778 0.3052865 0.2811787 0.0168569 0.3052705 0.4907370 0.4162861 
n287_290   0.2852982 0.2852760 0.0446326 0.2903268 0.0066978 0.2915715 0.0846974 0.0446593 0.4518307 0.2664815 0.0481850 0.2804121 0.0000000 0.0481962 0.2711948 0.2756189 0.2803948 0.1269661 0.0168569 0.0168631 0.2914101 0.2852540 0.0482030 0.4282622 0.4046712 
n294_297   0.3106291 0.3106045 0.0033420 0.3158441 0.0410950 0.2772650 0.0772664 0.0237183 0.4333128 0.2570103 0.0134567 0.3055686 0.0481962 0.0000000 0.2616676 0.3006138 0.3055543 0.1309609 0.0446024 0.0446186 0.2771132 0.3105802 0.0271662 0.4102997 0.3814641 
n266_269   0.2764133 0.2812519 0.2665435 0.2763012 0.2614908 0.1640820 0.2911893 0.2761486 0.4760911 0.0168654 0.2666643 0.2715733 0.2711948 0.2616676 0.0000000 0.2528278 0.2624367 0.2573161 0.2758155 0.2759144 0.1558097 0.2812302 0.2809809 0.4645966 0.4149218 
n278_281   0.0376470 0.0411613 0.3003998 0.0411819 0.2854420 0.2812446 0.3012125 0.2953673 0.4967520 0.2577230 0.3001908 0.0341442 0.2756189 0.3006138 0.2528278 0.0000000 0.0067009 0.3067690 0.3002307 0.3003377 0.2715964 0.0411585 0.3003213 0.4911601 0.4165714 
n277_280   0.0447215 0.0482702 0.3053361 0.0482943 0.2902810 0.2912321 0.3061655 0.3002703 0.4966149 0.2674036 0.3051230 0.0411836 0.2803948 0.3055543 0.2624367 0.0067009 0.0000000 0.3117636 0.3051636 0.3052723 0.2814518 0.0482669 0.3052563 0.4910246 0.4286760 
n200_203   0.3219345 0.3219088 0.1269489 0.3218277 0.1229227 0.2877285 0.1471431 0.1270270 0.4289628 0.2669882 0.1309295 0.3167840 0.1269661 0.1309609 0.2573161 0.3067690 0.3117636 0.0000000 0.1307205 0.1307680 0.2875693 0.3218834 0.1309809 0.4060143 0.3832539 
n296_299   0.3102304 0.3102059 0.0410605 0.3154371 0.0100629 0.2963200 0.0808847 0.0410851 0.4451699 0.2710772 0.0445920 0.3051778 0.0168569 0.0446024 0.2758155 0.3002307 0.3051636 0.1307205 0.0000000 0.0066965 0.2961554 0.3101817 0.0446086 0.4218161 0.3929309 
n295_298   0.3103408 0.3103162 0.0410754 0.3155492 0.0100673 0.2964261 0.0809141 0.0411000 0.4394791 0.2711745 0.0446082 0.3052865 0.0168631 0.0446186 0.2759144 0.3003377 0.3052723 0.1307680 0.0066965 0.0000000 0.2962614 0.3102920 0.0446248 0.4219619 0.3875892 
n285_288   0.2860805 0.2909806 0.2769186 0.2911255 0.2814146 0.0134510 0.3021023 0.2916419 0.4778076 0.1600496 0.2864056 0.2811787 0.2914101 0.2771132 0.1558097 0.2715964 0.2814518 0.2875693 0.2961554 0.2962614 0.0000000 0.2909581 0.2965863 0.4662640 0.4169421 
n299_302   0.0066916 0.0033389 0.3103577 0.0237177 0.2952042 0.3008524 0.3112040 0.3052583 0.5165940 0.2863268 0.3101404 0.0168569 0.2852540 0.3105802 0.2812302 0.0411585 0.0482669 0.3218834 0.3101817 0.3102920 0.2909581 0.0000000 0.3102764 0.5108822 0.4285914 
n297_300   0.3103252 0.3103007 0.0237074 0.3155341 0.0411007 0.2967514 0.0772775 0.0033408 0.4456655 0.2762070 0.0271599 0.3052705 0.0482030 0.0271662 0.2809809 0.3003213 0.3052563 0.1309809 0.0446086 0.0446248 0.2965863 0.3102764 0.0000000 0.4101793 0.3873082 
n255_258   0.5043126 0.5109188 0.4099828 0.5111564 0.4218688 0.4538529 0.4514243 0.4044185 0.0341669 0.4645420 0.4217580 0.4907370 0.4282622 0.4102997 0.4645966 0.4911601 0.4910246 0.4060143 0.4218161 0.4219619 0.4662640 0.5108822 0.4101793 0.0000000 0.3294314 
n244_247   0.4227158 0.4286274 0.3811758 0.4346696 0.3929816 0.4172019 0.4220808 0.3817207 0.3291218 0.4148733 0.3868361 0.4162861 0.4046712 0.3814641 0.4149218 0.4165714 0.4286760 0.3832539 0.3929309 0.3875892 0.4169421 0.4285914 0.3873082 0.3294314 0.0000000 
