25
n289_290   0.0000000 0.0202715 0.0168790 0.2814470 0.3068659 0.0271320 0.0067053 0.3172212 0.3983824 0.0237258 0.2814725 0.0203190 0.4513072 0.3079051 0.0067053 0.1313916 0.3187349 0.0271380 0.0623418 0.3172375 0.2770616 0.0236994 0.3921318 0.3118104 0.2771126 
n294_295   0.0202715 0.0000000 0.0305900 0.3009683 0.3319469 0.0134330 0.0202516 0.3426491 0.4327494 0.0033421 0.3009994 0.0271615 0.4757558 0.3330874 0.0202516 0.1433022 0.3443047 0.0134359 0.0659109 0.3426740 0.2965017 0.0033385 0.4207877 0.3370417 0.2965581 
n295_296   0.0168790 0.0305900 0.0000000 0.3011709 0.3273174 0.0375340 0.0168632 0.3379668 0.4214878 0.0306006 0.3012020 0.0168903 0.4705132 0.3284403 0.0168632 0.1517053 0.3395977 0.0375422 0.0769191 0.3379900 0.2920428 0.0340620 0.4150146 0.3323898 0.2920980 
n266_267   0.2814470 0.3009683 0.3011709 0.0000000 0.2892527 0.3060385 0.2913875 0.2895091 0.4050130 0.2959439 0.0201354 0.3065582 0.4279720 0.2948011 0.2913875 0.3120456 0.3047689 0.3061044 0.3301228 0.2941208 0.1340668 0.3059240 0.3928445 0.2889223 0.1340859 
n299_300   0.3068659 0.3319469 0.3273174 0.2892527 0.0000000 0.3421278 0.3171785 0.0101069 0.4503888 0.3267042 0.2892803 0.3329385 0.5058689 0.0629031 0.3118972 0.3175026 0.0776003 0.3422009 0.3623863 0.0101051 0.2998126 0.3371137 0.4382974 0.0067174 0.2998698 
n298_299   0.0271320 0.0134330 0.0375340 0.3060385 0.3421278 0.0000000 0.0271064 0.3529720 0.4443038 0.0168452 0.3060712 0.0340842 0.4631488 0.3433101 0.0271064 0.1513251 0.3546859 0.0066876 0.0731446 0.3530007 0.3015493 0.0168265 0.4321637 0.3472839 0.3016072 
n290_291   0.0067053 0.0202516 0.0168632 0.2913875 0.3171785 0.0271064 0.0000000 0.3276842 0.3987826 0.0237040 0.2914158 0.0202999 0.4583227 0.3182599 0.0066991 0.1394773 0.3292572 0.0271123 0.0659446 0.3277040 0.2869581 0.0236770 0.3925240 0.3221886 0.2870119 
n274_275   0.3172212 0.3426491 0.3379668 0.2895091 0.0101069 0.3529720 0.3276842 0.0000000 0.4629784 0.3373295 0.2895366 0.3436829 0.5065452 0.0665466 0.3223232 0.3280250 0.0813125 0.3530472 0.3735125 0.0135020 0.3000808 0.3478905 0.4506801 0.0100972 0.3001381 
n251_252   0.3983824 0.4327494 0.4214878 0.4050130 0.4503888 0.4443038 0.3987826 0.4629784 0.0000000 0.4267631 0.3938634 0.4163115 0.3571968 0.4454773 0.4100508 0.4757208 0.4400318 0.4443955 0.4432531 0.4630595 0.3948940 0.4386397 0.0375497 0.4563004 0.3949823 
n293_294   0.0237258 0.0033421 0.0306006 0.2959439 0.3267042 0.0168452 0.0237040 0.3373295 0.4267631 0.0000000 0.2959735 0.0271708 0.4694210 0.3278229 0.0237040 0.1475190 0.3389545 0.0168489 0.0696140 0.3373524 0.2914992 0.0066982 0.4148974 0.3317655 0.2915542 
n265_266   0.2814725 0.3009994 0.3012020 0.0201354 0.2892803 0.3060712 0.2914158 0.2895366 0.3938634 0.2959735 0.0000000 0.3065911 0.4280544 0.2948303 0.2914158 0.3120802 0.3048010 0.3061371 0.3200612 0.2941497 0.1340671 0.3059566 0.3929099 0.2889497 0.1340861 
n296_297   0.0203190 0.0271615 0.0168903 0.3065582 0.3329385 0.0340842 0.0202999 0.3436829 0.4163115 0.0271708 0.3065911 0.0000000 0.4831502 0.3340861 0.0202999 0.1517522 0.3453487 0.0340917 0.0806867 0.3437082 0.2973669 0.0306221 0.4214325 0.3380527 0.2974237 
n244_245   0.4513072 0.4757558 0.4705132 0.4279720 0.5058689 0.4631488 0.4583227 0.5065452 0.3571968 0.4694210 0.4280544 0.4831502 0.0000000 0.4695908 0.4638340 0.5162193 0.4947906 0.4756487 0.4856356 0.5195396 0.4400528 0.4696927 0.3563215 0.4994447 0.4401588 
n278_279   0.3079051 0.3330874 0.3284403 0.2948011 0.0629031 0.3433101 0.3182599 0.0665466 0.4454773 0.3278229 0.2948303 0.3340861 0.4695908 0.0000000 0.3129567 0.3234016 0.0134904 0.3433835 0.3474525 0.0665372 0.3054704 0.3382756 0.4515498 0.0628403 0.3055293 
n287_288   0.0067053 0.0202516 0.0168632 0.2913875 0.3118972 0.0271064 0.0066991 0.3223232 0.4100508 0.0237040 0.2914158 0.0202999 0.4638340 0.3129567 0.0000000 0.1394773 0.3238653 0.0271123 0.0659446 0.3223411 0.2824263 0.0236770 0.4036870 0.3168724 0.2824789 
n200_201   0.1313916 0.1433022 0.1517053 0.3120456 0.3175026 0.1513251 0.1394773 0.3280250 0.4757208 0.1475190 0.3120802 0.1517522 0.5162193 0.3234016 0.1394773 0.0000000 0.3387500 0.1513584 0.1549160 0.3280449 0.3116909 0.1473373 0.4696958 0.3225204 0.3117518 
n277_278   0.3187349 0.3443047 0.3395977 0.3047689 0.0776003 0.3546859 0.3292572 0.0813125 0.4400318 0.3389545 0.3048010 0.3453487 0.4947906 0.0134904 0.3238653 0.3387500 0.0000000 0.3547616 0.3532809 0.0813019 0.3256884 0.3495760 0.4460660 0.0775222 0.3257533 
n297_298   0.0271380 0.0134359 0.0375422 0.3061044 0.3422009 0.0066876 0.0271123 0.3530472 0.4443955 0.0168489 0.3061371 0.0340917 0.4756487 0.3433835 0.0271123 0.1513584 0.3547616 0.0000000 0.0731606 0.3530759 0.3016144 0.0168302 0.4322533 0.3473579 0.3016723 
n236_237   0.0623418 0.0659109 0.0769191 0.3301228 0.3623863 0.0731446 0.0659446 0.3735125 0.4432531 0.0696140 0.3200612 0.0806867 0.4856356 0.3474525 0.0659446 0.1549160 0.3532809 0.0731606 0.0000000 0.3735492 0.3302679 0.0695346 0.4311446 0.3676638 0.3303342 
n280_281   0.3172375 0.3426740 0.3379900 0.2941208 0.0101051 0.3530007 0.3277040 0.0135020 0.4630595 0.3373524 0.2941497 0.3437082 0.5195396 0.0665372 0.3223411 0.3280449 0.0813019 0.3530759 0.3735492 0.0000000 0.3047616 0.3479173 0.4507543 0.0100954 0.3048202 
n285_286   0.2770616 0.2965017 0.2920428 0.1340668 0.2998126 0.3015493 0.2869581 0.3000808 0.3948940 0.2914992 0.1340671 0.2973669 0.4400528 0.3054704 0.2824263 0.3116909 0.3256884 0.3016144 0.3302679 0.3047616 0.0000000 0.3014362 0.3946610 0.2994668 0.0066743 
n275_276   0.0236994 0.0033385 0.0340620 0.3059240 0.3371137 0.0168265 0.0236770 0.3478905 0.4386397 0.0066982 0.3059566 0.0306221 0.4696927 0.3382756 0.0236770 0.1473373 0.3495760 0.0168302 0.0695346 0.3479173 0.3014362 0.0000000 0.4265840 0.3422408 0.3014941 
n255_256   0.3921318 0.4207877 0.4150146 0.3928445 0.4382974 0.4321637 0.3925240 0.4506801 0.0375497 0.4148974 0.3929099 0.4214325 0.3563215 0.4515498 0.4036870 0.4696958 0.4460660 0.4322533 0.4311446 0.4507543 0.3946610 0.4265840 0.0000000 0.4441198 0.3947490 
n292_293   0.3118104 0.3370417 0.3323898 0.2889223 0.0067174 0.3472839 0.3221886 0.0100972 0.4563004 0.3317655 0.2889497 0.3380527 0.4994447 0.0628403 0.3168724 0.3225204 0.0775222 0.3473579 0.3676638 0.0100954 0.2994668 0.3422408 0.4441198 0.0000000 0.2995236 
n286_287   0.2771126 0.2965581 0.2920980 0.1340859 0.2998698 0.3016072 0.2870119 0.3001381 0.3949823 0.2915542 0.1340861 0.2974237 0.4401588 0.3055293 0.2824789 0.3117518 0.3257533 0.3016723 0.3303342 0.3048202 0.0066743 0.3014941 0.3947490 0.2995236 0.0000000 
