26
n277_278   0.0000000 2.3151667 2.7023145 2.2675256 2.2684826 0.5052440 4.1992813 2.4602247 0.1627982 0.4364866 2.7650240 2.0484890 2.2162530 2.2332305 1.6843352 0.4365057 0.4365315 2.5532405 2.1100098 2.7474686 2.1508083 2.3361855 2.2998078 3.5854569 2.2324296 0.4363927 
n286_287   2.3151667 0.0000000 3.3673025 0.0666878 2.8688782 1.7855031 3.4671366 2.1981957 2.3925696 1.8740831 3.0603736 2.5198614 2.7286164 2.5878762 1.8066876 1.8349228 1.8522747 3.8434569 2.6961482 4.2602464 1.4435440 1.5368971 2.5158409 6.3522815 2.4604079 1.8395316 
n296_297   2.7023145 3.3673025 0.0000000 4.0388524 0.1580504 2.1135104 2.8062249 0.2998785 2.4134284 2.0200114 0.6271818 0.2994717 0.1537303 0.3251585 1.0685845 2.0705769 2.0580073 0.0556785 0.1453883 2.4662658 3.8886969 3.4179819 0.2941092 3.7651873 0.3254368 2.0192507 
n285_286   2.2675256 0.0666878 4.0388524 0.0000000 2.9835738 1.7870894 3.6773667 2.3039713 2.5387330 1.8686764 3.1861683 2.5127974 3.0254111 2.7584516 1.9726051 1.8718913 1.8901574 4.4703638 2.7933741 3.8855466 1.4241460 1.5426078 2.6608810 5.5064450 2.6116208 1.8344226 
n289_290   2.2684826 2.8688782 0.1580504 2.9835738 0.0000000 1.9144353 2.4215404 0.2898622 2.2225189 1.8816097 0.6276577 0.3107590 0.0519351 0.3148287 1.1026783 1.9633839 1.8758558 0.1248462 0.0483211 2.4704025 2.6298873 2.5655180 0.2841854 2.9252075 0.3150961 1.8809659 
n274_275   0.5052440 1.7855031 2.1135104 1.7870894 1.9144353 0.0000000 2.9437327 2.3284089 0.4768532 0.1289606 2.4593640 2.1998607 2.0765394 2.1228221 2.0850461 0.1333128 0.1416178 2.0829239 1.8738062 3.5637249 1.8957638 2.0758766 2.2387771 2.6636985 2.1825259 0.1209159 
n255_256   4.1992813 3.4671366 2.8062249 3.6773667 2.4215404 2.9437327 0.0000000 3.9799333 3.1452192 3.3958119 2.4990136 4.1568968 2.7780659 3.6797901 3.7710538 3.2510833 3.0527707 3.2840749 2.5644144 3.3378780 2.5119233 2.9562997 4.1021355 0.3644645 3.3361803 3.3927656 
n275_276   2.4602247 2.1981957 0.2998785 2.3039713 0.2898622 2.3284089 3.9799333 0.0000000 2.0817924 2.2649037 0.6591087 0.1167856 0.2895882 0.1084363 1.0538805 2.4475879 2.3683539 0.2844183 0.2897607 2.1073863 2.3355520 2.3304557 0.1048531 3.0238311 0.1045790 2.2638818 
n278_279   0.1627982 2.3925696 2.4134284 2.5387330 2.2225189 0.4768532 3.1452192 2.0817924 0.0000000 0.4105321 2.2374751 1.9111953 2.0678407 1.9697855 1.6206153 0.4171329 0.4045209 2.3535197 2.0306163 3.4750756 1.8003053 2.0639024 2.0250679 3.5718860 1.9737346 0.4043736 
n299_300   0.4364866 1.8740831 2.0200114 1.8686764 1.8816097 0.1289606 3.3958119 2.2649037 0.4105321 0.0000000 2.5685924 2.2447921 1.9917067 1.9894505 1.9125624 0.0449828 0.0818117 1.9584470 1.8423167 3.4992491 1.6943445 1.7647016 2.2924439 2.6536268 2.0408350 0.0067088 
n236_237   2.7650240 3.0603736 0.6271818 3.1861683 0.6276577 2.4593640 2.4990136 0.6591087 2.2374751 2.5685924 0.0000000 0.6955347 0.5944103 0.6998450 1.1311786 2.7275860 2.5526214 0.6027206 0.5871618 2.1170673 2.8462543 2.7666194 0.6681901 2.4877045 0.6909239 2.6426747 
n293_294   2.0484890 2.5198614 0.2994717 2.5127974 0.3107590 2.1998607 4.1568968 0.1167856 1.9111953 2.2447921 0.6955347 0.0000000 0.3052106 0.1405647 1.0643186 2.1945400 2.1913785 0.2840368 0.3160923 2.7363981 2.3082303 2.4462070 0.0377392 3.1953069 0.1365362 2.2438021 
n290_291   2.2162530 2.7286164 0.1537303 3.0254111 0.0519351 2.0765394 2.7780659 0.2895882 2.0678407 1.9917067 0.5944103 0.3052106 0.0000000 0.3038764 1.1309685 2.0833336 1.9853239 0.1410745 0.0555532 2.3218469 2.2997051 2.3066403 0.2737160 3.2278680 0.3041319 1.9909763 
n297_298   2.2332305 2.5878762 0.3251585 2.7584516 0.3148287 2.1228221 3.6797901 0.1084363 1.9697855 1.9894505 0.6998450 0.1405647 0.3038764 0.0000000 1.0336888 2.0821609 2.1112555 0.2985911 0.3255472 2.2386337 2.1912916 2.4177659 0.1323266 2.7575734 0.0236462 1.9887093 
n200_201   1.6843352 1.8066876 1.0685845 1.9726051 1.1026783 2.0850461 3.7710538 1.0538805 1.6206153 1.9125624 1.1311786 1.0643186 1.1309685 1.0336888 0.0000000 1.8689697 2.1238175 1.0711414 1.1022796 2.5713903 1.5616737 1.6441797 1.0220236 8.1994994 1.0320264 1.8773443 
n292_293   0.4365057 1.8349228 2.0705769 1.8718913 1.9633839 0.1333128 3.2510833 2.4475879 0.4171329 0.0449828 2.7275860 2.1945400 2.0833336 2.0821609 1.8689697 0.0000000 0.0819274 2.0935021 1.9207192 3.1253711 1.8704493 1.9501522 2.3672892 2.8574717 2.1392015 0.0378702 
n280_281   0.4365315 1.8522747 2.0580073 1.8901574 1.8758558 0.1416178 3.0527707 2.3683539 0.4045209 0.0818117 2.5526214 2.1913785 1.9853239 2.1112555 2.1238175 0.0819274 0.0000000 2.0363194 1.8367816 3.3670879 1.6861217 1.8192729 2.1791851 2.9383726 2.1700377 0.0818234 
n295_296   2.5532405 3.8434569 0.0556785 4.4703638 0.1248462 2.0829239 3.2840749 0.2844183 2.3535197 1.9584470 0.6027206 0.2840368 0.1410745 0.2985911 1.0711414 2.0935021 2.0363194 0.0000000 0.1328888 2.6408588 3.7619295 3.6166082 0.2788171 4.3505603 0.2988411 1.9577345 
n287_288   2.1100098 2.6961482 0.1453883 2.7933741 0.0483211 1.8738062 2.5644144 0.2897607 2.0306163 1.8423167 0.5871618 0.3160923 0.0555532 0.3255472 1.1022796 1.9207192 1.8367816 0.1328888 0.0000000 2.1678321 2.7271675 2.7477853 0.2893074 3.2321091 0.3258261 1.8417023 
n244_245   2.7474686 4.2602464 2.4662658 3.8855466 2.4704025 3.5637249 3.3378780 2.1073863 3.4750756 3.4992491 2.1170673 2.7363981 2.3218469 2.2386337 2.5713903 3.1253711 3.3670879 2.6408588 2.1678321 0.0000000 2.9317687 3.1726775 2.6443203 4.8925957 2.4196068 3.4958355 
n265_266   2.1508083 1.4435440 3.8886969 1.4241460 2.6298873 1.8957638 2.5119233 2.3355520 1.8003053 1.6943445 2.8462543 2.3082303 2.2997051 2.1912916 1.5616737 1.8704493 1.6861217 3.7619295 2.7271675 2.9317687 0.0000000 0.1854304 2.4352861 3.3122883 2.1513483 1.7592686 
n266_267   2.3361855 1.5368971 3.4179819 1.5426078 2.5655180 2.0758766 2.9562997 2.3304557 2.0639024 1.7647016 2.7666194 2.4462070 2.3066403 2.4177659 1.6441797 1.9501522 1.8192729 3.6166082 2.7477853 3.1726775 0.1854304 0.0000000 2.4372621 4.2204874 2.2968162 1.7976948 
n294_295   2.2998078 2.5158409 0.2941092 2.6608810 0.2841854 2.2387771 4.1021355 0.1048531 2.0250679 2.2924439 0.6681901 0.0377392 0.2737160 0.1323266 1.0220236 2.3672892 2.1791851 0.2788171 0.2893074 2.6443203 2.4352861 2.4372621 0.0000000 3.0430477 0.1283445 2.2913994 
n251_252   3.5854569 6.3522815 3.7651873 5.5064450 2.9252075 2.6636985 0.3644645 3.0238311 3.5718860 2.6536268 2.4877045 3.1953069 3.2278680 2.7575734 8.1994994 2.8574717 2.9383726 4.3505603 3.2321091 4.8925957 3.3122883 4.2204874 3.0430477 0.0000000 2.5920851 2.6644622 
n298_299   2.2324296 2.4604079 0.3254368 2.6116208 0.3150961 2.1825259 3.3361803 0.1045790 1.9737346 2.0408350 0.6909239 0.1365362 0.3041319 0.0236462 1.0320264 2.1392015 2.1700377 0.2988411 0.3258261 2.4196068 2.1513483 2.2968162 0.1283445 2.5920851 0.0000000 2.0400448 
n300_301   0.4363927 1.8395316 2.0192507 1.8344226 1.8809659 0.1209159 3.3927656 2.2638818 0.4043736 0.0067088 2.6426747 2.2438021 1.9909763 1.9887093 1.8773443 0.0378702 0.0818234 1.9577345 1.8417023 3.4958355 1.7592686 1.7976948 2.2913994 2.6644622 2.0400448 0.0000000 
