25
n289_290   0.0000000 0.0591299 0.0100642 0.2999427 0.2734573 0.0591153 0.0203136 0.2837306 0.3716580 0.0627663 0.2844273 0.2733091 0.4071889 0.2735956 0.0134622 0.1620262 0.2896113 0.0591416 0.0891133 0.2785296 0.3083725 0.0447561 0.3726850 0.2837404 0.3244124 
n294_295   0.0591299 0.0000000 0.0554367 0.3093390 0.2826089 0.0271054 0.0627761 0.2929954 0.3644291 0.0100377 0.2936603 0.2830335 0.4188195 0.2826134 0.0591002 0.1617813 0.2988078 0.0271173 0.1005156 0.2877348 0.2921020 0.0134226 0.3654250 0.2930036 0.3077399 
n295_296   0.0100642 0.0554367 0.0000000 0.2993162 0.2728961 0.0554231 0.0168647 0.2831445 0.3708471 0.0590495 0.2838388 0.2780546 0.4062814 0.2730341 0.0100591 0.1704032 0.2890099 0.0554477 0.0852082 0.2779564 0.3077289 0.0411557 0.3718694 0.2831544 0.3237286 
n266_267   0.2999427 0.3093390 0.2993162 0.0000000 0.2638359 0.3252820 0.3048530 0.2740649 0.3833669 0.3145875 0.0308149 0.2739045 0.4388812 0.2540511 0.3048025 0.3100565 0.2695976 0.3254586 0.3050085 0.2689303 0.1049743 0.3042884 0.3963134 0.2740762 0.1168582 
n299_300   0.2734573 0.2826089 0.2728961 0.2638359 0.0000000 0.2828654 0.2777894 0.0134819 0.3590725 0.2827634 0.2489322 0.0067106 0.4131850 0.0556105 0.2781496 0.2780994 0.0667295 0.2879082 0.2783069 0.0134708 0.2482535 0.2726384 0.3706895 0.0134843 0.2629706 
n298_299   0.0591153 0.0271054 0.0554231 0.3252820 0.2828654 0.0000000 0.0664518 0.2932631 0.3816787 0.0305676 0.3092478 0.2880994 0.4374706 0.2880499 0.0590856 0.1702619 0.3043994 0.0066757 0.0927633 0.2879968 0.3130166 0.0134198 0.3827424 0.2932713 0.3291391 
n290_291   0.0203136 0.0627761 0.0168647 0.3048530 0.2777894 0.0664518 0.0000000 0.2881093 0.3770419 0.0664330 0.2892404 0.2829840 0.4128236 0.2781317 0.0203035 0.1791914 0.2942410 0.0664817 0.0968185 0.2828837 0.3133066 0.0519343 0.3780895 0.2881184 0.3294494 
n274_275   0.2837306 0.2929954 0.2831445 0.2740649 0.0134819 0.2932631 0.2881093 0.0000000 0.3537804 0.2931576 0.2589227 0.0203337 0.4138880 0.0556741 0.2884858 0.2884370 0.0630949 0.2983828 0.2886475 0.0134854 0.2534951 0.2828749 0.3597103 0.0101069 0.2683462 
n251_252   0.3716580 0.3644291 0.3708471 0.3833669 0.3590725 0.3816787 0.3770419 0.3537804 0.0000000 0.3643329 0.3654246 0.3706272 0.3212110 0.3529254 0.3769746 0.3823611 0.3649883 0.3818940 0.3874611 0.3537971 0.3808416 0.3590031 0.0343229 0.3540478 0.3986855 
n293_294   0.0627663 0.0100377 0.0590495 0.3145875 0.2827634 0.0305676 0.0664330 0.2931576 0.3643329 0.0000000 0.2937710 0.2831885 0.4187161 0.2827679 0.0627348 0.1660184 0.2989745 0.0305810 0.1043815 0.2878930 0.2972003 0.0168183 0.3653284 0.2931658 0.3129536 
n265_266   0.2844273 0.2936603 0.2838388 0.0308149 0.2489322 0.3092478 0.2892404 0.2589227 0.3654246 0.2937710 0.0000000 0.2587752 0.4135288 0.2487764 0.2891933 0.2996756 0.2641680 0.3094139 0.2887367 0.2539097 0.0970997 0.2887124 0.3721221 0.2589360 0.1088331 
n300_301   0.2733091 0.2830335 0.2780546 0.2739045 0.0067106 0.2880994 0.2829840 0.0203337 0.3706272 0.2831885 0.2587752 0.0000000 0.4256856 0.0629206 0.2833524 0.2883549 0.0741824 0.2931810 0.2835119 0.0203169 0.2532222 0.2777909 0.3824444 0.0203374 0.2680525 
n244_245   0.4071889 0.4188195 0.4062814 0.4388812 0.4131850 0.4374706 0.4128236 0.4138880 0.3212110 0.4187161 0.4135288 0.4256856 0.0000000 0.4134855 0.4127472 0.4020025 0.4145429 0.4377271 0.4193154 0.4075282 0.4186290 0.4129940 0.3269869 0.4138602 0.4183449 
n278_279   0.2735956 0.2826134 0.2730341 0.2540511 0.0556105 0.2880499 0.2781317 0.0556741 0.3529254 0.2827679 0.2487764 0.0629206 0.4134855 0.0000000 0.2782898 0.3090412 0.0169214 0.2931294 0.2783601 0.0556257 0.2482259 0.2777456 0.3588022 0.0556833 0.2629363 
n287_288   0.0134622 0.0591002 0.0100591 0.3048025 0.2781496 0.0590856 0.0203035 0.2884858 0.3769746 0.0627348 0.2891933 0.2833524 0.4127472 0.2782898 0.0000000 0.1748568 0.2944103 0.0591119 0.0890679 0.2832518 0.3132546 0.0447337 0.3780218 0.2884948 0.3293938 
n200_201   0.1620262 0.1617813 0.1704032 0.3100565 0.2780994 0.1702619 0.1791914 0.2884370 0.3823611 0.1660184 0.2996756 0.2883549 0.4020025 0.3090412 0.1748568 0.0000000 0.3259607 0.1703447 0.1834958 0.2832023 0.3091514 0.1533782 0.3892572 0.2884460 0.3252539 
n277_278   0.2896113 0.2988078 0.2890099 0.2695976 0.0667295 0.3043994 0.2942410 0.0630949 0.3649883 0.2989745 0.2641680 0.0741824 0.4145429 0.0169214 0.2944103 0.3259607 0.0000000 0.3096078 0.2944817 0.0667478 0.2635684 0.2938255 0.3709864 0.0668176 0.2786473 
n297_298   0.0591416 0.0271173 0.0554477 0.3254586 0.2879082 0.0066757 0.0664817 0.2983828 0.3818940 0.0305810 0.3094139 0.2931810 0.4377271 0.2931294 0.0591119 0.1703447 0.3096078 0.0000000 0.0928058 0.2930761 0.3131845 0.0134256 0.3829590 0.2983900 0.3293176 
n236_237   0.0891133 0.1005156 0.0852082 0.3050085 0.2783069 0.0927633 0.0968185 0.2886475 0.3874611 0.1043815 0.2887367 0.2835119 0.4193154 0.2783601 0.0890679 0.1834958 0.2944817 0.0928058 0.0000000 0.2834112 0.3032384 0.0852362 0.3885474 0.2886565 0.3191574 
n280_281   0.2785296 0.2877348 0.2779564 0.2689303 0.0134708 0.2879968 0.2828837 0.0134854 0.3537971 0.2878930 0.2539097 0.0203169 0.4075282 0.0556257 0.2832518 0.2832023 0.0667478 0.2930761 0.2834112 0.0000000 0.2485340 0.2776929 0.3596960 0.0134879 0.2632698 
n285_286   0.3083725 0.2921020 0.3077289 0.1049743 0.2482535 0.3130166 0.3133066 0.2534951 0.3808416 0.2972003 0.0970997 0.2532222 0.4186290 0.2482259 0.3132546 0.3091514 0.2635684 0.3131845 0.3032384 0.2485340 0.0000000 0.2924570 0.3936614 0.2535091 0.0100849 
n275_276   0.0447561 0.0134226 0.0411557 0.3042884 0.2726384 0.0134198 0.0519343 0.2828749 0.3590031 0.0168183 0.2887124 0.2777909 0.4129940 0.2777456 0.0447337 0.1533782 0.2938255 0.0134256 0.0852362 0.2776929 0.2924570 0.0000000 0.3599788 0.2828848 0.3081188 
n255_256   0.3726850 0.3654250 0.3718694 0.3963134 0.3706895 0.3827424 0.3780895 0.3597103 0.0343229 0.3653284 0.3721221 0.3824444 0.3269869 0.3588022 0.3780218 0.3892572 0.3709864 0.3829590 0.3885474 0.3596960 0.3936614 0.3599788 0.0000000 0.3659128 0.4118776 
n292_293   0.2837404 0.2930036 0.2831544 0.2740762 0.0134843 0.2932713 0.2881184 0.0101069 0.3540478 0.2931658 0.2589360 0.0203374 0.4138602 0.0556833 0.2884948 0.2884460 0.0668176 0.2983900 0.2886565 0.0134879 0.2535091 0.2828848 0.3659128 0.0000000 0.2683584 
n286_287   0.3244124 0.3077399 0.3237286 0.1168582 0.2629706 0.3291391 0.3294494 0.2683462 0.3986855 0.3129536 0.1088331 0.2680525 0.4183449 0.2629363 0.3293938 0.3252539 0.2786473 0.3293176 0.3191574 0.2632698 0.0100849 0.3081188 0.4118776 0.2683584 0.0000000 
