36
n294_343   0.0000000 0.1780500 0.2003287 0.0202997 0.2001577 0.2179672 0.0520274 0.1915318 0.3014309 0.0033436 0.2969133 0.3768458 0.2515402 0.1359550 0.2472552 0.0519477 0.4415234 0.2235926 0.2465535 0.1870447 0.1784293 0.0520350 0.0664768 0.3072871 0.0555423 0.3114223 0.2048794 0.0202886 0.1827293 0.1040266 0.1826634 0.2567236 0.2658990 0.4180070 0.2563572 0.1827198 
n236_269   0.1780500 0.0000000 0.0888974 0.1783604 0.0888339 0.1040608 0.1961448 0.0813797 0.2858105 0.1737640 0.2761844 0.3441243 0.2512781 0.1911376 0.2518961 0.1914474 0.3927338 0.1448907 0.2462969 0.0775956 0.0702038 0.1961728 0.2092609 0.2862392 0.1958244 0.2912950 0.0927396 0.1740198 0.0738925 0.1953459 0.0776703 0.2565885 0.2610003 0.3768339 0.2560898 0.0738887 
n290_339   0.2003287 0.0888974 0.0000000 0.2006823 0.0134584 0.0271597 0.2191043 0.0067029 0.3114461 0.1958992 0.3224395 0.3546596 0.2858982 0.2046790 0.2914162 0.2142206 0.4463808 0.1702029 0.2806446 0.0448092 0.0377406 0.2191354 0.2326570 0.3331835 0.2187459 0.3161407 0.0168824 0.2005728 0.0412677 0.2182002 0.0448527 0.3014727 0.2961266 0.4294518 0.2909563 0.0412656 
n298_351   0.0202997 0.1783604 0.2006823 0.0000000 0.2005107 0.2183544 0.0449214 0.1918685 0.3019891 0.0168762 0.2926121 0.3725128 0.2519955 0.1359971 0.2477025 0.0448533 0.4359395 0.2284410 0.2469984 0.1873727 0.1787410 0.0449281 0.0592518 0.3029445 0.0484173 0.3120011 0.2052419 0.0203211 0.1830491 0.1042010 0.1829830 0.2571899 0.2663833 0.4125699 0.2568223 0.1830396 
n295_348   0.2001577 0.0888339 0.0134584 0.2005107 0.0000000 0.0134640 0.2189111 0.0066987 0.3169967 0.1957332 0.3221028 0.3542688 0.2856174 0.2045032 0.2863538 0.2140333 0.4400789 0.1700642 0.2803715 0.0447795 0.0377158 0.2189421 0.2324475 0.3328292 0.2185534 0.3266949 0.0168716 0.2004014 0.0412404 0.2180087 0.0448219 0.3011686 0.2958307 0.4232857 0.2906681 0.0412384 
n296_349   0.2179672 0.1040608 0.0271597 0.2183544 0.0134640 0.0000000 0.2372335 0.0202759 0.3328547 0.2134353 0.3431748 0.3762744 0.3056594 0.2224081 0.3064524 0.2322157 0.4584179 0.1871912 0.3002587 0.0591064 0.0519086 0.2372670 0.2510964 0.3542163 0.2368466 0.3427324 0.0306440 0.2182359 0.0555004 0.2362478 0.0591636 0.3216537 0.3056687 0.4412715 0.3108505 0.0554976 
n295_346   0.0520274 0.1961448 0.2191043 0.0449214 0.2189111 0.2372335 0.0000000 0.2100529 0.2971836 0.0484389 0.2983742 0.4019429 0.2613823 0.1526321 0.2620285 0.0272218 0.4425322 0.2425804 0.2563184 0.2007164 0.1919235 0.0135001 0.0412396 0.3032298 0.0306950 0.3071421 0.2237932 0.0520840 0.1963121 0.1240133 0.2009162 0.2716978 0.2759432 0.4189533 0.2662690 0.1963019 
n287_334   0.1915318 0.0813797 0.0067029 0.1918685 0.0066987 0.0202759 0.2100529 0.0000000 0.3118695 0.1871556 0.3120176 0.3437712 0.2759907 0.1958345 0.2814234 0.2052389 0.4340915 0.1617452 0.2708143 0.0377365 0.0307341 0.2100828 0.2234437 0.3226043 0.2097092 0.3165703 0.0100833 0.1917637 0.0342281 0.2091898 0.0377721 0.2913442 0.2860755 0.4174092 0.2809790 0.0342263 
n265_302   0.3014309 0.2858105 0.3114461 0.3019891 0.3169967 0.3328547 0.2971836 0.3118695 0.0000000 0.2963253 0.1574038 0.3798039 0.2324075 0.3073146 0.2235976 0.3015782 0.4133812 0.3283425 0.2275686 0.2958413 0.2912876 0.3020699 0.3170334 0.1658782 0.3066851 0.0203669 0.3168592 0.2965606 0.2963200 0.3226136 0.3016762 0.2373723 0.2463792 0.3899855 0.2370911 0.2908185 
n293_342   0.0033436 0.1737640 0.1958992 0.0168762 0.1957332 0.2134353 0.0484389 0.1871556 0.2963253 0.0000000 0.2918297 0.3773540 0.2467772 0.1319213 0.2425132 0.0483647 0.4353388 0.2190069 0.2418264 0.1826975 0.1741329 0.0484460 0.0628197 0.3021285 0.0519418 0.3062502 0.2004208 0.0168670 0.1784075 0.1001769 0.1783437 0.2519205 0.2610422 0.4120105 0.2515618 0.1783983 
n286_331   0.2969133 0.2761844 0.3224395 0.2926121 0.3221028 0.3431748 0.2983742 0.3120176 0.1574038 0.2918297 0.0000000 0.3509378 0.2277853 0.2916358 0.2283400 0.3027898 0.4199181 0.3392309 0.2324193 0.2959777 0.2914210 0.3032850 0.3183265 0.0067222 0.3079233 0.1656778 0.3278625 0.2973037 0.2964569 0.3230960 0.3018169 0.2327146 0.2416701 0.4203695 0.2324389 0.2909514 
n244_279   0.3768458 0.3441243 0.3546596 0.3725128 0.3542688 0.3762744 0.4019429 0.3437712 0.3798039 0.3773540 0.3509378 0.0000000 0.3278164 0.3762172 0.3341400 0.3948834 0.2784939 0.4144110 0.3331561 0.3553930 0.3445189 0.3958792 0.4063587 0.3621596 0.4006908 0.3909212 0.3603272 0.3720039 0.3388951 0.4064164 0.3557552 0.3393836 0.3437784 0.2694691 0.3331873 0.3499271 
n292_341   0.2515402 0.2512781 0.2858982 0.2519955 0.2856174 0.3056594 0.2613823 0.2759907 0.2324075 0.2467772 0.2277853 0.3278164 0.0000000 0.2803119 0.0237728 0.2609898 0.4165723 0.3017502 0.0033373 0.2607867 0.2467327 0.2614191 0.2753280 0.2371547 0.2658126 0.2512850 0.2862508 0.2471691 0.2514633 0.2957929 0.2563496 0.0341909 0.0100556 0.3883454 0.0033375 0.2560000 
n200_227   0.1359550 0.1911376 0.2046790 0.1359971 0.2045032 0.2224081 0.1526321 0.1958345 0.3073146 0.1319213 0.2916358 0.3762172 0.2803119 0.0000000 0.2810086 0.1524004 0.4105245 0.2186391 0.2802010 0.1913212 0.1826603 0.1526540 0.1691935 0.3019254 0.1565343 0.3124675 0.2092558 0.1441211 0.1869831 0.1774979 0.1915109 0.2909091 0.2952219 0.4055357 0.2853196 0.1869734 
n278_321   0.2472552 0.2518961 0.2914162 0.2477025 0.2863538 0.3064524 0.2620285 0.2814234 0.2235976 0.2425132 0.2283400 0.3341400 0.0237728 0.2810086 0.0000000 0.2616344 0.4178295 0.2969765 0.0272342 0.2660814 0.2519148 0.2620655 0.2760113 0.2377346 0.2664703 0.2473279 0.2917765 0.2428973 0.2566846 0.2965334 0.2616131 0.0169045 0.0341960 0.3895096 0.0272361 0.2612548 
n289_336   0.0519477 0.1914474 0.2142206 0.0448533 0.2140333 0.2322157 0.0272218 0.2052389 0.3015782 0.0483647 0.3027898 0.3948834 0.2609898 0.1524004 0.2616344 0.0000000 0.4354519 0.2377142 0.2559332 0.1959809 0.1872540 0.0237658 0.0134306 0.3076645 0.0033330 0.3115785 0.2188718 0.0520050 0.1916097 0.1198622 0.1961756 0.2712901 0.2755304 0.4121039 0.2658695 0.1915997 
n255_290   0.4415234 0.3927338 0.4463808 0.4359395 0.4400789 0.4584179 0.4425322 0.4340915 0.4133812 0.4353388 0.4199181 0.2784939 0.4165723 0.4105245 0.4178295 0.4354519 0.0000000 0.4748135 0.4159968 0.4345514 0.4165490 0.4425940 0.4606287 0.4259672 0.4415806 0.4374855 0.4527662 0.4296046 0.4159168 0.4228987 0.4349942 0.4361333 0.4284893 0.0515053 0.4226391 0.4284908 
n200_229   0.2235926 0.1448907 0.1702029 0.2284410 0.1700642 0.1871912 0.2425804 0.1617452 0.3283425 0.2190069 0.3392309 0.4144110 0.3017502 0.2186391 0.2969765 0.2377142 0.4748135 0.0000000 0.2963633 0.1616230 0.1532853 0.2477032 0.2567994 0.3446335 0.2423941 0.3446424 0.1745668 0.2283168 0.1574466 0.2469911 0.1617827 0.3071192 0.3171591 0.4385879 0.3069296 0.1574384 
n274_315   0.2465535 0.2462969 0.2806446 0.2469984 0.2803715 0.3002587 0.2563184 0.2708143 0.2275686 0.2418264 0.2324193 0.3331561 0.0033373 0.2802010 0.0272342 0.2559332 0.4159968 0.2963633 0.0000000 0.2557354 0.2417825 0.2563545 0.2701659 0.2418511 0.2607195 0.2463055 0.2809901 0.2422083 0.2464779 0.2904656 0.2513261 0.0377014 0.0134391 0.3822328 0.0066907 0.2509848 
n297_352   0.1870447 0.0775956 0.0448092 0.1873727 0.0447795 0.0591064 0.2007164 0.0377365 0.2958413 0.1826975 0.2959777 0.3553930 0.2607867 0.1913212 0.2660814 0.1959809 0.4345514 0.1616230 0.2557354 0.0000000 0.0134760 0.2007450 0.2139219 0.2957994 0.2003883 0.3004531 0.0484008 0.1872703 0.0168831 0.1998662 0.0203240 0.2710994 0.2706385 0.4178419 0.2656615 0.0033408 
n294_345   0.1784293 0.0702038 0.0377406 0.1787410 0.0377158 0.0519086 0.1919235 0.0307341 0.2912876 0.1741329 0.2914210 0.3445189 0.2467327 0.1826603 0.2519148 0.1872540 0.4165490 0.1532853 0.2417825 0.0134760 0.0000000 0.1919509 0.2049775 0.3017006 0.1916097 0.2958827 0.0412934 0.1786432 0.0033443 0.1957677 0.0134887 0.2614393 0.2563979 0.4001928 0.2515167 0.0100842 
n296_347   0.0520350 0.1961728 0.2191354 0.0449281 0.2189421 0.2372670 0.0135001 0.2100828 0.3020699 0.0484460 0.3032850 0.3958792 0.2614191 0.1526540 0.2620655 0.0237658 0.4425940 0.2477032 0.2563545 0.2007450 0.1919509 0.0000000 0.0377169 0.3081666 0.0272232 0.3120846 0.2238250 0.0520917 0.1963401 0.1160708 0.2009448 0.2717360 0.2759820 0.4190118 0.2663065 0.1963299 
n290_337   0.0664768 0.2092609 0.2326570 0.0592518 0.2324475 0.2510964 0.0412396 0.2234437 0.3170334 0.0628197 0.3183265 0.4063587 0.2753280 0.1691935 0.2760113 0.0134306 0.4606287 0.2567994 0.2701659 0.2139219 0.2049775 0.0377169 0.0000000 0.3232955 0.0168262 0.3272364 0.2374342 0.0665499 0.2094417 0.1358812 0.2141351 0.2858491 0.2901436 0.4365024 0.2753518 0.2094308 
n285_330   0.3072871 0.2862392 0.3331835 0.3029445 0.3328292 0.3542163 0.3032298 0.3226043 0.1658782 0.3021285 0.0067222 0.3621596 0.2371547 0.3019254 0.2377346 0.3076645 0.4259672 0.3446335 0.2418511 0.2957994 0.3017006 0.3081666 0.3232955 0.0000000 0.3128287 0.1742459 0.3386893 0.3076944 0.3068096 0.3338710 0.3122544 0.2421584 0.2512231 0.4264274 0.2418716 0.2907761 
n287_332   0.0555423 0.1958244 0.2187459 0.0484173 0.2185534 0.2368466 0.0306950 0.2097092 0.3066851 0.0519418 0.3079233 0.4006908 0.2658126 0.1565343 0.2664703 0.0033330 0.4415806 0.2423941 0.2607195 0.2003883 0.1916097 0.0272232 0.0168262 0.3128287 0.0000000 0.3167515 0.2234272 0.0556038 0.1959911 0.1238118 0.2005875 0.2761893 0.2804488 0.4180477 0.2707253 0.1959809 
n266_303   0.3114223 0.2912950 0.3161407 0.3120011 0.3266949 0.3427324 0.3071421 0.3165703 0.0203669 0.3062502 0.1656778 0.3909212 0.2512850 0.3124675 0.2473279 0.3115785 0.4374855 0.3446424 0.2463055 0.3004531 0.2958827 0.3120846 0.3272364 0.1742459 0.3167515 0.0000000 0.3215826 0.3064963 0.3009402 0.3328948 0.3063261 0.2518029 0.2656229 0.4133368 0.2560950 0.2954054 
n289_338   0.2048794 0.0927396 0.0168824 0.2052419 0.0168716 0.0306440 0.2237932 0.0100833 0.3168592 0.2004208 0.3278625 0.3603272 0.2862508 0.2092558 0.2917765 0.2188718 0.4527662 0.1745668 0.2809901 0.0484008 0.0412934 0.2238250 0.2374342 0.3386893 0.2234272 0.3215826 0.0000000 0.2051299 0.0448394 0.2228675 0.0484471 0.3018462 0.2964929 0.4357131 0.2913157 0.0448371 
n275_316   0.0202886 0.1740198 0.2005728 0.0203211 0.2004014 0.2182359 0.0520840 0.1917637 0.2965606 0.0168670 0.2973037 0.3720039 0.2471691 0.1441211 0.2428973 0.0520050 0.4296046 0.2283168 0.2422083 0.1872703 0.1786432 0.0520917 0.0665499 0.3076944 0.0556038 0.3064963 0.2051299 0.0000000 0.1829490 0.1041440 0.1828830 0.2523230 0.2614625 0.4064298 0.2519632 0.1829395 
n293_344   0.1827293 0.0738925 0.0412677 0.1830491 0.0412404 0.0555004 0.1963121 0.0342281 0.2963200 0.1784075 0.2964569 0.3388951 0.2514633 0.1869831 0.2566846 0.1916097 0.4159168 0.1574466 0.2464779 0.0168831 0.0033443 0.1963401 0.2094417 0.3068096 0.1959911 0.3009402 0.0448394 0.1829490 0.0000000 0.1957745 0.0168990 0.2662705 0.2611937 0.3995906 0.2562790 0.0134760 
n236_267   0.1040266 0.1953459 0.2182002 0.1042010 0.2180087 0.2362478 0.1240133 0.2091898 0.3226136 0.1001769 0.3230960 0.4064164 0.2957929 0.1774979 0.2965334 0.1198622 0.4228987 0.2469911 0.2904656 0.1998662 0.1957677 0.1160708 0.1358812 0.3338710 0.1238118 0.3328948 0.2228675 0.1041440 0.1957745 0.0000000 0.2047899 0.3117530 0.3061580 0.4005472 0.3009175 0.1954721 
n275_318   0.1826634 0.0776703 0.0448527 0.1829830 0.0448219 0.0591636 0.2009162 0.0377721 0.3016762 0.1783437 0.3018169 0.3557552 0.2563496 0.1915109 0.2616131 0.1961756 0.4349942 0.1617827 0.2513261 0.0203240 0.0134887 0.2009448 0.2141351 0.3122544 0.2005875 0.3063261 0.0484471 0.1828830 0.0168990 0.2047899 0.0000000 0.2712656 0.2661505 0.4182687 0.2611996 0.0168982 
n277_320   0.2567236 0.2565885 0.3014727 0.2571899 0.3011686 0.3216537 0.2716978 0.2913442 0.2373723 0.2519205 0.2327146 0.3393836 0.0341909 0.2909091 0.0169045 0.2712901 0.4361333 0.3071192 0.0377014 0.2710994 0.2614393 0.2717360 0.2858491 0.2421584 0.2761893 0.2518029 0.3018462 0.2523230 0.2662705 0.3117530 0.2712656 0.0000000 0.0447592 0.4065189 0.0377041 0.2662371 
n280_323   0.2658990 0.2610003 0.2961266 0.2663833 0.2958307 0.3056687 0.2759432 0.2860755 0.2463792 0.2610422 0.2416701 0.3437784 0.0100556 0.2952219 0.0341960 0.2755304 0.4284893 0.3171591 0.0134391 0.2706385 0.2563979 0.2759820 0.2901436 0.2512231 0.2804488 0.2656229 0.2964929 0.2614625 0.2611937 0.3061580 0.2661505 0.0447592 0.0000000 0.3998424 0.0134401 0.2657852 
n251_286   0.4180070 0.3768339 0.4294518 0.4125699 0.4232857 0.4412715 0.4189533 0.4174092 0.3899855 0.4120105 0.4203695 0.2694691 0.3883454 0.4055357 0.3895096 0.4121039 0.0515053 0.4385879 0.3822328 0.4178419 0.4001928 0.4190118 0.4365024 0.4264274 0.4180477 0.4133368 0.4357131 0.4064298 0.3995906 0.4005472 0.4182687 0.4065189 0.3998424 0.0000000 0.3941893 0.4119013 
n300_355   0.2563572 0.2560898 0.2909563 0.2568223 0.2906681 0.3108505 0.2662690 0.2809790 0.2370911 0.2515618 0.2324389 0.3331873 0.0033375 0.2853196 0.0272361 0.2658695 0.4226391 0.3069296 0.0066907 0.2656615 0.2515167 0.2663065 0.2753518 0.2418716 0.2707253 0.2560950 0.2913157 0.2519632 0.2562790 0.3009175 0.2611996 0.0377041 0.0134401 0.3941893 0.0000000 0.2608424 
n298_353   0.1827198 0.0738887 0.0412656 0.1830396 0.0412384 0.0554976 0.1963019 0.0342263 0.2908185 0.1783983 0.2909514 0.3499271 0.2560000 0.1869734 0.2612548 0.1915997 0.4284908 0.1574384 0.2509848 0.0033408 0.0100842 0.1963299 0.2094308 0.2907761 0.1959809 0.2954054 0.0448371 0.1829395 0.0134760 0.1954721 0.0168982 0.2662371 0.2657852 0.4119013 0.2608424 0.0000000 
