20
n289_290   0.0000000 0.0520525 0.0272672 0.2593940 0.2903101 0.0485033 0.2951647 0.4261144 0.0520655 0.2641817 0.0307432 0.3709018 0.2589120 0.1494216 0.2639943 0.1008164 0.2901762 0.2840801 0.0413323 0.4310619 
n294_295   0.0520525 0.0000000 0.0666992 0.2643259 0.3164818 0.0168700 0.3215014 0.4260322 0.0066939 0.2691457 0.0703726 0.3706427 0.2838277 0.1705422 0.2891006 0.0967117 0.3163337 0.2891939 0.0100651 0.4433539 
n295_296   0.0272672 0.0666992 0.0000000 0.2752328 0.3015642 0.0630833 0.3065003 0.4397736 0.0667157 0.2801327 0.0033420 0.3953788 0.2695583 0.1709996 0.2747334 0.1166332 0.3014239 0.2903301 0.0557426 0.4390574 
n266_267   0.2593940 0.2643259 0.2752328 0.0000000 0.2318449 0.2744911 0.2363639 0.3441355 0.2643735 0.0203462 0.2801850 0.3378362 0.2027894 0.2536619 0.2074673 0.2445422 0.2365375 0.1009572 0.2643535 0.3604003 
n299_300   0.2903101 0.3164818 0.3015642 0.2318449 0.0000000 0.3168989 0.0101123 0.4052416 0.3165308 0.2272682 0.3067079 0.3617663 0.0560268 0.3001656 0.0597256 0.2793737 0.0033520 0.2706377 0.3061004 0.4045899 
n298_299   0.0485033 0.0168700 0.0630833 0.2744911 0.3168989 0.0000000 0.3219252 0.4268194 0.0168744 0.2793758 0.0667417 0.3768741 0.2841983 0.1664225 0.2894786 0.1006938 0.3167505 0.2997269 0.0067000 0.4441747 
n274_275   0.2951647 0.3215014 0.3065003 0.2363639 0.0101123 0.3219252 0.0000000 0.4044036 0.3215503 0.2317630 0.3116753 0.3608620 0.0633447 0.3052963 0.0670866 0.2794327 0.0135130 0.2753808 0.3110569 0.4037544 
n251_252   0.4261144 0.4260322 0.4397736 0.3441355 0.4052416 0.4268194 0.4044036 0.0000000 0.4260707 0.3611517 0.4459899 0.3052426 0.4042825 0.4184508 0.4105962 0.4133519 0.3990314 0.3650780 0.4201047 0.0552613 
n293_294   0.0520655 0.0066939 0.0667157 0.2643735 0.3165308 0.0168744 0.3215503 0.4260707 0.0000000 0.2691936 0.0703899 0.3706889 0.2838761 0.1705792 0.2891492 0.0967348 0.3163827 0.2892426 0.0100673 0.4433887 
n265_266   0.2641817 0.2691457 0.2801327 0.0203462 0.2272682 0.2793758 0.2317630 0.3611517 0.2691936 0.0000000 0.2851151 0.3488808 0.1984075 0.2634990 0.2030562 0.2542730 0.2319328 0.1009739 0.2691733 0.3777929 
n296_297   0.0307432 0.0703726 0.0033420 0.2801850 0.3067079 0.0667417 0.3116753 0.4459899 0.0703899 0.2851151 0.0000000 0.4012157 0.2744628 0.1752624 0.2796742 0.1205756 0.3065648 0.2953856 0.0593620 0.4452615 
n244_245   0.3709018 0.3706427 0.3953788 0.3378362 0.3617663 0.3768741 0.3608620 0.3052426 0.3706889 0.3488808 0.4012157 0.0000000 0.3543887 0.3656985 0.3489542 0.3535593 0.3611460 0.3886307 0.3651524 0.3090912 
n278_279   0.2589120 0.2838277 0.2695583 0.2027894 0.0560268 0.2841983 0.0633447 0.4042825 0.2838761 0.1984075 0.2744628 0.3543887 0.0000000 0.2837037 0.0101167 0.2589059 0.0596687 0.2304268 0.2739298 0.4036338 
n200_201   0.1494216 0.1705422 0.1709996 0.2536619 0.3001656 0.1664225 0.3052963 0.4184508 0.1705792 0.2634990 0.1752624 0.3656985 0.2837037 0.0000000 0.2889714 0.1575706 0.3053058 0.2833305 0.1578171 0.4236710 
n277_278   0.2639943 0.2891006 0.2747334 0.2074673 0.0597256 0.2894786 0.0670866 0.4105962 0.2891492 0.2030562 0.2796742 0.3489542 0.0101167 0.2889714 0.0000000 0.2639891 0.0633884 0.2353030 0.2791296 0.4099355 
n236_237   0.1008164 0.0967117 0.1166332 0.2445422 0.2793737 0.1006938 0.2794327 0.4133519 0.0967348 0.2542730 0.1205756 0.3535593 0.2589059 0.1575706 0.2639891 0.0000000 0.2792458 0.2686944 0.0929279 0.4189086 
n280_281   0.2901762 0.3163337 0.3014239 0.2365375 0.0033520 0.3167505 0.0135130 0.3990314 0.3163827 0.2319328 0.3065648 0.3611460 0.0596687 0.3053058 0.0633884 0.2792458 0.0000000 0.2755873 0.3059579 0.3983917 
n285_286   0.2840801 0.2891939 0.2903301 0.1009572 0.2706377 0.2997269 0.2753808 0.3650780 0.2892426 0.1009739 0.2953856 0.3886307 0.2304268 0.2833305 0.2353030 0.2686944 0.2755873 0.0000000 0.2892211 0.3766431 
n275_276   0.0413323 0.0100651 0.0557426 0.2643535 0.3061004 0.0067000 0.3110569 0.4201047 0.0100673 0.2691733 0.0593620 0.3651524 0.2739298 0.1578171 0.2791296 0.0929279 0.3059579 0.2892211 0.0000000 0.4373039 
n255_256   0.4310619 0.4433539 0.4390574 0.3604003 0.4045899 0.4441747 0.4037544 0.0552613 0.4433887 0.3777929 0.4452615 0.3090912 0.4036338 0.4236710 0.4099355 0.4189086 0.3983917 0.3766431 0.4373039 0.0000000 
