19
n287_256   0.0000000 0.2662050 3.5198451 0.0449197 0.0556419 0.2836663 1.3573603 3.7080636 0.2778097 0.3308396 2.4149154 2.1466474 3.5931176 0.8118167 0.1469513 2.1682165 0.2833190 2.2515474 0.1592734 
n293_260   0.2662050 0.0000000 3.5119682 0.2667805 0.2712650 0.1053404 1.3883289 3.7243820 0.1376469 0.0449597 2.4821807 3.1224577 2.8360715 0.7206961 0.2828373 2.1348292 0.1419677 3.0699126 0.2881302 
n285_254   3.5198451 3.5119682 0.0000000 3.3096143 2.9653019 3.1134884 2.9910833 0.0557688 3.0388440 3.7301599 1.2205967 4.0721478 3.2544369 3.7028780 3.7730586 1.1608325 3.3028501 2.5960385 3.3158568 
n289_258   0.0449197 0.2667805 3.3096143 0.0000000 0.0485245 0.2725412 1.3253516 3.4336056 0.2838160 0.3368542 2.5926287 2.2528213 3.5571388 0.8019954 0.1513767 2.2118620 0.2893899 2.2206268 0.1596394 
n290_259   0.0556419 0.2712650 2.9653019 0.0485245 0.0000000 0.2880088 1.3504772 2.9782236 0.2933264 0.3305257 2.4630825 2.2796942 4.1295059 0.7643090 0.1642370 2.0172596 0.2989730 2.2176768 0.1768554 
n275_250   0.2836663 0.1053404 3.1134884 0.2725412 0.2880088 0.0000000 1.2095634 3.7181412 0.1430916 0.1422653 2.6508953 2.7594068 2.7339258 0.7100323 0.2949260 2.1608522 0.1474874 2.5313217 0.3006265 
n200_193   1.3573603 1.3883289 2.9910833 1.3253516 1.3504772 1.2095634 0.0000000 3.4607732 1.2664376 1.2910013 2.6436291 3.6739711 3.3937165 1.4058570 1.3110044 2.1975538 1.2918730 2.6417220 1.4206754 
n286_255   3.7080636 3.7243820 0.0557688 3.4336056 2.9782236 3.7181412 3.4607732 0.0000000 3.5577588 3.9871248 1.1831945 5.4273127 3.7184384 3.7939591 3.7999536 1.1408592 3.9723570 2.7681169 3.4540257 
n298_265   0.2778097 0.1376469 3.0388440 0.2838160 0.2933264 0.1430916 1.2664376 3.5577588 0.0000000 0.1759427 2.7524445 2.6876901 2.8872335 0.7236138 0.3005458 2.1288746 0.0169516 2.9200885 0.2957867 
n294_261   0.3308396 0.0449597 3.7301599 0.3368542 0.3305257 0.1422653 1.2910013 3.9871248 0.1759427 0.0000000 2.7687047 3.2956787 2.9014839 0.7377760 0.3548299 2.2677881 0.1805577 3.7837774 0.3491874 
n266_245   2.4149154 2.4821807 1.2205967 2.5926287 2.4630825 2.6508953 2.6436291 1.1831945 2.7524445 2.7687047 0.0000000 8.2283564 2.4753569 3.2225108 2.7266237 0.1878229 2.8552693 4.8918847 2.2816301 
n251_236   2.1466474 3.1224577 4.0721478 2.2528213 2.2796942 2.7594068 3.6739711 5.4273127 2.6876901 3.2956787 8.2283564 0.0000000 2.5389090 3.4938520 2.6786694 7.5634949 2.5494016 0.3769071 2.5269481 
n244_229   3.5931176 2.8360715 3.2544369 3.5571388 4.1295059 2.7339258 3.3937165 3.7184384 2.8872335 2.9014839 2.4753569 2.5389090 0.0000000 2.9577057 4.7774041 2.6206792 2.8028604 2.8539748 4.0135642 
n236_221   0.8118167 0.7206961 3.7028780 0.8019954 0.7643090 0.7100323 1.4058570 3.7939591 0.7236138 0.7377760 3.2225108 3.4938520 2.9577057 0.0000000 0.7789234 2.7039232 0.6944311 2.6115487 0.7387784 
n295_262   0.1469513 0.2828373 3.7730586 0.1513767 0.1642370 0.2949260 1.3110044 3.7999536 0.3005458 0.3548299 2.7266237 2.6786694 4.7774041 0.7789234 0.0000000 2.1313193 0.3066652 2.9848979 0.0521907 
n265_244   2.1682165 2.1348292 1.1608325 2.2118620 2.0172596 2.1608522 2.1975538 1.1408592 2.1288746 2.2677881 0.1878229 7.5634949 2.6206792 2.7039232 2.1313193 0.0000000 2.3048614 3.3780945 2.0852792 
n297_264   0.2833190 0.1419677 3.3028501 0.2893899 0.2989730 0.1474874 1.2918730 3.9723570 0.0169516 0.1805577 2.8552693 2.5494016 2.8028604 0.6944311 0.3066652 2.3048614 0.0000000 2.8196643 0.3014876 
n255_238   2.2515474 3.0699126 2.5960385 2.2206268 2.2176768 2.5313217 2.6417220 2.7681169 2.9200885 3.7837774 4.8918847 0.3769071 2.8539748 2.6115487 2.9848979 3.3780945 2.8196643 0.0000000 3.0555255 
n296_263   0.1592734 0.2881302 3.3158568 0.1596394 0.1768554 0.3006265 1.4206754 3.4540257 0.2957867 0.3491874 2.2816301 2.5269481 4.0135642 0.7387784 0.0521907 2.0852792 0.3014876 3.0555255 0.0000000 
