26
n277_278   0.0000000 3.5859799 2.0643078 3.1453071 2.0522333 0.5468287 5.6778457 1.8087661 0.1132482 0.5485971 2.5254412 1.6935336 1.8528723 1.5827296 1.9783185 0.4971390 0.5291921 1.9735747 1.9612034 4.6208605 2.1390443 2.4693807 1.6245751 5.1905734 1.6416965 0.5126812 
n286_287   3.5859799 0.0000000 1.7336298 0.0664641 2.3954810 2.1260134 3.2719762 1.8559633 2.9625729 1.8408054 1.9517797 1.9893272 2.1824034 2.1607287 2.3441620 1.9189047 1.9474976 1.7944916 2.2522975 3.4678253 1.0162117 1.0329956 2.1457247 3.6483602 1.9831136 1.9804042 
n296_297   2.0643078 1.7336298 0.0000000 1.6715857 0.2100812 2.4266385 3.1509204 0.3664674 2.0046513 2.4113769 0.6669608 0.3293810 0.1789291 0.3261468 0.9544056 2.4105693 2.5471187 0.0379532 0.1960095 3.5031479 1.7975270 1.7342818 0.3298582 4.5003074 0.3258733 2.4012897 
n285_286   3.1453071 0.0664641 1.6715857 0.0000000 2.2550645 2.1244764 3.7455311 1.7586960 2.7778092 1.9690575 1.8549209 1.7911083 2.0639142 2.0272355 2.2812382 1.9815446 2.0429324 1.7576122 2.1690748 3.4869704 1.0620613 1.0133003 1.9195094 4.4915200 1.9018988 2.0465852 
n289_290   2.0522333 2.3954810 0.2100812 2.2550645 0.0000000 2.4220033 4.0225158 0.4385120 2.0670353 2.6069279 0.7480646 0.3678962 0.0600426 0.4085076 1.0038746 2.4029943 2.6098928 0.2053420 0.0746914 4.7566754 2.1883888 2.0872426 0.3560595 5.5716960 0.3953334 2.3369258 
n274_275   0.5468287 2.1260134 2.4266385 2.1244764 2.4220033 0.0000000 4.0725031 1.8038144 0.5631341 0.1768229 2.2334241 1.9857938 2.4648806 1.7668505 2.4033664 0.1422302 0.1588119 2.2523721 2.4322872 6.4635209 1.9705830 1.8748512 1.9121358 4.5211261 1.8787269 0.1509085 
n255_256   5.6778457 3.2719762 3.1509204 3.7455311 4.0225158 4.0725031 0.0000000 3.2418717 5.0649976 3.6318155 3.3938615 3.6401110 3.3349289 3.3267883 2.9505092 3.5024860 2.9169528 3.2140162 3.8012657 4.2416987 3.1938766 2.6675571 4.1974630 0.3199436 3.6725665 3.9809762 
n275_276   1.8087661 1.8559633 0.3664674 1.7586960 0.4385120 1.8038144 3.2418717 0.0000000 1.8502047 1.9962871 0.6414364 0.1544386 0.3873736 0.1862558 0.9309489 1.7960938 2.0497497 0.3741705 0.3849150 3.4047269 1.5661661 1.5974358 0.1508741 3.7005743 0.1858321 1.8510171 
n278_279   0.1132482 2.9625729 2.0046513 2.7778092 2.0670353 0.5631341 5.0649976 1.8502047 0.0000000 0.5552190 2.6565878 1.7332157 1.8468822 1.5957526 2.0786914 0.5033266 0.5208596 1.9185340 1.9848484 9.0000000 2.0572565 2.0358377 1.6615579 4.1549190 1.6555363 0.5124287 
n299_300   0.5485971 1.8408054 2.4113769 1.9690575 2.6069279 0.1768229 3.6318155 1.9962871 0.5552190 0.0000000 2.5004196 2.0688706 2.5217903 1.8257639 2.3968487 0.0412775 0.1330972 2.3630562 2.3221415 3.8413225 1.7406475 1.8266378 2.0694910 3.8975238 1.9057498 0.0449088 
n236_237   2.5254412 1.9517797 0.6669608 1.8549209 0.7480646 2.2334241 3.3938615 0.6414364 2.6565878 2.5004196 0.0000000 0.6135121 0.7414564 0.6495578 1.2249152 2.2311688 2.1729445 0.6314372 0.7564629 2.9943689 1.5528079 1.5136912 0.6152132 5.7386641 0.6407175 2.3476289 
n293_294   1.6935336 1.9893272 0.3293810 1.7911083 0.3678962 1.9857938 3.6401110 0.1544386 1.7332157 2.0688706 0.6135121 0.0000000 0.3450734 0.1374958 0.8673179 1.8562666 2.0822784 0.3358988 0.3410685 3.1457483 1.4532687 1.4107120 0.0308802 3.3917840 0.1290526 1.8846184 
n290_291   1.8528723 2.1824034 0.1789291 2.0639142 0.0600426 2.4648806 3.3349289 0.3873736 1.8468822 2.5217903 0.7414564 0.3450734 0.0000000 0.3772328 0.9840025 2.4580142 2.5246782 0.1740585 0.0488219 3.7058751 2.3045838 2.1959003 0.3336068 4.0879085 0.3524477 2.3196618 
n297_298   1.5827296 2.1607287 0.3261468 2.0272355 0.4085076 1.7668505 3.3267883 0.1862558 1.5957526 1.8257639 0.6495578 0.1374958 0.3772328 0.0000000 0.9048075 1.7802060 1.8115028 0.3500901 0.3672422 3.2001584 1.5548610 1.5447123 0.1380832 3.2088644 0.0203487 1.7454654 
n200_201   1.9783185 2.3441620 0.9544056 2.2812382 1.0038746 2.4033664 2.9505092 0.9309489 2.0786914 2.3968487 1.2249152 0.8673179 0.9840025 0.9048075 0.0000000 2.4170516 2.3451218 0.9806837 0.9858544 3.4758775 1.7250494 1.6596887 0.8726114 3.4316620 0.9163149 2.3609918 
n292_293   0.4971390 1.9189047 2.4105693 1.9815446 2.4029943 0.1422302 3.5024860 1.7960938 0.5033266 0.0412775 2.2311688 1.8562666 2.4580142 1.7802060 2.4170516 0.0000000 0.1128001 2.2982671 2.2559522 4.5244013 1.7366756 1.7756440 1.8573707 3.8244267 1.8613190 0.0273010 
n280_281   0.5291921 1.9474976 2.5471187 2.0429324 2.6098928 0.1588119 2.9169528 2.0497497 0.5208596 0.1330972 2.1729445 2.0822784 2.5246782 1.8115028 2.3451218 0.1128001 0.0000000 2.3960667 2.4377608 4.4793490 1.6433899 1.7082737 2.0828566 3.9031980 1.8752439 0.1213255 
n295_296   1.9735747 1.7944916 0.0379532 1.7576122 0.2053420 2.2523721 3.2140162 0.3741705 1.9185340 2.3630562 0.6314372 0.3358988 0.1740585 0.3500901 0.9806837 2.2982671 2.3960667 0.0000000 0.1867913 3.4182397 1.7754235 1.7526436 0.3363864 4.2125725 0.3381120 2.3555666 
n287_288   1.9612034 2.2522975 0.1960095 2.1690748 0.0746914 2.4322872 3.8012657 0.3849150 1.9848484 2.3221415 0.7564629 0.3410685 0.0488219 0.3672422 0.9858544 2.2559522 2.4377608 0.1867913 0.0000000 4.5592213 2.3249094 2.2001820 0.3297684 4.5461071 0.3549559 2.2101929 
n244_245   4.6208605 3.4678253 3.5031479 3.4869704 4.7566754 6.4635209 4.2416987 3.4047269 9.0000000 3.8413225 2.9943689 3.1457483 3.7058751 3.2001584 3.4758775 4.5244013 4.4793490 3.4182397 4.5592213 0.0000000 6.0429660 5.1728520 3.3779836 3.1843815 3.2935931 3.7575093 
n265_266   2.1390443 1.0162117 1.7975270 1.0620613 2.1883888 1.9705830 3.1938766 1.5661661 2.0572565 1.7406475 1.5528079 1.4532687 2.3045838 1.5548610 1.7250494 1.7366756 1.6433899 1.7754235 2.3249094 6.0429660 0.0000000 0.1640318 1.4705945 4.1157635 1.6171399 1.8561630 
n266_267   2.4693807 1.0329956 1.7342818 1.0133003 2.0872426 1.8748512 2.6675571 1.5974358 2.0358377 1.8266378 1.5136912 1.4107120 2.1959003 1.5447123 1.6596887 1.7756440 1.7082737 1.7526436 2.2001820 5.1728520 0.1640318 0.0000000 1.4296073 3.0456072 1.5443385 1.9005511 
n294_295   1.6245751 2.1457247 0.3298582 1.9195094 0.3560595 1.9121358 4.1974630 0.1508741 1.6615579 2.0694910 0.6152132 0.0308802 0.3336068 0.1380832 0.8726114 1.8573707 2.0828566 0.3363864 0.3297684 3.3779836 1.4705945 1.4296073 0.0000000 3.7691427 0.1296005 1.8856705 
n251_252   5.1905734 3.6483602 4.5003074 4.4915200 5.5716960 4.5211261 0.3199436 3.7005743 4.1549190 3.8975238 5.7386641 3.3917840 4.0879085 3.2088644 3.4316620 3.8244267 3.9031980 4.2125725 4.5461071 3.1843815 4.1157635 3.0456072 3.7691427 0.0000000 3.3510446 3.9257609 
n298_299   1.6416965 1.9831136 0.3258733 1.9018988 0.3953334 1.8787269 3.6725665 0.1858321 1.6555363 1.9057498 0.6407175 0.1290526 0.3524477 0.0203487 0.9163149 1.8613190 1.8752439 0.3381120 0.3549559 3.2935931 1.6171399 1.5443385 0.1296005 3.3510446 0.0000000 1.7796383 
n300_301   0.5126812 1.9804042 2.4012897 2.0465852 2.3369258 0.1509085 3.9809762 1.8510171 0.5124287 0.0449088 2.3476289 1.8846184 2.3196618 1.7454654 2.3609918 0.0273010 0.1213255 2.3555666 2.2101929 3.7575093 1.8561630 1.9005511 1.8856705 3.9257609 1.7796383 0.0000000 
