24
n298_299   0.0000000 0.2856655 0.1656687 0.2857586 0.0557491 0.2710876 0.2708782 0.0100979 0.0272694 0.0630480 0.2957116 0.0484511 0.3480720 0.2761660 0.0556740 0.0741187 0.3539482 0.2960245 0.0135053 0.2757646 0.2811027 0.0484247 0.4427662 0.2858463 
n280_281   0.2856655 0.0000000 0.2865038 0.2271279 0.2859040 0.1998945 0.0134442 0.2708753 0.2960304 0.2911685 0.0924260 0.2705195 0.3041438 0.0168532 0.2806339 0.2862598 0.3041573 0.2412102 0.2760318 0.0168430 0.2088802 0.2703516 0.3697642 0.0887263 
n200_201   0.1656687 0.2865038 0.0000000 0.2765485 0.1700219 0.2765172 0.2766769 0.1531144 0.1743480 0.1701708 0.2963512 0.1488352 0.3538468 0.2668985 0.1656197 0.1617562 0.3651417 0.2917399 0.1574120 0.2816144 0.2814839 0.1487493 0.4307762 0.2969136 
n286_287   0.2857586 0.2271279 0.2765485 0.0000000 0.2758136 0.1401287 0.2180857 0.2807921 0.2958500 0.2759656 0.2177062 0.2655695 0.3419135 0.2183125 0.2706237 0.2910947 0.3476495 0.0100629 0.2860286 0.2226192 0.1482394 0.2654051 0.3705460 0.2134042 
n287_288   0.0557491 0.2859040 0.1700219 0.2758136 0.0000000 0.2661112 0.2711014 0.0449704 0.0630897 0.0169184 0.2959607 0.0237831 0.3535501 0.2763949 0.0100874 0.0854752 0.3594768 0.2909621 0.0485849 0.2759929 0.2709992 0.0237703 0.4431977 0.2912212 
n266_267   0.2710876 0.1998945 0.2765172 0.1401287 0.2661112 0.0000000 0.2045166 0.2615209 0.2863811 0.2712224 0.2129170 0.2610303 0.3264471 0.2047281 0.2609961 0.2666076 0.3374064 0.1525338 0.2666122 0.2089659 0.0237187 0.2608691 0.3878842 0.2178278 
n292_293   0.2708782 0.0134442 0.2766769 0.2180857 0.2711014 0.2045166 0.0000000 0.2563754 0.2810260 0.2762518 0.0849101 0.2560407 0.2990826 0.0100673 0.2659466 0.2714370 0.2990957 0.2319943 0.2614213 0.0033385 0.2089882 0.2558832 0.3642258 0.0812408 
n293_294   0.0100979 0.2708753 0.1531144 0.2807921 0.0449704 0.2615209 0.2563754 0.0000000 0.0169249 0.0521590 0.2807192 0.0377976 0.3319941 0.2615446 0.0449102 0.0630636 0.3377288 0.2909855 0.0033532 0.2611669 0.2663817 0.0377762 0.4244764 0.2760667 
n275_276   0.0272694 0.2960304 0.1743480 0.2958500 0.0630897 0.2863811 0.2810260 0.0169249 0.0000000 0.0704719 0.3062293 0.0556983 0.3537177 0.2864027 0.0630043 0.0816682 0.3596463 0.3062658 0.0203729 0.2859842 0.2914146 0.0556677 0.4428735 0.3014320 
n289_290   0.0630480 0.2911685 0.1701708 0.2759656 0.0169184 0.2712224 0.2762518 0.0521590 0.0704719 0.0000000 0.2962343 0.0272657 0.3589908 0.2815918 0.0134915 0.0893338 0.3649657 0.2911237 0.0558159 0.2811810 0.2761483 0.0272511 0.4493857 0.2914900 
n278_279   0.2957116 0.0924260 0.2963512 0.2177062 0.2959607 0.2129170 0.0849101 0.2807192 0.3062293 0.2962343 0.0000000 0.2854042 0.3351727 0.0887198 0.2906096 0.2860183 0.3407058 0.2315865 0.2859532 0.0886647 0.2174311 0.2852253 0.4040501 0.0236687 
n295_296   0.0484511 0.2705195 0.1488352 0.2655695 0.0237831 0.2610303 0.2560407 0.0377976 0.0556983 0.0272657 0.2854042 0.0000000 0.3474603 0.2612020 0.0203199 0.0741177 0.3533242 0.2804797 0.0413647 0.2608253 0.2658807 0.0067037 0.4362062 0.2807294 
n251_252   0.3480720 0.3041438 0.3538468 0.3419135 0.3535501 0.3264471 0.2990826 0.3319941 0.3537177 0.3589908 0.3351727 0.3474603 0.0000000 0.2994043 0.3586243 0.3376610 0.0340123 0.3585057 0.3376445 0.3041383 0.3372429 0.3472335 0.2588866 0.3248495 
n274_275   0.2761660 0.0168532 0.2668985 0.2183125 0.2763949 0.2047281 0.0100673 0.2615446 0.2864027 0.2815918 0.0887198 0.2612020 0.2994043 0.0000000 0.2711932 0.2767381 0.2994175 0.2322371 0.2666356 0.0134533 0.2092047 0.2610406 0.3646318 0.0850327 
n290_291   0.0556740 0.2806339 0.1656197 0.2706237 0.0100874 0.2609961 0.2659466 0.0449102 0.0630043 0.0134915 0.2906096 0.0203199 0.3586243 0.2711932 0.0000000 0.0816315 0.3645917 0.2856493 0.0485196 0.2708000 0.2658458 0.0203090 0.4489049 0.2859036 
n236_237   0.0741187 0.2862598 0.1617562 0.2910947 0.0854752 0.2666076 0.2714370 0.0630636 0.0816682 0.0893338 0.2860183 0.0741177 0.3376610 0.2767381 0.0816315 0.0000000 0.3433231 0.3065855 0.0667846 0.2763352 0.2715059 0.0740766 0.4187516 0.2813330 
n255_256   0.3539482 0.3041573 0.3651417 0.3476495 0.3594768 0.3374064 0.2990957 0.3377288 0.3596463 0.3649657 0.3407058 0.3533242 0.0340123 0.2994175 0.3645917 0.3433231 0.0000000 0.3643894 0.3434329 0.3041518 0.3483784 0.3530924 0.2636779 0.3303029 
n285_286   0.2960245 0.2412102 0.2917399 0.0100629 0.2909621 0.1525338 0.2319943 0.2909855 0.3062658 0.2911237 0.2315865 0.2804797 0.3585057 0.2322371 0.2856493 0.3065855 0.3643894 0.0000000 0.2963059 0.2366172 0.1607850 0.2803044 0.3878571 0.2272117 
n294_295   0.0135053 0.2760318 0.1574120 0.2860286 0.0485849 0.2666122 0.2614213 0.0033532 0.0203729 0.0558159 0.2859532 0.0413647 0.3376445 0.2666356 0.0485196 0.0667846 0.3434329 0.2963059 0.0000000 0.2662494 0.2715107 0.0413422 0.4309712 0.2812687 
n300_301   0.2757646 0.0168430 0.2816144 0.2226192 0.2759929 0.2089659 0.0033385 0.2611669 0.2859842 0.2811810 0.0886647 0.2608253 0.3041383 0.0134533 0.2708000 0.2763352 0.3041518 0.2366172 0.2662494 0.0000000 0.2134649 0.2606643 0.3697677 0.0849799 
n265_266   0.2811027 0.2088802 0.2814839 0.1482394 0.2709992 0.0237187 0.2089882 0.2663817 0.2914146 0.2761483 0.2174311 0.2658807 0.3372429 0.2092047 0.2658458 0.2715059 0.3483784 0.1607850 0.2715107 0.2134649 0.0000000 0.2657159 0.3938755 0.2223794 
n296_297   0.0484247 0.2703516 0.1487493 0.2654051 0.0237703 0.2608691 0.2558832 0.0377762 0.0556677 0.0272511 0.2852253 0.0067037 0.3472335 0.2610406 0.0203090 0.0740766 0.3530924 0.2803044 0.0413422 0.2606643 0.2657159 0.0000000 0.4359015 0.2805538 
n244_245   0.4427662 0.3697642 0.4307762 0.3705460 0.4431977 0.3878842 0.3642258 0.4244764 0.4428735 0.4493857 0.4040501 0.4362062 0.2588866 0.3646318 0.4489049 0.4187516 0.2636779 0.3878571 0.4309712 0.3697677 0.3938755 0.4359015 0.0000000 0.4047110 
n277_278   0.2858463 0.0887263 0.2969136 0.2134042 0.2912212 0.2178278 0.0812408 0.2760667 0.3014320 0.2914900 0.0236687 0.2807294 0.3248495 0.0850327 0.2859036 0.2813330 0.3303029 0.2272117 0.2812687 0.0849799 0.2223794 0.2805538 0.4047110 0.0000000 
