22
n298_299   0.0000000 0.2696041 0.1348518 0.2281755 0.0237010 0.2283535 0.2650412 0.0202748 0.0066948 0.2417111 0.0306114 0.3833832 0.2943304 0.0340949 0.0735478 0.3448973 0.2370173 0.0168563 0.2373355 0.0271480 0.4124996 0.2416178 
n280_281   0.2696041 0.0000000 0.2945406 0.2848747 0.2697178 0.2801408 0.0066923 0.2792394 0.2695020 0.0588308 0.2746094 0.4350392 0.0271564 0.2745369 0.2797969 0.4111565 0.2943713 0.2744079 0.2945483 0.2744854 0.4412288 0.0552399 
n200_201   0.1348518 0.2945406 0.0000000 0.2896694 0.1469505 0.3047711 0.2898299 0.1510090 0.1348068 0.2656818 0.1551022 0.4729697 0.3202055 0.1510406 0.1550933 0.4352629 0.2992217 0.1469313 0.3097820 0.1510120 0.4612881 0.2655763 
n286_287   0.2281755 0.2848747 0.2896694 0.0000000 0.2327320 0.1387967 0.2802158 0.2371427 0.2280925 0.2656964 0.2373823 0.4247145 0.3151273 0.2465159 0.2701676 0.3947995 0.0168387 0.2325714 0.1428028 0.2372776 0.4423021 0.2513995 
n287_288   0.0237010 0.2697178 0.1469505 0.2327320 0.0000000 0.2420584 0.2651520 0.0375933 0.0236939 0.2556911 0.0134521 0.3835817 0.2944600 0.0100694 0.0846807 0.3557665 0.2416251 0.0340941 0.2512023 0.0100673 0.4301865 0.2555912 
n266_267   0.2283535 0.2801408 0.3047711 0.1387967 0.2420584 0.0000000 0.2802192 0.2560007 0.2373541 0.2610723 0.2467721 0.4130620 0.3102077 0.2560244 0.2800003 0.3673712 0.1467183 0.2513079 0.0237006 0.2466628 0.4249803 0.2563571 
n292_293   0.2650412 0.0066923 0.2898299 0.2802158 0.2651520 0.2802192 0.0000000 0.2746237 0.2649414 0.0624336 0.2700155 0.4294613 0.0271631 0.2699446 0.2751694 0.4057427 0.2896629 0.2698189 0.2898374 0.2698940 0.4356089 0.0588258 
n293_294   0.0202748 0.2792394 0.1510090 0.2371427 0.0375933 0.2560007 0.2746237 0.0000000 0.0202687 0.2603558 0.0446330 0.4059665 0.3043023 0.0481843 0.0847127 0.3663116 0.2555384 0.0033408 0.2653097 0.0411042 0.4360065 0.2602538 
n275_276   0.0066948 0.2695020 0.1348068 0.2280925 0.0236939 0.2373541 0.2649414 0.0202687 0.0000000 0.2416220 0.0306021 0.3832223 0.2942167 0.0340846 0.0735247 0.3447573 0.2369302 0.0168512 0.2464380 0.0271398 0.4123214 0.2415287 
n278_279   0.2417111 0.0588308 0.2656818 0.2656964 0.2556911 0.2610723 0.0624336 0.2603558 0.2416220 0.0000000 0.2603276 0.4176124 0.0845238 0.2604227 0.2560550 0.3940043 0.2749722 0.2556412 0.2751342 0.2603737 0.4177700 0.0168426 
n295_296   0.0306114 0.2746094 0.1551022 0.2373823 0.0134521 0.2467721 0.2700155 0.0446330 0.0306021 0.2603276 0.0000000 0.3892975 0.2995288 0.0237040 0.0921840 0.3612603 0.2372163 0.0411012 0.2559746 0.0100690 0.4362829 0.2602255 
n251_252   0.3833832 0.4350392 0.4729697 0.4247145 0.3835817 0.4130620 0.4294613 0.4059665 0.3832223 0.4176124 0.3892975 0.0000000 0.4659354 0.3891966 0.4001988 0.0482155 0.4302905 0.4002407 0.4016023 0.3837130 0.3571280 0.4293118 
n274_275   0.2943304 0.0271564 0.3202055 0.3151273 0.2944600 0.3102077 0.0271631 0.3043023 0.2942167 0.0845238 0.2995288 0.4659354 0.0000000 0.2994475 0.2998727 0.4410258 0.3249975 0.2993005 0.3252000 0.2993918 0.4596397 0.0808059 
n290_291   0.0340949 0.2745369 0.1510406 0.2465159 0.0100694 0.2560244 0.2699446 0.0481843 0.0340846 0.2604227 0.0237040 0.3891966 0.2994475 0.0000000 0.0884383 0.3611721 0.2510037 0.0446356 0.2653354 0.0202715 0.4361606 0.2603206 
n236_237   0.0735478 0.2797969 0.1550933 0.2701676 0.0846807 0.2800003 0.2751694 0.0847127 0.0735247 0.2560550 0.0921840 0.4001988 0.2998727 0.0884383 0.0000000 0.3719483 0.2794871 0.0809803 0.2896095 0.0884216 0.4301447 0.2559553 
n255_256   0.3448973 0.4111565 0.4352629 0.3947995 0.3557665 0.3673712 0.4057427 0.3663116 0.3447573 0.3940043 0.3612603 0.0482155 0.4410258 0.3611721 0.3719483 0.0000000 0.4001637 0.3608863 0.3565921 0.3558861 0.3200088 0.4053268 
n285_286   0.2370173 0.2943713 0.2992217 0.0168387 0.2416251 0.1467183 0.2896629 0.2555384 0.2369302 0.2749722 0.2372163 0.4302905 0.3249975 0.2510037 0.2794871 0.4001637 0.0000000 0.2508554 0.1507627 0.2371115 0.4479940 0.2652615 
n294_295   0.0168563 0.2744079 0.1469313 0.2325714 0.0340941 0.2513079 0.2698189 0.0033408 0.0168512 0.2556412 0.0411012 0.4002407 0.2993005 0.0446356 0.0809803 0.3608863 0.2508554 0.0000000 0.2605603 0.0375891 0.4300433 0.2555414 
n265_266   0.2373355 0.2945483 0.3097820 0.1428028 0.2512023 0.0237006 0.2898374 0.2653097 0.2464380 0.2751342 0.2559746 0.4016023 0.3252000 0.2653354 0.2896095 0.3565921 0.1507627 0.2605603 0.0000000 0.2558605 0.4131285 0.2703339 
n296_297   0.0271480 0.2744854 0.1510120 0.2372776 0.0100673 0.2466628 0.2698940 0.0411042 0.0271398 0.2603737 0.0100690 0.3837130 0.2993918 0.0202715 0.0884216 0.3558861 0.2371115 0.0375891 0.2558605 0.0000000 0.4303362 0.2602717 
n244_245   0.4124996 0.4412288 0.4612881 0.4423021 0.4301865 0.4249803 0.4356089 0.4360065 0.4123214 0.4177700 0.4362829 0.3571280 0.4596397 0.4361606 0.4301447 0.3200088 0.4479940 0.4300433 0.4131285 0.4303362 0.0000000 0.4180420 
n277_278   0.2416178 0.0552399 0.2655763 0.2513995 0.2555912 0.2563571 0.0588258 0.2602538 0.2415287 0.0168426 0.2602255 0.4293118 0.0808059 0.2603206 0.2559553 0.4053268 0.2652615 0.2555414 0.2703339 0.2602717 0.4180420 0.0000000 
