26
n277_278   0.0000000 2.0817920 1.9718300 2.1375068 2.1459565 0.5855473 3.0097338 2.3067292 0.1520213 0.5901694 1.9952087 2.8786536 2.2060602 2.1315396 1.9313272 0.5870073 0.6103779 2.0651031 2.0123085 3.2179221 2.6132643 2.2707915 3.4420933 3.8231786 2.2151044 0.5972785 
n286_287   2.0817920 0.0000000 2.3503550 0.0702423 3.4847583 1.7444081 2.1239305 1.9867932 2.1386507 1.9320646 2.0259030 2.0181794 3.0180827 2.1917999 1.5452350 1.8476138 1.6777188 2.6484031 3.3640152 2.3479438 0.9164150 0.9111025 2.0976608 2.7276980 2.0813226 1.9431065 
n296_297   1.9718300 2.3503550 0.0000000 2.5137939 0.1448952 1.9331894 2.7218165 0.2963282 1.6939988 1.9244958 0.5525111 0.2997364 0.1407454 0.2662259 0.9183521 1.7986193 1.9179606 0.0449748 0.1165940 2.0983756 2.5021195 2.3066717 0.3166274 2.8228000 0.2799072 1.8920860 
n285_286   2.1375068 0.0702423 2.5137939 0.0000000 3.8531612 1.7929870 2.1808394 2.2050358 2.2662204 1.9929044 2.0582672 2.1858092 3.2604751 2.3402864 1.5149531 1.9028232 1.6323796 2.8708786 3.6594596 2.3030743 0.9130606 0.9088845 2.2057568 2.4251758 2.2846477 2.0051906 
n289_290   2.1459565 3.4847583 0.1448952 3.8531612 0.0000000 2.0204135 2.3164806 0.3231992 1.8773674 1.9904389 0.6016484 0.3372641 0.0484281 0.3065686 1.0381190 1.8682873 2.1681251 0.1574472 0.0413909 2.8170068 2.8182719 2.8576399 0.3547470 2.5851826 0.3268022 1.9559717 
n274_275   0.5855473 1.7444081 1.9331894 1.7929870 2.0204135 0.0000000 2.3507606 2.0344143 0.5897567 0.1112070 1.6386234 2.2361554 2.0530213 2.1984964 1.7104120 0.0956329 0.1425976 2.0591220 1.9577519 3.5404627 2.0370187 1.8523362 2.2971250 3.0749280 2.0769565 0.1149468 
n255_256   3.0097338 2.1239305 2.7218165 2.1808394 2.3164806 2.3507606 0.0000000 2.2267761 2.7635406 2.7406385 2.6820651 2.6588685 2.2509954 2.6131935 2.5356136 2.6222148 2.0650030 2.5459643 2.3299116 1.9092394 2.1366856 2.1730068 2.5421563 0.3010575 2.6677466 2.7058958 
n275_276   2.3067292 1.9867932 0.2963282 2.2050358 0.3231992 2.0344143 2.2267761 0.0000000 2.1384439 2.0172087 0.6066748 0.1474703 0.3288226 0.1400090 0.9268969 1.8832874 2.0017776 0.3064887 0.3069974 3.3666140 2.2383128 2.1791944 0.1522574 2.7801554 0.1562457 2.0245424 
n278_279   0.1520213 2.1386507 1.6939988 2.2662204 1.8773674 0.5897567 2.7635406 2.1384439 0.0000000 0.5932395 1.7464325 2.4125505 1.8128471 1.9236298 1.8330196 0.5900435 0.6187689 1.7599311 1.7743885 3.7859422 2.1276883 1.9927156 2.6811491 2.7609227 1.9991326 0.5925187 
n299_300   0.5901694 1.9320646 1.9244958 1.9929044 1.9904389 0.1112070 2.7406385 2.0172087 0.5932395 0.0000000 1.7147458 2.0511989 2.0658107 2.0474148 1.8778234 0.0338837 0.1188720 2.0056860 1.9695254 2.7422079 2.2864001 2.0535890 2.1392983 3.5829747 1.9799654 0.0167382 
n236_237   1.9952087 2.0259030 0.5525111 2.0582672 0.6016484 1.6386234 2.6820651 0.6066748 1.7464325 1.7147458 0.0000000 0.6643003 0.6149718 0.5750689 0.9315188 1.6457103 1.7017204 0.5836105 0.5991704 1.9177424 2.0564540 1.8333608 0.6848720 4.5218851 0.5862633 1.7151119 
n293_294   2.8786536 2.0181794 0.2997364 2.1858092 0.3372641 2.2361554 2.6588685 0.1474703 2.4125505 2.0511989 0.6643003 0.0000000 0.3362613 0.1553674 0.9540918 1.9354903 2.0072020 0.3150322 0.3150939 2.4495104 2.2641196 2.1348896 0.0518425 3.4466073 0.1720526 1.9680809 
n290_291   2.2060602 3.0180827 0.1407454 3.2604751 0.0484281 2.0530213 2.2509954 0.3288226 1.8128471 2.0658107 0.6149718 0.3362613 0.0000000 0.3010376 1.0703226 1.9882105 2.0565214 0.1532171 0.0485082 2.9094902 2.6921578 2.5937171 0.3379428 2.5508229 0.3261533 2.0292049 
n297_298   2.1315396 2.1917999 0.2662259 2.3402864 0.3065686 2.1984964 2.6131935 0.1400090 1.9236298 2.0474148 0.5750689 0.1553674 0.3010376 0.0000000 0.9256518 1.9397301 1.9196406 0.2715052 0.2755581 2.4366738 2.1510462 2.1769287 0.1645549 2.7221711 0.0480153 1.9669112 
n200_201   1.9313272 1.5452350 0.9183521 1.5149531 1.0381190 1.7104120 2.5356136 0.9268969 1.8330196 1.8778234 0.9315188 0.9540918 1.0703226 0.9256518 0.0000000 1.8201727 1.9028751 0.9816114 1.0277039 2.5730736 1.6700138 1.6108219 0.9843868 2.7947939 0.9115269 1.9228251 
n292_293   0.5870073 1.8476138 1.7986193 1.9028232 1.8682873 0.0956329 2.6222148 1.8832874 0.5900435 0.0338837 1.6457103 1.9354903 1.9882105 1.9397301 1.8201727 0.0000000 0.1069716 1.8690522 1.8512722 2.8697424 2.0737614 1.9162542 2.0186237 3.4012287 1.8451928 0.0373159 
n280_281   0.6103779 1.6777188 1.9179606 1.6323796 2.1681251 0.1425976 2.0650030 2.0017776 0.6187689 0.1188720 1.7017204 2.0072020 2.0565214 1.9196406 1.9028751 0.1069716 0.0000000 1.9565755 2.0240177 2.6582461 2.2277215 2.0659082 1.9896696 2.8087328 1.9677417 0.1226388 
n295_296   2.0651031 2.6484031 0.0449748 2.8708786 0.1574472 2.0591220 2.5459643 0.3064887 1.7599311 2.0056860 0.5836105 0.3150322 0.1532171 0.2715052 0.9816114 1.8690522 1.9565755 0.0000000 0.1286430 2.0411561 2.4038477 2.3375026 0.3374664 2.4176222 0.2904446 1.9311971 
n287_288   2.0123085 3.3640152 0.1165940 3.6594596 0.0413909 1.9577519 2.3299116 0.3069974 1.7743885 1.9695254 0.5991704 0.3150939 0.0485082 0.2755581 1.0277039 1.8512722 2.0240177 0.1286430 0.0000000 2.7596395 2.6433744 2.6822376 0.3266820 2.7830866 0.2949793 1.9361138 
n244_245   3.2179221 2.3479438 2.0983756 2.3030743 2.8170068 3.5404627 1.9092394 3.3666140 3.7859422 2.7422079 1.9177424 2.4495104 2.9094902 2.4366738 2.5730736 2.8697424 2.6582461 2.0411561 2.7596395 0.0000000 3.1137468 2.9952231 2.7394654 1.8107197 2.4544450 2.9863151 
n265_266   2.6132643 0.9164150 2.5021195 0.9130606 2.8182719 2.0370187 2.1366856 2.2383128 2.1276883 2.2864001 2.0564540 2.2641196 2.6921578 2.1510462 1.6700138 2.0737614 2.2277215 2.4038477 2.6433744 3.1137468 0.0000000 0.1169264 2.3114863 1.9951212 2.0535480 2.2090555 
n266_267   2.2707915 0.9111025 2.3066717 0.9088845 2.8576399 1.8523362 2.1730068 2.1791944 1.9927156 2.0535890 1.8333608 2.1348896 2.5937171 2.1769287 1.6108219 1.9162542 2.0659082 2.3375026 2.6822376 2.9952231 0.1169264 0.0000000 2.1715448 2.1144772 2.1613587 1.9860610 
n294_295   3.4420933 2.0976608 0.3166274 2.2057568 0.3547470 2.2971250 2.5421563 0.1522574 2.6811491 2.1392983 0.6848720 0.0518425 0.3379428 0.1645549 0.9843868 2.0186237 1.9896696 0.3374664 0.3266820 2.7394654 2.3114863 2.1715448 0.0000000 5.0434828 0.1815328 2.0321196 
n251_252   3.8231786 2.7276980 2.8228000 2.4251758 2.5851826 3.0749280 0.3010575 2.7801554 2.7609227 3.5829747 4.5218851 3.4466073 2.5508229 2.7221711 2.7947939 3.4012287 2.8087328 2.4176222 2.7830866 1.8107197 1.9951212 2.1144772 5.0434828 0.0000000 2.8681484 3.4671465 
n298_299   2.2151044 2.0813226 0.2799072 2.2846477 0.3268022 2.0769565 2.6677466 0.1562457 1.9991326 1.9799654 0.5862633 0.1720526 0.3261533 0.0480153 0.9115269 1.8451928 1.9677417 0.2904446 0.2949793 2.4544450 2.0535480 2.1613587 0.1815328 2.8681484 0.0000000 1.9040088 
n300_301   0.5972785 1.9431065 1.8920860 2.0051906 1.9559717 0.1149468 2.7058958 2.0245424 0.5925187 0.0167382 1.7151119 1.9680809 2.0292049 1.9669112 1.9228251 0.0373159 0.1226388 1.9311971 1.9361138 2.9863151 2.2090555 1.9860610 2.0321196 3.4671465 1.9040088 0.0000000 
