21
n294_297   0.0000000 0.2907469 0.2916375 0.3821921 0.2967107 0.0411951 0.0066994 0.3019983 0.2861533 0.0482295 0.2916859 0.0134899 0.4131048 0.1512194 0.0067150 0.0376405 0.0203573 0.3889934 0.2962802 0.2858697 0.0775893 
n274_277   0.2907469 0.0000000 0.0168729 0.4392092 0.3215263 0.3262638 0.3005840 0.0519310 0.0066965 0.3260481 0.2951192 0.2959343 0.4220152 0.3404477 0.3013698 0.3207657 0.3064576 0.4349444 0.3155931 0.0447114 0.3121459 
n280_283   0.2916375 0.0168729 0.0000000 0.4525461 0.3219186 0.3272923 0.3015118 0.0628277 0.0168737 0.3270751 0.3006797 0.2968451 0.4280711 0.3518749 0.3023023 0.3217714 0.3074099 0.4482330 0.3213503 0.0519354 0.3231629 
n255_258   0.3821921 0.4392092 0.4525461 0.0000000 0.3851079 0.4045694 0.3933407 0.4521704 0.4337691 0.3981487 0.3629745 0.3939063 0.3125212 0.4344743 0.3884277 0.3983818 0.4060929 0.0411203 0.3795981 0.4329819 0.3821567 
n285_288   0.2967107 0.3215263 0.3219186 0.3851079 0.0000000 0.3217973 0.3066469 0.3374738 0.3113434 0.3216115 0.1353235 0.3019533 0.3944530 0.3171708 0.3074521 0.3163301 0.3125940 0.3980042 0.1515302 0.3211104 0.3172785 
n296_299   0.0411951 0.3262638 0.3272923 0.4045694 0.3217973 0.0000000 0.0447401 0.3322284 0.3214823 0.0272156 0.3063756 0.0555580 0.4368220 0.1675215 0.0447644 0.0168980 0.0628970 0.4116207 0.3110419 0.3153752 0.0924831 
n275_278   0.0066994 0.3005840 0.3015118 0.3933407 0.3066469 0.0447401 0.0000000 0.3120143 0.2959403 0.0553634 0.2913249 0.0203210 0.4247648 0.1512756 0.0134868 0.0446788 0.0237807 0.4002675 0.2959131 0.2956435 0.0850315 
n277_280   0.3019983 0.0519310 0.0628277 0.4521704 0.3374738 0.3322284 0.3120143 0.0000000 0.0519336 0.3320071 0.3109411 0.3072879 0.4346776 0.3359990 0.3128362 0.3266740 0.3180209 0.4478649 0.3209946 0.0272202 0.3127992 
n299_302   0.2861533 0.0066965 0.0168737 0.4337691 0.3113434 0.3214823 0.2959403 0.0519336 0.0000000 0.3212706 0.2853037 0.2913111 0.4166759 0.3356069 0.2967132 0.3160177 0.3017735 0.4295153 0.3055013 0.0447136 0.3074251 
n287_290   0.0482295 0.3260481 0.3270751 0.3981487 0.3216115 0.0272156 0.0553634 0.3320071 0.3212706 0.0000000 0.3063641 0.0627251 0.4364940 0.1592548 0.0554945 0.0100877 0.0701373 0.4051165 0.3110300 0.3203238 0.0961384 
n266_269   0.2916859 0.2951192 0.3006797 0.3629745 0.1353235 0.3063756 0.2913249 0.3109411 0.2853037 0.3063641 0.0000000 0.2812408 0.3865172 0.2965543 0.3023498 0.3058949 0.2915409 0.3753316 0.0168462 0.2899659 0.3068071 
n297_300   0.0134899 0.2959343 0.2968451 0.3939063 0.3019533 0.0555580 0.0203210 0.3072879 0.2913111 0.0627251 0.2812408 0.0000000 0.4135986 0.1595903 0.0203685 0.0519145 0.0067115 0.4008465 0.2857742 0.2910204 0.0927901 
n244_247   0.4131048 0.4220152 0.4280711 0.3125212 0.3944530 0.4368220 0.4247648 0.4346776 0.4166759 0.4364940 0.3865172 0.4135986 0.0000000 0.4473961 0.4259426 0.4188722 0.4261854 0.2972413 0.4037424 0.4218893 0.4145076 
n200_203   0.1512194 0.3404477 0.3518749 0.4344743 0.3171708 0.1675215 0.1512756 0.3359990 0.3356069 0.1592548 0.2965543 0.1595903 0.4473961 0.0000000 0.1597825 0.1632051 0.1594235 0.4418797 0.3058525 0.3242745 0.1558227 
n293_296   0.0067150 0.3013698 0.3023023 0.3884277 0.3074521 0.0447644 0.0134868 0.3128362 0.2967132 0.0554945 0.3023498 0.0203685 0.4259426 0.1597825 0.0000000 0.0447842 0.0273245 0.3953069 0.3070075 0.2964148 0.0852365 
n290_293   0.0376405 0.3207657 0.3217714 0.3983818 0.3163301 0.0168980 0.0446788 0.3266740 0.3160177 0.0100877 0.3058949 0.0519145 0.4188722 0.1632051 0.0447842 0.0000000 0.0592067 0.4053556 0.3105530 0.3099742 0.0886241 
n298_301   0.0203573 0.3064576 0.3074099 0.4060929 0.3125940 0.0628970 0.0237807 0.3180209 0.3017735 0.0701373 0.2915409 0.0067115 0.4261854 0.1594235 0.0273245 0.0592067 0.0000000 0.4131825 0.2961329 0.3014680 0.1005813 
n251_254   0.3889934 0.4349444 0.4482330 0.0411203 0.3980042 0.4116207 0.4002675 0.4478649 0.4295153 0.4051165 0.3753316 0.4008465 0.2972413 0.4418797 0.3953069 0.4053556 0.4131825 0.0000000 0.3922849 0.4287380 0.3889550 
n265_268   0.2962802 0.3155931 0.3213503 0.3795981 0.1515302 0.3110419 0.2959131 0.3209946 0.3055013 0.3110300 0.0168462 0.2857742 0.4037424 0.3058525 0.3070075 0.3105530 0.2961329 0.3922849 0.0000000 0.2997201 0.3114803 
n278_281   0.2858697 0.0447114 0.0519354 0.4329819 0.3211104 0.3153752 0.2956435 0.0272202 0.0447136 0.3203238 0.2899659 0.2910204 0.4218893 0.3242745 0.2964148 0.3099742 0.3014680 0.4287380 0.2997201 0.0000000 0.2963801 
n236_239   0.0775893 0.3121459 0.3231629 0.3821567 0.3172785 0.0924831 0.0850315 0.3127992 0.3074251 0.0961384 0.3068071 0.0927901 0.4145076 0.1558227 0.0852365 0.0886241 0.1005813 0.3889550 0.3114803 0.2963801 0.0000000 
