25
n298_299   0.0000000 0.3101796 0.1779169 0.3352996 0.0415139 0.3276947 0.3101257 0.0135523 0.0135615 0.0449989 0.0067394 0.2896619 0.0308319 0.3819962 0.3003579 0.0450327 0.0967034 0.3769661 0.3406623 0.0067446 0.3202894 0.3371953 0.0344069 0.4167374 0.3157854 
n280_281   0.3101796 0.0000000 0.2922901 0.2911901 0.3091748 0.2833405 0.0099582 0.3148612 0.3151094 0.3135562 0.3001186 0.0582741 0.2995961 0.3872880 0.0234601 0.3138388 0.2608478 0.3549939 0.3006852 0.3047296 0.0166706 0.2970135 0.3044374 0.3554896 0.0548492 
n200_201   0.1779169 0.2922901 0.0000000 0.3293221 0.1815381 0.3163827 0.2922377 0.1819937 0.1821302 0.1770645 0.1777527 0.2631195 0.1727470 0.4066142 0.2827556 0.1856189 0.1557684 0.3905488 0.3346307 0.1734381 0.3020866 0.3203474 0.1729056 0.4023095 0.2880687 
n286_287   0.3352996 0.2911901 0.3293221 0.0000000 0.3391254 0.1629255 0.2814182 0.3401141 0.3403843 0.3436295 0.3295914 0.2803022 0.3345506 0.4444159 0.2809323 0.3439466 0.3047512 0.4221718 0.0066696 0.3296400 0.2910912 0.1627928 0.3293233 0.4279545 0.2762961 
n287_288   0.0415139 0.3091748 0.1815381 0.3391254 0.0000000 0.3315289 0.3091211 0.0451448 0.0451767 0.0067376 0.0414803 0.2887373 0.0169725 0.3806912 0.2993898 0.0067425 0.1001808 0.3756815 0.3444999 0.0380152 0.3192452 0.3410406 0.0169868 0.4271317 0.3147573 
n266_267   0.3276947 0.2833405 0.3163827 0.1629255 0.3315289 0.0000000 0.2736194 0.3220646 0.3327639 0.3360288 0.3220162 0.2823552 0.3262988 0.4432423 0.2731454 0.3363390 0.2979679 0.4199536 0.1710832 0.3220646 0.2738644 0.0202705 0.3164683 0.4196979 0.2783194 
n292_293   0.3101257 0.0099582 0.2922377 0.2814182 0.3091211 0.2736194 0.0000000 0.3148071 0.3150552 0.3135023 0.3000653 0.0546412 0.2995430 0.3811407 0.0200353 0.3137847 0.2607978 0.3491307 0.2907969 0.3046760 0.0066139 0.2871387 0.3043840 0.3611041 0.0512290 
n293_294   0.0135523 0.3148612 0.1819937 0.3401141 0.0451448 0.3220646 0.3148071 0.0000000 0.0135615 0.0486452 0.0135418 0.2942312 0.0343869 0.3808774 0.3049915 0.0486818 0.1004278 0.3758643 0.3455067 0.0067446 0.3250250 0.3314964 0.0379910 0.4287433 0.3205036 
n275_276   0.0135615 0.3151094 0.1821302 0.3403843 0.0451767 0.3327639 0.3150552 0.0135615 0.0000000 0.0486795 0.0135510 0.2944605 0.0344110 0.3874277 0.2947533 0.0487163 0.1005002 0.3823681 0.3457828 0.0067492 0.3252823 0.3423136 0.0380177 0.4291040 0.3207572 
n289_290   0.0449989 0.3135562 0.1770645 0.3436295 0.0067376 0.3360288 0.3135023 0.0486452 0.0486795 0.0000000 0.0449624 0.2930295 0.0169602 0.3854153 0.3037340 0.0067376 0.1038264 0.3803867 0.3490280 0.0414944 0.3236688 0.3455709 0.0169735 0.4321276 0.3191683 
n297_298   0.0067394 0.3001186 0.1777527 0.3295914 0.0414803 0.3220162 0.3000653 0.0135418 0.0135510 0.0449624 0.0000000 0.2798846 0.0308073 0.3708548 0.2904199 0.0449961 0.0966210 0.3658892 0.3349067 0.0067394 0.3100919 0.3314475 0.0343793 0.4114152 0.3056346 
n278_279   0.2896619 0.0582741 0.2631195 0.2803022 0.2887373 0.2823552 0.0546412 0.2942312 0.2944605 0.2930295 0.2798846 0.0000000 0.2794032 0.3813149 0.0617467 0.2932896 0.2507339 0.3547635 0.2896404 0.2843877 0.0617575 0.2959769 0.2841161 0.3439519 0.0166912 
n295_296   0.0308319 0.2995961 0.1727470 0.3345506 0.0169725 0.3262988 0.2995430 0.0343869 0.0344110 0.0169602 0.0308073 0.2794032 0.0000000 0.3701854 0.2899168 0.0169725 0.0924164 0.3652297 0.3398992 0.0273785 0.3095500 0.3357557 0.0067444 0.4159070 0.3051014 
n251_252   0.3819962 0.3872880 0.4066142 0.4444159 0.3806912 0.4432423 0.3811407 0.3808774 0.3874277 0.3854153 0.3708548 0.3813149 0.3701854 0.0000000 0.3754505 0.3857852 0.3745933 0.0446268 0.4505890 0.3758801 0.3922442 0.4530124 0.3755130 0.3152361 0.3876695 
n274_275   0.3003579 0.0234601 0.2827556 0.2809323 0.2993898 0.2731454 0.0200353 0.3049915 0.2947533 0.3037340 0.2904199 0.0617467 0.2899168 0.3754505 0.0000000 0.3040068 0.2516237 0.3436775 0.2902939 0.2949849 0.0268336 0.2866408 0.2947026 0.3554841 0.0583192 
n290_291   0.0450327 0.3138388 0.1856189 0.3439466 0.0067425 0.3363390 0.3137847 0.0486818 0.0487163 0.0067376 0.0449961 0.2932896 0.0169725 0.3857852 0.3040068 0.0000000 0.1039073 0.3807507 0.3493514 0.0415255 0.3239626 0.3458919 0.0169868 0.4205378 0.3194579 
n236_237   0.0967034 0.2608478 0.1557684 0.3047512 0.1001808 0.2979679 0.2607978 0.1004278 0.1005002 0.1038264 0.0966210 0.2507339 0.0924164 0.3745933 0.2516237 0.1039073 0.0000000 0.3590907 0.3098968 0.0927790 0.2702991 0.3019054 0.0924948 0.3757779 0.2753553 
n255_256   0.3769661 0.3549939 0.3905488 0.4221718 0.3756815 0.4199536 0.3491307 0.3758643 0.3823681 0.3803867 0.3658892 0.3547635 0.3652297 0.0446268 0.3436775 0.3807507 0.3590907 0.0000000 0.4281779 0.3708908 0.3597793 0.4295191 0.3705287 0.2898550 0.3608617 
n285_286   0.3406623 0.3006852 0.3346307 0.0066696 0.3444999 0.1710832 0.2907969 0.3455067 0.3457828 0.3490280 0.3349067 0.2896404 0.3398992 0.4505890 0.2902939 0.3493514 0.3098968 0.4281779 0.0000000 0.3349556 0.3005837 0.1709425 0.3346337 0.4340686 0.2856089 
n294_295   0.0067446 0.3047296 0.1734381 0.3296400 0.0380152 0.3220646 0.3046760 0.0067446 0.0067492 0.0414944 0.0067394 0.2843877 0.0273785 0.3758801 0.2949849 0.0415255 0.0927790 0.3708908 0.3349556 0.0000000 0.3147546 0.3314964 0.0309347 0.4167374 0.3102807 
n300_301   0.3202894 0.0166706 0.3020866 0.2910912 0.3192452 0.2738644 0.0066139 0.3250250 0.3252823 0.3236688 0.3100919 0.0617575 0.3095500 0.3922442 0.0268336 0.3239626 0.2702991 0.3597793 0.3005837 0.3147546 0.0000000 0.2873985 0.3144526 0.3720769 0.0583294 
n265_266   0.3371953 0.2970135 0.3203474 0.1627928 0.3410406 0.0202705 0.2871387 0.3314964 0.3423136 0.3455709 0.3314475 0.2959769 0.3357557 0.4530124 0.2866408 0.3458919 0.3019054 0.4295191 0.1709425 0.3314964 0.2873985 0.0000000 0.3258354 0.4293577 0.2919093 
n296_297   0.0344069 0.3044374 0.1729056 0.3293233 0.0169868 0.3164683 0.3043840 0.0379910 0.0380177 0.0169735 0.0343793 0.2841161 0.0067444 0.3755130 0.2947026 0.0169868 0.0924948 0.3705287 0.3346337 0.0309347 0.3144526 0.3258354 0.0000000 0.4216110 0.3099830 
n244_245   0.4167374 0.3554896 0.4023095 0.4279545 0.4271317 0.4196979 0.3611041 0.4287433 0.4291040 0.4321276 0.4114152 0.3439519 0.4159070 0.3152361 0.3554841 0.4205378 0.3757779 0.2898550 0.4340686 0.4167374 0.3720769 0.4293577 0.4216110 0.0000000 0.3445023 
n277_278   0.3157854 0.0548492 0.2880687 0.2762961 0.3147573 0.2783194 0.0512290 0.3205036 0.3207572 0.3191683 0.3056346 0.0166912 0.3051014 0.3876695 0.0583192 0.3194579 0.2753553 0.3608617 0.2856089 0.3102807 0.0583294 0.2919093 0.3099830 0.3445023 0.0000000 
