22
n251_246   0.0000000 0.4153339 0.4260055 0.4204415 0.4151015 0.4507097 0.4090530 0.4024936 0.3814241 0.4317049 0.4079399 0.4029552 0.3812001 0.3753881 0.3639803 0.4082551 0.4572955 0.4255546 0.0516246 0.4088171 0.4084220 0.4256720 
n274_269   0.4153339 0.0000000 0.2805222 0.2758252 0.0307207 0.2942289 0.0237882 0.2564984 0.0591154 0.2809901 0.2613644 0.0272314 0.2662583 0.0483286 0.4180848 0.2754568 0.2847398 0.2759807 0.4153026 0.0272603 0.2705601 0.2854852 
n294_287   0.4260055 0.2805222 0.0000000 0.0033384 0.2853989 0.2849336 0.2757458 0.0446838 0.2706115 0.0202715 0.0482155 0.2803623 0.0736308 0.2608980 0.3840055 0.0553504 0.2902362 0.0168476 0.4261943 0.2807272 0.1469969 0.0202591 
n293_286   0.4204415 0.2758252 0.0033384 0.0000000 0.2806736 0.2802170 0.2710748 0.0411673 0.2659742 0.0168616 0.0446852 0.2756682 0.0699850 0.2563182 0.3786849 0.0517901 0.2854830 0.0134533 0.4206272 0.2760258 0.1430137 0.0168511 
n292_285   0.4151015 0.0307207 0.2853989 0.2806736 0.0000000 0.2795473 0.0067088 0.2612183 0.0627400 0.2858772 0.2661171 0.0168847 0.2710453 0.0519008 0.4296063 0.2802968 0.2702264 0.2808323 0.4204270 0.0100900 0.2753662 0.2903960 
n265_260   0.4507097 0.2942289 0.2849336 0.2802170 0.2795473 0.0000000 0.2794113 0.2703903 0.2797644 0.2901543 0.2750552 0.2888538 0.2566763 0.2700372 0.4068753 0.2798299 0.0341035 0.2850874 0.4205976 0.2844000 0.2847001 0.2899211 
n300_293   0.4090530 0.0237882 0.2757458 0.2710748 0.0067088 0.2794113 0.0000000 0.2518659 0.0555133 0.2762038 0.2567017 0.0100867 0.2615639 0.0447771 0.4180045 0.2707143 0.2700958 0.2712272 0.4090224 0.0033488 0.2658487 0.2806777 
n295_288   0.4024936 0.2564984 0.0446838 0.0411673 0.2612183 0.2703903 0.2518659 0.0000000 0.2423181 0.0446863 0.0168728 0.2563533 0.0553865 0.2329792 0.3790452 0.0271622 0.2801584 0.0411347 0.4026690 0.2566803 0.1268980 0.0446579 
n277_272   0.3814241 0.0591154 0.2706115 0.2659742 0.0627400 0.2797644 0.0555133 0.2423181 0.0000000 0.2710584 0.2378295 0.0590841 0.2518916 0.0134708 0.4012305 0.2514929 0.2704335 0.2661232 0.3813965 0.0591484 0.2703131 0.2704540 
n298_291   0.4317049 0.2809901 0.0202715 0.0168616 0.2858772 0.2901543 0.2762038 0.0446863 0.2710584 0.0000000 0.0482182 0.2808297 0.0736352 0.2613246 0.3900667 0.0553535 0.2955058 0.0100699 0.4318970 0.2811959 0.1428411 0.0202602 
n287_280   0.4079399 0.2613644 0.0482155 0.0446852 0.2661171 0.2750552 0.2567017 0.0168728 0.2378295 0.0482182 0.0000000 0.2612164 0.0589653 0.2285464 0.3900578 0.0100616 0.2848826 0.0446497 0.4081183 0.2615510 0.1308039 0.0481875 
n280_275   0.4029552 0.0272314 0.2803623 0.2756682 0.0168847 0.2888538 0.0100867 0.2563533 0.0590841 0.2808297 0.2612164 0.0000000 0.2661071 0.0483031 0.4234500 0.2753002 0.2794391 0.2758235 0.4090655 0.0134849 0.2704066 0.2853222 
n236_235   0.3812001 0.2662583 0.0736308 0.0699850 0.2710453 0.2566763 0.2615639 0.0553865 0.2518916 0.0736352 0.0589653 0.2661071 0.0000000 0.2379288 0.3568262 0.0698178 0.2662780 0.0699281 0.3813643 0.2664496 0.1229668 0.0735873 
n278_273   0.3753881 0.0483286 0.2608980 0.2563182 0.0519008 0.2700372 0.0447771 0.2329792 0.0134708 0.2613246 0.2285464 0.0483031 0.2379288 0.0000000 0.3897534 0.2420402 0.2608182 0.2564608 0.3753611 0.0483552 0.2560302 0.2607467 
n244_243   0.3639803 0.4180848 0.3840055 0.3786849 0.4296063 0.4068753 0.4180045 0.3790452 0.4012305 0.3900667 0.3900578 0.4234500 0.3568262 0.3897534 0.0000000 0.4012209 0.4127202 0.3842255 0.3642934 0.4177594 0.4173972 0.3841851 
n290_283   0.4082551 0.2754568 0.0553504 0.0517901 0.2802968 0.2798299 0.2707143 0.0271622 0.2514929 0.0553535 0.0100616 0.2753002 0.0698178 0.2420402 0.4012209 0.0000000 0.2897194 0.0517487 0.4137417 0.2756567 0.1426917 0.0553180 
n266_261   0.4572955 0.2847398 0.2902362 0.2854830 0.2702264 0.0341035 0.2700958 0.2801584 0.2704335 0.2955058 0.2848826 0.2794391 0.2662780 0.2608182 0.4127202 0.2897194 0.0000000 0.2903936 0.4268916 0.2750239 0.2946559 0.2952667 
n297_290   0.4255546 0.2759807 0.0168476 0.0134533 0.2808323 0.2850874 0.2712272 0.0411347 0.2661232 0.0100699 0.0446497 0.2758235 0.0699281 0.2564608 0.3842255 0.0517487 0.2903936 0.0000000 0.4257430 0.2761815 0.1428890 0.0168380 
n255_250   0.0516246 0.4153026 0.4261943 0.4206272 0.4204270 0.4205976 0.4090224 0.4026690 0.3813965 0.4318970 0.4081183 0.4090655 0.3813643 0.3753611 0.3642934 0.4137417 0.4268916 0.4257430 0.0000000 0.4087865 0.4201477 0.4258605 
n299_292   0.4088171 0.0272603 0.2807272 0.2760258 0.0100900 0.2844000 0.0033488 0.2566803 0.0591484 0.2811959 0.2615510 0.0134849 0.2664496 0.0483552 0.4177594 0.2756567 0.2750239 0.2761815 0.4087865 0.0000000 0.2707552 0.2856952 
n200_199   0.4084220 0.2705601 0.1469969 0.1430137 0.2753662 0.2847001 0.2658487 0.1268980 0.2703131 0.1428411 0.1308039 0.2704066 0.1229668 0.2560302 0.4173972 0.1426917 0.2946559 0.1428890 0.4201477 0.2707552 0.0000000 0.1469049 
n275_270   0.4256720 0.2854852 0.0202591 0.0168511 0.2903960 0.2899211 0.2806777 0.0446579 0.2704540 0.0202602 0.0481875 0.2853222 0.0735873 0.2607467 0.3841851 0.0553180 0.2952667 0.0168380 0.4258605 0.2856952 0.1469049 0.0000000 
