26
n277_278   0.0000000 1.6703681 3.5322797 1.6749236 4.5704872 0.4271468 2.9926467 3.1178662 0.1371812 0.4274172 3.1635486 3.1871480 4.8867902 4.3430879 2.3990406 0.4283369 0.4273740 3.7068811 4.9694402 2.8905912 1.7621043 1.8776069 2.9173650 2.3833301 3.6679028 0.4155556 
n286_287   1.6703681 0.0000000 1.9582108 0.0557500 1.6872715 1.8762417 4.3543547 1.6161589 1.6440916 1.5933682 1.9407122 1.5763956 1.6555352 1.5735938 1.7899290 1.6211119 1.5911472 1.8153247 1.6199653 2.3536806 1.0543370 1.1358328 1.6592061 3.3067074 1.6054267 1.6252557 
n296_297   3.5322797 1.9582108 0.0000000 1.8892346 0.1456001 2.7098844 2.9308904 0.2902583 2.9383220 2.8569722 0.7553519 0.3014867 0.1497733 0.3223465 1.0505241 2.7505505 2.3471494 0.0412808 0.1291028 3.1294115 2.7488448 2.8700464 0.3342206 3.7192137 0.3011110 2.8645501 
n285_286   1.6749236 0.0557500 1.8892346 0.0000000 1.6344459 1.6466492 3.0829337 1.5966079 1.5668226 1.4919043 1.8667119 1.5850161 1.6044240 1.5821832 1.8757188 1.4652442 1.4401709 1.7907155 1.5438478 2.5436478 0.9585972 1.0169852 1.6688108 2.7672159 1.6722944 1.4685968 
n289_290   4.5704872 1.6872715 0.1456001 1.6344459 0.0000000 2.9847295 2.7333973 0.2753664 3.1730099 2.9511149 0.7451076 0.3119495 0.0377502 0.3173158 0.9287333 2.9381210 2.3329953 0.1583218 0.0557218 2.6428705 2.4268516 2.4544670 0.3448490 3.3498082 0.3016494 2.9594529 
n274_275   0.4271468 1.8762417 2.7098844 1.6466492 2.9847295 0.0000000 2.9647682 2.3078412 0.3962143 0.1206217 3.2633825 2.1977758 2.9618086 2.7916812 2.0201148 0.1247484 0.1126520 3.1375550 2.8772804 2.4695158 1.8365029 1.8861654 2.1279733 2.3798168 2.7964759 0.1126702 
n255_256   2.9926467 4.3543547 2.9308904 3.0829337 2.7333973 2.9647682 0.0000000 2.6300479 2.8370524 2.9139240 3.8377835 2.7675508 2.8216671 2.7102299 3.3526550 3.1039573 2.7099105 2.7561565 2.4917211 2.1577085 4.0457784 3.8987944 2.9673519 0.2628665 2.5502247 2.9990924 
n275_276   3.1178662 1.6161589 0.2902583 1.5966079 0.2753664 2.3078412 2.6300479 0.0000000 2.4123262 2.2917627 0.7079768 0.1378211 0.2753502 0.1542517 0.9321563 2.3443457 2.0806952 0.3220206 0.2702850 2.9083134 2.5080868 2.5294444 0.1676684 3.8931275 0.1500810 2.2958976 
n278_279   0.1371812 1.6440916 2.9383220 1.5668226 3.1730099 0.3962143 2.8370524 2.4123262 0.0000000 0.4536145 2.6043075 2.5648747 3.2778454 3.1249578 2.2429811 0.4477180 0.4220155 3.2876181 3.4550719 2.8393756 1.9132053 1.9518578 2.4754986 2.2281909 3.0299849 0.4413272 
n299_300   0.4274172 1.5933682 2.8569722 1.4919043 2.9511149 0.1206217 2.9139240 2.2917627 0.4536145 0.0000000 2.4841692 2.0875906 2.9375839 2.7610029 1.8849486 0.0341981 0.0891982 3.0887844 2.7604301 2.2708364 1.8664251 2.0960687 1.9827485 2.3944980 2.6075380 0.0134574 
n236_237   3.1635486 1.9407122 0.7553519 1.8667119 0.7451076 3.2633825 3.8377835 0.7079768 2.6043075 2.4841692 0.0000000 0.7254110 0.6957749 0.7255968 1.1079451 2.5438120 2.2999429 0.7956971 0.7059884 2.7268571 1.8675121 1.9461739 0.7263512 3.0585308 0.7352573 2.6359262 
n293_294   3.1871480 1.5763956 0.3014867 1.5850161 0.3119495 2.1977758 2.7675508 0.1378211 2.5648747 2.0875906 0.7254110 0.0000000 0.3169877 0.1458290 1.0535913 2.0852350 1.9479757 0.3390869 0.2907351 2.2358917 2.3059214 2.5157536 0.0522950 3.1604818 0.1501691 2.0473184 
n290_291   4.8867902 1.6555352 0.1497733 1.6044240 0.0377502 2.9618086 2.8216671 0.2753502 3.2778454 2.9375839 0.6957749 0.3169877 0.0000000 0.3226256 0.9665630 2.9247870 2.3260438 0.1625762 0.0593671 3.0029807 2.3508415 2.4413943 0.3442626 3.6778596 0.3068473 2.9457875 
n297_298   4.3430879 1.5735938 0.3223465 1.5821832 0.3173158 2.7916812 2.7102299 0.1542517 3.1249578 2.7610029 0.7255968 0.1458290 0.3226256 0.0000000 1.0971135 2.7585926 2.3970560 0.3445040 0.3010540 2.5598458 2.3551401 2.5540203 0.1805929 3.3803024 0.0379214 2.6884426 
n200_201   2.3990406 1.7899290 1.0505241 1.8757188 0.9287333 2.0201148 3.3526550 0.9321563 2.2429811 1.8849486 1.1079451 1.0535913 0.9665630 1.0971135 0.0000000 1.8118250 1.7159898 1.0671372 0.9672147 3.0741527 1.9636915 2.0267240 0.9789787 3.0114792 1.0835191 1.8183996 
n292_293   0.4283369 1.6211119 2.7505505 1.4652442 2.9381210 0.1247484 3.1039573 2.3443457 0.4477180 0.0341981 2.5438120 2.0852350 2.9247870 2.7585926 1.8118250 0.0000000 0.0930271 2.9712922 2.7495936 2.2161766 1.8226976 1.9570323 1.9804986 2.3906136 2.6050179 0.0272187 
n280_281   0.4273740 1.5911472 2.3471494 1.4401709 2.3329953 0.1126520 2.7099105 2.0806952 0.4220155 0.0891982 2.2999429 1.9479757 2.3260438 2.3970560 1.7159898 0.0930271 0.0000000 2.5496726 2.1623168 1.9875859 1.7274666 1.8478904 1.8942209 2.2817621 2.2844324 0.0816149 
n295_296   3.7068811 1.8153247 0.0412808 1.7907155 0.1583218 3.1375550 2.7561565 0.3220206 3.2876181 3.0887844 0.7956971 0.3390869 0.1625762 0.3445040 1.0671372 2.9712922 2.5496726 0.0000000 0.1456065 3.0108850 2.3980101 2.5569330 0.3736937 3.5875867 0.3171205 3.2327161 
n287_288   4.9694402 1.6199653 0.1291028 1.5438478 0.0557218 2.8772804 2.4917211 0.2702850 3.4550719 2.7604301 0.7059884 0.2907351 0.0593671 0.3010540 0.9672147 2.7495936 2.1623168 0.1456065 0.0000000 2.7841794 2.2957387 2.4427227 0.3226109 3.3052198 0.2857458 2.7672925 
n244_245   2.8905912 2.3536806 3.1294115 2.5436478 2.6428705 2.4695158 2.1577085 2.9083134 2.8393756 2.2708364 2.7268571 2.2358917 3.0029807 2.5598458 3.0741527 2.2161766 1.9875859 3.0108850 2.7841794 0.0000000 2.2080371 2.3672918 2.3372306 2.4843708 2.5669613 2.2155704 
n265_266   1.7621043 1.0543370 2.7488448 0.9585972 2.4268516 1.8365029 4.0457784 2.5080868 1.9132053 1.8664251 1.8675121 2.3059214 2.3508415 2.3551401 1.9636915 1.8226976 1.7274666 2.3980101 2.2957387 2.2080371 0.0000000 0.1455756 2.3164351 2.9864970 2.6227404 1.7929517 
n266_267   1.8776069 1.1358328 2.8700464 1.0169852 2.4544670 1.8861654 3.8987944 2.5294444 1.9518578 2.0960687 1.9461739 2.5157536 2.4413943 2.5540203 2.0267240 1.9570323 1.8478904 2.5569330 2.4427227 2.3672918 0.1455756 0.0000000 2.5131740 3.6870013 2.9128127 2.0031684 
n294_295   2.9173650 1.6592061 0.3342206 1.6688108 0.3448490 2.1279733 2.9673519 0.1676684 2.4754986 1.9827485 0.7263512 0.0522950 0.3442626 0.1805929 0.9789787 1.9804986 1.8942209 0.3736937 0.3226109 2.3372306 2.3164351 2.5131740 0.0000000 3.4344280 0.1852011 1.9464189 
n251_252   2.3833301 3.3067074 3.7192137 2.7672159 3.3498082 2.3798168 0.2628665 3.8931275 2.2281909 2.3944980 3.0585308 3.1604818 3.6778596 3.3803024 3.0114792 2.3906136 2.2817621 3.5875867 3.3052198 2.4843708 2.9864970 3.6870013 3.4344280 0.0000000 3.2451695 2.3275727 
n298_299   3.6679028 1.6054267 0.3011110 1.6722944 0.3016494 2.7964759 2.5502247 0.1500810 3.0299849 2.6075380 0.7352573 0.1501691 0.3068473 0.0379214 1.0835191 2.6050179 2.2844324 0.3171205 0.2857458 2.5669613 2.6227404 2.9128127 0.1852011 3.2451695 0.0000000 2.5434942 
n300_301   0.4155556 1.6252557 2.8645501 1.4685968 2.9594529 0.1126702 2.9990924 2.2958976 0.4413272 0.0134574 2.6359262 2.0473184 2.9457875 2.6884426 1.8183996 0.0272187 0.0816149 3.2327161 2.7672925 2.2155704 1.7929517 2.0031684 1.9464189 2.3275727 2.5434942 0.0000000 
