28
n297_340   0.0000000 0.3353737 0.3088109 0.3234603 0.0342090 0.3040050 0.0885754 0.4227558 0.2934341 0.2978629 0.4398442 0.0342180 0.0342180 0.2879480 0.4344847 0.3038167 0.3196308 0.0307108 0.0100827 0.0100806 0.3078698 0.2634456 0.1862122 0.2633232 0.2492831 0.3089563 0.2681014 0.0067054 
n277_314   0.3353737 0.0000000 0.0813998 0.2687643 0.3685602 0.0852285 0.3291336 0.4221583 0.2742990 0.2544757 0.4921684 0.3630150 0.3632599 0.2592110 0.4467190 0.0776906 0.0203420 0.3629629 0.3354322 0.3352032 0.2590274 0.2690837 0.3411329 0.2592794 0.2498443 0.0814339 0.2640433 0.3354359 
n274_309   0.3088109 0.0813998 0.0000000 0.2491633 0.3407376 0.0100814 0.3079186 0.4097655 0.2545304 0.2306561 0.4589701 0.3354006 0.3408488 0.2446379 0.4338957 0.0033432 0.0739767 0.3353538 0.3088642 0.3190429 0.2350721 0.2400279 0.3089263 0.2261024 0.2262862 0.0067024 0.2306529 0.3088674 
n300_343   0.3234603 0.2687643 0.2491633 0.0000000 0.3616266 0.2446968 0.3228045 0.4268916 0.0885844 0.0202178 0.4702303 0.3561469 0.3563857 0.0846831 0.4391082 0.2445514 0.2543887 0.3560963 0.3286934 0.3338737 0.0100310 0.2487005 0.3505787 0.2486256 0.2395592 0.2492767 0.2533049 0.3286969 
n290_331   0.0342090 0.3685602 0.3407376 0.3616266 0.0000000 0.3305120 0.1078014 0.4415499 0.3352726 0.3346609 0.4594311 0.0134970 0.0067176 0.3242355 0.4535780 0.3355251 0.3520856 0.0033497 0.0448069 0.0447974 0.3451847 0.2735835 0.2129793 0.2833007 0.2688705 0.3409010 0.2882150 0.0412552 
n280_319   0.3040050 0.0852285 0.0100814 0.2446968 0.3305120 0.0000000 0.3031288 0.4043094 0.2500262 0.2262851 0.4531728 0.3252432 0.3306192 0.2401927 0.4282744 0.0067075 0.0777618 0.3251981 0.3040574 0.3141787 0.2306811 0.2263759 0.3144110 0.2217340 0.2128722 0.0100854 0.2262609 0.3040605 
n236_261   0.0885754 0.3291336 0.3079186 0.3228045 0.1078014 0.3031288 0.0000000 0.4095064 0.2978290 0.3126313 0.4204493 0.1078308 0.1078314 0.2823742 0.4094728 0.3029415 0.3135556 0.1039247 0.0961659 0.0885273 0.3072516 0.2676286 0.1815530 0.2531984 0.2440124 0.3080632 0.2579033 0.0961664 
n251_276   0.4227558 0.4221583 0.4097655 0.4268916 0.4415499 0.4043094 0.4095064 0.0000000 0.4040739 0.4033914 0.2994833 0.4293932 0.4417054 0.4036163 0.0482832 0.4040408 0.3985094 0.4353391 0.4287883 0.4287016 0.4088690 0.3743036 0.4222986 0.3576451 0.3523835 0.4099707 0.3689534 0.4287943 
n277_312   0.2934341 0.2742990 0.2545304 0.0885844 0.3352726 0.2500262 0.2978290 0.4040739 0.0000000 0.0848565 0.4462132 0.3299761 0.3301945 0.0271447 0.4340589 0.2498768 0.2597884 0.3299302 0.2984667 0.3034526 0.0810546 0.2494311 0.3459860 0.2306355 0.2402596 0.2546468 0.2352129 0.2984697 
n274_307   0.2978629 0.2544757 0.2306561 0.0202178 0.3346609 0.2262851 0.3126313 0.4033914 0.0848565 0.0000000 0.4517282 0.3293755 0.3295932 0.0772681 0.4272909 0.2261521 0.2403685 0.3293298 0.3030632 0.3079259 0.0100350 0.2302338 0.3241627 0.2301641 0.2213026 0.2307601 0.2347309 0.3029213 
n244_269   0.4398442 0.4921684 0.4589701 0.4702303 0.4594311 0.4531728 0.4204493 0.2994833 0.4462132 0.4517282 0.0000000 0.4532679 0.4657613 0.4453997 0.3306885 0.4528619 0.4660918 0.4591944 0.4460006 0.4518428 0.4575386 0.4454457 0.4648886 0.4387821 0.4395929 0.4592067 0.4512637 0.4460071 
n296_339   0.0342180 0.3630150 0.3354006 0.3561469 0.0134970 0.3252432 0.1078308 0.4293932 0.3299761 0.3293755 0.4532679 0.0000000 0.0135005 0.3190225 0.4412353 0.3302243 0.3466614 0.0100979 0.0448187 0.0448092 0.3398260 0.2688190 0.2084935 0.2783720 0.2641329 0.3355611 0.2832541 0.0412660 
n287_328   0.0342180 0.3632599 0.3408488 0.3563857 0.0067176 0.3306192 0.1078314 0.4417054 0.3301945 0.3295932 0.4657613 0.0135005 0.0000000 0.3192322 0.4537389 0.3356343 0.3468932 0.0033506 0.0448188 0.0448093 0.3400518 0.2736687 0.2130431 0.2833894 0.2689540 0.3410124 0.2883056 0.0412661 
n278_313   0.2879480 0.2592110 0.2446379 0.0846831 0.3242355 0.2401927 0.2823742 0.4036163 0.0271447 0.0772681 0.4453997 0.3190225 0.3192322 0.0000000 0.4335648 0.2400503 0.2450155 0.3189787 0.2929369 0.2978802 0.0735163 0.2396258 0.3346888 0.2256862 0.2305815 0.2447490 0.2302275 0.2929398 
n255_282   0.4344847 0.4467190 0.4338957 0.4391082 0.4535780 0.4282744 0.4094728 0.0482832 0.4340589 0.4272909 0.3306885 0.4412353 0.4537389 0.4335648 0.0000000 0.4279853 0.4222795 0.4472695 0.4284591 0.4405193 0.4329329 0.3912856 0.4406714 0.3915639 0.3632996 0.4216779 0.4034321 0.4284651 
n299_344   0.3038167 0.0776906 0.0033432 0.2445514 0.3355251 0.0067075 0.3029415 0.4040408 0.2498768 0.2261521 0.4528619 0.3302243 0.3356343 0.2400503 0.4279853 0.0000000 0.0703014 0.3301784 0.3038690 0.3139828 0.2305453 0.2354672 0.3142148 0.2216248 0.2218049 0.0033446 0.2261493 0.3038721 
n278_315   0.3196308 0.0203420 0.0739767 0.2543887 0.3520856 0.0777618 0.3135556 0.3985094 0.2597884 0.2403685 0.4660918 0.3466614 0.3468932 0.2450155 0.4222795 0.0703014 0.0000000 0.3466124 0.3196863 0.3194698 0.2448433 0.2642456 0.3304934 0.2450802 0.2404600 0.0740076 0.2497547 0.3196896 
n289_330   0.0307108 0.3629629 0.3353538 0.3560963 0.0033497 0.3251981 0.1039247 0.4353391 0.3299302 0.3293298 0.4591944 0.0100979 0.0033506 0.3189787 0.4472695 0.3301784 0.3466124 0.0000000 0.0412552 0.0412465 0.3397785 0.2686830 0.2084677 0.2783352 0.2639996 0.3355142 0.2832165 0.0377216 
n294_337   0.0100827 0.3354322 0.3088642 0.3286934 0.0448069 0.3040574 0.0961659 0.4287883 0.2984667 0.3030632 0.4460006 0.0448187 0.0448188 0.2929369 0.4284591 0.3038690 0.3196863 0.0412552 0.0000000 0.0203090 0.3129922 0.2682693 0.1906138 0.2681445 0.2540162 0.3090096 0.2729536 0.0033461 
n275_310   0.0100806 0.3352032 0.3190429 0.3338737 0.0447974 0.3141787 0.0885273 0.4287016 0.3034526 0.3079259 0.4518428 0.0448092 0.0448093 0.2978802 0.4405193 0.3139828 0.3194698 0.0412465 0.0203090 0.0000000 0.3180651 0.2730524 0.1948790 0.2729253 0.2539686 0.3191939 0.2777642 0.0168824 
n280_317   0.3078698 0.2590274 0.2350721 0.0100310 0.3451847 0.2306811 0.3072516 0.4088690 0.0810546 0.0100350 0.4575386 0.3398260 0.3400518 0.0735163 0.4329329 0.2305453 0.2448433 0.3397785 0.3129922 0.3180651 0.0000000 0.2346405 0.3343810 0.2345696 0.2256649 0.2351783 0.2391603 0.3129955 
n265_296   0.2634456 0.2690837 0.2400279 0.2487005 0.2735835 0.2263759 0.2676286 0.3743036 0.2494311 0.2302338 0.4454457 0.2688190 0.2736687 0.2396258 0.3912856 0.2354672 0.2642456 0.2686830 0.2682693 0.2730524 0.2346405 0.0000000 0.2832423 0.1195076 0.0272142 0.2401367 0.1234379 0.2682717 
n200_215   0.1862122 0.3411329 0.3089263 0.3505787 0.2129793 0.3144110 0.1815530 0.4222986 0.3459860 0.3241627 0.4648886 0.2084935 0.2130431 0.3346888 0.4406714 0.3142148 0.3304934 0.2084677 0.1906138 0.1948790 0.3343810 0.2832423 0.0000000 0.2681649 0.2636521 0.3194313 0.2729748 0.1949561 
n286_327   0.2633232 0.2592794 0.2261024 0.2486256 0.2833007 0.2217340 0.2531984 0.3576451 0.2306355 0.2301641 0.4387821 0.2783720 0.2833894 0.2256862 0.3915639 0.2216248 0.2450802 0.2783352 0.2681445 0.2729253 0.2345696 0.1195076 0.2681649 0.0000000 0.1117719 0.2262041 0.0100534 0.2681469 
n266_297   0.2492831 0.2498443 0.2262862 0.2395592 0.2688705 0.2128722 0.2440124 0.3523835 0.2402596 0.2213026 0.4395929 0.2641329 0.2689540 0.2305815 0.3632996 0.2218049 0.2404600 0.2639996 0.2540162 0.2539686 0.2256649 0.0272142 0.2636521 0.1117719 0.0000000 0.2263881 0.1156644 0.2540184 
n292_335   0.3089563 0.0814339 0.0067024 0.2492767 0.3409010 0.0100854 0.3080632 0.4099707 0.2546468 0.2307601 0.4592067 0.3355611 0.3410124 0.2447490 0.4216779 0.0033446 0.0740076 0.3355142 0.3090096 0.3191939 0.2351783 0.2401367 0.3194313 0.2262041 0.2263881 0.0000000 0.2307569 0.3090128 
n285_326   0.2681014 0.2640433 0.2306529 0.2533049 0.2882150 0.2262609 0.2579033 0.3689534 0.2352129 0.2347309 0.4512637 0.2832541 0.2883056 0.2302275 0.4034321 0.2261493 0.2497547 0.2832165 0.2729536 0.2777642 0.2391603 0.1234379 0.2729748 0.0100534 0.1156644 0.2307569 0.0000000 0.2729561 
n293_336   0.0067054 0.3354359 0.3088674 0.3286969 0.0412552 0.3040605 0.0961664 0.4287943 0.2984697 0.3029213 0.4460071 0.0412660 0.0412661 0.2929398 0.4284651 0.3038721 0.3196896 0.0377216 0.0033461 0.0168824 0.3129955 0.2682717 0.1949561 0.2681469 0.2540184 0.3090128 0.2729561 0.0000000 
