26
n277_278   0.0000000 1.4487509 2.2991980 1.5323369 2.3581595 0.4701787 2.2300483 2.2439742 0.1364621 0.4799025 2.2885349 2.2666697 2.3761727 2.3105781 1.8650309 0.4397714 0.4331111 2.3648554 2.1537653 2.9075691 2.0000269 2.0492222 2.0904479 2.6867191 2.3071118 0.4380500 
n286_287   1.4487509 0.0000000 2.1370659 0.0707863 2.3019244 1.9895623 4.1379282 2.1265196 1.4714492 1.8628021 1.8284794 1.8963379 2.1346362 1.9311595 2.1456976 1.8547429 1.7238382 2.2315261 2.1983227 4.4572594 1.0759978 1.0926277 1.7593979 3.8093323 1.9697056 1.6970741 
n296_297   2.2991980 2.1370659 0.0000000 2.1305093 0.1516258 2.3264979 5.5223953 0.3906659 2.2640220 2.4169023 0.6481948 0.3302009 0.1391560 0.3029272 1.2217615 2.7989494 2.4807973 0.0239061 0.1351069 4.3759140 2.1888718 1.8667354 0.3150671 3.9282918 0.3304749 2.5661648 
n285_286   1.5323369 0.0707863 2.1305093 0.0000000 2.3032989 1.9932108 3.4981914 2.1115677 1.6057811 1.6407759 1.7725366 1.8467063 2.2849726 1.9185431 2.0689801 1.6639135 1.6104407 2.2853514 2.2425283 4.3678435 1.1074986 1.1236033 1.7218308 3.6540740 1.9564420 1.5316622 
n289_290   2.3581595 2.3019244 0.1516258 2.3032989 0.0000000 2.1951903 3.9323596 0.3865864 2.3147328 2.4060237 0.5725598 0.3559819 0.0639055 0.3150560 1.0273472 2.4259660 2.1870597 0.1430851 0.0602238 4.5084739 2.3264096 1.9690565 0.3165949 3.8387191 0.3377988 2.6160281 
n274_275   0.4701787 1.9895623 2.3264979 1.9932108 2.1951903 0.0000000 2.4645967 1.6873532 0.4018723 0.1538343 1.9737244 1.7043250 2.0115036 1.7658867 1.9389257 0.1453408 0.1499495 2.3939579 1.8550092 5.1719462 2.5343410 2.4148726 1.7098795 3.0949569 1.7900125 0.1536596 
n255_256   2.2300483 4.1379282 5.5223953 3.4981914 3.9323596 2.4645967 0.0000000 3.8299308 2.7865060 2.2932271 3.3795837 4.4002076 4.5499373 4.1694168 3.0648296 2.4250072 2.5382125 5.2049137 3.4368590 2.4551311 2.9308541 3.0392874 3.6442850 0.3067471 4.2517178 2.4323768 
n275_276   2.2439742 2.1265196 0.3906659 2.1115677 0.3865864 1.6873532 3.8299308 0.0000000 1.7863998 2.0431650 0.6158941 0.1263432 0.3754956 0.1426998 1.2421253 2.2408124 2.0052715 0.3789319 0.3817427 2.9024395 2.2096011 2.0866989 0.1182934 3.1889935 0.1554232 2.1465636 
n278_279   0.1364621 1.4714492 2.2640220 1.6057811 2.3147328 0.4018723 2.7865060 1.7863998 0.0000000 0.4506395 2.5590983 1.9589733 2.3294400 2.0249952 1.7070641 0.4364727 0.4310800 2.3281235 2.2600562 3.4691667 2.1009526 2.1593426 1.8507986 3.7388141 1.9749600 0.4230183 
n299_300   0.4799025 1.8628021 2.4169023 1.6407759 2.4060237 0.1538343 2.2932271 2.0431650 0.4506395 0.0000000 2.2963518 1.8964942 2.4090734 1.9697060 2.1903118 0.0446195 0.1164586 2.5668627 2.1890383 4.2339290 2.0426598 2.1531250 1.9969766 2.4967494 1.9985096 0.0270955 
n236_237   2.2885349 1.8284794 0.6481948 1.7725366 0.5725598 1.9737244 3.3795837 0.6158941 2.5590983 2.2963518 0.0000000 0.5982463 0.5682550 0.5734788 1.0686245 2.3727428 2.1358270 0.6667456 0.5826375 3.0617565 2.0234950 2.4525445 0.5582307 2.7860899 0.5976680 2.3725914 
n293_294   2.2666697 1.8963379 0.3302009 1.8467063 0.3559819 1.7043250 4.4002076 0.1263432 1.9589733 1.8964942 0.5982463 0.0000000 0.3168403 0.0979125 1.1195745 2.1152285 1.9402758 0.3306164 0.3389965 3.4145514 1.8126017 1.8754349 0.0453008 3.2726778 0.1097966 2.0310781 
n290_291   2.3761727 2.1346362 0.1391560 2.2849726 0.0639055 2.0115036 4.5499373 0.3754956 2.3294400 2.4090734 0.5682550 0.3168403 0.0000000 0.2885947 1.0763863 2.3692717 2.1444774 0.1307683 0.0566175 3.5639698 2.2158512 1.9669056 0.2903891 4.0400517 0.3104724 2.5499959 
n297_298   2.3105781 1.9311595 0.3029272 1.9185431 0.3150560 1.7658867 4.1694168 0.1426998 2.0249952 1.9697060 0.5734788 0.0979125 0.2885947 0.0000000 1.0286624 2.1082764 2.0984252 0.3033027 0.2991245 4.0936554 1.9360351 1.9221231 0.0864477 3.2728816 0.0204235 2.0673250 
n200_201   1.8650309 2.1456976 1.2217615 2.0689801 1.0273472 1.9389257 3.0648296 1.2421253 1.7070641 2.1903118 1.0686245 1.1195745 1.0763863 1.0286624 0.0000000 1.9528070 1.9151947 1.1874841 1.1233768 3.7807207 2.0568455 1.9823805 1.0762114 3.5744784 1.0759742 2.0829197 
n292_293   0.4397714 1.8547429 2.7989494 1.6639135 2.4259660 0.1453408 2.4250072 2.2408124 0.4364727 0.0446195 2.3727428 2.1152285 2.3692717 2.1082764 1.9528070 0.0000000 0.1044073 2.8993107 2.1555806 3.9044684 2.0964152 2.0177270 2.1906938 2.6556478 2.1408094 0.0339889 
n280_281   0.4331111 1.7238382 2.4807973 1.6104407 2.1870597 0.1499495 2.5382125 2.0052715 0.4310800 0.1164586 2.1358270 1.9402758 2.1444774 2.0984252 1.9151947 0.1044073 0.0000000 2.4929023 2.0081614 4.4810795 2.1096670 2.0310047 1.9962486 2.4753408 2.1305782 0.1082948 
n295_296   2.3648554 2.2315261 0.0239061 2.2853514 0.1430851 2.3939579 5.2049137 0.3789319 2.3281235 2.5668627 0.6667456 0.3306164 0.1307683 0.3033027 1.1874841 2.8993107 2.4929023 0.0000000 0.1267649 4.1481723 2.3605749 2.0283864 0.3154615 3.6640654 0.3308910 2.6486920 
n287_288   2.1537653 2.1983227 0.1351069 2.2425283 0.0602238 1.8550092 3.4368590 0.3817427 2.2600562 2.1890383 0.5826375 0.3389965 0.0566175 0.2991245 1.1233768 2.1555806 2.0081614 0.1267649 0.0000000 3.9425700 2.5867095 2.3138985 0.3060586 3.7086275 0.3213453 2.3035720 
n244_245   2.9075691 4.4572594 4.3759140 4.3678435 4.5084739 5.1719462 2.4551311 2.9024395 3.4691667 4.2339290 3.0617565 3.4145514 3.5639698 4.0936554 3.7807207 3.9044684 4.4810795 4.1481723 3.9425700 0.0000000 6.1790839 3.3005352 3.0802775 2.3879139 4.1677188 4.0749676 
n265_266   2.0000269 1.0759978 2.1888718 1.1074986 2.3264096 2.5343410 2.9308541 2.2096011 2.1009526 2.0426598 2.0234950 1.8126017 2.2158512 1.9360351 2.0568455 2.0964152 2.1096670 2.3605749 2.5867095 6.1790839 0.0000000 0.1715587 1.8732148 3.7619314 1.8969157 2.0513981 
n266_267   2.0492222 1.0926277 1.8667354 1.1236033 1.9690565 2.4148726 3.0392874 2.0866989 2.1593426 2.1531250 2.4525445 1.8754349 1.9669056 1.9221231 1.9823805 2.0177270 2.0310047 2.0283864 2.3138985 3.3005352 0.1715587 0.0000000 1.9404093 3.1442885 1.9156600 2.1081171 
n294_295   2.0904479 1.7593979 0.3150671 1.7218308 0.3165949 1.7098795 3.6442850 0.1182934 1.8507986 1.9969766 0.5582307 0.0453008 0.2903891 0.0864477 1.0762114 2.1906938 1.9962486 0.3154615 0.3060586 3.0802775 1.8732148 1.9404093 0.0000000 2.9028585 0.0981415 2.1466033 
n251_252   2.6867191 3.8093323 3.9282918 3.6540740 3.8387191 3.0949569 0.3067471 3.1889935 3.7388141 2.4967494 2.7860899 3.2726778 4.0400517 3.2728816 3.5744784 2.6556478 2.4753408 3.6640654 3.7086275 2.3879139 3.7619314 3.1442885 2.9028585 0.0000000 3.5636842 2.6535361 
n298_299   2.3071118 1.9697056 0.3304749 1.9564420 0.3377988 1.7900125 4.2517178 0.1554232 1.9749600 1.9985096 0.5976680 0.1097966 0.3104724 0.0204235 1.0759742 2.1408094 2.1305782 0.3308910 0.3213453 4.1677188 1.8969157 1.9156600 0.0981415 3.5636842 0.0000000 2.0987856 
n300_301   0.4380500 1.6970741 2.5661648 1.5316622 2.6160281 0.1536596 2.4323768 2.1465636 0.4230183 0.0270955 2.3725914 2.0310781 2.5499959 2.0673250 2.0829197 0.0339889 0.1082948 2.6486920 2.3035720 4.0749676 2.0513981 2.1081171 2.1466033 2.6535361 2.0987856 0.0000000 
