24
n278_277   0.0000000 0.1203404 0.5039279 2.1166982 2.5160470 2.3198830 2.0915353 1.9609069 0.4764498 2.6504187 1.8197617 2.1495640 0.5328495 1.9348443 2.0361654 2.2077456 5.3351029 2.2277645 2.2167922 0.4843004 3.2438624 2.1655184 0.4901843 4.3070666 
n277_276   0.1203404 0.0000000 0.5338749 1.7984280 2.5505492 2.2377977 2.2683679 2.1249896 0.5110561 2.5692706 1.6535278 2.2536016 0.5482333 1.9996228 2.3098103 2.3172333 2.7820563 2.3981380 2.1422712 0.5254454 3.9051274 2.4405135 0.5254541 2.5852697 
n292_289   0.5039279 0.5338749 0.0000000 2.3642850 2.4982136 2.5457996 2.6020453 2.3932144 0.0485351 2.5407121 2.2485106 2.2647859 0.1171088 2.2041149 2.7461102 2.5985083 2.7730553 2.5806937 2.3728787 0.0975033 3.8244841 2.5706973 0.0521285 2.7323448 
n265_264   2.1166982 1.7984280 2.3642850 0.0000000 2.3188046 2.0963260 2.4379466 2.3428151 2.3231653 2.0613767 0.1986393 2.3637119 2.5089869 2.2954234 2.4160994 2.2779861 2.9425941 2.1038134 2.0088608 2.1089821 3.3992963 2.4981210 2.2399894 3.9223186 
n294_291   2.5160470 2.5505492 2.4982136 2.3188046 0.0000000 0.1411119 0.1368919 0.3303820 2.4689680 0.0412748 2.3213208 1.1071215 2.2980742 0.6715436 0.3355690 0.3330788 3.3624985 0.3324760 0.1495813 2.3278485 3.9759271 0.3537386 2.3987933 2.9396064 
n297_294   2.3198830 2.2377977 2.5457996 2.0963260 0.1411119 0.0000000 0.1253977 0.3217562 2.4758265 0.1369965 2.3826073 1.2354467 2.4888181 0.7206595 0.3321459 0.3389596 3.1278836 0.3217456 0.0343562 2.5112423 3.4404672 0.3551744 2.4053195 2.6183089 
n275_274   2.0915353 2.2683679 2.6020453 2.4379466 0.1368919 0.1253977 0.0000000 0.2955439 2.5419319 0.1410829 2.4724552 1.1789975 2.4346902 0.6338660 0.2954005 0.3068316 3.3454179 0.3011127 0.1380531 2.5041457 3.5462727 0.3223939 2.6064969 2.6709841 
n287_284   1.9609069 2.1249896 2.3932144 2.3428151 0.3303820 0.3217562 0.2955439 0.0000000 2.3411692 0.3246637 2.3443975 1.1703362 2.4512797 0.6432182 0.0482212 0.1417890 3.1612325 0.1371557 0.3324170 2.4471766 3.2031434 0.0664976 2.2777531 2.6314420 
n300_297   0.4764498 0.5110561 0.0485351 2.3231653 2.4689680 2.4758265 2.5419319 2.3411692 0.0000000 2.5096101 2.3190582 2.1012563 0.1130356 2.1332669 2.6756398 2.6935408 3.0166357 2.6733779 2.3135507 0.0857830 4.1926223 2.5779525 0.0135083 2.9657563 
n293_290   2.6504187 2.5692706 2.5407121 2.0613767 0.0412748 0.1369965 0.1410829 0.3246637 2.5096101 0.0000000 2.2030108 1.1289269 2.3796650 0.6542092 0.3298105 0.3378316 3.3360152 0.3267163 0.1454121 2.3628482 4.1490914 0.3477998 2.4361498 2.8199448 
n266_265   1.8197617 1.6535278 2.2485106 0.1986393 2.3213208 2.3826073 2.4724552 2.3443975 2.3190582 2.2030108 0.0000000 2.5069957 2.3990750 2.1895166 2.3120513 2.4346710 2.2244867 2.2810751 2.2052732 1.9815180 3.7223238 2.3102355 2.2387127 2.3014120 
n200_199   2.1495640 2.2536016 2.2647859 2.3637119 1.1071215 1.2354467 1.1789975 1.1703362 2.1012563 1.1289269 2.5069957 0.0000000 2.1720411 1.3066114 1.1860011 1.3276563 4.7541880 1.2992133 1.1992298 2.1831009 2.9921904 1.2787434 2.1393746 4.7653177 
n280_279   0.5328495 0.5482333 0.1171088 2.5089869 2.2980742 2.4888181 2.4346902 2.4512797 0.1130356 2.3796650 2.3990750 2.1720411 0.0000000 2.3883987 2.8322079 2.7028007 5.9059130 2.7618185 2.3210287 0.1172064 3.4170706 2.8408681 0.1210616 8.9999990 
n236_235   1.9348443 1.9996228 2.2041149 2.2954234 0.6715436 0.7206595 0.6338660 0.6432182 2.1332669 0.6542092 2.1895166 1.3066114 2.3883987 0.0000000 0.6834927 0.6569452 6.1539869 0.6491901 0.7236392 2.1514318 5.1976150 0.6818620 2.0827342 4.1942872 
n289_286   2.0361654 2.3098103 2.7461102 2.4160994 0.3355690 0.3321459 0.2954005 0.0482212 2.6756398 0.3298105 2.3120513 1.1860011 2.8322079 0.6834927 0.0000000 0.1501319 2.9652965 0.1454159 0.3429449 2.8203749 3.5017325 0.0592039 2.5914989 3.1617238 
n296_293   2.2077456 2.3172333 2.5985083 2.2779861 0.3330788 0.3389596 0.3068316 0.1417890 2.6935408 0.3378316 2.4346710 1.3276563 2.7028007 0.6569452 0.1501319 0.0000000 3.7352924 0.0379091 0.3621166 2.6778177 3.4992466 0.1591446 2.6639163 3.5528849 
n251_250   5.3351029 2.7820563 2.7730553 2.9425941 3.3624985 3.1278836 3.3454179 3.1612325 3.0166357 3.3360152 2.2244867 4.7541880 5.9059130 6.1539869 2.9652965 3.7352924 0.0000000 3.3187746 2.8157565 3.7319026 2.6280719 3.0780373 3.0248137 0.2787174 
n295_292   2.2277645 2.3981380 2.5806937 2.1038134 0.3324760 0.3217456 0.3011127 0.1371557 2.6733779 0.3267163 2.2810751 1.2992133 2.7618185 0.6491901 0.1454159 0.0379091 3.3187746 0.0000000 0.3381656 2.6577833 3.2907614 0.1543230 2.6444673 3.2197488 
n298_295   2.2167922 2.1422712 2.3728787 2.0088608 0.1495813 0.0343562 0.1380531 0.3324170 2.3135507 0.1454121 2.2052732 1.1992298 2.3210287 0.7236392 0.3429449 0.3621166 2.8157565 0.3381656 0.0000000 2.3418295 3.5045599 0.3841812 2.2529717 2.5154540 
n274_273   0.4843004 0.5254454 0.0975033 2.1089821 2.3278485 2.5112423 2.5041457 2.4471766 0.0857830 2.3628482 1.9815180 2.1831009 0.1172064 2.1514318 2.8203749 2.6778177 3.7319026 2.6577833 2.3418295 0.0000000 3.9174578 2.7124986 0.0934822 3.5326463 
n244_243   3.2438624 3.9051274 3.8244841 3.3992963 3.9759271 3.4404672 3.5462727 3.2031434 4.1926223 4.1490914 3.7223238 2.9921904 3.4170706 5.1976150 3.5017325 3.4992466 2.6280719 3.2907614 3.5045599 3.9174578 0.0000000 3.6582693 4.3081070 2.8125758 
n290_287   2.1655184 2.4405135 2.5706973 2.4981210 0.3537386 0.3551744 0.3223939 0.0664976 2.5779525 0.3477998 2.3102355 1.2787434 2.8408681 0.6818620 0.0592039 0.1591446 3.0780373 0.1543230 0.3841812 2.7124986 3.6582693 0.0000000 2.4992946 3.0841956 
n299_296   0.4901843 0.5254541 0.0521285 2.2399894 2.3987933 2.4053195 2.6064969 2.2777531 0.0135083 2.4361498 2.2387127 2.1393746 0.1210616 2.0827342 2.5914989 2.6639163 3.0248137 2.6444673 2.2529717 0.0934822 4.3081070 2.4992946 0.0000000 3.0774758 
n255_254   4.3070666 2.5852697 2.7323448 3.9223186 2.9396064 2.6183089 2.6709841 2.6314420 2.9657563 2.8199448 2.3014120 4.7653177 8.9999990 4.1942872 3.1617238 3.5528849 0.2787174 3.2197488 2.5154540 3.5326463 2.8125758 3.0841956 3.0774758 0.0000000 
