26
n277_278   0.0000000 1.3990577 1.6926122 1.4990757 1.6562797 0.4921706 2.6784000 1.6464046 0.1324063 0.4518087 1.8360417 1.8569557 1.6644344 1.8592755 1.9338248 0.4513016 0.4785173 1.6608569 1.7473739 2.1969266 2.0428123 2.2496002 1.8253986 3.4808249 1.7895109 0.4450991 
n286_287   1.3990577 0.0000000 2.2665952 0.0447595 2.2479098 1.8319367 4.1528299 2.0389094 1.5184895 1.7651740 1.9723186 2.2904954 2.4122511 2.0704269 2.3134093 1.9163973 1.8669900 2.3543010 2.4941461 2.2294162 1.0447488 1.0660803 2.2922857 3.5559950 2.0169768 1.6995931 
n296_297   1.6926122 2.2665952 0.0000000 2.2679018 0.1662022 2.1152192 2.0716182 0.3261346 1.5616540 2.1801719 0.6080568 0.2996373 0.1792695 0.3258688 1.2477118 1.9810503 1.9849202 0.0519465 0.1837460 2.5920771 2.2059651 2.3847325 0.2944823 3.0941508 0.3257340 2.0777036 
n285_286   1.4990757 0.0447595 2.2679018 0.0000000 2.3132151 1.9533920 4.2885986 2.0066826 1.6590434 1.8744678 1.8512677 2.1939947 2.4909624 2.0835559 2.2607324 2.0467960 1.9933326 2.3556509 2.4938771 2.4066785 0.9884447 1.0091975 2.1956762 3.3466880 1.9876477 1.8008448 
n289_290   1.6562797 2.2479098 0.1662022 2.3132151 0.0000000 2.2470050 2.1331701 0.3325449 1.4787589 2.2501714 0.6522447 0.3492579 0.0520645 0.3546091 1.3499372 2.0376841 2.0042023 0.1451198 0.0484873 2.5825408 2.1770435 2.4842270 0.3158277 3.3907679 0.3603247 2.1404136 
n274_275   0.4921706 1.8319367 2.1152192 1.9533920 2.2470050 0.0000000 2.9168942 2.2568168 0.4718592 0.0892088 2.1464844 2.5111353 2.0485071 2.3171469 2.0703048 0.1046879 0.0969249 2.3004441 2.2009453 2.4666294 2.2461236 2.3291495 2.4481671 2.8221808 2.3046474 0.0854082 
n255_256   2.6784000 4.1528299 2.0716182 4.2885986 2.1331701 2.9168942 0.0000000 2.2731019 2.4685199 2.9307056 2.5505891 2.2209140 2.3392173 2.5303269 2.7912912 2.6753544 3.0653478 2.1263317 2.0741585 2.1207600 3.7300976 4.1939269 2.2339898 0.3277890 2.5259110 2.8664145 
n275_276   1.6464046 2.0389094 0.3261346 2.0066826 0.3325449 2.2568168 2.2731019 0.0000000 1.5128104 2.3825160 0.6244898 0.1089183 0.3547499 0.1409641 1.2199959 2.1427090 2.1962233 0.3160029 0.3841672 2.4179526 2.3134319 2.5098937 0.1089249 3.5030046 0.1327470 2.2577152 
n278_279   0.1324063 1.5184895 1.5616540 1.6590434 1.4787589 0.4718592 2.4685199 1.5128104 0.0000000 0.4262281 1.6713155 1.5570896 1.4552366 1.6394161 2.0220278 0.4200439 0.4654236 1.5342318 1.5285786 2.2404384 2.2081618 2.2770187 1.5056313 2.9669412 1.6353048 0.4136545 
n299_300   0.4518087 1.7651740 2.1801719 1.8744678 2.2501714 0.0892088 2.9307056 2.3825160 0.4262281 0.0000000 2.3162398 2.6830755 2.0582222 2.3944340 2.0555529 0.0413266 0.0556685 2.3817358 2.3033607 2.5973311 1.9700726 2.1114191 2.5353522 2.8229000 2.4446240 0.0134804 
n236_237   1.8360417 1.9723186 0.6080568 1.8512677 0.6522447 2.1464844 2.5505891 0.6244898 1.6713155 2.3162398 0.0000000 0.6683826 0.6280977 0.6334622 1.1438069 2.1864802 2.2672466 0.6007123 0.6685342 2.4217051 1.8332401 1.7487890 0.6415177 3.7677159 0.6256071 2.2504103 
n293_294   1.8569557 2.2904954 0.2996373 2.1939947 0.3492579 2.5111353 2.2209140 0.1089183 1.5570896 2.6830755 0.6683826 0.0000000 0.3719931 0.1247245 1.2247379 2.3724813 2.4432634 0.3105830 0.3964916 2.5691530 2.0921272 2.2551336 0.0203549 3.1899674 0.1126438 2.5184872 
n290_291   1.6644344 2.4122511 0.1792695 2.4909624 0.0520645 2.0485071 2.3392173 0.3547499 1.4552366 2.0582222 0.6280977 0.3719931 0.0000000 0.3721959 1.4398730 1.8800137 1.8548262 0.1577755 0.0704656 2.6763020 2.0954453 2.3596617 0.3374650 3.0388978 0.3662981 1.9670519 
n297_298   1.8592755 2.0704269 0.3258688 2.0835559 0.3546091 2.3171469 2.5303269 0.1409641 1.6394161 2.3944340 0.6334622 0.1247245 0.3721959 0.0000000 1.1220190 2.1519554 2.3974973 0.3157449 0.3840574 2.5015190 1.9254801 1.9643464 0.1166070 3.9416446 0.0272367 2.2681467 
n200_201   1.9338248 2.3134093 1.2477118 2.2607324 1.3499372 2.0703048 2.7912912 1.2199959 2.0220278 2.0555529 1.1438069 1.2247379 1.4398730 1.1220190 0.0000000 2.2302692 2.2649272 1.2294320 1.3744125 4.1684762 1.6516556 1.6432783 1.2067113 3.1019238 1.1252288 2.1036179 
n292_293   0.4513016 1.9163973 1.9810503 2.0467960 2.0376841 0.1046879 2.6753544 2.1427090 0.4200439 0.0413266 2.1864802 2.3724813 1.8800137 2.1519554 2.2302692 0.0000000 0.0703648 2.1411862 2.0803277 2.3563178 1.9339339 2.1153535 2.2608368 2.5056009 2.1921848 0.0413113 
n280_281   0.4785173 1.8669900 1.9849202 1.9933326 2.0042023 0.0969249 3.0653478 2.1962233 0.4654236 0.0556685 2.2672466 2.4432634 1.8548262 2.3974973 2.2649272 0.0703648 0.0000000 2.1453522 2.0493810 2.5663097 1.8917947 1.8722365 2.3243172 2.6706335 2.3834570 0.0556478 
n295_296   1.6608569 2.3543010 0.0519465 2.3556509 0.1451198 2.3004441 2.1263317 0.3160029 1.5342318 2.3817358 0.6007123 0.3105830 0.1577755 0.3157449 1.2294320 2.1411862 2.1453522 0.0000000 0.1621036 2.5693695 2.1084879 2.2685897 0.2999514 3.1202897 0.3156146 2.2564929 
n287_288   1.7473739 2.4941461 0.1837460 2.4938771 0.0484873 2.2009453 2.0741585 0.3841672 1.5285786 2.3033607 0.6685342 0.3964916 0.0704656 0.3840574 1.3744125 2.0803277 2.0493810 0.1621036 0.0000000 3.0639079 2.1405935 2.4194958 0.3606852 3.6030755 0.3961966 2.1878214 
n244_245   2.1969266 2.2294162 2.5920771 2.4066785 2.5825408 2.4666294 2.1207600 2.4179526 2.2404384 2.5973311 2.4217051 2.5691530 2.6763020 2.5015190 4.1684762 2.3563178 2.5663097 2.5693695 3.0639079 0.0000000 2.6496420 3.6654298 2.3691241 2.3916212 2.4164095 2.4693781 
n265_266   2.0428123 1.0447488 2.2059651 0.9884447 2.1770435 2.2461236 3.7300976 2.3134319 2.2081618 1.9700726 1.8332401 2.0921272 2.0954453 1.9254801 1.6516556 1.9339339 1.8917947 2.1084879 2.1405935 2.6496420 0.0000000 0.1580986 2.0447437 3.8952556 1.8104950 2.0142949 
n266_267   2.2496002 1.0660803 2.3847325 1.0091975 2.4842270 2.3291495 4.1939269 2.5098937 2.2770187 2.1114191 1.7487890 2.2551336 2.3596617 1.9643464 1.6432783 2.1153535 1.8722365 2.2685897 2.4194958 3.6654298 0.1580986 0.0000000 2.2491626 8.9999986 1.8441399 2.0677806 
n294_295   1.8253986 2.2922857 0.2944823 2.1956762 0.3158277 2.4481671 2.2339898 0.1089249 1.5056313 2.5353522 0.6415177 0.0203549 0.3374650 0.1166070 1.2067113 2.2608368 2.3243172 0.2999514 0.3606852 2.3691241 2.0447437 2.2491626 0.0000000 2.9539732 0.1086523 2.3911734 
n251_252   3.4808249 3.5559950 3.0941508 3.3466880 3.3907679 2.8221808 0.3277890 3.5030046 2.9669412 2.8229000 3.7677159 3.1899674 3.0388978 3.9416446 3.1019238 2.5056009 2.6706335 3.1202897 3.6030755 2.3916212 3.8952556 8.9999986 2.9539732 0.0000000 3.5423593 2.7632830 
n298_299   1.7895109 2.0169768 0.3257340 1.9876477 0.3603247 2.3046474 2.5259110 0.1327470 1.6353048 2.4446240 0.6256071 0.1126438 0.3662981 0.0272367 1.1252288 2.1921848 2.3834570 0.3156146 0.3961966 2.4164095 1.8104950 1.8441399 0.1086523 3.5423593 0.0000000 2.3128234 
n300_301   0.4450991 1.6995931 2.0777036 1.8008448 2.1404136 0.0854082 2.8664145 2.2577152 0.4136545 0.0134804 2.2504103 2.5184872 1.9670519 2.2681467 2.1036179 0.0413113 0.0556478 2.2564929 2.1878214 2.4693781 2.0142949 2.0677806 2.3911734 2.7632830 2.3128234 0.0000000 
