25
n298_299   0.0000000 0.3201870 0.1420555 0.3041987 0.0516576 0.3042283 0.3252355 0.0304629 0.0201812 0.0445646 0.0133885 0.3204167 0.0445345 0.4843293 0.3417117 0.0481339 0.0842084 0.4975876 0.3246724 0.0339518 0.3302374 0.3034317 0.0445718 0.3770318 0.3307871 
n280_281   0.3201870 0.0000000 0.2760857 0.2481692 0.3116015 0.2211074 0.0033625 0.2999401 0.2907085 0.3062714 0.3102038 0.0308190 0.3060071 0.4272729 0.0204386 0.3013287 0.3259878 0.4284484 0.2394406 0.3154496 0.0067378 0.2205586 0.3114173 0.2919063 0.0413542 
n200_201   0.1420555 0.2760857 0.0000000 0.2849923 0.1589551 0.2709679 0.2808599 0.1341101 0.1263406 0.1507777 0.1341540 0.2714410 0.1506654 0.4403692 0.3010390 0.1549607 0.1504888 0.4354099 0.2905720 0.1382019 0.2856024 0.2702731 0.1549140 0.3346197 0.2811585 
n286_287   0.3041987 0.2481692 0.2849923 0.0000000 0.3057178 0.1389744 0.2527815 0.2994576 0.2848507 0.3004469 0.2944432 0.2481313 0.2952012 0.4734617 0.2722137 0.3056673 0.3145990 0.4865585 0.0202141 0.3047110 0.2573702 0.1347684 0.3005116 0.3415577 0.2620754 
n287_288   0.0516576 0.3116015 0.1589551 0.3057178 0.0000000 0.2957771 0.3166142 0.0481325 0.0375751 0.0067014 0.0445856 0.3118258 0.0134611 0.4873957 0.3274413 0.0100806 0.0958426 0.5007710 0.3160718 0.0481692 0.3215833 0.2950043 0.0168820 0.3735481 0.3221179 
n266_267   0.3042283 0.2211074 0.2709679 0.1389744 0.2957771 0.0000000 0.2255689 0.2994853 0.2848739 0.2905809 0.2944689 0.2210789 0.2903343 0.4505284 0.2443033 0.2957292 0.3151034 0.4697833 0.1391566 0.3047408 0.2300136 0.0134862 0.2956080 0.3054141 0.2345655 
n292_293   0.3252355 0.0033625 0.2808599 0.2527815 0.3166142 0.2255689 0.0000000 0.3048557 0.2955748 0.3112455 0.3151887 0.0343136 0.3109757 0.4210535 0.0238934 0.3062714 0.3310821 0.4222060 0.2440100 0.3204711 0.0033594 0.2250074 0.3164252 0.2867704 0.0448935 
n293_294   0.0304629 0.2999401 0.1341101 0.2994576 0.0481325 0.2994853 0.3048557 0.0000000 0.0167906 0.0410679 0.0235987 0.3001549 0.0410402 0.4783860 0.3208461 0.0446208 0.0805586 0.4915523 0.3198130 0.0100365 0.3097321 0.2987032 0.0446106 0.3662117 0.3102410 
n275_276   0.0201812 0.2907085 0.1263406 0.2848507 0.0375751 0.2848739 0.2955748 0.0167906 0.0000000 0.0306044 0.0134011 0.2909171 0.0305840 0.4784549 0.3113805 0.0341036 0.0695840 0.4916158 0.2997934 0.0202099 0.3004048 0.2841377 0.0340968 0.3558326 0.3008965 
n289_290   0.0445646 0.3062714 0.1507777 0.3004469 0.0067014 0.2905809 0.3112455 0.0410679 0.0306044 0.0000000 0.0375546 0.3064917 0.0067009 0.4746894 0.3274436 0.0033455 0.0883156 0.4878390 0.3107174 0.0410991 0.3161780 0.2898252 0.0100844 0.3626494 0.3167014 
n297_298   0.0133885 0.3102038 0.1341540 0.2944432 0.0445856 0.2944689 0.3151887 0.0235987 0.0134011 0.0375546 0.0000000 0.3104263 0.0375294 0.4777961 0.3314314 0.0410884 0.0768617 0.4909307 0.3146511 0.0270524 0.3201306 0.2937027 0.0410792 0.3663271 0.3206603 
n278_279   0.3204167 0.0308190 0.2714410 0.2481313 0.3118258 0.2210789 0.0343136 0.3001549 0.2909171 0.3064917 0.3104263 0.0000000 0.3062270 0.4262951 0.0521607 0.3015454 0.3162110 0.4274648 0.2394058 0.3156760 0.0378189 0.2205304 0.3116414 0.2822345 0.0101157 
n295_296   0.0445345 0.3060071 0.1506654 0.2952012 0.0134611 0.2903343 0.3109757 0.0410402 0.0305840 0.0067009 0.0375294 0.3062270 0.0000000 0.4684304 0.3271549 0.0100799 0.0882536 0.4814704 0.3053892 0.0410715 0.3159028 0.2895795 0.0033462 0.3572706 0.3164253 
n251_252   0.4843293 0.4272729 0.4403692 0.4734617 0.4873957 0.4505284 0.4210535 0.4783860 0.4784549 0.4746894 0.4777961 0.4262951 0.4684304 0.0000000 0.4463047 0.4813963 0.4851130 0.0444557 0.4743035 0.4722151 0.4267067 0.4431128 0.4687136 0.3140594 0.4319049 
n274_275   0.3417117 0.0204386 0.3010390 0.2722137 0.3274413 0.2443033 0.0238934 0.3208461 0.3113805 0.3274436 0.3314314 0.0521607 0.3271549 0.4463047 0.0000000 0.3223544 0.3477233 0.4475524 0.2632421 0.3368468 0.0273598 0.2436861 0.3327466 0.3174926 0.0630024 
n290_291   0.0481339 0.3013287 0.1549607 0.3056673 0.0100806 0.2957292 0.3062714 0.0446208 0.0341036 0.0033455 0.0410884 0.3015454 0.0100799 0.4813963 0.3223544 0.0000000 0.0921306 0.4879261 0.3160184 0.0446547 0.3111743 0.2949568 0.0134842 0.3683565 0.3116880 
n236_237   0.0842084 0.3259878 0.1504888 0.3145990 0.0958426 0.3151034 0.3310821 0.0805586 0.0695840 0.0883156 0.0768617 0.3162110 0.0882536 0.4851130 0.3477233 0.0921306 0.0000000 0.4983949 0.3353853 0.0843312 0.3361277 0.3142700 0.0921068 0.3675582 0.3265453 
n255_256   0.4975876 0.4284484 0.4354099 0.4865585 0.5007710 0.4697833 0.4222060 0.4915523 0.4916158 0.4878390 0.4909307 0.4274648 0.4814704 0.0444557 0.4475524 0.4879261 0.4983949 0.0000000 0.4874342 0.4852735 0.4278790 0.4621340 0.4817646 0.3353226 0.4330941 
n285_286   0.3246724 0.2394406 0.2905720 0.0202141 0.3160718 0.1391566 0.2440100 0.3198130 0.2997934 0.3107174 0.3146511 0.2394058 0.3053892 0.4743035 0.2632421 0.3160184 0.3353853 0.4874342 0.0000000 0.3252262 0.2485582 0.1349435 0.3107835 0.3470797 0.2532201 
n294_295   0.0339518 0.3154496 0.1382019 0.3047110 0.0481692 0.3047408 0.3204711 0.0100365 0.0202099 0.0410991 0.0270524 0.3156760 0.0410715 0.4722151 0.3368468 0.0446547 0.0843312 0.4852735 0.3252262 0.0000000 0.3254477 0.3039414 0.0446446 0.3609019 0.3259882 
n300_301   0.3302374 0.0067378 0.2856024 0.2573702 0.3215833 0.2300136 0.0033594 0.3097321 0.3004048 0.3161780 0.3201306 0.0378189 0.3159028 0.4267067 0.0273598 0.3111743 0.3361277 0.4278790 0.2485582 0.3254477 0.0000000 0.2294394 0.3213896 0.2915603 0.0484426 
n265_266   0.3034317 0.2205586 0.2702731 0.1347684 0.2950043 0.0134862 0.2250074 0.2987032 0.2841377 0.2898252 0.2937027 0.2205304 0.2895795 0.4431128 0.2436861 0.2949568 0.3142700 0.4621340 0.1349435 0.3039414 0.2294394 0.0000000 0.2948363 0.3049100 0.2339781 
n296_297   0.0445718 0.3114173 0.1549140 0.3005116 0.0168820 0.2956080 0.3164252 0.0446106 0.0340968 0.0100844 0.0410792 0.3116414 0.0033462 0.4687136 0.3327466 0.0134842 0.0921068 0.4817646 0.3107835 0.0446446 0.3213896 0.2948363 0.0000000 0.3630949 0.3219234 
n244_245   0.3770318 0.2919063 0.3346197 0.3415577 0.3735481 0.3054141 0.2867704 0.3662117 0.3558326 0.3626494 0.3663271 0.2822345 0.3572706 0.3140594 0.3174926 0.3683565 0.3675582 0.3353226 0.3470797 0.3609019 0.2915603 0.3049100 0.3630949 0.0000000 0.2968411 
n277_278   0.3307871 0.0413542 0.2811585 0.2620754 0.3221179 0.2345655 0.0448935 0.3102410 0.3008965 0.3167014 0.3206603 0.0101157 0.3164253 0.4319049 0.0630024 0.3116880 0.3265453 0.4330941 0.2532201 0.3259882 0.0484426 0.2339781 0.3219234 0.2968411 0.0000000 
