26
n277_278   0.0000000 1.6695798 2.2428415 1.9116956 2.2545393 0.4138501 2.7889553 2.3240449 0.1288596 0.5019249 2.4294253 1.9643306 2.3627781 1.9970981 2.1808481 0.4994277 0.5087856 2.2271147 2.6141470 4.3665904 1.5586579 1.6769534 1.9527367 3.6136020 2.0211013 0.5013398 
n286_287   1.6695798 0.0000000 2.4357644 0.0701077 1.8948802 1.4725816 2.2460612 2.3924115 1.3590024 1.4856517 2.1463566 2.5651077 1.9571422 2.8326314 1.5569639 1.5208820 1.5485513 2.3987676 2.2152213 2.9721570 0.8554238 0.9497312 2.5127352 2.2548565 2.9321106 1.4819043 
n296_297   2.2428415 2.4357644 0.0000000 2.1508054 0.1448604 1.6968568 2.4235621 0.3851262 1.8864571 1.7399958 0.6439807 0.3155582 0.1492012 0.3213089 1.2685342 1.7068642 1.7031177 0.0413920 0.1410453 3.4740428 1.7007866 1.7832164 0.3541248 2.1998159 0.3324986 1.8048674 
n285_286   1.9116956 0.0701077 2.1508054 0.0000000 1.6973087 1.5478511 2.4278325 2.1140682 1.5491097 1.5621952 2.3029322 2.2983521 1.7756346 2.5037457 1.6099287 1.6584165 1.7271495 2.2307532 1.9845314 2.7678805 0.8517077 0.9580611 2.2760420 2.3824640 2.5949043 1.5580428 
n289_290   2.2545393 1.8948802 0.1448604 1.6973087 0.0000000 1.6558368 2.3970829 0.3564018 1.8724140 1.7695536 0.5953221 0.3112058 0.0378482 0.3068369 1.2915431 1.7614817 1.7831673 0.1489378 0.0522913 2.7934227 1.6332026 1.6598531 0.3274665 2.1780302 0.3121955 1.8652775 
n274_275   0.4138501 1.4725816 1.6968568 1.5478511 1.6558368 0.0000000 2.9335707 1.8304075 0.3329216 0.1498861 1.8452164 1.6587756 1.6178052 1.7569238 2.1187575 0.1540230 0.1503820 1.7330085 1.7612826 5.2000155 1.5125908 1.4532672 1.6463603 3.7823292 1.7961964 0.1667461 
n255_256   2.7889553 2.2460612 2.4235621 2.4278325 2.3970829 2.9335707 0.0000000 2.5247665 2.4568447 4.0538260 2.8300607 2.7223983 2.3508870 2.3093427 3.0401161 4.6181040 2.6370463 2.6030637 2.4201938 2.1749843 2.8869563 2.7746503 2.6037871 0.3458314 2.3069874 4.1579323 
n275_276   2.3240449 2.3924115 0.3851262 2.1140682 0.3564018 1.8304075 2.5247665 0.0000000 1.9794533 1.8755498 0.7204227 0.1544682 0.3674284 0.1708967 1.3611262 1.8616118 1.9102593 0.3834829 0.3457202 4.0802813 1.9843287 1.9892578 0.1673139 2.3306112 0.1842703 1.7988126 
n278_279   0.1288596 1.3590024 1.8864571 1.5491097 1.8724140 0.3329216 2.4568447 1.9794533 0.0000000 0.4042678 2.0972260 1.7647563 1.9371042 1.7815833 1.8532806 0.3966184 0.4096776 1.8455729 2.0570775 3.5064462 1.4534653 1.6160356 1.7570853 2.6894723 1.8018061 0.4225815 
n299_300   0.5019249 1.4856517 1.7399958 1.5621952 1.7695536 0.1498861 4.0538260 1.8755498 0.4042678 0.0000000 2.0719720 1.7728751 1.6876270 1.7449817 1.8769553 0.0449080 0.1549450 1.8040427 1.7567727 9.0000000 1.5942268 1.4990372 1.7315341 9.0000000 1.8650678 0.0343432 
n236_237   2.4294253 2.1463566 0.6439807 2.3029322 0.5953221 1.8452164 2.8300607 0.7204227 2.0972260 2.0719720 0.0000000 0.6685204 0.6030476 0.6309792 1.0643480 2.0166160 1.9130879 0.6360558 0.5888568 3.0479734 1.8197091 2.0465678 0.6846590 3.3207983 0.6404479 2.1352737 
n293_294   1.9643306 2.5651077 0.3155582 2.2983521 0.3112058 1.6587756 2.7223983 0.1544682 1.7647563 1.7728751 0.6685204 0.0000000 0.3063553 0.1367364 1.4535993 1.7607381 1.7994137 0.3148937 0.2853950 2.7450441 1.7391885 1.7520181 0.0520166 2.1336832 0.1493654 1.8085137 
n290_291   2.3627781 1.9571422 0.1492012 1.7756346 0.0378482 1.6178052 2.3508870 0.3674284 1.9371042 1.6876270 0.6030476 0.3063553 0.0000000 0.3171349 1.2909570 1.6803527 1.7131021 0.1448621 0.0486972 3.1764712 1.6729302 1.6803114 0.3386196 2.0859105 0.3225723 1.7756556 
n297_298   1.9970981 2.8326314 0.3213089 2.5037457 0.3068369 1.7569238 2.3093427 0.1708967 1.7815833 1.7449817 0.6309792 0.1367364 0.3171349 0.0000000 1.2790568 1.7334186 1.7655297 0.3152432 0.2810416 2.6187877 1.8443803 1.9617618 0.1533098 2.3735931 0.0307250 1.7790862 
n200_201   2.1808481 1.5569639 1.2685342 1.6099287 1.2915431 2.1187575 3.0401161 1.3611262 1.8532806 1.8769553 1.0643480 1.4535993 1.2909570 1.2790568 0.0000000 1.8649003 1.9941330 1.3453056 1.2955212 2.8573321 1.7055944 1.9331455 1.4241971 4.0893316 1.2497318 1.8404181 
n292_293   0.4994277 1.5208820 1.7068642 1.6584165 1.7614817 0.1540230 4.6181040 1.8616118 0.3966184 0.0449080 2.0166160 1.7607381 1.6803527 1.7334186 1.8649003 0.0000000 0.1716087 1.7685707 1.8064466 9.0000000 1.5158460 1.4507296 1.7201214 9.0000000 1.8513786 0.0520285 
n280_281   0.5087856 1.5485513 1.7031177 1.7271495 1.7831673 0.1503820 2.6370463 1.9102593 0.4096776 0.1549450 1.9130879 1.7994137 1.7131021 1.7655297 1.9941330 0.1716087 0.0000000 1.7088656 1.7834828 9.0000000 1.6482013 1.6562719 1.7182712 3.4584388 1.8310807 0.1720115 
n295_296   2.2271147 2.3987676 0.0413920 2.2307532 0.1489378 1.7330085 2.6030637 0.3834829 1.8455729 1.8040427 0.6360558 0.3148937 0.1448621 0.3152432 1.3453056 1.7685707 1.7088656 0.0000000 0.1367615 3.9747664 1.8592089 1.8736130 0.3533694 2.1318374 0.3206403 1.8730924 
n287_288   2.6141470 2.2152213 0.1410453 1.9845314 0.0522913 1.7612826 2.4201938 0.3457202 2.0570775 1.7567727 0.5888568 0.2853950 0.0486972 0.2810416 1.2955212 1.8064466 1.7834828 0.1367615 0.0000000 3.1353432 1.7712157 1.7752715 0.3171722 1.9984523 0.2862006 1.8519143 
n244_245   4.3665904 2.9721570 3.4740428 2.7678805 2.7934227 5.2000155 2.1749843 4.0802813 3.5064462 9.0000000 3.0479734 2.7450441 3.1764712 2.6187877 2.8573321 9.0000000 9.0000000 3.9747664 3.1353432 0.0000000 2.4824665 2.9776573 2.4338041 2.0516122 2.5371108 9.0000000 
n265_266   1.5586579 0.8554238 1.7007866 0.8517077 1.6332026 1.5125908 2.8869563 1.9843287 1.4534653 1.5942268 1.8197091 1.7391885 1.6729302 1.8443803 1.7055944 1.5158460 1.6482013 1.8592089 1.7712157 2.4824665 0.0000000 0.1832140 1.7727281 2.8683552 1.8530255 1.6594787 
n266_267   1.6769534 0.9497312 1.7832164 0.9580611 1.6598531 1.4532672 2.7746503 1.9892578 1.6160356 1.4990372 2.0465678 1.7520181 1.6803114 1.9617618 1.9331455 1.4507296 1.6562719 1.8736130 1.7752715 2.9776573 0.1832140 0.0000000 1.8572837 3.3548580 2.0288195 1.5299724 
n294_295   1.9527367 2.5127352 0.3541248 2.2760420 0.3274665 1.6463603 2.6037871 0.1673139 1.7570853 1.7315341 0.6846590 0.0520166 0.3386196 0.1533098 1.4241971 1.7201214 1.7182712 0.3533694 0.3171722 2.4338041 1.7727281 1.8572837 0.0000000 2.2619860 0.1662734 1.7652873 
n251_252   3.6136020 2.2548565 2.1998159 2.3824640 2.1780302 3.7823292 0.3458314 2.3306112 2.6894723 9.0000000 3.3207983 2.1336832 2.0859105 2.3735931 4.0893316 9.0000000 3.4584388 2.1318374 1.9984523 2.0516122 2.8683552 3.3548580 2.2619860 0.0000000 2.2965647 9.0000000 
n298_299   2.0211013 2.9321106 0.3324986 2.5949043 0.3121955 1.7961964 2.3069874 0.1842703 1.8018061 1.8650678 0.6404479 0.1493654 0.3225723 0.0307250 1.2497318 1.8513786 1.8310807 0.3206403 0.2862006 2.5371108 1.8530255 2.0288195 0.1662734 2.2965647 0.0000000 1.9046368 
n300_301   0.5013398 1.4819043 1.8048674 1.5580428 1.8652775 0.1667461 4.1579323 1.7988126 0.4225815 0.0343432 2.1352737 1.8085137 1.7756556 1.7790862 1.8404181 0.0520285 0.1720115 1.8730924 1.8519143 9.0000000 1.6594787 1.5299724 1.7652873 9.0000000 1.9046368 0.0000000 
