24
n298_299   0.0000000 0.2773735 0.1327802 0.2686702 0.0377613 0.2616681 0.2729826 0.0169137 0.0135037 0.0342494 0.2478756 0.0308017 0.3005792 0.2625404 0.0307161 0.0704942 0.3274697 0.2585970 0.0169013 0.2472538 0.0343196 0.2680893 0.3697557 0.2526250 
n280_281   0.2773735 0.0000000 0.2931048 0.3196353 0.2867836 0.3116692 0.0100723 0.2720317 0.2774770 0.2818148 0.0627637 0.2875062 0.4184195 0.0168622 0.2816717 0.2923534 0.4246766 0.3088001 0.2717891 0.2962486 0.2926704 0.0134685 0.3922379 0.0664083 
n200_201   0.1327802 0.2931048 0.0000000 0.3207481 0.1406123 0.3021240 0.2886375 0.1368392 0.1247050 0.1365554 0.2577992 0.1327314 0.3660832 0.2778182 0.1406980 0.1408699 0.3720706 0.3098700 0.1327731 0.2868757 0.1368411 0.2836320 0.3810370 0.2626169 
n286_287   0.2686702 0.3196353 0.3207481 0.0000000 0.2833111 0.1574980 0.3150369 0.2686642 0.2687706 0.2783405 0.2832525 0.2837150 0.4148957 0.3038659 0.2834989 0.2781898 0.4403019 0.0067118 0.2684239 0.1619131 0.2888727 0.3098390 0.4432377 0.2882544 
n287_288   0.0377613 0.2867836 0.1406123 0.2833111 0.0000000 0.2858936 0.2823587 0.0412932 0.0377733 0.0033408 0.2616691 0.0203303 0.3155134 0.2770064 0.0067014 0.0741034 0.3371990 0.2730298 0.0412625 0.2710109 0.0237839 0.2774114 0.3928828 0.2664986 
n266_267   0.2616681 0.3116692 0.3021240 0.1574980 0.2858936 0.0000000 0.3071370 0.2616618 0.2617651 0.2809378 0.2659369 0.2764759 0.3870504 0.2961686 0.2860821 0.2563218 0.3933166 0.1490073 0.2614303 0.0304871 0.2815500 0.3020270 0.4324996 0.2707888 
n292_293   0.2729826 0.0100723 0.2886375 0.3150369 0.2823587 0.3071370 0.0000000 0.2676689 0.2730845 0.2774114 0.0592343 0.2830702 0.4133056 0.0134808 0.2772708 0.2878972 0.4195296 0.3042556 0.2674305 0.2917869 0.2882104 0.0033476 0.3872817 0.0628676 
n293_294   0.0169137 0.2720317 0.1368392 0.2686642 0.0412932 0.2616618 0.2676689 0.0000000 0.0169190 0.0377645 0.2382639 0.0343057 0.3060167 0.2573225 0.0342103 0.0742049 0.3274674 0.2585906 0.0067062 0.2472469 0.0378420 0.2628159 0.3697572 0.2429496 
n275_276   0.0135037 0.2774770 0.1247050 0.2687706 0.0377733 0.2617651 0.2730845 0.0169190 0.0000000 0.0342602 0.2479673 0.0308115 0.2956060 0.2626380 0.0307258 0.0705176 0.3167386 0.2586934 0.0135028 0.2473451 0.0343305 0.2681892 0.3528574 0.2527186 
n289_290   0.0342494 0.2818148 0.1365554 0.2783405 0.0033408 0.2809378 0.2774114 0.0377645 0.0342602 0.0000000 0.2568707 0.0169037 0.3156887 0.2720991 0.0033433 0.0704046 0.3373882 0.2681320 0.0377365 0.2661547 0.0203401 0.2724966 0.3931086 0.2616691 
n278_279   0.2478756 0.0627637 0.2577992 0.2832525 0.2616691 0.2659369 0.0592343 0.2382639 0.2479673 0.2568707 0.0000000 0.2525211 0.3938367 0.0519392 0.2618394 0.2571457 0.3998837 0.2729754 0.2380564 0.2514643 0.2574273 0.0629094 0.3919765 0.0033350 
n295_296   0.0308017 0.2875062 0.1327314 0.2837150 0.0203303 0.2764759 0.2830702 0.0343057 0.0308115 0.0169037 0.2525211 0.0000000 0.3111615 0.2777024 0.0203419 0.0668279 0.3327565 0.2734194 0.0342790 0.2617644 0.0033517 0.2781092 0.3822773 0.2572974 
n251_252   0.3005792 0.4184195 0.3660832 0.4148957 0.3155134 0.3870504 0.4133056 0.3060167 0.2956060 0.3156887 0.3938367 0.3111615 0.0000000 0.4003203 0.3211571 0.3211260 0.0484928 0.4023688 0.3057342 0.3869060 0.3113308 0.4073463 0.3188085 0.3996731 
n274_275   0.2625404 0.0168622 0.2778182 0.3038659 0.2770064 0.2961686 0.0134808 0.2573225 0.2626380 0.2720991 0.0519392 0.2777024 0.4003203 0.0000000 0.2719617 0.2772172 0.4064266 0.2932739 0.2570954 0.2810722 0.2827991 0.0168999 0.3747183 0.0555321 
n290_291   0.0307161 0.2816717 0.1406980 0.2834989 0.0067014 0.2860821 0.2772708 0.0342103 0.0307258 0.0033433 0.2618394 0.0203419 0.3211571 0.2719617 0.0000000 0.0741472 0.3430323 0.2732096 0.0341849 0.2711881 0.0237976 0.2723589 0.3867741 0.2666725 
n236_237   0.0704942 0.2923534 0.1408699 0.2781898 0.0741034 0.2563218 0.2878972 0.0742049 0.0705176 0.0704046 0.2571457 0.0668279 0.3211260 0.2772172 0.0741472 0.0000000 0.3319752 0.2679882 0.0741477 0.2516859 0.0705491 0.2829055 0.3581262 0.2569091 
n255_256   0.3274697 0.4246766 0.3720706 0.4403019 0.3371990 0.3933166 0.4195296 0.3274674 0.3167386 0.3373882 0.3998837 0.3327565 0.0484928 0.4064266 0.3430323 0.3319752 0.0000000 0.4273132 0.3271603 0.3931677 0.3329402 0.4135209 0.3243653 0.4057677 
n285_286   0.2585970 0.3088001 0.3098700 0.0067118 0.2730298 0.1490073 0.3042556 0.2585906 0.2586934 0.2681320 0.2729754 0.2734194 0.4023688 0.2932739 0.2732096 0.2679882 0.4273132 0.0000000 0.2583612 0.1533572 0.2784978 0.2991368 0.4302603 0.2779037 
n294_295   0.0169013 0.2717891 0.1327731 0.2684239 0.0412625 0.2614303 0.2674305 0.0067062 0.0135028 0.0377365 0.2380564 0.0342790 0.3057342 0.2570954 0.0341849 0.0741477 0.3271603 0.2583612 0.0000000 0.2470305 0.0378136 0.2625826 0.3639082 0.2427373 
n265_266   0.2472538 0.2962486 0.2868757 0.1619131 0.2710109 0.0304871 0.2917869 0.2472469 0.2473451 0.2661547 0.2514643 0.2617644 0.3869060 0.2810722 0.2711881 0.2516859 0.3931677 0.1533572 0.2470305 0.0000000 0.2667324 0.2867824 0.4204801 0.2562208 
n296_297   0.0343196 0.2926704 0.1368411 0.2888727 0.0237839 0.2815500 0.2882104 0.0378420 0.0343305 0.0203401 0.2574273 0.0033517 0.3113308 0.2827991 0.0237976 0.0705491 0.3329402 0.2784978 0.0378136 0.2667324 0.0000000 0.2832138 0.3882252 0.2622368 
n299_300   0.2680893 0.0134685 0.2836320 0.3098390 0.2774114 0.3020270 0.0033476 0.2628159 0.2681892 0.2724966 0.0629094 0.2781092 0.4073463 0.0168999 0.2723589 0.2829055 0.4135209 0.2991368 0.2625826 0.2867824 0.2832138 0.0000000 0.3876680 0.0665628 
n244_245   0.3697557 0.3922379 0.3810370 0.4432377 0.3928828 0.4324996 0.3872817 0.3697572 0.3528574 0.3931086 0.3919765 0.3822773 0.3188085 0.3747183 0.3867741 0.3581262 0.3243653 0.4302603 0.3639082 0.4204801 0.3882252 0.3876680 0.0000000 0.3859453 
n277_278   0.2526250 0.0664083 0.2626169 0.2882544 0.2664986 0.2707888 0.0628676 0.2429496 0.2527186 0.2616691 0.0033350 0.2572974 0.3996731 0.0555321 0.2666725 0.2569091 0.4057677 0.2779037 0.2427373 0.2562208 0.2622368 0.0665628 0.3859453 0.0000000 
