22
n289_290   0.0000000 0.0484251 0.0307407 0.3120017 0.2952279 0.0520223 0.0134766 0.2898878 0.4721908 0.0484260 0.3063157 0.0272651 0.4620993 0.3133392 0.0134805 0.1628861 0.3246573 0.1421320 0.3167078 0.0521045 0.4411212 0.3108736 
n294_295   0.0484251 0.0000000 0.0342449 0.3000663 0.2792875 0.0100730 0.0483512 0.2848060 0.4518556 0.0033427 0.2945073 0.0413588 0.4419570 0.2863146 0.0412724 0.1291149 0.2971438 0.1093297 0.2894275 0.0100883 0.4336260 0.2838604 
n295_296   0.0307407 0.0342449 0.0000000 0.3171865 0.2900945 0.0377681 0.0306950 0.2951884 0.4659784 0.0377589 0.3114543 0.0168961 0.4439070 0.2973007 0.0237772 0.1460615 0.3083368 0.1257598 0.3062390 0.0378279 0.4351273 0.3004992 
n266_267   0.3120017 0.3000663 0.3171865 0.0000000 0.2706489 0.3053071 0.3223626 0.2809879 0.4777144 0.2949590 0.0168714 0.3233877 0.4497633 0.2879403 0.3120892 0.3126745 0.2931453 0.3343101 0.1204812 0.3059114 0.4859237 0.1163298 
n299_300   0.2952279 0.2792875 0.2900945 0.2706489 0.0000000 0.2843723 0.3053329 0.0168856 0.4017788 0.2743276 0.2751866 0.2960043 0.3634736 0.0633380 0.2953080 0.2690765 0.0745709 0.2911497 0.2800016 0.2799047 0.3897143 0.2794876 
n298_299   0.0520223 0.0100730 0.0377681 0.3053071 0.2843723 0.0000000 0.0519425 0.2899378 0.4583492 0.0134617 0.2997011 0.0449239 0.4360993 0.2914774 0.0448298 0.1331924 0.3023944 0.1132981 0.2945850 0.0134854 0.4399681 0.2889709 
n290_291   0.0134766 0.0483512 0.0306950 0.3223626 0.3053329 0.0519425 0.0000000 0.2999155 0.4595390 0.0483520 0.3165864 0.0272246 0.4747950 0.3127694 0.0134606 0.1583909 0.3240619 0.1419011 0.3271165 0.0520253 0.4289340 0.3211887 
n274_275   0.2898878 0.2848060 0.2951884 0.2809879 0.0168856 0.2899378 0.2999155 0.0000000 0.4019625 0.2798017 0.2855794 0.2957491 0.3564057 0.0745323 0.2899657 0.2744977 0.0859704 0.2968023 0.2955642 0.2854385 0.3965011 0.2950136 
n251_252   0.4721908 0.4518556 0.4659784 0.4777144 0.4017788 0.4583492 0.4595390 0.4019625 0.0000000 0.4581659 0.4785668 0.4865611 0.3665315 0.4477885 0.4851968 0.4587852 0.4482428 0.4678812 0.4276009 0.4516481 0.0483808 0.4206311 
n293_294   0.0484260 0.0033427 0.0377589 0.2949590 0.2743276 0.0134617 0.0483520 0.2798017 0.4581659 0.0000000 0.2894447 0.0413595 0.4482139 0.2812804 0.0412731 0.1331557 0.2920265 0.1132675 0.2944871 0.0134822 0.4397953 0.2888755 
n265_266   0.3063157 0.2945073 0.3114543 0.0168714 0.2751866 0.2997011 0.3165864 0.2855794 0.4785668 0.2894447 0.0000000 0.3175886 0.4552926 0.2925891 0.3064007 0.3069746 0.2978216 0.3284102 0.1203125 0.3002897 0.4867968 0.1161676 
n296_297   0.0272651 0.0413588 0.0168961 0.3233877 0.2960043 0.0449239 0.0272246 0.2957491 0.4865611 0.0413595 0.3175886 0.0000000 0.4566029 0.3033143 0.0203362 0.1546589 0.3144737 0.1341009 0.3013484 0.0449946 0.4548784 0.2956501 
n244_245   0.4620993 0.4419570 0.4439070 0.4497633 0.3634736 0.4360993 0.4747950 0.3564057 0.3665315 0.4482139 0.4552926 0.4566029 0.0000000 0.4147259 0.4622651 0.4430692 0.4140879 0.4328610 0.4343519 0.4359242 0.3613034 0.4222743 
n278_279   0.3133392 0.2863146 0.2973007 0.2879403 0.0633380 0.2914774 0.3127694 0.0745323 0.4477885 0.2812804 0.2925891 0.3033143 0.4147259 0.0000000 0.3025958 0.2711081 0.0238537 0.3091805 0.3084635 0.2869538 0.4346584 0.3078807 
n287_288   0.0134805 0.0412724 0.0237772 0.3120892 0.2953080 0.0448298 0.0134606 0.2899657 0.4851968 0.0412731 0.3064007 0.0203362 0.4622651 0.3025958 0.0000000 0.1543188 0.3137239 0.1338082 0.3167972 0.0449011 0.4536279 0.3109603 
n200_201   0.1628861 0.1291149 0.1460615 0.3126745 0.2690765 0.1331924 0.1583909 0.2744977 0.4587852 0.1331557 0.3069746 0.1546589 0.4430692 0.2711081 0.1543188 0.0000000 0.2867356 0.1422190 0.3222377 0.1334191 0.4403782 0.3163499 
n277_278   0.3246573 0.2971438 0.3083368 0.2931453 0.0745709 0.3023944 0.3240619 0.0859704 0.4482428 0.2920265 0.2978216 0.3144737 0.4140879 0.0238537 0.3137239 0.2867356 0.0000000 0.3204564 0.3144000 0.2978130 0.4350911 0.3138023 
n236_237   0.1421320 0.1093297 0.1257598 0.3343101 0.2911497 0.1132981 0.1419011 0.2968023 0.4678812 0.1132675 0.3284102 0.1341009 0.4328610 0.3091805 0.1338082 0.1422190 0.3204564 0.0000000 0.3226651 0.1134880 0.4491970 0.3064631 
n285_286   0.3167078 0.2894275 0.3062390 0.1204812 0.2800016 0.2945850 0.3271165 0.2955642 0.4276009 0.2944871 0.1203125 0.3013484 0.4343519 0.3084635 0.3167972 0.3222377 0.3144000 0.3226651 0.0000000 0.2951612 0.4408730 0.0100645 
n275_276   0.0521045 0.0100883 0.0378279 0.3059114 0.2799047 0.0134854 0.0520253 0.2854385 0.4516481 0.0134822 0.3002897 0.0449946 0.4359242 0.2869538 0.0449011 0.1334191 0.2978130 0.1134880 0.2951612 0.0000000 0.4334275 0.2895327 
n255_256   0.4411212 0.4336260 0.4351273 0.4859237 0.3897143 0.4399681 0.4289340 0.3965011 0.0483808 0.4397953 0.4867968 0.4548784 0.3613034 0.4346584 0.4536279 0.4403782 0.4350911 0.4491970 0.4408730 0.4334275 0.0000000 0.4337532 
n286_287   0.3108736 0.2838604 0.3004992 0.1163298 0.2794876 0.2889709 0.3211887 0.2950136 0.4206311 0.2888755 0.1161676 0.2956501 0.4222743 0.3078807 0.3109603 0.3163499 0.3138023 0.3064631 0.0100645 0.2895327 0.4337532 0.0000000 
