25
n298_299   0.0000000 0.3098076 0.1871239 0.2897203 0.0411581 0.2851645 0.3045585 0.0168522 0.0202787 0.0411520 0.2947387 0.0411581 0.3825237 0.3095887 0.0447089 0.1119278 0.4108568 0.2898729 0.0237248 0.3043965 0.2850688 0.0447197 0.3094177 0.3681942 0.2945116 
n280_281   0.3098076 0.0000000 0.3157208 0.2511935 0.2797193 0.2555846 0.0134591 0.3096178 0.3148830 0.2848472 0.0555651 0.2797193 0.3671032 0.0168604 0.2847526 0.3110577 0.3599265 0.2513221 0.3154373 0.0100712 0.2610184 0.2848597 0.0134571 0.3512657 0.0555315 
n200_201   0.1871239 0.3157208 0.0000000 0.3332401 0.1742060 0.3289318 0.3004260 0.1870496 0.1914873 0.1786028 0.3422256 0.1742060 0.4456974 0.3103341 0.1785475 0.1875952 0.4633054 0.3334228 0.1917963 0.3002663 0.3392473 0.1786030 0.3052726 0.4214270 0.3368189 
n286_287   0.2897203 0.2511935 0.3332401 0.0000000 0.2657656 0.0963255 0.2463481 0.2900433 0.2951801 0.2708047 0.2564916 0.2657656 0.3623050 0.2510303 0.2660409 0.3058041 0.3959531 0.0066981 0.2950990 0.2462226 0.1158379 0.2708149 0.2415386 0.3294508 0.2563018 
n287_288   0.0411581 0.2797193 0.1742060 0.2657656 0.0000000 0.2805837 0.2746850 0.0376437 0.0411820 0.0033408 0.2750287 0.0067076 0.3725177 0.2795302 0.0033397 0.0965409 0.4005631 0.2659034 0.0447417 0.2745422 0.2804900 0.0100902 0.2793747 0.3408559 0.2748214 
n266_267   0.2851645 0.2555846 0.3289318 0.0963255 0.2805837 0.0000000 0.2463959 0.2954127 0.3005925 0.2857332 0.2660007 0.2805837 0.3915831 0.2604521 0.2808774 0.3220755 0.4204514 0.0963691 0.3005099 0.2462703 0.0306205 0.2857459 0.2509385 0.3569980 0.2658018 
n292_293   0.3045585 0.0134591 0.3004260 0.2463481 0.2746850 0.2463959 0.0000000 0.3043732 0.3095991 0.2797744 0.0518746 0.2746850 0.3555458 0.0168458 0.2796819 0.3005511 0.3485249 0.2464738 0.3101419 0.0033408 0.2611532 0.2797860 0.0066965 0.3400818 0.0518443 
n293_294   0.0168522 0.3096178 0.1870496 0.2900433 0.0376437 0.2954127 0.3043732 0.0000000 0.0168620 0.0376381 0.2945616 0.0376437 0.3883606 0.3093992 0.0411768 0.1080530 0.4169081 0.2901963 0.0066993 0.3042114 0.2953121 0.0411867 0.3092284 0.3679502 0.2943349 
n275_276   0.0202787 0.3148830 0.1914873 0.2951801 0.0411820 0.3005925 0.3095991 0.0168620 0.0000000 0.0411758 0.2948953 0.0411820 0.3942543 0.3046377 0.0447348 0.1119917 0.4230215 0.2953365 0.0237387 0.3094339 0.3004894 0.0447456 0.3144854 0.3736445 0.2946681 
n289_290   0.0411520 0.2848472 0.1786028 0.2708047 0.0033408 0.2857332 0.2797744 0.0376381 0.0411758 0.0000000 0.2749763 0.0100906 0.3784131 0.2846531 0.0066987 0.1004336 0.4066848 0.2709457 0.0447350 0.2796283 0.2856371 0.0134927 0.2844948 0.3464447 0.2747691 
n278_279   0.2947387 0.0555651 0.3422256 0.2564916 0.2750287 0.2660007 0.0518746 0.2945616 0.2948953 0.2749763 0.0000000 0.2750287 0.3548283 0.0591181 0.2800314 0.3061634 0.3533725 0.2566237 0.3049717 0.0519205 0.2671992 0.2801358 0.0555064 0.3509558 0.0066977 
n295_296   0.0411581 0.2797193 0.1742060 0.2657656 0.0067076 0.2805837 0.2746850 0.0376437 0.0411820 0.0100906 0.2750287 0.0000000 0.3725177 0.2795302 0.0100878 0.0965409 0.4005631 0.2659034 0.0447417 0.2745422 0.2804900 0.0033408 0.2793747 0.3408559 0.2748214 
n251_252   0.3825237 0.3671032 0.4456974 0.3623050 0.3725177 0.3915831 0.3555458 0.3883606 0.3942543 0.3784131 0.3548283 0.3725177 0.0000000 0.3668186 0.3782785 0.3909694 0.0377789 0.3682145 0.4002912 0.3611723 0.4221586 0.3784480 0.3666176 0.2668795 0.3607900 
n274_275   0.3095887 0.0168604 0.3103341 0.2510303 0.2795302 0.2604521 0.0168458 0.3093992 0.3046377 0.2846531 0.0591181 0.2795302 0.3668186 0.0000000 0.2845587 0.3054050 0.3596514 0.2511588 0.3152123 0.0134457 0.2659316 0.2846655 0.0168433 0.3510025 0.0590833 
n290_291   0.0447089 0.2847526 0.1785475 0.2660409 0.0033397 0.2808774 0.2796819 0.0411768 0.0447348 0.0066987 0.2800314 0.0100878 0.3782785 0.2845587 0.0000000 0.1004041 0.4065375 0.2661790 0.0483145 0.2795359 0.2807834 0.0134890 0.2844005 0.3463250 0.2798191 
n236_237   0.1119278 0.3110577 0.1875952 0.3058041 0.0965409 0.3220755 0.3005511 0.1080530 0.1119917 0.1004336 0.3061634 0.0965409 0.3909694 0.3054050 0.1004041 0.0000000 0.4140865 0.3059676 0.1159626 0.3003913 0.3273651 0.1004312 0.3054003 0.3739275 0.3059237 
n255_256   0.4108568 0.3599265 0.4633054 0.3959531 0.4005631 0.4204514 0.3485249 0.4169081 0.4230215 0.4066848 0.3533725 0.4005631 0.0377789 0.3596514 0.4065375 0.4140865 0.0000000 0.4021585 0.4292959 0.3540778 0.4522454 0.4067289 0.3594546 0.2865336 0.3593024 
n285_286   0.2898729 0.2513221 0.3334228 0.0066981 0.2659034 0.0963691 0.2464738 0.2901963 0.2953365 0.2709457 0.2566237 0.2659034 0.3682145 0.2511588 0.2661790 0.3059676 0.4021585 0.0000000 0.2952553 0.2463481 0.1158911 0.2709559 0.2416614 0.3350049 0.2564337 
n294_295   0.0237248 0.3154373 0.1917963 0.2950990 0.0447417 0.3005099 0.3101419 0.0066993 0.0237387 0.0447350 0.3049717 0.0447417 0.4002912 0.3152123 0.0483145 0.1159626 0.4292959 0.2952553 0.0000000 0.3099761 0.3004068 0.0483263 0.3150383 0.3794687 0.3047340 
n300_301   0.3043965 0.0100712 0.3002663 0.2462226 0.2745422 0.2462703 0.0033408 0.3042114 0.3094339 0.2796283 0.0519205 0.2745422 0.3611723 0.0134457 0.2795359 0.3003913 0.3540778 0.2463481 0.3099761 0.0000000 0.2610184 0.2796399 0.0033408 0.3455314 0.0518902 
n265_266   0.2850688 0.2610184 0.3392473 0.1158379 0.2804900 0.0306205 0.2611532 0.2953121 0.3004894 0.2856371 0.2671992 0.2804900 0.4221586 0.2659316 0.2807834 0.3273651 0.4522454 0.1158911 0.3004068 0.2610184 0.0000000 0.2856497 0.2657828 0.3737693 0.2669984 
n296_297   0.0447197 0.2848597 0.1786030 0.2708149 0.0100902 0.2857459 0.2797860 0.0411867 0.0447456 0.0134927 0.2801358 0.0033408 0.3784480 0.2846655 0.0134890 0.1004312 0.4067289 0.2709559 0.0483263 0.2796399 0.2856497 0.0000000 0.2845072 0.3464703 0.2799233 
n299_300   0.3094177 0.0134571 0.3052726 0.2415386 0.2793747 0.2509385 0.0066965 0.3092284 0.3144854 0.2844948 0.0555064 0.2793747 0.3666176 0.0168433 0.2844005 0.3054003 0.3594546 0.2416614 0.3150383 0.0033408 0.2657828 0.2845072 0.0000000 0.3508113 0.0554738 
n244_245   0.3681942 0.3512657 0.4214270 0.3294508 0.3408559 0.3569980 0.3400818 0.3679502 0.3736445 0.3464447 0.3509558 0.3408559 0.2668795 0.3510025 0.3463250 0.3739275 0.2865336 0.3350049 0.3794687 0.3455314 0.3737693 0.3464703 0.3508113 0.0000000 0.3506688 
n277_278   0.2945116 0.0555315 0.3368189 0.2563018 0.2748214 0.2658018 0.0518443 0.2943349 0.2946681 0.2747691 0.0066977 0.2748214 0.3607900 0.0590833 0.2798191 0.3059237 0.3593024 0.2564337 0.3047340 0.0518902 0.2669984 0.2799233 0.0554738 0.3506688 0.0000000 
