26
n298_299   0.0000000 0.2820287 0.1376412 0.2914213 0.0378671 0.3242855 0.2978829 0.0238031 0.0308011 0.0414813 0.0033453 0.2866046 0.0413693 0.3875074 0.2765498 0.0449620 0.0779767 0.4006657 0.2809995 0.0308229 0.2979860 0.3073827 0.0449400 0.3033653 0.3829497 0.2868032 
n280_281   0.2820287 0.0000000 0.2763296 0.2494669 0.2870290 0.2261819 0.0237989 0.2975140 0.2980736 0.2926971 0.2873200 0.0594315 0.2814838 0.3474802 0.0134678 0.2920557 0.2917822 0.3650365 0.2349622 0.3087293 0.0238061 0.2255072 0.2866371 0.0272863 0.3877364 0.0594697 
n200_201   0.1376412 0.2763296 0.0000000 0.2707615 0.1373579 0.3025661 0.2974002 0.1544050 0.1418423 0.1373934 0.1418486 0.2861405 0.1330851 0.4263901 0.2761018 0.1455555 0.1416434 0.4331830 0.2660799 0.1632473 0.2975030 0.2915811 0.1371974 0.3028737 0.3822221 0.2863387 
n286_287   0.2914213 0.2494669 0.2707615 0.0000000 0.2860584 0.1665548 0.2695762 0.3018079 0.2967498 0.2964626 0.2967780 0.2540846 0.2907783 0.3752341 0.2444463 0.2859060 0.2858123 0.3934569 0.0100404 0.3072154 0.2696674 0.1663031 0.2959901 0.2647428 0.3914367 0.2542583 
n287_288   0.0378671 0.2870290 0.1373579 0.2860584 0.0000000 0.3079386 0.3029943 0.0449982 0.0486486 0.0067139 0.0343447 0.2916297 0.0169105 0.4007568 0.2815072 0.0067089 0.0704573 0.4072880 0.2859824 0.0522992 0.3030995 0.2914530 0.0203469 0.3085171 0.3650444 0.2918320 
n266_267   0.3242855 0.2261819 0.3025661 0.1665548 0.3079386 0.0000000 0.2265103 0.3407095 0.3355811 0.3186908 0.3299180 0.2501794 0.3022038 0.4126609 0.2120323 0.3184597 0.2920989 0.4132725 0.1622425 0.3464401 0.2360523 0.0134793 0.3075096 0.2409316 0.4122312 0.2503507 
n292_293   0.2978829 0.0237989 0.2974002 0.2695762 0.3029943 0.2265103 0.0000000 0.3137255 0.3143270 0.3088150 0.3033038 0.0705615 0.2973002 0.3477799 0.0168923 0.3081367 0.2973114 0.3592459 0.2546291 0.3252333 0.0067013 0.2258338 0.3025739 0.0100807 0.3940761 0.0706070 
n293_294   0.0238031 0.2975140 0.1544050 0.3018079 0.0449982 0.3407095 0.3137255 0.0000000 0.0308118 0.0486622 0.0203561 0.3021709 0.0485302 0.4054044 0.2918975 0.0521668 0.0855530 0.4189161 0.2912332 0.0067231 0.3138351 0.3233980 0.0521407 0.3193376 0.4004309 0.3023808 
n275_276   0.0308011 0.2980736 0.1418423 0.2967498 0.0486486 0.3355811 0.3143270 0.0308118 0.0000000 0.0523423 0.0273147 0.3027416 0.0521999 0.3995842 0.2924424 0.0558631 0.0894785 0.4129864 0.2862453 0.0379295 0.3144370 0.3183784 0.0558349 0.3199541 0.3953156 0.3029523 
n289_290   0.0414813 0.2926971 0.1373934 0.2964626 0.0067139 0.3186908 0.3088150 0.0486622 0.0523423 0.0000000 0.0379357 0.2973337 0.0238002 0.3950512 0.2871174 0.0134883 0.0742956 0.4015327 0.2916290 0.0560207 0.3089227 0.3019365 0.0272736 0.3143930 0.3767473 0.2975404 
n297_298   0.0033453 0.2873200 0.1418486 0.2967780 0.0343447 0.3299180 0.3033038 0.0203561 0.0273147 0.0379357 0.0000000 0.2919256 0.0378334 0.3936950 0.2817916 0.0414061 0.0742510 0.4069819 0.2862716 0.0273350 0.3034092 0.3128672 0.0413860 0.3088331 0.3891084 0.2921282 
n278_279   0.2866046 0.0594315 0.2861405 0.2540846 0.2916297 0.2501794 0.0705615 0.3021709 0.3027416 0.2973337 0.2919256 0.0000000 0.2963832 0.3702295 0.0556775 0.2910496 0.2964020 0.3883710 0.2394913 0.3134545 0.0705832 0.2492366 0.3016402 0.0743403 0.4299374 0.0134623 
n295_296   0.0413693 0.2814838 0.1330851 0.2907783 0.0169105 0.3022038 0.2973002 0.0485302 0.0521999 0.0238002 0.0378334 0.2963832 0.0000000 0.4061698 0.2760182 0.0237826 0.0666734 0.4127435 0.2907010 0.0558678 0.2974029 0.2858789 0.0033440 0.3027691 0.3703456 0.2965887 
n251_252   0.3875074 0.3474802 0.4263901 0.3752341 0.4007568 0.4126609 0.3477799 0.4054044 0.3995842 0.3950512 0.3936950 0.3702295 0.4061698 0.0000000 0.3469758 0.4063661 0.4067361 0.0378576 0.3755963 0.4120529 0.3533462 0.3936950 0.4123317 0.3477799 0.3090151 0.3589072 
n274_275   0.2765498 0.0134678 0.2761018 0.2444463 0.2815072 0.2120323 0.0168923 0.2918975 0.2924424 0.2871174 0.2817916 0.0556775 0.2760182 0.3469758 0.0000000 0.2864895 0.2862251 0.3644971 0.2300541 0.3030012 0.0168973 0.2159972 0.2811254 0.0203355 0.3695099 0.0557132 
n290_291   0.0449620 0.2920557 0.1455555 0.2859060 0.0067089 0.3184597 0.3081367 0.0521668 0.0558631 0.0134883 0.0414061 0.2910496 0.0237826 0.4063661 0.2864895 0.0000000 0.0778814 0.4129451 0.2858300 0.0595558 0.3082440 0.3017166 0.0272534 0.3137017 0.3764795 0.2912512 
n236_237   0.0779767 0.2917822 0.1416434 0.2858123 0.0704573 0.2920989 0.2973114 0.0855530 0.0894785 0.0742956 0.0742510 0.2964020 0.0666734 0.4067361 0.2862251 0.0778814 0.0000000 0.4076050 0.2754884 0.0933822 0.3079436 0.2808134 0.0703804 0.3133919 0.3945407 0.2966074 
n255_256   0.4006657 0.3650365 0.4331830 0.3934569 0.4072880 0.4132725 0.3592459 0.4189161 0.4129864 0.4015327 0.4069819 0.3883710 0.4127435 0.0378576 0.3644971 0.4129451 0.4076050 0.0000000 0.3938470 0.4257117 0.3648996 0.4069778 0.4189640 0.3708327 0.3155006 0.3767621 
n285_286   0.2809995 0.2349622 0.2660799 0.0100404 0.2859824 0.1622425 0.2546291 0.2912332 0.2862453 0.2916290 0.2862716 0.2394913 0.2907010 0.3755963 0.2300541 0.2858300 0.2754884 0.3938470 0.0000000 0.2965554 0.2547146 0.1619980 0.2959112 0.2498920 0.3978982 0.2396544 
n294_295   0.0308229 0.3087293 0.1632473 0.3072154 0.0522992 0.3464401 0.3252333 0.0067231 0.0379295 0.0560207 0.0273350 0.3134545 0.0558678 0.4120529 0.3030012 0.0595558 0.0933822 0.4257117 0.2965554 0.0000000 0.3253478 0.3289774 0.0595255 0.3309512 0.4066930 0.3136730 
n300_301   0.2979860 0.0238061 0.2975030 0.2696674 0.3030995 0.2360523 0.0067013 0.3138351 0.3144370 0.3089227 0.3034092 0.0705832 0.2974029 0.3533462 0.0168973 0.3082440 0.3079436 0.3648996 0.2547146 0.3253478 0.0000000 0.2353443 0.3026787 0.0033408 0.3942209 0.0706287 
n265_266   0.3073827 0.2255072 0.2915811 0.1663031 0.2914530 0.0134793 0.2258338 0.3233980 0.3183784 0.3019365 0.3128672 0.2492366 0.2858789 0.3936950 0.2159972 0.3017166 0.2808134 0.4069778 0.1619980 0.3289774 0.2353443 0.0000000 0.2910541 0.2402073 0.3933018 0.2494067 
n296_297   0.0449400 0.2866371 0.1371974 0.2959901 0.0203469 0.3075096 0.3025739 0.0521407 0.0558349 0.0272736 0.0413860 0.3016402 0.0033440 0.4123317 0.2811254 0.0272534 0.0703804 0.4189640 0.2959112 0.0595255 0.3026787 0.2910541 0.0000000 0.3080865 0.3762067 0.3018495 
n299_300   0.3033653 0.0272863 0.3028737 0.2647428 0.3085171 0.2409316 0.0100807 0.3193376 0.3199541 0.3143930 0.3088331 0.0743403 0.3027691 0.3477799 0.0203355 0.3137017 0.3133919 0.3708327 0.2498920 0.3309512 0.0033408 0.2402073 0.3080865 0.0000000 0.4004063 0.0743883 
n244_245   0.3829497 0.3877364 0.3822221 0.3914367 0.3650444 0.4122312 0.3940761 0.4004309 0.3953156 0.3767473 0.3891084 0.4299374 0.3703456 0.3090151 0.3695099 0.3764795 0.3945407 0.3155006 0.3978982 0.4066930 0.3942209 0.3933018 0.3762067 0.4004063 0.0000000 0.4302411 
n277_278   0.2868032 0.0594697 0.2863387 0.2542583 0.2918320 0.2503507 0.0706070 0.3023808 0.3029523 0.2975404 0.2921282 0.0134623 0.2965887 0.3589072 0.0557132 0.2912512 0.2966074 0.3767621 0.2396544 0.3136730 0.0706287 0.2494067 0.3018495 0.0743883 0.4302411 0.0000000 
