26
n277_278   0.0000000 1.9588847 2.2009944 2.1314659 1.9377853 0.5892875 2.6903513 2.2044936 0.1368589 0.5408075 1.4506168 2.3529043 2.0200485 2.0434353 3.7700002 0.5115107 0.5657377 2.2605478 1.9781727 2.8434763 2.1353136 1.6615912 2.6802701 2.6202746 2.1486211 0.5262389 
n286_287   1.9588847 0.0000000 1.6598387 0.1003244 1.6313947 1.8822374 2.5311063 1.7009092 1.8951905 1.7127549 1.7577650 1.7397904 1.6550068 1.6046658 1.7339305 1.7427881 2.1783987 1.6894336 1.8239914 2.8412848 0.9779211 0.8758818 1.6448893 3.6582159 1.6201059 1.7441553 
n296_297   2.2009944 1.6598387 0.0000000 1.6771353 0.1055701 1.7719142 4.4785941 0.2715776 2.2450091 1.7092769 0.5029062 0.2763199 0.1095043 0.2303348 0.9654810 1.7595060 1.8691479 0.0451015 0.1137359 3.0041267 2.0438862 2.1538980 0.2575828 3.6061473 0.2353915 1.7407293 
n285_286   2.1314659 0.1003244 1.6771353 0.0000000 1.6406982 2.0198714 2.6356897 1.6848702 2.1220781 1.8274516 1.8587989 1.7492167 1.6890897 1.6138672 1.6792670 1.8612433 2.3106860 1.7329877 1.8338748 3.0462423 1.0187452 0.8718421 1.6540286 3.8159231 1.6293844 1.8629493 
n289_290   1.9377853 1.6313947 0.1055701 1.6406982 0.0000000 1.8461860 6.8179078 0.2570400 2.0524709 1.7403186 0.4952884 0.2822861 0.0343796 0.2404709 0.9647945 1.7350458 1.7707201 0.1338873 0.0344104 2.7623287 2.0915129 2.1597590 0.2681478 3.8969842 0.2508290 1.7117244 
n274_275   0.5892875 1.8822374 1.7719142 2.0198714 1.8461860 0.0000000 3.6901874 1.9431702 0.5259836 0.1321117 1.7527287 1.9005343 1.7506570 1.8746380 2.5974285 0.1119708 0.1573006 1.7405073 1.9784152 3.3021521 1.9301728 1.8051478 1.8111555 4.5312255 1.8915052 0.1281139 
n255_256   2.6903513 2.5311063 4.4785941 2.6356897 6.8179078 3.6901874 0.0000000 8.1591660 3.0307992 3.7360802 3.6872025 9.0000000 6.3052082 5.1014930 3.5164364 4.1501268 4.8291238 4.6180305 5.4390826 1.8619460 2.1113219 2.3118394 9.0000000 0.3443881 5.2182339 3.5887683 
n275_276   2.2044936 1.7009092 0.2715776 1.6848702 0.2570400 1.9431702 8.1591660 0.0000000 2.7685363 1.9665967 0.5957074 0.1421677 0.2662614 0.1500640 1.0037413 1.9351964 2.0289373 0.2767943 0.2572265 4.5092275 2.2930555 2.4539013 0.1258914 5.4232181 0.1631269 2.0035945 
n278_279   0.1368589 1.8951905 2.2450091 2.1220781 2.0524709 0.5259836 3.0307992 2.7685363 0.0000000 0.5107981 1.5924082 2.8149588 2.2371902 2.3248991 2.5387022 0.4827325 0.5419908 2.2558882 2.2556432 3.5332063 2.2840234 2.0436375 3.1941414 2.7088511 2.4632826 0.5043832 
n299_300   0.5408075 1.7127549 1.7092769 1.8274516 1.7403186 0.1321117 3.7360802 1.9665967 0.5107981 0.0000000 1.5764351 2.2264192 1.6804956 1.8861200 2.2437679 0.0374698 0.1121303 1.6535860 1.8539116 2.9261342 1.8565393 1.6593559 2.1083648 3.2244748 1.9393329 0.0099886 
n236_237   1.4506168 1.7577650 0.5029062 1.8587989 0.4952884 1.7527287 3.6872025 0.5957074 1.5924082 1.5764351 0.0000000 0.6131718 0.5086015 0.5391245 0.8946517 1.6722520 1.8213775 0.4965637 0.5103545 2.3484053 2.0007150 2.4236242 0.5993272 2.8237468 0.5551376 1.5958797 
n293_294   2.3529043 1.7397904 0.2763199 1.7492167 0.2822861 1.9005343 9.0000000 0.1421677 2.8149588 2.2264192 0.6131718 0.0000000 0.2815173 0.1369985 1.0174639 2.1386648 2.1241488 0.2818254 0.2775269 4.9512912 2.5638030 2.9649293 0.0450681 5.1807602 0.1414105 2.2755581 
n290_291   2.0200485 1.6550068 0.1095043 1.6890897 0.0343796 1.7506570 6.3052082 0.2662614 2.2371902 1.6804956 0.5086015 0.2815173 0.0000000 0.2353046 0.9393960 1.7070295 1.8050163 0.1253975 0.0415571 2.8021570 2.1024834 2.2071102 0.2674207 3.4790664 0.2455610 1.6811910 
n297_298   2.0434353 1.6046658 0.2303348 1.6138672 0.2404709 1.8746380 5.1014930 0.1500640 2.3248991 1.8861200 0.5391245 0.1369985 0.2353046 0.0000000 0.9860219 1.9226806 2.0083385 0.2401964 0.2359801 3.9877960 2.0310380 2.1433653 0.1292566 4.5847088 0.0238093 1.9201756 
n200_201   3.7700002 1.7339305 0.9654810 1.6792670 0.9647945 2.5974285 3.5164364 1.0037413 2.5387022 2.2437679 0.8946517 1.0174639 0.9393960 0.9860219 0.0000000 2.4508522 2.5926257 1.0029886 0.9514546 2.4257178 1.7465856 1.9084804 1.0426520 3.3223784 1.0133171 2.2477174 
n292_293   0.5115107 1.7427881 1.7595060 1.8612433 1.7350458 0.1119708 4.1501268 1.9351964 0.4827325 0.0374698 1.6722520 2.1386648 1.7070295 1.9226806 2.4508522 0.0000000 0.1002191 1.6972992 1.8870915 3.3137035 2.0163258 1.7196202 2.0719318 3.4154786 1.9404233 0.0339861 
n280_281   0.5657377 2.1783987 1.8691479 2.3106860 1.7707201 0.1573006 4.8291238 2.0289373 0.5419908 0.1121303 1.8213775 2.1241488 1.8050163 2.0083385 2.5926257 0.1002191 0.0000000 1.9093582 1.9227357 2.8275236 2.0517831 1.9761561 2.1154294 3.8199782 2.0277283 0.1160523 
n295_296   2.2605478 1.6894336 0.0451015 1.7329877 0.1338873 1.7405073 4.6180305 0.2767943 2.2558882 1.6535860 0.4965637 0.2818254 0.1253975 0.2401964 1.0029886 1.6972992 1.9093582 0.0000000 0.1340445 2.8943129 2.0473416 2.0631064 0.2629406 3.9745942 0.2453433 1.6798716 
n287_288   1.9781727 1.8239914 0.1137359 1.8338748 0.0344104 1.9784152 5.4390826 0.2572265 2.2556432 1.8539116 0.5103545 0.2775269 0.0415571 0.2359801 0.9514546 1.8870915 1.9227357 0.1340445 0.0000000 2.7061149 2.4405178 2.4603297 0.2634566 4.5064313 0.2462706 1.8550202 
n244_245   2.8434763 2.8412848 3.0041267 3.0462423 2.7623287 3.3021521 1.8619460 4.5092275 3.5332063 2.9261342 2.3484053 4.9512912 2.8021570 3.9877960 2.4257178 3.3137035 2.8275236 2.8943129 2.7061149 0.0000000 2.4088497 2.7819995 4.4699423 2.4030049 4.9178909 2.7562471 
n265_266   2.1353136 0.9779211 2.0438862 1.0187452 2.0915129 1.9301728 2.1113219 2.2930555 2.2840234 1.8565393 2.0007150 2.5638030 2.1024834 2.0310380 1.7465856 2.0163258 2.0517831 2.0473416 2.4405178 2.4088497 0.0000000 0.1760684 2.4419427 2.0171709 2.0563186 1.8484790 
n266_267   1.6615912 0.8758818 2.1538980 0.8718421 2.1597590 1.8051478 2.3118394 2.4539013 2.0436375 1.6593559 2.4236242 2.9649293 2.2071102 2.1433653 1.9084804 1.7196202 1.9761561 2.0631064 2.4603297 2.7819995 0.1760684 0.0000000 2.5936487 2.3901215 2.1659389 1.6252070 
n294_295   2.6802701 1.6448893 0.2575828 1.6540286 0.2681478 1.8111555 9.0000000 0.1258914 3.1941414 2.1083648 0.5993272 0.0450681 0.2674207 0.1292566 1.0426520 2.0719318 2.1154294 0.2629406 0.2634566 4.4699423 2.4419427 2.5936487 0.0000000 4.5195191 0.1418148 2.1517491 
n251_252   2.6202746 3.6582159 3.6061473 3.8159231 3.8969842 4.5312255 0.3443881 5.4232181 2.7088511 3.2244748 2.8237468 5.1807602 3.4790664 4.5847088 3.3223784 3.4154786 3.8199782 3.9745942 4.5064313 2.4030049 2.0171709 2.3901215 4.5195191 0.0000000 4.6752707 3.2075237 
n298_299   2.1486211 1.6201059 0.2353915 1.6293844 0.2508290 1.8915052 5.2182339 0.1631269 2.4632826 1.9393329 0.5551376 0.1414105 0.2455610 0.0238093 1.0133171 1.9404233 2.0277283 0.2453433 0.2462706 4.9178909 2.0563186 2.1659389 0.1418148 4.6752707 0.0000000 1.9753682 
n300_301   0.5262389 1.7441553 1.7407293 1.8629493 1.7117244 0.1281139 3.5887683 2.0035945 0.5043832 0.0099886 1.5958797 2.2755581 1.6811910 1.9201756 2.2477174 0.0339861 0.1160523 1.6798716 1.8550202 2.7562471 1.8484790 1.6252070 2.1517491 3.2075237 1.9753682 0.0000000 
