22
n278_237   0.0000000 1.6975007 1.6855374 1.8805064 1.7829052 0.1355164 1.9034413 0.4744270 1.6921385 2.2441530 0.4734098 0.4228686 1.8969736 2.0766370 0.4794933 0.4794999 1.6813789 1.7205791 2.8810215 2.0585339 1.9672644 2.1901110 
n236_203   1.6975007 0.0000000 0.6039702 1.0680466 0.6493993 1.9105295 0.7230063 2.5715756 0.6584330 2.4094322 2.4329979 2.5165324 0.7335706 0.7869464 2.5833976 2.5102152 0.6018881 0.5949845 4.0341701 0.7510584 0.7867653 1.9563120 
n287_244   1.6855374 0.6039702 0.0000000 1.0246712 0.1526749 1.6370892 0.3734548 2.0182322 0.1403443 1.8827921 2.0278179 2.0117012 0.3792744 0.3964749 2.0266962 1.9401103 0.0485172 0.0414184 2.4426588 0.3910015 0.4138665 2.5534896 
n200_173   1.8805064 1.0680466 1.0246712 0.0000000 1.0505182 1.8070604 1.1797671 1.6765333 1.0372219 1.8350379 1.6583626 1.6981177 1.2349474 1.1795585 1.7577328 1.7195595 0.9677283 0.9831220 2.1347447 1.2016696 1.1760465 2.0025542 
n296_253   1.7829052 0.6493993 0.1526749 1.0505182 0.0000000 1.7569898 0.3682495 1.9740093 0.0377609 1.9052326 1.9034255 1.9996655 0.3628617 0.3973522 1.9794301 1.9811337 0.1612298 0.1529915 3.3223930 0.3683342 0.4147963 2.1192314 
n277_236   0.1355164 1.9105295 1.6370892 1.8070604 1.7569898 0.0000000 2.0430772 0.5021263 1.6402239 2.0361950 0.5081571 0.4684088 1.9972111 2.1624833 0.5145204 0.5145334 1.5745864 1.6090336 2.6081404 2.3662422 2.0416012 2.1038308 
n294_251   1.9034413 0.7230063 0.3734548 1.1797671 0.3682495 2.0430772 0.0000000 2.2739580 0.3625449 1.5789833 2.1856367 2.2056918 0.0343179 0.1325217 2.3611277 2.2970029 0.3727253 0.3795840 2.3689324 0.1408858 0.1489562 1.8556801 
n280_239   0.4744270 2.5715756 2.0182322 1.6765333 1.9740093 0.5021263 2.2739580 0.0000000 1.9052541 2.2039488 0.0846409 0.1271784 2.4707515 2.4152156 0.0846120 0.0884162 2.0122410 2.0698386 2.6970262 2.3369972 2.3253333 2.1619466 
n295_252   1.6921385 0.6584330 0.1403443 1.0372219 0.0377609 1.6402239 0.3625449 1.9052541 0.0000000 2.1385489 1.7635590 1.9292179 0.3739260 0.3972682 1.9104919 1.9121352 0.1487406 0.1447218 3.1541708 0.3623110 0.4147094 2.2914730 
n255_218   2.2441530 2.4094322 1.8827921 1.8350379 1.9052326 2.0361950 1.5789833 2.2039488 2.1385489 0.0000000 2.2923810 2.0939886 1.6144689 1.7614209 2.1734990 2.2998073 2.0854391 1.9151180 1.7480011 1.6523528 1.7810339 0.3068337 
n300_257   0.4734098 2.4329979 2.0278179 1.6583626 1.9034255 0.5081571 2.1856367 0.0846409 1.7635590 2.2923810 0.0000000 0.1192346 2.3618941 2.6054017 0.0201703 0.0374611 2.0218022 2.1367496 3.6175294 2.2998912 2.5895291 2.3866323 
n274_233   0.4228686 2.5165324 2.0117012 1.6981177 1.9996655 0.4684088 2.2056918 0.1271784 1.9292179 2.0939886 0.1192346 0.0000000 2.3873285 2.5578014 0.1191910 0.1232056 2.0057423 2.0630169 2.8603571 2.5206487 2.3704360 2.2582410 
n293_250   1.8969736 0.7335706 0.3792744 1.2349474 0.3628617 1.9972111 0.0343179 2.4707515 0.3739260 1.6144689 2.3618941 2.3873285 0.0000000 0.1406663 2.5795202 2.4981342 0.3903075 0.3973842 2.5701494 0.1409203 0.1572967 1.9930286 
n298_255   2.0766370 0.7869464 0.3964749 1.1795585 0.3973522 2.1624833 0.1325217 2.4152156 0.3972682 1.7614209 2.6054017 2.5578014 0.1406663 0.0000000 2.8975702 2.6648120 0.3961221 0.4032671 2.9991224 0.1325236 0.0377687 2.0754053 
n299_256   0.4794933 2.5833976 2.0266962 1.7577328 1.9794301 0.5145204 2.3611277 0.0846120 1.9104919 2.1734990 0.0201703 0.1191910 2.5795202 2.8975702 0.0000000 0.0374495 2.0206746 2.1357662 3.4249785 2.4997137 2.8755592 2.1989294 
n292_249   0.4794999 2.5102152 1.9401103 1.7195595 1.9811337 0.5145334 2.2970029 0.0884162 1.9121352 2.2998073 0.0374611 0.1232056 2.4981342 2.6648120 0.0374495 0.0000000 1.9346368 2.0380096 3.1682917 2.4071942 2.6479730 2.3296193 
n290_247   1.6813789 0.6018881 0.0485172 0.9677283 0.1612298 1.5745864 0.3727253 2.0122410 0.1487406 2.0854391 2.0218022 2.0057423 0.3903075 0.3961221 2.0206746 1.9346368 0.0000000 0.0343166 2.3056083 0.3906806 0.4013052 2.6091394 
n289_246   1.7205791 0.5949845 0.0414184 0.9831220 0.1529915 1.6090336 0.3795840 2.0698386 0.1447218 1.9151180 2.1367496 2.0630169 0.3973842 0.4032671 2.1357662 2.0380096 0.0343166 0.0000000 2.3088379 0.3977642 0.4085051 2.4533334 
n244_211   2.8810215 4.0341701 2.4426588 2.1347447 3.3223930 2.6081404 2.3689324 2.6970262 3.1541708 1.7480011 3.6175294 2.8603571 2.5701494 2.9991224 3.4249785 3.1682917 2.3056083 2.3088379 0.0000000 3.1943339 3.2981036 1.8933525 
n275_234   2.0585339 0.7510584 0.3910015 1.2016696 0.3683342 2.3662422 0.1408858 2.3369972 0.3623110 1.6523528 2.2998912 2.5206487 0.1409203 0.1325236 2.4997137 2.4071942 0.3906806 0.3977642 3.1943339 0.0000000 0.1488415 1.9369098 
n297_254   1.9672644 0.7867653 0.4138665 1.1760465 0.4147963 2.0416012 0.1489562 2.3253333 0.4147094 1.7810339 2.5895291 2.3704360 0.1572967 0.0377687 2.8755592 2.6479730 0.4013052 0.4085051 3.2981036 0.1488415 0.0000000 2.2651006 
n251_214   2.1901110 1.9563120 2.5534896 2.0025542 2.1192314 2.1038308 1.8556801 2.1619466 2.2914730 0.3068337 2.3866323 2.2582410 1.9930286 2.0754053 2.1989294 2.3296193 2.6091394 2.4533334 1.8933525 1.9369098 2.2651006 0.0000000 
