26
n277_278   0.0000000 2.1029341 1.9955780 2.4361699 2.0947778 0.4072164 7.4009980 2.0877184 0.0854236 0.4259988 2.0472615 1.8713555 2.1985514 1.9729988 1.9102329 0.4198825 0.3624987 2.0889029 2.0679166 2.8105717 2.1840791 2.0365640 2.0154061 3.0736619 1.8902623 0.4205994 
n286_287   2.1029341 0.0000000 2.0935666 0.0818859 2.2057394 1.5892094 2.3238484 2.0876040 2.0484809 1.8978341 1.7542906 2.1795078 2.4784775 1.9973847 2.9160036 1.8612987 1.8260408 2.2760202 2.3549773 1.8549500 1.1470621 1.0870544 2.2823383 2.0465403 1.9652837 1.8746631 
n296_297   1.9955780 2.0935666 0.0000000 2.2096394 0.1709528 2.2690468 2.8920426 0.3287022 2.0528275 2.5534891 0.5994806 0.3230476 0.1498836 0.3078072 1.0824668 2.5093171 2.2454766 0.0341981 0.1581785 1.8788028 2.4788009 1.9362699 0.3287093 2.7835909 0.3237166 2.5135222 
n285_286   2.4361699 0.0818859 2.2096394 0.0000000 2.0015073 1.7726308 2.0977179 2.2839671 2.3359674 2.0915076 1.8623576 2.2582767 2.1801787 2.2251210 3.3600986 2.0645322 2.0446531 2.2236570 2.0864517 2.0831950 1.0939438 1.0556904 2.2788116 1.8960314 2.1851420 2.0640804 
n289_290   2.0947778 2.2057394 0.1709528 2.0015073 0.0000000 2.2019192 2.2263760 0.3365057 2.1563632 2.4650166 0.6014387 0.3138112 0.0343516 0.3046190 0.9822910 2.5744459 2.1445708 0.1797133 0.0450531 2.1279697 2.1745095 1.8835884 0.3251188 2.7625263 0.3205331 2.4939147 
n274_275   0.4072164 1.5892094 2.2690468 1.7726308 2.2019192 0.0000000 3.9897576 2.2341465 0.4384747 0.1236864 2.0855982 1.9516480 2.3079488 1.9792564 2.0867338 0.1279192 0.1003218 2.4936425 2.1632246 3.1222293 1.9438134 1.8575043 1.9896093 3.0854248 2.0069034 0.1401022 
n255_256   7.4009980 2.3238484 2.8920426 2.0977179 2.2263760 3.9897576 0.0000000 2.6333374 4.7033182 8.9999989 8.9999989 2.8071575 2.2191955 2.6567877 1.9916704 8.9999987 5.5252783 2.9168676 2.3545337 1.8097339 2.5930789 2.2100906 3.2428205 0.2875295 2.6418199 8.9999988 
n275_276   2.0877184 2.0876040 0.3287022 2.2839671 0.3365057 2.2341465 2.6333374 0.0000000 2.2366828 2.4753689 0.5212435 0.1324771 0.3099910 0.0969185 1.1077387 2.6084776 2.2728398 0.3237631 0.3374282 2.1504172 2.2970125 1.9172988 0.1490825 2.3782419 0.1086028 2.5056932 
n278_279   0.0854236 2.0484809 2.0528275 2.3359674 2.1563632 0.4384747 4.7033182 2.2366828 0.0000000 0.4389962 2.1507937 1.8835194 2.2669965 1.9949640 2.0065369 0.4396829 0.3634485 2.1526133 2.1270086 2.9127309 2.2369922 2.1952679 2.0303669 2.9433072 1.9096118 0.4208398 
n299_300   0.4259988 1.8978341 2.5534891 2.0915076 2.4650166 0.1236864 8.9999989 2.4753689 0.4389962 0.0000000 2.0124431 2.0048528 2.5402857 2.0496034 2.1029951 0.0447738 0.0738082 2.7900176 2.4111484 4.1284953 1.9606913 1.8142605 2.0577575 3.1446886 1.9926174 0.0202921 
n236_237   2.0472615 1.7542906 0.5994806 1.8623576 0.6014387 2.0855982 8.9999989 0.5212435 2.1507937 2.0124431 0.0000000 0.5424934 0.6035127 0.4865512 0.9274470 2.0680967 2.1319962 0.5995256 0.5956324 2.5313244 2.9774563 2.1377098 0.5642511 3.0739801 0.5072153 2.0287411 
n293_294   1.8713555 2.1795078 0.3230476 2.2582767 0.3138112 1.9516480 2.8071575 0.1324771 1.8835194 2.0048528 0.5424934 0.0000000 0.2983887 0.0891487 1.1003301 2.1338650 1.8511418 0.3287780 0.3089482 2.1532187 2.2398442 1.9077800 0.0342145 2.3551038 0.0968208 2.0558147 
n290_291   2.1985514 2.4784775 0.1498836 2.1801787 0.0343516 2.3079488 2.2191955 0.3099910 2.2669965 2.5402857 0.6035127 0.2983887 0.0000000 0.2792122 1.0111251 2.5938692 2.2466080 0.1583801 0.0451128 1.9913123 2.1848937 1.7790495 0.3094385 2.5793667 0.2945695 2.5715567 
n297_298   1.9729988 1.9973847 0.3078072 2.2251210 0.3046190 1.9792564 2.6567877 0.0969185 1.9949640 2.0496034 0.4865512 0.0891487 0.2792122 0.0000000 1.0569216 2.1873987 2.0124531 0.3025800 0.2997929 2.0243666 2.1713365 1.8411913 0.1046776 2.5767873 0.0237841 2.0664560 
n200_201   1.9102329 2.9160036 1.0824668 3.3600986 0.9822910 2.0867338 1.9916704 1.1077387 2.0065369 2.1029951 0.9274470 1.1003301 1.0111251 1.0569216 0.0000000 2.2667601 2.0843357 1.0373411 0.9809593 9.0000000 2.1015974 2.1694278 1.0927084 1.8952107 1.0574656 2.0617871 
n292_293   0.4198825 1.8612987 2.5093171 2.0645322 2.5744459 0.1279192 8.9999987 2.6084776 0.4396829 0.0447738 2.0680967 2.1338650 2.5938692 2.1873987 2.2667601 0.0000000 0.0776641 2.8093683 2.4561498 3.6921958 2.0008768 1.8467383 2.1947600 3.9324866 2.1602270 0.0592801 
n280_281   0.3624987 1.8260408 2.2454766 2.0446531 2.1445708 0.1003218 5.5252783 2.2728398 0.3634485 0.0738082 2.1319962 1.8511418 2.2466080 2.0124531 2.0843357 0.0776641 0.0000000 2.4104229 2.1089008 3.6418268 1.8467883 1.8474995 1.8955465 3.5357331 1.9159987 0.0889932 
n295_296   2.0889029 2.2760202 0.0341981 2.2236570 0.1797133 2.4936425 2.9168676 0.3237631 2.1526133 2.7900176 0.5995256 0.3287780 0.1583801 0.3025800 1.0373411 2.8093683 2.4104229 0.0000000 0.1667752 1.9010940 2.3101428 1.9093601 0.3233313 2.5703218 0.3294612 2.7419102 
n287_288   2.0679166 2.3549773 0.1581785 2.0864517 0.0450531 2.1632246 2.3545337 0.3374282 2.1270086 2.4111484 0.5956324 0.3089482 0.0451128 0.2997929 0.9809593 2.4561498 2.1089008 0.1667752 0.0000000 2.0060243 2.1634567 1.8757381 0.3201824 2.8788062 0.3156131 2.4376580 
n244_245   2.8105717 1.8549500 1.8788028 2.0831950 2.1279697 3.1222293 1.8097339 2.1504172 2.9127309 4.1284953 2.5313244 2.1532187 1.9913123 2.0243666 9.0000000 3.6921958 3.6418268 1.9010940 2.0060243 0.0000000 2.4460343 2.3999826 2.1367329 1.7604747 2.0693855 3.9246516 
n265_266   2.1840791 1.1470621 2.4788009 1.0939438 2.1745095 1.9438134 2.5930789 2.2970125 2.2369922 1.9606913 2.9774563 2.2398442 2.1848937 2.1713365 2.1015974 2.0008768 1.8467883 2.3101428 2.1634567 2.4460343 0.0000000 0.2237704 2.1328629 2.2226051 2.1085727 1.9677155 
n266_267   2.0365640 1.0870544 1.9362699 1.0556904 1.8835884 1.8575043 2.2100906 1.9172988 2.1952679 1.8142605 2.1377098 1.9077800 1.7790495 1.8411913 2.1694278 1.8467383 1.8474995 1.9093601 1.8757381 2.3999826 0.2237704 0.0000000 1.8041013 1.8639649 1.8595762 1.8201774 
n294_295   2.0154061 2.2823383 0.3287093 2.2788116 0.3251188 1.9896093 3.2428205 0.1490825 2.0303669 2.0577575 0.5642511 0.0342145 0.3094385 0.1046776 1.0927084 2.1947600 1.8955465 0.3233313 0.3201824 2.1367329 2.1328629 1.8041013 0.0000000 2.5973034 0.1164953 2.1118687 
n251_252   3.0736619 2.0465403 2.7835909 1.8960314 2.7625263 3.0854248 0.2875295 2.3782419 2.9433072 3.1446886 3.0739801 2.3551038 2.5793667 2.5767873 1.8952107 3.9324866 3.5357331 2.5703218 2.8788062 1.7604747 2.2226051 1.8639649 2.5973034 0.0000000 2.5639545 3.2976080 
n298_299   1.8902623 1.9652837 0.3237166 2.1851420 0.3205331 2.0069034 2.6418199 0.1086028 1.9096118 1.9926174 0.5072153 0.0968208 0.2945695 0.0237841 1.0574656 2.1602270 1.9159987 0.3294612 0.3156131 2.0693855 2.1085727 1.8595762 0.1164953 2.5639545 0.0000000 2.0080837 
n300_301   0.4205994 1.8746631 2.5135222 2.0640804 2.4939147 0.1401022 8.9999988 2.5056932 0.4208398 0.0202921 2.0287411 2.0558147 2.5715567 2.0664560 2.0617871 0.0592801 0.0889932 2.7419102 2.4376580 3.9246516 1.9677155 1.8201774 2.1118687 3.2976080 2.0080837 0.0000000 
