26
n200_201   0.0000000 0.3524814 0.1699488 0.1486889 0.3356640 0.1529317 0.1527478 0.3455150 0.3397926 0.4458832 0.1613061 0.1573786 0.1571504 0.3352997 0.1656194 0.1657831 0.1529054 0.1528598 0.3834825 0.3239898 0.1571484 0.1613366 0.3723009 0.3616437 0.4327190 0.3460397 
n299_314   0.3524814 0.0000000 0.3182371 0.3182359 0.0169748 0.3237109 0.3289180 0.2886032 0.2883924 0.3866467 0.3344756 0.3630610 0.3291208 0.0238808 0.3235481 0.3347569 0.3236752 0.3235666 0.3027721 0.0743751 0.3291152 0.3344470 0.3027247 0.3625504 0.3747825 0.0934114 
n289_300   0.1699488 0.3182371 0.0000000 0.0376152 0.3127171 0.0341215 0.0446829 0.3682093 0.3622858 0.4264710 0.0411566 0.0965955 0.0168446 0.2969315 0.0033357 0.0376726 0.0411541 0.0411428 0.4074910 0.2665888 0.0306360 0.0202610 0.3897213 0.3614447 0.4019793 0.2868155 
n275_282   0.1486889 0.3182359 0.0376152 0.0000000 0.3127156 0.0306030 0.0066833 0.3452370 0.3395193 0.4196776 0.0375953 0.0775663 0.0271384 0.2969294 0.0340968 0.0341288 0.0033346 0.0033337 0.3891758 0.2714942 0.0271381 0.0306032 0.3718732 0.3387223 0.3954423 0.2918646 
n280_287   0.3356640 0.0169748 0.3127171 0.3127156 0.0000000 0.3181426 0.3233088 0.2833048 0.2830989 0.3982424 0.3288175 0.3571480 0.3235075 0.0204031 0.3179837 0.3346496 0.3181087 0.3180023 0.2871489 0.0705959 0.3235020 0.3287902 0.2871078 0.3566477 0.3801896 0.0895117 
n296_311   0.1529317 0.3237109 0.0341215 0.0306030 0.3181426 0.0000000 0.0375944 0.3509573 0.3451876 0.4141455 0.0271477 0.0850868 0.0236952 0.3022269 0.0306209 0.0237209 0.0341014 0.0340921 0.3720946 0.2716450 0.0168421 0.0271443 0.3606894 0.3443792 0.3900646 0.2920321 
n294_307   0.1527478 0.3289180 0.0446829 0.0066833 0.3233088 0.0375944 0.0000000 0.3563382 0.3505251 0.4255857 0.0446592 0.0850737 0.0340953 0.3072834 0.0411258 0.0411644 0.0100532 0.0033336 0.4009642 0.2814753 0.0340949 0.0375946 0.3833744 0.3497070 0.4011636 0.3021461 
n285_294   0.3455150 0.2886032 0.3682093 0.3452370 0.2833048 0.3509573 0.3563382 0.0000000 0.0067286 0.4044234 0.3563543 0.3859008 0.3565794 0.2729652 0.3679027 0.3682909 0.3508946 0.3507745 0.1573852 0.2582868 0.3565730 0.3621103 0.1575616 0.3184755 0.3920168 0.2734057 
n286_295   0.3397926 0.2883924 0.3622858 0.3395193 0.2830989 0.3451876 0.3505251 0.0067286 0.0000000 0.4040941 0.3505411 0.3798176 0.3507615 0.2727688 0.3619853 0.3623665 0.3451273 0.3450097 0.1572833 0.2581033 0.3507553 0.3562458 0.1574594 0.3182371 0.3917016 0.2732087 
n251_252   0.4458832 0.3866467 0.4264710 0.4196776 0.3982424 0.4141455 0.4255857 0.4044234 0.4040941 0.0000000 0.4020734 0.4649009 0.4202784 0.3920682 0.4201740 0.4208613 0.4136030 0.4258101 0.4586575 0.3569417 0.4082242 0.4202087 0.4459690 0.3338284 0.0342168 0.3800639 
n290_303   0.1613061 0.3344756 0.0411566 0.0375953 0.3288175 0.0271477 0.0446592 0.3563543 0.3505411 0.4020734 0.0000000 0.0965429 0.0306202 0.3126601 0.0376175 0.0168575 0.0411323 0.0411210 0.3835987 0.2816322 0.0100544 0.0341037 0.3720051 0.3389612 0.3783942 0.3023190 
n236_237   0.1573786 0.3630610 0.0965955 0.0775663 0.3571480 0.0850868 0.0850737 0.3859008 0.3798176 0.4649009 0.0965429 0.0000000 0.0851308 0.3403041 0.0927317 0.0928209 0.0813382 0.0813151 0.4321706 0.3132366 0.0851298 0.0889033 0.4137834 0.3843706 0.4390846 0.3240789 
n296_309   0.1571504 0.3291208 0.0168446 0.0271384 0.3235075 0.0236952 0.0340953 0.3565794 0.3507615 0.4202784 0.0306202 0.0851308 0.0000000 0.3074705 0.0134376 0.0271796 0.0306185 0.0306101 0.3895181 0.2766642 0.0202623 0.0033345 0.3721941 0.3499426 0.3959957 0.2972022 
n274_281   0.3352997 0.0238808 0.2969315 0.2969294 0.0204031 0.3022269 0.3072834 0.2729652 0.2727688 0.3920682 0.3126601 0.3403041 0.3074705 0.0000000 0.3020789 0.3183451 0.3021977 0.3020978 0.2867574 0.0558538 0.3074655 0.3126365 0.2868057 0.3452904 0.3741784 0.0743437 
n287_296   0.1656194 0.3235481 0.0033357 0.0340968 0.3179837 0.0306209 0.0411258 0.3679027 0.3619853 0.4201740 0.0376175 0.0927317 0.0134376 0.3020789 0.0000000 0.0341489 0.0376152 0.0376049 0.4013643 0.2715167 0.0271539 0.0168363 0.3837489 0.3611453 0.3958977 0.2918908 
n289_302   0.1657831 0.3347569 0.0376726 0.0341288 0.3346496 0.0237209 0.0411644 0.3682909 0.3623665 0.4208613 0.0168575 0.0928209 0.0271796 0.3183451 0.0341489 0.0000000 0.0376505 0.0376402 0.4018654 0.2870449 0.0066938 0.0306498 0.3899537 0.3561214 0.3965374 0.3079145 
n298_313   0.1529054 0.3236752 0.0411541 0.0033346 0.3181087 0.0341014 0.0100532 0.3508946 0.3451273 0.4136030 0.0411323 0.0813382 0.0306185 0.3021977 0.0376152 0.0376505 0.0000000 0.0066861 0.3893760 0.2765676 0.0306181 0.0341017 0.3720623 0.3443193 0.3895731 0.2970950 
n293_306   0.1528598 0.3235666 0.0411428 0.0033337 0.3180023 0.0340921 0.0033336 0.3507745 0.3450097 0.4258101 0.0411210 0.0813151 0.0306101 0.3020978 0.0376049 0.0376402 0.0066861 0.0000000 0.3950512 0.2764778 0.0306097 0.0340923 0.3776075 0.3442022 0.4013716 0.2969971 
n265_270   0.3834825 0.3027721 0.4074910 0.3891758 0.2871489 0.3720946 0.4009642 0.1573852 0.1572833 0.4586575 0.3835987 0.4321706 0.3895181 0.2867574 0.4013643 0.4018654 0.3893760 0.3950512 0.0000000 0.2716498 0.3895818 0.3952922 0.0306540 0.3955862 0.4328947 0.2920351 
n277_284   0.3239898 0.0743751 0.2665888 0.2714942 0.0705959 0.2716450 0.2814753 0.2582868 0.2581033 0.3569417 0.2816322 0.3132366 0.2766642 0.0558538 0.2715167 0.2870449 0.2765676 0.2764778 0.2716498 0.0000000 0.2766599 0.2816147 0.2716983 0.3340096 0.3345597 0.0169379 
n287_298   0.1571484 0.3291152 0.0306360 0.0271381 0.3235020 0.0168421 0.0340949 0.3565730 0.3507553 0.4082242 0.0100544 0.0851298 0.0202623 0.3074655 0.0271539 0.0066938 0.0306181 0.0306097 0.3895818 0.2766599 0.0000000 0.0236951 0.3778863 0.3446185 0.3843375 0.2971974 
n295_308   0.1613366 0.3344470 0.0202610 0.0306032 0.3287902 0.0271443 0.0375946 0.3621103 0.3562458 0.4202087 0.0341037 0.0889033 0.0033345 0.3126365 0.0168363 0.0306498 0.0341017 0.0340923 0.3952922 0.2816147 0.0236951 0.0000000 0.3778324 0.3554167 0.3959310 0.3022976 
n266_271   0.3723009 0.3027247 0.3897213 0.3718732 0.2871078 0.3606894 0.3833744 0.1575616 0.1574594 0.4459690 0.3720051 0.4137834 0.3721941 0.2868057 0.3837489 0.3899537 0.3720623 0.3776075 0.0306540 0.2716983 0.3778863 0.3778324 0.0000000 0.3898503 0.4206562 0.2920833 
n244_245   0.3616437 0.3625504 0.3614447 0.3387223 0.3566477 0.3443792 0.3497070 0.3184755 0.3182371 0.3338284 0.3389612 0.3843706 0.3499426 0.3452904 0.3611453 0.3561214 0.3443193 0.3442022 0.3955862 0.3340096 0.3446185 0.3554167 0.3898503 0.0000000 0.3122173 0.3509721 
n255_258   0.4327190 0.3747825 0.4019793 0.3954423 0.3801896 0.3900646 0.4011636 0.3920168 0.3917016 0.0342168 0.3783942 0.4390846 0.3959957 0.3741784 0.3958977 0.3965374 0.3895731 0.4013716 0.4328947 0.3345597 0.3843375 0.3959310 0.4206562 0.3122173 0.0000000 0.3569362 
n278_285   0.3460397 0.0934114 0.2868155 0.2918646 0.0895117 0.2920321 0.3021461 0.2734057 0.2732087 0.3800639 0.3023190 0.3240789 0.2972022 0.0743437 0.2918908 0.3079145 0.2970950 0.2969971 0.2920351 0.0169379 0.2971974 0.3022976 0.2920833 0.3509721 0.3569362 0.0000000 
