24
n289_290   0.0000000 0.0413311 0.0134756 0.3220849 0.2514180 0.0519180 0.0134851 0.2561843 0.3765577 0.0377749 0.3282952 0.0168915 0.4036738 0.2801687 0.0033452 0.1358955 0.2848626 0.0519380 0.1007818 0.2705531 0.2891944 0.0377100 0.4071091 0.2610402 
n294_295   0.0413311 0.0000000 0.0342875 0.3226055 0.2422226 0.0448217 0.0413580 0.2469336 0.3821034 0.0101183 0.3283088 0.0378240 0.3976431 0.2706396 0.0377899 0.1279975 0.2752818 0.0448390 0.0893591 0.2611375 0.2848458 0.0169139 0.4128910 0.2517308 
n295_296   0.0134756 0.0342875 0.0000000 0.3169155 0.2420386 0.0447906 0.0203214 0.2467459 0.3704550 0.0307681 0.3230722 0.0033472 0.3973341 0.2704328 0.0100816 0.1279044 0.2750714 0.0448079 0.0894225 0.2609384 0.2793689 0.0307153 0.4007063 0.2515392 
n266_267   0.3220849 0.3226055 0.3169155 0.0000000 0.2221027 0.3205759 0.3332598 0.2266615 0.4055833 0.3172019 0.0203448 0.3223098 0.4461472 0.2546876 0.3219908 0.2796491 0.2592187 0.3263510 0.3123655 0.2355291 0.1489687 0.3156474 0.4252677 0.2312980 
n299_300   0.2514180 0.2422226 0.2420386 0.2221027 0.0000000 0.2417706 0.2611820 0.0033337 0.3487220 0.2374065 0.2357121 0.2468778 0.3530338 0.0375140 0.2466384 0.2048700 0.0409841 0.2418637 0.2426211 0.0134225 0.2217633 0.2319339 0.3662404 0.0066836 
n298_299   0.0519180 0.0448217 0.0447906 0.3205759 0.2417706 0.0000000 0.0591686 0.2464728 0.3867197 0.0412525 0.3267495 0.0483750 0.3910240 0.2749876 0.0483316 0.1276229 0.2796487 0.0067064 0.1045056 0.2606502 0.2936806 0.0411814 0.4176685 0.2512609 
n290_291   0.0134851 0.0413580 0.0203214 0.3332598 0.2611820 0.0591686 0.0000000 0.2660142 0.3933239 0.0378004 0.3445636 0.0237750 0.4210132 0.2903319 0.0100887 0.1441114 0.2950883 0.0591916 0.1086147 0.2805804 0.2893945 0.0448105 0.4246114 0.2709402 
n274_275   0.2561843 0.2469336 0.2467459 0.2266615 0.0033337 0.2464728 0.2660142 0.0000000 0.3432207 0.2420853 0.2403529 0.2516179 0.3585020 0.0410221 0.2513735 0.2093369 0.0445059 0.2465676 0.2473415 0.0168171 0.2263146 0.2365653 0.3656802 0.0100485 
n251_252   0.3765577 0.3821034 0.3704550 0.4055833 0.3487220 0.3867197 0.3933239 0.3432207 0.0000000 0.3762441 0.4177668 0.3762671 0.2737572 0.3761839 0.3758908 0.3351859 0.3758929 0.3754440 0.3761401 0.3646223 0.4237093 0.3755062 0.0447914 0.3597454 
n293_294   0.0377749 0.0101183 0.0307681 0.3172019 0.2374065 0.0412525 0.0378004 0.2420853 0.3762441 0.0000000 0.3282371 0.0342850 0.3916709 0.2656289 0.0342533 0.1239451 0.2702407 0.0412684 0.0855211 0.2561927 0.2797436 0.0134924 0.4067633 0.2468483 
n265_266   0.3282952 0.3283088 0.3230722 0.0203448 0.2357121 0.3267495 0.3445636 0.2403529 0.4177668 0.3282371 0.0000000 0.3285250 0.4464260 0.2689036 0.3281988 0.2853993 0.2735124 0.3325922 0.3236915 0.2493663 0.1529766 0.3217725 0.4378231 0.2450766 
n296_297   0.0168915 0.0378240 0.0033472 0.3223098 0.2468778 0.0483750 0.0237750 0.2516179 0.3762671 0.0342850 0.3285250 0.0000000 0.4033566 0.2754701 0.0134796 0.1319725 0.2801395 0.0483937 0.0932814 0.2659084 0.2844569 0.0342251 0.4067868 0.2564459 
n244_245   0.4036738 0.3976431 0.3973341 0.4461472 0.3530338 0.3910240 0.4210132 0.3585020 0.2737572 0.3916709 0.4464260 0.4033566 0.0000000 0.3852275 0.4029520 0.3499547 0.3791457 0.3911654 0.3857720 0.3689979 0.4511879 0.3794618 0.2887604 0.3586366 
n278_279   0.2801687 0.2706396 0.2704328 0.2546876 0.0375140 0.2749876 0.2903319 0.0410221 0.3761839 0.2656289 0.2689036 0.2754701 0.3852275 0.0000000 0.2752011 0.2318149 0.0133937 0.2750924 0.2710950 0.0516301 0.2443654 0.2502808 0.3937723 0.0445537 
n287_288   0.0033452 0.0377899 0.0100816 0.3219908 0.2466384 0.0483316 0.0100887 0.2513735 0.3758908 0.0342533 0.3281988 0.0134796 0.4029520 0.2752011 0.0000000 0.1318495 0.2798658 0.0483502 0.0969173 0.2656494 0.2841793 0.0341945 0.4063765 0.2561965 
n200_201   0.1358955 0.1279975 0.1279044 0.2796491 0.2048700 0.1276229 0.1441114 0.2093369 0.3351859 0.1239451 0.2853993 0.1319725 0.3499547 0.2318149 0.1318495 0.0000000 0.2362285 0.1276725 0.1320118 0.2136277 0.2547868 0.1237243 0.3637521 0.2138756 
n277_278   0.2848626 0.2752818 0.2750714 0.2592187 0.0409841 0.2796487 0.2950883 0.0445059 0.3758929 0.2702407 0.2735124 0.2801395 0.3791457 0.0133937 0.2798658 0.2362285 0.0000000 0.2797550 0.2757465 0.0551545 0.2583520 0.2644357 0.3875913 0.0480519 
n297_298   0.0519380 0.0448390 0.0448079 0.3263510 0.2418637 0.0067064 0.0591916 0.2465676 0.3754440 0.0412684 0.3325922 0.0483937 0.3911654 0.2750924 0.0483502 0.1276725 0.2797550 0.0000000 0.1045463 0.2607499 0.2945240 0.0411973 0.4058844 0.2513574 
n236_237   0.1007818 0.0893591 0.0894225 0.3123655 0.2426211 0.1045056 0.1086147 0.2473415 0.3761401 0.0855211 0.3236915 0.0932814 0.3857720 0.2710950 0.0969173 0.1320118 0.2757465 0.1045463 0.0000000 0.2615736 0.2902785 0.0853701 0.4003742 0.2521483 
n280_281   0.2705531 0.2611375 0.2609384 0.2355291 0.0134225 0.2606502 0.2805804 0.0168171 0.3646223 0.2561927 0.2493663 0.2659084 0.3689979 0.0516301 0.2656494 0.2136277 0.0551545 0.2607499 0.2615736 0.0000000 0.2400392 0.2505302 0.3825335 0.0202303 
n285_286   0.2891944 0.2848458 0.2793689 0.1489687 0.2217633 0.2936806 0.2893945 0.2263146 0.4237093 0.2797436 0.1529766 0.2844569 0.4511879 0.2443654 0.2841793 0.2547868 0.2583520 0.2945240 0.2902785 0.2400392 0.0000000 0.2737938 0.4238981 0.2309435 
n275_276   0.0377100 0.0169139 0.0307153 0.3156474 0.2319339 0.0411814 0.0448105 0.2365653 0.3755062 0.0134924 0.3217725 0.0342251 0.3794618 0.2502808 0.0341945 0.1237243 0.2644357 0.0411973 0.0853701 0.2505302 0.2737938 0.0000000 0.4001560 0.2412784 
n255_256   0.4071091 0.4128910 0.4007063 0.4252677 0.3662404 0.4176685 0.4246114 0.3656802 0.0447914 0.4067633 0.4378231 0.4067868 0.2887604 0.3937723 0.4063765 0.3637521 0.3875913 0.4058844 0.4003742 0.3825335 0.4238981 0.4001560 0.0000000 0.3775535 
n292_293   0.2610402 0.2517308 0.2515392 0.2312980 0.0066836 0.2512609 0.2709402 0.0100485 0.3597454 0.2468483 0.2450766 0.2564459 0.3586366 0.0445537 0.2561965 0.2138756 0.0480519 0.2513574 0.2521483 0.0202303 0.2309435 0.2412784 0.3775535 0.0000000 
