21
n294_271   0.0000000 0.0100845 0.0777428 0.3081213 0.0237987 0.2870951 0.3134609 0.3084748 0.3366945 0.0067087 0.3139361 0.2813617 0.2926914 0.0203452 0.0307766 0.1935045 0.0168921 0.3137251 0.3306025 0.0308245 0.3366284 
n297_274   0.0100845 0.0000000 0.0814399 0.3192290 0.0272495 0.2920370 0.3246579 0.3135622 0.3419822 0.0033384 0.3251525 0.2862585 0.2976754 0.0237803 0.0342611 0.1978403 0.0203082 0.3249342 0.3421155 0.0343143 0.3482530 
n236_219   0.0777428 0.0814399 0.0000000 0.3288484 0.0814240 0.2907371 0.3343334 0.3121412 0.3636630 0.0777186 0.3348428 0.2849913 0.3064766 0.0776646 0.0890549 0.1925373 0.0850895 0.3346191 0.3519949 0.0891894 0.3523052 
n280_257   0.3081213 0.3192290 0.3288484 0.0000000 0.3186682 0.2459468 0.0033493 0.2563860 0.3960728 0.3139906 0.0067266 0.2313424 0.2511917 0.3132385 0.3248334 0.3939788 0.3301075 0.0067211 0.0705853 0.3303412 0.0632458 
n289_266   0.0237987 0.0272495 0.0814240 0.3186682 0.0000000 0.3020707 0.3240846 0.3238900 0.3527288 0.0237915 0.3245774 0.2962006 0.3077944 0.0033461 0.0134955 0.1935493 0.0342368 0.3243599 0.3414996 0.0135161 0.3476218 
n265_242   0.2870951 0.2920370 0.2907371 0.2459468 0.3020707 0.0000000 0.2508148 0.1417028 0.3717116 0.2869939 0.2511846 0.0202993 0.1374260 0.2967763 0.3129655 0.3871169 0.3024874 0.2510151 0.2715233 0.3134318 0.2669406 
n292_269   0.3134609 0.3246579 0.3343334 0.0033493 0.3240846 0.2508148 0.0000000 0.2613400 0.4021500 0.3193810 0.0101158 0.2361062 0.2561034 0.3186119 0.3303077 0.4000052 0.3356209 0.0033519 0.0743189 0.3358567 0.0669421 
n286_263   0.3084748 0.3135622 0.3121412 0.2563860 0.3238900 0.1417028 0.2613400 0.0000000 0.3965833 0.3083647 0.2617279 0.1292505 0.0167872 0.3184188 0.3238376 0.3805845 0.3243509 0.2665702 0.3031204 0.3302490 0.2929474 
n244_225   0.3366945 0.3419822 0.3636630 0.3960728 0.3527288 0.3717116 0.4021500 0.3965833 0.0000000 0.3365723 0.4027828 0.3827582 0.3786460 0.3528419 0.3705045 0.4429265 0.3477040 0.4025156 0.4102839 0.3644853 0.4045781 
n298_275   0.0067087 0.0033384 0.0777186 0.3139906 0.0237915 0.2869939 0.3193810 0.3083647 0.3365723 0.0000000 0.3198668 0.2812630 0.2925878 0.0203390 0.0307673 0.1934402 0.0168870 0.3196518 0.3367013 0.0308151 0.3427905 
n274_251   0.3139361 0.3251525 0.3348428 0.0067266 0.3245774 0.2511846 0.0101158 0.2617279 0.4027828 0.3198668 0.0000000 0.2364522 0.2564823 0.3190953 0.3308122 0.4006306 0.3361343 0.0135335 0.0742985 0.3363704 0.0669239 
n266_243   0.2813617 0.2862585 0.2849913 0.2313424 0.2962006 0.0202993 0.2361062 0.1292505 0.3827582 0.2812630 0.2364522 0.0000000 0.1250654 0.2909600 0.3069813 0.3691743 0.2966053 0.2411188 0.2563273 0.3074382 0.2518291 
n285_262   0.2926914 0.2976754 0.3064766 0.2511917 0.3077944 0.1374260 0.2561034 0.0167872 0.3786460 0.2925878 0.2564823 0.1250654 0.0000000 0.3024494 0.3126494 0.3684306 0.3082229 0.2612871 0.2975154 0.3192717 0.2874279 
n287_264   0.0203452 0.0237803 0.0776646 0.3132385 0.0033461 0.2967763 0.3186119 0.3184188 0.3528419 0.0203390 0.3190953 0.2909600 0.3024494 0.0000000 0.0100953 0.1890646 0.0307310 0.3188813 0.3358745 0.0101107 0.3419429 
n290_267   0.0307766 0.0342611 0.0890549 0.3248334 0.0134955 0.3129655 0.3303077 0.3238376 0.3705045 0.0307673 0.3308122 0.3069813 0.3126494 0.0100953 0.0000000 0.1977580 0.0413276 0.3305902 0.3479262 0.0203909 0.3541204 
n200_191   0.1935045 0.1978403 0.1925373 0.3939788 0.1935493 0.3871169 0.4000052 0.3805845 0.4429265 0.1934402 0.4006306 0.3691743 0.3684306 0.1890646 0.1977580 0.0000000 0.2068852 0.4064735 0.4322649 0.2030271 0.4264507 
n275_252   0.0168921 0.0203082 0.0850895 0.3301075 0.0342368 0.3024874 0.3356209 0.3243509 0.3477040 0.0168870 0.3361343 0.2966053 0.3082229 0.0307310 0.0413276 0.2068852 0.0000000 0.3359091 0.3468394 0.0413906 0.3596225 
n299_276   0.3137251 0.3249342 0.3346191 0.0067211 0.3243599 0.2510151 0.0033519 0.2665702 0.4025156 0.3196518 0.0135335 0.2411188 0.2612871 0.3188813 0.3305902 0.4064735 0.3359091 0.0000000 0.0781389 0.3361451 0.0707181 
n278_255   0.3306025 0.3421155 0.3519949 0.0705853 0.3414996 0.2715233 0.0743189 0.3031204 0.4102839 0.3367013 0.0742985 0.2563273 0.2975154 0.3358745 0.3479262 0.4322649 0.3468394 0.0781389 0.0000000 0.3472319 0.0204504 
n296_273   0.0308245 0.0343143 0.0891894 0.3303412 0.0135161 0.3134318 0.3358567 0.3302490 0.3644853 0.0308151 0.3363704 0.3074382 0.3192717 0.0101107 0.0203909 0.2030271 0.0413906 0.3361451 0.3472319 0.0000000 0.3534090 
n277_254   0.3366284 0.3482530 0.3523052 0.0632458 0.3476218 0.2669406 0.0669421 0.2929474 0.4045781 0.3427905 0.0669239 0.2518291 0.2874279 0.3419429 0.3541204 0.4264507 0.3596225 0.0707181 0.0204504 0.3534090 0.0000000 
