20
n278_277   0.0000000 0.1010790 2.3457121 2.3231170 2.2609699 2.2735165 1.6242064 2.2299771 2.3125987 2.6676494 2.7116691 2.4912673 2.1195795 1.7370881 2.3658608 2.2632426 2.2220096 1.6994473 2.6754213 1.6288920 
n277_276   0.1010790 0.0000000 2.3161185 2.3574533 1.9546587 2.0357947 1.6136192 2.1099343 1.9495651 2.6223236 2.5895996 2.4602589 2.1513707 1.8144296 2.2002333 2.2365456 2.1035123 1.8725419 2.4477196 1.5653090 
n297_290   2.3457121 2.3161185 0.0000000 0.1203022 0.3299289 0.3464946 2.4540095 0.3459227 0.3408281 0.1202328 0.6040533 0.9699229 0.1565246 1.7314342 2.5629225 0.0483066 0.3395057 1.9861141 2.7844433 2.5957632 
n294_287   2.3231170 2.3574533 0.1203022 0.0000000 0.3299405 0.3411445 2.3977953 0.3566166 0.3408470 0.0341976 0.6566503 1.0387812 0.1445918 1.6893767 3.1271090 0.1205855 0.3397843 1.9114460 3.3781957 2.2810196 
n290_285   2.2609699 1.9546587 0.3299289 0.3299405 0.0000000 0.0448678 1.9579145 0.1791722 0.0203195 0.3352892 0.6946751 1.0261801 0.3746996 1.7145083 1.8155940 0.3459206 0.1703247 2.1752510 2.1898024 1.9506407 
n287_282   2.2735165 2.0357947 0.3464946 0.3411445 0.0448678 0.0000000 1.8141611 0.1792542 0.0448751 0.3465760 0.6862840 1.0263658 0.3866503 1.6606873 1.8891530 0.3573661 0.1747591 2.0364284 2.1937375 1.8043820 
n285_280   1.6242064 1.6136192 2.4540095 2.3977953 1.9579145 1.8141611 0.0000000 1.8524740 1.9083525 2.7050476 2.2437998 1.9634914 2.1916565 0.8472922 2.2261196 2.6031561 1.9672262 0.9850870 2.1553366 0.0893718 
n296_289   2.2299771 2.1099343 0.3459227 0.3566166 0.1791722 0.1792542 1.8524740 0.0000000 0.1792162 0.3687859 0.6483085 0.9880888 0.3849325 1.6929193 2.4085068 0.3568741 0.0448183 2.0042709 2.8387037 1.8589522 
n289_284   2.3125987 1.9495651 0.3408281 0.3408470 0.0203195 0.0448751 1.9083525 0.1792162 0.0000000 0.3462759 0.7129776 1.0258123 0.3863332 1.8178516 1.7450948 0.3570615 0.1747208 2.2896718 2.1007646 1.9015738 
n293_286   2.6676494 2.6223236 0.1202328 0.0341976 0.3352892 0.3465760 2.7050476 0.3687859 0.3462759 0.0000000 0.6464305 1.0354593 0.1487137 1.7342934 2.8912965 0.1244937 0.3516338 1.9195485 3.1621927 2.5484415 
n236_237   2.7116691 2.5895996 0.6040533 0.6566503 0.6946751 0.6862840 2.2437998 0.6483085 0.7129776 0.6464305 0.0000000 1.1787178 0.6724597 1.7348909 3.8650786 0.6215783 0.6570508 1.7693159 2.8435143 2.4143689 
n200_201   2.4912673 2.4602589 0.9699229 1.0387812 1.0261801 1.0263658 1.9634914 0.9880888 1.0258123 1.0354593 1.1787178 0.0000000 1.0512659 1.5590116 2.2443487 0.9785816 1.0042994 1.7501091 2.3542133 1.6930498 
n275_274   2.1195795 2.1513707 0.1565246 0.1445918 0.3746996 0.3866503 2.1916565 0.3849325 0.3863332 0.1487137 0.6724597 1.0512659 0.0000000 1.5515206 3.0432168 0.1654585 0.3789406 1.7910968 2.8839565 2.3878337 
n266_267   1.7370881 1.8144296 1.7314342 1.6893767 1.7145083 1.6606873 0.8472922 1.6929193 1.8178516 1.7342934 1.7348909 1.5590116 1.5515206 0.0000000 2.1056455 1.6784247 1.6984679 0.1735591 1.9111564 0.9005097 
n255_256   2.3658608 2.2002333 2.5629225 3.1271090 1.8155940 1.8891530 2.2261196 2.4085068 1.7450948 2.8912965 3.8650786 2.2443487 3.0432168 2.1056455 0.0000000 2.5540194 2.5412000 2.1108146 0.3029360 2.1757092 
n298_291   2.2632426 2.2365456 0.0483066 0.1205855 0.3459206 0.3573661 2.6031561 0.3568741 0.3570615 0.1244937 0.6215783 0.9785816 0.1654585 1.6784247 2.5540194 0.0000000 0.3560991 1.9690722 2.4281519 2.7090691 
n295_288   2.2220096 2.1035123 0.3395057 0.3397843 0.1703247 0.1747591 1.9672262 0.0448183 0.1747208 0.3516338 0.6570508 1.0042994 0.3789406 1.6984679 2.5412000 0.3560991 0.0000000 2.0916382 2.7146957 1.9751104 
n265_266   1.6994473 1.8725419 1.9861141 1.9114460 2.1752510 2.0364284 0.9850870 2.0042709 2.2896718 1.9195485 1.7693159 1.7501091 1.7910968 0.1735591 2.1108146 1.9690722 2.0916382 0.0000000 2.1701096 1.0084856 
n251_252   2.6754213 2.4477196 2.7844433 3.3781957 2.1898024 2.1937375 2.1553366 2.8387037 2.1007646 3.1621927 2.8435143 2.3542133 2.8839565 1.9111564 0.3029360 2.4281519 2.7146957 2.1701096 0.0000000 2.0696317 
n286_281   1.6288920 1.5653090 2.5957632 2.2810196 1.9506407 1.8043820 0.0893718 1.8589522 1.9015738 2.5484415 2.4143689 1.6930498 2.3878337 0.9005097 2.1757092 2.7090691 1.9751104 1.0084856 2.0696317 0.0000000 
