23
n298_299   0.0000000 0.3067721 0.1443285 0.2323284 0.0307093 0.2416938 0.3017933 0.0135009 0.0067154 0.2762073 0.0412051 0.3883669 0.2913163 0.0342114 0.0703329 0.3878619 0.2324700 0.3066045 0.2414462 0.0376894 0.3119525 0.3624927 0.2709832 
n280_281   0.3067721 0.0000000 0.3323132 0.2857688 0.3066944 0.3109185 0.0272032 0.3068940 0.2964614 0.1120793 0.3219236 0.4800969 0.0202870 0.3012917 0.2857715 0.4723657 0.2854565 0.0306514 0.3054816 0.3167628 0.0341530 0.4195176 0.1080748 
n200_201   0.1443285 0.3323132 0.0000000 0.2556257 0.1566846 0.2754233 0.3325431 0.1443648 0.1361437 0.3058882 0.1691040 0.4122780 0.3216186 0.1609031 0.1483285 0.3994221 0.2557857 0.3375221 0.2751216 0.1649269 0.3431072 0.3901033 0.3004300 
n286_287   0.2323284 0.2857688 0.2556257 0.0000000 0.2414680 0.1279968 0.2857425 0.2278464 0.2230455 0.2509968 0.2461171 0.3946075 0.2755256 0.2462529 0.2045922 0.3821536 0.0134849 0.2807336 0.1200351 0.2414680 0.2858753 0.3440484 0.2459869 
n287_288   0.0307093 0.3066944 0.1566846 0.2414680 0.0000000 0.2417109 0.3017157 0.0307146 0.0237630 0.2661886 0.0100632 0.3770969 0.2912393 0.0033425 0.0814835 0.3766152 0.2416167 0.3065269 0.2414632 0.0066948 0.3118748 0.3569465 0.2655764 
n266_267   0.2416938 0.3109185 0.2754233 0.1279968 0.2417109 0.0000000 0.3108781 0.2417745 0.2322925 0.2700777 0.2463648 0.4008286 0.3002998 0.2414293 0.2229168 0.3882423 0.1200019 0.3157247 0.0203515 0.2417109 0.3155042 0.3445464 0.2649221 
n292_293   0.3017933 0.0272032 0.3325431 0.2857425 0.3017157 0.3108781 0.0000000 0.3019118 0.2915507 0.1042254 0.3168476 0.4750270 0.0134533 0.2963521 0.2857451 0.4673443 0.2854303 0.0100586 0.3054444 0.3117213 0.0134482 0.4257268 0.1002740 
n293_294   0.0135009 0.3068940 0.1443648 0.2278464 0.0307146 0.2417745 0.3019118 0.0000000 0.0067165 0.2763086 0.0412124 0.3885556 0.2914275 0.0342173 0.0703469 0.3880499 0.2279846 0.3016915 0.2415267 0.0376961 0.3070055 0.3626588 0.2710812 
n275_276   0.0067154 0.2964614 0.1361437 0.2230455 0.0237630 0.2322925 0.2915507 0.0067165 0.0000000 0.2663290 0.0341604 0.3768602 0.2812263 0.0272287 0.0629623 0.3763793 0.2231799 0.2963041 0.2320590 0.0306783 0.3015717 0.3513387 0.2611844 
n278_279   0.2762073 0.1120793 0.3058882 0.2509968 0.2661886 0.2700777 0.1042254 0.2763086 0.2663290 0.0000000 0.2806095 0.4605820 0.0964424 0.2611096 0.2560321 0.4468443 0.2460459 0.1080055 0.2697854 0.2757339 0.1119497 0.3717434 0.0236829 
n295_296   0.0412051 0.3219236 0.1691040 0.2461171 0.0100632 0.2463648 0.3168476 0.0412124 0.0341604 0.2806095 0.0000000 0.3938013 0.3061536 0.0134520 0.0927314 0.3932847 0.2462695 0.3217403 0.2461100 0.0033408 0.3272034 0.3732692 0.2799542 
n251_252   0.3883669 0.4800969 0.4122780 0.3946075 0.3770969 0.4008286 0.4750270 0.3885556 0.3768602 0.4605820 0.3938013 0.0000000 0.4547933 0.3766151 0.3832672 0.0375688 0.3887131 0.4743201 0.4002677 0.3881155 0.4811626 0.3207135 0.4536655 
n274_275   0.2913163 0.0202870 0.3216186 0.2755256 0.2912393 0.3002998 0.0134533 0.2914275 0.2812263 0.0964424 0.3061536 0.4547933 0.0000000 0.2859624 0.2755299 0.4600705 0.2752269 0.0168419 0.2949594 0.3011041 0.0202662 0.4132242 0.0925436 
n290_291   0.0342114 0.3012917 0.1609031 0.2462529 0.0033425 0.2414293 0.2963521 0.0342173 0.0272287 0.2611096 0.0134520 0.3766151 0.2859624 0.0000000 0.0813980 0.3761348 0.2413353 0.3011297 0.2411823 0.0100673 0.3064318 0.3570019 0.2605128 
n236_237   0.0703329 0.2857715 0.1483285 0.2045922 0.0814835 0.2229168 0.2857451 0.0703469 0.0629623 0.2560321 0.0927314 0.3832672 0.2755299 0.0813980 0.0000000 0.3827722 0.2003203 0.2904550 0.2226970 0.0889584 0.2956651 0.3446517 0.2509796 
n255_256   0.3878619 0.4723657 0.3994221 0.3821536 0.3766152 0.3882423 0.4673443 0.3880499 0.3763793 0.4468443 0.3932847 0.0375688 0.4600705 0.3761348 0.3827722 0.0000000 0.3763686 0.4666563 0.3877129 0.3876111 0.4734068 0.3096564 0.4400854 
n285_286   0.2324700 0.2854565 0.2557857 0.0134849 0.2416167 0.1200019 0.2854303 0.2279846 0.2231799 0.2460459 0.2462695 0.3887131 0.2752269 0.2413353 0.2003203 0.3763686 0.0000000 0.2804280 0.1199068 0.2416167 0.2855628 0.3387833 0.2410778 
n300_301   0.3066045 0.0306514 0.3375221 0.2807336 0.3065269 0.3157247 0.0100586 0.3016915 0.2963041 0.1080055 0.3217403 0.4743201 0.0168419 0.3011297 0.2904550 0.4666563 0.2804280 0.0000000 0.3102546 0.3165850 0.0033380 0.4250790 0.1040334 
n265_266   0.2414462 0.3054816 0.2751216 0.1200351 0.2414632 0.0203515 0.3054444 0.2415267 0.2320590 0.2697854 0.2461100 0.4002677 0.2949594 0.2411823 0.2226970 0.3877129 0.1199068 0.3102546 0.0000000 0.2414632 0.3100389 0.3389794 0.2646385 
n296_297   0.0376894 0.3167628 0.1649269 0.2414680 0.0066948 0.2417109 0.3117213 0.0376961 0.0306783 0.2757339 0.0033408 0.3881155 0.3011041 0.0100673 0.0889584 0.3876111 0.2416167 0.3165850 0.2414632 0.0000000 0.3220074 0.3677208 0.2750934 
n299_300   0.3119525 0.0341530 0.3431072 0.2858753 0.3118748 0.3155042 0.0134482 0.3070055 0.3015717 0.1119497 0.3272034 0.4811626 0.0202662 0.3064318 0.2956651 0.4734068 0.2855628 0.0033380 0.3100389 0.3220074 0.0000000 0.4314473 0.1079506 
n244_245   0.3624927 0.4195176 0.3901033 0.3440484 0.3569465 0.3445464 0.4257268 0.3626588 0.3513387 0.3717434 0.3732692 0.3207135 0.4132242 0.3570019 0.3446517 0.3096564 0.3387833 0.4250790 0.3389794 0.3677208 0.4314473 0.0000000 0.3603890 
n277_278   0.2709832 0.1080748 0.3004300 0.2459869 0.2655764 0.2649221 0.1002740 0.2710812 0.2611844 0.0236829 0.2799542 0.4536655 0.0925436 0.2605128 0.2509796 0.4400854 0.2410778 0.1040334 0.2646385 0.2750934 0.1079506 0.3603890 0.0000000 
