22
n298_299   0.0000000 0.3223076 0.1337090 0.2883836 0.0343078 0.2782919 0.3224567 0.0203565 0.0203527 0.0378534 0.3169975 0.0450068 0.3735523 0.3283195 0.0449737 0.0898116 0.3737831 0.2884925 0.2630098 0.0414190 0.3803416 0.3281247 
n280_281   0.3223076 0.0000000 0.3382453 0.2690553 0.3165901 0.2435235 0.0066952 0.3221496 0.3164373 0.3221931 0.0858279 0.3389868 0.3961012 0.0203258 0.3332538 0.3272716 0.3777512 0.2638877 0.2288136 0.3393055 0.3483971 0.0781502 
n200_201   0.1337090 0.3382453 0.0000000 0.3262964 0.1254388 0.2989074 0.3384032 0.1336436 0.1336184 0.1295630 0.3395935 0.1463300 0.3843668 0.3440113 0.1377816 0.1546667 0.3846060 0.3264184 0.2883642 0.1420905 0.3797007 0.3390569 
n286_287   0.2883836 0.2690553 0.3262964 0.0000000 0.2828992 0.1383509 0.2691754 0.2882421 0.2776340 0.2777326 0.3062797 0.3044483 0.4166161 0.2745496 0.2880466 0.2936361 0.4047846 0.0100968 0.1300791 0.2987054 0.3671161 0.3060478 
n287_288   0.0343078 0.3165901 0.1254388 0.2828992 0.0000000 0.2780100 0.3221205 0.0342912 0.0342847 0.0100873 0.3231060 0.0238131 0.3789223 0.3279756 0.0168985 0.0898213 0.3735732 0.2830062 0.2627457 0.0203512 0.3737332 0.3396608 
n266_267   0.2782919 0.2435235 0.2989074 0.1383509 0.2780100 0.0000000 0.2436301 0.2781552 0.2677031 0.2728791 0.2848855 0.3047923 0.4172531 0.2487734 0.2831232 0.2779317 0.4116415 0.1341659 0.0203951 0.2993286 0.3445010 0.2794273 
n292_293   0.3224567 0.0066952 0.3384032 0.2691754 0.3221205 0.2436301 0.0000000 0.3222985 0.3165830 0.3277705 0.0858613 0.3447053 0.3839987 0.0203333 0.3389224 0.3274233 0.3659646 0.2640051 0.2289128 0.3450305 0.3426248 0.0781805 
n293_294   0.0203565 0.3221496 0.1336436 0.2882421 0.0342912 0.2781552 0.3222985 0.0000000 0.0067010 0.0378351 0.3285210 0.0449850 0.3909518 0.3281584 0.0449520 0.0936465 0.3855233 0.2883510 0.2628805 0.0413990 0.3857919 0.3398528 
n275_276   0.0203527 0.3164373 0.1336184 0.2776340 0.0342847 0.2677031 0.3165830 0.0067010 0.0000000 0.0378279 0.3227432 0.0449764 0.3846180 0.3223864 0.0449434 0.0936287 0.3792332 0.2777392 0.2526677 0.0413911 0.3795018 0.3339740 
n289_290   0.0378534 0.3221931 0.1295630 0.2777326 0.0100873 0.2728791 0.3277705 0.0378351 0.0378279 0.0000000 0.3287763 0.0272967 0.3850658 0.3336804 0.0134840 0.0975238 0.3796758 0.2778378 0.2577300 0.0238140 0.3798348 0.3454690 
n278_279   0.3169975 0.0858279 0.3395935 0.3062797 0.3231060 0.2848855 0.0858613 0.3285210 0.3227432 0.3287763 0.0000000 0.3457721 0.4033619 0.1014920 0.3399680 0.3507284 0.3904445 0.3008035 0.2795830 0.3460991 0.3505741 0.0203296 
n295_296   0.0450068 0.3389868 0.1463300 0.3044483 0.0238131 0.3047923 0.3447053 0.0449850 0.0449764 0.0272967 0.3457721 0.0000000 0.3845960 0.3507800 0.0343010 0.1095430 0.3731889 0.3045629 0.2889000 0.0169148 0.4049018 0.3628787 
n251_252   0.3735523 0.3961012 0.3843668 0.4166161 0.3789223 0.4172531 0.3839987 0.3909518 0.3846180 0.3850658 0.4033619 0.3845960 0.0000000 0.3841065 0.3971768 0.3924070 0.0272274 0.4167668 0.4047038 0.3974852 0.2988962 0.4024609 
n274_275   0.3283195 0.0203258 0.3440113 0.2745496 0.3279756 0.2487734 0.0203333 0.3281584 0.3223864 0.3336804 0.1014920 0.3507800 0.3841065 0.0000000 0.3449388 0.3333259 0.3661443 0.2693322 0.2339295 0.3511123 0.3546457 0.0936015 
n290_291   0.0449737 0.3332538 0.1377816 0.2880466 0.0168985 0.2831232 0.3389224 0.0449520 0.0449434 0.0134840 0.3399680 0.0343010 0.3971768 0.3449388 0.0000000 0.1053476 0.3917077 0.2881554 0.2677484 0.0307778 0.3918640 0.3569279 
n236_237   0.0898116 0.3272716 0.1546667 0.2936361 0.0898213 0.2779317 0.3274233 0.0936465 0.0936287 0.0975238 0.3507284 0.1095430 0.3924070 0.3333259 0.1053476 0.0000000 0.3869550 0.2937469 0.2728508 0.1055447 0.4114874 0.3624250 
n255_256   0.3737831 0.3777512 0.3846060 0.4047846 0.3735732 0.4116415 0.3659646 0.3855233 0.3792332 0.3796758 0.3904445 0.3731889 0.0272274 0.3661443 0.3917077 0.3869550 0.0000000 0.4049320 0.3991774 0.3920106 0.3044415 0.3895804 
n285_286   0.2884925 0.2638877 0.3264184 0.0100968 0.2830062 0.1341659 0.2640051 0.2883510 0.2777392 0.2778378 0.3008035 0.3045629 0.4167668 0.2693322 0.2881554 0.2937469 0.4049320 0.0000000 0.1259483 0.2988179 0.3672515 0.3005768 
n265_266   0.2630098 0.2288136 0.2883642 0.1300791 0.2627457 0.0203951 0.2289128 0.2628805 0.2526677 0.2577300 0.2795830 0.2889000 0.4047038 0.2339295 0.2677484 0.2728508 0.3991774 0.1259483 0.0000000 0.2835677 0.3387032 0.2741725 
n296_297   0.0414190 0.3393055 0.1420905 0.2987054 0.0203512 0.2993286 0.3450305 0.0413990 0.0413911 0.0238140 0.3460991 0.0169148 0.3974852 0.3511123 0.0307778 0.1055447 0.3920106 0.2988179 0.2835677 0.0000000 0.3985154 0.3632249 
n244_245   0.3803416 0.3483971 0.3797007 0.3671161 0.3737332 0.3445010 0.3426248 0.3857919 0.3795018 0.3798348 0.3505741 0.4049018 0.2988962 0.3546457 0.3918640 0.4114874 0.3044415 0.3672515 0.3387032 0.3985154 0.0000000 0.3497143 
n277_278   0.3281247 0.0781502 0.3390569 0.3060478 0.3396608 0.2794273 0.0781805 0.3398528 0.3339740 0.3454690 0.0203296 0.3628787 0.4024609 0.0936015 0.3569279 0.3624250 0.3895804 0.3005768 0.2741725 0.3632249 0.3497143 0.0000000 
