25
n287_286   0.0000000 0.0272570 0.0067163 0.0483818 0.0448902 0.0377895 0.0272312 0.0203344 0.0448759 0.0593047 0.2905245 0.0520555 0.0556786 0.1403739 0.4251336 0.3117321 0.0448860 0.2754964 0.0925792 0.0272740 0.0377899 0.0413615 0.3912409 0.3165656 0.3691290 
n294_297   0.0272570 0.0000000 0.0203311 0.0271766 0.0307477 0.0168874 0.0203083 0.0342018 0.0307381 0.0448626 0.2847961 0.0306986 0.0413110 0.1277597 0.4113262 0.3006287 0.0307449 0.2649258 0.0773053 0.0067049 0.0168875 0.0203305 0.3612863 0.3053867 0.3293551 
n289_290   0.0067163 0.0203311 0.0000000 0.0412386 0.0377714 0.0307471 0.0203119 0.0134828 0.0377595 0.0520316 0.2903994 0.0448612 0.0484440 0.1321645 0.4192438 0.3117065 0.0377679 0.2753785 0.0849570 0.0203438 0.0307473 0.0342755 0.3793791 0.3165397 0.3576129 
n296_301   0.0483818 0.0271766 0.0412386 0.0000000 0.0519829 0.0168808 0.0411920 0.0555104 0.0519654 0.0665249 0.2995152 0.0306866 0.0628672 0.1520607 0.4413387 0.3316752 0.0519781 0.2792592 0.0960594 0.0271936 0.0376768 0.0412372 0.3954036 0.3310064 0.3676277 
n275_279   0.0448902 0.0307477 0.0377714 0.0519829 0.0000000 0.0413386 0.0377288 0.0519986 0.0134874 0.0272503 0.3164741 0.0484599 0.0237871 0.1525980 0.4440219 0.3223717 0.0134904 0.2956659 0.0963240 0.0307669 0.0413390 0.0449324 0.4030278 0.3380813 0.3748987 
n289_292   0.0377895 0.0168874 0.0307471 0.0168808 0.0413386 0.0000000 0.0307125 0.0448324 0.0413255 0.0556812 0.2902274 0.0134729 0.0520729 0.1399829 0.4361361 0.3054482 0.0413347 0.2701856 0.0848487 0.0168979 0.0272410 0.0307461 0.3787733 0.3102297 0.3515489 
n296_299   0.0272312 0.0203083 0.0203119 0.0411920 0.0377288 0.0307125 0.0000000 0.0341693 0.0377170 0.0519722 0.3000107 0.0448094 0.0448037 0.1357063 0.4298426 0.3111625 0.0377253 0.2797147 0.0923721 0.0203209 0.0307127 0.0342369 0.3840938 0.3159863 0.3567012 
n290_291   0.0203344 0.0342018 0.0134828 0.0555104 0.0519986 0.0448324 0.0341693 0.0000000 0.0519820 0.0665445 0.3004924 0.0592286 0.0628859 0.1402649 0.4192359 0.3221163 0.0519937 0.2852668 0.0925115 0.0342232 0.0448329 0.0484428 0.3793711 0.3270112 0.3576048 
n275_278   0.0448759 0.0307381 0.0377595 0.0519654 0.0134874 0.0413255 0.0377170 0.0519820 0.0000000 0.0272418 0.3214579 0.0484445 0.0237797 0.1525488 0.4621015 0.3273993 0.0134861 0.3005187 0.1000853 0.0307572 0.0413259 0.0449181 0.4086182 0.3432079 0.3803027 
n298_303   0.0593047 0.0448626 0.0520316 0.0665249 0.0272503 0.0556812 0.0519722 0.0665445 0.0272418 0.0000000 0.3112593 0.0629475 0.0100881 0.1609230 0.4623884 0.3172411 0.0272478 0.2905989 0.1117912 0.0448910 0.0556820 0.0593607 0.4088739 0.3328467 0.3805419 
n285_284   0.2905245 0.2847961 0.2903994 0.2995152 0.3164741 0.2902274 0.3000107 0.3004924 0.3214579 0.3112593 0.0000000 0.3107706 0.3059849 0.2997351 0.4820086 0.1870827 0.3109827 0.0134175 0.2744277 0.2849867 0.3002193 0.3006201 0.4332467 0.1866666 0.4098701 
n287_288   0.0520555 0.0306986 0.0448612 0.0306866 0.0484599 0.0134729 0.0448094 0.0592286 0.0484445 0.0629475 0.3107706 0.0000000 0.0593032 0.1564905 0.4478282 0.3264308 0.0484554 0.2901410 0.1000528 0.0307177 0.0412715 0.0448597 0.4021993 0.3313423 0.3741241 
n297_302   0.0556786 0.0413110 0.0484440 0.0628672 0.0237871 0.0520729 0.0448037 0.0628859 0.0237797 0.0100881 0.3059849 0.0593032 0.0000000 0.1524796 0.4494482 0.3169751 0.0237849 0.2854780 0.1079047 0.0413371 0.0520736 0.0557311 0.3968121 0.3325648 0.3689184 
n200_201   0.1403739 0.1277597 0.1321645 0.1520607 0.1525980 0.1399829 0.1357063 0.1402649 0.1525488 0.1609230 0.2997351 0.1564905 0.1524796 0.0000000 0.4154877 0.3058268 0.1525849 0.2794522 0.1317120 0.1238587 0.1399882 0.1402074 0.3603153 0.3106188 0.3447420 
n244_247   0.4251336 0.4113262 0.4192438 0.4413387 0.4440219 0.4361361 0.4298426 0.4192359 0.4621015 0.4623884 0.4820086 0.4478282 0.4494482 0.4154877 0.0000000 0.4765832 0.4493979 0.4617779 0.3933078 0.4177929 0.4304308 0.4311794 0.3657438 0.4755721 0.3497150 
n265_264   0.3117321 0.3006287 0.3117065 0.3316752 0.3223717 0.3054482 0.3111625 0.3221163 0.3273993 0.3172411 0.1870827 0.3264308 0.3169751 0.3058268 0.4765832 0.0000000 0.3168251 0.1697205 0.3003424 0.3008307 0.3008552 0.3013542 0.4212777 0.0134402 0.3927560 
n294_295   0.0448860 0.0307449 0.0377679 0.0519781 0.0134904 0.0413347 0.0377253 0.0519937 0.0134861 0.0272478 0.3109827 0.0484554 0.0237849 0.1525849 0.4493979 0.3168251 0.0000000 0.2903431 0.1001082 0.0307640 0.0413352 0.0449282 0.3967664 0.3324071 0.3688753 
n286_285   0.2754964 0.2649258 0.2753785 0.2792592 0.2956659 0.2701856 0.2797147 0.2852668 0.3005187 0.2905989 0.0134175 0.2901410 0.2854780 0.2794522 0.4617779 0.1697205 0.2903431 0.0000000 0.2548575 0.2651025 0.2799086 0.2802795 0.4086876 0.1693456 0.3860467 
n236_237   0.0925792 0.0773053 0.0849570 0.0960594 0.0963240 0.0848487 0.0923721 0.0925115 0.1000853 0.1117912 0.2744277 0.1000528 0.1079047 0.1317120 0.3933078 0.3003424 0.1001082 0.2548575 0.0000000 0.0773542 0.0886124 0.0887222 0.3548648 0.2996471 0.3396348 
n275_276   0.0272740 0.0067049 0.0203438 0.0271936 0.0307669 0.0168979 0.0203209 0.0342232 0.0307572 0.0448910 0.2849867 0.0307177 0.0413371 0.1238587 0.4177929 0.3008307 0.0307640 0.2651025 0.0773542 0.0000000 0.0168980 0.0203431 0.3673041 0.3055920 0.3404832 
n297_304   0.0377899 0.0168875 0.0307473 0.0376768 0.0413390 0.0272410 0.0307127 0.0448329 0.0413259 0.0556820 0.3002193 0.0412715 0.0520736 0.1399882 0.4304308 0.3008552 0.0413352 0.2799086 0.0886124 0.0168980 0.0000000 0.0100969 0.3678174 0.3056169 0.3408357 
n298_305   0.0413615 0.0203305 0.0342755 0.0412372 0.0449324 0.0307461 0.0342369 0.0484428 0.0449181 0.0593607 0.3006201 0.0448597 0.0557311 0.1402074 0.4311794 0.3013542 0.0449282 0.2802795 0.0887222 0.0203431 0.0100969 0.0000000 0.3684449 0.3061243 0.3414126 
n251_254   0.3912409 0.3612863 0.3793791 0.3954036 0.4030278 0.3787733 0.3840938 0.3793711 0.4086182 0.4088739 0.4332467 0.4021993 0.3968121 0.3603153 0.3657438 0.4212777 0.3967664 0.4086876 0.3548648 0.3673041 0.3678174 0.3684449 0.0000000 0.4268848 0.0414146 
n266_265   0.3165656 0.3053867 0.3165397 0.3310064 0.3380813 0.3102297 0.3159863 0.3270112 0.3432079 0.3328467 0.1866666 0.3313423 0.3325648 0.3106188 0.4755721 0.0134402 0.3324071 0.1693456 0.2996471 0.3055920 0.3056169 0.3061243 0.4268848 0.0000000 0.3981703 
n255_256   0.3691290 0.3293551 0.3576129 0.3676277 0.3748987 0.3515489 0.3567012 0.3576048 0.3803027 0.3805419 0.4098701 0.3741241 0.3689184 0.3447420 0.3497150 0.3927560 0.3688753 0.3860467 0.3396348 0.3404832 0.3408357 0.3414126 0.0414146 0.3981703 0.0000000 
