28
n294_269   0.0000000 0.3700168 2.4977575 1.9569232 3.4223609 0.1380682 1.2660095 0.0705269 1.6478447 1.6993800 0.0936042 0.6636546 1.8304746 1.6062296 0.3641377 0.3415672 2.0362446 1.8672056 1.8319314 0.1294770 0.3359076 3.7865081 0.0779487 0.3875449 1.8706277 0.0558163 1.6063884 1.7968965 
n287_262   0.3700168 0.0000000 2.8537413 1.8570278 3.0429776 0.3489949 1.2460725 0.3582448 1.8060396 1.8844454 0.3591713 0.6421726 1.7939196 1.7976251 0.0413755 0.1591134 2.0581226 1.8746655 1.7783233 0.3413067 0.1590378 3.1624175 0.3693364 0.0557675 1.8406084 0.3923530 1.8649670 1.9532101 
n255_228   2.4977575 2.8537413 0.0000000 2.8995615 0.3368385 2.4884539 3.1981883 2.4520896 3.7139104 1.7486851 2.2083694 5.5473485 4.5195844 3.2252587 2.5821832 1.9635319 3.3498883 2.6380463 2.9441406 2.2769417 2.0096289 2.0191955 2.4466735 2.5753318 2.9521603 2.6589649 3.9831310 2.0437619 
n292_267   1.9569232 1.8570278 2.8995615 0.0000000 5.0093627 2.1230579 1.6779875 1.9436047 2.1160009 0.4138985 2.0815035 2.0710415 2.2260753 1.5278626 1.8988836 1.9093459 0.0899672 0.1253095 0.0308723 2.0768667 1.8799769 2.2338821 1.9418004 1.8900597 0.0309307 2.1177733 1.4652720 0.3873279 
n251_224   3.4223609 3.0429776 0.3368385 5.0093627 0.0000000 4.1111696 3.2844766 3.1903397 2.3152207 2.0848067 3.1975705 9.0000000 2.3882034 3.0810283 3.1400069 3.0134298 4.7864292 3.4301437 5.8335061 4.0871627 3.1757773 2.2843675 3.3988260 3.1303052 5.5353999 3.4358786 3.5317396 2.1670916 
n297_274   0.1380682 0.3489949 2.4884539 2.1230579 4.1111696 0.0000000 1.1487481 0.1214781 1.8436712 1.8349506 0.1257327 0.6343659 1.9284510 1.8691276 0.3319865 0.3273109 2.1718954 1.9825188 2.0212632 0.0344027 0.3211078 2.7935182 0.1294905 0.3544464 2.1177900 0.1629019 1.8130367 1.9314641 
n200_181   1.2660095 1.2460725 3.1981883 1.6779875 3.2844766 1.1487481 0.0000000 1.1918500 1.9852535 1.7649464 1.1825508 1.0878883 2.0053938 2.0920265 1.1686885 1.1344455 1.6580772 1.7197755 1.6914036 1.1106443 1.1991862 2.4457618 1.2362873 1.1665713 1.6263125 1.3053268 1.9887543 1.7056848 
n293_270   0.0705269 0.3582448 2.4520896 1.9436047 3.1903397 0.1214781 1.1918500 0.0000000 1.7565924 1.8151532 0.0781810 0.6232057 1.9622361 1.7185943 0.3524652 0.3250867 2.0019020 1.7481285 1.8203021 0.1090195 0.3086975 3.7686176 0.0343103 0.3700201 1.8979413 0.0891786 1.7490536 1.8142653 
n286_261   1.6478447 1.8060396 3.7139104 2.1160009 2.3152207 1.8436712 1.9852535 1.7565924 0.0000000 2.3127203 1.7100181 1.7124987 0.0411743 0.9758481 1.9824154 1.9800535 2.2462900 2.2776213 2.0841116 1.8549693 1.9000713 2.4805091 1.8398636 2.0980647 2.1126697 1.6686004 1.0214231 2.1661748 
n277_250   1.6993800 1.8844454 1.7486851 0.4138985 2.0848067 1.8349506 1.7649464 1.8151532 2.3127203 0.0000000 1.7936857 2.1960585 2.3759552 2.1880693 1.9434278 1.8354032 0.4590513 0.4454112 0.4259570 1.7723346 1.8343678 2.2443319 1.7608376 1.9444523 0.4251303 2.0117199 2.0738755 0.1291530 
n275_248   0.0936042 0.3591713 2.2083694 2.0815035 3.1975705 0.1257327 1.1825508 0.0781810 1.7100181 1.7936857 0.0000000 0.6564996 1.9069812 1.7573924 0.3533720 0.3195287 2.1808372 1.9466791 2.0290498 0.1173262 0.3140413 4.2214979 0.0856985 0.3705621 2.0797363 0.0933251 1.8446854 1.8817008 
n236_213   0.6636546 0.6421726 5.5473485 2.0710415 9.0000000 0.6343659 1.0878883 0.6232057 1.7124987 2.1960585 0.6564996 0.0000000 1.7887382 2.2045022 0.6053895 0.6078990 2.0824650 2.4323066 1.9340790 0.6415609 0.5896268 3.4474649 0.6547230 0.6040368 2.0661853 0.7059257 1.9850745 2.4992512 
n285_260   1.8304746 1.7939196 4.5195844 2.2260753 2.3882034 1.9284510 2.0053938 1.9622361 0.0411743 2.3759552 1.9069812 1.7887382 0.0000000 1.0144675 1.9673239 2.0367042 2.3724770 2.3235780 2.1915109 2.0467241 1.9052903 2.3732728 2.0637589 2.0807184 2.2225659 1.8560376 1.0624714 2.1610539 
n265_238   1.6062296 1.7976251 3.2252587 1.5278626 3.0810283 1.8691276 2.0920265 1.7185943 0.9758481 2.1880693 1.7573924 2.2045022 1.0144675 0.0000000 1.9401416 1.8459050 1.6760418 1.5506243 1.4851060 1.6730125 1.7929196 2.1681387 1.6333095 1.9899626 1.5534054 1.6287396 0.1725373 2.3285961 
n289_264   0.3641377 0.0413755 2.5821832 1.8988836 3.1400069 0.3319865 1.1686885 0.3524652 1.9824154 1.9434278 0.3533720 0.6053895 1.9673239 1.9401416 0.0000000 0.1382059 2.1085470 1.9466162 1.8853893 0.3245603 0.1382420 3.2960095 0.3634698 0.0272583 1.9546443 0.3862924 1.9623926 1.9607110 
n295_272   0.3415672 0.1591134 1.9635319 1.9093459 3.0134298 0.3273109 1.1344455 0.3250867 1.9800535 1.8354032 0.3195287 0.6078990 2.0367042 1.8459050 0.1382059 0.0000000 1.9000620 1.7554764 1.8899175 0.3205588 0.0169272 2.2737668 0.3246153 0.1591868 1.8550045 0.3625207 2.0254626 1.9882606 
n280_255   2.0362446 2.0581226 3.3498883 0.0899672 4.7864292 2.1718954 1.6580772 2.0019020 2.2462900 0.4590513 2.1808372 2.0824650 2.3724770 1.6760418 2.1085470 1.9000620 0.0000000 0.1335241 0.1015081 2.1234463 1.8706716 2.1861639 1.8950115 2.0802428 0.1094955 2.1186010 1.6462985 0.4373574 
n274_247   1.8672056 1.8746655 2.6380463 0.1253095 3.4301437 1.9825188 1.7197755 1.7481285 2.2776213 0.4454112 1.9466791 2.4323066 2.3235780 1.5506243 1.9466162 1.7554764 0.1335241 0.0000000 0.1374174 1.8617181 1.7301259 2.1371156 1.8238155 1.9792843 0.1458625 1.9691554 1.5096185 0.4227380 
n300_277   1.8319314 1.7783233 2.9441406 0.0308723 5.8335061 2.0212632 1.6914036 1.8203021 2.0841116 0.4259570 2.0290498 1.9340790 2.1915109 1.4851060 1.8853893 1.8899175 0.1015081 0.1374174 0.0000000 1.9791619 1.8611346 2.4350479 1.9199096 1.8766950 0.0273414 1.9727732 1.4406618 0.3990513 
n298_275   0.1294770 0.3413067 2.2769417 2.0768667 4.0871627 0.0344027 1.1106443 0.1090195 1.8549693 1.7723346 0.1173262 0.6415609 2.0467241 1.6730125 0.3245603 0.3205588 2.1234463 1.8617181 1.9791619 0.0000000 0.3150509 2.7286616 0.1210475 0.3466810 2.0717380 0.1539525 1.7428834 1.8630777 
n296_273   0.3359076 0.1590378 2.0096289 1.8799769 3.1757773 0.3211078 1.1991862 0.3086975 1.9000713 1.8343678 0.3140413 0.5896268 1.9052903 1.7929196 0.1382420 0.0169272 1.8706716 1.7301259 1.8611346 0.3150509 0.0000000 2.2653221 0.3082590 0.1591111 1.8270911 0.3567107 1.9592278 1.9870138 
n244_219   3.7865081 3.1624175 2.0191955 2.2338821 2.2843675 2.7935182 2.4457618 3.7686176 2.4805091 2.2443319 4.2214979 3.4474649 2.3732728 2.1681387 3.2960095 2.2737668 2.1861639 2.1371156 2.4350479 2.7286616 2.2653221 0.0000000 3.2265183 3.6999679 2.3440258 3.7703684 1.9916438 2.1602475 
n294_271   0.0779487 0.3693364 2.4466735 1.9418004 3.3988260 0.1294905 1.2362873 0.0343103 1.8398636 1.7608376 0.0856985 0.6547230 2.0637589 1.6333095 0.3634698 0.3246153 1.8950115 1.8238155 1.9199096 0.1210475 0.3082590 3.2265183 0.0000000 0.3868282 1.8962366 0.1006001 1.5981883 1.8529806 
n290_265   0.3875449 0.0557675 2.5753318 1.8900597 3.1303052 0.3544464 1.1665713 0.3700201 2.0980647 1.9444523 0.3705621 0.6040368 2.0807184 1.9899626 0.0272583 0.1591868 2.0802428 1.9792843 1.8766950 0.3466810 0.1591111 3.6999679 0.3868282 0.0000000 1.9452330 0.4103904 1.9839368 1.9294466 
n299_276   1.8706277 1.8406084 2.9521603 0.0309307 5.5353999 2.1177900 1.6263125 1.8979413 2.1126697 0.4251303 2.0797363 2.0661853 2.2225659 1.5534054 1.9546443 1.8550045 0.1094955 0.1458625 0.0273414 2.0717380 1.8270911 2.3440258 1.8962366 1.9452330 0.0000000 2.0641505 1.4840343 0.3994277 
n293_268   0.0558163 0.3923530 2.6589649 2.1177733 3.4358786 0.1629019 1.3053268 0.0891786 1.6686004 2.0117199 0.0933251 0.7059257 1.8560376 1.6287396 0.3862924 0.3625207 2.1186010 1.9691554 1.9727732 0.1539525 0.3567107 3.7703684 0.1006001 0.4103904 2.0641505 0.0000000 1.6523969 2.0777163 
n266_239   1.6063884 1.8649670 3.9831310 1.4652720 3.5317396 1.8130367 1.9887543 1.7490536 1.0214231 2.0738755 1.8446854 1.9850745 1.0624714 0.1725373 1.9623926 2.0254626 1.6462985 1.5096185 1.4406618 1.7428834 1.9592278 1.9916438 1.5981883 1.9839368 1.4840343 1.6523969 0.0000000 2.0440917 
n278_251   1.7968965 1.9532101 2.0437619 0.3873279 2.1670916 1.9314641 1.7056848 1.8142653 2.1661748 0.1291530 1.8817008 2.4992512 2.1610539 2.3285961 1.9607110 1.9882606 0.4373574 0.4227380 0.3990513 1.8630777 1.9870138 2.1602475 1.8529806 1.9294466 0.3994277 2.0777163 2.0440917 0.0000000 
