26
n277_278   0.0000000 1.7529827 3.3056781 1.8659906 2.8285872 0.4925097 2.6837211 2.0503453 0.1177769 0.4448672 2.1116227 2.4100854 2.9464673 2.1863649 2.6270907 0.4311138 0.4303890 3.2582688 2.4607016 2.1026911 1.8480329 1.8977012 2.3098480 3.2466575 2.2788471 0.4316589 
n286_287   1.7529827 0.0000000 2.5827260 0.0818415 2.6404016 1.7762585 2.4000065 2.4194216 1.8831674 1.6255540 2.5723874 2.6705347 2.5004653 2.2162325 2.1658881 1.7892159 1.5895156 2.7266149 2.5742206 2.1478131 0.9374330 0.8856252 2.6090466 3.6844136 2.2319446 1.6304632 
n296_297   3.3056781 2.5827260 0.0000000 2.2652691 0.1212234 2.9874469 2.3428570 0.2573926 2.9650472 2.4097180 0.7529803 0.2517125 0.1132762 0.2668116 1.1712411 2.6197777 2.6006204 0.0307452 0.1093296 2.2969500 2.0460923 1.9784490 0.2418579 2.5224355 0.2722196 2.7882808 
n285_286   1.8659906 0.0818415 2.2652691 0.0000000 2.4930348 1.8110804 2.3456212 2.2987095 1.8582025 1.5704355 2.7015898 2.5786257 2.3203714 2.1583529 2.2233988 1.7239805 1.5135238 2.4241415 2.4348141 1.9609771 1.0067510 0.9112851 2.5218326 4.2851327 2.2859550 1.5749853 
n289_290   2.8285872 2.6404016 0.1212234 2.4930348 0.0000000 2.7899612 2.3407022 0.2623223 2.6669341 2.5898759 0.7312179 0.2666716 0.0413330 0.2717418 1.1057608 2.5292477 2.3865133 0.1252744 0.0448872 2.7695943 1.9544491 2.0429370 0.2617717 2.3333001 0.2771913 2.6005291 
n274_275   0.4925097 1.7762585 2.9874469 1.8110804 2.7899612 0.0000000 3.4080480 2.2705745 0.4784457 0.1589321 2.1764052 2.4931441 2.6481146 2.1626087 2.2708016 0.1632734 0.1899503 3.0361118 2.4886815 2.3412220 2.0469369 2.5172577 2.3859029 3.4622089 2.3199275 0.1591919 
n255_256   2.6837211 2.4000065 2.3428570 2.3456212 2.3407022 3.4080480 0.0000000 2.5412828 2.7540745 3.1375827 4.2997146 2.8173988 2.2963857 2.2857942 2.4304637 3.0750547 3.0019093 2.3390233 2.4012254 1.9105097 3.9131750 4.3563117 2.6713905 0.3090251 2.4518087 3.9913767 
n275_276   2.0503453 2.4194216 0.2573926 2.2987095 0.2623223 2.2705745 2.5412828 0.0000000 2.0513810 2.0163485 0.7204527 0.1337302 0.2676275 0.1421283 0.9892217 2.1034250 1.8092788 0.2572096 0.2473096 2.0464039 1.8491512 1.7856322 0.1214959 2.5005714 0.1295389 2.1576457 
n278_279   0.1177769 1.8831674 2.9650472 1.8582025 2.6669341 0.4784457 2.7540745 2.0513810 0.0000000 0.4055597 2.1479664 2.5905666 2.6818078 2.2307938 2.7319745 0.4051936 0.3861832 3.3600485 2.3830254 2.1263932 1.9838641 2.1268790 2.5422687 3.1761288 2.3418022 0.4056957 
n299_300   0.4448672 1.6255540 2.4097180 1.5704355 2.5898759 0.1589321 3.1375827 2.0163485 0.4055597 0.0000000 2.1543557 2.3073592 2.4693385 2.0121998 2.3223986 0.0343058 0.1014113 2.5054770 2.3331376 2.1731986 1.6143923 2.0659865 2.1601836 2.8484952 2.1064246 0.0343557 
n236_237   2.1116227 2.5723874 0.7529803 2.7015898 0.7312179 2.1764052 4.2997146 0.7204527 2.1479664 2.1543557 0.0000000 0.7201057 0.7511284 0.7629952 1.0133988 2.1134115 2.1988436 0.7840211 0.7724670 3.0575895 2.2982819 2.5876429 0.7294283 2.9369108 0.7619048 2.2583418 
n293_294   2.4100854 2.6705347 0.2517125 2.5786257 0.2666716 2.4931441 2.8173988 0.1337302 2.5905666 2.3073592 0.7201057 0.0000000 0.2717942 0.1334931 1.1373280 2.3069444 1.9902202 0.2517250 0.2518449 1.9967798 1.9035114 1.9559762 0.0100716 2.6373750 0.1212062 2.3057022 
n290_291   2.9464673 2.5004653 0.1132762 2.3203714 0.0413330 2.6481146 2.2963857 0.2676275 2.6818078 2.4693385 0.7511284 0.2717942 0.0000000 0.2720114 1.1203565 2.4143449 2.3415715 0.1254222 0.0449355 2.8177681 2.0935327 2.0577179 0.2668580 2.7707397 0.2773816 2.4790587 
n297_298   2.1863649 2.2162325 0.2668116 2.1583529 0.2717418 2.1626087 2.2857942 0.1421283 2.2307938 2.0121998 0.7629952 0.1334931 0.2720114 0.0000000 1.1044118 2.1061438 1.8394421 0.2668238 0.2567635 2.2411904 1.7731967 1.6816691 0.1212836 2.1588027 0.0378938 1.9752692 
n200_201   2.6270907 2.1658881 1.1712411 2.2233988 1.1057608 2.2708016 2.4304637 0.9892217 2.7319745 2.3223986 1.0133988 1.1373280 1.1203565 1.1044118 0.0000000 2.3883585 2.2046785 1.2044569 1.1704982 2.5407930 1.7949775 2.0438046 1.1214199 2.4267108 1.1062178 2.3294026 
n292_293   0.4311138 1.7892159 2.6197777 1.7239805 2.5292477 0.1632734 3.0750547 2.1034250 0.4051936 0.0343058 2.1134115 2.3069444 2.4143449 2.1061438 2.3883585 0.0000000 0.1053050 2.6551298 2.2844271 2.4066938 1.6474855 2.1683072 2.2149630 2.7913711 2.1580740 0.0414536 
n280_281   0.4303890 1.5895156 2.6006204 1.5135238 2.3865133 0.1899503 3.0019093 1.8092788 0.3861832 0.1014113 2.1988436 1.9902202 2.3415715 1.8394421 2.2046785 0.1053050 0.0000000 2.7120690 2.2200858 2.0610295 1.6139754 2.1696578 1.9207099 2.8368707 1.9570307 0.1094176 
n295_296   3.2582688 2.7266149 0.0307452 2.4241415 0.1252744 3.0361118 2.3390233 0.2572096 3.3600485 2.5054770 0.7840211 0.2517250 0.1254222 0.2668238 1.2044569 2.6551298 2.7120690 0.0000000 0.1133113 2.2395856 2.0059078 1.9404595 0.2418706 2.2692343 0.2722316 2.9175679 
n287_288   2.4607016 2.5742206 0.1093296 2.4348141 0.0448872 2.4886815 2.4012254 0.2473096 2.3830254 2.3331376 0.7724670 0.2518449 0.0449355 0.2567635 1.1704982 2.2844271 2.2200858 0.1133113 0.0000000 2.4247039 2.1549950 2.0176645 0.2470420 2.6726353 0.2620822 2.3417796 
n244_245   2.1026911 2.1478131 2.2969500 1.9609771 2.7695943 2.3412220 1.9105097 2.0464039 2.1263932 2.1731986 3.0575895 1.9967798 2.8177681 2.2411904 2.5407930 2.4066938 2.0610295 2.2395856 2.4247039 0.0000000 2.5763754 2.4984980 2.0871828 1.8383253 2.3105975 2.4096032 
n265_266   1.8480329 0.9374330 2.0460923 1.0067510 1.9544491 2.0469369 3.9131750 1.8491512 1.9838641 1.6143923 2.2982819 1.9035114 2.0935327 1.7731967 1.7949775 1.6474855 1.6139754 2.0059078 2.1549950 2.5763754 0.0000000 0.2169299 1.9093222 3.4350923 1.8078512 1.6191666 
n266_267   1.8977012 0.8856252 1.9784490 0.9112851 2.0429370 2.5172577 4.3563117 1.7856322 2.1268790 2.0659865 2.5876429 1.9559762 2.0577179 1.6816691 2.0438046 2.1683072 2.1696578 1.9404595 2.0176645 2.4984980 0.2169299 0.0000000 1.8876458 3.8299157 1.7468776 2.1202891 
n294_295   2.3098480 2.6090466 0.2418579 2.5218326 0.2617717 2.3859029 2.6713905 0.1214959 2.5422687 2.1601836 0.7294283 0.0100716 0.2668580 0.1212836 1.1214199 2.2149630 1.9207099 0.2418706 0.2470420 2.0871828 1.9093222 1.8876458 0.0000000 2.5712280 0.1092245 2.2140465 
n251_252   3.2466575 3.6844136 2.5224355 4.2851327 2.3333001 3.4622089 0.3090251 2.5005714 3.1761288 2.8484952 2.9369108 2.6373750 2.7707397 2.1588027 2.4267108 2.7913711 2.8368707 2.2692343 2.6726353 1.8383253 3.4350923 3.8299157 2.5712280 0.0000000 2.3036906 3.1924546 
n298_299   2.2788471 2.2319446 0.2722196 2.2859550 0.2771913 2.3199275 2.4518087 0.1295389 2.3418022 2.1064246 0.7619048 0.1212062 0.2773816 0.0378938 1.1062178 2.1580740 1.9570307 0.2722316 0.2620822 2.3105975 1.8078512 1.7468776 0.1092245 2.3036906 0.0000000 2.0646630 
n300_301   0.4316589 1.6304632 2.7882808 1.5749853 2.6005291 0.1591919 3.9913767 2.1576457 0.4056957 0.0343557 2.2583418 2.3057022 2.4790587 1.9752692 2.3294026 0.0414536 0.1094176 2.9175679 2.3417796 2.4096032 1.6191666 2.1202891 2.2140465 3.1924546 2.0646630 0.0000000 
