22
n289_290   0.0000000 0.0202868 0.0203024 0.2614633 0.2664789 0.0202868 0.0066953 0.2664603 0.4183428 0.2814306 0.0271908 0.3511086 0.2569451 0.0033408 0.1782291 0.0628839 0.2713377 0.3174165 0.0237273 0.4124091 0.2716427 0.3334057 
n294_295   0.0202868 0.0000000 0.0341805 0.2661109 0.2612946 0.0134475 0.0271936 0.2612762 0.4239961 0.2861989 0.0412030 0.3506224 0.2518342 0.0237372 0.1780071 0.0628104 0.2661148 0.3224060 0.0100584 0.4180201 0.2664129 0.3384971 
n295_296   0.0203024 0.0341805 0.0000000 0.2815235 0.2866824 0.0341804 0.0272145 0.2866631 0.4373701 0.3020984 0.0134650 0.3625435 0.2768802 0.0237554 0.1959184 0.0777400 0.2916824 0.3392002 0.0376943 0.4312727 0.2920138 0.3557036 
n266_267   0.2614633 0.2661109 0.2815235 0.0000000 0.2229343 0.2610989 0.2713918 0.2184889 0.3715433 0.0376741 0.2914545 0.3231491 0.2139424 0.2614681 0.3118254 0.2717975 0.2183476 0.1403018 0.2710401 0.3771297 0.2231600 0.1526732 
n299_300   0.2664789 0.2612946 0.2866824 0.2229343 0.0000000 0.2563195 0.2764777 0.0101017 0.3941380 0.2415984 0.2918332 0.3618532 0.0485114 0.2664838 0.2864885 0.2765887 0.0100959 0.2508174 0.2661887 0.4002653 0.0101059 0.2605056 
n298_299   0.0202868 0.0134475 0.0341804 0.2610989 0.2563195 0.0000000 0.0271935 0.2563013 0.4177053 0.2810337 0.0412029 0.3449363 0.2469252 0.0237372 0.1736252 0.0628105 0.2611050 0.3169596 0.0168511 0.4180418 0.2613967 0.3329213 
n290_291   0.0066953 0.0271936 0.0272145 0.2713918 0.2764777 0.0271935 0.0000000 0.2764588 0.4243756 0.2916563 0.0341714 0.3508910 0.2668127 0.0100719 0.1869970 0.0665401 0.2814056 0.3281880 0.0306700 0.4183930 0.2817236 0.3444286 
n274_275   0.2664603 0.2612762 0.2866631 0.2184889 0.0101017 0.2563013 0.2764588 0.0000000 0.3883569 0.2370457 0.2918138 0.3562975 0.0449571 0.2664652 0.2765175 0.2667458 0.0067179 0.2462152 0.2661701 0.3944339 0.0135121 0.2606128 
n251_252   0.4183428 0.4239961 0.4373701 0.3715433 0.3941380 0.4177053 0.4243756 0.3883569 0.0000000 0.3950011 0.4496186 0.3166527 0.3892119 0.4246751 0.4287490 0.3998132 0.3878021 0.4182713 0.4301426 0.0483307 0.3942506 0.4366558 
n265_266   0.2814306 0.2861989 0.3020984 0.0376741 0.2415984 0.2810337 0.2916563 0.2370457 0.3950011 0.0000000 0.3123179 0.3506872 0.2276375 0.2814358 0.3330602 0.2919030 0.2368908 0.1528080 0.2912736 0.4007685 0.2418453 0.1654130 
n296_297   0.0271908 0.0412030 0.0134650 0.2914545 0.2918332 0.0412029 0.0341714 0.2918138 0.4496186 0.3123179 0.0000000 0.3736615 0.2819610 0.0306798 0.2047263 0.0852145 0.2968701 0.3499499 0.0447511 0.4434203 0.2972084 0.3666979 
n244_245   0.3511086 0.3506224 0.3625435 0.3231491 0.3618532 0.3449363 0.3508910 0.3562975 0.3166527 0.3506872 0.3736615 0.0000000 0.3622598 0.3568739 0.3664013 0.3565110 0.3557957 0.3785739 0.3506925 0.3221314 0.3564979 0.3960125 
n278_279   0.2569451 0.2518342 0.2768802 0.2139424 0.0485114 0.2469252 0.2668127 0.0449571 0.3892119 0.2276375 0.2819610 0.3622598 0.0000000 0.2569498 0.2817932 0.2572179 0.0449308 0.2414709 0.2566659 0.3895227 0.0521502 0.2557708 
n287_288   0.0033408 0.0237372 0.0237554 0.2614681 0.2664838 0.0237372 0.0100719 0.2664652 0.4246751 0.2814358 0.0306798 0.3568739 0.2569498 0.0000000 0.1826530 0.0665812 0.2713427 0.3174225 0.0271965 0.4186867 0.2716477 0.3334121 
n200_201   0.1782291 0.1780071 0.1959184 0.3118254 0.2864885 0.1736252 0.1869970 0.2765175 0.4287490 0.3330602 0.2047263 0.3664013 0.2817932 0.1826530 0.0000000 0.1869438 0.2814646 0.3603355 0.1823403 0.4287351 0.2918142 0.3772999 
n236_237   0.0628839 0.0628104 0.0777400 0.2717975 0.2765887 0.0628105 0.0665401 0.2667458 0.3998132 0.2919030 0.0852145 0.3565110 0.2572179 0.0665812 0.1869438 0.0000000 0.2716298 0.3340613 0.0664746 0.3940356 0.2818376 0.3504585 
n280_281   0.2713377 0.2661148 0.2916824 0.2183476 0.0100959 0.2611050 0.2814056 0.0067179 0.3878021 0.2368908 0.2968701 0.3557957 0.0449308 0.2713427 0.2814646 0.2716298 0.0000000 0.2412226 0.2710418 0.3938682 0.0135044 0.2555064 
n285_286   0.3174165 0.3224060 0.3392002 0.1403018 0.2508174 0.3169596 0.3281880 0.2462152 0.4182713 0.1528080 0.3499499 0.3785739 0.2414709 0.3174225 0.3603355 0.3340613 0.2412226 0.0000000 0.3277478 0.4179121 0.2510746 0.0100474 
n275_276   0.0237273 0.0100584 0.0376943 0.2710401 0.2661887 0.0168511 0.0306700 0.2661701 0.4301426 0.2912736 0.0447511 0.3506925 0.2566659 0.0271965 0.1823403 0.0664746 0.2710418 0.3277478 0.0000000 0.4241153 0.2713461 0.3439620 
n255_256   0.4124091 0.4180201 0.4312727 0.3771297 0.4002653 0.4180418 0.4183930 0.3944339 0.0483307 0.4007685 0.4434203 0.3221314 0.3895227 0.4186867 0.4287351 0.3940356 0.3938682 0.4179121 0.4241153 0.0000000 0.4003799 0.4362741 
n292_293   0.2716427 0.2664129 0.2920138 0.2231600 0.0101059 0.2613967 0.2817236 0.0135121 0.3942506 0.2418453 0.2972084 0.3564979 0.0521502 0.2716477 0.2918142 0.2818376 0.0135044 0.2510746 0.2713461 0.4003799 0.0000000 0.2655748 
n286_287   0.3334057 0.3384971 0.3557036 0.1526732 0.2605056 0.3329213 0.3444286 0.2606128 0.4366558 0.1654130 0.3666979 0.3960125 0.2557708 0.3334121 0.3772999 0.3504585 0.2555064 0.0100474 0.3439620 0.4362741 0.2655748 0.0000000 
