23
n289_290   0.0000000 0.0484344 0.0306902 0.2873676 0.3420490 0.0519783 0.0033439 0.3418472 0.4701851 0.2931360 0.0412664 0.3311157 0.3470079 0.0067043 0.1927400 0.3525358 0.0969647 0.3530912 0.2936121 0.0448176 0.4383786 0.3477994 0.2883696 
n294_295   0.0484344 0.0000000 0.0591735 0.2771492 0.3250765 0.0168766 0.0520208 0.3248862 0.4564710 0.2828099 0.0628728 0.3361641 0.3304087 0.0556336 0.1750056 0.3358070 0.0891758 0.3358402 0.2832670 0.0100765 0.4380016 0.3306738 0.2781065 
n295_296   0.0306902 0.0591735 0.0000000 0.2815550 0.3524164 0.0627566 0.0341818 0.3522072 0.4891128 0.2872514 0.0168713 0.3468500 0.3462136 0.0376959 0.2057966 0.3517239 0.1084395 0.3635998 0.2929006 0.0554968 0.4565536 0.3582454 0.2876741 
n266_267   0.2873676 0.2771492 0.2815550 0.0000000 0.2985656 0.2818525 0.2924062 0.2983923 0.4243999 0.0237362 0.2973676 0.3648233 0.2984268 0.2975451 0.3089030 0.3141506 0.3129484 0.3089345 0.1407416 0.2718837 0.4246394 0.3039448 0.1448658 
n299_300   0.3420490 0.3250765 0.3524164 0.2985656 0.0000000 0.3300833 0.3475047 0.0066877 0.4759407 0.3095184 0.3580761 0.4065479 0.0591629 0.3530864 0.3485965 0.0701486 0.3303611 0.0134468 0.2832753 0.3142775 0.4636063 0.0033364 0.2937255 
n298_299   0.0519783 0.0168766 0.0627566 0.2818525 0.3300833 0.0000000 0.0555794 0.3298898 0.4434333 0.2875557 0.0664756 0.3524734 0.3354489 0.0592077 0.1879965 0.3408800 0.0929023 0.3409132 0.2880209 0.0134559 0.4252819 0.3357174 0.2828291 
n290_291   0.0033439 0.0520208 0.0341818 0.2924062 0.3475047 0.0555794 0.0000000 0.3472993 0.4766998 0.2982252 0.0448135 0.3364908 0.3524962 0.0100799 0.1883478 0.3526834 0.1008161 0.3586291 0.2987104 0.0483825 0.4446244 0.3533005 0.2934300 
n274_275   0.3418472 0.3248862 0.3522072 0.2983923 0.0066877 0.3298898 0.3472993 0.0000000 0.4690246 0.3093378 0.3578641 0.4002957 0.0591307 0.3528774 0.3483899 0.0701112 0.3301673 0.0134398 0.2831116 0.3140941 0.4568042 0.0100616 0.2935550 
n251_252   0.4701851 0.4564710 0.4891128 0.4243999 0.4759407 0.4434333 0.4766998 0.4690246 0.0000000 0.4317646 0.4889305 0.3316724 0.4818946 0.4834186 0.4570711 0.5021475 0.4696011 0.4760495 0.4436821 0.4495094 0.0630303 0.4829525 0.4636190 
n265_266   0.2931360 0.2828099 0.2872514 0.0237362 0.3095184 0.2875557 0.2982252 0.3093378 0.4317646 0.0000000 0.3032346 0.3714641 0.3093756 0.3034174 0.2986949 0.3253712 0.3189775 0.3200646 0.1492225 0.2774872 0.4320100 0.3149950 0.1534035 
n296_297   0.0412664 0.0628728 0.0168713 0.2973676 0.3580761 0.0664756 0.0448135 0.3578641 0.4889305 0.3032346 0.0000000 0.3468768 0.3518170 0.0483855 0.2196847 0.3573704 0.1163996 0.3693494 0.3035216 0.0591707 0.4495322 0.3639546 0.2982099 
n244_245   0.3311157 0.3361641 0.3468500 0.3648233 0.4065479 0.3524734 0.3364908 0.4002957 0.3316724 0.3714641 0.3468768 0.0000000 0.4176829 0.3419856 0.3771038 0.4237770 0.3589175 0.4186532 0.3655703 0.3414309 0.3154031 0.4128835 0.3713175 
n278_279   0.3470079 0.3304087 0.3462136 0.2984268 0.0591629 0.3354489 0.3524962 0.0591307 0.4818946 0.3093756 0.3518170 0.4176829 0.0000000 0.3581120 0.3536952 0.0168442 0.3407817 0.0591758 0.2831420 0.3195271 0.4694778 0.0628418 0.2935883 
n287_288   0.0067043 0.0556336 0.0376959 0.2975451 0.3530864 0.0592077 0.0100799 0.3528774 0.4834186 0.3034174 0.0483855 0.3419856 0.3581120 0.0000000 0.2016512 0.3637228 0.1047054 0.3642985 0.3039122 0.0519739 0.4510524 0.3589306 0.2985915 
n200_201   0.1927400 0.1750056 0.2057966 0.3089030 0.3485965 0.1879965 0.1883478 0.3483899 0.4570711 0.2986949 0.2196847 0.3771038 0.3536952 0.2016512 0.0000000 0.3651575 0.2016757 0.3486769 0.2833660 0.1792512 0.4579182 0.3544150 0.2990469 
n277_278   0.3525358 0.3358070 0.3517239 0.3141506 0.0701486 0.3408800 0.3526834 0.0701112 0.5021475 0.3253712 0.3573704 0.4237770 0.0168442 0.3637228 0.3651575 0.0000000 0.3462525 0.0701639 0.3088291 0.3248436 0.4894093 0.0738923 0.3196790 
n236_237   0.0969647 0.0891758 0.1084395 0.3129484 0.3303611 0.0929023 0.1008161 0.3301673 0.4696011 0.3189775 0.1163996 0.3589175 0.3407817 0.1047054 0.2016757 0.3462525 0.0000000 0.3412038 0.2978437 0.0852988 0.4443693 0.3360020 0.3085004 
n280_281   0.3530912 0.3358402 0.3635998 0.3089345 0.0134468 0.3409132 0.3586291 0.0134398 0.4760495 0.3200646 0.3693494 0.4186532 0.0591758 0.3642985 0.3486769 0.0701639 0.3412038 0.0000000 0.2934260 0.3248765 0.4637125 0.0168593 0.3040339 
n285_286   0.2936121 0.2832670 0.2929006 0.1407416 0.2832753 0.2880209 0.2987104 0.2831116 0.4436821 0.1492225 0.3035216 0.3655703 0.2831420 0.3039122 0.2833660 0.3088291 0.2978437 0.2934260 0.0000000 0.2779343 0.4313905 0.2885337 0.0100949 
n275_276   0.0448176 0.0100765 0.0554968 0.2718837 0.3142775 0.0134559 0.0483825 0.3140941 0.4495094 0.2774872 0.0591707 0.3414309 0.3195271 0.0519739 0.1792512 0.3248436 0.0852988 0.3248765 0.2779343 0.0000000 0.4312215 0.3197839 0.2728178 
n255_256   0.4383786 0.4380016 0.4565536 0.4246394 0.4636063 0.4252819 0.4446244 0.4568042 0.0630303 0.4320100 0.4495322 0.3154031 0.4694778 0.4510524 0.4579182 0.4894093 0.4443693 0.4637125 0.4313905 0.4312215 0.0000000 0.4705020 0.4509833 
n292_293   0.3477994 0.3306738 0.3582454 0.3039448 0.0033364 0.3357174 0.3533005 0.0100616 0.4829525 0.3149950 0.3639546 0.4128835 0.0628418 0.3589306 0.3544150 0.0738923 0.3360020 0.0168593 0.2885337 0.3197839 0.4705020 0.0000000 0.2990709 
n286_287   0.2883696 0.2781065 0.2876741 0.1448658 0.2937255 0.2828291 0.2934300 0.2935550 0.4636190 0.1534035 0.2982099 0.3713175 0.2935883 0.2985915 0.2990469 0.3196790 0.3085004 0.3040339 0.0100949 0.2728178 0.4509833 0.2990709 0.0000000 
