26
n277_280   0.0000000 1.4793666 0.1401627 1.9227276 9.0000000 0.4544492 2.1117537 2.0359838 2.2475038 0.4746043 1.6179501 2.0698134 1.7581844 2.2832506 2.4786723 9.0000000 1.7786497 2.3103781 1.4746191 2.0178996 0.4811219 0.4423178 0.4882342 2.2856724 1.9134776 2.4826105 
n285_288   1.4793666 0.0000000 1.3791483 2.7368550 3.1312618 1.5382979 2.6917404 2.7400749 2.0431527 1.5410423 0.9086052 2.3564810 0.9513481 1.9276606 1.7530776 3.4535938 2.1382742 1.7269135 0.0739777 2.7897690 1.6203804 1.5427789 1.5370001 1.8672859 2.2803878 8.9999988 
n278_281   0.1401627 1.3791483 0.0000000 2.0392114 8.9999989 0.4894884 2.1445293 2.2209866 2.1947837 0.5123761 1.8835352 2.1636420 2.0215612 2.2745357 2.4038305 9.0000000 1.7640909 2.2734531 1.3894469 1.9982164 0.5242727 0.4767756 0.5239594 2.1798218 1.9003427 2.7552547 
n297_300   1.9227276 2.7368550 2.0392114 0.0000000 3.2556812 2.6132575 0.1415246 0.1798874 0.4509035 3.6484641 1.6003217 0.0522826 1.5542427 0.4539779 0.4288550 3.4773683 1.0215097 0.4287358 2.8557486 0.1541815 2.6602610 2.7464409 2.5630730 0.4325255 0.7981584 3.1364945 
n251_254   9.0000000 3.1312618 8.9999989 3.2556812 0.0000000 9.0000000 3.1042970 4.2305518 2.5622453 5.4438745 8.9999987 3.2613412 9.0000000 2.7953376 3.0679172 0.2619624 2.7781650 3.0670307 3.4772011 3.4319405 9.0000000 9.0000000 9.0000000 2.4834490 4.1273758 2.1568277 
n280_283   0.4544492 1.5382979 0.4894884 2.6132575 9.0000000 0.0000000 2.4588113 2.5144106 2.8897485 0.1399071 1.9342182 2.6956499 2.2231471 2.8703541 2.2778404 9.0000000 1.5963089 2.1701802 1.5988479 2.2692164 0.0885843 0.0735656 0.0885715 2.7672630 1.8025373 2.7707450 
n294_297   2.1117537 2.6917404 2.1445293 0.1415246 3.1042970 2.4588113 0.0000000 0.1407983 0.3968702 2.9319926 1.7030362 0.1209998 1.6815174 0.4100207 0.4079045 3.3993203 0.9569130 0.4020338 2.6836583 0.0378743 2.4229050 2.4923086 2.3436993 0.3792989 0.7251520 2.8347627 
n275_278   2.0359838 2.7400749 2.2209866 0.1798874 4.2305518 2.5144106 0.1407983 0.0000000 0.4001710 3.1255261 1.6921094 0.1498957 1.8137250 0.4018714 0.4146352 4.3356538 0.9814801 0.3960719 2.7836827 0.1576438 2.3671742 2.5497414 2.2921219 0.3828663 0.7565364 2.6949829 
n289_292   2.2475038 2.0431527 2.1947837 0.4509035 2.5622453 2.8897485 0.3968702 0.4001710 0.0000000 2.6535886 1.7089403 0.4053979 1.7314272 0.0631963 0.1936176 2.1899049 0.9569989 0.2024225 2.0603034 0.4342973 2.7884521 2.7451804 2.5452370 0.0344035 0.7270519 2.8539503 
n274_277   0.4746043 1.5410423 0.5123761 3.6484641 5.4438745 0.1399071 2.9319926 3.1255261 2.6535886 0.0000000 2.1167093 3.8971203 1.9913639 2.6948164 2.3021884 7.2913662 1.8349244 2.1370374 1.5719480 2.6912144 0.1526899 0.1281169 0.1526712 2.3440550 1.8236040 2.9122094 
n265_268   1.6179501 0.9086052 1.8835352 1.6003217 8.9999987 1.9342182 1.7030362 1.6921094 1.7089403 2.1167093 0.0000000 1.6222391 0.1660865 1.5879883 1.4780433 4.6940680 1.6717762 1.4979132 0.8948857 1.6883752 2.1898906 2.0518875 2.0106418 1.6779361 1.6183445 2.6128753 
n298_301   2.0698134 2.3564810 2.1636420 0.0522826 3.2613412 2.6956499 0.1209998 0.1498957 0.4053979 3.8971203 1.6222391 0.0000000 1.5165954 0.4080839 0.3921346 3.3925410 0.9997777 0.3804972 2.4394304 0.1374930 2.7479956 2.8440445 2.6407222 0.3935673 0.7301570 2.8135068 
n266_269   1.7581844 0.9513481 2.0215612 1.5542427 9.0000000 2.2231471 1.6815174 1.8137250 1.7314272 1.9913639 0.1660865 1.5165954 0.0000000 1.6008236 1.4474174 8.9999986 1.6668441 1.4667863 0.9112868 1.7140485 2.1834296 2.1346867 2.1377901 1.6365700 1.7977853 2.7145919 
n287_290   2.2832506 1.9276606 2.2745357 0.4539779 2.7953376 2.8703541 0.4100207 0.4018714 0.0631963 2.6948164 1.5879883 0.4080839 1.6008236 0.0000000 0.2026511 2.2567399 0.9607720 0.2160456 2.0171252 0.4424437 2.5323180 2.6425723 2.4599124 0.0522861 0.7418147 3.1335347 
n295_298   2.4786723 1.7530776 2.4038305 0.4288550 3.0679172 2.2778404 0.4079045 0.4146352 0.1936176 2.3021884 1.4780433 0.3921346 1.4474174 0.2026511 0.0000000 2.9599557 0.9636358 0.0274284 1.8781101 0.4266258 2.2562827 2.2459983 2.1056152 0.1804701 0.7538010 3.7088109 
n255_258   9.0000000 3.4535938 9.0000000 3.4773683 0.2619624 9.0000000 3.3993203 4.3356538 2.1899049 7.2913662 4.6940680 3.3925410 8.9999986 2.2567399 2.9599557 0.0000000 3.4377135 3.4072469 3.4769719 3.9354478 9.0000000 9.0000000 9.0000000 2.1940883 3.9422275 1.8226400 
n200_201   1.7786497 2.1382742 1.7640909 1.0215097 2.7781650 1.5963089 0.9569130 0.9814801 0.9569989 1.8349244 1.6717762 0.9997777 1.6668441 0.9607720 0.9636358 3.4377135 0.0000000 0.9365490 2.4946317 0.9540853 1.7061159 1.7204504 1.7117786 0.9734432 1.0687008 1.8909488 
n296_299   2.3103781 1.7269135 2.2734531 0.4287358 3.0670307 2.1701802 0.4020338 0.3960719 0.2024225 2.1370374 1.4979132 0.3804972 1.4667863 0.2160456 0.0274284 3.4072469 0.9365490 0.0000000 1.8484297 0.4206016 2.1506154 2.0606861 2.0141572 0.1891274 0.7635228 3.9279211 
n286_289   1.4746191 0.0739777 1.3894469 2.8557486 3.4772011 1.5988479 2.6836583 2.7836827 2.0603034 1.5719480 0.8948857 2.4394304 0.9112868 2.0171252 1.8781101 3.4769719 2.4946317 1.8484297 0.0000000 2.8495124 1.7162995 1.6299981 1.6231501 1.8821492 2.1047585 8.9999987 
n293_296   2.0178996 2.7897690 1.9982164 0.1541815 3.4319405 2.2692164 0.0378743 0.1576438 0.4342973 2.6912144 1.6883752 0.1374930 1.7140485 0.4424437 0.4266258 3.9354478 0.9540853 0.4206016 2.8495124 0.0000000 2.3357837 2.3986427 2.2635092 0.4166347 0.7362460 2.6381598 
n299_302   0.4811219 1.6203804 0.5242727 2.6602610 9.0000000 0.0885843 2.4229050 2.3671742 2.7884521 0.1526899 2.1898906 2.7479956 2.1834296 2.5323180 2.2562827 9.0000000 1.7061159 2.1506154 1.7162995 2.3357837 0.0000000 0.0340270 0.0133942 2.5922944 1.6745452 2.7369134 
n292_295   0.4423178 1.5427789 0.4767756 2.7464409 9.0000000 0.0735656 2.4923086 2.5497414 2.7451804 0.1281169 2.0518875 2.8440445 2.1346867 2.6425723 2.2459983 9.0000000 1.7204504 2.0606861 1.6299981 2.3986427 0.0340270 0.0000000 0.0340215 2.5575143 1.7594923 2.9989057 
n300_303   0.4882342 1.5370001 0.5239594 2.5630730 9.0000000 0.0885715 2.3436993 2.2921219 2.5452370 0.1526712 2.0106418 2.6407222 2.1377901 2.4599124 2.1056152 9.0000000 1.7117786 2.0141572 1.6231501 2.2635092 0.0133942 0.0340215 0.0000000 2.3872649 1.6438345 2.6821397 
n290_293   2.2856724 1.8672859 2.1798218 0.4325255 2.4834490 2.7672630 0.3792989 0.3828663 0.0344035 2.3440550 1.6779361 0.3935673 1.6365700 0.0522861 0.1804701 2.1940883 0.9734432 0.1891274 1.8821492 0.4166347 2.5922944 2.5575143 2.3872649 0.0000000 0.7102546 3.0576659 
n236_239   1.9134776 2.2803878 1.9003427 0.7981584 4.1273758 1.8025373 0.7251520 0.7565364 0.7270519 1.8236040 1.6183445 0.7301570 1.7977853 0.7418147 0.7538010 3.9422275 1.0687008 0.7635228 2.1047585 0.7362460 1.6745452 1.7594923 1.6438345 0.7102546 0.0000000 3.1252539 
n244_247   2.4826105 8.9999988 2.7552547 3.1364945 2.1568277 2.7707450 2.8347627 2.6949829 2.8539503 2.9122094 2.6128753 2.8135068 2.7145919 3.1335347 3.7088109 1.8226400 1.8909488 3.9279211 8.9999987 2.6381598 2.7369134 2.9989057 2.6821397 3.0576659 3.1252539 0.0000000 
