26
n277_278   0.0000000 2.1392247 2.0413044 2.0319469 1.8743492 0.3345977 2.3237675 2.0730228 0.1292707 0.3690673 1.8628517 2.1225207 1.7940672 1.8379865 2.2416569 0.3687744 0.3984938 2.0433609 1.8004024 8.9999987 2.5223592 2.3812573 2.0362877 2.3874495 1.8775789 0.3814067 
n286_287   2.1392247 0.0000000 2.0265474 0.0594806 2.0534060 1.9680410 3.7268790 1.9491919 2.0291869 1.7030684 2.1006407 2.0738654 2.2205684 2.4822508 3.2228510 1.8038110 1.7437641 2.0099883 2.1425641 2.7569730 1.1489175 1.1362764 2.1850579 3.8438712 2.3219318 1.7391697 
n296_297   2.0413044 2.0265474 0.0000000 1.9835990 0.1804615 2.4005621 2.9077800 0.3628671 1.9886786 2.4052756 0.6129507 0.3685875 0.1543751 0.3753214 1.3168233 2.3668458 2.2954022 0.0308169 0.1585718 2.8819793 4.4593039 3.0468628 0.3799214 3.1006234 0.3579187 2.5533662 
n285_286   2.0319469 0.0594806 1.9835990 0.0000000 2.3957991 2.0938230 3.0894886 1.9860261 1.8924167 1.7870938 1.9338245 2.0677260 2.6403261 2.5319698 3.5326492 1.7599535 1.8402259 1.9746646 2.5219037 2.7587664 1.1690000 1.1578194 2.2224840 3.5065867 2.3143143 1.9070089 
n289_290   1.8743492 2.0534060 0.1804615 2.3957991 0.0000000 2.3138885 3.1332568 0.3452556 1.9163804 2.3997362 0.5656145 0.3447611 0.0377938 0.3613262 1.1633884 2.8813425 2.4578336 0.1713624 0.0342528 3.0572486 4.5819699 3.1096274 0.3445559 3.3898183 0.3500608 2.4022675 
n274_275   0.3345977 1.9680410 2.4005621 2.0938230 2.3138885 0.0000000 2.4365099 2.5450697 0.3352402 0.1050596 1.9762872 2.5254900 2.1590927 2.0048388 2.5487310 0.1250512 0.1454840 2.2340059 2.1566485 5.3480043 1.9755622 2.0240674 2.4544654 1.8065383 2.0944872 0.1211881 
n255_256   2.3237675 3.7268790 2.9077800 3.0894886 3.1332568 2.4365099 0.0000000 3.0969852 2.2254238 2.7619884 3.4733379 3.2206866 3.0649612 2.5837797 2.9676176 2.5090236 2.3283673 2.7561492 2.8482901 2.8034285 3.6461797 3.9945678 3.0007934 0.2866617 2.6950645 2.7430528 
n275_276   2.0730228 1.9491919 0.3628671 1.9860261 0.3452556 2.5450697 3.0969852 0.0000000 2.1845017 2.3444399 0.7293348 0.1047489 0.3226374 0.1749720 1.1673186 2.7308207 2.4724868 0.3505413 0.3172298 2.7785448 9.0000000 3.4496745 0.1125351 3.4840614 0.1533805 2.4894931 
n278_279   0.1292707 2.0291869 1.9886786 1.8924167 1.9163804 0.3352402 2.2254238 2.1845017 0.0000000 0.3810836 1.8510580 2.2347777 1.8324421 1.8529554 2.9418315 0.3927158 0.4050834 1.9905842 1.7388011 3.8445871 2.1851226 2.2257363 2.2340445 2.4361210 1.8532382 0.3936544 
n299_300   0.3690673 1.7030684 2.4052756 1.7870938 2.3997362 0.1050596 2.7619884 2.3444399 0.3810836 0.0000000 1.7428980 2.4563187 2.2231251 2.0496445 2.5534706 0.0520244 0.1127885 2.2781299 2.2202379 3.8732559 1.9041787 1.8893227 2.3330770 2.2365858 2.0080961 0.0203145 
n236_237   1.8628517 2.1006407 0.6129507 1.9338245 0.5656145 1.9762872 3.4733379 0.7293348 1.8510580 1.7428980 0.0000000 0.6907683 0.5636528 0.7101572 1.2314384 1.8100104 2.0944365 0.5872810 0.5723065 2.0163682 3.0232619 3.2350352 0.7006435 2.5800955 0.7186456 1.7436039 
n293_294   2.1225207 2.0738654 0.3685875 2.0677260 0.3447611 2.5254900 3.2206866 0.1047489 2.2347777 2.4563187 0.6907683 0.0000000 0.3221872 0.1664712 1.1711325 2.7099239 2.5062422 0.3558132 0.3167897 2.9008087 9.0000000 3.8627562 0.0341563 3.4335311 0.1535259 2.6179384 
n290_291   1.7940672 2.2205684 0.1543751 2.6403261 0.0377938 2.1590927 3.0649612 0.3226374 1.8324421 2.2231251 0.5636528 0.3221872 0.0000000 0.3382132 1.0794243 2.6180061 2.2723776 0.1456719 0.0237847 2.9846023 4.2405430 2.6313867 0.3219998 3.3082702 0.3273247 2.2248326 
n297_298   1.8379865 2.4822508 0.3753214 2.5319698 0.3613262 2.0048388 2.5837797 0.1749720 1.8529554 2.0496445 0.7101572 0.1664712 0.3382132 0.0000000 1.1151625 2.1689412 2.0995232 0.3623802 0.3278104 3.0238934 5.2177146 3.7637595 0.1663880 2.2660738 0.0520907 2.1554673 
n200_201   2.2416569 3.2228510 1.3168233 3.5326492 1.1633884 2.5487310 2.9676176 1.1673186 2.9418315 2.5534706 1.2314384 1.1711325 1.0794243 1.1151625 0.0000000 2.4227943 2.9534825 1.2703674 1.1463504 3.4403242 4.4716061 2.9647675 1.2377131 2.9142206 1.1847051 2.5658520 
n292_293   0.3687744 1.8038110 2.3668458 1.7599535 2.8813425 0.1250512 2.5090236 2.7308207 0.3927158 0.0520244 1.8100104 2.7099239 2.6180061 2.1689412 2.4227943 0.0000000 0.1166176 2.2403973 2.6115682 6.6057221 1.9866459 2.0149253 2.6396587 2.0701460 2.1219530 0.0630370 
n280_281   0.3984938 1.7437641 2.2954022 1.8402259 2.4578336 0.1454840 2.3283673 2.4724868 0.4050834 0.1127885 2.0944365 2.5062422 2.2723776 2.0995232 2.9534825 0.1166176 0.0000000 2.0831759 2.2691363 3.8495309 2.0797130 2.1549401 2.3882619 1.9957709 1.9266246 0.1209693 
n295_296   2.0433609 2.0099883 0.0308169 1.9746646 0.1713624 2.2340059 2.7561492 0.3505413 1.9905842 2.2781299 0.5872810 0.3558132 0.1456719 0.3623802 1.2703674 2.2403973 2.0831759 0.0000000 0.1498096 2.7296207 4.1782209 3.0337383 0.3669246 2.8172139 0.3453346 2.4079602 
n287_288   1.8004024 2.1425641 0.1585718 2.5219037 0.0342528 2.1566485 2.8482901 0.3172298 1.7388011 2.2202379 0.5723065 0.3167897 0.0237847 0.3278104 1.1463504 2.6115682 2.2691363 0.1498096 0.0000000 2.8910679 4.6803394 2.8950504 0.3166064 3.0433286 0.3170666 2.2219258 
n244_245   8.9999987 2.7569730 2.8819793 2.7587664 3.0572486 5.3480043 2.8034285 2.7785448 3.8445871 3.8732559 2.0163682 2.9008087 2.9846023 3.0238934 3.4403242 6.6057221 3.8495309 2.7296207 2.8910679 0.0000000 2.9259287 2.7626166 3.1026745 2.0746862 2.7386770 3.7618747 
n265_266   2.5223592 1.1489175 4.4593039 1.1690000 4.5819699 1.9755622 3.6461797 9.0000000 2.1851226 1.9041787 3.0232619 9.0000000 4.2405430 5.2177146 4.4716061 1.9866459 2.0797130 4.1782209 4.6803394 2.9259287 0.0000000 0.1675113 6.9746809 3.3377017 4.3726002 1.8701752 
n266_267   2.3812573 1.1362764 3.0468628 1.1578194 3.1096274 2.0240674 3.9945678 3.4496745 2.2257363 1.8893227 3.2350352 3.8627562 2.6313867 3.7637595 2.9647675 2.0149253 2.1549401 3.0337383 2.8950504 2.7626166 0.1675113 0.0000000 3.3128587 4.3013528 2.9494836 1.8940774 
n294_295   2.0362877 2.1850579 0.3799214 2.2224840 0.3445559 2.4544654 3.0007934 0.1125351 2.2340445 2.3330770 0.7006435 0.0341563 0.3219998 0.1663880 1.2377131 2.6396587 2.3882619 0.3669246 0.3166064 3.1026745 6.9746809 3.3128587 0.0000000 3.8174255 0.1534502 2.4755148 
n251_252   2.3874495 3.8438712 3.1006234 3.5065867 3.3898183 1.8065383 0.2866617 3.4840614 2.4361210 2.2365858 2.5800955 3.4335311 3.3082702 2.2660738 2.9142206 2.0701460 1.9957709 2.8172139 3.0433286 2.0746862 3.3377017 4.3013528 3.8174255 0.0000000 2.6538076 2.2880738 
n298_299   1.8775789 2.3219318 0.3579187 2.3143143 0.3500608 2.0944872 2.6950645 0.1533805 1.8532382 2.0080961 0.7186456 0.1535259 0.3273247 0.0520907 1.1847051 2.1219530 1.9266246 0.3453346 0.3170666 2.7386770 4.3726002 2.9494836 0.1534502 2.6538076 0.0000000 2.1092148 
n300_301   0.3814067 1.7391697 2.5533662 1.9070089 2.4022675 0.1211881 2.7430528 2.4894931 0.3936544 0.0203145 1.7436039 2.6179384 2.2248326 2.1554673 2.5658520 0.0630370 0.1209693 2.4079602 2.2219258 3.7618747 1.8701752 1.8940774 2.4755148 2.2880738 2.1092148 0.0000000 
