24
n298_299   0.0000000 0.3479111 0.1050859 0.3417400 0.0485562 0.2868965 0.3366052 0.0272967 0.0238007 0.0413586 0.3593547 0.0413362 0.4397499 0.3305602 0.0449276 0.0857504 0.4457237 0.3417818 0.0238007 0.3308082 0.2976460 0.0378001 0.3589848 0.3710142 
n280_281   0.3479111 0.0000000 0.3031520 0.3241309 0.3591398 0.3079247 0.0273000 0.3422779 0.3307433 0.3418225 0.0707742 0.3532651 0.4269476 0.0238149 0.3474616 0.3654840 0.4454420 0.3184957 0.3420180 0.0169227 0.3187616 0.3363467 0.4592977 0.0744924 
n200_201   0.1050859 0.3031520 0.0000000 0.3031253 0.1249965 0.2513411 0.2979053 0.1170244 0.1090151 0.1128975 0.3251553 0.1168724 0.4011141 0.2869600 0.1129374 0.1129975 0.4067931 0.2922991 0.1090151 0.2924511 0.2615075 0.1129181 0.3303684 0.3304494 
n286_287   0.3417400 0.3241309 0.3031253 0.0000000 0.3471231 0.1414327 0.3244407 0.3361614 0.3417186 0.3357158 0.3077291 0.3470424 0.4668220 0.3077052 0.3412996 0.3249889 0.4594314 0.0272196 0.3359065 0.3187626 0.1456726 0.3302918 0.3885212 0.3129359 
n287_288   0.0485562 0.3591398 0.1249965 0.3471231 0.0000000 0.3189305 0.3476535 0.0594177 0.0557716 0.0100673 0.3707661 0.0272104 0.4593741 0.3414989 0.0134586 0.0933308 0.4655020 0.3471664 0.0521152 0.3417594 0.3245567 0.0237528 0.3816271 0.3826184 
n266_267   0.2868965 0.3079247 0.2513411 0.1414327 0.3189305 0.0000000 0.3082155 0.3027804 0.2921064 0.3026283 0.2922551 0.3133999 0.4258800 0.2865805 0.3079479 0.2977750 0.4320225 0.1330652 0.2921064 0.3026770 0.0306833 0.2974519 0.3520778 0.3079492 
n292_293   0.3366052 0.0273000 0.2979053 0.3244407 0.3476535 0.3082155 0.0000000 0.3310607 0.3197182 0.3306223 0.0859551 0.3418755 0.4341710 0.0378515 0.3361715 0.3538806 0.4459553 0.3187988 0.3308095 0.0100890 0.3190651 0.3252307 0.4597862 0.0897572 
n293_294   0.0272967 0.3422779 0.1170244 0.3361614 0.0594177 0.3027804 0.3310607 0.0000000 0.0272882 0.0485049 0.3536317 0.0521064 0.4461699 0.3250697 0.0521128 0.0973376 0.4521934 0.3362016 0.0067068 0.3253117 0.3083415 0.0485134 0.3530679 0.3651970 
n275_276   0.0238007 0.3307433 0.1090151 0.3417186 0.0557716 0.2921064 0.3197182 0.0272882 0.0000000 0.0449202 0.3419029 0.0485024 0.4328709 0.3249351 0.0485084 0.0895678 0.4387905 0.3417604 0.0203486 0.3140722 0.3029464 0.0449281 0.3643769 0.3532643 
n289_290   0.0413586 0.3418225 0.1128975 0.3357158 0.0100673 0.3026283 0.3306223 0.0485049 0.0449202 0.0000000 0.3531592 0.0168635 0.4393785 0.3246409 0.0033368 0.0894829 0.4453487 0.3357558 0.0413310 0.3248821 0.3081107 0.0134593 0.3637876 0.3647068 
n278_279   0.3593547 0.0707742 0.3251553 0.3077291 0.3707661 0.2922551 0.0859551 0.3536317 0.3419029 0.3531592 0.0000000 0.3647936 0.4677776 0.0633291 0.3588891 0.3773624 0.4803897 0.2968482 0.3533631 0.0745492 0.3135314 0.3475983 0.4464969 0.0203592 
n295_296   0.0413362 0.3532651 0.1168724 0.3470424 0.0272104 0.3133999 0.3418755 0.0521064 0.0485024 0.0168635 0.3647936 0.0000000 0.4457343 0.3357797 0.0202900 0.0933205 0.4517538 0.3470857 0.0448921 0.3360336 0.3189772 0.0100620 0.3755765 0.3765431 
n251_252   0.4397499 0.4269476 0.4011141 0.4668220 0.4593741 0.4258800 0.4341710 0.4461699 0.4328709 0.4393785 0.4677776 0.4457343 0.0000000 0.4080364 0.4395586 0.4601606 0.0522132 0.4804564 0.4330219 0.4274332 0.4385696 0.4331182 0.3770682 0.4809020 
n274_275   0.3305602 0.0238149 0.2869600 0.3077052 0.3414989 0.2865805 0.0378515 0.3250697 0.3249351 0.3246409 0.0633291 0.3357797 0.4080364 0.0000000 0.3301355 0.3476559 0.4260538 0.2968261 0.3248235 0.0272990 0.2970686 0.3193004 0.4459354 0.0670071 
n290_291   0.0449276 0.3474616 0.1129374 0.3412996 0.0134586 0.3079479 0.3361715 0.0521128 0.0485084 0.0033368 0.3588891 0.0202900 0.4395586 0.3301355 0.0000000 0.0933308 0.4455316 0.3413412 0.0448977 0.3303829 0.3134756 0.0168687 0.3639315 0.3705322 
n236_237   0.0857504 0.3654840 0.1129975 0.3249889 0.0933308 0.2977750 0.3538806 0.0973376 0.0895678 0.0894829 0.3773624 0.0933205 0.4601606 0.3476559 0.0933308 0.0000000 0.4595343 0.3250261 0.0895678 0.3479239 0.3141457 0.0894990 0.4008488 0.3893446 
n255_256   0.4457237 0.4454420 0.4067931 0.4594314 0.4655020 0.4320225 0.4459553 0.4521934 0.4387905 0.4453487 0.4803897 0.4517538 0.0522132 0.4260538 0.4455316 0.4595343 0.0000000 0.4729099 0.4389442 0.4459553 0.4448213 0.4390428 0.3647307 0.4937237 
n285_286   0.3417818 0.3184957 0.2922991 0.0272196 0.3471664 0.1330652 0.3187988 0.3362016 0.3417604 0.3357558 0.2968482 0.3470857 0.4804564 0.2968261 0.3413412 0.3250261 0.4729099 0.0000000 0.3359466 0.3131716 0.1372445 0.3303304 0.3821358 0.3019728 
n294_295   0.0238007 0.3420180 0.1090151 0.3359065 0.0521152 0.2921064 0.3308095 0.0067068 0.0203486 0.0413310 0.3533631 0.0448921 0.4330219 0.3248235 0.0448977 0.0895678 0.4389442 0.3359466 0.0000000 0.3250650 0.2975723 0.0413382 0.3470702 0.3649195 
n300_301   0.3308082 0.0169227 0.2924511 0.3187626 0.3417594 0.3026770 0.0100890 0.3253117 0.3140722 0.3248821 0.0745492 0.3360336 0.4274332 0.0272990 0.3303829 0.3479239 0.4459553 0.3131716 0.3250650 0.0000000 0.3134317 0.3195359 0.4527983 0.0782887 
n265_266   0.2976460 0.3187616 0.2615075 0.1456726 0.3245567 0.0306833 0.3190651 0.3083415 0.3029464 0.3081107 0.3135314 0.3189772 0.4385696 0.2970686 0.3134756 0.3141457 0.4448213 0.1372445 0.2975723 0.3134317 0.0000000 0.3028918 0.3813881 0.3187874 
n296_297   0.0378001 0.3363467 0.1129181 0.3302918 0.0237528 0.2974519 0.3252307 0.0485134 0.0449281 0.0134593 0.3475983 0.0100620 0.4331182 0.3193004 0.0168687 0.0894990 0.4390428 0.3303304 0.0413382 0.3195359 0.3028918 0.0000000 0.3581590 0.3590565 
n244_245   0.3589848 0.4592977 0.3303684 0.3885212 0.3816271 0.3520778 0.4597862 0.3530679 0.3643769 0.3637876 0.4464969 0.3755765 0.3770682 0.4459354 0.3639315 0.4008488 0.3647307 0.3821358 0.3470702 0.4527983 0.3813881 0.3581590 0.0000000 0.4525117 
n277_278   0.3710142 0.0744924 0.3304494 0.3129359 0.3826184 0.3079492 0.0897572 0.3651970 0.3532643 0.3647068 0.0203592 0.3765431 0.4809020 0.0670071 0.3705322 0.3893446 0.4937237 0.3019728 0.3649195 0.0782887 0.3187874 0.3590565 0.4525117 0.0000000 
