26
n285_288   0.0000000 0.0927015 1.9058401 2.9501019 1.6955936 2.0552165 2.0789997 1.8305631 1.0285854 1.9884897 1.6698605 0.9487648 1.6016175 1.9126211 2.0626385 2.3577995 1.6887108 1.9778523 1.7270100 1.9440760 1.6962167 1.6363953 1.9819843 2.4388947 2.0217372 2.1718904 
n286_289   0.0927015 0.0000000 1.7045034 3.2521136 1.7492447 1.8191013 1.7011089 1.6354582 1.0906149 1.7359006 1.7281423 1.0009628 1.5463029 1.7008163 2.2371224 2.2919645 1.6583636 1.7253929 1.7530625 1.6387449 1.7214003 1.6924804 1.7283761 2.2764896 1.6942814 2.5186577 
n297_300   1.9058401 1.7045034 0.0000000 3.3686531 1.8431840 0.1127398 0.3255533 0.3371684 1.9065052 0.0203425 1.8427753 1.8634182 1.6777016 0.3374885 2.8980174 0.9348067 1.6869401 0.1452468 1.9336097 0.3310863 1.8768436 1.7708488 0.1494069 3.2900733 0.3362062 0.6697601 
n251_254   2.9501019 3.2521136 3.3686531 0.0000000 2.7498771 2.9962645 2.6827835 3.1907241 9.0000000 3.2395194 2.7345864 9.0000000 2.0453282 3.3007777 0.3202079 9.0000000 1.7375991 3.3011571 3.2135256 2.7847964 2.9198718 2.8335948 3.3049277 2.6142794 2.8633341 2.3737533 
n280_283   1.6955936 1.7492447 1.8431840 2.7498771 0.0000000 1.8676677 1.8489100 2.2072340 2.0218996 1.8798686 0.0969133 1.6810292 0.4507013 2.0955305 2.8855935 1.7861052 0.4240648 1.9101961 0.1165905 2.1423092 0.1084947 0.0892126 1.9523912 4.0011930 1.8454784 1.8756836 
n275_278   2.0552165 1.8191013 0.1127398 2.9962645 1.8676677 0.0000000 0.3038014 0.2989407 2.2270427 0.0971160 1.8348550 2.1683107 1.7294263 0.3043833 2.6242234 0.8626737 1.5874540 0.0892233 2.0094757 0.3090789 1.9081898 1.7987319 0.0930464 3.2026920 0.3086257 0.6506137 
n289_292   2.0789997 1.7011089 0.3255533 2.6827835 1.8489100 0.3038014 0.0000000 0.1324022 2.0126471 0.3097922 1.8508332 1.9535651 1.7923210 0.1365107 2.3782673 0.9464678 1.7338149 0.3088471 1.8203603 0.0520427 1.9223644 1.8500783 0.3089625 2.9225172 0.0520021 0.6163649 
n296_299   1.8305631 1.6354582 0.3371684 3.1907241 2.2072340 0.2989407 0.1324022 0.0000000 1.8464884 0.3156312 2.2650278 1.7589080 2.2146592 0.0377792 2.4988194 1.0099859 1.9444943 0.2934358 2.1667432 0.1282188 2.2670152 2.2137012 0.2935440 2.7965331 0.1363032 0.6746007 
n265_268   1.0285854 1.0906149 1.9065052 9.0000000 2.0218996 2.2270427 2.0126471 1.8464884 0.0000000 2.0381535 2.1168015 0.1923609 1.7380622 1.8447657 9.0000000 3.0536513 1.7901088 2.1147437 2.1635455 2.0503000 1.8991632 2.0196104 2.2201654 2.7356945 1.9204672 2.1464612 
n298_301   1.9884897 1.7359006 0.0203425 3.2395194 1.8798686 0.0971160 0.3097922 0.3156312 2.0381535 0.0000000 1.8404175 1.9900038 1.7404086 0.3159283 2.9024882 0.8633182 1.7178754 0.1288682 1.9742741 0.3152039 1.9148583 1.8047026 0.1329310 3.0205906 0.3147515 0.6699348 
n299_302   1.6698605 1.7281423 1.8427753 2.7345864 0.0969133 1.8348550 1.8508332 2.2650278 2.1168015 1.8404175 0.0000000 1.7121687 0.4709853 2.1466312 2.8959060 1.8536819 0.4435255 1.7945245 0.1166766 2.1451611 0.0520657 0.0237656 1.8315353 3.8507729 1.8819767 1.7762662 
n266_269   0.9487648 1.0009628 1.8634182 9.0000000 1.6810292 2.1683107 1.9535651 1.7589080 0.1923609 1.9900038 1.7121687 0.0000000 1.6843516 1.7585540 9.0000000 2.9074510 1.7304111 2.1543458 1.7777501 2.0291729 1.7030290 1.7098732 2.2657382 2.8521299 1.9061572 1.9727936 
n277_280   1.6016175 1.5463029 1.6777016 2.0453282 0.4507013 1.7294263 1.7923210 2.2146592 1.7380622 1.7404086 0.4709853 1.6843516 0.0000000 2.1587370 1.9393153 1.6362982 0.1125873 1.6141746 0.4516597 1.8989855 0.4638917 0.4446307 1.6698646 9.0000000 1.7550269 1.7809675 
n295_298   1.9126211 1.7008163 0.3374885 3.3007777 2.0955305 0.3043833 0.1365107 0.0377792 1.8447657 0.3159283 2.1466312 1.7585540 2.1587370 0.0000000 2.1879581 1.0126857 1.9004232 0.2986256 2.0589603 0.1405452 2.1483906 2.1011371 0.2987363 2.7372625 0.1446090 0.6580296 
n255_258   2.0626385 2.2371224 2.8980174 0.3202079 2.8855935 2.6242234 2.3782673 2.4988194 9.0000000 2.9024882 2.8959060 9.0000000 1.9393153 2.1879581 0.0000000 9.0000000 1.8205559 2.7052981 2.7288155 2.5202326 2.7720888 2.6999360 2.7163479 2.1820135 2.5130967 2.2909519 
n200_203   2.3577995 2.2919645 0.9348067 9.0000000 1.7861052 0.8626737 0.9464678 1.0099859 3.0536513 0.8633182 1.8536819 2.9074510 1.6362982 1.0126857 9.0000000 0.0000000 1.5020549 0.9329487 1.6110133 0.8986453 1.8913584 1.7826261 0.9093598 3.3951341 0.9073296 0.9897549 
n278_281   1.6887108 1.6583636 1.6869401 1.7375991 0.4240648 1.5874540 1.7338149 1.9444943 1.7901088 1.7178754 0.4435255 1.7304111 0.1125873 1.9004232 1.8205559 1.5020549 0.0000000 1.4891683 0.4188121 1.7014445 0.4493302 0.4241894 1.5636594 5.7968014 1.6703126 1.6560919 
n293_296   1.9778523 1.7253929 0.1452468 3.3011571 1.9101961 0.0892233 0.3088471 0.2934358 2.1147437 0.1288682 1.7945245 2.1543458 1.6141746 0.2986256 2.7052981 0.9329487 1.4891683 0.0000000 1.9610126 0.3141594 1.8650938 1.7606318 0.0342118 2.8937738 0.3136980 0.6770765 
n274_277   1.7270100 1.7530625 1.9336097 3.2135256 0.1165905 2.0094757 1.8203603 2.1667432 2.1635455 1.9742741 0.1166766 1.7777501 0.4516597 2.0589603 2.7288155 1.6110133 0.4188121 1.9610126 0.0000000 2.0205035 0.1206619 0.1088201 2.0058404 3.7042325 1.8170393 1.7979339 
n287_290   1.9440760 1.6387449 0.3310863 2.7847964 2.1423092 0.3090789 0.0520427 0.1282188 2.0503000 0.3152039 2.1451611 2.0291729 1.8989855 0.1405452 2.5202326 0.8986453 1.7014445 0.3141594 2.0205035 0.0000000 2.2429780 2.0949948 0.3142774 2.7379559 0.0555924 0.6760653 
n292_295   1.6962167 1.7214003 1.8768436 2.9198718 0.1084947 1.9081898 1.9223644 2.2670152 1.8991632 1.9148583 0.0520657 1.7030290 0.4638917 2.1483906 2.7720888 1.8913584 0.4493302 1.8650938 0.1206619 2.2429780 0.0000000 0.0448649 1.9051369 3.6392584 2.0015432 1.8699411 
n300_303   1.6363953 1.6924804 1.7708488 2.8335948 0.0892126 1.7987319 1.8500783 2.2137012 2.0196104 1.8047026 0.0237656 1.7098732 0.4446307 2.1011371 2.6999360 1.7826261 0.4241894 1.7606318 0.1088201 2.0949948 0.0448649 0.0000000 1.7962134 3.8589782 1.8466406 1.7702646 
n294_297   1.9819843 1.7283761 0.1494069 3.3049277 1.9523912 0.0930464 0.3089625 0.2935440 2.2201654 0.1329310 1.8315353 2.2657382 1.6698646 0.2987363 2.7163479 0.9093598 1.5636594 0.0342118 2.0058404 0.3142774 1.9051369 1.7962134 0.0000000 2.8935198 0.3138157 0.6605355 
n244_247   2.4388947 2.2764896 3.2900733 2.6142794 4.0011930 3.2026920 2.9225172 2.7965331 2.7356945 3.0205906 3.8507729 2.8521299 9.0000000 2.7372625 2.1820135 3.3951341 5.7968014 2.8937738 3.7042325 2.7379559 3.6392584 3.8589782 2.8935198 0.0000000 2.9092006 2.0919817 
n290_293   2.0217372 1.6942814 0.3362062 2.8633341 1.8454784 0.3086257 0.0520021 0.1363032 1.9204672 0.3147515 1.8819767 1.9061572 1.7550269 0.1446090 2.5130967 0.9073296 1.6703126 0.3136980 1.8170393 0.0555924 2.0015432 1.8466406 0.3138157 2.9092006 0.0000000 0.6415353 
n236_239   2.1718904 2.5186577 0.6697601 2.3737533 1.8756836 0.6506137 0.6163649 0.6746007 2.1464612 0.6699348 1.7762662 1.9727936 1.7809675 0.6580296 2.2909519 0.9897549 1.6560919 0.6770765 1.7979339 0.6760653 1.8699411 1.7702646 0.6605355 2.0919817 0.6415353 0.0000000 
