24
n285_288   0.0000000 1.8419051 2.5784368 0.0806730 2.4143830 1.9645464 1.9468931 1.8504560 0.9560411 0.9511841 1.7820589 1.7089150 1.7934039 1.6092097 1.8267326 1.7237491 1.8038579 1.9361217 1.9629669 1.7475371 2.6254735 1.9401103 1.8244848 1.9111125 
n278_281   1.8419051 0.0000000 5.2070645 1.7912863 2.6585384 0.4224282 1.5340975 1.5766476 1.4600914 1.7846594 0.4513793 0.1247771 1.7019519 1.6925631 1.9659230 1.3456666 0.4376504 1.5753322 0.4709130 1.3887003 3.1893790 1.6030600 0.4519124 1.8997014 
n255_258   2.5784368 5.2070645 0.0000000 2.7072363 0.3277281 3.3732546 2.9990918 2.7688120 2.2407679 2.3336854 3.2582987 3.2168590 2.6740800 3.3945571 2.7867721 2.8582574 3.5958693 2.6184381 4.9310828 3.5623750 2.3625798 2.7953229 3.4504539 2.6406723 
n286_289   0.0806730 1.7912863 2.7072363 0.0000000 2.3902990 1.9207030 1.9586060 2.0759905 0.9916286 0.9478144 1.8178411 1.6463841 2.0088707 1.6043683 2.0556307 1.6725304 1.8081472 2.1669418 2.0531061 1.6950701 2.8030425 2.0820065 1.8623683 1.9949096 
n251_254   2.4143830 2.6585384 0.3277281 2.3902990 0.0000000 3.6022149 2.6891884 2.5127732 2.7608407 2.8888576 3.0038747 2.4609111 2.5863582 2.7575483 2.6585767 2.7454460 3.1472162 2.8134583 3.3089294 2.9512310 1.7778031 2.6494437 3.2463219 2.1864067 
n280_283   1.9645464 0.4224282 3.3732546 1.9207030 3.6022149 0.0000000 1.9006480 1.7508064 1.5400187 1.7660409 0.1330176 0.4722956 2.1215751 2.6559671 2.1989178 1.6870956 0.1243080 1.9019055 0.1169129 1.5710241 2.4468459 1.9895132 0.1287313 2.1054006 
n275_278   1.9468931 1.5340975 2.9990918 1.9586060 2.6891884 1.9006480 0.0000000 0.2778656 2.0528516 1.9903556 1.8057274 1.7330388 0.2931455 1.0826083 0.3136795 0.1279337 1.9638944 0.2775310 1.8392256 0.1322080 4.5063886 0.2813088 1.7756670 0.6211505 
n289_292   1.8504560 1.5766476 2.7688120 2.0759905 2.5127732 1.7508064 0.2778656 0.0000000 1.8764702 2.0087852 1.6584311 1.5570993 0.1329099 1.0017855 0.1623013 0.2824416 1.7082273 0.0812344 1.6264189 0.2933759 8.9999983 0.0627664 1.6230743 0.5922653 
n265_268   0.9560411 1.4600914 2.2407679 0.9916286 2.7608407 1.5400187 2.0528516 1.8764702 0.0000000 0.1818439 1.4405736 1.4592964 1.6462326 1.5367149 1.7917251 1.6400106 1.4449753 1.9679276 1.6003986 1.6437808 2.7105174 1.8820904 1.5154166 1.9484853 
n266_269   0.9511841 1.7846594 2.3336854 0.9478144 2.8888576 1.7660409 1.9903556 2.0087852 0.1818439 0.0000000 1.6338731 1.6855294 1.6760433 1.7253671 1.7560777 1.6651480 1.6491338 2.1604794 1.8204816 1.6689104 5.0167136 2.1826795 1.7039058 2.0659338 
n299_300   1.7820589 0.4513793 3.2582987 1.8178411 3.0038747 0.1330176 1.8057274 1.6584311 1.4405736 1.6338731 0.0000000 0.4761778 1.8580829 2.6305560 1.7520726 1.6133774 0.1326845 1.7352457 0.0631480 1.5559642 2.5724937 1.8326167 0.0169348 1.9653881 
n277_280   1.7089150 0.1247771 3.2168590 1.6463841 2.4609111 0.4722956 1.7330388 1.5570993 1.4592964 1.6855294 0.4761778 0.0000000 1.7659389 1.7998183 2.0955992 1.4716582 0.4627521 1.6268599 0.4963413 1.5548042 3.1980115 1.7191994 0.4767494 2.1385819 
n295_298   1.7934039 1.7019519 2.6740800 2.0088707 2.5863582 2.1215751 0.2931455 0.1329099 1.6462326 1.6760433 1.8580829 1.7659389 0.0000000 1.0149930 0.0413337 0.2926305 1.9093209 0.1657858 1.8636178 0.2991191 8.9999989 0.1657093 1.8261838 0.5964545 
n200_203   1.6092097 1.6925631 3.3945571 1.6043683 2.7575483 2.6559671 1.0826083 1.0017855 1.5367149 1.7253671 2.6305560 1.7998183 1.0149930 0.0000000 1.1142629 1.0616165 2.4989768 1.0385698 2.6627858 1.0730296 8.9999987 1.0662355 2.6608113 1.0900331 
n296_299   1.8267326 1.9659230 2.7867721 2.0556307 2.6585767 2.1989178 0.3136795 0.1623013 1.7917251 1.7560777 1.7520726 2.0955992 0.0413337 1.1142629 0.0000000 0.3083659 1.9739318 0.1834627 1.8385359 0.3202828 8.9999984 0.1920479 1.7483542 0.5948264 
n293_296   1.7237491 1.3456666 2.8582574 1.6725304 2.7454460 1.6870956 0.1279337 0.2824416 1.6400106 1.6651480 1.6133774 1.4716582 0.2926305 1.0616165 0.3083659 0.0000000 1.7980021 0.2971540 1.6993523 0.0308605 8.9999984 0.2957934 1.5892425 0.6450700 
n274_277   1.8038579 0.4376504 3.5958693 1.8081472 3.1472162 0.1243080 1.9638944 1.7082273 1.4449753 1.6491338 0.1326845 0.4627521 1.9093209 2.4989768 1.9739318 1.7980021 0.0000000 1.8172916 0.1325307 1.6667090 2.6381795 1.9029235 0.1325810 2.3062599 
n287_290   1.9361217 1.5753322 2.6184381 2.1669418 2.8134583 1.9019055 0.2775310 0.0812344 1.9679276 2.1604794 1.7352457 1.6268599 0.1657858 1.0385698 0.1834627 0.2971540 1.8172916 0.0000000 1.7575501 0.3134990 8.9999981 0.0848873 1.7316340 0.6296211 
n292_295   1.9629669 0.4709130 4.9310828 2.0531061 3.3089294 0.1169129 1.8392256 1.6264189 1.6003986 1.8204816 0.0631480 0.4963413 1.8636178 2.6627858 1.8385359 1.6993523 0.1325307 1.7575501 0.0000000 1.6361946 2.5807882 1.8375373 0.0593833 1.9595554 
n294_297   1.7475371 1.3887003 3.5623750 1.6950701 2.9512310 1.5710241 0.1322080 0.2933759 1.6437808 1.6689104 1.5559642 1.5548042 0.2991191 1.0730296 0.3202828 0.0308605 1.6667090 0.3134990 1.6361946 0.0000000 4.0085238 0.3069128 1.5335225 0.6560425 
n244_247   2.6254735 3.1893790 2.3625798 2.8030425 1.7778031 2.4468459 4.5063886 8.9999983 2.7105174 5.0167136 2.5724937 3.1980115 8.9999989 8.9999987 8.9999984 8.9999984 2.6381795 8.9999981 2.5807882 4.0085238 0.0000000 8.9999989 2.5122797 4.3455520 
n290_293   1.9401103 1.6030600 2.7953229 2.0820065 2.6494437 1.9895132 0.2813088 0.0627664 1.8820904 2.1826795 1.8326167 1.7191994 0.1657093 1.0662355 0.1920479 0.2957934 1.9029235 0.0848873 1.8375373 0.3069128 8.9999989 0.0000000 1.8281355 0.6367517 
n300_301   1.8244848 0.4519124 3.4504539 1.8623683 3.2463219 0.1287313 1.7756670 1.6230743 1.5154166 1.7039058 0.0169348 0.4767494 1.8261838 2.6608113 1.7483542 1.5892425 0.1325810 1.7316340 0.0593833 1.5335225 2.5122797 1.8281355 0.0000000 1.9978700 
n236_239   1.9111125 1.8997014 2.6406723 1.9949096 2.1864067 2.1054006 0.6211505 0.5922653 1.9484853 2.0659338 1.9653881 2.1385819 0.5964545 1.0900331 0.5948264 0.6450700 2.3062599 0.6296211 1.9595554 0.6560425 4.3455520 0.6367517 1.9978700 0.0000000 
