25
n298_299   0.0000000 0.2843029 0.1325457 0.2428469 0.0519379 0.2520063 0.2946490 0.0202800 0.0236984 0.0628275 0.0033369 0.2786306 0.0483182 0.3723118 0.2894183 0.0555616 0.0965493 0.3773221 0.2383234 0.0168529 0.2893079 0.2728148 0.0665643 0.3538886 0.2842096 
n280_281   0.2843029 0.0000000 0.2860935 0.2568064 0.2803755 0.2384530 0.0066944 0.2845571 0.2893080 0.2955380 0.2893079 0.0661778 0.2698804 0.3790507 0.0168597 0.2854762 0.3164615 0.3963707 0.2522123 0.2794672 0.0033363 0.2782680 0.2856711 0.3898582 0.0698558 
n200_201   0.1325457 0.2860935 0.0000000 0.2447968 0.1250569 0.2688495 0.2965179 0.1246822 0.1285941 0.1372811 0.1286064 0.2904892 0.1209518 0.3640906 0.2810883 0.1291399 0.1246201 0.3750962 0.2402334 0.1206363 0.2911356 0.2903690 0.1415595 0.3612992 0.2859992 
n286_287   0.2428469 0.2568064 0.2447968 0.0000000 0.2481580 0.1328027 0.2668035 0.2430593 0.2380236 0.2627457 0.2476099 0.2710960 0.2382673 0.3534835 0.2519937 0.2530585 0.2677650 0.3698800 0.0033424 0.2382293 0.2616548 0.1495473 0.2533943 0.3449930 0.2616438 
n287_288   0.0519379 0.2803755 0.1250569 0.2481580 0.0000000 0.2573911 0.2906907 0.0448502 0.0483809 0.0100828 0.0483873 0.2846268 0.0100696 0.3459082 0.2854762 0.0033447 0.0971662 0.3630592 0.2435975 0.0412807 0.2853674 0.2784149 0.0272416 0.3663546 0.2802832 
n266_267   0.2520063 0.2384530 0.2688495 0.1328027 0.2573911 0.0000000 0.2482013 0.2522277 0.2471283 0.2721419 0.2568214 0.2475552 0.2473797 0.3415569 0.2291821 0.2623485 0.2671886 0.3576637 0.1288563 0.2473417 0.2431890 0.0308604 0.2626987 0.3244009 0.2383734 
n292_293   0.2946490 0.0066944 0.2965179 0.2668035 0.2906907 0.2482013 0.0000000 0.2949146 0.2997317 0.3060851 0.2997295 0.0735898 0.2800205 0.3854047 0.0237408 0.2958715 0.3217131 0.4028910 0.2621494 0.2897444 0.0033408 0.2886356 0.2960770 0.3951813 0.0773119 
n293_294   0.0202800 0.2845571 0.1246822 0.2430593 0.0448502 0.2522277 0.2949146 0.0000000 0.0100683 0.0556416 0.0168705 0.2837058 0.0412658 0.3789165 0.2896781 0.0484393 0.0890558 0.3900784 0.2385312 0.0033408 0.2895675 0.2730591 0.0593376 0.3546342 0.2893337 
n275_276   0.0236984 0.2893080 0.1285941 0.2380236 0.0483809 0.2471283 0.2997317 0.0100683 0.0000000 0.0592206 0.0202773 0.2884411 0.0447798 0.3843173 0.2944611 0.0519873 0.0927852 0.3955484 0.2335274 0.0066937 0.2943483 0.2677707 0.0629366 0.3653016 0.2941103 
n289_290   0.0628275 0.2955380 0.1372811 0.2627457 0.0100828 0.2721419 0.3060851 0.0556416 0.0592206 0.0000000 0.0592282 0.2998534 0.0202942 0.3626395 0.3007512 0.0067057 0.1088785 0.3801985 0.2581029 0.0520126 0.3006350 0.2936697 0.0377508 0.3835274 0.2954410 
n297_298   0.0033369 0.2893079 0.1286064 0.2476099 0.0483873 0.2568214 0.2997295 0.0168705 0.0202773 0.0592282 0.0000000 0.2835881 0.0447858 0.3779959 0.2944600 0.0519942 0.0927957 0.3830328 0.2430601 0.0134589 0.2943472 0.2777905 0.0629446 0.3540421 0.2892131 
n278_279   0.2786306 0.0661778 0.2904892 0.2710960 0.2846268 0.2475552 0.0735898 0.2837058 0.2884411 0.2998534 0.2835881 0.0000000 0.2740813 0.3737654 0.0736449 0.2897499 0.3104647 0.3909890 0.2664239 0.2786334 0.0698427 0.2775290 0.2850375 0.4063069 0.0236850 
n295_296   0.0483182 0.2698804 0.1209518 0.2382673 0.0100696 0.2473797 0.2800205 0.0412658 0.0447798 0.0202942 0.0447858 0.2740813 0.0000000 0.3504039 0.2748960 0.0134634 0.0970620 0.3676306 0.2337674 0.0377191 0.2747924 0.2680412 0.0168834 0.3657139 0.2697915 
n251_252   0.3723118 0.3790507 0.3640906 0.3534835 0.3459082 0.3415569 0.3854047 0.3789165 0.3843173 0.3626395 0.3779959 0.3737654 0.3504039 0.0000000 0.3733439 0.3515503 0.3908498 0.0414638 0.3482698 0.3730471 0.3792177 0.3767358 0.3570588 0.3282651 0.3795047 
n274_275   0.2894183 0.0168597 0.2810883 0.2519937 0.2854762 0.2291821 0.0237408 0.2896781 0.2944611 0.3007512 0.2944600 0.0736449 0.2748960 0.3733439 0.0000000 0.2906158 0.3112478 0.3905344 0.2474264 0.2845493 0.0202819 0.2684643 0.2908159 0.3785261 0.0773698 
n290_291   0.0555616 0.2854762 0.1291399 0.2530585 0.0033447 0.2623485 0.2958715 0.0484393 0.0519873 0.0067057 0.0519942 0.2897499 0.0134634 0.3515503 0.2906158 0.0000000 0.1010726 0.3688431 0.2484694 0.0448497 0.2905045 0.2835459 0.0307332 0.3721494 0.2853823 
n236_237   0.0965493 0.3164615 0.1246201 0.2677650 0.0971662 0.2671886 0.3217131 0.0890558 0.0927852 0.1088785 0.0927957 0.3104647 0.0970620 0.3908498 0.3112478 0.1010726 0.0000000 0.4021928 0.2630902 0.0852365 0.3217132 0.2885557 0.1168728 0.3712693 0.3114993 
n255_256   0.3773221 0.3963707 0.3750962 0.3698800 0.3630592 0.3576637 0.4028910 0.3900784 0.3955484 0.3801985 0.3830328 0.3909890 0.3676306 0.0414638 0.3905344 0.3688431 0.4021928 0.0000000 0.3645710 0.3841251 0.3965475 0.3936302 0.3744922 0.3278878 0.3914565 
n285_286   0.2383234 0.2522123 0.2402334 0.0033424 0.2435975 0.1288563 0.2621494 0.2385312 0.2335274 0.2581029 0.2430601 0.2664239 0.2337674 0.3482698 0.2474264 0.2484694 0.2630902 0.3645710 0.0000000 0.2337294 0.2570337 0.1455116 0.2487981 0.3398607 0.2570218 
n294_295   0.0168529 0.2794672 0.1206363 0.2382293 0.0412807 0.2473417 0.2897444 0.0033408 0.0066937 0.0520126 0.0134589 0.2786334 0.0377191 0.3730471 0.2845493 0.0448497 0.0852365 0.3841251 0.2337294 0.0000000 0.2844412 0.2680033 0.0556843 0.3543394 0.2842120 
n300_301   0.2893079 0.0033363 0.2911356 0.2616548 0.2853674 0.2431890 0.0033408 0.2895675 0.2943483 0.3006350 0.2943472 0.0698427 0.2747924 0.3792177 0.0202819 0.2905045 0.3217132 0.3965475 0.2570337 0.2844412 0.0000000 0.2832861 0.2907044 0.3956870 0.0735410 
n265_266   0.2728148 0.2782680 0.2903690 0.1495473 0.2784149 0.0308604 0.2886356 0.2730591 0.2677707 0.2936697 0.2777905 0.2775290 0.2680412 0.3767358 0.2684643 0.2835459 0.2885557 0.3936302 0.1455116 0.2680033 0.2832861 0.0000000 0.2839329 0.3474247 0.2679640 
n296_297   0.0665643 0.2856711 0.1415595 0.2533943 0.0272416 0.2626987 0.2960770 0.0593376 0.0629366 0.0377508 0.0629446 0.2850375 0.0168834 0.3570588 0.2908159 0.0307332 0.1168728 0.3744922 0.2487981 0.0556843 0.2907044 0.2839329 0.0000000 0.3788418 0.2806863 
n244_245   0.3538886 0.3898582 0.3612992 0.3449930 0.3663546 0.3244009 0.3951813 0.3546342 0.3653016 0.3835274 0.3540421 0.4063069 0.3657139 0.3282651 0.3785261 0.3721494 0.3712693 0.3278878 0.3398607 0.3543394 0.3956870 0.3474247 0.3788418 0.0000000 0.4129251 
n277_278   0.2842096 0.0698558 0.2859992 0.2616438 0.2802832 0.2383734 0.0773119 0.2893337 0.2941103 0.2954410 0.2892131 0.0236850 0.2697915 0.3795047 0.0773698 0.2853823 0.3114993 0.3914565 0.2570218 0.2842120 0.0735410 0.2679640 0.2806863 0.4129251 0.0000000 
