26
n277_278   0.0000000 1.6897838 2.5141123 1.7999124 2.5300058 0.5402989 2.8575309 4.3636376 0.1412552 0.5689060 2.5405382 3.2434448 2.4198699 3.6693031 2.6894846 0.6192885 0.5335537 2.5469013 2.6739396 3.8539330 2.0524735 2.2720427 3.4568612 4.2777231 4.3859805 0.5926104 
n286_287   1.6897838 0.0000000 2.4742575 0.0974740 1.9377656 1.7149572 3.4751414 2.4094960 1.6893973 1.7220113 2.3901625 2.4110225 1.9514978 2.9541303 2.5967570 1.7574934 1.7050718 2.3445146 2.2756634 2.7632608 1.0276119 1.0699276 2.2797880 2.9707732 3.2024150 1.7245676 
n296_297   2.5141123 2.4742575 0.0000000 2.5287294 0.1415657 2.5241574 3.3409090 0.3445977 2.9247448 2.9658181 0.7139400 0.3061539 0.1373325 0.2953901 1.1845718 3.0876063 3.0494122 0.0377907 0.1541596 4.3293639 3.0017413 3.1421667 0.3119836 3.0250244 0.3279828 3.1641757 
n285_286   1.7999124 0.0974740 2.5287294 0.0000000 2.0522364 1.6903469 4.1447769 2.7365052 1.7701400 1.6705727 2.3480109 2.9564191 2.1694334 2.8120353 2.2100416 1.7041943 1.6544382 2.3341124 2.3708578 2.7156097 1.0722261 1.1458090 2.6731659 3.2777269 3.2944257 1.6730117 
n289_290   2.5300058 1.9377656 0.1415657 2.0522364 0.0000000 2.4676928 4.4778728 0.3517206 3.4049387 2.8339685 0.7876000 0.3235245 0.0521008 0.3119097 1.2395963 2.7569782 2.7912079 0.1291748 0.0668012 3.2691943 2.5256803 2.6074171 0.3345332 3.1929460 0.3343341 2.9070007 
n274_275   0.5402989 1.7149572 2.5241574 1.6903469 2.4676928 0.0000000 3.3246139 3.1242484 0.5252683 0.1089574 2.0713790 2.7109616 2.4599951 2.5847017 1.6611180 0.1331386 0.1331605 2.3374928 2.8601250 2.8373276 1.5162440 1.6295960 2.6681688 5.1012921 3.0490157 0.1209576 
n255_256   2.8575309 3.4751414 3.3409090 4.1447769 4.4778728 3.3246139 0.0000000 3.2525354 2.3271256 4.0176832 3.2571839 2.6140277 3.3902355 2.8689675 2.9830566 4.8141647 3.4844727 3.5813357 3.1491790 1.9113203 2.5563962 2.5486884 2.4814111 0.2964567 3.5526511 3.8178579 
n275_276   4.3636376 2.4094960 0.3445977 2.7365052 0.3517206 3.1242484 3.2525354 0.0000000 5.0386347 2.9163364 0.8078629 0.1295255 0.3339542 0.1417487 1.1454466 2.9308550 2.9406337 0.3615694 0.3691192 3.8488115 2.7383608 2.6034030 0.1419593 2.8247409 0.1589149 3.1067187 
n278_279   0.1412552 1.6893973 2.9247448 1.7701400 3.4049387 0.5252683 2.3271256 5.0386347 0.0000000 0.5459746 2.5260049 4.3217329 2.9651928 3.8730624 2.1441738 0.5946032 0.5106007 2.7954541 3.5753224 4.1809855 2.1751768 2.1327349 4.3883518 3.1599062 4.7757164 0.5688977 
n299_300   0.5689060 1.7220113 2.9658181 1.6705727 2.8339685 0.1089574 4.0176832 2.9163364 0.5459746 0.0000000 1.9998448 2.6238980 2.7916383 2.7115701 1.7102008 0.0307928 0.0742760 2.6915319 3.1099644 2.6244639 1.6314726 1.7491013 2.5850967 9.0000000 2.9333875 0.0100901 
n236_237   2.5405382 2.3901625 0.7139400 2.3480109 0.7876000 2.0713790 3.2571839 0.8078629 2.5260049 1.9998448 0.0000000 0.8176641 0.7755823 0.7833042 1.2826188 2.1851826 2.2056031 0.7328835 0.7966875 4.8853626 2.0350083 2.2163478 0.8160013 4.0738640 0.8386990 1.9903981 
n293_294   3.2434448 2.4110225 0.3061539 2.9564191 0.3235245 2.7109616 2.6140277 0.1295255 4.3217329 2.6238980 0.8176641 0.0000000 0.3232518 0.1208456 1.2320346 2.6345598 2.5684428 0.3222023 0.3346285 2.8991654 2.4314823 2.4518725 0.0272562 2.5648830 0.1331412 2.7690713 
n290_291   2.4198699 1.9514978 0.1373325 2.1694334 0.0521008 2.4599951 3.3902355 0.3339542 2.9651928 2.7916383 0.7755823 0.3232518 0.0000000 0.3062351 1.1822666 2.7349322 2.6216461 0.1331064 0.0705186 2.8679351 2.7665463 2.7810559 0.3342474 2.8840337 0.3284400 2.9589386 
n297_298   3.6693031 2.9541303 0.2953901 2.8120353 0.3119097 2.5847017 2.8689675 0.1417487 3.8730624 2.7115701 0.7833042 0.1208456 0.3062351 0.0000000 1.2263201 2.9254307 2.5917173 0.3111879 0.3174710 3.4776478 2.4069086 2.7187551 0.1249140 3.0362714 0.0413278 2.8663267 
n200_201   2.6894846 2.5967570 1.1845718 2.2100416 1.2395963 1.6611180 2.9830566 1.1454466 2.1441738 1.7102008 1.2826188 1.2320346 1.1822666 1.2263201 0.0000000 1.6771886 1.6489741 1.1310504 1.2550782 3.7699217 2.9978732 3.2493715 1.2614042 2.8869506 1.2667858 1.7698949 
n292_293   0.6192885 1.7574934 3.0876063 1.7041943 2.7569782 0.1331386 4.8141647 2.9308550 0.5946032 0.0307928 2.1851826 2.6345598 2.7349322 2.9254307 1.6771886 0.0000000 0.1011639 2.7860045 3.1462808 2.4586828 1.6072383 1.7220950 2.5952356 9.0000000 3.0827190 0.0414034 
n280_281   0.5335537 1.7050718 3.0494122 1.6544382 2.7912079 0.1331605 3.4844727 2.9406337 0.5106007 0.0742760 2.2056031 2.5684428 2.6216461 2.5917173 1.6489741 0.1011639 0.0000000 2.7582132 3.1098752 2.2724244 1.4703796 1.5520411 2.5319118 4.6142379 2.8622659 0.0856381 
n295_296   2.5469013 2.3445146 0.0377907 2.3341124 0.1291748 2.3374928 3.5813357 0.3615694 2.7954541 2.6915319 0.7328835 0.3222023 0.1331064 0.3111879 1.1310504 2.7860045 2.7582132 0.0000000 0.1415302 4.5894956 2.7646364 2.9887266 0.3281867 2.7807694 0.3502017 2.8464460 
n287_288   2.6739396 2.2756634 0.1541596 2.3708578 0.0668012 2.8601250 3.1491790 0.3691192 3.5753224 3.1099644 0.7966875 0.3346285 0.0705186 0.3174710 1.2550782 3.1462808 3.1098752 0.1415302 0.0000000 3.4634585 2.9577526 2.8760418 0.3458140 2.9354040 0.3400941 3.3309097 
n244_245   3.8539330 2.7632608 4.3293639 2.7156097 3.2691943 2.8373276 1.9113203 3.8488115 4.1809855 2.6244639 4.8853626 2.8991654 2.8679351 3.4776478 3.7699217 2.4586828 2.2724244 4.5894956 3.4634585 0.0000000 2.5900148 2.4191592 3.1146196 2.0481231 2.9584686 2.6322662 
n265_266   2.0524735 1.0276119 3.0017413 1.0722261 2.5256803 1.5162440 2.5563962 2.7383608 2.1751768 1.6314726 2.0350083 2.4314823 2.7665463 2.4069086 2.9978732 1.6072383 1.4703796 2.7646364 2.9577526 2.5900148 0.0000000 0.1458872 2.3676506 2.7491250 2.7231304 1.6646246 
n266_267   2.2720427 1.0699276 3.1421667 1.1458090 2.6074171 1.6295960 2.5486884 2.6034030 2.1327349 1.7491013 2.2163478 2.4518725 2.7810559 2.7187551 3.2493715 1.7220950 1.5520411 2.9887266 2.8760418 2.4191592 0.1458872 0.0000000 2.3847679 2.3474331 2.7847820 1.7863269 
n294_295   3.4568612 2.2797880 0.3119836 2.6731659 0.3345332 2.6681688 2.4814111 0.1419593 4.3883518 2.5850967 0.8160013 0.0272562 0.3342474 0.1249140 1.2614042 2.5952356 2.5319118 0.3281867 0.3458140 3.1146196 2.3676506 2.3847679 0.0000000 2.4910516 0.1330711 2.7237494 
n251_252   4.2777231 2.9707732 3.0250244 3.2777269 3.1929460 5.1012921 0.2964567 2.8247409 3.1599062 9.0000000 4.0738640 2.5648830 2.8840337 3.0362714 2.8869506 9.0000000 4.6142379 2.7807694 2.9354040 2.0481231 2.7491250 2.3474331 2.4910516 0.0000000 4.1689770 9.0000000 
n298_299   4.3859805 3.2024150 0.3279828 3.2944257 0.3343341 3.0490157 3.5526511 0.1589149 4.7757164 2.9333875 0.8386990 0.1331412 0.3284400 0.0413278 1.2667858 3.0827190 2.8622659 0.3502017 0.3400941 2.9584686 2.7231304 2.7847820 0.1330711 4.1689770 0.0000000 3.1239729 
n300_301   0.5926104 1.7245676 3.1641757 1.6730117 2.9070007 0.1209576 3.8178579 3.1067187 0.5688977 0.0100901 1.9903981 2.7690713 2.9589386 2.8663267 1.7698949 0.0414034 0.0856381 2.8464460 3.3309097 2.6322662 1.6646246 1.7863269 2.7237494 9.0000000 3.1239729 0.0000000 
