23
n298_299   0.0000000 0.2815739 0.1242943 0.2618861 0.0521520 0.2834647 0.2658802 0.0168624 0.0134584 0.0413449 0.2546772 0.0413452 0.3814768 0.2755958 0.0484139 0.1127396 0.3715578 0.2618861 0.0237434 0.2708303 0.2614669 0.3575549 0.2651577 
n280_281   0.2815739 0.0000000 0.2312696 0.2850862 0.2830310 0.3022756 0.0169810 0.2867740 0.2816841 0.2724335 0.0597526 0.2723456 0.3868009 0.0204870 0.2820569 0.2927438 0.3833183 0.2850862 0.2973480 0.0135472 0.2702286 0.3782888 0.0672915 
n200_201   0.1242943 0.2312696 0.0000000 0.2004644 0.1289015 0.2200439 0.2167566 0.1204229 0.1164615 0.1167032 0.2111185 0.1166933 0.3143555 0.2258415 0.1166057 0.1374326 0.3094219 0.2004644 0.1285433 0.2213646 0.1959780 0.3016368 0.2161750 
n286_287   0.2618861 0.2850862 0.2004644 0.0000000 0.2538271 0.1497077 0.2791427 0.2524245 0.2476354 0.2480284 0.2533236 0.2521889 0.3573120 0.2790980 0.2572354 0.2837977 0.3698794 0.0066902 0.2623540 0.2841567 0.1245332 0.3614963 0.2587641 
n287_288   0.0521520 0.2830310 0.1289015 0.2538271 0.0000000 0.2598598 0.2672442 0.0414343 0.0378894 0.0101080 0.2559700 0.0308824 0.3763076 0.2770150 0.0169068 0.1172376 0.3775523 0.2538271 0.0486272 0.2722231 0.2386198 0.3466348 0.2665147 
n266_267   0.2834647 0.3022756 0.2200439 0.1497077 0.2598598 0.0000000 0.2961215 0.2736818 0.2687192 0.2497031 0.2695122 0.2591429 0.3534462 0.2960680 0.2589864 0.2947043 0.3599425 0.1581456 0.2839847 0.3012796 0.0203202 0.3691803 0.2751350 
n292_293   0.2658802 0.0169810 0.2167566 0.2791427 0.2672442 0.2961215 0.0000000 0.2709573 0.2659850 0.2569080 0.0559241 0.2568320 0.3797055 0.0238962 0.2663354 0.2767556 0.3762348 0.2791427 0.2812769 0.0033548 0.2644284 0.3713243 0.0633921 
n293_294   0.0168624 0.2867740 0.1204229 0.2524245 0.0414343 0.2736818 0.2709573 0.0000000 0.0033425 0.0307980 0.2596521 0.0378098 0.3762131 0.2807389 0.0377784 0.1089092 0.3774579 0.2524245 0.0067033 0.2759435 0.2520143 0.3524444 0.2702192 
n275_276   0.0134584 0.2816841 0.1164615 0.2476354 0.0378894 0.2687192 0.2659850 0.0033425 0.0000000 0.0273096 0.2547777 0.0342899 0.3704700 0.2757038 0.0342614 0.1050002 0.3716933 0.2476354 0.0100845 0.2709368 0.2472302 0.3469012 0.2652620 
n289_290   0.0413449 0.2724335 0.1167032 0.2480284 0.0101080 0.2497031 0.2569080 0.0307980 0.0273096 0.0000000 0.2458465 0.0204055 0.3642543 0.2665389 0.0067040 0.1052179 0.3654533 0.2480284 0.0378628 0.2618109 0.2288445 0.3409238 0.2562079 
n278_279   0.2546772 0.0597526 0.2111185 0.2533236 0.2559700 0.2695122 0.0559241 0.2596521 0.2547777 0.2458465 0.0000000 0.2457785 0.3614525 0.0560872 0.2551097 0.2653137 0.3633940 0.2533236 0.2697638 0.0595708 0.2391326 0.3422735 0.0067259 
n295_296   0.0413452 0.2723456 0.1166933 0.2521889 0.0308824 0.2591429 0.2568320 0.0378098 0.0342899 0.0204055 0.2457785 0.0000000 0.3761804 0.2664558 0.0273054 0.1130101 0.3663171 0.2521889 0.0449478 0.2617313 0.2379833 0.3471737 0.2561326 
n251_252   0.3814768 0.3868009 0.3143555 0.3573120 0.3763076 0.3534462 0.3797055 0.3762131 0.3704700 0.3642543 0.3614525 0.3761804 0.0000000 0.3684175 0.3749414 0.4009732 0.0481383 0.3573120 0.3824103 0.3854903 0.3457749 0.3444557 0.3613554 
n274_275   0.2755958 0.0204870 0.2258415 0.2790980 0.2770150 0.2960680 0.0238962 0.2807389 0.2757038 0.2665389 0.0560872 0.2664558 0.3684175 0.0000000 0.2760679 0.2866306 0.3761286 0.2790980 0.2861091 0.0204252 0.2643904 0.3712228 0.0635777 
n290_291   0.0484139 0.2820569 0.1166057 0.2572354 0.0169068 0.2589864 0.2663354 0.0377784 0.0342614 0.0067040 0.2551097 0.0273054 0.3749414 0.2760679 0.0000000 0.1129248 0.3651091 0.2572354 0.0449118 0.2712944 0.2378341 0.3460369 0.2656097 
n236_237   0.1127396 0.2927438 0.1374326 0.2837977 0.1172376 0.2947043 0.2767556 0.1089092 0.1050002 0.1052179 0.2653137 0.1130101 0.4009732 0.2866306 0.1129248 0.0000000 0.4094760 0.2837977 0.1169117 0.2817922 0.2785229 0.3579892 0.2649317 
n255_256   0.3715578 0.3833183 0.3094219 0.3698794 0.3775523 0.3599425 0.3762348 0.3774579 0.3716933 0.3654533 0.3633940 0.3663171 0.0481383 0.3761286 0.3651091 0.4094760 0.0000000 0.3698794 0.3894706 0.3820157 0.3521668 0.3283734 0.3700228 
n285_286   0.2618861 0.2850862 0.2004644 0.0066902 0.2538271 0.1581456 0.2791427 0.2524245 0.2476354 0.2480284 0.2533236 0.2521889 0.3573120 0.2790980 0.2572354 0.2837977 0.3698794 0.0000000 0.2623540 0.2841567 0.1326353 0.3668331 0.2587641 
n294_295   0.0237434 0.2973480 0.1285433 0.2623540 0.0486272 0.2839847 0.2812769 0.0067033 0.0100845 0.0378628 0.2697638 0.0449478 0.3824103 0.2861091 0.0449118 0.1169117 0.3894706 0.2623540 0.0000000 0.2863370 0.2619336 0.3639867 0.2805089 
n300_301   0.2708303 0.0135472 0.2213646 0.2841567 0.2722231 0.3012796 0.0033548 0.2759435 0.2709368 0.2618109 0.0595708 0.2617313 0.3854903 0.0204252 0.2712944 0.2817922 0.3820157 0.2841567 0.2863370 0.0000000 0.2693501 0.3770166 0.0670858 
n265_266   0.2614669 0.2702286 0.1959780 0.1245332 0.2386198 0.0203202 0.2644284 0.2520143 0.2472302 0.2288445 0.2391326 0.2379833 0.3457749 0.2643904 0.2378341 0.2785229 0.3521668 0.1326353 0.2619336 0.2693501 0.0000000 0.3341278 0.2444481 
n244_245   0.3575549 0.3782888 0.3016368 0.3614963 0.3466348 0.3691803 0.3713243 0.3524444 0.3469012 0.3409238 0.3422735 0.3471737 0.3444557 0.3712228 0.3460369 0.3579892 0.3283734 0.3668331 0.3639867 0.3770166 0.3341278 0.0000000 0.3542842 
n277_278   0.2651577 0.0672915 0.2161750 0.2587641 0.2665147 0.2751350 0.0633921 0.2702192 0.2652620 0.2562079 0.0067259 0.2561326 0.3613554 0.0635777 0.2656097 0.2649317 0.3700228 0.2587641 0.2805089 0.0670858 0.2444481 0.3542842 0.0000000 
