26
n277_278   0.0000000 1.9259186 2.1678344 1.9182883 2.7985017 0.3794039 3.1111968 2.0460066 0.1170402 0.4127992 2.1080449 2.0698185 2.5437202 2.0599303 2.1046442 0.3959250 0.3786726 2.3253191 2.5625726 3.2089950 1.7427795 1.9147753 2.1289501 2.5364855 2.0594299 0.4129778 
n286_287   1.9259186 0.0000000 6.2745163 0.0556165 3.3896782 1.5275045 2.4839307 2.7999129 2.0473227 1.6404372 2.0802081 2.6019859 3.5372521 2.5104614 2.0578169 1.6422056 1.5671884 5.3276175 3.1680410 2.3226207 0.9201020 0.8680494 2.7211250 3.0977499 2.3543552 1.6313735 
n296_297   2.1678344 6.2745163 0.0000000 4.7088553 0.1930967 2.5553584 2.5716193 0.3289043 2.6957601 2.9273463 0.6711855 0.3112405 0.1799585 0.2960270 1.1181298 2.7960299 2.8678988 0.0273286 0.1984549 2.6001730 2.4204876 2.3897143 0.3224278 1.9495051 0.3019115 3.3822197 
n285_286   1.9182883 0.0556165 4.7088553 0.0000000 3.6240695 1.5222253 2.5462960 2.9262658 2.0804533 1.6590985 2.2060306 2.8404494 4.0539451 2.7595527 2.1661873 1.6667089 1.6158513 4.3088847 3.5325988 2.6619903 0.9075647 0.8677671 2.9876106 3.0521805 2.6286986 1.6498200 
n289_290   2.7985017 3.3896782 0.1930967 3.6240695 0.0000000 2.7083977 2.7039439 0.3453510 4.8274377 2.8286882 0.6732319 0.3280227 0.0631104 0.3060525 1.0902795 3.0994135 3.3327828 0.1798865 0.0742947 4.0330832 2.5009100 2.3197165 0.3395155 2.1148343 0.3221204 3.2368023 
n274_275   0.3794039 1.5275045 2.5553584 1.5222253 2.7083977 0.0000000 3.0943876 2.2143747 0.4553981 0.1412058 2.3527157 1.9563189 2.5951511 2.0783820 2.0646335 0.1332370 0.0856828 2.6682442 2.3622371 3.2509187 1.6328006 1.6199245 2.0765468 2.5897003 2.0207432 0.1453842 
n255_256   3.1111968 2.4839307 2.5716193 2.5462960 2.7039439 3.0943876 0.0000000 3.5666686 3.9437528 4.8775023 3.0755115 2.7476751 2.6213728 2.9459665 2.3995082 4.9223437 4.1981535 2.6698897 2.6320470 1.8725427 2.9806489 2.3953568 3.0166141 0.3274539 2.9302125 5.3035958 
n275_276   2.0460066 2.7999129 0.3289043 2.9262658 0.3453510 2.2143747 3.5666686 0.0000000 2.3272119 2.5233618 0.5990808 0.1050764 0.3226667 0.0897307 1.1154817 2.5172933 2.2481580 0.3286906 0.3182231 2.8148870 2.4215604 2.0609575 0.1012061 2.6469201 0.1051882 2.5928681 
n278_279   0.1170402 2.0473227 2.6957601 2.0804533 4.8274377 0.4553981 3.9437528 2.3272119 0.0000000 0.4654371 2.2103655 2.3076279 3.0448519 2.2966694 2.4069103 0.4615752 0.4547851 2.9696284 3.1126880 2.9014355 1.9330093 2.0052797 2.3841391 3.2000456 2.2963475 0.4732968 
n299_300   0.4127992 1.6404372 2.9273463 1.6590985 2.8286882 0.1412058 4.8775023 2.5233618 0.4654371 0.0000000 2.4782540 2.1949933 2.6756355 2.4031821 2.0660110 0.0306177 0.0930693 3.1299227 2.8478383 3.2542450 1.7350660 1.7441438 2.4390310 2.8260038 2.2745435 0.0236775 
n236_237   2.1080449 2.0802081 0.6711855 2.2060306 0.6732319 2.3527157 3.0755115 0.5990808 2.2103655 2.4782540 0.0000000 0.6307875 0.6637835 0.6012013 1.0998579 2.3464122 2.2812192 0.6803408 0.6635632 2.8079558 2.3883711 2.1966667 0.6306767 2.8868190 0.5997677 2.3635534 
n293_294   2.0698185 2.6019859 0.3112405 2.8404494 0.3280227 1.9563189 2.7476751 0.1050764 2.3076279 2.1949933 0.6307875 0.0000000 0.2902342 0.0780118 1.0680518 2.1488081 1.9471471 0.3165210 0.2965079 2.9545383 2.7282104 2.2820155 0.0378701 2.7164888 0.0855549 2.2350051 
n290_291   2.5437202 3.5372521 0.1799585 4.0539451 0.0631104 2.5951511 2.6213728 0.3226667 3.0448519 2.6756355 0.6637835 0.2902342 0.0000000 0.2794894 0.9917964 2.9111783 3.1319779 0.1800914 0.0668746 3.4430428 2.8389709 2.4645210 0.3010693 2.2006559 0.2896255 3.0264242 
n297_298   2.0599303 2.5104614 0.2960270 2.7595527 0.3060525 2.0783820 2.9459665 0.0897307 2.2966694 2.4031821 0.6012013 0.0780118 0.2794894 0.0000000 1.1187625 2.2753831 2.2121564 0.3012050 0.2807127 3.0633578 2.3949095 2.0940766 0.0818205 2.6468523 0.0135307 2.4521193 
n200_201   2.1046442 2.0578169 1.1181298 2.1661873 1.0902795 2.0646335 2.3995082 1.1154817 2.4069103 2.0660110 1.0998579 1.0680518 0.9917964 1.1187625 0.0000000 2.0610067 2.0016917 1.1526723 1.0317372 3.5386005 2.3536242 2.1240080 1.1653616 2.7253740 1.1497006 1.9031022 
n292_293   0.3959250 1.6422056 2.7960299 1.6667089 3.0994135 0.1332370 4.9223437 2.5172933 0.4615752 0.0306177 2.3464122 2.1488081 2.9111783 2.2753831 2.0610067 0.0000000 0.0855881 3.0625390 3.0165882 3.1182375 1.7769705 1.7799252 2.4349057 2.9329384 2.1611609 0.0341157 
n280_281   0.3786726 1.5671884 2.8678988 1.6158513 3.3327828 0.0856828 4.1981535 2.2481580 0.4547851 0.0930693 2.2812192 1.9471471 3.1319779 2.2121564 2.0016917 0.0855881 0.0000000 3.1543995 2.8754856 3.3583519 1.8119927 1.8220482 2.1176946 2.5945775 2.1047353 0.0892869 
n295_296   2.3253191 5.3276175 0.0273286 4.3088847 0.1798865 2.6682442 2.6698897 0.3286906 2.9696284 3.1299227 0.6803408 0.3165210 0.1800914 0.3012050 1.1526723 3.0625390 3.1543995 0.0000000 0.1939116 2.8351887 2.1859472 2.1482858 0.3337177 2.0293415 0.3071401 3.6960990 
n287_288   2.5625726 3.1680410 0.1984549 3.5325988 0.0742947 2.3622371 2.6320470 0.3182231 3.1126880 2.8478383 0.6635632 0.2965079 0.0668746 0.2807127 1.0317372 3.0165882 2.8754856 0.1939116 0.0000000 3.0465316 2.5138290 2.3614913 0.3018862 1.8900487 0.2908963 3.0220009 
n244_245   3.2089950 2.3226207 2.6001730 2.6619903 4.0330832 3.2509187 1.8725427 2.8148870 2.9014355 3.2542450 2.8079558 2.9545383 3.4430428 3.0633578 3.5386005 3.1182375 3.3583519 2.8351887 3.0465316 0.0000000 3.9400676 3.1042220 2.8475690 1.8413601 3.1638003 3.0403724 
n265_266   1.7427795 0.9201020 2.4204876 0.9075647 2.5009100 1.6328006 2.9806489 2.4215604 1.9330093 1.7350660 2.3883711 2.7282104 2.8389709 2.3949095 2.3536242 1.7769705 1.8119927 2.1859472 2.5138290 3.9400676 0.0000000 0.1746122 2.8234727 3.9800110 2.4394417 1.8025935 
n266_267   1.9147753 0.8680494 2.3897143 0.8677671 2.3197165 1.6199245 2.3953568 2.0609575 2.0052797 1.7441438 2.1966667 2.2820155 2.4645210 2.0940766 2.1240080 1.7799252 1.8220482 2.1482858 2.3614913 3.1042220 0.1746122 0.0000000 2.3713181 2.5642572 2.1274102 1.8415165 
n294_295   2.1289501 2.7211250 0.3224278 2.9876106 0.3395155 2.0765468 3.0166141 0.1012061 2.3841391 2.4390310 0.6306767 0.0378701 0.3010693 0.0818205 1.1653616 2.4349057 2.1176946 0.3337177 0.3018862 2.8475690 2.8234727 2.3713181 0.0000000 3.2326019 0.0894088 2.3604248 
n251_252   2.5364855 3.0977499 1.9495051 3.0521805 2.1148343 2.5897003 0.3274539 2.6469201 3.2000456 2.8260038 2.8868190 2.7164888 2.2006559 2.6468523 2.7253740 2.9329384 2.5945775 2.0293415 1.8900487 1.8413601 3.9800110 2.5642572 3.2326019 0.0000000 2.7158585 3.0115992 
n298_299   2.0594299 2.3543552 0.3019115 2.6286986 0.3221204 2.0207432 2.9302125 0.1051882 2.2963475 2.2745435 0.5997677 0.0855549 0.2896255 0.0135307 1.1497006 2.1611609 2.1047353 0.3071401 0.2908963 3.1638003 2.4394417 2.1274102 0.0894088 2.7158585 0.0000000 2.3179377 
n300_301   0.4129778 1.6313735 3.3822197 1.6498200 3.2368023 0.1453842 5.3035958 2.5928681 0.4732968 0.0236775 2.3635534 2.2350051 3.0264242 2.4521193 1.9031022 0.0341157 0.0892869 3.6960990 3.0220009 3.0403724 1.8025935 1.8415165 2.3604248 3.0115992 2.3179377 0.0000000 
