24
n298_299   0.0000000 0.3254160 0.1845331 0.3457517 0.0554085 0.3357520 0.3201734 0.0202914 0.0168752 0.0590044 0.0100764 0.3250089 0.0482554 0.4840193 0.3202557 0.0589973 0.1228408 0.4652484 0.3616264 0.0203042 0.3252390 0.3356161 0.4536390 0.3147118 
n280_281   0.3254160 0.0000000 0.3249536 0.3253135 0.3404897 0.2905112 0.0033408 0.3147540 0.3097608 0.3405732 0.3097079 0.0375887 0.3248404 0.4290083 0.0100685 0.3456871 0.3352902 0.3946295 0.3354152 0.3149658 0.0066965 0.3004675 0.4126876 0.0340979 
n200_201   0.1845331 0.3249536 0.0000000 0.3514986 0.1840379 0.3407641 0.3302701 0.1758315 0.1716676 0.1882817 0.1716359 0.3299505 0.1757093 0.4531563 0.3303556 0.1882626 0.1970165 0.4471497 0.3619405 0.1759464 0.3354018 0.3513961 0.4364266 0.3300186 
n286_287   0.3457517 0.3253135 0.3514986 0.0000000 0.3673666 0.1931024 0.3306380 0.3455562 0.3403635 0.3727736 0.3403071 0.3305180 0.3511473 0.4722295 0.3307236 0.3727524 0.3719257 0.4411436 0.0202715 0.3457899 0.3357771 0.1974395 0.4724254 0.3252826 
n287_288   0.0554085 0.3404897 0.1840379 0.3673666 0.0000000 0.3620361 0.3351426 0.0517672 0.0482141 0.0033408 0.0446557 0.3400580 0.0237110 0.4765909 0.3352292 0.0033396 0.1306042 0.4701841 0.3947766 0.0518000 0.3403025 0.3618837 0.4718913 0.3348878 
n266_267   0.3357520 0.2905112 0.3407641 0.1931024 0.3620361 0.0000000 0.2955877 0.3251595 0.3200964 0.3674075 0.3303752 0.3055161 0.3459260 0.4422393 0.2956625 0.3673860 0.3722419 0.4302230 0.2061352 0.3253787 0.3005001 0.0168686 0.4357792 0.2954610 
n292_293   0.3201734 0.0033408 0.3302701 0.3306380 0.3351426 0.2955877 0.0000000 0.3095933 0.3046363 0.3352242 0.3045831 0.0340851 0.3196110 0.4290351 0.0066965 0.3403025 0.3406864 0.3946537 0.3408127 0.3098023 0.0033408 0.3004851 0.4067681 0.0306108 
n293_294   0.0202914 0.3147540 0.1758315 0.3455562 0.0517672 0.3251595 0.3095933 0.0000000 0.0033408 0.0553423 0.0100673 0.3143645 0.0411236 0.4707243 0.3096731 0.0553357 0.1188455 0.4522976 0.3614211 0.0066992 0.3145835 0.3250300 0.4596452 0.3093636 
n275_276   0.0168752 0.3097608 0.1716676 0.3403635 0.0482141 0.3200964 0.3046363 0.0033408 0.0000000 0.0517735 0.0066977 0.3093792 0.0376182 0.4646104 0.3047137 0.0517672 0.1149800 0.4463301 0.3561205 0.0033429 0.3095933 0.3199698 0.4536072 0.3044103 
n289_290   0.0590044 0.3405732 0.1882817 0.3727736 0.0033408 0.3674075 0.3352242 0.0553423 0.0517735 0.0000000 0.0481979 0.3401412 0.0271572 0.4767198 0.3353120 0.0066933 0.1345612 0.4703106 0.4003778 0.0553775 0.3403857 0.3672517 0.4720185 0.3349694 
n297_298   0.0100764 0.3097079 0.1716359 0.3403071 0.0446557 0.3303752 0.3045831 0.0100673 0.0066977 0.0481979 0.0000000 0.3093264 0.0376110 0.4645443 0.3046614 0.0481920 0.1110317 0.4462655 0.3560622 0.0100730 0.3095406 0.3302426 0.4535414 0.3043582 
n278_279   0.3250089 0.0375887 0.3299505 0.3305180 0.3400580 0.3055161 0.0340851 0.3143645 0.3093792 0.3401412 0.3093264 0.0000000 0.3244357 0.4230636 0.0340924 0.3452474 0.3403538 0.3833121 0.3406883 0.3145753 0.0375714 0.3104763 0.4122864 0.0100637 
n295_296   0.0482554 0.3248404 0.1757093 0.3511473 0.0237110 0.3459260 0.3196110 0.0411236 0.0376182 0.0271572 0.0376110 0.3244357 0.0000000 0.4764832 0.3196928 0.0271538 0.1266586 0.4579385 0.3779617 0.0411496 0.3246646 0.3457840 0.4532447 0.3193716 
n251_252   0.4840193 0.4290083 0.4531563 0.4722295 0.4765909 0.4422393 0.4290351 0.4707243 0.4646104 0.4767198 0.4645443 0.4230636 0.4764832 0.0000000 0.4291536 0.4827999 0.4967005 0.0482100 0.4720006 0.4710451 0.4348735 0.4306261 0.3620800 0.4231528 
n274_275   0.3202557 0.0100685 0.3303556 0.3307236 0.3352292 0.2956625 0.0066965 0.3096731 0.3047137 0.3353120 0.3046614 0.0340924 0.3196928 0.4291536 0.0000000 0.3403908 0.3407752 0.3947600 0.3409015 0.3098813 0.0100640 0.3005614 0.4068791 0.0306165 
n290_291   0.0589973 0.3456871 0.1882626 0.3727524 0.0033396 0.3673860 0.3403025 0.0553357 0.0517672 0.0066933 0.0481920 0.3452474 0.0271538 0.4827999 0.3403908 0.0000000 0.1345463 0.4763374 0.4003587 0.0553708 0.3454974 0.3617569 0.4780794 0.3400424 
n236_237   0.1228408 0.3352902 0.1970165 0.3719257 0.1306042 0.3722419 0.3406864 0.1188455 0.1149800 0.1345612 0.1110317 0.3403538 0.1266586 0.4967005 0.3407752 0.1345463 0.0000000 0.4776015 0.3883457 0.1189223 0.3458914 0.3777298 0.5109213 0.3404243 
n255_256   0.4652484 0.3946295 0.4471497 0.4411436 0.4701841 0.4302230 0.3946537 0.4522976 0.4463301 0.4703106 0.4462655 0.3833121 0.4579385 0.0482100 0.3947600 0.4763374 0.4776015 0.0000000 0.4413039 0.4526056 0.4002336 0.4187887 0.3619624 0.3833923 
n285_286   0.3616264 0.3354152 0.3619405 0.0202715 0.3947766 0.2061352 0.3408127 0.3614211 0.3561205 0.4003778 0.3560622 0.3406883 0.3779617 0.4720006 0.3409015 0.4003587 0.3883457 0.4413039 0.0000000 0.3616651 0.3460189 0.2105474 0.4846116 0.3353828 
n294_295   0.0203042 0.3149658 0.1759464 0.3457899 0.0518000 0.3253787 0.3098023 0.0066992 0.0033429 0.0553775 0.0100730 0.3145753 0.0411496 0.4710451 0.3098813 0.0553708 0.1189223 0.4526056 0.3616651 0.0000000 0.3147957 0.3252490 0.4599604 0.3095709 
n300_301   0.3252390 0.0066965 0.3354018 0.3357771 0.3403025 0.3005001 0.0033408 0.3145835 0.3095933 0.3403857 0.3095406 0.0375714 0.3246646 0.4348735 0.0100640 0.3454974 0.3458914 0.4002336 0.3460189 0.3147957 0.0000000 0.3054281 0.4065098 0.0340823 
n265_266   0.3356161 0.3004675 0.3513961 0.1974395 0.3618837 0.0168686 0.3004851 0.3250300 0.3199698 0.3672517 0.3302426 0.3104763 0.3457840 0.4306261 0.3005614 0.3617569 0.3777298 0.4187887 0.2105474 0.3252490 0.3054281 0.0000000 0.4355740 0.3003563 
n244_245   0.4536390 0.4126876 0.4364266 0.4724254 0.4718913 0.4357792 0.4067681 0.4596452 0.4536072 0.4720185 0.4535414 0.4122864 0.4532447 0.3620800 0.4068791 0.4780794 0.5109213 0.3619624 0.4846116 0.4599604 0.4065098 0.4355740 0.0000000 0.4123735 
n277_278   0.3147118 0.0340979 0.3300186 0.3252826 0.3348878 0.2954610 0.0306108 0.3093636 0.3044103 0.3349694 0.3043582 0.0100637 0.3193716 0.4231528 0.0306165 0.3400424 0.3404243 0.3833923 0.3353828 0.3095709 0.0340823 0.3003563 0.4123735 0.0000000 
