26
n292_291   0.0000000 0.4536797 0.4516870 0.0925908 1.7476143 9.0000000 2.0573769 2.8591161 1.6415850 2.2090499 1.8663715 0.0306473 1.6579223 0.0699758 1.8771015 2.7847721 2.5058770 2.3666299 2.4078585 2.1728594 0.0306165 4.3582437 9.0000000 2.4546697 2.5749191 2.4547381 
n278_277   0.4536797 0.0000000 0.0961298 0.4336503 1.8890247 9.0000000 2.2081631 2.4405022 1.7770435 2.1366086 1.9160465 0.4542863 1.8403100 0.4653324 2.4791630 2.5657129 2.7072718 2.4432408 2.2497041 2.1813105 0.4606638 5.1358935 9.0000000 2.3545818 2.2260984 2.5613702 
n277_276   0.4516870 0.0961298 0.0000000 0.4626792 2.0836879 9.0000000 2.1401547 1.9431558 1.8698096 1.9346689 1.9031838 0.4655176 1.8799339 0.4707193 2.3261619 2.6266262 2.6056326 2.1652253 1.8849906 2.1900167 0.4719781 4.6213052 9.0000000 2.3989458 1.7997707 2.0926433 
n274_273   0.0925908 0.4336503 0.4626792 0.0000000 2.0598620 9.0000000 2.0839773 2.5032621 1.9417331 2.1018763 2.1862736 0.1042966 1.9637055 0.1079025 1.9690828 2.4140747 2.1977788 2.0900790 2.2699279 2.0958145 0.1041899 4.0029584 5.6158028 2.3410649 2.2889164 2.2748122 
n265_264   1.7476143 1.8890247 2.0836879 2.0598620 0.0000000 9.0000000 2.4398899 2.2841749 0.8796182 2.0479697 0.1684257 1.7410283 0.8047747 2.0630914 1.6628030 2.2374799 2.2352869 2.1160417 2.1283752 2.5615969 1.8521223 1.8806259 3.3876896 2.0952075 2.2093396 2.2118421 
n251_250   9.0000000 9.0000000 9.0000000 9.0000000 9.0000000 0.0000000 9.0000000 6.5850304 8.9999984 2.6850276 5.0975086 9.0000000 9.0000000 9.0000000 9.0000000 6.7110149 8.9999983 4.8660376 9.0000000 9.0000000 9.0000000 1.9717778 0.3165964 9.0000000 6.4086414 8.5649848 
n295_294   2.0573769 2.2081631 2.1401547 2.0839773 2.4398899 9.0000000 0.0000000 0.3040987 2.0963767 1.3575979 2.1422597 2.0456227 1.9920800 1.7962180 0.6283966 0.1928874 0.1933107 0.2982495 0.3190246 0.0487767 2.0538309 2.6708841 4.3444185 0.1709176 0.3126374 0.3198464 
n297_296   2.8591161 2.4405022 1.9431558 2.5032621 2.2841749 6.5850304 0.3040987 0.0000000 1.8469353 1.4207203 2.0001328 2.6891865 1.8766134 2.3941746 0.6113480 0.2950740 0.2856636 0.1008806 0.1291997 0.3087538 2.6351863 2.0979935 3.2105709 0.2692550 0.0413425 0.1254273 
n286_285   1.6415850 1.7770435 1.8698096 1.9417331 0.8796182 8.9999984 2.0963767 1.8469353 0.0000000 2.0035202 0.8264913 1.6345698 0.0739853 1.6572417 1.6517889 2.2446820 2.2046647 1.7688236 1.6380575 2.0968818 1.5886168 2.1601079 8.9999981 2.1696625 1.8550386 1.6504244 
n200_199   2.2090499 2.1366086 1.9346689 2.1018763 2.0479697 2.6850276 1.3575979 1.4207203 2.0035202 0.0000000 2.7037897 2.1023135 1.9576050 2.2223520 1.2591584 1.2467832 1.1808946 1.2900984 1.3145954 1.3191834 2.0507763 8.9999989 3.3320692 1.2323435 1.3203805 1.3695005 
n266_265   1.8663715 1.9160465 1.9031838 2.1862736 0.1684257 5.0975086 2.1422597 2.0001328 0.8264913 2.7037897 0.0000000 1.8702878 0.7586976 1.8984805 1.9695206 1.9107351 1.9265761 1.9892996 1.9129888 2.0813981 1.9539721 1.9689847 3.0129279 1.9297326 1.8532879 1.9165348 
n299_298   0.0306473 0.4542863 0.4655176 0.1042966 1.7410283 9.0000000 2.0456227 2.6891865 1.6345698 2.1023135 1.8702878 0.0000000 1.6507199 0.0775946 1.8983909 2.5738017 2.3456384 2.2206117 2.3511778 2.0566705 0.0202496 3.8054021 8.9999988 2.3844309 2.4448132 2.3667700 
n285_284   1.6579223 1.8403100 1.8799339 1.9637055 0.8047747 9.0000000 1.9920800 1.8766134 0.0739853 1.9576050 0.7586976 1.6507199 0.0000000 1.6738167 1.5763086 2.1249192 2.1543388 1.7686376 1.6251780 2.0984621 1.6040798 2.3814905 9.0000000 2.0590979 1.8453486 1.6096077 
n280_279   0.0699758 0.4653324 0.4707193 0.1079025 2.0630914 9.0000000 1.7962180 2.3941746 1.6572417 2.2223520 1.8984805 0.0775946 1.6738167 0.0000000 1.7873087 2.0710481 1.9708772 2.0185667 2.1842590 1.8032402 0.0775157 4.0890688 9.0000000 1.9987749 2.2007337 2.2075823 
n236_235   1.8771015 2.4791630 2.3261619 1.9690828 1.6628030 9.0000000 0.6283966 0.6113480 1.6517889 1.2591584 1.9695206 1.8983909 1.5763086 1.7873087 0.0000000 0.5856872 0.5846688 0.6170091 0.6338082 0.6205579 1.8712126 2.4282577 3.8828284 0.5602175 0.6504421 0.6352745 
n290_289   2.7847721 2.5657129 2.6266262 2.4140747 2.2374799 6.7110149 0.1928874 0.2950740 2.2446820 1.2467832 1.9107351 2.5738017 2.1249192 2.0710481 0.5856872 0.0000000 0.0638351 0.2745736 0.3221534 0.1799240 2.6009913 2.3461964 3.6869789 0.0636257 0.3036775 0.3180027 
n289_288   2.5058770 2.7072718 2.6056326 2.1977788 2.2352869 8.9999983 0.1933107 0.2856636 2.2046647 1.1808946 1.9265761 2.3456384 2.1543388 1.9708772 0.5846688 0.0638351 0.0000000 0.2653863 0.3124249 0.1803162 2.3658304 2.3928260 3.2909506 0.0825214 0.2948306 0.3030812 
n275_274   2.3666299 2.4432408 2.1652253 2.0900790 2.1160417 4.8660376 0.2982495 0.1008806 1.7688236 1.2900984 1.9892996 2.2206117 1.7686376 2.0185667 0.6170091 0.2745736 0.2653863 0.0000000 0.1092488 0.2883664 2.2377388 2.3953848 3.2370229 0.2590734 0.1167693 0.1055425 
n294_293   2.4078585 2.2497041 1.8849906 2.2699279 2.1283752 9.0000000 0.3190246 0.1291997 1.6380575 1.3145954 1.9129888 2.3511778 1.6251780 2.1842590 0.6338082 0.3221534 0.3124249 0.1092488 0.0000000 0.3135363 2.5119865 2.8562805 4.8797508 0.3007048 0.1253143 0.0632739 
n296_295   2.1728594 2.1813105 2.1900167 2.0958145 2.5615969 9.0000000 0.0487767 0.3087538 2.0968818 1.3191834 2.0813981 2.0566705 2.0984621 1.8032402 0.6205579 0.1799240 0.1803162 0.2883664 0.3135363 0.0000000 2.0707222 2.5457804 3.7059213 0.1625128 0.3173159 0.3149106 
n300_299   0.0306165 0.4606638 0.4719781 0.1041899 1.8521223 9.0000000 2.0538309 2.6351863 1.5886168 2.0507763 1.9539721 0.0202496 1.6040798 0.0775157 1.8712126 2.6009913 2.3658304 2.2377388 2.5119865 2.0707222 0.0000000 3.7958544 8.9999983 2.3216920 2.4672658 2.3869563 
n244_243   4.3582437 5.1358935 4.6213052 4.0029584 1.8806259 1.9717778 2.6708841 2.0979935 2.1601079 8.9999989 1.9689847 3.8054021 2.3814905 4.0890688 2.4282577 2.3461964 2.3928260 2.3953848 2.8562805 2.5457804 3.7958544 0.0000000 1.9194324 2.5063055 2.3778482 2.9342924 
n255_254   9.0000000 9.0000000 9.0000000 5.6158028 3.3876896 0.3165964 4.3444185 3.2105709 8.9999981 3.3320692 3.0129279 8.9999988 9.0000000 9.0000000 3.8828284 3.6869789 3.2909506 3.2370229 4.8797508 3.7059213 8.9999983 1.9194324 0.0000000 4.3293294 3.6205038 4.5404566 
n287_286   2.4546697 2.3545818 2.3989458 2.3410649 2.0952075 9.0000000 0.1709176 0.2692550 2.1696625 1.2323435 1.9297326 2.3844309 2.0590979 1.9987749 0.5602175 0.0636257 0.0825214 0.2590734 0.3007048 0.1625128 2.3216920 2.5063055 4.3293294 0.0000000 0.2884144 0.3013839 
n298_297   2.5749191 2.2260984 1.7997707 2.2889164 2.2093396 6.4086414 0.3126374 0.0413425 1.8550386 1.3203805 1.8532879 2.4448132 1.8453486 2.2007337 0.6504421 0.3036775 0.2948306 0.1167693 0.1253143 0.3173159 2.4672658 2.3778482 3.6205038 0.2884144 0.0000000 0.1254192 
n293_292   2.4547381 2.5613702 2.0926433 2.2748122 2.2118421 8.5649848 0.3198464 0.1254273 1.6504244 1.3695005 1.9165348 2.3667700 1.6096077 2.2075823 0.6352745 0.3180027 0.3030812 0.1055425 0.0632739 0.3149106 2.3869563 2.9342924 4.5404566 0.3013839 0.1254192 0.0000000 
