23
n289_290   0.0000000 0.0342182 0.0169004 0.2433117 0.2387223 0.0377443 0.0033488 0.2342807 0.3384462 0.2431806 0.0134837 0.2683763 0.2582283 0.1479760 0.2580526 0.0412609 0.0812302 0.2386192 0.2537945 0.0306941 0.3654141 0.2294134 0.2586437 
n294_295   0.0342182 0.0000000 0.0342176 0.2576900 0.2483135 0.0237817 0.0377177 0.2438159 0.3553355 0.2575490 0.0307108 0.2933450 0.2681199 0.1605485 0.2679364 0.0272345 0.0887610 0.2482054 0.2632891 0.0100873 0.3829745 0.2388712 0.2682034 
n295_296   0.0169004 0.0342176 0.0000000 0.2386886 0.2341269 0.0377436 0.0203215 0.2297095 0.3438688 0.2385605 0.0033489 0.2733003 0.2535011 0.1438938 0.2533289 0.0412602 0.0812292 0.2340261 0.2441863 0.0306935 0.3710432 0.2248764 0.2489669 
n266_267   0.2433117 0.2576900 0.2386886 0.0000000 0.2695522 0.2620752 0.2478834 0.2649235 0.3921939 0.0236760 0.2385714 0.3051732 0.2698289 0.2728093 0.2699721 0.2573142 0.2618290 0.2646498 0.1269162 0.2572540 0.3870117 0.2599006 0.1309336 
n299_300   0.2387223 0.2483135 0.2341269 0.2695522 0.0000000 0.2624565 0.2386302 0.0168675 0.4336064 0.2741946 0.2340124 0.3364751 0.0847037 0.2930449 0.0809167 0.2671461 0.2717125 0.0066965 0.2704963 0.2525802 0.4518032 0.0066951 0.2707121 
n298_299   0.0377443 0.0237817 0.0377436 0.2620752 0.2624565 0.0000000 0.0412609 0.2578816 0.3601378 0.2619313 0.0342173 0.2880958 0.2678925 0.1689121 0.2777785 0.0033458 0.0925836 0.2623410 0.2677118 0.0203173 0.3879222 0.2528283 0.2726512 
n290_291   0.0033488 0.0377177 0.0203215 0.2478834 0.2386302 0.0412609 0.0000000 0.2341904 0.3383067 0.2477492 0.0168885 0.2682704 0.2581272 0.1438863 0.2579516 0.0447923 0.0849466 0.2385271 0.2584442 0.0341746 0.3652609 0.2293254 0.2633240 
n274_275   0.2342807 0.2438159 0.2297095 0.2649235 0.0168675 0.2578816 0.2341904 0.0000000 0.4339688 0.2695413 0.2295974 0.3367095 0.0884990 0.2882803 0.0846884 0.2625467 0.2670904 0.0168612 0.2706578 0.2480652 0.4521890 0.0168572 0.2708738 
n251_252   0.3384462 0.3553355 0.3438688 0.3921939 0.4336064 0.3601378 0.3383067 0.4339688 0.0000000 0.3805887 0.3436863 0.2819188 0.4652938 0.3778910 0.4463880 0.3601456 0.3766604 0.4394187 0.4032272 0.3599872 0.0586315 0.4273562 0.4091879 
n265_266   0.2431806 0.2575490 0.2385605 0.0236760 0.2741946 0.2619313 0.2477492 0.2695413 0.3805887 0.0000000 0.2384435 0.2852295 0.2696802 0.2726044 0.2698234 0.2571735 0.2616853 0.2692635 0.1268999 0.2571134 0.3865423 0.2644861 0.1309166 
n296_297   0.0134837 0.0307108 0.0033489 0.2385714 0.2340124 0.0342173 0.0168885 0.2295974 0.3436863 0.2384435 0.0000000 0.2731622 0.2533751 0.1438275 0.2532031 0.0377166 0.0774720 0.2339117 0.2489669 0.0272081 0.3708424 0.2247672 0.2537815 
n244_245   0.2683763 0.2933450 0.2733003 0.3051732 0.3364751 0.2880958 0.2682704 0.3367095 0.2819188 0.2852295 0.2731622 0.0000000 0.3807805 0.3357264 0.3749129 0.2831392 0.3125222 0.3472277 0.3420830 0.2928374 0.2965003 0.3365917 0.3475479 
n278_279   0.2582283 0.2681199 0.2535011 0.2698289 0.0847037 0.2678925 0.2581272 0.0884990 0.4652938 0.2696802 0.2533751 0.3807805 0.0000000 0.2986639 0.0168799 0.2726242 0.2725034 0.0809672 0.2751193 0.2724865 0.4719123 0.0846503 0.2753399 
n200_201   0.1479760 0.1605485 0.1438938 0.2728093 0.2930449 0.1689121 0.1438863 0.2882803 0.3778910 0.2726044 0.1438275 0.3357264 0.2986639 0.0000000 0.2984558 0.1647009 0.1731275 0.2929125 0.2986414 0.1602886 0.3890777 0.2829648 0.3038214 
n277_278   0.2580526 0.2679364 0.2533289 0.2699721 0.0809167 0.2777785 0.2579516 0.0846884 0.4463880 0.2698234 0.2532031 0.3749129 0.0168799 0.2984558 0.0000000 0.2825735 0.2674731 0.0772019 0.2752670 0.2722998 0.4652064 0.0808658 0.2754870 
n297_298   0.0412609 0.0272345 0.0412602 0.2573142 0.2671461 0.0033458 0.0447923 0.2625467 0.3601456 0.2571735 0.0377166 0.2831392 0.2726242 0.1647009 0.2825735 0.0000000 0.0963569 0.2670282 0.2629028 0.0237515 0.3879302 0.2574583 0.2678086 
n236_237   0.0812302 0.0887610 0.0812292 0.2618290 0.2717125 0.0925836 0.0849466 0.2670904 0.3766604 0.2616853 0.0774720 0.3125222 0.2725034 0.1731275 0.2674731 0.0963569 0.0000000 0.2715922 0.2775058 0.0849132 0.3938775 0.2619693 0.2825167 
n280_281   0.2386192 0.2482054 0.2340261 0.2646498 0.0066965 0.2623410 0.2385271 0.0168612 0.4394187 0.2692635 0.2339117 0.3472277 0.0809672 0.2929125 0.0772019 0.2670282 0.2715922 0.0000000 0.2655742 0.2524700 0.4577498 0.0066926 0.2657862 
n285_286   0.2537945 0.2632891 0.2441863 0.1269162 0.2704963 0.2677118 0.2584442 0.2706578 0.4032272 0.1268999 0.2489669 0.3420830 0.2751193 0.2986414 0.2752670 0.2629028 0.2775058 0.2655742 0.0000000 0.2628413 0.4151244 0.2608058 0.0033358 
n275_276   0.0306941 0.0100873 0.0306935 0.2572540 0.2525802 0.0203173 0.0341746 0.2480652 0.3599872 0.2571134 0.0272081 0.2928374 0.2724865 0.1602886 0.2722998 0.0237515 0.0849132 0.2524700 0.2628413 0.0000000 0.3877571 0.2430944 0.2677460 
n255_256   0.3654141 0.3829745 0.3710432 0.3870117 0.4518032 0.3879222 0.3652609 0.4521890 0.0586315 0.3865423 0.3708424 0.2965003 0.4719123 0.3890777 0.4652064 0.3879302 0.3938775 0.4577498 0.4151244 0.3877571 0.0000000 0.4453969 0.4211861 
n292_293   0.2294134 0.2388712 0.2248764 0.2599006 0.0066951 0.2528283 0.2293254 0.0168572 0.4273562 0.2644861 0.2247672 0.3365917 0.0846503 0.2829648 0.0808658 0.2574583 0.2619693 0.0066926 0.2608058 0.2430944 0.4453969 0.0000000 0.2610134 
n286_287   0.2586437 0.2682034 0.2489669 0.1309336 0.2707121 0.2726512 0.2633240 0.2708738 0.4091879 0.1309166 0.2537815 0.3475479 0.2753399 0.3038214 0.2754870 0.2678086 0.2825167 0.2657862 0.0033358 0.2677460 0.4211861 0.2610134 0.0000000 
