26
n275_276   0.0000000 2.1620927 1.5405807 0.2556901 2.2448485 2.4176040 0.1203809 3.9326091 0.6105886 3.2487742 0.0964636 0.2702571 0.1043091 2.0596795 3.1725093 3.2731864 0.2559664 3.0839954 1.6050202 3.7923359 0.2759431 0.1164853 2.1697637 0.9653098 3.3279581 0.2767322 
n277_278   2.1620927 0.0000000 1.9120685 2.3126358 2.5190190 0.0892174 1.9883792 0.4079628 2.4351929 0.3820726 2.1274683 2.1464043 2.3196936 2.1587570 0.4001285 0.4372876 2.2922242 0.3890164 1.8295411 3.5085007 2.3245283 2.0407164 2.7815622 2.6820858 2.9964966 2.2534373 
n265_266   1.5405807 1.9120685 0.0000000 1.7887465 0.8972929 1.9837652 1.6464498 2.0805402 1.7089254 1.9035970 1.6834325 1.7508257 1.7955236 0.9213674 1.9030632 1.8693924 1.7593574 1.9377731 0.1951128 3.1270679 1.8496247 1.6351834 9.0000000 1.8807046 9.0000000 1.7661313 
n296_297   0.2556901 2.3126358 1.7887465 0.0000000 2.1194653 2.4993638 0.2913039 2.9069977 0.6387327 2.8911047 0.2644910 0.1399922 0.2657282 1.9952586 2.6494418 3.0039063 0.0134239 2.6025005 1.7023638 8.9999990 0.1566385 0.2859714 2.6881020 0.9808167 4.7226122 0.1441966 
n285_286   2.2448485 2.5190190 0.8972929 2.1194653 0.0000000 2.3135130 2.6610030 3.5199098 2.2447571 4.0186461 2.1375150 2.4564706 2.0566094 0.0670420 3.3090375 4.4002270 2.1697904 3.2898150 1.0092145 2.3454826 2.6608735 3.0246132 2.3203546 2.6245418 2.3393547 2.7005510 
n278_279   2.4176040 0.0892174 1.9837652 2.4993638 2.3135130 0.0000000 2.2593064 0.4410754 2.7273476 0.4206326 2.3263839 2.5147147 2.5297984 1.9793736 0.4219743 0.4668348 2.4719192 0.4158047 1.7535551 3.9437902 2.6652482 2.3002414 3.6135692 3.9495753 2.9171005 2.6133579 
n298_299   0.1203809 1.9883792 1.6464498 0.2913039 2.6610030 2.2593064 0.0000000 3.1420680 0.6678844 3.1036675 0.1605100 0.2973366 0.1651191 2.2714801 2.7448587 2.8492218 0.2916184 2.6934035 1.6999986 9.0000000 0.3075640 0.0447932 2.1316845 0.9908829 8.9999982 0.3187843 
n299_300   3.9326091 0.4079628 2.0805402 2.9069977 3.5199098 0.4410754 3.1420680 0.0000000 3.6745690 0.1300855 4.1078792 2.4848820 3.9732029 2.6494594 0.0344746 0.1136624 2.7136365 0.0239915 1.9546788 3.6570452 2.9503280 3.2472202 4.1566282 4.6410035 5.8790540 2.7607804 
n236_237   0.6105886 2.4351929 1.7089254 0.6387327 2.2447571 2.7273476 0.6678844 3.6745690 0.0000000 4.9337390 0.6088601 0.6309175 0.6054714 2.0280818 3.5556864 4.2356583 0.6394078 3.1199221 1.4964981 3.4496827 0.6076507 0.6426826 3.0845040 0.9048565 3.0595319 0.6356915 
n274_275   3.2487742 0.3820726 1.9035970 2.8911047 4.0186461 0.4206326 3.1036675 0.1300855 4.9337390 0.0000000 3.7160681 2.4602383 3.5912249 3.0965003 0.1179136 0.1388808 2.6926917 0.1261093 1.9702791 2.8600164 3.0500340 3.1872203 8.9999989 6.4185725 3.7742396 2.9867312 
n293_294   0.0964636 2.1274683 1.6834325 0.2644910 2.1375150 2.3263839 0.1605100 4.1078792 0.6088601 3.7160681 0.0000000 0.2839301 0.0482552 1.9776663 3.3056876 3.7264881 0.2693368 3.2073337 1.5956689 3.9769472 0.2897393 0.1481700 2.8742110 0.9144676 3.3106064 0.2906987 
n290_291   0.2702571 2.1464043 1.7508257 0.1399922 2.4564706 2.5147147 0.2973366 2.4848820 0.6309175 2.4602383 0.2839301 0.0000000 0.2753369 2.2796128 2.2936400 2.4283838 0.1401445 2.3178999 1.7251170 9.0000000 0.0699729 0.2858980 2.6278611 0.9388091 9.0000000 0.0738895 
n294_295   0.1043091 2.3196936 1.7955236 0.2657282 2.0566094 2.5297984 0.1651191 3.9732029 0.6054714 3.5912249 0.0482552 0.2753369 0.0000000 1.9066438 3.2010999 3.6014606 0.2705984 3.1104211 1.5919990 3.3082229 0.2812014 0.1566774 2.5180396 0.9651037 3.5808468 0.2920763 
n286_287   2.0596795 2.1587570 0.9213674 1.9952586 0.0670420 1.9793736 2.2714801 2.6494594 2.0280818 3.0965003 1.9776663 2.2796128 1.9066438 0.0000000 2.6486997 2.8792480 2.0389988 2.5430682 1.0619587 2.1645806 2.4450607 2.4959326 2.5288635 2.9018977 2.4947800 2.4792570 
n292_293   3.1725093 0.4001285 1.9030632 2.6494418 3.3090375 0.4219743 2.7448587 0.0344746 3.5556864 0.1179136 3.3056876 2.2936400 3.2010999 2.6486997 0.0000000 0.1016556 2.4902140 0.0309710 1.9072768 3.9338008 2.6747566 2.7760130 3.4377201 4.3594273 6.5760323 2.5209365 
n280_281   3.2731864 0.4372876 1.8693924 3.0039063 4.4002270 0.4668348 2.8492218 0.1136624 4.2356583 0.1388808 3.7264881 2.4283838 3.6014606 2.8792480 0.1016556 0.0000000 2.7852915 0.1017405 2.1316291 4.3628517 2.6876147 2.9242995 3.1805177 8.9999989 8.4196216 2.6864288 
n295_296   0.2559664 2.2922242 1.7593574 0.0134239 2.1697904 2.4719192 0.2916184 2.7136365 0.6394078 2.6926917 0.2693368 0.1401445 0.2705984 2.0389988 2.4902140 2.7852915 0.0000000 2.4522886 1.7343555 9.0000000 0.1568088 0.2862802 2.8782692 0.9818090 8.9999982 0.1443535 
n300_301   3.0839954 0.3890164 1.9377731 2.6025005 3.2898150 0.4158047 2.6934035 0.0239915 3.1199221 0.1261093 3.2073337 2.3178999 3.1104211 2.5430682 0.0309710 0.1017405 2.4522886 0.0000000 1.7986578 4.2552538 2.7049590 2.7224352 3.9180251 3.9689432 9.0000000 2.5488857 
n266_267   1.6050202 1.8295411 0.1951128 1.7023638 1.0092145 1.7535551 1.6999986 1.9546788 1.4964981 1.9702791 1.5956689 1.7251170 1.5919990 1.0619587 1.9072768 2.1316291 1.7343555 1.7986578 0.0000000 2.7954240 1.8473079 1.6365886 4.0530738 1.9041852 5.0348543 1.7003911 
n255_256   3.7923359 3.5085007 3.1270679 8.9999990 2.3454826 3.9437902 9.0000000 3.6570452 3.4496827 2.8600164 3.9769472 9.0000000 3.3082229 2.1645806 3.9338008 4.3628517 9.0000000 4.2552538 2.7954240 0.0000000 9.0000000 5.2998539 1.8771898 2.1989209 0.3456643 9.0000000 
n287_288   0.2759431 2.3245283 1.8496247 0.1566385 2.6608735 2.6652482 0.3075640 2.9503280 0.6076507 3.0500340 0.2897393 0.0699729 0.2812014 2.4450607 2.6747566 2.6876147 0.1568088 2.7049590 1.8473079 9.0000000 0.0000000 0.2966263 2.8468291 0.9468461 9.0000000 0.0629254 
n297_298   0.1164853 2.0407164 1.6351834 0.2859714 3.0246132 2.3002414 0.0447932 3.2472202 0.6426826 3.1872203 0.1481700 0.2858980 0.1566774 2.4959326 2.7760130 2.9242995 0.2862802 2.7224352 1.6365886 5.2998539 0.2966263 0.0000000 2.3740604 1.0007025 5.5628079 0.2974875 
n244_245   2.1697637 2.7815622 9.0000000 2.6881020 2.3203546 3.6135692 2.1316845 4.1566282 3.0845040 8.9999989 2.8742110 2.6278611 2.5180396 2.5288635 3.4377201 3.1805177 2.8782692 3.9180251 4.0530738 1.8771898 2.8468291 2.3740604 0.0000000 2.5058402 1.7835708 3.0357501 
n200_201   0.9653098 2.6820858 1.8807046 0.9808167 2.6245418 3.9495753 0.9908829 4.6410035 0.9048565 6.4185725 0.9144676 0.9388091 0.9651037 2.9018977 4.3594273 8.9999989 0.9818090 3.9689432 1.9041852 2.1989209 0.9468461 1.0007025 2.5058402 0.0000000 2.2149346 0.9847156 
n251_252   3.3279581 2.9964966 9.0000000 4.7226122 2.3393547 2.9171005 8.9999982 5.8790540 3.0595319 3.7742396 3.3106064 9.0000000 3.5808468 2.4947800 6.5760323 8.4196216 8.9999982 9.0000000 5.0348543 0.3456643 9.0000000 5.5628079 1.7835708 2.2149346 0.0000000 9.0000000 
n289_290   0.2767322 2.2534373 1.7661313 0.1441966 2.7005510 2.6133579 0.3187843 2.7607804 0.6356915 2.9867312 0.2906987 0.0738895 0.2920763 2.4792570 2.5209365 2.6864288 0.1443535 2.5488857 1.7003911 9.0000000 0.0629254 0.2974875 3.0357501 0.9847156 9.0000000 0.0000000 
