26
n285_288   0.0000000 0.0777248 2.1891513 1.9390683 1.6408268 1.8545478 1.8986478 1.9423922 0.9803685 2.0911249 1.7122652 0.9141744 1.5787229 1.8309342 2.2520100 1.4744664 1.7349432 1.8112289 1.7131572 2.0674854 1.6199065 1.7327548 1.9008555 3.1242910 1.9047926 1.7081843 
n286_289   0.0777248 0.0000000 2.1599836 1.9592597 1.6575677 1.9517049 1.9090459 1.9614785 1.0566886 2.0648487 1.8404072 1.0101545 1.6543226 1.8491657 2.3573886 1.5906708 1.7998700 1.8242297 1.8088633 2.0830901 1.7344650 1.8243176 1.9581423 3.3978800 1.9526640 1.7292816 
n297_300   2.1891513 2.1599836 0.0000000 2.7186344 2.9335466 0.1087092 0.3347428 0.2634953 2.1972847 0.0135080 3.1363552 2.5898993 2.4310784 0.2733030 2.8669736 1.1735946 2.4791982 0.1052741 3.0742723 0.3297675 2.5170478 3.3920656 0.1253554 3.3656358 0.3132108 0.6838611 
n251_254   1.9390683 1.9592597 2.7186344 0.0000000 3.5411801 3.0510464 2.8103523 3.7137042 5.6892035 2.8212213 3.2778202 2.7284427 3.2775263 3.1076599 0.3482870 1.7969190 3.1279033 2.9738063 3.8614773 2.9912986 2.9938037 3.1788562 3.7874399 1.8196422 2.9786151 2.8038937 
n280_283   1.6408268 1.6575677 2.9335466 3.5411801 0.0000000 2.6170049 2.6151888 2.8110519 2.3777080 2.9172870 0.1086246 2.3088342 0.3720242 2.4320870 5.4073970 2.2027014 0.3726559 2.5169365 0.1323698 2.4789225 0.0851730 0.1123324 2.5977183 1.9742342 2.6142598 2.0608506 
n275_278   1.8545478 1.9517049 0.1087092 3.0510464 2.6170049 0.0000000 0.3388983 0.2825954 2.1818252 0.0969117 2.7417327 2.6134098 2.4678893 0.2926423 2.6139730 1.1367397 2.5259759 0.1087049 2.5335571 0.3391724 2.2931054 2.9009240 0.1289946 5.5295454 0.3120700 0.6721161 
n289_292   1.8986478 1.9090459 0.3347428 2.8103523 2.6151888 0.3388983 0.0000000 0.1574565 2.1935999 0.3130196 3.1874760 2.4464989 2.5256891 0.1700986 2.2025069 1.1732035 2.7958343 0.3407901 2.7686396 0.0554681 3.0378156 3.1335230 0.3755585 4.6288619 0.0236820 0.6639504 
n296_299   1.9423922 1.9614785 0.2634953 3.7137042 2.8110519 0.2825954 0.1574565 0.0000000 2.1361454 0.2438166 2.9115308 2.5489166 2.6540682 0.0307192 2.7131184 1.0562398 2.9086380 0.2638254 2.8721994 0.1491650 2.5374114 3.1260581 0.2948722 3.3324194 0.1366784 0.6764477 
n265_268   0.9803685 1.0566886 2.1972847 5.6892035 2.3777080 2.1818252 2.1935999 2.1361454 0.0000000 2.1511841 2.4688880 0.1615730 2.3764198 2.1359632 4.4179949 1.5760419 2.4275214 1.9199972 2.7021002 2.1800370 2.4687028 2.3289971 1.9453556 3.2346894 2.1382147 1.9312031 
n298_301   2.0911249 2.0648487 0.0135080 2.8212213 2.9172870 0.0969117 0.3130196 0.2438166 2.1511841 0.0000000 3.2682820 2.5902504 2.5779814 0.2533512 2.6820784 1.1256514 2.6327849 0.0973442 3.0551082 0.3185683 2.5896222 3.5620713 0.1171578 3.8143092 0.2921503 0.6738120 
n299_302   1.7122652 1.8404072 3.1363552 3.2778202 0.1086246 2.7417327 3.1874760 2.9115308 2.4688880 3.2682820 0.0000000 2.4194969 0.3902981 2.7262424 4.7468983 2.3897066 0.3906843 2.7813002 0.1407140 2.9828683 0.0448365 0.0271659 2.7771428 2.2785013 3.0712006 2.5698639 
n266_269   0.9141744 1.0101545 2.5898993 2.7284427 2.3088342 2.6134098 2.4464989 2.5489166 0.1615730 2.5902504 2.4194969 0.0000000 2.0988670 2.2133686 2.3826592 1.7206438 2.2454911 2.1192641 2.5601836 2.5559711 2.2402341 2.2194797 2.1529147 2.6517740 2.4390209 1.9445418 
n277_280   1.5787229 1.6543226 2.4310784 3.2775263 0.3720242 2.4678893 2.5256891 2.6540682 2.3764198 2.5779814 0.3902981 2.0988670 0.0000000 2.3230127 2.9504091 2.1192783 0.1252619 2.2903864 0.3369440 2.4161633 0.3657531 0.3892444 2.4271545 3.5324879 2.7486754 2.5902358 
n295_298   1.8309342 1.8491657 0.2733030 3.1076599 2.4320870 0.2926423 0.1700986 0.0307192 2.1359632 0.2533512 2.7262424 2.2133686 2.3230127 0.0000000 2.5710208 1.0808080 2.5087406 0.2736472 2.6112987 0.1658367 2.3416320 2.9054295 0.3051496 2.8421266 0.1489527 0.6581207 
n255_258   2.2520100 2.3573886 2.8669736 0.3482870 5.4073970 2.6139730 2.2025069 2.7131184 4.4179949 2.6820784 4.7468983 2.3826592 2.9504091 2.5710208 0.0000000 2.3369291 3.2670380 2.4768781 4.2513980 2.3823034 4.7708362 4.4454110 2.6735128 1.7468295 2.2578281 2.4844839 
n200_203   1.4744664 1.5906708 1.1735946 1.7969190 2.2027014 1.1367397 1.1732035 1.0562398 1.5760419 1.1256514 2.3897066 1.7206438 2.1192783 1.0808080 2.3369291 0.0000000 2.2286189 1.1019502 2.3054435 1.1395390 2.1078480 2.4458302 1.1567139 2.9955096 1.1404024 1.1749264 
n278_281   1.7349432 1.7998700 2.4791982 3.1279033 0.3726559 2.5259759 2.7958343 2.9086380 2.4275214 2.6327849 0.3906843 2.2454911 0.1252619 2.5087406 3.2670380 2.2286189 0.0000000 2.3924175 0.3722817 2.5683068 0.3663185 0.3780111 2.5619636 3.3572927 2.8711071 2.7587318 
n293_296   1.8112289 1.8242297 0.1052741 2.9738063 2.5169365 0.1087049 0.3407901 0.2638254 1.9199972 0.0973442 2.7813002 2.1192641 2.2903864 0.2736472 2.4768781 1.1019502 2.3924175 0.0000000 2.5262446 0.3356347 2.3646373 2.8550422 0.0415076 8.9999987 0.3137842 0.6571918 
n274_277   1.7131572 1.8088633 3.0742723 3.8614773 0.1323698 2.5335571 2.7686396 2.8721994 2.7021002 3.0551082 0.1407140 2.5601836 0.3369440 2.6112987 4.2513980 2.3054435 0.3722817 2.5262446 0.0000000 2.6434191 0.1201642 0.1323946 2.6076650 2.6645661 2.7026014 2.4708102 
n287_290   2.0674854 2.0830901 0.3297675 2.9912986 2.4789225 0.3391724 0.0554681 0.1491650 2.1800370 0.3185683 2.9828683 2.5559711 2.4161633 0.1658367 2.3823034 1.1395390 2.5683068 0.3356347 2.6434191 0.0000000 2.7398593 2.9384249 0.3701600 9.0000000 0.0411457 0.6829697 
n292_295   1.6199065 1.7344650 2.5170478 2.9938037 0.0851730 2.2931054 3.0378156 2.5374114 2.4687028 2.5896222 0.0448365 2.2402341 0.3657531 2.3416320 4.7708362 2.1078480 0.3663185 2.3646373 0.1201642 2.7398593 0.0000000 0.0447761 2.3652046 2.1591527 3.0300259 2.2135438 
n300_303   1.7327548 1.8243176 3.3920656 3.1788562 0.1123324 2.9009240 3.1335230 3.1260581 2.3289971 3.5620713 0.0271659 2.2194797 0.3892444 2.9054295 4.4454110 2.4458302 0.3780111 2.8550422 0.1323946 2.9384249 0.0447761 0.0000000 2.9604714 2.4517549 3.0226467 2.7003027 
n294_297   1.9008555 1.9581423 0.1253554 3.7874399 2.5977183 0.1289946 0.3755585 0.2948722 1.9453556 0.1171578 2.7771428 2.1529147 2.4271545 0.3051496 2.6735128 1.1567139 2.5619636 0.0415076 2.6076650 0.3701600 2.3652046 2.9604714 0.0000000 4.5729994 0.3471626 0.6928972 
n244_247   3.1242910 3.3978800 3.3656358 1.8196422 1.9742342 5.5295454 4.6288619 3.3324194 3.2346894 3.8143092 2.2785013 2.6517740 3.5324879 2.8421266 1.7468295 2.9955096 3.3572927 8.9999987 2.6645661 9.0000000 2.1591527 2.4517549 4.5729994 0.0000000 5.1224544 2.9173293 
n290_293   1.9047926 1.9526640 0.3132108 2.9786151 2.6142598 0.3120700 0.0236820 0.1366784 2.1382147 0.2921503 3.0712006 2.4390209 2.7486754 0.1489527 2.2578281 1.1404024 2.8711071 0.3137842 2.7026014 0.0411457 3.0300259 3.0226467 0.3471626 5.1224544 0.0000000 0.6634946 
n236_239   1.7081843 1.7292816 0.6838611 2.8038937 2.0608506 0.6721161 0.6639504 0.6764477 1.9312031 0.6738120 2.5698639 1.9445418 2.5902358 0.6581207 2.4844839 1.1749264 2.7587318 0.6571918 2.4708102 0.6829697 2.2135438 2.7003027 0.6928972 2.9173293 0.6634946 0.0000000 
