24
n298_299   0.0000000 0.2685768 0.1520269 0.2490518 0.0446946 0.2881028 0.2684534 0.0100788 0.0237461 0.0411598 0.0033408 0.2788798 0.0482619 0.3139789 0.2496759 0.0447039 0.1200134 0.3134630 0.2492377 0.0100775 0.2684781 0.2781882 0.3508796 0.2690214 
n280_281   0.2685768 0.0000000 0.2637187 0.2542111 0.2540660 0.2739478 0.0134511 0.2733108 0.2931690 0.2493608 0.2733434 0.0662904 0.2589477 0.3664130 0.0134411 0.2541171 0.2982725 0.3605219 0.2639459 0.2732204 0.0066929 0.2691210 0.3680062 0.0590041 
n200_201   0.1520269 0.2637187 0.0000000 0.2445602 0.1358011 0.2738322 0.2590983 0.1479467 0.1645906 0.1317883 0.1479649 0.2595416 0.1358830 0.2986994 0.2449446 0.1358294 0.1607909 0.3027430 0.2541521 0.1479138 0.2636221 0.2643529 0.3242063 0.2594357 
n286_287   0.2490518 0.2542111 0.2445602 0.0000000 0.2257559 0.1601329 0.2637053 0.2444234 0.2634823 0.2212314 0.2444526 0.2689850 0.2304297 0.3445422 0.2356571 0.2213234 0.2736925 0.3439677 0.0168615 0.2443493 0.2541184 0.1560141 0.3292205 0.2592627 
n287_288   0.0446946 0.2540660 0.1358011 0.2257559 0.0000000 0.2588339 0.2539500 0.0411631 0.0554370 0.0033449 0.0411685 0.2641353 0.0168823 0.2935941 0.2355294 0.0067062 0.1121456 0.2931174 0.2259232 0.0411571 0.2539734 0.2493045 0.3146748 0.2544809 
n266_267   0.2881028 0.2739478 0.2738322 0.1601329 0.2588339 0.0000000 0.2738061 0.2781283 0.2986552 0.2541000 0.2832673 0.2794435 0.2637492 0.3394844 0.2548904 0.2542082 0.2835151 0.3389196 0.1684665 0.2785373 0.2738467 0.0271897 0.3567575 0.2744041 
n292_293   0.2684534 0.0134511 0.2590983 0.2637053 0.2539500 0.2738061 0.0000000 0.2731850 0.2930328 0.2492473 0.2732176 0.0662768 0.2588292 0.3662365 0.0202539 0.2540012 0.2938450 0.3603490 0.2735683 0.2730947 0.0134468 0.2689832 0.3623366 0.0662630 
n293_294   0.0100788 0.2733108 0.1479467 0.2444234 0.0411631 0.2781283 0.2731850 0.0000000 0.0203086 0.0376447 0.0067053 0.2836849 0.0447127 0.3089398 0.2543003 0.0411718 0.1160917 0.3084334 0.2446057 0.0067036 0.2732101 0.2683485 0.3513959 0.2737650 
n275_276   0.0237461 0.2931690 0.1645906 0.2634823 0.0554370 0.2986552 0.2930328 0.0203086 0.0000000 0.0518488 0.0203112 0.3038662 0.0518562 0.3139370 0.2736565 0.0554486 0.1320434 0.3134212 0.2636799 0.0203058 0.2930597 0.2885822 0.3735745 0.2936651 
n289_290   0.0411598 0.2493608 0.1317883 0.2212314 0.0033449 0.2541000 0.2492473 0.0376447 0.0518488 0.0000000 0.0376496 0.2593588 0.0134750 0.2886308 0.2309352 0.0033456 0.1082525 0.2881634 0.2213952 0.0376392 0.2492702 0.2446302 0.3095580 0.2497664 
n297_298   0.0033408 0.2733434 0.1479649 0.2444526 0.0411685 0.2832673 0.2732176 0.0067053 0.0203112 0.0376496 0.0000000 0.2837187 0.0447185 0.3089766 0.2543307 0.0411771 0.1161062 0.3084701 0.2446350 0.0067045 0.2732427 0.2734127 0.3456406 0.2737977 
n278_279   0.2788798 0.0662904 0.2595416 0.2689850 0.2641353 0.2794435 0.0662768 0.2836849 0.3038662 0.2593588 0.2837187 0.0000000 0.2690990 0.3609816 0.0590304 0.2641884 0.3094766 0.3663997 0.2789379 0.2835880 0.0662687 0.2697828 0.3573564 0.0066920 
n295_296   0.0482619 0.2589477 0.1358830 0.2304297 0.0168823 0.2637492 0.2588292 0.0447127 0.0518562 0.0134750 0.0447185 0.2690990 0.0000000 0.2987765 0.2402824 0.0168859 0.1161050 0.2982896 0.2306009 0.0447060 0.2588530 0.2541505 0.3200366 0.2593726 
n251_252   0.3139789 0.3664130 0.2986994 0.3445422 0.2935941 0.3394844 0.3662365 0.3089398 0.3139370 0.2886308 0.3089766 0.3609816 0.2987765 0.0000000 0.3450066 0.2936523 0.3194724 0.0376017 0.3498972 0.3038359 0.3662706 0.3288717 0.2773438 0.3499932 
n274_275   0.2496759 0.0134411 0.2449446 0.2356571 0.2355294 0.2548904 0.0202539 0.2543003 0.2736565 0.2309352 0.2543307 0.0590304 0.2402824 0.3450066 0.0000000 0.2355772 0.2838935 0.3392919 0.2451464 0.2542208 0.0134368 0.2501759 0.3464492 0.0518170 
n290_291   0.0447039 0.2541171 0.1358294 0.2213234 0.0067062 0.2542082 0.2540012 0.0411718 0.0554486 0.0033456 0.0411771 0.2641884 0.0168859 0.2936523 0.2355772 0.0000000 0.1121691 0.2931754 0.2214874 0.0411657 0.2540246 0.2447337 0.3147366 0.2545322 
n236_237   0.1200134 0.2982725 0.1607909 0.2736925 0.1121456 0.2835151 0.2938450 0.1160917 0.1320434 0.1082525 0.1161062 0.3094766 0.1161050 0.3194724 0.2838935 0.1121691 0.0000000 0.3141475 0.2837066 0.1160686 0.3035876 0.2736511 0.3624487 0.3042213 
n255_256   0.3134630 0.3605219 0.3027430 0.3439677 0.2931174 0.3389196 0.3603490 0.3084334 0.3134212 0.2881634 0.3084701 0.3663997 0.2982896 0.0376017 0.3392919 0.2931754 0.3141475 0.0000000 0.3440338 0.3033394 0.3603824 0.3283279 0.2671148 0.3553313 
n285_286   0.2492377 0.2639459 0.2541521 0.0168615 0.2259232 0.1684665 0.2735683 0.2446057 0.2636799 0.2213952 0.2446350 0.2789379 0.2306009 0.3498972 0.2451464 0.2214874 0.2837066 0.3440338 0.0000000 0.2445314 0.2638491 0.1643033 0.3400382 0.2690770 
n294_295   0.0100775 0.2732204 0.1479138 0.2443493 0.0411571 0.2785373 0.2730947 0.0067036 0.0203058 0.0376392 0.0067045 0.2835880 0.0447060 0.3038359 0.2542208 0.0411657 0.1160686 0.3033394 0.2445314 0.0000000 0.2731198 0.2687408 0.3459802 0.2736742 
n300_301   0.2684781 0.0066929 0.2636221 0.2541184 0.2539734 0.2738467 0.0134468 0.2732101 0.2930597 0.2492702 0.2732427 0.0662687 0.2588530 0.3662706 0.0134368 0.2540246 0.3035876 0.3603824 0.2638491 0.2731198 0.0000000 0.2690219 0.3678623 0.0589849 
n265_266   0.2781882 0.2691210 0.2643529 0.1560141 0.2493045 0.0271897 0.2689832 0.2683485 0.2885822 0.2446302 0.2734127 0.2697828 0.2541505 0.3288717 0.2501759 0.2447337 0.2736511 0.3283279 0.1643033 0.2687408 0.2690219 0.0000000 0.3457433 0.2695674 
n244_245   0.3508796 0.3680062 0.3242063 0.3292205 0.3146748 0.3567575 0.3623366 0.3513959 0.3735745 0.3095580 0.3456406 0.3573564 0.3200366 0.2773438 0.3464492 0.3147366 0.3624487 0.2671148 0.3400382 0.3459802 0.3678623 0.3457433 0.0000000 0.3517402 
n277_278   0.2690214 0.0590041 0.2594357 0.2592627 0.2544809 0.2744041 0.0662630 0.2737650 0.2936651 0.2497664 0.2737977 0.0066920 0.2593726 0.3499932 0.0518170 0.2545322 0.3042213 0.3553313 0.2690770 0.2736742 0.0589849 0.2695674 0.3517402 0.0000000 
