25
n289_290   0.0000000 0.0272503 0.0168817 0.2580967 0.3219779 0.0413532 0.0134612 0.3166255 0.3753074 0.0237705 0.2796431 0.0203203 0.3792862 0.3117391 0.0100673 0.1986481 0.3169015 0.0378049 0.1006268 0.3331556 0.3272517 0.0342351 0.4004736 0.3165585 0.3219857 
n294_295   0.0272503 0.0000000 0.0237773 0.2432610 0.3221604 0.0203216 0.0272509 0.3168051 0.3628377 0.0033387 0.2640708 0.0272580 0.3621789 0.3119162 0.0237738 0.1895710 0.3170814 0.0168903 0.0928782 0.3333443 0.3055373 0.0134614 0.3874865 0.3167380 0.3004277 
n295_296   0.0168817 0.0237773 0.0000000 0.2579413 0.3276549 0.0377989 0.0168820 0.3222576 0.3750528 0.0203179 0.2792748 0.0033449 0.3671292 0.3173364 0.0134660 0.1940864 0.3225407 0.0342695 0.0967379 0.3389320 0.3113785 0.0307246 0.4001944 0.3221885 0.3062214 
n266_267   0.2580967 0.2432610 0.2579413 0.0000000 0.2631457 0.2630572 0.2629648 0.2582464 0.3542319 0.2383642 0.0341784 0.2629902 0.3776147 0.2391021 0.2531786 0.2784167 0.2433987 0.2581127 0.2519131 0.2780706 0.1492355 0.2434735 0.3727628 0.2581992 0.1533424 
n299_300   0.3219779 0.3221604 0.3276549 0.2631457 0.0000000 0.3390851 0.3332914 0.0033347 0.3914449 0.3166094 0.2796013 0.3333002 0.3793532 0.0448736 0.3223899 0.3585318 0.0484259 0.3335218 0.3300358 0.0100619 0.3009322 0.3329929 0.4234735 0.0033361 0.2908142 
n298_299   0.0413532 0.0203216 0.0377989 0.2630572 0.3390851 0.0000000 0.0413543 0.3335953 0.3873960 0.0168828 0.2795054 0.0413649 0.3866934 0.3286021 0.0377935 0.2079350 0.3338930 0.0033421 0.1046024 0.3505678 0.3220041 0.0272313 0.4130466 0.3390314 0.3167737 
n290_291   0.0134612 0.0272509 0.0168820 0.2629648 0.3332914 0.0413543 0.0000000 0.3278481 0.3811456 0.0237710 0.2844877 0.0203207 0.3793594 0.3228910 0.0100673 0.1986664 0.3281384 0.0378059 0.1006317 0.3446710 0.3213356 0.0342359 0.4065432 0.3277768 0.3161172 
n274_275   0.3166255 0.3168051 0.3222576 0.2582464 0.0033347 0.3335953 0.3278481 0.0000000 0.3855388 0.3112971 0.2745671 0.3278587 0.3735397 0.0413140 0.3170296 0.3529298 0.0448495 0.3280752 0.3246600 0.0134394 0.2957348 0.3275568 0.4172869 0.0066837 0.2856865 
n251_252   0.3753074 0.3628377 0.3750528 0.3542319 0.3914449 0.3873960 0.3811456 0.3855388 0.0000000 0.3631701 0.3794358 0.3811347 0.2647963 0.3917266 0.3694223 0.4274330 0.3919211 0.3814051 0.3500229 0.3977184 0.3685434 0.3695215 0.0487242 0.3972522 0.3629547 
n293_294   0.0237705 0.0033387 0.0203179 0.2383642 0.3166094 0.0168828 0.0237710 0.3112971 0.3631701 0.0000000 0.2589980 0.0237773 0.3625103 0.3064416 0.0203150 0.1850272 0.3115666 0.0134710 0.0890127 0.3276978 0.3001319 0.0100654 0.3878475 0.3112321 0.2950623 
n265_266   0.2796431 0.2640708 0.2792748 0.0341784 0.2796013 0.2795054 0.2844877 0.2745671 0.3794358 0.2589980 0.0000000 0.2845094 0.3861908 0.2549087 0.2743545 0.2904494 0.2592976 0.2744209 0.2530288 0.2949448 0.1501683 0.2643080 0.3987924 0.2845643 0.1543027 
n296_297   0.0203203 0.0272580 0.0033449 0.2629902 0.3333002 0.0413649 0.0203207 0.3278587 0.3811347 0.0237773 0.2845094 0.0000000 0.3731192 0.3229031 0.0168841 0.1986968 0.3281488 0.0378156 0.1006540 0.3446757 0.3168844 0.0342447 0.4065187 0.3277874 0.3116870 
n244_245   0.3792862 0.3621789 0.3671292 0.3776147 0.3793532 0.3866934 0.3793594 0.3735397 0.2647963 0.3625103 0.3861908 0.3731192 0.0000000 0.3676009 0.3676991 0.4154318 0.3731821 0.3807128 0.3657830 0.3915579 0.3741387 0.3688498 0.2706451 0.3850707 0.3462351 
n278_279   0.3117391 0.3119162 0.3173364 0.2391021 0.0448736 0.3286021 0.3228910 0.0413140 0.3917266 0.3064416 0.2549087 0.3229031 0.3676009 0.0000000 0.3121364 0.3424010 0.0100732 0.3231153 0.3146147 0.0556659 0.2853332 0.3226058 0.4237831 0.0484342 0.2754271 
n287_288   0.0100673 0.0237738 0.0134660 0.2531786 0.3223899 0.0377935 0.0100673 0.3170296 0.3694223 0.0203150 0.2743545 0.0168841 0.3676991 0.3121364 0.0000000 0.1940676 0.3173064 0.0342647 0.0967255 0.3335848 0.3165151 0.0307202 0.3943618 0.3169624 0.3113245 
n200_201   0.1986481 0.1895710 0.1940864 0.2784167 0.3585318 0.2079350 0.1986664 0.3529298 0.4274330 0.1850272 0.2904494 0.1986968 0.4154318 0.3424010 0.1940676 0.0000000 0.3477570 0.2033422 0.2024481 0.3702686 0.3554472 0.1897277 0.4349997 0.3528490 0.3499729 
n277_278   0.3169015 0.3170814 0.3225407 0.2433987 0.0484259 0.3338930 0.3281384 0.0448495 0.3919211 0.3115666 0.2592976 0.3281488 0.3731821 0.0100732 0.3173064 0.3477570 0.0000000 0.3283658 0.3147530 0.0592699 0.2848934 0.3278464 0.4240044 0.0520022 0.2750049 
n297_298   0.0378049 0.0168903 0.0342695 0.2581127 0.3335218 0.0033421 0.0378059 0.3280752 0.3814051 0.0134710 0.2744209 0.0378156 0.3807128 0.3231153 0.0342647 0.2033422 0.3283658 0.0000000 0.1007031 0.3449083 0.3165884 0.0237644 0.4068171 0.3334692 0.3113971 
n236_237   0.1006268 0.0928782 0.0967379 0.2519131 0.3300358 0.1046024 0.1006317 0.3246600 0.3500229 0.0890127 0.2530288 0.1006540 0.3657830 0.3146147 0.0967255 0.2024481 0.3147530 0.1007031 0.0000000 0.3412694 0.3038748 0.0929460 0.3563994 0.3353274 0.2987993 
n280_281   0.3331556 0.3333443 0.3389320 0.2780706 0.0100619 0.3505678 0.3446710 0.0134394 0.3977184 0.3276978 0.2949448 0.3446757 0.3915579 0.0556659 0.3335848 0.3702686 0.0592699 0.3449083 0.3412694 0.0000000 0.3167835 0.3443570 0.4300660 0.0134447 0.3064480 
n285_286   0.3272517 0.3055373 0.3113785 0.1492355 0.3009322 0.3220041 0.3213356 0.2957348 0.3685434 0.3001319 0.1501683 0.3168844 0.3741387 0.2853332 0.3165151 0.3554472 0.2848934 0.3165884 0.3038748 0.3167835 0.0000000 0.3058255 0.3927316 0.3060526 0.0204230 
n275_276   0.0342351 0.0134614 0.0307246 0.2434735 0.3329929 0.0272313 0.0342359 0.3275568 0.3695215 0.0100654 0.2643080 0.0342447 0.3688498 0.3226058 0.0307202 0.1897277 0.3278464 0.0237644 0.0929460 0.3443570 0.3058255 0.0000000 0.3944715 0.3274856 0.3007106 
n255_256   0.4004736 0.3874865 0.4001944 0.3727628 0.4234735 0.4130466 0.4065432 0.4172869 0.0487242 0.3878475 0.3987924 0.4065187 0.2706451 0.4237831 0.3943618 0.4349997 0.4240044 0.4068171 0.3563994 0.4300660 0.3927316 0.3944715 0.0000000 0.4295551 0.3869508 
n292_293   0.3165585 0.3167380 0.3221885 0.2581992 0.0033361 0.3390314 0.3277768 0.0066837 0.3972522 0.3112321 0.2845643 0.3277874 0.3850707 0.0484342 0.3169624 0.3528490 0.0520022 0.3334692 0.3353274 0.0134447 0.3060526 0.3274856 0.4295551 0.0000000 0.2958674 
n286_287   0.3219857 0.3004277 0.3062214 0.1533424 0.2908142 0.3167737 0.3161172 0.2856865 0.3629547 0.2950623 0.1543027 0.3116870 0.3462351 0.2754271 0.3113245 0.3499729 0.2750049 0.3113971 0.2987993 0.3064480 0.0204230 0.3007106 0.3869508 0.2958674 0.0000000 
