26
n277_278   0.0000000 2.2423036 1.7571516 2.8810674 2.0299680 0.4111020 2.5014228 1.6704791 0.1713227 0.4111919 1.7520272 1.7778203 1.8261575 1.7200677 2.2594440 0.4050198 0.4218512 1.8267495 1.8631338 9.0000000 2.1964117 1.9707394 1.8285347 2.3636228 1.7803851 0.3867042 
n286_287   2.2423036 0.0000000 1.6462386 0.0745054 1.6422965 1.7670367 4.1814957 1.5660915 2.4333210 1.7742663 1.7094584 1.5796964 1.6065023 1.6487325 1.7207177 2.2454386 1.9154514 1.6765659 1.5396310 3.6950065 1.1216390 1.1634750 1.6666761 2.9971706 1.6569069 1.8538761 
n296_297   1.7571516 1.6462386 0.0000000 2.0122113 0.1051953 1.8057572 2.6816931 0.2749247 1.7692909 2.1937552 0.6358776 0.2954670 0.0896480 0.2910746 1.0127790 2.2046377 2.0993234 0.0168788 0.1091351 3.6626737 2.0413022 2.0646105 0.2808833 2.6687118 0.2964050 2.1080756 
n285_286   2.8810674 0.0745054 2.0122113 0.0000000 1.8692893 2.1884745 3.2804616 1.8706780 2.7630082 2.0130371 1.9371338 1.7541874 1.8622563 1.9003400 1.6915206 2.5771047 2.3715860 2.0561861 1.7738147 3.5512042 1.2375916 1.3296760 1.7802032 2.6720641 1.9120237 2.1538607 
n289_290   2.0299680 1.6422965 0.1051953 1.8692893 0.0000000 2.0219127 3.2277531 0.2954282 1.8986796 2.1636966 0.6327868 0.3055857 0.0594673 0.3121145 0.9979185 2.2816929 2.2687157 0.1090537 0.0705706 3.2000641 1.9108593 1.9381506 0.2853210 2.7718759 0.3176187 2.1778608 
n274_275   0.4111020 1.7670367 1.8057572 2.1884745 2.0219127 0.0000000 2.8424477 1.7441764 0.4897123 0.1327759 2.3207997 2.2216667 2.0688483 1.8371503 2.1795094 0.1370094 0.1405923 1.8060751 1.9690972 5.5732225 2.4544800 2.2042635 2.0408628 3.6509968 1.8161319 0.1328005 
n255_256   2.5014228 4.1814957 2.6816931 3.2804616 3.2277531 2.8424477 0.0000000 2.7657055 2.4145634 2.8307397 2.2974557 2.8624405 2.9340026 2.6295169 2.1734857 3.1340782 2.7507461 2.4657796 2.5021142 3.2648283 2.5481564 2.7305005 2.6248172 0.3210393 2.4931076 2.7109744 
n275_276   1.6704791 1.5660915 0.2749247 1.8706780 0.2954282 1.7441764 2.7657055 0.0000000 1.7686927 2.0566041 0.5442350 0.1289103 0.2952874 0.1411163 0.8552149 2.0991865 1.7924408 0.2797196 0.3006857 3.2035049 2.0305461 1.9907185 0.1376933 2.7207031 0.1289072 1.9811172 
n278_279   0.1713227 2.4333210 1.7692909 2.7630082 1.8986796 0.4897123 2.4145634 1.7686927 0.0000000 0.4670917 1.9624835 1.7935635 1.8343854 1.6723515 2.2765674 0.4807281 0.4801205 1.8003483 1.7539397 7.4013823 2.7411701 2.1943787 1.7971400 2.3546328 1.7665398 0.4474127 
n299_300   0.4111919 1.7742663 2.1937552 2.0130371 2.1636966 0.1327759 2.8307397 2.0566041 0.4670917 0.0000000 2.7517461 2.4666093 2.3320387 2.0278572 2.2520077 0.0520154 0.1045467 2.2485570 2.4038585 3.7809897 2.3963619 2.0309587 2.1817035 3.3754307 2.0860249 0.0134409 
n236_237   1.7520272 1.7094584 0.6358776 1.9371338 0.6327868 2.3207997 2.2974557 0.5442350 1.9624835 2.7517461 0.0000000 0.5960929 0.6683507 0.6288486 1.2574427 2.9172608 2.6883239 0.6427986 0.6489794 3.2490353 2.0357667 2.1142590 0.5810338 2.3942895 0.6456368 2.6120641 
n293_294   1.7778203 1.5796964 0.2954670 1.7541874 0.3055857 2.2216667 2.8624405 0.1289103 1.7935635 2.4666093 0.5960929 0.0000000 0.3163341 0.1578206 0.9503023 2.4931159 2.1305437 0.2954681 0.3218969 2.3845788 2.2137379 2.1964320 0.0414300 2.7853731 0.1493626 2.3322146 
n290_291   1.8261575 1.6065023 0.0896480 1.8622563 0.0594673 2.0688483 2.9340026 0.2952874 1.8343854 2.3320387 0.6683507 0.3163341 0.0000000 0.3119518 1.0079320 2.2779979 2.1365223 0.1012938 0.0668784 3.6076585 1.8955333 1.9501651 0.3124497 2.5958831 0.3174483 2.2350983 
n297_298   1.7200677 1.6487325 0.2910746 1.9003400 0.3121145 1.8371503 2.6295169 0.1411163 1.6723515 2.0278572 0.6288486 0.1578206 0.3119518 0.0000000 0.8904417 2.0199773 1.7791152 0.2959747 0.3225560 3.5920472 1.9970058 2.0560407 0.1583643 2.6270741 0.0203566 1.9839963 
n200_201   2.2594440 1.7207177 1.0127790 1.6915206 0.9979185 2.1795094 2.1734857 0.8552149 2.2765674 2.2520077 1.2574427 0.9503023 1.0079320 0.8904417 0.0000000 2.3318757 2.2341805 0.9967090 1.0155923 4.0726199 2.1617499 1.9484513 0.9633969 2.3844740 0.8802102 2.1613334 
n292_293   0.4050198 2.2454386 2.2046377 2.5771047 2.2816929 0.1370094 3.1340782 2.0991865 0.4807281 0.0520154 2.9172608 2.4931159 2.2779979 2.0199773 2.3318757 0.0000000 0.1006876 2.2598673 2.4945011 4.3909741 2.6177985 1.9913276 2.2058704 3.7381480 2.1236613 0.0377215 
n280_281   0.4218512 1.9154514 2.0993234 2.3715860 2.2687157 0.1405923 2.7507461 1.7924408 0.4801205 0.1045467 2.6883239 2.1305437 2.1365223 1.7791152 2.2341805 0.1006876 0.0000000 2.1494110 2.3566615 4.1309503 2.2243837 1.8220326 1.9187233 3.9132710 1.7886589 0.0890678 
n295_296   1.8267495 1.6765659 0.0168788 2.0561861 0.1090537 1.8060751 2.4657796 0.2797196 1.8003483 2.2485570 0.6427986 0.2954681 0.1012938 0.2959747 0.9967090 2.2598673 2.1494110 0.0000000 0.1130120 3.4197064 2.1337962 2.1579648 0.2808866 2.4403333 0.3013389 2.1588545 
n287_288   1.8631338 1.5396310 0.1091351 1.7738147 0.0705706 1.9690972 2.5021142 0.3006857 1.7539397 2.4038585 0.6489794 0.3218969 0.0668784 0.3225560 1.0155923 2.4945011 2.3566615 0.1130120 0.0000000 3.7822170 1.9432109 1.9752770 0.3180013 2.3691335 0.3175286 2.3697413 
n244_245   9.0000000 3.6950065 3.6626737 3.5512042 3.2000641 5.5732225 3.2648283 3.2035049 7.4013823 3.7809897 3.2490353 2.3845788 3.6076585 3.5920472 4.0726199 4.3909741 4.1309503 3.4197064 3.7822170 0.0000000 3.3122979 4.5318292 2.5989291 3.6947871 3.7884344 3.6399076 
n265_266   2.1964117 1.1216390 2.0413022 1.2375916 1.9108593 2.4544800 2.5481564 2.0305461 2.7411701 2.3963619 2.0357667 2.2137379 1.8955333 1.9970058 2.1617499 2.6177985 2.2243837 2.1337962 1.9432109 3.3122979 0.0000000 0.1751497 2.3426634 4.2633726 1.9512141 2.3871589 
n266_267   1.9707394 1.1634750 2.0646105 1.3296760 1.9381506 2.2042635 2.7305005 1.9907185 2.1943787 2.0309587 2.1142590 2.1964320 1.9501651 2.0560407 1.9484513 1.9913276 1.8220326 2.1579648 1.9752770 4.5318292 0.1751497 0.0000000 2.2662961 3.2856691 2.0562515 1.9409662 
n294_295   1.8285347 1.6666761 0.2808833 1.7802032 0.2853210 2.0408628 2.6248172 0.1376933 1.7971400 2.1817035 0.5810338 0.0414300 0.3124497 0.1583643 0.9633969 2.2058704 1.9187233 0.2808866 0.3180013 2.5989291 2.3426634 2.2662961 0.0000000 2.4914741 0.1542057 2.0785762 
n251_252   2.3636228 2.9971706 2.6687118 2.6720641 2.7718759 3.6509968 0.3210393 2.7207031 2.3546328 3.3754307 2.3942895 2.7853731 2.5958831 2.6270741 2.3844740 3.7381480 3.9132710 2.4403333 2.3691335 3.6947871 4.2633726 3.2856691 2.4914741 0.0000000 2.6454107 3.2909624 
n298_299   1.7803851 1.6569069 0.2964050 1.9120237 0.3176187 1.8161319 2.4931076 0.1289072 1.7665398 2.0860249 0.6456368 0.1493626 0.3174483 0.0203566 0.8802102 2.1236613 1.7886589 0.3013389 0.3175286 3.7884344 1.9512141 2.0562515 0.1542057 2.6454107 0.0000000 2.0395800 
n300_301   0.3867042 1.8538761 2.1080756 2.1538607 2.1778608 0.1328005 2.7109744 1.9811172 0.4474127 0.0134409 2.6120641 2.3322146 2.2350983 1.9839963 2.1613334 0.0377215 0.0890678 2.1588545 2.3697413 3.6399076 2.3871589 1.9409662 2.0785762 3.2909624 2.0395800 0.0000000 
