26
n298_299   0.0000000 0.2553951 0.1360959 0.2699782 0.0520163 0.2850152 0.2702553 0.0272144 0.0237502 0.0519999 0.0067010 0.2700320 0.0555671 0.3760099 0.2459145 0.0484042 0.1081576 0.3644923 0.2504944 0.0341876 0.2603448 0.2800270 0.0519658 0.2651758 0.3931102 0.2699524 
n280_281   0.2553951 0.0000000 0.1997784 0.2362511 0.2462395 0.2457862 0.0168801 0.2224719 0.2270354 0.2461539 0.2506582 0.0591694 0.2507049 0.3535573 0.0066986 0.2367005 0.2459530 0.3424904 0.2175957 0.2317353 0.0100738 0.2505499 0.2459690 0.0134631 0.3424419 0.0591554 
n200_201   0.1360959 0.1997784 0.0000000 0.2178190 0.1281380 0.2132769 0.2044438 0.1082113 0.1121063 0.1280961 0.1361403 0.2224427 0.1279483 0.2953060 0.1909991 0.1201036 0.1279354 0.2951348 0.2041626 0.1239950 0.1954376 0.2088596 0.1280090 0.1998479 0.3002679 0.2223812 
n286_287   0.2699782 0.2362511 0.2178190 0.0000000 0.2656298 0.1398894 0.2459677 0.2458095 0.2410360 0.2655365 0.2700800 0.2502887 0.2702017 0.3702062 0.2270198 0.2509956 0.2846856 0.3479914 0.0202725 0.2553627 0.2364009 0.1318240 0.2653337 0.2410719 0.3367013 0.2502169 
n287_288   0.0520163 0.2462395 0.1281380 0.2656298 0.0000000 0.2707103 0.2609216 0.0307298 0.0272435 0.0169087 0.0520317 0.2607075 0.0237782 0.3596854 0.2368636 0.0100920 0.1004492 0.3484158 0.2462304 0.0342253 0.2511292 0.2658099 0.0203333 0.2559055 0.3705354 0.2606315 
n266_267   0.2850152 0.2457862 0.2132769 0.1398894 0.2707103 0.0000000 0.2555251 0.2507102 0.2554562 0.2706149 0.2851244 0.2551753 0.2753115 0.3760835 0.2364301 0.2656728 0.2950100 0.3703112 0.1237217 0.2700866 0.2458256 0.0202831 0.2704073 0.2505584 0.3530263 0.2551016 
n292_293   0.2702553 0.0168801 0.2044438 0.2459677 0.2609216 0.2555251 0.0000000 0.2366245 0.2412816 0.2608301 0.2654180 0.0702182 0.2654696 0.3652244 0.0168843 0.2511715 0.2606147 0.3539624 0.2270336 0.2460845 0.0134763 0.2604840 0.2606317 0.0168848 0.3649577 0.0702024 
n293_294   0.0272144 0.2224719 0.1082113 0.2458095 0.0307298 0.2507102 0.2366245 0.0000000 0.0033424 0.0307203 0.0272222 0.2364350 0.0341940 0.3371765 0.2134103 0.0272361 0.0776111 0.3369742 0.2269776 0.0134693 0.2271838 0.2459518 0.0307012 0.2317962 0.3589628 0.2363684 
n275_276   0.0237502 0.2270354 0.1121063 0.2410360 0.0272435 0.2554562 0.2412816 0.0033424 0.0000000 0.0272350 0.0237570 0.2410876 0.0306933 0.3425182 0.2179185 0.0237691 0.0813406 0.3315357 0.2223336 0.0100759 0.2317787 0.2506675 0.0272181 0.2364201 0.3644652 0.2410192 
n289_290   0.0519999 0.2461539 0.1280961 0.2655365 0.0169087 0.2706149 0.2608301 0.0307203 0.0272350 0.0000000 0.0520153 0.2606162 0.0237708 0.3710407 0.2367817 0.0134883 0.1004168 0.3595851 0.2461448 0.0377353 0.2510416 0.2657165 0.0203270 0.2558161 0.3762051 0.2605402 
n297_298   0.0067010 0.2506582 0.1361403 0.2700800 0.0520317 0.2851244 0.2654180 0.0272222 0.0237570 0.0520153 0.0000000 0.2651995 0.0555836 0.3761684 0.2412370 0.0484185 0.1042881 0.3646441 0.2505869 0.0341975 0.2555741 0.2801338 0.0519821 0.2603742 0.3934790 0.2651219 
n278_279   0.2700320 0.0591694 0.2224427 0.2502887 0.2607075 0.2551753 0.0702182 0.2364350 0.2410876 0.2606162 0.2651995 0.0000000 0.2652510 0.3818476 0.0519536 0.2509673 0.2457992 0.3703307 0.2359944 0.2458856 0.0628376 0.2600010 0.2604181 0.0664931 0.3702628 0.0067004 
n295_296   0.0555671 0.2507049 0.1279483 0.2702017 0.0237782 0.2753115 0.2654696 0.0341940 0.0306933 0.0237708 0.0555836 0.2652510 0.0000000 0.3708250 0.2412807 0.0203226 0.1042038 0.3593773 0.2506961 0.0412392 0.2556224 0.2703850 0.0033441 0.2604240 0.3759485 0.2651733 
n251_252   0.3760099 0.3535573 0.2953060 0.3702062 0.3596854 0.3760835 0.3652244 0.3371765 0.3425182 0.3710407 0.3761684 0.3818476 0.3708250 0.0000000 0.3427114 0.3541977 0.3649448 0.0341501 0.3588138 0.3590838 0.3592842 0.3704349 0.3652271 0.3648314 0.2996170 0.3817168 
n274_275   0.2459145 0.0066986 0.1909991 0.2270198 0.2368636 0.2364301 0.0168843 0.2134103 0.2179185 0.2367817 0.2412370 0.0519536 0.2412807 0.3427114 0.0000000 0.2274497 0.2365897 0.3318092 0.2086045 0.2225573 0.0100763 0.2411317 0.2366052 0.0134664 0.3425184 0.0519423 
n290_291   0.0484042 0.2367005 0.1201036 0.2509956 0.0100920 0.2656728 0.2511715 0.0272361 0.0237691 0.0134883 0.0484185 0.2509673 0.0203226 0.3541977 0.2274497 0.0000000 0.0965588 0.3430132 0.2413756 0.0342151 0.2415192 0.2608082 0.0168957 0.2462303 0.3535858 0.2508951 
n236_237   0.1081576 0.2459530 0.1279354 0.2846856 0.1004492 0.2950100 0.2606147 0.0776111 0.0813406 0.1004168 0.1042881 0.2457992 0.1042038 0.3649448 0.2365897 0.0965588 0.0000000 0.3590443 0.2648034 0.0927003 0.2508359 0.2899539 0.1003502 0.2556057 0.3698711 0.2457291 
n255_256   0.3644923 0.3424904 0.2951348 0.3479914 0.3484158 0.3703112 0.3539624 0.3369742 0.3315357 0.3595851 0.3646441 0.3703307 0.3593773 0.0341501 0.3318092 0.3430132 0.3590443 0.0000000 0.3369512 0.3478381 0.3481234 0.3647077 0.3538692 0.3535839 0.3046686 0.3702058 
n285_286   0.2504944 0.2175957 0.2041626 0.0202725 0.2462304 0.1237217 0.2270336 0.2269776 0.2223336 0.2461448 0.2505869 0.2359944 0.2506961 0.3588138 0.2086045 0.2413756 0.2648034 0.3369512 0.0000000 0.2362757 0.2177321 0.1158373 0.2459599 0.2222796 0.3206096 0.2359281 
n294_295   0.0341876 0.2317353 0.1239950 0.2553627 0.0342253 0.2700866 0.2460845 0.0134693 0.0100759 0.0377353 0.0341975 0.2458856 0.0412392 0.3590838 0.2225573 0.0342151 0.0927003 0.3478381 0.2362757 0.0000000 0.2365132 0.2651996 0.0377117 0.2411864 0.3759721 0.2458155 
n300_301   0.2603448 0.0100738 0.1954376 0.2364009 0.2511292 0.2458256 0.0134763 0.2271838 0.2317787 0.2510416 0.2555741 0.0628376 0.2556224 0.3592842 0.0100763 0.2415192 0.2508359 0.3481234 0.2177321 0.2365132 0.0000000 0.2507103 0.2508522 0.0033426 0.3536025 0.0628236 
n265_266   0.2800270 0.2505499 0.2088596 0.1318240 0.2658099 0.0202831 0.2604840 0.2459518 0.2506675 0.2657165 0.2801338 0.2600010 0.2703850 0.3704349 0.2411317 0.2608082 0.2899539 0.3647077 0.1158373 0.2651996 0.2507103 0.0000000 0.2655135 0.2554777 0.3533466 0.2599254 
n296_297   0.0519658 0.2459690 0.1280090 0.2653337 0.0203333 0.2704073 0.2606317 0.0307012 0.0272181 0.0203270 0.0519821 0.2604181 0.0033441 0.3652271 0.2366052 0.0168957 0.1003502 0.3538692 0.2459599 0.0377117 0.2508522 0.2655135 0.0000000 0.2556224 0.3703155 0.2603422 
n299_300   0.2651758 0.0134631 0.1998479 0.2410719 0.2559055 0.2505584 0.0168848 0.2317962 0.2364201 0.2558161 0.2603742 0.0664931 0.2604240 0.3648314 0.0134664 0.2462303 0.2556057 0.3535839 0.2222796 0.2411864 0.0033426 0.2554777 0.2556224 0.0000000 0.3591068 0.0664783 
n244_245   0.3931102 0.3424419 0.3002679 0.3367013 0.3705354 0.3530263 0.3649577 0.3589628 0.3644652 0.3762051 0.3934790 0.3702628 0.3759485 0.2996170 0.3425184 0.3535858 0.3698711 0.3046686 0.3206096 0.3759721 0.3536025 0.3533466 0.3703155 0.3591068 0.0000000 0.3701380 
n277_278   0.2699524 0.0591554 0.2223812 0.2502169 0.2606315 0.2551016 0.0702024 0.2363684 0.2410192 0.2605402 0.2651219 0.0067004 0.2651733 0.3817168 0.0519423 0.2508951 0.2457291 0.3702058 0.2359281 0.2458155 0.0628236 0.2599254 0.2603422 0.0664783 0.3701380 0.0000000 
