24
n298_299   0.0000000 0.3672647 0.1339114 0.3033987 0.0378716 0.3100221 0.3736005 0.0203668 0.0203706 0.0066965 0.3679144 0.0449636 0.4500823 0.3867316 0.0821522 0.4768273 0.3084422 0.0238304 0.3669628 0.3209206 0.0485754 0.3675819 0.4223471 0.3861586 
n280_281   0.3672647 0.0000000 0.3251175 0.2172042 0.3542846 0.2779474 0.0033493 0.3729540 0.3730829 0.3666467 0.0746069 0.3654967 0.4903733 0.0238624 0.3492521 0.4755748 0.2171278 0.3673208 0.0100929 0.2523789 0.3715694 0.0067127 0.4412498 0.0860056 
n200_201   0.1339114 0.3251175 0.0000000 0.2554357 0.1132722 0.2763316 0.3310177 0.1256924 0.1257227 0.1337118 0.3148560 0.1211930 0.4344003 0.3432243 0.1336778 0.4531557 0.2601497 0.1298151 0.3248553 0.2609421 0.1211615 0.3253895 0.3703866 0.3316320 
n286_287   0.3033987 0.2172042 0.2554357 0.0000000 0.2970650 0.1589285 0.2175560 0.3085879 0.3086868 0.3029063 0.2270272 0.3073705 0.4132065 0.2271840 0.3184762 0.4195134 0.0100460 0.3087672 0.2220649 0.1376944 0.3021465 0.2174360 0.3360784 0.2369945 
n287_288   0.0378716 0.3542846 0.1132722 0.2970650 0.0000000 0.2983062 0.3604771 0.0308150 0.0308209 0.0378178 0.3549043 0.0203240 0.4486396 0.3733044 0.0669538 0.4615111 0.3020547 0.0343398 0.3539954 0.3035768 0.0237840 0.3545872 0.4019705 0.3727537 
n266_267   0.3100221 0.2779474 0.2763316 0.1589285 0.2983062 0.0000000 0.2784151 0.3098888 0.2993922 0.3095159 0.2996627 0.3086618 0.4499925 0.2999579 0.3198243 0.4489599 0.1630798 0.3100695 0.2833349 0.0238448 0.3034122 0.2782555 0.3899894 0.2986327 
n292_293   0.3736005 0.0033493 0.3310177 0.2175560 0.3604771 0.2784151 0.0000000 0.3793435 0.3794756 0.3729693 0.0784582 0.3717952 0.4905409 0.0273701 0.3554052 0.4687334 0.2174793 0.3736575 0.0067111 0.2527974 0.3779309 0.0033476 0.4413967 0.0899357 
n293_294   0.0203668 0.3729540 0.1256924 0.3085879 0.0308150 0.3098888 0.3793435 0.0000000 0.0135071 0.0203384 0.3736159 0.0378348 0.4628602 0.3925889 0.0821723 0.4760070 0.3136636 0.0033437 0.3726470 0.3207815 0.0414037 0.3732771 0.4158738 0.3920070 
n275_276   0.0203706 0.3730829 0.1257227 0.3086868 0.0308209 0.2993922 0.3794756 0.0135071 0.0000000 0.0203422 0.3737453 0.0378422 0.4641424 0.3927276 0.0821904 0.4773352 0.3137646 0.0169326 0.3727756 0.3101253 0.0414119 0.3734062 0.4163747 0.3921453 
n297_298   0.0066965 0.3666467 0.1337118 0.3029063 0.0378178 0.3095159 0.3729693 0.0203384 0.0203422 0.0000000 0.3672943 0.0448996 0.4492903 0.3860726 0.0820328 0.4759766 0.3079408 0.0237971 0.3663457 0.3203937 0.0485061 0.3669628 0.4216161 0.3855013 
n278_279   0.3679144 0.0746069 0.3148560 0.2270272 0.3549043 0.2996627 0.0784582 0.3736159 0.3737453 0.3672943 0.0000000 0.3661405 0.4767708 0.0939986 0.3431653 0.4829501 0.2269465 0.3679706 0.0860116 0.2732089 0.3722267 0.0822137 0.4495642 0.0308543 
n295_296   0.0449636 0.3654967 0.1211930 0.3073705 0.0203240 0.3086618 0.3717952 0.0378348 0.0378422 0.0448996 0.3661405 0.0000000 0.4548227 0.3848477 0.0743561 0.4678009 0.3124244 0.0413969 0.3651974 0.3140079 0.0100673 0.3658110 0.4210132 0.3842794 
n251_252   0.4500823 0.4903733 0.4344003 0.4132065 0.4486396 0.4499925 0.4905409 0.4628602 0.4641424 0.4492903 0.4767708 0.4548227 0.0000000 0.5211467 0.4558013 0.0666652 0.4122008 0.4631538 0.4970751 0.4432206 0.4614764 0.4902253 0.3593555 0.4912220 
n274_275   0.3867316 0.0238624 0.3432243 0.2271840 0.3733044 0.2999579 0.0273701 0.3925889 0.3927276 0.3860726 0.0939986 0.3848477 0.5211467 0.0000000 0.3681488 0.5056534 0.2271031 0.3867905 0.0343705 0.2734743 0.3911174 0.0308579 0.4697489 0.1057790 
n236_237   0.0821522 0.3492521 0.1336778 0.3184762 0.0669538 0.3198243 0.3554052 0.0821723 0.0821904 0.0820328 0.3431653 0.0743561 0.4558013 0.3681488 0.0000000 0.4752591 0.3236088 0.0860135 0.3489670 0.3252623 0.0781521 0.3495499 0.4350391 0.3606946 
n255_256   0.4768273 0.4755748 0.4531557 0.4195134 0.4615111 0.4489599 0.4687334 0.4760070 0.4773352 0.4759766 0.4829501 0.4678009 0.0666652 0.5056534 0.4752591 0.0000000 0.4184882 0.4763111 0.4750779 0.4422049 0.4745767 0.4684355 0.3357015 0.4897807 
n285_286   0.3084422 0.2171278 0.2601497 0.0100460 0.3020547 0.1630798 0.2174793 0.3136636 0.3137646 0.3079408 0.2269465 0.3124244 0.4122008 0.2271031 0.3236088 0.4184882 0.0000000 0.3138462 0.2219863 0.1417264 0.3071672 0.2173594 0.3357707 0.2369091 
n294_295   0.0238304 0.3673208 0.1298151 0.3087672 0.0343398 0.3100695 0.3736575 0.0033437 0.0169326 0.0237971 0.3679706 0.0413969 0.4631538 0.3867905 0.0860135 0.4763111 0.3138462 0.0000000 0.3787011 0.3209697 0.0449878 0.3793435 0.4161308 0.3862174 
n300_301   0.3669628 0.0100929 0.3248553 0.2220649 0.3539954 0.2833349 0.0067111 0.3726470 0.3727756 0.3663457 0.0860116 0.3651974 0.4970751 0.0343705 0.3489670 0.4750779 0.2219863 0.3787011 0.0000000 0.2575476 0.3712643 0.0033460 0.4403505 0.0976152 
n265_266   0.3209206 0.2523789 0.2609421 0.1376944 0.3035768 0.0238448 0.2527974 0.3207815 0.3101253 0.3203937 0.2732089 0.3140079 0.4432206 0.2734743 0.3252623 0.4422049 0.1417264 0.3209697 0.2575476 0.0000000 0.3087193 0.2526546 0.3777596 0.2722802 
n296_297   0.0485754 0.3715694 0.1211615 0.3021465 0.0237840 0.3034122 0.3779309 0.0414037 0.0414119 0.0485061 0.3722267 0.0100673 0.4614764 0.3911174 0.0781521 0.4745767 0.3071672 0.0449878 0.3712643 0.3087193 0.0000000 0.3718902 0.4210366 0.3905390 
n299_300   0.3675819 0.0067127 0.3253895 0.2174360 0.3545872 0.2782555 0.0033476 0.3732771 0.3734062 0.3669628 0.0822137 0.3658110 0.4902253 0.0308579 0.3495499 0.4684355 0.2173594 0.3793435 0.0033460 0.2526546 0.3718902 0.0000000 0.4411207 0.0937521 
n244_245   0.4223471 0.4412498 0.3703866 0.3360784 0.4019705 0.3899894 0.4413967 0.4158738 0.4163747 0.4216161 0.4495642 0.4210132 0.3593555 0.4697489 0.4350391 0.3357015 0.3357707 0.4161308 0.4403505 0.3777596 0.4210366 0.4411207 0.0000000 0.4494172 
n277_278   0.3861586 0.0860056 0.3316320 0.2369945 0.3727537 0.2986327 0.0899357 0.3920070 0.3921453 0.3855013 0.0308543 0.3842794 0.4912220 0.1057790 0.3606946 0.4897807 0.2369091 0.3862174 0.0976152 0.2722802 0.3905390 0.0937521 0.4494172 0.0000000 
