26
n277_278   0.0000000 2.3311808 2.7376879 2.1410267 2.6320985 0.4549240 2.7464981 2.6650405 0.1283974 0.4212626 1.9031471 2.6151715 2.4384758 2.1828632 2.0530284 0.4086272 0.3801570 2.5428958 2.6349464 1.9960355 1.6813527 1.9040245 2.4842083 3.1125679 2.5770512 0.4277433 
n286_287   2.3311808 0.0000000 1.9573028 0.0702917 2.5134258 2.1416042 3.0437837 1.9249475 2.5173727 2.1016688 1.6745849 1.8286762 2.3301662 1.5516651 2.0799358 1.9568403 2.1118327 2.0311105 2.2874954 2.2789432 0.9314914 0.9019892 1.8732956 4.7718174 1.6108625 2.0083535 
n296_297   2.7376879 1.9573028 0.0000000 1.8311127 0.1839594 2.3792717 2.7665477 0.3851827 2.6887311 2.2929435 0.7008763 0.3198367 0.1841863 0.3394179 0.9557510 2.3664642 2.5163372 0.0272685 0.1878041 2.4540453 1.8256321 2.0740598 0.3356220 3.2563918 0.3398254 2.2830104 
n285_286   2.1410267 0.0702917 1.8311127 0.0000000 2.2422930 2.1536136 3.0208188 1.8343212 2.4039608 2.1054640 1.7115724 1.7735242 2.1011612 1.4708618 2.2184154 1.9590496 2.1157270 1.8961043 2.1022097 2.2861958 0.9466567 0.9265406 1.8400248 9.0000000 1.4997161 2.0110946 
n289_290   2.6320985 2.5134258 0.1839594 2.2422930 0.0000000 2.4243780 3.2530695 0.4230265 2.6529252 2.3130869 0.7485295 0.3601535 0.0343521 0.3934025 1.0558018 2.3695544 2.4092828 0.1885823 0.0484094 2.5889078 1.9328846 2.0546073 0.3764140 3.9005454 0.4053550 2.2937603 
n274_275   0.4549240 2.1416042 2.3792717 2.1536136 2.4243780 0.0000000 2.3550814 2.5275584 0.4709386 0.1244252 1.8188691 2.5185245 2.5306568 2.5825897 2.4343828 0.1323273 0.1366207 2.4247463 2.4894052 4.6534740 1.7463501 1.7926816 2.5357949 2.5176536 2.9446675 0.1282930 
n255_256   2.7464981 3.0437837 2.7665477 3.0208188 3.2530695 2.3550814 0.0000000 3.9964004 2.4348021 2.3611566 2.9249619 8.9999987 3.0584653 2.7504042 2.2708421 2.2723154 2.2581032 3.2275195 3.0372835 2.0054126 2.8244557 2.7801243 8.9999986 0.3484768 2.5400610 2.2025864 
n275_276   2.6650405 1.9249475 0.3851827 1.8343212 0.4230265 2.5275584 3.9964004 0.0000000 2.3315557 2.5033310 0.6834087 0.1491720 0.4512645 0.1794033 1.0177701 2.4569939 2.4314782 0.3619159 0.4486571 2.9959149 1.9844919 2.2824249 0.1409067 3.9567884 0.1841052 2.3240877 
n278_279   0.1283974 2.5173727 2.6887311 2.4039608 2.6529252 0.4709386 2.4348021 2.3315557 0.0000000 0.4211093 1.9631510 2.3233903 2.4755678 2.0875155 2.3231109 0.4080176 0.4024623 2.4975974 2.6108634 2.5601119 1.7232188 2.1815698 2.2196015 2.6480991 2.4469720 0.4275882 
n299_300   0.4212626 2.1016688 2.2929435 2.1054640 2.3130869 0.1244252 2.3611566 2.5033310 0.4211093 0.0000000 1.8254681 2.4934691 2.4322546 2.6069629 2.0840771 0.0307353 0.0703009 2.2015187 2.3651456 3.3705733 1.6419457 1.7902324 2.5297074 2.4831783 3.0655114 0.0203374 
n236_237   1.9031471 1.6745849 0.7008763 1.7115724 0.7485295 1.8188691 2.9249619 0.6834087 1.9631510 1.8254681 0.0000000 0.6457841 0.7192056 0.6583303 0.7831197 1.6592844 1.6742763 0.6905128 0.7407418 3.4525275 1.6908690 1.8241470 0.6519225 8.9999982 0.7044006 1.8306387 
n293_294   2.6151715 1.8286762 0.3198367 1.7735242 0.3601535 2.5185245 8.9999987 0.1491720 2.3233903 2.4934691 0.6457841 0.0000000 0.3725002 0.1410582 0.9288495 2.3241798 2.4263092 0.3306998 0.3823086 2.4720011 2.0264450 2.2620019 0.0273105 8.9999988 0.1493919 2.3177374 
n290_291   2.4384758 2.3301662 0.1841863 2.1011612 0.0343521 2.5306568 3.0584653 0.4512645 2.4755678 2.4322546 0.7192056 0.3725002 0.0000000 0.4191702 1.0182030 2.5503990 2.5968695 0.1934485 0.0557003 2.3734505 2.0223363 2.1932305 0.3952216 3.5855068 0.4261340 2.5269841 
n297_298   2.1828632 1.5516651 0.3394179 1.4708618 0.3934025 2.5825897 2.7504042 0.1794033 2.0875155 2.6069629 0.6583303 0.1410582 0.4191702 0.0000000 0.9208813 2.4225809 2.4300479 0.3502756 0.4109109 2.4035712 1.7198527 1.8720519 0.1407278 3.3871223 0.0307184 2.4152037 
n200_201   2.0530284 2.0799358 0.9557510 2.2184154 1.0558018 2.4343828 2.2708421 1.0177701 2.3231109 2.0840771 0.7831197 0.9288495 1.0182030 0.9208813 0.0000000 2.0059615 2.1574266 1.0067938 1.0334552 2.2250118 2.3906599 2.9930435 0.9274009 2.1529242 0.9605386 2.1484615 
n292_293   0.4086272 1.9568403 2.3664642 1.9590496 2.3695544 0.1323273 2.2723154 2.4569939 0.4080176 0.0307353 1.6592844 2.3241798 2.5503990 2.4225809 2.0059615 0.0000000 0.0739151 2.2026520 2.4252835 3.3245356 1.6437175 1.8022323 2.3567185 2.6136966 2.7754831 0.0342273 
n280_281   0.3801570 2.1118327 2.5163372 2.1157270 2.4092828 0.1366207 2.2581032 2.4314782 0.4024623 0.0703009 1.6742763 2.4263092 2.5968695 2.4300479 2.1574266 0.0739151 0.0000000 2.3313653 2.4671054 3.9224708 1.7535609 1.8831022 2.4019333 2.5244473 2.8837757 0.0739899 
n295_296   2.5428958 2.0311105 0.0272685 1.8961043 0.1885823 2.4247463 3.2275195 0.3619159 2.4975974 2.2015187 0.6905128 0.3306998 0.1934485 0.3502756 1.0067938 2.2026520 2.3313653 0.0000000 0.1882089 2.7532721 1.8966620 2.1241396 0.3357655 3.2958152 0.3560445 2.1323590 
n287_288   2.6349464 2.2874954 0.1878041 2.1022097 0.0484094 2.4894052 3.0372835 0.4486571 2.6108634 2.3651456 0.7407418 0.3823086 0.0557003 0.4109109 1.0334552 2.4252835 2.4671054 0.1882089 0.0000000 2.6682812 1.8523986 1.9683966 0.4052578 3.4363348 0.4231435 2.3443744 
n244_245   1.9960355 2.2789432 2.4540453 2.2861958 2.5889078 4.6534740 2.0054126 2.9959149 2.5601119 3.3705733 3.4525275 2.4720011 2.3734505 2.4035712 2.2250118 3.3245356 3.9224708 2.7532721 2.6682812 0.0000000 2.0061182 2.0779292 2.3931893 2.4969837 2.4392186 4.0305339 
n265_266   1.6813527 0.9314914 1.8256321 0.9466567 1.9328846 1.7463501 2.8244557 1.9844919 1.7232188 1.6419457 1.6908690 2.0264450 2.0223363 1.7198527 2.3906599 1.6437175 1.7535609 1.8966620 1.8523986 2.0061182 0.0000000 0.1577282 2.0882719 8.9999983 1.7802914 1.7063292 
n266_267   1.9040245 0.9019892 2.0740598 0.9265406 2.0546073 1.7926816 2.7801243 2.2824249 2.1815698 1.7902324 1.8241470 2.2620019 2.1932305 1.8720519 2.9930435 1.8022323 1.8831022 2.1241396 1.9683966 2.0779292 0.1577282 0.0000000 2.4811249 3.6814608 2.0128609 1.8616411 
n294_295   2.4842083 1.8732956 0.3356220 1.8400248 0.3764140 2.5357949 8.9999986 0.1409067 2.2196015 2.5297074 0.6519225 0.0273105 0.3952216 0.1407278 0.9274009 2.3567185 2.4019333 0.3357655 0.4052578 2.3931893 2.0882719 2.4811249 0.0000000 8.9999989 0.1490407 2.3500151 
n251_252   3.1125679 4.7718174 3.2563918 9.0000000 3.9005454 2.5176536 0.3484768 3.9567884 2.6480991 2.4831783 8.9999982 8.9999988 3.5855068 3.3871223 2.1529242 2.6136966 2.5244473 3.2958152 3.4363348 2.4969837 8.9999983 3.6814608 8.9999989 0.0000000 3.2696322 2.3112656 
n298_299   2.5770512 1.6108625 0.3398254 1.4997161 0.4053550 2.9446675 2.5400610 0.1841052 2.4469720 3.0655114 0.7044006 0.1493919 0.4261340 0.0307184 0.9605386 2.7754831 2.8837757 0.3560445 0.4231435 2.4392186 1.7802914 2.0128609 0.1490407 3.2696322 0.0000000 2.7907951 
n300_301   0.4277433 2.0083535 2.2830104 2.0110946 2.2937603 0.1282930 2.2025864 2.3240877 0.4275882 0.0203374 1.8306387 2.3177374 2.5269841 2.4152037 2.1484615 0.0342273 0.0739899 2.1323590 2.3443744 4.0305339 1.7063292 1.8616411 2.3500151 2.3112656 2.7907951 0.0000000 
