26
n277_278   0.0000000 1.9069820 1.8044156 1.8059180 1.6553878 0.4854498 2.2243112 1.6649991 0.1241435 0.5012783 1.5960334 1.7247855 1.8091123 1.9820948 2.0856156 0.5017978 0.4724440 1.7764730 1.7785257 2.7415453 1.6715031 1.5334003 1.7587419 2.1655251 1.9300531 0.4741907 
n286_287   1.9069820 0.0000000 1.9708403 0.0669332 2.0222628 1.9657203 9.0000000 1.7566625 2.1239741 2.1742936 2.1378024 1.6399246 1.9431948 1.6901195 1.6425153 2.1327282 1.7859959 1.9246875 1.9576176 2.1357843 1.1350227 1.0622063 1.5726848 4.0128786 1.6518440 1.9999175 
n296_297   1.8044156 1.9708403 0.0000000 1.7391717 0.1831893 1.7419073 2.7346772 0.3424858 1.8411625 1.8284054 0.5600145 0.3259891 0.1876841 0.3548245 1.0146908 1.7872050 1.8502573 0.0448927 0.1920387 2.6845101 1.6477448 2.0002309 0.3366387 2.3298448 0.3435596 1.7867262 
n285_286   1.8059180 0.0669332 1.7391717 0.0000000 1.7201935 1.8325732 9.0000000 1.6961700 1.9286321 2.0757283 2.0082758 1.6435159 1.6613123 1.6883397 1.6653391 2.0271852 1.7774590 1.7790707 1.6746029 1.9423069 1.1056265 1.0229141 1.5757783 8.9999989 1.6741815 1.8722056 
n289_290   1.6553878 2.0222628 0.1831893 1.7201935 0.0000000 1.7710713 3.1467962 0.3588377 1.7996244 1.8185630 0.5751217 0.3368699 0.0342577 0.3771872 1.0245793 1.8390019 1.7936421 0.2010503 0.0449655 2.4784892 1.4842199 1.8262396 0.3420055 2.6683341 0.3828941 1.7774337 
n274_275   0.4854498 1.9657203 1.7419073 1.8325732 1.7710713 0.0000000 2.4818082 1.5249014 0.4975285 0.1608005 1.7236310 1.4995167 1.7756892 1.5643654 1.9379242 0.1399303 0.1480415 1.6760059 1.7444786 2.9594788 1.7131518 1.5365647 1.4293032 2.9053602 1.7009511 0.1358225 
n255_256   2.2243112 9.0000000 2.7346772 9.0000000 3.1467962 2.4818082 0.0000000 3.4359679 1.9256376 2.3079459 2.3838529 3.4126494 3.0193193 4.1234304 3.3929207 2.5949768 2.3945333 2.7756863 2.8523497 2.4527979 9.0000000 9.0000000 4.0664683 0.3146091 3.9100914 2.4442760 
n275_276   1.6649991 1.7566625 0.3424858 1.6961700 0.3588377 1.5249014 3.4359679 0.0000000 1.6818211 1.6475551 0.5851017 0.1048616 0.3647799 0.1749896 1.0720254 1.6381835 1.5335674 0.3539393 0.3473667 3.5987986 1.5748399 1.7781548 0.1205608 2.8237549 0.1792073 1.5622895 
n278_279   0.1241435 2.1239741 1.8411625 1.9286321 1.7996244 0.4975285 1.9256376 1.6818211 0.0000000 0.5063039 1.6222470 1.7077566 1.9344369 1.8718085 1.8561186 0.5068315 0.4703213 1.7423000 1.8999227 3.1043291 1.6376557 1.4605403 1.8513158 1.9610162 1.8611394 0.4790933 
n299_300   0.5012783 2.1742936 1.8284054 2.0757283 1.8185630 0.1608005 2.3079459 1.6475551 0.5063039 0.0000000 1.5499145 1.7423222 1.8643922 1.6198286 1.8613273 0.0411335 0.1158295 1.7868407 1.7905968 3.6917205 2.0747273 1.7268711 1.6863418 3.0676501 1.7729629 0.0202474 
n236_237   1.5960334 2.1378024 0.5600145 2.0082758 0.5751217 1.7236310 2.3838529 0.5851017 1.6222470 1.5499145 0.0000000 0.6451077 0.5908598 0.6132402 0.9681784 1.5401105 1.5075750 0.5995068 0.5831263 1.9878980 1.7655292 1.5712250 0.6357177 2.3533925 0.6057581 1.5193821 
n293_294   1.7247855 1.6399246 0.3259891 1.6435159 0.3368699 1.4995167 3.4126494 0.1048616 1.7077566 1.7423222 0.6451077 0.0000000 0.3373032 0.1499512 1.0175731 1.7001124 1.5339025 0.3538032 0.3258673 3.2756303 1.4632691 1.6978759 0.0378266 2.9952871 0.1582016 1.6193896 
n290_291   1.8091123 1.9431948 0.1876841 1.6613123 0.0342577 1.7756892 3.0193193 0.3647799 1.9344369 1.8643922 0.5908598 0.3373032 0.0000000 0.3720444 1.0732604 1.8858579 1.8374856 0.2056776 0.0521477 2.3604678 1.5246708 1.8856296 0.3480542 2.5574367 0.3777231 1.8208888 
n297_298   1.9820948 1.6901195 0.3548245 1.6883397 0.3771872 1.5643654 4.1234304 0.1749896 1.8718085 1.6198286 0.6132402 0.1499512 0.3720444 0.0000000 1.1239804 1.5621852 1.6444891 0.3785806 0.3591123 5.3770674 1.7544964 1.9625121 0.1711402 3.3668610 0.0308402 1.5643706 
n200_201   2.0856156 1.6425153 1.0146908 1.6653391 1.0245793 1.9379242 3.3929207 1.0720254 1.8561186 1.8613273 0.9681784 1.0175731 1.0732604 1.1239804 0.0000000 1.7804806 1.9073021 1.0860504 1.0699036 2.4071728 2.1158945 2.1146889 1.0308831 2.7829726 1.1066409 1.8268411 
n292_293   0.5017978 2.1327282 1.7872050 2.0271852 1.8390019 0.1399303 2.5949768 1.6381835 0.5068315 0.0411335 1.5401105 1.7001124 1.8858579 1.5621852 1.7804806 0.0000000 0.1001996 1.7470403 1.8106303 3.4394097 1.8820111 1.5937075 1.6472100 3.2318900 1.7051514 0.0271053 
n280_281   0.4724440 1.7859959 1.8502573 1.7774590 1.7936421 0.1480415 2.3945333 1.5335674 0.4703213 0.1158295 1.5075750 1.5339025 1.8374856 1.6444891 1.9073021 0.1001996 0.0000000 1.7770346 1.7311865 3.1971931 1.8477476 1.5999146 1.5113583 2.8008674 1.7676195 0.0924584 
n295_296   1.7764730 1.9246875 0.0448927 1.7790707 0.2010503 1.6760059 2.7756863 0.3539393 1.7423000 1.7868407 0.5995068 0.3538032 0.2056776 0.3785806 1.0860504 1.7470403 1.7770346 0.0000000 0.2145500 2.7703264 1.6593642 2.0226228 0.3593795 2.3049678 0.3726365 1.7175889 
n287_288   1.7785257 1.9576176 0.1920387 1.6746029 0.0449655 1.7444786 2.8523497 0.3473667 1.8999227 1.7905968 0.5831263 0.3258673 0.0521477 0.3591123 1.0699036 1.8106303 1.7311865 0.2145500 0.0000000 2.2989465 1.4248603 1.7421832 0.3364453 2.2828078 0.3646797 1.7504776 
n244_245   2.7415453 2.1357843 2.6845101 1.9423069 2.4784892 2.9594788 2.4527979 3.5987986 3.1043291 3.6917205 1.9878980 3.2756303 2.3604678 5.3770674 2.4071728 3.4394097 3.1971931 2.7703264 2.2989465 0.0000000 2.4038246 2.4346568 3.3428210 2.2021119 3.8479007 3.4345249 
n265_266   1.6715031 1.1350227 1.6477448 1.1056265 1.4842199 1.7131518 9.0000000 1.5748399 1.6376557 2.0747273 1.7655292 1.4632691 1.5246708 1.7544964 2.1158945 1.8820111 1.8477476 1.6593642 1.4248603 2.4038246 0.0000000 0.1049942 1.4329017 9.0000000 1.7149703 1.9061136 
n266_267   1.5334003 1.0622063 2.0002309 1.0229141 1.8262396 1.5365647 9.0000000 1.7781548 1.4605403 1.7268711 1.5712250 1.6978759 1.8856296 1.9625121 2.1146889 1.5937075 1.5999146 2.0226228 1.7421832 2.4346568 0.1049942 0.0000000 1.6567635 4.4539624 1.9033333 1.6070914 
n294_295   1.7587419 1.5726848 0.3366387 1.5757783 0.3420055 1.4293032 4.0664683 0.1205608 1.8513158 1.6863418 0.6357177 0.0378266 0.3480542 0.1711402 1.0308831 1.6472100 1.5113583 0.3593795 0.3364453 3.3428210 1.4329017 1.6567635 0.0000000 3.4797312 0.1796154 1.5715739 
n251_252   2.1655251 4.0128786 2.3298448 8.9999989 2.6683341 2.9053602 0.3146091 2.8237549 1.9610162 3.0676501 2.3533925 2.9952871 2.5574367 3.3668610 2.7829726 3.2318900 2.8008674 2.3049678 2.2828078 2.2021119 9.0000000 4.4539624 3.4797312 0.0000000 3.2095272 3.0979692 
n298_299   1.9300531 1.6518440 0.3435596 1.6741815 0.3828941 1.7009511 3.9100914 0.1792073 1.8611394 1.7729629 0.6057581 0.1582016 0.3777231 0.0308402 1.1066409 1.7051514 1.7676195 0.3726365 0.3646797 3.8479007 1.7149703 1.9033333 0.1796154 3.2095272 0.0000000 1.7078092 
n300_301   0.4741907 1.9999175 1.7867262 1.8722056 1.7774337 0.1358225 2.4442760 1.5622895 0.4790933 0.0202474 1.5193821 1.6193896 1.8208888 1.5643706 1.8268411 0.0271053 0.0924584 1.7175889 1.7504776 3.4345249 1.9061136 1.6070914 1.5715739 3.0979692 1.7078092 0.0000000 
