26
n277_278   0.0000000 2.1237478 2.4682445 2.1324475 2.6726795 0.4732816 3.5259357 2.3130906 0.1090817 0.5021327 3.1060836 2.5916899 2.9545062 2.8880955 1.8498785 0.5018447 0.4407107 2.5387924 3.1018253 3.0320055 2.7011782 2.5811998 2.7262164 2.3280992 2.9373617 0.4886291 
n286_287   2.1237478 0.0000000 2.6884145 0.0664040 2.5672975 2.1078545 4.6801590 2.5688060 2.0997526 2.2818349 3.3193921 2.7816526 2.5707902 2.1436319 1.6813226 2.2767303 2.1178203 2.6232193 2.5801889 2.6096037 1.0549659 1.0756177 2.6241639 3.7569126 2.0973012 2.4026443 
n296_297   2.4682445 2.6884145 0.0000000 2.5185802 0.1807751 1.6512988 3.4891791 0.3137353 2.6189727 1.9187723 0.7201771 0.3537779 0.1766539 0.3471118 1.0028756 1.8132968 1.7963783 0.0169423 0.1721077 9.0000000 2.1398564 2.2727298 0.3308836 6.7474624 0.3760986 1.8817348 
n285_286   2.1324475 0.0664040 2.5185802 0.0000000 2.4097614 2.0895130 3.7092944 2.3647209 2.2005304 2.2057905 2.9594463 2.5459624 2.3564465 2.0971572 1.8718512 2.2038967 2.2551866 2.4616937 2.4317108 2.8874172 1.0083227 1.0315276 2.5558333 3.9804922 2.1402961 2.3797247 
n289_290   2.6726795 2.5672975 0.1807751 2.4097614 0.0000000 1.8873326 2.5470755 0.3416590 2.7540513 2.0416263 0.8037973 0.3711262 0.0379268 0.3487492 0.9837742 2.1399443 2.0599716 0.1807471 0.0523152 9.0000000 2.1078074 1.9343746 0.3595684 3.3055711 0.3834221 2.0960557 
n274_275   0.4732816 2.1078545 1.6512988 2.0895130 1.8873326 0.0000000 2.9299669 2.2424459 0.5149060 0.1623954 2.7107087 2.6361880 1.9346094 2.5414390 2.1775981 0.1622502 0.1329394 1.6817130 1.9786415 3.5723495 2.7437591 3.2132364 2.4255099 2.3489364 2.6562290 0.1667138 
n255_256   3.5259357 4.6801590 3.4891791 3.7092944 2.5470755 2.9299669 0.0000000 4.0964191 9.0000000 2.4601880 4.4247793 4.8899921 2.7785955 3.8044107 5.9903444 2.4870841 2.2857198 3.4368725 2.7034852 2.5820768 2.9846512 3.3817443 4.7313367 0.3334002 3.6587347 2.4634637 
n275_276   2.3130906 2.5688060 0.3137353 2.3647209 0.3416590 2.2424459 4.0964191 0.0000000 2.6458907 2.4742033 0.6737912 0.0973516 0.3423534 0.1094712 1.0519723 2.4642579 2.1231769 0.3248095 0.3478961 8.4130528 2.0093778 1.8072059 0.0856901 7.0272580 0.1296725 2.4134253 
n278_279   0.1090817 2.0997526 2.6189727 2.2005304 2.7540513 0.5149060 9.0000000 2.6458907 0.0000000 0.5231735 4.4843026 3.0453756 3.1704646 3.2540146 2.0164577 0.5305130 0.4736288 2.5556662 3.0586360 2.6232910 3.4925373 3.0330732 3.2400552 2.9580635 3.1092073 0.5092887 
n299_300   0.5021327 2.2818349 1.9187723 2.2057905 2.0416263 0.1623954 2.4601880 2.4742033 0.5231735 0.0000000 3.5490785 2.4708465 2.0002793 2.4978891 2.5059668 0.0412922 0.1088322 1.9590619 2.0518493 2.8629782 2.8092945 3.0961773 2.4716727 2.3069235 2.7614218 0.0237669 
n236_237   3.1060836 3.3193921 0.7201771 2.9594463 0.8037973 2.7107087 4.4247793 0.6737912 4.4843026 3.5490785 0.0000000 0.7127882 0.8170717 0.7034081 0.9439370 3.2728608 2.9476535 0.7400515 0.7842673 4.7618365 2.5506265 2.9021404 0.7317568 3.8645293 0.7325257 3.5858533 
n293_294   2.5916899 2.7816526 0.3537779 2.5459624 0.3711262 2.6361880 4.8899921 0.0973516 3.0453756 2.4708465 0.7127882 0.0000000 0.3657982 0.1380543 1.1156556 2.7851429 2.4578802 0.3655596 0.3776704 9.0000000 2.0306491 1.9101989 0.0379295 7.6616222 0.1591882 2.6267044 
n290_291   2.9545062 2.5707902 0.1766539 2.3564465 0.0379268 1.9346094 2.7785955 0.3423534 3.1704646 2.0002793 0.8170717 0.3657982 0.0000000 0.3374441 1.0115021 2.0943696 2.0666109 0.1677526 0.0379866 9.0000000 2.1075823 2.0117645 0.3603068 3.1641236 0.3719006 2.0936412 
n297_298   2.8880955 2.1436319 0.3471118 2.0971572 0.3487492 2.5414390 3.8044107 0.1094712 3.2540146 2.4978891 0.7034081 0.1380543 0.3374441 0.0000000 1.1167315 2.7253064 2.3248386 0.3414645 0.3489655 4.4644090 1.7982908 1.7022086 0.1214735 3.3863888 0.0272741 2.3744774 
n200_201   1.8498785 1.6813226 1.0028756 1.8718512 0.9837742 2.1775981 5.9903444 1.0519723 2.0164577 2.5059668 0.9439370 1.1156556 1.0115021 1.1167315 0.0000000 2.3948472 2.2100086 0.9892277 0.9825326 2.3703165 1.7834514 1.9616210 1.1670441 3.5437515 1.1132060 2.5747339 
n292_293   0.5018447 2.2767303 1.8132968 2.2038967 2.1399443 0.1622502 2.4870841 2.4642579 0.5305130 0.0412922 3.2728608 2.7851429 2.0943696 2.7253064 2.3948472 0.0000000 0.1167761 1.8494615 2.1512900 3.1831395 3.2056586 3.4591286 2.5399740 2.3429982 3.0516252 0.0448612 
n280_281   0.4407107 2.1178203 1.7963783 2.2551866 2.0599716 0.1329394 2.2857198 2.1231769 0.4736288 0.1088322 2.9476535 2.4578802 2.0666109 2.3248386 2.2100086 0.1167761 0.0000000 1.8321029 2.0704753 2.8672701 2.8560980 3.1922474 2.2257508 1.8725600 2.5506235 0.1209338 
n295_296   2.5387924 2.6232193 0.0169423 2.4616937 0.1807471 1.6817130 3.4368725 0.3248095 2.5556662 1.9590619 0.7400515 0.3655596 0.1677526 0.3414645 0.9892277 1.8494615 1.8321029 0.0000000 0.1720812 9.0000000 2.1793180 2.3148160 0.3422600 5.0207195 0.3702145 1.9566240 
n287_288   3.1018253 2.5801889 0.1721077 2.4317108 0.0523152 1.9786415 2.7034852 0.3478961 3.0586360 2.0518493 0.7842673 0.3776704 0.0379866 0.3489655 0.9825326 2.1512900 2.0704753 0.1720812 0.0000000 9.0000000 2.0576594 1.8940973 0.3659940 3.4610196 0.3777861 2.1069189 
n244_245   3.0320055 2.6096037 9.0000000 2.8874172 9.0000000 3.5723495 2.5820768 8.4130528 2.6232910 2.8629782 4.7618365 9.0000000 9.0000000 4.4644090 2.3703165 3.1831395 2.8672701 9.0000000 9.0000000 0.0000000 3.5082462 5.5618214 8.9417478 2.6091013 4.6786053 2.9316256 
n265_266   2.7011782 1.0549659 2.1398564 1.0083227 2.1078074 2.7437591 2.9846512 2.0093778 3.4925373 2.8092945 2.5506265 2.0306491 2.1075823 1.7982908 1.7834514 3.2056586 2.8560980 2.1793180 2.0576594 3.5082462 0.0000000 0.1804052 2.1684018 3.0280022 1.7998615 2.7920943 
n266_267   2.5811998 1.0756177 2.2727298 1.0315276 1.9343746 3.2132364 3.3817443 1.8072059 3.0330732 3.0961773 2.9021404 1.9101989 2.0117645 1.7022086 1.9616210 3.4591286 3.1922474 2.3148160 1.8940973 5.5618214 0.1804052 0.0000000 1.9041673 4.6541186 1.6378437 2.8512155 
n294_295   2.7262164 2.6241639 0.3308836 2.5558333 0.3595684 2.4255099 4.7313367 0.0856901 3.2400552 2.4716727 0.7317568 0.0379295 0.3603068 0.1214735 1.1670441 2.5399740 2.2257508 0.3422600 0.3659940 8.9417478 2.1684018 1.9041673 0.0000000 5.2369383 0.1420466 2.4117992 
n251_252   2.3280992 3.7569126 6.7474624 3.9804922 3.3055711 2.3489364 0.3334002 7.0272580 2.9580635 2.3069235 3.8645293 7.6616222 3.1641236 3.3863888 3.5437515 2.3429982 1.8725600 5.0207195 3.4610196 2.6091013 3.0280022 4.6541186 5.2369383 0.0000000 3.2769343 2.1997948 
n298_299   2.9373617 2.0973012 0.3760986 2.1402961 0.3834221 2.6562290 3.6587347 0.1296725 3.1092073 2.7614218 0.7325257 0.1591882 0.3719006 0.0272741 1.1132060 3.0516252 2.5506235 0.3702145 0.3777861 4.6786053 1.7998615 1.6378437 0.1420466 3.2769343 0.0000000 2.6099964 
n300_301   0.4886291 2.4026443 1.8817348 2.3797247 2.0960557 0.1667138 2.4634637 2.4134253 0.5092887 0.0237669 3.5858533 2.6267044 2.0936412 2.3744774 2.5747339 0.0448612 0.1209338 1.9566240 2.1069189 2.9316256 2.7920943 2.8512155 2.4117992 2.1997948 2.6099964 0.0000000 
