26
n289_290   0.0000000 0.0555643 0.0203200 0.3240898 0.3028865 0.0447643 0.0067068 0.3030951 0.4678288 0.0447888 0.3345212 0.0168899 0.3079061 0.4954328 0.3238158 0.0168837 0.1603175 0.3345759 0.0483117 0.1400619 0.3130957 0.3394151 0.0447626 0.4550511 0.3079737 0.3291777 
n294_295   0.0555643 0.0000000 0.0483910 0.3349658 0.2930368 0.0307038 0.0483871 0.2932359 0.4617328 0.0100859 0.3401224 0.0448156 0.2979949 0.4762323 0.3136883 0.0591856 0.1604339 0.3242993 0.0341880 0.1442553 0.3031170 0.3344137 0.0307029 0.4552359 0.2980599 0.3242333 
n295_296   0.0203200 0.0483910 0.0000000 0.3138016 0.2929002 0.0377030 0.0134849 0.2930991 0.4430069 0.0377237 0.3292254 0.0033466 0.2978555 0.4825117 0.3135398 0.0237642 0.1520614 0.3241444 0.0412187 0.1320100 0.3029747 0.3289312 0.0377017 0.4366866 0.2979204 0.3188259 
n266_267   0.3240898 0.3349658 0.3138016 0.0000000 0.2443962 0.3240297 0.3137715 0.2539662 0.4137985 0.3294378 0.0307120 0.3085920 0.2490424 0.4828372 0.2540636 0.3136693 0.2836746 0.2732793 0.3187253 0.3464503 0.2538240 0.1439768 0.3187414 0.4255276 0.2490951 0.1440313 
n299_300   0.3028865 0.2930368 0.2929002 0.2443962 0.0000000 0.2778016 0.2928725 0.0066852 0.4303304 0.2828659 0.2490461 0.2878479 0.0033330 0.4011211 0.0553491 0.2928128 0.2492033 0.0736183 0.2680497 0.2983614 0.0066828 0.2486783 0.2728911 0.4239463 0.0033336 0.2487790 
n298_299   0.0447643 0.0307038 0.0377030 0.3240297 0.2778016 0.0000000 0.0376999 0.2779861 0.4421852 0.0203120 0.3291108 0.0341858 0.2826568 0.4562327 0.2979922 0.0412240 0.1437448 0.3083568 0.0100746 0.1279110 0.2876667 0.3233517 0.0203003 0.4358807 0.2827178 0.3133236 
n290_291   0.0067068 0.0483871 0.0134849 0.3137715 0.2928725 0.0376999 0.0000000 0.2930713 0.4553486 0.0377206 0.3240619 0.0100879 0.2978272 0.4824601 0.3135097 0.0100843 0.1520481 0.3241131 0.0412153 0.1319985 0.3029458 0.3288994 0.0376986 0.4427879 0.2978922 0.3187952 
n274_275   0.3030951 0.2932359 0.2930991 0.2539662 0.0066852 0.2779861 0.2930713 0.0000000 0.4428241 0.2830552 0.2586785 0.2880419 0.0100495 0.4131061 0.0553757 0.2930116 0.2493622 0.0736545 0.2682252 0.2985657 0.0134336 0.2582919 0.2730710 0.4363097 0.0100514 0.2583972 
n251_252   0.4678288 0.4617328 0.4430069 0.4137985 0.4303304 0.4421852 0.4553486 0.4428241 0.0000000 0.4488057 0.4254357 0.4490704 0.4362779 0.3446439 0.4676630 0.4614827 0.4127898 0.4807731 0.4423639 0.4956304 0.4363368 0.3951324 0.4485483 0.0553163 0.4363820 0.3839241 
n293_294   0.0447888 0.0100859 0.0377237 0.3294378 0.2828659 0.0203120 0.0377206 0.2830552 0.4488057 0.0000000 0.3345544 0.0342046 0.2877543 0.4630040 0.3032050 0.0483539 0.1479215 0.3136486 0.0237472 0.1319993 0.2928003 0.3236229 0.0203115 0.4424369 0.2878166 0.3135881 
n265_266   0.3345212 0.3401224 0.3292254 0.0307120 0.2490461 0.3291108 0.3240619 0.2586785 0.4254357 0.3345544 0.0000000 0.3239067 0.2537203 0.4823820 0.2491695 0.3239557 0.2833908 0.2682439 0.3237698 0.3626113 0.2585325 0.1357790 0.3237856 0.4312256 0.2537741 0.1358302 
n296_297   0.0168899 0.0448156 0.0033466 0.3085920 0.2878479 0.0341858 0.0100879 0.2880419 0.4490704 0.0342046 0.3239067 0.0000000 0.2927695 0.4759327 0.3083363 0.0203168 0.1479154 0.3188600 0.0376847 0.1279717 0.2978519 0.3236191 0.0341847 0.4426947 0.2928331 0.3135829 
n300_301   0.3079061 0.2979949 0.2978555 0.2490424 0.0033330 0.2826568 0.2978272 0.0100495 0.4362779 0.2877543 0.2537203 0.2927695 0.0000000 0.4068441 0.0589434 0.2977663 0.2538797 0.0773050 0.2728418 0.3033559 0.0100460 0.2533436 0.2777133 0.4298358 0.0066816 0.2534465 
n244_245   0.4954328 0.4762323 0.4825117 0.4828372 0.4011211 0.4562327 0.4824601 0.4131061 0.3446439 0.4630040 0.4823820 0.4759327 0.4068441 0.0000000 0.4308467 0.4953727 0.4083004 0.4371239 0.4564186 0.4764170 0.4128026 0.4690710 0.4564161 0.3502414 0.4069393 0.4505508 
n278_279   0.3238158 0.3136883 0.3135398 0.2540636 0.0553491 0.2979922 0.3135097 0.0553757 0.4676630 0.3032050 0.2491695 0.3083363 0.0589434 0.4308467 0.0000000 0.3134446 0.2635856 0.0306037 0.2879576 0.3087113 0.0625780 0.2535271 0.2929336 0.4608947 0.0589545 0.2536301 
n287_288   0.0168837 0.0591856 0.0237642 0.3136693 0.2928128 0.0412240 0.0100843 0.2930116 0.4614827 0.0483539 0.3239557 0.0203168 0.2977663 0.4953727 0.3134446 0.0000000 0.1520035 0.3240451 0.0447553 0.1400530 0.3028836 0.3287914 0.0483256 0.4488177 0.2978312 0.3186912 
n200_201   0.1603175 0.1604339 0.1520614 0.2836746 0.2492033 0.1437448 0.1520481 0.2493622 0.4127898 0.1479215 0.2833908 0.1479154 0.2538797 0.4083004 0.2635856 0.1520035 0.0000000 0.2782440 0.1396551 0.1648757 0.2586940 0.2879357 0.1478279 0.3949170 0.2539335 0.2831116 
n277_278   0.3345759 0.3242993 0.3241444 0.2732793 0.0736183 0.3083568 0.3241131 0.0736545 0.4807731 0.3136486 0.2682439 0.3188600 0.0773050 0.4371239 0.0306037 0.3240451 0.2782440 0.0000000 0.2981711 0.3192440 0.0810401 0.2726894 0.3032188 0.4738581 0.0773197 0.2728015 
n297_298   0.0483117 0.0341880 0.0412187 0.3187253 0.2680497 0.0100746 0.0412153 0.2682252 0.4423639 0.0237472 0.3237698 0.0376847 0.2728418 0.4564186 0.2879576 0.0447553 0.1396551 0.2981711 0.0000000 0.1318733 0.2777829 0.3180623 0.0237335 0.4360562 0.2729004 0.3081051 
n236_237   0.1400619 0.1442553 0.1320100 0.3464503 0.2983614 0.1279110 0.1319985 0.2985657 0.4956304 0.1319993 0.3626113 0.1279717 0.3033559 0.4764170 0.3087113 0.1400530 0.1648757 0.3192440 0.1318733 0.0000000 0.3085178 0.3675214 0.1319165 0.4949791 0.3034223 0.3511125 
n280_281   0.3130957 0.3031170 0.3029747 0.2538240 0.0066828 0.2876667 0.3029458 0.0134336 0.4363368 0.2928003 0.2585325 0.2978519 0.0100460 0.4128026 0.0625780 0.3028836 0.2586940 0.0810401 0.2777829 0.3085178 0.0000000 0.2485688 0.2826871 0.4298936 0.0100478 0.2486694 
n285_286   0.3394151 0.3344137 0.3289312 0.1439768 0.2486783 0.3233517 0.3288994 0.2582919 0.3951324 0.3236229 0.1357790 0.3236191 0.2533436 0.4690710 0.2535271 0.3287914 0.2879357 0.2726894 0.3180623 0.3675214 0.2485688 0.0000000 0.3180784 0.3949056 0.2533973 0.0134764 
n275_276   0.0447626 0.0307029 0.0377017 0.3187414 0.2728911 0.0203003 0.0376986 0.2730710 0.4485483 0.0203115 0.3237856 0.0341847 0.2777133 0.4564161 0.2929336 0.0483256 0.1478279 0.3032188 0.0237335 0.1319165 0.2826871 0.3180784 0.0000000 0.4421843 0.2777730 0.3081217 
n255_256   0.4550511 0.4552359 0.4366866 0.4255276 0.4239463 0.4358807 0.4427879 0.4363097 0.0553163 0.4424369 0.4312256 0.4426947 0.4298358 0.3502414 0.4608947 0.4488177 0.3949170 0.4738581 0.4360562 0.4949791 0.4298936 0.3949056 0.4421843 0.0000000 0.4299378 0.3837102 
n292_293   0.3079737 0.2980599 0.2979204 0.2490951 0.0033336 0.2827178 0.2978922 0.0100514 0.4363820 0.2878166 0.2537741 0.2928331 0.0066816 0.4069393 0.0589545 0.2978312 0.2539335 0.0773197 0.2729004 0.3034223 0.0100478 0.2533973 0.2777730 0.4299378 0.0000000 0.2535002 
n286_287   0.3291777 0.3242333 0.3188259 0.1440313 0.2487790 0.3133236 0.3187952 0.2583972 0.3839241 0.3135881 0.1358302 0.3135829 0.2534465 0.4505508 0.2536301 0.3186912 0.2831116 0.2728015 0.3081051 0.3511125 0.2486694 0.0134764 0.3081217 0.3837102 0.2535002 0.0000000 
