23
n298_299   0.0000000 0.3750109 0.1721572 0.3064588 0.0446927 0.2919145 0.3536960 0.0202946 0.0236991 0.0033381 0.3933605 0.0481934 0.4623090 0.3644286 0.1153053 0.4681186 0.3064588 0.0168662 0.3533264 0.2770483 0.0517569 0.4704036 0.3880073 
n280_281   0.3750109 0.0000000 0.3214429 0.2669758 0.3591212 0.2623021 0.0203061 0.3702752 0.3694081 0.3805657 0.0699585 0.3529522 0.4430535 0.0203061 0.3482004 0.4418495 0.2620902 0.3645931 0.0203033 0.2622091 0.3473925 0.4749484 0.0627219 
n200_201   0.1721572 0.3214429 0.0000000 0.2576340 0.1474344 0.2674166 0.3069032 0.1682694 0.1679278 0.1763757 0.3436586 0.1392096 0.4252325 0.3169939 0.1475067 0.4307786 0.2576340 0.1640083 0.3065882 0.2626554 0.1351184 0.3862286 0.3333399 
n286_287   0.3064588 0.2669758 0.2576340 0.0000000 0.2818589 0.1472783 0.2483886 0.3020310 0.3013569 0.3115260 0.2825573 0.2764054 0.3734321 0.2483886 0.2767978 0.3724282 0.0066980 0.2968647 0.2481398 0.1351080 0.2714145 0.4033338 0.2631328 
n287_288   0.0446927 0.3591212 0.1474344 0.2818589 0.0000000 0.2677440 0.3382111 0.0483089 0.0518105 0.0482432 0.3770518 0.0202883 0.4322024 0.3487367 0.0923527 0.4378064 0.2818589 0.0447326 0.3378594 0.2533463 0.0237236 0.4282116 0.3717985 
n266_267   0.2919145 0.2623021 0.2674166 0.1472783 0.2677440 0.0000000 0.2438182 0.2775746 0.2869078 0.2868017 0.2776744 0.2624081 0.3911952 0.2438182 0.2822385 0.3792446 0.1472783 0.2725799 0.2481205 0.0100713 0.2575098 0.3924996 0.2730198 
n292_293   0.3536960 0.0203061 0.3069032 0.2483886 0.3382111 0.2438182 0.0000000 0.3490554 0.3482495 0.3590987 0.0700576 0.3322365 0.4251223 0.0134877 0.3275818 0.4303905 0.2436234 0.3435340 0.0067091 0.2437333 0.3268308 0.4634126 0.0628116 
n293_294   0.0202946 0.3702752 0.1682694 0.3020310 0.0483089 0.2775746 0.3490554 0.0000000 0.0168640 0.0237309 0.3885222 0.0482568 0.4571334 0.3597391 0.1116173 0.4629155 0.3020310 0.0033438 0.3486907 0.2629770 0.0518252 0.4651736 0.3831922 
n275_276   0.0236991 0.3694081 0.1679278 0.3013569 0.0518105 0.2869078 0.3482495 0.0168640 0.0000000 0.0271465 0.3875977 0.0517545 0.4440795 0.3589023 0.1153431 0.4497640 0.3013569 0.0134547 0.3478864 0.2721450 0.0553348 0.4581047 0.3822833 
n297_298   0.0033381 0.3805657 0.1763757 0.3115260 0.0482432 0.2868017 0.3590987 0.0237309 0.0271465 0.0000000 0.3990715 0.0517569 0.4622288 0.3699090 0.1192102 0.4680372 0.3115260 0.0202852 0.3587226 0.2819223 0.0553375 0.4703215 0.3936807 
n278_279   0.3933605 0.0699585 0.3436586 0.2825573 0.3770518 0.2776744 0.0700576 0.3885222 0.3875977 0.3990715 0.0000000 0.3706882 0.4633499 0.0627649 0.3547245 0.4558942 0.2775491 0.3826765 0.0700478 0.2775740 0.3649719 0.5030057 0.0169167 
n295_296   0.0481934 0.3529522 0.1392096 0.2764054 0.0202883 0.2624081 0.3322365 0.0482568 0.0517545 0.0517569 0.3706882 0.0000000 0.4316511 0.3426630 0.0922512 0.4372471 0.2764054 0.0446845 0.3318923 0.2481368 0.0033397 0.4393528 0.3654831 
n251_252   0.4623090 0.4430535 0.4252325 0.3734321 0.4322024 0.3911952 0.4251223 0.4571334 0.4440795 0.4622288 0.4633499 0.4316511 0.0000000 0.4198631 0.4316539 0.0339229 0.3791256 0.4507235 0.4131003 0.3912916 0.4254475 0.3680748 0.4387239 
n274_275   0.3644286 0.0203061 0.3169939 0.2483886 0.3487367 0.2438182 0.0134877 0.3597391 0.3589023 0.3699090 0.0627649 0.3426630 0.4198631 0.0000000 0.3379584 0.4187428 0.2436234 0.3541357 0.0134858 0.2437333 0.3371787 0.4634126 0.0555804 
n236_237   0.1153053 0.3482004 0.1475067 0.2767978 0.0923527 0.2822385 0.3275818 0.1116173 0.1153431 0.1192102 0.3547245 0.0922512 0.4316539 0.3379584 0.0000000 0.4372492 0.2767978 0.1076935 0.3272426 0.2773787 0.0884362 0.4584285 0.3439445 
n255_256   0.4681186 0.4418495 0.4307786 0.3724282 0.4378064 0.3792446 0.4303905 0.4629155 0.4497640 0.4680372 0.4558942 0.4372471 0.0339229 0.4187428 0.4372492 0.0000000 0.3781011 0.4564588 0.4182964 0.3905119 0.4309996 0.3574333 0.4315603 
n285_286   0.3064588 0.2620902 0.2576340 0.0066980 0.2818589 0.1472783 0.2436234 0.3020310 0.3013569 0.3115260 0.2775491 0.2764054 0.3791256 0.2436234 0.2767978 0.3781011 0.0000000 0.2968647 0.2433800 0.1351080 0.2714145 0.4033338 0.2582596 
n294_295   0.0168662 0.3645931 0.1640083 0.2968647 0.0447326 0.2725799 0.3435340 0.0033438 0.0134547 0.0202852 0.3826765 0.0446845 0.4507235 0.3541357 0.1076935 0.4564588 0.2968647 0.0000000 0.3431759 0.2580863 0.0482343 0.4586784 0.3773862 
n300_301   0.3533264 0.0203033 0.3065882 0.2481398 0.3378594 0.2481205 0.0067091 0.3486907 0.3478864 0.3587226 0.0700478 0.3318923 0.4131003 0.0134858 0.3272426 0.4182964 0.2433800 0.3431759 0.0000000 0.2480339 0.3264931 0.4629090 0.0628027 
n265_266   0.2770483 0.2622091 0.2626554 0.1351080 0.2533463 0.0100713 0.2437333 0.2629770 0.2721450 0.2819223 0.2775740 0.2481368 0.3912916 0.2437333 0.2773787 0.3905119 0.1351080 0.2580863 0.2480339 0.0000000 0.2433390 0.3925966 0.2729216 
n296_297   0.0517569 0.3473925 0.1351184 0.2714145 0.0237236 0.2575098 0.3268308 0.0518252 0.0553348 0.0553375 0.3649719 0.0033397 0.4254475 0.3371787 0.0884362 0.4309996 0.2714145 0.0482343 0.3264931 0.2433390 0.0000000 0.4388383 0.3598048 
n244_245   0.4704036 0.4749484 0.3862286 0.4033338 0.4282116 0.3924996 0.4634126 0.4651736 0.4581047 0.4703215 0.5030057 0.4393528 0.3680748 0.4634126 0.4584285 0.3574333 0.4033338 0.4586784 0.4629090 0.3925966 0.4388383 0.0000000 0.4903633 
n277_278   0.3880073 0.0627219 0.3333399 0.2631328 0.3717985 0.2730198 0.0628116 0.3831922 0.3822833 0.3936807 0.0169167 0.3654831 0.4387239 0.0555804 0.3439445 0.4315603 0.2582596 0.3773862 0.0628027 0.2729216 0.3598048 0.4903633 0.0000000 
