24
n289_290   0.0000000 0.0698754 0.0168924 0.3261876 0.3156170 0.0662092 0.0033451 0.3207239 0.3917568 0.0735265 0.3210357 0.0134858 0.3628872 0.3200515 0.0067072 0.1939462 0.3258277 0.0698350 0.0998892 0.3203915 0.3147630 0.0698754 0.3908649 0.3199732 
n294_295   0.0698754 0.0000000 0.0661939 0.3257677 0.3051454 0.0033408 0.0735610 0.3101774 0.4033743 0.0033408 0.3206238 0.0625728 0.3740335 0.3146545 0.0772749 0.1765487 0.3305464 0.0066943 0.0847258 0.3098589 0.3092019 0.0066981 0.4142168 0.3193607 
n295_296   0.0168924 0.0661939 0.0000000 0.3213594 0.3054906 0.0625478 0.0203210 0.3105288 0.3977929 0.0698265 0.3162348 0.0100874 0.3631540 0.3098838 0.0237692 0.1853145 0.3155652 0.0661556 0.0922964 0.3102097 0.3100138 0.0661939 0.3968799 0.3151938 
n266_267   0.3261876 0.3257677 0.3213594 0.0000000 0.2946648 0.3205489 0.3314529 0.2996198 0.3846350 0.3308229 0.0306019 0.3212786 0.3565519 0.2940769 0.3315144 0.3262894 0.3197310 0.3203974 0.2758568 0.2993161 0.1923108 0.3208554 0.3890552 0.2009715 
n299_300   0.3156170 0.3051454 0.3054906 0.2946648 0.0000000 0.3000740 0.3208025 0.0100631 0.3908435 0.3052073 0.2947009 0.3054138 0.3251267 0.0552240 0.3260782 0.3058557 0.0771170 0.3049617 0.2374415 0.0100550 0.2792880 0.3003570 0.3785139 0.2890364 
n298_299   0.0662092 0.0033408 0.0625478 0.3205489 0.3000740 0.0000000 0.0698754 0.3050714 0.3975566 0.0066951 0.3154397 0.0589443 0.3684577 0.3095261 0.0735692 0.1722872 0.3252997 0.0033390 0.0809813 0.3047595 0.3041167 0.0033408 0.4083252 0.3142050 
n290_291   0.0033451 0.0735610 0.0203210 0.3314529 0.3208025 0.0698754 0.0000000 0.3259454 0.3975255 0.0772299 0.3262657 0.0168988 0.3684183 0.3252589 0.0100855 0.1897180 0.3310848 0.0735184 0.1037363 0.3256062 0.3199296 0.0735610 0.3966139 0.3251783 
n274_275   0.3207239 0.3101774 0.3105288 0.2996198 0.0100631 0.3050714 0.3259454 0.0000000 0.3907515 0.3102406 0.2996581 0.3104508 0.3302888 0.0588139 0.3312590 0.3109043 0.0808175 0.3099907 0.2420319 0.0134367 0.2841310 0.3053601 0.3840535 0.2939424 
n251_252   0.3917568 0.4033743 0.3977929 0.3846350 0.3908435 0.3975566 0.3975255 0.3907515 0.0000000 0.4089698 0.3790981 0.3916864 0.3056529 0.4184030 0.3916018 0.4141681 0.4490640 0.4031319 0.3634908 0.3960534 0.4016832 0.3979578 0.0482571 0.4132153 
n293_294   0.0735265 0.0033408 0.0698265 0.3308229 0.3052073 0.0066951 0.0772299 0.3102406 0.4089698 0.0000000 0.3256478 0.0661896 0.3794101 0.3147195 0.0809621 0.1807409 0.3306146 0.0100615 0.0884485 0.3099220 0.3141353 0.0100673 0.4143075 0.3243577 
n265_266   0.3210357 0.3206238 0.3162348 0.0306019 0.2947009 0.3154397 0.3262657 0.2996581 0.3790981 0.3256478 0.0000000 0.3161552 0.3618342 0.2891549 0.3263257 0.3106342 0.3146377 0.3152910 0.2710296 0.2993531 0.1965354 0.3157404 0.3835032 0.2052440 
n296_297   0.0134858 0.0625728 0.0100874 0.3212786 0.3054138 0.0589443 0.0168988 0.3104508 0.3916864 0.0661896 0.3161552 0.0000000 0.3573649 0.3098061 0.0203308 0.1852682 0.3154860 0.0625362 0.0922741 0.3101319 0.3099361 0.0625728 0.3907949 0.3151148 
n244_245   0.3628872 0.3740335 0.3631540 0.3565519 0.3251267 0.3684577 0.3684183 0.3302888 0.3056529 0.3794101 0.3618342 0.3573649 0.0000000 0.3241846 0.3740580 0.3743601 0.3509438 0.3738086 0.3149753 0.3248317 0.3555579 0.3688214 0.2898944 0.3663541 
n278_279   0.3200515 0.3146545 0.3098838 0.2940769 0.0552240 0.3095261 0.3252589 0.0588139 0.4184030 0.3147195 0.2891549 0.3098061 0.3241846 0.0000000 0.3305577 0.3102572 0.0202403 0.3144660 0.2371032 0.0587647 0.2641878 0.3098200 0.3943827 0.2737179 
n287_288   0.0067072 0.0772749 0.0237692 0.3315144 0.3260782 0.0735692 0.0100855 0.3312590 0.3916018 0.0809621 0.3263257 0.0203308 0.3740580 0.3305577 0.0000000 0.2027941 0.3364357 0.0772300 0.1076169 0.3309127 0.3251856 0.0772749 0.3907108 0.3304748 
n200_201   0.1939462 0.1765487 0.1853145 0.3262894 0.3058557 0.1722872 0.1897180 0.3109043 0.4141681 0.1807409 0.3106342 0.1852682 0.3743601 0.3102572 0.2027941 0.0000000 0.3310308 0.1764435 0.1312464 0.3105842 0.3000786 0.1724378 0.4075555 0.3101420 
n277_278   0.3258277 0.3305464 0.3155652 0.3197310 0.0771170 0.3252997 0.3310848 0.0808175 0.4490640 0.3306146 0.3146377 0.3154860 0.3509438 0.0202403 0.3364357 0.3310308 0.0000000 0.3303475 0.2462903 0.0807487 0.2886983 0.3256114 0.4239498 0.2985609 
n297_298   0.0698350 0.0066943 0.0661556 0.3203974 0.3049617 0.0033390 0.0735184 0.3099907 0.4031319 0.0100615 0.3152910 0.0625362 0.3738086 0.3144660 0.0772300 0.1764435 0.3303475 0.0000000 0.0846766 0.3096726 0.3039748 0.0066943 0.4139688 0.3140576 
n236_237   0.0998892 0.0847258 0.0922964 0.2758568 0.2374415 0.0809813 0.1037363 0.2420319 0.3634908 0.0884485 0.2710296 0.0922741 0.3149753 0.2371032 0.1076169 0.1312464 0.2462903 0.0846766 0.0000000 0.2417975 0.2603038 0.0847258 0.3516604 0.2698130 
n280_281   0.3203915 0.3098589 0.3102097 0.2993161 0.0100550 0.3047595 0.3256062 0.0134367 0.3960534 0.3099220 0.2993531 0.3101319 0.3248317 0.0587647 0.3309127 0.3105842 0.0807487 0.3096726 0.2417975 0.0000000 0.2838467 0.3050476 0.3836351 0.2936459 
n285_286   0.3147630 0.3092019 0.3100138 0.1923108 0.2792880 0.3041167 0.3199296 0.2841310 0.4016832 0.3141353 0.1965354 0.3099361 0.3555579 0.2641878 0.3251856 0.3000786 0.2886983 0.3039748 0.2603038 0.2838467 0.0000000 0.3044031 0.3837094 0.0066839 
n275_276   0.0698754 0.0066981 0.0661939 0.3208554 0.3003570 0.0033408 0.0735610 0.3053601 0.3979578 0.0100673 0.3157404 0.0625728 0.3688214 0.3098200 0.0772749 0.1724378 0.3256114 0.0066943 0.0847258 0.3050476 0.3044031 0.0000000 0.4087394 0.3145028 
n255_256   0.3908649 0.4142168 0.3968799 0.3890552 0.3785139 0.4083252 0.3966139 0.3840535 0.0482571 0.4143075 0.3835032 0.3907949 0.2898944 0.3943827 0.3907108 0.4075555 0.4239498 0.4139688 0.3516604 0.3836351 0.3837094 0.4087394 0.0000000 0.3949401 
n286_287   0.3199732 0.3193607 0.3151938 0.2009715 0.2890364 0.3142050 0.3251783 0.2939424 0.4132153 0.3243577 0.2052440 0.3151148 0.3663541 0.2737179 0.3304748 0.3101420 0.2985609 0.3140576 0.2698130 0.2936459 0.0066839 0.3145028 0.3949401 0.0000000 
