26
n292_297   0.0000000 1.6734746 1.7574434 1.7854104 2.1115378 5.1741591 2.5733807 1.9534301 1.9981561 0.0554132 2.6755439 1.8262798 1.6924125 9.0000000 1.7804422 0.4885804 0.4876842 0.0447443 2.0057453 0.1326826 2.5724065 2.2122403 0.1049011 2.1019926 2.1490513 1.9908039 
n285_290   1.6734746 0.0000000 2.0084875 1.8944770 1.7857960 2.4213517 1.9515077 2.1135903 1.7988733 1.7108728 1.9909007 0.0519807 1.0545296 2.7727836 1.9677002 1.6038633 1.6482267 1.6879319 1.8126912 1.8240110 2.8739227 1.9028005 1.5492781 1.0594169 2.2560982 1.9593539 
n297_302   1.7574434 2.0084875 0.0000000 0.1809958 0.1469226 2.3826461 0.3161869 0.1680729 0.3105117 1.7471541 0.2992191 2.0789143 2.4234651 3.0195807 0.0344707 1.9969929 1.8011988 1.7882307 1.0787514 1.9534692 2.5713087 0.2991976 2.0190034 2.2508223 0.7858536 0.3051980 
n293_298   1.7854104 1.8944770 0.1809958 0.0000000 0.1292143 2.0287796 0.3434287 0.0523837 0.3134120 1.7681265 0.3540238 1.9566086 2.1798691 3.0794508 0.1807951 2.1759952 1.9593508 1.8100696 1.0765087 2.0475107 3.2096205 0.3206530 2.1372732 2.1513833 0.7860273 0.3193899 
n275_280   2.1115378 1.7857960 0.1469226 0.1292143 0.0000000 2.2334091 0.3266468 0.1092761 0.3137407 2.0392169 0.3311352 1.8406207 2.7682570 3.4267300 0.1467638 2.2922078 2.0073897 2.1030956 1.0120983 2.5899498 3.2517682 0.3094010 2.3146050 2.5821465 0.7814957 0.3090329 
n251_256   5.1741591 2.4213517 2.3826461 2.0287796 2.2334091 0.0000000 2.1817562 2.0396303 1.9326383 8.9999985 1.9878839 2.0267897 2.9129085 0.2994079 2.5402014 2.9050937 2.7709511 4.9200290 2.4718808 8.9999983 2.4317549 1.9695183 4.8566890 2.4447786 3.6043135 2.0543470 
n287_292   2.5733807 1.9515077 0.3161869 0.3434287 0.3266468 2.1817562 0.0000000 0.3098103 0.1424961 2.5094175 0.0599443 2.0218984 2.7969498 2.8832288 0.3108497 2.3646167 1.9125126 2.5185159 1.0053062 2.7464729 3.7535749 0.0417079 2.5214077 2.9156312 0.8391959 0.1554010 
n294_299   1.9534301 2.1135903 0.1680729 0.0523837 0.1092761 2.0396303 0.3098103 0.0000000 0.2868009 1.9327294 0.3256330 2.1928380 2.3844758 3.0476291 0.1678883 2.4324605 2.0969157 1.9830255 1.0480454 2.2714809 2.9419773 0.2935755 2.2115176 2.3424981 0.7774784 0.2870492 
n296_301   1.9981561 1.7988733 0.3105117 0.3134120 0.3137407 1.9326383 0.1424961 0.2868009 0.0000000 1.9619168 0.1339729 1.8131686 2.4782508 2.2824063 0.3101070 1.9508175 1.7648152 1.9671393 0.9484061 2.0118339 3.7210129 0.1215946 1.9424045 2.3943689 0.7607775 0.0378606 
n299_304   0.0554132 1.7108728 1.7471541 1.7681265 2.0392169 8.9999985 2.5094175 1.9327294 1.9619168 0.0000000 2.6055801 1.8583032 1.7632247 9.0000000 1.7600526 0.4669720 0.4803301 0.0168092 2.0908328 0.1123446 2.4279152 2.2562963 0.1047195 2.2370814 1.9930939 1.9548975 
n289_294   2.6755439 1.9909007 0.2992191 0.3540238 0.3311352 1.9878839 0.0599443 0.3256330 0.1339729 2.6055801 0.0000000 1.9219606 2.7472047 2.8527825 0.2996619 2.1571513 1.9755760 2.6155349 1.0193067 2.8674546 3.8904333 0.0451833 2.6247991 2.7721493 0.8548471 0.1466837 
n286_291   1.8262798 0.0519807 2.0789143 1.9566086 1.8406207 2.0267897 2.0218984 2.1928380 1.8131686 1.8583032 1.9219606 0.0000000 1.1048194 2.4989461 2.0351583 1.7316596 1.7833028 1.8046184 1.9721902 1.9140523 2.4578882 1.9246539 1.7045409 1.0793378 2.3821730 1.9301167 
n265_270   1.6924125 1.0545296 2.4234651 2.1798691 2.7682570 2.9129085 2.7969498 2.3844758 2.4782508 1.7632247 2.7472047 1.1048194 0.0000000 2.6184736 2.4911889 1.4436022 1.4844198 1.7501071 1.9417629 1.7889615 2.0353386 2.6061573 1.6994610 0.1481297 2.7778947 2.3084114 
n255_260   9.0000000 2.7727836 3.0195807 3.0794508 3.4267300 0.2994079 2.8832288 3.0476291 2.2824063 9.0000000 2.8527825 2.4989461 2.6184736 0.0000000 3.2212438 3.9735083 3.7816423 9.0000000 2.6715963 9.0000000 2.5625759 2.6521019 9.0000000 2.2553478 3.1370001 2.5335665 
n298_303   1.7804422 1.9677002 0.0344707 0.1807951 0.1467638 2.5402014 0.3108497 0.1678883 0.3101070 1.7600526 0.2996619 2.0351583 2.4911889 3.2212438 0.0000000 1.9446192 1.7969794 1.8016272 1.1384067 1.9261370 2.5789861 0.2939960 2.0352691 2.2974703 0.7618645 0.3048004 
n277_282   0.4885804 1.6038633 1.9969929 2.1759952 2.2922078 2.9050937 2.3646167 2.4324605 1.9508175 0.4669720 2.1571513 1.7316596 1.4436022 3.9735083 1.9446192 0.0000000 0.1012887 0.4613496 1.9711518 0.5078687 2.5398309 2.1929353 0.4828305 1.6792769 2.9802519 1.9991217 
n278_283   0.4876842 1.6482267 1.8011988 1.9593508 2.0073897 2.7709511 1.9125126 2.0969157 1.7648152 0.4803301 1.9755760 1.7833028 1.4844198 3.7816423 1.7969794 0.1012887 0.0000000 0.4675879 1.8902562 0.4943156 2.3816685 1.8821624 0.4760770 1.7093040 3.0875547 1.8713135 
n300_305   0.0447443 1.6879319 1.7882307 1.8100696 2.1030956 4.9200290 2.5185159 1.9830255 1.9671393 0.0168092 2.6155349 1.8046184 1.7501071 9.0000000 1.8016272 0.4613496 0.4675879 0.0000000 2.1481563 0.1086003 2.4326129 2.2634854 0.1009974 2.2178381 2.1334656 1.9600661 
n200_201   2.0057453 1.8126912 1.0787514 1.0765087 1.0120983 2.4718808 1.0053062 1.0480454 0.9484061 2.0908328 1.0193067 1.9721902 1.9417629 2.6715963 1.1384067 1.9711518 1.8902562 2.1481563 0.0000000 2.3709548 3.0129957 0.9689653 1.7437884 2.2516076 1.2556349 0.9386439 
n274_279   0.1326826 1.8240110 1.9534692 2.0475107 2.5899498 8.9999983 2.7464729 2.2714809 2.0118339 0.1123446 2.8674546 1.9140523 1.7889615 9.0000000 1.9261370 0.5078687 0.4943156 0.1086003 2.3709548 0.0000000 2.8004421 2.5115849 0.1369361 2.2896950 2.3091938 2.0411557 
n244_249   2.5724065 2.8739227 2.5713087 3.2096205 3.2517682 2.4317549 3.7535749 2.9419773 3.7210129 2.4279152 3.8904333 2.4578882 2.0353386 2.5625759 2.5789861 2.5398309 2.3816685 2.4326129 3.0129957 2.8004421 0.0000000 4.1240113 2.3321360 2.2029341 2.3961749 3.6048654 
n290_295   2.2122403 1.9028005 0.2991976 0.3206530 0.3094010 1.9695183 0.0417079 0.2935755 0.1215946 2.2562963 0.0451833 1.9246539 2.6061573 2.6521019 0.2939960 2.1929353 1.8821624 2.2634854 0.9689653 2.5115849 4.1240113 0.0000000 2.2753794 2.5534849 0.8103845 0.1423043 
n280_285   0.1049011 1.5492781 2.0190034 2.1372732 2.3146050 4.8566890 2.5214077 2.2115176 1.9424045 0.1047195 2.6247991 1.7045409 1.6994610 9.0000000 2.0352691 0.4828305 0.4760770 0.1009974 1.7437884 0.1369361 2.3321360 2.2753794 0.0000000 2.1999910 2.1437796 1.9806886 
n266_271   2.1019926 1.0594169 2.2508223 2.1513833 2.5821465 2.4447786 2.9156312 2.3424981 2.3943689 2.2370814 2.7721493 1.0793378 0.1481297 2.2553478 2.2974703 1.6792769 1.7093040 2.2178381 2.2516076 2.2896950 2.2029341 2.5534849 2.1999910 0.0000000 2.5668060 2.2978164 
n236_239   2.1490513 2.2560982 0.7858536 0.7860273 0.7814957 3.6043135 0.8391959 0.7774784 0.7607775 1.9930939 0.8548471 2.3821730 2.7778947 3.1370001 0.7618645 2.9802519 3.0875547 2.1334656 1.2556349 2.3091938 2.3961749 0.8103845 2.1437796 2.5668060 0.0000000 0.7591004 
n295_300   1.9908039 1.9593539 0.3051980 0.3193899 0.3090329 2.0543470 0.1554010 0.2870492 0.0378606 1.9548975 0.1466837 1.9301167 2.3084114 2.5335665 0.3048004 1.9991217 1.8713135 1.9600661 0.9386439 2.0411557 3.6048654 0.1423043 1.9806886 2.2978164 0.7591004 0.0000000 
