23
n289_290   0.0000000 0.0273752 0.0204030 0.3095681 0.3101643 0.0343709 0.3104048 0.3512549 0.0308926 0.3207800 0.3157346 0.4298996 0.3494493 0.1818935 0.3374762 0.0343951 0.0708134 0.3268069 0.3142519 0.0379480 0.3512676 0.3215844 0.3145109 
n294_295   0.0273752 0.0000000 0.0343821 0.3099191 0.3046762 0.0135096 0.3101987 0.3224069 0.0033511 0.3211480 0.3101987 0.4236888 0.3324016 0.1732556 0.3266112 0.0135189 0.0559573 0.3211801 0.3094741 0.0238527 0.3279293 0.3159956 0.3097291 
n295_296   0.0204030 0.0343821 0.0000000 0.3321264 0.3158048 0.0414436 0.3214287 0.3568342 0.0379385 0.3437570 0.3214287 0.4436775 0.3493124 0.1907638 0.3433670 0.0414728 0.0782906 0.3326033 0.3312818 0.0522836 0.3568448 0.3273375 0.3315572 
n266_267   0.3095681 0.3099191 0.3321264 0.0000000 0.3099026 0.3148806 0.3154740 0.3338830 0.3154912 0.0202305 0.3154740 0.4705159 0.3382204 0.3385666 0.3436087 0.3151413 0.3430538 0.3265494 0.1459817 0.3316782 0.3173621 0.3213250 0.1505045 
n299_300   0.3101643 0.3046762 0.3158048 0.3099026 0.0000000 0.3038961 0.0100894 0.3463306 0.2993528 0.3321898 0.0033455 0.4598617 0.0973982 0.2838050 0.0818897 0.3042549 0.3310834 0.0100933 0.2927666 0.3319870 0.3410087 0.0067149 0.2984444 
n298_299   0.0343709 0.0135096 0.0414436 0.3148806 0.3038961 0.0000000 0.3094016 0.3449914 0.0169384 0.3261833 0.3094016 0.4499053 0.3375047 0.1819236 0.3316746 0.0067150 0.0595021 0.3203495 0.3144275 0.0308045 0.3450063 0.3151801 0.3146868 
n274_275   0.3104048 0.3101987 0.3214287 0.3154740 0.0100894 0.3094016 0.0000000 0.3576304 0.3048303 0.3379598 0.0067022 0.4653597 0.1011978 0.2885701 0.0856093 0.3097678 0.3368238 0.0134805 0.2981751 0.3322520 0.3522289 0.0100894 0.3039058 
n251_252   0.3512549 0.3224069 0.3568342 0.3338830 0.3463306 0.3449914 0.3576304 0.0000000 0.3281043 0.3571175 0.3522624 0.3509033 0.3699123 0.3279775 0.3755559 0.3395321 0.3804521 0.3640249 0.3333487 0.3566043 0.0450506 0.3585103 0.3397596 
n293_294   0.0308926 0.0033511 0.0379385 0.3154912 0.2993528 0.0169384 0.3048303 0.3281043 0.0000000 0.3268212 0.3048303 0.4303193 0.3268561 0.1777526 0.3211153 0.0169500 0.0596448 0.3157263 0.3150364 0.0273454 0.3336725 0.3105774 0.3152967 
n265_266   0.3207800 0.3211480 0.3437570 0.0202305 0.3321898 0.3261833 0.3379598 0.3571175 0.3268212 0.0000000 0.3379598 0.4917391 0.3615251 0.3618887 0.3670822 0.3264552 0.3548701 0.3494125 0.1586743 0.3432868 0.3400235 0.3440305 0.1633075 
n300_301   0.3157346 0.3101987 0.3214287 0.3154740 0.0033455 0.3094016 0.0067022 0.3522624 0.3048303 0.3379598 0.0000000 0.4592130 0.0934227 0.2836886 0.0780270 0.3097678 0.3368238 0.0067048 0.2981751 0.3377464 0.3468951 0.0033455 0.3039058 
n244_245   0.4298996 0.4236888 0.4436775 0.4705159 0.4598617 0.4499053 0.4653597 0.3509033 0.4303193 0.4917391 0.4592130 0.0000000 0.4945042 0.4184689 0.4719201 0.4369630 0.4917271 0.4593552 0.4628404 0.4630011 0.3619348 0.4665957 0.4782798 
n278_279   0.3494493 0.3324016 0.3493124 0.3382204 0.0973982 0.3375047 0.1011978 0.3699123 0.3268561 0.3615251 0.0934227 0.4945042 0.0000000 0.3212480 0.0203441 0.3379095 0.3598837 0.0934589 0.3208718 0.3608833 0.3527765 0.0895374 0.3210685 
n200_201   0.1818935 0.1732556 0.1907638 0.3385666 0.2838050 0.1819236 0.2885701 0.3279775 0.1777526 0.3618887 0.2836886 0.4184689 0.3212480 0.0000000 0.3155576 0.1820637 0.2004368 0.2942519 0.3209863 0.1907944 0.3168258 0.2892420 0.3269509 
n277_278   0.3374762 0.3266112 0.3433670 0.3436087 0.0818897 0.3316746 0.0856093 0.3755559 0.3211153 0.3670822 0.0780270 0.4719201 0.0203441 0.3155576 0.0000000 0.3320712 0.3538523 0.0705637 0.3144365 0.3548310 0.3583004 0.0818897 0.3146286 
n297_298   0.0343951 0.0135189 0.0414728 0.3151413 0.3042549 0.0067150 0.3097678 0.3395321 0.0169500 0.3264552 0.3097678 0.4369630 0.3379095 0.1820637 0.3320712 0.0000000 0.0632871 0.3207304 0.3146875 0.0308261 0.3395489 0.3155544 0.3149472 
n236_237   0.0708134 0.0559573 0.0782906 0.3430538 0.3310834 0.0595021 0.3368238 0.3804521 0.0596448 0.3548701 0.3368238 0.4917271 0.3598837 0.2004368 0.3538523 0.0632871 0.0000000 0.3482173 0.3482984 0.0744814 0.3808568 0.3428622 0.3485900 
n280_281   0.3268069 0.3211801 0.3326033 0.3265494 0.0100933 0.3203495 0.0134805 0.3640249 0.3157263 0.3494125 0.0067048 0.4593552 0.0934589 0.2942519 0.0705637 0.3207304 0.3482173 0.0000000 0.3089388 0.3491774 0.3585718 0.0100933 0.3147707 
n285_286   0.3142519 0.3094741 0.3312818 0.1459817 0.2927666 0.3144275 0.2981751 0.3333487 0.3150364 0.1586743 0.2981751 0.4628404 0.3208718 0.3209863 0.3144365 0.3146875 0.3482984 0.3089388 0.0000000 0.3311953 0.3330523 0.3038466 0.0134385 
n275_276   0.0379480 0.0238527 0.0522836 0.3316782 0.3319870 0.0308045 0.3322520 0.3566043 0.0273454 0.3432868 0.3377464 0.4630011 0.3608833 0.1907944 0.3548310 0.0308261 0.0744814 0.3491774 0.3311953 0.0000000 0.3566149 0.3438055 0.3314705 
n255_256   0.3512676 0.3279293 0.3568448 0.3173621 0.3410087 0.3450063 0.3522289 0.0450506 0.3336725 0.3400235 0.3468951 0.3619348 0.3527765 0.3168258 0.3583004 0.3395489 0.3808568 0.3585718 0.3330523 0.3566149 0.0000000 0.3530926 0.3394528 
n292_293   0.3215844 0.3159956 0.3273375 0.3213250 0.0067149 0.3151801 0.0100894 0.3585103 0.3105774 0.3440305 0.0033455 0.4665957 0.0895374 0.2892420 0.0818897 0.3155544 0.3428622 0.0100933 0.3038466 0.3438055 0.3530926 0.0000000 0.3096356 
n286_287   0.3145109 0.3097291 0.3315572 0.1505045 0.2984444 0.3146868 0.3039058 0.3397596 0.3152967 0.1633075 0.3039058 0.4782798 0.3210685 0.3269509 0.3146286 0.3149472 0.3485900 0.3147707 0.0134385 0.3314705 0.3394528 0.3096356 0.0000000 
