24
n289_290   0.0000000 0.0378548 0.0169770 0.2528294 0.2773143 0.0308556 0.0135300 0.2717730 0.3877187 0.0343578 0.2661351 0.0238811 0.2769810 0.3603199 0.2718176 0.1400434 0.2665184 0.0965378 0.2768043 0.2657746 0.0343447 0.4189220 0.2816472 0.2751013 
n294_295   0.0378548 0.0000000 0.0414249 0.2717682 0.2969209 0.0067344 0.0520989 0.2911941 0.4107250 0.0033587 0.2803474 0.0485628 0.2965603 0.3768773 0.2912432 0.1441022 0.2857779 0.0965165 0.2963699 0.2849739 0.0101191 0.4368969 0.3013385 0.2945270 
n295_296   0.0169770 0.0414249 0.0000000 0.2531000 0.2776192 0.0343901 0.0308374 0.2720695 0.3885434 0.0379110 0.2664230 0.0067460 0.2772851 0.3498880 0.2721141 0.1401769 0.2668072 0.0966254 0.2771080 0.2660617 0.0378965 0.4198304 0.2819577 0.2754019 
n266_267   0.2528294 0.2717682 0.2531000 0.0000000 0.2374958 0.2624617 0.2718054 0.2324715 0.3863416 0.2671858 0.0270595 0.2625908 0.2372734 0.3975580 0.2417958 0.2579129 0.2414095 0.2764440 0.2371251 0.1222593 0.2670569 0.4471189 0.2416910 0.1300108 
n299_300   0.2773143 0.2969209 0.2776192 0.2374958 0.0000000 0.2873015 0.2969615 0.0236500 0.4161263 0.2921907 0.2601090 0.2874463 0.0033365 0.3870776 0.0552624 0.2976148 0.0516188 0.3069551 0.0100500 0.2366442 0.2920452 0.4604778 0.0066838 0.2409459 
n298_299   0.0308556 0.0067344 0.0343901 0.2624617 0.2873015 0.0000000 0.0449796 0.2816624 0.4054859 0.0033619 0.2759217 0.0414664 0.2869541 0.3662303 0.2817092 0.1361260 0.2763223 0.0928128 0.2867703 0.2755475 0.0033607 0.4315294 0.2916802 0.2849959 
n290_291   0.0135300 0.0520989 0.0308374 0.2718054 0.2969615 0.0449796 0.0000000 0.2912339 0.4046664 0.0485455 0.2853998 0.0378704 0.2966008 0.3766570 0.2912829 0.1563997 0.2858169 0.1119365 0.2964104 0.2850127 0.0485268 0.4364804 0.3013795 0.2945669 
n274_275   0.2717730 0.2911941 0.2720695 0.2324715 0.0236500 0.2816624 0.2912339 0.0000000 0.4207993 0.2865056 0.2549028 0.2818034 0.0202120 0.3916270 0.0551632 0.2821176 0.0515263 0.3011330 0.0202005 0.2360676 0.2863642 0.4653092 0.0236193 0.2403575 
n251_252   0.3877187 0.4107250 0.3885434 0.3863416 0.4161263 0.4054859 0.4046664 0.4207993 0.0000000 0.4052908 0.3963249 0.3885434 0.4155847 0.3321837 0.3975631 0.4183388 0.4027972 0.4229952 0.4153085 0.4187612 0.4109703 0.0878399 0.4150444 0.4242994 
n293_294   0.0343578 0.0033587 0.0379110 0.2671858 0.2921907 0.0033619 0.0485455 0.2865056 0.4052908 0.0000000 0.2807166 0.0450199 0.2918365 0.3716622 0.2865536 0.1401455 0.2811255 0.0966050 0.2916493 0.2803357 0.0067355 0.4313189 0.2965902 0.2898399 
n265_266   0.2661351 0.2803474 0.2664230 0.0270595 0.2601090 0.2759217 0.2853998 0.2549028 0.3963249 0.2807166 0.0000000 0.2760588 0.2598624 0.4072315 0.2645085 0.2713097 0.2640829 0.2803098 0.2596990 0.1297474 0.2805793 0.4334976 0.2643936 0.1415137 
n296_297   0.0238811 0.0485628 0.0067460 0.2625908 0.2874463 0.0414664 0.0378704 0.2818034 0.3885434 0.0450199 0.2760588 0.0000000 0.2870986 0.3551010 0.2818503 0.1483495 0.2764597 0.1043147 0.2869146 0.2756842 0.0450026 0.4198304 0.2868190 0.2851383 
n300_301   0.2769810 0.2965603 0.2772851 0.2372734 0.0033365 0.2869541 0.2966008 0.0202120 0.4155847 0.2918365 0.2598624 0.2870986 0.0000000 0.3865830 0.0516514 0.2972526 0.0480321 0.3065804 0.0066806 0.2364228 0.2916914 0.4598658 0.0033323 0.2407202 
n244_245   0.3603199 0.3768773 0.3498880 0.3975580 0.3870776 0.3662303 0.3766570 0.3916270 0.3321837 0.3716622 0.4072315 0.3551010 0.3865830 0.0000000 0.3690325 0.3721703 0.3740838 0.3880757 0.3863282 0.4300969 0.3714577 0.3612902 0.3860897 0.4357061 
n278_279   0.2718176 0.2912432 0.2721141 0.2417958 0.0552624 0.2817092 0.2912829 0.0551632 0.3975631 0.2865536 0.2645085 0.2818503 0.0516514 0.3690325 0.0000000 0.3020076 0.0100175 0.3011844 0.0516214 0.2409273 0.2864121 0.4408256 0.0551890 0.2452450 
n200_201   0.1400434 0.1441022 0.1401769 0.2579129 0.2976148 0.1361260 0.1563997 0.2821176 0.4183388 0.1401455 0.2713097 0.1483495 0.2972526 0.3721703 0.3020076 0.0000000 0.3015082 0.1522292 0.2970614 0.2807025 0.1400864 0.4571004 0.3020423 0.2902195 
n277_278   0.2665184 0.2857779 0.2668072 0.2414095 0.0516188 0.2763223 0.2858169 0.0515263 0.4027972 0.2811255 0.2640829 0.2764597 0.0480321 0.3740838 0.0100175 0.3015082 0.0000000 0.3006876 0.0480042 0.2405442 0.2809878 0.4463022 0.0515503 0.2448546 
n236_237   0.0965378 0.0965165 0.0966254 0.2764440 0.3069551 0.0928128 0.1119365 0.3011330 0.4229952 0.0966050 0.2803098 0.1043147 0.3065804 0.3880757 0.3011844 0.1522292 0.3006876 0.0000000 0.3063830 0.2799122 0.0927678 0.4498297 0.3114159 0.2942963 
n280_281   0.2768043 0.2963699 0.2771080 0.2371251 0.0100500 0.2867703 0.2964104 0.0202005 0.4153085 0.2916493 0.2596990 0.2869146 0.0066806 0.3863282 0.0516214 0.2970614 0.0480042 0.3063830 0.0000000 0.2362755 0.2915043 0.4595585 0.0100371 0.2405701 
n285_286   0.2657746 0.2849739 0.2660617 0.1222593 0.2366442 0.2755475 0.2850127 0.2360676 0.4187612 0.2803357 0.1297474 0.2756842 0.2364228 0.4300969 0.2409273 0.2807025 0.2405442 0.2799122 0.2362755 0.0000000 0.2801988 0.4630282 0.2408232 0.0099653 
n275_276   0.0343447 0.0101191 0.0378965 0.2670569 0.2920452 0.0033607 0.0485268 0.2863642 0.4109703 0.0067355 0.2805793 0.0450026 0.2916914 0.3714577 0.2864121 0.1400864 0.2809878 0.0927678 0.2915043 0.2801988 0.0000000 0.4371575 0.2964420 0.2896961 
n255_256   0.4189220 0.4368969 0.4198304 0.4471189 0.4604778 0.4315294 0.4364804 0.4653092 0.0878399 0.4313189 0.4334976 0.4198304 0.4598658 0.3612902 0.4408256 0.4571004 0.4463022 0.4498297 0.4595585 0.4630282 0.4371575 0.0000000 0.4592553 0.4688475 
n292_293   0.2816472 0.3013385 0.2819577 0.2416910 0.0066838 0.2916802 0.3013795 0.0236193 0.4150444 0.2965902 0.2643936 0.2868190 0.0033323 0.3860897 0.0551890 0.3020423 0.0515503 0.3114159 0.0100371 0.2408232 0.2964420 0.4592553 0.0000000 0.2451391 
n286_287   0.2751013 0.2945270 0.2754019 0.1300108 0.2409459 0.2849959 0.2945669 0.2403575 0.4242994 0.2898399 0.1415137 0.2851383 0.2407202 0.4357061 0.2452450 0.2902195 0.2448546 0.2942963 0.2405701 0.0099653 0.2896961 0.4688475 0.2451391 0.0000000 
