19
n286_267   0.0000000 1.6791059 1.5982617 1.5857701 1.9948950 2.0662111 1.9410771 1.9474344 1.6273264 1.9063377 2.5607924 2.2382073 2.9127730 3.0279071 0.9803909 0.0448787 1.0408927 1.7449821 1.7173295 
n289_270   1.6791059 0.0000000 0.0342548 0.3397372 0.3461046 0.3623303 0.3677601 0.1464044 0.3687382 0.1545701 2.5482245 0.5835153 7.2850653 5.2456789 1.8262039 1.8247141 2.0497373 0.0448280 0.8992600 
n290_271   1.5982617 0.0342548 0.0000000 0.3232560 0.3294441 0.3453230 0.3506436 0.1339140 0.3515574 0.1419500 2.3488234 0.5918529 5.1152625 4.2882047 1.8563001 1.7314043 2.1459643 0.0342041 0.8889524 
n294_273   1.5857701 0.3397372 0.3232560 0.0000000 0.1341181 0.1212689 0.1591702 0.3577142 0.0379021 0.3870406 2.9074831 0.6785396 9.0000000 4.1345546 2.0117934 1.6607111 2.2912286 0.3226064 0.8452894 
n297_276   1.9948950 0.3461046 0.3294441 0.1341181 0.0000000 0.1254148 0.0377707 0.3401113 0.1511865 0.3751096 2.6704032 0.7227819 4.4559411 3.3207830 2.0612423 2.0664377 2.5502706 0.3119613 0.8524315 
n275_262   2.0662111 0.3623303 0.3453230 0.1212689 0.1254148 0.0000000 0.1456682 0.3284333 0.1422603 0.3616313 3.0436417 0.7252921 9.0000000 4.9031547 2.2933906 2.1874508 2.8444613 0.3446199 0.8512565 
n298_277   1.9410771 0.3677601 0.3506436 0.1591702 0.0377707 0.1456682 0.0000000 0.3615967 0.1769277 0.3976224 2.6501714 0.7582902 5.1577686 3.3818822 1.8919622 2.0082418 2.4136580 0.3326242 0.8437860 
n296_275   1.9474344 0.1464044 0.1339140 0.3577142 0.3401113 0.3284333 0.3615967 0.0000000 0.3745117 0.0520707 2.5556766 0.5837162 3.1927419 2.8770098 1.9040369 2.1468774 2.2637463 0.1377701 0.8387056 
n293_272   1.6273264 0.3687382 0.3515574 0.0379021 0.1511865 0.1422603 0.1769277 0.3745117 0.0000000 0.4113600 2.9152473 0.6843799 9.0000000 4.0649665 1.9741313 1.7061216 2.3209516 0.3508381 0.8824408 
n295_274   1.9063377 0.1545701 0.1419500 0.3870406 0.3751096 0.3616313 0.3976224 0.0520707 0.4113600 0.0000000 2.8585766 0.6157672 3.3728357 3.4421582 1.9509814 2.1448944 2.2912705 0.1499127 0.8854756 
n244_241   2.5607924 2.5482245 2.3488234 2.9074831 2.6704032 3.0436417 2.6501714 2.5556766 2.9152473 2.8585766 0.0000000 3.2331488 2.3901050 3.1320149 4.5692522 3.1893941 4.0696258 2.4229731 3.1029626 
n236_233   2.2382073 0.5835153 0.5918529 0.6785396 0.7227819 0.7252921 0.7582902 0.5837162 0.6843799 0.6157672 3.2331488 0.0000000 9.0000000 7.0221183 2.0033423 2.3290881 2.3968269 0.5911077 1.0512030 
n255_250   2.9127730 7.2850653 5.1152625 9.0000000 4.4559411 9.0000000 5.1577686 3.1927419 9.0000000 3.3728357 2.3901050 9.0000000 0.0000000 0.2627205 3.3829045 3.0798833 2.5396430 6.1519891 2.4187576 
n251_248   3.0279071 5.2456789 4.2882047 4.1345546 3.3207830 4.9031547 3.3818822 2.8770098 4.0649665 3.4421582 3.1320149 7.0221183 0.2627205 0.0000000 4.0208425 3.2298731 2.5697101 4.9957415 2.3913395 
n265_256   0.9803909 1.8262039 1.8563001 2.0117934 2.0612423 2.2933906 1.8919622 1.9040369 1.9741313 1.9509814 4.5692522 2.0033423 3.3829045 4.0208425 0.0000000 0.9959071 0.1663651 1.9312053 2.0712224 
n285_266   0.0448787 1.8247141 1.7314043 1.6607111 2.0664377 2.1874508 2.0082418 2.1468774 1.7061216 2.1448944 3.1893941 2.3290881 3.0798833 3.2298731 0.9959071 0.0000000 1.0323099 1.9017081 1.7229057 
n266_257   1.0408927 2.0497373 2.1459643 2.2912286 2.5502706 2.8444613 2.4136580 2.2637463 2.3209516 2.2912705 4.0696258 2.3968269 2.5396430 2.5697101 0.1663651 1.0323099 0.0000000 2.2432116 1.8928673 
n287_268   1.7449821 0.0448280 0.0342041 0.3226064 0.3119613 0.3446199 0.3326242 0.1377701 0.3508381 0.1499127 2.4229731 0.5911077 6.1519891 4.9957415 1.9312053 1.9017081 2.2432116 0.0000000 0.8735749 
n200_201   1.7173295 0.8992600 0.8889524 0.8452894 0.8524315 0.8512565 0.8437860 0.8387056 0.8824408 0.8854756 3.1029626 1.0512030 2.4187576 2.3913395 2.0712224 1.7229057 1.8928673 0.8735749 0.0000000 
