23
n292_295   0.0000000 0.0033458 0.2839858 0.2691169 0.0169087 0.2488361 0.2018681 0.1925597 0.2841941 0.2790210 0.3491192 0.2535797 0.2153273 0.2687005 0.0237910 0.2736602 0.0630825 0.0521519 0.2583855 0.1970396 0.2841321 0.3488926 0.3268685 
n300_303   0.0033458 0.0000000 0.2891439 0.2741679 0.0203449 0.2537298 0.2064307 0.1970534 0.2893565 0.2841434 0.3548023 0.2585057 0.2199778 0.2737424 0.0272633 0.2787383 0.0667759 0.0557845 0.2633451 0.2015636 0.2892933 0.3545709 0.3323691 
n293_296   0.2839858 0.2891439 0.0000000 0.1619887 0.2889730 0.0484498 0.3209460 0.3099265 0.1206161 0.0342222 0.4276523 0.0593170 0.3368801 0.0134683 0.2992809 0.0168757 0.2893101 0.2740682 0.0593046 0.3204890 0.0342097 0.4270652 0.4012037 
n200_201   0.2691169 0.2741679 0.1619887 0.0000000 0.2740073 0.1286160 0.2992307 0.2939328 0.1707838 0.1621022 0.4022461 0.1409017 0.3146711 0.1451142 0.2789777 0.1492539 0.2842025 0.2690828 0.1408705 0.3095614 0.1620373 0.3960864 0.3648218 
n280_283   0.0169087 0.0203449 0.2889730 0.2740073 0.0000000 0.2535831 0.2063147 0.1969433 0.2943195 0.2789346 0.3550044 0.2634798 0.2198532 0.2735822 0.0272494 0.2785747 0.0667410 0.0557555 0.2683534 0.2014506 0.2841095 0.3547728 0.3380057 
n289_292   0.2488361 0.2537298 0.0484498 0.1286160 0.2535831 0.0000000 0.2837727 0.2683328 0.0816149 0.0484811 0.3959943 0.0168869 0.2988825 0.0342318 0.2633674 0.0377475 0.2538199 0.2393474 0.0168834 0.2782753 0.0484631 0.3957279 0.3654277 
n266_269   0.2018681 0.2064307 0.3209460 0.2992307 0.2063147 0.2837727 0.0000000 0.1166275 0.3374227 0.3209021 0.3374246 0.2941261 0.0342113 0.3047397 0.2108205 0.3099625 0.2017642 0.1838533 0.2992156 0.1286542 0.3206798 0.3317503 0.3259908 
n286_289   0.1925597 0.1970534 0.3099265 0.2939328 0.1969433 0.2683328 0.1166275 0.0000000 0.3260576 0.3152441 0.3598635 0.2784457 0.1325827 0.2992241 0.1969070 0.3044029 0.1970756 0.1881188 0.2834214 0.0100673 0.3150277 0.3596283 0.3426302 
n236_239   0.2841941 0.2893565 0.1206161 0.1707838 0.2943195 0.0816149 0.3374227 0.3260576 0.0000000 0.1166277 0.4468338 0.0892102 0.3481561 0.1047514 0.3047117 0.1086539 0.2996894 0.2792398 0.0891912 0.3368645 0.1126496 0.4465210 0.4201101 
n298_301   0.2790210 0.2841434 0.0342222 0.1621022 0.2789346 0.0484811 0.3209021 0.3152441 0.1166277 0.0000000 0.4210186 0.0593556 0.3368339 0.0203148 0.2942134 0.0237578 0.2893377 0.2740940 0.0593432 0.3258865 0.0168781 0.4204437 0.4012466 
n251_254   0.3491192 0.3548023 0.4276523 0.4022461 0.3550044 0.3959943 0.3374246 0.3598635 0.4468338 0.4210186 0.0000000 0.3833114 0.3540592 0.4087959 0.3719039 0.4148690 0.3436876 0.3380128 0.3890801 0.3770739 0.4273038 0.0272141 0.2791255 
n296_299   0.2535797 0.2585057 0.0593170 0.1409017 0.2634798 0.0168869 0.2941261 0.2784457 0.0892102 0.0593556 0.3833114 0.0000000 0.3094584 0.0448630 0.2734069 0.0484343 0.2637272 0.2490457 0.0066924 0.2885342 0.0593333 0.3830563 0.3828849 
n265_268   0.2153273 0.2199778 0.3368801 0.3146711 0.2198532 0.2988825 0.0342113 0.1325827 0.3481561 0.3368339 0.3540592 0.3094584 0.0000000 0.3203092 0.2244422 0.3256440 0.2106516 0.1925217 0.3146529 0.1448836 0.3365997 0.3482434 0.3368433 
n275_278   0.2687005 0.2737424 0.0134683 0.1451142 0.2735822 0.0342318 0.3047397 0.2992241 0.1047514 0.0203148 0.4087959 0.0448630 0.3203092 0.0000000 0.2836597 0.0033408 0.2788533 0.2638463 0.0448537 0.3096225 0.0203074 0.4082423 0.3830944 
n274_277   0.0237910 0.0272633 0.2992809 0.2789777 0.0272494 0.2633674 0.2108205 0.1969070 0.3047117 0.2942134 0.3719039 0.2734069 0.2244422 0.2836597 0.0000000 0.2887239 0.0741598 0.0630552 0.2783479 0.2014135 0.2994365 0.3716583 0.3489224 
n294_297   0.2736602 0.2787383 0.0168757 0.1492539 0.2785747 0.0377475 0.3099625 0.3044029 0.1086539 0.0237578 0.4148690 0.0484343 0.3256440 0.0033408 0.2887239 0.0000000 0.2838866 0.2687734 0.0484243 0.3148769 0.0237491 0.4143049 0.3889342 
n278_281   0.0630825 0.0667759 0.2893101 0.2842025 0.0667410 0.2538199 0.2017642 0.1970756 0.2996894 0.2893377 0.3436876 0.2637272 0.2106516 0.2788533 0.0741598 0.2838866 0.0000000 0.0169121 0.2686060 0.2015863 0.2945277 0.3434653 0.3327846 
n277_280   0.0521519 0.0557845 0.2740682 0.2690828 0.0557555 0.2393474 0.1838533 0.1881188 0.2792398 0.2740940 0.3380128 0.2490457 0.1925217 0.2638463 0.0630552 0.2687734 0.0169121 0.0000000 0.2538259 0.1925694 0.2791701 0.3377952 0.3218111 
n295_298   0.2583855 0.2633451 0.0593046 0.1408705 0.2683534 0.0168834 0.2992156 0.2834214 0.0891912 0.0593432 0.3890801 0.0066924 0.3146529 0.0448537 0.2783479 0.0484243 0.2686060 0.2538259 0.0000000 0.2935788 0.0593210 0.3888201 0.3886449 
n285_288   0.1970396 0.2015636 0.3204890 0.3095614 0.2014506 0.2782753 0.1286542 0.0100673 0.3368645 0.3258865 0.3770739 0.2885342 0.1448836 0.3096225 0.2014135 0.3148769 0.2015863 0.1925694 0.2935788 0.0000000 0.3256615 0.3768244 0.3594083 
n297_300   0.2841321 0.2892933 0.0342097 0.1620373 0.2841095 0.0484631 0.3206798 0.3150277 0.1126496 0.0168781 0.4273038 0.0593333 0.3365997 0.0203074 0.2994365 0.0237491 0.2945277 0.2791701 0.0593210 0.3256615 0.0000000 0.4267176 0.4012249 
n255_258   0.3488926 0.3545709 0.4270652 0.3960864 0.3547728 0.3957279 0.3317503 0.3596283 0.4465210 0.4204437 0.0272141 0.3830563 0.3482434 0.4082423 0.3716583 0.4143049 0.3434653 0.3377952 0.3888201 0.3768244 0.4267176 0.0000000 0.2892245 
n244_247   0.3268685 0.3323691 0.4012037 0.3648218 0.3380057 0.3654277 0.3259908 0.3426302 0.4201101 0.4012466 0.2791255 0.3828849 0.3368433 0.3830944 0.3489224 0.3889342 0.3327846 0.3218111 0.3886449 0.3594083 0.4012249 0.2892245 0.0000000 
