26
n295_292   0.0000000 2.1421811 0.2794636 3.5712350 2.2357213 0.2841019 0.2394031 1.5201733 0.2496690 2.1777743 0.1366045 2.3087598 0.2890802 2.8181988 1.0660666 1.4169606 1.9995128 1.4867993 0.6464215 0.1322799 0.1282591 0.0448038 8.9999990 1.5357480 1.9385504 2.2735405 
n280_277   2.1421811 0.0000000 2.1819992 3.5717404 0.0741062 2.1855181 2.2311125 1.7302661 2.1522158 0.4111042 2.0852242 0.0704460 2.2794282 3.5478606 2.8275108 1.6951092 0.1290607 1.7468948 2.1195761 2.1958912 2.1894032 2.0148203 3.6198000 1.8277905 0.4724891 0.0816470 
n275_272   0.2794636 2.1819992 0.0000000 7.4421717 2.1499398 0.1206392 0.1122772 1.7203038 0.1244127 1.9205433 0.3077509 2.2438928 0.1245044 3.4881938 1.1335243 1.5544277 2.0859672 1.4519908 0.5870353 0.2918029 0.2959186 0.2754568 9.0000000 1.6601241 1.9244825 2.2121426 
n255_252   3.5712350 3.5717404 7.4421717 0.0000000 3.1527808 3.6121233 4.6998946 3.8022252 4.2749636 2.0651863 4.5488375 2.9509652 3.7828572 2.6863610 2.9911473 4.0712572 3.2113647 2.8206092 2.4507650 4.8863925 5.0767705 4.0740689 0.2872640 3.6234387 2.3448908 3.0765783 
n292_289   2.2357213 0.0741062 2.1499398 3.1527808 0.0000000 2.2161871 2.2462035 1.6910908 2.1934232 0.4161431 2.3091867 0.0448965 2.1851024 3.7040397 2.9098351 1.6892952 0.1010223 1.6850842 2.2018368 2.4125950 2.3628369 2.1556066 3.0507554 1.6798025 0.4647194 0.0521392 
n294_291   0.2841019 2.1855181 0.1206392 3.6121233 2.2161871 0.0000000 0.1163193 1.6841006 0.1161684 1.9359522 0.3280918 2.2485872 0.0413888 2.6303801 1.0884608 1.5240246 2.1021507 1.5647729 0.5998059 0.3172496 0.3161778 0.2845766 9.0000000 1.6814449 1.8363737 2.1197426 
n297_294   0.2394031 2.2311125 0.1122772 4.6998946 2.2462035 0.1163193 0.0000000 1.5168085 0.0376225 2.0799269 0.2961098 2.3496109 0.1202411 3.2765330 1.0476102 1.3821683 2.1299227 1.4074843 0.5386906 0.2853681 0.2894476 0.2451311 9.0000000 1.5102904 1.9305622 2.3145980 
n286_283   1.5201733 1.7302661 1.7203038 3.8022252 1.6910908 1.6841006 1.5168085 0.0000000 1.5425257 1.8177823 2.0569221 1.7473322 1.7480025 2.7357991 1.9318157 0.0820448 1.5753109 1.0836906 1.8962423 1.9564265 1.9746728 1.5769790 3.1648622 1.0359230 1.7470851 1.6704676 
n298_295   0.2496690 2.1522158 0.1244127 4.2749636 2.1934232 0.1161684 0.0376225 1.5425257 0.0000000 1.9437326 0.2808767 2.1779840 0.1325378 3.3775362 1.0599741 1.4040651 2.1148882 1.4826090 0.5535016 0.2861390 0.2852791 0.2399876 9.0000000 1.5960379 1.7930968 2.1476531 
n278_275   2.1777743 0.4111042 1.9205433 2.0651863 0.4161431 1.9359522 2.0799269 1.8177823 1.9437326 0.0000000 2.0520813 0.3803022 2.1835154 2.8236634 2.4221965 1.6799137 0.4403825 1.7659914 1.9783971 2.2158695 2.2740256 2.0344797 2.2228636 1.7846365 0.1297970 0.4034165 
n287_284   0.1366045 2.0852242 0.3077509 4.5488375 2.3091867 0.3280918 0.2961098 2.0569221 0.2808767 2.0520813 0.0000000 2.3111482 0.3396861 2.9441535 1.1690716 1.8285160 2.0915088 1.6489998 0.6698393 0.0705477 0.0779960 0.1407264 4.9419101 1.7434109 1.9382596 2.2765609 
n300_297   2.3087598 0.0704460 2.2438928 2.9509652 0.0448965 2.2485872 2.3496109 1.7473322 2.1779840 0.3803022 2.3111482 0.0000000 2.3362499 4.0937663 2.6549890 1.7147214 0.1051631 1.6978919 2.1956338 2.4966944 2.4436588 2.1583225 2.9729026 1.7065176 0.4262778 0.0203517 
n293_290   0.2890802 2.2794282 0.1245044 3.7828572 2.1851024 0.0413888 0.1202411 1.7480025 0.1325378 2.1835154 0.3396861 2.3362499 0.0000000 2.7136036 1.1370957 1.5452598 2.1797148 1.4624708 0.5837844 0.3067672 0.3111462 0.3006986 9.0000000 1.5509629 1.9569942 2.3015366 
n244_241   2.8181988 3.5478606 3.4881938 2.6863610 3.7040397 2.6303801 3.2765330 2.7357991 3.3775362 2.8236634 2.9441535 4.0937663 2.7136036 0.0000000 8.9999987 3.0195778 3.2625213 2.7754551 3.2166495 3.2319632 2.9702257 2.7114992 2.9474917 2.7737218 2.4978942 3.9120758 
n200_199   1.0660666 2.8275108 1.1335243 2.9911473 2.9098351 1.0884608 1.0476102 1.9318157 1.0599741 2.4221965 1.1690716 2.6549890 1.1370957 8.9999987 0.0000000 1.7612516 2.6445167 1.8041395 1.0693019 1.1260015 1.1259512 1.0631326 2.5530051 1.7745470 2.5043748 2.5057545 
n285_282   1.4169606 1.6951092 1.5544277 4.0712572 1.6892952 1.5240246 1.3821683 0.0820448 1.4040651 1.6799137 1.8285160 1.7147214 1.5452598 3.0195778 1.7612516 0.0000000 1.6278896 1.0811696 1.8486110 1.7642107 1.7426083 1.4679350 3.1125915 1.0139959 1.6623076 1.6406452 
n274_271   1.9995128 0.1290607 2.0859672 3.2113647 0.1010223 2.1021507 2.1299227 1.5753109 2.1148882 0.4403825 2.0915088 0.1051631 2.1797148 3.2625213 2.6445167 1.6278896 0.0000000 1.8889141 2.0020722 2.2311876 2.0913482 1.9912805 2.8794482 1.8690474 0.4713898 0.1172568 
n266_263   1.4867993 1.7468948 1.4519908 2.8206092 1.6850842 1.5647729 1.4074843 1.0836906 1.4826090 1.7659914 1.6489998 1.6978919 1.4624708 2.7754551 1.8041395 1.0811696 1.8889141 0.0000000 1.5810271 1.4923714 1.7094404 1.4625730 2.0648171 0.1632424 1.6062205 1.7238236 
n236_233   0.6464215 2.1195761 0.5870353 2.4507650 2.2018368 0.5998059 0.5386906 1.8962423 0.5535016 1.9783971 0.6698393 2.1956338 0.5837844 3.2166495 1.0693019 1.8486110 2.0020722 1.5810271 0.0000000 0.6888810 0.7552153 0.6469573 2.5530035 1.5941054 1.8032861 2.0740621 
n290_287   0.1322799 2.1958912 0.2918029 4.8863925 2.4125950 0.3172496 0.2853681 1.9564265 0.2861390 2.2158695 0.0705477 2.4966944 0.3067672 3.2319632 1.1260015 1.7642107 2.2311876 1.4923714 0.6888810 0.0000000 0.0412823 0.1324280 9.0000000 1.6114191 2.0319659 2.4564516 
n289_286   0.1282591 2.1894032 0.2959186 5.0767705 2.3628369 0.3161778 0.2894476 1.9746728 0.2852791 2.2740256 0.0779960 2.4436588 0.3111462 2.9702257 1.1259512 1.7426083 2.0913482 1.7094404 0.7552153 0.0412823 0.0000000 0.1365311 9.0000000 1.8662495 2.0789084 2.4048914 
n296_293   0.0448038 2.0148203 0.2754568 4.0740689 2.1556066 0.2845766 0.2451311 1.5769790 0.2399876 2.0344797 0.1407264 2.1583225 0.3006986 2.7114992 1.0631326 1.4679350 1.9912805 1.4625730 0.6469573 0.1324280 0.1365311 0.0000000 8.9999986 1.5331307 1.7415012 2.1278593 
n251_248   8.9999990 3.6198000 9.0000000 0.2872640 3.0507554 9.0000000 9.0000000 3.1648622 9.0000000 2.2228636 4.9419101 2.9729026 9.0000000 2.9474917 2.5530051 3.1125915 2.8794482 2.0648171 2.5530035 9.0000000 9.0000000 8.9999986 0.0000000 2.3556696 2.3883778 2.9616666 
n265_262   1.5357480 1.8277905 1.6601241 3.6234387 1.6798025 1.6814449 1.5102904 1.0359230 1.5960379 1.7846365 1.7434109 1.7065176 1.5509629 2.7737218 1.7745470 1.0139959 1.8690474 0.1632424 1.5941054 1.6114191 1.8662495 1.5331307 2.3556696 0.0000000 1.6449149 1.7620390 
n277_274   1.9385504 0.4724891 1.9244825 2.3448908 0.4647194 1.8363737 1.9305622 1.7470851 1.7930968 0.1297970 1.9382596 0.4262778 1.9569942 2.4978942 2.5043748 1.6623076 0.4713898 1.6062205 1.8032861 2.0319659 2.0789084 1.7415012 2.3883778 1.6449149 0.0000000 0.4576821 
n299_296   2.2735405 0.0816470 2.2121426 3.0765783 0.0521392 2.1197426 2.3145980 1.6704676 2.1476531 0.4034165 2.2765609 0.0203517 2.3015366 3.9120758 2.5057545 1.6406452 0.1172568 1.7238236 2.0740621 2.4564516 2.4048914 2.1278593 2.9616666 1.7620390 0.4576821 0.0000000 
