25
n200_201   0.0000000 0.3051434 0.1510473 0.2479365 0.1470316 0.3911377 0.1553335 0.1884904 0.2517757 0.1758840 0.3198953 0.1593289 0.1310577 0.3254575 0.2525661 0.2617766 0.1429959 0.2710077 0.3101108 0.3007782 0.2908095 0.2384877 0.3952026 0.3733409 0.1346340 
n280_283   0.3051434 0.0000000 0.3574625 0.2708782 0.3522813 0.3674532 0.3310348 0.3668158 0.2898153 0.3510113 0.0237171 0.3410530 0.3314783 0.0203088 0.2658332 0.2704370 0.3469803 0.2947300 0.0134688 0.0554954 0.0483236 0.2660005 0.4697003 0.3557814 0.3152705 
n287_292   0.1510473 0.3574625 0.0000000 0.2817726 0.0100833 0.4425912 0.0663335 0.0959024 0.2810536 0.0846841 0.3737275 0.0699428 0.0272375 0.3735422 0.2819989 0.2915739 0.0067078 0.3011249 0.3627810 0.3258247 0.3208001 0.2718587 0.4415506 0.4238244 0.1188998 
n286_289   0.2479365 0.2708782 0.2817726 0.0000000 0.2770332 0.3571371 0.2867925 0.3103271 0.1155474 0.3007023 0.2756021 0.2863885 0.2628267 0.2756649 0.0376858 0.0518096 0.2722180 0.1234665 0.2614433 0.2430364 0.2338066 0.0067092 0.3723669 0.3459297 0.2618188 
n289_294   0.1470316 0.3522813 0.0100833 0.2770332 0.0000000 0.4368451 0.0627119 0.0921540 0.2763280 0.0809847 0.3684431 0.0663075 0.0237851 0.3682617 0.2772547 0.2867778 0.0033474 0.2962776 0.3575671 0.3208383 0.3158429 0.2671793 0.4414348 0.4182168 0.1150465 
n251_254   0.3911377 0.3674532 0.4425912 0.3571371 0.4368451 0.0000000 0.4550333 0.4840682 0.3624045 0.4718430 0.3783006 0.4542609 0.4081032 0.3840017 0.3623378 0.3619848 0.4309189 0.3736120 0.3728373 0.3740299 0.3630397 0.3569878 0.3022429 0.0235149 0.3838483 
n297_302   0.1553335 0.3310348 0.0663335 0.2867925 0.0627119 0.4550333 0.0000000 0.0341110 0.2861588 0.0237305 0.3467387 0.0168821 0.0447917 0.3414079 0.2967635 0.3065181 0.0590931 0.3063913 0.3361753 0.3004566 0.2955905 0.2768046 0.4659186 0.4297908 0.1189931 
n293_298   0.1884904 0.3668158 0.0959024 0.3103271 0.0921540 0.4840682 0.0341110 0.0000000 0.3148538 0.0134633 0.3832335 0.0237098 0.0735860 0.3776496 0.3205819 0.3204724 0.0884014 0.3358350 0.3721824 0.3348900 0.3298228 0.3000502 0.4764442 0.4578968 0.1505615 
n265_268   0.2517757 0.2898153 0.2810536 0.1155474 0.2763280 0.3624045 0.2861588 0.3148538 0.0000000 0.3000352 0.2849916 0.2857567 0.2621628 0.2850140 0.1193725 0.1350442 0.2715270 0.0272193 0.2801602 0.2566417 0.2472550 0.1077061 0.4107580 0.3403955 0.2660132 
n294_299   0.1758840 0.3510113 0.0846841 0.3007023 0.0809847 0.4718430 0.0237305 0.0134633 0.3000352 0.0000000 0.3670983 0.0134660 0.0626667 0.3616318 0.3108355 0.3107304 0.0772837 0.3206035 0.3562732 0.3197093 0.3147362 0.2905490 0.4708605 0.4460890 0.1385704 
n292_297   0.3198953 0.0237171 0.3737275 0.2756021 0.3684431 0.3783006 0.3467387 0.3832335 0.2849916 0.3670983 0.0000000 0.3569493 0.3472096 0.0306576 0.2656189 0.2702183 0.3630284 0.2898757 0.0100759 0.0663395 0.0590660 0.2706934 0.4944498 0.3664432 0.3199102 
n275_278   0.1593289 0.3410530 0.0699428 0.2863885 0.0663075 0.4542609 0.0168821 0.0237098 0.2857567 0.0134660 0.3569493 0.0000000 0.0483171 0.3515503 0.2963408 0.2962423 0.0626742 0.3059507 0.3462545 0.3101106 0.3051902 0.2764191 0.4590246 0.4290836 0.1228175 
n295_300   0.1310577 0.3314783 0.0272375 0.2628267 0.0237851 0.4081032 0.0447917 0.0735860 0.2621628 0.0626667 0.3472096 0.0483171 0.0000000 0.3470436 0.2724835 0.2819522 0.0203428 0.2817360 0.3366276 0.3008488 0.2959749 0.2531580 0.4186049 0.3901872 0.0997359 
n274_277   0.3254575 0.0203088 0.3735422 0.2756649 0.3682617 0.3840017 0.3414079 0.3776496 0.2850140 0.3616318 0.0306576 0.3515503 0.3470436 0.0000000 0.2705847 0.2752140 0.3628510 0.2949489 0.0203109 0.0627799 0.0555322 0.2707554 0.4955582 0.3720425 0.3306753 
n286_291   0.2525661 0.2658332 0.2819989 0.0376858 0.2772547 0.3623378 0.2967635 0.3205819 0.1193725 0.3108355 0.2656189 0.2963408 0.2724835 0.2705847 0.0000000 0.0134551 0.2724346 0.1273294 0.2564670 0.2474728 0.2381944 0.0306713 0.4056349 0.3509709 0.2665284 
n285_290   0.2617766 0.2704370 0.2915739 0.0518096 0.2867778 0.3619848 0.3065181 0.3204724 0.1350442 0.3107304 0.2702183 0.2962423 0.2819522 0.2752140 0.0134551 0.0000000 0.2819007 0.1431700 0.2610210 0.2519839 0.2426553 0.0446617 0.3995818 0.3506336 0.2662901 
n290_295   0.1429959 0.3469803 0.0067078 0.2722180 0.0033474 0.4309189 0.0590931 0.0884014 0.2715270 0.0772837 0.3630284 0.0626742 0.0203428 0.3628510 0.2724346 0.2819007 0.0000000 0.2913442 0.3522300 0.3157518 0.3107885 0.2624292 0.4354927 0.4124436 0.1111828 
n266_269   0.2710077 0.2947300 0.3011249 0.1234665 0.2962776 0.3736120 0.3063913 0.3358350 0.0272193 0.3206035 0.2898757 0.3059507 0.2817360 0.2949489 0.1273294 0.1431700 0.2913442 0.0000000 0.2850130 0.2613497 0.2519038 0.1155330 0.4226961 0.3512461 0.2808855 
n299_304   0.3101108 0.0134688 0.3627810 0.2614433 0.3575671 0.3728373 0.3361753 0.3721824 0.2801602 0.3562732 0.0100759 0.3462545 0.3366276 0.0203109 0.2564670 0.2610210 0.3522300 0.2850130 0.0000000 0.0555013 0.0483287 0.2566279 0.4758174 0.3610744 0.3101318 
n278_281   0.3007782 0.0554954 0.3258247 0.2430364 0.3208383 0.3740299 0.3004566 0.3348900 0.2566417 0.3197093 0.0663395 0.3101106 0.3008488 0.0627799 0.2474728 0.2519839 0.3157518 0.2613497 0.0555013 0.0000000 0.0067116 0.2383377 0.4522434 0.3622166 0.2853498 
n277_280   0.2908095 0.0483236 0.3208001 0.2338066 0.3158429 0.3630397 0.2955905 0.3298228 0.2472550 0.3147362 0.0590660 0.3051902 0.2959749 0.0555322 0.2381944 0.2426553 0.3107885 0.2519038 0.0483287 0.0067116 0.0000000 0.2291685 0.4401223 0.3514178 0.2805819 
n285_288   0.2384877 0.2660005 0.2718587 0.0067092 0.2671793 0.3569878 0.2768046 0.3000502 0.1077061 0.2905490 0.2706934 0.2764191 0.2531580 0.2707554 0.0306713 0.0446617 0.2624292 0.1155330 0.2566279 0.2383377 0.2291685 0.0000000 0.3722081 0.3351444 0.2521979 
n244_245   0.3952026 0.4697003 0.4415506 0.3723669 0.4414348 0.3022429 0.4659186 0.4764442 0.4107580 0.4708605 0.4944498 0.4590246 0.4186049 0.4955582 0.4056349 0.3995818 0.4354927 0.4226961 0.4758174 0.4522434 0.4401223 0.3722081 0.0000000 0.3066379 0.4218884 
n255_258   0.3733409 0.3557814 0.4238244 0.3459297 0.4182168 0.0235149 0.4297908 0.4578968 0.3403955 0.4460890 0.3664432 0.4290836 0.3901872 0.3720425 0.3509709 0.3506336 0.4124436 0.3512461 0.3610744 0.3622166 0.3514178 0.3351444 0.3066379 0.0000000 0.3612210 
n236_237   0.1346340 0.3152705 0.1188998 0.2618188 0.1150465 0.3838483 0.1189931 0.1505615 0.2660132 0.1385704 0.3199102 0.1228175 0.0997359 0.3306753 0.2665284 0.2662901 0.1111828 0.2808855 0.3101318 0.2853498 0.2805819 0.2521979 0.4218884 0.3612210 0.0000000 
