23
n265_260   0.0000000 0.8475392 2.7080721 1.6510597 1.6575178 1.6569258 1.3900339 2.0126974 2.8254319 2.1118828 1.6422204 1.8098051 2.7136341 0.1489992 0.9299784 1.6882690 1.6305062 2.7956777 1.5657165 2.6379277 1.5903424 1.6258984 2.5811782 
n285_276   0.8475392 0.0000000 1.4656118 1.4006072 1.4647533 1.4610096 1.4227354 1.9743527 1.5387932 1.5230224 1.5682705 1.4945685 1.4877008 0.8734926 0.0851054 1.5175770 1.5205142 1.4440075 1.4798157 2.6334289 1.4295836 1.4124999 2.3936783 
n280_271   2.7080721 1.4656118 0.0000000 1.6924261 1.5039369 1.7515026 1.4372753 2.1417308 0.1007830 0.1616320 2.1029700 1.6817269 0.1008584 2.4456947 1.4880750 1.5500932 1.5802827 0.0968178 1.6566658 2.1776617 1.6614020 1.3750313 2.6295031 
n289_280   1.6510597 1.4006072 1.6924261 0.0000000 0.3704995 0.1009800 0.3714640 0.5800370 1.6536433 1.6935887 0.9626950 0.0342951 1.6859527 1.6359158 1.5133606 0.3705293 0.3767744 1.6461933 0.1046153 2.9158638 0.0378334 0.3427799 2.9527817 
n298_289   1.6575178 1.4647533 1.5039369 0.3704995 0.0000000 0.3758953 0.1739201 0.6855991 1.4852539 1.5540014 0.9606860 0.3878479 1.5117039 1.6649321 1.4204490 0.1868007 0.0341957 1.4581097 0.3694418 2.9595426 0.3642060 0.1527082 2.7530979 
n295_286   1.6569258 1.4610096 1.7515026 0.1009800 0.3758953 0.0000000 0.4006422 0.5735807 1.7496268 1.7293313 0.9773042 0.1247227 1.7857420 1.8008110 1.5837226 0.3757291 0.3822188 1.7051464 0.0484653 2.6950400 0.1166842 0.3538603 2.5173872 
n275_268   1.3900339 1.4227354 1.4372753 0.3714640 0.1739201 0.4006422 0.0000000 0.7449459 1.4456640 1.5634045 1.0223480 0.3895223 1.4707528 1.4618405 1.5209725 0.2009376 0.1826914 1.4349522 0.3823960 4.0559044 0.3764049 0.1744417 2.3149633 
n236_237   2.0126974 1.9743527 2.1417308 0.5800370 0.6855991 0.5735807 0.7449459 0.0000000 2.2968723 2.3763455 1.0159204 0.5878654 2.2898373 1.9019322 2.0001669 0.6967033 0.6528663 2.1453352 0.5960289 2.9962511 0.5967440 0.6804442 3.1410596 
n300_291   2.8254319 1.5387932 0.1007830 1.6536433 1.4852539 1.7496268 1.4456640 2.2968723 0.0000000 0.1284527 2.1282155 1.6153589 0.0067104 2.3697245 1.5937105 1.4543024 1.5307917 0.0342251 1.7120806 1.8841619 1.6583423 1.3145414 2.5560790 
n274_267   2.1118828 1.5230224 0.1616320 1.6935887 1.5540014 1.7293313 1.5634045 2.3763455 0.1284527 0.0000000 2.0938115 1.6907699 0.1285506 1.9519051 1.5064623 1.6016103 1.6032717 0.1364865 1.7260114 1.8237088 1.6985633 1.4825851 2.6344055 
n200_201   1.6422204 1.5682705 2.1029700 0.9626950 0.9606860 0.9773042 1.0223480 1.0159204 2.1282155 2.0938115 0.0000000 1.0027089 2.1366619 1.6411012 1.6474792 1.0056566 0.9385630 2.1216021 0.9340951 2.5936444 0.9634165 0.9772147 3.4345880 
n290_281   1.8098051 1.4945685 1.6817269 0.0342951 0.3878479 0.1247227 0.3895223 0.5878654 1.6153589 1.6907699 1.0027089 0.0000000 1.6461795 1.6890106 1.6211033 0.3935181 0.3942941 1.6430829 0.1243999 2.8010778 0.0594022 0.3705361 3.1381263 
n299_290   2.7136341 1.4877008 0.1008584 1.6859527 1.5117039 1.7857420 1.4707528 2.2898373 0.0067104 0.1285506 2.1366619 1.6461795 0.0000000 2.2983996 1.5976783 1.4797262 1.5586644 0.0342494 1.7466552 1.8901998 1.6908883 1.3359546 2.5701890 
n266_261   0.1489992 0.8734926 2.4456947 1.6359158 1.6649321 1.8008110 1.4618405 1.9019322 2.3697245 1.9519051 1.6411012 1.6890106 2.2983996 0.0000000 0.9471929 1.6973863 1.6375953 2.5060210 1.6946772 2.5657995 1.6626575 1.6263651 2.4248970 
n286_277   0.9299784 0.0851054 1.4880750 1.5133606 1.4204490 1.5837226 1.5209725 2.0001669 1.5937105 1.5064623 1.6474792 1.6211033 1.5976783 0.9471929 0.0000000 1.5223055 1.4733645 1.4670214 1.5258301 2.3434948 1.5467844 1.3900390 2.3152138 
n294_285   1.6882690 1.5175770 1.5500932 0.3705293 0.1868007 0.3757291 0.2009376 0.6967033 1.4543024 1.6016103 1.0056566 0.3935181 1.4797262 1.6973863 1.5223055 0.0000000 0.1870205 1.4505949 0.3641372 3.4041650 0.3754556 0.0556956 2.6533075 
n297_288   1.6305062 1.5205142 1.5802827 0.3767744 0.0341957 0.3822188 0.1826914 0.6528663 1.5307917 1.6032717 0.9385630 0.3942941 1.5586644 1.6375953 1.4733645 0.1870205 0.0000000 1.5022254 0.3756936 2.6536061 0.3704134 0.1528836 2.7533224 
n292_283   2.7956777 1.4440075 0.0968178 1.6461933 1.4581097 1.7051464 1.4349522 2.1453352 0.0342251 0.1364865 2.1216021 1.6430829 0.0342494 2.5060210 1.4670214 1.4505949 1.5022254 0.0000000 1.6692900 2.0579536 1.6239669 1.3114391 2.3591691 
n296_287   1.5657165 1.4798157 1.6566658 0.1046153 0.3694418 0.0484653 0.3823960 0.5960289 1.7120806 1.7260114 0.9340951 0.1243999 1.7466552 1.6946772 1.5258301 0.3641372 0.3756936 1.6692900 0.0000000 2.8701679 0.1203671 0.3420602 2.4946441 
n244_245   2.6379277 2.6334289 2.1776617 2.9158638 2.9595426 2.6950400 4.0559044 2.9962511 1.8841619 1.8237088 2.5936444 2.8010778 1.8901998 2.5657995 2.3434948 3.4041650 2.6536061 2.0579536 2.8701679 0.0000000 2.9640037 3.3739763 1.9692074 
n287_278   1.5903424 1.4295836 1.6614020 0.0378334 0.3642060 0.1166842 0.3764049 0.5967440 1.6583423 1.6985633 0.9634165 0.0594022 1.6908883 1.6626575 1.5467844 0.3754556 0.3704134 1.6239669 0.1203671 2.9640037 0.0000000 0.3475631 3.2851262 
n293_284   1.6258984 1.4124999 1.3750313 0.3427799 0.1527082 0.3538603 0.1744417 0.6804442 1.3145414 1.4825851 0.9772147 0.3705361 1.3359546 1.6263651 1.3900390 0.0556956 0.1528836 1.3114391 0.3420602 3.3739763 0.3475631 0.0000000 2.6323622 
n251_252   2.5811782 2.3936783 2.6295031 2.9527817 2.7530979 2.5173872 2.3149633 3.1410596 2.5560790 2.6344055 3.4345880 3.1381263 2.5701890 2.4248970 2.3152138 2.6533075 2.7533224 2.3591691 2.4946441 1.9692074 3.2851262 2.6323622 0.0000000 
