24
n289_290   0.0000000 0.0377565 0.0237711 0.2955142 0.2623573 0.0377565 0.0067085 0.2525934 0.4374070 0.0413189 0.2754590 0.2670972 0.4530564 0.2867417 0.0100933 0.1240595 0.2818888 0.0342361 0.0704528 0.2669379 0.2658101 0.0377788 0.4629819 0.2705453 
n294_295   0.0377565 0.0000000 0.0342390 0.2902351 0.2571054 0.0066965 0.0307163 0.2474262 0.4368203 0.0100756 0.2703362 0.2618072 0.4463673 0.2714122 0.0342355 0.1161003 0.2666587 0.0100764 0.0666784 0.2616521 0.2560227 0.0067006 0.4623541 0.2606968 
n295_296   0.0237711 0.0342390 0.0000000 0.3007723 0.2822101 0.0342390 0.0168843 0.2721661 0.4438115 0.0377803 0.2805650 0.2870734 0.4529287 0.2920740 0.0203234 0.1281040 0.2920981 0.0307364 0.0741566 0.2868990 0.2709899 0.0342591 0.4696275 0.2757604 
n266_267   0.2955142 0.2902351 0.3007723 0.0000000 0.2274903 0.2902351 0.2904281 0.2273314 0.3953417 0.2954879 0.0307380 0.2319999 0.4597511 0.2652035 0.2957407 0.3216526 0.2654037 0.2955453 0.2863023 0.2225668 0.1320952 0.2904508 0.4316201 0.1281414 
n299_300   0.2623573 0.2571054 0.2822101 0.2274903 0.0000000 0.2618259 0.2574819 0.0134856 0.4022209 0.2668794 0.2095073 0.0033481 0.4478207 0.0520135 0.2625549 0.2869421 0.0520449 0.2669281 0.2674572 0.0168918 0.1958622 0.2620163 0.4080394 0.1958622 
n298_299   0.0377565 0.0066965 0.0342390 0.2902351 0.2618259 0.0000000 0.0307163 0.2520861 0.4368203 0.0100756 0.2703362 0.2665542 0.4463673 0.2762149 0.0342355 0.1161003 0.2714343 0.0033421 0.0666784 0.2663957 0.2560227 0.0067006 0.4623541 0.2606968 
n290_291   0.0067085 0.0307163 0.0168843 0.2904281 0.2574819 0.0307163 0.0000000 0.2477861 0.4311917 0.0342352 0.2705149 0.2621917 0.4467406 0.2817041 0.0033459 0.1200788 0.2768828 0.0272339 0.0630327 0.2620361 0.2609311 0.0307343 0.4565413 0.2656360 
n274_275   0.2525934 0.2474262 0.2721661 0.2273314 0.0134856 0.2520861 0.2477861 0.0000000 0.4018823 0.2570658 0.2093636 0.0100835 0.4352147 0.0448174 0.2527824 0.2668983 0.0448439 0.2571115 0.2576160 0.0100788 0.1957300 0.2522679 0.4076928 0.1957300 
n251_252   0.4374070 0.4368203 0.4438115 0.3953417 0.4022209 0.4368203 0.4311917 0.4018823 0.0000000 0.4180142 0.3896654 0.4078975 0.2988319 0.4316784 0.4377770 0.4631584 0.4446136 0.4434393 0.4320693 0.4194451 0.4123607 0.4371893 0.0341024 0.4123607 
n293_294   0.0413189 0.0100756 0.0377803 0.2954879 0.2668794 0.0100756 0.0342352 0.2570658 0.4180142 0.0000000 0.2754369 0.2716405 0.4397319 0.2813697 0.0377765 0.1201316 0.2765557 0.0134762 0.0704140 0.2714781 0.2610195 0.0100814 0.4428636 0.2657257 
n265_266   0.2754590 0.2703362 0.2805650 0.0307380 0.2095073 0.2703362 0.2705149 0.2093636 0.3896654 0.2754369 0.0000000 0.2139181 0.4347092 0.2463211 0.2756673 0.3008526 0.2465036 0.2754880 0.2664542 0.2047232 0.1201791 0.2705337 0.4256559 0.1201791 
n300_301   0.2670972 0.2618072 0.2870734 0.2319999 0.0033481 0.2665542 0.2621917 0.0100835 0.4078975 0.2716405 0.2139181 0.0000000 0.4538039 0.0483911 0.2672988 0.2816834 0.0484210 0.2716906 0.2722314 0.0134722 0.2001910 0.2667488 0.4137581 0.2001910 
n244_245   0.4530564 0.4463673 0.4529287 0.4597511 0.4478207 0.4463673 0.4467406 0.4352147 0.2988319 0.4397319 0.4347092 0.4538039 0.0000000 0.4464361 0.4534416 0.4403723 0.4602149 0.4530418 0.4357313 0.4534842 0.4522900 0.4402096 0.3093160 0.4522900 
n278_279   0.2867417 0.2714122 0.2920740 0.2652035 0.0520135 0.2762149 0.2817041 0.0448174 0.4316784 0.2813697 0.2463211 0.0483911 0.4464361 0.0000000 0.2869608 0.2862600 0.0168616 0.2814227 0.2920264 0.0483681 0.2087961 0.2764180 0.4377247 0.2087961 
n287_288   0.0100933 0.0342355 0.0203234 0.2957407 0.2625549 0.0342355 0.0033459 0.2527824 0.4377770 0.0377765 0.2756673 0.2672988 0.4534416 0.2869608 0.0000000 0.1241443 0.2821036 0.0307333 0.0667502 0.2671393 0.2660099 0.0342557 0.4633806 0.2707492 
n200_201   0.1240595 0.1161003 0.1281040 0.3216526 0.2869421 0.1161003 0.1200788 0.2668983 0.4631584 0.1201316 0.3008526 0.2816834 0.4403723 0.2862600 0.1241443 0.0000000 0.2915720 0.1201461 0.1203598 0.2815133 0.2798879 0.1161743 0.4962115 0.2798879 
n277_278   0.2818888 0.2666587 0.2920981 0.2654037 0.0520449 0.2714343 0.2768828 0.0448439 0.4446136 0.2765557 0.2465036 0.0484210 0.4602149 0.0168616 0.2821036 0.2915720 0.0000000 0.2766072 0.2871374 0.0483968 0.2089446 0.2716332 0.4507737 0.2089446 
n297_298   0.0342361 0.0100764 0.0307364 0.2955453 0.2669281 0.0033421 0.0272339 0.2571115 0.4434393 0.0134762 0.2754880 0.2716906 0.4530418 0.2814227 0.0307333 0.1201461 0.2766072 0.0000000 0.0704211 0.2715281 0.2610663 0.0100822 0.4692262 0.2657739 
n236_237   0.0704528 0.0666784 0.0741566 0.2863023 0.2674572 0.0666784 0.0630327 0.2576160 0.4320693 0.0704140 0.2664542 0.2722314 0.4357313 0.2920264 0.0667502 0.1203598 0.2871374 0.0704211 0.0000000 0.2720682 0.2563741 0.0667192 0.4581362 0.2563741 
n280_281   0.2669379 0.2616521 0.2868990 0.2225668 0.0168918 0.2663957 0.2620361 0.0100788 0.4194451 0.2714781 0.2047232 0.0134722 0.4534842 0.0483681 0.2671393 0.2815133 0.0483968 0.2715281 0.2720682 0.0000000 0.1911906 0.2665900 0.4253941 0.1911906 
n285_286   0.2658101 0.2560227 0.2709899 0.1320952 0.1958622 0.2560227 0.2609311 0.1957300 0.4123607 0.2610195 0.1201791 0.2001910 0.4522900 0.2087961 0.2660099 0.2798879 0.2089446 0.2610663 0.2563741 0.1911906 0.0000000 0.2562075 0.4430903 0.0066965 
n275_276   0.0377788 0.0067006 0.0342591 0.2904508 0.2620163 0.0067006 0.0307343 0.2522679 0.4371893 0.0100814 0.2705337 0.2667488 0.4402096 0.2764180 0.0342557 0.1161743 0.2716332 0.0100822 0.0667192 0.2665900 0.2562075 0.0000000 0.4627535 0.2608856 
n255_256   0.4629819 0.4623541 0.4696275 0.4316201 0.4080394 0.4623541 0.4565413 0.4076928 0.0341024 0.4428636 0.4256559 0.4137581 0.3093160 0.4377247 0.4633806 0.4962115 0.4507737 0.4692262 0.4581362 0.4253941 0.4430903 0.4627535 0.0000000 0.4430903 
n286_287   0.2705453 0.2606968 0.2757604 0.1281414 0.1958622 0.2606968 0.2656360 0.1957300 0.4123607 0.2657257 0.1201791 0.2001910 0.4522900 0.2087961 0.2707492 0.2798879 0.2089446 0.2657739 0.2563741 0.1911906 0.0066965 0.2608856 0.4430903 0.0000000 
