26
n277_278   0.0000000 1.9973112 3.4571370 1.8055760 3.0620373 0.4618020 5.9902946 2.6216898 0.0967381 0.4769194 2.8151525 2.6009201 2.6198462 2.6952703 2.9260785 0.4836477 0.4317862 3.8372126 3.1417035 3.1000131 2.0320364 1.8911639 2.5188330 9.0000000 2.5495677 0.4713243 
n286_287   1.9973112 0.0000000 3.0413402 0.0963339 2.7223947 1.6823607 2.7974020 2.2456126 1.8721081 1.6662102 2.1425181 2.1523130 3.0654549 1.9856713 2.2487192 1.5996898 1.6561089 3.0733378 3.0282954 2.4341832 0.9078983 0.8469262 2.2441852 2.5230753 2.2116258 1.6406668 
n296_297   3.4571370 3.0413402 0.0000000 3.9688754 0.1359670 1.7299137 3.1588838 0.2547776 2.9333715 2.0229919 0.6306274 0.3053490 0.1442820 0.3198788 1.0546885 1.8932421 1.8252136 0.0520363 0.1607075 2.4617131 8.9999986 8.9999986 0.2908229 2.9914244 0.3038813 1.9406653 
n285_286   1.8055760 0.0963339 3.9688754 0.0000000 3.2855218 1.4995045 2.9430331 2.5415610 1.6704396 1.4887251 1.9208934 2.3561580 4.3496290 2.3308386 2.1856910 1.4147452 1.4611077 3.9597547 4.0469985 2.2677228 0.9295180 0.8704909 2.3920915 2.1893642 2.4321720 1.4909147 
n289_290   3.0620373 2.7223947 0.1359670 3.2855218 0.0000000 1.9111229 3.3321108 0.2368896 2.7696500 2.1789495 0.6411416 0.2765078 0.0378041 0.3008711 1.0171054 2.1781346 2.0462555 0.1443437 0.0448204 2.6346953 3.3965619 3.7147451 0.2820133 3.1566610 0.2748667 2.2415456 
n274_275   0.4618020 1.6823607 1.7299137 1.4995045 1.9111229 0.0000000 9.0000000 1.8364913 0.4501861 0.1231640 2.4626125 1.9090864 1.8123044 1.8406986 1.9878285 0.1113520 0.0999403 1.8116977 1.8739204 2.7622210 1.6746192 1.7178347 1.9118002 9.0000000 1.7628025 0.1232579 
n255_256   5.9902946 2.7974020 3.1588838 2.9430331 3.3321108 9.0000000 0.0000000 3.7784569 4.6004501 6.0292292 3.5481840 3.2034094 5.3959523 8.9999989 3.3407347 5.9537306 5.5793920 3.4831354 2.9576026 1.8933794 3.3274986 3.4611062 3.4848409 0.3183883 5.4938760 6.6817625 
n275_276   2.6216898 2.2456126 0.2547776 2.5415610 0.2368896 1.8364913 3.7784569 0.0000000 2.4271003 1.9257541 0.5703041 0.0927622 0.2514392 0.1400084 0.9146158 1.9615845 1.9109832 0.2602551 0.2605210 3.2457825 2.9554639 4.2833605 0.0891605 3.3278451 0.1276791 1.9282920 
n278_279   0.0967381 1.8721081 2.9333715 1.6704396 2.7696500 0.4501861 4.6004501 2.4271003 0.0000000 0.4637805 2.4756073 2.5582859 2.4284177 2.5134048 2.5848424 0.4775858 0.4269019 3.1315379 2.6162575 2.6345097 1.8748758 2.0239368 2.4190772 9.0000000 2.3019186 0.4582714 
n299_300   0.4769194 1.6662102 2.0229919 1.4887251 2.1789495 0.1231640 6.0292292 1.9257541 0.4637805 0.0000000 2.6542171 1.9914536 2.0564273 1.9545087 2.1801224 0.0445804 0.0847570 2.1383569 2.1745088 3.6230658 1.6760221 1.6956247 1.9649631 5.2140212 1.9012946 0.0134058 
n236_237   2.8151525 2.1425181 0.6306274 1.9208934 0.6411416 2.4626125 3.5481840 0.5703041 2.4756073 2.6542171 0.0000000 0.5639623 0.6506169 0.6642899 0.8882514 2.7492243 2.5736702 0.6401835 0.6403061 2.3769825 2.4396512 2.4292398 0.5650001 2.4444593 0.6402508 2.7250091 
n293_294   2.6009201 2.1523130 0.3053490 2.3561580 0.2765078 1.9090864 3.2034094 0.0927622 2.5582859 1.9914536 0.5639623 0.0000000 0.2914848 0.1693872 0.9526072 2.0299605 1.8898462 0.3009421 0.2915038 3.6101252 2.8876500 3.6161349 0.0485699 2.9066544 0.1566176 1.9939912 
n290_291   2.6198462 3.0654549 0.1442820 4.3496290 0.0378041 1.8123044 5.3959523 0.2514392 2.4284177 2.0564273 0.6506169 0.2914848 0.0000000 0.3220425 1.0234444 2.0552255 1.8831697 0.1527784 0.0629536 2.2115397 4.4228355 5.0552928 0.2921655 3.9733435 0.2952095 2.1110205 
n297_298   2.6952703 1.9856713 0.3198788 2.3308386 0.3008711 1.8406986 8.9999989 0.1400084 2.5134048 1.9545087 0.6642899 0.1693872 0.3220425 0.0000000 1.0440014 2.0008328 1.8689718 0.3209328 0.3211635 2.8939966 2.9291584 3.1876336 0.1741541 2.5803405 0.0555460 1.9570323 
n200_201   2.9260785 2.2487192 1.0546885 2.1856910 1.0171054 1.9878285 3.3407347 0.9146158 2.5848424 2.1801224 0.8882514 0.9526072 1.0234444 1.0440014 0.0000000 2.2952210 2.0474498 1.0428742 1.0417443 9.0000000 2.2181530 2.0137888 0.9841245 2.4752818 0.9895767 2.1373758 
n292_293   0.4836477 1.5996898 1.8932421 1.4147452 2.1781346 0.1113520 5.9537306 1.9615845 0.4775858 0.0445804 2.7492243 2.0299605 2.0552255 2.0008328 2.2952210 0.0000000 0.0735900 1.9920978 2.1721891 2.8720683 1.6129960 1.6889982 2.0024668 7.4811341 1.9079996 0.0375671 
n280_281   0.4317862 1.6561089 1.8252136 1.4611077 2.0462555 0.0999403 5.5793920 1.9109832 0.4269019 0.0847570 2.5736702 1.8898462 1.8831697 1.8689718 2.0474498 0.0735900 0.0000000 1.9163822 2.0030216 2.7077117 1.6690726 1.7152546 1.8647325 5.8462093 1.8267538 0.0773585 
n295_296   3.8372126 3.0733378 0.0520363 3.9597547 0.1443437 1.8116977 3.4831354 0.2602551 3.1315379 2.1383569 0.6401835 0.3009421 0.1527784 0.3209328 1.0428742 1.9920978 1.9163822 0.0000000 0.1694191 2.3735479 3.1848694 3.6430249 0.2864680 2.9883410 0.2995189 2.0449030 
n287_288   3.1417035 3.0282954 0.1607075 4.0469985 0.0448204 1.8739204 2.9576026 0.2605210 2.6162575 2.1745088 0.6403061 0.2915038 0.0629536 0.3211635 1.0417443 2.1721891 2.0030216 0.1694191 0.0000000 2.5648917 3.1536594 8.9999984 0.2921846 3.0202206 0.2944178 2.2817245 
n244_245   3.1000131 2.4341832 2.4617131 2.2677228 2.6346953 2.7622210 1.8933794 3.2457825 2.6345097 3.6230658 2.3769825 3.6101252 2.2115397 2.8939966 9.0000000 2.8720683 2.7077117 2.3735479 2.5648917 0.0000000 2.3164705 2.1432167 2.9185060 1.7878631 2.5182138 3.1565734 
n265_266   2.0320364 0.9078983 8.9999986 0.9295180 3.3965619 1.6746192 3.3274986 2.9554639 1.8748758 1.6760221 2.4396512 2.8876500 4.4228355 2.9291584 2.2181530 1.6129960 1.6690726 3.1848694 3.1536594 2.3164705 0.0000000 0.1819914 2.7813909 2.8419343 3.0099215 1.6511889 
n266_267   1.8911639 0.8469262 8.9999986 0.8704909 3.7147451 1.7178347 3.4611062 4.2833605 2.0239368 1.6956247 2.4292398 3.6161349 5.0552928 3.1876336 2.0137888 1.6889982 1.7152546 3.6430249 8.9999984 2.1432167 0.1819914 0.0000000 3.5751160 2.8012303 3.4453750 1.6695654 
n294_295   2.5188330 2.2441852 0.2908229 2.3920915 0.2820133 1.9118002 3.4848409 0.0891605 2.4190772 1.9649631 0.5650001 0.0485699 0.2921655 0.1741541 0.9841245 2.0024668 1.8647325 0.2864680 0.2921846 2.9185060 2.7813909 3.5751160 0.0000000 2.8071426 0.1611254 1.9675101 
n251_252   9.0000000 2.5230753 2.9914244 2.1893642 3.1566610 9.0000000 0.3183883 3.3278451 9.0000000 5.2140212 2.4444593 2.9066544 3.9733435 2.5803405 2.4752818 7.4811341 5.8462093 2.9883410 3.0202206 1.7878631 2.8419343 2.8012303 2.8071426 0.0000000 2.5311071 6.8005309 
n298_299   2.5495677 2.2116258 0.3038813 2.4321720 0.2748667 1.7628025 5.4938760 0.1276791 2.3019186 1.9012946 0.6402508 0.1566176 0.2952095 0.0555460 0.9895767 1.9079996 1.8267538 0.2995189 0.2944178 2.5182138 3.0099215 3.4453750 0.1611254 2.5311071 0.0000000 1.9038016 
n300_301   0.4713243 1.6406668 1.9406653 1.4909147 2.2415456 0.1232579 6.6817625 1.9282920 0.4582714 0.0134058 2.7250091 1.9939912 2.1110205 1.9570323 2.1373758 0.0375671 0.0773585 2.0449030 2.2817245 3.1565734 1.6511889 1.6695654 1.9675101 6.8005309 1.9038016 0.0000000 
