25
n287_262   0.0000000 3.9614791 1.1498686 2.1154295 2.0607354 0.1218363 0.2642530 0.2425151 3.6876792 1.8473391 0.7112177 3.0083831 2.0134178 0.2426400 0.0596626 1.9888172 2.0004573 2.8603900 0.1299635 1.9191990 1.8858180 2.0071472 0.0343766 0.2879802 0.2771397 
n255_230   3.9614791 0.0000000 2.2820010 2.3148681 2.4114826 3.4410339 3.6555959 3.9028367 0.4080933 2.5319659 2.1283591 2.7210554 2.1373059 3.5628274 3.4877800 2.6789839 2.5085933 2.3938443 3.0364271 2.7277284 3.2381080 2.4513125 3.5612900 3.9309267 3.5757265 
n200_181   1.1498686 2.2820010 0.0000000 2.8812045 2.4212183 1.1339196 1.1814725 1.1348650 1.9238907 2.2237490 1.2956433 1.9229263 2.4426996 1.1843087 1.2085311 2.3399425 2.2751985 1.8941123 1.1455661 1.7975271 1.8957737 2.2292834 1.1555757 1.1764361 1.1215826 
n266_241   2.1154295 2.3148681 2.8812045 0.0000000 1.6853610 2.0099460 2.1399013 2.1054500 2.4417517 1.8597257 2.0944195 1.0657188 0.2182322 2.0649760 1.8767303 1.5996851 1.5975782 1.0657039 1.9679121 1.7325119 1.8801851 1.6276920 1.9860280 2.1912675 2.3543814 
n292_267   2.0607354 2.4114826 2.4212183 1.6853610 0.0000000 2.2694786 2.3205476 2.1944884 3.1181898 0.1590913 2.0518494 2.3480898 1.8863262 2.1829822 2.0234775 0.1007987 0.0376660 1.9526640 2.1877887 0.4100326 0.4420100 0.0306501 2.0069086 2.1398661 2.3196831 
n295_270   0.1218363 3.4410339 1.1339196 2.0099460 2.2694786 0.0000000 0.2583235 0.2518009 3.1956323 2.1109396 0.7188776 2.5893388 1.9035109 0.2519325 0.1257523 2.2129808 2.2946938 2.4658357 0.0520739 2.1025964 2.1247473 2.3527574 0.1056297 0.2982356 0.2934817 
n275_250   0.2642530 3.6555959 1.1814725 2.1399013 2.3205476 0.2583235 0.0000000 0.0902014 3.3731206 2.2516135 0.6525177 2.7860956 1.9330854 0.0941175 0.2794173 2.2151266 2.2885979 3.1424202 0.2843324 2.0043062 2.0618986 2.2973562 0.2336891 0.1176216 0.1177414 
n298_273   0.2425151 3.9028367 1.1348650 2.1054500 2.1944884 0.2518009 0.0902014 0.0000000 4.0566040 1.9910200 0.6304225 3.5679905 2.1888383 0.0169336 0.2671464 2.0535189 2.1666063 3.8874071 0.2719557 1.8295833 1.8761642 2.1743884 0.2224843 0.1091658 0.1092770 
n251_226   3.6876792 0.4080933 1.9238907 2.4417517 3.1181898 3.1956323 3.3731206 4.0566040 0.0000000 3.5725566 2.8931903 2.6836641 2.2655986 3.9879047 3.4376597 3.1313480 2.9402830 2.7530777 3.5216130 3.7999152 5.0400975 2.7692377 3.8431449 3.4560011 3.4331947 
n274_249   1.8473391 2.5319659 2.2237490 1.8597257 0.1590913 2.1109396 2.2516135 1.9910200 3.5725566 0.0000000 1.9348555 2.3524312 1.9098325 2.0804813 1.7872455 0.1458481 0.1549394 1.8856595 2.0411839 0.4745234 0.4743928 0.1464606 1.8488879 2.0622186 2.1307020 
n236_213   0.7112177 2.1283591 1.2956433 2.0944195 2.0518494 0.7188776 0.6525177 0.6304225 2.8931903 1.9348555 0.0000000 2.3350911 1.9427898 0.6314119 0.6724218 1.9836423 1.9151713 2.2915441 0.6701881 1.7297791 1.8334637 1.9297487 0.6644489 0.6494695 0.6139799 
n285_260   3.0083831 2.7210554 1.9229263 1.0657188 2.3480898 2.5893388 2.7860956 3.5679905 2.6836641 2.3524312 2.3350911 0.0000000 1.1952080 3.7488096 2.8702945 2.1983835 2.1328426 0.0783207 2.5802825 1.9441614 1.9449548 2.2348669 3.1440465 4.2292453 3.9708321 
n265_240   2.0134178 2.1373059 2.4426996 0.2182322 1.8863262 1.9035109 1.9330854 2.1888383 2.2655986 1.9098325 1.9427898 1.1952080 0.0000000 2.1858436 1.8713287 1.7739808 1.7708434 1.2453395 1.9881369 1.7688541 1.8405367 1.8471288 1.9284216 1.9814013 2.1540816 
n297_272   0.2426400 3.5628274 1.1843087 2.0649760 2.1829822 0.2519325 0.0941175 0.0169336 3.9879047 2.0804813 0.6314119 3.7488096 2.1858436 0.0000000 0.2672898 2.0436430 2.1554748 4.1164745 0.2721027 1.9414401 1.9092067 2.1631650 0.2225949 0.1053396 0.1054474 
n289_264   0.0596626 3.4877800 1.2085311 1.8767303 2.0234775 0.1257523 0.2794173 0.2671464 3.4376597 1.7872455 0.6724218 2.8702945 1.8713287 0.2672898 0.0000000 1.9119464 1.9650913 2.6530229 0.1339184 1.8848047 1.9725891 1.9715731 0.0378699 0.3092761 0.3091169 
n280_255   1.9888172 2.6789839 2.3399425 1.5996851 0.1007987 2.2129808 2.2151266 2.0535189 3.1313480 0.1458481 1.9836423 2.1983835 1.7739808 2.0436430 1.9119464 0.0000000 0.0931635 1.9714789 2.2359778 0.4276244 0.4340874 0.0854977 1.8974731 2.1890349 2.2649177 
n299_274   2.0004573 2.5085933 2.2751985 1.5975782 0.0376660 2.2946938 2.2885979 2.1666063 2.9402830 0.1549394 1.9151713 2.1328426 1.7708434 2.1554748 1.9650913 0.0931635 0.0000000 1.8000927 2.2114958 0.4164123 0.4359698 0.0134490 1.9496529 2.1285038 2.2882184 
n286_261   2.8603900 2.3938443 1.8941123 1.0657039 1.9526640 2.4658357 3.1424202 3.8874071 2.7530777 1.8856595 2.2915441 0.0783207 1.2453395 4.1164745 2.6530229 1.9714789 1.8000927 0.0000000 2.4566453 1.8392970 1.8058299 1.8732840 3.0622851 4.2297411 4.0302019 
n296_271   0.1299635 3.0364271 1.1455661 1.9679121 2.1877887 0.0520739 0.2843324 0.2719557 3.5216130 2.0411839 0.6701881 2.5802825 1.9881369 0.2721027 0.1339184 2.2359778 2.2114958 2.4566453 0.0000000 2.1083570 2.1718075 2.2649860 0.1135523 0.2931250 0.2935586 
n278_253   1.9191990 2.7277284 1.7975271 1.7325119 0.4100326 2.1025964 2.0043062 1.8295833 3.7999152 0.4745234 1.7297791 1.9441614 1.7688541 1.9414401 1.8848047 0.4276244 0.4164123 1.8392970 2.1083570 0.0000000 0.1217960 0.4092069 1.8829423 1.7934030 1.8278863 
n277_252   1.8858180 3.2381080 1.8957737 1.8801851 0.4420100 2.1247473 2.0618986 1.8761642 5.0400975 0.4743928 1.8334637 1.9449548 1.8405367 1.9092067 1.9725891 0.4340874 0.4359698 1.8058299 2.1718075 0.1217960 0.0000000 0.4348276 1.9317739 1.8037288 1.9497222 
n300_275   2.0071472 2.4513125 2.2292834 1.6276920 0.0306501 2.3527574 2.2973562 2.1743884 2.7692377 0.1464606 1.9297487 2.2348669 1.8471288 2.1631650 1.9715731 0.0854977 0.0134490 1.8732840 2.2649860 0.4092069 0.4348276 0.0000000 1.9560115 2.1771710 2.2528361 
n290_265   0.0343766 3.5612900 1.1555757 1.9860280 2.0069086 0.1056297 0.2336891 0.2224843 3.8431449 1.8488879 0.6644489 3.1440465 1.9284216 0.2225949 0.0378699 1.8974731 1.9496529 3.0622851 0.1135523 1.8829423 1.9317739 1.9560115 0.0000000 0.2617267 0.2616109 
n293_268   0.2879802 3.9309267 1.1764361 2.1912675 2.1398661 0.2982356 0.1176216 0.1091658 3.4560011 2.0622186 0.6494695 4.2292453 1.9814013 0.1053396 0.3092761 2.1890349 2.1285038 4.2297411 0.2931250 1.7934030 1.8037288 2.1771710 0.2617267 0.0000000 0.0486878 
n294_269   0.2771397 3.5757265 1.1215826 2.3543814 2.3196831 0.2934817 0.1177414 0.1092770 3.4331947 2.1307020 0.6139799 3.9708321 2.1540816 0.1054474 0.3091169 2.2649177 2.2882184 4.0302019 0.2935586 1.8278863 1.9497222 2.2528361 0.2616109 0.0486878 0.0000000 
