25
n287_262   0.0000000 9.0000000 0.9105918 1.7311242 1.9394267 0.1575168 0.3366238 0.3307865 4.5929813 2.0393627 0.6879852 1.6584145 1.7318263 0.3252091 0.0306189 2.1658265 1.9642844 1.6297189 0.1658400 1.7501954 1.8136431 1.9611597 0.0482651 0.3357286 0.3250508 
n255_230   9.0000000 0.0000000 9.0000000 2.8282170 3.1592101 4.7138427 3.9111640 4.4747832 0.3285605 3.4769762 2.9389239 2.2043873 3.5229196 4.4766440 7.2730846 3.7614525 3.4102033 2.2090216 4.5475374 3.6771786 3.6575977 3.2406304 5.9772411 4.1917260 4.3099664 
n200_181   0.9105918 9.0000000 0.0000000 1.9743853 2.2138415 0.8918439 0.9498686 0.9889024 2.8336262 2.1570304 1.0295582 1.5468576 1.8480202 1.0231611 0.9260699 2.6608639 2.1420077 1.5457976 0.8549925 1.9465481 1.9842031 2.1890444 0.9802008 0.9905656 0.9393372 
n266_241   1.7311242 2.8282170 1.9743853 0.0000000 1.8164586 1.7872889 2.1377153 1.9504127 2.9463208 1.8791254 2.7928364 0.8590522 0.1975810 2.0038655 1.7939360 1.8475880 1.8919760 0.8169634 1.8191638 1.8054019 1.7972573 1.9017307 1.7998105 2.3298834 2.2217448 
n292_267   1.9394267 3.1592101 2.2138415 1.8164586 0.0000000 1.8525860 1.8409791 1.8317197 2.4644196 0.1172479 1.7433726 1.6070076 1.6806236 1.8725104 1.8382162 0.1091139 0.0486699 1.5305522 1.7852637 0.5194302 0.4905204 0.0522942 1.7563506 1.6896459 1.6981188 
n295_270   0.1575168 4.7138427 0.8918439 1.7872889 1.8525860 0.0000000 0.2840217 0.2887605 4.1317962 1.8634137 0.6027598 1.8215070 1.8125637 0.2892090 0.1491554 2.0967542 1.8800293 1.7824071 0.0412182 1.8457044 1.8458566 1.8770955 0.1664246 0.3042735 0.2829659 
n275_250   0.3366238 3.9111640 0.9498686 2.1377153 1.8409791 0.2840217 0.0000000 0.1163817 8.9999990 1.8420707 0.5843226 1.8723435 1.9981785 0.1283319 0.3265865 2.1254984 1.7881006 1.7654412 0.2994554 1.7446115 1.7463993 1.8206561 0.3264230 0.1163794 0.1247557 
n298_273   0.3307865 4.4747832 0.9889024 1.9504127 1.8317197 0.2887605 0.1163817 0.0000000 8.9999990 1.7774089 0.6744025 2.0269925 1.7901055 0.0375562 0.3363787 2.1583281 1.8063864 1.8509974 0.3194937 1.7681106 1.7089995 1.8395464 0.3261866 0.1280833 0.1363167 
n251_226   4.5929813 0.3285605 2.8336262 2.9463208 2.4644196 4.1317962 8.9999990 8.9999990 0.0000000 2.5570892 2.3507008 2.4718179 3.4359561 7.7614685 4.0799429 2.5994795 2.4781147 2.2760335 3.4529193 2.8924620 2.9261436 2.6178889 4.3380940 4.3831562 4.4380092 
n274_249   2.0393627 3.4769762 2.1570304 1.8791254 0.1172479 1.8634137 1.8420707 1.7774089 2.5570892 0.0000000 1.7766319 1.5811240 1.6978730 1.8159077 1.8488162 0.1495401 0.1294443 1.4826693 1.9069489 0.4704537 0.4500770 0.1293162 1.9102175 1.7493564 1.7584301 
n236_213   0.6879852 2.9389239 1.0295582 2.7928364 1.7433726 0.6027598 0.5843226 0.6744025 2.3507008 1.7766319 0.0000000 2.1825143 2.2218150 0.6596123 0.6783358 1.8237171 1.8062733 2.0670775 0.6105183 1.7527293 1.7010914 1.7728422 0.6901974 0.5946614 0.5556707 
n285_260   1.6584145 2.2043873 1.5468576 0.8590522 1.6070076 1.8215070 1.8723435 2.0269925 2.4718179 1.5811240 2.1825143 0.0000000 0.8596415 2.0187081 1.6038034 1.6523828 1.6287653 0.0859548 1.7569842 1.8802466 1.6077375 1.6274964 1.7617746 1.7831394 1.6875450 
n265_240   1.7318263 3.5229196 1.8480202 0.1975810 1.6806236 1.8125637 1.9981785 1.7901055 3.4359561 1.6978730 2.2218150 0.8596415 0.0000000 1.8884644 1.7630321 1.9812121 1.8984288 0.8200933 1.8328062 1.8468207 1.8618607 1.9082665 1.7413267 2.0842591 2.0493280 
n297_272   0.3252091 4.4766440 1.0231611 2.0038655 1.8725104 0.2892090 0.1283319 0.0375562 7.7614685 1.8159077 0.6596123 2.0187081 1.8884644 0.0000000 0.3202764 2.2175995 1.8460765 1.8498311 0.3200058 1.8475021 1.7578631 1.8807706 0.3102833 0.1483456 0.1444049 
n289_264   0.0306189 7.2730846 0.9260699 1.7939360 1.8382162 0.1491554 0.3265865 0.3363787 4.0799429 1.8488162 0.6783358 1.6038034 1.7630321 0.3202764 0.0000000 2.0715582 1.8214362 1.5764986 0.1618094 1.6823801 1.7416934 1.8186722 0.0447552 0.3252208 0.3038392 
n280_255   2.1658265 3.7614525 2.6608639 1.8475880 0.1091139 2.0967542 2.1254984 2.1583281 2.5994795 0.1495401 1.8237171 1.6523828 1.9812121 2.2175995 2.0715582 0.0000000 0.1015378 1.5928337 1.9776917 0.5278154 0.4774771 0.1054802 2.1013643 2.0186276 1.9492271 
n299_274   1.9642844 3.4102033 2.1420077 1.8919760 0.0486699 1.8800293 1.7881006 1.8063864 2.4781147 0.1294443 1.8062733 1.6287653 1.8984288 1.8460765 1.8214362 0.1015378 0.0000000 1.6053855 1.8101704 0.5077312 0.4792021 0.0135252 1.8024229 1.6775224 1.6859468 
n286_261   1.6297189 2.2090216 1.5457976 0.8169634 1.5305522 1.7824071 1.7654412 1.8509974 2.2760335 1.4826693 2.0670775 0.0859548 0.8200933 1.8498311 1.5764986 1.5928337 1.6053855 0.0000000 1.7513582 1.6873702 1.5416414 1.6305248 1.7060391 1.7485579 1.6879712 
n296_271   0.1658400 4.5475374 0.8549925 1.8191638 1.7852637 0.0412182 0.2994554 0.3194937 3.4529193 1.9069489 0.6105183 1.7569842 1.8328062 0.3200058 0.1618094 1.9776917 1.8101704 1.7513582 0.0000000 1.8741999 1.8745334 1.8074225 0.1748683 0.3145011 0.2880999 
n278_253   1.7501954 3.6771786 1.9465481 1.8054019 0.5194302 1.8457044 1.7446115 1.7681106 2.8924620 0.4704537 1.7527293 1.8802466 1.8468207 1.8475021 1.6823801 0.5278154 0.5077312 1.6873702 1.8741999 0.0000000 0.1050329 0.5144276 1.6998227 1.8256481 1.9571084 
n277_252   1.8136431 3.6575977 1.9842031 1.7972573 0.4905204 1.8458566 1.7463993 1.7089995 2.9261436 0.4500770 1.7010914 1.6077375 1.8618607 1.7578631 1.7416934 0.4774771 0.4792021 1.5416414 1.8745334 0.1050329 0.0000000 0.4856529 1.7400961 1.6963417 1.8111262 
n300_275   1.9611597 3.2406304 2.1890444 1.9017307 0.0522942 1.8770955 1.8206561 1.8395464 2.6178889 0.1293162 1.7728422 1.6274964 1.9082665 1.8807706 1.8186722 0.1054802 0.0135252 1.6305248 1.8074225 0.5144276 0.4856529 0.0000000 1.7997014 1.7065595 1.7152183 
n290_265   0.0482651 5.9772411 0.9802008 1.7998105 1.7563506 0.1664246 0.3264230 0.3261866 4.3380940 1.9102175 0.6901974 1.7617746 1.7413267 0.3102833 0.0447552 2.1013643 1.8024229 1.7060391 0.1748683 1.6998227 1.7400961 1.7997014 0.0000000 0.3420655 0.3200116 
n293_268   0.3357286 4.1917260 0.9905656 2.3298834 1.6896459 0.3042735 0.1163794 0.1280833 4.3831562 1.7493564 0.5946614 1.7831394 2.0842591 0.1483456 0.3252208 2.0186276 1.6775224 1.7485579 0.3145011 1.8256481 1.6963417 1.7065595 0.3420655 0.0000000 0.0484168 
n294_269   0.3250508 4.3099664 0.9393372 2.2217448 1.6981188 0.2829659 0.1247557 0.1363167 4.4380092 1.7584301 0.5556707 1.6875450 2.0493280 0.1444049 0.3038392 1.9492271 1.6859468 1.6879712 0.2880999 1.9571084 1.8111262 1.7152183 0.3200116 0.0484168 0.0000000 
