24
n298_299   0.0000000 0.2762124 0.1362645 0.2595910 0.0554937 0.2469745 0.2558395 0.0272582 0.0202595 0.0518057 0.2362058 0.0591506 0.2888898 0.2562962 0.0591071 0.1165582 0.2934344 0.0237610 0.2513934 0.2721443 0.0626715 0.2615072 0.3424896 0.2358226 
n280_281   0.2762124 0.0000000 0.3312072 0.3131999 0.2861995 0.2836051 0.0168981 0.2877148 0.2762269 0.2805743 0.0630703 0.2914726 0.3665356 0.0134837 0.2801711 0.3017608 0.3775788 0.2821609 0.0168981 0.3101730 0.2959419 0.0169131 0.4244606 0.0594230 
n200_201   0.1362645 0.3312072 0.0000000 0.3146509 0.1488370 0.3052740 0.3093148 0.1450821 0.1362734 0.1444478 0.2942418 0.1530860 0.3519391 0.3098738 0.1485377 0.1779991 0.3568284 0.1407635 0.3046161 0.3115813 0.1569474 0.3155030 0.3782933 0.2937545 
n286_287   0.2595910 0.3131999 0.3146509 0.0000000 0.2693048 0.1702359 0.2926698 0.2707125 0.2604021 0.2638629 0.2774444 0.2447652 0.4068773 0.2922411 0.2742510 0.2846221 0.3936056 0.2705489 0.2917134 0.1745303 0.2638770 0.2977564 0.4131504 0.2769842 
n287_288   0.0554937 0.2861995 0.1488370 0.2693048 0.0000000 0.2513962 0.2655430 0.0555625 0.0554976 0.0067136 0.2406219 0.0272169 0.2897399 0.2660183 0.0135136 0.1245137 0.2988017 0.0518874 0.2610496 0.2767107 0.0306375 0.2713072 0.3474368 0.2402312 
n266_267   0.2469745 0.2836051 0.3052740 0.1702359 0.2513962 0.0000000 0.2640116 0.2482020 0.2427458 0.2461621 0.2731907 0.2512999 0.3866893 0.2636324 0.2561770 0.2760051 0.3689105 0.2482044 0.2587145 0.0555447 0.2555374 0.2688641 0.3918202 0.2683047 
n292_293   0.2558395 0.0168981 0.3093148 0.2926698 0.2655430 0.2640116 0.0000000 0.2669356 0.2558535 0.2601133 0.0521373 0.2706575 0.3603377 0.0033451 0.2597394 0.2806559 0.3602749 0.2615697 0.0067072 0.2943480 0.2750344 0.0067132 0.4008976 0.0485454 
n293_294   0.0272582 0.2877148 0.1450821 0.2707125 0.0555625 0.2482020 0.2669356 0.0000000 0.0272602 0.0592658 0.2469155 0.0667372 0.3005191 0.2674156 0.0666878 0.1170381 0.3051410 0.0169153 0.2624175 0.2744013 0.0702962 0.2727358 0.3443525 0.2465118 
n275_276   0.0202595 0.2762269 0.1362734 0.2604021 0.0554976 0.2427458 0.2558535 0.0272602 0.0000000 0.0518094 0.2362192 0.0591548 0.2942855 0.2563101 0.0591113 0.1165660 0.2934490 0.0237628 0.2514072 0.2677960 0.0626759 0.2615213 0.3317877 0.2358359 
n289_290   0.0518057 0.2805743 0.1444478 0.2638629 0.0067136 0.2461621 0.2601133 0.0592658 0.0518094 0.0000000 0.2354231 0.0237165 0.2841052 0.2605774 0.0067040 0.1203076 0.2930974 0.0555623 0.2556540 0.2712387 0.0271206 0.2658125 0.3412542 0.2350423 
n278_279   0.2362058 0.0630703 0.2942418 0.2774444 0.2406219 0.2731907 0.0521373 0.2469155 0.2362192 0.2354231 0.0000000 0.2455467 0.3594429 0.0485304 0.2453855 0.2508756 0.3593802 0.2417275 0.0521373 0.2992601 0.2498117 0.0521835 0.3807603 0.0033437 
n295_296   0.0591506 0.2914726 0.1530860 0.2447652 0.0272169 0.2512999 0.2706575 0.0667372 0.0591548 0.0237165 0.2455467 0.0000000 0.2941062 0.2711439 0.0306919 0.1286101 0.2986791 0.0629765 0.2661370 0.2766009 0.0168625 0.2764752 0.3352180 0.2451471 
n251_252   0.2888898 0.3665356 0.3519391 0.4068773 0.2897399 0.3866893 0.3603377 0.3005191 0.2942855 0.2841052 0.3594429 0.2941062 0.0000000 0.3610027 0.2902023 0.3034444 0.0413260 0.2948874 0.3667946 0.3944684 0.2931109 0.3671017 0.3243798 0.3588310 
n274_275   0.2562962 0.0134837 0.3098738 0.2922411 0.2660183 0.2636324 0.0033451 0.2674156 0.2563101 0.2605774 0.0485304 0.2711439 0.3610027 0.0000000 0.2602023 0.2811617 0.3609400 0.2620387 0.0033451 0.2939203 0.2755274 0.0033480 0.4002873 0.0449570 
n290_291   0.0591071 0.2801711 0.1485377 0.2742510 0.0135136 0.2561770 0.2597394 0.0666878 0.0591113 0.0067040 0.2453855 0.0306919 0.2902023 0.2602023 0.0000000 0.1285187 0.2992787 0.0629299 0.2552860 0.2816741 0.0341229 0.2654298 0.3529465 0.2449864 
n236_237   0.1165582 0.3017608 0.1779991 0.2846221 0.1245137 0.2760051 0.2806559 0.1170381 0.1165660 0.1203076 0.2508756 0.1286101 0.3034444 0.2811617 0.1285187 0.0000000 0.3080555 0.1208924 0.2863272 0.2864889 0.1323854 0.2865729 0.3582052 0.2504660 
n255_256   0.2934344 0.3775788 0.3568284 0.3936056 0.2988017 0.3689105 0.3602749 0.3051410 0.2934490 0.2930974 0.3593802 0.2986791 0.0413260 0.3609400 0.2992787 0.3080555 0.0000000 0.2994733 0.3667324 0.3813539 0.3031476 0.3670396 0.3239283 0.3587683 
n294_295   0.0237610 0.2821609 0.1407635 0.2705489 0.0518874 0.2482044 0.2615697 0.0169153 0.0237628 0.0555623 0.2417275 0.0629765 0.2948874 0.2620387 0.0629299 0.1208924 0.2994733 0.0000000 0.2570845 0.2735180 0.0665187 0.2673079 0.3335856 0.2413336 
n300_301   0.2513934 0.0168981 0.3046161 0.2917134 0.2610496 0.2587145 0.0067072 0.2624175 0.2514072 0.2556540 0.0521373 0.2661370 0.3667946 0.0033451 0.2552860 0.2863272 0.3667324 0.2570845 0.0000000 0.2887884 0.2705001 0.0067132 0.4064155 0.0485454 
n265_266   0.2721443 0.3101730 0.3115813 0.1745303 0.2767107 0.0555447 0.2943480 0.2744013 0.2677960 0.2712387 0.2992601 0.2766009 0.3944684 0.2939203 0.2816741 0.2864889 0.3813539 0.2735180 0.2887884 0.0000000 0.2809526 0.2994029 0.3990924 0.2987642 
n296_297   0.0626715 0.2959419 0.1569474 0.2638770 0.0306375 0.2555374 0.2750344 0.0702962 0.0626759 0.0271206 0.2498117 0.0168625 0.2931109 0.2755274 0.0341229 0.1323854 0.3031476 0.0665187 0.2705001 0.2809526 0.0000000 0.2808858 0.3519731 0.2494053 
n299_300   0.2615072 0.0169131 0.3155030 0.2977564 0.2713072 0.2688641 0.0067132 0.2727358 0.2615213 0.2658125 0.0521835 0.2764752 0.3671017 0.0033480 0.2654298 0.2865729 0.3670396 0.2673079 0.0067132 0.2994029 0.2808858 0.0000000 0.4067513 0.0485885 
n244_245   0.3424896 0.4244606 0.3782933 0.4131504 0.3474368 0.3918202 0.4008976 0.3443525 0.3317877 0.3412542 0.3807603 0.3352180 0.3243798 0.4002873 0.3529465 0.3582052 0.3239283 0.3335856 0.4064155 0.3990924 0.3519731 0.4067513 0.0000000 0.3801069 
n277_278   0.2358226 0.0594230 0.2937545 0.2769842 0.2402312 0.2683047 0.0485454 0.2465118 0.2358359 0.2350423 0.0033437 0.2451471 0.3588310 0.0449570 0.2449864 0.2504660 0.3587683 0.2413336 0.0485454 0.2987642 0.2494053 0.0485885 0.3801069 0.0000000 
