23
n292_295   0.0000000 0.2932871 0.2929538 0.0134600 0.2677490 0.2766339 0.0134552 0.3143466 0.2630546 0.3092568 0.0067002 0.0203350 0.2573394 0.4752186 0.0853451 0.4824101 0.2680588 0.2730245 0.2662144 0.4145936 0.0815163 0.3191398 0.2526446 
n293_296   0.2932871 0.0000000 0.1364240 0.2930075 0.0521061 0.2278040 0.2878589 0.0273201 0.0485459 0.0169305 0.2830285 0.2886442 0.2375911 0.4487090 0.2628766 0.4443993 0.0630749 0.0557188 0.2275388 0.3557479 0.2677645 0.0272848 0.2330224 
n200_201   0.2929538 0.1364240 0.0000000 0.2979217 0.1448181 0.2653281 0.2927364 0.1572452 0.1408179 0.1489336 0.2878743 0.2986392 0.2663642 0.4684635 0.2724912 0.4827724 0.1533613 0.1530966 0.2650083 0.3967686 0.2774423 0.1570171 0.2616255 
n280_283   0.0134600 0.2930075 0.2979217 0.0000000 0.2675000 0.2711861 0.0134456 0.3140407 0.2628109 0.3089570 0.0066954 0.0203203 0.2620703 0.4746790 0.0852791 0.4960438 0.2727226 0.2727691 0.2608700 0.4141507 0.0814535 0.3188282 0.2573500 
n289_292   0.2677490 0.0521061 0.1448181 0.2675000 0.0000000 0.1958627 0.2625348 0.0742613 0.0033550 0.0630882 0.2578622 0.2632368 0.2143067 0.4298754 0.2435129 0.4376673 0.0238261 0.0238280 0.1956419 0.3385257 0.2482770 0.0741623 0.2098712 
n286_289   0.2766339 0.2278040 0.2653281 0.2711861 0.1958627 0.0000000 0.2713651 0.2516422 0.1961819 0.2421827 0.2666552 0.2720932 0.1402675 0.4083609 0.2465571 0.4280887 0.2051509 0.2051792 0.0066315 0.3643870 0.2513108 0.2512398 0.1362496 
n300_303   0.0134552 0.2878589 0.2927364 0.0134456 0.2625348 0.2713651 0.0000000 0.3087379 0.2578753 0.3036870 0.0066930 0.0203131 0.2571538 0.4613273 0.0814869 0.4892252 0.2677178 0.2677628 0.2610387 0.4080786 0.0776853 0.3134967 0.2524629 
n298_301   0.3143466 0.0273201 0.1572452 0.3140407 0.0742613 0.2516422 0.3087379 0.0000000 0.0705951 0.0378928 0.3037740 0.3095939 0.2571071 0.4690800 0.2830145 0.4774213 0.0856323 0.0779979 0.2513423 0.3790537 0.2880379 0.0067183 0.2570924 
n290_293   0.2630546 0.0485459 0.1408179 0.2628109 0.0033550 0.1961819 0.2578753 0.0705951 0.0000000 0.0594755 0.2532278 0.2585628 0.2099396 0.4240690 0.2389602 0.4317861 0.0203874 0.0203890 0.1959604 0.3389556 0.2436979 0.0705013 0.2055260 
n275_278   0.3092568 0.0169305 0.1489336 0.3089570 0.0630882 0.2421827 0.3036870 0.0378928 0.0594755 0.0000000 0.2987514 0.3045265 0.2522035 0.4495159 0.2781225 0.4575821 0.0742560 0.0667621 0.2418964 0.3674351 0.2831170 0.0378442 0.2475439 
n299_302   0.0067002 0.2830285 0.2878743 0.0066954 0.2578622 0.2666552 0.0066930 0.3037740 0.2532278 0.2987514 0.0000000 0.0134863 0.2525236 0.4619373 0.0777965 0.4829135 0.2630110 0.2630546 0.2563983 0.4024396 0.0740148 0.3085084 0.2478574 
n274_277   0.0203350 0.2886442 0.2986392 0.0203203 0.2632368 0.2720932 0.0203131 0.3095939 0.2585628 0.3045265 0.0134863 0.0000000 0.2578371 0.4561709 0.0779549 0.4707471 0.2684369 0.2684822 0.2617324 0.4095104 0.0741648 0.3143679 0.2531316 
n266_269   0.2573394 0.2375911 0.2663642 0.2620703 0.2143067 0.1402675 0.2571538 0.2571071 0.2099396 0.2522035 0.2525236 0.2578371 0.0000000 0.3623901 0.2522845 0.3922335 0.2146513 0.2191304 0.1319027 0.3106722 0.2472765 0.2566928 0.0100650 
n255_256   0.4752186 0.4487090 0.4684635 0.4746790 0.4298754 0.4083609 0.4613273 0.4690800 0.4240690 0.4495159 0.4619373 0.4561709 0.3623901 0.0000000 0.4539948 0.0703272 0.4240802 0.4241943 0.3956005 0.2699877 0.4408932 0.4681338 0.3457256 
n278_281   0.0853451 0.2628766 0.2724912 0.0852791 0.2435129 0.2465571 0.0814869 0.2830145 0.2389602 0.2781225 0.0777965 0.0779549 0.2522845 0.4539948 0.0000000 0.4743305 0.2485514 0.2485908 0.2366398 0.4022508 0.0100724 0.2876352 0.2476239 
n251_252   0.4824101 0.4443993 0.4827724 0.4960438 0.4376673 0.4280887 0.4892252 0.4774213 0.4317861 0.4575821 0.4829135 0.4707471 0.3922335 0.0703272 0.4743305 0.0000000 0.4256682 0.4319145 0.4149110 0.2711179 0.4672059 0.4764475 0.3748298 
n296_299   0.2680588 0.0630749 0.1533613 0.2727226 0.0238261 0.2051509 0.2677178 0.0856323 0.0203874 0.0742560 0.2630110 0.2684369 0.2146513 0.4240802 0.2485514 0.4256682 0.0000000 0.0067331 0.2049171 0.3499582 0.2533512 0.0855167 0.2102083 
n295_298   0.2730245 0.0557188 0.1530966 0.2727691 0.0238280 0.2051792 0.2677628 0.0779979 0.0203890 0.0667621 0.2630546 0.2684822 0.2191304 0.4241943 0.2485908 0.4319145 0.0067331 0.0000000 0.2049454 0.3500334 0.2533919 0.0778935 0.2146634 
n285_288   0.2662144 0.2275388 0.2650083 0.2608700 0.1956419 0.0066315 0.2610387 0.2513423 0.1959604 0.2418964 0.2563983 0.2617324 0.1319027 0.3956005 0.2366398 0.4149110 0.2049171 0.2049454 0.0000000 0.3525171 0.2413227 0.2509408 0.1279347 
n244_245   0.4145936 0.3557479 0.3967686 0.4141507 0.3385257 0.3643870 0.4080786 0.3790537 0.3389556 0.3674351 0.4024396 0.4095104 0.3106722 0.2699877 0.4022508 0.2711179 0.3499582 0.3500334 0.3525171 0.0000000 0.3959030 0.3783601 0.2952533 
n277_280   0.0815163 0.2677645 0.2774423 0.0814535 0.2482770 0.2513108 0.0776853 0.2880379 0.2436979 0.2831170 0.0740148 0.0741648 0.2472765 0.4408932 0.0100724 0.4672059 0.2533512 0.2533919 0.2413227 0.3959030 0.0000000 0.2926834 0.2426493 
n297_300   0.3191398 0.0272848 0.1570171 0.3188282 0.0741623 0.2512398 0.3134967 0.0067183 0.0705013 0.0378442 0.3085084 0.3143679 0.2566928 0.4681338 0.2876352 0.4764475 0.0855167 0.0778935 0.2509408 0.3783601 0.2926834 0.0000000 0.2566781 
n265_268   0.2526446 0.2330224 0.2616255 0.2573500 0.2098712 0.1362496 0.2524629 0.2570924 0.2055260 0.2475439 0.2478574 0.2531316 0.0100650 0.3457256 0.2476239 0.3748298 0.2102083 0.2146634 0.1279347 0.2952533 0.2426493 0.2566781 0.0000000 
