26
n289_290   0.0000000 0.0376747 0.0134198 0.2760591 0.3248544 0.0448423 0.0033240 0.3135550 0.3689179 0.0483768 0.2706919 0.0168256 0.3250567 0.4269269 0.3409741 0.0100247 0.1533659 0.3408126 0.0341871 0.0891852 0.3243224 0.3249431 0.0484105 0.3455466 0.3138679 0.3137419 
n294_295   0.0376747 0.0000000 0.0447998 0.2864998 0.3359109 0.0202726 0.0411986 0.3192155 0.3810014 0.0100459 0.2810418 0.0483973 0.3361216 0.4601334 0.3522734 0.0483306 0.1662607 0.3521055 0.0100485 0.1047925 0.3353564 0.3419190 0.0168444 0.3628762 0.3247472 0.3304231 
n295_296   0.0134198 0.0447998 0.0000000 0.2813893 0.3303387 0.0520656 0.0168140 0.3189464 0.3813788 0.0556351 0.2759747 0.0033275 0.3305452 0.4399086 0.3465762 0.0236659 0.1533176 0.3464115 0.0412774 0.0969506 0.3297957 0.3307111 0.0556730 0.3575537 0.3192661 0.3194072 
n266_267   0.2760591 0.2864998 0.2813893 0.0000000 0.2181551 0.2975882 0.2810741 0.2132853 0.3313661 0.3025021 0.0134614 0.2866934 0.2181551 0.4216684 0.2414372 0.2807639 0.2698684 0.2413292 0.2816452 0.3024671 0.2225877 0.1587331 0.3027245 0.3255785 0.2181325 0.1459812 
n299_300   0.3248544 0.3359109 0.3303387 0.2181551 0.0000000 0.3479587 0.3249089 0.0204761 0.3734619 0.3532049 0.2275339 0.3360695 0.0067525 0.3332755 0.0561990 0.3298649 0.2911531 0.0561761 0.3307286 0.3415501 0.0204780 0.2833154 0.3479575 0.3554848 0.0135707 0.2678211 
n298_299   0.0448423 0.0202726 0.0520656 0.2975882 0.3479587 0.0000000 0.0484104 0.3309367 0.3939226 0.0306748 0.2920234 0.0484760 0.3481793 0.4748371 0.3646241 0.0556352 0.1752523 0.3644486 0.0100641 0.1128848 0.3473782 0.3540921 0.0306954 0.3754170 0.3365765 0.3423640 
n290_291   0.0033240 0.0411986 0.0168140 0.2810741 0.3249089 0.0484104 0.0000000 0.3136072 0.3689805 0.0519588 0.2756655 0.0202382 0.3251112 0.4263305 0.3410314 0.0133974 0.1533898 0.3408699 0.0376961 0.0929906 0.3243766 0.3303306 0.0519950 0.3456046 0.3139203 0.3190420 
n274_275   0.3135550 0.3192155 0.3189464 0.2132853 0.0204761 0.3309367 0.3136072 0.0000000 0.3671668 0.3360703 0.2225897 0.3245725 0.0274768 0.3217509 0.0561179 0.3127932 0.2804686 0.0560950 0.3141442 0.3354214 0.0204493 0.2777316 0.3309388 0.3493693 0.0274510 0.2623823 
n251_252   0.3689179 0.3810014 0.3813788 0.3313661 0.3734619 0.3939226 0.3689805 0.3671668 0.0000000 0.3994644 0.3254754 0.3875592 0.3797827 0.3160541 0.3844976 0.3803565 0.3461053 0.3723435 0.3755277 0.4131427 0.3788820 0.3773759 0.3871633 0.0486165 0.3733927 0.3900063 
n293_294   0.0483768 0.0100459 0.0556351 0.3025021 0.3532049 0.0306748 0.0519588 0.3360703 0.3994644 0.0000000 0.2968998 0.0593003 0.3534294 0.4601334 0.3699719 0.0592176 0.1749186 0.3697935 0.0202715 0.1167492 0.3526140 0.3593817 0.0271857 0.3808278 0.3417474 0.3475734 
n265_266   0.2706919 0.2810418 0.2759747 0.0134614 0.2275339 0.2920234 0.2756655 0.2225897 0.3254754 0.2968998 0.0000000 0.2812307 0.2275339 0.4091527 0.2511205 0.2753626 0.2645727 0.2510076 0.2762243 0.2968643 0.2320178 0.1501987 0.2971175 0.3197437 0.2275093 0.1376136 
n296_297   0.0168256 0.0483973 0.0033275 0.2866934 0.3360695 0.0484760 0.0202382 0.3245725 0.3875592 0.0593003 0.2812307 0.0000000 0.3362804 0.4466752 0.3524411 0.0271296 0.1576130 0.3522730 0.0448581 0.1008765 0.3355145 0.3364490 0.0593408 0.3635114 0.3248995 0.3250432 
n300_301   0.3250567 0.3361216 0.3305452 0.2181551 0.0067525 0.3481793 0.3251112 0.0274768 0.3797827 0.3534294 0.2275339 0.3362804 0.0000000 0.3392166 0.0636460 0.3300708 0.2913293 0.0636199 0.3309356 0.3415501 0.0274793 0.2887886 0.3481781 0.3616296 0.0204857 0.2731591 
n244_245   0.4269269 0.4601334 0.4399086 0.4216684 0.3332755 0.4748371 0.4263305 0.3217509 0.3160541 0.4601334 0.4091527 0.4466752 0.3392166 0.0000000 0.3554499 0.4326159 0.4010750 0.3437929 0.4540591 0.4532661 0.3216205 0.4043589 0.4747985 0.3158464 0.3445495 0.4105053 
n278_279   0.3409741 0.3522734 0.3465762 0.2414372 0.0561990 0.3646241 0.3410314 0.0561179 0.3844976 0.3699719 0.2511205 0.3524411 0.0636460 0.3554499 0.0000000 0.3460771 0.3169444 0.0135589 0.3469906 0.3637366 0.0561233 0.3090181 0.3585783 0.3782112 0.0635840 0.2876494 
n287_288   0.0100247 0.0483306 0.0236659 0.2807639 0.3298649 0.0556352 0.0133974 0.3127932 0.3803565 0.0592176 0.2753626 0.0271296 0.3300708 0.4326159 0.3460771 0.0000000 0.1616371 0.3459129 0.0447953 0.1007332 0.3293233 0.3299541 0.0592580 0.3625845 0.3188100 0.3186810 
n200_201   0.1533659 0.1662607 0.1533176 0.2698684 0.2911531 0.1752523 0.1533898 0.2804686 0.3461053 0.1749186 0.2645727 0.1576130 0.2913293 0.4010750 0.3169444 0.1616371 0.0000000 0.3167971 0.1621335 0.1707974 0.2906897 0.3125938 0.1752683 0.3397149 0.2856646 0.3015627 
n277_278   0.3408126 0.3521055 0.3464115 0.2413292 0.0561761 0.3644486 0.3408699 0.0560950 0.3723435 0.3697935 0.2510076 0.3522730 0.0636199 0.3437929 0.0135589 0.3459129 0.3167971 0.0000000 0.3468256 0.3635619 0.0561004 0.3088740 0.3584065 0.3661714 0.0635580 0.2875169 
n297_298   0.0341871 0.0100485 0.0412774 0.2816452 0.3307286 0.0100641 0.0376961 0.3141442 0.3755277 0.0202715 0.2762243 0.0448581 0.3309356 0.4540591 0.3469906 0.0447953 0.1621335 0.3468256 0.0000000 0.1009775 0.3301843 0.3366938 0.0202843 0.3575313 0.3196391 0.3252770 
n236_237   0.0891852 0.1047925 0.0969506 0.3024671 0.3415501 0.1128848 0.0929906 0.3354214 0.4131427 0.1167492 0.2968643 0.1008765 0.3415501 0.4532661 0.3637366 0.1007332 0.1707974 0.3635619 0.1009775 0.0000000 0.3352865 0.3419124 0.1168304 0.3875386 0.3410876 0.3304145 
n280_281   0.3243224 0.3353564 0.3297957 0.2225877 0.0204780 0.3473782 0.3243766 0.0204493 0.3788820 0.3526140 0.2320178 0.3355145 0.0274793 0.3216205 0.0561233 0.3293233 0.2906897 0.0561004 0.3301843 0.3352865 0.0000000 0.2775972 0.3473771 0.3607815 0.0274535 0.2622548 
n285_286   0.3249431 0.3419190 0.3307111 0.1587331 0.2833154 0.3540921 0.3303306 0.2777316 0.3773759 0.3593817 0.1501987 0.3364490 0.2887886 0.4043589 0.3090181 0.3299541 0.3125938 0.3088740 0.3366938 0.3419124 0.2775972 0.0000000 0.3422788 0.3480709 0.2884078 0.0169284 
n275_276   0.0484105 0.0168444 0.0556730 0.3027245 0.3479575 0.0306954 0.0519950 0.3309388 0.3871633 0.0271857 0.2971175 0.0593408 0.3481781 0.4747985 0.3585783 0.0592580 0.1752683 0.3584065 0.0202843 0.1168304 0.3473771 0.3422788 0.0000000 0.3688670 0.3365776 0.3307677 
n255_256   0.3455466 0.3628762 0.3575537 0.3255785 0.3554848 0.3754170 0.3456046 0.3493693 0.0486165 0.3808278 0.3197437 0.3635114 0.3616296 0.3158464 0.3782112 0.3625845 0.3397149 0.3661714 0.3575313 0.3875386 0.3607815 0.3480709 0.3688670 0.0000000 0.3554226 0.3601439 
n292_293   0.3138679 0.3247472 0.3192661 0.2181325 0.0135707 0.3365765 0.3139203 0.0274510 0.3733927 0.3417474 0.2275093 0.3248995 0.0204857 0.3445495 0.0635840 0.3188100 0.2856646 0.0635580 0.3196391 0.3410876 0.0274535 0.2884078 0.3365776 0.3554226 0.0000000 0.2728023 
n286_287   0.3137419 0.3304231 0.3194072 0.1459812 0.2678211 0.3423640 0.3190420 0.2623823 0.3900063 0.3475734 0.1376136 0.3250432 0.2731591 0.4105053 0.2876494 0.3186810 0.3015627 0.2875169 0.3252770 0.3304145 0.2622548 0.0169284 0.3307677 0.3601439 0.2728023 0.0000000 
