25
n294_297   0.0000000 0.2744152 0.3994709 0.2466721 0.0483887 0.0135139 0.0519928 0.0484004 0.2798038 0.0484090 0.2798814 0.1437862 0.3287634 0.2746001 0.0067236 0.3009325 0.2851716 0.0101106 0.3941225 0.2846482 0.2564865 0.0891561 0.3107884 0.0169393 0.2695395 
n274_277   0.2744152 0.0000000 0.4132320 0.2412716 0.2937981 0.2694976 0.2989897 0.2938581 0.2501867 0.2939370 0.0134287 0.2533788 0.3629968 0.0100371 0.2744778 0.0627603 0.2551639 0.2647190 0.4015913 0.0168159 0.2415442 0.2454130 0.0663312 0.2746237 0.0134160 
n255_258   0.3994709 0.4132320 0.0000000 0.3813611 0.4041009 0.3994737 0.4164388 0.4103357 0.3742678 0.3983579 0.4324843 0.3614775 0.2896103 0.4258232 0.3881447 0.4337776 0.3915330 0.3998529 0.0516547 0.4382407 0.3872477 0.3937879 0.4392810 0.4119067 0.4319672 
n285_288   0.2466721 0.2412716 0.3813611 0.0000000 0.2560460 0.2419215 0.2806054 0.2659006 0.1323255 0.2609628 0.2511846 0.2451140 0.3331431 0.2461289 0.2374006 0.2517563 0.1405517 0.2421345 0.3641550 0.2557895 0.0101215 0.2470004 0.2466614 0.2517629 0.2509141 
n289_292   0.0483887 0.2937981 0.4041009 0.2560460 0.0000000 0.0520321 0.0168845 0.0067073 0.2792854 0.0033447 0.2994344 0.1516096 0.3329891 0.2939970 0.0520042 0.3105123 0.2846419 0.0412946 0.4104561 0.3043126 0.2659929 0.0966751 0.3204710 0.0484395 0.2887975 
n275_278   0.0135139 0.2694976 0.3994737 0.2419215 0.0520321 0.0000000 0.0484286 0.0520438 0.2748447 0.0520531 0.2749195 0.1397203 0.3287628 0.2696789 0.0135166 0.2958131 0.2801719 0.0101178 0.3941250 0.2796568 0.2516673 0.0930706 0.3056060 0.0169515 0.2646547 
n296_299   0.0519928 0.2989897 0.4164388 0.2806054 0.0168845 0.0484286 0.0000000 0.0168883 0.3045773 0.0168912 0.3046770 0.1600176 0.3441558 0.2991926 0.0556289 0.3265148 0.3101465 0.0448625 0.4229183 0.3095896 0.2909217 0.1005559 0.3366841 0.0520465 0.2939511 
n287_290   0.0484004 0.2938581 0.4103357 0.2659006 0.0067073 0.0520438 0.0168883 0.0000000 0.2894376 0.0067099 0.2994955 0.1558331 0.3386354 0.2940571 0.0520159 0.3211539 0.2948803 0.0413038 0.4167529 0.3043744 0.2759971 0.0966966 0.3312505 0.0484503 0.2888567 
n266_269   0.2798038 0.2501867 0.3742678 0.1323255 0.2792854 0.2748447 0.3045773 0.2894376 0.0000000 0.2843512 0.2602178 0.2577934 0.3644983 0.2550989 0.2701454 0.2558490 0.0448261 0.2750899 0.3572720 0.2602289 0.1364241 0.2899465 0.2553780 0.2851574 0.2599366 
n290_293   0.0484090 0.2939370 0.3983579 0.2609628 0.0033447 0.0520531 0.0168912 0.0067099 0.2843512 0.0000000 0.2995768 0.1517686 0.3277464 0.2941361 0.0520251 0.3158228 0.2897508 0.0413120 0.4046595 0.3044577 0.2709845 0.0967152 0.3258506 0.0484589 0.2889336 
n280_283   0.2798814 0.0134287 0.4324843 0.2511846 0.2994344 0.2749195 0.3046770 0.2994955 0.2602178 0.2995768 0.0000000 0.2586322 0.3748899 0.0100525 0.2799455 0.0628008 0.2652772 0.2700991 0.4205158 0.0168417 0.2514708 0.2506194 0.0663729 0.2800955 0.0134366 
n200_203   0.1437862 0.2533788 0.3614775 0.2451140 0.1516096 0.1397203 0.1600176 0.1558331 0.2577934 0.1517686 0.2586322 0.0000000 0.2944702 0.2535476 0.1438175 0.2788263 0.2532688 0.1356898 0.3616126 0.2632522 0.2548613 0.1276150 0.2785637 0.1399037 0.2486644 
n244_247   0.3287634 0.3629968 0.2896103 0.3331431 0.3329891 0.3287628 0.3441558 0.3386354 0.3644983 0.3277464 0.3748899 0.2944702 0.0000000 0.3687744 0.3183877 0.3820672 0.3705638 0.3235476 0.2849296 0.3802577 0.3386590 0.3228558 0.3988678 0.3344132 0.3744563 
n299_302   0.2746001 0.0100371 0.4258232 0.2461289 0.2939970 0.2696789 0.2991926 0.2940571 0.2550989 0.2941361 0.0100525 0.2535476 0.3687744 0.0000000 0.2746628 0.0591798 0.2601146 0.2648969 0.4139734 0.0066842 0.2464080 0.2455767 0.0700389 0.2748090 0.0033331 
n293_296   0.0067236 0.2744778 0.3881447 0.2374006 0.0520042 0.0135166 0.0556289 0.0520159 0.2701454 0.0520251 0.2799455 0.1438175 0.3183877 0.2746628 0.0000000 0.3010020 0.2754371 0.0101126 0.3828648 0.2847134 0.2516674 0.0930182 0.3108601 0.0169428 0.2696010 
n277_280   0.3009325 0.0627603 0.4337776 0.2517563 0.3105123 0.2958131 0.3265148 0.3211539 0.2558490 0.3158228 0.0628008 0.2788263 0.3820672 0.0591798 0.3010020 0.0000000 0.2658882 0.2908444 0.4216808 0.0665077 0.2520439 0.2707092 0.0202764 0.3011675 0.0628259 
n265_268   0.2851716 0.2551639 0.3915330 0.1405517 0.2846419 0.2801719 0.3101465 0.2948803 0.0448261 0.2897508 0.2652772 0.2532688 0.3705638 0.2601146 0.2754371 0.2658882 0.0000000 0.2804228 0.3800054 0.2652887 0.1447028 0.2851992 0.2653948 0.2905755 0.2649896 
n298_301   0.0101106 0.2647190 0.3998529 0.2421345 0.0412946 0.0101178 0.0448625 0.0413038 0.2750899 0.0413120 0.2700991 0.1356898 0.3235476 0.2648969 0.0101126 0.2908444 0.2804228 0.0000000 0.3944984 0.2748090 0.2518901 0.0854136 0.3005784 0.0067288 0.2599068 
n251_254   0.3941225 0.4015913 0.0516547 0.3641550 0.4104561 0.3941250 0.4229183 0.4167529 0.3572720 0.4046595 0.4205158 0.3616126 0.2849296 0.4139734 0.3828648 0.4216808 0.3800054 0.3944984 0.0000000 0.4261874 0.3698953 0.3939368 0.4271069 0.4064724 0.4200167 
n292_295   0.2846482 0.0168159 0.4382407 0.2557895 0.3043126 0.2796568 0.3095896 0.3043744 0.2602289 0.3044577 0.0168417 0.2632522 0.3802577 0.0066842 0.2847134 0.0665077 0.2652887 0.2748090 0.4261874 0.0000000 0.2560817 0.2552131 0.0774737 0.2848666 0.0100510 
n286_289   0.2564865 0.2415442 0.3872477 0.0101215 0.2659929 0.2516673 0.2909217 0.2759971 0.1364241 0.2709845 0.2514708 0.2548613 0.3386590 0.2464080 0.2516674 0.2520439 0.1447028 0.2518901 0.3698953 0.2560817 0.0000000 0.2568322 0.2469418 0.2616622 0.2511998 
n236_239   0.0891561 0.2454130 0.3937879 0.2470004 0.0966751 0.0930706 0.1005559 0.0966966 0.2899465 0.0967152 0.2506194 0.1276150 0.3228558 0.2455767 0.0930182 0.2707092 0.2851992 0.0854136 0.3939368 0.2552131 0.2568322 0.0000000 0.2801942 0.0930593 0.2407295 
n278_281   0.3107884 0.0663312 0.4392810 0.2466614 0.3204710 0.3056060 0.3366841 0.3312505 0.2553780 0.3258506 0.0663729 0.2785637 0.3988678 0.0700389 0.3108601 0.0202764 0.2653948 0.3005784 0.4271069 0.0774737 0.2469418 0.2801942 0.0000000 0.3110328 0.0737364 
n297_300   0.0169393 0.2746237 0.4119067 0.2517629 0.0484395 0.0169515 0.0520465 0.0484503 0.2851574 0.0484589 0.2800955 0.1399037 0.3344132 0.2748090 0.0169428 0.3011675 0.2905755 0.0067288 0.4064724 0.2848666 0.2616622 0.0930593 0.3110328 0.0000000 0.2697435 
n300_303   0.2695395 0.0134160 0.4319672 0.2509141 0.2887975 0.2646547 0.2939511 0.2888567 0.2599366 0.2889336 0.0134366 0.2486644 0.3744563 0.0033331 0.2696010 0.0628259 0.2649896 0.2599068 0.4200167 0.0100510 0.2511998 0.2407295 0.0737364 0.2697435 0.0000000 
