26
n277_278   0.0000000 2.2536986 2.1838605 2.1501309 2.1662690 0.4848891 3.1867388 2.8078524 0.1208842 0.4791035 1.9115766 2.4103297 2.4058791 2.7964483 1.9821969 0.4989390 0.4758193 2.1994536 2.2095013 3.0447041 1.8703875 2.3113676 2.4019660 3.7409960 2.6472140 0.4792216 
n286_287   2.2536986 0.0000000 1.7077639 0.0666948 1.6236478 2.6944417 2.1977691 1.5638057 2.1895040 2.9168468 1.6573691 1.7198061 1.5535212 1.4894015 1.4652088 2.8913753 2.8232439 1.8093833 1.5563526 2.2751774 0.7717391 0.8093933 1.6833128 2.2541259 1.4689204 2.9379746 
n296_297   2.1838605 1.7077639 0.0000000 1.6912624 0.1540603 2.2615560 3.4533609 0.3458704 2.0100642 2.2565051 0.6529401 0.3302450 0.1498824 0.3459743 0.9854967 2.1025152 2.1310908 0.0342974 0.1454259 3.0265864 3.4048206 2.3751824 0.3693527 3.2681855 0.3238494 2.3805117 
n285_286   2.1501309 0.0666948 1.6912624 0.0000000 1.6677757 2.7530703 2.7856166 1.6146241 2.1333693 2.9846478 1.5757030 1.8192354 1.5650555 1.5364352 1.4789239 2.8474115 2.8952280 1.7619394 1.5622215 2.0274219 0.7679007 0.8498686 1.7830107 2.4266240 1.5462043 3.0070245 
n289_290   2.1662690 1.6236478 0.1540603 1.6677757 0.0000000 2.1005498 3.8949947 0.3411318 1.9176005 2.1396153 0.6701779 0.3374224 0.0557592 0.3190514 0.9898997 2.0431314 2.1227616 0.1624610 0.0630874 3.3923657 2.1803818 1.7731100 0.3418776 3.7534146 0.2974407 2.1408779 
n274_275   0.4848891 2.6944417 2.2615560 2.7530703 2.1005498 0.0000000 3.0336111 2.5666483 0.4264225 0.1128759 1.9193254 2.2971183 2.3323148 2.8616027 2.0605683 0.1331623 0.1329717 2.2810578 2.2428464 2.5946993 2.5143791 3.6591002 2.4327422 3.3304659 2.8008435 0.1168347 
n255_256   3.1867388 2.1977691 3.4533609 2.7856166 3.8949947 3.0336111 0.0000000 5.2804842 4.7806012 3.4446141 3.9481526 3.6902825 4.2577759 3.4804950 3.9663974 3.5825260 4.7256943 3.7322307 3.7147710 2.1389750 2.3532816 2.4899562 3.6147241 0.3267491 3.5931754 3.6228272 
n275_276   2.8078524 1.5638057 0.3458704 1.6146241 0.3411318 2.5666483 5.2804842 0.0000000 2.3011715 2.6044784 0.6468008 0.1335412 0.3239750 0.1418228 0.9150279 2.2631977 2.7917848 0.3571063 0.3297279 2.4856639 2.4824721 2.0103653 0.1291597 3.4113570 0.1252250 2.6850904 
n278_279   0.1208842 2.1895040 2.0100642 2.1333693 1.9176005 0.4264225 4.7806012 2.3011715 0.0000000 0.4090576 1.9167974 2.0330068 2.0989151 2.4238695 1.8726985 0.4468010 0.4193081 2.0222489 1.9889992 2.9025468 1.9115588 2.2557950 2.0254984 4.3334292 2.2484923 0.4091559 
n299_300   0.4791035 2.9168468 2.2565051 2.9846478 2.1396153 0.1128759 3.4446141 2.6044784 0.4090576 0.0000000 1.9142653 2.2993138 2.4987250 2.7607393 1.8896762 0.0521566 0.0933238 2.2758985 2.3268043 2.4832574 2.5778859 3.6070285 2.2845734 3.8393255 2.7574519 0.0100807 
n236_237   1.9115766 1.6573691 0.6529401 1.5757030 0.6701779 1.9193254 3.9481526 0.6468008 1.9167974 1.9142653 0.0000000 0.6765263 0.6271810 0.6420184 0.9373786 2.0405688 1.8621957 0.6623695 0.6440473 2.2041979 2.0352216 1.8011453 0.6573430 3.0375018 0.6494918 2.0009987 
n293_294   2.4103297 1.7198061 0.3302450 1.8192354 0.3374224 2.2971183 3.6902825 0.1335412 2.0330068 2.2993138 0.6765263 0.0000000 0.3362173 0.1590279 0.9105589 2.0921634 2.4693632 0.3468168 0.3420967 2.7757180 2.8056489 2.3615194 0.0559247 2.6908740 0.1463434 2.3598171 
n290_291   2.4058791 1.5535212 0.1498824 1.5650555 0.0557592 2.3323148 4.2577759 0.3239750 2.0989151 2.4987250 0.6271810 0.3362173 0.0000000 0.3130319 0.9753472 2.3626787 2.3602996 0.1582359 0.0450318 3.2874384 2.5291681 1.9425956 0.3356217 3.8411666 0.2919059 2.3710560 
n297_298   2.7964483 1.4894015 0.3459743 1.5364352 0.3190514 2.8616027 3.4804950 0.1418228 2.4238695 2.7607393 0.6420184 0.1590279 0.3130319 0.0000000 0.8587706 2.5027083 2.8471224 0.3689982 0.3186922 2.0939186 3.1536804 2.2103900 0.1460768 2.5044195 0.0238386 2.8557708 
n200_201   1.9821969 1.4652088 0.9854967 1.4789239 0.9898997 2.0605683 3.9663974 0.9150279 1.8726985 1.8896762 0.9373786 0.9105589 0.9753472 0.8587706 0.0000000 1.9627873 2.0217602 0.9577268 1.0036807 2.8060541 2.0007043 1.9977589 0.8733306 6.6952116 0.8790450 1.9387436 
n292_293   0.4989390 2.8913753 2.1025152 2.8474115 2.0431314 0.1331623 3.5825260 2.2631977 0.4468010 0.0521566 2.0405688 2.0921634 2.3626787 2.5027083 1.9627873 0.0000000 0.1130006 2.1254562 2.1467475 2.4589692 2.4430353 3.3921024 2.1780752 4.5051343 2.4995712 0.0557745 
n280_281   0.4758193 2.8232439 2.1310908 2.8952280 2.1227616 0.1329717 4.7256943 2.7917848 0.4193081 0.0933238 1.8621957 2.4693632 2.3602996 2.8471224 2.0217602 0.1130006 0.0000000 2.2013376 2.2087286 2.3264662 2.4915467 3.2834894 2.5322585 4.1745631 2.8438225 0.0971712 
n295_296   2.1994536 1.8093833 0.0342974 1.7619394 0.1624610 2.2810578 3.7322307 0.3571063 2.0222489 2.2758985 0.6623695 0.3468168 0.1582359 0.3689982 0.9577268 2.1254562 2.2013376 0.0000000 0.1580600 3.4579743 4.0018041 2.5441291 0.3809943 3.4563745 0.3461336 2.4034672 
n287_288   2.2095013 1.5563526 0.1454259 1.5622215 0.0630874 2.2428464 3.7147710 0.3297279 1.9889992 2.3268043 0.6440473 0.3420967 0.0450318 0.3186922 1.0036807 2.1467475 2.2087286 0.1580600 0.0000000 3.1663333 2.3806361 1.9056609 0.3414862 3.3905116 0.2973886 2.3283531 
n244_245   3.0447041 2.2751774 3.0265864 2.0274219 3.3923657 2.5946993 2.1389750 2.4856639 2.9025468 2.4832574 2.2041979 2.7757180 3.2874384 2.0939186 2.8060541 2.4589692 2.3264662 3.4579743 3.1663333 0.0000000 2.4766688 2.4598203 3.1694005 2.2618241 2.1433357 2.5592429 
n265_266   1.8703875 0.7717391 3.4048206 0.7679007 2.1803818 2.5143791 2.3532816 2.4824721 1.9115588 2.5778859 2.0352216 2.8056489 2.5291681 3.1536804 2.0007043 2.4430353 2.4915467 4.0018041 2.3806361 2.4766688 0.0000000 0.1577175 2.6210976 3.6716868 3.0428537 2.5983329 
n266_267   2.3113676 0.8093933 2.3751824 0.8498686 1.7731100 3.6591002 2.4899562 2.0103653 2.2557950 3.6070285 1.8011453 2.3615194 1.9425956 2.2103900 1.9977589 3.3921024 3.2834894 2.5441291 1.9056609 2.4598203 0.1577175 0.0000000 2.1273362 5.0111970 2.1628171 3.6663028 
n294_295   2.4019660 1.6833128 0.3693527 1.7830107 0.3418776 2.4327422 3.6147241 0.1291597 2.0254984 2.2845734 0.6573430 0.0559247 0.3356217 0.1460768 0.8733306 2.1780752 2.5322585 0.3809943 0.3414862 3.1694005 2.6210976 2.1273362 0.0000000 2.9913580 0.1294445 2.3438073 
n251_252   3.7409960 2.2541259 3.2681855 2.4266240 3.7534146 3.3304659 0.3267491 3.4113570 4.3334292 3.8393255 3.0375018 2.6908740 3.8411666 2.5044195 6.6952116 4.5051343 4.1745631 3.4563745 3.3905116 2.2618241 3.6716868 5.0111970 2.9913580 0.0000000 2.6043763 4.0898746 
n298_299   2.6472140 1.4689204 0.3238494 1.5462043 0.2974407 2.8008435 3.5931754 0.1252250 2.2484923 2.7574519 0.6494918 0.1463434 0.2919059 0.0238386 0.8790450 2.4995712 2.8438225 0.3461336 0.2973886 2.1433357 3.0428537 2.1628171 0.1294445 2.6043763 0.0000000 2.8524639 
n300_301   0.4792216 2.9379746 2.3805117 3.0070245 2.1408779 0.1168347 3.6228272 2.6850904 0.4091559 0.0100807 2.0009987 2.3598171 2.3710560 2.8557708 1.9387436 0.0557745 0.0971712 2.4034672 2.3283531 2.5592429 2.5983329 3.6663028 2.3438073 4.0898746 2.8524639 0.0000000 
