23
n289_290   0.0000000 0.0411967 0.0237600 0.3558422 0.3200858 0.0412399 0.2993342 0.3922265 0.3402299 0.0306969 0.3151397 0.3462424 0.3045149 0.0033492 0.1719672 0.2996235 0.1037082 0.2898283 0.3095376 0.0412148 0.3815584 0.3101706 0.3146510 
n294_295   0.0411967 0.0000000 0.0446888 0.3397440 0.3047178 0.0134806 0.2844114 0.3924439 0.3295503 0.0518198 0.2998670 0.3404446 0.2894791 0.0447445 0.1593542 0.2846825 0.0922270 0.2798460 0.2995283 0.0134725 0.3700732 0.2949963 0.3045729 
n295_296   0.0237600 0.0446888 0.0000000 0.3555022 0.3248020 0.0447357 0.3039376 0.4034147 0.3451060 0.0067080 0.3198328 0.3461917 0.3091480 0.0272228 0.1759801 0.3042333 0.1036156 0.2943882 0.3144915 0.0447084 0.3866077 0.3148392 0.3196379 
n266_267   0.3558422 0.3397440 0.3555022 0.0000000 0.3719383 0.3453674 0.3445967 0.4864568 0.0409906 0.3664043 0.3666770 0.4787184 0.3557050 0.3613172 0.3608574 0.3556807 0.3824339 0.3500166 0.1841221 0.3451161 0.4739325 0.3667284 0.1926646 
n299_300   0.3200858 0.3047178 0.3248020 0.3719383 0.0000000 0.3047926 0.0374856 0.4813971 0.3613195 0.3352732 0.0100428 0.4363650 0.0843637 0.3253082 0.3401991 0.0843644 0.3291468 0.0340322 0.3294321 0.3098456 0.4562977 0.0134183 0.3397807 
n298_299   0.0412399 0.0134806 0.0447357 0.3453674 0.3047926 0.0000000 0.2844802 0.3929514 0.3350919 0.0518744 0.2999404 0.3459979 0.2847529 0.0447914 0.1595335 0.2799825 0.0923263 0.2799133 0.2946965 0.0134864 0.3705452 0.2950683 0.2997100 
n274_275   0.2993342 0.2844114 0.3039376 0.3445967 0.0374856 0.2844802 0.0000000 0.4808665 0.3445823 0.3140990 0.0340113 0.4238547 0.0732079 0.3044020 0.3343832 0.0732086 0.3081969 0.0236351 0.3134367 0.2893897 0.4558026 0.0305481 0.3235541 
n251_252   0.3922265 0.3924439 0.4034147 0.4864568 0.4813971 0.3929514 0.4808665 0.0000000 0.4559163 0.4151436 0.4814810 0.3477357 0.4882657 0.3924430 0.4080693 0.4751741 0.3916640 0.4689066 0.4502194 0.3871045 0.0413306 0.4693102 0.4624205 
n265_266   0.3402299 0.3295503 0.3451060 0.0409906 0.3613195 0.3350919 0.3445823 0.4559163 0.0000000 0.3558602 0.3561235 0.4545449 0.3452998 0.3455921 0.3503901 0.3452769 0.3716828 0.3396961 0.1757505 0.3348501 0.4622722 0.3561731 0.1842033 
n296_297   0.0306969 0.0518198 0.0067080 0.3664043 0.3352732 0.0518744 0.3140990 0.4151436 0.3558602 0.0000000 0.3302372 0.3569898 0.3193880 0.0341944 0.1845212 0.3144075 0.1113480 0.3044277 0.3248158 0.0482493 0.3980745 0.3251751 0.3300361 
n300_301   0.3151397 0.2998670 0.3198328 0.3666770 0.0100428 0.2999404 0.0340113 0.4814810 0.3561235 0.3302372 0.0000000 0.4306483 0.0806824 0.3203289 0.3406058 0.0806831 0.3191253 0.0305694 0.3244396 0.3049627 0.4563748 0.0100446 0.3347252 
n244_245   0.3462424 0.3404446 0.3461917 0.4787184 0.4363650 0.3459979 0.4238547 0.3477357 0.4545449 0.3569898 0.4306483 0.0000000 0.4363464 0.3516594 0.3941996 0.4242804 0.3614242 0.4184790 0.4297531 0.3566235 0.3266404 0.4192124 0.4415852 
n278_279   0.3045149 0.2894791 0.3091480 0.3557050 0.0843637 0.2847529 0.0732079 0.4882657 0.3452998 0.3193880 0.0806824 0.4363464 0.0000000 0.3096219 0.3505987 0.0202371 0.3290999 0.0696226 0.3141336 0.2944952 0.4629164 0.0770091 0.3242794 
n287_288   0.0033492 0.0447445 0.0272228 0.3613172 0.3253082 0.0447914 0.3044020 0.3924430 0.3455921 0.0341944 0.3203289 0.3516594 0.3096219 0.0000000 0.1762243 0.3046990 0.1075788 0.2948356 0.3146806 0.0447641 0.3817674 0.3153257 0.3198320 
n200_201   0.1719672 0.1593542 0.1759801 0.3608574 0.3401991 0.1595335 0.3343832 0.4080693 0.3503901 0.1845212 0.3406058 0.3941996 0.3505987 0.1762243 0.0000000 0.3449825 0.1758559 0.3295526 0.2840807 0.1553430 0.3853007 0.3458016 0.3038647 
n277_278   0.2996235 0.2846825 0.3042333 0.3556807 0.0843644 0.2799825 0.0732086 0.4751741 0.3452769 0.3144075 0.0806831 0.4242804 0.0202371 0.3046990 0.3449825 0.0000000 0.3186999 0.0696233 0.3190728 0.2896668 0.4562785 0.0770098 0.3292811 
n236_237   0.1037082 0.0922270 0.1036156 0.3824339 0.3291468 0.0923263 0.3081969 0.3916640 0.3716828 0.1113480 0.3191253 0.3614242 0.3290999 0.1075788 0.1758559 0.3186999 0.0000000 0.2986154 0.3243314 0.0922685 0.3693503 0.3191485 0.3295417 
n280_281   0.2898283 0.2798460 0.2943882 0.3500166 0.0340322 0.2799133 0.0236351 0.4689066 0.3396961 0.3044277 0.0305694 0.4184790 0.0696226 0.2948356 0.3295526 0.0696233 0.2986154 0.0000000 0.3087251 0.2847967 0.4502038 0.0271178 0.3187881 
n285_286   0.3095376 0.2995283 0.3144915 0.1841221 0.3294321 0.2946965 0.3134367 0.4502194 0.1757505 0.3248158 0.3244396 0.4297531 0.3141336 0.3146806 0.2840807 0.3190728 0.3243314 0.3087251 0.0000000 0.2996806 0.4204420 0.3244837 0.0134274 
n275_276   0.0412148 0.0134725 0.0447084 0.3451161 0.3098456 0.0134864 0.2893897 0.3871045 0.3348501 0.0482493 0.3049627 0.3566235 0.2944952 0.0447641 0.1553430 0.2896668 0.0922685 0.2847967 0.2996806 0.0000000 0.3648781 0.3000590 0.3047284 
n255_256   0.3815584 0.3700732 0.3866077 0.4739325 0.4562977 0.3705452 0.4558026 0.0413306 0.4622722 0.3980745 0.4563748 0.3266404 0.4629164 0.3817674 0.3853007 0.4562785 0.3693503 0.4502038 0.4204420 0.3648781 0.0000000 0.4569317 0.4321781 
n292_293   0.3101706 0.2949963 0.3148392 0.3667284 0.0134183 0.2950683 0.0305481 0.4693102 0.3561731 0.3251751 0.0100446 0.4192124 0.0770091 0.3153257 0.3458016 0.0770098 0.3191485 0.0271178 0.3244837 0.3000590 0.4569317 0.0000000 0.3347711 
n286_287   0.3146510 0.3045729 0.3196379 0.1926646 0.3397807 0.2997100 0.3235541 0.4624205 0.1842033 0.3300361 0.3347252 0.4415852 0.3242794 0.3198320 0.3038647 0.3292811 0.3295417 0.3187881 0.0134274 0.3047284 0.4321781 0.3347711 0.0000000 
