26
n277_280   0.0000000 1.4700435 0.0853565 1.8246176 5.7045793 0.4839617 1.9908705 2.0275361 1.7493726 1.7075430 1.9132850 1.7080686 1.8557295 1.9433308 1.7265428 6.4736349 2.0243997 0.5267160 1.9120827 0.5062810 0.5072478 1.5205485 2.0366561 1.8122941 0.4931325 2.1619932 
n285_288   1.4700435 0.0000000 1.5028319 1.7718641 2.0842041 1.5497297 1.8257114 1.7855275 1.5205598 1.6171408 0.9013263 1.7734674 1.0308874 1.6131693 1.5719964 2.3539619 1.5486058 1.5708866 1.7332870 1.4402018 1.4497484 0.0892969 3.6162551 1.4816609 1.4948619 1.4044368 
n278_281   0.0853565 1.5028319 0.0000000 1.7804328 3.7691295 0.4610635 1.7728362 1.8607423 1.6842327 1.6028692 1.9713947 1.6696684 1.9589544 1.9036410 1.6495732 3.8493832 2.0084047 0.5164478 1.7719910 0.4825436 0.4970727 1.6316413 1.9196648 1.7888775 0.4832028 1.9917136 
n297_300   1.8246176 1.7718641 1.7804328 0.0000000 2.0367911 1.5933048 0.1925165 0.1789136 0.3153731 0.3227795 2.1525341 0.0272406 2.3888139 0.3694056 0.3342937 1.7697659 0.9418869 1.7926259 0.1532430 1.5485556 1.6380158 1.7708432 2.0717656 0.3147991 1.5584590 0.6668338 
n251_254   5.7045793 2.0842041 3.7691295 2.0367911 0.0000000 2.0292395 1.8772631 1.8528893 2.2158242 2.0113847 2.8596134 1.8834269 8.9999985 2.4707775 1.9620162 0.3098631 2.6733518 1.9321097 2.0058244 1.8116193 1.8433285 2.5062132 2.2583019 2.2510970 1.8818324 2.2722020 
n280_283   0.4839617 1.5497297 0.4610635 1.5933048 2.0292395 0.0000000 1.7396359 1.7667566 1.6126873 1.6023533 2.2033985 1.5895872 2.0786016 1.7639065 1.6780754 2.3946986 2.3363801 0.0969152 1.6748234 0.0702872 0.0851422 1.5309934 2.2882627 1.6107807 0.0777861 1.6713671 
n294_297   1.9908705 1.8257114 1.7728362 0.1925165 1.8772631 1.7396359 0.0000000 0.1126904 0.3309552 0.2919259 1.8523122 0.1839905 2.1363212 0.3369377 0.3085810 1.9012127 0.9263011 2.0218488 0.0378798 1.6572545 1.7636428 1.8711719 2.2173012 0.3257705 1.7243751 0.6748491 
n275_278   2.0275361 1.7855275 1.8607423 0.1789136 1.8528893 1.7667566 0.1126904 0.0000000 0.3403508 0.3121745 1.8386424 0.1705437 2.1072306 0.3458863 0.3189851 1.8285097 0.9259503 2.0164994 0.0893853 1.6520726 1.8153513 1.8150114 2.4821902 0.3301425 1.7191311 0.6775422 
n289_292   1.7493726 1.5205598 1.6842327 0.3153731 2.2158242 1.6126873 0.3309552 0.3403508 0.0000000 0.1735314 1.6284637 0.3200942 1.9485567 0.0812639 0.1736798 1.8257289 1.0016873 1.7051047 0.2825455 1.5131158 1.5975005 1.6318041 2.2676451 0.0483485 1.5414274 0.6467541 
n296_299   1.7075430 1.6171408 1.6028692 0.3227795 2.0113847 1.6023533 0.2919259 0.3121745 0.1735314 0.0000000 1.6530325 0.3225533 2.0997677 0.1776372 0.0305282 1.7816204 0.9577028 1.6817353 0.2463436 1.5534214 1.5654393 1.7447010 2.1657942 0.1779918 1.5524675 0.6985966 
n265_268   1.9132850 0.9013263 1.9713947 2.1525341 2.8596134 2.2033985 1.8523122 1.8386424 1.6284637 1.6530325 0.0000000 2.0486836 0.2333061 1.6915724 1.7844637 3.1558549 2.0131528 2.2702813 1.7999563 2.1085887 2.0952949 0.9598031 2.9320211 1.5563056 2.2007300 1.4714651 
n298_301   1.7080686 1.7734674 1.6696684 0.0272406 1.8834269 1.5895872 0.1839905 0.1705437 0.3200942 0.3225533 2.0486836 0.0000000 2.2401687 0.3744277 0.3400148 1.7127854 0.9816172 1.7884984 0.1451415 1.5448941 1.6341780 1.7718743 2.0579572 0.3195090 1.5547886 0.6509068 
n266_269   1.8557295 1.0308874 1.9589544 2.3888139 8.9999985 2.0786016 2.1363212 2.1072306 1.9485567 2.0997677 0.2333061 2.2401687 0.0000000 1.9973985 2.2581865 9.0000000 1.9691052 2.1700459 2.0644965 2.1141561 2.1369814 1.0501189 3.6512435 1.9988360 2.1650201 1.8389909 
n287_290   1.9433308 1.6131693 1.9036410 0.3694056 2.4707775 1.7639065 0.3369377 0.3458863 0.0812639 0.1776372 1.6915724 0.3744277 1.9973985 0.0000000 0.1777886 1.9613219 1.0047506 1.8267119 0.2927737 1.6483797 1.7258517 1.7363643 2.5139170 0.0965414 1.6811662 0.6741222 
n295_298   1.7265428 1.5719964 1.6495732 0.3342937 1.9620162 1.6780754 0.3085810 0.3189851 0.1736798 0.0305282 1.7844637 0.3400148 2.2581865 0.1777886 0.0000000 1.8084559 0.9707744 1.7837182 0.2617690 1.6609179 1.6684060 1.6930142 2.3401625 0.1783450 1.6529353 0.7172458 
n255_258   6.4736349 2.3539619 3.8493832 1.7697659 0.3098631 2.3946986 1.9012127 1.8285097 1.8257289 1.7816204 3.1558549 1.7127854 9.0000000 1.9613219 1.8084559 0.0000000 2.7180881 2.3518717 1.8976166 2.2654096 2.4121880 2.4592625 1.6776246 1.8463305 2.3590895 1.9585610 
n200_203   2.0243997 1.5486058 2.0084047 0.9418869 2.6733518 2.3363801 0.9263011 0.9259503 1.0016873 0.9577028 2.0131528 0.9816172 1.9691052 1.0047506 0.9707744 2.7180881 0.0000000 2.5501025 0.8927467 2.3565369 2.5707507 1.4564145 2.5373449 1.0434776 2.6251236 0.9780308 
n274_277   0.5267160 1.5708866 0.5164478 1.7926259 1.9321097 0.0969152 2.0218488 2.0164994 1.7051047 1.6817353 2.2702813 1.7884984 2.1700459 1.8267119 1.7837182 2.3518717 2.5501025 0.0000000 1.9347985 0.0893496 0.1007467 1.5172671 2.1004445 1.7308870 0.0932289 1.8294973 
n293_296   1.9120827 1.7332870 1.7719910 0.1532430 2.0058244 1.6748234 0.0378798 0.0893853 0.2825455 0.2463436 1.7999563 0.1451415 2.0644965 0.2927737 0.2617690 1.8976166 0.8927467 1.9347985 0.0000000 1.5972485 1.6964305 1.7668193 2.2685215 0.2777054 1.6602090 0.6309075 
n292_295   0.5062810 1.4402018 0.4825436 1.5485556 1.8116193 0.0702872 1.6572545 1.6520726 1.5131158 1.5534214 2.1085887 1.5448941 2.1141561 1.6483797 1.6609179 2.2654096 2.3565369 0.0893496 1.5972485 0.0000000 0.0448079 1.4403690 2.2342870 1.4863218 0.0377951 1.6477839 
n300_303   0.5072478 1.4497484 0.4970727 1.6380158 1.8433285 0.0851422 1.7636428 1.8153513 1.5975005 1.5654393 2.0952949 1.6341780 2.1369814 1.7258517 1.6684060 2.4121880 2.5707507 0.1007467 1.6964305 0.0448079 0.0000000 1.4498935 2.1739336 1.6464197 0.0203160 1.7153576 
n286_289   1.5205485 0.0892969 1.6316413 1.7708432 2.5062132 1.5309934 1.8711719 1.8150114 1.6318041 1.7447010 0.9598031 1.7718743 1.0501189 1.7363643 1.6930142 2.4592625 1.4564145 1.5172671 1.7668193 1.4403690 1.4498935 0.0000000 9.0000000 1.5828846 1.4948933 1.4247403 
n244_247   2.0366561 3.6162551 1.9196648 2.0717656 2.2583019 2.2882627 2.2173012 2.4821902 2.2676451 2.1657942 2.9320211 2.0579572 3.6512435 2.5139170 2.3401625 1.6776246 2.5373449 2.1004445 2.2685215 2.2342870 2.1739336 9.0000000 0.0000000 2.2616024 2.1714311 2.2136328 
n290_293   1.8122941 1.4816609 1.7888775 0.3147991 2.2510970 1.6107807 0.3257705 0.3301425 0.0483485 0.1779918 1.5563056 0.3195090 1.9988360 0.0965414 0.1783450 1.8463305 1.0434776 1.7308870 0.2777054 1.4863218 1.6464197 1.5828846 2.2616024 0.0000000 1.5876370 0.6306382 
n299_302   0.4931325 1.4948619 0.4832028 1.5584590 1.8818324 0.0777861 1.7243751 1.7191311 1.5414274 1.5524675 2.2007300 1.5547886 2.1650201 1.6811662 1.6529353 2.3590895 2.6251236 0.0932289 1.6602090 0.0377951 0.0203160 1.4948933 2.1714311 1.5876370 0.0000000 1.7096983 
n236_239   2.1619932 1.4044368 1.9917136 0.6668338 2.2722020 1.6713671 0.6748491 0.6775422 0.6467541 0.6985966 1.4714651 0.6509068 1.8389909 0.6741222 0.7172458 1.9585610 0.9780308 1.8294973 0.6309075 1.6477839 1.7153576 1.4247403 2.2136328 0.6306382 1.7096983 0.0000000 
