24
n289_290   0.0000000 0.0271980 0.0237508 0.3733209 0.2795704 0.0342038 0.0066951 0.2743790 0.3810054 0.3278966 0.0203037 0.2846167 0.4432806 0.2688051 0.0134624 0.1240582 0.2732464 0.0377214 0.0966122 0.2741873 0.2756202 0.0341697 0.3650018 0.2757429 
n294_295   0.0271980 0.0000000 0.0307189 0.3679895 0.2797284 0.0134809 0.0203104 0.2745340 0.3868593 0.3333560 0.0272325 0.2847774 0.4499801 0.2689568 0.0272287 0.1242033 0.2734004 0.0168936 0.0890780 0.2743421 0.2855846 0.0067045 0.3707372 0.2857126 
n295_296   0.0237508 0.0307189 0.0000000 0.3849085 0.2798221 0.0377741 0.0168919 0.2746253 0.3869624 0.3387434 0.0033437 0.2848735 0.4501006 0.2690455 0.0237776 0.1323330 0.2734909 0.0413161 0.1006140 0.2744333 0.2909475 0.0377363 0.3708361 0.2910785 
n266_267   0.3733209 0.3679895 0.3849085 0.0000000 0.2765851 0.3851330 0.3677867 0.2811464 0.4271443 0.0342377 0.3851542 0.2816408 0.4728984 0.2659939 0.3794587 0.3401414 0.2704508 0.3914535 0.3969621 0.2711955 0.2051698 0.3738256 0.4215492 0.1962213 
n299_300   0.2795704 0.2797284 0.2798221 0.2765851 0.0000000 0.2901120 0.2698787 0.0134722 0.3694931 0.2615832 0.2848707 0.0033408 0.3774111 0.0627028 0.2799304 0.2504156 0.0700157 0.2852989 0.3056239 0.0067027 0.2415827 0.2848258 0.3705229 0.2416875 
n298_299   0.0342038 0.0134809 0.0377741 0.3851330 0.2901120 0.0000000 0.0272438 0.2848284 0.3990438 0.3389312 0.0342473 0.2952416 0.4634100 0.2791465 0.0342426 0.1283189 0.2836456 0.0100779 0.0891392 0.2846286 0.2852995 0.0203223 0.3826585 0.2854272 
n290_291   0.0066951 0.0203104 0.0168919 0.3677867 0.2698787 0.0272438 0.0000000 0.2647622 0.3754553 0.3227008 0.0134778 0.2748578 0.4375052 0.2592772 0.0067026 0.1201899 0.2636735 0.0307278 0.0890349 0.2645776 0.2707870 0.0272167 0.3595582 0.2709071 
n274_275   0.2743790 0.2745340 0.2746253 0.2811464 0.0134722 0.2848284 0.2647622 0.0000000 0.3639753 0.2660665 0.2796327 0.0168849 0.3829773 0.0554260 0.2747312 0.2454522 0.0626611 0.2800510 0.3002103 0.0066965 0.2366760 0.2795890 0.3649862 0.2367783 
n251_252   0.3810054 0.3868593 0.3869624 0.4271443 0.3694931 0.3990438 0.3754553 0.3639753 0.0000000 0.3899278 0.3811334 0.3697123 0.3016725 0.3525556 0.3871689 0.3591589 0.3520369 0.3992071 0.3994363 0.3637151 0.3895654 0.3928072 0.0518464 0.3843426 
n265_266   0.3278966 0.3333560 0.3387434 0.0342377 0.2615832 0.3389312 0.3227008 0.2660665 0.3899278 0.0000000 0.3389518 0.2665286 0.4608375 0.2463912 0.3336107 0.2919423 0.2507481 0.3448035 0.3667850 0.2563270 0.1915377 0.3388929 0.3789294 0.1827696 
n296_297   0.0203037 0.0272325 0.0033437 0.3851542 0.2848707 0.0342473 0.0134778 0.2796327 0.3811334 0.3389518 0.0000000 0.2899592 0.4437113 0.2740042 0.0203265 0.1282724 0.2784749 0.0377694 0.0967400 0.2794369 0.2858385 0.0342131 0.3651252 0.2859668 
n300_301   0.2846167 0.2847774 0.2848735 0.2816408 0.0033408 0.2952416 0.2748578 0.0168849 0.3697123 0.2665286 0.2899592 0.0000000 0.3832341 0.0663710 0.2849841 0.2456109 0.0737233 0.2903969 0.3108705 0.0100805 0.2463731 0.2899131 0.3707433 0.2464804 
n244_245   0.4432806 0.4499801 0.4501006 0.4728984 0.3774111 0.4634100 0.4375052 0.3829773 0.3016725 0.4608375 0.4437113 0.3832341 0.0000000 0.3784101 0.4503641 0.4321735 0.3781369 0.4636090 0.4633113 0.3715416 0.4325187 0.4436837 0.3129006 0.4327358 
n278_279   0.2688051 0.2689568 0.2690455 0.2659939 0.0627028 0.2791465 0.2592772 0.0554260 0.3525556 0.2463912 0.2740042 0.0663710 0.3784101 0.0000000 0.2691486 0.2355463 0.0066949 0.2744115 0.2941757 0.0553900 0.2223758 0.2739619 0.3589315 0.2224708 
n287_288   0.0134624 0.0272287 0.0237776 0.3794587 0.2799304 0.0342426 0.0067026 0.2747312 0.3871689 0.3336107 0.0203265 0.2849841 0.4503641 0.2691486 0.0000000 0.1282536 0.2735959 0.0377641 0.0967260 0.2745390 0.2808788 0.0342084 0.3710300 0.2810044 
n200_201   0.1240582 0.1242033 0.1323330 0.3401414 0.2504156 0.1283189 0.1201899 0.2454522 0.3591589 0.2919423 0.1282724 0.2456109 0.4321735 0.2355463 0.1282536 0.0000000 0.2398280 0.1281583 0.1446464 0.2452820 0.2763700 0.1282575 0.3546971 0.2764934 
n277_278   0.2732464 0.2734004 0.2734909 0.2704508 0.0700157 0.2836456 0.2636735 0.0626611 0.3520369 0.2507481 0.2784749 0.0737233 0.3781369 0.0066949 0.2735959 0.2398280 0.0000000 0.2788898 0.2987510 0.0626204 0.2266067 0.2784316 0.3584005 0.2267037 
n297_298   0.0377214 0.0168936 0.0413161 0.3914535 0.2852989 0.0100779 0.0307278 0.2800510 0.3992071 0.3448035 0.0377694 0.2903969 0.4636090 0.2744115 0.0377641 0.1281583 0.2788898 0.0000000 0.0929601 0.2798546 0.2906794 0.0237696 0.3828136 0.2908102 
n236_237   0.0966122 0.0890780 0.1006140 0.3969621 0.3056239 0.0891392 0.0890349 0.3002103 0.3994363 0.3667850 0.0967400 0.3108705 0.4633113 0.2941757 0.0967260 0.1446464 0.2987510 0.0929601 0.0000000 0.2999988 0.3115506 0.0929214 0.3943644 0.3116931 
n280_281   0.2741873 0.2743421 0.2744333 0.2711955 0.0067027 0.2846286 0.2645776 0.0066965 0.3637151 0.2563270 0.2794369 0.0100805 0.3715416 0.0553900 0.2745390 0.2452820 0.0626204 0.2798546 0.2999988 0.0000000 0.2365120 0.2793933 0.3647247 0.2366141 
n285_286   0.2756202 0.2855846 0.2909475 0.2051698 0.2415827 0.2852995 0.2707870 0.2366760 0.3895654 0.1915377 0.2858385 0.2463731 0.4325187 0.2223758 0.2808788 0.2763700 0.2266067 0.2906794 0.3115506 0.2365120 0.0000000 0.2907375 0.3906711 0.0067022 
n275_276   0.0341697 0.0067045 0.0377363 0.3738256 0.2848258 0.0203223 0.0272167 0.2795890 0.3928072 0.3388929 0.0342131 0.2899131 0.4436837 0.2739619 0.0342084 0.1282575 0.2784316 0.0237696 0.0929214 0.2793933 0.2907375 0.0000000 0.3765616 0.2908684 
n255_256   0.3650018 0.3707372 0.3708361 0.4215492 0.3705229 0.3826585 0.3595582 0.3649862 0.0518464 0.3789294 0.3651252 0.3707433 0.3129006 0.3589315 0.3710300 0.3546971 0.3584005 0.3828136 0.3943644 0.3647247 0.3906711 0.3765616 0.0000000 0.3854321 
n286_287   0.2757429 0.2857126 0.2910785 0.1962213 0.2416875 0.2854272 0.2709071 0.2367783 0.3843426 0.1827696 0.2859668 0.2464804 0.4327358 0.2224708 0.2810044 0.2764934 0.2267037 0.2908102 0.3116931 0.2366141 0.0067022 0.2908684 0.3854321 0.0000000 
