26
n277_278   0.0000000 2.0173751 2.6919029 2.1916060 2.1771010 0.4822949 3.3023733 1.8833343 0.1092468 0.5056696 2.1912662 2.0469694 2.2305931 1.7687466 1.8103470 0.5120968 0.4989540 2.7747675 2.1083980 3.1614247 2.5759156 2.7488164 2.0518649 3.5140175 1.8572550 0.5273703 
n286_287   2.0173751 0.0000000 1.8382120 0.0744093 1.6874733 2.2968146 4.2925557 1.4586125 2.4284384 1.9934210 2.1222207 1.4010708 1.9186082 1.5222857 2.0014336 2.0976759 2.0748109 1.8720218 1.8314013 5.1882225 0.9829648 1.0414216 1.4467547 3.1345326 1.5500900 2.0073916 
n296_297   2.6919029 1.8382120 0.0000000 1.7282493 0.1679739 2.3926689 2.4947218 0.3245589 2.5541221 2.3934652 0.5878673 0.3535982 0.1679703 0.3636818 1.0246809 2.1224384 2.2727254 0.0378615 0.1459703 2.1590615 2.3147320 2.6341257 0.3710879 2.5022559 0.3520227 2.2723606 
n285_286   2.1916060 0.0744093 1.7282493 0.0000000 1.5598636 2.0316169 3.2144899 1.4354027 2.3525425 1.7798010 2.0846241 1.3912626 1.7589452 1.4754974 1.8111587 1.9048864 1.8118816 1.6918631 1.6843084 5.5662589 1.0091567 1.0553128 1.4110485 3.2313089 1.5254298 1.7907718 
n289_290   2.1771010 1.6874733 0.1679739 1.5598636 0.0000000 2.2893991 2.1743453 0.3413851 2.0321045 2.1406353 0.6374626 0.3657585 0.0634123 0.3635628 1.0482901 2.0318573 2.0987400 0.1679531 0.0668438 2.5632802 2.1650669 2.3135641 0.3641627 2.2115934 0.3630013 2.0976591 
n274_275   0.4822949 2.2968146 2.3926689 2.0316169 2.2893991 0.0000000 2.1258738 2.0710652 0.5177111 0.1174431 2.5072357 2.2223421 2.0839100 2.2487900 2.1870553 0.1337128 0.1052956 2.4123650 2.1793237 3.0635461 2.4647618 2.5092555 2.0467162 2.7750625 2.2381580 0.1257292 
n255_256   3.3023733 4.2925557 2.4947218 3.2144899 2.1743453 2.1258738 0.0000000 3.5440468 3.7314806 1.9789918 2.4573657 3.0509916 2.1038245 2.8432522 3.7123690 2.0230991 2.0851212 2.6998862 2.1936092 2.6116661 2.8568983 2.9506477 3.4120673 0.3946898 2.8465712 1.9796873 
n275_276   1.8833343 1.4586125 0.3245589 1.4354027 0.3413851 2.0710652 3.5440468 0.0000000 1.7722456 2.0946285 0.6805812 0.1420884 0.3360883 0.1211030 0.9550574 1.8689163 1.9481410 0.3134435 0.3339267 2.9831586 1.9812032 2.5659016 0.1547458 4.0021554 0.1170184 2.0017677 
n278_279   0.1092468 2.4284384 2.5541221 2.3525425 2.0321045 0.5177111 3.7314806 1.7722456 0.0000000 0.5497466 2.4275347 1.9640522 2.1762668 1.7938302 1.8115822 0.5654079 0.5355931 2.6272994 2.0194328 3.5837471 2.9043145 3.1365895 2.0071660 5.7291903 1.8399511 0.5818185 
n299_300   0.5056696 1.9934210 2.3934652 1.7798010 2.1406353 0.1174431 1.9789918 2.0946285 0.5497466 0.0000000 2.6122325 2.1326441 2.0492163 2.1225957 2.2338658 0.0593532 0.0977234 2.4131685 2.0988548 3.5319393 2.1017185 2.1837272 1.9321544 2.8404454 2.1133381 0.0135344 
n236_237   2.1912662 2.1222207 0.5878673 2.0846241 0.6374626 2.5072357 2.4573657 0.6805812 2.4275347 2.6122325 0.0000000 0.6404668 0.6371348 0.6462282 1.0110819 2.4392152 2.2172439 0.5949818 0.6339770 2.1704893 2.5544313 2.3660319 0.6606328 2.7088684 0.6641481 2.4149318 
n293_294   2.0469694 1.4010708 0.3535982 1.3912626 0.3657585 2.2223421 3.0509916 0.1420884 1.9640522 2.1326441 0.6404668 0.0000000 0.3658974 0.1634564 0.9886856 1.8696505 2.0607447 0.3473473 0.3642257 2.7939755 1.8143563 1.9459262 0.0669965 4.0933019 0.1678751 2.0369690 
n290_291   2.2305931 1.9186082 0.1679703 1.7589452 0.0634123 2.0839100 2.1038245 0.3360883 2.1762668 2.0492163 0.6371348 0.3658974 0.0000000 0.3572902 1.0621432 1.9031106 2.0061950 0.1679496 0.0668595 2.3856116 2.2531325 2.3502873 0.3643005 2.1361262 0.3567414 1.9603131 
n297_298   1.7687466 1.5222857 0.3636818 1.4754974 0.3635628 2.2487900 2.8432522 0.1211030 1.7938302 2.1225957 0.6462282 0.1634564 0.3572902 0.0000000 1.0420560 1.9685092 2.1259198 0.3519152 0.3557866 2.5186442 1.9197433 2.2040049 0.1626945 3.6719590 0.0237860 2.0277570 
n200_201   1.8103470 2.0014336 1.0246809 1.8111587 1.0482901 2.1870553 3.7123690 0.9550574 1.8115822 2.2338658 1.0110819 0.9886856 1.0621432 1.0420560 0.0000000 2.2525079 2.0619574 1.0581287 1.0737668 2.7809094 2.1913753 2.6409340 1.0444573 4.8015328 1.0140428 2.2353810 
n292_293   0.5120968 2.0976759 2.1224384 1.9048864 2.0318573 0.1337128 2.0230991 1.8689163 0.5654079 0.0593532 2.4392152 1.8696505 1.9031106 1.9685092 2.2525079 0.0000000 0.1214603 2.1389038 1.9930540 3.5920167 2.0105846 2.0435398 1.7715904 2.7625793 1.9607137 0.0668065 
n280_281   0.4989540 2.0748109 2.2727254 1.8118816 2.0987400 0.1052956 2.0851212 1.9481410 0.5355931 0.0977234 2.2172439 2.0607447 2.0061950 2.1259198 2.0619574 0.1214603 0.0000000 2.2909453 2.0457935 2.8120447 2.1417914 2.0381237 1.8725132 2.9135281 2.1617406 0.1057426 
n295_296   2.7747675 1.8720218 0.0378615 1.6918631 0.1679531 2.4123650 2.6998862 0.3134435 2.6272994 2.4131685 0.5949818 0.3473473 0.1679496 0.3519152 1.0581287 2.1389038 2.2909453 0.0000000 0.1543308 2.1692672 2.2420048 2.5152631 0.3646560 2.4962247 0.3404601 2.2905437 
n287_288   2.1083980 1.8314013 0.1459703 1.6843084 0.0668438 2.1793237 2.1936092 0.3339267 2.0194328 2.0988548 0.6339770 0.3642257 0.0668595 0.3557866 1.0737668 1.9930540 2.0457935 0.1543308 0.0000000 2.2901828 2.2678015 2.6452134 0.3683566 2.4407587 0.3552422 2.0876193 
n244_245   3.1614247 5.1882225 2.1590615 5.5662589 2.5632802 3.0635461 2.6116661 2.9831586 3.5837471 3.5319393 2.1704893 2.7939755 2.3856116 2.5186442 2.7809094 3.5920167 2.8120447 2.1692672 2.2901828 0.0000000 2.7697288 2.9981996 2.7650212 2.3997305 2.8772505 3.7256704 
n265_266   2.5759156 0.9829648 2.3147320 1.0091567 2.1650669 2.4647618 2.8568983 1.9812032 2.9043145 2.1017185 2.5544313 1.8143563 2.2531325 1.9197433 2.1913753 2.0105846 2.1417914 2.2420048 2.2678015 2.7697288 0.0000000 0.1724917 1.9274862 2.6020045 1.8816564 2.2082180 
n266_267   2.7488164 1.0414216 2.6341257 1.0553128 2.3135641 2.5092555 2.9506477 2.5659016 3.1365895 2.1837272 2.3660319 1.9459262 2.3502873 2.2040049 2.6409340 2.0435398 2.0381237 2.5152631 2.6452134 2.9981996 0.1724917 0.0000000 2.1420942 2.5564846 2.0968669 2.2483443 
n294_295   2.0518649 1.4467547 0.3710879 1.4110485 0.3641627 2.0467162 3.4120673 0.1547458 2.0071660 1.9321544 0.6606328 0.0669965 0.3643005 0.1626945 1.0444573 1.7715904 1.8725132 0.3646560 0.3683566 2.7650212 1.9274862 2.1420942 0.0000000 3.9171406 0.1716580 1.8525790 
n251_252   3.5140175 3.1345326 2.5022559 3.2313089 2.2115934 2.7750625 0.3946898 4.0021554 5.7291903 2.8404454 2.7088684 4.0933019 2.1361262 3.6719590 4.8015328 2.7625793 2.9135281 2.4962247 2.4407587 2.3997305 2.6020045 2.5564846 3.9171406 0.0000000 3.6769138 2.8713291 
n298_299   1.8572550 1.5500900 0.3520227 1.5254298 0.3630013 2.2381580 2.8465712 0.1170184 1.8399511 2.1133381 0.6641481 0.1678751 0.3567414 0.0237860 1.0140428 1.9607137 2.1617406 0.3404601 0.3552422 2.8772505 1.8816564 2.0968669 0.1716580 3.6769138 0.0000000 2.0194649 
n300_301   0.5273703 2.0073916 2.2723606 1.7907718 2.0976591 0.1257292 1.9796873 2.0017677 0.5818185 0.0135344 2.4149318 2.0369690 1.9603131 2.0277570 2.2353810 0.0668065 0.1057426 2.2905437 2.0876193 3.7256704 2.2082180 2.2483443 1.8525790 2.8713291 2.0194649 0.0000000 
