23
n298_299   0.0000000 0.2820065 0.1805655 0.2965662 0.0411292 0.2763212 0.2920721 0.0168827 0.0203574 0.0447131 0.0100774 0.2881588 0.0590153 0.3636653 0.2816458 0.1151845 0.3740064 0.3116739 0.2861314 0.0517901 0.2921192 0.4468512 0.2929097 
n280_281   0.2820065 0.0000000 0.2576396 0.2481989 0.2821736 0.2477224 0.0067126 0.2973626 0.3033278 0.2875068 0.2824049 0.0593730 0.3074034 0.3471577 0.0134766 0.2773889 0.3473821 0.2623726 0.2523791 0.2920728 0.0100980 0.3981556 0.0629794 
n200_201   0.1805655 0.2576396 0.0000000 0.2957531 0.1637049 0.2615363 0.2673607 0.1850003 0.1898399 0.1680943 0.1849983 0.2538353 0.1721631 0.3474193 0.2670375 0.1718078 0.3468597 0.3108041 0.2710755 0.1721979 0.2723885 0.4155587 0.2631901 
n286_287   0.2965662 0.2481989 0.2957531 0.0000000 0.2763628 0.1350271 0.2577927 0.3066035 0.3126490 0.2816283 0.3017051 0.2350878 0.3116356 0.3622193 0.2574838 0.2719840 0.3513913 0.0168794 0.1430919 0.2962610 0.2627502 0.3908205 0.2442159 
n287_288   0.0411292 0.2821736 0.1637049 0.2763628 0.0000000 0.2664477 0.2922473 0.0446980 0.0483749 0.0033438 0.0446944 0.2782688 0.0237358 0.3419610 0.2818123 0.1112505 0.3520312 0.2910412 0.2761163 0.0168652 0.2922945 0.4278745 0.2879354 
n266_267   0.2763212 0.2477224 0.2615363 0.1350271 0.2664477 0.0000000 0.2572914 0.2814536 0.2872316 0.2716269 0.2767084 0.2346428 0.2761246 0.3150639 0.2569839 0.2429927 0.3000081 0.1391084 0.0134291 0.2662800 0.2622358 0.3841879 0.2437484 
n292_293   0.2920721 0.0067126 0.2673607 0.2577927 0.2922473 0.2572914 0.0000000 0.3076646 0.3137431 0.2976695 0.2924890 0.0667230 0.3125690 0.3581623 0.0203201 0.2874064 0.3583972 0.2721588 0.2620105 0.2971268 0.0033530 0.4100209 0.0703632 
n293_294   0.0168827 0.2973626 0.1850003 0.3066035 0.0446980 0.2814536 0.3076646 0.0000000 0.0169358 0.0483060 0.0203203 0.2934163 0.0626886 0.3641652 0.2969752 0.1191895 0.3745260 0.3219117 0.2913406 0.0554200 0.3077146 0.4531582 0.3032861 
n275_276   0.0203574 0.3033278 0.1898399 0.3126490 0.0483749 0.2872316 0.3137431 0.0169358 0.0000000 0.0520152 0.0238221 0.2993564 0.0665062 0.3648944 0.3029290 0.1234537 0.3697628 0.3281199 0.2972222 0.0591797 0.3137944 0.4670460 0.3093286 
n289_290   0.0447131 0.2875068 0.1680943 0.2816283 0.0033438 0.2716269 0.2976695 0.0483060 0.0520152 0.0000000 0.0483022 0.2835840 0.0272202 0.3477970 0.2871361 0.1152726 0.3579503 0.2964287 0.2813766 0.0203076 0.2977177 0.4345766 0.2933304 
n297_298   0.0100774 0.2824049 0.1849983 0.3017051 0.0446944 0.2767084 0.2924890 0.0203203 0.0238221 0.0483022 0.0000000 0.2885698 0.0626840 0.3642211 0.2820431 0.1191840 0.3692097 0.3169217 0.2865361 0.0554159 0.2925362 0.4532284 0.2933290 
n278_279   0.2881588 0.0593730 0.2538353 0.2350878 0.2782688 0.2346428 0.0667230 0.2934163 0.2993564 0.2835840 0.2885698 0.0000000 0.3034328 0.3118015 0.0740507 0.2734915 0.3065520 0.2490518 0.2392317 0.2881431 0.0704522 0.3880431 0.0067414 
n295_296   0.0590153 0.3074034 0.1721631 0.3116356 0.0237358 0.2761246 0.3125690 0.0626886 0.0665062 0.0272202 0.0626840 0.3034328 0.0000000 0.3692615 0.3018080 0.1229959 0.3796697 0.3270412 0.2858003 0.0134659 0.3126199 0.4587752 0.3134299 
n251_252   0.3636653 0.3471577 0.3474193 0.3622193 0.3419610 0.3150639 0.3581623 0.3641652 0.3648944 0.3477970 0.3642211 0.3118015 0.3692615 0.0000000 0.3520718 0.3359835 0.0442709 0.3786300 0.3148814 0.3526557 0.3582216 0.2978080 0.3218662 
n274_275   0.2816458 0.0134766 0.2670375 0.2574838 0.2818123 0.2569839 0.0203201 0.2969752 0.3029290 0.2871361 0.2820431 0.0740507 0.3018080 0.3520718 0.0000000 0.2770352 0.3523006 0.2718283 0.2523718 0.2916947 0.0237761 0.4033738 0.0777200 
n236_237   0.1151845 0.2773889 0.1718078 0.2719840 0.1112505 0.2429927 0.2874064 0.1191895 0.1234537 0.1152726 0.1191840 0.2734915 0.1229959 0.3359835 0.2770352 0.0000000 0.3467865 0.2866123 0.2523639 0.1150966 0.2874527 0.4267830 0.2831088 
n255_256   0.3740064 0.3473821 0.3468597 0.3513913 0.3520312 0.3000081 0.3583972 0.3745260 0.3697628 0.3579503 0.3692097 0.3065520 0.3796697 0.0442709 0.3523006 0.3467865 0.0000000 0.3675646 0.2998363 0.3628558 0.3584566 0.2981463 0.3165432 
n285_286   0.3116739 0.2623726 0.3108041 0.0168794 0.2910412 0.1391084 0.2721588 0.3219117 0.3281199 0.2964287 0.3169217 0.2490518 0.3270412 0.3786300 0.2718283 0.2866123 0.3675646 0.0000000 0.1472217 0.3113467 0.2772224 0.4079124 0.2583459 
n265_266   0.2861314 0.2523791 0.2710755 0.1430919 0.2761163 0.0134291 0.2620105 0.2913406 0.2972222 0.2813766 0.2865361 0.2392317 0.2858003 0.3148814 0.2523718 0.2523639 0.2998363 0.1472217 0.0000000 0.2759403 0.2669892 0.3839537 0.2483910 
n296_297   0.0517901 0.2920728 0.1721979 0.2962610 0.0168652 0.2662800 0.2971268 0.0554200 0.0591797 0.0203076 0.0554159 0.2881431 0.0134659 0.3526557 0.2916947 0.1150966 0.3628558 0.3113467 0.2759403 0.0000000 0.2971749 0.4399521 0.2979365 
n299_300   0.2921192 0.0100980 0.2723885 0.2627502 0.2922945 0.2622358 0.0033530 0.3077146 0.3137944 0.2977177 0.2925362 0.0704522 0.3126199 0.3582216 0.0237761 0.2874527 0.3584566 0.2772224 0.2669892 0.2971749 0.0000000 0.4162362 0.0741109 
n244_245   0.4468512 0.3981556 0.4155587 0.3908205 0.4278745 0.3841879 0.4100209 0.4531582 0.4670460 0.4345766 0.4532284 0.3880431 0.4587752 0.2978080 0.4033738 0.4267830 0.2981463 0.4079124 0.3839537 0.4399521 0.4162362 0.0000000 0.3992125 
n277_278   0.2929097 0.0629794 0.2631901 0.2442159 0.2879354 0.2437484 0.0703632 0.3032861 0.3093286 0.2933304 0.2933290 0.0067414 0.3134299 0.3218662 0.0777200 0.2831088 0.3165432 0.2583459 0.2483910 0.2979365 0.0741109 0.3992125 0.0000000 
