26
n277_278   0.0000000 2.0292619 1.4517821 2.0660813 1.5421586 0.4786775 2.9126348 1.5607318 0.1497924 0.5286852 1.5763565 1.5979853 1.5726064 1.5496044 1.6722610 0.4939818 0.4461712 1.3973968 1.4610297 3.4307383 1.6545108 1.7492431 1.7084051 2.5124815 1.5724920 0.5207928 
n286_287   2.0292619 0.0000000 1.5528754 0.0627179 1.5068776 1.6510563 2.3512435 1.6492443 1.8280615 1.5527111 1.4217872 1.7160584 1.5531086 1.5594943 1.6176569 1.5781045 1.4941491 1.4986178 1.6007066 1.9279342 0.9142098 1.0166170 1.6281638 2.0187286 1.5561795 1.5087575 
n296_297   1.4517821 1.5528754 0.0000000 1.5046401 0.1439453 1.5518846 2.2665085 0.3063556 1.5910051 1.5871081 0.7379312 0.2813933 0.1358386 0.2972393 0.9726276 1.6001735 1.4163052 0.0445829 0.1196405 3.1346788 1.8996444 1.8363885 0.2961989 2.3785959 0.2816152 1.5813114 
n285_286   2.0660813 0.0627179 1.5046401 0.0000000 1.5017871 1.7249949 2.7590951 1.5761076 1.8614165 1.6785253 1.3515082 1.5531859 1.5556650 1.4881961 1.6401157 1.6784475 1.6052788 1.4770297 1.5764645 1.9324138 0.8361643 0.9501449 1.5259692 2.3083957 1.4853393 1.6838578 
n289_290   1.5421586 1.5068776 0.1439453 1.5017871 0.0000000 1.8005605 2.5195579 0.2861743 1.7801005 1.9357073 0.7054469 0.2764315 0.0627691 0.2836736 0.9710504 1.8726434 1.6455947 0.1198734 0.0627267 2.5082712 1.9122473 1.8224915 0.2916594 2.5385865 0.2682900 1.8458395 
n274_275   0.4786775 1.6510563 1.5518846 1.7249949 1.8005605 0.0000000 2.8551189 1.8117116 0.4919341 0.1360174 1.6546308 1.7382397 1.6622323 1.7139362 2.1370863 0.1239957 0.1119263 1.5169159 1.7661773 2.8969408 1.7441701 1.9255272 1.7761805 2.8578783 1.6203199 0.1356982 
n255_256   2.9126348 2.3512435 2.2665085 2.7590951 2.5195579 2.8551189 0.0000000 2.5357394 3.1925375 2.9597412 2.1410720 2.5440553 2.5560574 5.4689605 2.2960630 3.0668031 2.9229449 2.4858556 2.1877477 1.5724867 3.1785739 3.5164260 2.9954561 0.2661075 4.9637035 2.8018301 
n275_276   1.5607318 1.6492443 0.3063556 1.5761076 0.2861743 1.8117116 2.5357394 0.0000000 2.1435762 1.8584475 0.7709496 0.1366236 0.2861318 0.1371471 1.0215416 1.8665841 1.7743214 0.3107757 0.2859533 2.9797719 2.1392753 1.7768827 0.1404963 2.7739626 0.1248039 1.7495893 
n278_279   0.1497924 1.8280615 1.5910051 1.8614165 1.7801005 0.4919341 3.1925375 2.1435762 0.0000000 0.5426321 1.7017757 2.1087073 1.8258535 1.9155314 1.8892528 0.5224082 0.4528699 1.6748303 1.7009680 3.6362963 1.5883433 1.8746899 2.2602397 3.2990412 1.9495621 0.5355589 
n299_300   0.5286852 1.5527111 1.5871081 1.6785253 1.9357073 0.1360174 2.9597412 1.8584475 0.5426321 0.0000000 1.8431845 1.7798902 1.7454495 1.8125183 2.1566106 0.0413090 0.0928580 1.5919835 1.8617790 3.1486762 2.0600247 2.1431218 1.9637127 3.7384027 1.6717521 0.0306872 
n236_237   1.5763565 1.4217872 0.7379312 1.3515082 0.7054469 1.6546308 2.1410720 0.7709496 1.7017757 1.8431845 0.0000000 0.8055565 0.6875078 0.7987807 1.1511274 1.8386275 1.6543572 0.7381642 0.7053046 1.8764554 1.4309745 1.5534588 0.8102114 2.1786623 0.8127445 1.9345617 
n293_294   1.5979853 1.7160584 0.2813933 1.5531859 0.2764315 1.7382397 2.5440553 0.1366236 2.1087073 1.7798902 0.8055565 0.0000000 0.2819860 0.1497957 1.0425316 1.7645493 1.6677702 0.2908877 0.2759087 3.6261688 1.8676728 1.7119540 0.0447833 3.2232073 0.1372001 1.7365487 
n290_291   1.5726064 1.5531086 0.1358386 1.5556650 0.0627691 1.6622323 2.5560574 0.2861318 1.8258535 1.7454495 0.6875078 0.2819860 0.0000000 0.2784361 0.9631091 1.7547641 1.5331424 0.1042108 0.0555257 2.5463871 1.8778287 1.8160610 0.2973627 2.5125683 0.2631756 1.7317740 
n297_298   1.5496044 1.5594943 0.2972393 1.4881961 0.2836736 1.7139362 5.4689605 0.1371471 1.9155314 1.8125183 0.7987807 0.1497957 0.2784361 0.0000000 1.0075869 1.7634149 1.5822489 0.2917798 0.2727952 3.2179325 1.8577278 1.6984516 0.1537441 4.5137484 0.0272514 1.7719075 
n200_201   1.6722610 1.6176569 0.9726276 1.6401157 0.9710504 2.1370863 2.2960630 1.0215416 1.8892528 2.1566106 1.1511274 1.0425316 0.9631091 1.0075869 0.0000000 2.3737420 1.9077526 0.9223238 0.9372757 2.0990820 1.6707657 1.8012995 1.0790597 2.8774931 1.0363332 2.0513374 
n292_293   0.4939818 1.5781045 1.6001735 1.6784475 1.8726434 0.1239957 3.0668031 1.8665841 0.5224082 0.0413090 1.8386275 1.7645493 1.7547641 1.7634149 2.3737420 0.0000000 0.0929153 1.5722002 1.8728381 3.0426456 2.0466167 2.0183075 1.9464043 3.3154241 1.6290121 0.0447924 
n280_281   0.4461712 1.4941491 1.4163052 1.6052788 1.6455947 0.1119263 2.9229449 1.7743214 0.4528699 0.0928580 1.6543572 1.6677702 1.5331424 1.5822489 1.9077526 0.0929153 0.0000000 1.3647348 1.6219811 2.9162268 1.7842185 1.9175904 1.8271486 3.1856113 1.5818666 0.0965173 
n295_296   1.3973968 1.4986178 0.0445829 1.4770297 0.1198734 1.5169159 2.4858556 0.3107757 1.6748303 1.5919835 0.7381642 0.2908877 0.1042108 0.2917798 0.9223238 1.5722002 1.3647348 0.0000000 0.0963828 2.9213917 1.9011301 1.7651762 0.3058572 2.2675596 0.2762962 1.5541256 
n287_288   1.4610297 1.6007066 0.1196405 1.5764645 0.0627267 1.7661773 2.1877477 0.2859533 1.7009680 1.8617790 0.7053046 0.2759087 0.0555257 0.2727952 0.9372757 1.8728381 1.6219811 0.0963828 0.0000000 2.6284188 1.9564000 1.8632152 0.2911040 2.1194313 0.2576864 1.8458828 
n244_245   3.4307383 1.9279342 3.1346788 1.9324138 2.5082712 2.8969408 1.5724867 2.9797719 3.6362963 3.1486762 1.8764554 3.6261688 2.5463871 3.2179325 2.0990820 3.0426456 2.9162268 2.9213917 2.6284188 0.0000000 1.8057094 1.8462857 3.4413379 1.5953510 3.1953283 3.0155345 
n265_266   1.6545108 0.9142098 1.8996444 0.8361643 1.9122473 1.7441701 3.1785739 2.1392753 1.5883433 2.0600247 1.4309745 1.8676728 1.8778287 1.8577278 1.6707657 2.0466167 1.7842185 1.9011301 1.9564000 1.8057094 0.0000000 0.1746933 1.8664077 2.7922508 1.9478481 2.0630603 
n266_267   1.7492431 1.0166170 1.8363885 0.9501449 1.8224915 1.9255272 3.5164260 1.7768827 1.8746899 2.1431218 1.5534588 1.7119540 1.8160610 1.6984516 1.8012995 2.0183075 1.9175904 1.7651762 1.8632152 1.8462857 0.1746933 0.0000000 1.7678340 2.5521495 1.7301044 2.0914471 
n294_295   1.7084051 1.6281638 0.2961989 1.5259692 0.2916594 1.7761805 2.9954561 0.1404963 2.2602397 1.9637127 0.8102114 0.0447833 0.2973627 0.1537441 1.0790597 1.9464043 1.8271486 0.3058572 0.2911040 3.4413379 1.8664077 1.7678340 0.0000000 3.8213147 0.1328825 1.9108518 
n251_252   2.5124815 2.0187286 2.3785959 2.3083957 2.5385865 2.8578783 0.2661075 2.7739626 3.2990412 3.7384027 2.1786623 3.2232073 2.5125683 4.5137484 2.8774931 3.3154241 3.1856113 2.2675596 2.1194313 1.5953510 2.7922508 2.5521495 3.8213147 0.0000000 4.7098818 3.4476101 
n298_299   1.5724920 1.5561795 0.2816152 1.4853393 0.2682900 1.6203199 4.9637035 0.1248039 1.9495621 1.6717521 0.8127445 0.1372001 0.2631756 0.0272514 1.0363332 1.6290121 1.5818666 0.2762962 0.2576864 3.1953283 1.9478481 1.7301044 0.1328825 4.7098818 0.0000000 1.6370430 
n300_301   0.5207928 1.5087575 1.5813114 1.6838578 1.8458395 0.1356982 2.8018301 1.7495893 0.5355589 0.0306872 1.9345617 1.7365487 1.7317740 1.7719075 2.0513374 0.0447924 0.0965173 1.5541256 1.8458828 3.0155345 2.0630603 2.0914471 1.9108518 3.4476101 1.6370430 0.0000000 
