24
n289_290   0.0000000 0.0593594 0.0168505 0.2848261 0.2418303 0.0555032 0.0100608 0.2323979 0.3218063 0.0557424 0.2748172 0.0202693 0.3388197 0.2325959 0.0134480 0.1006871 0.2231665 0.0519198 0.0812160 0.2369409 0.2414822 0.0519344 0.2958041 0.2556993 
n294_295   0.0593594 0.0000000 0.0629928 0.2914865 0.2478127 0.0342538 0.0557043 0.2382645 0.3231137 0.0101030 0.2915544 0.0629601 0.3405405 0.2335429 0.0593418 0.1011784 0.2289229 0.0307624 0.0816076 0.2428602 0.2573219 0.0307369 0.3022338 0.2719218 
n295_296   0.0168505 0.0629928 0.0000000 0.2950413 0.2415545 0.0628050 0.0134428 0.2321344 0.3269876 0.0593592 0.2848853 0.0100527 0.3441316 0.2323318 0.0168457 0.1045302 0.2229146 0.0591842 0.0774519 0.2366715 0.2510897 0.0555202 0.3008070 0.2655034 
n266_267   0.2848261 0.2914865 0.2950413 0.0000000 0.2800484 0.2905483 0.2849460 0.2750912 0.3932664 0.2865305 0.0271428 0.3001549 0.4116882 0.2750201 0.2899797 0.2565646 0.2555347 0.2856102 0.2698562 0.2748798 0.1242359 0.2853225 0.3587460 0.1362953 
n299_300   0.2418303 0.2478127 0.2415545 0.2800484 0.0000000 0.2566407 0.2370294 0.0100985 0.3540394 0.2476324 0.2804028 0.2418133 0.3619546 0.0630006 0.2417473 0.2147097 0.0484981 0.2519126 0.2319776 0.0067122 0.2471925 0.2374304 0.3161927 0.2615663 
n298_299   0.0555032 0.0342538 0.0628050 0.2905483 0.2566407 0.0000000 0.0555379 0.2469944 0.3332349 0.0307615 0.2906157 0.0664635 0.3504047 0.2472077 0.0591652 0.1008713 0.2375617 0.0033408 0.0813626 0.2516329 0.2565007 0.0306469 0.3067754 0.2710505 
n290_291   0.0100608 0.0557043 0.0134428 0.2849460 0.2370294 0.0555379 0.0000000 0.2276634 0.3112332 0.0521063 0.2749319 0.0168437 0.3332880 0.2278565 0.0100579 0.0967953 0.2184945 0.0519522 0.0774534 0.2321768 0.2415803 0.0483320 0.2906150 0.2558044 
n274_275   0.2323979 0.2382645 0.2321344 0.2750912 0.0100985 0.2469944 0.2276634 0.0000000 0.3485339 0.2380922 0.2754380 0.2323816 0.3563634 0.0593490 0.2323190 0.2101663 0.0449211 0.2423284 0.2273420 0.0067114 0.2376728 0.2280479 0.3109731 0.2518551 
n251_252   0.3218063 0.3231137 0.3269876 0.3932664 0.3540394 0.3332349 0.3112332 0.3485339 0.0000000 0.3070030 0.3816328 0.3268184 0.2805526 0.3540341 0.3110743 0.3019384 0.3432350 0.3279920 0.3107155 0.3482638 0.3269693 0.3169922 0.0410752 0.3374553 
n293_294   0.0557424 0.0101030 0.0593592 0.2865305 0.2476324 0.0307615 0.0521063 0.2380922 0.3070030 0.0000000 0.2865967 0.0593284 0.3461716 0.2333745 0.0557260 0.0973341 0.2287583 0.0272852 0.0778796 0.2426841 0.2525794 0.0237875 0.2865952 0.2670874 
n265_266   0.2748172 0.2915544 0.2848853 0.0271428 0.2804028 0.2906157 0.2749319 0.2754380 0.3816328 0.2865967 0.0000000 0.2899246 0.3997515 0.2753667 0.2798957 0.2469103 0.2558519 0.2856759 0.2600585 0.2752261 0.1162564 0.2853880 0.3476573 0.1242079 
n296_297   0.0202693 0.0629601 0.0100527 0.3001549 0.2418133 0.0664635 0.0168437 0.2323816 0.3268184 0.0593284 0.2899246 0.0000000 0.3441968 0.2372320 0.0202634 0.1084258 0.2277399 0.0628249 0.0811826 0.2369242 0.2463133 0.0591393 0.3008594 0.2606321 
n244_245   0.3388197 0.3405405 0.3441316 0.4116882 0.3619546 0.3504047 0.3332880 0.3563634 0.2805526 0.3461716 0.3997515 0.3441968 0.0000000 0.3732962 0.3228451 0.3290219 0.3731717 0.3450311 0.3436553 0.3560859 0.3272951 0.3446666 0.2557339 0.3377877 
n278_279   0.2325959 0.2335429 0.2323318 0.2750201 0.0630006 0.2472077 0.2278565 0.0593490 0.3540341 0.2333745 0.2753667 0.2372320 0.3732962 0.0000000 0.2231562 0.2147030 0.0135120 0.2425368 0.2228785 0.0593055 0.2470998 0.2235665 0.3163886 0.2614676 
n287_288   0.0134480 0.0593418 0.0168457 0.2899797 0.2417473 0.0591652 0.0100579 0.2323190 0.3110743 0.0557260 0.2798957 0.0202634 0.3228451 0.2231562 0.0000000 0.0967841 0.2230914 0.0555618 0.0811918 0.2368601 0.2463249 0.0519192 0.2854677 0.2606428 
n200_201   0.1006871 0.1011784 0.1045302 0.2565646 0.2147097 0.1008713 0.0967953 0.2101663 0.3019384 0.0973341 0.2469103 0.1084258 0.3290219 0.2147030 0.0967841 0.0000000 0.1966889 0.0970417 0.0891685 0.2100058 0.2381013 0.0969563 0.2765773 0.2523130 
n277_278   0.2231665 0.2289229 0.2229146 0.2555347 0.0484981 0.2375617 0.2184945 0.0449211 0.3432350 0.2287583 0.2558519 0.2277399 0.3731717 0.0135120 0.2230914 0.1966889 0.0000000 0.2329536 0.2135963 0.0448884 0.2282814 0.2142527 0.3061194 0.2422794 
n297_298   0.0519198 0.0307624 0.0591842 0.2856102 0.2519126 0.0033408 0.0519522 0.2423284 0.3279920 0.0272852 0.2856759 0.0628249 0.3450311 0.2425368 0.0555618 0.0970417 0.2329536 0.0000000 0.0776483 0.2469394 0.2517768 0.0271837 0.3017171 0.2662345 
n236_237   0.0812160 0.0816076 0.0774519 0.2698562 0.2319776 0.0813626 0.0774534 0.2273420 0.3107155 0.0778796 0.2600585 0.0811826 0.3436553 0.2228785 0.0811918 0.0891685 0.2135963 0.0776483 0.0000000 0.2271685 0.2462402 0.0775812 0.2851399 0.2508134 
n280_281   0.2369409 0.2428602 0.2366715 0.2748798 0.0067122 0.2516329 0.2321768 0.0067114 0.3482638 0.2426841 0.2752261 0.2369242 0.3560859 0.0593055 0.2368601 0.2100058 0.0448884 0.2469394 0.2271685 0.0000000 0.2422551 0.2325690 0.3107329 0.2565224 
n285_286   0.2414822 0.2573219 0.2510897 0.1242359 0.2471925 0.2565007 0.2415803 0.2376728 0.3269693 0.2525794 0.1162564 0.2463133 0.3272951 0.2470998 0.2463249 0.2381013 0.2282814 0.2517768 0.2462402 0.2422551 0.0000000 0.2515290 0.2954209 0.0100875 
n275_276   0.0519344 0.0307369 0.0555202 0.2853225 0.2374304 0.0306469 0.0483320 0.2280479 0.3169922 0.0237875 0.2853880 0.0591393 0.3446666 0.2235665 0.0519192 0.0969563 0.2142527 0.0271837 0.0775812 0.2325690 0.2515290 0.0000000 0.2911352 0.2659697 
n255_256   0.2958041 0.3022338 0.3008070 0.3587460 0.3161927 0.3067754 0.2906150 0.3109731 0.0410752 0.2865952 0.3476573 0.3008594 0.2557339 0.3163886 0.2854677 0.2765773 0.3061194 0.3017171 0.2851399 0.3107329 0.2954209 0.2911352 0.0000000 0.3054624 
n286_287   0.2556993 0.2719218 0.2655034 0.1362953 0.2615663 0.2710505 0.2558044 0.2518551 0.3374553 0.2670874 0.1242079 0.2606321 0.3377877 0.2614676 0.2606428 0.2523130 0.2422794 0.2662345 0.2508134 0.2565224 0.0100875 0.2659697 0.3054624 0.0000000 
