27
n292_295   0.0000000 0.0033452 0.2853365 0.2758204 0.2416923 0.2910019 0.2323602 0.2562735 0.0169016 0.2761833 0.2808310 0.2806775 0.0663214 0.0134600 0.4424722 0.0203054 0.2915223 0.2812600 0.2804510 0.4059756 0.2710908 0.2758650 0.2371364 0.2466355 0.3998883 0.0663798 0.2709323 
n300_303   0.0033452 0.0000000 0.2904725 0.2808916 0.2370144 0.2961879 0.2322793 0.2514964 0.0134900 0.2812628 0.2859397 0.2857839 0.0626769 0.0100717 0.4363026 0.0168818 0.2967202 0.2863778 0.2855524 0.4001060 0.2761306 0.2809373 0.2370536 0.2419225 0.3940708 0.0627320 0.2759691 
n293_296   0.2853365 0.2904725 0.0000000 0.1280090 0.3042596 0.0483583 0.2694277 0.3051239 0.2957049 0.0202905 0.0448032 0.0203096 0.2847104 0.3000831 0.4413603 0.3003696 0.0812412 0.0447902 0.0033408 0.4112134 0.0342020 0.0376973 0.2693815 0.2896075 0.4333458 0.2849973 0.0134606 
n200_201   0.2758204 0.2808916 0.1280090 0.0000000 0.2944915 0.1243213 0.2848102 0.2951380 0.2860566 0.1201641 0.1201632 0.1282392 0.2799035 0.2903983 0.4553579 0.2906745 0.1279431 0.1241901 0.1240525 0.4246017 0.1123271 0.1162050 0.2847606 0.2999514 0.4470708 0.2801848 0.1122630 
n265_282   0.2416923 0.2370144 0.3042596 0.2944915 0.0000000 0.2995034 0.1275170 0.0306221 0.2370893 0.2944225 0.2893937 0.2995267 0.2555520 0.2463092 0.4152944 0.2414490 0.3095414 0.2896946 0.2992680 0.3923683 0.2794440 0.2792123 0.1234867 0.0134227 0.4136868 0.2652919 0.2890480 
n289_292   0.2910019 0.2961879 0.0483583 0.1243213 0.2995034 0.0000000 0.2849544 0.3050342 0.3014722 0.0412855 0.0101038 0.0484421 0.2851552 0.3058820 0.4486247 0.3061753 0.0813593 0.0101009 0.0448057 0.4181514 0.0134946 0.0169012 0.2849048 0.2996959 0.4412599 0.2854429 0.0342316 
n286_289   0.2323602 0.2322793 0.2694277 0.2848102 0.1275170 0.2849544 0.0000000 0.1319496 0.2370803 0.2650647 0.2750282 0.2745761 0.2600253 0.2276072 0.3982005 0.2414397 0.2948138 0.2753128 0.2743424 0.3695857 0.2652563 0.2699825 0.0033204 0.1158384 0.3853453 0.2698183 0.2599218 
n266_267   0.2562735 0.2514964 0.3051239 0.2951380 0.0306221 0.3050342 0.1319496 0.0000000 0.2515765 0.2952540 0.2948367 0.3003757 0.2608520 0.2609831 0.4351479 0.2560130 0.3002258 0.2898522 0.3001155 0.4115595 0.2848020 0.2845649 0.1278809 0.0271896 0.4212919 0.2706802 0.2898607 
n280_281   0.0169016 0.0134900 0.2957049 0.2860566 0.2370893 0.3014722 0.2370803 0.2515765 0.0000000 0.2864363 0.2911436 0.2962926 0.0626953 0.0237488 0.4427688 0.0168867 0.2968175 0.2915912 0.2907489 0.4062462 0.2812629 0.2861033 0.2418903 0.2419992 0.4001545 0.0627504 0.2810983 
n298_301   0.2761833 0.2812628 0.0202905 0.1201641 0.2944225 0.0412855 0.2650647 0.2952540 0.2864363 0.0000000 0.0377607 0.0203247 0.2802720 0.2907845 0.4303917 0.2910614 0.0738701 0.0377497 0.0168730 0.4006202 0.0272550 0.0307226 0.2650194 0.2898447 0.4288723 0.2805541 0.0067048 
n290_293   0.2808310 0.2859397 0.0448032 0.1201632 0.2893937 0.0101038 0.2750282 0.2948367 0.2911436 0.0377607 0.0000000 0.0448808 0.2750916 0.2955074 0.4361997 0.2957893 0.0738699 0.0067195 0.0412665 0.4062193 0.0100992 0.0134917 0.2749807 0.2895782 0.4346512 0.2753674 0.0307403 
n275_276   0.2806775 0.2857839 0.0203096 0.1282392 0.2995267 0.0484421 0.2745761 0.3003757 0.2962926 0.0203247 0.0448808 0.0000000 0.2852711 0.2953475 0.4488773 0.3009677 0.0813832 0.0448676 0.0168888 0.4183726 0.0342599 0.0377613 0.2745288 0.2949223 0.4407392 0.2855591 0.0134832 
n278_279   0.0663214 0.0626769 0.2847104 0.2799035 0.2555520 0.2851552 0.2600253 0.2608520 0.0626953 0.2802720 0.2750916 0.2852711 0.0000000 0.0735871 0.4461602 0.0662614 0.2905251 0.2755094 0.2798382 0.4101714 0.2751623 0.2799488 0.2649859 0.2511607 0.4051399 0.0066930 0.2750018 
n299_302   0.0134600 0.0100717 0.3000831 0.2903983 0.2463092 0.3058820 0.2276072 0.2609831 0.0237488 0.2907845 0.2955074 0.2953475 0.0735871 0.0000000 0.4424144 0.0271732 0.3064356 0.2959621 0.2951073 0.4114257 0.2855871 0.2904458 0.2323486 0.2512854 0.4110449 0.0736523 0.2854203 
n251_252   0.4424722 0.4363026 0.4413603 0.4553579 0.4152944 0.4486247 0.3982005 0.4351479 0.4427688 0.4303917 0.4361997 0.4488773 0.4461602 0.4424144 0.0000000 0.4416696 0.4553357 0.4360995 0.4418507 0.0271302 0.4240130 0.4298241 0.4042564 0.4100582 0.3848385 0.4530307 0.4237687 
n274_275   0.0203054 0.0168818 0.3003696 0.2906745 0.2414490 0.3061753 0.2414397 0.2560130 0.0168867 0.2910614 0.2957893 0.3009677 0.0662614 0.0271732 0.4416696 0.0000000 0.3015019 0.2962447 0.2953885 0.4052609 0.2858583 0.2907221 0.2462751 0.2463863 0.3999526 0.0663199 0.2856912 
n236_237   0.2915223 0.2967202 0.0812412 0.1279431 0.3095414 0.0813593 0.2948138 0.3002258 0.2968175 0.0738701 0.0738699 0.0813832 0.2905251 0.3064356 0.4553357 0.3015019 0.0000000 0.0776169 0.0775321 0.4430840 0.0665241 0.0701707 0.2947620 0.3048886 0.4469309 0.2908195 0.0664868 
n287_290   0.2812600 0.2863778 0.0447902 0.1241901 0.2896946 0.0101009 0.2753128 0.2898522 0.2915912 0.0377497 0.0067195 0.0448676 0.2755094 0.2959621 0.4360995 0.2962447 0.0776169 0.0000000 0.0412546 0.4061271 0.0100963 0.0134878 0.2752652 0.2898796 0.4351377 0.2757861 0.0307314 
n294_297   0.2804510 0.2855524 0.0033408 0.1240525 0.2992680 0.0448057 0.2743424 0.3001155 0.2907489 0.0168730 0.0412665 0.0168888 0.2798382 0.2951073 0.4418507 0.2953885 0.0775321 0.0412546 0.0000000 0.4116619 0.0307154 0.0341962 0.2742952 0.2946680 0.4338232 0.2801194 0.0100742 
n255_256   0.4059756 0.4001060 0.4112134 0.4246017 0.3923683 0.4181514 0.3695857 0.4115595 0.4062462 0.4006202 0.4062193 0.4183726 0.4101714 0.4114257 0.0271302 0.4052609 0.4430840 0.4061271 0.4116619 0.0000000 0.3945080 0.4001061 0.3754002 0.3872592 0.3512704 0.4161315 0.3942792 
n296_299   0.2710908 0.2761306 0.0342020 0.1123271 0.2794440 0.0134946 0.2652563 0.2848020 0.2812629 0.0272550 0.0100992 0.0342599 0.2751623 0.2855871 0.4240130 0.2858583 0.0665241 0.0100963 0.0307154 0.3945080 0.0000000 0.0033481 0.2652109 0.2796208 0.4225272 0.2754383 0.0203400 
n295_298   0.2758650 0.2809373 0.0376973 0.1162050 0.2792123 0.0169012 0.2699825 0.2845649 0.2861033 0.0307226 0.0134917 0.0377613 0.2799488 0.2904458 0.4298241 0.2907221 0.0701707 0.0134878 0.0341962 0.4001061 0.0033481 0.0000000 0.2699361 0.2793888 0.4227139 0.2802302 0.0237766 
n285_288   0.2371364 0.2370536 0.2693815 0.2847606 0.1234867 0.2849048 0.0033204 0.1278809 0.2418903 0.2650194 0.2749807 0.2745288 0.2649859 0.2323486 0.4042564 0.2462751 0.2947620 0.2752652 0.2742952 0.3754002 0.2652109 0.2699361 0.0000000 0.1118716 0.3912763 0.2748510 0.2598776 
n265_283   0.2466355 0.2419225 0.2896075 0.2999514 0.0134227 0.2996959 0.1158384 0.0271896 0.2419992 0.2898447 0.2895782 0.2949223 0.2511607 0.2512854 0.4100582 0.2463863 0.3048886 0.2898796 0.2946680 0.3872592 0.2796208 0.2793888 0.1118716 0.0000000 0.4023269 0.2608527 0.2845010 
n244_245   0.3998883 0.3940708 0.4333458 0.4470708 0.4136868 0.4412599 0.3853453 0.4212919 0.4001545 0.4288723 0.4346512 0.4407392 0.4051399 0.4110449 0.3848385 0.3999526 0.4469309 0.4351377 0.4338232 0.3512704 0.4225272 0.4227139 0.3912763 0.4023269 0.0000000 0.4110656 0.4222843 
n277_278   0.0663798 0.0627320 0.2849973 0.2801848 0.2652919 0.2854429 0.2698183 0.2706802 0.0627504 0.2805541 0.2753674 0.2855591 0.0066930 0.0736523 0.4530307 0.0663199 0.2908195 0.2757861 0.2801194 0.4161315 0.2754383 0.2802302 0.2748510 0.2608527 0.4110656 0.0000000 0.2752775 
n297_300   0.2709323 0.2759691 0.0134606 0.1122630 0.2890480 0.0342316 0.2599218 0.2898607 0.2810983 0.0067048 0.0307403 0.0134832 0.2750018 0.2854203 0.4237687 0.2856912 0.0664868 0.0307314 0.0100742 0.3942792 0.0203400 0.0237766 0.2598776 0.2845010 0.4222843 0.2752775 0.0000000 
