24
n289_290   0.0000000 0.0521201 0.0169209 0.2268995 0.2565255 0.0449044 0.0134838 0.2465706 0.3819348 0.0557503 0.2317914 0.0203741 0.3241547 0.2502869 0.0100925 0.1585486 0.2407964 0.0413704 0.0780508 0.2421775 0.2502248 0.0377959 0.3879464 0.2452535 
n294_295   0.0521201 0.0000000 0.0485065 0.2514085 0.2820180 0.0272067 0.0521264 0.2716743 0.4009321 0.0100735 0.2462145 0.0521536 0.3470132 0.2805269 0.0413220 0.1717072 0.2706297 0.0237612 0.1089768 0.2671514 0.2604325 0.0203000 0.4255027 0.2601438 
n295_296   0.0169209 0.0485065 0.0000000 0.2221427 0.2468292 0.0413327 0.0169233 0.2370131 0.3884266 0.0521160 0.2269972 0.0033540 0.3354833 0.2407549 0.0067100 0.1542744 0.2313833 0.0378158 0.0780759 0.2326656 0.2453134 0.0342624 0.3945703 0.2403793 
n266_267   0.2268995 0.2514085 0.2221427 0.0000000 0.2036564 0.2314631 0.2269031 0.1900712 0.3771526 0.2466915 0.0238214 0.2270485 0.3096322 0.2029873 0.2126155 0.2565878 0.1939050 0.2268995 0.2221153 0.1947030 0.1408715 0.2365578 0.3714181 0.1366929 
n299_300   0.2565255 0.2820180 0.2468292 0.2036564 0.0000000 0.2662395 0.2516322 0.0169325 0.3946474 0.2771017 0.2128530 0.2519429 0.3249753 0.0779593 0.2415636 0.2657482 0.0742384 0.2614525 0.2364081 0.0135260 0.2400890 0.2666406 0.3887091 0.2352008 
n298_299   0.0449044 0.0272067 0.0413327 0.2314631 0.2662395 0.0000000 0.0449101 0.2561471 0.3880430 0.0306907 0.2264447 0.0449333 0.3465896 0.2598771 0.0342339 0.1672066 0.2455240 0.0033378 0.1010758 0.2517095 0.2404352 0.0134563 0.3998631 0.2401701 
n290_291   0.0134838 0.0521264 0.0169233 0.2269031 0.2516322 0.0449101 0.0000000 0.2417490 0.4002585 0.0557570 0.2317942 0.0203770 0.3293743 0.2454571 0.0100939 0.1585582 0.2360290 0.0413757 0.0779916 0.2373796 0.2502247 0.0378008 0.4064262 0.2452542 
n274_275   0.2465706 0.2716743 0.2370131 0.1900712 0.0169325 0.2561471 0.2417490 0.0000000 0.3767735 0.2668261 0.1990864 0.2420454 0.3087666 0.0667673 0.2318365 0.2508919 0.0631049 0.2514258 0.2313049 0.0101129 0.2258281 0.2565325 0.3709784 0.2210428 
n251_252   0.3819348 0.4009321 0.3884266 0.3771526 0.3946474 0.3880430 0.4002585 0.3767735 0.0000000 0.4011778 0.3771099 0.3947885 0.2916130 0.3683502 0.3817764 0.4131769 0.3621378 0.3823986 0.4056339 0.3829552 0.4055868 0.3886502 0.0449977 0.4112457 
n293_294   0.0557503 0.0100735 0.0521160 0.2466915 0.2771017 0.0306907 0.0557570 0.2668261 0.4011778 0.0000000 0.2415340 0.0557862 0.3583368 0.2756402 0.0448892 0.1803922 0.2708301 0.0272292 0.1129446 0.2623253 0.2556733 0.0237472 0.4257668 0.2553900 
n265_266   0.2317914 0.2462145 0.2269972 0.0238214 0.2128530 0.2264447 0.2317942 0.1990864 0.3771099 0.2415340 0.0000000 0.2319436 0.3204174 0.2029715 0.2173939 0.2514503 0.1938903 0.2219158 0.2269680 0.2037845 0.1327653 0.2314928 0.3713764 0.1286367 
n296_297   0.0203741 0.0521536 0.0033540 0.2270485 0.2519429 0.0449333 0.0203770 0.2420454 0.3947885 0.0557862 0.2319436 0.0000000 0.3413491 0.2457989 0.0100989 0.1586527 0.2363567 0.0413970 0.0819197 0.2376706 0.2503880 0.0378201 0.4009905 0.2454136 
n244_245   0.3241547 0.3470132 0.3354833 0.3096322 0.3249753 0.3465896 0.3293743 0.3087666 0.2916130 0.3583368 0.3204174 0.3413491 0.0000000 0.3344310 0.3241526 0.3406051 0.3228617 0.3412552 0.3347136 0.3143506 0.3236137 0.3412305 0.2969969 0.3295772 
n278_279   0.2502869 0.2805269 0.2407549 0.2029873 0.0779593 0.2598771 0.2454571 0.0667673 0.3683502 0.2756402 0.2029715 0.2457989 0.3344310 0.0000000 0.2355242 0.2348317 0.0306810 0.2551496 0.2349849 0.0705223 0.2440400 0.2602662 0.3571885 0.2391361 
n287_288   0.0100925 0.0413220 0.0067100 0.2126155 0.2415636 0.0342339 0.0100939 0.2318365 0.3817764 0.0448892 0.2173939 0.0100989 0.3241526 0.2355242 0.0000000 0.1457337 0.2262328 0.0307520 0.0705279 0.2275197 0.2354705 0.0272449 0.3877834 0.2306122 
n200_201   0.1585486 0.1717072 0.1542744 0.2565878 0.2657482 0.1672066 0.1585582 0.2508919 0.4131769 0.1803922 0.2514503 0.1586527 0.3406051 0.2348317 0.1457337 0.0000000 0.2255703 0.1630296 0.1585751 0.2512496 0.2806754 0.1586299 0.4068089 0.2803615 
n277_278   0.2407964 0.2706297 0.2313833 0.1939050 0.0742384 0.2455240 0.2360290 0.0631049 0.3621378 0.2708301 0.1938903 0.2363567 0.3228617 0.0306810 0.2262328 0.2255703 0.0000000 0.2408807 0.2257174 0.0668382 0.2344282 0.2506421 0.3510802 0.2295958 
n297_298   0.0413704 0.0237612 0.0378158 0.2268995 0.2614525 0.0033378 0.0413757 0.2514258 0.3823986 0.0272292 0.2219158 0.0413970 0.3412552 0.2551496 0.0307520 0.1630296 0.2408807 0.0000000 0.0972624 0.2470094 0.2358280 0.0100737 0.3941333 0.2355681 
n236_237   0.0780508 0.1089768 0.0780759 0.2221153 0.2364081 0.1010758 0.0779916 0.2313049 0.4056339 0.1129446 0.2269680 0.0819197 0.3347136 0.2349849 0.0705279 0.1585751 0.2257174 0.0972624 0.0000000 0.2269988 0.2597504 0.0933273 0.4057766 0.2547130 
n280_281   0.2421775 0.2671514 0.2326656 0.1947030 0.0135260 0.2517095 0.2373796 0.0101129 0.3829552 0.2623253 0.2037845 0.2376706 0.3143506 0.0705223 0.2275197 0.2512496 0.0668382 0.2470094 0.2269988 0.0000000 0.2211355 0.2520884 0.3771089 0.2163842 
n285_286   0.2502248 0.2604325 0.2453134 0.1408715 0.2400890 0.2404352 0.2502247 0.2258281 0.4055868 0.2556733 0.1327653 0.2503880 0.3236137 0.2440400 0.2354705 0.2806754 0.2344282 0.2358280 0.2597504 0.2211355 0.0000000 0.2455928 0.4114821 0.0100355 
n275_276   0.0377959 0.0203000 0.0342624 0.2365578 0.2666406 0.0134563 0.0378008 0.2565325 0.3886502 0.0237472 0.2314928 0.0378201 0.3412305 0.2602662 0.0272449 0.1586299 0.2506421 0.0100737 0.0933273 0.2520884 0.2455928 0.0000000 0.3940313 0.2453216 
n255_256   0.3879464 0.4255027 0.3945703 0.3714181 0.3887091 0.3998631 0.4064262 0.3709784 0.0449977 0.4257668 0.3713764 0.4009905 0.2969969 0.3571885 0.3877834 0.4068089 0.3510802 0.3941333 0.4057766 0.3771089 0.4114821 0.3940313 0.0000000 0.4051846 
n286_287   0.2452535 0.2601438 0.2403793 0.1366929 0.2352008 0.2401701 0.2452542 0.2210428 0.4112457 0.2553900 0.1286367 0.2454136 0.3295772 0.2391361 0.2306122 0.2803615 0.2295958 0.2355681 0.2547130 0.2163842 0.0100355 0.2453216 0.4051846 0.0000000 
