26
n289_290   0.0000000 0.0520411 0.0100967 0.2752750 0.3111745 0.0484061 0.0067164 0.3165935 0.3656155 0.0556429 0.2606582 0.0134940 0.3163734 0.4149389 0.3320926 0.0033506 0.1442501 0.3217308 0.0448628 0.0778455 0.3058834 0.2810237 0.0448390 0.3430744 0.3062232 0.2759341 
n294_295   0.0520411 0.0000000 0.0484302 0.2748148 0.3004419 0.0306957 0.0520524 0.3112021 0.3823915 0.0033389 0.2602218 0.0520181 0.3055603 0.4143974 0.3370660 0.0484665 0.1481745 0.3214527 0.0272340 0.0814913 0.3005740 0.2755032 0.0272205 0.3534730 0.3009067 0.2704594 
n295_296   0.0100967 0.0484302 0.0000000 0.2702410 0.3058763 0.0448175 0.0100988 0.3112515 0.3540229 0.0520128 0.2557276 0.0033450 0.3110354 0.4024296 0.3262581 0.0067173 0.1401019 0.3214986 0.0412913 0.0740849 0.3006266 0.2657793 0.0412705 0.3318631 0.3009593 0.2608045 
n266_267   0.2752750 0.2748148 0.2702410 0.0000000 0.3218475 0.2795780 0.2753418 0.3219914 0.3419894 0.2796836 0.0236625 0.2751530 0.3271297 0.3664440 0.3317904 0.2704688 0.2940388 0.3162869 0.2748275 0.2504600 0.3111906 0.1279048 0.2697246 0.3204225 0.3168243 0.1279358 
n299_300   0.3111745 0.3004419 0.3058763 0.3218475 0.0000000 0.3053857 0.3112516 0.0135112 0.4235167 0.2953603 0.2953314 0.3110368 0.0033477 0.3782878 0.1080512 0.3061384 0.3419669 0.0927807 0.3004764 0.2705825 0.0067177 0.3268251 0.2898573 0.3934552 0.0033513 0.3269757 
n298_299   0.0484061 0.0306957 0.0448175 0.2795780 0.3053857 0.0000000 0.0484165 0.3162188 0.3764557 0.0341859 0.2649002 0.0483839 0.3105363 0.4201003 0.3422419 0.0448518 0.1439214 0.3265321 0.0033448 0.0776735 0.3055202 0.2853625 0.0237391 0.3477896 0.3058594 0.2802503 
n290_291   0.0067164 0.0520524 0.0100988 0.2753418 0.3112516 0.0484165 0.0000000 0.3166721 0.3657092 0.0556550 0.2607210 0.0134968 0.3164520 0.4150489 0.3321757 0.0033513 0.1442826 0.3218109 0.0448724 0.0778625 0.3059589 0.2810923 0.0448496 0.3431610 0.3062988 0.2760013 
n274_275   0.3165935 0.3112021 0.3112515 0.3219914 0.0135112 0.3162188 0.3166721 0.0000000 0.4237032 0.3060376 0.2954634 0.3164532 0.0169280 0.3784563 0.1080983 0.3115189 0.3421192 0.0928211 0.3112358 0.2707035 0.0067205 0.3269711 0.3004319 0.4055941 0.0101150 0.3271219 
n251_252   0.3656155 0.3823915 0.3540229 0.3419894 0.4235167 0.3764557 0.3657092 0.4237032 0.0000000 0.3880135 0.3252182 0.3595501 0.4231226 0.2952468 0.3982286 0.3601928 0.3584478 0.4040183 0.3710630 0.3264477 0.4112082 0.3366305 0.3649229 0.0340030 0.4178033 0.3311542 
n293_294   0.0556429 0.0033389 0.0520128 0.2796836 0.2953603 0.0341859 0.0556550 0.3060376 0.3880135 0.0000000 0.2649992 0.0556183 0.3004419 0.4083926 0.3317171 0.0520519 0.1522781 0.3162158 0.0307095 0.0852432 0.2954897 0.2803872 0.0306942 0.3588809 0.2958156 0.2753104 
n265_266   0.2606582 0.2602218 0.2557276 0.0236625 0.2953314 0.2649002 0.2607210 0.2954634 0.3252182 0.2649992 0.0000000 0.2605427 0.3004131 0.3542674 0.3099426 0.2559418 0.2736217 0.2949114 0.2602359 0.2269896 0.2850854 0.1118829 0.2502411 0.3146651 0.2904811 0.1119084 
n296_297   0.0134940 0.0520181 0.0033450 0.2751530 0.3110368 0.0483839 0.0134968 0.3164532 0.3595501 0.0556183 0.2605427 0.0000000 0.3162334 0.4083673 0.3315606 0.0100996 0.1441862 0.3267726 0.0448420 0.0778110 0.3057480 0.2706677 0.0448193 0.3372197 0.3060876 0.2656585 
n300_301   0.3163734 0.3055603 0.3110354 0.3271297 0.0033477 0.3105363 0.3164520 0.0169280 0.4231226 0.3004419 0.3004131 0.3162334 0.0000000 0.3779449 0.1119418 0.3113025 0.3473849 0.0965940 0.3055945 0.2754911 0.0100995 0.3321412 0.2948929 0.3930960 0.0067178 0.3322965 
n244_245   0.4149389 0.4143974 0.4024296 0.3664440 0.3782878 0.4201003 0.4150489 0.3784563 0.2952468 0.4083926 0.3542674 0.4083673 0.3779449 0.0000000 0.3433178 0.4091270 0.4109738 0.3487276 0.4143764 0.3556426 0.3667145 0.4073135 0.4017082 0.2954576 0.3728801 0.3949798 
n278_279   0.3320926 0.3370660 0.3262581 0.3317904 0.1080512 0.3422419 0.3321757 0.1080983 0.3982286 0.3317171 0.3099426 0.3315606 0.1119418 0.3433178 0.0000000 0.3269175 0.3517162 0.0134567 0.3370970 0.2951544 0.1002667 0.3314236 0.3258798 0.3807693 0.1042369 0.3315781 
n287_288   0.0033506 0.0484665 0.0067173 0.2704688 0.3061384 0.0448518 0.0033513 0.3115189 0.3601928 0.0520519 0.2559418 0.0100996 0.3113025 0.4091270 0.3269175 0.0000000 0.1402124 0.3166229 0.0413230 0.0741413 0.3008834 0.2761692 0.0413010 0.3378127 0.3012167 0.2711125 
n200_201   0.1442501 0.1481745 0.1401019 0.2940388 0.3419669 0.1439214 0.1442826 0.3421192 0.3584478 0.1522781 0.2736217 0.1441862 0.3473849 0.4109738 0.3517162 0.1402124 0.0000000 0.3358622 0.1399292 0.1078666 0.3310313 0.2698316 0.1236713 0.3472910 0.3368288 0.2648406 
n277_278   0.3217308 0.3214527 0.3214986 0.3162869 0.0927807 0.3265321 0.3218109 0.0928211 0.4040183 0.3162158 0.2949114 0.3267726 0.0965940 0.3487276 0.0134567 0.3166229 0.3358622 0.0000000 0.3214855 0.2803987 0.0851581 0.3214528 0.3105191 0.3864342 0.0890339 0.3215987 
n297_298   0.0448628 0.0272340 0.0412913 0.2748275 0.3004764 0.0033448 0.0448724 0.3112358 0.3710630 0.0307095 0.2602359 0.0448420 0.3055945 0.4143764 0.3370970 0.0413230 0.1399292 0.3214855 0.0000000 0.0739962 0.3006085 0.2805652 0.0203102 0.3425974 0.3009412 0.2754845 
n236_237   0.0778455 0.0814913 0.0740849 0.2504600 0.2705825 0.0776735 0.0778625 0.2707035 0.3264477 0.0852432 0.2269896 0.0778110 0.2754911 0.3556426 0.2951544 0.0741413 0.1078666 0.2803987 0.0739962 0.0000000 0.2606919 0.2509760 0.0701982 0.3156235 0.2658810 0.2461104 
n280_281   0.3058834 0.3005740 0.3006266 0.3111906 0.0067177 0.3055202 0.3059589 0.0067205 0.4112082 0.2954897 0.2850854 0.3057480 0.0100995 0.3667145 0.1002667 0.3008834 0.3310313 0.0851581 0.3006085 0.2606919 0.0000000 0.3160987 0.2899837 0.3934134 0.0033528 0.3162400 
n285_286   0.2810237 0.2755032 0.2657793 0.1279048 0.3268251 0.2853625 0.2810923 0.3269711 0.3366305 0.2803872 0.1118829 0.2706677 0.3321412 0.4073135 0.3314236 0.2761692 0.2698316 0.3214528 0.2805652 0.2509760 0.3160987 0.0000000 0.2654852 0.3154163 0.3217732 0.0202765 
n275_276   0.0448390 0.0272205 0.0412705 0.2697246 0.2898573 0.0237391 0.0448496 0.3004319 0.3649229 0.0306942 0.2502411 0.0448193 0.2948929 0.4017082 0.3258798 0.0413010 0.1236713 0.3105191 0.0203102 0.0701982 0.2899837 0.2654852 0.0000000 0.3367307 0.2903019 0.2652358 
n255_256   0.3430744 0.3534730 0.3318631 0.3204225 0.3934552 0.3477896 0.3431610 0.4055941 0.0340030 0.3588809 0.3146651 0.3372197 0.3930960 0.2954576 0.3807693 0.3378127 0.3472910 0.3864342 0.3425974 0.3156235 0.3934134 0.3154163 0.3367307 0.0000000 0.3998295 0.3100967 
n292_293   0.3062232 0.3009067 0.3009593 0.3168243 0.0033513 0.3058594 0.3062988 0.0101150 0.4178033 0.2958156 0.2904811 0.3060876 0.0067178 0.3728801 0.1042369 0.3012167 0.3368288 0.0890339 0.3009412 0.2658810 0.0033528 0.3217732 0.2903019 0.3998295 0.0000000 0.3219195 
n286_287   0.2759341 0.2704594 0.2608045 0.1279358 0.3269757 0.2802503 0.2760013 0.3271219 0.3311542 0.2753104 0.1119084 0.2656585 0.3322965 0.3949798 0.3315781 0.2711125 0.2648406 0.3215987 0.2754845 0.2461104 0.3162400 0.0202765 0.2652358 0.3100967 0.3219195 0.0000000 
