26
n236_241   0.0000000 2.2894619 2.4363617 0.6687204 0.6423473 0.6887255 0.6186118 0.6195621 0.6778765 0.6470295 2.1510502 2.8901959 5.9668120 0.7052593 0.6289123 1.8764991 2.3478830 0.9827709 4.4289690 2.2740343 2.2023702 4.0029419 2.4290155 3.1168218 2.0648135 0.6379802 
n299_304   2.2894619 0.0000000 2.2171531 2.6745498 2.9061636 2.7177731 2.5520117 2.2851429 2.5155736 2.3662946 2.3362781 1.6832125 2.4334547 2.4892600 2.2817717 0.5732447 0.0168479 3.0515692 3.3321184 0.0341763 0.1418644 4.2004419 0.0894906 1.8343967 0.5739459 2.2989389 
n285_290   2.4363617 2.2171531 0.0000000 2.0443519 2.2868160 1.9164558 2.2846412 2.2721855 2.4395224 2.2314383 0.0555910 1.1954764 2.1815531 2.2439625 2.2706386 2.2500878 2.2190855 3.3578329 2.5304683 2.2402258 2.1206813 2.7609825 2.0120398 1.1725214 1.8946807 2.2188025 
n297_302   0.6687204 2.6745498 2.0443519 0.0000000 0.1291879 0.1250371 0.2362579 0.2311859 0.1416385 0.2657619 1.9860281 2.4044900 8.9999980 0.0377593 0.2508795 2.0960796 2.7691171 1.0427368 9.0000000 2.6633991 2.6108196 5.1027982 2.3941275 2.7635023 2.0535241 0.2760301 
n293_298   0.6423473 2.9061636 2.2868160 0.1291879 0.0000000 0.1501961 0.2461921 0.2461955 0.0593602 0.2818531 2.2161149 2.8606852 4.7340139 0.1459695 0.2561249 2.2326284 3.0218677 1.0396830 9.0000000 2.8179765 2.9282538 8.9999987 2.8730037 3.3109401 2.2324543 0.2820008 
n275_280   0.6887255 2.7177731 1.9164558 0.1250371 0.1501961 0.0000000 0.2410852 0.2361067 0.1805093 0.2760760 1.8692487 2.5374116 5.1055360 0.1374238 0.2507888 2.1515801 2.8147326 1.0470002 8.9999985 2.7161689 2.5707228 5.7593381 2.6585611 2.8431939 2.3560147 0.2865092 
n290_295   0.6186118 2.5520117 2.2846412 0.2362579 0.2461921 0.2410852 0.0000000 0.0414941 0.2917479 0.1547429 2.0279632 2.3064132 3.4108831 0.2510496 0.0450803 2.1841595 2.6337497 1.0088411 5.0916874 2.4874133 2.5660645 5.1845914 2.4846519 2.6732845 2.2212815 0.1633813 
n287_292   0.6195621 2.2851429 2.2721855 0.2311859 0.2461955 0.2361067 0.0414941 0.0000000 0.2917589 0.1462238 2.0180233 2.3526003 4.8554325 0.2458517 0.0379194 2.2192374 2.3481944 0.9669366 8.9999983 2.2331017 2.2956215 4.5608633 2.2323537 2.7751325 2.2576955 0.1547458 
n294_299   0.6778765 2.5155736 2.4395224 0.1416385 0.0593602 0.1805093 0.2917479 0.2917589 0.0000000 0.3303682 2.3557182 2.4388539 8.9999987 0.1587701 0.3023997 1.9917263 2.5959389 1.0293355 9.0000000 2.5056681 2.5356860 8.9999981 2.5461052 2.7976013 2.0832252 0.3305476 
n296_301   0.6470295 2.3662946 2.2314383 0.2657619 0.2818531 0.2760760 0.1547429 0.1462238 0.3303682 0.0000000 2.0705953 2.8226391 3.4107124 0.2866869 0.1420931 2.2350410 2.4945995 1.1282164 8.9999986 2.3164363 2.4537877 5.8356185 2.2118545 3.1350266 2.5850330 0.0308767 
n286_291   2.1510502 2.3362781 0.0555910 1.9860281 2.2161149 1.8692487 2.0279632 2.0180233 2.3557182 2.0705953 0.0000000 1.1580066 2.2236230 2.1717110 2.0174383 2.2450155 2.3384854 3.1681564 2.3222876 2.3612894 2.1693468 2.5400336 2.1502061 1.1359027 1.8517421 2.0604503 
n265_270   2.8901959 1.6832125 1.1954764 2.4044900 2.8606852 2.5374116 2.3064132 2.3526003 2.4388539 2.8226391 1.1580066 0.0000000 3.1699799 2.6175431 2.4361358 2.0918397 1.6525565 4.2429834 2.9410306 1.6413783 1.6142086 2.1984812 1.7420724 0.1751339 2.3294702 2.7111122 
n255_260   5.9668120 2.4334547 2.1815531 8.9999980 4.7340139 5.1055360 3.4108831 4.8554325 8.9999987 3.4107124 2.2236230 3.1699799 0.0000000 8.9999988 3.5529100 2.4221475 2.3130113 2.7526377 0.2594294 2.5820679 2.2231618 2.0300708 2.3554679 3.1521895 2.1403372 2.9963190 
n298_303   0.7052593 2.4892600 2.2439625 0.0377593 0.1459695 0.1374238 0.2510496 0.2458517 0.1587701 0.2866869 2.1717110 2.6175431 8.9999988 0.0000000 0.2660093 2.0020359 2.5672094 1.0744890 9.0000000 2.4795813 2.4356296 4.7357073 2.3117059 2.9436387 1.9289103 0.2973001 
n289_294   0.6289123 2.2817717 2.2706386 0.2508795 0.2561249 0.2507888 0.0450803 0.0379194 0.3023997 0.1420931 2.0174383 2.4361358 3.5529100 0.2660093 0.0000000 2.3446090 2.3443909 0.9688091 4.9178245 2.2300426 2.4273960 5.4371367 2.2293175 2.8912646 2.3865246 0.1505632 
n278_283   1.8764991 0.5732447 2.2500878 2.0960796 2.2326284 2.1515801 2.1841595 2.2192374 1.9917263 2.2350410 2.2450155 2.0918397 2.4221475 2.0020359 2.3446090 0.0000000 0.5808490 2.4508320 2.1877790 0.5403310 0.4549841 2.3893180 0.5317434 1.7862159 0.1247290 2.2791941 
n300_305   2.3478830 0.0168479 2.2190855 2.7691171 3.0218677 2.8147326 2.6337497 2.3481944 2.5959389 2.4945995 2.3384854 1.6525565 2.3130113 2.5672094 2.3443909 0.5808490 0.0000000 3.0229650 3.2163919 0.0306763 0.1377088 4.2701136 0.0856649 1.7977805 0.5815690 2.3629763 
n200_203   0.9827709 3.0515692 3.3578329 1.0427368 1.0396830 1.0470002 1.0088411 0.9669366 1.0293355 1.1282164 3.1681564 4.2429834 2.7526377 1.0744890 0.9688091 2.4508320 3.0229650 0.0000000 2.3203954 3.1725787 2.8737720 3.9924552 2.9224089 4.0207371 2.7230168 1.1664833 
n251_256   4.4289690 3.3321184 2.5304683 9.0000000 9.0000000 8.9999985 5.0916874 8.9999983 9.0000000 8.9999986 2.3222876 2.9410306 0.2594294 9.0000000 4.9178245 2.1877790 3.2163919 2.3203954 0.0000000 3.6227573 2.5670415 2.0247512 3.7384160 2.8971394 2.0548100 4.5179132 
n292_297   2.2740343 0.0341763 2.2402258 2.6633991 2.8179765 2.7161689 2.4874133 2.2331017 2.5056681 2.3164363 2.3612894 1.6413783 2.5820679 2.4795813 2.2300426 0.5403310 0.0306763 3.1725787 3.6227573 0.0000000 0.1250150 5.9414626 0.0704030 1.7494832 0.5409515 2.2033567 
n274_279   2.2023702 0.1418644 2.1206813 2.6108196 2.9282538 2.5707228 2.5660645 2.2956215 2.5356860 2.4537877 2.1693468 1.6142086 2.2231618 2.4356296 2.4273960 0.4549841 0.1377088 2.8737720 2.5670415 0.1250150 0.0000000 3.3031290 0.1208654 1.6058265 0.4689839 2.4483050 
n244_249   4.0029419 4.2004419 2.7609825 5.1027982 8.9999987 5.7593381 5.1845914 4.5608633 8.9999981 5.8356185 2.5400336 2.1984812 2.0300708 4.7357073 5.4371367 2.3893180 4.2701136 3.9924552 2.0247512 5.9414626 3.3031290 0.0000000 3.6918645 2.4804223 2.6217469 8.9999988 
n280_285   2.4290155 0.0894906 2.0120398 2.3941275 2.8730037 2.6585611 2.4846519 2.2323537 2.5461052 2.2118545 2.1502061 1.7420724 2.3554679 2.3117059 2.2293175 0.5317434 0.0856649 2.9224089 3.7384160 0.0704030 0.1208654 3.6918645 0.0000000 1.9079755 0.5247872 2.1095302 
n266_271   3.1168218 1.8343967 1.1725214 2.7635023 3.3109401 2.8431939 2.6732845 2.7751325 2.7976013 3.1350266 1.1359027 0.1751339 3.1521895 2.9436387 2.8912646 1.7862159 1.7977805 4.0207371 2.8971394 1.7494832 1.6058265 2.4804223 1.9079755 0.0000000 1.9535956 2.9854470 
n277_282   2.0648135 0.5739459 1.8946807 2.0535241 2.2324543 2.3560147 2.2212815 2.2576955 2.0832252 2.5850330 1.8517421 2.3294702 2.1403372 1.9289103 2.3865246 0.1247290 0.5815690 2.7230168 2.0548100 0.5409515 0.4689839 2.6217469 0.5247872 1.9535956 0.0000000 2.6449439 
n295_300   0.6379802 2.2989389 2.2188025 0.2760301 0.2820008 0.2865092 0.1633813 0.1547458 0.3305476 0.0308767 2.0604503 2.7111122 2.9963190 0.2973001 0.1505632 2.2791941 2.3629763 1.1664833 4.5179132 2.2033567 2.4483050 8.9999988 2.1095302 2.9854470 2.6449439 0.0000000 
