23
n298_299   0.0000000 0.3065017 0.1162702 0.2441998 0.0378273 0.2394027 0.3010474 0.0169096 0.0168965 0.0134894 0.3226703 0.0307740 0.3834065 0.3119961 0.0741437 0.4262346 0.2440176 0.0237946 0.3010530 0.2347848 0.0378100 0.3036166 0.3279850 
n280_281   0.3065017 0.0000000 0.3161887 0.2735414 0.3064845 0.2686490 0.0134692 0.3066755 0.3010762 0.3282308 0.0779530 0.3065431 0.4534796 0.0168936 0.3496886 0.4870491 0.2733335 0.2961622 0.0100790 0.2586166 0.3172275 0.4067188 0.0779093 
n200_201   0.1162702 0.3161887 0.0000000 0.2928183 0.1123176 0.2679012 0.3211548 0.1123748 0.1122819 0.1284027 0.3383727 0.1123308 0.4053031 0.3270639 0.1528474 0.4498237 0.2925936 0.1122922 0.3211608 0.2679859 0.1202640 0.3402620 0.3437950 
n286_287   0.2441998 0.2735414 0.2928183 0.0000000 0.2490494 0.1005350 0.2786356 0.2443262 0.2441050 0.2587952 0.2740559 0.2442915 0.4495523 0.2738417 0.2835293 0.4560145 0.0066781 0.2347563 0.2786407 0.0965992 0.2540011 0.3453557 0.2946362 
n287_288   0.0378273 0.3064845 0.1123176 0.2490494 0.0000000 0.2442170 0.3010303 0.0343149 0.0342879 0.0521684 0.3226530 0.0134891 0.3832520 0.3119789 0.0779309 0.4260730 0.2488630 0.0413934 0.3010359 0.2395690 0.0203369 0.3034936 0.3279677 
n266_267   0.2394027 0.2686490 0.2679012 0.1005350 0.2442170 0.0000000 0.2737062 0.2395258 0.2393097 0.2538943 0.2584998 0.2394914 0.4112650 0.2738714 0.2837807 0.4299651 0.1004671 0.2393296 0.2737111 0.0237359 0.2491312 0.3127730 0.2684279 
n292_293   0.3010474 0.0134692 0.3211548 0.2786356 0.3010303 0.2737062 0.0000000 0.3012168 0.2956683 0.3225940 0.0854998 0.3010871 0.4599113 0.0237699 0.3493478 0.4937845 0.2784231 0.2958828 0.0033427 0.2635972 0.3116825 0.4063088 0.0854514 
n293_294   0.0169096 0.3066755 0.1123748 0.2443262 0.0343149 0.2395258 0.3012168 0.0000000 0.0134890 0.0307744 0.3228575 0.0272965 0.3772827 0.3121744 0.0704558 0.4197084 0.2441439 0.0134919 0.3012224 0.2349048 0.0342991 0.3037867 0.3281766 
n275_276   0.0168965 0.3010762 0.1122819 0.2441050 0.0342879 0.2393097 0.2956683 0.0134890 0.0000000 0.0307504 0.3171109 0.0272754 0.3889346 0.3065246 0.0703991 0.4320841 0.2439230 0.0203367 0.2956737 0.2346933 0.0342712 0.3035016 0.3223828 
n297_298   0.0134894 0.3282308 0.1284027 0.2587952 0.0521684 0.2538943 0.3225940 0.0307744 0.0307504 0.0000000 0.3395531 0.0449533 0.3951777 0.3339060 0.0855230 0.4387231 0.2586004 0.0378099 0.3226000 0.2491883 0.0521445 0.3142505 0.3504095 
n278_279   0.3226703 0.0779530 0.3383727 0.2740559 0.3226530 0.2584998 0.0854998 0.3228575 0.3171109 0.3395531 0.0000000 0.3227171 0.4869059 0.0893880 0.3668922 0.5073930 0.2738471 0.3120974 0.0817350 0.2489675 0.3336585 0.4067367 0.0272649 
n295_296   0.0307740 0.3065431 0.1123308 0.2442915 0.0134891 0.2394914 0.3010871 0.0272965 0.0272754 0.0449533 0.3227171 0.0000000 0.3890250 0.3120393 0.0704288 0.4322016 0.2441091 0.0342988 0.3010927 0.2348707 0.0067050 0.3037491 0.3280336 
n251_252   0.3834065 0.4534796 0.4053031 0.4495523 0.3832520 0.4112650 0.4599113 0.3772827 0.3889346 0.3951777 0.4869059 0.3890250 0.0000000 0.4604139 0.4126258 0.0412995 0.4491688 0.3769363 0.4599205 0.4055085 0.3894202 0.3632998 0.4939165 
n274_275   0.3119961 0.0168936 0.3270639 0.2738417 0.3119789 0.2738714 0.0237699 0.3121744 0.3065246 0.3339060 0.0893880 0.3120393 0.4604139 0.0000000 0.3555372 0.4943279 0.2736333 0.3015761 0.0203275 0.2637569 0.3228119 0.4190629 0.0893373 
n236_237   0.0741437 0.3496886 0.1528474 0.2835293 0.0779309 0.2837807 0.3493478 0.0704558 0.0703991 0.0855230 0.3668922 0.0704288 0.4126258 0.3555372 0.0000000 0.4707834 0.2833125 0.0704057 0.3493544 0.2788867 0.0778957 0.3301143 0.3725377 
n255_256   0.4262346 0.4870491 0.4498237 0.4560145 0.4260730 0.4299651 0.4937845 0.4197084 0.4320841 0.4387231 0.5073930 0.4322016 0.0412995 0.4943279 0.4707834 0.0000000 0.4556237 0.4193091 0.4937946 0.4240697 0.4326655 0.3927186 0.5146060 
n285_286   0.2440176 0.2733335 0.2925936 0.0066781 0.2488630 0.1004671 0.2784231 0.2441439 0.2439230 0.2586004 0.2738471 0.2441091 0.4491688 0.2736333 0.2833125 0.4556237 0.0000000 0.2345822 0.2784281 0.0965342 0.2538103 0.3450822 0.2944087 
n294_295   0.0237946 0.2961622 0.1122922 0.2347563 0.0413934 0.2393296 0.2958828 0.0134919 0.0203367 0.0378099 0.3120974 0.0342988 0.3769363 0.3015761 0.0704057 0.4193091 0.2345822 0.0000000 0.2958882 0.2347130 0.0413745 0.3035251 0.3173379 
n300_301   0.3010530 0.0100790 0.3211608 0.2786407 0.3010359 0.2737111 0.0033427 0.3012224 0.2956737 0.3226000 0.0817350 0.3010927 0.4599205 0.0203275 0.3493544 0.4937946 0.2784281 0.2958882 0.0000000 0.2636020 0.3116883 0.4063168 0.0816889 
n265_266   0.2347848 0.2586166 0.2679859 0.0965992 0.2395690 0.0237359 0.2635972 0.2349048 0.2346933 0.2491883 0.2489675 0.2348707 0.4055085 0.2637569 0.2788867 0.4240697 0.0965342 0.2347130 0.2636020 0.0000000 0.2444513 0.3188226 0.2587658 
n296_297   0.0378100 0.3172275 0.1202640 0.2540011 0.0203369 0.2491312 0.3116825 0.0342991 0.0342712 0.0521445 0.3336585 0.0067050 0.3894202 0.3228119 0.0778957 0.4326655 0.2538103 0.0413745 0.3116883 0.2444513 0.0000000 0.3143063 0.3390572 
n244_245   0.3036166 0.4067188 0.3402620 0.3453557 0.3034936 0.3127730 0.4063088 0.3037867 0.3035016 0.3142505 0.4067367 0.3037491 0.3632998 0.4190629 0.3301143 0.3927186 0.3450822 0.3035251 0.4063168 0.3188226 0.3143063 0.0000000 0.4064506 
n277_278   0.3279850 0.0779093 0.3437950 0.2946362 0.3279677 0.2684279 0.0854514 0.3281766 0.3223828 0.3504095 0.0272649 0.3280336 0.4939165 0.0893373 0.3725377 0.5146060 0.2944087 0.3173379 0.0816889 0.2587658 0.3390572 0.4064506 0.0000000 
