25
n277_278   0.0000000 2.0783705 2.4018779 2.0254375 2.0949977 0.6413591 2.0430152 2.0417748 0.1094295 0.5774064 2.0693378 2.0240235 2.0745535 2.0279224 0.5280794 0.5978317 2.1962937 2.0739006 3.4229854 2.2673801 1.7825188 1.9157814 2.3605895 2.0712727 0.5695000 
n286_287   2.0783705 0.0000000 1.8574831 0.0824449 2.0850263 1.8492572 3.9787510 2.1443175 2.2599142 1.7898779 1.8148690 1.9238293 2.2699883 1.9044128 1.6826586 1.8004593 1.8562356 2.0736950 2.7652164 0.9451806 0.9475800 1.9582487 3.9842769 2.3095950 1.8292011 
n296_297   2.4018779 1.8574831 0.0000000 1.8152973 0.1860833 2.5907618 2.2339056 0.3773078 2.3687419 2.5460384 0.3471626 0.1556279 0.3697892 1.1243976 2.4424181 2.6532578 0.0450599 0.1822997 5.2762342 1.9723738 1.6161197 0.3527529 2.8837432 0.3888302 2.6260841 
n285_286   2.0254375 0.0824449 1.8152973 0.0000000 2.0790657 1.7798140 3.6139290 2.1703476 2.0602149 1.7195923 1.9143469 1.9189720 2.2152199 1.7936257 1.6193621 1.7013692 1.8787867 2.0677837 2.4142290 0.9572576 0.9288333 2.0303205 4.0409402 2.2529332 1.7560747 
n289_290   2.0949977 2.0850263 0.1860833 2.0790657 0.0000000 2.1107968 2.2233400 0.3454892 2.0768483 2.3569578 0.3326659 0.0556498 0.3447087 1.0357633 2.2564687 2.2356141 0.1950946 0.0704756 3.8140614 2.0659648 1.6499687 0.3381418 3.4251580 0.3624113 2.4245468 
n274_275   0.6413591 1.8492572 2.5907618 1.7798140 2.1107968 0.0000000 2.2480636 1.9693607 0.6124521 0.1347044 2.1560859 2.0960289 2.2084500 2.1269058 0.1219577 0.1018147 2.6157336 2.1269652 2.1576139 1.8897369 1.6315530 2.0554573 2.0581997 2.2046648 0.1302887 
n255_256   2.0430152 3.9787510 2.2339056 3.6139290 2.2233400 2.2480636 0.0000000 2.3035432 2.4351114 2.5041285 2.4487539 2.4045328 2.2418061 2.2172371 2.7793578 2.4818318 2.2994664 2.2401027 2.3561827 2.6270160 2.2112897 2.4726171 0.3224320 2.1845694 2.5824928 
n275_276   2.0417748 2.1443175 0.3773078 2.1703476 0.3454892 1.9693607 2.3035432 0.0000000 1.7984847 2.0523160 0.0896805 0.3571889 0.1255288 0.9098718 1.8993524 1.9311209 0.3717369 0.3688798 3.6884203 1.9665457 1.8892912 0.0855511 3.2645651 0.1338099 2.0513560 
n278_279   0.1094295 2.2599142 2.3687419 2.0602149 2.0768483 0.6124521 2.4351114 1.7984847 0.0000000 0.5913294 1.9443201 2.0984868 1.9179110 2.1948440 0.5484714 0.6044214 2.3169801 2.0612997 2.9776651 2.5822990 1.9457141 1.9051002 2.7873933 1.8815247 0.5832290 
n299_300   0.5774064 1.7898779 2.5460384 1.7195923 2.3569578 0.1347044 2.5041285 2.0523160 0.5913294 0.0000000 2.2148587 2.2855216 2.2698170 1.9219183 0.0344282 0.0940159 2.5353108 2.3267147 1.9869951 1.8982322 1.6365746 2.0657385 2.4848220 2.2658060 0.0135397 
n293_294   2.0693378 1.8148690 0.3471626 1.9143469 0.3326659 2.1560859 2.4487539 0.0896805 1.9443201 2.2148587 0.0000000 0.3271872 0.1174068 0.8880131 2.0391834 2.0719693 0.3360090 0.3329679 3.3213738 2.0270019 1.9823884 0.0448393 3.4118275 0.1255790 2.2137757 
n290_291   2.0240235 1.9238293 0.1556279 1.9189720 0.0556498 2.0960289 2.4045328 0.3571889 2.0984868 2.2855216 0.3271872 0.0000000 0.3508319 1.0909242 2.1910199 2.2156105 0.1642384 0.0632369 3.8994526 1.9766762 1.6786660 0.3325879 3.5985418 0.3687094 2.3486991 
n297_298   2.0745535 2.2699883 0.3697892 2.2152199 0.3447087 2.2084500 2.2418061 0.1255288 1.9179110 2.2698170 0.1174068 0.3508319 0.0000000 1.0187615 2.0866775 2.1674765 0.3584012 0.3455910 3.8843175 2.6086970 2.2858529 0.1252484 3.1066754 0.0168546 2.2686856 
n200_201   2.0279224 1.9044128 1.1243976 1.7936257 1.0357633 2.1269058 2.2172371 0.9098718 2.1948440 1.9219183 0.8880131 1.0909242 1.0187615 0.0000000 1.8529433 1.8516787 1.1443799 1.0478415 3.1920994 1.7564525 1.5397805 0.8815050 2.7261152 1.0651476 2.0482190 
n292_293   0.5280794 1.6826586 2.4424181 1.6193621 2.2564687 0.1219577 2.7793578 1.8993524 0.5484714 0.0344282 2.0391834 2.1910199 2.0866775 1.8529433 0.0000000 0.0899679 2.4325452 2.2290627 2.1221895 1.8760137 1.6211715 1.9109929 2.4688463 2.0833066 0.0344038 
n280_281   0.5978317 1.8004593 2.6532578 1.7013692 2.2356141 0.1018147 2.4818318 1.9311209 0.6044214 0.0940159 2.0719693 2.2156105 2.1674765 1.8516787 0.0899679 0.0000000 2.4877806 2.2545236 2.2120876 1.8098340 1.5608901 1.9398412 2.2688797 2.1638300 0.0978549 
n295_296   2.1962937 1.8562356 0.0450599 1.8787867 0.1950946 2.6157336 2.2994664 0.3717369 2.3169801 2.5353108 0.3360090 0.1642384 0.3584012 1.1443799 2.4325452 2.4877806 0.0000000 0.1866875 4.6013772 1.9175327 1.6806414 0.3472622 2.8860519 0.3771293 2.6145936 
n287_288   2.0739006 2.0736950 0.1822997 2.0677837 0.0704756 2.1269652 2.2401027 0.3688798 2.0612997 2.3267147 0.3329679 0.0632369 0.3455910 1.0478415 2.2290627 2.2545236 0.1866875 0.0000000 3.5742342 2.2407567 1.8793663 0.3384149 3.4463549 0.3633466 2.3921992 
n244_245   3.4229854 2.7652164 5.2762342 2.4142290 3.8140614 2.1576139 2.3561827 3.6884203 2.9776651 1.9869951 3.3213738 3.8994526 3.8843175 3.1920994 2.1221895 2.2120876 4.6013772 3.5742342 0.0000000 2.9729439 2.2615980 3.9740475 2.4701086 4.3997633 2.1327948 
n265_266   2.2673801 0.9451806 1.9723738 0.9572576 2.0659648 1.8897369 2.6270160 1.9665457 2.5822990 1.8982322 2.0270019 1.9766762 2.6086970 1.7564525 1.8760137 1.8098340 1.9175327 2.2407567 2.9729439 0.0000000 0.1714684 2.0351099 2.4294382 2.7325858 1.9858068 
n266_267   1.7825188 0.9475800 1.6161197 0.9288333 1.6499687 1.6315530 2.2112897 1.8892912 1.9457141 1.6365746 1.9823884 1.6786660 2.2858529 1.5397805 1.6211715 1.5608901 1.6806414 1.8793663 2.2615980 0.1714684 0.0000000 1.9935374 2.1158122 2.3801168 1.7034797 
n294_295   1.9157814 1.9582487 0.3527529 2.0303205 0.3381418 2.0554573 2.4726171 0.0855511 1.9051002 2.0657385 0.0448393 0.3325879 0.1252484 0.8815050 1.9109929 1.9398412 0.3472622 0.3384149 3.9740475 2.0351099 1.9935374 0.0000000 3.9666908 0.1335100 2.0647703 
n251_252   2.3605895 3.9842769 2.8837432 4.0409402 3.4251580 2.0581997 0.3224320 3.2645651 2.7873933 2.4848220 3.4118275 3.5985418 3.1066754 2.7261152 2.4688463 2.2688797 2.8860519 3.4463549 2.4701086 2.4294382 2.1158122 3.9666908 0.0000000 2.9896634 2.4972229 
n298_299   2.0712727 2.3095950 0.3888302 2.2529332 0.3624113 2.2046648 2.1845694 0.1338099 1.8815247 2.2658060 0.1255790 0.3687094 0.0168546 1.0651476 2.0833066 2.1638300 0.3771293 0.3633466 4.3997633 2.7325858 2.3801168 0.1335100 2.9896634 0.0000000 2.2646790 
n300_301   0.5695000 1.8292011 2.6260841 1.7560747 2.4245468 0.1302887 2.5824928 2.0513560 0.5832290 0.0135397 2.2137757 2.3486991 2.2686856 2.0482190 0.0344038 0.0978549 2.6145936 2.3921992 2.1327948 1.9858068 1.7034797 2.0647703 2.4972229 2.2646790 0.0000000 
