21
n298_299   0.0000000 0.3279962 0.1635302 0.2688342 0.0271809 0.2832874 0.3284043 0.0100639 0.0033408 0.0237262 0.2775791 0.0341175 0.3282830 0.3338269 0.0923173 0.3170021 0.0066928 0.2787519 0.0271731 0.3334372 0.2974195 
n280_281   0.3279962 0.0000000 0.3644629 0.2587919 0.3552520 0.2634801 0.0100871 0.3381583 0.3277413 0.3498147 0.0554228 0.3659286 0.3604855 0.0203338 0.3225376 0.3600099 0.3328418 0.2637173 0.3551514 0.3828027 0.0699658 
n200_201   0.1635302 0.3644629 0.0000000 0.2829319 0.1763222 0.2931278 0.3649233 0.1677140 0.1594248 0.1720832 0.3172718 0.1763495 0.3652204 0.3706224 0.1761418 0.3535309 0.1635148 0.2881162 0.1762714 0.3818795 0.3271616 
n286_287   0.2688342 0.2587919 0.2829319 0.0000000 0.2883771 0.1159382 0.2591042 0.2782930 0.2686304 0.2834024 0.2213121 0.2932846 0.3328677 0.2738715 0.2928038 0.3324396 0.2733722 0.1159168 0.2882943 0.3606120 0.2396840 
n287_288   0.0271809 0.3552520 0.1763222 0.2883771 0.0000000 0.3087239 0.3557004 0.0306519 0.0237332 0.0033398 0.3029526 0.0202650 0.3445635 0.3613457 0.1000663 0.3332058 0.0271777 0.2986854 0.0134511 0.3437593 0.3235292 
n266_267   0.2832874 0.2634801 0.2931278 0.1159382 0.3087239 0.0000000 0.2637987 0.2929136 0.2830714 0.3036082 0.2257810 0.3137861 0.3275644 0.2786575 0.3079557 0.3271453 0.2878985 0.0306533 0.3086355 0.3280352 0.2442579 
n292_293   0.3284043 0.0100871 0.3649233 0.2591042 0.3557004 0.2637987 0.0000000 0.3385807 0.3281489 0.3502551 0.0554829 0.3663925 0.3609414 0.0169033 0.3125548 0.3604646 0.3332566 0.2640364 0.3555995 0.3773992 0.0700421 
n293_294   0.0100639 0.3381583 0.1677140 0.2782930 0.0306519 0.2929136 0.3385807 0.0000000 0.0066954 0.0271805 0.2871149 0.0376200 0.3384575 0.3440778 0.0961156 0.3272227 0.0033408 0.2883341 0.0306431 0.3436772 0.3072007 
n275_276   0.0033408 0.3277413 0.1594248 0.2686304 0.0237332 0.2830714 0.3281489 0.0066954 0.0000000 0.0202941 0.2773685 0.0306407 0.3280276 0.3335665 0.0885660 0.3169641 0.0033395 0.2785396 0.0237264 0.3331773 0.2971916 
n289_290   0.0237262 0.3498147 0.1720832 0.2834024 0.0033398 0.3036082 0.3502551 0.0271805 0.0202941 0.0000000 0.2978855 0.0168473 0.3392026 0.3558565 0.0962412 0.3279367 0.0237234 0.2936373 0.0100645 0.3384134 0.3183173 
n278_279   0.2775791 0.0554228 0.3172718 0.2213121 0.3029526 0.2257810 0.0554829 0.2871149 0.2773685 0.2978855 0.0000000 0.3129308 0.3170165 0.0664340 0.2819202 0.3166145 0.2821497 0.2259797 0.3028660 0.3330900 0.0134617 
n295_296   0.0341175 0.3659286 0.1763495 0.2932846 0.0202650 0.3137861 0.3663925 0.0376200 0.0306407 0.0168473 0.3129308 0.0000000 0.3550959 0.3721210 0.1077007 0.3435641 0.0341135 0.3086286 0.0066913 0.3542628 0.3337809 
n251_252   0.3282830 0.3604855 0.3652204 0.3328677 0.3445635 0.3275644 0.3609414 0.3384575 0.3280276 0.3392026 0.3170165 0.3550959 0.0000000 0.3779877 0.3381299 0.0375989 0.3331343 0.3274814 0.3444656 0.3268693 0.3277156 
n274_275   0.3338269 0.0203338 0.3706224 0.2738715 0.3613457 0.2786575 0.0169033 0.3440778 0.3335665 0.3558565 0.0664340 0.3721210 0.3779877 0.0000000 0.3283162 0.3774805 0.3387121 0.2789110 0.3612433 0.4008934 0.0774135 
n236_237   0.0923173 0.3225376 0.1761418 0.2928038 0.1000663 0.3079557 0.3125548 0.0961156 0.0885660 0.0962412 0.2819202 0.1077007 0.3381299 0.3283162 0.0000000 0.3269077 0.0923072 0.3029453 0.1000374 0.3324220 0.3018520 
n255_256   0.3170021 0.3600099 0.3535309 0.3324396 0.3332058 0.3271453 0.3604646 0.3272227 0.3169641 0.3279367 0.3166145 0.3435641 0.0375989 0.3774805 0.3269077 0.0000000 0.3219890 0.3270624 0.3331111 0.3056591 0.3323645 
n294_295   0.0066928 0.3328418 0.1635148 0.2733722 0.0271777 0.2878985 0.3332566 0.0033408 0.0033395 0.0237234 0.2821497 0.0341135 0.3331343 0.3387121 0.0923072 0.3219890 0.0000000 0.2833442 0.0271699 0.3383174 0.3020978 
n265_266   0.2787519 0.2637173 0.2881162 0.1159168 0.2986854 0.0306533 0.2640364 0.2883341 0.2785396 0.2936373 0.2259797 0.3086286 0.3274814 0.2789110 0.3029453 0.3270624 0.2833442 0.0000000 0.2985997 0.3177772 0.2444752 
n296_297   0.0271731 0.3551514 0.1762714 0.2882943 0.0134511 0.3086355 0.3555995 0.0306431 0.0237264 0.0100645 0.3028660 0.0066913 0.3444656 0.3612433 0.1000374 0.3331111 0.0271699 0.2985997 0.0000000 0.3436619 0.3234370 
n244_245   0.3334372 0.3828027 0.3818795 0.3606120 0.3437593 0.3280352 0.3773992 0.3436772 0.3331773 0.3384134 0.3330900 0.3542628 0.3268693 0.4008934 0.3324220 0.3056591 0.3383174 0.3177772 0.3436619 0.0000000 0.3544956 
n277_278   0.2974195 0.0699658 0.3271616 0.2396840 0.3235292 0.2442579 0.0700421 0.3072007 0.2971916 0.3183173 0.0134617 0.3337809 0.3277156 0.0774135 0.3018520 0.3323645 0.3020978 0.2444752 0.3234370 0.3544956 0.0000000 
