25
n289_290   0.0000000 0.0554219 0.0169024 0.3067218 0.2766528 0.0518165 0.0067136 0.2966217 0.3793183 0.0482927 0.3119461 0.0203256 0.2814271 0.4332647 0.2479027 0.0100875 0.1516523 0.2523769 0.1350829 0.2863203 0.3154138 0.0482690 0.3958876 0.2814863 0.3155401 
n294_295   0.0554219 0.0000000 0.0590683 0.3012243 0.3013455 0.0237123 0.0554444 0.3220064 0.3737274 0.0100775 0.3064008 0.0626811 0.3062719 0.4155418 0.2667088 0.0554381 0.1475256 0.2712813 0.1391784 0.3113290 0.3252431 0.0202870 0.4014828 0.3063392 0.3253738 
n295_296   0.0169024 0.0590683 0.0000000 0.3019446 0.2770280 0.0554417 0.0169091 0.2872044 0.3737207 0.0519015 0.3071374 0.0033499 0.2818098 0.4396591 0.2435193 0.0203258 0.1476811 0.2479746 0.1392001 0.2770258 0.3155099 0.0518760 0.4019225 0.2818691 0.3156362 
n266_267   0.3067218 0.3012243 0.3019446 0.0000000 0.2772573 0.2961190 0.3017295 0.2972854 0.3960933 0.2962647 0.0271997 0.3069152 0.2723648 0.5158432 0.2580837 0.3068239 0.2871143 0.2625835 0.3108687 0.2869527 0.1889714 0.2964073 0.4308619 0.2821048 0.1934016 
n299_300   0.2766528 0.3013455 0.2770280 0.2772573 0.0000000 0.2911346 0.2767770 0.0168455 0.3853491 0.2912964 0.2822718 0.2818351 0.0033366 0.4441641 0.0809073 0.2767433 0.2678828 0.0808808 0.2855111 0.0066883 0.2664986 0.2863522 0.4080326 0.0033370 0.2714587 
n298_299   0.0518165 0.0237123 0.0554417 0.2961190 0.2911346 0.0000000 0.0518375 0.3114906 0.3789231 0.0202802 0.3012569 0.0590363 0.2959938 0.4210252 0.2569898 0.0518317 0.1515139 0.2615068 0.1390338 0.3009785 0.3147266 0.0168616 0.4068506 0.2960575 0.3148523 
n290_291   0.0067136 0.0554444 0.0169091 0.3017295 0.2767770 0.0518375 0.0000000 0.2967562 0.3738800 0.0483122 0.3069180 0.0203337 0.2766055 0.4274122 0.2480126 0.0100915 0.1517167 0.2524889 0.1351407 0.2864493 0.3204888 0.0482885 0.3903343 0.2816130 0.3206174 
n274_275   0.2966217 0.3220064 0.2872044 0.2972854 0.0168455 0.3114906 0.2967562 0.0000000 0.4085144 0.3116671 0.3024469 0.2870015 0.0202556 0.4693015 0.0959328 0.2967199 0.2876634 0.0959007 0.3056743 0.0168454 0.2811304 0.3065839 0.4319332 0.0202582 0.2861969 
n251_252   0.3793183 0.3737274 0.3737207 0.3960933 0.3853491 0.3789231 0.3738800 0.4085144 0.0000000 0.3792412 0.4195109 0.3791494 0.3855128 0.3268135 0.3848176 0.3794491 0.3746507 0.3789725 0.3516501 0.3964746 0.4356658 0.3789339 0.0445628 0.3909234 0.4419418 
n293_294   0.0482927 0.0100775 0.0519015 0.2962647 0.2912964 0.0202802 0.0483122 0.3116671 0.3792412 0.0000000 0.3014058 0.0554829 0.2961590 0.4213972 0.2571283 0.0483067 0.1434742 0.2616482 0.1351771 0.3011472 0.3201465 0.0168689 0.4072028 0.2962229 0.3202748 
n265_266   0.3119461 0.3064008 0.3071374 0.0271997 0.2822718 0.3012569 0.3069180 0.3024469 0.4195109 0.3014058 0.0000000 0.3121433 0.2773439 0.5299383 0.2678880 0.3120503 0.2922009 0.2724419 0.3111832 0.2920345 0.2022548 0.3015515 0.4554323 0.2871533 0.2067763 
n296_297   0.0203256 0.0626811 0.0033499 0.3069152 0.2818351 0.0590363 0.0203337 0.2870015 0.3791494 0.0554829 0.3121433 0.0000000 0.2866453 0.4456002 0.2481191 0.0237636 0.1517431 0.2525976 0.1432084 0.2818329 0.3103742 0.0554556 0.4075553 0.2867061 0.3104982 
n300_301   0.2814271 0.3062719 0.2818098 0.2723648 0.0033366 0.2959938 0.2766055 0.0202556 0.3855128 0.2961590 0.2773439 0.2866453 0.0000000 0.4443594 0.0846092 0.2815195 0.2726167 0.0845814 0.2903273 0.0100525 0.2712030 0.2911842 0.4082081 0.0066874 0.2761951 
n244_245   0.4332647 0.4155418 0.4396591 0.5158432 0.4441641 0.4210252 0.4274122 0.4693015 0.3268135 0.4213972 0.5299383 0.4456002 0.4443594 0.0000000 0.4502121 0.4212644 0.4158802 0.4380848 0.4208059 0.4561887 0.4991087 0.4093887 0.3319016 0.4501969 0.4924161 
n278_279   0.2479027 0.2667088 0.2435193 0.2580837 0.0809073 0.2569898 0.2480126 0.0959328 0.3848176 0.2571283 0.2678880 0.2481191 0.0846092 0.4502121 0.0000000 0.2479826 0.2438582 0.0202475 0.2565261 0.0845901 0.2431453 0.2524087 0.4129562 0.0846216 0.2479454 
n287_288   0.0100875 0.0554381 0.0203258 0.3068239 0.2767433 0.0518317 0.0100915 0.2967199 0.3794491 0.0483067 0.3120503 0.0237636 0.2815195 0.4212644 0.2479826 0.0000000 0.1516989 0.2524584 0.1351249 0.2864144 0.3204495 0.0482831 0.4014766 0.2815787 0.3205781 
n200_201   0.1516523 0.1475256 0.1476811 0.2871143 0.2678828 0.1515139 0.1517167 0.2876634 0.3746507 0.1434742 0.2922009 0.1517431 0.2726167 0.4158802 0.2438582 0.1516989 0.0000000 0.2390838 0.1599003 0.2774655 0.2712574 0.1474985 0.3966056 0.2726732 0.2809532 
n277_278   0.2523769 0.2712813 0.2479746 0.2625835 0.0808808 0.2615068 0.2524889 0.0959007 0.3789725 0.2616482 0.2724419 0.2525976 0.0845814 0.4380848 0.0202475 0.2524584 0.2390838 0.0000000 0.2610353 0.0771429 0.2428412 0.2569034 0.4068740 0.0845937 0.2476339 
n236_237   0.1350829 0.1391784 0.1392001 0.3108687 0.2855111 0.1390338 0.1351407 0.3056743 0.3516501 0.1351771 0.3111832 0.1432084 0.2903273 0.4208059 0.2565261 0.1351249 0.1599003 0.2610353 0.0000000 0.2952661 0.3095770 0.1271324 0.3838794 0.2903891 0.3097010 
n280_281   0.2863203 0.3113290 0.2770258 0.2869527 0.0066883 0.3009785 0.2864493 0.0168454 0.3964746 0.3011472 0.2920345 0.2818329 0.0100525 0.4561887 0.0845901 0.2864144 0.2774655 0.0771429 0.2952661 0.0000000 0.2760212 0.2961395 0.4194933 0.0100538 0.2810475 
n285_286   0.3154138 0.3252431 0.3155099 0.1889714 0.2664986 0.3147266 0.3204888 0.2811304 0.4356658 0.3201465 0.2022548 0.3103742 0.2712030 0.4991087 0.2431453 0.3204495 0.2712574 0.2428412 0.3095770 0.2760212 0.0000000 0.3150362 0.4722580 0.2712589 0.0100508 
n275_276   0.0482690 0.0202870 0.0518760 0.2964073 0.2863522 0.0168616 0.0482885 0.3065839 0.3789339 0.0168689 0.3015515 0.0554556 0.2911842 0.4093887 0.2524087 0.0482831 0.1474985 0.2569034 0.1271324 0.2961395 0.3150362 0.0000000 0.4068652 0.2912465 0.3151622 
n255_256   0.3958876 0.4014828 0.4019225 0.4308619 0.4080326 0.4068506 0.3903343 0.4319332 0.0445628 0.4072028 0.4554323 0.4075553 0.4082081 0.3319016 0.4129562 0.4014766 0.3966056 0.4068740 0.3838794 0.4194933 0.4722580 0.4068652 0.0000000 0.4137776 0.4788615 
n292_293   0.2814863 0.3063392 0.2818691 0.2821048 0.0033370 0.2960575 0.2816130 0.0202582 0.3909234 0.2962229 0.2871533 0.2867061 0.0066874 0.4501969 0.0846216 0.2815787 0.2726732 0.0845937 0.2903891 0.0100538 0.2712589 0.2912465 0.4137776 0.0000000 0.2762525 
n286_287   0.3155401 0.3253738 0.3156362 0.1934016 0.2714587 0.3148523 0.3206174 0.2861969 0.4419418 0.3202748 0.2067763 0.3104982 0.2761951 0.4924161 0.2479454 0.3205781 0.2809532 0.2476339 0.3097010 0.2810475 0.0100508 0.3151622 0.4788615 0.2762525 0.0000000 
