24
n298_299   0.0000000 0.2968712 0.1313431 0.2886430 0.0376133 0.2979864 0.3176978 0.0100513 0.0100624 0.0411406 0.2763601 0.0306070 0.4066623 0.3020982 0.0375838 0.0810187 0.4199831 0.2784968 0.0066866 0.3072261 0.2982422 0.0340771 0.3574218 0.3010217 
n280_281   0.2968712 0.0000000 0.2975560 0.2456630 0.2873653 0.2451520 0.0273042 0.2864938 0.3018291 0.2924297 0.0627368 0.2721406 0.3407516 0.0203723 0.2823136 0.2728284 0.3468071 0.2501245 0.2915805 0.0203680 0.2500440 0.2768804 0.3329310 0.0700082 
n200_201   0.1313431 0.2975560 0.0000000 0.2638304 0.1314892 0.2785395 0.3234702 0.1192303 0.1312065 0.1355387 0.2970306 0.1234399 0.4121740 0.3130516 0.1354674 0.1274420 0.4078083 0.2587326 0.1232255 0.3128954 0.2836802 0.1195362 0.3744119 0.3171739 
n286_287   0.2886430 0.2456630 0.2638304 0.0000000 0.2740880 0.1156774 0.2552158 0.2783253 0.2935778 0.2790853 0.2405100 0.2590706 0.3411548 0.2362737 0.2789122 0.2742966 0.3528000 0.0202834 0.2833846 0.2455607 0.1236074 0.2637574 0.3278017 0.2448708 
n287_288   0.0376133 0.2873653 0.1314892 0.2740880 0.0000000 0.2832855 0.3079461 0.0340570 0.0411219 0.0033341 0.2720328 0.0202715 0.3833508 0.2925272 0.0033326 0.0773563 0.3961964 0.2641403 0.0375698 0.2975977 0.2884588 0.0236971 0.3409128 0.2914885 
n266_267   0.2979864 0.2451520 0.2785395 0.1156774 0.2832855 0.0000000 0.2546812 0.2875478 0.3029737 0.2883394 0.2400227 0.2680955 0.3308287 0.2357855 0.2881590 0.2740938 0.3478393 0.1195892 0.2926639 0.2450501 0.0168608 0.2728278 0.3282960 0.2398183 
n292_293   0.3176978 0.0273042 0.3234702 0.2552158 0.3079461 0.2546812 0.0000000 0.3069926 0.3228013 0.3025534 0.0663881 0.2922462 0.3516129 0.0273018 0.3027401 0.2929870 0.3577713 0.2597271 0.3122343 0.0067302 0.2596427 0.2971151 0.3327985 0.0736940 
n293_294   0.0100513 0.2864938 0.1192303 0.2783253 0.0340570 0.2875478 0.3069926 0.0000000 0.0134299 0.0375608 0.2712210 0.0270979 0.3944755 0.2916351 0.0340303 0.0698021 0.4075353 0.2683385 0.0033308 0.2966857 0.2927421 0.0305469 0.3458233 0.2906029 
n275_276   0.0100624 0.3018291 0.1312065 0.2935778 0.0411219 0.3029737 0.3228013 0.0134299 0.0000000 0.0446664 0.2862016 0.0340810 0.4064274 0.3070944 0.0410896 0.0847349 0.4197361 0.2833610 0.0100509 0.3122564 0.3032347 0.0375659 0.3516516 0.3059971 
n289_290   0.0411406 0.2924297 0.1355387 0.2790853 0.0033341 0.2883394 0.3025534 0.0375608 0.0446664 0.0000000 0.2769797 0.0237105 0.3891733 0.2976327 0.0066820 0.0810951 0.4021418 0.2690626 0.0410930 0.2922900 0.2935531 0.0271523 0.3463429 0.2965726 
n278_279   0.2763601 0.0627368 0.2970306 0.2405100 0.2720328 0.2400227 0.0663881 0.2712210 0.2862016 0.2769797 0.0000000 0.2571641 0.3456576 0.0554830 0.2670969 0.2627402 0.3462189 0.2403824 0.2761912 0.0627167 0.2448715 0.2618067 0.3054193 0.0202665 
n295_296   0.0306070 0.2721406 0.1234399 0.2590706 0.0202715 0.2680955 0.2922462 0.0270979 0.0340810 0.0237105 0.2571641 0.0000000 0.3774993 0.2771785 0.0236994 0.0699257 0.3902233 0.2493498 0.0305717 0.2821368 0.2731467 0.0033318 0.3354512 0.2762043 
n251_252   0.4066623 0.3407516 0.4121740 0.3411548 0.3833508 0.3308287 0.3516129 0.3944755 0.4064274 0.3891733 0.3456576 0.3774993 0.0000000 0.3300988 0.3888992 0.4069818 0.0594591 0.3408713 0.4004155 0.3405898 0.3467929 0.3829397 0.2681982 0.3506796 
n274_275   0.3020982 0.0203723 0.3130516 0.2362737 0.2925272 0.2357855 0.0273018 0.2916351 0.3070944 0.2976327 0.0554830 0.2771785 0.3300988 0.0000000 0.2874351 0.2778799 0.3413449 0.2406871 0.2967623 0.0203662 0.2406103 0.2819522 0.3222747 0.0626853 
n290_291   0.0375838 0.2823136 0.1354674 0.2789122 0.0033326 0.2881590 0.3027401 0.0340303 0.0410896 0.0066820 0.2670969 0.0236994 0.3888992 0.2874351 0.0000000 0.0810551 0.4018533 0.2688978 0.0375403 0.2924693 0.2933683 0.0271398 0.3461134 0.2864178 
n236_237   0.0810187 0.2728284 0.1274420 0.2742966 0.0773563 0.2740938 0.2929870 0.0698021 0.0847349 0.0810951 0.2627402 0.0699257 0.4069818 0.2778799 0.0810551 0.0000000 0.4203135 0.2643429 0.0735087 0.2828511 0.2792060 0.0735789 0.3736904 0.2819661 
n255_256   0.4199831 0.3468071 0.4078083 0.3528000 0.3961964 0.3478393 0.3577713 0.4075353 0.4197361 0.4021418 0.3462189 0.3902233 0.0594591 0.3413449 0.4018533 0.4203135 0.0000000 0.3525021 0.4135984 0.3466408 0.3641996 0.3957666 0.2690292 0.3512492 
n285_286   0.2784968 0.2501245 0.2587326 0.0202834 0.2641403 0.1195892 0.2597271 0.2683385 0.2833610 0.2690626 0.2403824 0.2493498 0.3408713 0.2406871 0.2688978 0.2643429 0.3525021 0.0000000 0.2733223 0.2500197 0.1275623 0.2539747 0.3225021 0.2447403 
n294_295   0.0066866 0.2915805 0.1232255 0.2833846 0.0375698 0.2926639 0.3122343 0.0033308 0.0100509 0.0410930 0.2761912 0.0305717 0.4004155 0.2967623 0.0375403 0.0735087 0.4135984 0.2733223 0.0000000 0.3018495 0.2929141 0.0340377 0.3513240 0.2957087 
n300_301   0.3072261 0.0203680 0.3128954 0.2455607 0.2975977 0.2450501 0.0067302 0.2966857 0.3122564 0.2922900 0.0627167 0.2821368 0.3405898 0.0203662 0.2924693 0.2828511 0.3466408 0.2500197 0.3018495 0.0000000 0.2499393 0.2869409 0.3327755 0.0699855 
n265_266   0.2982422 0.2500440 0.2836802 0.1236074 0.2884588 0.0168608 0.2596427 0.2927421 0.3032347 0.2935531 0.2448715 0.2731467 0.3467929 0.2406103 0.2933683 0.2792060 0.3641996 0.1275623 0.2929141 0.2499393 0.0000000 0.2779124 0.3338030 0.2446621 
n296_297   0.0340771 0.2768804 0.1195362 0.2637574 0.0236971 0.2728278 0.2971151 0.0305469 0.0375659 0.0271523 0.2618067 0.0033318 0.3829397 0.2819522 0.0271398 0.0735789 0.3957666 0.2539747 0.0340377 0.2869409 0.2779124 0.0000000 0.3405609 0.2809589 
n244_245   0.3574218 0.3329310 0.3744119 0.3278017 0.3409128 0.3282960 0.3327985 0.3458233 0.3516516 0.3463429 0.3054193 0.3354512 0.2681982 0.3222747 0.3461134 0.3736904 0.2690292 0.3225021 0.3513240 0.3327755 0.3338030 0.3405609 0.0000000 0.3153547 
n277_278   0.3010217 0.0700082 0.3171739 0.2448708 0.2914885 0.2398183 0.0736940 0.2906029 0.3059971 0.2965726 0.0202665 0.2762043 0.3506796 0.0626853 0.2864178 0.2819661 0.3512492 0.2447403 0.2957087 0.0699855 0.2446621 0.2809589 0.3153547 0.0000000 
