22
n289_290   0.0000000 0.0343574 0.0203534 0.3421402 0.3246137 0.0414053 0.3188694 0.4834108 0.3148973 0.0237953 0.4966096 0.2874653 0.0033505 0.2169141 0.2974783 0.0778084 0.3411613 0.2938227 0.0378493 0.4733909 0.3301792 0.2989903 
n294_295   0.0343574 0.0000000 0.0378525 0.3096183 0.2925419 0.0135207 0.2870769 0.4427820 0.2835493 0.0413820 0.4693664 0.2570242 0.0378957 0.1988518 0.2666308 0.0703930 0.3083402 0.2633514 0.0101131 0.4460060 0.2978539 0.2683073 
n295_296   0.0203534 0.0378525 0.0000000 0.3475879 0.3405230 0.0449269 0.3346459 0.4969671 0.3201508 0.0033473 0.5103928 0.3026037 0.0238089 0.2310776 0.3128084 0.0928980 0.3574250 0.3042083 0.0413554 0.4934045 0.3462082 0.3094493 
n266_267   0.3421402 0.3096183 0.3475879 0.0000000 0.2502580 0.3200431 0.2555081 0.4278191 0.0203227 0.3530495 0.4263332 0.2216730 0.3477606 0.3700201 0.2214059 0.3121934 0.2650383 0.1332998 0.3145998 0.4313879 0.2552242 0.1373675 
n299_300   0.3246137 0.2925419 0.3405230 0.2502580 0.0000000 0.3026996 0.0033322 0.4354256 0.2262515 0.3459184 0.3757632 0.0377168 0.3300899 0.3252717 0.0376763 0.2802037 0.0100347 0.2559697 0.2974037 0.4453679 0.0033290 0.2557092 
n298_299   0.0414053 0.0135207 0.0449269 0.3200431 0.3026996 0.0000000 0.2971520 0.4553367 0.2936155 0.0484873 0.4750784 0.2667025 0.0449783 0.1981899 0.2764279 0.0777791 0.3187184 0.2731502 0.0169251 0.4529131 0.3080863 0.2781705 
n274_275   0.3188694 0.2870769 0.3346459 0.2555081 0.0033322 0.2971520 0.0000000 0.4355727 0.2312953 0.3399948 0.3758835 0.0413054 0.3242979 0.3312446 0.0412610 0.2748707 0.0134304 0.2560953 0.2919016 0.4455189 0.0066832 0.2558347 
n251_252   0.4834108 0.4427820 0.4969671 0.4278191 0.4354256 0.4553367 0.4355727 0.0000000 0.3965931 0.5036868 0.3159757 0.4041397 0.4902731 0.4822598 0.4099084 0.4586876 0.4417526 0.4375006 0.4631435 0.0630203 0.4419883 0.4571121 
n265_266   0.3148973 0.2835493 0.3201508 0.0203227 0.2262515 0.2936155 0.2312953 0.3965931 0.0000000 0.3254159 0.3890971 0.1986263 0.3203101 0.3537685 0.1983899 0.2861975 0.2405199 0.1210771 0.2883715 0.4001324 0.2310429 0.1250733 
n296_297   0.0237953 0.0413820 0.0033473 0.3530495 0.3459184 0.0484873 0.3399948 0.5036868 0.3254159 0.0000000 0.5172253 0.3077294 0.0272674 0.2357062 0.3180011 0.0966924 0.3629448 0.3093637 0.0448980 0.5000623 0.3516455 0.3146405 
n244_245   0.4966096 0.4693664 0.5103928 0.4263332 0.3757632 0.4750784 0.3758835 0.3159757 0.3890971 0.5172253 0.0000000 0.3586515 0.4899541 0.4937608 0.3640453 0.4377417 0.3815433 0.3968672 0.4619422 0.3533284 0.3817511 0.4088485 
n278_279   0.2874653 0.2570242 0.3026037 0.2216730 0.0377168 0.2667025 0.0413054 0.4041397 0.1986263 0.3077294 0.3586515 0.0000000 0.2926626 0.2985611 0.0100577 0.2454737 0.0483849 0.2221747 0.2616731 0.4137944 0.0412663 0.2219529 
n287_288   0.0033505 0.0378957 0.0238089 0.3477606 0.3300899 0.0449783 0.3242979 0.4902731 0.3203101 0.0272674 0.4899541 0.2926626 0.0000000 0.2215817 0.3027453 0.0815756 0.3467654 0.2990804 0.0414026 0.4801323 0.3356986 0.3042855 
n200_201   0.2169141 0.1988518 0.2310776 0.3700201 0.3252717 0.1981899 0.3312446 0.4822598 0.3537685 0.2357062 0.4937608 0.2985611 0.2215817 0.0000000 0.3033347 0.1883506 0.3418594 0.3540742 0.2031514 0.4939797 0.3308506 0.3537675 
n277_278   0.2974783 0.2666308 0.3128084 0.2214059 0.0376763 0.2764279 0.0412610 0.4099084 0.1983899 0.3180011 0.3640453 0.0100577 0.3027453 0.3033347 0.0000000 0.2548809 0.0483328 0.2266684 0.2713321 0.4196105 0.0412220 0.2264418 
n236_237   0.0778084 0.0703930 0.0928980 0.3121934 0.2802037 0.0777791 0.2748707 0.4586876 0.2861975 0.0966924 0.4377417 0.2454737 0.0815756 0.1883506 0.2548809 0.0000000 0.2956426 0.2760408 0.0740299 0.4371104 0.2853936 0.2810508 
n280_281   0.3411613 0.3083402 0.3574250 0.2650383 0.0100347 0.3187184 0.0134304 0.4417526 0.2405199 0.3629448 0.3815433 0.0483849 0.3467654 0.3418594 0.0483328 0.2956426 0.0000000 0.2709094 0.3133000 0.4517535 0.0134178 0.2706305 
n285_286   0.2938227 0.2633514 0.3042083 0.1332998 0.2559697 0.2731502 0.2560953 0.4375006 0.1210771 0.3093637 0.3968672 0.2221747 0.2990804 0.3540742 0.2266684 0.2760408 0.2709094 0.0000000 0.2680551 0.4410957 0.2609896 0.0101014 
n275_276   0.0378493 0.0101131 0.0413554 0.3145998 0.2974037 0.0169251 0.2919016 0.4631435 0.2883715 0.0448980 0.4619422 0.2616731 0.0414026 0.2031514 0.2713321 0.0740299 0.3133000 0.2680551 0.0000000 0.4663599 0.3027489 0.2730395 
n255_256   0.4733909 0.4460060 0.4934045 0.4313879 0.4453679 0.4529131 0.4455189 0.0630203 0.4001324 0.5000623 0.3533284 0.4137944 0.4801323 0.4939797 0.4196105 0.4371104 0.4517535 0.4410957 0.4663599 0.0000000 0.4457447 0.4607260 
n292_293   0.3301792 0.2978539 0.3462082 0.2552242 0.0033290 0.3080863 0.0066832 0.4419883 0.2310429 0.3516455 0.3817511 0.0412663 0.3356986 0.3308506 0.0412220 0.2853936 0.0134178 0.2609896 0.3027489 0.4457447 0.0000000 0.2607234 
n286_287   0.2989903 0.2683073 0.3094493 0.1373675 0.2557092 0.2781705 0.2558347 0.4571121 0.1250733 0.3146405 0.4088485 0.2219529 0.3042855 0.3537675 0.2264418 0.2810508 0.2706305 0.0101014 0.2730395 0.4607260 0.2607234 0.0000000 
