24
n289_290   0.0000000 0.0589749 0.0237109 0.2943877 0.2847499 0.0517861 0.0067041 0.2801739 0.3776827 0.0553837 0.3244049 0.2945879 0.3666868 0.2852808 0.0134635 0.1430442 0.0553874 0.0808650 0.2751080 0.3159860 0.0518094 0.3894592 0.2848663 0.3157267 
n294_295   0.0589749 0.0000000 0.0446700 0.3147352 0.2946356 0.0341024 0.0553883 0.2900063 0.4057155 0.0067010 0.3456083 0.3046079 0.3943272 0.2951876 0.0625830 0.1390746 0.0376119 0.0921512 0.2848668 0.3215348 0.0271790 0.4119056 0.2947560 0.3212701 
n295_296   0.0237109 0.0446700 0.0000000 0.2795204 0.2652433 0.0341124 0.0168602 0.2607709 0.3718596 0.0411445 0.3089297 0.2748194 0.3609577 0.2657331 0.0237026 0.1269417 0.0376230 0.0661037 0.2558514 0.3006155 0.0341278 0.3835289 0.2653514 0.3003703 
n266_267   0.2943877 0.3147352 0.2795204 0.0000000 0.2797651 0.2894843 0.2942977 0.2752173 0.4118653 0.3045349 0.0374711 0.2799187 0.4290371 0.2855533 0.3040697 0.2847267 0.2945089 0.2504201 0.2701907 0.1592323 0.2944545 0.4242569 0.2798787 0.1675179 
n299_300   0.2847499 0.2946356 0.2652433 0.2797651 0.0000000 0.2699344 0.2797423 0.0168501 0.3521787 0.2847091 0.3038712 0.0066911 0.3619349 0.0481976 0.2893381 0.2798559 0.2748228 0.2277178 0.0066898 0.2950931 0.2748976 0.3632481 0.0066912 0.2899955 
n298_299   0.0517861 0.0341024 0.0341124 0.2894843 0.2699344 0.0000000 0.0446730 0.2654388 0.3832076 0.0271476 0.3193109 0.2795693 0.3773617 0.2751709 0.0517674 0.1469702 0.0033408 0.0808142 0.2604864 0.3058078 0.0202677 0.3891986 0.2700443 0.3055578 
n290_291   0.0067041 0.0553883 0.0168602 0.2942977 0.2797423 0.0446730 0.0000000 0.2751940 0.3719873 0.0518127 0.3243040 0.2895104 0.3610803 0.2802622 0.0067018 0.1389457 0.0482382 0.0771245 0.2701671 0.3158877 0.0446931 0.3836620 0.2798558 0.3156286 
n274_275   0.2801739 0.2900063 0.2607709 0.2752173 0.0168501 0.2654388 0.2751940 0.0000000 0.3472171 0.2801335 0.2941869 0.0236984 0.3731408 0.0589967 0.2847407 0.2753061 0.2703005 0.2323755 0.0100662 0.2904558 0.2703740 0.3634003 0.0168570 0.2853873 
n251_252   0.3776827 0.4057155 0.3718596 0.4118653 0.3521787 0.3832076 0.3719873 0.3472171 0.0000000 0.3942031 0.4470096 0.3629791 0.2657816 0.3579753 0.3827819 0.3833188 0.3774948 0.3337452 0.3416207 0.4372872 0.3888327 0.0307011 0.3523192 0.4369127 
n293_294   0.0553837 0.0067010 0.0411445 0.3045349 0.2847091 0.0271476 0.0518127 0.2801335 0.3942031 0.0000000 0.3349817 0.2945462 0.3829938 0.2852399 0.0589757 0.1431241 0.0306214 0.0846176 0.2750683 0.3111965 0.0202846 0.4002885 0.2848245 0.3109413 
n265_266   0.3244049 0.3456083 0.3089297 0.0374711 0.3038712 0.3193109 0.3243040 0.2941869 0.4470096 0.3349817 0.0000000 0.3040421 0.4589340 0.3048062 0.3344545 0.3143665 0.3245443 0.2786487 0.2940040 0.1758910 0.3244796 0.4600388 0.3039940 0.1843618 
n300_301   0.2945879 0.3046079 0.2748194 0.2799187 0.0066911 0.2795693 0.2895104 0.0236984 0.3629791 0.2945462 0.3040421 0.0000000 0.3728506 0.0553451 0.2992284 0.2896280 0.2845238 0.2368062 0.0134403 0.3050817 0.2846013 0.3742177 0.0134431 0.2999119 
n244_245   0.3666868 0.3943272 0.3609577 0.4290371 0.3619349 0.3773617 0.3610803 0.3731408 0.2657816 0.3829938 0.4589340 0.3728506 0.0000000 0.3842472 0.3717191 0.3996216 0.3830262 0.3228541 0.3673472 0.4482437 0.3885991 0.2711496 0.3728051 0.4358642 
n278_279   0.2852808 0.2951876 0.2657331 0.2855533 0.0481976 0.2751709 0.2802622 0.0589967 0.3579753 0.2852399 0.3048062 0.0553451 0.3842472 0.0000000 0.2898775 0.2753739 0.2801017 0.2371260 0.0482071 0.3163914 0.2754074 0.3691429 0.0482174 0.3161316 
n287_288   0.0134635 0.0625830 0.0237026 0.3040697 0.2893381 0.0517674 0.0067018 0.2847407 0.3827819 0.0589757 0.3344545 0.2992284 0.3717191 0.2898775 0.0000000 0.1469570 0.0553674 0.0845103 0.2796467 0.3259763 0.0517907 0.3946351 0.2894553 0.3257081 
n200_201   0.1430442 0.1390746 0.1269417 0.2847267 0.2798559 0.1469702 0.1389457 0.2753061 0.3833188 0.1431241 0.3143665 0.2896280 0.3996216 0.2753739 0.1469570 0.0000000 0.1510911 0.1149298 0.2702769 0.3363707 0.1390113 0.3952012 0.2799694 0.3360929 
n297_298   0.0553874 0.0376119 0.0376230 0.2945089 0.2748228 0.0033408 0.0482382 0.2703005 0.3774948 0.0306214 0.3245443 0.2845238 0.3830262 0.2801017 0.0553674 0.1510911 0.0000000 0.0845617 0.2653117 0.3109682 0.0237074 0.3834335 0.2749345 0.3107134 
n236_237   0.0808650 0.0921512 0.0661037 0.2504201 0.2277178 0.0808142 0.0771245 0.2323755 0.3337452 0.0846176 0.2786487 0.2368062 0.3228541 0.2371260 0.0845103 0.1149298 0.0845617 0.0000000 0.2276652 0.2800468 0.0808504 0.3447650 0.2367915 0.2798202 
n280_281   0.2751080 0.2848668 0.2558514 0.2701907 0.0066898 0.2604864 0.2701671 0.0100662 0.3416207 0.2750683 0.2940040 0.0134403 0.3673472 0.0482071 0.2796467 0.2702769 0.2653117 0.2276652 0.0000000 0.2853077 0.2653839 0.3576714 0.0066925 0.2802791 
n285_286   0.3159860 0.3215348 0.3006155 0.1592323 0.2950931 0.3058078 0.3158877 0.2904558 0.4372872 0.3111965 0.1758910 0.3050817 0.4482437 0.3163914 0.3259763 0.3363707 0.3109682 0.2800468 0.2853077 0.0000000 0.2956934 0.4501715 0.2952129 0.0134582 
n275_276   0.0518094 0.0271790 0.0341278 0.2944545 0.2748976 0.0202677 0.0446931 0.2703740 0.3888327 0.0202846 0.3244796 0.2846013 0.3885991 0.2754074 0.0517907 0.1390113 0.0237074 0.0808504 0.2653839 0.2956934 0.0000000 0.3948725 0.2750093 0.2954526 
n255_256   0.3894592 0.4119056 0.3835289 0.4242569 0.3632481 0.3891986 0.3836620 0.3634003 0.0307011 0.4002885 0.4600388 0.3742177 0.2711496 0.3691429 0.3946351 0.3952012 0.3834335 0.3447650 0.3576714 0.4501715 0.3948725 0.0000000 0.3633924 0.4497837 
n292_293   0.2848663 0.2947560 0.2653514 0.2798787 0.0066912 0.2700443 0.2798558 0.0168570 0.3523192 0.2848245 0.3039940 0.0134431 0.3728051 0.0482174 0.2894553 0.2799694 0.2749345 0.2367915 0.0066925 0.2952129 0.2750093 0.3633924 0.0000000 0.2901134 
n286_287   0.3157267 0.3212701 0.3003703 0.1675179 0.2899955 0.3055578 0.3156286 0.2853873 0.4369127 0.3109413 0.1843618 0.2999119 0.4358642 0.3161316 0.3257081 0.3360929 0.3107134 0.2798202 0.2802791 0.0134582 0.2954526 0.4497837 0.2901134 0.0000000 
