35
n265_300   0.0000000 0.1481970 0.4255330 0.2906974 0.2801486 0.3766854 0.3886227 0.2800504 0.2654426 0.2794778 0.3256971 0.2799885 0.2696041 0.3009877 0.2799014 0.2750351 0.2749596 0.2745288 0.2848925 0.2748940 0.2849976 0.2750995 0.2696575 0.2803082 0.2993981 0.3001041 0.3043617 0.1441439 0.0237419 0.2745032 0.3000565 0.2795220 0.2794539 0.2701728 0.2750783 
n285_328   0.1481970 0.0000000 0.3832457 0.2805570 0.2608490 0.3266154 0.3485745 0.2456926 0.2609350 0.2406395 0.3097209 0.2456389 0.2597856 0.2856369 0.2798129 0.2704790 0.2408596 0.2359563 0.2848001 0.2748094 0.2504071 0.2656259 0.2598366 0.2757204 0.2595010 0.2946733 0.2839492 0.0100878 0.1439830 0.2648683 0.2600680 0.2698188 0.2359245 0.2699023 0.2650057 
n244_277   0.4255330 0.3832457 0.0000000 0.3781928 0.4135963 0.2967577 0.3071508 0.3670217 0.4078417 0.3670901 0.4188555 0.3558083 0.3718011 0.3786445 0.4073570 0.4133995 0.3612168 0.3614618 0.4133138 0.4017101 0.3613518 0.4074872 0.3718802 0.4199030 0.3778500 0.4254743 0.3992820 0.3776851 0.4250458 0.3835963 0.3606771 0.3837415 0.3727350 0.3954846 0.3896176 
n277_318   0.2906974 0.2805570 0.3781928 0.0000000 0.0814970 0.3884205 0.3881020 0.2906514 0.0740474 0.2904400 0.3430990 0.2855743 0.2855709 0.0100826 0.3059392 0.0777083 0.2854728 0.2854008 0.3111211 0.3007327 0.2906305 0.0777239 0.2856282 0.0853175 0.3107204 0.2998125 0.2949239 0.2757080 0.3006871 0.2959512 0.2801524 0.3011493 0.2904133 0.2956369 0.2905474 
n299_352   0.2801486 0.2608490 0.4135963 0.0814970 0.0000000 0.4060686 0.4181209 0.3008618 0.0134797 0.2902156 0.3424941 0.2957104 0.2957081 0.0928814 0.3163740 0.0168764 0.2956047 0.2904851 0.3216308 0.3110889 0.3008387 0.0100781 0.2957679 0.0100868 0.3159882 0.3004954 0.3099187 0.2561250 0.2849368 0.3008063 0.2901963 0.3060376 0.2955332 0.3059205 0.3007563 
n255_288   0.3766854 0.3266154 0.2967577 0.3884205 0.4060686 0.0000000 0.0307173 0.3496552 0.4004508 0.3384711 0.3755711 0.3495759 0.3542492 0.3943570 0.3770448 0.3999760 0.3439997 0.3330717 0.3827547 0.3716244 0.3551102 0.4000354 0.3543237 0.4122937 0.3602283 0.3653266 0.3537859 0.3214656 0.3709839 0.3657328 0.3270241 0.3714805 0.3438917 0.3656739 0.3600556 
n251_284   0.3886227 0.3485745 0.3071508 0.3881020 0.4181209 0.0307173 0.0000000 0.3667339 0.4124161 0.3552666 0.3932331 0.3666502 0.3714064 0.3940325 0.3947939 0.4119234 0.3609319 0.3497348 0.4006466 0.3892427 0.3723203 0.4119852 0.3714854 0.4244553 0.3775546 0.3885943 0.3881843 0.3432676 0.3886313 0.3831918 0.3435080 0.3890902 0.3608172 0.3831332 0.3773713 
n298_351   0.2800504 0.2456926 0.3670217 0.2906514 0.3008618 0.3496552 0.3667339 0.0000000 0.2958972 0.0306901 0.1402382 0.0134625 0.1122908 0.2958059 0.1199958 0.3007154 0.0033408 0.0272131 0.1239802 0.1199906 0.0168711 0.2956569 0.1044150 0.3062045 0.0447489 0.1320905 0.1120117 0.2458283 0.2848348 0.1122883 0.0702585 0.1162524 0.0306905 0.1161090 0.1121722 
n280_321   0.2654426 0.2609350 0.4078417 0.0740474 0.0134797 0.4004508 0.4124161 0.2958972 0.0000000 0.2853247 0.3372598 0.2907794 0.2907766 0.0853130 0.3113081 0.0100800 0.2906757 0.2855889 0.3165312 0.3060586 0.2958752 0.0100820 0.2908352 0.0169009 0.3109306 0.2955366 0.3049103 0.2562091 0.2701444 0.2958422 0.2853076 0.3010385 0.2906057 0.3009228 0.2957924 
n290_337   0.2794778 0.2406395 0.3670901 0.2904400 0.2902156 0.3384711 0.3552666 0.0306901 0.2853247 0.0000000 0.1360807 0.0306839 0.1162418 0.2955907 0.1239857 0.2900744 0.0272019 0.0033393 0.1279934 0.1239801 0.0341819 0.2850947 0.1083186 0.2954693 0.0271587 0.1361544 0.1159184 0.2407719 0.2842512 0.1162393 0.0739696 0.1202271 0.0134551 0.1200784 0.1161187 
n236_265   0.3256971 0.3097209 0.4188555 0.3430990 0.3424941 0.3755711 0.3932331 0.1402382 0.3372598 0.1360807 0.0000000 0.1402085 0.1161217 0.3486623 0.1240277 0.3317904 0.1361061 0.1361954 0.1280375 0.1240220 0.1443184 0.3369794 0.1082064 0.3481669 0.1608815 0.1737234 0.1604835 0.3098982 0.3414851 0.1161192 0.1482670 0.1201031 0.1443486 0.1201183 0.1161565 
n293_342   0.2799885 0.2456389 0.3558083 0.2855743 0.2957104 0.3495759 0.3666502 0.0134625 0.2907794 0.0306839 0.1402085 0.0000000 0.1122673 0.2906904 0.1199706 0.2955665 0.0100685 0.0272076 0.1239541 0.1199654 0.0100715 0.2905440 0.1043931 0.3010122 0.0447398 0.1320626 0.1198657 0.2457746 0.2847717 0.1122648 0.0665664 0.1162280 0.0306843 0.1160846 0.1121486 
n275_314   0.2696041 0.2597856 0.3718011 0.2855709 0.2957081 0.3542492 0.3714064 0.1122908 0.2907766 0.1162418 0.1161217 0.1122673 0.0000000 0.2906876 0.0412298 0.2955641 0.1083278 0.1123031 0.0447819 0.0412293 0.1162172 0.2905411 0.0066994 0.3010106 0.1280072 0.1443467 0.1280650 0.2599301 0.2842261 0.0134711 0.1241922 0.0168832 0.1162402 0.0377196 0.0342048 
n278_319   0.3009877 0.2856369 0.3786445 0.0100826 0.0928814 0.3943570 0.3940325 0.2958059 0.0853130 0.2955907 0.3486623 0.2906904 0.2906876 0.0000000 0.3060494 0.0890247 0.2905868 0.2905139 0.3164304 0.3059627 0.2957839 0.0890427 0.2907462 0.0967714 0.3160214 0.2998706 0.3001011 0.2807539 0.3111182 0.3011493 0.2852211 0.3063881 0.2955628 0.3008293 0.2957011 
n289_334   0.2799014 0.2798129 0.4073570 0.3059392 0.3163740 0.3770448 0.3947939 0.1199958 0.3113081 0.1239857 0.1240277 0.1199706 0.0412298 0.3060494 0.0000000 0.3162204 0.1159922 0.1200094 0.0100637 0.0066923 0.1239587 0.3110529 0.0341674 0.3165582 0.1400337 0.1401047 0.1359161 0.2799706 0.2947524 0.0412288 0.1320118 0.0447858 0.1239835 0.0168627 0.0134573 
n274_313   0.2750351 0.2704790 0.4133995 0.0777083 0.0168764 0.3999760 0.4119234 0.3007154 0.0100800 0.2900744 0.3317904 0.2955665 0.2955641 0.0890247 0.3162204 0.0000000 0.2954608 0.2903436 0.3214749 0.3109379 0.3006924 0.0134639 0.2956239 0.0203136 0.3158351 0.3003493 0.3097686 0.2656960 0.2797909 0.3006600 0.2900551 0.3058888 0.2953894 0.3057718 0.3006100 
n297_350   0.2749596 0.2408596 0.3612168 0.2854728 0.2956047 0.3439997 0.3609319 0.0033408 0.2906757 0.0272019 0.1361061 0.0100685 0.1083278 0.2905868 0.1159922 0.2954608 0.0000000 0.0237435 0.1199524 0.1159874 0.0134588 0.2904404 0.1005012 0.3009042 0.0411866 0.1280102 0.1080590 0.2409922 0.2797117 0.1083254 0.0665457 0.1122648 0.0272023 0.1121267 0.1082136 
n287_332   0.2745288 0.2359563 0.3614618 0.2854008 0.2904851 0.3330717 0.3497348 0.0272131 0.2855889 0.0033393 0.1361954 0.0272076 0.1123031 0.2905139 0.1200094 0.2903436 0.0237435 0.0000000 0.1239944 0.1200042 0.0306879 0.2853585 0.1044261 0.2957446 0.0237058 0.1321061 0.1199043 0.2360857 0.2792724 0.1123007 0.0702650 0.1162653 0.0100673 0.1161219 0.1121845 
n290_335   0.2848925 0.2848001 0.4133138 0.3111211 0.3216308 0.3827547 0.4006466 0.1239802 0.3165312 0.1279934 0.1280375 0.1239541 0.0447819 0.3164304 0.0100637 0.3214749 0.1199524 0.1239944 0.0000000 0.0100636 0.1279651 0.3162710 0.0376813 0.3218187 0.1441315 0.1484245 0.1399889 0.2849610 0.2998423 0.0447809 0.1360652 0.0483570 0.1279909 0.0202867 0.0168643 
n287_330   0.2748940 0.2748094 0.4017101 0.3007327 0.3110889 0.3716244 0.3892427 0.1199906 0.3060586 0.1239801 0.1240220 0.1199654 0.0412293 0.3059627 0.0066923 0.3109379 0.1159874 0.1200042 0.0100636 0.0000000 0.1239531 0.3058085 0.0341671 0.3112695 0.1400263 0.1401809 0.1359092 0.2749638 0.2896417 0.0412283 0.1320054 0.0447852 0.1239779 0.0168627 0.0134573 
n275_316   0.2849976 0.2504071 0.3613518 0.2906305 0.3008387 0.3551102 0.3723203 0.0168711 0.2958752 0.0341819 0.1443184 0.0100715 0.1162172 0.2957839 0.1239587 0.3006924 0.0134588 0.0306879 0.1279651 0.1239531 0.0000000 0.2956349 0.1082963 0.3061803 0.0483084 0.1361234 0.1238502 0.2505457 0.2898108 0.1162147 0.0702592 0.1202013 0.0341823 0.1200527 0.1160942 
n292_339   0.2750995 0.2656259 0.4074872 0.0777239 0.0100781 0.4000354 0.4119852 0.2956569 0.0100820 0.2850947 0.3369794 0.2905440 0.2905411 0.0890427 0.3110529 0.0134639 0.2904404 0.2853585 0.3162710 0.3058085 0.2956349 0.0000000 0.2905997 0.0134782 0.3106760 0.2952968 0.3046621 0.2608730 0.2798567 0.2956019 0.2850776 0.3007932 0.2903706 0.3006777 0.2955521 
n298_349   0.2696575 0.2598366 0.3718802 0.2856282 0.2957679 0.3543237 0.3714854 0.1044150 0.2908352 0.1083186 0.1082064 0.1043931 0.0066994 0.2907462 0.0341674 0.2956239 0.1005012 0.1044261 0.0376813 0.0341671 0.1082963 0.2905997 0.0000000 0.3010717 0.1240333 0.1443727 0.1200086 0.2599812 0.2842829 0.0066993 0.1161756 0.0100751 0.1083173 0.0306907 0.0272130 
n300_353   0.2803082 0.2757204 0.4199030 0.0853175 0.0100868 0.4122937 0.4244553 0.3062045 0.0169009 0.2954693 0.3481669 0.3010122 0.3010106 0.0967714 0.3165582 0.0203136 0.3009042 0.2957446 0.3218187 0.3112695 0.3061803 0.0134782 0.3010717 0.0000000 0.3214454 0.3058316 0.3153170 0.2709006 0.2850994 0.3061486 0.2954475 0.3114224 0.3008310 0.3113037 0.3060983 
n296_347   0.2993981 0.2595010 0.3778500 0.3107204 0.3159882 0.3602283 0.3775546 0.0447489 0.3109306 0.0271587 0.1608815 0.0447398 0.1280072 0.3160214 0.1400337 0.3158351 0.0411866 0.0237058 0.1441315 0.1400263 0.0483084 0.3106760 0.1240333 0.3214454 0.0000000 0.1524896 0.1399110 0.2596452 0.3042890 0.1321378 0.0889356 0.1362180 0.0202683 0.1360480 0.1319995 
n200_227   0.3001041 0.2946733 0.4254743 0.2998125 0.3004954 0.3653266 0.3885943 0.1320905 0.2955366 0.1361544 0.1737234 0.1320626 0.1443467 0.2998706 0.1401047 0.3003493 0.1280102 0.1321061 0.1484245 0.1401809 0.1361234 0.2952968 0.1443727 0.3058316 0.1524896 0.0000000 0.1523504 0.2948406 0.3153696 0.1527330 0.1360580 0.1569416 0.1361514 0.1402853 0.1362079 
n200_225   0.3043617 0.2839492 0.3992820 0.2949239 0.3099187 0.3537859 0.3881843 0.1120117 0.3049103 0.1159184 0.1604835 0.1198657 0.1280650 0.3001011 0.1359161 0.3097686 0.1080590 0.1199043 0.1399889 0.1359092 0.1238502 0.3046621 0.1200086 0.3153170 0.1399110 0.1523504 0.0000000 0.2841091 0.3144302 0.1280622 0.1278648 0.1321167 0.1238750 0.1319524 0.1279285 
n286_329   0.1441439 0.0100878 0.3776851 0.2757080 0.2561250 0.3214656 0.3432676 0.2458283 0.2562091 0.2407719 0.3098982 0.2457746 0.2599301 0.2807539 0.2799706 0.2656960 0.2409922 0.2360857 0.2849610 0.2749638 0.2505457 0.2608730 0.2599812 0.2709006 0.2596452 0.2948406 0.2841091 0.0000000 0.1399553 0.2650162 0.2602128 0.2699699 0.2360540 0.2700535 0.2651538 
n266_301   0.0237419 0.1439830 0.4250458 0.3006871 0.2849368 0.3709839 0.3886313 0.2848348 0.2701444 0.2842512 0.3414851 0.2847717 0.2842261 0.3111182 0.2947524 0.2797909 0.2797117 0.2792724 0.2998423 0.2896417 0.2898108 0.2798567 0.2842829 0.2850994 0.3042890 0.3153696 0.3144302 0.1399553 0.0000000 0.2892224 0.3049584 0.2943454 0.2842261 0.2848366 0.2898378 
n294_341   0.2745032 0.2648683 0.3835963 0.2959512 0.3008063 0.3657328 0.3831918 0.1122883 0.2958422 0.1162393 0.1161192 0.1122648 0.0134711 0.3011493 0.0412288 0.3006600 0.1083254 0.1123007 0.0447809 0.0412283 0.1162147 0.2956019 0.0066993 0.3061486 0.1321378 0.1527330 0.1280622 0.2650162 0.2892224 0.0000000 0.1241895 0.0033408 0.1162376 0.0377187 0.0342040 
n236_267   0.3000565 0.2600680 0.3606771 0.2801524 0.2901963 0.3270241 0.3435080 0.0702585 0.2853076 0.0739696 0.1482670 0.0665664 0.1241922 0.2852211 0.1320118 0.2900551 0.0665457 0.0702650 0.1360652 0.1320054 0.0702592 0.2850776 0.1161756 0.2954475 0.0889356 0.1360580 0.1278648 0.2602128 0.3049584 0.1241895 0.0000000 0.1282241 0.0739696 0.1239700 0.1199912 
n293_340   0.2795220 0.2698188 0.3837415 0.3011493 0.3060376 0.3714805 0.3890902 0.1162524 0.3010385 0.1202271 0.1201031 0.1162280 0.0168832 0.3063881 0.0447858 0.3058888 0.1122648 0.1162653 0.0483570 0.0447852 0.1202013 0.3007932 0.0100751 0.3114224 0.1362180 0.1569416 0.1321167 0.2699699 0.2943454 0.0033408 0.1282241 0.0000000 0.1202252 0.0412590 0.0377257 
n295_346   0.2794539 0.2359245 0.3727350 0.2904133 0.2955332 0.3438917 0.3608172 0.0306905 0.2906057 0.0134551 0.1443486 0.0306843 0.1162402 0.2955628 0.1239835 0.2953894 0.0272023 0.0100673 0.1279909 0.1239779 0.0341823 0.2903706 0.1083173 0.3008310 0.0202683 0.1361514 0.1238750 0.2360540 0.2842261 0.1162376 0.0739696 0.1202252 0.0000000 0.1200765 0.1161170 
n295_344   0.2701728 0.2699023 0.3954846 0.2956369 0.3059205 0.3656739 0.3831332 0.1161090 0.3009228 0.1200784 0.1201183 0.1160846 0.0377196 0.3008293 0.0168627 0.3057718 0.1121267 0.1161219 0.0202867 0.0168627 0.1200527 0.3006777 0.0306907 0.3113037 0.1360480 0.1402853 0.1319524 0.2700535 0.2848366 0.0377187 0.1239700 0.0412590 0.1200765 0.0000000 0.0033394 
n296_345   0.2750783 0.2650057 0.3896176 0.2905474 0.3007563 0.3600556 0.3773713 0.1121722 0.2957924 0.1161187 0.1161565 0.1121486 0.0342048 0.2957011 0.0134573 0.3006100 0.1082136 0.1121845 0.0168643 0.0134573 0.1160942 0.2955521 0.0272130 0.3060983 0.1319995 0.1362079 0.1279285 0.2651538 0.2898378 0.0342040 0.1199912 0.0377257 0.1161170 0.0033394 0.0000000 
