26
n277_278   0.0000000 2.3641736 2.2662064 2.1960116 2.6805723 0.5211973 3.0876999 2.6115725 0.0858313 0.5123053 4.0170189 3.2760845 2.4200173 2.8908358 3.5953518 0.5350701 0.5520794 2.4019255 2.6407322 9.0000000 3.0539448 2.3856693 3.0118980 3.4382511 2.9686941 0.5264095 
n286_287   2.3641736 0.0000000 1.7019165 0.0742667 1.9599484 2.0868105 2.7526798 2.0461078 2.0825495 2.2703806 2.0663466 1.9473290 1.8159451 2.0015765 1.8324209 2.3950659 2.5713768 1.7648586 1.8211248 2.5361067 0.9075197 0.8580320 1.9841197 4.2935401 1.9537065 2.2227025 
n296_297   2.2662064 1.7019165 0.0000000 1.7013847 0.1580174 1.9872933 3.0277116 0.2798333 2.1861910 1.8701362 0.6264847 0.2798206 0.1328526 0.2747003 1.0579697 1.9064105 2.0651135 0.0448697 0.1456916 3.4032218 1.8720906 1.7547000 0.2545430 3.9884747 0.2739536 1.8363686 
n285_286   2.1960116 0.0742667 1.7013847 0.0000000 1.8843773 1.9852851 2.5853840 2.0642082 1.9493424 2.1076451 2.2771455 1.9980028 1.7492846 2.0607067 1.9824433 2.1529601 2.3434341 1.7685508 1.7841089 2.7318539 0.8814692 0.8223425 2.0370147 3.0614681 2.0854315 2.0655383 
n289_290   2.6805723 1.9599484 0.1580174 1.8843773 0.0000000 2.1771709 3.0927566 0.3277685 2.4403273 2.4962009 0.6678485 0.3115021 0.0448220 0.3278219 1.1043452 2.5618313 2.5141482 0.1709569 0.0594101 3.4803300 2.1448214 2.1718169 0.2905249 3.9326105 0.3322418 2.4365815 
n274_275   0.5211973 2.0868105 1.9872933 1.9852851 2.1771709 0.0000000 3.1104268 2.4206097 0.4938080 0.1009585 3.2529377 2.9186206 2.0265359 2.2598812 2.8346163 0.1167514 0.1373500 2.1635403 2.1746224 3.5263889 2.0407854 1.9416899 2.6409318 5.0284638 2.2600986 0.1086825 
n255_256   3.0876999 2.7526798 3.0277116 2.5853840 3.0927566 3.1104268 0.0000000 2.4009698 3.1099138 3.5759131 3.1469106 2.6000525 2.9898244 3.1035499 2.4318564 3.1417612 2.5351999 3.1673352 2.6847369 2.8204561 2.3809912 2.0122452 2.4561095 0.2829773 3.1423142 3.4298739 
n275_276   2.6115725 2.0461078 0.2798333 2.0642082 0.3277685 2.4206097 2.4009698 0.0000000 2.6946046 2.4250544 0.6744426 0.1174956 0.2800705 0.1135008 1.1422282 2.3782195 2.2015630 0.2843834 0.3064776 3.8480445 1.9509307 1.7755727 0.0937349 2.5675565 0.1212608 2.4220981 
n278_279   0.0858313 2.0825495 2.1861910 1.9493424 2.4403273 0.4938080 3.1099138 2.6946046 0.0000000 0.4784793 3.5515441 3.1850441 2.2237996 2.6802687 3.7922752 0.4926883 0.5367584 2.2550085 2.4058771 6.9847044 2.5987517 2.2147298 2.8242178 4.7651155 2.7332178 0.4919768 
n299_300   0.5123053 2.2703806 1.8701362 2.1076451 2.4962009 0.1009585 3.5759131 2.4250544 0.4784793 0.0000000 2.8626536 2.7277682 2.3563872 2.1827512 2.9595599 0.0237935 0.1170264 2.0190348 2.5002585 5.6590455 2.4260654 2.2156993 2.6518814 7.3225480 2.3314873 0.0100756 
n236_237   4.0170189 2.0663466 0.6264847 2.2771455 0.6678485 3.2529377 3.1469106 0.6744426 3.5515441 2.8626536 0.0000000 0.6640244 0.6255214 0.7124500 1.2121533 2.8615188 2.8993199 0.5611034 0.6528528 2.4134727 2.1069423 2.2591127 0.6664040 3.0462561 0.7180776 2.7802973 
n293_294   3.2760845 1.9473290 0.2798206 1.9980028 0.3115021 2.9186206 2.6000525 0.1174956 3.1850441 2.7277682 0.6640244 0.0000000 0.2648939 0.1380181 1.1433518 2.6679912 2.4532676 0.2847344 0.3064742 4.4083846 1.7998114 1.7524241 0.0344768 3.3003171 0.1502705 2.7231361 
n290_291   2.4200173 1.8159451 0.1328526 1.7492846 0.0448220 2.0265359 2.9898244 0.2800705 2.2237996 2.3563872 0.6255214 0.2648939 0.0000000 0.2801315 1.0487814 2.4151443 2.2952580 0.1494154 0.0342538 3.3494867 1.8729670 1.9716913 0.2500456 3.7449390 0.2843751 2.3027686 
n297_298   2.8908358 2.0015765 0.2747003 2.0607067 0.3278219 2.2598812 3.1035499 0.1135008 2.6802687 2.1827512 0.7124500 0.1380181 0.2801315 0.0000000 1.2619273 2.1446856 2.0847551 0.3001349 0.3122600 5.6451688 1.9183855 1.7848172 0.1134959 4.1533970 0.0308008 2.1806904 
n200_201   3.5953518 1.8324209 1.0579697 1.9824433 1.1043452 2.8346163 2.4318564 1.1422282 3.7922752 2.9595599 1.2121533 1.1433518 1.0487814 1.2619273 0.0000000 2.5990035 2.9440043 1.0570410 1.0673998 9.0000000 1.9856708 1.9985338 1.0970968 2.7158159 1.2709931 2.8676841 
n292_293   0.5350701 2.3950659 1.9064105 2.1529601 2.5618313 0.1167514 3.1417612 2.3782195 0.4926883 0.0237935 2.8615188 2.6679912 2.4151443 2.1446856 2.5990035 0.0000000 0.1210478 2.0609754 2.5677410 4.5031659 2.2562265 2.0739675 2.5954513 5.5494526 2.2883650 0.0272449 
n280_281   0.5520794 2.5713768 2.0651135 2.3434341 2.5141482 0.1373500 2.5351999 2.2015630 0.5367584 0.1170264 2.8993199 2.4532676 2.2952580 2.0847551 2.9440043 0.1210478 0.0000000 2.1468819 2.4864850 4.5016666 2.6167799 2.0694157 2.5346022 3.8282945 2.1811774 0.1209473 
n295_296   2.4019255 1.7648586 0.0448697 1.7685508 0.1709569 2.1635403 3.1673352 0.2843834 2.2550085 2.0190348 0.5611034 0.2847344 0.1494154 0.3001349 1.0570410 2.0609754 2.1468819 0.0000000 0.1668762 3.4322441 1.9021158 1.8272766 0.2847905 4.9271190 0.3044182 1.9801869 
n287_288   2.6407322 1.8211248 0.1456916 1.7841089 0.0594101 2.1746224 2.6847369 0.3064776 2.4058771 2.5002585 0.6528528 0.3064742 0.0342538 0.3122600 1.0673998 2.5677410 2.4864850 0.1668762 0.0000000 3.8362361 1.9453186 1.9241401 0.2802572 3.5346331 0.3166303 2.4391195 
n244_245   9.0000000 2.5361067 3.4032218 2.7318539 3.4803300 3.5263889 2.8204561 3.8480445 6.9847044 5.6590455 2.4134727 4.4083846 3.3494867 5.6451688 9.0000000 4.5031659 4.5016666 3.4322441 3.8362361 0.0000000 2.6086135 2.6388916 4.2297462 2.2929826 4.7384025 4.9058927 
n265_266   3.0539448 0.9075197 1.8720906 0.8814692 2.1448214 2.0407854 2.3809912 1.9509307 2.5987517 2.4260654 2.1069423 1.7998114 1.8729670 1.9183855 1.9856708 2.2562265 2.6167799 1.9021158 1.9453186 2.6086135 0.0000000 0.2111713 1.8085587 3.1730555 1.9465441 2.3192714 
n266_267   2.3856693 0.8580320 1.7547000 0.8223425 2.1718169 1.9416899 2.0122452 1.7755727 2.2147298 2.2156993 2.2591127 1.7524241 1.9716913 1.7848172 1.9985338 2.0739675 2.0694157 1.8272766 1.9241401 2.6388916 0.2111713 0.0000000 1.7530844 3.0462440 1.8017940 2.1682274 
n294_295   3.0118980 1.9841197 0.2545430 2.0370147 0.2905249 2.6409318 2.4561095 0.0937349 2.8242178 2.6518814 0.6664040 0.0344768 0.2500456 0.1134959 1.0970968 2.5954513 2.5346022 0.2847905 0.2802572 4.2297462 1.8085587 1.7530844 0.0000000 2.9378835 0.1253395 2.6477299 
n251_252   3.4382511 4.2935401 3.9884747 3.0614681 3.9326105 5.0284638 0.2829773 2.5675565 4.7651155 7.3225480 3.0462561 3.3003171 3.7449390 4.1533970 2.7158159 5.5494526 3.8282945 4.9271190 3.5346331 2.2929826 3.1730555 3.0462440 2.9378835 0.0000000 3.6389343 6.1317459 
n298_299   2.9686941 1.9537065 0.2739536 2.0854315 0.3322418 2.2600986 3.1423142 0.1212608 2.7332178 2.3314873 0.7180776 0.1502705 0.2843751 0.0308008 1.2709931 2.2883650 2.1811774 0.3044182 0.3166303 4.7384025 1.9465441 1.8017940 0.1253395 3.6389343 0.0000000 2.3289267 
n300_301   0.5264095 2.2227025 1.8363686 2.0655383 2.4365815 0.1086825 3.4298739 2.4220981 0.4919768 0.0100756 2.7802973 2.7231361 2.3027686 2.1806904 2.8676841 0.0272449 0.1209473 1.9801869 2.4391195 4.9058927 2.3192714 2.1682274 2.6477299 6.1317459 2.3289267 0.0000000 
