26
n277_278   0.0000000 2.0344637 1.6590389 1.9082624 1.6216637 0.6102976 2.1992914 1.5877832 0.1325655 0.6422995 1.8134956 1.6714552 1.6503617 1.6633174 1.7850688 0.6169817 0.6409168 1.6271053 1.5987402 3.1471078 1.9226360 1.8329876 1.5362132 2.9996219 1.6322058 0.6418015 
n286_287   2.0344637 0.0000000 2.3415601 0.0855560 2.5191596 2.1178389 2.2228175 1.9319084 2.3253109 2.1952780 2.2952339 1.8992459 2.5836764 1.8905282 4.1614550 2.0869694 2.4590806 2.9446854 2.4602393 2.7145650 1.0941697 1.0179642 2.0332705 2.4367809 2.0826183 2.0997401 
n296_297   1.6590389 2.3415601 0.0000000 2.5454720 0.1585926 1.7679679 2.9243920 0.3341297 1.5601596 1.7514855 0.7698369 0.3503182 0.1500205 0.3116366 1.2732282 1.7954574 1.7270557 0.0485018 0.1544560 2.6548278 1.6432458 1.7656499 0.3674291 2.5517799 0.3227725 1.6898910 
n285_286   1.9082624 0.0855560 2.5454720 0.0000000 2.6044530 2.1290683 2.4955274 1.8618378 2.1731031 2.2079225 2.3968920 2.0308784 2.7490699 1.9766677 3.0698434 2.0977575 2.4838162 3.1704874 2.5315972 2.7087930 1.1174286 1.0514782 2.0817191 2.5106107 2.1776099 2.1108353 
n289_290   1.6216637 2.5191596 0.1585926 2.6044530 0.0000000 1.8231588 2.7259825 0.3225178 1.4696152 1.6862850 0.7445656 0.3334799 0.0378610 0.2953254 1.3312172 1.6676400 1.6323518 0.1801091 0.0558577 2.4902879 1.7358857 1.8732537 0.3441872 2.5711527 0.3116831 1.6289933 
n274_275   0.6102976 2.1178389 1.7679679 2.1290683 1.8231588 0.0000000 2.4310391 1.5385906 0.5241451 0.1208014 2.3785873 1.5941377 1.8651300 1.5532174 1.9675687 0.1129072 0.1538478 1.7116719 1.7655029 3.1955219 2.3985583 2.0676795 1.5869111 3.3337732 1.5279396 0.1167433 
n255_256   2.1992914 2.2228175 2.9243920 2.4955274 2.7259825 2.4310391 0.0000000 3.4932041 2.1130237 2.3106675 4.2850460 2.6218197 2.6707317 2.3978064 3.4460521 2.4986585 2.5566941 2.9067988 3.4474094 2.5277236 2.4503467 2.3994912 2.5814380 0.3447356 2.3602032 2.2454080 
n275_276   1.5877832 1.9319084 0.3341297 1.8618378 0.3225178 1.5385906 3.4932041 0.0000000 1.6269689 1.5049684 0.7522952 0.1287590 0.2954658 0.1049200 1.2922761 1.5092357 1.5392744 0.3513043 0.2850759 2.4622994 1.8202264 1.7094027 0.1329008 2.9937375 0.1090008 1.4572187 
n278_279   0.1325655 2.3253109 1.5601596 2.1731031 1.4696152 0.5241451 2.1130237 1.6269689 0.0000000 0.5751135 1.8885725 1.8314678 1.4990817 1.6645248 2.0167350 0.5600529 0.5608132 1.4635112 1.4763352 3.4420267 1.6946646 1.6779600 1.6706875 2.8737481 1.6334324 0.5670717 
n299_300   0.6422995 2.1952780 1.7514855 2.2079225 1.6862850 0.1208014 2.3106675 1.5049684 0.5751135 0.0000000 1.9271646 1.6764666 1.7523712 1.5239899 2.0661282 0.0449621 0.1169114 1.6645032 1.6606771 3.2750626 2.4022268 2.2344961 1.6583878 2.7737696 1.5229790 0.0100868 
n236_237   1.8134956 2.2952339 0.7698369 2.3968920 0.7445656 2.3785873 4.2850460 0.7522952 1.8885725 1.9271646 0.0000000 0.7844817 0.7145610 0.7020902 1.2927307 1.9286415 1.9632949 0.8033187 0.7145637 4.2759059 2.8663923 2.5482889 0.7825807 3.8821800 0.7022641 1.9339414 
n293_294   1.6714552 1.8992459 0.3503182 2.0308784 0.3334799 1.5941377 2.6218197 0.1287590 1.8314678 1.6764666 0.7844817 0.0000000 0.3222285 0.1455118 1.3094164 1.7092608 1.8481000 0.3678070 0.3225635 2.9862016 1.8854357 1.7988209 0.0704512 2.6369746 0.1497601 1.6460278 
n290_291   1.6503617 2.5836764 0.1500205 2.7490699 0.0378610 1.8651300 2.6707317 0.2954658 1.4990817 1.7523712 0.7145610 0.3222285 0.0000000 0.2845910 1.3750847 1.7619947 1.7920947 0.1712552 0.0449789 2.6508864 1.8351535 1.9886201 0.3385081 2.4367459 0.2955037 1.6910358 
n297_298   1.6633174 1.8905282 0.3116366 1.9766677 0.2953254 1.5532174 2.3978064 0.1049200 1.6645248 1.5239899 0.7020902 0.1455118 0.2845910 0.0000000 1.3480968 1.5466521 1.5535920 0.3339418 0.2797451 2.0325488 1.6476785 1.6058243 0.1414769 2.2601516 0.0272567 1.4981944 
n200_201   1.7850688 4.1614550 1.2732282 3.0698434 1.3312172 1.9675687 3.4460521 1.2922761 2.0167350 2.0661282 1.2927307 1.3094164 1.3750847 1.3480968 0.0000000 2.1108663 2.1494687 1.3346197 1.3133324 2.8829959 2.4363629 2.4756220 1.3425827 2.6028682 1.3496719 2.0746065 
n292_293   0.6169817 2.0869694 1.7954574 2.0977575 1.6676400 0.1129072 2.4986585 1.5092357 0.5600529 0.0449621 1.9286415 1.7092608 1.7619947 1.5466521 2.1108663 0.0000000 0.1010152 1.7339704 1.7291119 3.1030293 2.4684883 2.1475490 1.6363717 2.9593775 1.5216369 0.0485221 
n280_281   0.6409168 2.4590806 1.7270557 2.4838162 1.6323518 0.1538478 2.5566941 1.5392744 0.5608132 0.1169114 1.9632949 1.8481000 1.7920947 1.5535920 2.1494687 0.1010152 0.0000000 1.7379909 1.6673195 2.6652203 2.1857438 2.1450895 1.7277950 3.3096093 1.5790383 0.1128752 
n295_296   1.6271053 2.9446854 0.0485018 3.1704874 0.1801091 1.7116719 2.9067988 0.3513043 1.4635112 1.6645032 0.8033187 0.3678070 0.1712552 0.3339418 1.3346197 1.7339704 1.7379909 0.0000000 0.1758577 2.6316674 1.6448123 1.7704315 0.3853674 2.8376123 0.3454768 1.6077664 
n287_288   1.5987402 2.4602393 0.1544560 2.5315972 0.0558577 1.7655029 3.4474094 0.2850759 1.4763352 1.6606771 0.7145637 0.3225635 0.0449789 0.2797451 1.3133324 1.7291119 1.6673195 0.1758577 0.0000000 2.5911671 1.8322286 1.8645172 0.3388631 3.1627303 0.2958057 1.6047605 
n244_245   3.1471078 2.7145650 2.6548278 2.7087930 2.4902879 3.1955219 2.5277236 2.4622994 3.4420267 3.2750626 4.2759059 2.9862016 2.6508864 2.0325488 2.8829959 3.1030293 2.6652203 2.6316674 2.5911671 0.0000000 2.4770480 2.3081848 3.0583489 2.3925426 1.9851065 3.2982698 
n265_266   1.9226360 1.0941697 1.6432458 1.1174286 1.7358857 2.3985583 2.4503467 1.8202264 1.6946646 2.4022268 2.8663923 1.8854357 1.8351535 1.6476785 2.4363629 2.4684883 2.1857438 1.6448123 1.8322286 2.4770480 0.0000000 0.1790916 1.9189335 2.6053366 1.6459295 2.3410860 
n266_267   1.8329876 1.0179642 1.7656499 1.0514782 1.8732537 2.0676795 2.3994912 1.7094027 1.6779600 2.2344961 2.5482889 1.7988209 1.9886201 1.6058243 2.4756220 2.1475490 2.1450895 1.7704315 1.8645172 2.3081848 0.1790916 0.0000000 1.9005872 2.6315381 1.6076976 2.1358601 
n294_295   1.5362132 2.0332705 0.3674291 2.0817191 0.3441872 1.5869111 2.5814380 0.1329008 1.6706875 1.6583878 0.7825807 0.0704512 0.3385081 0.1414769 1.3425827 1.6363717 1.7277950 0.3853674 0.3388631 3.0583489 1.9189335 1.9005872 0.0000000 2.5147766 0.1457020 1.6286845 
n251_252   2.9996219 2.4367809 2.5517799 2.5106107 2.5711527 3.3337732 0.3447356 2.9937375 2.8737481 2.7737696 3.8821800 2.6369746 2.4367459 2.2601516 2.6028682 2.9593775 3.3096093 2.8376123 3.1627303 2.3925426 2.6053366 2.6315381 2.5147766 0.0000000 2.3395898 2.6086329 
n298_299   1.6322058 2.0826183 0.3227725 2.1776099 0.3116831 1.5279396 2.3602032 0.1090008 1.6334324 1.5229790 0.7022641 0.1497601 0.2955037 0.0272567 1.3496719 1.5216369 1.5790383 0.3454768 0.2958057 1.9851065 1.6459295 1.6076976 0.1457020 2.3395898 0.0000000 1.4972861 
n300_301   0.6418015 2.0997401 1.6898910 2.1108353 1.6289933 0.1167433 2.2454080 1.4572187 0.5670717 0.0100868 1.9339414 1.6460278 1.6910358 1.4981944 2.0746065 0.0485221 0.1128752 1.6077664 1.6047605 3.2982698 2.3410860 2.1358601 1.6286845 2.6086329 1.4972861 0.0000000 
