21
n295_290   0.0000000 0.2847305 0.2897161 0.2996148 0.2898047 0.0552360 0.3791894 0.0516338 0.3002930 0.0516523 0.0236646 0.1506964 0.0202425 0.3053108 0.0516700 0.4111795 0.0922415 0.3199287 0.0552387 0.3148179 0.4180759 
n300_295   0.2847305 0.0000000 0.0100721 0.0100723 0.0033433 0.2847519 0.3637568 0.2704121 0.2717039 0.2798371 0.2607928 0.2848485 0.2609637 0.2863561 0.2753913 0.4470548 0.2569970 0.0662594 0.2753029 0.0662545 0.4426312 
n274_271   0.2897161 0.0100721 0.0000000 0.0202856 0.0134661 0.2897378 0.3583955 0.2753050 0.2814997 0.2847893 0.2656207 0.2898389 0.2657947 0.2963523 0.2803195 0.4532941 0.2618142 0.0772916 0.2802292 0.0772861 0.4488530 
n280_277   0.2996148 0.0100723 0.0202856 0.0000000 0.0100736 0.2996384 0.3746079 0.2850166 0.2814599 0.2946206 0.2752007 0.2997449 0.2753821 0.2963136 0.2901019 0.4656437 0.2713743 0.0772962 0.2900078 0.0772907 0.4611675 
n292_287   0.2898047 0.0033433 0.0134661 0.0100736 0.0000000 0.2898265 0.3694727 0.2753848 0.2767079 0.2848750 0.2656954 0.2899268 0.2658695 0.2914690 0.2804021 0.4534604 0.2618871 0.0699493 0.2803117 0.0699442 0.4490173 
n297_292   0.0552360 0.2847519 0.2897378 0.2996384 0.2898265 0.0000000 0.3683939 0.0305813 0.2903909 0.0033386 0.0375593 0.1507020 0.0340739 0.2953419 0.0306025 0.4058770 0.0885164 0.3199529 0.0340776 0.3148418 0.4244556 
n244_245   0.3791894 0.3637568 0.3583955 0.3746079 0.3694727 0.3683939 0.0000000 0.3681587 0.4099194 0.3683759 0.3631128 0.3522695 0.3578074 0.4274215 0.3686478 0.3252611 0.3374451 0.3972752 0.3740844 0.3972845 0.3367696 
n275_272   0.0516338 0.2704121 0.2753050 0.2850166 0.2753848 0.0305813 0.3681587 0.0000000 0.2854307 0.0271159 0.0340474 0.1426108 0.0305793 0.2903480 0.0134450 0.4113049 0.0810394 0.3149433 0.0168426 0.3098643 0.4182036 
n265_262   0.3002930 0.2717039 0.2814997 0.2814599 0.2767079 0.2903909 0.4099194 0.2854307 0.0000000 0.2854264 0.2807636 0.3054919 0.2759909 0.0203323 0.2858375 0.4373952 0.2386815 0.3011256 0.2857448 0.2961199 0.4573632 
n298_293   0.0516523 0.2798371 0.2847893 0.2946206 0.2848750 0.0033386 0.3683759 0.0271159 0.2854264 0.0000000 0.0340596 0.1466143 0.0305902 0.2903435 0.0271347 0.4000995 0.0847517 0.3147948 0.0305935 0.3097191 0.4185185 
n290_285   0.0236646 0.2607928 0.2656207 0.2752007 0.2656954 0.0375593 0.3631128 0.0340474 0.2807636 0.0340596 0.0000000 0.1426358 0.0033382 0.2856529 0.0340711 0.3835154 0.0773279 0.2948527 0.0375610 0.2899081 0.3901069 
n200_201   0.1506964 0.2848485 0.2898389 0.2997449 0.2899268 0.1507020 0.3522695 0.1426108 0.3054919 0.1466143 0.1426358 0.0000000 0.1386531 0.3105493 0.1386938 0.3948814 0.1429392 0.3200734 0.1426969 0.3149586 0.4016039 
n287_282   0.0202425 0.2609637 0.2657947 0.2753821 0.2658695 0.0340739 0.3578074 0.0305793 0.2759909 0.0305902 0.0033382 0.1386531 0.0000000 0.2808497 0.0306005 0.3892822 0.0736519 0.2950497 0.0340754 0.2901011 0.3959397 
n266_263   0.3053108 0.2863561 0.2963523 0.2963136 0.2914690 0.2953419 0.4274215 0.2903480 0.0203323 0.2903435 0.2856529 0.3105493 0.2808497 0.0000000 0.2907630 0.4375817 0.2433075 0.3114860 0.2906684 0.3064069 0.4575655 
n294_289   0.0516700 0.2753913 0.2803195 0.2901019 0.2804021 0.0306025 0.3686478 0.0134450 0.2858375 0.0271347 0.0340711 0.1386938 0.0306005 0.2907630 0.0000000 0.4179693 0.0810966 0.3101739 0.0033395 0.3051237 0.4249559 
n251_248   0.4111795 0.4470548 0.4532941 0.4656437 0.4534604 0.4058770 0.3252611 0.4113049 0.4373952 0.4000995 0.3835154 0.3948814 0.3892822 0.4375817 0.4179693 0.0000000 0.3845741 0.4594475 0.4237461 0.4594701 0.0341285 
n236_237   0.0922415 0.2569970 0.2618142 0.2713743 0.2618871 0.0885164 0.3374451 0.0810394 0.2386815 0.0847517 0.0773279 0.1429392 0.0736519 0.2433075 0.0810966 0.3845741 0.0000000 0.2909856 0.0848202 0.2860510 0.3970149 
n277_274   0.3199287 0.0662594 0.0772916 0.0772962 0.0699493 0.3199529 0.3972752 0.3149433 0.3011256 0.3147948 0.2948527 0.3200734 0.2950497 0.3114860 0.3101739 0.4594475 0.2909856 0.0000000 0.3100719 0.0134533 0.4610078 
n293_288   0.0552387 0.2753029 0.2802292 0.2900078 0.2803117 0.0340776 0.3740844 0.0168426 0.2857448 0.0305935 0.0375610 0.1426969 0.0340754 0.2906684 0.0033395 0.4237461 0.0848202 0.3100719 0.0000000 0.3050237 0.4307998 
n278_275   0.3148179 0.0662545 0.0772861 0.0772907 0.0699442 0.3148418 0.3972845 0.3098643 0.2961199 0.3097191 0.2899081 0.3149586 0.2901011 0.3064069 0.3051237 0.4594701 0.2860510 0.0134533 0.3050237 0.0000000 0.4610308 
n255_252   0.4180759 0.4426312 0.4488530 0.4611675 0.4490173 0.4244556 0.3367696 0.4182036 0.4573632 0.4185185 0.3901069 0.4016039 0.3959397 0.4575655 0.4249559 0.0341285 0.3970149 0.4610078 0.4307998 0.4610308 0.0000000 
