23
n298_299   0.0000000 0.2675208 0.1660990 0.2785057 0.0447962 0.3191349 0.2625384 0.0203327 0.0169064 0.0412612 0.0067072 0.2776947 0.0412651 0.4634906 0.0448196 0.1008484 0.4691084 0.2836094 0.0168856 0.3137429 0.0484115 0.4886947 0.2629104 
n280_281   0.2675208 0.0000000 0.2428291 0.1969141 0.2772852 0.2377723 0.0134797 0.2882375 0.2730370 0.2724353 0.2674886 0.0630730 0.2724927 0.3407747 0.2774811 0.2528303 0.3402163 0.2014253 0.2828457 0.2473626 0.2774762 0.3856042 0.0485273 
n200_201   0.1660990 0.2428291 0.0000000 0.2477158 0.1698446 0.2871940 0.2331267 0.1791472 0.1748737 0.1656558 0.1747042 0.2333483 0.1656810 0.4167438 0.1699492 0.1449797 0.4094049 0.2525747 0.1746284 0.2870835 0.1699459 0.4140212 0.2289885 
n286_287   0.2785057 0.1969141 0.2477158 0.0000000 0.2930473 0.1446209 0.1835718 0.2889998 0.2838760 0.2880899 0.2835985 0.1970641 0.2933470 0.3754288 0.2932586 0.2580562 0.3808976 0.0033481 0.2835924 0.1447072 0.2984851 0.3990264 0.1838522 
n287_288   0.0447962 0.2772852 0.1698446 0.2930473 0.0000000 0.3180331 0.2673129 0.0519991 0.0484213 0.0033370 0.0519633 0.2825708 0.0100624 0.4759786 0.0066911 0.1045412 0.4816677 0.2877920 0.0483594 0.3126643 0.0202749 0.5086331 0.2676924 
n266_267   0.3191349 0.2377723 0.2871940 0.1446209 0.3180331 0.0000000 0.2236505 0.3302696 0.3248477 0.3129231 0.3245216 0.2427717 0.3236565 0.4092938 0.3182691 0.2722999 0.4085735 0.1444917 0.3245148 0.0134194 0.3236762 0.4188658 0.2287143 
n292_293   0.2625384 0.0134797 0.2331267 0.1835718 0.2673129 0.2236505 0.0000000 0.2830992 0.2680082 0.2625264 0.2625069 0.0521261 0.2625802 0.3349960 0.2674993 0.2383725 0.3344503 0.1879940 0.2777503 0.2330429 0.2674946 0.3789161 0.0378181 
n293_294   0.0203327 0.2882375 0.1791472 0.2889998 0.0519991 0.3302696 0.2830992 0.0000000 0.0238070 0.0484271 0.0272510 0.2987504 0.0484319 0.4712542 0.0520268 0.1126628 0.4769278 0.2941871 0.0100926 0.3247831 0.0556615 0.5030354 0.2835053 
n275_276   0.0169064 0.2730370 0.1748737 0.2838760 0.0484213 0.3248477 0.2680082 0.0238070 0.0000000 0.0448653 0.0237915 0.2833112 0.0448697 0.4570025 0.0484470 0.1087607 0.4625817 0.2890242 0.0203355 0.3194054 0.0520624 0.4819858 0.2683896 
n289_290   0.0412612 0.2724353 0.1656558 0.2880899 0.0033370 0.3129231 0.2625264 0.0484271 0.0448653 0.0000000 0.0483937 0.2776833 0.0066944 0.4759090 0.0033387 0.1007025 0.4815973 0.2828710 0.0448080 0.3075925 0.0168605 0.5085576 0.2628984 
n297_298   0.0067072 0.2674886 0.1747042 0.2835985 0.0519633 0.3245216 0.2625069 0.0272510 0.0237915 0.0483937 0.0000000 0.2776612 0.0483995 0.4701211 0.0519919 0.1086654 0.4757787 0.2887406 0.0237622 0.3190861 0.0556240 0.4955533 0.2628788 
n278_279   0.2776947 0.0630730 0.2333483 0.1970641 0.2825708 0.2427717 0.0521261 0.2987504 0.2833112 0.2776833 0.2776612 0.0000000 0.2777427 0.3631084 0.2827718 0.2629182 0.3508993 0.2015797 0.2932654 0.2524414 0.2827669 0.4024002 0.0134923 
n295_296   0.0412651 0.2724927 0.1656810 0.2933470 0.0100624 0.3236565 0.2625802 0.0484319 0.0448697 0.0066944 0.0483995 0.2777427 0.0000000 0.4694742 0.0100673 0.1007147 0.4751252 0.2880848 0.0448124 0.3182374 0.0100619 0.5087510 0.2629524 
n251_252   0.4634906 0.3407747 0.4167438 0.3754288 0.4759786 0.4092938 0.3349960 0.4712542 0.4570025 0.4759090 0.4701211 0.3631084 0.4694742 0.0000000 0.4827298 0.4114038 0.0413938 0.3813053 0.4701099 0.4216080 0.4691248 0.3745681 0.3406769 
n290_291   0.0448196 0.2774811 0.1699492 0.2932586 0.0066911 0.3182691 0.2674993 0.0520268 0.0484470 0.0033387 0.0519919 0.2827718 0.0100673 0.4827298 0.0000000 0.1046006 0.4884619 0.2879981 0.0483848 0.3128946 0.0202853 0.5079832 0.2678794 
n236_237   0.1008484 0.2528303 0.1449797 0.2580562 0.1045412 0.2722999 0.2383725 0.1126628 0.1087607 0.1007025 0.1086654 0.2629182 0.1007147 0.4114038 0.1046006 0.0000000 0.4167025 0.2629992 0.1086161 0.2721974 0.1045984 0.4536864 0.2484292 
n255_256   0.4691084 0.3402163 0.4094049 0.3808976 0.4816677 0.4085735 0.3344503 0.4769278 0.4625817 0.4815973 0.4757787 0.3508993 0.4751252 0.0413938 0.4884619 0.4167025 0.0000000 0.3868163 0.4757672 0.4208573 0.4747711 0.3739312 0.3401186 
n285_286   0.2836094 0.2014253 0.2525747 0.0033481 0.2877920 0.1444917 0.1879940 0.2941871 0.2890242 0.2828710 0.2887406 0.2015797 0.2880848 0.3813053 0.2879981 0.2629992 0.3868163 0.0000000 0.2887345 0.1445779 0.2981908 0.4051146 0.1882821 
n294_295   0.0168856 0.2828457 0.1746284 0.2835924 0.0483594 0.3245148 0.2777503 0.0100926 0.0203355 0.0448080 0.0237622 0.2932654 0.0448124 0.4701099 0.0483848 0.1086161 0.4757672 0.2887345 0.0000000 0.3190795 0.0519964 0.4955408 0.2781474 
n265_266   0.3137429 0.2473626 0.2870835 0.1447072 0.3126643 0.0134194 0.2330429 0.3247831 0.3194054 0.3075925 0.3190861 0.2524414 0.3182374 0.4216080 0.3128946 0.2721974 0.4208573 0.1445779 0.3190795 0.0000000 0.3182565 0.4186706 0.2381906 
n296_297   0.0484115 0.2774762 0.1699459 0.2984851 0.0202749 0.3236762 0.2674946 0.0556615 0.0520624 0.0168605 0.0556240 0.2827669 0.0100619 0.4691248 0.0202853 0.1045984 0.4747711 0.2981908 0.0519964 0.3182565 0.0000000 0.5083644 0.2678747 
n244_245   0.4886947 0.3856042 0.4140212 0.3990264 0.5086331 0.4188658 0.3789161 0.5030354 0.4819858 0.5085576 0.4955533 0.4024002 0.5087510 0.3745681 0.5079832 0.4536864 0.3739312 0.4051146 0.4955408 0.4186706 0.5083644 0.0000000 0.4093046 
n277_278   0.2629104 0.0485273 0.2289885 0.1838522 0.2676924 0.2287143 0.0378181 0.2835053 0.2683896 0.2628984 0.2628788 0.0134923 0.2629524 0.3406769 0.2678794 0.2484292 0.3401186 0.1882821 0.2781474 0.2381906 0.2678747 0.4093046 0.0000000 
