24
n289_290   0.0000000 0.0627198 0.0202616 0.2784121 0.2546453 0.0555084 0.0033337 0.2546454 0.4022258 0.0590937 0.2687648 0.0237028 0.2547219 0.3748035 0.2696111 0.1522939 0.2598054 0.0519073 0.0811904 0.2546758 0.2550712 0.0554659 0.4087268 0.2503045 
n294_295   0.0627198 0.0000000 0.0701037 0.3142784 0.3049150 0.0307081 0.0590812 0.2997674 0.4335083 0.0033408 0.3041542 0.0701472 0.2998514 0.4110507 0.3101065 0.1650718 0.3049156 0.0272289 0.1080917 0.2997953 0.2999831 0.0272022 0.4403519 0.2949075 
n295_296   0.0202616 0.0701037 0.0000000 0.2838364 0.2696960 0.0628166 0.0168427 0.2696986 0.4089160 0.0664379 0.2741079 0.0033382 0.2697780 0.3698793 0.2700685 0.1607628 0.2602442 0.0591752 0.0887852 0.2697286 0.2603102 0.0627672 0.4274605 0.2555029 
n266_267   0.2784121 0.3142784 0.2838364 0.0000000 0.2353396 0.3094455 0.2734884 0.2306765 0.4141628 0.3091610 0.0134558 0.2889116 0.2307480 0.3925368 0.2353205 0.2883535 0.2400889 0.3043010 0.2784864 0.2307069 0.1437078 0.3039607 0.4270570 0.1396400 
n299_300   0.2546453 0.3049150 0.2696960 0.2353396 0.0000000 0.2897971 0.2545334 0.0100875 0.4141746 0.2998514 0.2356297 0.2746781 0.0033480 0.4094765 0.0412877 0.2746922 0.0412778 0.2847816 0.2694378 0.0100897 0.2133102 0.2947078 0.4146872 0.2043857 
n298_299   0.0555084 0.0307081 0.0628166 0.3094455 0.2897971 0.0000000 0.0519047 0.2847520 0.4333279 0.0272332 0.2993775 0.0628555 0.2848339 0.3868290 0.2895755 0.1651932 0.2845372 0.0033439 0.1004220 0.2847811 0.2900856 0.0237662 0.4401665 0.2850755 
n290_291   0.0033337 0.0590812 0.0168427 0.2734884 0.2545334 0.0519047 0.0000000 0.2545334 0.3963994 0.0554734 0.2639033 0.0202659 0.2546099 0.3691735 0.2694914 0.1481540 0.2596908 0.0483221 0.0774542 0.2545638 0.2502883 0.0518650 0.4028418 0.2455528 
n274_275   0.2546454 0.2997674 0.2696986 0.2306765 0.0100875 0.2847520 0.2545334 0.0000000 0.4258479 0.2947382 0.2309595 0.2746816 0.0067099 0.4035694 0.0377452 0.2697511 0.0377362 0.2797708 0.2645376 0.0067089 0.2132225 0.2896308 0.4263818 0.2043015 
n251_252   0.4022258 0.4335083 0.4089160 0.4141628 0.4141746 0.4333279 0.3963994 0.4258479 0.0000000 0.4274904 0.3966175 0.4094191 0.4201342 0.3049339 0.4388049 0.4339165 0.4448520 0.4272289 0.3916280 0.4258482 0.4088931 0.4267120 0.0376646 0.4030144 
n293_294   0.0590937 0.0033408 0.0664379 0.3091610 0.2998514 0.0272332 0.0554734 0.2947382 0.4274904 0.0000000 0.2991035 0.0664791 0.2948215 0.4051955 0.3050058 0.1608856 0.2998521 0.0237706 0.1042252 0.2947666 0.2949481 0.0237473 0.4342705 0.2899069 
n265_266   0.2687648 0.3041542 0.2741079 0.0134558 0.2356297 0.2993775 0.2639033 0.2309595 0.3966175 0.2991035 0.0000000 0.2791161 0.2310311 0.3812808 0.2356106 0.2785805 0.2403864 0.2943011 0.2688385 0.2309900 0.1396670 0.2939734 0.4091746 0.1356211 
n296_297   0.0237028 0.0701472 0.0033382 0.2889116 0.2746781 0.0628555 0.0202659 0.2746816 0.4094191 0.0664791 0.2791161 0.0000000 0.2747618 0.3703246 0.2750601 0.1650189 0.2651643 0.0592118 0.0926060 0.2747113 0.2652335 0.0628069 0.4279930 0.2603927 
n300_301   0.2547219 0.2998514 0.2697780 0.2307480 0.0033480 0.2848339 0.2546099 0.0067099 0.4201342 0.2948215 0.2310311 0.2747618 0.0000000 0.4036580 0.0377589 0.2698306 0.0377499 0.2798519 0.2646161 0.0067114 0.2088383 0.2897134 0.4206576 0.1999665 
n244_245   0.3748035 0.4110507 0.3698793 0.3925368 0.4094765 0.3868290 0.3691735 0.4035694 0.3049339 0.4051955 0.3812808 0.3703246 0.4036580 0.0000000 0.4094803 0.3693074 0.4092540 0.3867523 0.3473095 0.4035771 0.4048840 0.4044679 0.3103432 0.3990185 
n278_279   0.2696111 0.3101065 0.2700685 0.2353205 0.0412877 0.2895755 0.2694914 0.0377452 0.4388049 0.3050058 0.2356106 0.2750601 0.0377589 0.4094803 0.0000000 0.2898111 0.0203487 0.2845641 0.2844249 0.0377530 0.2177689 0.2998235 0.4393643 0.2087927 
n200_201   0.1522939 0.1650718 0.1607628 0.2883535 0.2746922 0.1651932 0.1481540 0.2697511 0.4339165 0.1608856 0.2785805 0.1650189 0.2698306 0.3693074 0.2898111 0.0000000 0.2896876 0.1609761 0.1522855 0.2697811 0.2845693 0.1608058 0.4407710 0.2796029 
n277_278   0.2598054 0.3049156 0.2602442 0.2400889 0.0412778 0.2845372 0.2596908 0.0377362 0.4448520 0.2998521 0.2403864 0.2651643 0.0377499 0.4092540 0.0203487 0.2896876 0.0000000 0.2795618 0.2744134 0.0377440 0.2224317 0.2947086 0.4454228 0.2133959 
n297_298   0.0519073 0.0272289 0.0591752 0.3043010 0.2847816 0.0033439 0.0483221 0.2797708 0.4272289 0.0237706 0.2943011 0.0592118 0.2798519 0.3867523 0.2845641 0.1609761 0.2795618 0.0000000 0.0965773 0.2798003 0.2850620 0.0203212 0.4340025 0.2800865 
n236_237   0.0811904 0.1080917 0.0887852 0.2784864 0.2694378 0.1004220 0.0774542 0.2645376 0.3916280 0.1042252 0.2688385 0.0926060 0.2646161 0.3473095 0.2844249 0.1522855 0.2744134 0.0965773 0.0000000 0.2645678 0.2742845 0.1003429 0.3980327 0.2693940 
n280_281   0.2546758 0.2997953 0.2697286 0.2307069 0.0100897 0.2847811 0.2545638 0.0067089 0.4258482 0.2947666 0.2309900 0.2747113 0.0067114 0.4035771 0.0377530 0.2697811 0.0377440 0.2798003 0.2645678 0.0000000 0.2132526 0.2847319 0.4263819 0.2043312 
n285_286   0.2550712 0.2999831 0.2603102 0.1437078 0.2133102 0.2900856 0.2502883 0.2132225 0.4088931 0.2949481 0.1396670 0.2652335 0.2088383 0.4048840 0.2177689 0.2845693 0.2224317 0.2850620 0.2742845 0.2132526 0.0000000 0.2898349 0.4033234 0.0100673 
n275_276   0.0554659 0.0272022 0.0627672 0.3039607 0.2947078 0.0237662 0.0518650 0.2896308 0.4267120 0.0237473 0.2939734 0.0628069 0.2897134 0.4044679 0.2998235 0.1608058 0.2947086 0.0203212 0.1003429 0.2847319 0.2898349 0.0000000 0.4334748 0.2848297 
n255_256   0.4087268 0.4403519 0.4274605 0.4270570 0.4146872 0.4401665 0.4028418 0.4263818 0.0376646 0.4342705 0.4091746 0.4279930 0.4206576 0.3103432 0.4393643 0.4407710 0.4454228 0.4340025 0.3980327 0.4263819 0.4033234 0.4334748 0.0000000 0.4035079 
n286_287   0.2503045 0.2949075 0.2555029 0.1396400 0.2043857 0.2850755 0.2455528 0.2043015 0.4030144 0.2899069 0.1356211 0.2603927 0.1999665 0.3990185 0.2087927 0.2796029 0.2133959 0.2800865 0.2693940 0.2043312 0.0100673 0.2848297 0.4035079 0.0000000 
