24
n289_290   0.0000000 0.0378233 0.0238778 0.2822447 0.2698336 0.0343821 0.0067420 0.2745097 0.3865751 0.2756384 0.0204325 0.2701524 0.3640269 0.2756990 0.0067409 0.1404375 0.2712963 0.1245482 0.2796820 0.2456051 0.0308455 0.3819272 0.2750308 0.2601690 
n294_295   0.0378233 0.0000000 0.0342586 0.2660057 0.2737937 0.0169224 0.0378233 0.2733418 0.3908797 0.2596431 0.0307804 0.2741170 0.3623173 0.2745211 0.0378168 0.1357076 0.2747124 0.1199817 0.2889511 0.2350390 0.0134958 0.3857901 0.2790080 0.2493200 
n295_296   0.0238778 0.0342586 0.0000000 0.2716459 0.2696962 0.0308311 0.0238778 0.2692508 0.3694742 0.2651948 0.0033582 0.2700146 0.3575804 0.2704123 0.0238738 0.1320330 0.2706011 0.1124338 0.2795370 0.2356715 0.0273187 0.3648954 0.2748893 0.2499981 
n266_267   0.2822447 0.2660057 0.2716459 0.0000000 0.2657275 0.2716210 0.2822447 0.2755898 0.4354386 0.0307188 0.2669669 0.2660415 0.3872088 0.2707957 0.2821807 0.2762854 0.2660828 0.2916272 0.2813418 0.1562314 0.2664907 0.4371430 0.2709025 0.1689721 
n299_300   0.2698336 0.2737937 0.2696962 0.2657275 0.0000000 0.2696714 0.2698336 0.0167770 0.4050622 0.2546506 0.2650565 0.0033214 0.3289564 0.0625455 0.2697734 0.2639807 0.0625879 0.2944796 0.0167785 0.2164114 0.2645867 0.4115627 0.0066575 0.2302901 
n298_299   0.0343821 0.0169224 0.0308311 0.2716210 0.2696714 0.0000000 0.0343821 0.2692261 0.3811119 0.2651700 0.0273592 0.2699898 0.3578813 0.2703875 0.0343762 0.1320149 0.2705763 0.1163266 0.2847748 0.2403104 0.0101212 0.3760578 0.2748646 0.2547329 
n290_291   0.0067420 0.0378233 0.0238778 0.2822447 0.2698336 0.0343821 0.0000000 0.2745097 0.3922771 0.2756384 0.0204325 0.2701524 0.3691435 0.2756990 0.0067409 0.1323646 0.2758918 0.1245482 0.2796820 0.2456051 0.0308455 0.3876069 0.2750308 0.2601690 
n274_275   0.2745097 0.2733418 0.2692508 0.2755898 0.0167770 0.2692261 0.2745097 0.0000000 0.4106704 0.2643171 0.2646194 0.0134016 0.3228508 0.0661885 0.2744482 0.2635470 0.0662334 0.2939880 0.0270836 0.2255352 0.2641511 0.4172255 0.0167898 0.2396020 
n251_252   0.3865751 0.3908797 0.3694742 0.4354386 0.4050622 0.3811119 0.3922771 0.4106704 0.0000000 0.4266356 0.3697182 0.4055790 0.2863798 0.4053339 0.3921853 0.4093868 0.3930682 0.4128020 0.4119559 0.3689162 0.3690725 0.0591785 0.4114611 0.3741454 
n265_266   0.2756384 0.2596431 0.2651948 0.0307188 0.2546506 0.2651700 0.2756384 0.2643171 0.4266356 0.0000000 0.2605739 0.2549484 0.3967170 0.2643749 0.2755765 0.2697795 0.2597207 0.2802259 0.2699320 0.1555510 0.2601121 0.4282858 0.2597150 0.1682299 
n296_297   0.0204325 0.0307804 0.0033582 0.2669669 0.2650565 0.0273592 0.0204325 0.2646194 0.3697182 0.2605739 0.0000000 0.2653688 0.3578139 0.2657585 0.0204291 0.1281176 0.2659442 0.1124946 0.2748409 0.2312296 0.0238638 0.3651360 0.2702156 0.2454735 
n300_301   0.2701524 0.2741170 0.2700146 0.2660415 0.0033214 0.2699898 0.2701524 0.0134016 0.4055790 0.2549484 0.2653688 0.0000000 0.3293558 0.0589771 0.2700920 0.2642906 0.0590170 0.2948320 0.0134028 0.2166584 0.2648980 0.4120904 0.0033239 0.2305551 
n244_245   0.3640269 0.3623173 0.3575804 0.3872088 0.3289564 0.3578813 0.3691435 0.3228508 0.2863798 0.3967170 0.3578139 0.3293558 0.0000000 0.3352233 0.3690574 0.3458566 0.3193375 0.3734817 0.3399703 0.3238291 0.3520774 0.2970109 0.3346197 0.3287679 
n278_279   0.2756990 0.2745211 0.2704123 0.2707957 0.0625455 0.2703875 0.2756990 0.0661885 0.4053339 0.2643749 0.2657585 0.0589771 0.3352233 0.0000000 0.2756370 0.2647245 0.0134472 0.3054949 0.0736541 0.2210863 0.2652864 0.4118394 0.0625955 0.2306758 
n287_288   0.0067409 0.0378168 0.0238738 0.2821807 0.2697734 0.0343762 0.0067409 0.2744482 0.3921853 0.2755765 0.0204291 0.2700920 0.3690574 0.2756370 0.0000000 0.1404096 0.2758298 0.1245239 0.2796192 0.2455512 0.0308403 0.3875160 0.2749692 0.2601113 
n200_201   0.1404375 0.1357076 0.1320330 0.2762854 0.2639807 0.1320149 0.1323646 0.2635470 0.4093868 0.2697795 0.1281176 0.2642906 0.3458566 0.2647245 0.1404096 0.0000000 0.2649088 0.1607825 0.2841367 0.2215050 0.1279004 0.3997021 0.2691148 0.2355196 
n277_278   0.2712963 0.2747124 0.2706011 0.2660828 0.0625879 0.2705763 0.2758918 0.0662334 0.3930682 0.2597207 0.2659442 0.0590170 0.3193375 0.0134472 0.2758298 0.2649088 0.0000000 0.3057087 0.0699436 0.2212391 0.2654715 0.3994425 0.0626379 0.2308356 
n236_237   0.1245482 0.1199817 0.1124338 0.2916272 0.2944796 0.1163266 0.1245482 0.2939880 0.4128020 0.2802259 0.1124946 0.2948320 0.3734817 0.3054949 0.1245239 0.1607825 0.3057087 0.0000000 0.3107563 0.2500591 0.1123045 0.4080769 0.2998753 0.2646997 
n280_281   0.2796820 0.2889511 0.2795370 0.2813418 0.0167785 0.2847748 0.2796820 0.0270836 0.4119559 0.2699320 0.2748409 0.0134028 0.3399703 0.0736541 0.2796192 0.2841367 0.0699436 0.3107563 0.0000000 0.2307715 0.2795697 0.4185365 0.0167912 0.2449758 
n285_286   0.2456051 0.2350390 0.2356715 0.1562314 0.2164114 0.2403104 0.2456051 0.2255352 0.3689162 0.1555510 0.2312296 0.2166584 0.3238291 0.2210863 0.2455512 0.2215050 0.2212391 0.2500591 0.2307715 0.0000000 0.2310981 0.3758929 0.2211643 0.0100722 
n275_276   0.0308455 0.0134958 0.0273187 0.2664907 0.2645867 0.0101212 0.0308455 0.2641511 0.3690725 0.2601121 0.0238638 0.2648980 0.3520774 0.2652864 0.0308403 0.1279004 0.2654715 0.1123045 0.2795697 0.2310981 0.0000000 0.3640889 0.2697355 0.2453328 
n255_256   0.3819272 0.3857901 0.3648954 0.4371430 0.4115627 0.3760578 0.3876069 0.4172255 0.0591785 0.4282858 0.3651360 0.4120904 0.2970109 0.4118394 0.3875160 0.3997021 0.3994425 0.4080769 0.4185365 0.3758929 0.3640889 0.0000000 0.4180327 0.3755599 
n292_293   0.2750308 0.2790080 0.2748893 0.2709025 0.0066575 0.2748646 0.2750308 0.0167898 0.4114611 0.2597150 0.2702156 0.0033239 0.3346197 0.0625955 0.2749692 0.2691148 0.0626379 0.2998753 0.0167912 0.2211643 0.2697355 0.4180327 0.0000000 0.2351513 
n286_287   0.2601690 0.2493200 0.2499981 0.1689721 0.2302901 0.2547329 0.2601690 0.2396020 0.3741454 0.1682299 0.2454735 0.2305551 0.3287679 0.2306758 0.2601113 0.2355196 0.2308356 0.2646997 0.2449758 0.0100722 0.2453328 0.3755599 0.2351513 0.0000000 
