23
n292_295   0.0000000 0.0033222 0.2884198 0.3385945 0.0033208 0.2713969 0.2647528 0.2772475 0.4129828 0.2831658 0.0066609 0.2717662 0.2937006 0.0630676 0.0520397 0.3041499 0.2702327 0.2755461 0.3887629 0.3951523 0.3045300 0.2717808 0.2709180 
n300_303   0.0033222 0.0000000 0.2882849 0.3447765 0.0066654 0.2712718 0.2701740 0.2771190 0.4199613 0.2830338 0.0100273 0.2716408 0.2935627 0.0668264 0.0557188 0.3040063 0.2757083 0.2810750 0.3954829 0.4019475 0.3043859 0.2716554 0.2764126 
n293_296   0.2884198 0.2882849 0.0000000 0.1980781 0.2939646 0.0452333 0.2793363 0.0239115 0.3981970 0.0309424 0.2888363 0.0488677 0.0033491 0.2887240 0.2724546 0.0598552 0.2798517 0.2855947 0.3807969 0.3742557 0.1106744 0.0204210 0.2808505 
n200_201   0.3385945 0.3447765 0.1980781 0.0000000 0.3387728 0.1934615 0.3346607 0.1841171 0.4443031 0.1934818 0.3447055 0.1981550 0.1933018 0.3634722 0.3393117 0.2123525 0.3408849 0.3297588 0.4397093 0.4250416 0.1982443 0.1794323 0.3301205 
n280_283   0.0033208 0.0066654 0.2939646 0.3387728 0.0000000 0.2767742 0.2700477 0.2826851 0.4197454 0.2886661 0.0100232 0.2771518 0.2992920 0.0667984 0.0556955 0.3098275 0.2755789 0.2809426 0.3952823 0.4017427 0.3102188 0.2771679 0.2762825 
n289_292   0.2713969 0.2712718 0.0452333 0.1934615 0.2767742 0.0000000 0.2791113 0.0274129 0.3980197 0.0344888 0.2717817 0.0033442 0.0416060 0.2774142 0.2666236 0.0238552 0.2796258 0.2744180 0.3870611 0.3740985 0.1025311 0.0238988 0.2697432 
n286_289   0.2647528 0.2701740 0.2793363 0.3346607 0.2700477 0.2791113 0.0000000 0.2631761 0.3396249 0.2739179 0.2651243 0.2792230 0.2738435 0.2708314 0.2603740 0.2788596 0.0134928 0.1022450 0.3904871 0.3296915 0.2953912 0.2578086 0.0984949 
n298_301   0.2772475 0.2771190 0.0239115 0.1841171 0.2826851 0.0274129 0.2631761 0.0000000 0.3850750 0.0135459 0.2776433 0.0309354 0.0204248 0.2775353 0.2615738 0.0452273 0.2636575 0.2638371 0.3742294 0.3615856 0.0907113 0.0033533 0.2592228 
n251_254   0.4129828 0.4199613 0.3981970 0.4443031 0.4197454 0.3980197 0.3396249 0.3850750 0.0000000 0.3854163 0.4198667 0.4045441 0.3979797 0.4139643 0.3945072 0.4181482 0.3458865 0.3468406 0.3484015 0.0380209 0.3931531 0.3785323 0.3481124 
n275_278   0.2831658 0.2830338 0.0309424 0.1934818 0.2886661 0.0344888 0.2739179 0.0135459 0.3854163 0.0000000 0.2835730 0.0380569 0.0274084 0.2834626 0.2673209 0.0525325 0.2744219 0.2746090 0.3745568 0.3680595 0.0986606 0.0101230 0.2699300 
n274_277   0.0066609 0.0100273 0.2888363 0.3447055 0.0100232 0.2717817 0.2651243 0.2776433 0.4198667 0.2835730 0.0000000 0.2721521 0.2941266 0.0705351 0.0593600 0.2991150 0.2706140 0.2759370 0.3893771 0.3957806 0.3049759 0.2721668 0.2713014 
n287_290   0.2717662 0.2716408 0.0488677 0.1981550 0.2771518 0.0033442 0.2792230 0.0309354 0.4045441 0.0380569 0.2721521 0.0000000 0.0452159 0.2777934 0.2669862 0.0273485 0.2797379 0.2797915 0.3934920 0.3804037 0.1065539 0.0273975 0.2750859 
n294_297   0.2937006 0.2935627 0.0033491 0.1933018 0.2992920 0.0416060 0.2738435 0.0204248 0.3979797 0.0274084 0.2941266 0.0452159 0.0000000 0.2940125 0.2776094 0.0561316 0.2743473 0.2800346 0.3805902 0.3740531 0.1065774 0.0169583 0.2753243 
n278_281   0.0630676 0.0668264 0.2887240 0.3634722 0.0667984 0.2774142 0.2708314 0.2775353 0.4139643 0.2834626 0.0705351 0.2777934 0.2940125 0.0000000 0.0237316 0.2989992 0.2763842 0.2813752 0.3879939 0.4094134 0.3048578 0.2720608 0.2767072 
n277_280   0.0520397 0.0557188 0.2724546 0.3393117 0.0556955 0.2666236 0.2603740 0.2615738 0.3945072 0.2673209 0.0593600 0.2669862 0.2776094 0.0237316 0.0000000 0.2878262 0.2658267 0.2763030 0.3635176 0.3900336 0.2881753 0.2562447 0.2716614 
n296_299   0.3041499 0.3040063 0.0598552 0.2123525 0.3098275 0.0238552 0.2788596 0.0452273 0.4181482 0.0525325 0.2991150 0.0273485 0.0561316 0.2989992 0.2878262 0.0000000 0.2793732 0.3016184 0.4129223 0.3935371 0.1228638 0.0415933 0.2967878 
n285_288   0.2702327 0.2757083 0.2798517 0.3408849 0.2755789 0.2796258 0.0134928 0.2636575 0.3458865 0.2744219 0.2706140 0.2797379 0.2743473 0.2763842 0.2658267 0.2793732 0.0000000 0.1103690 0.3908454 0.3358732 0.3012259 0.2582788 0.1065813 
n266_269   0.2755461 0.2810750 0.2855947 0.3297588 0.2809426 0.2744180 0.1022450 0.2638371 0.3468406 0.2746090 0.2759370 0.2797915 0.2800346 0.2813752 0.2763030 0.3016184 0.1103690 0.0000000 0.3919894 0.3482576 0.2903754 0.2584547 0.0169454 
n244_245   0.3887629 0.3954829 0.3807969 0.4397093 0.3952823 0.3870611 0.3904871 0.3742294 0.3484015 0.3745568 0.3893771 0.3934920 0.3805902 0.3879939 0.3635176 0.4129223 0.3908454 0.3919894 0.0000000 0.3319659 0.4065295 0.3677823 0.3865885 
n255_258   0.3951523 0.4019475 0.3742557 0.4250416 0.4017427 0.3740985 0.3296915 0.3615856 0.0380209 0.3680595 0.3957806 0.3804037 0.3740531 0.4094134 0.3900336 0.3935371 0.3358732 0.3482576 0.3319659 0.0000000 0.3693160 0.3552629 0.3495389 
n236_237   0.3045300 0.3043859 0.1106744 0.1982443 0.3102188 0.1025311 0.2953912 0.0907113 0.3931531 0.0986606 0.3049759 0.1065539 0.1065774 0.3048578 0.2881753 0.1228638 0.3012259 0.2903754 0.4065295 0.3693160 0.0000000 0.0867444 0.2856123 
n297_300   0.2717808 0.2716554 0.0204210 0.1794323 0.2771679 0.0238988 0.2578086 0.0033533 0.3785323 0.0101230 0.2721668 0.0273975 0.0169583 0.2720608 0.2562447 0.0415933 0.2582788 0.2584547 0.3677823 0.3552629 0.0867444 0.0000000 0.2538721 
n265_268   0.2709180 0.2764126 0.2808505 0.3301205 0.2762825 0.2697432 0.0984949 0.2592228 0.3481124 0.2699300 0.2713014 0.2750859 0.2753243 0.2767072 0.2716614 0.2967878 0.1065813 0.0169454 0.3865885 0.3495389 0.2856123 0.2538721 0.0000000 
