24
n289_290   0.0000000 0.0522285 0.0238020 0.3163762 0.3118160 0.0378439 0.2959927 0.4767186 0.0450005 0.3226666 0.0237971 0.2908094 0.3785961 0.2863171 0.0100888 0.1586990 0.2758155 0.0817279 0.2907854 0.2795833 0.0413984 0.4710607 0.2960577 0.2845970 
n294_295   0.0522285 0.0000000 0.0486009 0.3164424 0.3173696 0.0134826 0.3014104 0.4774506 0.0067064 0.3173182 0.0485906 0.2961820 0.3791960 0.2863596 0.0559088 0.1718520 0.2758542 0.0932715 0.2961582 0.2902538 0.0168985 0.4717786 0.3014761 0.2953505 
n295_296   0.0238020 0.0486009 0.0000000 0.3109588 0.3064247 0.0343022 0.2907218 0.4768932 0.0414157 0.3171891 0.0067073 0.2855787 0.3843759 0.2811081 0.0272957 0.1588081 0.2706875 0.0779350 0.2855546 0.2848751 0.0378364 0.4712312 0.2907861 0.2899297 
n266_267   0.3163762 0.3164424 0.3109588 0.0000000 0.3001333 0.2948116 0.2846020 0.4969275 0.3055782 0.0341720 0.3108840 0.2795158 0.3900441 0.2800157 0.3275663 0.3556805 0.2803061 0.3099695 0.2794917 0.1408086 0.3000773 0.5047885 0.2846653 0.1449031 
n299_300   0.3118160 0.3173696 0.3064247 0.3001333 0.0000000 0.2956732 0.0272444 0.4629705 0.3064720 0.3057671 0.3063510 0.0134793 0.3495499 0.1049763 0.3121488 0.3344350 0.0894020 0.2847989 0.0203189 0.3004717 0.3009549 0.4637868 0.0100850 0.3056380 
n298_299   0.0378439 0.0134826 0.0343022 0.2948116 0.2956732 0.0000000 0.2802155 0.4633384 0.0067038 0.2956182 0.0342950 0.2751541 0.3609710 0.2707287 0.0414288 0.1588197 0.2604760 0.0779393 0.2751299 0.2694401 0.0033408 0.4577733 0.2802782 0.2743830 
n274_275   0.2959927 0.3014104 0.2907218 0.2846020 0.0272444 0.2802155 0.0000000 0.4637548 0.2907665 0.2955579 0.2906525 0.0134844 0.3544069 0.0895248 0.3015578 0.3236697 0.0743052 0.2596786 0.0134823 0.2849216 0.2853786 0.4645733 0.0168999 0.2899770 
n251_252   0.4767186 0.4774506 0.4768932 0.4969275 0.4629705 0.4633384 0.4637548 0.0000000 0.4707915 0.4905100 0.4703041 0.4701664 0.4035661 0.4775507 0.4767699 0.5256206 0.4567479 0.4618794 0.4701642 0.4773884 0.4701295 0.0413658 0.4697768 0.4840625 
n293_294   0.0450005 0.0067064 0.0414157 0.3055782 0.3064720 0.0067038 0.2907665 0.4707915 0.0000000 0.3064187 0.0414069 0.2856225 0.3672587 0.2759333 0.0486332 0.1675560 0.2655960 0.0855712 0.2855984 0.2798018 0.0100825 0.4651671 0.2908308 0.2848208 
n265_266   0.3226666 0.3173182 0.3171891 0.0341720 0.3057671 0.2956182 0.2955579 0.4905100 0.3064187 0.0000000 0.3171125 0.2903803 0.3848218 0.2910515 0.3339857 0.3738423 0.2859274 0.3161696 0.2903563 0.1409528 0.3009007 0.4983011 0.2901631 0.1450516 
n296_297   0.0237971 0.0485906 0.0067073 0.3108840 0.3063510 0.0342950 0.2906525 0.4703041 0.0414069 0.3171125 0.0000000 0.2855098 0.3842802 0.2810412 0.0272901 0.1587726 0.2706235 0.0779183 0.2854857 0.2848074 0.0378284 0.4781328 0.2907167 0.2898607 
n300_301   0.2908094 0.2961820 0.2855787 0.2795158 0.0134793 0.2751541 0.0134844 0.4701664 0.2856225 0.2903803 0.2855098 0.0000000 0.3495211 0.0894894 0.2963272 0.3126936 0.0742767 0.2646368 0.0067050 0.2798295 0.2802778 0.4709923 0.0033450 0.2848480 
n244_245   0.3785961 0.3791960 0.3843759 0.3900441 0.3495499 0.3609710 0.3544069 0.4035661 0.3672587 0.3848218 0.3842802 0.3495211 0.0000000 0.3605605 0.3968583 0.4407589 0.3436964 0.3489549 0.3547773 0.4018600 0.3667812 0.4036408 0.3440101 0.4078124 
n278_279   0.2863171 0.2863596 0.2811081 0.2800157 0.1049763 0.2707287 0.0895248 0.4775507 0.2759333 0.2910515 0.2810412 0.0894894 0.3605605 0.0000000 0.2918081 0.3187405 0.0203432 0.2501227 0.0894770 0.2650425 0.2758318 0.4716146 0.0933400 0.2699646 
n287_288   0.0100888 0.0559088 0.0272957 0.3275663 0.3121488 0.0414288 0.3015578 0.4767699 0.0486332 0.3339857 0.0272901 0.2963272 0.3968583 0.2918081 0.0000000 0.1631288 0.2812104 0.0855938 0.2963033 0.2795870 0.0450060 0.4711099 0.3016236 0.2846013 
n200_201   0.1586990 0.1718520 0.1588081 0.3556805 0.3344350 0.1588197 0.3236697 0.5256206 0.1675560 0.3738423 0.1587726 0.3126936 0.4407589 0.3187405 0.1631288 0.0000000 0.3076985 0.1499552 0.3126703 0.3448060 0.1631210 0.5121012 0.3181282 0.3503158 
n277_278   0.2758155 0.2758542 0.2706875 0.2803061 0.0894020 0.2604760 0.0743052 0.4567479 0.2655960 0.2859274 0.2706235 0.0742767 0.3436964 0.0203432 0.2812104 0.3076985 0.0000000 0.2402126 0.0742662 0.2601101 0.2654977 0.4575573 0.0780361 0.2649990 
n236_237   0.0817279 0.0932715 0.0779350 0.3099695 0.2847989 0.0779393 0.2596786 0.4618794 0.0855712 0.3161696 0.0779183 0.2646368 0.3489549 0.2501227 0.0855938 0.1499552 0.2402126 0.0000000 0.2548367 0.2891409 0.0817177 0.4563422 0.2696711 0.2942096 
n280_281   0.2907854 0.2961582 0.2855546 0.2794917 0.0203189 0.2751299 0.0134823 0.4701642 0.2855984 0.2903563 0.2854857 0.0067050 0.3547773 0.0894770 0.2963033 0.3126703 0.0742662 0.2548367 0.0000000 0.2798054 0.2802537 0.4709903 0.0100838 0.2848239 
n285_286   0.2795833 0.2902538 0.2848751 0.1408086 0.3004717 0.2694401 0.2849216 0.4773884 0.2798018 0.1409528 0.2848074 0.2798295 0.4018600 0.2650425 0.2795870 0.3448060 0.2601101 0.2891409 0.2798054 0.0000000 0.2745133 0.4916704 0.2849850 0.0033344 
n275_276   0.0413984 0.0168985 0.0378364 0.3000773 0.3009549 0.0033408 0.2853786 0.4701295 0.0100825 0.3009007 0.0378284 0.2802778 0.3667812 0.2758318 0.0450060 0.1631210 0.2654977 0.0817177 0.2802537 0.2745133 0.0000000 0.4645150 0.2854421 0.2794925 
n255_256   0.4710607 0.4717786 0.4712312 0.5047885 0.4637868 0.4577733 0.4645733 0.0413658 0.4651671 0.4983011 0.4781328 0.4709923 0.4036408 0.4716146 0.4711099 0.5121012 0.4575573 0.4563422 0.4709903 0.4916704 0.4645150 0.0000000 0.4706018 0.4984746 
n292_293   0.2960577 0.3014761 0.2907861 0.2846653 0.0100850 0.2802782 0.0168999 0.4697768 0.2908308 0.2901631 0.2907167 0.0033450 0.3440101 0.0933400 0.3016236 0.3181282 0.0780361 0.2696711 0.0100838 0.2849850 0.2854421 0.4706018 0.0000000 0.2900411 
n286_287   0.2845970 0.2953505 0.2899297 0.1449031 0.3056380 0.2743830 0.2899770 0.4840625 0.2848208 0.1450516 0.2898607 0.2848480 0.4078124 0.2699646 0.2846013 0.3503158 0.2649990 0.2942096 0.2848239 0.0033344 0.2794925 0.4984746 0.2900411 0.0000000 
