24
n289_290   0.0000000 0.0484338 0.0134732 0.2735750 0.2943591 0.0412885 0.0100739 0.2894021 0.4132286 0.2737957 0.2944225 0.3730348 0.3153636 0.0066981 0.1919661 0.3258285 0.0448693 0.1011622 0.2739490 0.3053684 0.0484277 0.4078453 0.3000022 0.2947588 
n294_295   0.0484338 0.0000000 0.0484832 0.2838514 0.3159788 0.0067045 0.0520302 0.3108728 0.4073343 0.2840819 0.3160482 0.3909984 0.3265281 0.0484263 0.2013232 0.3429491 0.0100868 0.1011758 0.2949074 0.3106125 0.0134777 0.4019847 0.3218356 0.2999220 
n295_296   0.0134732 0.0484832 0.0000000 0.2684485 0.2895469 0.0413312 0.0168841 0.2846162 0.4135502 0.2686645 0.2896091 0.3733154 0.3104258 0.0134711 0.1877482 0.3208306 0.0449149 0.0934078 0.2742993 0.2949192 0.0484771 0.4081616 0.2951507 0.2844689 
n266_267   0.2735750 0.2838514 0.2684485 0.0000000 0.2200647 0.2736927 0.2735016 0.2201021 0.3210416 0.0100855 0.2201092 0.3051390 0.2480064 0.2735377 0.2636502 0.2526490 0.2788982 0.2746143 0.2153682 0.1129073 0.2838166 0.3105709 0.2250329 0.1049723 
n299_300   0.2943591 0.3159788 0.2895469 0.2200647 0.0000000 0.3053216 0.2943382 0.0134826 0.3490385 0.2202366 0.0067008 0.3322205 0.0629870 0.2943197 0.2890420 0.0740733 0.3107984 0.3008881 0.0134709 0.2636643 0.3159401 0.3381501 0.0100867 0.2537083 
n298_299   0.0412885 0.0067045 0.0413312 0.2736927 0.3053216 0.0000000 0.0448471 0.3002864 0.4075521 0.2739137 0.3053880 0.3912061 0.3266939 0.0412822 0.1923417 0.3318811 0.0033448 0.0934067 0.2845660 0.3000315 0.0067037 0.4021992 0.3110770 0.2895059 
n290_291   0.0100739 0.0520302 0.0168841 0.2735016 0.2943382 0.0448471 0.0000000 0.2893816 0.4131995 0.2737223 0.2944016 0.3730084 0.3153413 0.0100723 0.1964186 0.3258055 0.0484477 0.1050711 0.2739295 0.3052856 0.0520237 0.4078166 0.2999810 0.2946791 
n274_275   0.2894021 0.3108728 0.2846162 0.2201021 0.0134826 0.3002864 0.2893816 0.0000000 0.3491121 0.2202741 0.0134849 0.3322887 0.0629950 0.2893632 0.2890972 0.0740830 0.3057244 0.2958718 0.0134725 0.2637126 0.3108346 0.3382202 0.0169160 0.2537540 
n251_252   0.4132286 0.4073343 0.4135502 0.3210416 0.3490385 0.4075521 0.4131995 0.3491121 0.0000000 0.3266196 0.3432750 0.2839483 0.3890202 0.4131806 0.3768852 0.4069804 0.4077702 0.4095116 0.3487367 0.3286800 0.4138999 0.0342301 0.3552246 0.3228984 
n265_266   0.2737957 0.2840819 0.2686645 0.0100855 0.2202366 0.2739137 0.2737223 0.2202741 0.3266196 0.0000000 0.2202812 0.3105906 0.2482030 0.2737584 0.2687547 0.2528497 0.2791241 0.2798215 0.2155360 0.1169407 0.2840470 0.3160665 0.2252094 0.1089534 
n300_301   0.2944225 0.3160482 0.2896091 0.2201092 0.0067008 0.3053880 0.2944016 0.0134849 0.3432750 0.2202812 0.0000000 0.3322944 0.0629982 0.2943831 0.2891040 0.0740866 0.3108664 0.3009535 0.0134732 0.2637197 0.3160094 0.3324743 0.0100884 0.2537611 
n244_245   0.3730348 0.3909984 0.3733154 0.3051390 0.3322205 0.3912061 0.3730084 0.3322887 0.2839483 0.3105906 0.3322944 0.0000000 0.3430883 0.3729889 0.3952571 0.3536709 0.3974736 0.3795360 0.3319348 0.3553928 0.4032626 0.2789684 0.3326255 0.3439619 
n278_279   0.3153636 0.3265281 0.3104258 0.2480064 0.0629870 0.3266939 0.3153413 0.0629950 0.3890202 0.2482030 0.0629982 0.3430883 0.0000000 0.3153223 0.3098650 0.0168729 0.3323522 0.3221658 0.0629384 0.2883984 0.3376431 0.3775389 0.0630490 0.2780865 
n287_288   0.0066981 0.0484263 0.0134711 0.2735377 0.2943197 0.0412822 0.0100723 0.2893632 0.4131806 0.2737584 0.2943831 0.3729889 0.3153223 0.0000000 0.1919384 0.3257863 0.0448623 0.1011468 0.2739116 0.3053280 0.0484202 0.4077976 0.2999623 0.2947193 
n200_201   0.1919661 0.2013232 0.1877482 0.2636502 0.2890420 0.1923417 0.1964186 0.2890972 0.3768852 0.2687547 0.2891040 0.3952571 0.3098650 0.1919384 0.0000000 0.3149245 0.1969098 0.1843286 0.2887981 0.2848629 0.2012984 0.3779127 0.2946305 0.2745640 
n277_278   0.3258285 0.3429491 0.3208306 0.2526490 0.0740733 0.3318811 0.3258055 0.0740830 0.4069804 0.2528497 0.0740866 0.3536709 0.0168729 0.3257863 0.3149245 0.0000000 0.3375819 0.3213985 0.0740160 0.2988334 0.3429071 0.3952199 0.0741469 0.2883590 
n297_298   0.0448693 0.0100868 0.0449149 0.2788982 0.3107984 0.0033448 0.0484477 0.3057244 0.4077702 0.2791241 0.3108664 0.3974736 0.3323522 0.0448623 0.1969098 0.3375819 0.0000000 0.0973204 0.2898702 0.3001814 0.0100856 0.4024140 0.3166082 0.2896495 
n236_237   0.1011622 0.1011758 0.0934078 0.2746143 0.3008881 0.0934067 0.1050711 0.2958718 0.4095116 0.2798215 0.3009535 0.3795360 0.3221658 0.1011468 0.1843286 0.3213985 0.0973204 0.0000000 0.2903536 0.2902123 0.0971937 0.4041289 0.3066121 0.2798228 
n280_281   0.2739490 0.2949074 0.2742993 0.2153682 0.0134709 0.2845660 0.2739295 0.0134725 0.3487367 0.2155360 0.0134732 0.3319348 0.0629384 0.2739116 0.2887981 0.0740160 0.2898702 0.2903536 0.0000000 0.2586462 0.2948712 0.3378586 0.0169013 0.2487649 
n285_286   0.3053684 0.3106125 0.2949192 0.1129073 0.2636643 0.3000315 0.3052856 0.2637126 0.3286800 0.1169407 0.2637197 0.3553928 0.2883984 0.3053280 0.2848629 0.2988334 0.3001814 0.2902123 0.2586462 0.0000000 0.2999704 0.3175098 0.2690218 0.0067022 
n275_276   0.0484277 0.0134777 0.0484771 0.2838166 0.3159401 0.0067037 0.0520237 0.3108346 0.4138999 0.2840470 0.3160094 0.4032626 0.3376431 0.0484202 0.2012984 0.3429071 0.0100856 0.0971937 0.2948712 0.2999704 0.0000000 0.4085063 0.3217961 0.2894471 
n255_256   0.4078453 0.4019847 0.4081616 0.3105709 0.3381501 0.4021992 0.4078166 0.3382202 0.0342301 0.3160665 0.3324743 0.2789684 0.3775389 0.4077976 0.3779127 0.3952199 0.4024140 0.4041289 0.3378586 0.3175098 0.4085063 0.0000000 0.3442312 0.3118311 
n292_293   0.3000022 0.3218356 0.2951507 0.2250329 0.0100867 0.3110770 0.2999810 0.0169160 0.3552246 0.2252094 0.0100884 0.3326255 0.0630490 0.2999623 0.2946305 0.0741469 0.3166082 0.3066121 0.0169013 0.2690218 0.3217961 0.3442312 0.0000000 0.2589751 
n286_287   0.2947588 0.2999220 0.2844689 0.1049723 0.2537083 0.2895059 0.2946791 0.2537540 0.3228984 0.1089534 0.2537611 0.3439619 0.2780865 0.2947193 0.2745640 0.2883590 0.2896495 0.2798228 0.2487649 0.0067022 0.2894471 0.3118311 0.2589751 0.0000000 
