17
n275_250   0.0000000 0.0450404 0.4762606 0.0100785 0.0134806 0.3773118 0.3319811 0.3587815 0.0975859 0.3777242 0.1902217 0.3383107 0.0414172 0.3639859 0.0485862 0.0486315 0.0168922 
n289_258   0.0450404 0.0000000 0.4917658 0.0343494 0.0379078 0.3844817 0.3330736 0.3599201 0.1016660 0.3849051 0.1996927 0.3450930 0.0169348 0.3651438 0.0238353 0.0033520 0.0414596 
n244_229   0.4762606 0.4917658 0.0000000 0.4556399 0.4559871 0.2873939 0.3846989 0.4208399 0.4768196 0.2984601 0.4371930 0.3798624 0.4984075 0.4329718 0.5127169 0.4842381 0.4694273 
n293_260   0.0100785 0.0343494 0.4556399 0.0000000 0.0033424 0.3711738 0.3152747 0.3414685 0.0859533 0.3715775 0.1811434 0.3214235 0.0307978 0.3465614 0.0378465 0.0378815 0.0067010 
n297_264   0.0134806 0.0379078 0.4559871 0.0033424 0.0000000 0.3714424 0.3209446 0.3473508 0.0898440 0.3718467 0.1857062 0.3271562 0.0343311 0.3524828 0.0414224 0.0414608 0.0100832 
n251_236   0.3773118 0.3844817 0.2873939 0.3711738 0.3714424 0.0000000 0.3081845 0.3575828 0.3834456 0.0377296 0.3662341 0.3253234 0.3962806 0.3686694 0.4086065 0.3904903 0.3832825 
n266_245   0.3319811 0.3330736 0.3846989 0.3152747 0.3209446 0.3081845 0.0000000 0.1292455 0.3387268 0.3253346 0.3153350 0.0308648 0.3325251 0.1373037 0.3437812 0.3386596 0.3264234 
n285_254   0.3587815 0.3599201 0.4208399 0.3414685 0.3473508 0.3575828 0.1292455 0.0000000 0.3658279 0.3580217 0.3713822 0.1335952 0.3535774 0.0066705 0.3592362 0.3657080 0.3470846 
n236_221   0.0975859 0.1016660 0.4768196 0.0859533 0.0898440 0.3834456 0.3387268 0.3658279 0.0000000 0.3901172 0.1901641 0.3451429 0.1055383 0.3770891 0.1134869 0.0976698 0.0936936 
n255_238   0.3777242 0.3849051 0.2984601 0.3715775 0.3718467 0.0377296 0.3253346 0.3580217 0.3901172 0.0000000 0.3667482 0.3429807 0.3967206 0.3691257 0.3965033 0.3909223 0.3714638 
n200_193   0.1902217 0.1996927 0.4371930 0.1811434 0.1857062 0.3662341 0.3153350 0.3713822 0.1901641 0.3667482 0.0000000 0.3160942 0.1949042 0.3827238 0.1994039 0.2042548 0.1901648 
n265_244   0.3383107 0.3450930 0.3798624 0.3214235 0.3271562 0.3253234 0.0308648 0.1335952 0.3451429 0.3429807 0.3160942 0.0000000 0.3388686 0.1417160 0.3502464 0.3507860 0.3326938 
n295_262   0.0414172 0.0169348 0.4984075 0.0307978 0.0343311 0.3962806 0.3325251 0.3535774 0.1055383 0.3967206 0.1949042 0.3388686 0.0000000 0.3587553 0.0067066 0.0203727 0.0378602 
n286_255   0.3639859 0.3651438 0.4329718 0.3465614 0.3524828 0.3686694 0.1373037 0.0066705 0.3770891 0.3691257 0.3827238 0.1417160 0.3587553 0.0000000 0.3644488 0.3709689 0.3522125 
n296_263   0.0485862 0.0238353 0.5127169 0.0378465 0.0414224 0.4086065 0.3437812 0.3592362 0.1134869 0.3965033 0.1994039 0.3502464 0.0067066 0.3644488 0.0000000 0.0273093 0.0449893 
n287_256   0.0486315 0.0033520 0.4842381 0.0378815 0.0414608 0.3904903 0.3386596 0.3657080 0.0976698 0.3909223 0.2042548 0.3507860 0.0203727 0.3709689 0.0273093 0.0000000 0.0450312 
n294_261   0.0168922 0.0414596 0.4694273 0.0067010 0.0100832 0.3832825 0.3264234 0.3470846 0.0936936 0.3714638 0.1901648 0.3326938 0.0378602 0.3522125 0.0449893 0.0450312 0.0000000 
