21
n298_299   0.0000000 0.2921860 0.1323543 0.2875398 0.0520279 0.3025969 0.2975123 0.0237777 0.0272499 0.0033442 0.3026835 0.0556161 0.4404251 0.2976581 0.0930262 0.4591376 0.2825125 0.0272521 0.3075364 0.5073309 0.2923002 
n280_281   0.2921860 0.0000000 0.2919608 0.2479433 0.2974866 0.2720524 0.0066949 0.2921731 0.2973722 0.2972268 0.0664087 0.3025425 0.3954184 0.0134580 0.2922385 0.4134789 0.2431857 0.2974407 0.2716476 0.4266604 0.0627138 
n200_201   0.1323543 0.2919608 0.0000000 0.2772708 0.1163251 0.2873701 0.2972836 0.1123301 0.1163071 0.1363778 0.2771100 0.1202446 0.4142346 0.2873097 0.1404751 0.4205064 0.2723162 0.1123631 0.2922159 0.4462317 0.2621174 
n286_287   0.2875398 0.2479433 0.2772708 0.0000000 0.2725326 0.1087056 0.2529310 0.2724277 0.2774867 0.2925543 0.2432258 0.2725660 0.3789553 0.2530544 0.2628093 0.4025348 0.0033427 0.2775467 0.1124967 0.3852381 0.2430742 
n287_288   0.0520279 0.2974866 0.1163251 0.2725326 0.0000000 0.2872893 0.3028577 0.0272505 0.0307422 0.0556237 0.2925908 0.0237681 0.4098988 0.3030063 0.0741309 0.4217903 0.2676078 0.0307448 0.2921321 0.4612893 0.2823491 
n266_267   0.3025969 0.2720524 0.2873701 0.1087056 0.2872893 0.0000000 0.2772208 0.2871800 0.2872609 0.3077119 0.2776468 0.2873287 0.4078455 0.2773564 0.2825896 0.4324019 0.1048019 0.2924083 0.0168702 0.3910681 0.2771978 
n292_293   0.2975123 0.0066949 0.2972836 0.2529310 0.3028577 0.2772208 0.0000000 0.2974999 0.3027412 0.3025927 0.0664470 0.3079540 0.4073524 0.0134656 0.2975666 0.4257246 0.2481381 0.3028121 0.2768070 0.4272090 0.0627489 
n293_294   0.0237777 0.2921731 0.1123301 0.2724277 0.0272505 0.2871800 0.2974999 0.0000000 0.0033468 0.0272346 0.2924798 0.0307207 0.4155317 0.2976457 0.0740998 0.4275084 0.2675045 0.0033471 0.2920213 0.4740229 0.2822412 
n275_276   0.0272499 0.2973722 0.1163071 0.2774867 0.0307422 0.2872609 0.3027412 0.0033468 0.0000000 0.0307243 0.2976867 0.0342295 0.4217405 0.3028897 0.0778558 0.4338207 0.2725282 0.0067124 0.2921038 0.4674533 0.2873712 
n297_298   0.0033442 0.2972268 0.1363778 0.2925543 0.0556237 0.3077119 0.3025927 0.0272346 0.0307243 0.0000000 0.3078023 0.0592284 0.4399761 0.3027410 0.0968382 0.4586648 0.2874926 0.0307268 0.3126837 0.5070850 0.2973450 
n278_279   0.3026835 0.0664087 0.2771100 0.2432258 0.2925908 0.2776468 0.0664470 0.2924798 0.2976867 0.3078023 0.0000000 0.2976164 0.4192497 0.0664781 0.2873754 0.4255593 0.2384976 0.2977553 0.2772316 0.4272661 0.0168465 
n295_296   0.0556161 0.3025425 0.1202446 0.2725660 0.0237681 0.2873287 0.3079540 0.0307207 0.0342295 0.0592284 0.2976164 0.0000000 0.4279482 0.3081052 0.0741286 0.4401371 0.2676393 0.0342324 0.2921736 0.4739060 0.2873025 
n251_252   0.4404251 0.3954184 0.4142346 0.3789553 0.4098988 0.4078455 0.4073524 0.4155317 0.4217405 0.4399761 0.4192497 0.4279482 0.0000000 0.4075535 0.4277056 0.0446267 0.3732582 0.4156815 0.4135138 0.3115443 0.4129280 
n274_275   0.2976581 0.0134580 0.2873097 0.2530544 0.3030063 0.2773564 0.0134656 0.2976457 0.3028897 0.3027410 0.0664781 0.3081052 0.4075535 0.0000000 0.2977125 0.4199152 0.2482591 0.3029607 0.2769422 0.4086604 0.0627780 
n236_237   0.0930262 0.2922385 0.1404751 0.2628093 0.0741309 0.2825896 0.2975666 0.0740998 0.0778558 0.0968382 0.2873754 0.0741286 0.4277056 0.2977125 0.0000000 0.4398856 0.2579475 0.0778639 0.2821662 0.4799851 0.2772111 
n255_256   0.4591376 0.4134789 0.4205064 0.4025348 0.4217903 0.4324019 0.4257246 0.4275084 0.4338207 0.4586648 0.4255593 0.4401371 0.0446267 0.4199152 0.4398856 0.0000000 0.3966485 0.4276638 0.4382599 0.3222631 0.4314423 
n285_286   0.2825125 0.2431857 0.2723162 0.0033427 0.2676078 0.1048019 0.2481381 0.2675045 0.2725282 0.2874926 0.2384976 0.2676393 0.3732582 0.2482591 0.2579475 0.3966485 0.0000000 0.2725863 0.1085764 0.3911097 0.2383494 
n294_295   0.0272521 0.2974407 0.1123631 0.2775467 0.0307448 0.2924083 0.3028121 0.0033471 0.0067124 0.0307268 0.2977553 0.0342324 0.4156815 0.3029607 0.0778639 0.4276638 0.2725863 0.0000000 0.2972849 0.4809505 0.2874354 
n265_266   0.3075364 0.2716476 0.2922159 0.1124967 0.2921321 0.0168702 0.2768070 0.2920213 0.2921038 0.3126837 0.2772316 0.2921736 0.4135138 0.2769422 0.2821662 0.4382599 0.1085764 0.2972849 0.0000000 0.4024109 0.2767840 
n244_245   0.5073309 0.4266604 0.4462317 0.3852381 0.4612893 0.3910681 0.4272090 0.4740229 0.4674533 0.5070850 0.4272661 0.4739060 0.3115443 0.4086604 0.4799851 0.3222631 0.3911097 0.4809505 0.4024109 0.0000000 0.4208604 
n277_278   0.2923002 0.0627138 0.2621174 0.2430742 0.2823491 0.2771978 0.0627489 0.2822412 0.2873712 0.2973450 0.0168465 0.2873025 0.4129280 0.0627780 0.2772111 0.4314423 0.2383494 0.2874354 0.2767840 0.4208604 0.0000000 
