21
n266_177   0.0000000 0.2797488 0.1231419 0.2798410 0.2554612 0.2748210 0.2750678 0.2814338 0.2918118 0.3053549 0.2766972 0.2812773 0.2764744 0.2612028 0.2800035 0.2708027 0.2855464 0.2842280 0.0271509 0.2750643 0.2890535 
n289_200   0.2797488 0.0000000 0.2595745 0.0554512 0.1355157 0.0033408 0.0482992 0.3119586 0.3228035 0.1197795 0.3070431 0.3117886 0.3067945 0.2865210 0.0518803 0.3020176 0.0555668 0.0375691 0.2701681 0.0518848 0.0410622 
n285_196   0.1231419 0.2595745 0.0000000 0.2496850 0.2404540 0.2547864 0.2451071 0.2747560 0.2803152 0.2841520 0.2700797 0.2746032 0.2698635 0.2506062 0.2498322 0.2600482 0.2550816 0.2593098 0.1232763 0.2451038 0.2639765 
n293_204   0.2798410 0.0554512 0.2496850 0.0000000 0.1275431 0.0518543 0.0066977 0.3108367 0.3216316 0.1197923 0.3109361 0.3106677 0.3056955 0.2855101 0.0100710 0.3009386 0.0134809 0.0518422 0.2801734 0.0033408 0.0554058 
n200_131   0.2554612 0.1355157 0.2404540 0.1275431 0.0000000 0.1314921 0.1236364 0.2958542 0.3064324 0.1397022 0.2959492 0.2956914 0.2908075 0.2560442 0.1276216 0.2708444 0.1318513 0.1354489 0.2557614 0.1236346 0.1394119 
n287_198   0.2748210 0.0033408 0.2547864 0.0518543 0.1314921 0.0000000 0.0447369 0.3118058 0.3226444 0.1158362 0.3068929 0.3116359 0.3066445 0.2863822 0.0482999 0.3018702 0.0519612 0.0340692 0.2653003 0.0483040 0.0375469 
n297_208   0.2750678 0.0482992 0.2451071 0.0066977 0.1236364 0.0447369 0.0000000 0.3114420 0.3222623 0.1119773 0.3115417 0.3112725 0.3062891 0.2860586 0.0033426 0.3015221 0.0067113 0.0447264 0.2753940 0.0033428 0.0482595 
n292_203   0.2814338 0.3119586 0.2747560 0.3108367 0.2958542 0.3118058 0.3114420 0.0000000 0.0204198 0.3386260 0.0135381 0.0067185 0.0033532 0.0487203 0.3166336 0.0487108 0.3225397 0.3269397 0.2865957 0.3114382 0.3320579 
n274_185   0.2918118 0.3228035 0.2803152 0.3216316 0.3064324 0.3226444 0.3222623 0.0204198 0.0000000 0.3387295 0.0204260 0.0204068 0.0169743 0.0560168 0.3275335 0.0560056 0.3335532 0.3380049 0.2970556 0.3222584 0.3432014 
n236_155   0.3053549 0.1197795 0.2841520 0.1197923 0.1397022 0.1158362 0.1119773 0.3386260 0.3387295 0.0000000 0.3387336 0.3328135 0.3332731 0.3068410 0.1159030 0.3176452 0.1200505 0.1156822 0.3057219 0.1159164 0.1195500 
n280_191   0.2766972 0.3070431 0.2700797 0.3109361 0.2959492 0.3068929 0.3115417 0.0135381 0.0204260 0.3387336 0.0000000 0.0135302 0.0101291 0.0487353 0.3167347 0.0487258 0.3226426 0.3270438 0.2818274 0.3115378 0.3321633 
n300_211   0.2812773 0.3117886 0.2746032 0.3106677 0.2956914 0.3116359 0.3112725 0.0067185 0.0204068 0.3328135 0.0135302 0.0000000 0.0033512 0.0486913 0.3164620 0.0486818 0.3223652 0.3267638 0.2864367 0.3112687 0.3318800 
n299_210   0.2764744 0.3067945 0.2698635 0.3056955 0.2908075 0.3066445 0.3062891 0.0033532 0.0169743 0.3332731 0.0101291 0.0033512 0.0000000 0.0451268 0.3114459 0.0451181 0.3173016 0.3216799 0.2816001 0.3062853 0.3267638 
n277_188   0.2612028 0.2865210 0.2506062 0.2855101 0.2560442 0.2863822 0.2860586 0.0487203 0.0560168 0.3068410 0.0487353 0.0486913 0.0451268 0.0000000 0.2910805 0.0135264 0.2967423 0.3010374 0.2615113 0.2860550 0.3059898 
n298_209   0.2800035 0.0518803 0.2498322 0.0100710 0.1276216 0.0482999 0.0033426 0.3166336 0.3275335 0.1159030 0.3167347 0.3164620 0.3114459 0.2910805 0.0000000 0.3066515 0.0100914 0.0482887 0.2803362 0.0067018 0.0518378 
n278_189   0.2708027 0.3020176 0.2600482 0.3009386 0.2708444 0.3018702 0.3015221 0.0487108 0.0560056 0.3176452 0.0487258 0.0486818 0.0451181 0.0135264 0.3066515 0.0000000 0.3124664 0.3168288 0.2711236 0.3015183 0.3218862 
n275_186   0.2855464 0.0555668 0.2550816 0.0134809 0.1318513 0.0519612 0.0067113 0.3225397 0.3335532 0.1200505 0.3226426 0.3223652 0.3173016 0.2967423 0.0100914 0.3124664 0.0000000 0.0519492 0.2858871 0.0100922 0.0555203 
n296_207   0.2842280 0.0375691 0.2593098 0.0518422 0.1354489 0.0340692 0.0447264 0.3269397 0.3380049 0.1156822 0.3270438 0.3267638 0.3216799 0.3010374 0.0482887 0.3168288 0.0519492 0.0000000 0.2845658 0.0482928 0.0033214 
n265_176   0.0271509 0.2701681 0.1232763 0.2801734 0.2557614 0.2653003 0.2753940 0.2865957 0.2970556 0.3057219 0.2818274 0.2864367 0.2816001 0.2615113 0.2803362 0.2711236 0.2858871 0.2845658 0.0000000 0.2753904 0.2893977 
n294_205   0.2750643 0.0518848 0.2451038 0.0033408 0.1236346 0.0483040 0.0033428 0.3114382 0.3222584 0.1159164 0.3115378 0.3112687 0.3062853 0.2860550 0.0067018 0.3015183 0.0100922 0.0482928 0.2753904 0.0000000 0.0518422 
n295_206   0.2890535 0.0410622 0.2639765 0.0554058 0.1394119 0.0375469 0.0482595 0.3320579 0.3432014 0.1195500 0.3321633 0.3318800 0.3267638 0.3059898 0.0518378 0.3218862 0.0555203 0.0033214 0.2893977 0.0518422 0.0000000 
