25
n289_290   0.0000000 0.0341428 0.0271674 0.2511126 0.2330111 0.0168751 0.0066983 0.2422200 0.3198579 0.0271954 0.2421408 0.0306333 0.2376747 0.2990003 0.2471313 0.0066952 0.1152389 0.2285701 0.0625879 0.2469843 0.2283817 0.0271926 0.3150384 0.2284913 0.2374476 
n294_295   0.0341428 0.0000000 0.0518163 0.2655591 0.2469327 0.0237198 0.0411713 0.2563230 0.3357059 0.0134562 0.2564194 0.0554010 0.2516913 0.3195250 0.2613453 0.0376354 0.1311181 0.2518448 0.0772298 0.2611885 0.2470104 0.0202772 0.3307947 0.2423280 0.2563109 
n295_296   0.0271674 0.0518163 0.0000000 0.2654581 0.2425508 0.0341388 0.0306469 0.2518943 0.3303582 0.0447079 0.2563215 0.0033419 0.2472844 0.2941350 0.2380392 0.0271763 0.1310677 0.2288378 0.0772828 0.2567330 0.2377634 0.0447035 0.3254781 0.2379679 0.2469526 
n266_267   0.2511126 0.2655591 0.2654581 0.0000000 0.2746807 0.2466142 0.2605574 0.2844053 0.3671182 0.2558402 0.0202662 0.2702349 0.2796171 0.3551647 0.2996026 0.2512300 0.2607499 0.2896107 0.2606040 0.2844745 0.1631345 0.2654265 0.3671839 0.2699198 0.1714382 
n299_300   0.2330111 0.2469327 0.2425508 0.2746807 0.0000000 0.2286072 0.2376340 0.0168468 0.3831295 0.2376285 0.2654564 0.2471903 0.0033418 0.3712600 0.0625322 0.2331179 0.2239343 0.0553138 0.2423388 0.0202737 0.2608297 0.2469859 0.3723685 0.0033408 0.2702874 
n298_299   0.0168751 0.0237198 0.0341388 0.2466142 0.2286072 0.0000000 0.0237382 0.2377655 0.3149530 0.0168700 0.2376881 0.0376393 0.2332430 0.2941373 0.2426441 0.0202914 0.1153017 0.2333863 0.0626091 0.2425000 0.2240004 0.0168682 0.3101582 0.2241111 0.2330183 
n290_291   0.0066983 0.0411713 0.0306469 0.2605574 0.2376340 0.0237382 0.0000000 0.2469046 0.3302473 0.0341589 0.2514799 0.0341304 0.2423298 0.3090752 0.2518523 0.0134533 0.1191643 0.2331660 0.0698922 0.2517020 0.2284519 0.0341555 0.3253698 0.2330869 0.2375209 
n274_275   0.2422200 0.2563230 0.2518943 0.2844053 0.0168468 0.2377655 0.2469046 0.0000000 0.3944026 0.2468980 0.2750697 0.2565937 0.0202683 0.3823272 0.0625320 0.2423329 0.2330257 0.0553137 0.2516711 0.0236934 0.2703957 0.2563784 0.3834888 0.0134476 0.2799731 
n251_252   0.3198579 0.3357059 0.3303582 0.3671182 0.3831295 0.3149530 0.3302473 0.3944026 0.0000000 0.3198410 0.3514240 0.3355820 0.3888892 0.2986041 0.3947846 0.3200263 0.3092715 0.3889470 0.3246667 0.4058465 0.3513005 0.3199660 0.0305911 0.3776513 0.3514806 
n293_294   0.0271954 0.0134562 0.0447079 0.2558402 0.2376285 0.0168700 0.0341589 0.2468980 0.3198410 0.0000000 0.2468153 0.0482596 0.2423237 0.3040436 0.2518450 0.0306581 0.1191664 0.2424720 0.0698885 0.2516948 0.2376909 0.0134603 0.3150218 0.2330819 0.2468752 
n265_266   0.2421408 0.2564194 0.2563215 0.0202662 0.2654564 0.2376881 0.2514799 0.2750697 0.3514240 0.2468153 0.0000000 0.2610443 0.2703333 0.3397514 0.2900800 0.2422533 0.2608709 0.2802085 0.2515255 0.2751351 0.1468657 0.2562917 0.3514832 0.2607472 0.1549994 
n296_297   0.0306333 0.0554010 0.0033419 0.2702349 0.2471903 0.0376393 0.0341304 0.2565937 0.3355820 0.0482596 0.2610443 0.0000000 0.2519555 0.2990947 0.2426526 0.0306433 0.1350571 0.2333919 0.0809920 0.2614663 0.2423729 0.0482549 0.3255074 0.2425793 0.2516188 
n300_301   0.2376747 0.2516913 0.2472844 0.2796171 0.0033418 0.2332430 0.2423298 0.0202683 0.3888892 0.2423237 0.2703333 0.2519555 0.0000000 0.3769107 0.0625196 0.2377837 0.2285347 0.0589289 0.2470666 0.0237139 0.2656818 0.2517456 0.3780462 0.0066985 0.2752034 
n244_245   0.2990003 0.3195250 0.2941350 0.3551647 0.3712600 0.2941373 0.3090752 0.3823272 0.2986041 0.3040436 0.3397514 0.2990947 0.3769107 0.0000000 0.3773563 0.2991520 0.2986225 0.3714987 0.3041159 0.3879694 0.3238861 0.3142934 0.2939159 0.3658770 0.3342167 
n278_279   0.2471313 0.2613453 0.2380392 0.2996026 0.0625322 0.2426441 0.2518523 0.0625320 0.3947846 0.2518450 0.2900800 0.2426526 0.0625196 0.3773563 0.0000000 0.2472466 0.2471587 0.0202715 0.2613826 0.0698150 0.2755919 0.2614019 0.3838572 0.0589217 0.2852500 
n287_288   0.0066952 0.0376354 0.0271763 0.2512300 0.2331179 0.0202914 0.0134533 0.2423329 0.3200263 0.0306581 0.2422533 0.0306433 0.2377837 0.2991520 0.2472466 0.0000000 0.1230337 0.2286734 0.0626094 0.2377796 0.2284845 0.0306549 0.3152031 0.2285953 0.2375561 
n200_201   0.1152389 0.1311181 0.1310677 0.2607499 0.2239343 0.1153017 0.1191643 0.2330257 0.3092715 0.1191664 0.2608709 0.1350571 0.2285347 0.2986225 0.2471587 0.1230337 0.0000000 0.2378495 0.1389651 0.2422126 0.2376622 0.1270932 0.2996220 0.2194697 0.2468400 
n277_278   0.2285701 0.2518448 0.2288378 0.2896107 0.0553138 0.2333863 0.2331660 0.0553137 0.3889470 0.2424720 0.2802085 0.2333919 0.0589289 0.3714987 0.0202715 0.2286734 0.2378495 0.0000000 0.2566388 0.0625251 0.2659037 0.2518992 0.3781047 0.0517372 0.2754344 
n236_237   0.0625879 0.0772298 0.0772828 0.2606040 0.2423388 0.0626091 0.0698922 0.2516711 0.3246667 0.0698885 0.2515255 0.0809920 0.2470666 0.3041159 0.2613826 0.0626094 0.1389651 0.2566388 0.0000000 0.2565037 0.2376677 0.0735935 0.3198261 0.2377612 0.2468518 
n280_281   0.2469843 0.2611885 0.2567330 0.2844745 0.0202737 0.2425000 0.2517020 0.0236934 0.4058465 0.2516948 0.2751351 0.2614663 0.0237139 0.3879694 0.0698150 0.2377796 0.2422126 0.0625251 0.2565037 0.0000000 0.2751373 0.2612451 0.3947735 0.0168572 0.2847744 
n285_286   0.2283817 0.2470104 0.2377634 0.1631345 0.2608297 0.2240004 0.2284519 0.2703957 0.3513005 0.2376909 0.1468657 0.2423729 0.2656818 0.3238861 0.2755919 0.2284845 0.2376622 0.2659037 0.2376677 0.2751373 0.0000000 0.2422703 0.3513596 0.2561432 0.0134421 
n275_276   0.0271926 0.0202772 0.0447035 0.2654265 0.2469859 0.0168682 0.0341555 0.2563784 0.3199660 0.0134603 0.2562917 0.0482549 0.2517456 0.3142934 0.2614019 0.0306549 0.1270932 0.2518992 0.0735935 0.2612451 0.2422703 0.0000000 0.3254637 0.2423801 0.2515099 
n255_256   0.3150384 0.3307947 0.3254781 0.3671839 0.3723685 0.3101582 0.3253698 0.3834888 0.0305911 0.3150218 0.3514832 0.3255074 0.3780462 0.2939159 0.3838572 0.3152031 0.2996220 0.3781047 0.3198261 0.3947735 0.3513596 0.3254637 0.0000000 0.3669604 0.3515398 
n292_293   0.2284913 0.2423280 0.2379679 0.2699198 0.0033408 0.2241111 0.2330869 0.0134476 0.3776513 0.2330819 0.2607472 0.2425793 0.0066985 0.3658770 0.0589217 0.2285953 0.2194697 0.0517372 0.2377612 0.0168572 0.2561432 0.2423801 0.3669604 0.0000000 0.2655443 
n286_287   0.2374476 0.2563109 0.2469526 0.1714382 0.2702874 0.2330183 0.2375209 0.2799731 0.3514806 0.2468752 0.1549994 0.2516188 0.2752034 0.3342167 0.2852500 0.2375561 0.2468400 0.2754344 0.2468518 0.2847744 0.0134421 0.2515099 0.3515398 0.2655443 0.0000000 
