26
n289_290   0.0000000 0.0483531 0.0237490 0.2661351 0.2507411 0.0412994 0.0033510 0.2600096 0.3408070 0.0377425 0.2706147 0.0306693 0.2462678 0.3395482 0.2516960 0.0067202 0.1634033 0.2424443 0.0413260 0.0773600 0.2460828 0.2614634 0.0307415 0.3406879 0.2507129 0.2660435 
n294_295   0.0483531 0.0000000 0.0447198 0.2756308 0.2600979 0.0342010 0.0519385 0.2694797 0.3561097 0.0100985 0.2801575 0.0518330 0.2555740 0.3661550 0.2657652 0.0555591 0.1843797 0.2563447 0.0342220 0.0998356 0.2600805 0.2756494 0.0237622 0.3559848 0.2650098 0.2803073 
n295_296   0.0237490 0.0447198 0.0000000 0.2655417 0.2550250 0.0447514 0.0272088 0.2643335 0.3452323 0.0411829 0.2700105 0.0067058 0.2505340 0.3438809 0.2559973 0.0306944 0.1714336 0.2467055 0.0447790 0.0808973 0.2503459 0.2655471 0.0341648 0.3451116 0.2549963 0.2701406 
n266_267   0.2661351 0.2756308 0.2655417 0.0000000 0.2327981 0.2709140 0.2614150 0.2324850 0.3726274 0.2661109 0.0202497 0.2607152 0.2238605 0.3997392 0.2518753 0.2661351 0.2949205 0.2426192 0.2664372 0.2703188 0.2282051 0.1388197 0.2519025 0.3778988 0.2329132 0.1428611 
n299_300   0.2507411 0.2600979 0.2550250 0.2327981 0.0000000 0.2462460 0.2554642 0.0305048 0.4110826 0.2462335 0.2371010 0.2596472 0.0066792 0.3758286 0.0994091 0.2554584 0.2693740 0.0918668 0.2512589 0.2596363 0.0168055 0.2654242 0.2462970 0.4109341 0.0134187 0.2700145 
n298_299   0.0412994 0.0342010 0.0447514 0.2709140 0.2462460 0.0000000 0.0448550 0.2649819 0.3405257 0.0237862 0.2754183 0.0518699 0.2417943 0.3450305 0.2566236 0.0484417 0.1676682 0.2473046 0.0135003 0.0923579 0.2556290 0.2662139 0.0169150 0.3404061 0.2510623 0.2708209 
n290_291   0.0033510 0.0519385 0.0272088 0.2614150 0.2554642 0.0448550 0.0000000 0.2647921 0.3461689 0.0412771 0.2658712 0.0341618 0.2509643 0.3448840 0.2564407 0.0101047 0.1675980 0.2471295 0.0448829 0.0810884 0.2507753 0.2616337 0.0342425 0.3460477 0.2554354 0.2662171 
n274_275   0.2600096 0.2694797 0.2643335 0.2324850 0.0305048 0.2649819 0.2647921 0.0000000 0.4167423 0.2554517 0.2367806 0.2690098 0.0236279 0.3812185 0.0881464 0.2647859 0.2886817 0.0807111 0.2605504 0.2689998 0.0202027 0.2650583 0.2555181 0.4165924 0.0305183 0.2696406 
n251_252   0.3408070 0.3561097 0.3452323 0.3726274 0.4110826 0.3405257 0.3461689 0.4167423 0.0000000 0.3404016 0.3669584 0.3557792 0.4056364 0.3080749 0.4068325 0.3408070 0.3787121 0.3896965 0.3301977 0.3670860 0.3998657 0.3727315 0.3300340 0.0305635 0.4110289 0.3727620 
n293_294   0.0377425 0.0100985 0.0411829 0.2661109 0.2462335 0.0237862 0.0412771 0.2554517 0.3404016 0.0000000 0.2705900 0.0482631 0.2417824 0.3502731 0.2517579 0.0448423 0.1717779 0.2425040 0.0238007 0.0885216 0.2462174 0.2614506 0.0134918 0.3402831 0.2510493 0.2660306 
n265_266   0.2706147 0.2801575 0.2700105 0.0202497 0.2371010 0.2754183 0.2658712 0.2367806 0.3669584 0.2705900 0.0000000 0.2651581 0.2281223 0.3934352 0.2562811 0.2706147 0.2995440 0.2469799 0.2709229 0.2748121 0.2324847 0.1386878 0.2563098 0.3721904 0.2372187 0.1427251 
n296_297   0.0306693 0.0518330 0.0067058 0.2607152 0.2596472 0.0518699 0.0341618 0.2690098 0.3557792 0.0482631 0.2651581 0.0000000 0.2551321 0.3543733 0.2606406 0.0376825 0.1798155 0.2512943 0.0519019 0.0808553 0.2549399 0.2607203 0.0411809 0.3556543 0.2596179 0.2652853 
n300_301   0.2462678 0.2555740 0.2505340 0.2238605 0.0066792 0.2417943 0.2509643 0.0236279 0.4056364 0.2417824 0.2281223 0.2551321 0.0000000 0.3706308 0.0918950 0.2509586 0.2648004 0.0844235 0.2467743 0.2551209 0.0100422 0.2561011 0.2418445 0.4054905 0.0066821 0.2606412 
n244_245   0.3395482 0.3661550 0.3438809 0.3997392 0.3758286 0.3450305 0.3448840 0.3812185 0.3080749 0.3502731 0.3934352 0.3543733 0.3706308 0.0000000 0.3827338 0.3395482 0.3767261 0.3661892 0.3346626 0.3660231 0.3596759 0.4057240 0.3397907 0.2979891 0.3646174 0.3996923 
n278_279   0.2516960 0.2657652 0.2559973 0.2518753 0.0994091 0.2566236 0.2564407 0.0881464 0.4068325 0.2517579 0.2562811 0.2606406 0.0918950 0.3827338 0.0000000 0.2516960 0.2992789 0.0134520 0.2473470 0.2797509 0.0881279 0.2708272 0.2472321 0.4066858 0.0994548 0.2754566 
n287_288   0.0067202 0.0555591 0.0306944 0.2661351 0.2554584 0.0484417 0.0101047 0.2647859 0.3408070 0.0448423 0.2706147 0.0376825 0.2509586 0.3395482 0.2516960 0.0000000 0.1718655 0.2424443 0.0484719 0.0848604 0.2507696 0.2614634 0.0377717 0.3406879 0.2554296 0.2660435 
n200_201   0.1634033 0.1843797 0.1714336 0.2949205 0.2693740 0.1676682 0.1675980 0.2886817 0.3787121 0.1717779 0.2995440 0.1798155 0.2648004 0.3767261 0.2992789 0.1718655 0.0000000 0.2894498 0.1721000 0.1673221 0.2790456 0.2904051 0.1634573 0.3676731 0.2743495 0.2951503 
n277_278   0.2424443 0.2563447 0.2467055 0.2426192 0.0918668 0.2473046 0.2471295 0.0807111 0.3896965 0.2425040 0.2469799 0.2512943 0.0844235 0.3661892 0.0134520 0.2424443 0.2894498 0.0000000 0.2381382 0.2701677 0.0806943 0.2613379 0.2380283 0.3895573 0.0919088 0.2659146 
n297_298   0.0413260 0.0342220 0.0447790 0.2664372 0.2512589 0.0135003 0.0448829 0.2605504 0.3301977 0.0238007 0.2709229 0.0519019 0.2467743 0.3346626 0.2473470 0.0484719 0.1721000 0.2381382 0.0000000 0.0924171 0.2512424 0.2617591 0.0169253 0.3300829 0.2561159 0.2663454 
n236_237   0.0773600 0.0998356 0.0808973 0.2703188 0.2596363 0.0923579 0.0810884 0.2689998 0.3670860 0.0885216 0.2748121 0.0808553 0.2551209 0.3660231 0.2797509 0.0848604 0.1673221 0.2701677 0.0924171 0.0000000 0.2596190 0.2705380 0.0810540 0.3723783 0.2645378 0.2751618 
n280_281   0.2460828 0.2600805 0.2503459 0.2282051 0.0168055 0.2556290 0.2507753 0.0202027 0.3998657 0.2462174 0.2324847 0.2549399 0.0100422 0.3596759 0.0881279 0.2507696 0.2790456 0.0806943 0.2512424 0.2596190 0.0000000 0.2606181 0.2462810 0.3997223 0.0134177 0.2651803 
n285_286   0.2614634 0.2756494 0.2655471 0.1388197 0.2654242 0.2662139 0.2616337 0.2650583 0.3727315 0.2614506 0.1386878 0.2607203 0.2561011 0.4057240 0.2708272 0.2614634 0.2904051 0.2613379 0.2617591 0.2705380 0.2606181 0.0000000 0.2566981 0.3782581 0.2655579 0.0066965 
n275_276   0.0307415 0.0237622 0.0341648 0.2519025 0.2462970 0.0169150 0.0342425 0.2555181 0.3300340 0.0134918 0.2563098 0.0411809 0.2418445 0.3397907 0.2472321 0.0377717 0.1634573 0.2380283 0.0169253 0.0810540 0.2462810 0.2566981 0.0000000 0.3299197 0.2511143 0.2612512 
n255_256   0.3406879 0.3559848 0.3451116 0.3778988 0.4109341 0.3404061 0.3460477 0.4165924 0.0305635 0.3402831 0.3721904 0.3556543 0.4054905 0.2979891 0.4066858 0.3406879 0.3676731 0.3895573 0.3300829 0.3723783 0.3997223 0.3782581 0.3299197 0.0000000 0.4108804 0.3782894 
n292_293   0.2507129 0.2650098 0.2549963 0.2329132 0.0134187 0.2510623 0.2554354 0.0305183 0.4110289 0.2510493 0.2372187 0.2596179 0.0066821 0.3646174 0.0994548 0.2554296 0.2743495 0.0919088 0.2561159 0.2645378 0.0134177 0.2655579 0.2511143 0.4108804 0.0000000 0.2701510 
n286_287   0.2660435 0.2803073 0.2701406 0.1428611 0.2700145 0.2708209 0.2662171 0.2696406 0.3727620 0.2660306 0.1427251 0.2652853 0.2606412 0.3996923 0.2754566 0.2660435 0.2951503 0.2659146 0.2663454 0.2751618 0.2651803 0.0066965 0.2612512 0.3782894 0.2701510 0.0000000 
