25
n289_290   0.0000000 0.0699040 0.0341556 0.2848049 0.3509670 0.0662610 0.0067079 0.3561652 0.4289060 0.0735750 0.2896942 0.0412121 0.3457008 0.3147955 0.3990413 0.0067079 0.1843532 0.4046705 0.0699004 0.0960246 0.3623715 0.2799621 0.0809790 0.3952420 0.2802227 
n294_295   0.0699040 0.0000000 0.0626941 0.2753007 0.3252880 0.0100863 0.0699177 0.3407755 0.4177871 0.0033470 0.2801325 0.0700553 0.3201871 0.3150925 0.3664995 0.0699177 0.1592612 0.3719043 0.0134758 0.0810762 0.3362840 0.2658769 0.0203005 0.3844855 0.2661204 
n295_296   0.0341556 0.0626941 0.0000000 0.2801993 0.3409662 0.0590802 0.0341622 0.3461050 0.4294276 0.0663344 0.2850621 0.0067215 0.3357621 0.3202421 0.3830025 0.0341622 0.1761145 0.3885223 0.0626908 0.0885901 0.3522158 0.2753820 0.0663283 0.3956615 0.2756365 
n266_267   0.2848049 0.2753007 0.2801993 0.0000000 0.2843866 0.2705423 0.2848668 0.2891624 0.4217545 0.2801325 0.0033395 0.2902614 0.2795621 0.3084642 0.2982769 0.2751648 0.2947822 0.3032085 0.2564477 0.2520043 0.2848800 0.1592567 0.2899091 0.3885757 0.1593876 
n299_300   0.3509670 0.3252880 0.3409662 0.2843866 0.0000000 0.3306327 0.3563035 0.0305582 0.4827103 0.3304548 0.2892669 0.3519359 0.0033360 0.3612590 0.0880215 0.3508771 0.3248689 0.0917591 0.3204342 0.3106921 0.0134518 0.2942425 0.3356484 0.4588274 0.2945185 
n298_299   0.0662610 0.0100863 0.0590802 0.2705423 0.3306327 0.0000000 0.0662739 0.3462363 0.4120613 0.0134786 0.2655667 0.0664040 0.3254939 0.3100783 0.3721498 0.0662739 0.1551729 0.3775973 0.0100858 0.0773755 0.3417212 0.2515822 0.0203114 0.3789920 0.2518093 
n290_291   0.0067079 0.0699177 0.0341622 0.2848668 0.3563035 0.0662739 0.0000000 0.3615364 0.4290022 0.0735894 0.2897573 0.0412201 0.3510010 0.3249931 0.3991298 0.0067092 0.1843912 0.4047604 0.0699141 0.0960437 0.3677974 0.2800230 0.0809950 0.3953300 0.2802828 
n274_275   0.3561652 0.3407755 0.3461050 0.2891624 0.0305582 0.3462363 0.3615364 0.0000000 0.4699194 0.3460480 0.2940722 0.3571506 0.0271027 0.3612672 0.0917393 0.3560736 0.3403296 0.0954941 0.3358350 0.3259168 0.0305994 0.2892107 0.3513463 0.4525159 0.2894808 
n251_252   0.4289060 0.4177871 0.4294276 0.4217545 0.4827103 0.4120613 0.4290022 0.4699194 0.0000000 0.4236297 0.4276088 0.4418462 0.4764738 0.2451578 0.5271722 0.4230206 0.4166895 0.5272452 0.4064339 0.3954121 0.4837342 0.4399595 0.4354619 0.0515424 0.4404366 
n293_294   0.0735750 0.0033470 0.0663344 0.2801325 0.3304548 0.0134786 0.0735894 0.3460480 0.4236297 0.0000000 0.2849956 0.0737345 0.3253194 0.3201907 0.3719438 0.0735894 0.1633958 0.3773874 0.0168826 0.0848070 0.3415355 0.2706512 0.0237377 0.3900838 0.2709003 
n265_266   0.2896942 0.2801325 0.2850621 0.0033395 0.2892669 0.2655667 0.2897573 0.2940722 0.4276088 0.2849956 0.0000000 0.2951941 0.2844117 0.3134966 0.3032363 0.2799926 0.2997396 0.3082001 0.2611623 0.2566953 0.2897713 0.1550365 0.2948360 0.3941887 0.1551636 
n296_297   0.0412121 0.0700553 0.0067215 0.2902614 0.3519359 0.0664040 0.0412201 0.3571506 0.4418462 0.0737345 0.2951941 0.0000000 0.3466526 0.3308989 0.3889652 0.0412201 0.1847824 0.3945323 0.0700517 0.0962371 0.3633792 0.2853771 0.0737277 0.4075252 0.2856436 
n300_301   0.3457008 0.3201871 0.3357621 0.2795621 0.0033360 0.3254939 0.3510010 0.0271027 0.4764738 0.3253194 0.2844117 0.3466526 0.0000000 0.3614573 0.0843018 0.3456126 0.3197777 0.0880215 0.3153616 0.3056772 0.0100673 0.2893550 0.3304788 0.4527700 0.2896251 
n244_245   0.3147955 0.3150925 0.3202421 0.3084642 0.3612590 0.3100783 0.3249931 0.3612672 0.2451578 0.3201907 0.3134966 0.3308989 0.3614573 0.0000000 0.3991934 0.3197867 0.3146013 0.4048294 0.3051286 0.3003914 0.3675247 0.3398216 0.3202970 0.2275510 0.3401555 
n278_279   0.3990413 0.3664995 0.3830025 0.2982769 0.0880215 0.3721498 0.3991298 0.0917393 0.5271722 0.3719438 0.3032363 0.3889652 0.0843018 0.3991934 0.0000000 0.3878981 0.3660696 0.0033267 0.3614194 0.3461013 0.0881461 0.3289000 0.3774119 0.4955542 0.3292189 
n287_288   0.0067079 0.0699177 0.0341622 0.2751648 0.3508771 0.0662739 0.0067092 0.3560736 0.4230206 0.0735894 0.2799926 0.0412201 0.3456126 0.3197867 0.3878981 0.0000000 0.1759023 0.3934471 0.0699141 0.0960437 0.3622774 0.2751233 0.0809950 0.3896011 0.2753782 
n200_201   0.1843532 0.1592612 0.1761145 0.2947822 0.3248689 0.1551729 0.1843912 0.3403296 0.4166895 0.1633958 0.2997396 0.1847824 0.3197777 0.3146013 0.3660696 0.1759023 0.0000000 0.3714661 0.1511144 0.1513432 0.3358457 0.2903191 0.1717488 0.3834996 0.2905917 
n277_278   0.4046705 0.3719043 0.3885223 0.3032085 0.0917591 0.3775973 0.4047604 0.0954941 0.5272452 0.3773874 0.3082001 0.3945323 0.0880215 0.4048294 0.0033267 0.3934471 0.3714661 0.0000000 0.3667926 0.3513773 0.0918894 0.3340381 0.3828938 0.4956213 0.3343634 
n297_298   0.0699004 0.0134758 0.0626908 0.2564477 0.3204342 0.0100858 0.0699141 0.3358350 0.4064339 0.0168826 0.2611623 0.0700517 0.3153616 0.3051286 0.3614194 0.0699141 0.1511144 0.3667926 0.0000000 0.0736947 0.3313595 0.2472392 0.0237454 0.3735856 0.2474617 
n236_237   0.0960246 0.0810762 0.0885901 0.2520043 0.3106921 0.0773755 0.0960437 0.3259168 0.3954121 0.0848070 0.2566953 0.0962371 0.3056772 0.3003914 0.3461013 0.0960437 0.1513432 0.3513773 0.0736947 0.0000000 0.3214745 0.2425822 0.0923338 0.3521924 0.2427995 
n280_281   0.3623715 0.3362840 0.3522158 0.2848800 0.0134518 0.3417212 0.3677974 0.0305994 0.4837342 0.3415355 0.2897713 0.3633792 0.0100673 0.3675247 0.0881461 0.3622774 0.3358457 0.0918894 0.3313595 0.3214745 0.0000000 0.2947583 0.3468134 0.4597793 0.2950358 
n285_286   0.2799621 0.2658769 0.2753820 0.1592567 0.2942425 0.2515822 0.2800230 0.2892107 0.4399595 0.2706512 0.1550365 0.2853771 0.2893550 0.3398216 0.3289000 0.2751233 0.2903191 0.3340381 0.2472392 0.2425822 0.2947583 0.0000000 0.2803108 0.4116981 0.0067000 
n275_276   0.0809790 0.0203005 0.0663283 0.2899091 0.3356484 0.0203114 0.0809950 0.3513463 0.4354619 0.0237377 0.2948360 0.0737277 0.3304788 0.3202970 0.3774119 0.0809950 0.1717488 0.3828938 0.0237454 0.0923338 0.3468134 0.2803108 0.0000000 0.4014198 0.2805713 
n255_256   0.3952420 0.3844855 0.3956615 0.3885757 0.4588274 0.3789920 0.3953300 0.4525159 0.0515424 0.3900838 0.3941887 0.4075252 0.4527700 0.2275510 0.4955542 0.3896011 0.3834996 0.4956213 0.3735856 0.3521924 0.4597793 0.4116981 0.4014198 0.0000000 0.4121336 
n286_287   0.2802227 0.2661204 0.2756365 0.1593876 0.2945185 0.2518093 0.2802828 0.2894808 0.4404366 0.2709003 0.1551636 0.2856436 0.2896251 0.3401555 0.3292189 0.2753782 0.2905917 0.3343634 0.2474617 0.2427995 0.2950358 0.0067000 0.2805713 0.4121336 0.0000000 
