23
n289_290   0.0000000 0.0271630 0.0134441 0.2381637 0.2811248 0.0306238 0.0066851 0.2864462 0.3667064 0.2429367 0.0202761 0.3377925 0.2966595 0.0100468 0.1240791 0.2963712 0.0816671 0.2912993 0.2957902 0.0272017 0.3266605 0.2861582 0.3166663 
n294_295   0.0271630 0.0000000 0.0271754 0.2528325 0.2913406 0.0168356 0.0271630 0.2967497 0.3844662 0.2577135 0.0341573 0.3488791 0.3071210 0.0306183 0.1242371 0.3068201 0.0931806 0.3016699 0.3117266 0.0134592 0.3433369 0.2964486 0.3331122 
n295_296   0.0134441 0.0271754 0.0000000 0.2334157 0.2760893 0.0306378 0.0134441 0.2813683 0.3610051 0.2381551 0.0066871 0.3323371 0.2915052 0.0168374 0.1200782 0.2912231 0.0817045 0.2861889 0.2906506 0.0272141 0.3212930 0.2810866 0.3113694 
n266_267   0.2381637 0.2528325 0.2334157 0.0000000 0.2387885 0.2575561 0.2335265 0.2437901 0.3239387 0.0169448 0.2243126 0.3124263 0.2338919 0.2427645 0.2727978 0.2286035 0.2689514 0.2535394 0.1405881 0.2485333 0.2968436 0.2435525 0.1572542 
n299_300   0.2811248 0.2913406 0.2760893 0.2387885 0.0000000 0.2962925 0.2762276 0.0067483 0.4158412 0.2482801 0.2763155 0.2966119 0.0819233 0.2859821 0.3237773 0.0743706 0.3151955 0.0101548 0.2477093 0.2868790 0.3785915 0.0033641 0.2574986 
n298_299   0.0306238 0.0168356 0.0306378 0.2575561 0.2962925 0.0000000 0.0306238 0.3017410 0.3782124 0.2624686 0.0376542 0.3542187 0.3121830 0.0340935 0.1362736 0.3118761 0.0969887 0.3066909 0.3168153 0.0168595 0.3320626 0.3014337 0.3383485 
n290_291   0.0066851 0.0271630 0.0134441 0.2335265 0.2762276 0.0306238 0.0000000 0.2815103 0.3612067 0.2382689 0.0202761 0.3325157 0.2916543 0.0100468 0.1240791 0.2913719 0.0778857 0.2863342 0.2907989 0.0272017 0.3214633 0.2812283 0.3115325 
n274_275   0.2864462 0.2967497 0.2813683 0.2437901 0.0067483 0.3017410 0.2815103 0.0000000 0.4224152 0.2533562 0.2816000 0.3020687 0.0857930 0.2913420 0.3294788 0.0781902 0.3209310 0.0170208 0.2575351 0.2922588 0.3847868 0.0101481 0.2674700 
n251_252   0.3667064 0.3844662 0.3610051 0.3239387 0.4158412 0.3782124 0.3612067 0.4224152 0.0000000 0.3291181 0.3502621 0.3324458 0.3921460 0.3721682 0.4330072 0.4034696 0.4106652 0.4350543 0.3909695 0.3795121 0.0444130 0.4219380 0.4027525 
n265_266   0.2429367 0.2577135 0.2381551 0.0169448 0.2482801 0.2624686 0.2382689 0.2533562 0.3291181 0.0000000 0.2289940 0.3177334 0.2433142 0.2475674 0.2778254 0.2379366 0.2739678 0.2632406 0.1529846 0.2533916 0.3017529 0.2531074 0.1699551 
n296_297   0.0202761 0.0341573 0.0066871 0.2243126 0.2763155 0.0376542 0.0202761 0.2816000 0.3502621 0.2289940 0.0000000 0.3326216 0.2917473 0.0237013 0.1281385 0.2914647 0.0855703 0.2864254 0.2808751 0.0342059 0.3111261 0.2813178 0.3013228 
n244_245   0.3377925 0.3488791 0.3323371 0.3124263 0.2966119 0.3542187 0.3325157 0.3020687 0.3324458 0.3177334 0.3326216 0.0000000 0.3122104 0.3322914 0.4012650 0.3010331 0.3984087 0.3126449 0.3483303 0.3441342 0.2995592 0.3017607 0.3592219 
n278_279   0.2966595 0.3071210 0.2915052 0.2338919 0.0819233 0.3121830 0.2916543 0.0857930 0.3921460 0.2433142 0.2917473 0.3122104 0.0000000 0.3016242 0.3508765 0.0203828 0.3369390 0.0934924 0.2768642 0.3025783 0.3505256 0.0857203 0.2923431 
n287_288   0.0100468 0.0306183 0.0168374 0.2427645 0.2859821 0.0340935 0.0100468 0.2913420 0.3721682 0.2475674 0.0237013 0.3322914 0.3016242 0.0000000 0.1239650 0.3013300 0.0853984 0.2962240 0.3007411 0.0306619 0.3318174 0.2910479 0.3217594 
n200_201   0.1240791 0.1242371 0.1200782 0.2727978 0.3237773 0.1362736 0.1240791 0.3294788 0.4330072 0.2778254 0.1281385 0.4012650 0.3508765 0.1239650 0.0000000 0.3449732 0.1578612 0.3346244 0.3226272 0.1324651 0.3889211 0.3291345 0.3443565 
n277_278   0.2963712 0.3068201 0.2912231 0.2286035 0.0743706 0.3118761 0.2913719 0.0781902 0.4034696 0.2379366 0.2914647 0.3010331 0.0203828 0.3013300 0.3449732 0.0000000 0.3365990 0.0857988 0.2662802 0.3022824 0.3612162 0.0781245 0.2814882 
n236_237   0.0816671 0.0931806 0.0817045 0.2689514 0.3151955 0.0969887 0.0778857 0.3209310 0.4106652 0.2739678 0.0855703 0.3984087 0.3369390 0.0853984 0.1578612 0.3365990 0.0000000 0.3259641 0.3139825 0.0933164 0.3737591 0.3100110 0.3355477 
n280_281   0.2912993 0.3016699 0.2861889 0.2535394 0.0101548 0.3066909 0.2863342 0.0170208 0.4350543 0.2632406 0.2864254 0.3126449 0.0934924 0.2962240 0.3346244 0.0857988 0.3259641 0.0000000 0.2574341 0.2971578 0.3967226 0.0135753 0.2673651 
n285_286   0.2957902 0.3117266 0.2906506 0.1405881 0.2477093 0.3168153 0.2907989 0.2575351 0.3909695 0.1529846 0.2808751 0.3483303 0.2768642 0.3007411 0.3226272 0.2662802 0.3139825 0.2574341 0.0000000 0.3071652 0.3550479 0.2525260 0.0134393 
n275_276   0.0272017 0.0134592 0.0272141 0.2485333 0.2868790 0.0168595 0.0272017 0.2922588 0.3795121 0.2533916 0.0342059 0.3441342 0.3025783 0.0306619 0.1324651 0.3022824 0.0933164 0.2971578 0.3071652 0.0000000 0.3386189 0.2919629 0.3284423 
n255_256   0.3266605 0.3433369 0.3212930 0.2968436 0.3785915 0.3320626 0.3214633 0.3847868 0.0444130 0.3017529 0.3111261 0.2995592 0.3505256 0.3318174 0.3889211 0.3612162 0.3737591 0.3967226 0.3550479 0.3386189 0.0000000 0.3843665 0.3662216 
n292_293   0.2861582 0.2964486 0.2810866 0.2435525 0.0033641 0.3014337 0.2812283 0.0101481 0.4219380 0.2531074 0.2813178 0.3017607 0.0857203 0.2910479 0.3291345 0.0781245 0.3100110 0.0135753 0.2525260 0.2919629 0.3843665 0.0000000 0.2623837 
n286_287   0.3166663 0.3331122 0.3113694 0.1572542 0.2574986 0.3383485 0.3115325 0.2674700 0.4027525 0.1699551 0.3013228 0.3592219 0.2923431 0.3217594 0.3443565 0.2814882 0.3355477 0.2673651 0.0134393 0.3284423 0.3662216 0.2623837 0.0000000 
