26
n285_288   0.0000000 3.2745741 8.9999986 2.5728640 3.0587032 2.7380016 2.9515909 1.1139987 2.3637340 3.8180754 1.0022642 2.5973855 3.0207901 3.1053581 2.6765554 2.4212873 2.5842262 2.6585100 3.1222007 2.2571991 2.3606729 0.0344154 3.3893854 2.6643762 3.4373284 3.3383735 
n297_300   3.2745741 0.0000000 5.2214624 5.2650497 0.4210965 0.3962110 0.3556856 3.5545944 5.0170580 0.0412050 2.6669413 3.9184439 0.3684684 3.5607312 1.2259723 5.1720393 3.1549820 0.1583952 0.1627968 3.9321228 4.8456536 3.5111830 0.1629716 0.3891922 0.7806947 5.2777578 
n251_254   8.9999986 5.2214624 0.0000000 6.2232432 7.5214285 8.9999983 6.8931196 3.9503305 7.1264167 3.9880239 3.2173302 6.0663107 5.6791523 0.3298443 3.4428233 9.0000000 4.0220798 3.8431740 3.9596071 9.0000000 7.2310034 5.0120903 3.7743059 8.9999990 8.7649046 3.6224312 
n280_283   2.5728640 5.2650497 6.2232432 0.0000000 3.3056921 3.3979780 2.5927312 2.2878568 0.0941801 6.0234828 1.7926268 0.4481986 2.7718926 3.8475397 3.8511086 0.0826828 0.4830843 3.5808222 5.5492203 0.1351645 0.0827534 2.7941855 4.5917746 3.1665650 2.4534507 4.2570048 
n287_290   3.0587032 0.4210965 7.5214285 3.3056921 0.0000000 0.0628896 0.1937357 3.0873639 3.3129703 0.4075413 2.5622688 3.3823038 0.1988152 4.3429440 1.3356760 3.1952921 3.4466673 0.3832715 0.3905129 2.8332532 3.2217763 3.2044205 0.3976944 0.0519395 0.8998629 6.9293734 
n289_292   2.7380016 0.3962110 8.9999983 3.3979780 0.0628896 0.0000000 0.1936446 2.6736224 3.4756657 0.3831644 2.2988627 2.9428891 0.1987195 3.9277401 1.2681933 3.3815093 2.8903421 0.3838814 0.3724371 2.8320938 3.4144231 2.9266656 0.3673687 0.0271695 0.8540816 9.0000000 
n296_299   2.9515909 0.3556856 6.8931196 2.5927312 0.1937357 0.1936446 0.0000000 2.7401431 2.8833502 0.3380172 2.7384817 2.5872855 0.0342187 3.8479864 1.2621243 2.7833158 2.5434874 0.3445843 0.3273250 2.4276222 2.7993885 3.1433406 0.3393932 0.1801524 0.6919861 5.1690421 
n265_268   1.1139987 3.5545944 3.9503305 2.2878568 3.0873639 2.6736224 2.7401431 0.0000000 2.0478464 3.6486011 0.1597511 1.5056999 2.3852105 3.5127814 3.2620616 1.9480954 1.5730854 3.1787363 3.4683293 2.0508246 2.0186015 1.0484310 3.8106323 2.8060180 2.3438218 2.5953228 
n292_295   2.3637340 5.0170580 7.1264167 0.0941801 3.3129703 3.4756657 2.8833502 2.0478464 0.0000000 5.3867076 1.8462427 0.4016488 3.1059205 3.6803029 3.1409561 0.0487906 0.4464391 3.5905722 6.8360165 0.1220368 0.0488295 2.5560697 5.3277445 3.2403003 2.3905282 6.3868846 
n298_301   3.8180754 0.0412050 3.9880239 6.0234828 0.4075413 0.3831644 0.3380172 3.6486011 5.3867076 0.0000000 2.9660304 4.8119710 0.3443644 2.9261286 1.2170513 5.5805130 4.0528600 0.1498955 0.1542340 4.1124932 5.1873376 4.1796091 0.1543998 0.3763085 0.7609905 6.0626348 
n266_269   1.0022642 2.6669413 3.2173302 1.7926268 2.5622688 2.2988627 2.7384817 0.1597511 1.8462427 2.9660304 0.0000000 1.4700951 2.4390526 3.6280820 3.1976457 1.7597599 1.3776952 2.5556993 2.4627681 1.7155488 1.7882027 0.9878969 2.7520937 2.3857661 2.8054757 2.5028386 
n277_280   2.5973855 3.9184439 6.0663107 0.4481986 3.3823038 2.9428891 2.5872855 1.5056999 0.4016488 4.8119710 1.4700951 0.0000000 2.6409098 8.9999990 3.4341306 0.4764718 0.1057239 2.6390181 3.2743734 0.4845423 0.4772774 2.5285020 3.5197124 3.1064766 2.0341899 3.4175479 
n295_298   3.0207901 0.3684684 5.6791523 2.7718926 0.1988152 0.1987195 0.0342187 2.3852105 3.1059205 0.3443644 2.4390526 2.6409098 0.0000000 4.0683888 1.3090287 3.0578818 2.5133388 0.3626833 0.3395157 2.5760945 3.0806928 3.2218909 0.3518478 0.1850896 0.6929744 5.0948828 
n255_258   3.1053581 3.5607312 0.3298443 3.8475397 4.3429440 3.9277401 3.8479864 3.5127814 3.6803029 2.9261286 3.6280820 8.9999990 4.0683888 0.0000000 3.8929724 3.8737885 4.8183331 3.0276828 3.3834988 4.6254089 3.9366008 3.2771038 3.5226739 3.9550793 3.4277898 3.9946689 
n200_203   2.6765554 1.2259723 3.4428233 3.8511086 1.3356760 1.2681933 1.2621243 3.2620616 3.1409561 1.2170513 3.1976457 3.4341306 1.3090287 3.8929724 0.0000000 3.5236717 2.7887838 1.1924031 1.1230569 3.8209817 3.4675349 2.6856535 1.1980780 1.2693700 1.4445528 9.0000000 
n299_302   2.4212873 5.1720393 9.0000000 0.0826828 3.1952921 3.3815093 2.7833158 1.9480954 0.0487906 5.5805130 1.7597599 0.4764718 3.0578818 3.8737885 3.5236717 0.0000000 0.5112502 3.6977667 9.0000000 0.1142058 0.0135340 2.7910528 6.5169183 3.1601159 2.4294351 5.6119143 
n278_281   2.5842262 3.1549820 4.0220798 0.4830843 3.4466673 2.8903421 2.5434874 1.5730854 0.4464391 4.0528600 1.3776952 0.1057239 2.5133388 4.8183331 2.7887838 0.5112502 0.0000000 2.6714234 2.8496287 0.5203152 0.5121617 2.5834529 3.1275856 3.0547886 2.0665811 3.4963945 
n275_278   2.6585100 0.1583952 3.8431740 3.5808222 0.3832715 0.3838814 0.3445843 3.1787363 3.5905722 0.1498955 2.5556993 2.6390181 0.3626833 3.0276828 1.1924031 3.6977667 2.6714234 0.0000000 0.1253882 3.1284178 3.7460464 2.8090237 0.1293705 0.3712299 0.7778773 4.3305197 
n293_296   3.1222007 0.1627968 3.9596071 5.5492203 0.3905129 0.3724371 0.3273250 3.4683293 6.8360165 0.1542340 2.4627681 3.2743734 0.3395157 3.3834988 1.1230569 9.0000000 2.8496287 0.1253882 0.0000000 4.0726779 9.0000000 3.3357025 0.0377432 0.3599911 0.8001928 8.9999980 
n274_277   2.2571991 3.9321228 9.0000000 0.1351645 2.8332532 2.8320938 2.4276222 2.0508246 0.1220368 4.1124932 1.7155488 0.4845423 2.5760945 4.6254089 3.8209817 0.1142058 0.5203152 3.1284178 4.0726779 0.0000000 0.1182740 2.5405015 3.7664203 2.8039757 2.4944363 4.2731658 
n300_303   2.3606729 4.8456536 7.2310034 0.0827534 3.2217763 3.4144231 2.7993885 2.0186015 0.0488295 5.1873376 1.7882027 0.4772774 3.0806928 3.9366008 3.4675349 0.0135340 0.5121617 3.7460464 9.0000000 0.1182740 0.0000000 2.7107738 7.1419600 3.1857976 2.3908471 5.3784068 
n286_289   0.0344154 3.5111830 5.0120903 2.7941855 3.2044205 2.9266656 3.1433406 1.0484310 2.5560697 4.1796091 0.9878969 2.5285020 3.2218909 3.2771038 2.6856535 2.7910528 2.5834529 2.8090237 3.3357025 2.5405015 2.7107738 0.0000000 3.6497735 2.9259397 3.2945845 3.1035688 
n294_297   3.3893854 0.1629716 3.7743059 4.5917746 0.3976944 0.3673687 0.3393932 3.8106323 5.3277445 0.1543998 2.7520937 3.5197124 0.3518478 3.5226739 1.1980780 6.5169183 3.1275856 0.1293705 0.0377432 3.7664203 7.1419600 3.6497735 0.0000000 0.3550036 0.7905801 8.9999984 
n290_293   2.6643762 0.3891922 8.9999990 3.1665650 0.0519395 0.0271695 0.1801524 2.8060180 3.2403003 0.3763085 2.3857661 3.1064766 0.1850896 3.9550793 1.2693700 3.1601159 3.0547886 0.3712299 0.3599911 2.8039757 3.1857976 2.9259397 0.3550036 0.0000000 0.8519870 8.4483554 
n236_239   3.4373284 0.7806947 8.7649046 2.4534507 0.8998629 0.8540816 0.6919861 2.3438218 2.3905282 0.7609905 2.8054757 2.0341899 0.6929744 3.4277898 1.4445528 2.4294351 2.0665811 0.7778773 0.8001928 2.4944363 2.3908471 3.2945845 0.7905801 0.8519870 0.0000000 5.4897682 
n244_247   3.3383735 5.2777578 3.6224312 4.2570048 6.9293734 9.0000000 5.1690421 2.5953228 6.3868846 6.0626348 2.5028386 3.4175479 5.0948828 3.9946689 9.0000000 5.6119143 3.4963945 4.3305197 8.9999980 4.2731658 5.3784068 3.1035688 8.9999984 8.4483554 5.4897682 0.0000000 
