14
n274_259   0.0000000 0.3754610 0.0168740 0.3364280 0.0699986 0.3203319 0.2356313 0.0736462 0.0168693 0.0202907 0.3566184 0.3702519 0.3098618 0.2452134 
n255_246   0.3754610 0.0000000 0.3649482 0.2964321 0.3701987 0.3774081 0.3007582 0.3756196 0.3645735 0.3704106 0.3866235 0.0521429 0.3660184 0.2954380 
n299_270   0.0168740 0.3649482 0.0000000 0.3369889 0.0590632 0.3151893 0.2360003 0.0626614 0.0134666 0.0033424 0.3569037 0.3596749 0.3047929 0.2502099 
n244_235   0.3364280 0.2964321 0.3369889 0.0000000 0.3369533 0.3890235 0.3114291 0.3421390 0.3314924 0.3422453 0.3986339 0.2966011 0.3774480 0.3113341 
n277_260   0.0699986 0.3701987 0.0590632 0.3369533 0.0000000 0.3047793 0.2359361 0.0100563 0.0663282 0.0626741 0.3623948 0.3761441 0.2945319 0.2501433 
n286_267   0.3203319 0.3774081 0.3151893 0.3890235 0.3047793 0.0000000 0.1569163 0.3044348 0.3150887 0.3202919 0.3252401 0.3721025 0.0134318 0.1485406 
n266_255   0.2356313 0.3007582 0.2360003 0.3114291 0.2359361 0.1569163 0.0000000 0.2404687 0.2404752 0.2405847 0.2544015 0.2906574 0.1485812 0.0272434 
n278_261   0.0736462 0.3756196 0.0626614 0.3421390 0.0100563 0.3044348 0.2404687 0.0000000 0.0699587 0.0662877 0.3565033 0.3816101 0.2942006 0.2547618 
n280_263   0.0168693 0.3645735 0.0134666 0.3314924 0.0663282 0.3150887 0.2404752 0.0699587 0.0000000 0.0168680 0.3567891 0.3651074 0.3046958 0.2501316 
n292_269   0.0202907 0.3704106 0.0033424 0.3422453 0.0626741 0.3202919 0.2405847 0.0662877 0.0168680 0.0000000 0.3622845 0.3651019 0.3098242 0.2548832 
n200_195   0.3566184 0.3866235 0.3569037 0.3986339 0.3623948 0.3252401 0.2544015 0.3565033 0.3567891 0.3622845 0.0000000 0.4048817 0.3093562 0.2403724 
n251_242   0.3702519 0.0521429 0.3596749 0.2966011 0.3761441 0.3721025 0.2906574 0.3816101 0.3651074 0.3651019 0.4048817 0.0000000 0.3607886 0.2804135 
n285_266   0.3098618 0.3660184 0.3047929 0.3774480 0.2945319 0.0134318 0.1485812 0.2942006 0.3046958 0.3098242 0.3093562 0.3607886 0.0000000 0.1403065 
n265_254   0.2452134 0.2954380 0.2502099 0.3113341 0.2501433 0.1485406 0.0272434 0.2547618 0.2501316 0.2548832 0.2403724 0.2804135 0.1403065 0.0000000 
