25
n289_290   0.0000000 0.0486259 0.0169210 0.2789151 0.2945373 0.0413848 0.0067058 0.2944100 0.4719604 0.0595885 0.2733707 0.0273188 0.3847623 0.2957662 0.0169124 0.1951414 0.2740616 0.0378580 0.1256040 0.3004197 0.2684221 0.0450922 0.4383723 0.2946886 0.2736555 
n294_295   0.0486259 0.0000000 0.0522614 0.2734822 0.2938280 0.0272827 0.0558828 0.2937013 0.4798821 0.0100936 0.2679891 0.0596059 0.3853994 0.2955773 0.0669839 0.1953248 0.2738787 0.0238239 0.1216463 0.2996955 0.2630803 0.0343788 0.4525178 0.2939786 0.2682684 
n295_296   0.0169210 0.0522614 0.0000000 0.2739740 0.2890717 0.0449714 0.0238165 0.2889480 0.4724309 0.0632934 0.2684703 0.0169276 0.3785229 0.2902739 0.0272880 0.1904781 0.2687591 0.0414262 0.1214554 0.2948973 0.2686047 0.0487113 0.4387845 0.2892198 0.2738438 
n266_267   0.2789151 0.2734822 0.2739740 0.0000000 0.2041048 0.2732944 0.2837227 0.2040313 0.4130338 0.2893391 0.0100639 0.2740150 0.3531514 0.2095844 0.2895161 0.2835403 0.1905941 0.2684219 0.3056894 0.2090962 0.1253358 0.2844938 0.3635604 0.2042055 0.1294651 
n299_300   0.2945373 0.2938280 0.2890717 0.2041048 0.0000000 0.2833689 0.2994377 0.0100603 0.4429540 0.3101705 0.1996439 0.2942662 0.3824878 0.0558325 0.2994011 0.2991598 0.0413576 0.2784342 0.3383002 0.0134730 0.1896317 0.3056253 0.3736928 0.0033408 0.1850152 
n298_299   0.0413848 0.0272827 0.0449714 0.2732944 0.2833689 0.0000000 0.0485491 0.2832491 0.4588334 0.0378505 0.2678074 0.0522167 0.3843456 0.2896700 0.0595003 0.1859433 0.2632434 0.0033397 0.1133956 0.2891302 0.2629035 0.0273106 0.4387864 0.2835135 0.2680862 
n290_291   0.0067058 0.0558828 0.0238165 0.2837227 0.2994377 0.0485491 0.0000000 0.2993073 0.4780773 0.0669759 0.2781406 0.0343343 0.3968866 0.3006888 0.0238043 0.1994537 0.2788437 0.0449878 0.1338039 0.3053631 0.2731636 0.0523189 0.4442426 0.2995916 0.2784298 
n274_275   0.2944100 0.2937013 0.2889480 0.2040313 0.0100603 0.2832491 0.2993073 0.0000000 0.4427061 0.3100326 0.2086249 0.2941391 0.3766581 0.0521952 0.2992706 0.2990294 0.0378061 0.2783175 0.3381418 0.0100777 0.1983767 0.3054903 0.3735065 0.0066936 0.1936996 
n251_252   0.4719604 0.4798821 0.4724309 0.4130338 0.4429540 0.4588334 0.4780773 0.4427061 0.0000000 0.5016556 0.4061295 0.4797315 0.3913786 0.4531686 0.4937524 0.4636030 0.4191899 0.4588980 0.4575152 0.4440946 0.3984944 0.4741004 0.0597739 0.4431961 0.4048982 
n293_294   0.0595885 0.0100936 0.0632934 0.2893391 0.3101705 0.0378505 0.0669759 0.3100326 0.5016556 0.0000000 0.2836958 0.0707784 0.4042128 0.3120364 0.0782893 0.2093151 0.2897615 0.0343389 0.1340368 0.3162105 0.2684376 0.0450968 0.4734229 0.3103308 0.2736737 
n265_266   0.2733707 0.2679891 0.2684703 0.0100639 0.1996439 0.2678074 0.2781406 0.2086249 0.4061295 0.2836958 0.0000000 0.2685107 0.3524721 0.2142340 0.2838718 0.2779584 0.1951014 0.2629748 0.2998895 0.2137333 0.1131778 0.2788915 0.3571806 0.1997423 0.1172244 
n296_297   0.0273188 0.0596059 0.0169276 0.2740150 0.2942662 0.0522167 0.0343343 0.2941391 0.4797315 0.0707784 0.2685107 0.0000000 0.3787368 0.2954931 0.0378651 0.1997157 0.2738083 0.0486338 0.1296970 0.3001430 0.2686451 0.0523251 0.4457357 0.2944172 0.2738847 
n244_245   0.3847623 0.3853994 0.3785229 0.3531514 0.3824878 0.3843456 0.3968866 0.3766581 0.3913786 0.4042128 0.3524721 0.3787368 0.0000000 0.3773098 0.3962528 0.4251197 0.3529105 0.3787195 0.3822418 0.3834306 0.3633761 0.3977929 0.3675265 0.3826901 0.3693863 
n278_279   0.2957662 0.2955773 0.2902739 0.2095844 0.0558325 0.2896700 0.3006888 0.0521952 0.4531686 0.3120364 0.2142340 0.2954931 0.3773098 0.0000000 0.3006521 0.2898165 0.0203798 0.2846805 0.3338599 0.0522317 0.1992734 0.3069094 0.3875976 0.0522326 0.1945714 
n287_288   0.0169124 0.0669839 0.0272880 0.2895161 0.2994011 0.0595003 0.0238043 0.2992706 0.4937524 0.0782893 0.2838718 0.0378651 0.3962528 0.3006521 0.0000000 0.2088867 0.2788061 0.0558824 0.1379226 0.3053268 0.2841210 0.0633698 0.4451028 0.2995550 0.2894875 
n200_201   0.1951414 0.1953248 0.1904781 0.2835403 0.2991598 0.1859433 0.1994537 0.2990294 0.4636030 0.2093151 0.2779584 0.1997157 0.4251197 0.2898165 0.2088867 0.0000000 0.2787625 0.1816215 0.1858311 0.3050837 0.2621163 0.1955301 0.4509358 0.2993135 0.2672820 
n277_278   0.2740616 0.2738787 0.2687591 0.1905941 0.0413576 0.2632434 0.2788437 0.0378061 0.4191899 0.2897615 0.1951014 0.2738083 0.3529105 0.0203798 0.2788061 0.2787625 0.0000000 0.2584336 0.3108562 0.0378321 0.1853606 0.2848021 0.3568047 0.0378327 0.1807726 
n297_298   0.0378580 0.0238239 0.0414262 0.2684219 0.2784342 0.0033397 0.0449878 0.2783175 0.4588980 0.0343389 0.2629748 0.0486338 0.3787195 0.2846805 0.0558824 0.1816215 0.2584336 0.0000000 0.1094910 0.2841508 0.2581012 0.0238483 0.4388475 0.2785762 0.2632490 
n236_237   0.1256040 0.1216463 0.1214554 0.3056894 0.3383002 0.1133956 0.1338039 0.3381418 0.4575152 0.1340368 0.2998895 0.1296970 0.3822418 0.3338599 0.1379226 0.1858311 0.3108562 0.1094910 0.0000000 0.3446402 0.2880631 0.1217735 0.4382031 0.3384770 0.2934452 
n280_281   0.3004197 0.2996955 0.2948973 0.2090962 0.0134730 0.2891302 0.3053631 0.0100777 0.4440946 0.3162105 0.2137333 0.3001430 0.3834306 0.0522317 0.3053268 0.3050837 0.0378321 0.2841508 0.3446402 0.0000000 0.2033644 0.3116285 0.3746153 0.0100846 0.1986402 
n285_286   0.2684221 0.2630803 0.2686047 0.1253358 0.1896317 0.2629035 0.2731636 0.1983767 0.3984944 0.2684376 0.1131778 0.2686451 0.3633761 0.1992734 0.2841210 0.2621163 0.1853606 0.2581012 0.2880631 0.2033644 0.0000000 0.2738975 0.3679942 0.1896545 0.0033330 
n275_276   0.0450922 0.0343788 0.0487113 0.2844938 0.3056253 0.0273106 0.0523189 0.3054903 0.4741004 0.0450968 0.2788915 0.0523251 0.3977929 0.3069094 0.0633698 0.1955301 0.2848021 0.0238483 0.1217735 0.3116285 0.2738975 0.0000000 0.4469207 0.3057831 0.2791821 
n255_256   0.4383723 0.4525178 0.4387845 0.3635604 0.3736928 0.4387864 0.4442426 0.3735065 0.0597739 0.4734229 0.3571806 0.4457357 0.3675265 0.3875976 0.4451028 0.4509358 0.3568047 0.4388475 0.4382031 0.3746153 0.3679942 0.4469207 0.0000000 0.3738911 0.3741040 
n292_293   0.2946886 0.2939786 0.2892198 0.2042055 0.0033408 0.2835135 0.2995916 0.0066936 0.4431961 0.3103308 0.1997423 0.2944172 0.3826901 0.0522326 0.2995550 0.2993135 0.0378327 0.2785762 0.3384770 0.0100846 0.1896545 0.3057831 0.3738911 0.0000000 0.1850373 
n286_287   0.2736555 0.2682684 0.2738438 0.1294651 0.1850152 0.2680862 0.2784298 0.1936996 0.4048982 0.2736737 0.1172244 0.2738847 0.3693863 0.1945714 0.2894875 0.2672820 0.1807726 0.2632490 0.2934452 0.1986402 0.0033330 0.2791821 0.3741040 0.1850373 0.0000000 
