25
n289_290   0.0000000 0.0411979 0.0168564 0.2496234 0.2171027 0.0518116 0.0134893 0.2302869 0.4291156 0.0518784 0.2446198 0.0134555 0.2217744 0.4057759 0.2171926 0.0100823 0.1522250 0.2261796 0.0376418 0.0924274 0.2257570 0.2488618 0.0411649 0.4045532 0.2351291 
n294_295   0.0411979 0.0000000 0.0376761 0.2455740 0.2173372 0.0237108 0.0412947 0.2305383 0.4414740 0.0100636 0.2405900 0.0341740 0.2220151 0.4169387 0.2174274 0.0377206 0.1484785 0.2264260 0.0100701 0.0850677 0.2260025 0.2497015 0.0134587 0.3987540 0.2359154 
n295_296   0.0168564 0.0376761 0.0000000 0.2497248 0.2130131 0.0482430 0.0168955 0.2261528 0.4346511 0.0483050 0.2447185 0.0033419 0.2176646 0.4051948 0.2131009 0.0134700 0.1522787 0.2220544 0.0341399 0.0850133 0.2216396 0.2489626 0.0376459 0.4039756 0.2352226 
n266_267   0.2496234 0.2455740 0.2497248 0.0000000 0.2640547 0.2594600 0.2551174 0.2736020 0.4802321 0.2548003 0.0100673 0.2450663 0.2690642 0.4458454 0.2639367 0.2500478 0.2699595 0.2688260 0.2406358 0.2403119 0.2687983 0.1316974 0.2453641 0.4417508 0.1196832 
n299_300   0.2171027 0.2173372 0.2130131 0.2640547 0.0000000 0.2211875 0.2175007 0.0202745 0.4036366 0.2169436 0.2589397 0.2127276 0.0033449 0.4032468 0.0518193 0.2174636 0.2406904 0.0518193 0.2126210 0.2080311 0.0168574 0.2678901 0.2171534 0.3744172 0.2538223 
n298_299   0.0518116 0.0237108 0.0482430 0.2594600 0.2211875 0.0000000 0.0519342 0.2344169 0.4527794 0.0341182 0.2543755 0.0446952 0.2212821 0.4159458 0.2212795 0.0483002 0.1607218 0.2303004 0.0134476 0.0963165 0.2298699 0.2636349 0.0236918 0.4094885 0.2496163 
n290_291   0.0134893 0.0412947 0.0168955 0.2551174 0.2175007 0.0519342 0.0000000 0.2307121 0.4353556 0.0520023 0.2500594 0.0134867 0.2221825 0.4118231 0.2175910 0.0101056 0.1568019 0.2265968 0.0377302 0.0926533 0.2213724 0.2543350 0.0412617 0.4046188 0.2404717 
n274_275   0.2302869 0.2305383 0.2261528 0.2736020 0.0202745 0.2344169 0.2307121 0.0000000 0.4093380 0.2301197 0.2684143 0.2258485 0.0237242 0.4093509 0.0589878 0.2306724 0.2592386 0.0589878 0.2257332 0.2210621 0.0237003 0.2678603 0.2303430 0.3799019 0.2537944 
n251_252   0.4291156 0.4414740 0.4346511 0.4802321 0.4036366 0.4527794 0.4353556 0.4093380 0.0000000 0.4533979 0.4796692 0.4287035 0.4097720 0.3904182 0.4042238 0.4352649 0.4663027 0.4220513 0.4414842 0.4524455 0.4097497 0.4411013 0.4354929 0.0555806 0.4233616 
n293_294   0.0518784 0.0100636 0.0483050 0.2548003 0.2169436 0.0341182 0.0520023 0.2301197 0.4533979 0.0000000 0.2497493 0.0447525 0.2216122 0.4167059 0.2170334 0.0483622 0.1566123 0.2260147 0.0202841 0.0887397 0.2255926 0.2589595 0.0237218 0.4100207 0.2450183 
n265_266   0.2446198 0.2405900 0.2447185 0.0100673 0.2589397 0.2543755 0.2500594 0.2684143 0.4796692 0.2497493 0.0000000 0.2400944 0.2639077 0.4512101 0.2588232 0.2450340 0.2647803 0.2636737 0.2356941 0.2353790 0.2636468 0.1275482 0.2403849 0.4471051 0.1156160 
n296_297   0.0134555 0.0341740 0.0033419 0.2450663 0.2127276 0.0446952 0.0134867 0.2258485 0.4287035 0.0447525 0.2400944 0.0000000 0.2173722 0.4053854 0.2128152 0.0100804 0.1481865 0.2217556 0.0306571 0.0849057 0.2213419 0.2443198 0.0341466 0.3982664 0.2306589 
n300_301   0.2217744 0.2220151 0.2176646 0.2690642 0.0033449 0.2212821 0.2221825 0.0237242 0.4097720 0.2216122 0.2639077 0.2173722 0.0000000 0.4093718 0.0554438 0.2221444 0.2455368 0.0554438 0.2127116 0.2126389 0.0202891 0.2729132 0.2218270 0.3802958 0.2587478 
n244_245   0.4057759 0.4169387 0.4051948 0.4458454 0.4032468 0.4159458 0.4118231 0.4093509 0.3904182 0.4167059 0.4512101 0.4053854 0.4093718 0.0000000 0.3915346 0.4117390 0.4389928 0.3803578 0.4169532 0.3934526 0.4034191 0.4021899 0.4230716 0.3722186 0.3743143 
n278_279   0.2171926 0.2174274 0.2131009 0.2639367 0.0518193 0.2212795 0.2175910 0.0589878 0.4042238 0.2170334 0.2588232 0.2128152 0.0554438 0.3915346 0.0000000 0.2175539 0.2456493 0.0100641 0.2127085 0.2124469 0.0518524 0.2631370 0.2172434 0.3917042 0.2491501 
n287_288   0.0100823 0.0377206 0.0134700 0.2500478 0.2174636 0.0483002 0.0101056 0.2306724 0.4352649 0.0483622 0.2450340 0.0100804 0.2221444 0.4117390 0.2175539 0.0000000 0.1524679 0.2265579 0.0341802 0.0887611 0.2261339 0.2492837 0.0376904 0.4045369 0.2355244 
n200_201   0.1522250 0.1484785 0.1522787 0.2699595 0.2406904 0.1607218 0.1568019 0.2592386 0.4663027 0.1566123 0.2647803 0.1481865 0.2455368 0.4389928 0.2456493 0.1524679 0.0000000 0.2550073 0.1442383 0.1562517 0.2545227 0.2792670 0.1483551 0.4227655 0.2645783 
n277_278   0.2261796 0.2264260 0.2220544 0.2688260 0.0518193 0.2303004 0.2265968 0.0589878 0.4220513 0.2260147 0.2636737 0.2217556 0.0554438 0.3803578 0.0100641 0.2265579 0.2550073 0.0000000 0.2216430 0.2169916 0.0518524 0.2680093 0.2262340 0.3975400 0.2539329 
n297_298   0.0376418 0.0100701 0.0341399 0.2406358 0.2126210 0.0134476 0.0377302 0.2257332 0.4414842 0.0202841 0.2356941 0.0306571 0.2127116 0.4169532 0.2127085 0.0341802 0.1442383 0.2216430 0.0000000 0.0812451 0.2212297 0.2447411 0.0100620 0.3987712 0.2310554 
n236_237   0.0924274 0.0850677 0.0850133 0.2403119 0.2080311 0.0963165 0.0926533 0.2210621 0.4524455 0.0887397 0.2353790 0.0849057 0.2126389 0.3934526 0.2124469 0.0887611 0.1562517 0.2169916 0.0812451 0.0000000 0.2165881 0.2537074 0.0849984 0.3922642 0.2398861 
n280_281   0.2257570 0.2260025 0.2216396 0.2687983 0.0168574 0.2298699 0.2213724 0.0237003 0.4097497 0.2255926 0.2636468 0.2213419 0.0202891 0.4034191 0.0518524 0.2261339 0.2545227 0.0518524 0.2212297 0.2165881 0.0000000 0.2726445 0.2258111 0.3802711 0.2584920 
n285_286   0.2488618 0.2497015 0.2489626 0.1316974 0.2678901 0.2636349 0.2543350 0.2678603 0.4411013 0.2589595 0.1275482 0.2443198 0.2729132 0.4021899 0.2631370 0.2492837 0.2792670 0.2680093 0.2447411 0.2537074 0.2726445 0.0000000 0.2494882 0.4284944 0.0202171 
n275_276   0.0411649 0.0134587 0.0376459 0.2453641 0.2171534 0.0236918 0.0412617 0.2303430 0.4354929 0.0237218 0.2403849 0.0341466 0.2218270 0.4230716 0.2172434 0.0376904 0.1483551 0.2262340 0.0100620 0.0849984 0.2258111 0.2494882 0.0000000 0.3931034 0.2357145 
n255_256   0.4045532 0.3987540 0.4039756 0.4417508 0.3744172 0.4094885 0.4046188 0.3799019 0.0555806 0.4100207 0.4471051 0.3982664 0.3802958 0.3722186 0.3917042 0.4045369 0.4227655 0.3975400 0.3987712 0.3922642 0.3802711 0.4284944 0.3931034 0.0000000 0.4110601 
n286_287   0.2351291 0.2359154 0.2352226 0.1196832 0.2538223 0.2496163 0.2404717 0.2537944 0.4233616 0.2450183 0.1156160 0.2306589 0.2587478 0.3743143 0.2491501 0.2355244 0.2645783 0.2539329 0.2310554 0.2398861 0.2584920 0.0202171 0.2357145 0.4110601 0.0000000 
