24
n289_290   0.0000000 0.0699496 0.0271938 0.3468633 0.3476331 0.0518576 0.0134774 0.3370404 0.3386901 0.0663214 0.3360668 0.0306506 0.3526921 0.3363997 0.0100835 0.2064984 0.3364550 0.0482782 0.1191853 0.3476341 0.3060788 0.0663027 0.3826148 0.3423625 
n294_295   0.0699496 0.0000000 0.0553611 0.3840714 0.3795182 0.0341008 0.0699675 0.3684830 0.3482434 0.0033368 0.3727307 0.0589353 0.3681328 0.3677686 0.0662969 0.2284895 0.3678298 0.0306149 0.1347821 0.3795125 0.3520782 0.0375746 0.3926325 0.3740300 
n295_296   0.0271938 0.0553611 0.0000000 0.3516573 0.3311988 0.0376296 0.0237464 0.3208547 0.3224089 0.0518007 0.3408042 0.0033408 0.3361639 0.3202525 0.0237420 0.1975391 0.3203047 0.0341238 0.1035587 0.3312028 0.3106784 0.0517864 0.3652746 0.3260507 
n266_267   0.3468633 0.3840714 0.3516573 0.0000000 0.2615280 0.3680535 0.3576497 0.2662236 0.3267236 0.3787582 0.0134582 0.3567977 0.3525368 0.2565177 0.3521761 0.3153204 0.2519194 0.3625112 0.3146435 0.2615406 0.1311022 0.3670993 0.3697684 0.2568302 
n299_300   0.3476331 0.3795182 0.3311988 0.2615280 0.0000000 0.3524762 0.3477182 0.0168580 0.3217721 0.3742226 0.2711213 0.3362201 0.3209872 0.0661498 0.3371602 0.2804508 0.0661601 0.3470434 0.2951240 0.0168652 0.2665968 0.3627348 0.3486716 0.0033408 
n298_299   0.0518576 0.0341008 0.0376296 0.3680535 0.3524762 0.0000000 0.0518709 0.3418261 0.3435017 0.0306328 0.3569452 0.0411287 0.3415255 0.3359469 0.0482898 0.2061808 0.3360020 0.0033428 0.1073961 0.3524763 0.3366019 0.0306245 0.3876707 0.3471775 
n290_291   0.0134774 0.0699675 0.0237464 0.3576497 0.3477182 0.0518709 0.0000000 0.3371232 0.3387735 0.0663383 0.3466910 0.0271897 0.3527781 0.3364823 0.0100861 0.2065508 0.3365376 0.0482906 0.1192157 0.3477192 0.3162990 0.0663196 0.3827074 0.3424465 
n274_275   0.3370404 0.3684830 0.3208547 0.2662236 0.0168580 0.3418261 0.3371232 0.0000000 0.3269725 0.3632589 0.2758755 0.3258122 0.3315601 0.0697872 0.3267139 0.2707988 0.0697980 0.3364735 0.2852768 0.0202813 0.2713251 0.3519531 0.3540752 0.0134577 
n251_252   0.3386901 0.3482434 0.3224089 0.3267236 0.3217721 0.3435017 0.3387735 0.3269725 0.0000000 0.3431324 0.3214660 0.3273936 0.2206042 0.3164878 0.3334123 0.3268256 0.3165394 0.3381176 0.3167651 0.3270860 0.3172879 0.3592411 0.0306837 0.3219480 
n293_294   0.0663214 0.0033368 0.0518007 0.3787582 0.3742226 0.0306328 0.0663383 0.3632589 0.3431324 0.0000000 0.3674933 0.0553611 0.3629187 0.3625567 0.0626846 0.2240958 0.3626169 0.0271621 0.1308636 0.3742181 0.3469611 0.0340941 0.3872355 0.3687695 
n265_266   0.3360668 0.3727307 0.3408042 0.0134582 0.2711213 0.3569452 0.3466910 0.2758755 0.3214660 0.3674933 0.0000000 0.3458740 0.3365134 0.2660367 0.3413028 0.3149039 0.2613829 0.3514905 0.3043410 0.2711330 0.1310831 0.3560321 0.3641890 0.2663631 
n296_297   0.0306506 0.0589353 0.0033408 0.3567977 0.3362201 0.0411287 0.0271897 0.3258122 0.3273936 0.0553611 0.3458740 0.0000000 0.3412081 0.3251990 0.0271845 0.1932116 0.3252520 0.0376074 0.1073487 0.3362232 0.3155731 0.0553456 0.3705300 0.3310407 
n244_245   0.3526921 0.3681328 0.3361639 0.3525368 0.3209872 0.3415255 0.3527781 0.3315601 0.2206042 0.3629187 0.3365134 0.3412081 0.0000000 0.3362609 0.3473390 0.3414565 0.3257525 0.3361823 0.3309733 0.3314520 0.3374399 0.3571471 0.2623994 0.3262955 
n278_279   0.3363997 0.3677686 0.3202525 0.2565177 0.0661498 0.3359469 0.3364823 0.0697872 0.3164878 0.3625567 0.2660367 0.3251990 0.3362609 0.0000000 0.3260971 0.2752294 0.0134286 0.3306455 0.2847541 0.0661759 0.2617589 0.3512790 0.3431787 0.0625269 
n287_288   0.0100835 0.0662969 0.0237420 0.3521761 0.3371602 0.0482898 0.0100861 0.3267139 0.3334123 0.0626846 0.3413028 0.0271845 0.3473390 0.3260971 0.0000000 0.1978184 0.3261505 0.0447278 0.1152869 0.3371632 0.3111238 0.0626670 0.3770077 0.3319617 
n200_201   0.2064984 0.2284895 0.1975391 0.3153204 0.2804508 0.2061808 0.2065508 0.2707988 0.3268256 0.2240958 0.3149039 0.1932116 0.3414565 0.2752294 0.1978184 0.0000000 0.2802666 0.2017570 0.1801620 0.2755088 0.2955871 0.2241363 0.3644761 0.2756433 
n277_278   0.3364550 0.3678298 0.3203047 0.2519194 0.0661601 0.3360020 0.3365376 0.0697980 0.3165394 0.3626169 0.2613829 0.3252520 0.3257525 0.0134286 0.3261505 0.2802666 0.0000000 0.3306996 0.2847996 0.0661862 0.2618008 0.3513369 0.3379181 0.0625362 
n297_298   0.0482782 0.0306149 0.0341238 0.3625112 0.3470434 0.0033428 0.0482906 0.3364735 0.3381176 0.0271621 0.3514905 0.0376074 0.3361823 0.3306455 0.0447278 0.2017570 0.3306996 0.0000000 0.1112350 0.3470445 0.3312890 0.0271547 0.3819452 0.3417841 
n236_237   0.1191853 0.1347821 0.1035587 0.3146435 0.2951240 0.1073961 0.1192157 0.2852768 0.3167651 0.1308636 0.3043410 0.1073487 0.3309733 0.2847541 0.1152869 0.1801620 0.2847996 0.1112350 0.0000000 0.2951332 0.2903684 0.1268773 0.3592646 0.2902204 
n280_281   0.3476341 0.3795125 0.3312028 0.2615406 0.0168652 0.3524763 0.3477192 0.0202813 0.3270860 0.3742181 0.2711330 0.3362232 0.3314520 0.0661759 0.3371632 0.2755088 0.0661862 0.3470445 0.2951332 0.0000000 0.2666089 0.3627328 0.3541948 0.0134634 
n285_286   0.3060788 0.3520782 0.3106784 0.1311022 0.2665968 0.3366019 0.3162990 0.2713251 0.3172879 0.3469611 0.1310831 0.3155731 0.3374399 0.2617589 0.3111238 0.2955871 0.2618008 0.3312890 0.2903684 0.2666089 0.0000000 0.3412705 0.3598523 0.2618652 
n275_276   0.0663027 0.0375746 0.0517864 0.3670993 0.3627348 0.0306245 0.0663196 0.3519531 0.3592411 0.0340941 0.3560321 0.0553456 0.3571471 0.3512790 0.0626670 0.2241363 0.3513369 0.0271547 0.1268773 0.3627328 0.3412705 0.0000000 0.4043320 0.3573715 
n255_256   0.3826148 0.3926325 0.3652746 0.3697684 0.3486716 0.3876707 0.3827074 0.3540752 0.0306837 0.3872355 0.3641890 0.3705300 0.2623994 0.3431787 0.3770077 0.3644761 0.3379181 0.3819452 0.3592646 0.3541948 0.3598523 0.4043320 0.0000000 0.3488658 
n292_293   0.3423625 0.3740300 0.3260507 0.2568302 0.0033408 0.3471775 0.3424465 0.0134577 0.3219480 0.3687695 0.2663631 0.3310407 0.3262955 0.0625269 0.3319617 0.2756433 0.0625362 0.3417841 0.2902204 0.0134634 0.2618652 0.3573715 0.3488658 0.0000000 
