23
n300_299   0.0000000 0.4462425 2.2939177 1.6872257 0.0925095 2.6480697 1.9227164 0.4577347 1.7502524 1.9160331 0.0236847 2.2218475 2.3997551 2.2587999 0.0376600 0.0736886 1.6472465 2.2395582 1.7747363 2.4468760 1.7834639 2.3331649 2.3582791 
n277_278   0.4462425 0.0000000 2.8139373 1.9769332 0.4203931 2.2865884 2.8011192 0.1207028 2.3643910 2.4627945 0.4398440 2.6338425 3.9578607 3.6878039 0.4339305 0.4393157 1.8702386 3.4182059 2.3494906 2.8258160 2.0321149 2.4910423 4.3286578 
n298_297   2.2939177 2.8139373 0.0000000 2.4235546 2.1881193 3.7958424 0.1408062 2.3574346 0.1453773 2.0612441 2.2208370 0.0342392 0.2937625 1.3503878 2.3782745 2.0745764 2.4527923 0.3261432 0.1371002 3.5515312 1.8188831 2.7114164 0.2778414 
n286_287   1.6872257 1.9769332 2.4235546 0.0000000 1.6889093 2.2800807 2.0287981 1.9955053 1.9410046 0.8447750 1.7019282 2.4047713 2.1886666 2.1823702 1.6800517 1.7051977 0.0974768 2.1755940 2.0797209 4.1256277 0.9765283 2.1211398 2.0932894 
n274_275   0.0925095 0.4203931 2.1881193 1.6889093 0.0000000 2.5457572 1.8116679 0.4262668 1.6988350 2.0298945 0.0962211 2.1237212 2.2770788 2.0331081 0.0887753 0.0810793 1.6488637 2.1910035 1.6888666 2.7026613 1.8879503 2.1937843 2.2928749 
n255_256   2.6480697 2.2865884 3.7958424 2.2800807 2.5457572 0.0000000 3.4035329 2.3446421 2.9967533 3.1492598 2.8081093 3.6296784 2.6488112 3.9056436 2.8905202 2.5663386 2.3670778 2.5020821 3.9290773 1.6521640 2.9096879 0.3208612 2.6630121 
n275_276   1.9227164 2.8011192 0.1408062 2.0287981 1.8116679 3.4035329 0.0000000 2.2826090 0.1367761 1.8608580 1.9604887 0.1531131 0.3125860 1.2378962 1.9762381 1.7711754 1.9538244 0.3298166 0.1202843 4.0630741 1.6759333 2.6530698 0.2765847 
n278_279   0.4577347 0.1207028 2.3574346 1.9955053 0.4262668 2.3446421 2.2826090 0.0000000 2.0997174 2.1056142 0.4571170 2.1837826 2.9027402 2.4932243 0.4583646 0.4331837 1.8863768 2.6941181 2.0332184 2.3687797 1.7201008 3.1834336 2.8869465 
n293_294   1.7502524 2.3643910 0.1453773 1.9410046 1.6988350 2.9967533 0.1367761 2.0997174 0.0000000 1.8019343 1.7807573 0.1577962 0.3034790 1.3637952 1.8600032 1.6237038 1.8569054 0.3251936 0.0485891 4.1837014 1.5687480 2.2990271 0.2872960 
n266_267   1.9160331 2.4627945 2.0612441 0.8447750 2.0298945 3.1492598 1.8608580 2.1056142 1.8019343 0.0000000 2.0728308 2.1347752 2.1307575 1.7651531 2.1229175 1.9048008 0.8329003 2.0280259 1.8322715 2.6923432 0.1868699 2.7976678 1.8663798 
n299_298   0.0236847 0.4398440 2.2208370 1.7019282 0.0962211 2.8081093 1.9604887 0.4571170 1.7807573 2.0728308 0.0000000 2.2761317 2.4120480 2.2502823 0.0340739 0.0773177 1.7277339 2.2484503 1.8060608 2.4771657 1.9196505 2.4461171 2.3697850 
n297_296   2.2218475 2.6338425 0.0342392 2.4047713 2.1237212 3.6296784 0.1531131 2.1837826 0.1577962 2.1347752 2.2761317 0.0000000 0.3090444 1.4204449 2.2988209 2.0178671 2.2959524 0.3421457 0.1493755 5.0058347 1.8047803 2.5439864 0.2927656 
n290_291   2.3997551 3.9578607 0.2937625 2.1886666 2.2770788 2.6488112 0.3125860 2.9027402 0.3034790 2.1307575 2.4120480 0.3090444 0.0000000 1.2418104 2.4247050 2.2948691 1.8078001 0.0777132 0.2987524 9.0000000 1.9046052 2.3435587 0.0448225 
n200_201   2.2587999 3.6878039 1.3503878 2.1823702 2.0331081 3.9056436 1.2378962 2.4932243 1.3637952 1.7651531 2.2502823 1.4204449 1.2418104 0.0000000 2.1610594 2.2304462 2.1111681 1.2248906 1.3508048 2.1686702 1.7503766 3.1903367 1.1706114 
n292_293   0.0376600 0.4339305 2.3782745 1.6800517 0.0887753 2.8905202 1.9762381 0.4583646 1.8600032 2.1229175 0.0340739 2.2988209 2.4247050 2.1610594 0.0000000 0.0774126 1.6647305 2.3168887 1.7857468 2.6084138 1.9630408 2.5574557 2.3823023 
n280_281   0.0736886 0.4393157 2.0745764 1.7051977 0.0810793 2.5663386 1.7711754 0.4331837 1.6237038 1.9048008 0.0773177 2.0178671 2.2948691 2.2304462 0.0774126 0.0000000 1.6645207 2.2063222 1.6148923 2.2330378 1.8157249 2.3571570 2.1836497 
n285_286   1.6472465 1.8702386 2.4527923 0.0974768 1.6488637 2.3670778 1.9538244 1.8863768 1.8569054 0.8329003 1.7277339 2.2959524 1.8078001 2.1111681 1.6647305 1.6645207 0.0000000 1.7388353 1.8131889 3.7226157 0.9044105 2.0436968 1.7130295 
n287_288   2.2395582 3.4182059 0.3261432 2.1755940 2.1910035 2.5020821 0.3298166 2.6941181 0.3251936 2.0280259 2.2484503 0.3421457 0.0777132 1.2248906 2.3168887 2.2063222 1.7388353 0.0000000 0.3419135 5.9477584 1.9445034 2.4598616 0.0666044 
n294_295   1.7747363 2.3494906 0.1371002 2.0797209 1.6888666 3.9290773 0.1202843 2.0332184 0.0485891 1.8322715 1.8060608 0.1493755 0.2987524 1.3508048 1.7857468 1.6148923 1.8131889 0.3419135 0.0000000 4.1038504 1.6831033 2.6760271 0.2824623 
n244_245   2.4468760 2.8258160 3.5515312 4.1256277 2.7026613 1.6521640 4.0630741 2.3687797 4.1837014 2.6923432 2.4771657 5.0058347 9.0000000 2.1686702 2.6084138 2.2330378 3.7226157 5.9477584 4.1038504 0.0000000 2.0576267 1.5475964 8.9999986 
n265_266   1.7834639 2.0321149 1.8188831 0.9765283 1.8879503 2.9096879 1.6759333 1.7201008 1.5687480 0.1868699 1.9196505 1.8047803 1.9046052 1.7503766 1.9630408 1.8157249 0.9044105 1.9445034 1.6831033 2.0576267 0.0000000 2.4306676 1.7482332 
n251_252   2.3331649 2.4910423 2.7114164 2.1211398 2.1937843 0.3208612 2.6530698 3.1834336 2.2990271 2.7976678 2.4461171 2.5439864 2.3435587 3.1903367 2.5574557 2.3571570 2.0436968 2.4598616 2.6760271 1.5475964 2.4306676 0.0000000 2.4370150 
n289_290   2.3582791 4.3286578 0.2778414 2.0932894 2.2928749 2.6630121 0.2765847 2.8869465 0.2872960 1.8663798 2.3697850 0.2927656 0.0448225 1.1706114 2.3823023 2.1836497 1.7130295 0.0666044 0.2824623 8.9999986 1.7482332 2.4370150 0.0000000 
