26
n296_273   0.0000000 0.3032722 0.2734717 0.0555649 0.3095756 0.0342018 0.2532511 0.2341952 0.0592044 0.3149051 0.2988914 0.0555676 0.1204487 0.1749444 0.2438322 0.3041460 0.3147811 0.3257375 0.0306831 0.0306792 0.3418241 0.0033408 0.2532511 0.0628545 0.0555487 0.2834951 
n255_232   0.3032722 0.0000000 0.3435087 0.2885445 0.4013573 0.3144448 0.3266905 0.3001575 0.2986415 0.4136598 0.3896694 0.3038567 0.2989259 0.3210314 0.3002126 0.3894588 0.4072900 0.2688793 0.3144692 0.3144380 0.0592365 0.3034605 0.3320793 0.3038761 0.2935535 0.3547552 
n277_254   0.2734717 0.3435087 0.0000000 0.2682041 0.0932384 0.2839074 0.2392716 0.2299319 0.2782577 0.0970948 0.0780259 0.2731411 0.2679029 0.2637226 0.2395186 0.0817983 0.0970706 0.3609162 0.2786087 0.2785796 0.3783869 0.2736388 0.2392716 0.2833322 0.2681302 0.0169104 
n293_270   0.0555649 0.2885445 0.2682041 0.0000000 0.3197424 0.0629749 0.2434433 0.2155013 0.0168769 0.3251441 0.2986410 0.0134664 0.0969603 0.1578550 0.2248700 0.3038889 0.3250136 0.3043547 0.0592793 0.0592718 0.3262118 0.0555947 0.2434433 0.0203036 0.0066998 0.2781414 
n299_276   0.3095756 0.4013573 0.0932384 0.3197424 0.0000000 0.3370147 0.2732255 0.2633115 0.3307005 0.0100985 0.0203503 0.3251531 0.2984243 0.3266197 0.2733746 0.0100903 0.0033458 0.4271998 0.3312569 0.3312248 0.4459292 0.3149432 0.2732255 0.3361791 0.3196550 0.0893418 
n289_266   0.0342018 0.3144448 0.2839074 0.0629749 0.3370147 0.0000000 0.2633540 0.2440080 0.0666635 0.3425714 0.3153320 0.0629779 0.1287710 0.1796116 0.2537986 0.3207262 0.3424286 0.3148515 0.0100752 0.0100739 0.3591239 0.0342197 0.2633540 0.0703619 0.0629576 0.2940922 
n265_242   0.2532511 0.3266905 0.2392716 0.2434433 0.2732255 0.2633540 0.0000000 0.0892502 0.2433108 0.2782719 0.2534603 0.2385744 0.2532583 0.2488645 0.0969606 0.2583707 0.2781702 0.3441726 0.2582282 0.2530991 0.3552935 0.2534039 0.0134714 0.2385065 0.2433762 0.2391001 
n286_263   0.2341952 0.3001575 0.2299319 0.2155013 0.2633115 0.2440080 0.0892502 0.0000000 0.2245350 0.2682851 0.2438212 0.2199228 0.2154894 0.2343177 0.0067017 0.2486623 0.2681890 0.3436413 0.2390330 0.2340552 0.3216147 0.2343350 0.0969922 0.2292224 0.2154416 0.2393580 
n298_275   0.0592044 0.2986415 0.2782577 0.0168769 0.3307005 0.0666635 0.2433108 0.2245350 0.0000000 0.3361934 0.3092576 0.0168778 0.1086184 0.1578541 0.2340239 0.3145918 0.3360553 0.3043775 0.0629447 0.0556367 0.3368724 0.0592361 0.2433108 0.0033392 0.0168723 0.2883417 
n292_269   0.3149051 0.4136598 0.0970948 0.3251441 0.0100985 0.3425714 0.2782719 0.2682851 0.3361934 0.0000000 0.0238022 0.3305976 0.3036574 0.3320972 0.2784249 0.0134874 0.0134956 0.4335684 0.3367625 0.3367301 0.4590744 0.3203152 0.2782719 0.3417183 0.3250552 0.0931735 
n274_251   0.2988914 0.3896694 0.0780259 0.2986410 0.0203503 0.3153320 0.2534603 0.2438212 0.3092576 0.0238022 0.0000000 0.3038908 0.2881799 0.2946530 0.2535946 0.0100978 0.0237972 0.4025062 0.3097655 0.3097345 0.4334882 0.2990767 0.2534603 0.3145672 0.2985591 0.0742255 
n275_252   0.0555676 0.3038567 0.2731411 0.0134664 0.3251531 0.0629779 0.2385744 0.2199228 0.0168778 0.3305976 0.3038908 0.0000000 0.1046857 0.1578597 0.2293459 0.3091795 0.3304635 0.3043533 0.0592821 0.0592746 0.3423839 0.0555973 0.2385744 0.0203047 0.0134627 0.2831461 
n236_217   0.1204487 0.2989259 0.2679029 0.0969603 0.2984243 0.1287710 0.2532583 0.2154894 0.1086184 0.3036574 0.2881799 0.1046857 0.0000000 0.1620732 0.2248587 0.2830437 0.3035407 0.3153212 0.1246447 0.1246296 0.3367505 0.1205158 0.2532583 0.1125585 0.0969335 0.2778280 
n200_185   0.1749444 0.3210314 0.2637226 0.1578550 0.3266197 0.1796116 0.2488645 0.2343177 0.1578541 0.3320972 0.2946530 0.1578597 0.1620732 0.0000000 0.2439577 0.3105516 0.3319615 0.3379350 0.1751253 0.1707348 0.3486234 0.1750452 0.2488645 0.1621010 0.1578113 0.2687181 
n285_262   0.2438322 0.3002126 0.2395186 0.2248700 0.2733746 0.2537986 0.0969606 0.0067017 0.2340239 0.2784249 0.2535946 0.2293459 0.2248587 0.2439577 0.0000000 0.2585086 0.2783231 0.3550385 0.2487438 0.2436861 0.3326577 0.2439787 0.1008487 0.2387792 0.2248078 0.2490790 
n280_257   0.3041460 0.3894588 0.0817983 0.3038889 0.0100903 0.3207262 0.2583707 0.2486623 0.3145918 0.0134874 0.0100978 0.3091795 0.2830437 0.3105516 0.2585086 0.0000000 0.0134846 0.4086661 0.3151114 0.3150802 0.4332553 0.3043352 0.2583707 0.3199442 0.3038056 0.0779741 
n300_277   0.3147811 0.4072900 0.0970706 0.3250136 0.0033458 0.3424286 0.2781702 0.2681890 0.3360553 0.0134956 0.0237972 0.3304635 0.3035407 0.3319615 0.2783231 0.0134846 0.0000000 0.4211143 0.3366238 0.3365915 0.4522459 0.3201877 0.2781702 0.3415754 0.3249248 0.0931504 
n244_223   0.3257375 0.2688793 0.3609162 0.3043547 0.4271998 0.3148515 0.3441726 0.3436413 0.3043775 0.4335684 0.4025062 0.3043533 0.3153212 0.3379350 0.3550385 0.4086661 0.4211143 0.0000000 0.3204259 0.3203944 0.2949165 0.3259430 0.3498222 0.3096594 0.3042711 0.3841741 
n287_264   0.0306831 0.3144692 0.2786087 0.0592793 0.3312569 0.0100752 0.2582282 0.2390330 0.0629447 0.3367625 0.3097655 0.0592821 0.1246447 0.1751253 0.2487438 0.3151114 0.3366238 0.3204259 0.0000000 0.0066950 0.3591503 0.0306992 0.2582282 0.0666202 0.0592630 0.2887095 
n290_267   0.0306792 0.3144380 0.2785796 0.0592718 0.3312248 0.0100739 0.2530991 0.2340552 0.0556367 0.3367301 0.3097345 0.0592746 0.1246296 0.1707348 0.2436861 0.3150802 0.3365915 0.3203944 0.0066950 0.0000000 0.3591169 0.0306953 0.2530991 0.0592714 0.0592555 0.2886798 
n251_228   0.3418241 0.0592365 0.3783869 0.3262118 0.4459292 0.3591239 0.3552935 0.3216147 0.3368724 0.4590744 0.4334882 0.3423839 0.3367505 0.3486234 0.3326577 0.4332553 0.4522459 0.2949165 0.3591503 0.3591169 0.0000000 0.3420419 0.3609142 0.3313555 0.3314990 0.3900899 
n295_272   0.0033408 0.3034605 0.2736388 0.0555947 0.3149432 0.0342197 0.2534039 0.2343350 0.0592361 0.3203152 0.2990767 0.0555973 0.1205158 0.1750452 0.2439787 0.3043352 0.3201877 0.3259430 0.0306992 0.0306953 0.3420419 0.0000000 0.2534039 0.0628882 0.0555794 0.2836693 
n266_243   0.2532511 0.3320793 0.2392716 0.2434433 0.2732255 0.2633540 0.0134714 0.0969922 0.2433108 0.2782719 0.2534603 0.2385744 0.2532583 0.2488645 0.1008487 0.2583707 0.2781702 0.3498222 0.2582282 0.2530991 0.3609142 0.2534039 0.0000000 0.2385065 0.2433762 0.2391001 
n297_274   0.0628545 0.3038761 0.2833322 0.0203036 0.3361791 0.0703619 0.2385065 0.2292224 0.0033392 0.3417183 0.3145672 0.0203047 0.1125585 0.1621010 0.2387792 0.3199442 0.3415754 0.3096594 0.0666202 0.0592714 0.3313555 0.0628882 0.2385065 0.0000000 0.0202981 0.2934904 
n294_271   0.0555487 0.2935535 0.2681302 0.0066998 0.3196550 0.0629576 0.2433762 0.2154416 0.0168723 0.3250552 0.2985591 0.0134627 0.0969335 0.1578113 0.2248078 0.3038056 0.3249248 0.3042711 0.0592630 0.0592555 0.3314990 0.0555794 0.2433762 0.0202981 0.0000000 0.2780649 
n278_255   0.2834951 0.3547552 0.0169104 0.2781414 0.0893418 0.2940922 0.2391001 0.2393580 0.2883417 0.0931735 0.0742255 0.2831461 0.2778280 0.2687181 0.2490790 0.0779741 0.0931504 0.3841741 0.2887095 0.2886798 0.3900899 0.2836693 0.2391001 0.2934904 0.2780649 0.0000000 
