26
n277_278   0.0000000 2.8137789 2.4813211 2.6290554 2.8600626 0.5536451 2.8481702 2.7905744 0.0980138 0.5277632 2.3041154 3.3376298 2.6963786 2.7430183 2.8476529 0.5279917 0.5089422 2.3903101 2.8151520 3.1244098 2.9659367 3.2547161 3.0643322 3.0180802 2.6790225 0.5120978 
n286_287   2.8137789 0.0000000 3.1245966 0.0377809 3.3816829 3.5598063 3.1532425 4.3698477 2.8518861 3.3715404 2.4051083 4.2782901 3.9231636 5.2702850 2.6995441 3.3915838 3.5711490 3.3233363 3.5257740 2.8236906 1.0105206 0.9877757 4.4269295 3.3049517 4.9844571 3.5214473 
n296_297   2.4813211 3.1245966 0.0000000 2.9442874 0.1590530 2.8014454 2.5615735 0.3407849 2.4299778 2.8445869 0.7873848 0.3289617 0.1725241 0.3711390 1.2256976 2.9182054 2.6788590 0.0448127 0.1677362 2.6794888 4.2941867 2.9578866 0.3410038 2.9475841 0.3524973 2.7618074 
n285_286   2.6290554 0.0377809 2.9442874 0.0000000 3.1564685 3.7045284 3.0026969 3.9838761 2.5380849 3.2680270 2.5944723 3.6970144 3.4920014 4.9334690 2.6320024 3.2862866 3.4530605 3.1181709 3.1761835 2.7826939 0.9939437 0.9567767 3.7930535 2.8267199 4.6850888 3.4074019 
n289_290   2.8600626 3.3816829 0.1590530 3.1564685 0.0000000 3.4306413 2.4436128 0.3632796 2.4551687 3.2443890 0.7027059 0.3621504 0.0451576 0.3521992 1.2294218 3.0558647 2.9488759 0.1382990 0.0380123 2.4470582 8.9999981 3.3611803 0.3749592 2.8646379 0.3454518 3.1369065 
n274_275   0.5536451 3.5598063 2.8014454 3.7045284 3.4306413 0.0000000 4.1922034 3.4834729 0.5126345 0.0945111 3.0522605 2.9814016 3.2130758 3.8039367 3.8538380 0.1024772 0.1390655 2.5540571 3.5712955 5.0412460 3.2610571 2.8285700 3.0043446 4.7153124 3.9560672 0.0905739 
n255_256   2.8481702 3.1532425 2.5615735 3.0026969 2.4436128 4.1922034 0.0000000 2.1522076 2.8715679 4.4643383 2.2100533 2.3007913 2.5032153 2.6321927 2.5018004 4.5150608 5.2322561 2.5052867 2.2494337 2.3218616 4.6398413 3.1643021 2.4211869 0.2821127 2.6301298 4.0468272 
n275_276   2.7905744 4.3698477 0.3407849 3.9838761 0.3632796 3.4834729 2.1522076 0.0000000 2.6367296 3.3463354 0.7415640 0.0938836 0.3883144 0.1223952 1.2792888 3.1176648 3.5814522 0.3249236 0.3565718 3.6750467 3.9869005 3.0003931 0.1097806 2.3970921 0.1222661 3.2114885 
n278_279   0.0980138 2.8518861 2.4299778 2.5380849 2.4551687 0.5126345 2.8715679 2.6367296 0.0000000 0.4822884 2.5769441 3.1208706 2.3321630 2.6635911 2.4520847 0.4974237 0.4874582 2.1815929 2.4034076 2.7587672 2.9950841 3.2129338 2.9518312 2.9464884 2.6026029 0.4676290 
n299_300   0.5277632 3.3715404 2.8445869 3.2680270 3.2443890 0.0945111 4.4643383 3.3463354 0.4822884 0.0000000 2.8714007 2.8204746 3.0439829 3.0237599 3.9313370 0.0275058 0.0943948 2.5940775 3.3704282 4.4852897 3.1467660 2.9308814 2.8405134 5.4118162 3.2219550 0.0067522 
n236_237   2.3041154 2.4051083 0.7873848 2.5944723 0.7027059 3.0522605 2.2100533 0.7415640 2.5769441 2.8714007 0.0000000 0.7299717 0.6855325 0.7231607 1.2742780 3.0205846 2.7887153 0.7296679 0.6832252 2.8679963 3.3818939 2.3460385 0.7227787 2.9904489 0.7525326 2.7178026 
n293_294   3.3376298 4.2782901 0.3289617 3.6970144 0.3621504 2.9814016 2.3007913 0.0938836 3.1208706 2.8204746 0.7299717 0.0000000 0.3870849 0.1346805 1.2961591 2.7979202 2.9104897 0.3133623 0.3491097 4.1183655 3.5400152 2.8578959 0.0203402 2.4328326 0.1387030 2.7386249 
n290_291   2.6963786 3.9231636 0.1725241 3.4920014 0.0451576 3.2130758 2.5032153 0.3883144 2.3321630 3.0439829 0.6855325 0.3870849 0.0000000 0.3901072 1.2846258 2.8773069 2.9193075 0.1513254 0.0672352 2.5620039 9.0000000 3.9302554 0.4004171 3.3160879 0.3826198 2.9501942 
n297_298   2.7430183 5.2702850 0.3711390 4.9334690 0.3521992 3.8039367 2.6321927 0.1223952 2.6635911 3.0237599 0.7231607 0.1346805 0.3901072 0.0000000 1.2601291 3.1150665 3.4549069 0.3607477 0.3579095 3.4612975 3.5929411 2.8845065 0.1517593 3.0405894 0.0273397 3.0270083 
n200_201   2.8476529 2.6995441 1.2256976 2.6320024 1.2294218 3.8538380 2.5018004 1.2792888 2.4520847 3.9313370 1.2742780 1.2961591 1.2846258 1.2601291 0.0000000 3.6029244 3.1084087 1.1964290 1.1877175 5.9886210 3.0148330 2.3648976 1.2960531 2.7213262 1.2826589 3.9418320 
n292_293   0.5279917 3.3915838 2.9182054 3.2862866 3.0558647 0.1024772 4.5150608 3.1176648 0.4974237 0.0275058 3.0205846 2.7979202 2.8773069 3.1150665 3.6029244 0.0000000 0.0983192 2.6546349 3.2679662 4.2809035 3.5213490 3.0237017 2.8175283 6.1778022 3.2211080 0.0275009 
n280_281   0.5089422 3.5711490 2.6788590 3.4530605 2.9488759 0.1390655 5.2322561 3.5814522 0.4874582 0.0943948 2.7887153 2.9104897 2.9193075 3.4549069 3.1084087 0.0983192 0.0000000 2.4539942 2.8773162 4.2951350 3.1093194 2.9314264 2.9323446 6.1782395 3.5718075 0.0943788 
n295_296   2.3903101 3.3233363 0.0448127 3.1181709 0.1382990 2.5540571 2.5052867 0.3249236 2.1815929 2.5940775 0.7296679 0.3133623 0.1513254 0.3607477 1.1964290 2.6546349 2.4539942 0.0000000 0.1467202 2.6269711 4.3081475 3.0645718 0.3251353 2.8046346 0.3423504 2.5254475 
n287_288   2.8151520 3.5257740 0.1677362 3.1761835 0.0380123 3.5712955 2.2494337 0.3565718 2.4034076 3.3704282 0.6832252 0.3491097 0.0672352 0.3579095 1.1877175 3.2679662 2.8773162 0.1467202 0.0000000 2.6488481 8.9999990 3.2405960 0.3616306 2.4897684 0.3510951 3.2550876 
n244_245   3.1244098 2.8236906 2.6794888 2.7826939 2.4470582 5.0412460 2.3218616 3.6750467 2.7587672 4.4852897 2.8679963 4.1183655 2.5620039 3.4612975 5.9886210 4.2809035 4.2951350 2.6269711 2.6488481 0.0000000 9.0000000 9.0000000 4.5272225 2.3647593 3.4420316 4.0845065 
n265_266   2.9659367 1.0105206 4.2941867 0.9939437 8.9999981 3.2610571 4.6398413 3.9869005 2.9950841 3.1467660 3.3818939 3.5400152 9.0000000 3.5929411 3.0148330 3.5213490 3.1093194 4.3081475 8.9999990 9.0000000 0.0000000 0.2164351 3.3311422 9.0000000 3.7440139 3.2781357 
n266_267   3.2547161 0.9877757 2.9578866 0.9567767 3.3611803 2.8285700 3.1643021 3.0003931 3.2129338 2.9308814 2.3460385 2.8578959 3.9302554 2.8845065 2.3648976 3.0237017 2.9314264 3.0645718 3.2405960 9.0000000 0.2164351 0.0000000 2.7256732 5.7371270 3.2189368 2.9354318 
n294_295   3.0643322 4.4269295 0.3410038 3.7930535 0.3749592 3.0043446 2.4211869 0.1097806 2.9518312 2.8405134 0.7227787 0.0203402 0.4004171 0.1517593 1.2960531 2.8175283 2.9323446 0.3251353 0.3616306 4.5272225 3.3311422 2.7256732 0.0000000 2.4517640 0.1558779 2.7573253 
n251_252   3.0180802 3.3049517 2.9475841 2.8267199 2.8646379 4.7153124 0.2821127 2.3970921 2.9464884 5.4118162 2.9904489 2.4328326 3.3160879 3.0405894 2.7213262 6.1778022 6.1782395 2.8046346 2.4897684 2.3647593 9.0000000 5.7371270 2.4517640 0.0000000 2.8654389 5.3937654 
n298_299   2.6790225 4.9844571 0.3524973 4.6850888 0.3454518 3.9560672 2.6301298 0.1222661 2.6026029 3.2219550 0.7525326 0.1387030 0.3826198 0.0273397 1.2826589 3.2211080 3.5718075 0.3423504 0.3510951 3.4420316 3.7440139 3.2189368 0.1558779 2.8654389 0.0000000 3.2257526 
n300_301   0.5120978 3.5214473 2.7618074 3.4074019 3.1369065 0.0905739 4.0468272 3.2114885 0.4676290 0.0067522 2.7178026 2.7386249 2.9501942 3.0270083 3.9418320 0.0275009 0.0943788 2.5254475 3.2550876 4.0845065 3.2781357 2.9354318 2.7573253 5.3937654 3.2257526 0.0000000 
