28
n266_273   0.0000000 2.0731801 2.7123758 2.4229564 1.1835045 1.2380693 0.1490588 1.7408385 1.8885696 2.1090207 2.0692919 1.9792434 2.3554663 2.5855065 2.2417508 2.1519535 2.1627045 0.9635362 2.3124033 1.8842067 1.0310117 2.0976722 1.9069744 2.0246779 1.9654525 2.7529981 1.9593339 1.9921794 
n295_304   2.0731801 0.0000000 2.2433102 0.3351858 2.4428196 2.3222370 2.3594463 2.0772995 0.3163393 0.3061900 2.4956132 0.2030851 0.3401901 2.1531496 2.6155378 2.4468174 0.2259682 2.8518643 2.0926538 2.2351100 2.6120393 0.0412766 1.4032509 2.4295194 0.3270293 4.2235363 0.1980125 0.5547430 
n251_258   2.7123758 2.2433102 0.0000000 2.1366071 2.2402703 2.6601579 2.8192781 2.8826808 2.3217055 2.0274609 3.1457793 2.3273764 2.1878171 0.2430522 3.3782282 3.3827704 2.8670871 2.7499545 5.2830601 2.5274424 2.5288849 2.2532749 2.2294109 3.4222872 2.3595369 2.1344819 2.4204176 1.9938169 
n293_302   2.4229564 0.3351858 2.1366071 0.0000000 2.7093978 2.6781636 2.4616420 2.6346010 0.1337361 0.1048130 2.7895669 0.3478410 0.0413803 2.0676845 3.0526287 2.5722469 0.3528503 3.1277968 2.7229225 2.6397881 2.7961776 0.3405230 1.4996199 2.5378528 0.1463151 2.6965441 0.3357995 0.6082654 
n286_295   1.1835045 2.4428196 2.2402703 2.7093978 0.0000000 0.0703588 1.1390805 2.7315816 2.5133468 2.4316632 2.6382381 2.1109928 2.8156809 2.2247791 2.5232705 2.6922175 2.2425332 0.4037809 2.5705249 2.5979711 0.4368209 2.1921601 2.2935863 2.5885972 2.6081603 3.0287792 2.0362917 2.6842081 
n285_294   1.2380693 2.3222370 2.6601579 2.6781636 0.0703588 0.0000000 1.1483686 2.6240410 2.2996400 2.4863138 2.8056359 2.1177087 2.7067949 2.3715961 2.4293822 2.8730296 2.1162211 0.3909534 2.5653194 2.5852229 0.4355690 2.0958978 2.2900888 2.7481550 2.3790525 2.9203087 1.9664661 2.6009273 
n265_272   0.1490588 2.3594463 2.8192781 2.4616420 1.1390805 1.1483686 0.0000000 1.9299990 2.0922844 2.2590885 2.2938323 2.3992868 2.5152959 2.8118885 2.3128448 2.3436616 2.5096064 1.0161948 2.4873303 2.1526515 1.0747080 2.2559688 2.1401845 2.2386943 2.2991735 2.9369815 2.2966818 2.1901022 
n274_281   1.7408385 2.0772995 2.8826808 2.6346010 2.7315816 2.6240410 1.9299990 0.0000000 2.5790363 2.3219161 0.1327386 2.7424570 2.8197593 2.5889371 0.4540144 0.1491716 2.5285630 1.8362287 0.4523894 0.1003389 1.7508099 2.2739265 2.1970899 0.1450966 2.4151754 3.8647430 2.6806944 1.6748052 
n297_306   1.8885696 0.3163393 2.3217055 0.1337361 2.5133468 2.2996400 2.0922844 2.5790363 0.0000000 0.1250647 2.8408153 0.3521441 0.1255455 1.9108641 3.4825584 2.4777004 0.3406725 2.6880575 2.9910429 2.8071937 2.3973898 0.3274120 1.3314326 2.6495006 0.0238266 2.5085386 0.3346882 0.5989106 
n275_282   2.1090207 0.3061900 2.0274609 0.1048130 2.4316632 2.4863138 2.2590885 2.3219161 0.1250647 0.0000000 2.4517676 0.3465069 0.0892317 1.8121816 2.5773311 2.3465315 0.3351279 2.7029166 2.3001221 2.4585479 2.4722801 0.3166094 1.3539879 2.2633003 0.1333419 2.7783836 0.3291954 0.5578884 
n299_308   2.0692919 2.4956132 3.1457793 2.7895669 2.6382381 2.8056359 2.2938323 0.1327386 2.8408153 2.4517676 0.0000000 2.7176375 2.9088164 3.5399003 0.5043309 0.0413618 2.7914366 1.9381921 0.5018295 0.1124764 1.9029480 2.6464995 2.3860634 0.0169050 2.5635670 4.2799253 2.7878409 2.1536349 
n290_299   1.9792434 0.2030851 2.3273764 0.3478410 2.1109928 2.1177087 2.3992868 2.7424570 0.3521441 0.3465069 2.7176375 0.0000000 0.3648027 2.1308601 3.4017917 2.5852517 0.0746245 2.4870883 3.0670348 2.6536793 2.1396118 0.2121124 1.2801185 2.5700021 0.3697578 4.5090340 0.0524678 0.5583615 
n294_303   2.3554663 0.3401901 2.1878171 0.0413803 2.8156809 2.7067949 2.5152959 2.8197593 0.1255455 0.0892317 2.9088164 0.3648027 0.0000000 2.0438637 3.1708065 2.6671772 0.3586135 2.9897654 2.8158957 2.7416327 2.6943512 0.3457000 1.5668484 2.6306467 0.1379635 2.9248324 0.3524452 0.5908905 
n255_262   2.5855065 2.1531496 0.2430522 2.0676845 2.2247791 2.3715961 2.8118885 2.5889371 1.9108641 1.8121816 3.5399003 2.1308601 2.0438637 0.0000000 3.9818520 3.3889887 2.5953914 2.4286997 4.4572597 3.0810836 2.3377229 2.2617659 2.4561076 3.7495874 1.9483113 1.9005903 2.1451080 2.0211996 
n278_285   2.2417508 2.6155378 3.3782282 3.0526287 2.5232705 2.4293822 2.3128448 0.4540144 3.4825584 2.5773311 0.5043309 3.4017917 3.1708065 3.9818520 0.0000000 0.5469885 3.4433590 2.2670523 0.1410196 0.5223665 2.5921261 2.7862659 2.6196380 0.5118827 3.3857203 3.7010578 3.2594286 2.6107311 
n292_301   2.1519535 2.4468174 3.3827704 2.5722469 2.6922175 2.8730296 2.3436616 0.1491716 2.4777004 2.3465315 0.0413618 2.5852517 2.6671772 3.3889887 0.5469885 0.0000000 2.6473899 2.0569223 0.5299852 0.1284044 1.9313938 2.5884862 2.5762978 0.0521220 2.2761103 3.6427068 2.6443661 2.0473011 
n287_296   2.1627045 0.2259682 2.8670871 0.3528503 2.2425332 2.1162211 2.5096064 2.5285630 0.3406725 0.3351279 2.7914366 0.0746245 0.3586135 2.5953914 3.4433590 2.6473899 0.0000000 2.4829574 2.8721347 2.6230505 2.1941183 0.2302207 1.4478474 2.6317856 0.3579828 4.2738292 0.0559666 0.5910757 
n286_293   0.9635362 2.8518643 2.7499545 3.1277968 0.4037809 0.3909534 1.0161948 1.8362287 2.6880575 2.7029166 1.9381921 2.4870883 2.9897654 2.4286997 2.2670523 2.0569223 2.4829574 0.0000000 2.5241131 1.7770278 0.0521340 2.7425563 2.3906659 1.9733776 2.6385390 2.8544570 2.7039035 3.3073781 
n277_284   2.3124033 2.0926538 5.2830601 2.7229225 2.5705249 2.5653194 2.4873303 0.4523894 2.9910429 2.3001221 0.5018295 3.0670348 2.8158957 4.4572597 0.1410196 0.5299852 2.8721347 2.5241131 0.0000000 0.5058787 2.7010829 2.3692538 2.1713206 0.5161163 2.7598493 3.1371014 2.6774612 2.2960371 
n280_287   1.8842067 2.2351100 2.5274424 2.6397881 2.5979711 2.5852229 2.1526515 0.1003389 2.8071937 2.4585479 0.1124764 2.6536793 2.7416327 3.0810836 0.5223665 0.1284044 2.6230505 1.7770278 0.5058787 0.0000000 1.7261613 2.4680495 2.4834154 0.1244470 2.6819166 3.7444931 2.6201076 1.7757792 
n285_292   1.0310117 2.6120393 2.5288849 2.7961776 0.4368209 0.4355690 1.0747080 1.7508099 2.3973898 2.4722801 1.9029480 2.1396118 2.6943512 2.3377229 2.5921261 1.9313938 2.1941183 0.0521340 2.7010829 1.7261613 0.0000000 2.4385347 2.1291838 1.9369690 2.3619912 2.7827992 2.3585424 2.9419175 
n296_305   2.0976722 0.0412766 2.2532749 0.3405230 2.1921601 2.0958978 2.2559688 2.2739265 0.3274120 0.3166094 2.6464995 0.2121124 0.3457000 2.2617659 2.7862659 2.5884862 0.2302207 2.7425563 2.3692538 2.4680495 2.4385347 0.0000000 1.4653050 2.4429857 0.3387963 3.7343772 0.2069553 0.5694413 
n200_201   1.9069744 1.4032509 2.2294109 1.4996199 2.2935863 2.2900888 2.1401845 2.1970899 1.3314326 1.3539879 2.3860634 1.2801185 1.5668484 2.4561076 2.6196380 2.5762978 1.4478474 2.3906659 2.1713206 2.4834154 2.1291838 1.4653050 0.0000000 2.2745629 1.3510842 2.0902596 1.3604600 1.2754941 
n300_309   2.0246779 2.4295194 3.4222872 2.5378528 2.5885972 2.7481550 2.2386943 0.1450966 2.6495006 2.2633003 0.0169050 2.5700021 2.6306467 3.7495874 0.5118827 0.0521220 2.6317856 1.9733776 0.5161163 0.1244470 1.9369690 2.4429857 2.2745629 0.0000000 2.4140308 4.8270779 2.6287759 2.0118697 
n298_307   1.9654525 0.3270293 2.3595369 0.1463151 2.6081603 2.3790525 2.2991735 2.4151754 0.0238266 0.1333419 2.5635670 0.3697578 0.1379635 1.9483113 3.3857203 2.2761103 0.3579828 2.6385390 2.7598493 2.6819166 2.3619912 0.3387963 1.3510842 2.4140308 0.0000000 2.6203137 0.3518286 0.6239681 
n244_247   2.7529981 4.2235363 2.1344819 2.6965441 3.0287792 2.9203087 2.9369815 3.8647430 2.5085386 2.7783836 4.2799253 4.5090340 2.9248324 1.9005903 3.7010578 3.6427068 4.2738292 2.8544570 3.1371014 3.7444931 2.7827992 3.7343772 2.0902596 4.8270779 2.6203137 0.0000000 4.2304983 3.3474182 
n289_298   1.9593339 0.1980125 2.4204176 0.3357995 2.0362917 1.9664661 2.2966818 2.6806944 0.3346882 0.3291954 2.7878409 0.0524678 0.3524452 2.1451080 3.2594286 2.6443661 0.0559666 2.7039035 2.6774612 2.6201076 2.3585424 0.2069553 1.3604600 2.6287759 0.3518286 4.2304983 0.0000000 0.5735180 
n236_239   1.9921794 0.5547430 1.9938169 0.6082654 2.6842081 2.6009273 2.1901022 1.6748052 0.5989106 0.5578884 2.1536349 0.5583615 0.5908905 2.0211996 2.6107311 2.0473011 0.5910757 3.3073781 2.2960371 1.7757792 2.9419175 0.5694413 1.2754941 2.0118697 0.6239681 3.3474182 0.5735180 0.0000000 
