25
n294_297   0.0000000 0.2798158 0.2846578 0.3498343 0.2272535 0.0377610 0.2226364 0.0134929 0.2844928 0.2898520 0.0377902 0.0342336 0.2276543 0.1446598 0.3503941 0.0067069 0.2414151 0.2900798 0.0272451 0.0377789 0.0067062 0.3831963 0.2798476 0.0739473 0.2702942 
n274_277   0.2798158 0.0000000 0.0201974 0.4002865 0.2543771 0.3106289 0.2495998 0.2951499 0.0552360 0.0202015 0.3005491 0.2951766 0.2404186 0.3210725 0.3881262 0.2896809 0.2542750 0.0202152 0.2950385 0.3004418 0.2896227 0.4175743 0.0134024 0.3259371 0.0481505 
n280_283   0.2846578 0.0201974 0.0000000 0.4118838 0.2591462 0.3156753 0.2543379 0.3000940 0.0516568 0.0202001 0.3055323 0.3001214 0.2450998 0.3211375 0.3879528 0.2945844 0.2638411 0.0202138 0.2999802 0.3054227 0.2945246 0.4293242 0.0134015 0.3205072 0.0481468 
n255_258   0.3498343 0.4002865 0.4118838 0.0000000 0.3325513 0.3781622 0.3327635 0.3724641 0.3880901 0.4061633 0.3671867 0.3611383 0.3388399 0.3342465 0.2820564 0.3607406 0.3548570 0.4065059 0.3609543 0.3670469 0.3549827 0.0484712 0.3944008 0.3776521 0.3771958 
n285_288   0.2272535 0.2543771 0.2591462 0.3325513 0.0000000 0.2509798 0.0134639 0.2461462 0.2352919 0.2544085 0.2463014 0.2414808 0.1041813 0.2417192 0.3439932 0.2364391 0.1237549 0.2546038 0.2413749 0.2462177 0.2363969 0.3538828 0.2449129 0.2601436 0.2310190 
n289_292   0.0377610 0.3106289 0.3156753 0.3781622 0.2509798 0.0000000 0.2462034 0.0520470 0.3155677 0.3211187 0.0272907 0.0169162 0.2562610 0.1742802 0.3788268 0.0448312 0.2705731 0.3213758 0.0100982 0.0272834 0.0448261 0.4070056 0.3106658 0.1083008 0.3007182 
n286_289   0.2226364 0.2495998 0.2543379 0.3327635 0.0134639 0.2462034 0.0000000 0.2414030 0.2353126 0.2496308 0.2415544 0.2367670 0.0964670 0.2370007 0.3385467 0.2317640 0.1158264 0.2498219 0.2366639 0.2414727 0.2317231 0.3597145 0.2401978 0.2553134 0.2263925 
n275_278   0.0134929 0.2951499 0.3000940 0.3724641 0.2461462 0.0520470 0.2414030 0.0000000 0.2948512 0.3054126 0.0520866 0.0484410 0.2465790 0.1614318 0.3672764 0.0203294 0.2607014 0.3056548 0.0413012 0.0520720 0.0203272 0.4069107 0.2951841 0.0890177 0.2854337 
n277_280   0.2844928 0.0552360 0.0516568 0.3880901 0.2352919 0.3155677 0.2353126 0.2948512 0.0000000 0.0552434 0.3054272 0.3000178 0.2263104 0.3001460 0.3761730 0.2944142 0.2493923 0.0552815 0.2998766 0.3053176 0.2943544 0.4049431 0.0480946 0.2995632 0.0202190 
n299_302   0.2898520 0.0202015 0.0202001 0.4061633 0.2544085 0.3211187 0.2496308 0.3054126 0.0552434 0.0000000 0.3108980 0.3054408 0.2404487 0.3161080 0.3880865 0.2998540 0.2590773 0.0066741 0.3052960 0.3107859 0.2997923 0.4234796 0.0066690 0.3259841 0.0481570 
n296_299   0.0377902 0.3005491 0.3055323 0.3671867 0.2463014 0.0272907 0.2415544 0.0520866 0.3054272 0.3108980 0.0000000 0.0238142 0.2420997 0.1615506 0.3623432 0.0448659 0.2561509 0.3111456 0.0169231 0.0067234 0.0448608 0.3956167 0.3005843 0.1083869 0.2907585 
n287_290   0.0342336 0.2951766 0.3001214 0.3611383 0.2414808 0.0169162 0.2367670 0.0484410 0.3000178 0.3054408 0.0238142 0.0000000 0.2419058 0.1614770 0.3617710 0.0412677 0.2559441 0.3056831 0.0067141 0.0238078 0.0412631 0.3893079 0.2952109 0.1043798 0.2854591 
n266_269   0.2276543 0.2404186 0.2450998 0.3388399 0.1041813 0.2562610 0.0964670 0.2465790 0.2263104 0.2404487 0.2420997 0.2419058 0.0000000 0.2373928 0.3070892 0.2368552 0.0237411 0.2406319 0.2417997 0.2420176 0.2368128 0.3660491 0.2311305 0.2654351 0.2174865 
n200_203   0.1446598 0.3210725 0.3211375 0.3342465 0.2417192 0.1742802 0.2370007 0.1614318 0.3001460 0.3161080 0.1615506 0.1614770 0.2373928 0.0000000 0.3621379 0.1528720 0.2561362 0.3163604 0.1614129 0.1615001 0.1528494 0.3668563 0.3160909 0.1696846 0.2906649 
n244_247   0.3503941 0.3881262 0.3879528 0.2820564 0.3439932 0.3788268 0.3385467 0.3672764 0.3761730 0.3880865 0.3623432 0.3617710 0.3070892 0.3621379 0.0000000 0.3499986 0.3221920 0.3884099 0.3615864 0.3622057 0.3555502 0.3228370 0.3766262 0.3896788 0.3654584 
n293_296   0.0067069 0.2896809 0.2945844 0.3607406 0.2364391 0.0448312 0.2317640 0.0203294 0.2944142 0.2998540 0.0448659 0.0412677 0.2368552 0.1528720 0.3499986 0.0000000 0.2507818 0.3000908 0.0342104 0.0448535 0.0134716 0.3946016 0.2897143 0.0813775 0.2800424 
n265_268   0.2414151 0.2542750 0.2638411 0.3548570 0.1237549 0.2705731 0.1158264 0.2607014 0.2493923 0.2590773 0.2561509 0.2559441 0.0237411 0.2561362 0.3221920 0.2507818 0.0000000 0.2592766 0.2558299 0.2560630 0.2507355 0.3768640 0.2495277 0.2848620 0.2403161 
n300_303   0.2900798 0.0202152 0.0202138 0.4065059 0.2546038 0.3213758 0.2498219 0.3056548 0.0552815 0.0066741 0.3111456 0.3056831 0.2406319 0.3163604 0.3884099 0.3000908 0.2592766 0.0000000 0.3055381 0.3110333 0.3000291 0.4238402 0.0066736 0.3262455 0.0481900 
n290_293   0.0272451 0.2950385 0.2999802 0.3609543 0.2413749 0.0100982 0.2366639 0.0413012 0.2998766 0.3052960 0.0169231 0.0067141 0.2417997 0.1614129 0.3615864 0.0342104 0.2558299 0.3055381 0.0000000 0.0169186 0.0342066 0.3891029 0.2950727 0.0966361 0.2853270 
n295_298   0.0377789 0.3004418 0.3054227 0.3670469 0.2462177 0.0272834 0.2414727 0.0520720 0.3053176 0.3107859 0.0067234 0.0238078 0.2420176 0.1615001 0.3622057 0.0448535 0.2560630 0.3110333 0.0169186 0.0000000 0.0448484 0.3954624 0.3004770 0.1083549 0.2906555 
n298_301   0.0067062 0.2896227 0.2945246 0.3549827 0.2363969 0.0448261 0.2317231 0.0203272 0.2943544 0.2997923 0.0448608 0.0412631 0.2368128 0.1528494 0.3555502 0.0134716 0.2507355 0.3000291 0.0342066 0.0448484 0.0000000 0.3885571 0.2896560 0.0813673 0.2799873 
n251_254   0.3831963 0.4175743 0.4293242 0.0484712 0.3538828 0.4070056 0.3597145 0.4069107 0.4049431 0.4234796 0.3956167 0.3893079 0.3660491 0.3668563 0.3228370 0.3946016 0.3768640 0.4238402 0.3891029 0.3954624 0.3885571 0.0000000 0.4114500 0.4122013 0.4055520 
n292_295   0.2798476 0.0134024 0.0134015 0.3944008 0.2449129 0.3106658 0.2401978 0.2951841 0.0480946 0.0066690 0.3005843 0.2952109 0.2311305 0.3160909 0.3766262 0.2897143 0.2495277 0.0066736 0.2950727 0.3004770 0.2896560 0.4114500 0.0000000 0.3154717 0.0410710 
n236_239   0.0739473 0.3259371 0.3205072 0.3776521 0.2601436 0.1083008 0.2553134 0.0890177 0.2995632 0.3259841 0.1083869 0.1043798 0.2654351 0.1696846 0.3896788 0.0813775 0.2848620 0.3262455 0.0966361 0.1083549 0.0813673 0.4122013 0.3154717 0.0000000 0.2901023 
n278_281   0.2702942 0.0481505 0.0481468 0.3771958 0.2310190 0.3007182 0.2263925 0.2854337 0.0202190 0.0481570 0.2907585 0.2854591 0.2174865 0.2906649 0.3654584 0.2800424 0.2403161 0.0481900 0.2853270 0.2906555 0.2799873 0.4055520 0.0410710 0.2901023 0.0000000 
