26
n277_278   0.0000000 1.4719854 2.1819485 1.4120875 2.4563401 0.4456950 2.4608972 2.3904658 0.0815906 0.4278027 1.6668552 2.1371060 2.8164479 2.1145349 2.3773981 0.4340625 0.4493735 2.3814270 2.5798051 3.9208308 1.4948848 1.7670626 2.0476724 3.4261506 2.2339057 0.4217515 
n286_287   1.4719854 0.0000000 2.5744852 0.0702744 3.4688146 1.5785407 2.3355892 2.3790175 1.6012625 1.8643691 2.0377265 2.2224972 3.2207089 1.8848856 2.8949199 1.9550524 1.8358099 2.8177812 3.0047483 2.5510603 0.9194340 1.0274795 1.9974484 2.7419987 2.0018354 1.7960872 
n296_297   2.1819485 2.5744852 0.0000000 2.7662049 0.1251393 1.8367630 2.6167473 0.3770465 2.1692093 2.0673187 0.7481894 0.3906650 0.1462778 0.4147833 1.1237148 1.9776514 1.9942035 0.0343987 0.1463816 2.2319407 1.7585744 2.0644101 0.3659269 2.3948949 0.4137148 2.0067402 
n285_286   1.4120875 0.0702744 2.7662049 0.0000000 3.4513688 1.5531485 2.3178068 2.4987313 1.6052963 1.8007907 1.9905073 2.3694058 3.2063035 1.9932768 3.0064758 1.8752736 1.8033089 2.8732160 3.1183764 2.8409466 0.8661369 0.9751593 2.0744929 2.6925429 2.1237914 1.7364512 
n289_290   2.4563401 3.4688146 0.1251393 3.4513688 0.0000000 2.1631670 3.0851602 0.3694574 2.5604504 2.3184439 0.8612374 0.3900336 0.0414288 0.4072393 1.1922679 2.2004492 2.5319903 0.1251758 0.0450452 2.6523524 2.1678460 2.6537016 0.3647713 2.6704711 0.4064334 2.1958295 
n274_275   0.4456950 1.5785407 1.8367630 1.5531485 2.1631670 0.0000000 2.7973878 1.8835387 0.4650804 0.1216250 1.8903581 1.8643589 2.3697600 1.8357885 1.9924889 0.1342019 0.1176968 1.9991285 2.2542204 4.3040405 1.5796155 1.6160411 1.7034271 2.6690841 1.8124376 0.1216573 
n255_256   2.4608972 2.3355892 2.6167473 2.3178068 3.0851602 2.7973878 0.0000000 3.2365031 2.4278469 2.5963393 2.3418246 3.4342995 3.2133594 3.0766974 4.0653773 2.5451426 2.6890170 2.6279365 2.8936895 2.0798305 4.3547971 4.3928278 3.3104515 0.3581077 2.8859009 2.5427548 
n275_276   2.3904658 2.3790175 0.3770465 2.4987313 0.3694574 1.8835387 3.2365031 0.0000000 2.4714795 2.0345112 0.7865665 0.1713133 0.4010613 0.1760956 1.2540602 2.0193932 2.1233130 0.3763121 0.3887862 3.3529710 2.0815709 2.1936070 0.1581655 2.5704774 0.1543980 2.1020984 
n278_279   0.0815906 1.6012625 2.1692093 1.6052963 2.5604504 0.4650804 2.4278469 2.4714795 0.0000000 0.4342749 1.8907287 2.1416869 2.8497085 2.1688220 2.3669080 0.4281633 0.4492205 2.3190510 2.6355385 3.0142294 1.3870903 1.5622131 2.0519464 2.8891261 2.2329743 0.4292538 
n299_300   0.4278027 1.8643691 2.0673187 1.8007907 2.3184439 0.1216250 2.5963393 2.0345112 0.4342749 0.0000000 1.9801826 2.0157664 2.6937468 1.9964244 2.0565656 0.0413538 0.0668861 2.2743540 2.4782415 3.1890358 1.3903971 1.5087174 1.8674721 2.8411374 1.9383581 0.0168861 
n236_237   1.6668552 2.0377265 0.7481894 1.9905073 0.8612374 1.8903581 2.3418246 0.7865665 1.8907287 1.9801826 0.0000000 0.7803404 0.8855190 0.7715988 1.3032331 2.1105848 1.8773311 0.7700674 0.8353613 2.5342680 2.2309452 2.2762418 0.7225654 2.8382460 0.7629181 1.9729464 
n293_294   2.1371060 2.2224972 0.3906650 2.3694058 0.3900336 1.8643589 3.4342995 0.1713133 2.1416869 2.0157664 0.7803404 0.0000000 0.4097373 0.1677132 1.1858331 2.0584480 2.0691527 0.3905049 0.3981161 3.9192246 2.0560926 2.2282228 0.0630634 2.4394388 0.1459142 1.9955035 
n290_291   2.8164479 3.2207089 0.1462778 3.2063035 0.0414288 2.3697600 3.2133594 0.4010613 2.8497085 2.6937468 0.8855190 0.4097373 0.0000000 0.4408447 1.2688714 2.5313846 2.9191217 0.1463225 0.0671100 2.8736332 2.2773622 2.6437344 0.3962239 2.7606380 0.4399678 2.5266599 
n297_298   2.1145349 1.8848856 0.4147833 1.9932768 0.4072393 1.8357885 3.0766974 0.1760956 2.1688220 1.9964244 0.7715988 0.1677132 0.4408447 0.0000000 1.2635742 2.0481645 2.0086905 0.4337855 0.4152167 3.9450390 1.9711582 2.0360876 0.1459481 3.2375450 0.0450619 1.9766764 
n200_201   2.3773981 2.8949199 1.1237148 3.0064758 1.1922679 1.9924889 4.0653773 1.2540602 2.3669080 2.0565656 1.3032331 1.1858331 1.2688714 1.2635742 0.0000000 2.0395324 2.4198391 1.1428800 1.1934774 2.3769650 3.5757810 2.8166902 1.2502100 2.9046193 1.1887363 2.0804110 
n292_293   0.4340625 1.9550524 1.9776514 1.8752736 2.2004492 0.1342019 2.5451426 2.0193932 0.4281633 0.0413538 2.1105848 2.0584480 2.5313846 2.0481645 2.0395324 0.0000000 0.0820961 2.1652355 2.4221605 3.0510573 1.3815791 1.4009196 1.9884727 2.4776363 1.9874352 0.0413648 
n280_281   0.4493735 1.8358099 1.9942035 1.8033089 2.5319903 0.1176968 2.6890170 2.1233130 0.4492205 0.0668861 1.8773311 2.0691527 2.9191217 2.0086905 2.4198391 0.0820961 0.0000000 2.3004175 2.7381980 3.4254459 1.4122423 1.5426624 1.9131156 2.7809811 1.9488358 0.0669039 
n295_296   2.3814270 2.8177812 0.0343987 2.8732160 0.1251758 1.9991285 2.6279365 0.3763121 2.3190510 2.2743540 0.7700674 0.3905049 0.1463225 0.4337855 1.1428800 2.1652355 2.3004175 0.0000000 0.1464264 2.4495119 2.0006081 2.2777527 0.3781262 2.2755514 0.4256159 2.2005442 
n287_288   2.5798051 3.0047483 0.1463816 3.1183764 0.0450452 2.2542204 2.8936895 0.3887862 2.6355385 2.4782415 0.8353613 0.3981161 0.0671100 0.4152167 1.1934774 2.4221605 2.7381980 0.1464264 0.0000000 2.3266845 2.3055310 2.9739592 0.3714448 2.7144032 0.4146524 2.3908048 
n244_245   3.9208308 2.5510603 2.2319407 2.8409466 2.6523524 4.3040405 2.0798305 3.3529710 3.0142294 3.1890358 2.5342680 3.9192246 2.8736332 3.9450390 2.3769650 3.0510573 3.4254459 2.4495119 2.3266845 0.0000000 2.7604108 2.9499419 3.0686250 2.1868753 3.6746901 3.2032542 
n265_266   1.4948848 0.9194340 1.7585744 0.8661369 2.1678460 1.5796155 4.3547971 2.0815709 1.3870903 1.3903971 2.2309452 2.0560926 2.2773622 1.9711582 3.5757810 1.3815791 1.4122423 2.0006081 2.3055310 2.7604108 0.0000000 0.1422897 2.0337993 3.6585161 2.0099179 1.4078984 
n266_267   1.7670626 1.0274795 2.0644101 0.9751593 2.6537016 1.6160411 4.3928278 2.1936070 1.5622131 1.5087174 2.2762418 2.2282228 2.6437344 2.0360876 2.8166902 1.4009196 1.5426624 2.2777527 2.9739592 2.9499419 0.1422897 0.0000000 2.2673155 3.0550377 2.0149500 1.5585053 
n294_295   2.0476724 1.9974484 0.3659269 2.0744929 0.3647713 1.7034271 3.3104515 0.1581655 2.0519464 1.8674721 0.7225654 0.0630634 0.3962239 0.1459481 1.2502100 1.9884727 1.9131156 0.3781262 0.3714448 3.0686250 2.0337993 2.2673155 0.0000000 2.5047128 0.1332666 1.8501881 
n251_252   3.4261506 2.7419987 2.3948949 2.6925429 2.6704711 2.6690841 0.3581077 2.5704774 2.8891261 2.8411374 2.8382460 2.4394388 2.7606380 3.2375450 2.9046193 2.4776363 2.7809811 2.2755514 2.7144032 2.1868753 3.6585161 3.0550377 2.5047128 0.0000000 2.7532790 2.7757076 
n298_299   2.2339057 2.0018354 0.4137148 2.1237914 0.4064334 1.8124376 2.8859009 0.1543980 2.2329743 1.9383581 0.7629181 0.1459142 0.4399678 0.0450619 1.1887363 1.9874352 1.9488358 0.4256159 0.4146524 3.6746901 2.0099179 2.0149500 0.1332666 2.7532790 0.0000000 1.9197110 
n300_301   0.4217515 1.7960872 2.0067402 1.7364512 2.1958295 0.1216573 2.5427548 2.1020984 0.4292538 0.0168861 1.9729464 1.9955035 2.5266599 1.9766764 2.0804110 0.0413648 0.0669039 2.2005442 2.3908048 3.2032542 1.4078984 1.5585053 1.8501881 2.7757076 1.9197110 0.0000000 
