26
n300_299   0.0000000 0.4565950 0.4677409 0.0891007 1.8140900 1.9760415 1.4986887 2.3718423 1.5511807 1.2976622 1.5856933 1.9303674 0.0067028 0.1005087 1.8506916 2.0749896 1.3843847 1.3610019 1.3842757 1.3907851 1.4013933 1.7259759 1.3908296 1.2396939 0.0341928 1.4230409 
n278_277   0.4565950 0.0000000 0.1436987 0.4425339 1.5755212 2.5200411 1.7311720 2.7067819 1.6158957 1.4269350 1.6771207 1.7830352 0.4698246 0.4404113 2.1555373 2.1993836 1.6485279 1.6720747 1.4264704 1.5054659 1.5831978 2.0147006 1.7399209 1.3868473 0.4365924 1.6137342 
n277_276   0.4677409 0.1436987 0.0000000 0.4796019 1.7436384 3.0656701 1.8936905 3.3908401 1.5835901 1.6451945 1.6996419 1.9811697 0.4811373 0.4513172 2.0081783 2.3666864 1.6733668 1.7326309 1.5756783 1.5871647 1.7200580 2.3646352 1.6585293 1.5355679 0.4537588 1.7483202 
n274_273   0.0891007 0.4425339 0.4796019 0.0000000 1.7625802 2.0956990 1.4570466 2.2014054 1.4450543 1.3168557 1.4749312 1.9191112 0.0967698 0.1005164 2.0121720 1.7485726 1.3755593 1.3591035 1.3419449 1.3666540 1.3650189 1.6715343 1.3797313 1.2380640 0.1007080 1.3951496 
n265_264   1.8140900 1.5755212 1.7436384 1.7625802 0.0000000 3.7477358 1.5652113 4.0312003 0.9082124 1.2822356 0.9486967 0.1408144 1.8155051 1.7567886 1.8335575 1.7859156 1.5137970 1.5717085 1.4966891 1.5329142 1.4899289 2.2304436 1.5179544 1.2593346 1.7395505 1.4245377 
n251_250   1.9760415 2.5200411 3.0656701 2.0956990 3.7477358 0.0000000 3.4404926 0.3064710 3.4118862 2.7018382 3.0356792 6.3094277 2.0120879 1.8899825 2.8773563 1.9730468 4.0924390 3.5365840 2.6978076 3.0803447 3.3364803 2.0630626 4.3279773 2.7071515 2.0046900 2.9461507 
n295_294   1.4986887 1.7311720 1.8936905 1.4570466 1.5652113 3.4404926 0.0000000 3.2440064 1.3260129 0.3049525 1.2693174 1.7090549 1.5017118 1.5564621 0.7543411 0.9791532 0.1536012 0.1621774 0.3266179 0.3057040 0.0238147 2.2343773 0.1453079 0.2897994 1.5393375 0.3053648 
n255_254   2.3718423 2.7067819 3.3908401 2.2014054 4.0312003 0.3064710 3.2440064 0.0000000 3.3321614 4.0319272 3.2666002 7.5165268 2.5136285 2.2033210 3.0646432 2.5049261 4.7197558 3.4050014 3.7119643 4.5361287 3.0226954 2.1669030 4.4828829 4.0108769 2.1680616 3.9999043 
n285_284   1.5511807 1.6158957 1.5835901 1.4450543 0.9082124 3.4118862 1.3260129 3.3321614 0.0000000 1.4163698 0.0593849 0.8294999 1.6081668 1.3907401 2.0349799 1.7621035 1.5726591 1.6800477 1.4363171 1.4286537 1.3740652 5.2099671 1.5383327 1.3564709 1.6008899 1.4043901 
n297_296   1.2976622 1.4269350 1.6451945 1.3168557 1.2822356 2.7018382 0.3049525 4.0319272 1.4163698 0.0000000 1.3150635 1.4119023 1.3392375 1.3302481 0.7178416 0.9938428 0.3097469 0.3268636 0.1288825 0.1369410 0.3263118 2.2845507 0.3105725 0.0378054 1.3299174 0.1289499 
n286_285   1.5856933 1.6771207 1.6996419 1.4749312 0.9486967 3.0356792 1.2693174 3.2666002 0.0593849 1.3150635 0.0000000 0.9112622 1.6454486 1.4187293 1.9731210 1.7239186 1.4640666 1.5553091 1.3333557 1.3176906 1.3141178 3.9579746 1.4560899 1.2615391 1.6377044 1.3342780 
n266_265   1.9303674 1.7830352 1.9811697 1.9191112 0.1408144 6.3094277 1.7090549 7.5165268 0.8294999 1.4119023 0.9112622 0.0000000 1.9323019 1.8099089 2.1515881 1.9738255 1.6309339 1.6981445 1.5060763 1.6145303 1.7151159 2.2661370 1.6360754 1.3846303 1.8176206 1.5525542 
n299_298   0.0067028 0.4698246 0.4811373 0.0967698 1.8155051 2.0120879 1.5017118 2.5136285 1.6081668 1.3392375 1.6454486 1.9323019 0.0000000 0.1083007 1.8839976 2.1833895 1.3867159 1.3632090 1.4303942 1.4374197 1.4038300 1.7975877 1.3931990 1.2782323 0.0412471 1.4718787 
n280_279   0.1005087 0.4404113 0.4513172 0.1005164 1.7567886 1.8899825 1.5564621 2.2033210 1.3907401 1.3302481 1.4187293 1.8099089 0.1083007 0.0000000 1.9085744 1.7609823 1.3716674 1.3784048 1.3956986 1.4049381 1.4532066 1.9544597 1.3779601 1.2707829 0.0888386 1.4348865 
n236_235   1.8506916 2.1555373 2.0081783 2.0121720 1.8335575 2.8773563 0.7543411 3.0646432 2.0349799 0.7178416 1.9731210 2.1515881 1.8839976 1.9085744 0.0000000 1.0510200 0.7437702 0.7383403 0.7256887 0.7638331 0.7748549 2.6581951 0.7245216 0.6807468 1.9115757 0.7515321 
n200_201   2.0749896 2.1993836 2.3666864 1.7485726 1.7859156 1.9730468 0.9791532 2.5049261 1.7621035 0.9938428 1.7239186 1.9738255 2.1833895 1.7609823 1.0510200 0.0000000 0.9974066 1.0994524 0.9814746 1.0004421 0.9766983 2.3068832 1.0382623 0.9453012 1.9872182 0.9736426 
n290_289   1.3843847 1.6485279 1.6733668 1.3755593 1.5137970 4.0924390 0.1536012 4.7197558 1.5726591 0.3097469 1.4640666 1.6309339 1.3867159 1.3716674 0.7437702 0.9974066 0.0000000 0.0520956 0.3437568 0.3329630 0.1578516 2.3499047 0.0448998 0.2889554 1.3974045 0.3218697 
n289_288   1.3610019 1.6720747 1.7326309 1.3591035 1.5717085 3.5365840 0.1621774 3.4050014 1.6800477 0.3268636 1.5553091 1.6981445 1.3632090 1.3784048 0.7383403 1.0994524 0.0520956 0.0000000 0.3669052 0.3502705 0.1751741 2.2987900 0.0484899 0.3109071 1.3737484 0.3388833 
n275_274   1.3842757 1.4264704 1.5756783 1.3419449 1.4966891 2.6978076 0.3266179 3.7119643 1.4363171 0.1288825 1.3333557 1.5060763 1.4303942 1.3956986 0.7256887 0.9814746 0.3437568 0.3669052 0.0000000 0.1164608 0.3428735 2.2978077 0.3435750 0.1009825 1.4195532 0.1086263 
n294_293   1.3907851 1.5054659 1.5871647 1.3666540 1.5329142 3.0803447 0.3057040 4.5361287 1.4286537 0.1369410 1.3176906 1.6145303 1.4374197 1.4049381 0.7638331 1.0004421 0.3329630 0.3502705 0.1164608 0.0000000 0.3271160 2.0466344 0.3224878 0.1206336 1.4064885 0.0308154 
n296_295   1.4013933 1.5831978 1.7200580 1.3650189 1.4899289 3.3364803 0.0238147 3.0226954 1.3740652 0.3263118 1.3141178 1.7151159 1.4038300 1.4532066 0.7748549 0.9766983 0.1578516 0.1751741 0.3428735 0.3271160 0.0000000 2.0892843 0.1579789 0.3052603 1.4377871 0.3267524 
n244_243   1.7259759 2.0147006 2.3646352 1.6715343 2.2304436 2.0630626 2.2343773 2.1669030 5.2099671 2.2845507 3.9579746 2.2661370 1.7975877 1.9544597 2.6581951 2.3068832 2.3499047 2.2987900 2.2978077 2.0466344 2.0892843 0.0000000 2.4693833 2.4068023 1.6598029 2.1983197 
n287_286   1.3908296 1.7399209 1.6585293 1.3797313 1.5179544 4.3279773 0.1453079 4.4828829 1.5383327 0.3105725 1.4560899 1.6360754 1.3931990 1.3779601 0.7245216 1.0382623 0.0448998 0.0484899 0.3435750 0.3224878 0.1579789 2.4693833 0.0000000 0.2846760 1.4039428 0.3065923 
n298_297   1.2396939 1.3868473 1.5355679 1.2380640 1.2593346 2.7071515 0.2897994 4.0108769 1.3564709 0.0378054 1.2615391 1.3846303 1.2782323 1.2707829 0.6807468 0.9453012 0.2889554 0.3109071 0.1009825 0.1206336 0.3052603 2.4068023 0.2846760 0.0000000 1.2698825 0.1128182 
n292_291   0.0341928 0.4365924 0.4537588 0.1007080 1.7395505 2.0046900 1.5393375 2.1680616 1.6008899 1.3299174 1.6377044 1.8176206 0.0412471 0.0888386 1.9115757 1.9872182 1.3974045 1.3737484 1.4195532 1.4064885 1.4377871 1.6598029 1.4039428 1.2698825 0.0000000 1.4393788 
n293_292   1.4230409 1.6137342 1.7483202 1.3951496 1.4245377 2.9461507 0.3053648 3.9999043 1.4043901 0.1289499 1.3342780 1.5525542 1.4718787 1.4348865 0.7515321 0.9736426 0.3218697 0.3388833 0.1086263 0.0308154 0.3267524 2.1983197 0.3065923 0.1128182 1.4393788 0.0000000 
