26
n277_278   0.0000000 1.7905669 1.6940877 1.7514619 1.6354087 0.4410299 2.3073117 1.7696968 0.1008492 0.5037753 1.9675528 1.6885341 1.7544657 2.0319647 1.6604457 0.4891275 0.4855766 1.7009222 1.7881433 9.0000000 1.8658443 1.8762175 1.7739317 2.3536578 2.1109370 0.5100201 
n286_287   1.7905669 0.0000000 2.7547367 0.0485529 2.2895584 1.8368233 2.9616042 3.4640533 1.8899777 1.6595546 2.3217612 3.4406808 2.4890657 2.8391813 2.0384203 1.7184500 1.7890234 2.4674337 2.4914342 8.4484765 1.0112828 0.9751424 3.3317391 3.3023128 2.8118224 1.7112737 
n296_297   1.6940877 2.7547367 0.0000000 3.1234630 0.1919796 2.4927481 3.1042033 0.3974977 1.9124862 2.2968360 0.8400456 0.3333355 0.1862810 0.3513098 1.1600322 2.2396980 2.2347459 0.0417804 0.1817918 3.7191026 2.9270580 2.5458893 0.3344509 4.7030529 0.3627192 2.2896745 
n285_286   1.7514619 0.0485529 3.1234630 0.0000000 2.5292222 1.9090973 3.3232953 3.4535567 1.8860096 1.6608669 2.5374895 3.5373986 2.5992165 2.9791299 2.1684878 1.7200488 1.8578545 2.7416264 2.7695281 8.6262207 1.0266536 0.9924652 3.3622156 3.6954146 3.0840933 1.7128335 
n289_290   1.6354087 2.2895584 0.1919796 2.5292222 0.0000000 2.1615805 3.0141155 0.3811850 1.7987331 2.3386324 0.8426895 0.3297363 0.0522915 0.3543977 1.1358161 2.0282821 2.1432043 0.1826762 0.0558934 9.0000000 2.8765862 2.4440826 0.3361884 6.6420021 0.3651844 2.2840764 
n274_275   0.4410299 1.8368233 2.4927481 1.9090973 2.1615805 0.0000000 2.5024297 2.6040096 0.4412174 0.1561213 2.4082138 2.2045728 2.2938260 2.4901896 1.8956704 0.1430010 0.1257166 2.5508038 2.3107508 5.8325489 1.8763681 1.9623464 2.2951103 2.2201166 2.5960586 0.1515093 
n255_256   2.3073117 2.9616042 3.1042033 3.3232953 3.0141155 2.5024297 0.0000000 2.8047513 2.1367230 2.9144260 2.7525760 2.9638688 2.9779763 2.4970240 2.9062986 3.2321654 2.3101894 3.0833806 2.6198100 2.8206545 2.3348743 2.3777578 3.5163483 0.2725723 2.3801042 3.0341534 
n275_276   1.7696968 3.4640533 0.3974977 3.4535567 0.3811850 2.6040096 2.8047513 0.0000000 1.7395927 2.4688404 0.8701504 0.1206361 0.3709418 0.1589148 1.3270844 2.2185745 2.1790954 0.4035017 0.3641285 4.8005998 2.6780117 2.5320133 0.1170840 4.8651879 0.1720038 2.3948481 
n278_279   0.1008492 1.8899777 1.9124862 1.8860096 1.7987331 0.4412174 2.1367230 1.7395927 0.0000000 0.5020269 2.0762331 1.6668111 1.9413856 2.1012501 1.8224382 0.4870119 0.4651380 1.9221904 2.0261764 7.2171448 1.9594226 1.9886549 1.7116725 2.3595325 2.0548391 0.5082461 
n299_300   0.5037753 1.6595546 2.2968360 1.6608669 2.3386324 0.1561213 2.9144260 2.4688404 0.5020269 0.0000000 2.8668774 2.1011182 2.4452075 2.2862667 2.0651722 0.0635220 0.1257697 2.3425989 2.2913308 4.1830768 1.8329790 1.8771521 2.2912943 2.5385792 2.3625390 0.0135221 
n236_237   1.9675528 2.3217612 0.8400456 2.5374895 0.8426895 2.4082138 2.7525760 0.8701504 2.0762331 2.8668774 0.0000000 0.9423493 0.8502178 0.9283132 1.3098934 2.8050734 2.4761319 0.8506716 0.8061536 5.1861009 2.3755618 2.0993644 0.8569787 2.7938186 0.9530410 2.7652717 
n293_294   1.6885341 3.4406808 0.3333355 3.5373986 0.3297363 2.2045728 2.9638688 0.1206361 1.6668111 2.1011182 0.9423493 0.0000000 0.2975595 0.1333980 1.1941469 1.9155036 1.9782833 0.3388274 0.3129779 3.7462475 2.9393033 2.4329301 0.0558715 4.5809051 0.1500829 2.0479850 
n290_291   1.7544657 2.4890657 0.1862810 2.5992165 0.0522915 2.2938260 2.9779763 0.3709418 1.9413856 2.4452075 0.8502178 0.2975595 0.0000000 0.3256399 1.1945957 2.1372780 2.2634840 0.1863635 0.0485597 9.0000000 2.8029175 2.3442021 0.3199636 5.7391897 0.3360179 2.3718620 
n297_298   2.0319647 2.8391813 0.3513098 2.9791299 0.3543977 2.4901896 2.4970240 0.1589148 2.1012501 2.2862667 0.9283132 0.1333980 0.3256399 0.0000000 1.2501212 2.1536809 2.2670741 0.3624483 0.3307314 4.4996111 2.6755187 2.4313039 0.1422919 3.0137861 0.0378338 2.2225990 
n200_201   1.6604457 2.0384203 1.1600322 2.1684878 1.1358161 1.8956704 2.9062986 1.3270844 1.8224382 2.0651722 1.3098934 1.1941469 1.1945957 1.2501212 0.0000000 1.9448140 2.0948974 1.1234801 1.1598498 4.8841217 2.1638251 2.1415363 1.1728034 4.3665983 1.2650668 2.0938733 
n292_293   0.4891275 1.7184500 2.2396980 1.7200488 2.0282821 0.1430010 3.2321654 2.2185745 0.4870119 0.0635220 2.8050734 1.9155036 2.1372780 2.1536809 1.9448140 0.0000000 0.0899470 2.2830591 2.1108699 6.0788342 1.9012681 1.9987044 2.1192387 2.7102533 2.2236180 0.0560721 
n280_281   0.4855766 1.7890234 2.2347459 1.8578545 2.1432043 0.1257166 2.3101894 2.1790954 0.4651380 0.1257697 2.4761319 1.9782833 2.2634840 2.2670741 2.0948974 0.0899470 0.0000000 2.3375496 2.2362980 7.1494578 2.0053215 1.9883306 2.0859342 2.2527498 2.2531668 0.1174989 
n295_296   1.7009222 2.4674337 0.0417804 2.7416264 0.1826762 2.5508038 3.0833806 0.4035017 1.9221904 2.3425989 0.8506716 0.3388274 0.1863635 0.3624483 1.1234801 2.2830591 2.3375496 0.0000000 0.1726874 3.2088141 2.7408707 2.4083778 0.3399638 4.3062914 0.3740273 2.3350782 
n287_288   1.7881433 2.4914342 0.1817918 2.7695281 0.0558934 2.3107508 2.6198100 0.3641285 2.0261764 2.2913308 0.8061536 0.3129779 0.0485597 0.3307314 1.1598498 2.1108699 2.2362980 0.1726874 0.0000000 9.0000000 2.9552244 2.4405420 0.3250171 4.4938474 0.3411684 2.3405144 
n244_245   9.0000000 8.4484765 3.7191026 8.6262207 9.0000000 5.8325489 2.8206545 4.8005998 7.2171448 4.1830768 5.1861009 3.7462475 9.0000000 4.4996111 4.8841217 6.0788342 7.1494578 3.2088141 9.0000000 0.0000000 4.0977793 3.9058773 3.1457217 2.1616065 4.4820971 4.0758466 
n265_266   1.8658443 1.0112828 2.9270580 1.0266536 2.8765862 1.8763681 2.3348743 2.6780117 1.9594226 1.8329790 2.3755618 2.9393033 2.8029175 2.6755187 2.1638251 1.9012681 2.0053215 2.7408707 2.9552244 4.0977793 0.0000000 0.1124970 2.9447102 2.6307158 2.8821719 1.8274793 
n266_267   1.8762175 0.9751424 2.5458893 0.9924652 2.4440826 1.9623464 2.3777578 2.5320133 1.9886549 1.8771521 2.0993644 2.4329301 2.3442021 2.4313039 2.1415363 1.9987044 1.9883306 2.4083778 2.4405420 3.9058773 0.1124970 0.0000000 2.4389477 2.2602321 2.6744875 1.8714960 
n294_295   1.7739317 3.3317391 0.3344509 3.3622156 0.3361884 2.2951103 3.5163483 0.1170840 1.7116725 2.2912943 0.8569787 0.0558715 0.3199636 0.1422919 1.1728034 2.1192387 2.0859342 0.3399638 0.3250171 3.1457217 2.9447102 2.4389477 0.0000000 6.2987173 0.1592732 2.2279642 
n251_252   2.3536578 3.3023128 4.7030529 3.6954146 6.6420021 2.2201166 0.2725723 4.8651879 2.3595325 2.5385792 2.7938186 4.5809051 5.7391897 3.0137861 4.3665983 2.7102533 2.2527498 4.3062914 4.4938474 2.1616065 2.6307158 2.2602321 6.2987173 0.0000000 3.2041997 2.6097466 
n298_299   2.1109370 2.8118224 0.3627192 3.0840933 0.3651844 2.5960586 2.3801042 0.1720038 2.0548391 2.3625390 0.9530410 0.1500829 0.3360179 0.0378338 1.2650668 2.2236180 2.2531668 0.3740273 0.3411684 4.4820971 2.8821719 2.6744875 0.1592732 3.2041997 0.0000000 2.2950012 
n300_301   0.5100201 1.7112737 2.2896745 1.7128335 2.2840764 0.1515093 3.0341534 2.3948481 0.5082461 0.0135221 2.7652717 2.0479850 2.3718620 2.2225990 2.0938733 0.0560721 0.1174989 2.3350782 2.3405144 4.0758466 1.8274793 1.8714960 2.2279642 2.6097466 2.2950012 0.0000000 
