22
n274_277   0.0000000 0.3491676 0.0134630 0.2570093 0.3586855 0.2570503 0.3487994 0.0704400 0.3315298 0.3484787 0.3716559 0.4614721 0.3486721 0.2926166 0.3867223 0.3533638 0.3370213 0.3658347 0.3933095 0.2924152 0.3263930 0.0742360 
n294_297   0.3491676 0.0000000 0.3270180 0.3038573 0.0558092 0.3091525 0.0307112 0.3442924 0.0558493 0.0033457 0.0342897 0.5221706 0.1860873 0.2761098 0.4448491 0.0595181 0.0594933 0.0307811 0.4510117 0.2867548 0.0974775 0.3385332 
n280_283   0.0134630 0.3270180 0.0000000 0.2471872 0.3363260 0.2472258 0.3266790 0.0557777 0.3099458 0.3263808 0.3488284 0.4492321 0.3437118 0.2824126 0.3632876 0.3311492 0.3152757 0.3431909 0.3696456 0.2822187 0.3049524 0.0594803 
n285_288   0.2570093 0.3038573 0.2471872 0.0000000 0.2970934 0.0100806 0.3085649 0.2473247 0.2925242 0.3032749 0.3086524 0.4411522 0.3043873 0.1553166 0.3610153 0.2921789 0.2977069 0.3033442 0.3605887 0.1552142 0.2770327 0.2472781 
n296_299   0.3586855 0.0558092 0.3363260 0.2970934 0.0000000 0.3023174 0.0556902 0.3425373 0.0203296 0.0521504 0.0594804 0.5257434 0.1903894 0.2968403 0.4467236 0.0067191 0.0237766 0.0558341 0.4528553 0.3078398 0.1015114 0.3368136 
n286_289   0.2570503 0.3091525 0.2472258 0.0100806 0.3023174 0.0000000 0.3138871 0.2473632 0.2977233 0.3085581 0.3139786 0.4542368 0.3096940 0.1595714 0.3608940 0.2973707 0.3029439 0.3086298 0.3604677 0.1594661 0.2821163 0.2473167 
n275_278   0.3487994 0.0307112 0.3266790 0.3085649 0.0556902 0.3138871 0.0000000 0.3439303 0.0557301 0.0272124 0.0412792 0.5215554 0.1903391 0.2803296 0.4569283 0.0593908 0.0593660 0.0377422 0.4631711 0.2910175 0.1052996 0.3381788 
n277_280   0.0704400 0.3442924 0.0557777 0.2473247 0.3425373 0.2473632 0.3439303 0.0000000 0.3264567 0.3436142 0.3494130 0.4549437 0.3448144 0.2880967 0.3633218 0.3373141 0.3319123 0.3437645 0.3698821 0.2878983 0.3108710 0.0203278 
n287_290   0.3315298 0.0558493 0.3099458 0.2925242 0.0203296 0.2977233 0.0557301 0.3264567 0.0000000 0.0521878 0.0595231 0.4980674 0.1905302 0.2860597 0.4340058 0.0168834 0.0033464 0.0558742 0.4400443 0.2968639 0.1053976 0.3208581 
n293_296   0.3484787 0.0033457 0.3263808 0.3032749 0.0521504 0.3085581 0.0272124 0.3436142 0.0521878 0.0000000 0.0307615 0.5295096 0.1857553 0.2755904 0.4439142 0.0558334 0.0558102 0.0272742 0.4500615 0.2862124 0.0973135 0.3378686 
n297_300   0.3716559 0.0342897 0.3488284 0.3086524 0.0594804 0.3139786 0.0412792 0.3494130 0.0595231 0.0307615 0.0000000 0.5442599 0.1903686 0.2859558 0.4639595 0.0632148 0.0631883 0.0033408 0.4702610 0.2967568 0.1054108 0.3493378 
n244_247   0.4614721 0.5221706 0.4492321 0.4411522 0.5257434 0.4542368 0.5215554 0.4549437 0.4980674 0.5295096 0.5442599 0.0000000 0.4709151 0.4754280 0.3204382 0.5191529 0.5050148 0.5442373 0.3261121 0.4818043 0.5063236 0.4548317 
n200_203   0.3486721 0.1860873 0.3437118 0.3043873 0.1903894 0.3096940 0.1903391 0.3448144 0.1905302 0.1857553 0.1903686 0.4709151 0.0000000 0.3316157 0.4379706 0.1951021 0.1950073 0.1859067 0.4440787 0.3313840 0.1468836 0.3447405 
n266_269   0.2926166 0.2761098 0.2824126 0.1553166 0.2968403 0.1595714 0.2803296 0.2880967 0.2860597 0.2755904 0.2859558 0.4754280 0.3316157 0.0000000 0.4114627 0.2913345 0.2911786 0.2808402 0.4109386 0.0067140 0.2921505 0.2829507 
n255_258   0.3867223 0.4448491 0.3632876 0.3610153 0.4467236 0.3608940 0.4569283 0.3633218 0.4340058 0.4439142 0.4639595 0.3204382 0.4379706 0.4114627 0.0000000 0.4407649 0.4403441 0.4639377 0.0237128 0.4099421 0.4228859 0.3576677 
n295_298   0.3533638 0.0595181 0.3311492 0.2921789 0.0067191 0.2973707 0.0593908 0.3373141 0.0168834 0.0558334 0.0632148 0.5191529 0.1951021 0.2913345 0.4407649 0.0000000 0.0203101 0.0595448 0.4468573 0.3022317 0.1055469 0.3316289 
n289_292   0.3370213 0.0594933 0.3152757 0.2977069 0.0237766 0.3029439 0.0593660 0.3319123 0.0033464 0.0558102 0.0631883 0.5050148 0.1950073 0.2911786 0.4403441 0.0203101 0.0000000 0.0595200 0.4464288 0.3020680 0.1093308 0.3262699 
n298_301   0.3658347 0.0307811 0.3431909 0.3033442 0.0558341 0.3086298 0.0377422 0.3437645 0.0558742 0.0272742 0.0033408 0.5442373 0.1859067 0.2808402 0.4639377 0.0595448 0.0595200 0.0000000 0.4702392 0.2915546 0.1014922 0.3436911 
n251_254   0.3933095 0.4510117 0.3696456 0.3605887 0.4528553 0.3604677 0.4631711 0.3698821 0.4400443 0.4500615 0.4702610 0.3261121 0.4440787 0.4109386 0.0237128 0.4468573 0.4464288 0.4702392 0.0000000 0.4094224 0.4219642 0.3641703 
n265_268   0.2924152 0.2867548 0.2822187 0.1552142 0.3078398 0.1594661 0.2910175 0.2878983 0.2968639 0.2862124 0.2967568 0.4818043 0.3313840 0.0067140 0.4099421 0.3022317 0.3020680 0.2915546 0.4094224 0.0000000 0.2919497 0.2827561 
n236_239   0.3263930 0.0974775 0.3049524 0.2770327 0.1015114 0.2821163 0.1052996 0.3108710 0.1053976 0.0973135 0.1054108 0.5063236 0.1468836 0.2921505 0.4228859 0.1055469 0.1093308 0.1014922 0.4219642 0.2919497 0.0000000 0.3053908 
n278_281   0.0742360 0.3385332 0.0594803 0.2472781 0.3368136 0.2473167 0.3381788 0.0203278 0.3208581 0.3378686 0.3493378 0.4548317 0.3447405 0.2829507 0.3576677 0.3316289 0.3262699 0.3436911 0.3641703 0.2827561 0.3053908 0.0000000 
