25
n277_278   0.0000000 2.4305295 2.0122607 2.2663479 1.8131570 0.5425488 2.7123223 2.2349071 0.1205732 0.4593996 1.9616161 1.9409315 1.8763716 2.0448393 0.4871374 0.4400762 1.9280198 1.8088992 4.0794584 1.8188898 1.8430621 2.1030707 2.9516401 1.9800897 0.4668023 
n286_287   2.4305295 0.0000000 2.5142925 0.0936445 1.9149120 2.3010517 3.8903131 2.5140612 2.2616987 2.2197171 1.9434571 2.0585838 2.0969554 2.1140782 2.2924657 2.3108073 2.3912478 1.8785104 5.4167476 1.0694476 1.0901511 2.3069524 3.5346747 1.9833435 2.2689057 
n296_297   2.0122607 2.5142925 0.0000000 2.4475343 0.1334203 2.4132228 3.1550641 0.3065840 1.9540383 2.6102452 0.7556808 0.2701004 0.1586543 0.2631444 2.5456567 2.3798655 0.0343137 0.1634835 4.8161158 2.5790703 2.7116126 0.3079928 2.8804122 0.2799157 2.6804061 
n285_286   2.2663479 0.0936445 2.4475343 0.0000000 2.0308675 2.2548987 4.9389505 2.7051376 2.1533480 2.3442540 1.9555143 2.1866424 2.1346264 2.2484411 2.4279049 2.4490670 2.3749046 1.9463863 3.7903635 1.1333192 1.1249517 2.5185762 3.8231913 2.1093706 2.3992604 
n289_290   1.8131570 1.9149120 0.1334203 2.0308675 0.0000000 2.0565066 2.8830794 0.2890829 1.7663653 2.0467685 0.6849056 0.2744445 0.0520356 0.2521952 1.9595874 2.0626554 0.1211630 0.0594494 4.8862318 2.4800355 3.1193491 0.3061164 3.4432262 0.2732740 2.0426574 
n274_275   0.5425488 2.3010517 2.4132228 2.2548987 2.0565066 0.0000000 4.1673510 2.7235019 0.5138323 0.1252119 2.3520525 2.4046639 2.3568616 2.9457820 0.1292860 0.1014108 2.3585467 2.2462197 6.6190442 2.3608584 2.1867761 2.5509909 4.4733200 2.9428456 0.1294158 
n255_256   2.7123223 3.8903131 3.1550641 4.9389505 2.8830794 4.1673510 0.0000000 4.6902607 2.6443772 3.2085859 3.2990976 5.5996659 3.8616968 3.1861841 3.0267868 3.3633440 3.4407908 3.0022469 3.7785706 3.0342648 3.8635250 4.3209808 0.3403095 2.8429554 3.0719274 
n275_276   2.2349071 2.5140612 0.3065840 2.7051376 0.2890829 2.7235019 4.6902607 0.0000000 2.1000483 2.7199656 0.6890799 0.1600286 0.2891772 0.1728417 2.6495440 2.7998915 0.2956830 0.3058071 4.5927478 2.6138576 2.6104045 0.1864705 3.5329899 0.1777971 2.6291778 
n278_279   0.1205732 2.2616987 1.9540383 2.1533480 1.7663653 0.5138323 2.6443772 2.1000483 0.0000000 0.4614162 2.0938653 2.0633436 1.8675740 2.1019594 0.4751761 0.4413072 1.9148186 1.8696150 3.4921151 1.7706800 1.8415145 2.2466689 2.4602481 2.0682258 0.4688654 
n299_300   0.4593996 2.2197171 2.6102452 2.3442540 2.0467685 0.1252119 3.2085859 2.7199656 0.4614162 0.0000000 2.3206577 2.6322005 2.3284226 3.0569228 0.0238023 0.0704173 2.5369840 2.1854362 8.0128795 2.4309333 2.2820868 2.8118303 4.1890217 2.8576458 0.0100817 
n236_237   1.9616161 1.9434571 0.7556808 1.9555143 0.6849056 2.3520525 3.2990976 0.6890799 2.0938653 2.3206577 0.0000000 0.6880140 0.7407330 0.6180936 2.6386434 2.3537704 0.7463867 0.7335954 4.5769984 2.4537108 2.3406151 0.7349572 3.2455296 0.6567973 2.2499874 
n293_294   1.9409315 2.0585838 0.2701004 2.1866424 0.2744445 2.4046639 5.5996659 0.1600286 2.0633436 2.6322005 0.6880140 0.0000000 0.2897306 0.1558236 2.5677066 2.5289025 0.2645931 0.3013881 4.9754349 2.7165249 2.8367269 0.0527414 3.9288120 0.1694362 2.7022337 
n290_291   1.8763716 2.0969554 0.1586543 2.1346264 0.0520356 2.3568616 3.8616968 0.2891772 1.8675740 2.3284226 0.7407330 0.2897306 0.0000000 0.2724203 2.2775140 2.4154195 0.1459136 0.0704387 4.5202614 2.5435052 3.2442114 0.3221037 4.1904063 0.2998671 2.3237736 
n297_298   2.0448393 2.1140782 0.2631444 2.2484411 0.2521952 2.9457820 3.1861841 0.1728417 2.1019594 3.0569228 0.6180936 0.1558236 0.2724203 0.0000000 2.9667670 3.1593012 0.2687097 0.2835525 3.3418272 2.8239744 2.8115230 0.1820925 3.0551650 0.0309269 3.0295577 
n292_293   0.4871374 2.2924657 2.5456567 2.4279049 1.9595874 0.1292860 3.0267868 2.6495440 0.4751761 0.0238023 2.6386434 2.5677066 2.2775140 2.9667670 0.0000000 0.0741487 2.4761528 2.1401502 5.8387000 2.3883624 2.2435145 2.7373421 4.9900692 2.7799843 0.0342990 
n280_281   0.4400762 2.3108073 2.3798655 2.4490670 2.0626554 0.1014108 3.3633440 2.7998915 0.4413072 0.0704173 2.3537704 2.5289025 2.4154195 3.1593012 0.0741487 0.0000000 2.3199737 2.1344102 6.2183852 2.2911939 2.1138057 2.8674362 4.2231100 3.1545937 0.0742184 
n295_296   1.9280198 2.3912478 0.0343137 2.3749046 0.1211630 2.3585467 3.4407908 0.2956830 1.9148186 2.5369840 0.7463867 0.2645931 0.1459136 0.2687097 2.4761528 2.3199737 0.0000000 0.1506127 3.8101604 2.4694193 2.5748527 0.3021106 2.8028109 0.2856687 2.6026178 
n287_288   1.8088992 1.8785104 0.1634835 1.9463863 0.0594494 2.2462197 3.0022469 0.3058071 1.8696150 2.1854362 0.7335954 0.3013881 0.0704387 0.2835525 2.1401502 2.1344102 0.1506127 0.0000000 5.5768590 2.9649683 3.8100285 0.3344249 3.4993075 0.3115693 2.1810306 
n244_245   4.0794584 5.4167476 4.8161158 3.7903635 4.8862318 6.6190442 3.7785706 4.5927478 3.4921151 8.0128795 4.5769984 4.9754349 4.5202614 3.3418272 5.8387000 6.2183852 3.8101604 5.5768590 0.0000000 4.7000783 3.5166232 7.5067100 3.2036720 4.2442415 7.2736231 
n265_266   1.8188898 1.0694476 2.5790703 1.1333192 2.4800355 2.3608584 3.0342648 2.6138576 1.7706800 2.4309333 2.4537108 2.7165249 2.5435052 2.8239744 2.3883624 2.2911939 2.4694193 2.9649683 4.7000783 0.0000000 0.2128302 3.2069901 2.6557522 2.6000097 2.4259691 
n266_267   1.8430621 1.0901511 2.7116126 1.1249517 3.1193491 2.1867761 3.8635250 2.6104045 1.8415145 2.2820868 2.3406151 2.8367269 3.2442114 2.8115230 2.2435145 2.1138057 2.5748527 3.8100285 3.5166232 0.2128302 0.0000000 3.2505447 3.5418338 2.7233486 2.3345687 
n294_295   2.1030707 2.3069524 0.3079928 2.5185762 0.3061164 2.5509909 4.3209808 0.1864705 2.2466689 2.8118303 0.7349572 0.0527414 0.3221037 0.1820925 2.7373421 2.8674362 0.3021106 0.3344249 7.5067100 3.2069901 3.2505447 0.0000000 3.6210712 0.1963457 2.7901247 
n251_252   2.9516401 3.5346747 2.8804122 3.8231913 3.4432262 4.4733200 0.3403095 3.5329899 2.4602481 4.1890217 3.2455296 3.9288120 4.1904063 3.0551650 4.9900692 4.2231100 2.8028109 3.4993075 3.2036720 2.6557522 3.5418338 3.6210712 0.0000000 3.1687227 4.1654513 
n298_299   1.9800897 1.9833435 0.2799157 2.1093706 0.2732740 2.9428456 2.8429554 0.1777971 2.0682258 2.8576458 0.6567973 0.1694362 0.2998671 0.0309269 2.7799843 3.1545937 0.2856687 0.3115693 4.2442415 2.6000097 2.7233486 0.1963457 3.1687227 0.0000000 2.8348405 
n300_301   0.4668023 2.2689057 2.6804061 2.3992604 2.0426574 0.1294158 3.0719274 2.6291778 0.4688654 0.0100817 2.2499874 2.7022337 2.3237736 3.0295577 0.0342990 0.0742184 2.6026178 2.1810306 7.2736231 2.4259691 2.3345687 2.7901247 4.1654513 2.8348405 0.0000000 
