24
n298_299   0.0000000 0.2261074 0.1173620 0.2363406 0.0483910 0.2425834 0.2216418 0.0100689 0.0134739 0.0484372 0.2075122 0.0483528 0.3131160 0.2359057 0.0484382 0.0856447 0.3291092 0.2267292 0.0066965 0.2263273 0.2326490 0.0448413 0.3673389 0.2029029 
n280_281   0.2261074 0.0000000 0.2416176 0.2219032 0.2547381 0.2238926 0.0067046 0.2212347 0.2165524 0.2500631 0.0485347 0.2448020 0.3196524 0.0203648 0.2549959 0.2703816 0.3307376 0.2173129 0.2165901 0.0100825 0.2142287 0.2452696 0.3695441 0.0342881 
n200_201   0.1173620 0.2416176 0.0000000 0.2420105 0.1292032 0.2476919 0.2416708 0.1132805 0.1174062 0.1293299 0.2225309 0.1331317 0.3253791 0.2516963 0.1293301 0.1542264 0.3411071 0.2372756 0.1093139 0.2465085 0.2281280 0.1292374 0.3621929 0.2085634 
n286_287   0.2363406 0.2219032 0.2420105 0.0000000 0.2596937 0.1638941 0.2219513 0.2313744 0.2266086 0.2496848 0.2221367 0.2450527 0.3482994 0.2415598 0.2599568 0.2652131 0.3651722 0.0134773 0.2266489 0.2266434 0.1594368 0.2501590 0.3532088 0.2081960 
n287_288   0.0483910 0.2547381 0.1292032 0.2596937 0.0000000 0.2668612 0.2501116 0.0447837 0.0484099 0.0066887 0.2353763 0.0202318 0.3123011 0.2649792 0.0066889 0.0890196 0.3282403 0.2497801 0.0412300 0.2549894 0.2565627 0.0168396 0.4021549 0.2305751 
n266_267   0.2425834 0.2238926 0.2476919 0.1638941 0.2668612 0.0000000 0.2239425 0.2428232 0.2429453 0.2566807 0.2192120 0.2618757 0.3677539 0.2337430 0.2671337 0.2674216 0.3735259 0.1596480 0.2379913 0.2240369 0.0135463 0.2572852 0.4213670 0.2005632 
n292_293   0.2216418 0.0067046 0.2416708 0.2219513 0.2501116 0.2239425 0.0000000 0.2167996 0.2121438 0.2454610 0.0485440 0.2402354 0.3197269 0.0203686 0.2503647 0.2755878 0.3308153 0.2173598 0.2121805 0.0033449 0.2142751 0.2406941 0.3696329 0.0342946 
n293_294   0.0100689 0.2212347 0.1132805 0.2313744 0.0447837 0.2428232 0.2167996 0.0000000 0.0100726 0.0448251 0.2027823 0.0447483 0.3074994 0.2309512 0.0448261 0.0817881 0.3233550 0.2218395 0.0033370 0.2214492 0.2328774 0.0412535 0.3612562 0.1982086 
n275_276   0.0134739 0.2165524 0.1174062 0.2266086 0.0484099 0.2429453 0.2121438 0.0100726 0.0000000 0.0484551 0.1982260 0.0448137 0.2966863 0.2261963 0.0484562 0.0781064 0.3122924 0.2171412 0.0066981 0.2167617 0.2329935 0.0413147 0.3495995 0.1936838 
n289_290   0.0484372 0.2500631 0.1293299 0.2496848 0.0066887 0.2566807 0.2454610 0.0448251 0.0484551 0.0000000 0.2308187 0.0202504 0.3126417 0.2602360 0.0066950 0.0891045 0.3286013 0.2399216 0.0412681 0.2503094 0.2465482 0.0168546 0.3964780 0.2260469 
n278_279   0.2075122 0.0485347 0.2225309 0.2221367 0.2353763 0.2192120 0.0485440 0.2027823 0.1982260 0.2308187 0.0000000 0.2257237 0.3033307 0.0558343 0.2356136 0.2653999 0.3197052 0.2175409 0.1982593 0.0521499 0.2096161 0.2261524 0.3693352 0.0135048 
n295_296   0.0483528 0.2448020 0.1331317 0.2450527 0.0202318 0.2618757 0.2402354 0.0447483 0.0448137 0.0202504 0.2257237 0.0000000 0.2914731 0.2548801 0.0202509 0.0889479 0.3069654 0.2353465 0.0411974 0.2450421 0.2516528 0.0100482 0.3784310 0.2209933 
n251_252   0.3131160 0.3196524 0.3253791 0.3482994 0.3123011 0.3677539 0.3197269 0.3074994 0.2966863 0.3126417 0.3033307 0.2914731 0.0000000 0.3310687 0.3180664 0.3399239 0.0237564 0.3371355 0.3022225 0.3251528 0.3506948 0.3073938 0.2981154 0.2980058 
n274_275   0.2359057 0.0203648 0.2516963 0.2415598 0.2649792 0.2337430 0.0203686 0.2309512 0.2261963 0.2602360 0.0558343 0.2548801 0.3310687 0.0000000 0.2652481 0.2910451 0.3423519 0.2368349 0.2262365 0.0238247 0.2239192 0.2553690 0.3818279 0.0414131 
n290_291   0.0484382 0.2549959 0.1293301 0.2599568 0.0066889 0.2671337 0.2503647 0.0448261 0.0484562 0.0066950 0.2356136 0.0202509 0.3180664 0.2652481 0.0000000 0.0891056 0.3341488 0.2500326 0.0412691 0.2552477 0.2568239 0.0168546 0.4025718 0.2308073 
n236_237   0.0856447 0.2703816 0.1542264 0.2652131 0.0890196 0.2674216 0.2755878 0.0817881 0.0781064 0.0891045 0.2653999 0.0889479 0.3399239 0.2910451 0.0891056 0.0000000 0.3564984 0.2552081 0.0780172 0.2757061 0.2618331 0.0852718 0.4021906 0.2552743 
n255_256   0.3291092 0.3307376 0.3411071 0.3651722 0.3282403 0.3735259 0.3308153 0.3233550 0.3122924 0.3286013 0.3197052 0.3069654 0.0237564 0.3423519 0.3341488 0.3564984 0.0000000 0.3537518 0.3179627 0.3363280 0.3623661 0.3232403 0.3194621 0.3087371 
n285_286   0.2267292 0.2173129 0.2372756 0.0134773 0.2497801 0.1596480 0.2173598 0.2218395 0.2171412 0.2399216 0.2175409 0.2353465 0.3371355 0.2368349 0.2500326 0.2552081 0.3537518 0.0000000 0.2171792 0.2220229 0.1552205 0.2403739 0.3418396 0.2036870 
n294_295   0.0066965 0.2165901 0.1093139 0.2266489 0.0412300 0.2379913 0.2121805 0.0033370 0.0066981 0.0412681 0.1982593 0.0411974 0.3022225 0.2262365 0.0412691 0.0780172 0.3179627 0.2171792 0.0000000 0.2167996 0.2281186 0.0377166 0.3555901 0.1937161 
n300_301   0.2263273 0.0100825 0.2465085 0.2266434 0.2549894 0.2240369 0.0033449 0.2214492 0.2167617 0.2503094 0.0521499 0.2450421 0.3251528 0.0238247 0.2552477 0.2757061 0.3363280 0.2220229 0.2167996 0.0000000 0.2143649 0.2455107 0.3754370 0.0378229 
n265_266   0.2326490 0.2142287 0.2281280 0.1594368 0.2565627 0.0135463 0.2142751 0.2328774 0.2329935 0.2465482 0.2096161 0.2516528 0.3506948 0.2239192 0.2568239 0.2618331 0.3623661 0.1552205 0.2281186 0.2143649 0.0000000 0.2471251 0.3961555 0.1912447 
n296_297   0.0448413 0.2452696 0.1292374 0.2501590 0.0168396 0.2572852 0.2406941 0.0412535 0.0413147 0.0168546 0.2261524 0.0100482 0.3073938 0.2553690 0.0168546 0.0852718 0.3232403 0.2403739 0.0377166 0.2455107 0.2471251 0.0000000 0.3964173 0.2214123 
n244_245   0.3673389 0.3695441 0.3621929 0.3532088 0.4021549 0.4213670 0.3696329 0.3612562 0.3495995 0.3964780 0.3693352 0.3784310 0.2981154 0.3818279 0.4025718 0.4021906 0.3194621 0.3418396 0.3555901 0.3754370 0.3961555 0.3964173 0.0000000 0.3521111 
n277_278   0.2029029 0.0342881 0.2085634 0.2081960 0.2305751 0.2005632 0.0342946 0.1982086 0.1936838 0.2260469 0.0135048 0.2209933 0.2980058 0.0414131 0.2308073 0.2552743 0.3087371 0.2036870 0.1937161 0.0378229 0.1912447 0.2214123 0.3521111 0.0000000 
