22
n289_290   0.0000000 0.0556247 0.0203418 0.2289806 0.2371095 0.0556753 0.0067161 0.2415637 0.3847784 0.0448502 0.2240637 0.4262294 0.2549866 0.0134869 0.1437147 0.2653017 0.0811992 0.2371061 0.2245163 0.0555309 0.3684629 0.2326018 
n294_295   0.0556247 0.0000000 0.0556981 0.2390167 0.2563782 0.0273378 0.0484453 0.2609509 0.3915510 0.0101273 0.2340043 0.4213783 0.2747287 0.0556030 0.1441632 0.2854022 0.0739152 0.2563740 0.2526143 0.0272677 0.3750597 0.2517465 
n295_296   0.0203418 0.0556981 0.0000000 0.2293151 0.2374562 0.0557489 0.0135005 0.2419181 0.3854012 0.0449090 0.2243896 0.4269409 0.2462038 0.0203340 0.1439146 0.2656975 0.0775735 0.2374527 0.2337370 0.0556049 0.3690530 0.2329409 
n266_267   0.2289806 0.2390167 0.2293151 0.0000000 0.2101384 0.2254722 0.2199855 0.2144467 0.3835005 0.2251657 0.0168580 0.4313595 0.2274328 0.2288890 0.2435280 0.2368733 0.2294128 0.2190347 0.1192630 0.2295588 0.3782549 0.2144851 
n299_300   0.2371095 0.2563782 0.2374562 0.2101384 0.0000000 0.2469787 0.2280488 0.0100156 0.3652851 0.2422559 0.2095746 0.4002900 0.0584197 0.2370148 0.2852113 0.0694136 0.2464057 0.0133921 0.2276366 0.2462803 0.3601702 0.0033206 
n298_299   0.0556753 0.0273378 0.0557489 0.2254722 0.2469787 0.0000000 0.0484893 0.2514977 0.3802661 0.0169587 0.2205645 0.4213307 0.2651147 0.0556536 0.1442996 0.2756229 0.0815172 0.2469749 0.2432355 0.0272920 0.3585477 0.2424034 
n290_291   0.0067161 0.0484453 0.0135005 0.2199855 0.2280488 0.0484893 0.0000000 0.2324541 0.3737657 0.0377749 0.2151388 0.4145912 0.2457304 0.0067135 0.1356482 0.2558938 0.0737848 0.2280457 0.2243525 0.0483639 0.3576744 0.2235928 
n274_275   0.2415637 0.2609509 0.2419181 0.2144467 0.0100156 0.2514977 0.2324541 0.0000000 0.3597707 0.2467465 0.2138704 0.4057540 0.0619726 0.2414671 0.2899519 0.0730236 0.2509128 0.0167699 0.2320343 0.2557349 0.3600881 0.0133800 
n251_252   0.3847784 0.3915510 0.3854012 0.3835005 0.3652851 0.3802661 0.3737657 0.3597707 0.0000000 0.3745675 0.3823666 0.3634116 0.3758216 0.3846275 0.3966034 0.3871183 0.3743082 0.3762111 0.3832468 0.3853159 0.0340715 0.3705640 
n293_294   0.0448502 0.0101273 0.0449090 0.2251657 0.2422559 0.0169587 0.0377749 0.2467465 0.3745675 0.0000000 0.2202660 0.4152918 0.2602806 0.0448319 0.1319578 0.2707040 0.0702638 0.2422522 0.2385238 0.0169162 0.3584373 0.2377097 
n265_266   0.2240637 0.2340043 0.2243896 0.0168580 0.2095746 0.2205645 0.2151388 0.2138704 0.3823666 0.2202660 0.0000000 0.4300434 0.2268180 0.2239735 0.2428585 0.2362293 0.2244847 0.2184440 0.1189578 0.2246267 0.3771382 0.2139085 
n244_245   0.4262294 0.4213783 0.4269409 0.4313595 0.4002900 0.4213307 0.4145912 0.4057540 0.3634116 0.4152918 0.4300434 0.0000000 0.4116552 0.4203397 0.4509092 0.4299876 0.4092167 0.4005605 0.4378743 0.4094590 0.3575985 0.4058272 
n278_279   0.2549866 0.2747287 0.2462038 0.2274328 0.0584197 0.2651147 0.2457304 0.0619726 0.3758216 0.2602806 0.2268180 0.4116552 0.0000000 0.2548851 0.2837994 0.0235510 0.2689761 0.0656104 0.2407691 0.2742181 0.3706434 0.0619832 
n287_288   0.0134869 0.0556030 0.0203340 0.2288890 0.2370148 0.0556536 0.0067135 0.2414671 0.3846275 0.0448319 0.2239735 0.4203397 0.2548851 0.0000000 0.1436576 0.2651959 0.0811675 0.2370114 0.2333019 0.0555095 0.3683176 0.2325090 
n200_201   0.1437147 0.1441632 0.1439146 0.2435280 0.2852113 0.1442996 0.1356482 0.2899519 0.3966034 0.1319578 0.2428585 0.4509092 0.2837994 0.1436576 0.0000000 0.2946107 0.1437736 0.2950783 0.2616334 0.1439096 0.3857512 0.2804031 
n277_278   0.2653017 0.2854022 0.2656975 0.2368733 0.0694136 0.2756229 0.2558938 0.0730236 0.3871183 0.2707040 0.2362293 0.4299876 0.0235510 0.2651959 0.2946107 0.0000000 0.2795210 0.0767319 0.2554257 0.2848688 0.3880442 0.0730362 
n236_237   0.0811992 0.0739152 0.0775735 0.2294128 0.2464057 0.0815172 0.0737848 0.2509128 0.3743082 0.0702638 0.2244847 0.4092167 0.2689761 0.0811675 0.1437736 0.2795210 0.0000000 0.2557496 0.2614300 0.0813040 0.3581883 0.2418424 
n280_281   0.2371061 0.2563740 0.2374527 0.2190347 0.0133921 0.2469749 0.2280457 0.0167699 0.3762111 0.2422522 0.2184440 0.4005605 0.0656104 0.2370114 0.2950783 0.0767319 0.2557496 0.0000000 0.2276335 0.2511942 0.3710278 0.0167728 
n285_286   0.2245163 0.2526143 0.2337370 0.1192630 0.2276366 0.2432355 0.2243525 0.2320343 0.3832468 0.2385238 0.1189578 0.4378743 0.2407691 0.2333019 0.2616334 0.2554257 0.2614300 0.2276335 0.0000000 0.2429841 0.3836983 0.2320757 
n275_276   0.0555309 0.0272677 0.0556049 0.2295588 0.2462803 0.0272920 0.0483639 0.2557349 0.3853159 0.0169162 0.2246267 0.4094590 0.2742181 0.0555095 0.1439096 0.2848688 0.0813040 0.2511942 0.2429841 0.0000000 0.3689708 0.2417194 
n255_256   0.3684629 0.3750597 0.3690530 0.3782549 0.3601702 0.3585477 0.3576744 0.3600881 0.0340715 0.3584373 0.3771382 0.3575985 0.3706434 0.3683176 0.3857512 0.3880442 0.3581883 0.3710278 0.3836983 0.3689708 0.0000000 0.3654177 
n292_293   0.2326018 0.2517465 0.2329409 0.2144851 0.0033206 0.2424034 0.2235928 0.0133800 0.3705640 0.2377097 0.2139085 0.4058272 0.0619832 0.2325090 0.2804031 0.0730362 0.2418424 0.0167728 0.2320757 0.2417194 0.3654177 0.0000000 
