26
n277_278   0.0000000 1.6256343 2.1337583 1.5370931 2.1666086 0.5158943 3.1464391 1.6449738 0.1451700 0.5010341 1.4593989 1.7167815 2.1709791 1.7226171 1.9252354 0.4860357 0.5720530 2.1808049 2.0706315 2.1461653 2.2497252 2.3014142 1.6336222 2.7421894 1.6520067 0.4860569 
n286_287   1.6256343 0.0000000 2.2689069 0.0847458 2.5656143 1.7351372 3.6124991 2.2831478 1.8291525 1.6470158 1.9155358 2.6751826 2.2521895 2.3554515 2.6098844 1.5231578 1.8173865 2.3274375 2.5097588 2.8394008 0.8265086 0.8853543 2.7096139 3.6289206 2.3089053 1.5847419 
n296_297   2.1337583 2.2689069 0.0000000 2.0996184 0.1633374 2.1102093 4.2070795 0.3620265 2.0479514 2.1692427 0.6356463 0.3677250 0.1763557 0.3793955 1.0808511 1.7586267 2.0940387 0.0308754 0.1762314 3.0685014 2.6848971 2.8609400 0.3278912 3.2271745 0.3563012 2.1144032 
n285_286   1.5370931 0.0847458 2.0996184 0.0000000 2.4711630 1.6659843 4.6725251 2.1402603 1.8204972 1.5577446 1.8949989 2.6290798 2.2165995 2.3291312 2.9524429 1.4523106 1.7705763 2.2499935 2.4206033 2.9107094 0.8375842 0.8636903 2.5141574 3.6624298 2.2183918 1.5311831 
n289_290   2.1666086 2.5656143 0.1633374 2.4711630 0.0000000 1.8849848 9.0000000 0.3338359 2.1182403 1.9742337 0.7025813 0.3566608 0.0524552 0.3680935 1.1764801 1.6641543 1.9145689 0.1461733 0.0597939 3.4140423 2.7235792 3.0600503 0.3451689 6.0463548 0.3453444 1.9293531 
n274_275   0.5158943 1.7351372 2.1102093 1.6659843 1.8849848 0.0000000 4.9293334 1.9821661 0.5070084 0.0970580 1.6887369 1.9765977 1.9259360 2.0072694 2.3152406 0.1126452 0.1327599 2.0560774 2.0943612 2.1097551 1.7675869 1.5115202 1.8315282 2.5037981 1.8874659 0.1009290 
n255_256   3.1464391 3.6124991 4.2070795 4.6725251 9.0000000 4.9293334 0.0000000 9.0000000 4.3586961 3.7842742 4.5927216 9.0000000 9.0000000 6.4101745 9.0000000 4.4550472 5.7076391 4.2503436 9.0000000 2.0139115 3.2978032 3.2963705 9.0000000 0.2787077 8.7368096 3.6681654 
n275_276   1.6449738 2.2831478 0.3620265 2.1402603 0.3338359 1.9821661 9.0000000 0.0000000 1.9041821 1.8777966 0.6594134 0.1132830 0.3621277 0.1672749 1.1468010 1.6516508 2.0003604 0.3499797 0.3394177 3.6804526 2.4693299 2.4812728 0.1014540 3.8189282 0.1460290 1.9185288 
n278_279   0.1451700 1.8291525 2.0479514 1.8204972 2.1182403 0.5070084 4.3586961 1.9041821 0.0000000 0.4720977 1.6110056 1.9262023 2.1874719 1.8210677 2.2588432 0.4702485 0.5552115 2.0911099 2.3448647 2.7721501 2.0776138 2.0728474 1.8199292 2.5129055 1.8133117 0.4577800 
n299_300   0.5010341 1.6470158 2.1692427 1.5577446 1.9742337 0.0970580 3.7842742 1.8777966 0.4720977 0.0000000 1.7341440 1.8764666 2.0552423 1.8635485 2.2570810 0.0777926 0.1367595 2.1198077 2.0957667 2.1443266 1.6369132 1.4293613 1.7494903 2.2568398 1.7596306 0.0168859 
n236_237   1.4593989 1.9155358 0.6356463 1.8949989 0.7025813 1.6887369 4.5927216 0.6594134 1.6110056 1.7341440 0.0000000 0.6305122 0.6963117 0.6778979 1.1474161 1.5066453 1.7089346 0.6519715 0.6661180 3.4155947 2.2691097 2.1994689 0.6407747 3.8373130 0.6593672 1.7293911 
n293_294   1.7167815 2.6751826 0.3677250 2.6290798 0.3566608 1.9765977 9.0000000 0.1132830 1.9262023 1.8764666 0.6305122 0.0000000 0.3805536 0.1671959 1.1884224 1.7113217 2.0450894 0.3555758 0.3623768 2.7622901 2.9538880 2.7862419 0.0343970 3.6565865 0.1459627 1.9166727 
n290_291   2.1709791 2.2521895 0.1763557 2.2165995 0.0524552 1.9259360 9.0000000 0.3621277 2.1874719 2.0552423 0.6963117 0.3805536 0.0000000 0.3983765 1.1418975 1.7571747 1.9997867 0.1588510 0.0784728 2.9352236 2.8779466 2.9729894 0.3687992 4.8593969 0.3627168 2.0066751 
n297_298   1.7226171 2.3554515 0.3793955 2.3291312 0.3680935 2.0072694 6.4101745 0.1672749 1.8210677 1.8635485 0.6778979 0.1671959 0.3983765 0.0000000 1.0982476 1.5791605 2.0456111 0.3731778 0.3743739 2.7825743 2.4452479 2.1881508 0.1500340 2.5923716 0.0343983 1.7892444 
n200_201   1.9252354 2.6098844 1.0808511 2.9524429 1.1764801 2.3152406 9.0000000 1.1468010 2.2588432 2.2570810 1.1474161 1.1884224 1.1418975 1.0982476 0.0000000 2.0598475 2.4658363 1.0647293 1.1915061 3.0927665 3.6231233 4.7097863 1.1589388 9.0000000 1.0710162 2.2442514 
n292_293   0.4860357 1.5231578 1.7586267 1.4523106 1.6641543 0.1126452 4.4550472 1.6516508 0.4702485 0.0777926 1.5066453 1.7113217 1.7571747 1.5791605 2.0598475 0.0000000 0.1164987 1.7261834 1.7133020 2.2192097 1.5647572 1.3804411 1.6033773 2.5838861 1.5269953 0.0665556 
n280_281   0.5720530 1.8173865 2.0940387 1.7705763 1.9145689 0.1327599 5.7076391 2.0003604 0.5552115 0.1367595 1.7089346 2.0450894 1.9997867 2.0456111 2.4658363 0.1164987 0.0000000 2.0482547 2.0669231 2.2160619 1.7451989 1.7171258 1.9369602 2.8311478 1.9212184 0.1244156 
n295_296   2.1808049 2.3274375 0.0308754 2.2499935 0.1461733 2.0560774 4.2503436 0.3499797 2.0911099 2.1198077 0.6519715 0.3555758 0.1588510 0.3731778 1.0647293 1.7261834 2.0482547 0.0000000 0.1587396 2.9509617 2.7729654 2.8699745 0.3222094 3.6976727 0.3559193 2.0676410 
n287_288   2.0706315 2.5097588 0.1762314 2.4206033 0.0597939 2.0943612 9.0000000 0.3394177 2.3448647 2.0957667 0.6661180 0.3623768 0.0784728 0.3743739 1.1915061 1.7133020 2.0669231 0.1587396 0.0000000 2.9426446 2.9692044 3.4167004 0.3624775 4.7501107 0.3569658 2.0450359 
n244_245   2.1461653 2.8394008 3.0685014 2.9107094 3.4140423 2.1097551 2.0139115 3.6804526 2.7721501 2.1443266 3.4155947 2.7622901 2.9352236 2.7825743 3.0927665 2.2192097 2.2160619 2.9509617 2.9426446 0.0000000 2.7379038 2.7554231 2.5364883 1.7241131 2.8502743 2.1986157 
n265_266   2.2497252 0.8265086 2.6848971 0.8375842 2.7235792 1.7675869 3.2978032 2.4693299 2.0776138 1.6369132 2.2691097 2.9538880 2.8779466 2.4452479 3.6231233 1.5647572 1.7451989 2.7729654 2.9692044 2.7379038 0.0000000 0.1884006 2.7170468 2.6215041 2.5494073 1.5995852 
n266_267   2.3014142 0.8853543 2.8609400 0.8636903 3.0600503 1.5115202 3.2963705 2.4812728 2.0728474 1.4293613 2.1994689 2.7862419 2.9729894 2.1881508 4.7097863 1.3804411 1.7171258 2.8699745 3.4167004 2.7554231 0.1884006 0.0000000 2.6218924 2.6343185 2.2107689 1.4484587 
n294_295   1.6336222 2.7096139 0.3278912 2.5141574 0.3451689 1.8315282 9.0000000 0.1014540 1.8199292 1.7494903 0.6407747 0.0343970 0.3687992 0.1500340 1.1589388 1.6033773 1.9369602 0.3222094 0.3624775 2.5364883 2.7170468 2.6218924 0.0000000 4.0569371 0.1293375 1.7845344 
n251_252   2.7421894 3.6289206 3.2271745 3.6624298 6.0463548 2.5037981 0.2787077 3.8189282 2.5129055 2.2568398 3.8373130 3.6565865 4.8593969 2.5923716 9.0000000 2.5838861 2.8311478 3.6976727 4.7501107 1.7241131 2.6215041 2.6343185 4.0569371 0.0000000 2.8091479 2.3094426 
n298_299   1.6520067 2.3089053 0.3563012 2.2183918 0.3453444 1.8874659 8.7368096 0.1460290 1.8133117 1.7596306 0.6593672 0.1459627 0.3627168 0.0343983 1.0710162 1.5269953 1.9212184 0.3559193 0.3569658 2.8502743 2.5494073 2.2107689 0.1293375 2.8091479 0.0000000 1.6931370 
n300_301   0.4860569 1.5847419 2.1144032 1.5311831 1.9293531 0.1009290 3.6681654 1.9185288 0.4577800 0.0168859 1.7293911 1.9166727 2.0066751 1.7892444 2.2442514 0.0665556 0.1244156 2.0676410 2.0450359 2.1986157 1.5995852 1.4484587 1.7845344 2.3094426 1.6931370 0.0000000 
