26
n236_241   0.0000000 1.8666842 1.5163492 2.0635552 0.6156184 0.6400971 0.6338401 0.6538387 1.8731139 0.6851533 1.5681619 1.6199531 0.5971618 0.6809314 1.8951525 1.8303552 0.6059700 2.2399954 2.2379707 0.6466316 1.8654956 1.1653263 1.5173013 1.6663248 0.6462433 2.0593344 
n299_304   1.8666842 0.0000000 1.8070847 3.0067560 2.1172143 2.0709795 2.1735583 2.7347560 0.0556082 2.3989994 1.9574648 1.7503310 2.2091845 2.6019185 0.4150702 0.0341847 2.3472112 2.8251348 2.4269924 2.4479083 0.1206156 2.7506196 1.6258944 0.4266811 3.0513179 0.1490395 
n285_290   1.5163492 1.8070847 0.0000000 8.5958162 2.1833317 2.0910871 2.1655216 1.9337142 1.8407198 1.7012104 0.0412425 0.9606772 2.3154849 1.8119239 1.7173251 1.7331020 2.2610033 9.0000000 2.8865069 1.7409413 1.9586682 2.0425771 0.9274988 1.6147428 1.9540777 2.0600247 
n255_260   2.0635552 3.0067560 8.5958162 0.0000000 2.5789923 2.7110186 2.5731327 2.6548099 3.0812166 2.4338132 4.3033917 2.5208571 2.8689671 2.4452989 3.1098415 3.0089945 2.7389087 0.3282018 1.8540713 2.4879072 2.8249187 3.6462159 3.1995089 3.0851011 2.7092557 2.8838653 
n293_298   0.6156184 2.1172143 2.1833317 2.5789923 0.0000000 0.1172682 0.0273554 0.3759716 2.1131285 0.3494591 2.0481329 1.8083576 0.1328197 0.3326552 2.1421237 2.0729794 0.1413323 3.7978413 2.6248579 0.3484169 1.9253968 1.0237599 1.6953948 2.1127796 0.3821106 2.1847098 
n275_280   0.6400971 2.0709795 2.0910871 2.7110186 0.1172682 0.0000000 0.1133493 0.3876377 2.0025569 0.3598610 2.0016701 1.7209958 0.1289912 0.3488856 1.9441935 2.0623684 0.1498647 3.8036872 2.3446893 0.3711232 1.9466935 1.0833565 1.6897163 1.8284571 0.4055530 2.2329647 
n294_299   0.6338401 2.1735583 2.1655216 2.5731327 0.0273554 0.1133493 0.0000000 0.3706837 2.1702565 0.3552915 2.0333313 1.8342903 0.1288343 0.3383437 2.0402943 2.1268846 0.1372926 3.4381028 2.6347700 0.3432984 1.9660959 1.0281351 1.7483659 2.0149348 0.3767795 2.2365225 
n296_301   0.6538387 2.7347560 1.9337142 2.6548099 0.3759716 0.3876377 0.3706837 0.0000000 2.7880050 0.1330522 1.8619479 1.9247910 0.3685588 0.1247015 2.4518357 2.9308904 0.3689242 2.6023386 3.1671254 0.1167617 2.4196769 1.0661136 1.7791681 2.4065746 0.0412982 2.6814595 
n292_297   1.8731139 0.0556082 1.8407198 3.0812166 2.1131285 2.0025569 2.1702565 2.7880050 0.0000000 2.3075383 1.9972877 1.7952025 2.1426676 2.4952913 0.4213864 0.0520380 2.2729471 2.9128330 2.4667775 2.2897429 0.1165540 2.5997509 1.7192706 0.4201736 3.0042463 0.1366527 
n289_294   0.6851533 2.3989994 1.7012104 2.4338132 0.3494591 0.3598610 0.3552915 0.1330522 2.3075383 0.0000000 1.6162380 1.5952334 0.3416191 0.0413614 2.0689946 2.4020068 0.3304134 2.4491984 2.9237493 0.0484859 2.1713848 1.0819855 1.5147847 2.2480687 0.1455581 2.4563640 
n286_291   1.5681619 1.9574648 0.0412425 4.3033917 2.0481329 2.0016701 2.0333313 1.8619479 1.9972877 1.6162380 0.0000000 0.9715916 2.2106489 1.7164768 1.8507605 1.8707087 2.1520605 9.0000000 3.2197471 1.7134353 2.1289401 2.0458294 0.9374493 1.7348964 1.8812219 2.2592404 
n265_270   1.6199531 1.7503310 0.9606772 2.5208571 1.8083576 1.7209958 1.8342903 1.9247910 1.7952025 1.5952334 0.9715916 0.0000000 1.7665540 1.6556557 2.0879927 1.7097458 1.8259301 3.8143646 3.1693808 1.6743645 1.6238403 1.6414730 0.1622529 1.9385439 2.0224372 1.8794253 
n298_303   0.5971618 2.2091845 2.3154849 2.8689671 0.1328197 0.1289912 0.1288343 0.3685588 2.1426676 0.3416191 2.2106489 1.7665540 0.0000000 0.3416563 2.0357905 2.1626812 0.0203400 3.4818646 2.6550316 0.3525819 2.1075597 1.0571240 1.5886085 2.0169714 0.3740846 2.4772191 
n287_292   0.6809314 2.6019185 1.8119239 2.4452989 0.3326552 0.3488856 0.3383437 0.1247015 2.4952913 0.0413614 1.7164768 1.6556557 0.3416563 0.0000000 2.1725341 2.6053713 0.3304512 2.5198640 2.8007007 0.0342046 2.3322558 1.0971140 1.6537273 2.2276582 0.1367985 2.6075906 
n278_283   1.8951525 0.4150702 1.7173251 3.1098415 2.1421237 1.9441935 2.0402943 2.4518357 0.4213864 2.0689946 1.8507605 2.0879927 2.0357905 2.1725341 0.0000000 0.4032778 2.0141633 6.3303066 2.8531432 2.1525810 0.4406367 2.3912330 2.1929465 0.0813426 2.6309333 0.3727998 
n300_305   1.8303552 0.0341847 1.7331020 3.0089945 2.0729794 2.0623684 2.1268846 2.9308904 0.0520380 2.4020068 1.8707087 1.7097458 2.1626812 2.6053713 0.4032778 0.0000000 2.2940321 2.9958628 2.6946187 2.3828504 0.1165279 2.6336009 1.6730465 0.3959893 3.0563877 0.1408201 
n297_302   0.6059700 2.3472112 2.2610033 2.7389087 0.1413323 0.1498647 0.1372926 0.3689242 2.2729471 0.3304134 2.1520605 1.8259301 0.0203400 0.3304512 2.0141633 2.2940321 0.0000000 3.2799135 2.5856557 0.3412036 2.2752642 1.0452266 1.6726073 2.0349821 0.3744579 2.6601877 
n251_256   2.2399954 2.8251348 9.0000000 0.3282018 3.7978413 3.8036872 3.4381028 2.6023386 2.9128330 2.4491984 9.0000000 3.8143646 3.4818646 2.5198640 6.3303066 2.9958628 3.2799135 0.0000000 2.3183233 2.5955143 2.2411969 3.5273675 3.4944388 3.6503296 2.6923104 2.6291381 
n244_249   2.2379707 2.4269924 2.8865069 1.8540713 2.6248579 2.3446893 2.6347700 3.1671254 2.4667775 2.9237493 3.2197471 3.1693808 2.6550316 2.8007007 2.8531432 2.6946187 2.5856557 2.3183233 0.0000000 2.7063737 2.6806074 4.6001585 3.9220668 3.2181318 3.1069190 2.6906008 
n290_295   0.6466316 2.4479083 1.7409413 2.4879072 0.3484169 0.3711232 0.3432984 0.1167617 2.2897429 0.0484859 1.7134353 1.6743645 0.3525819 0.0342046 2.1525810 2.3828504 0.3412036 2.5955143 2.7063737 0.0000000 2.2124195 1.1307943 1.7082681 2.0982548 0.1410488 2.3695848 
n280_285   1.8654956 0.1206156 1.9586682 2.8249187 1.9253968 1.9466935 1.9660959 2.4196769 0.1165540 2.1713848 2.1289401 1.6238403 2.1075597 2.3322558 0.4406367 0.1165279 2.2752642 2.2411969 2.6806074 2.2124195 0.0000000 2.6837641 1.5043853 0.4456246 2.5590441 0.1576893 
n200_205   1.1653263 2.7506196 2.0425771 3.6462159 1.0237599 1.0833565 1.0281351 1.0661136 2.5997509 1.0819855 2.0458294 1.6414730 1.0571240 1.0971140 2.3912330 2.6336009 1.0452266 3.5273675 4.6001585 1.1307943 2.6837641 0.0000000 1.5686068 2.4973106 1.0623882 2.3702137 
n266_271   1.5173013 1.6258944 0.9274988 3.1995089 1.6953948 1.6897163 1.7483659 1.7791681 1.7192706 1.5147847 0.9374493 0.1622529 1.5886085 1.6537273 2.1929465 1.6730465 1.6726073 3.4944388 3.9220668 1.7082681 1.5043853 1.5686068 0.0000000 2.2114107 1.7487531 1.7788209 
n277_282   1.6663248 0.4266811 1.6147428 3.0851011 2.1127796 1.8284571 2.0149348 2.4065746 0.4201736 2.2480687 1.7348964 1.9385439 2.0169714 2.2276582 0.0813426 0.3959893 2.0349821 3.6503296 3.2181318 2.0982548 0.4456246 2.4973106 2.2114107 0.0000000 2.5798251 0.3715602 
n295_300   0.6462433 3.0513179 1.9540777 2.7092557 0.3821106 0.4055530 0.3767795 0.0412982 3.0042463 0.1455581 1.8812219 2.0224372 0.3740846 0.1367985 2.6309333 3.0563877 0.3744579 2.6923104 3.1069190 0.1410488 2.5590441 1.0623882 1.7487531 2.5798251 0.0000000 2.8982234 
n274_279   2.0593344 0.1490395 2.0600247 2.8838653 2.1847098 2.2329647 2.2365225 2.6814595 0.1366527 2.4563640 2.2592404 1.8794253 2.4772191 2.6075906 0.3727998 0.1408201 2.6601877 2.6291381 2.6906008 2.3695848 0.1576893 2.3702137 1.7788209 0.3715602 2.8982234 0.0000000 
