26
n277_278   0.0000000 1.7560102 2.6306384 1.9146711 2.9589092 0.5873971 2.8204021 2.2059314 0.0851073 0.5177792 2.4863659 2.1376162 3.0732306 2.0733347 2.2358497 0.5624660 0.5856138 2.5503313 2.8908215 2.4151275 2.1119748 1.7743248 2.2973164 3.0431537 2.0612343 0.5179817 
n286_287   1.7560102 0.0000000 2.2149659 0.0633205 2.3767782 2.2662729 9.0000000 2.2342155 1.6719100 1.7902714 2.0843792 2.3064598 2.6506146 2.4389603 2.6176881 1.9739601 1.9803513 2.3176122 2.6455148 3.5025404 1.2705882 1.2090740 2.4443340 4.8841333 2.4230253 1.7926043 
n296_297   2.6306384 2.2149659 0.0000000 2.3354068 0.1544940 1.9700511 2.1592093 0.3453192 2.2466889 2.0300087 0.5237800 0.3140454 0.1462141 0.3346728 0.8711486 2.0314361 2.1216986 0.0450404 0.1460531 4.3752927 1.7619045 1.8147974 0.3189108 2.7697020 0.3510091 2.0346689 
n285_286   1.9146711 0.0633205 2.3354068 0.0000000 2.6692257 2.3432361 9.0000000 2.5623219 1.8162935 1.7323487 2.1944728 2.6984344 2.9376444 2.7701735 2.3784430 1.9046859 1.8700600 2.3283848 2.8344058 3.1268379 1.4222866 1.2848497 2.9039024 8.9999981 2.7508979 1.7656446 
n289_290   2.9589092 2.3767782 0.1544940 2.6692257 0.0000000 2.1481025 2.4237334 0.3671772 2.4916727 2.2735703 0.5295476 0.3639205 0.0557873 0.3624383 0.8809307 2.3269855 2.5928965 0.1586853 0.0593637 3.3524140 1.5133398 1.7604616 0.3520355 2.9297046 0.3856545 2.2796794 
n274_275   0.5873971 2.2662729 1.9700511 2.3432361 2.1481025 0.0000000 3.3274603 1.9171228 0.5334709 0.1543502 1.8570326 1.8281590 2.1996621 2.0150022 2.2463976 0.1761650 0.1849902 1.9714521 2.1392521 2.4818042 1.6844158 1.9063320 1.8233163 3.5915598 2.0894200 0.1501803 
n255_256   2.8204021 9.0000000 2.1592093 9.0000000 2.4237334 3.3274603 0.0000000 2.0381138 3.0391809 2.7408349 2.8583706 2.0033214 2.3703738 1.9512604 3.2159738 2.5661850 3.3666744 2.3783844 2.4360590 2.0207976 3.0602567 9.0000000 2.0001374 0.4235247 2.1153071 2.8351666 
n275_276   2.2059314 2.2342155 0.3453192 2.5623219 0.3671772 1.9171228 2.0381138 0.0000000 2.0282559 1.9678087 0.5996563 0.1213329 0.3618688 0.1414734 0.9634630 2.0569152 2.2445829 0.3511043 0.3496708 3.1975049 1.6894609 1.9261775 0.1252761 2.1985193 0.1624769 1.9317054 
n278_279   0.0851073 1.6719100 2.2466889 1.8162935 2.4916727 0.5334709 3.0391809 2.0282559 0.0000000 0.4889851 2.1603343 1.9697951 2.3493647 1.9147466 1.9508167 0.5391005 0.5545289 2.0929842 2.3716941 2.1345005 1.8989442 1.7104878 2.1036378 3.3366608 1.9426316 0.4891757 
n299_300   0.5177792 1.7902714 2.0300087 1.7323487 2.2735703 0.1543502 2.7408349 1.9678087 0.4889851 0.0000000 1.8183427 1.9889978 2.3213889 2.2841627 2.0161519 0.0449588 0.0972597 1.9856944 2.2110800 2.4631154 1.6823704 1.7925040 2.0759389 2.9105638 2.3819221 0.0100900 
n236_237   2.4863659 2.0843792 0.5237800 2.1944728 0.5295476 1.8570326 2.8583706 0.5996563 2.1603343 1.8183427 0.0000000 0.5621871 0.5375517 0.5372159 0.9382063 1.7063541 2.1486166 0.5451265 0.5679180 4.8808319 1.8795244 2.1521555 0.5537608 2.9520070 0.5588308 1.7872550 
n293_294   2.1376162 2.3064598 0.3140454 2.6984344 0.3639205 1.8281590 2.0033214 0.1213329 1.9697951 1.9889978 0.5621871 0.0000000 0.3472606 0.1252921 1.0247960 1.9903541 2.1705783 0.3139050 0.3580352 2.6704845 1.6743466 1.9813245 0.0273318 2.0268787 0.1333356 1.9124460 
n290_291   3.0732306 2.6506146 0.1462141 2.9376444 0.0557873 2.1996621 2.3703738 0.3618688 2.3493647 2.3213889 0.5375517 0.3472606 0.0000000 0.3454802 0.8479647 2.4455508 2.6624574 0.1503614 0.0594058 3.0899825 1.6236496 1.9048086 0.3523668 2.7592759 0.3681503 2.3278045 
n297_298   2.0733347 2.4389603 0.3346728 2.7701735 0.3624383 2.0150022 1.9512604 0.1414734 1.9147466 2.2841627 0.5372159 0.1252921 0.3454802 0.0000000 0.9293736 2.1745097 2.4541915 0.3289884 0.3339340 3.4702619 1.9578571 2.4517866 0.1252158 2.0331173 0.0272436 2.1827531 
n200_201   2.2358497 2.6176881 0.8711486 2.3784430 0.8809307 2.2463976 3.2159738 0.9634630 1.9508167 2.0161519 0.9382063 1.0247960 0.8479647 0.9293736 0.0000000 2.0957915 2.5051431 0.8822090 0.8251299 3.5046974 1.6613705 1.6565982 0.9943723 3.6026362 0.9369965 2.1054091 
n292_293   0.5624660 1.9739601 2.0314361 1.9046859 2.3269855 0.1761650 2.5661850 2.0569152 0.5391005 0.0449588 1.7063541 1.9903541 2.4455508 2.1745097 2.0957915 0.0000000 0.1169465 1.9870439 2.3219955 2.5147155 1.7133422 1.8988604 2.0326207 2.7047550 2.2622394 0.0414036 
n280_281   0.5856138 1.9803513 2.1216986 1.8700600 2.5928965 0.1849902 3.3666744 2.2445829 0.5545289 0.0972597 2.1486166 2.1705783 2.6624574 2.4541915 2.5051431 0.1169465 0.0000000 2.0731919 2.5064598 2.4669592 1.8002231 1.9338282 2.2737776 3.7411017 2.4889770 0.1011648 
n295_296   2.5503313 2.3176122 0.0450404 2.3283848 0.1586853 1.9714521 2.3783844 0.3511043 2.0929842 1.9856944 0.5451265 0.3139050 0.1503614 0.3289884 0.8822090 1.9870439 2.0731919 0.0000000 0.1501951 8.9999982 1.9024275 1.9267911 0.3187675 3.0668915 0.3393007 1.9901138 
n287_288   2.8908215 2.6455148 0.1460531 2.8344058 0.0593637 2.1392521 2.4360590 0.3496708 2.3716941 2.2110800 0.5679180 0.3580352 0.0594058 0.3339340 0.8251299 2.3219955 2.5064598 0.1501951 0.0000000 3.6630258 1.5927376 1.8674828 0.3575240 2.9405345 0.3506439 2.3229693 
n244_245   2.4151275 3.5025404 4.3752927 3.1268379 3.3524140 2.4818042 2.0207976 3.1975049 2.1345005 2.4631154 4.8808319 2.6704845 3.0899825 3.4702619 3.5046974 2.5147155 2.4669592 8.9999982 3.6630258 0.0000000 2.6972732 2.1646174 2.7564281 2.0918459 4.0558056 2.5315253 
n265_266   2.1119748 1.2705882 1.7619045 1.4222866 1.5133398 1.6844158 3.0602567 1.6894609 1.8989442 1.6823704 1.8795244 1.6743466 1.6236496 1.9578571 1.6613705 1.7133422 1.8002231 1.9024275 1.5927376 2.6972732 0.0000000 0.1741211 1.6734861 2.8200246 2.1768943 1.6822720 
n266_267   1.7743248 1.2090740 1.8147974 1.2848497 1.7604616 1.9063320 9.0000000 1.9261775 1.7104878 1.7925040 2.1521555 1.9813245 1.9048086 2.4517866 1.6565982 1.8988604 1.9338282 1.9267911 1.8674828 2.1646174 0.1741211 0.0000000 1.9802124 3.4978563 2.8253648 1.7933467 
n294_295   2.2973164 2.4443340 0.3189108 2.9039024 0.3520355 1.8233163 2.0001374 0.1252761 2.1036378 2.0759389 0.5537608 0.0273318 0.3523668 0.1252158 0.9943723 2.0326207 2.2737776 0.3187675 0.3575240 2.7564281 1.6734861 1.9802124 0.0000000 2.0235901 0.1332541 1.9926769 
n251_252   3.0431537 4.8841333 2.7697020 8.9999981 2.9297046 3.5915598 0.4235247 2.1985193 3.3366608 2.9105638 2.9520070 2.0268787 2.7592759 2.0331173 3.6026362 2.7047550 3.7411017 3.0668915 2.9405345 2.0918459 2.8200246 3.4978563 2.0235901 0.0000000 2.0212097 2.9222260 
n298_299   2.0612343 2.4230253 0.3510091 2.7508979 0.3856545 2.0894200 2.1153071 0.1624769 1.9426316 2.3819221 0.5588308 0.1333356 0.3681503 0.0272436 0.9369965 2.2622394 2.4889770 0.3393007 0.3506439 4.0558056 2.1768943 2.8253648 0.1332541 2.0212097 0.0000000 2.2712736 
n300_301   0.5179817 1.7926043 2.0346689 1.7656446 2.2796794 0.1501803 2.8351666 1.9317054 0.4891757 0.0100900 1.7872550 1.9124460 2.3278045 2.1827531 2.1054091 0.0414036 0.1011648 1.9901138 2.3229693 2.5315253 1.6822720 1.7933467 1.9926769 2.9222260 2.2712736 0.0000000 
