22
n289_290   0.0000000 0.0308930 0.0135653 0.2877874 0.3219416 0.0415122 0.3218390 0.5240934 0.0344281 0.3180442 0.0204411 0.3165010 0.4441527 0.3169184 0.1293070 0.3222653 0.0893657 0.3143471 0.0414687 0.4959248 0.3216756 0.3191682 
n294_295   0.0308930 0.0000000 0.0308831 0.2769396 0.3050732 0.0203737 0.3158169 0.5211573 0.0033526 0.3066829 0.0379191 0.3105331 0.4686548 0.3109418 0.1250925 0.3162351 0.0854535 0.3139010 0.0169235 0.4931951 0.3156581 0.3187138 
n295_296   0.0135653 0.0308831 0.0000000 0.2876824 0.3218211 0.0414989 0.3217185 0.5309995 0.0344171 0.3179266 0.0135563 0.3163829 0.4503319 0.3168000 0.1253077 0.3221446 0.0893364 0.3142306 0.0414554 0.5025723 0.3215553 0.3190497 
n266_267   0.2877874 0.2769396 0.2876824 0.0000000 0.2568713 0.2764134 0.2517757 0.4938366 0.2719280 0.0339200 0.2977171 0.2519621 0.4188655 0.2520131 0.2810430 0.2568423 0.2906884 0.0959764 0.2764689 0.4727049 0.2566674 0.1035979 
n299_300   0.3219416 0.3050732 0.3218211 0.2568713 0.0000000 0.3150013 0.0101109 0.5784357 0.2998197 0.2906601 0.3216715 0.0033564 0.4298042 0.0668879 0.3032834 0.0668833 0.3465993 0.2376210 0.3045489 0.5399706 0.0067271 0.2469871 
n298_299   0.0415122 0.0203737 0.0414989 0.2764134 0.3150013 0.0000000 0.3258879 0.5207252 0.0169332 0.3110819 0.0486405 0.3205355 0.4686587 0.3159150 0.1248867 0.3212422 0.0853149 0.3183545 0.0272643 0.4927866 0.3257215 0.3231836 
n274_275   0.3218390 0.3158169 0.3217185 0.2517757 0.0101109 0.3258879 0.0000000 0.5698122 0.3104792 0.2853101 0.3215690 0.0067216 0.4231810 0.0631358 0.2977968 0.0631313 0.3407394 0.2326789 0.3152720 0.5318456 0.0101037 0.2419750 
n251_252   0.5240934 0.5211573 0.5309995 0.4938366 0.5784357 0.5207252 0.5698122 0.0000000 0.5140810 0.5400639 0.5378377 0.5864958 0.4162032 0.5556307 0.4719358 0.5641063 0.5354997 0.5022434 0.5059891 0.0730154 0.5785715 0.5156503 
n293_294   0.0344281 0.0033526 0.0344171 0.2719280 0.2998197 0.0169332 0.3104792 0.5140810 0.0000000 0.3064314 0.0414908 0.3052367 0.4620601 0.3056365 0.1210534 0.3108917 0.0816611 0.3086056 0.0135032 0.4863878 0.3103260 0.3133882 
n265_266   0.3180442 0.3066829 0.3179266 0.0339200 0.2906601 0.3110819 0.2853101 0.5400639 0.3064314 0.0000000 0.3283574 0.2855233 0.4613431 0.2756186 0.3158850 0.2805956 0.3259602 0.1150520 0.3111490 0.5175716 0.2904266 0.1228623 
n296_297   0.0204411 0.0379191 0.0135563 0.2977171 0.3216715 0.0486405 0.3215690 0.5378377 0.0414908 0.3283574 0.0000000 0.3162365 0.4565042 0.3166533 0.1333609 0.3219947 0.0969563 0.3246511 0.0485892 0.5091656 0.3214060 0.3295273 
n300_301   0.3165010 0.3105331 0.3163829 0.2519621 0.0033564 0.3205355 0.0067216 0.5864958 0.3052367 0.2855233 0.3162365 0.0000000 0.4235126 0.0631786 0.2980217 0.0631741 0.3410006 0.2328497 0.3099988 0.5475905 0.0033541 0.2421532 
n244_245   0.4441527 0.4686548 0.4503319 0.4188655 0.4298042 0.4686587 0.4231810 0.4162032 0.4620601 0.4613431 0.4565042 0.4235126 0.0000000 0.4346098 0.3795514 0.4476027 0.4533777 0.4132952 0.4613803 0.3861013 0.4294316 0.4127167 
n278_279   0.3169184 0.3109418 0.3168000 0.2520131 0.0668879 0.3159150 0.0631358 0.5556307 0.3056365 0.2756186 0.3166533 0.0631786 0.4346098 0.0000000 0.2930571 0.0135128 0.3357350 0.2421662 0.3104052 0.5329416 0.0668388 0.2515824 
n200_201   0.1293070 0.1250925 0.1253077 0.2810430 0.3032834 0.1248867 0.2977968 0.4719358 0.1210534 0.3158850 0.1333609 0.2980217 0.3795514 0.2930571 0.0000000 0.2981902 0.1206014 0.2713660 0.1289328 0.4459749 0.3030368 0.2710314 
n277_278   0.3222653 0.3162351 0.3221446 0.2568423 0.0668833 0.3212422 0.0631313 0.5641063 0.3108917 0.2805956 0.3219947 0.0631741 0.4476027 0.0135128 0.2981902 0.0000000 0.3411857 0.2469227 0.3156890 0.5411334 0.0668341 0.2563998 
n236_237   0.0893657 0.0854535 0.0893364 0.2906884 0.3465993 0.0853149 0.3407394 0.5354997 0.0816611 0.3259602 0.0969563 0.3410006 0.4533777 0.3357350 0.1206014 0.3411857 0.0000000 0.3169285 0.0891160 0.4934109 0.3463114 0.3165220 
n285_286   0.3143471 0.3139010 0.3142306 0.0959764 0.2376210 0.3183545 0.2326789 0.5022434 0.3086056 0.1150520 0.3246511 0.2328497 0.4132952 0.2421662 0.2713660 0.2469227 0.3169285 0.0000000 0.3133632 0.4808235 0.2374341 0.0100314 
n275_276   0.0414687 0.0169235 0.0414554 0.2764689 0.3045489 0.0272643 0.3152720 0.5059891 0.0135032 0.3111490 0.0485892 0.3099988 0.4613803 0.3104052 0.1289328 0.3156890 0.0891160 0.3133632 0.0000000 0.4786310 0.3151149 0.3181680 
n255_256   0.4959248 0.4931951 0.5025723 0.4727049 0.5399706 0.4927866 0.5318456 0.0730154 0.4863878 0.5175716 0.5091656 0.5475905 0.3861013 0.5329416 0.4459749 0.5411334 0.4934109 0.4808235 0.4786310 0.0000000 0.5545002 0.4938269 
n292_293   0.3216756 0.3156581 0.3215553 0.2566674 0.0067271 0.3257215 0.0101037 0.5785715 0.3103260 0.2904266 0.3214060 0.0033541 0.4294316 0.0668388 0.3030368 0.0668341 0.3463114 0.2374341 0.3151149 0.5545002 0.0000000 0.2467921 
n286_287   0.3191682 0.3187138 0.3190497 0.1035979 0.2469871 0.3231836 0.2419750 0.5156503 0.3133882 0.1228623 0.3295273 0.2421532 0.4127167 0.2515824 0.2710314 0.2563998 0.3165220 0.0100314 0.3181680 0.4938269 0.2467921 0.0000000 
