24
n298_299   0.0000000 0.2947506 0.1481506 0.3148164 0.0446811 0.2760717 0.2946014 0.0134800 0.0134806 0.0411745 0.0067089 0.3195263 0.0412054 0.4161540 0.2945154 0.0376643 0.0738327 0.4100717 0.3150401 0.2945734 0.2807673 0.0376477 0.4395929 0.3142929 
n280_281   0.2947506 0.0000000 0.3111192 0.3030214 0.2992195 0.2743085 0.0066844 0.2951331 0.2950952 0.2893503 0.2952160 0.0623695 0.2901579 0.3737724 0.0134291 0.2896671 0.2810627 0.3686096 0.3032341 0.0134329 0.2839436 0.2849987 0.4010408 0.0587428 
n200_201   0.1481506 0.3111192 0.0000000 0.3361222 0.1479960 0.3069572 0.3163307 0.1483154 0.1483101 0.1399750 0.1483571 0.3469751 0.1523814 0.4002795 0.3162400 0.1399930 0.1161812 0.3832336 0.3363644 0.3163033 0.3067748 0.1481079 0.4174998 0.3415155 
n286_287   0.3148164 0.3030214 0.3361222 0.0000000 0.3407341 0.1504276 0.2979044 0.3256106 0.3356866 0.3302803 0.3253196 0.2974620 0.3257423 0.3950669 0.2978179 0.3306533 0.3205434 0.3838229 0.0033199 0.2880871 0.1503606 0.3253126 0.4232224 0.2972932 
n287_288   0.0446811 0.2992195 0.1479960 0.3407341 0.0000000 0.2958176 0.3043169 0.0447247 0.0447260 0.0100784 0.0447375 0.3295816 0.0237632 0.4395904 0.3042290 0.0067055 0.0925542 0.4276092 0.3409798 0.3042892 0.3006281 0.0203029 0.4643446 0.3295857 
n266_267   0.2760717 0.2743085 0.3069572 0.1504276 0.2958176 0.0000000 0.2741730 0.2862865 0.2862512 0.2859427 0.2765016 0.2689426 0.2813547 0.3742462 0.2740911 0.2862574 0.2719707 0.3912909 0.1505244 0.2743085 0.0236530 0.2762437 0.4192319 0.2687925 
n292_293   0.2946014 0.0066844 0.3163307 0.2979044 0.3043169 0.2741730 0.0000000 0.2949843 0.2949464 0.2943776 0.2950671 0.0551608 0.2900121 0.3735743 0.0066825 0.2947019 0.2809219 0.3684146 0.2981128 0.0066844 0.2838026 0.2848551 0.4008248 0.0515724 
n293_294   0.0134800 0.2951331 0.1483154 0.3256106 0.0447247 0.2862865 0.2949843 0.0000000 0.0134933 0.0412145 0.0134965 0.3199520 0.0412454 0.4167708 0.2948979 0.0377007 0.0739078 0.4106758 0.3258437 0.2949562 0.2910473 0.0376841 0.4402595 0.3147090 
n275_276   0.0134806 0.2950952 0.1483101 0.3356866 0.0447260 0.2862512 0.2949464 0.0134933 0.0000000 0.0412158 0.0134972 0.3199058 0.0412466 0.4048940 0.2948600 0.0377019 0.0739086 0.3988991 0.3359280 0.2949183 0.2910105 0.0376854 0.4280027 0.3146637 
n289_290   0.0411745 0.2893503 0.1399750 0.3302803 0.0100784 0.2859427 0.2943776 0.0412145 0.0412158 0.0000000 0.0412263 0.3193072 0.0203348 0.4276186 0.2942915 0.0033473 0.0888358 0.4158189 0.3305171 0.2943496 0.2906963 0.0168913 0.4519697 0.3193127 
n297_298   0.0067089 0.2952160 0.1483571 0.3253196 0.0447375 0.2765016 0.2950671 0.0134965 0.0134972 0.0412263 0.0000000 0.3200425 0.0412572 0.4168967 0.2949806 0.0377115 0.0739289 0.4107992 0.3255523 0.2950390 0.2812062 0.0376949 0.4403950 0.3147978 
n278_279   0.3195263 0.0623695 0.3469751 0.2974620 0.3295816 0.2689426 0.0551608 0.3199520 0.3199058 0.3193072 0.3200425 0.0000000 0.3148311 0.3782830 0.0551410 0.3196637 0.3052089 0.3731503 0.2976698 0.0623695 0.2832953 0.3094843 0.4117398 0.0100147 
n295_296   0.0412054 0.2901579 0.1523814 0.3257423 0.0237632 0.2813547 0.2900121 0.0412454 0.0412466 0.0203348 0.0412572 0.3148311 0.0000000 0.4285073 0.2899266 0.0169110 0.0889022 0.4166784 0.3259755 0.2899839 0.2860855 0.0100916 0.4588797 0.3148372 
n251_252   0.4161540 0.3737724 0.4002795 0.3950669 0.4395904 0.3742462 0.3735743 0.4167708 0.4048940 0.4276186 0.4168967 0.3782830 0.4285073 0.0000000 0.3734752 0.4281361 0.3827047 0.0519549 0.3953605 0.3848333 0.3795332 0.4162630 0.3325267 0.3725948 
n274_275   0.2945154 0.0134291 0.3162400 0.2978179 0.3042290 0.2740911 0.0066825 0.2948979 0.2948600 0.2942915 0.2949806 0.0551410 0.2899266 0.3734752 0.0000000 0.2946148 0.2808382 0.3683160 0.2980262 0.0134291 0.2837188 0.2847710 0.4007228 0.0515538 
n290_291   0.0376643 0.2896671 0.1399930 0.3306533 0.0067055 0.2862574 0.2947019 0.0377007 0.0377019 0.0033473 0.0377115 0.3196637 0.0169110 0.4281361 0.2946148 0.0000000 0.0850923 0.4163185 0.3308906 0.2946738 0.2910170 0.0134856 0.4525262 0.3196691 
n236_237   0.0738327 0.2810627 0.1161812 0.3205434 0.0925542 0.2719707 0.2809219 0.0739078 0.0739086 0.0888358 0.0739289 0.3052089 0.0889022 0.3827047 0.2808382 0.0850923 0.0000000 0.3715367 0.3207722 0.2808935 0.2715899 0.0850494 0.4115379 0.3000670 
n255_256   0.4100717 0.3686096 0.3832336 0.3838229 0.4276092 0.3912909 0.3684146 0.4106758 0.3988991 0.4158189 0.4107992 0.3731503 0.4166784 0.0519549 0.3683160 0.4163185 0.3715367 0.0000000 0.3841064 0.3737213 0.3966933 0.3990540 0.3326199 0.3674964 
n285_286   0.3150401 0.3032341 0.3363644 0.0033199 0.3409798 0.1505244 0.2981128 0.3258437 0.3359280 0.3305171 0.3255523 0.2976698 0.3259755 0.3953605 0.2980262 0.3308906 0.3207722 0.3841064 0.0000000 0.2882876 0.1504582 0.3255452 0.4235413 0.2975008 
n300_301   0.2945734 0.0134329 0.3163033 0.2880871 0.3042892 0.2743085 0.0066844 0.2949562 0.2949183 0.2943496 0.2950390 0.0623695 0.2899839 0.3848333 0.0134291 0.2946738 0.2808935 0.3737213 0.2882876 0.0000000 0.2839436 0.2896154 0.4124948 0.0587428 
n265_266   0.2807673 0.2839436 0.3067748 0.1503606 0.3006281 0.0236530 0.2838026 0.2910473 0.2910105 0.2906963 0.2812062 0.2832953 0.2860855 0.3795332 0.2837188 0.2910170 0.2715899 0.3966933 0.1504582 0.2839436 0.0000000 0.2809419 0.4248082 0.2831358 
n296_297   0.0376477 0.2849987 0.1481079 0.3253126 0.0203029 0.2762437 0.2848551 0.0376841 0.0376854 0.0168913 0.0376949 0.3094843 0.0100916 0.4162630 0.2847710 0.0134856 0.0850494 0.3990540 0.3255452 0.2896154 0.2809419 0.0000000 0.4461101 0.3094911 
n244_245   0.4395929 0.4010408 0.4174998 0.4232224 0.4643446 0.4192319 0.4008248 0.4402595 0.4280027 0.4519697 0.4403950 0.4117398 0.4588797 0.3325267 0.4007228 0.4525262 0.4115379 0.3326199 0.4235413 0.4124948 0.4248082 0.4461101 0.0000000 0.4057870 
n277_278   0.3142929 0.0587428 0.3415155 0.2972932 0.3295857 0.2687925 0.0515724 0.3147090 0.3146637 0.3193127 0.3147978 0.0100147 0.3148372 0.3725948 0.0515538 0.3196691 0.3000670 0.3674964 0.2975008 0.0587428 0.2831358 0.3094911 0.4057870 0.0000000 
