25
n289_290   0.0000000 0.0590904 0.0306490 0.3253815 0.3093206 0.0518503 0.0168570 0.2993075 0.4846112 0.0590871 0.3364334 0.0341373 0.4084900 0.2949512 0.0134477 0.1861691 0.2947071 0.0554550 0.1236223 0.3148191 0.3517285 0.0591022 0.4523602 0.3144588 0.3409933 
n294_295   0.0590904 0.0000000 0.0482507 0.3201371 0.3145311 0.0237200 0.0554499 0.3044486 0.4588117 0.0066965 0.3311037 0.0518254 0.4028194 0.2847861 0.0518322 0.1689677 0.2896830 0.0271790 0.1117946 0.3200737 0.3463285 0.0271865 0.4461599 0.3197063 0.3356713 
n295_296   0.0306490 0.0482507 0.0000000 0.3250979 0.3141431 0.0446819 0.0271652 0.3040747 0.4842526 0.0482480 0.3308598 0.0033359 0.4023654 0.2895370 0.0237020 0.1730806 0.2892981 0.0482468 0.1116934 0.3196776 0.3514518 0.0482603 0.4520314 0.3193110 0.3407270 
n266_267   0.3253815 0.3201371 0.3250979 0.0000000 0.2403821 0.3201296 0.3305593 0.2402744 0.3920317 0.3098090 0.0238467 0.3303821 0.3913930 0.2268771 0.3251071 0.2597609 0.2360500 0.3200573 0.3200046 0.2405502 0.1401838 0.3255515 0.3693310 0.2498612 0.1321160 
n299_300   0.3093206 0.3145311 0.3141431 0.2403821 0.0000000 0.3093089 0.3040307 0.0168496 0.3849137 0.3042883 0.2499644 0.3193426 0.3506738 0.0664639 0.3090620 0.2402880 0.0591146 0.3092396 0.3091274 0.0066965 0.2446105 0.3147368 0.3624765 0.0066945 0.2400552 
n298_299   0.0518503 0.0237200 0.0446819 0.3201296 0.3093089 0.0000000 0.0518412 0.2992960 0.4714116 0.0237187 0.3310962 0.0482379 0.4027626 0.2847786 0.0482441 0.1563667 0.2896754 0.0033387 0.1078723 0.3148072 0.3463213 0.0237247 0.4461581 0.3144469 0.3356639 
n290_291   0.0168570 0.0554499 0.0271652 0.3305593 0.3040307 0.0518412 0.0000000 0.3043071 0.4845052 0.0554468 0.3416928 0.0306349 0.4023910 0.2897581 0.0100572 0.1731564 0.2895189 0.0554454 0.1156879 0.3094828 0.3629213 0.0554609 0.4522627 0.3091298 0.3520189 
n274_275   0.2993075 0.3044486 0.3040747 0.2402744 0.0168496 0.2992960 0.3043071 0.0000000 0.3907892 0.2943384 0.2498516 0.3092052 0.3454659 0.0701571 0.2990582 0.2404832 0.0627648 0.2992293 0.3093815 0.0168601 0.2398528 0.3046465 0.3681679 0.0237078 0.2353265 
n251_252   0.4846112 0.4588117 0.4842526 0.3920317 0.3849137 0.4714116 0.4845052 0.3907892 0.0000000 0.4587530 0.4100525 0.4840639 0.3406597 0.3742723 0.4909280 0.3856479 0.3911147 0.4712942 0.4526135 0.3966166 0.4027547 0.4846872 0.0342000 0.3965279 0.3912591 
n293_294   0.0590871 0.0066965 0.0482480 0.3098090 0.3042883 0.0237187 0.0554468 0.2943384 0.4587530 0.0000000 0.3206122 0.0518226 0.3912820 0.2797118 0.0518293 0.1605748 0.2845744 0.0271775 0.1117885 0.3097460 0.3356385 0.0271850 0.4339178 0.3093925 0.3251314 
n265_266   0.3364334 0.3311037 0.3308598 0.0238467 0.2499644 0.3310962 0.3416928 0.2498516 0.4100525 0.3206122 0.0000000 0.3361920 0.4095603 0.2362872 0.3361480 0.2746457 0.2455832 0.3310209 0.3362456 0.2501402 0.1568122 0.3366098 0.3867814 0.2595774 0.1485541 
n296_297   0.0341373 0.0518254 0.0033359 0.3303821 0.3193426 0.0482379 0.0306349 0.3092052 0.4840639 0.0518226 0.3361920 0.0000000 0.3964598 0.2945731 0.0271534 0.1773490 0.2943296 0.0518212 0.1156038 0.3249212 0.3569277 0.0518357 0.4518593 0.3245475 0.3461234 
n244_245   0.4084900 0.4028194 0.4023654 0.3913930 0.3506738 0.4027626 0.4023910 0.3454659 0.3406597 0.3912820 0.4095603 0.3964598 0.0000000 0.3626078 0.4081317 0.3623122 0.3570368 0.4026668 0.4140782 0.3509340 0.3850328 0.4148595 0.3141687 0.3617285 0.3907170 
n278_279   0.2949512 0.2847861 0.2895370 0.2268771 0.0664639 0.2847786 0.2897581 0.0701571 0.3742723 0.2797118 0.2362872 0.2945731 0.3626078 0.0000000 0.2947056 0.2176975 0.0272659 0.2847156 0.2649006 0.0665064 0.2265701 0.2899352 0.3521295 0.0738504 0.2221115 
n287_288   0.0134477 0.0518322 0.0237020 0.3251071 0.3090620 0.0482441 0.0100572 0.2990582 0.4909280 0.0518293 0.3361480 0.0271534 0.4081317 0.2947056 0.0000000 0.1773740 0.2944619 0.0518279 0.1156195 0.3145549 0.3626325 0.0518425 0.4584127 0.3141952 0.3517404 
n200_201   0.1861691 0.1689677 0.1730806 0.2597609 0.2402880 0.1563667 0.1731564 0.2404832 0.3856479 0.1605748 0.2746457 0.1773490 0.3623122 0.2176975 0.1773740 0.0000000 0.2267553 0.1605700 0.1480144 0.2404561 0.2787232 0.1690043 0.3688939 0.2449583 0.2690037 
n277_278   0.2947071 0.2896830 0.2892981 0.2360500 0.0591146 0.2896754 0.2895189 0.0627648 0.3911147 0.2845744 0.2455832 0.2943296 0.3570368 0.0272659 0.2944619 0.2267553 0.0000000 0.2896112 0.2844659 0.0591519 0.2357294 0.2948678 0.3684755 0.0664169 0.2312190 
n297_298   0.0554550 0.0271790 0.0482468 0.3200573 0.3092396 0.0033387 0.0554454 0.2992293 0.4712942 0.0271775 0.3310209 0.0518212 0.4026668 0.2847156 0.0518279 0.1605700 0.2896112 0.0000000 0.1117852 0.3147364 0.3462419 0.0271844 0.4460488 0.3143763 0.3355875 
n236_237   0.1236223 0.1117946 0.1116934 0.3200046 0.3091274 0.1078723 0.1156879 0.3093815 0.4526135 0.1117885 0.3362456 0.1156038 0.4140782 0.2649006 0.1156195 0.1480144 0.2844659 0.1117852 0.0000000 0.3146214 0.3355057 0.1118179 0.4279739 0.3142616 0.3250039 
n280_281   0.3148191 0.3200737 0.3196776 0.2405502 0.0066965 0.3148072 0.3094828 0.0168601 0.3966166 0.3097460 0.2501402 0.3249212 0.3509340 0.0665064 0.3145549 0.2404561 0.0591519 0.3147364 0.3146214 0.0000000 0.2447818 0.3202841 0.3738178 0.0134582 0.2402229 
n285_286   0.3517285 0.3463285 0.3514518 0.1401838 0.2446105 0.3463213 0.3629213 0.2398528 0.4027547 0.3356385 0.1568122 0.3569277 0.3850328 0.2265701 0.3626325 0.2787232 0.2357294 0.3462419 0.3355057 0.2447818 0.0000000 0.3519474 0.3739394 0.2541322 0.0134472 
n275_276   0.0591022 0.0271865 0.0482603 0.3255515 0.3147368 0.0237247 0.0554609 0.3046465 0.4846872 0.0271850 0.3366098 0.0518357 0.4148595 0.2899352 0.0518425 0.1690043 0.2948678 0.0271844 0.1118179 0.3202841 0.3519474 0.0000000 0.4589764 0.3199162 0.3412054 
n255_256   0.4523602 0.4461599 0.4520314 0.3693310 0.3624765 0.4461581 0.4522627 0.3681679 0.0342000 0.4339178 0.3867814 0.4518593 0.3141687 0.3521295 0.4584127 0.3688939 0.3684755 0.4460488 0.4279739 0.3738178 0.3739394 0.4589764 0.0000000 0.3737335 0.3685419 
n292_293   0.3144588 0.3197063 0.3193110 0.2498612 0.0066945 0.3144469 0.3091298 0.0237078 0.3965279 0.3093925 0.2595774 0.3245475 0.3617285 0.0738504 0.3141952 0.2449583 0.0664169 0.3143763 0.3142616 0.0134582 0.2541322 0.3199162 0.3737335 0.0000000 0.2495197 
n286_287   0.3409933 0.3356713 0.3407270 0.1321160 0.2400552 0.3356639 0.3520189 0.2353265 0.3912591 0.3251314 0.1485541 0.3461234 0.3907170 0.2221115 0.3517404 0.2690037 0.2312190 0.3355875 0.3250039 0.2402229 0.0134472 0.3412054 0.3685419 0.2495197 0.0000000 
