26
n277_278   0.0000000 1.9987623 2.2789042 2.0618295 2.8179277 0.4463945 2.5023816 2.1977948 0.1142909 0.4469560 2.5460507 2.4308980 2.7312509 2.6217174 2.3223071 0.4539457 0.4193642 2.5854713 2.8139919 9.0000000 2.3380329 2.3713069 2.3577970 2.9582063 2.9461675 0.4288223 
n286_287   1.9987623 0.0000000 2.1235803 0.0663267 2.1238605 2.4629165 2.4316933 1.9677019 2.1106835 2.2055535 2.6808822 1.7115845 2.1648815 2.0627357 2.2041790 2.3205114 2.1296461 1.9313038 1.9421319 2.2675429 1.0404337 1.0111140 1.8105557 2.2085717 2.0109144 2.2100824 
n296_297   2.2789042 2.1235803 0.0000000 2.0783156 0.1251049 2.8946571 2.2689852 0.3073996 2.4348647 2.8285393 0.7559942 0.3410488 0.1293947 0.3334418 0.9230319 2.8932520 2.8183360 0.0449510 0.1335934 3.8616122 2.4255012 2.0448818 0.3125649 2.3338664 0.3443519 3.0413948 
n285_286   2.0618295 0.0663267 2.0783156 0.0000000 2.1297249 2.3533412 2.5613268 1.8935899 2.1514726 2.2265799 2.5689555 1.7080280 2.0885920 2.0560396 1.9985772 2.3969316 2.2852921 1.9713788 1.9928889 2.1784040 1.0973553 1.0462163 1.8062629 2.2756133 2.0048158 2.2311881 
n289_290   2.8179277 2.1238605 0.1251049 2.1297249 0.0000000 3.0896296 2.6103578 0.3073220 2.8398032 2.5660677 0.7366189 0.2969279 0.0308008 0.3171272 0.9500484 2.5532118 2.8129086 0.1092525 0.0378114 3.7549808 2.2427335 2.1254547 0.2808304 2.5671363 0.2954252 2.8159352 
n274_275   0.4463945 2.4629165 2.8946571 2.3533412 3.0896296 0.0000000 2.5801052 3.9407413 0.4719670 0.1472272 2.6365202 4.7994113 2.7811016 3.8725690 2.8465386 0.1383200 0.1303874 3.0513860 3.3324890 3.6172059 1.9056858 1.9080912 4.2213934 2.9811181 4.1915445 0.1644031 
n255_256   2.5023816 2.4316933 2.2689852 2.5613268 2.6103578 2.5801052 0.0000000 2.5078959 2.6053543 2.8150838 2.8777100 2.7663084 2.6297017 2.2288028 3.6871991 2.6303973 2.8204476 2.2829660 2.5349615 3.4427072 2.3864795 2.1616090 3.0870231 0.3540560 2.2222157 2.9316757 
n275_276   2.1977948 1.9677019 0.3073996 1.8935899 0.3073220 3.9407413 2.5078959 0.0000000 2.4373479 3.0043101 0.8007658 0.1211257 0.3071501 0.1619990 1.0575964 2.8099171 3.0661426 0.2973801 0.3179615 3.4398631 2.0278673 2.2405385 0.1089191 2.5598268 0.1576766 3.0624495 
n278_279   0.1142909 2.1106835 2.4348647 2.1514726 2.8398032 0.4719670 2.6053543 2.4373479 0.0000000 0.5083115 2.5026058 2.4326680 2.8241665 2.6241667 2.1737469 0.5149264 0.4580178 2.9126849 2.9173229 7.0729601 1.8170422 1.8516396 2.4240495 2.7668848 2.9737043 0.4955067 
n299_300   0.4469560 2.2055535 2.8285393 2.2265799 2.5660677 0.1472272 2.8150838 3.0043101 0.5083115 0.0000000 2.4554098 3.2923048 2.2678834 2.7748680 2.7738633 0.0599455 0.0941143 2.9512385 2.6534826 4.9675929 1.9937062 1.9565478 3.0138609 3.1486962 3.1023650 0.0346184 
n236_237   2.5460507 2.6808822 0.7559942 2.5689555 0.7366189 2.6365202 2.8777100 0.8007658 2.5026058 2.4554098 0.0000000 0.8072965 0.7263948 0.8128680 1.0235377 2.5866549 2.5470928 0.7282791 0.7365989 3.2173923 2.3155313 2.2803727 0.7432394 2.9074697 0.8448905 2.4968877 
n293_294   2.4308980 1.7115845 0.3410488 1.7080280 0.2969279 4.7994113 2.7663084 0.1211257 2.4326680 3.2923048 0.8072965 0.0000000 0.3076725 0.1539457 1.0867212 3.1617783 3.1447885 0.3191185 0.3130226 3.1166482 2.2788506 2.1513972 0.0594521 3.1907154 0.1411318 3.5129918 
n290_291   2.7312509 2.1648815 0.1293947 2.0885920 0.0308008 2.7811016 2.6297017 0.3071501 2.8241665 2.2678834 0.7263948 0.3076725 0.0000000 0.3169482 0.9643595 2.3712731 2.5634146 0.1092659 0.0522092 3.3838701 2.2567997 2.1929625 0.2860486 2.7284359 0.2952616 2.5307430 
n297_298   2.6217174 2.0627357 0.3334418 2.0560396 0.3171272 3.8725690 2.2288028 0.1619990 2.6241667 2.7748680 0.8128680 0.1539457 0.3169482 0.0000000 1.0912978 2.9422919 2.8926644 0.3285302 0.3278963 3.4245850 2.4492799 2.1842751 0.1368776 2.1088001 0.0482230 3.0885427 
n200_201   2.3223071 2.2041790 0.9230319 1.9985772 0.9500484 2.8465386 3.6871991 1.0575964 2.1737469 2.7738633 1.0235377 1.0867212 0.9643595 1.0912978 0.0000000 2.6191729 2.5822321 0.9776376 1.0054232 2.4844616 2.5030206 3.2143485 1.0715489 2.4537907 1.1010637 2.6658185 
n292_293   0.4539457 2.3205114 2.8932520 2.3969316 2.5532118 0.1383200 2.6303973 2.8099171 0.5149264 0.0599455 2.5866549 3.1617783 2.3712731 2.9422919 2.6191729 0.0000000 0.0939230 3.0469804 2.6395397 4.6858891 1.7192755 1.7534259 2.9828566 3.4612931 3.0799253 0.0787408 
n280_281   0.4193642 2.1296461 2.8183360 2.2852921 2.8129086 0.1303874 2.8204476 3.0661426 0.4580178 0.0941143 2.5470928 3.1447885 2.5634146 2.8926644 2.5822321 0.0939230 0.0000000 3.2038011 3.0006786 3.7753487 1.9374293 1.7647582 2.9899371 3.2330718 3.2592045 0.1138444 
n295_296   2.5854713 1.9313038 0.0449510 1.9713788 0.1092525 3.0513860 2.2829660 0.2973801 2.9126849 2.9512385 0.7282791 0.3191185 0.1092659 0.3285302 0.9776376 3.0469804 3.2038011 0.0000000 0.1133239 4.3796838 2.5265169 2.1848968 0.2970827 2.1577015 0.3168554 3.3161666 
n287_288   2.8139919 1.9421319 0.1335934 1.9928889 0.0378114 3.3324890 2.5349615 0.3179615 2.9173229 2.6534826 0.7365989 0.3130226 0.0522092 0.3278963 1.0054232 2.6395397 3.0006786 0.1133239 0.0000000 3.9461734 2.1955736 2.1244788 0.2965223 2.7172758 0.3058498 2.9269027 
n244_245   9.0000000 2.2675429 3.8616122 2.1784040 3.7549808 3.6172059 3.4427072 3.4398631 7.0729601 4.9675929 3.2173923 3.1166482 3.3838701 3.4245850 2.4844616 4.6858891 3.7753487 4.3796838 3.9461734 0.0000000 3.0778228 2.9494263 3.0943164 3.6243542 3.4151710 6.4490963 
n265_266   2.3380329 1.0404337 2.4255012 1.0973553 2.2427335 1.9056858 2.3864795 2.0278673 1.8170422 1.9937062 2.3155313 2.2788506 2.2567997 2.4492799 2.5030206 1.7192755 1.9374293 2.5265169 2.1955736 3.0778228 0.0000000 0.1754881 2.1285984 2.5506171 2.3111367 1.9495547 
n266_267   2.3713069 1.0111140 2.0448818 1.0462163 2.1254547 1.9080912 2.1616090 2.2405385 1.8516396 1.9565478 2.2803727 2.1513972 2.1929625 2.1842751 3.2143485 1.7534259 1.7647582 2.1848968 2.1244788 2.9494263 0.1754881 0.0000000 2.0315869 2.5534149 2.1451045 1.9820685 
n294_295   2.3577970 1.8105557 0.3125649 1.8062629 0.2808304 4.2213934 3.0870231 0.1089191 2.4240495 3.0138609 0.7432394 0.0594521 0.2860486 0.1368776 1.0715489 2.9828566 2.9899371 0.2970827 0.2965223 3.0943164 2.1285984 2.0315869 0.0000000 2.9483007 0.1327248 3.1836338 
n251_252   2.9582063 2.2085717 2.3338664 2.2756133 2.5671363 2.9811181 0.3540560 2.5598268 2.7668848 3.1486962 2.9074697 3.1907154 2.7284359 2.1088001 2.4537907 3.4612931 3.2330718 2.1577015 2.7172758 3.6243542 2.5506171 2.5534149 2.9483007 0.0000000 2.1501943 3.3650904 
n298_299   2.9461675 2.0109144 0.3443519 2.0048158 0.2954252 4.1915445 2.2222157 0.1576766 2.9737043 3.1023650 0.8448905 0.1411318 0.2952616 0.0482230 1.1010637 3.0799253 3.2592045 0.3168554 0.3058498 3.4151710 2.3111367 2.1451045 0.1327248 2.1501943 0.0000000 3.5354407 
n300_301   0.4288223 2.2100824 3.0413948 2.2311881 2.8159352 0.1644031 2.9316757 3.0624495 0.4955067 0.0346184 2.4968877 3.5129918 2.5307430 3.0885427 2.6658185 0.0787408 0.1138444 3.3161666 2.9269027 6.4490963 1.9495547 1.9820685 3.1836338 3.3650904 3.5354407 0.0000000 
