24
n289_290   0.0000000 0.0629579 0.0203315 0.2964245 0.3120928 0.0520634 0.3225626 0.4897636 0.0593232 0.3071716 0.0203270 0.4255422 0.2862346 0.0033480 0.1406615 0.2913344 0.0484652 0.1007243 0.3067474 0.2866008 0.0557020 0.4969367 0.3173737 0.3018839 
n294_295   0.0629579 0.0000000 0.0703287 0.3013007 0.3120887 0.0272298 0.3225619 0.4958956 0.0100858 0.3119293 0.0703131 0.4443410 0.3015016 0.0629681 0.1614536 0.3067158 0.0272341 0.1284019 0.3067416 0.2966006 0.0203239 0.5031305 0.3173712 0.3120985 
n295_296   0.0203315 0.0703287 0.0000000 0.3067669 0.3226735 0.0593179 0.3333005 0.4962516 0.0666569 0.3228112 0.0067097 0.4505232 0.2964269 0.0237835 0.1572817 0.3016022 0.0556812 0.1163957 0.3172455 0.2968110 0.0629983 0.5034899 0.3280337 0.3123170 
n266_267   0.2964245 0.3013007 0.3067669 0.0000000 0.2466758 0.2961466 0.2513234 0.4005433 0.2962671 0.0271846 0.3067076 0.4000246 0.2184498 0.3016448 0.2660281 0.2276163 0.2910329 0.2810883 0.2465464 0.1362585 0.3066456 0.4128256 0.2514870 0.1485955 
n299_300   0.3120928 0.3120887 0.3226735 0.2466758 0.0000000 0.3120909 0.0306507 0.4247773 0.3122234 0.2516929 0.3226120 0.4124583 0.0483143 0.3068572 0.2966170 0.0591274 0.3068547 0.3063460 0.0066913 0.2811771 0.3175246 0.4373750 0.0033382 0.3015926 
n298_299   0.0520634 0.0272298 0.0593179 0.2961466 0.3120909 0.0000000 0.3225621 0.4760436 0.0272434 0.3066913 0.0593047 0.4318357 0.2963437 0.0556888 0.1572913 0.3015179 0.0033457 0.1204237 0.3067448 0.2967277 0.0237842 0.4830723 0.3173725 0.3122304 
n274_275   0.3225626 0.3225619 0.3333005 0.2513234 0.0306507 0.3225621 0.0000000 0.4309728 0.3227026 0.2612519 0.3332377 0.4003576 0.0447482 0.3172500 0.2964820 0.0555050 0.3172487 0.3221151 0.0237206 0.2860461 0.3280807 0.4436844 0.0341460 0.3065963 
n251_252   0.4897636 0.4958956 0.4962516 0.4005433 0.4247773 0.4760436 0.4309728 0.0000000 0.4893637 0.4128416 0.4828193 0.3004893 0.4184692 0.4966662 0.4255834 0.4369529 0.4694727 0.4767558 0.4185024 0.4006280 0.4757772 0.0411193 0.4248710 0.4186617 
n293_294   0.0593232 0.0100858 0.0666569 0.2962671 0.3122234 0.0272434 0.3227026 0.4893637 0.0000000 0.3068196 0.0666422 0.4508159 0.3016302 0.0629891 0.1572898 0.3068474 0.0237773 0.1244224 0.3068732 0.2915926 0.0168996 0.4965322 0.3175090 0.3069852 
n265_266   0.3071716 0.3119293 0.3228112 0.0271846 0.2516929 0.3066913 0.2612519 0.4128416 0.3068196 0.0000000 0.3227497 0.4121209 0.2278897 0.3124811 0.2811260 0.2371868 0.3014977 0.2965296 0.2515604 0.1403362 0.3173614 0.4314382 0.2565425 0.1527467 
n296_297   0.0203270 0.0703131 0.0067097 0.3067076 0.3226120 0.0593047 0.3332377 0.4828193 0.0666422 0.3227497 0.0000000 0.4504509 0.2963690 0.0237782 0.1572480 0.3015436 0.0556688 0.1163703 0.3171848 0.2967530 0.0629843 0.4963290 0.3279716 0.3122569 
n244_245   0.4255422 0.4443410 0.4505232 0.4000246 0.4124583 0.4318357 0.4003576 0.3004893 0.4508159 0.4121209 0.4504509 0.0000000 0.3825662 0.4318407 0.3783147 0.4001268 0.4319242 0.3896748 0.4062920 0.3827606 0.4509743 0.3060753 0.4185304 0.4004557 
n278_279   0.2862346 0.3015016 0.2964269 0.2184498 0.0483143 0.2963437 0.0447482 0.4184692 0.3016302 0.2278897 0.2963690 0.3825662 0.0000000 0.2811893 0.2613037 0.0168656 0.2912263 0.2809791 0.0412020 0.2516399 0.3068505 0.4309431 0.0519041 0.2711938 
n287_288   0.0033480 0.0629681 0.0237835 0.3016448 0.3068572 0.0556888 0.3172500 0.4966662 0.0629891 0.3124811 0.0237782 0.4318407 0.2811893 0.0000000 0.1448080 0.2862520 0.0520708 0.1046283 0.3015522 0.2917524 0.0593487 0.5039140 0.3120992 0.3071511 
n200_201   0.1406615 0.1614536 0.1572817 0.2660281 0.2966170 0.1572913 0.2964820 0.4255834 0.1572898 0.2811260 0.1572480 0.3783147 0.2613037 0.1448080 0.0000000 0.2662231 0.1530934 0.1405510 0.2913870 0.2467922 0.1573578 0.4385195 0.3017871 0.2564040 
n277_278   0.2913344 0.3067158 0.3016022 0.2276163 0.0591274 0.3015179 0.0555050 0.4369529 0.3068474 0.2371868 0.3015436 0.4001268 0.0168656 0.2862520 0.2662231 0.0000000 0.2963624 0.2860369 0.0519033 0.2613252 0.3121063 0.4497615 0.0627752 0.2811538 
n297_298   0.0484652 0.0272341 0.0556812 0.2910329 0.3068547 0.0033457 0.3172487 0.4694727 0.0237773 0.3014977 0.0556688 0.4319242 0.2912263 0.0520708 0.1530934 0.2963624 0.0000000 0.1164442 0.3015490 0.2916013 0.0203348 0.4764342 0.3120973 0.3069916 
n236_237   0.1007243 0.1284019 0.1163957 0.2810883 0.3063460 0.1204237 0.3221151 0.4767558 0.1244224 0.2965296 0.1163703 0.3896748 0.2809791 0.1046283 0.1405510 0.2860369 0.1164442 0.0000000 0.3063286 0.2665088 0.1244769 0.4906952 0.3115764 0.2864919 
n280_281   0.3067474 0.3067416 0.3172455 0.2465464 0.0066913 0.3067448 0.0237206 0.4185024 0.3068732 0.2515604 0.3171848 0.4062920 0.0412020 0.3015522 0.2913870 0.0519033 0.3015490 0.3063286 0.0000000 0.2810267 0.3121340 0.4309847 0.0100627 0.3014295 
n285_286   0.2866008 0.2966006 0.2968110 0.1362585 0.2811771 0.2967277 0.2860461 0.4006280 0.2915926 0.1403362 0.2967530 0.3827606 0.2516399 0.2917524 0.2467922 0.2613252 0.2916013 0.2665088 0.2810267 0.0000000 0.3019157 0.4130851 0.2862343 0.0134643 
n275_276   0.0557020 0.0203239 0.0629983 0.3066456 0.3175246 0.0237842 0.3280807 0.4757772 0.0168996 0.3173614 0.0629843 0.4509743 0.3068505 0.0593487 0.1573578 0.3121063 0.0203348 0.1244769 0.3121340 0.3019157 0.0000000 0.4827991 0.3228490 0.3175344 
n255_256   0.4969367 0.5031305 0.5034899 0.4128256 0.4373750 0.4830723 0.4436844 0.0411193 0.4965322 0.4314382 0.4963290 0.3060753 0.4309431 0.5039140 0.4385195 0.4497615 0.4764342 0.4906952 0.4309847 0.4130851 0.4827991 0.0000000 0.4374723 0.4314565 
n292_293   0.3173737 0.3173712 0.3280337 0.2514870 0.0033382 0.3173725 0.0341460 0.4248710 0.3175090 0.2565425 0.3279716 0.4185304 0.0519041 0.3120992 0.3017871 0.0627752 0.3120973 0.3115764 0.0100627 0.2862343 0.3228490 0.4374723 0.0000000 0.3067992 
n286_287   0.3018839 0.3120985 0.3123170 0.1485955 0.3015926 0.3122304 0.3065963 0.4186617 0.3069852 0.1527467 0.3122569 0.4004557 0.2711938 0.3071511 0.2564040 0.2811538 0.3069916 0.2864919 0.3014295 0.0134643 0.3175344 0.4314565 0.3067992 0.0000000 
