26
n277_278   0.0000000 2.0093581 2.1777006 2.2532624 2.4410522 0.4903263 4.6344968 2.0835747 0.1167580 0.5016425 2.4883440 1.9561708 2.2747718 2.0755033 2.2806271 0.4885124 0.5183996 2.1267717 2.8927881 2.4509136 2.0695688 2.1480329 2.0269130 3.0554860 2.0346766 0.5022786 
n286_287   2.0093581 0.0000000 2.4233101 0.0781528 2.6398603 1.9899874 3.8177926 2.5611350 2.1864369 1.9460413 3.4904986 2.3742380 2.4589491 2.2167736 2.4329507 1.9166653 2.1719580 2.3697829 2.5598636 4.6004351 1.0846640 1.0095368 2.3416703 4.0162783 2.4550235 1.9747831 
n296_297   2.1777006 2.4233101 0.0000000 2.2911443 0.1341384 1.7666755 2.9949592 0.3386370 2.0870320 1.7777876 0.7552265 0.3211986 0.1297390 0.3217644 1.1207377 1.8507004 1.5811377 0.0379444 0.1262983 3.3130842 1.7099473 2.2182707 0.3051462 2.7286781 0.3331907 1.7937601 
n285_286   2.2532624 0.0781528 2.2911443 0.0000000 2.4859469 2.1193372 3.3543480 2.3678620 2.5172147 2.2153854 2.5792465 2.3471522 2.3030673 2.1066732 2.2915021 2.1776250 2.2631939 2.1964412 2.4077981 4.1718541 1.0814182 1.0195258 2.3715178 4.1544746 2.2982411 2.2520086 
n289_290   2.4410522 2.6398603 0.1341384 2.4859469 0.0000000 1.7583228 4.5068109 0.3938809 2.4900253 1.8195097 0.8656936 0.3765535 0.0485148 0.3602523 1.2870369 1.8956092 1.6940081 0.1510097 0.0523438 3.3597706 1.9310102 2.6429308 0.3706785 3.3020754 0.3723386 1.8361497 
n274_275   0.4903263 1.9899874 1.7666755 2.1193372 1.7583228 0.0000000 3.2515522 1.8348125 0.4647552 0.1560616 1.4660849 1.6764230 1.8552440 1.7795104 2.0711980 0.1519443 0.1405375 1.6683523 1.8901565 3.4236596 2.2972028 2.3758432 1.7400955 3.1620140 1.6487841 0.1562334 
n255_256   4.6344968 3.8177926 2.9949592 3.3543480 4.5068109 3.2515522 0.0000000 2.9777631 4.6799562 3.3410899 2.7583257 2.8051471 3.4462388 2.9618596 2.8600081 3.6464247 3.4972791 3.2433260 3.3826356 2.4660052 2.5097694 3.2690660 2.9871274 0.3186107 3.0539394 3.4615910 
n275_276   2.0835747 2.5611350 0.3386370 2.3678620 0.3938809 1.8348125 2.9777631 0.0000000 1.9129556 2.0622833 0.7857498 0.1545121 0.3644119 0.1671607 1.1501944 2.1215944 1.7641050 0.3603156 0.3954092 2.9379638 2.0301668 2.3039840 0.1587234 3.2032526 0.1810741 2.0826293 
n278_279   0.1167580 2.1864369 2.0870320 2.5172147 2.4900253 0.4647552 4.6799562 1.9129556 0.0000000 0.4899224 2.1094399 1.9409662 2.2384906 1.9824538 2.1470402 0.4825500 0.4909006 1.9712629 2.7553298 2.3730638 2.0190461 2.2845859 1.9572186 3.3959284 2.0042178 0.4961022 
n299_300   0.5016425 1.9460413 1.7777876 2.2153854 1.8195097 0.1560616 3.3410899 2.0622833 0.4899224 0.0000000 1.6094272 1.9411706 1.8521516 1.9195050 2.2083765 0.0483398 0.0936126 1.6783505 1.8870348 3.3680255 2.3165895 2.6528491 1.9471881 2.9684295 1.8202858 0.0168471 
n236_237   2.4883440 3.4904986 0.7552265 2.5792465 0.8656936 1.4660849 2.7583257 0.7857498 2.1094399 1.6094272 0.0000000 0.7477742 0.8357552 0.7841814 1.2854665 1.5646892 1.3682896 0.7592258 0.9040726 3.5970812 1.7115388 2.0407612 0.7240410 2.9744548 0.7810707 1.6659296 
n293_294   1.9561708 2.3742380 0.3211986 2.3471522 0.3765535 1.6764230 2.8051471 0.1545121 1.9409662 1.9411706 0.7477742 0.0000000 0.3363161 0.1537755 1.1430892 2.0729506 1.7000063 0.3375777 0.3546476 2.5277486 2.3432242 2.7849096 0.0560359 2.5549911 0.1673214 1.9108495 
n290_291   2.2747718 2.4589491 0.1297390 2.3030673 0.0485148 1.8552440 3.4462388 0.3644119 2.2384906 1.8521516 0.8357552 0.3363161 0.0000000 0.3367728 1.2108139 1.9311323 1.6850627 0.1464648 0.0449640 2.8490530 1.9238937 2.6396523 0.3307792 2.8067002 0.3484196 1.8693920 
n297_298   2.0755033 2.2167736 0.3217644 2.1066732 0.3602523 1.7795104 2.9618596 0.1671607 1.9824538 1.9195050 0.7841814 0.1537755 0.3367728 0.0000000 1.3524986 2.0126615 1.7271119 0.3441662 0.3499081 2.6437442 2.1659221 2.6854921 0.1370532 2.6764018 0.0377196 1.8896162 
n200_201   2.2806271 2.4329507 1.1207377 2.2915021 1.2870369 2.0711980 2.8600081 1.1501944 2.1470402 2.2083765 1.2854665 1.1430892 1.2108139 1.3524986 0.0000000 2.1003257 1.8521580 1.1316269 1.2008008 2.5461942 2.2961149 2.4936661 1.1637935 4.5014758 1.3725991 2.2116881 
n292_293   0.4885124 1.9166653 1.8507004 2.1776250 1.8956092 0.1519443 3.6464247 2.1215944 0.4825500 0.0483398 1.5646892 2.0729506 1.9311323 2.0126615 2.1003257 0.0000000 0.0858266 1.7434099 1.9701147 3.5890632 2.2994443 2.4610050 2.0795029 3.1561973 1.9041835 0.0447518 
n280_281   0.5183996 2.1719580 1.5811377 2.2631939 1.6940081 0.1405375 3.4972791 1.7641050 0.4909006 0.0936126 1.3682896 1.7000063 1.6850627 1.7271119 1.8521580 0.0858266 0.0000000 1.4993602 1.7127766 3.0764513 2.0887030 2.1338526 1.7050904 3.0376174 1.6359491 0.0857472 
n295_296   2.1267717 2.3697829 0.0379444 2.1964412 0.1510097 1.6683523 3.2433260 0.3603156 1.9712629 1.6783505 0.7592258 0.3375777 0.1464648 0.3441662 1.1316269 1.7434099 1.4993602 0.0000000 0.1430112 3.1827840 1.8041877 2.1288877 0.3330163 3.1592034 0.3559891 1.6926641 
n287_288   2.8927881 2.5598636 0.1262983 2.4077981 0.0523438 1.8901565 3.3826356 0.3954092 2.7553298 1.8870348 0.9040726 0.3546476 0.0449640 0.3499081 1.2008008 1.9701147 1.7127766 0.1430112 0.0000000 2.8541967 2.1639197 3.0717854 0.3537925 2.9375197 0.3737611 1.9051240 
n244_245   2.4509136 4.6004351 3.3130842 4.1718541 3.3597706 3.4236596 2.4660052 2.9379638 2.3730638 3.3680255 3.5970812 2.5277486 2.8490530 2.6437442 2.5461942 3.5890632 3.0764513 3.1827840 2.8541967 0.0000000 2.1750866 2.9935657 3.0009239 2.8077389 2.5526906 3.5960213 
n265_266   2.0695688 1.0846640 1.7099473 1.0814182 1.9310102 2.2972028 2.5097694 2.0301668 2.0190461 2.3165895 1.7115388 2.3432242 1.9238937 2.1659221 2.2961149 2.2994443 2.0887030 1.8041877 2.1639197 2.1750866 0.0000000 0.1604434 2.2482514 2.6463139 2.3027351 2.2718545 
n266_267   2.1480329 1.0095368 2.2182707 1.0195258 2.6429308 2.3758432 3.2690660 2.3039840 2.2845859 2.6528491 2.0407612 2.7849096 2.6396523 2.6854921 2.4936661 2.4610050 2.1338526 2.1288877 3.0717854 2.9935657 0.1604434 0.0000000 2.6247996 3.0430437 2.7210615 2.5937586 
n294_295   2.0269130 2.3416703 0.3051462 2.3715178 0.3706785 1.7400955 2.9871274 0.1587234 1.9572186 1.9471881 0.7240410 0.0560359 0.3307792 0.1370532 1.1637935 2.0795029 1.7050904 0.3330163 0.3537925 3.0009239 2.2482514 2.6247996 0.0000000 2.5344641 0.1624927 1.9167441 
n251_252   3.0554860 4.0162783 2.7286781 4.1544746 3.3020754 3.1620140 0.3186107 3.2032526 3.3959284 2.9684295 2.9744548 2.5549911 2.8067002 2.6764018 4.5014758 3.1561973 3.0376174 3.1592034 2.9375197 2.8077389 2.6463139 3.0430437 2.5344641 0.0000000 2.8589173 3.0513291 
n298_299   2.0346766 2.4550235 0.3331907 2.2982411 0.3723386 1.6487841 3.0539394 0.1810741 2.0042178 1.8202858 0.7810707 0.1673214 0.3484196 0.0377196 1.3725991 1.9041835 1.6359491 0.3559891 0.3737611 2.5526906 2.3027351 2.7210615 0.1624927 2.8589173 0.0000000 1.7932852 
n300_301   0.5022786 1.9747831 1.7937601 2.2520086 1.8361497 0.1562334 3.4615910 2.0826293 0.4961022 0.0168471 1.6659296 1.9108495 1.8693920 1.8896162 2.2116881 0.0447518 0.0857472 1.6926641 1.9051240 3.5960213 2.2718545 2.5937586 1.9167441 3.0513291 1.7932852 0.0000000 
