25
n298_299   0.0000000 0.2963381 0.1721185 0.3081438 0.0413351 0.3485622 0.3021835 0.0100750 0.0134655 0.0448738 0.0100673 0.2706052 0.0378100 0.3758230 0.2963381 0.0484432 0.0896478 0.3735710 0.3138115 0.0134605 0.3019665 0.3426402 0.3074916 0.4282348 0.2861071 
n280_281   0.2963381 0.0000000 0.2753910 0.2545533 0.2707978 0.2967083 0.0100646 0.2856453 0.2854982 0.2756686 0.2966016 0.0592501 0.2759046 0.3106590 0.0066784 0.2806766 0.2706646 0.3142020 0.2597257 0.2906077 0.0100583 0.2863492 0.0134544 0.3809765 0.0704043 
n200_201   0.1721185 0.2753910 0.0000000 0.3092740 0.1677850 0.3549919 0.2810299 0.1676587 0.1719685 0.1720228 0.1678182 0.2656632 0.1635620 0.3940696 0.2753910 0.1763458 0.1463390 0.3922751 0.3149680 0.1718929 0.2808306 0.3499835 0.2861756 0.4541219 0.2758828 
n286_287   0.3081438 0.2545533 0.3092740 0.0000000 0.2764919 0.1378776 0.2650906 0.2972256 0.2970711 0.2814086 0.3084204 0.2601666 0.2665274 0.3585899 0.2545533 0.2864648 0.2718611 0.3622190 0.0033521 0.3022816 0.2649048 0.1334213 0.2701066 0.4099927 0.2706606 
n287_288   0.0413351 0.2707978 0.1677850 0.2764919 0.0000000 0.3207531 0.2763988 0.0377652 0.0413004 0.0033418 0.0413666 0.2459779 0.0100806 0.3641747 0.2707978 0.0066991 0.0820102 0.3620046 0.2818785 0.0412846 0.2762031 0.3150781 0.2815155 0.4215732 0.2660179 
n266_267   0.3485622 0.2967083 0.3549919 0.1378776 0.3207531 0.0000000 0.3080419 0.3370322 0.3367413 0.3152570 0.3488823 0.2922568 0.3153215 0.3643511 0.2914625 0.3205854 0.3264460 0.3743837 0.1421595 0.3423847 0.3078196 0.0274783 0.3134018 0.4501885 0.3029156 
n292_293   0.3021835 0.0100646 0.2810299 0.2650906 0.2763988 0.3080419 0.0000000 0.2913814 0.2912312 0.2813133 0.3024534 0.0593256 0.2815542 0.3108097 0.0168546 0.2863672 0.2762631 0.3143540 0.2703602 0.2963891 0.0066965 0.2974953 0.0100765 0.3872644 0.0704944 
n293_294   0.0100750 0.2856453 0.1676587 0.2972256 0.0377652 0.3370322 0.2913814 0.0000000 0.0100673 0.0412846 0.0134723 0.2603222 0.0342592 0.3696831 0.2856453 0.0448333 0.0857636 0.3674756 0.3027925 0.0033384 0.2911736 0.3312175 0.2966035 0.4094615 0.2755716 
n275_276   0.0134655 0.2854982 0.1719685 0.2970711 0.0413004 0.3367413 0.2912312 0.0100673 0.0000000 0.0448361 0.0168808 0.2601931 0.0377781 0.3635372 0.2854982 0.0484035 0.0895728 0.3613744 0.3026340 0.0134496 0.2910236 0.3309330 0.2964497 0.4088125 0.2754324 
n289_290   0.0448738 0.2756686 0.1720228 0.2814086 0.0033418 0.3152570 0.2813133 0.0412846 0.0448361 0.0000000 0.0449080 0.2506881 0.0134679 0.3697125 0.2756686 0.0033408 0.0857661 0.3675047 0.2868343 0.0448189 0.2811137 0.3096304 0.2864637 0.4275226 0.2708613 
n297_298   0.0100673 0.2966016 0.1678182 0.3084204 0.0413666 0.3488823 0.3024534 0.0134723 0.0168808 0.0449080 0.0000000 0.2708426 0.0378387 0.3761717 0.2966016 0.0484803 0.0897185 0.3739159 0.3140941 0.0168745 0.3022360 0.3429538 0.3077669 0.4286399 0.2863604 
n278_279   0.2706052 0.0592501 0.2656632 0.2601666 0.2459779 0.2922568 0.0593256 0.2603222 0.2601931 0.2506881 0.2708426 0.0000000 0.2508987 0.3065398 0.0592501 0.2555217 0.2411399 0.3100876 0.2653951 0.2651179 0.0592878 0.2869409 0.0629889 0.3943919 0.0169143 
n295_296   0.0378100 0.2759046 0.1635620 0.2665274 0.0100806 0.3153215 0.2815542 0.0342592 0.0377781 0.0134679 0.0378387 0.2508987 0.0000000 0.3586636 0.2759046 0.0168744 0.0782681 0.3565307 0.2718319 0.0377637 0.2813543 0.3096939 0.2867098 0.4094429 0.2710928 
n251_252   0.3758230 0.3106590 0.3940696 0.3585899 0.3641747 0.3643511 0.3108097 0.3696831 0.3635372 0.3697125 0.3761717 0.3065398 0.3586636 0.0000000 0.3106590 0.3754383 0.3650860 0.0412034 0.3583882 0.3752582 0.3163957 0.3825226 0.3110788 0.2934206 0.3067470 
n274_275   0.2963381 0.0066784 0.2753910 0.2545533 0.2707978 0.2914625 0.0168546 0.2856453 0.2854982 0.2756686 0.2966016 0.0592501 0.2759046 0.3106590 0.0000000 0.2806766 0.2706646 0.3142020 0.2597257 0.2906077 0.0168445 0.2811816 0.0202791 0.3809765 0.0704043 
n290_291   0.0484432 0.2806766 0.1763458 0.2864648 0.0066991 0.3205854 0.2863672 0.0448333 0.0484035 0.0033408 0.0484803 0.2555217 0.0168744 0.3754383 0.2806766 0.0000000 0.0895693 0.3731908 0.2919326 0.0483838 0.2861634 0.3149139 0.2915540 0.4336924 0.2758396 
n236_237   0.0896478 0.2706646 0.1463390 0.2718611 0.0820102 0.3264460 0.2762631 0.0857636 0.0895728 0.0857661 0.0897185 0.2411399 0.0782681 0.3650860 0.2706646 0.0895693 0.0000000 0.3629051 0.2772161 0.0819423 0.2760675 0.3207169 0.2813778 0.3861608 0.2610372 
n255_256   0.3735710 0.3142020 0.3922751 0.3622190 0.3620046 0.3743837 0.3143540 0.3674756 0.3613744 0.3675047 0.3739159 0.3100876 0.3565307 0.0412034 0.3142020 0.3731908 0.3629051 0.0000000 0.3620156 0.3730126 0.3199479 0.3861863 0.3146253 0.2921473 0.3102964 
n285_286   0.3138115 0.2597257 0.3149680 0.0033521 0.2818785 0.1421595 0.2703602 0.3027925 0.3026340 0.2868343 0.3140941 0.2653951 0.2718319 0.3583882 0.2597257 0.2919326 0.2772161 0.3620156 0.0000000 0.3078899 0.2701700 0.1376621 0.2754184 0.4166085 0.2759861 
n294_295   0.0134605 0.2906077 0.1718929 0.3022816 0.0412846 0.3423847 0.2963891 0.0033384 0.0134496 0.0448189 0.0168745 0.2651179 0.0377637 0.3752582 0.2906077 0.0483838 0.0819423 0.3730126 0.3078899 0.0000000 0.2961772 0.3365250 0.3016462 0.4032656 0.2804700 
n300_301   0.3019665 0.0100583 0.2808306 0.2649048 0.2762031 0.3078196 0.0066965 0.2911736 0.2910236 0.2811137 0.3022360 0.0592878 0.2813543 0.3163957 0.0168445 0.2861634 0.2760675 0.3199479 0.2701700 0.2961772 0.0000000 0.2972820 0.0033408 0.3935118 0.0704493 
n265_266   0.3426402 0.2863492 0.3499835 0.1334213 0.3150781 0.0274783 0.2974953 0.3312175 0.3309330 0.3096304 0.3429538 0.2869409 0.3096939 0.3825226 0.2811816 0.3149139 0.3207169 0.3861863 0.1376621 0.3365250 0.2972820 0.0000000 0.3027748 0.4629692 0.3029740 
n299_300   0.3074916 0.0134544 0.2861756 0.2701066 0.2815155 0.3134018 0.0100765 0.2966035 0.2964497 0.2864637 0.3077669 0.0629889 0.2867098 0.3110788 0.0202791 0.2915540 0.2813778 0.3146253 0.2754184 0.3016462 0.0033408 0.3027748 0.0000000 0.3998069 0.0742266 
n244_245   0.4282348 0.3809765 0.4541219 0.4099927 0.4215732 0.4501885 0.3872644 0.4094615 0.4088125 0.4275226 0.4286399 0.3943919 0.4094429 0.2934206 0.3809765 0.4336924 0.3861608 0.2921473 0.4166085 0.4032656 0.3935118 0.4629692 0.3998069 0.0000000 0.4009484 
n277_278   0.2861071 0.0704043 0.2758828 0.2706606 0.2660179 0.3029156 0.0704944 0.2755716 0.2754324 0.2708613 0.2863604 0.0169143 0.2710928 0.3067470 0.0704043 0.2758396 0.2610372 0.3102964 0.2759861 0.2804700 0.0704493 0.3029740 0.0742266 0.4009484 0.0000000 
