24
n287_286   0.0000000 0.0306787 0.2712564 0.0447244 0.2711236 0.2468047 0.2560740 0.2566215 0.0272160 0.0134736 0.2525050 0.2514105 0.2515339 0.1309518 0.0341682 0.0306859 0.0411912 0.0885552 0.2619308 0.0067079 0.3624530 0.2710154 0.3737857 0.2512621 
n294_293   0.0306787 0.0000000 0.2335930 0.0134611 0.2334810 0.2104276 0.2192614 0.2242587 0.0306238 0.0306480 0.2247578 0.2148216 0.2149182 0.1113733 0.0033431 0.0341021 0.0100739 0.0626528 0.2338320 0.0237329 0.3304190 0.2380139 0.3412537 0.2146976 
n277_276   0.2712564 0.2335930 0.0000000 0.2427443 0.0033379 0.0882957 0.0921082 0.2650001 0.2757181 0.2709360 0.2610588 0.0883548 0.0846007 0.2609621 0.2381965 0.2805446 0.2381512 0.2658345 0.2705700 0.2614534 0.3942996 0.2650859 0.4003402 0.0845838 
n298_297   0.0447244 0.0134611 0.2427443 0.0000000 0.2426273 0.2192769 0.2282129 0.2425129 0.0375993 0.0446793 0.2430558 0.2237206 0.2238232 0.1270248 0.0168655 0.0411094 0.0100718 0.0773133 0.2523594 0.0376371 0.3515223 0.2566248 0.3626842 0.2235908 
n278_277   0.2711236 0.2334810 0.0033379 0.2426273 0.0000000 0.0920278 0.0958605 0.2648712 0.2755830 0.2708035 0.2609320 0.0920895 0.0883173 0.2608345 0.2380820 0.2804066 0.2380367 0.2657050 0.2704379 0.2613262 0.3940932 0.2649570 0.4001303 0.0882996 
n274_273   0.2468047 0.2104276 0.0882957 0.2192769 0.0920278 0.0000000 0.0236551 0.2787911 0.2420481 0.2465198 0.2513314 0.0202313 0.0168184 0.2463442 0.2148762 0.2466535 0.2148362 0.2557647 0.2607100 0.2373596 0.3823268 0.2788856 0.3771382 0.0202209 
n299_298   0.2560740 0.2192614 0.0921082 0.2282129 0.0958605 0.0236551 0.0000000 0.2691522 0.2604492 0.2557764 0.2559258 0.0033366 0.0202396 0.2465193 0.2237626 0.2651642 0.2237206 0.2604198 0.2653584 0.2465074 0.3990753 0.2692404 0.3937765 0.0100522 
n265_264   0.2566215 0.2242587 0.2650001 0.2425129 0.2648712 0.2787911 0.2691522 0.0000000 0.2657901 0.2517594 0.1469742 0.2693130 0.2645656 0.2509978 0.2287977 0.2705454 0.2379267 0.2515202 0.1551175 0.2470340 0.4051067 0.0306237 0.4169657 0.2691522 
n296_295   0.0272160 0.0306238 0.2757181 0.0375993 0.2755830 0.2420481 0.2604492 0.2657901 0.0000000 0.0271888 0.2616432 0.2557634 0.2558892 0.1469927 0.0341069 0.0033437 0.0411170 0.0960150 0.2711776 0.0203026 0.3514591 0.2803553 0.3626142 0.2556117 
n289_288   0.0134736 0.0306480 0.2709360 0.0446793 0.2708035 0.2465198 0.2557764 0.2517594 0.0271888 0.0000000 0.2522107 0.2511193 0.2512415 0.1389141 0.0341339 0.0306552 0.0411497 0.0884634 0.2616234 0.0067012 0.3457824 0.2706957 0.3677757 0.2509708 
n285_284   0.2525050 0.2247578 0.2610588 0.2430558 0.2609320 0.2513314 0.2559258 0.1469742 0.2616432 0.2522107 0.0000000 0.2512669 0.2559815 0.2754101 0.2293077 0.2663807 0.2384585 0.2565835 0.0134793 0.2429560 0.4006140 0.1429696 0.4067034 0.2511185 
n300_299   0.2514105 0.2148216 0.0883548 0.2237206 0.0920895 0.0202313 0.0033366 0.2693130 0.2557634 0.2511193 0.2512669 0.0000000 0.0168294 0.2419175 0.2192958 0.2604492 0.2192548 0.2557336 0.2606402 0.2419063 0.3934494 0.2694013 0.3881887 0.0066870 
n280_279   0.2515339 0.2149182 0.0846007 0.2238232 0.0883173 0.0168184 0.0202396 0.2645656 0.2558892 0.2512415 0.2559815 0.0168294 0.0000000 0.2417787 0.2193953 0.2605786 0.2193544 0.2558594 0.2654185 0.2420216 0.3878397 0.2646500 0.3826152 0.0168208 
n200_201   0.1309518 0.1113733 0.2609621 0.1270248 0.2608345 0.2463442 0.2465193 0.2509978 0.1469927 0.1389141 0.2754101 0.2419175 0.2417787 0.0000000 0.1152642 0.1510512 0.1191782 0.1348613 0.2851038 0.1309518 0.3399525 0.2745794 0.3509018 0.2373981 
n293_292   0.0341682 0.0033431 0.2381965 0.0168655 0.2380820 0.2148762 0.2237626 0.2287977 0.0341069 0.0341339 0.2293077 0.2192958 0.2193953 0.1152642 0.0000000 0.0376014 0.0134630 0.0662961 0.2384388 0.0271870 0.3356639 0.2426414 0.3465795 0.2191689 
n295_294   0.0306859 0.0341021 0.2805446 0.0411094 0.2804066 0.2466535 0.2651642 0.2705454 0.0033437 0.0306552 0.2663807 0.2604492 0.2605786 0.1510512 0.0376014 0.0000000 0.0446437 0.0998104 0.2759764 0.0237385 0.3567950 0.2852072 0.3680331 0.2602942 
n297_296   0.0411912 0.0100739 0.2381512 0.0100718 0.2380367 0.2148362 0.2237206 0.2379267 0.0411170 0.0411497 0.2384585 0.2192548 0.2193544 0.1191782 0.0134630 0.0446437 0.0000000 0.0736264 0.2477046 0.0341393 0.3409527 0.2519490 0.3519505 0.2191279 
n236_237   0.0885552 0.0626528 0.2658345 0.0773133 0.2657050 0.2557647 0.2604198 0.2515202 0.0960150 0.0884634 0.2565835 0.2557336 0.2558594 0.1348613 0.0662961 0.0998104 0.0736264 0.0000000 0.2660427 0.0810053 0.3567589 0.2657949 0.3679990 0.2555819 
n286_285   0.2619308 0.2338320 0.2705700 0.2523594 0.2704379 0.2607100 0.2653584 0.1551175 0.2711776 0.2616234 0.0134793 0.2606402 0.2654185 0.2851038 0.2384388 0.2759764 0.2477046 0.2660427 0.0000000 0.2522529 0.4121150 0.1510722 0.4183053 0.2604853 
n290_289   0.0067079 0.0237329 0.2614534 0.0376371 0.2613262 0.2373596 0.2465074 0.2470340 0.0203026 0.0067012 0.2429560 0.2419063 0.2420216 0.1309518 0.0271870 0.0237385 0.0341393 0.0810053 0.2522529 0.0000000 0.3513267 0.2612252 0.3624762 0.2417642 
n255_254   0.3624530 0.3304190 0.3942996 0.3515223 0.3940932 0.3823268 0.3990753 0.4051067 0.3514591 0.3457824 0.4006140 0.3934494 0.3878397 0.3399525 0.3356639 0.3567950 0.3409527 0.3567589 0.4121150 0.3513267 0.0000000 0.4114094 0.0340537 0.3931933 
n266_265   0.2710154 0.2380139 0.2650859 0.2566248 0.2649570 0.2788856 0.2692404 0.0306237 0.2803553 0.2706957 0.1429696 0.2694013 0.2646500 0.2745794 0.2426414 0.2852072 0.2519490 0.2657949 0.1510722 0.2612252 0.4114094 0.0000000 0.4233864 0.2692404 
n251_250   0.3737857 0.3412537 0.4003402 0.3626842 0.4001303 0.3771382 0.3937765 0.4169657 0.3626142 0.3677757 0.4067034 0.3881887 0.3826152 0.3509018 0.3465795 0.3680331 0.3519505 0.3679990 0.4183053 0.3624762 0.0340537 0.4233864 0.0000000 0.3879376 
n292_291   0.2512621 0.2146976 0.0845838 0.2235908 0.0882996 0.0202209 0.0100522 0.2691522 0.2556117 0.2509708 0.2511185 0.0066870 0.0168208 0.2373981 0.2191689 0.2602942 0.2191279 0.2555819 0.2604853 0.2417642 0.3931933 0.2692404 0.3879376 0.0000000 
