26
n275_276   0.0000000 1.8088608 2.2242036 2.0197453 1.8086976 0.1197220 1.7217993 0.6480413 1.7902414 2.0007606 0.1038565 0.3360296 0.3581901 0.1000235 0.1196552 0.9514726 1.9190200 0.3046540 2.1298768 2.4152776 0.3364537 0.2896441 2.9115875 2.1071967 3.2857302 1.6883949 
n277_278   1.8088608 0.0000000 1.4134071 1.4697472 0.1532822 1.7561593 0.4532863 2.0751258 0.4598664 0.4920582 1.7200356 2.1104033 2.1148938 1.6845507 1.7882771 1.9575405 0.4598035 1.8413636 1.5502348 2.5750385 2.1826267 1.9264375 2.2369323 1.5016044 1.9633875 0.4472207 
n286_287   2.2242036 1.4134071 0.0000000 0.0811068 1.3965326 2.1163107 1.4658690 2.4709339 1.3996856 1.4404795 2.1753006 2.4934739 2.4638614 2.2871227 1.9818590 2.0060310 1.4204425 2.0594389 0.8893990 9.0000000 2.5001765 1.8989420 3.0074885 0.9453515 2.8317518 1.4429628 
n285_286   2.0197453 1.4697472 0.0811068 0.0000000 1.4966447 1.9337522 1.5776491 2.2608506 1.5026811 1.5484565 2.1216647 2.2251219 2.2051068 2.2270523 1.8225945 1.9114716 1.5258124 1.8497290 0.8750324 9.0000000 2.2319966 1.7537069 2.9517125 0.9430115 2.7709593 1.5514501 
n278_279   1.8086976 0.1532822 1.3965326 1.4966447 0.0000000 1.7518672 0.4746510 2.0357621 0.4880988 0.5082267 1.6856700 2.1547278 2.1523714 1.6512898 1.7840897 2.1735864 0.4749094 1.9468272 1.5586854 2.2528251 2.1107636 2.0985455 2.7307704 1.5668968 2.3223485 0.4815402 
n298_299   0.1197220 1.7561593 2.1163107 1.9337522 1.7518672 0.0000000 1.8787796 0.6324475 1.8718355 2.1569888 0.1397738 0.3582099 0.3638826 0.1357364 0.0341841 0.9653412 1.8824787 0.3420930 2.2425904 2.4733274 0.3586714 0.3262965 3.2152049 1.9671989 4.3683047 1.8381526 
n299_300   1.7217993 0.4532863 1.4658690 1.5776491 0.4746510 1.8787796 0.0000000 2.3791357 0.0271501 0.1038999 1.7261491 1.9089652 1.7988416 1.6958038 1.7636831 1.7822659 0.1000569 2.0392683 1.3948931 5.6715323 1.9149044 2.0463552 3.5860137 1.4291923 2.8877420 0.0168500 
n236_237   0.6480413 2.0751258 2.4709339 2.2608506 2.0357621 0.6324475 2.3791357 0.0000000 2.3188488 3.1171300 0.6474457 0.6077999 0.6233637 0.6895572 0.6325008 0.9953240 2.2837368 0.6084496 2.2398775 2.0940601 0.5925322 0.5790084 2.5464062 2.0342563 5.1498862 2.0967425 
n292_293   1.7902414 0.4598664 1.3996856 1.5026811 0.4880988 1.8718355 0.0271501 2.3188488 0.0000000 0.0962300 1.7951784 1.9156795 1.7648929 1.7623531 1.7617536 1.8192028 0.0924271 2.0476783 1.4195300 9.0000000 1.9216687 2.0963939 3.0617408 1.4549500 2.5943273 0.0306556 
n274_275   2.0007606 0.4920582 1.4404795 1.5484565 0.5082267 2.1569888 0.1038999 3.1171300 0.0962300 0.0000000 2.0513066 1.9321149 1.7448028 1.9610713 2.0519014 2.4340758 0.1078431 1.9188996 1.5137948 9.0000000 1.9381832 1.9605366 4.2276703 1.4788863 3.2088814 0.1079073 
n293_294   0.1038565 1.7200356 2.1753006 2.1216647 1.6856700 0.1397738 1.7261491 0.6474457 1.7951784 2.0513066 0.0000000 0.3688804 0.3976887 0.0341169 0.1396950 0.9879624 1.7693943 0.3468217 2.1598867 2.7445061 0.3805997 0.3308476 3.0909646 2.0309082 4.6948863 1.6924751 
n289_290   0.3360296 2.1104033 2.4934739 2.2251219 2.1547278 0.3582099 1.9089652 0.6077999 1.9156795 1.9321149 0.3688804 0.0000000 0.0411542 0.3632896 0.3637620 0.9792667 1.6724069 0.1560295 3.7616549 2.2055720 0.0341497 0.1437251 8.9999985 2.5361204 9.0000000 1.8342148 
n290_291   0.3581901 2.1148938 2.4638614 2.2051068 2.1523714 0.3638826 1.7988416 0.6233637 1.7648929 1.7448028 0.3976887 0.0411542 0.0000000 0.3918616 0.3752651 1.0189068 1.5843232 0.1771473 3.6856893 2.3817521 0.0483059 0.1602041 5.8210219 2.6204860 9.0000000 1.7327541 
n294_295   0.1000235 1.6845507 2.2871227 2.2270523 1.6512898 0.1357364 1.6958038 0.6895572 1.7623531 1.9610713 0.0341169 0.3632896 0.3918616 0.0000000 0.1356600 0.9878195 1.7374773 0.3522560 2.2153454 2.6534377 0.3749101 0.3361696 3.4749354 1.9787640 4.7078592 1.6633301 
n297_298   0.1196552 1.7882771 1.9818590 1.8225945 1.7840897 0.0341841 1.7636831 0.6325008 1.7617536 2.0519014 0.1396950 0.3637620 0.3752651 0.1356600 0.0000000 0.9277889 1.8035125 0.3475252 2.0918230 2.8543762 0.3642330 0.3316129 3.0450022 1.8602587 4.1639509 1.7283683 
n200_201   0.9514726 1.9575405 2.0060310 1.9114716 2.1735864 0.9653412 1.7822659 0.9953240 1.8192028 2.4340758 0.9879624 0.9792667 1.0189068 0.9878195 0.9277889 0.0000000 1.9735909 1.0181302 2.4874338 1.8147662 0.9801879 0.9803342 2.7593567 2.4919620 2.4351625 1.7437986 
n280_281   1.9190200 0.4598035 1.4204425 1.5258124 0.4749094 1.8824787 0.1000569 2.2837368 0.0924271 0.1078431 1.7693943 1.6724069 1.5843232 1.7374773 1.8035125 1.9735909 0.0000000 1.7005230 1.4247034 4.9278244 1.6773088 1.7326122 7.3474545 1.4349843 3.3059128 0.1040386 
n295_296   0.3046540 1.8413636 2.0594389 1.8497290 1.9468272 0.3420930 2.0392683 0.6084496 2.0476783 1.9188996 0.3468217 0.1560295 0.1771473 0.3522560 0.3475252 1.0181302 1.7005230 0.0000000 2.4090641 2.6099023 0.1603186 0.0483067 5.9588005 2.1051987 9.0000000 1.9529625 
n266_267   2.1298768 1.5502348 0.8893990 0.8750324 1.5586854 2.2425904 1.3948931 2.2398775 1.4195300 1.5137948 2.1598867 3.7616549 3.6856893 2.2153454 2.0918230 2.4874338 1.4247034 2.4090641 0.0000000 9.0000000 3.2727554 2.5226336 2.4824061 0.1651499 3.6868911 1.4195391 
n244_245   2.4152776 2.5750385 9.0000000 9.0000000 2.2528251 2.4733274 5.6715323 2.0940601 9.0000000 9.0000000 2.7445061 2.2055720 2.3817521 2.6534377 2.8543762 1.8147662 4.9278244 2.6099023 9.0000000 0.0000000 2.1799519 2.6339019 1.8659227 9.0000000 1.8628897 4.3557722 
n287_288   0.3364537 2.1826267 2.5001765 2.2319966 2.1107636 0.3586714 1.9149044 0.5925322 1.9216687 1.9381832 0.3805997 0.0341497 0.0483059 0.3749101 0.3642330 0.9801879 1.6773088 0.1603186 3.2727554 2.1799519 0.0000000 0.1521265 9.0000000 2.3947908 9.0000000 1.7691509 
n296_297   0.2896441 1.9264375 1.8989420 1.7537069 2.0985455 0.3262965 2.0463552 0.5790084 2.0963939 1.9605366 0.3308476 0.1437251 0.1602041 0.3361696 0.3316129 0.9803342 1.7326122 0.0483067 2.5226336 2.6339019 0.1521265 0.0000000 8.9999982 2.2978847 9.0000000 1.9963402 
n255_256   2.9115875 2.2369323 3.0074885 2.9517125 2.7307704 3.2152049 3.5860137 2.5464062 3.0617408 4.2276703 3.0909646 8.9999985 5.8210219 3.4749354 3.0450022 2.7593567 7.3474545 5.9588005 2.4824061 1.8659227 9.0000000 8.9999982 0.0000000 2.1728665 0.3095034 3.5851055 
n265_266   2.1071967 1.5016044 0.9453515 0.9430115 1.5668968 1.9671989 1.4291923 2.0342563 1.4549500 1.4788863 2.0309082 2.5361204 2.6204860 1.9787640 1.8602587 2.4919620 1.4349843 2.1051987 0.1651499 9.0000000 2.3947908 2.2978847 2.1728665 0.0000000 2.6077848 1.4548920 
n251_252   3.2857302 1.9633875 2.8317518 2.7709593 2.3223485 4.3683047 2.8877420 5.1498862 2.5943273 3.2088814 4.6948863 9.0000000 9.0000000 4.7078592 4.1639509 2.4351625 3.3059128 9.0000000 3.6868911 1.8628897 9.0000000 9.0000000 0.3095034 2.6077848 0.0000000 2.8912470 
n300_301   1.6883949 0.4472207 1.4429628 1.5514501 0.4815402 1.8381526 0.0168500 2.0967425 0.0306556 0.1079073 1.6924751 1.8342148 1.7327541 1.6633301 1.7283683 1.7437986 0.1040386 1.9529625 1.4195391 4.3557722 1.7691509 1.9963402 3.5851055 1.4548920 2.8912470 0.0000000 
