25
n294_297   0.0000000 0.3237339 0.3187362 0.4230718 0.2899406 0.0305881 0.0100575 0.2997969 0.3186663 0.0375333 0.3236595 0.2800357 0.1640062 0.0066914 0.4370651 0.0134533 0.0340844 0.0410348 0.0134390 0.4229940 0.3239827 0.2848621 0.2851576 0.1075612 0.3048667 
n274_277   0.3237339 0.0000000 0.0100525 0.4654279 0.2317044 0.3290358 0.3288331 0.0551702 0.0100511 0.3391177 0.0134278 0.2223993 0.2846101 0.3237835 0.4246911 0.3343824 0.3344339 0.3443202 0.3339533 0.4476279 0.0134397 0.2317380 0.2449508 0.2934232 0.0623288 
n280_283   0.3187362 0.0100525 0.0000000 0.4537469 0.2272594 0.3240041 0.3238046 0.0516115 0.0066871 0.3340262 0.0100503 0.2226320 0.2798413 0.3187848 0.4243021 0.3293146 0.3293655 0.3391956 0.3288936 0.4361912 0.0100592 0.2272923 0.2452121 0.2886137 0.0587394 
n255_258   0.4230718 0.4654279 0.4537469 0.0000000 0.4130292 0.4222654 0.4288993 0.4371234 0.4530078 0.4401831 0.4471962 0.4189351 0.4135148 0.4231496 0.3416941 0.4228750 0.4284226 0.4461408 0.4293833 0.0412387 0.4537596 0.4184045 0.4250410 0.4174133 0.4367933 
n285_288   0.2899406 0.2317044 0.2272594 0.4130292 0.0000000 0.2950114 0.2901522 0.2144032 0.2272157 0.3047015 0.2316517 0.1386428 0.2849288 0.2804487 0.3669670 0.3001213 0.3001688 0.3096869 0.2804815 0.4075526 0.2318743 0.0066978 0.1588859 0.2802539 0.2189036 
n289_292   0.0305881 0.3290358 0.3240041 0.4222654 0.2950114 0.0000000 0.0340604 0.3049412 0.3239312 0.0134408 0.3289610 0.2802108 0.1642524 0.0305907 0.4370477 0.0305716 0.0033408 0.0168367 0.0375497 0.4346319 0.3292907 0.2898941 0.2853372 0.1114735 0.3148435 
n275_278   0.0100575 0.3288331 0.3238046 0.4288993 0.2901522 0.0340604 0.0000000 0.3047543 0.3237321 0.0410348 0.3287576 0.2753212 0.1681603 0.0100583 0.4430215 0.0168513 0.0375745 0.0445517 0.0168343 0.4288196 0.3290864 0.2850693 0.2804098 0.1114112 0.3098581 
n277_280   0.2997969 0.0551702 0.0516115 0.4371234 0.2144032 0.3049412 0.3047543 0.0000000 0.0516038 0.3048101 0.0551579 0.2097981 0.2616889 0.2998410 0.4018037 0.3101260 0.3101747 0.3098006 0.3097347 0.4260630 0.0552077 0.2144341 0.2320379 0.2653449 0.0134561 
n299_302   0.3186663 0.0100511 0.0066871 0.4530078 0.2272157 0.3239312 0.3237321 0.0516038 0.0000000 0.3339501 0.0033368 0.2225895 0.2797829 0.3187147 0.4181572 0.3292400 0.3292909 0.3391177 0.3288192 0.4354875 0.0100578 0.2272486 0.2451637 0.2885526 0.0587305 
n296_299   0.0375333 0.3391177 0.3340262 0.4401831 0.3047015 0.0134408 0.0410348 0.3048101 0.3339501 0.0000000 0.3390398 0.2897196 0.1765488 0.0375365 0.4432137 0.0375130 0.0168485 0.0033384 0.0445537 0.4528686 0.3393810 0.2995169 0.2949151 0.1151942 0.3147067 
n300_303   0.3236595 0.0134278 0.0100503 0.4471962 0.2316517 0.3289610 0.3287576 0.0551579 0.0033368 0.3390398 0.0000000 0.2269970 0.2845450 0.3237091 0.4238437 0.3343053 0.3343568 0.3442411 0.3338766 0.4358533 0.0134368 0.2316853 0.2496980 0.2933560 0.0623149 
n266_269   0.2800357 0.2223993 0.2226320 0.4189351 0.1386428 0.2802108 0.2753212 0.2097981 0.2225895 0.2897196 0.2269970 0.0000000 0.2708772 0.2800753 0.3852173 0.2900693 0.2852588 0.2946059 0.2801080 0.4134179 0.2272146 0.1386618 0.0237152 0.2750928 0.2185267 
n200_203   0.1640062 0.2846101 0.2798413 0.4135148 0.2849288 0.1642524 0.1681603 0.2616889 0.2797829 0.1765488 0.2845450 0.2708772 0.0000000 0.1640248 0.3966373 0.1725344 0.1685382 0.1807704 0.1723395 0.4196674 0.2848248 0.2849717 0.2759373 0.1557776 0.2710718 
n297_300   0.0066914 0.3237835 0.3187848 0.4231496 0.2804487 0.0305907 0.0100583 0.2998410 0.3187147 0.0375365 0.3237091 0.2800753 0.1640248 0.0000000 0.4371478 0.0134533 0.0340874 0.0410383 0.0066942 0.4230718 0.3240325 0.2754339 0.2851985 0.1075720 0.3049120 
n244_247   0.4370651 0.4246911 0.4243021 0.3416941 0.3669670 0.4370477 0.4430215 0.4018037 0.4181572 0.4432137 0.4238437 0.3852173 0.3966373 0.4371478 0.0000000 0.4368628 0.4433630 0.4492208 0.4435263 0.3527869 0.4188381 0.3720415 0.3802138 0.4149037 0.4081576 
n293_296   0.0134533 0.3343824 0.3293146 0.4228750 0.3001213 0.0305716 0.0168513 0.3101260 0.3292400 0.0375130 0.3343053 0.2900693 0.1725344 0.0134533 0.4368628 0.0000000 0.0340661 0.0410126 0.0202656 0.4352643 0.3346420 0.2949646 0.2952720 0.1154087 0.3152718 
n290_293   0.0340844 0.3344339 0.3293655 0.4284226 0.3001688 0.0033408 0.0375745 0.3101747 0.3292909 0.0168485 0.3343568 0.2852588 0.1685382 0.0340874 0.4433630 0.0340661 0.0000000 0.0202613 0.0410818 0.4409033 0.3346935 0.2950114 0.2904261 0.1154293 0.3201492 
n295_298   0.0410348 0.3443202 0.3391956 0.4461408 0.3096869 0.0168367 0.0445517 0.3098006 0.3391177 0.0033384 0.3442411 0.2946059 0.1807704 0.0410383 0.4492208 0.0410126 0.0202613 0.0000000 0.0480865 0.4589331 0.3445882 0.3044659 0.2945346 0.1190791 0.3197599 
n298_301   0.0134390 0.3339533 0.3288936 0.4293833 0.2804815 0.0375497 0.0168343 0.3097347 0.3288192 0.0445537 0.3338766 0.2801080 0.1723395 0.0066942 0.4435263 0.0202656 0.0410818 0.0480865 0.0000000 0.4293036 0.3342110 0.2754663 0.2852314 0.1152837 0.3148721 
n251_254   0.4229940 0.4476279 0.4361912 0.0412387 0.4075526 0.4346319 0.4288196 0.4260630 0.4354875 0.4528686 0.4358533 0.4134179 0.4196674 0.4230718 0.3527869 0.4352643 0.4409033 0.4589331 0.4293036 0.0000000 0.4362035 0.4128945 0.4194789 0.4173373 0.4257446 
n292_295   0.3239827 0.0134397 0.0100592 0.4537596 0.2318743 0.3292907 0.3290864 0.0552077 0.0100578 0.3393810 0.0134368 0.2272146 0.2848248 0.3240325 0.4188381 0.3346420 0.3346935 0.3445882 0.3342110 0.4362035 0.0000000 0.2319080 0.2499395 0.2936455 0.0623713 
n286_289   0.2848621 0.2317380 0.2272923 0.4184045 0.0066978 0.2898941 0.2850693 0.2144341 0.2272486 0.2995169 0.2316853 0.1386618 0.2849717 0.2754339 0.3720415 0.2949646 0.2950114 0.3044659 0.2754663 0.4128945 0.2319080 0.0000000 0.1589080 0.2752429 0.2189352 
n265_268   0.2851576 0.2449508 0.2452121 0.4250410 0.1588859 0.2853372 0.2804098 0.2320379 0.2451637 0.2949151 0.2496980 0.0237152 0.2759373 0.2851985 0.3802138 0.2952720 0.2904261 0.2945346 0.2852314 0.4194789 0.2499395 0.1589080 0.0000000 0.2801775 0.2410149 
n236_239   0.1075612 0.2934232 0.2886137 0.4174133 0.2802539 0.1114735 0.1114112 0.2653449 0.2885526 0.1151942 0.2933560 0.2750928 0.1557776 0.1075720 0.4149037 0.1154087 0.1154293 0.1190791 0.1152837 0.4173373 0.2936455 0.2752429 0.2801775 0.0000000 0.2747422 
n278_281   0.3048667 0.0623288 0.0587394 0.4367933 0.2189036 0.3148435 0.3098581 0.0134561 0.0587305 0.3147067 0.0623149 0.2185267 0.2710718 0.3049120 0.4081576 0.3152718 0.3201492 0.3197599 0.3148721 0.4257446 0.0623713 0.2189352 0.2410149 0.2747422 0.0000000 
