25
n294_297   0.0000000 0.2529390 0.2733946 0.3342538 0.2746057 0.0451407 0.0101161 0.2533475 0.2626875 0.0487246 0.0487591 0.2653705 0.1385248 0.0135364 0.4453698 0.0135347 0.0415378 0.0487510 0.0169690 0.3457250 0.2527121 0.2694176 0.2701195 0.0862378 0.2436058 
n274_277   0.2529390 0.0000000 0.0271990 0.3880033 0.2937364 0.2832006 0.2478914 0.0779297 0.0134395 0.2882405 0.2884712 0.2787126 0.2879472 0.2530954 0.4348998 0.2631404 0.2778919 0.2884466 0.2581306 0.4063730 0.0066843 0.2884218 0.2836267 0.2715073 0.0704589 
n280_283   0.2733946 0.0271990 0.0000000 0.3998899 0.3262778 0.3100524 0.2733365 0.0971412 0.0237171 0.3152860 0.3155419 0.2998575 0.3149675 0.2787634 0.4677172 0.2839325 0.3045142 0.3155195 0.2839999 0.4185700 0.0202778 0.3207018 0.3049148 0.2977772 0.0894430 
n255_258   0.3342538 0.3880033 0.3998899 0.0000000 0.3804928 0.3339648 0.3285312 0.3588928 0.3878787 0.3567791 0.3337961 0.3887671 0.4178771 0.3344832 0.2961955 0.3458793 0.3281898 0.3570593 0.3401963 0.0552715 0.3819711 0.3995729 0.3882953 0.3484658 0.3646071 
n285_288   0.2746057 0.2937364 0.3262778 0.3804928 0.0000000 0.2795505 0.2693699 0.2841772 0.3040556 0.2952122 0.2795610 0.1565234 0.3280094 0.2747809 0.4351815 0.2800603 0.2742495 0.2954261 0.2800043 0.3925685 0.2934660 0.0101085 0.1564975 0.3052046 0.2894647 
n289_292   0.0451407 0.2832006 0.3100524 0.3339648 0.2795505 0.0000000 0.0415338 0.2733634 0.2933636 0.0238554 0.0101200 0.2749314 0.1467200 0.0451619 0.4244290 0.0524084 0.0033536 0.0238689 0.0487806 0.3570914 0.2829417 0.2743273 0.2797290 0.0977551 0.2683389 
n275_278   0.0101161 0.2478914 0.2733365 0.3285312 0.2693699 0.0415338 0.0000000 0.2482915 0.2575703 0.0450978 0.0451297 0.2652996 0.1343065 0.0101206 0.4386628 0.0169603 0.0379538 0.0451221 0.0135327 0.3399060 0.2476698 0.2642224 0.2700479 0.0823673 0.2434463 
n277_280   0.2533475 0.0779297 0.0971412 0.3588928 0.2841772 0.2733634 0.2482915 0.0000000 0.0816965 0.2680125 0.2785630 0.2482876 0.2940128 0.2535045 0.4344586 0.2635663 0.2681295 0.2681995 0.2585481 0.3587465 0.0741677 0.2789256 0.2529057 0.2570521 0.0202994 
n299_302   0.2626875 0.0134395 0.0237171 0.3878787 0.3040556 0.2933636 0.2575703 0.0816965 0.0000000 0.2984696 0.2987095 0.2888342 0.2981671 0.2628518 0.4351080 0.2730348 0.2879756 0.2986856 0.2679564 0.4062402 0.0066803 0.2986644 0.2938108 0.2814669 0.0741840 
n296_299   0.0487246 0.2882405 0.3152860 0.3567791 0.2952122 0.0238554 0.0450978 0.2680125 0.2984696 0.0000000 0.0273444 0.2963035 0.1508733 0.0487477 0.4439656 0.0560318 0.0203852 0.0067251 0.0523856 0.3567747 0.2879763 0.2898682 0.3012393 0.1016238 0.2631437 
n287_290   0.0487591 0.2884712 0.3155419 0.3337961 0.2795610 0.0101200 0.0451297 0.2785630 0.2987095 0.0273444 0.0000000 0.2858644 0.1509859 0.0487822 0.4241756 0.0560717 0.0067265 0.0273588 0.0524227 0.3569031 0.2882066 0.2743377 0.2907369 0.1016977 0.2734997 
n266_269   0.2653705 0.2787126 0.2998575 0.3887671 0.1565234 0.2749314 0.2652996 0.2482876 0.2888342 0.2963035 0.2858644 0.0000000 0.3118347 0.2706902 0.4448288 0.2759512 0.2804859 0.2965191 0.2758962 0.4075798 0.2784581 0.1521896 0.0067160 0.2953554 0.2579913 
n200_203   0.1385248 0.2879472 0.3149675 0.4178771 0.3280094 0.1467200 0.1343065 0.2940128 0.2981671 0.1508733 0.1509859 0.3118347 0.0000000 0.1385988 0.4643360 0.1383404 0.1424546 0.1509646 0.1428136 0.4174842 0.2876835 0.3223986 0.3060259 0.1423458 0.2888350 
n297_300   0.0135364 0.2530954 0.2787634 0.3344832 0.2747809 0.0451619 0.0101206 0.2535045 0.2628518 0.0487477 0.0487822 0.2706902 0.1385988 0.0000000 0.4457183 0.0204268 0.0415572 0.0487741 0.0033591 0.3459655 0.2528682 0.2695883 0.2754745 0.0862807 0.2486188 
n244_247   0.4453698 0.4348998 0.4677172 0.2961955 0.4351815 0.4244290 0.4386628 0.4344586 0.4351080 0.4439656 0.4241756 0.4448288 0.4643360 0.4457183 0.0000000 0.4523703 0.4178027 0.4443567 0.4524348 0.3339544 0.4344571 0.4558650 0.4442732 0.4160166 0.4412017 
n293_296   0.0135347 0.2631404 0.2839325 0.3458793 0.2800603 0.0524084 0.0169603 0.2635663 0.2730348 0.0560318 0.0560717 0.2759512 0.1383404 0.0204268 0.4523703 0.0000000 0.0487599 0.0560624 0.0239003 0.3513456 0.2629027 0.2748256 0.2807689 0.0940314 0.2586080 
n290_293   0.0415378 0.2778919 0.3045142 0.3281898 0.2742495 0.0033536 0.0379538 0.2681295 0.2879756 0.0203852 0.0067265 0.2804859 0.1424546 0.0415572 0.4178027 0.0487599 0.0000000 0.0203958 0.0451537 0.3511063 0.2776389 0.2690695 0.2853228 0.0938214 0.2631455 
n295_298   0.0487510 0.2884466 0.3155195 0.3570593 0.2954261 0.0238689 0.0451221 0.2681995 0.2986856 0.0067251 0.0273588 0.2965191 0.1509646 0.0487741 0.4443567 0.0560624 0.0203958 0.0000000 0.0524140 0.3570548 0.2881820 0.2900769 0.3014596 0.1016820 0.2734743 
n298_301   0.0169690 0.2581306 0.2839999 0.3401963 0.2800043 0.0487806 0.0135327 0.2585481 0.2679564 0.0523856 0.0524227 0.2758962 0.1428136 0.0033591 0.4524348 0.0239003 0.0451537 0.0524140 0.0000000 0.3517762 0.2578981 0.2747711 0.2807126 0.0901555 0.2536259 
n251_254   0.3457250 0.4063730 0.4185700 0.0552715 0.3925685 0.3570914 0.3399060 0.3587465 0.4062402 0.3567747 0.3569031 0.4075798 0.4174842 0.3459655 0.3339544 0.3513456 0.3511063 0.3570548 0.3517762 0.0000000 0.4001808 0.4119975 0.4070801 0.3542879 0.3763480 
n292_295   0.2527121 0.0066843 0.0202778 0.3819711 0.2934660 0.2829417 0.2476698 0.0741677 0.0066803 0.2879763 0.2882066 0.2784581 0.2876835 0.2528682 0.4344571 0.2629027 0.2776389 0.2881820 0.2578981 0.4001808 0.0000000 0.2881572 0.2833670 0.2712620 0.0667398 
n286_289   0.2694176 0.2884218 0.3207018 0.3995729 0.0101085 0.2743273 0.2642224 0.2789256 0.2986644 0.2898682 0.2743377 0.1521896 0.3223986 0.2695883 0.4558650 0.2748256 0.2690695 0.2900769 0.2747711 0.4119975 0.2881572 0.0000000 0.1521643 0.2997904 0.2841723 
n265_268   0.2701195 0.2836267 0.3049148 0.3882953 0.1564975 0.2797290 0.2700479 0.2529057 0.2938108 0.3012393 0.2907369 0.0067160 0.3060259 0.2754745 0.4442732 0.2807689 0.2853228 0.3014596 0.2807126 0.4070801 0.2833670 0.1521643 0.0000000 0.3002737 0.2626630 
n236_239   0.0862378 0.2715073 0.2977772 0.3484658 0.3052046 0.0977551 0.0823673 0.2570521 0.2814669 0.1016238 0.1016977 0.2953554 0.1423458 0.0862807 0.4160166 0.0940314 0.0938214 0.1016820 0.0901555 0.3542879 0.2712620 0.2997904 0.3002737 0.0000000 0.2521619 
n278_281   0.2436058 0.0704589 0.0894430 0.3646071 0.2894647 0.2683389 0.2434463 0.0202994 0.0741840 0.2631437 0.2734997 0.2579913 0.2888350 0.2486188 0.4412017 0.2586080 0.2631455 0.2734743 0.2536259 0.3763480 0.0667398 0.2841723 0.2626630 0.2521619 0.0000000 
