26
n289_290   0.0000000 0.0552706 0.0341166 0.3628133 0.3216641 0.0589379 0.0134425 0.3268799 0.4021492 0.0516920 0.3744652 0.0236927 0.3370643 0.3741173 0.3213239 0.0134440 0.1550861 0.3162334 0.0553112 0.0883521 0.3322998 0.3409840 0.0588616 0.3965212 0.3216893 0.3516051 
n294_295   0.0552706 0.0000000 0.0589835 0.3415875 0.3425384 0.0237068 0.0481301 0.3479014 0.3960134 0.0033383 0.3528812 0.0481804 0.3583638 0.3736863 0.3313787 0.0446199 0.1511396 0.3262248 0.0202637 0.0772531 0.3483716 0.3306241 0.0168385 0.3904359 0.3425649 0.3410980 
n295_296   0.0341166 0.0589835 0.0000000 0.3476397 0.3321077 0.0626804 0.0271656 0.3373975 0.4084699 0.0553802 0.3590566 0.0100684 0.3477216 0.3800376 0.3376775 0.0202844 0.1593470 0.3429282 0.0590270 0.0923009 0.3429007 0.3262157 0.0625992 0.4027888 0.3321336 0.3366491 
n266_267   0.3628133 0.3415875 0.3476397 0.0000000 0.3069930 0.3258827 0.3414006 0.3121146 0.4389108 0.3363070 0.0412477 0.3418151 0.3221220 0.4257138 0.3011815 0.3469225 0.3107356 0.3061805 0.3364885 0.3306436 0.3073096 0.1157146 0.3418244 0.4451511 0.3070173 0.1195978 
n299_300   0.3216641 0.3425384 0.3321077 0.3069930 0.0000000 0.3321361 0.3269457 0.0168663 0.4209418 0.3372401 0.3177635 0.3268552 0.0168583 0.3700887 0.0554455 0.3166905 0.2919009 0.0518614 0.3428604 0.3263805 0.0202954 0.2966219 0.3427766 0.4331404 0.0134612 0.3066693 
n298_299   0.0589379 0.0237068 0.0626804 0.3258827 0.3321361 0.0000000 0.0517535 0.3374268 0.3795687 0.0202731 0.3369172 0.0518077 0.3477528 0.3741344 0.3264403 0.0482245 0.1511541 0.3213161 0.0100717 0.0809999 0.3378795 0.3204148 0.0271544 0.3741065 0.3321620 0.3307498 
n290_291   0.0134425 0.0481301 0.0271656 0.3414006 0.3269457 0.0517535 0.0000000 0.3321999 0.3961194 0.0445861 0.3634129 0.0168452 0.3424568 0.3630801 0.3265972 0.0066913 0.1469058 0.3214703 0.0481653 0.0808791 0.3376629 0.3304499 0.0516869 0.3905397 0.3269713 0.3409181 
n274_275   0.3268799 0.3479014 0.3373975 0.3121146 0.0168663 0.3374268 0.3321999 0.0000000 0.4269004 0.3425647 0.3229676 0.3321070 0.0202793 0.3867334 0.0590616 0.3218732 0.2969189 0.0554598 0.3482299 0.3213405 0.0168806 0.3016678 0.3481441 0.4331037 0.0067013 0.3117839 
n251_252   0.4021492 0.3960134 0.4084699 0.4389108 0.4209418 0.3795687 0.3961194 0.4269004 0.0000000 0.3903370 0.4578647 0.3908135 0.4265575 0.3105691 0.4028376 0.3962415 0.4251325 0.3971737 0.3852323 0.4122166 0.4214070 0.4027898 0.3850194 0.0411062 0.4209726 0.4203469 
n293_294   0.0516920 0.0033383 0.0553802 0.3363070 0.3372401 0.0202731 0.0445861 0.3425647 0.3903370 0.0000000 0.3475120 0.0446326 0.3529546 0.3738364 0.3261680 0.0410901 0.1510374 0.3210495 0.0168476 0.0735605 0.3430259 0.3254275 0.0134400 0.3848016 0.3372663 0.3358277 
n265_266   0.3744652 0.3528812 0.3590566 0.0412477 0.3177635 0.3369172 0.3634129 0.3229676 0.4578647 0.3475120 0.0000000 0.3531198 0.3331313 0.4328104 0.3118379 0.3583077 0.3162255 0.3169151 0.3477021 0.3468444 0.3180939 0.1197993 0.3531279 0.4642774 0.3177885 0.1237077 
n296_297   0.0236927 0.0481804 0.0100684 0.3418151 0.3268552 0.0518077 0.0168452 0.3321070 0.3908135 0.0446326 0.3531198 0.0000000 0.3423593 0.3687280 0.3319360 0.0100632 0.1468955 0.3267718 0.0482156 0.0809648 0.3375675 0.3205872 0.0517411 0.3852691 0.3268807 0.3309289 
n300_301   0.3370643 0.3583638 0.3477216 0.3221220 0.0168583 0.3477528 0.3424568 0.0202793 0.4265575 0.3529546 0.3331313 0.3423593 0.0000000 0.3977465 0.0662803 0.3319952 0.3067313 0.0626467 0.3587052 0.3418563 0.0237247 0.3015117 0.3586152 0.4388443 0.0168594 0.3116222 
n244_245   0.3741173 0.3736863 0.3800376 0.4257138 0.3700887 0.3741344 0.3630801 0.3867334 0.3105691 0.3738364 0.4328104 0.3687280 0.3977465 0.0000000 0.3583409 0.3631463 0.3629784 0.3585922 0.3797574 0.3730989 0.3926468 0.4084116 0.3686240 0.3154263 0.3811095 0.4026370 
n278_279   0.3213239 0.3313787 0.3376775 0.3011815 0.0554455 0.3264403 0.3265972 0.0590616 0.4028376 0.3261680 0.3118379 0.3319360 0.0662803 0.3583409 0.0000000 0.3217103 0.2768002 0.0033419 0.3370653 0.3207444 0.0627164 0.2861674 0.3369839 0.4147171 0.0554502 0.2909987 
n287_288   0.0134440 0.0446199 0.0202844 0.3469225 0.3166905 0.0482245 0.0066913 0.3218732 0.3962415 0.0410901 0.3583077 0.0100632 0.3319952 0.3631463 0.3217103 0.0000000 0.1429681 0.3166127 0.0446524 0.0772316 0.3272558 0.3255554 0.0481627 0.3906597 0.3167154 0.3359617 
n200_201   0.1550861 0.1511396 0.1593470 0.3107356 0.2919009 0.1511541 0.1469058 0.2969189 0.4251325 0.1510374 0.3162255 0.1468955 0.3067313 0.3629784 0.2768002 0.1429681 0.0000000 0.2719919 0.1552605 0.1426860 0.3021162 0.3104691 0.1552337 0.4193347 0.2919241 0.3105427 
n277_278   0.3162334 0.3262248 0.3429282 0.3061805 0.0518614 0.3213161 0.3214703 0.0554598 0.3971737 0.3210495 0.3169151 0.3267718 0.0626467 0.3585922 0.0033419 0.3166127 0.2719919 0.0000000 0.3318674 0.3156657 0.0590957 0.2910661 0.3317878 0.4089619 0.0518658 0.2959276 
n297_298   0.0553112 0.0202637 0.0590270 0.3364885 0.3428604 0.0100717 0.0481653 0.3482299 0.3852323 0.0168476 0.3477021 0.0482156 0.3587052 0.3797574 0.3370653 0.0446524 0.1552605 0.3318674 0.0000000 0.0847349 0.3487011 0.3309307 0.0236940 0.3797282 0.3428870 0.3414171 
n236_237   0.0883521 0.0772531 0.0923009 0.3306436 0.3263805 0.0809999 0.0808791 0.3213405 0.4122166 0.0735605 0.3468444 0.0809648 0.3418563 0.3730989 0.3207444 0.0772316 0.1426860 0.3156657 0.0847349 0.0000000 0.3370728 0.3144745 0.0809570 0.4007278 0.3264060 0.3247044 
n280_281   0.3322998 0.3483716 0.3429007 0.3073096 0.0202954 0.3378795 0.3376629 0.0168806 0.4214070 0.3430259 0.3180939 0.3375675 0.0237247 0.3926468 0.0627164 0.3272558 0.3021162 0.0590957 0.3487011 0.3370728 0.0000000 0.2969257 0.3486149 0.4336231 0.0134726 0.3069852 
n285_286   0.3409840 0.3306241 0.3262157 0.1157146 0.2966219 0.3204148 0.3304499 0.3016678 0.4027898 0.3254275 0.1197993 0.3205872 0.3015117 0.4084116 0.2861674 0.3255554 0.3104691 0.2910661 0.3309307 0.3144745 0.2969257 0.0000000 0.3308516 0.4087157 0.2966455 0.0100725 
n275_276   0.0588616 0.0168385 0.0625992 0.3418244 0.3427766 0.0271544 0.0516869 0.3481441 0.3850194 0.0134400 0.3531279 0.0517411 0.3586152 0.3686240 0.3369839 0.0481627 0.1552337 0.3317878 0.0236940 0.0809570 0.3486149 0.3308516 0.0000000 0.3795201 0.3428032 0.3413342 
n255_256   0.3965212 0.3904359 0.4027888 0.4451511 0.4331404 0.3741065 0.3905397 0.4331037 0.0411062 0.3848016 0.4642774 0.3852691 0.4388443 0.3154263 0.4147171 0.3906597 0.4193347 0.4089619 0.3797282 0.4007278 0.4336231 0.4087157 0.3795201 0.0000000 0.4331718 0.4264201 
n292_293   0.3216893 0.3425649 0.3321336 0.3070173 0.0134612 0.3321620 0.3269713 0.0067013 0.4209726 0.3372663 0.3177885 0.3268807 0.0168594 0.3811095 0.0554502 0.3167154 0.2919241 0.0518658 0.3428870 0.3264060 0.0134726 0.2966455 0.3428032 0.4331718 0.0000000 0.3066935 
n286_287   0.3516051 0.3410980 0.3366491 0.1195978 0.3066693 0.3307498 0.3409181 0.3117839 0.4203469 0.3358277 0.1237077 0.3309289 0.3116222 0.4026370 0.2909987 0.3359617 0.3105427 0.2959276 0.3414171 0.3247044 0.3069852 0.0100725 0.3413342 0.4264201 0.3066935 0.0000000 
