26
n277_278   0.0000000 1.7590529 1.7912608 1.6649422 1.7374187 0.4570913 9.0000000 1.7628699 0.1053168 0.4697292 1.5356332 1.4320559 1.7333619 1.6053749 1.8890178 0.4770468 0.4237631 1.7592999 1.7038300 2.5134050 1.6514708 1.6070758 1.5605897 7.2186881 1.6014102 0.4772774 
n286_287   1.7590529 0.0000000 1.7472341 0.0558370 1.8510234 1.8577877 3.4905406 2.6621662 1.6818392 1.9126328 2.2977406 2.0258596 1.9688263 2.0635775 1.9795561 1.8699095 1.7337207 1.7512866 1.8129482 2.6806494 1.0789708 1.0784740 2.1176306 3.2986114 2.1595368 1.8749418 
n296_297   1.7912608 1.7472341 0.0000000 1.8085866 0.1321701 2.0309910 2.7216446 0.3636444 1.7159346 2.2151807 0.6809407 0.3535493 0.1280322 0.3033382 1.0932425 2.2276914 2.1786546 0.0168225 0.1487355 3.7890263 1.6532536 1.8256675 0.3256891 1.9094682 0.3247087 2.2743425 
n285_286   1.6649422 0.0558370 1.8085866 0.0000000 1.9581695 1.8298232 3.2411761 2.6469481 1.6242195 1.7695648 2.3646079 2.0658466 2.0900644 2.2017961 1.7223958 1.8032653 1.6757127 1.8129398 1.9159309 2.5358255 1.0199318 1.0494692 2.1610107 3.3128437 2.3119305 1.8425305 
n289_290   1.7374187 1.8510234 0.1321701 1.9581695 0.0000000 2.1513041 2.7970851 0.3820811 1.7631945 2.1880369 0.6214375 0.3654654 0.0271130 0.3037410 1.1401626 2.3203619 2.3169376 0.1364022 0.0447041 2.8295164 1.8626290 2.2294739 0.3426145 1.9843062 0.3251460 2.2517568 
n274_275   0.4570913 1.8577877 2.0309910 1.8298232 2.1513041 0.0000000 3.2701843 2.0126867 0.4762355 0.1898346 1.9568010 1.7415792 2.0425490 1.8852358 1.7779692 0.1808556 0.1546746 2.1320007 2.0052341 2.8134166 1.8606373 1.5283507 1.8839366 4.9503000 1.9183006 0.1765701 
n255_256   9.0000000 3.4905406 2.7216446 3.2411761 2.7970851 3.2701843 0.0000000 3.0508102 9.0000000 6.2355445 2.2436614 3.0603619 2.6940758 2.8498126 2.9940573 6.4901531 5.5106742 3.1444742 2.7963531 1.7601710 3.4063962 2.9585675 2.9838548 0.3184386 2.7628533 9.0000000 
n275_276   1.7628699 2.6621662 0.3636444 2.6469481 0.3820811 2.0126867 3.0508102 0.0000000 1.7174323 2.0468764 0.6037835 0.1705625 0.3642338 0.1448004 0.9409689 2.2064782 2.2081902 0.3467496 0.3883689 2.7883389 1.7767421 2.0370766 0.1534849 2.3537529 0.1616458 2.1977255 
n278_279   0.1053168 1.6818392 1.7159346 1.6242195 1.7631945 0.4762355 9.0000000 1.7174323 0.0000000 0.4897710 1.4256334 1.3775326 1.7590396 1.5935481 2.1183262 0.4902863 0.4360718 1.6864997 1.6975426 2.7395803 1.7419278 1.6091999 1.4972538 9.0000000 1.5891750 0.4904020 
n299_300   0.4697292 1.9126328 2.2151807 1.7695648 2.1880369 0.1898346 6.2355445 2.0468764 0.4897710 0.0000000 1.8204708 1.6712731 2.1258252 1.9590377 2.2563462 0.0451377 0.0975499 2.2804401 2.0783389 2.4076866 2.0122777 1.6619703 1.8055008 9.0000000 1.9942720 0.0309178 
n236_237   1.5356332 2.2977406 0.6809407 2.3646079 0.6214375 1.9568010 2.2436614 0.6037835 1.4256334 1.8204708 0.0000000 0.6820957 0.5955363 0.5952186 1.1488104 1.8023063 1.6721513 0.6637738 0.6297255 3.0589240 2.2659956 2.3370810 0.6215406 1.8709144 0.6364249 1.7590353 
n293_294   1.4320559 2.0258596 0.3535493 2.0658466 0.3654654 1.7415792 3.0603619 0.1705625 1.3775326 1.6712731 0.6820957 0.0000000 0.3593546 0.1246282 0.9526792 1.7393364 1.7426323 0.3422045 0.3774875 2.4199804 1.8029733 1.8255575 0.0448141 2.4501794 0.1409950 1.7695556 
n290_291   1.7333619 1.9688263 0.1280322 2.0900644 0.0271130 2.0425490 2.6940758 0.3642338 1.7590396 2.1258252 0.5955363 0.3593546 0.0000000 0.3037379 1.1211537 2.2491274 2.2458668 0.1404940 0.0376020 2.9147872 1.8926567 2.2732978 0.3367175 1.9006713 0.3251452 2.1853592 
n297_298   1.6053749 2.0635775 0.3033382 2.2017961 0.3037410 1.8852358 2.8498126 0.1448004 1.5935481 1.9590377 0.5952186 0.1246282 0.3037379 0.0000000 0.9378182 2.0131070 2.0097524 0.2981756 0.3095568 2.2447685 1.8048283 1.7964481 0.1086190 2.0030422 0.0202635 1.9250343 
n200_201   1.8890178 1.9795561 1.0932425 1.7223958 1.1401626 1.7779692 2.9940573 0.9409689 2.1183262 2.2563462 1.1488104 0.9526792 1.1211537 0.9378182 0.0000000 2.0720560 1.7910041 1.1257988 1.0951276 2.7901466 1.5324260 1.4417685 0.9561464 4.9031580 0.9636394 2.3937254 
n292_293   0.4770468 1.8699095 2.2276914 1.8032653 2.3203619 0.1808556 6.4901531 2.2064782 0.4902863 0.0451377 1.8023063 1.7393364 2.2491274 2.0131070 2.0720560 0.0000000 0.0898278 2.2940673 2.1449636 2.3578226 1.8521375 1.5461048 1.9268567 9.0000000 2.1450891 0.0344505 
n280_281   0.4237631 1.7337207 2.1786546 1.6757127 2.3169376 0.1546746 5.5106742 2.2081902 0.4360718 0.0975499 1.6721513 1.7426323 2.2458668 2.0097524 1.7910041 0.0898278 0.0000000 2.2419571 2.0950153 2.4798782 1.6915376 1.4309778 1.8134164 9.0000000 2.1414258 0.0898775 
n295_296   1.7592999 1.7512866 0.0168225 1.8129398 0.1364022 2.1320007 3.1444742 0.3467496 1.6864997 2.2804401 0.6637738 0.3422045 0.1404940 0.2981756 1.1257988 2.2940673 2.2419571 0.0000000 0.1616434 4.0253181 1.6901103 1.8706640 0.3203459 1.9951507 0.3193860 2.3438615 
n287_288   1.7038300 1.8129482 0.1487355 1.9159309 0.0447041 2.0052341 2.7963531 0.3883689 1.6975426 2.0783389 0.6297255 0.3774875 0.0376020 0.3095568 1.0951276 2.1449636 2.0950153 0.1616434 0.0000000 2.8495734 1.7901586 2.1251339 0.3430686 2.0875908 0.3311822 2.1349045 
n244_245   2.5134050 2.6806494 3.7890263 2.5358255 2.8295164 2.8134166 1.7601710 2.7883389 2.7395803 2.4076866 3.0589240 2.4199804 2.9147872 2.2447685 2.7901466 2.3578226 2.4798782 4.0253181 2.8495734 0.0000000 2.6757131 2.8898946 2.7390543 1.9867052 2.2447676 2.2320647 
n265_266   1.6514708 1.0789708 1.6532536 1.0199318 1.8626290 1.8606373 3.4063962 1.7767421 1.7419278 2.0122777 2.2659956 1.8029733 1.8926567 1.8048283 1.5324260 1.8521375 1.6915376 1.6901103 1.7901586 2.6757131 0.0000000 0.1852564 1.7439647 2.7633760 1.9117673 1.8929547 
n266_267   1.6070758 1.0784740 1.8256675 1.0494692 2.2294739 1.5283507 2.9585675 2.0370766 1.6091999 1.6619703 2.3370810 1.8255575 2.2732978 1.7964481 1.4417685 1.5461048 1.4309778 1.8706640 2.1251339 2.8898946 0.1852564 0.0000000 1.8006743 2.4044418 1.8688801 1.6071798 
n294_295   1.5605897 2.1176306 0.3256891 2.1610107 0.3426145 1.8839366 2.9838548 0.1534849 1.4972538 1.8055008 0.6215406 0.0448141 0.3367175 0.1086190 0.9561464 1.9268567 1.8134164 0.3203459 0.3430686 2.7390543 1.7439647 1.8006743 0.0000000 2.1167418 0.1245820 1.9203549 
n251_252   7.2186881 3.2986114 1.9094682 3.3128437 1.9843062 4.9503000 0.3184386 2.3537529 9.0000000 9.0000000 1.8709144 2.4501794 1.9006713 2.0030422 4.9031580 9.0000000 9.0000000 1.9951507 2.0875908 1.9867052 2.7633760 2.4044418 2.1167418 0.0000000 2.0020854 9.0000000 
n298_299   1.6014102 2.1595368 0.3247087 2.3119305 0.3251460 1.9183006 2.7628533 0.1616458 1.5891750 1.9942720 0.6364249 0.1409950 0.3251452 0.0202635 0.9636394 2.1450891 2.1414258 0.3193860 0.3311822 2.2447676 1.9117673 1.8688801 0.1245820 2.0020854 0.0000000 2.0450023 
n300_301   0.4772774 1.8749418 2.2743425 1.8425305 2.2517568 0.1765701 9.0000000 2.1977255 0.4904020 0.0309178 1.7590353 1.7695556 2.1853592 1.9250343 2.3937254 0.0344505 0.0898775 2.3438615 2.1349045 2.2320647 1.8929547 1.6071798 1.9203549 9.0000000 2.0450023 0.0000000 
