16
n244_231   0.0000000 0.4090445 0.4131305 0.3505822 0.4066533 0.4239146 0.3992127 0.4234119 0.3441831 0.4152894 0.4047890 0.4155018 0.4169735 0.4143880 0.4103234 0.3911379 
n290_261   0.4090445 0.0000000 0.2489055 0.4254484 0.2439119 0.0377353 0.2338421 0.0306883 0.4059643 0.0066834 0.2333641 0.0033326 0.0341996 0.0100462 0.0976510 0.1262629 
n285_256   0.4131305 0.2489055 0.0000000 0.4073132 0.0033554 0.2393070 0.1270610 0.2293528 0.3933207 0.2589495 0.1186793 0.2488070 0.2342372 0.2584288 0.2607253 0.2456672 
n251_238   0.3505822 0.4254484 0.4073132 0.0000000 0.4009311 0.4344468 0.3926838 0.4339273 0.0341777 0.4257006 0.4056115 0.4320445 0.4274056 0.4247745 0.4259702 0.4033878 
n286_257   0.4066533 0.2439119 0.0033554 0.4009311 0.0000000 0.2343812 0.1229170 0.2245049 0.3870770 0.2538791 0.1145947 0.2438155 0.2293528 0.2533696 0.2556160 0.2406733 
n275_252   0.4239146 0.0377353 0.2393070 0.4344468 0.2343812 0.0000000 0.2388765 0.0168712 0.4146438 0.0448508 0.2433895 0.0412825 0.0134629 0.0484090 0.1177605 0.1474521 
n265_246   0.3992127 0.2338421 0.1270610 0.3926838 0.1229170 0.2388765 0.0000000 0.2289433 0.3790522 0.2436480 0.0239024 0.2337499 0.2338176 0.2431614 0.2445601 0.2301157 
n293_262   0.4234119 0.0306883 0.2293528 0.4339273 0.2245049 0.0168712 0.2289433 0.0000000 0.4141577 0.0377193 0.2333981 0.0341939 0.0100691 0.0412394 0.1176594 0.1430132 
n255_240   0.3441831 0.4059643 0.3933207 0.0341777 0.3870770 0.4146438 0.3790522 0.4141577 0.0000000 0.4188249 0.3916949 0.4123748 0.4078182 0.4179165 0.4119955 0.3904640 
n296_265   0.4152894 0.0066834 0.2589495 0.4257006 0.2538791 0.0448508 0.2436480 0.0377193 0.4188249 0.0000000 0.2431459 0.0100524 0.0412717 0.0033300 0.1055285 0.1345405 
n266_247   0.4047890 0.2333641 0.1186793 0.4056115 0.1145947 0.2433895 0.0239024 0.2333981 0.3916949 0.2431459 0.0000000 0.2332723 0.2382993 0.2426613 0.2440545 0.2296451 
n289_260   0.4155018 0.0033326 0.2488070 0.4320445 0.2438155 0.0412825 0.2337499 0.0341939 0.4123748 0.0100524 0.2332723 0.0000000 0.0377257 0.0134317 0.1015780 0.1303892 
n298_267   0.4169735 0.0341996 0.2342372 0.4274056 0.2293528 0.0134629 0.2338176 0.0100691 0.4078182 0.0412717 0.2382993 0.0377257 0.0000000 0.0448105 0.1136542 0.1431146 
n295_264   0.4143880 0.0100462 0.2584288 0.4247745 0.2533696 0.0484090 0.2431614 0.0412394 0.4179165 0.0033300 0.2426613 0.0134317 0.0448105 0.0000000 0.1053299 0.1342835 
n236_223   0.4103234 0.0976510 0.2607253 0.4259702 0.2556160 0.1177605 0.2445601 0.1176594 0.4119955 0.1055285 0.2440545 0.1015780 0.1136542 0.1053299 0.0000000 0.1348602 
n200_195   0.3911379 0.1262629 0.2456672 0.4033878 0.2406733 0.1474521 0.2301157 0.1430132 0.3904640 0.1345405 0.2296451 0.1303892 0.1431146 0.1342835 0.1348602 0.0000000 
