24
n289_290   0.0000000 0.0376921 0.0203017 0.3184860 0.3014032 0.0307425 0.0067039 0.2852753 0.4329639 0.3285473 0.0237360 0.4432670 0.2972268 0.0100832 0.1789720 0.2974274 0.0307093 0.0851856 0.2909503 0.2671504 0.0377216 0.4213100 0.3121428 0.2719473 
n294_295   0.0376921 0.0000000 0.0377118 0.3183266 0.3117331 0.0203494 0.0377254 0.2953490 0.4260823 0.3232436 0.0412303 0.4500055 0.2967096 0.0341985 0.1833824 0.2969096 0.0203274 0.0852512 0.3011235 0.2721872 0.0272375 0.4145444 0.3226403 0.2770181 
n295_296   0.0203017 0.0377118 0.0000000 0.3031315 0.2965474 0.0307585 0.0203196 0.2805244 0.4391825 0.3130080 0.0033440 0.4562624 0.2923401 0.0168857 0.1747622 0.2925366 0.0307253 0.0852330 0.2911533 0.2528424 0.0377414 0.4274329 0.3072190 0.2575543 
n266_267   0.3184860 0.3183266 0.3031315 0.0000000 0.2768360 0.3085023 0.3080871 0.2663791 0.4268759 0.0203154 0.3082178 0.4781457 0.2571725 0.3134388 0.3134334 0.2573398 0.3081346 0.2823155 0.2712631 0.1492613 0.3186323 0.4403704 0.2770793 0.1450832 
n299_300   0.3014032 0.3117331 0.2965474 0.2768360 0.0000000 0.3020147 0.3016985 0.0202559 0.3602310 0.2863685 0.3015722 0.4359546 0.0593325 0.2964798 0.3174215 0.0666521 0.3016563 0.2758007 0.0134261 0.2141269 0.3070037 0.3841830 0.0100448 0.2185848 
n298_299   0.0307425 0.0203494 0.0307585 0.3085023 0.3020147 0.0000000 0.0307696 0.2858468 0.4527489 0.3133675 0.0342504 0.4639570 0.2821881 0.0272736 0.1664010 0.2926454 0.0067198 0.0778848 0.2915363 0.2629022 0.0203651 0.4407782 0.3127810 0.2676815 
n290_291   0.0067039 0.0377254 0.0203196 0.3080871 0.3016985 0.0307696 0.0000000 0.2855529 0.4334024 0.3235565 0.0237569 0.4503675 0.2975184 0.0100920 0.1748190 0.2977194 0.0307364 0.0852629 0.2912344 0.2625182 0.0377549 0.4217360 0.3124498 0.2672896 
n274_275   0.2852753 0.2953490 0.2805244 0.2663791 0.0202559 0.2858468 0.2855529 0.0000000 0.3483821 0.2757695 0.2854298 0.4351775 0.0593159 0.2804635 0.3008769 0.0666334 0.2855098 0.2603009 0.0271148 0.2046691 0.2907187 0.3718744 0.0306267 0.2090637 
n251_252   0.4329639 0.4260823 0.4391825 0.4268759 0.3602310 0.4527489 0.4334024 0.3483821 0.0000000 0.4384439 0.4452793 0.3578608 0.3663000 0.4271314 0.4388449 0.3665641 0.4461437 0.4321080 0.3431646 0.3668405 0.4399106 0.0483561 0.3774538 0.3611526 
n265_266   0.3285473 0.3232436 0.3130080 0.0203154 0.2863685 0.3133675 0.3235565 0.2757695 0.4384439 0.0000000 0.3181562 0.4910780 0.2713375 0.3234412 0.3182166 0.2715160 0.3129939 0.2922881 0.2807117 0.1532158 0.3235547 0.4521571 0.2866214 0.1490187 
n296_297   0.0237360 0.0412303 0.0033440 0.3082178 0.3015722 0.0342504 0.0237569 0.2854298 0.4452793 0.3181562 0.0000000 0.4624833 0.2973478 0.0203060 0.1790262 0.2975487 0.0342134 0.0889911 0.2961375 0.2528982 0.0412626 0.4334392 0.3123217 0.2576113 
n244_245   0.4432670 0.4500055 0.4562624 0.4781457 0.4359546 0.4639570 0.4503675 0.4351775 0.3578608 0.4910780 0.4624833 0.0000000 0.4820278 0.4439689 0.4894647 0.4752219 0.4572633 0.4444356 0.4353564 0.4502427 0.4570247 0.3420121 0.4362512 0.4563545 
n278_279   0.2972268 0.2967096 0.2923401 0.2571725 0.0593325 0.2821881 0.2975184 0.0593159 0.3663000 0.2713375 0.2973478 0.4820278 0.0000000 0.2923177 0.2971209 0.0135080 0.2818545 0.2765545 0.0628847 0.2242352 0.2973836 0.3904827 0.0703884 0.2287693 
n287_288   0.0100832 0.0341985 0.0168857 0.3134388 0.2964798 0.0272736 0.0100920 0.2804635 0.4271314 0.3234412 0.0203060 0.4439689 0.2923177 0.0000000 0.1747579 0.2925142 0.0272442 0.0814669 0.2860947 0.2624253 0.0342252 0.4155581 0.3071468 0.2671950 
n200_201   0.1789720 0.1833824 0.1747622 0.3134334 0.3174215 0.1664010 0.1748190 0.3008769 0.4388449 0.3182166 0.1790262 0.4894647 0.2971209 0.1747579 0.0000000 0.3078089 0.1662107 0.1654392 0.3114606 0.2679267 0.1835435 0.4534077 0.3284342 0.2727408 
n277_278   0.2974274 0.2969096 0.2925366 0.2573398 0.0666521 0.2926454 0.2977194 0.0666334 0.3665641 0.2715160 0.2975487 0.4752219 0.0135080 0.2925142 0.3078089 0.0000000 0.2922982 0.2767375 0.0702307 0.2243770 0.2975845 0.3907719 0.0778287 0.2289145 
n297_298   0.0307093 0.0203274 0.0307253 0.3081346 0.3016563 0.0067198 0.0307364 0.2855098 0.4461437 0.3129939 0.0342134 0.4572633 0.2818545 0.0272442 0.1662107 0.2922982 0.0000000 0.0777985 0.2911914 0.2625926 0.0203432 0.4342774 0.3124084 0.2673659 
n236_237   0.0851856 0.0852512 0.0852330 0.2823155 0.2758007 0.0778848 0.0852629 0.2603009 0.4321080 0.2922881 0.0889911 0.4444356 0.2765545 0.0814669 0.1654392 0.2767375 0.0777985 0.0000000 0.2657322 0.2476424 0.0853208 0.4333521 0.2861303 0.2523165 
n280_281   0.2909503 0.3011235 0.2911533 0.2712631 0.0134261 0.2915363 0.2912344 0.0271148 0.3431646 0.2807117 0.2961375 0.4353564 0.0628847 0.2860947 0.3114606 0.0702307 0.2911914 0.2657322 0.0000000 0.2137993 0.2964540 0.3664907 0.0236820 0.2182495 
n285_286   0.2671504 0.2721872 0.2528424 0.1492613 0.2141269 0.2629022 0.2625182 0.2046691 0.3668405 0.1532158 0.2528982 0.4502427 0.2242352 0.2624253 0.2679267 0.2243770 0.2625926 0.2476424 0.2137993 0.0000000 0.2724411 0.3739300 0.2143078 0.0101030 
n275_276   0.0377216 0.0272375 0.0377414 0.3186323 0.3070037 0.0203651 0.0377549 0.2907187 0.4399106 0.3235547 0.0412626 0.4570247 0.2973836 0.0342252 0.1835435 0.2975845 0.0203432 0.0853208 0.2964540 0.2724411 0.0000000 0.4281369 0.3178466 0.2772773 
n255_256   0.4213100 0.4145444 0.4274329 0.4403704 0.3841830 0.4407782 0.4217360 0.3718744 0.0483561 0.4521571 0.4334392 0.3420121 0.3904827 0.4155581 0.4534077 0.3907719 0.4342774 0.4333521 0.3664907 0.3739300 0.4281369 0.0000000 0.4020439 0.3681719 
n292_293   0.3121428 0.3226403 0.3072190 0.2770793 0.0100448 0.3127810 0.3124498 0.0306267 0.3774538 0.2866214 0.3123217 0.4362512 0.0703884 0.3071468 0.3284342 0.0778287 0.3124084 0.2861303 0.0236820 0.2143078 0.3178466 0.4020439 0.0000000 0.2187698 
n286_287   0.2719473 0.2770181 0.2575543 0.1450832 0.2185848 0.2676815 0.2672896 0.2090637 0.3611526 0.1490187 0.2576113 0.4563545 0.2287693 0.2671950 0.2727408 0.2289145 0.2673659 0.2523165 0.2182495 0.0101030 0.2772773 0.3681719 0.2187698 0.0000000 
