22
n289_290   0.0000000 0.0595409 0.0134846 0.3046854 0.3695319 0.0558991 0.0100810 0.3877800 0.4114327 0.0632349 0.2938948 0.3755875 0.4642557 0.3754150 0.0033408 0.1864563 0.3752215 0.0897292 0.3816139 0.2834485 0.0485936 0.4177573 
n294_295   0.0595409 0.0000000 0.0558600 0.3274379 0.3825229 0.0238127 0.0632276 0.4011603 0.4050292 0.0100915 0.3162522 0.3887080 0.4511761 0.3821996 0.0558635 0.1912692 0.3759901 0.0898102 0.3948588 0.3055260 0.0169026 0.4112927 
n295_296   0.0134846 0.0558600 0.0000000 0.3102426 0.3695522 0.0522391 0.0169020 0.3878052 0.4111909 0.0595308 0.2993571 0.3756094 0.4572984 0.3633523 0.0100835 0.1818804 0.3631662 0.0897234 0.3816374 0.2888218 0.0449806 0.4175123 
n266_267   0.3046854 0.3274379 0.3102426 0.0000000 0.3227347 0.3052022 0.3102879 0.3397074 0.3857148 0.3331228 0.0273143 0.3283661 0.4178906 0.3515019 0.3047325 0.3003159 0.3455869 0.2780697 0.3396207 0.1094481 0.3216219 0.3918704 
n299_300   0.3695319 0.3825229 0.3695522 0.3227347 0.0000000 0.3641886 0.3696087 0.0134881 0.4052293 0.3823461 0.3008492 0.0033446 0.3996090 0.0595926 0.3634817 0.3471094 0.0559070 0.3286549 0.0203540 0.2483598 0.3761506 0.4253710 
n298_299   0.0558991 0.0238127 0.0522391 0.3052022 0.3641886 0.0000000 0.0595656 0.3823170 0.4053587 0.0272936 0.2943871 0.3702042 0.4512162 0.3638904 0.0522424 0.1732240 0.3578514 0.0821662 0.3761927 0.2840035 0.0203416 0.4116299 
n290_291   0.0100810 0.0632276 0.0169020 0.3102879 0.3696087 0.0595656 0.0000000 0.3878653 0.4178014 0.0669440 0.2994005 0.3756671 0.4643820 0.3754944 0.0067009 0.1864756 0.3753009 0.0936017 0.3816963 0.2833382 0.0522145 0.4241876 
n274_275   0.3877800 0.4011603 0.3878052 0.3397074 0.0134881 0.3823170 0.3878653 0.0000000 0.4244018 0.4009737 0.3172724 0.0169079 0.4056976 0.0670159 0.3815633 0.3647996 0.0595961 0.3458063 0.0272987 0.2634808 0.3946032 0.4451585 
n251_252   0.4114327 0.4050292 0.4111909 0.3857148 0.4052293 0.4053587 0.4178014 0.4244018 0.0000000 0.4118317 0.3732691 0.4115933 0.3269958 0.4114884 0.4112271 0.3749312 0.4112731 0.3861973 0.3984190 0.3615093 0.4177341 0.0485601 
n293_294   0.0632349 0.0100915 0.0595308 0.3331228 0.3823461 0.0272936 0.0669440 0.4009737 0.4118317 0.0000000 0.3218400 0.3885279 0.4512344 0.3820230 0.0595346 0.1958704 0.3758169 0.0936971 0.3946755 0.3110239 0.0203415 0.4181651 
n265_266   0.2938948 0.3162522 0.2993571 0.0273143 0.3008492 0.2943871 0.2994005 0.3172724 0.3732691 0.3218400 0.0000000 0.3062977 0.3986970 0.3285263 0.2939400 0.2895677 0.3228149 0.2626586 0.3171954 0.0975706 0.3105384 0.3793022 
n300_301   0.3755875 0.3887080 0.3756094 0.3283661 0.0033446 0.3702042 0.3756671 0.0169079 0.4115933 0.3885279 0.3062977 0.0000000 0.4059317 0.0559136 0.3694819 0.3529791 0.0522513 0.3343455 0.0238142 0.2533753 0.3822742 0.4319396 
n244_245   0.4642557 0.4511761 0.4572984 0.4178906 0.3996090 0.4512162 0.4643820 0.4056976 0.3269958 0.4512344 0.3986970 0.4059317 0.0000000 0.3935052 0.4573283 0.4317716 0.3993832 0.4239217 0.3933588 0.3560418 0.4580807 0.3561901 
n278_279   0.3754150 0.3821996 0.3633523 0.3515019 0.0595926 0.3638904 0.3754944 0.0670159 0.4114884 0.3820230 0.3285263 0.0559136 0.3935052 0.0000000 0.3693149 0.3527081 0.0100795 0.3340378 0.0745465 0.2633611 0.3758363 0.4318202 
n287_288   0.0033408 0.0558635 0.0100835 0.3047325 0.3634817 0.0522424 0.0067009 0.3815633 0.4112271 0.0595346 0.2939400 0.3694819 0.4573283 0.3693149 0.0000000 0.1819122 0.3691253 0.0858620 0.3754552 0.2834918 0.0449834 0.4175479 
n200_201   0.1864563 0.1912692 0.1818804 0.3003159 0.3471094 0.1732240 0.1864756 0.3647996 0.3749312 0.1958704 0.2895677 0.3529791 0.4317716 0.3527081 0.1819122 0.0000000 0.3467625 0.1818429 0.3647007 0.2741365 0.1866003 0.3934073 
n277_278   0.3752215 0.3759901 0.3631662 0.3455869 0.0559070 0.3578514 0.3753009 0.0595961 0.4112731 0.3758169 0.3228149 0.0522513 0.3993832 0.0100795 0.3691253 0.3467625 0.0000000 0.3282777 0.0707648 0.2582096 0.3696886 0.4315915 
n236_237   0.0897292 0.0898102 0.0897234 0.2780697 0.3286549 0.0821662 0.0936017 0.3458063 0.3861973 0.0936971 0.2626586 0.3343455 0.4239217 0.3340378 0.0858620 0.1818429 0.3282777 0.0000000 0.3344250 0.2575881 0.0897961 0.3860561 
n280_281   0.3816139 0.3948588 0.3816374 0.3396207 0.0203540 0.3761927 0.3816963 0.0272987 0.3984190 0.3946755 0.3171954 0.0238142 0.3933588 0.0745465 0.3754552 0.3647007 0.0707648 0.3344250 0.0000000 0.2534223 0.3883660 0.4247244 
n285_286   0.2834485 0.3055260 0.2888218 0.1094481 0.2483598 0.2840035 0.2833382 0.2634808 0.3615093 0.3110239 0.0975706 0.2533753 0.3560418 0.2633611 0.2834918 0.2741365 0.2582096 0.2575881 0.2534223 0.0000000 0.2999069 0.3615674 
n275_276   0.0485936 0.0169026 0.0449806 0.3216219 0.3761506 0.0203416 0.0522145 0.3946032 0.4177341 0.0203415 0.3105384 0.3822742 0.4580807 0.3758363 0.0449834 0.1866003 0.3696886 0.0897961 0.3883660 0.2999069 0.0000000 0.4241187 
n255_256   0.4177573 0.4112927 0.4175123 0.3918704 0.4253710 0.4116299 0.4241876 0.4451585 0.0485601 0.4181651 0.3793022 0.4319396 0.3561901 0.4318202 0.4175479 0.3934073 0.4315915 0.3860561 0.4247244 0.3615674 0.4241187 0.0000000 
