25
n289_290   0.0000000 0.0517605 0.0375407 0.3091780 0.3306050 0.0625614 0.0033358 0.3305590 0.4176600 0.0553484 0.3143419 0.0410490 0.3254177 0.4104753 0.3559268 0.0100525 0.1231248 0.3507798 0.0589836 0.0922286 0.3306562 0.2751851 0.0481967 0.4230912 0.2749213 
n294_295   0.0517605 0.0000000 0.0661647 0.3248333 0.3471158 0.0305983 0.0481906 0.3416901 0.4363405 0.0100659 0.3196234 0.0698148 0.3418037 0.4342415 0.3674536 0.0553348 0.1393009 0.3622242 0.0271534 0.1037979 0.3362823 0.2952770 0.0168433 0.4419031 0.2949898 
n295_296   0.0375407 0.0661647 0.0000000 0.3198741 0.3311101 0.0771743 0.0340450 0.3365921 0.4240478 0.0698228 0.3251222 0.0100501 0.3259133 0.4228674 0.3622043 0.0410435 0.1310469 0.3570066 0.0735366 0.1074411 0.3366922 0.2902747 0.0625331 0.4295257 0.2850913 
n266_267   0.3091780 0.3248333 0.3198741 0.0000000 0.2714913 0.3351754 0.3041362 0.2620733 0.3890716 0.3195580 0.0236738 0.3249949 0.2666892 0.3591165 0.2898750 0.3141848 0.2847249 0.3000612 0.3302276 0.2999578 0.2666822 0.1228702 0.3196943 0.3943180 0.1188531 
n299_300   0.3306050 0.3471158 0.3311101 0.2714913 0.0000000 0.3686744 0.3254055 0.0101056 0.3955827 0.3416561 0.2859045 0.3414624 0.0033511 0.3944135 0.0554472 0.3357680 0.3102102 0.0518853 0.3635033 0.3319417 0.0101074 0.2660501 0.3472795 0.4005614 0.2610515 
n298_299   0.0625614 0.0305983 0.0771743 0.3351754 0.3686744 0.0000000 0.0589384 0.3630807 0.4483842 0.0340806 0.3298898 0.0808789 0.3632059 0.4400838 0.3895529 0.0661867 0.1472530 0.3841747 0.0100558 0.1036110 0.3575115 0.3103398 0.0271364 0.4540293 0.3100347 
n290_291   0.0033358 0.0481906 0.0340450 0.3041362 0.3254055 0.0589384 0.0000000 0.3253611 0.4118392 0.0517606 0.3092646 0.0375365 0.3202542 0.4047257 0.3505640 0.0066858 0.1191864 0.3454516 0.0553759 0.0884533 0.3254561 0.2703592 0.0446441 0.4172328 0.2701018 
n274_275   0.3305590 0.3416901 0.3365921 0.2620733 0.0101056 0.3630807 0.3253611 0.0000000 0.4015854 0.3362740 0.2763170 0.3470246 0.0067220 0.3833006 0.0518482 0.3357204 0.3050667 0.0483023 0.3579472 0.3266239 0.0067218 0.2612174 0.3418509 0.4065981 0.2562565 
n251_252   0.4176600 0.4363405 0.4240478 0.3890716 0.3955827 0.4483842 0.4118392 0.4015854 0.0000000 0.4301717 0.4117103 0.4299225 0.3899224 0.3258063 0.4298754 0.4234433 0.4072639 0.4007198 0.4369649 0.4425215 0.4017174 0.3564081 0.4303629 0.0410942 0.3507021 
n293_294   0.0553484 0.0100659 0.0698228 0.3195580 0.3416561 0.0340806 0.0517606 0.3362740 0.4301717 0.0000000 0.3143880 0.0734912 0.3363847 0.4281153 0.3618524 0.0589398 0.1433586 0.3566618 0.0306215 0.1076612 0.3309082 0.2902059 0.0202603 0.4356910 0.2899247 
n265_266   0.3143419 0.3196234 0.3251222 0.0236738 0.2859045 0.3298898 0.3092646 0.2763170 0.4117103 0.3143880 0.0000000 0.3302795 0.2810120 0.3807494 0.3045887 0.3193839 0.2895031 0.3149815 0.3249750 0.3151720 0.2759550 0.1428464 0.3145219 0.4170983 0.1387037 
n296_297   0.0410490 0.0698148 0.0100501 0.3249949 0.3414624 0.0808789 0.0375365 0.3470246 0.4299225 0.0734912 0.3302795 0.0000000 0.3361944 0.4287189 0.3729691 0.0445679 0.1350349 0.3677017 0.0772254 0.1113019 0.3471295 0.2952051 0.0661654 0.4354376 0.2899839 
n300_301   0.3254177 0.3418037 0.3259133 0.2666892 0.0033511 0.3632059 0.3202542 0.0067220 0.3899224 0.3363847 0.2810120 0.3361944 0.0000000 0.3887791 0.0518592 0.3305451 0.3051620 0.0483125 0.3580696 0.3267299 0.0067232 0.2612933 0.3419646 0.3948700 0.2563303 
n244_245   0.4104753 0.4342415 0.4228674 0.3591165 0.3944135 0.4400838 0.4047257 0.3833006 0.3258063 0.4281153 0.3807494 0.4287189 0.3887791 0.0000000 0.3933746 0.4161868 0.4291738 0.3933747 0.4344723 0.4062357 0.3887645 0.3391294 0.4283047 0.3307429 0.3335856 
n278_279   0.3559268 0.3674536 0.3622043 0.2898750 0.0554472 0.3895529 0.3505640 0.0518482 0.4298754 0.3618524 0.3045887 0.3729691 0.0518592 0.3933746 0.0000000 0.3612519 0.3092729 0.0237292 0.3842626 0.3573806 0.0518583 0.2843704 0.3676275 0.4350354 0.2792478 
n287_288   0.0100525 0.0553348 0.0410435 0.3141848 0.3357680 0.0661867 0.0066858 0.3357204 0.4234433 0.0589398 0.3193839 0.0445679 0.3305451 0.4161868 0.3612519 0.0000000 0.1270540 0.3560707 0.0625942 0.0960003 0.3358199 0.2799774 0.0517543 0.4289119 0.2797092 
n200_201   0.1231248 0.1393009 0.1310469 0.2847249 0.3102102 0.1472530 0.1191864 0.3050667 0.4072639 0.1433586 0.2895031 0.1350349 0.3051620 0.4291738 0.3092729 0.1270540 0.0000000 0.3096662 0.1432943 0.1553347 0.3051530 0.2751228 0.1353688 0.4124913 0.2700644 
n277_278   0.3507798 0.3622242 0.3570066 0.3000612 0.0518853 0.3841747 0.3454516 0.0483023 0.4007198 0.3566618 0.3149815 0.3677017 0.0483125 0.3933747 0.0237292 0.3560707 0.3096662 0.0000000 0.3789174 0.3522096 0.0483117 0.2944576 0.3623954 0.4112512 0.2892547 
n297_298   0.0589836 0.0271534 0.0735366 0.3302276 0.3635033 0.0100558 0.0553759 0.3579472 0.4369649 0.0306215 0.3249750 0.0772254 0.3580696 0.4344723 0.3842626 0.0625942 0.1432943 0.3789174 0.0000000 0.0998555 0.3524139 0.3055289 0.0237052 0.4425390 0.3052294 
n236_237   0.0922286 0.1037979 0.1074411 0.2999578 0.3319417 0.1036110 0.0884533 0.3266239 0.4425215 0.1076612 0.3151720 0.1113019 0.3267299 0.4062357 0.3573806 0.0960003 0.1553347 0.3522096 0.0998555 0.0000000 0.3267197 0.2855792 0.0999687 0.4481250 0.2853032 
n280_281   0.3306562 0.3362823 0.3366922 0.2666822 0.0101074 0.3575115 0.3254561 0.0067218 0.4017174 0.3309082 0.2759550 0.3471295 0.0067232 0.3887645 0.0518583 0.3358199 0.3051530 0.0483117 0.3524139 0.3267197 0.0000000 0.2612865 0.3364402 0.4067327 0.2563237 
n285_286   0.2751851 0.2952770 0.2902747 0.1228702 0.2660501 0.3103398 0.2703592 0.2612174 0.3564081 0.2902059 0.1428464 0.2952051 0.2612933 0.3391294 0.2843704 0.2799774 0.2751228 0.2944576 0.3055289 0.2855792 0.2612865 0.0000000 0.2903292 0.3609973 0.0033355 
n275_276   0.0481967 0.0168433 0.0625331 0.3196943 0.3472795 0.0271364 0.0446441 0.3418509 0.4303629 0.0202603 0.3145219 0.0661654 0.3419646 0.4283047 0.3676275 0.0517543 0.1353688 0.3623954 0.0237052 0.0999687 0.3364402 0.2903292 0.0000000 0.4358849 0.2900478 
n255_256   0.4230912 0.4419031 0.4295257 0.3943180 0.4005614 0.4540293 0.4172328 0.4065981 0.0410942 0.4356910 0.4170983 0.4354376 0.3948700 0.3307429 0.4350354 0.4289119 0.4124913 0.4112512 0.4425390 0.4481250 0.4067327 0.3609973 0.4358849 0.0000000 0.3552626 
n286_287   0.2749213 0.2949898 0.2850913 0.1188531 0.2610515 0.3100347 0.2701018 0.2562565 0.3507021 0.2899247 0.1387037 0.2899839 0.2563303 0.3335856 0.2792478 0.2797092 0.2700644 0.2892547 0.3052294 0.2853032 0.2563237 0.0033355 0.2900478 0.3552626 0.0000000 
