26
n277_278   0.0000000 2.0712909 2.3936038 2.0237080 2.6521524 0.3942826 2.0816012 2.3291269 0.1169171 0.4777202 1.8529824 1.9660555 2.9760142 2.0371519 2.7986836 0.4847966 0.4452449 2.2049788 2.6105207 2.5654918 2.1964482 2.2916601 1.9021147 2.0714513 2.1349650 0.4774500 
n286_287   2.0712909 0.0000000 2.0799585 0.0780262 2.2863625 1.9526905 3.6399710 1.9960404 1.9397839 1.9543105 1.6499463 1.8836827 2.2973926 1.8449229 1.9875965 1.9949123 1.8226803 2.0699495 2.1376165 2.1286595 0.9354217 0.9741399 1.8625514 4.0480573 1.9251974 2.0081620 
n296_297   2.3936038 2.0799585 0.0000000 2.1396483 0.1537018 2.3638790 3.8095807 0.3012214 2.6093060 2.5205885 0.5540649 0.2548003 0.1498058 0.2646629 1.0625861 2.8179788 2.4213791 0.0667457 0.1453782 2.1256842 2.0905315 2.1887500 0.2554666 2.7137648 0.2500085 2.4665819 
n285_286   2.0237080 0.0780262 2.1396483 0.0000000 2.1966955 1.8088775 3.5657058 1.8335563 1.7727304 1.8718332 1.5755219 1.7316584 2.1091635 1.7817955 1.9598264 1.8400441 1.8250392 2.0798916 1.9618860 2.3785503 0.9878876 1.0149874 1.7434883 3.5134316 1.8568670 1.9204014 
n289_290   2.6521524 2.2863625 0.1537018 2.1966955 0.0000000 2.7546543 3.3942473 0.3175026 2.7207167 2.3411378 0.5766544 0.2705898 0.0631285 0.2913032 1.0974768 2.6044592 2.6225461 0.1537468 0.0817520 2.1018081 2.1525552 1.9915915 0.2765234 2.4486262 0.2918775 2.2955705 
n274_275   0.3942826 1.9526905 2.3638790 1.8088775 2.7546543 0.0000000 2.2997004 2.2663071 0.3743095 0.1410799 2.3100416 1.9379416 2.9318179 1.9974463 2.4357979 0.1454454 0.1045982 2.4397320 2.7806283 3.5209498 1.9084266 1.9972430 1.9678229 2.1873002 2.0226649 0.1327450 
n255_256   2.0816012 3.6399710 3.8095807 3.5657058 3.3942473 2.2997004 0.0000000 3.9524627 2.2772215 2.3263286 4.9436725 3.0663839 3.1772914 2.7431845 5.3787473 2.2494961 2.4088553 2.7269322 3.8741597 3.7519865 2.2911086 2.8331798 2.9091732 0.2930566 2.8511127 2.3172124 
n275_276   2.3291269 1.9960404 0.3012214 1.8335563 0.3175026 2.2663071 3.9524627 0.0000000 2.3959649 2.4370105 0.6154162 0.1087152 0.2908817 0.1290492 0.9538408 2.6880096 2.1240492 0.2903891 0.2968677 2.5394838 1.7858481 1.8776545 0.1130845 2.8016702 0.1457804 2.2790037 
n278_279   0.1169171 1.9397839 2.6093060 1.7727304 2.7207167 0.3743095 2.2772215 2.3959649 0.0000000 0.4479467 1.7652740 2.0685648 2.8158324 2.0838716 2.6782921 0.4540243 0.4242230 2.3577922 2.5287741 4.4092355 2.1183705 2.2911947 1.9969622 2.0718517 2.1848896 0.4543647 
n299_300   0.4777202 1.9543105 2.5205885 1.8718332 2.3411378 0.1410799 2.3263286 2.4370105 0.4479467 0.0000000 1.9986283 2.0247608 2.4472938 2.1446078 2.3531306 0.0556678 0.1286092 2.2957587 2.3131252 3.9669878 1.8659334 1.9042754 2.0873435 2.3198922 2.1730096 0.0203038 
n236_237   1.8529824 1.6499463 0.5540649 1.5755219 0.5766544 2.3100416 4.9436725 0.6154162 1.7652740 1.9986283 0.0000000 0.5366225 0.5537235 0.5432122 0.9349694 2.4305710 2.3579568 0.5605305 0.5457207 1.8875432 1.9514679 1.9438197 0.5610420 3.4027380 0.5443842 2.0898706 
n293_294   1.9660555 1.8836827 0.2548003 1.7316584 0.2705898 1.9379416 3.0663839 0.1087152 2.0685648 2.0247608 0.5366225 0.0000000 0.2603155 0.1049113 0.9896687 2.1997740 1.9244974 0.2544467 0.2607555 2.3615330 1.8365462 1.9172491 0.0448414 2.3122712 0.1132119 1.9135537 
n290_291   2.9760142 2.2973926 0.1498058 2.1091635 0.0631285 2.9318179 3.1772914 0.2908817 2.8158324 2.4472938 0.5537235 0.2603155 0.0000000 0.2806854 1.0560242 2.8129213 2.9291587 0.1538634 0.0704483 2.1110973 2.1198882 2.0254980 0.2661318 2.3823238 0.2812348 2.4546604 
n297_298   2.0371519 1.8449229 0.2646629 1.7817955 0.2913032 1.9974463 2.7431845 0.1290492 2.0838716 2.1446078 0.5432122 0.1049113 0.2806854 0.0000000 1.0159252 2.2284732 1.9986163 0.2697602 0.2811715 2.2433919 1.7495388 1.7584391 0.1050011 2.2162431 0.0306634 2.0210556 
n200_201   2.7986836 1.9875965 1.0625861 1.9598264 1.0974768 2.4357979 5.3787473 0.9538408 2.6782921 2.3531306 0.9349694 0.9896687 1.0560242 1.0159252 0.0000000 2.6573960 2.5693826 1.0654528 1.1321028 2.3125574 1.9860810 1.9113599 0.9911124 2.8570992 1.0301085 2.3697274 
n292_293   0.4847966 1.9949123 2.8179788 1.8400441 2.6044592 0.1454454 2.2494961 2.6880096 0.4540243 0.0556678 2.4305710 2.1997740 2.8129213 2.2284732 2.6573960 0.0000000 0.1287912 2.6152364 2.5651947 4.2910393 1.8812110 1.9649274 2.2097506 2.2345933 2.3110898 0.0520423 
n280_281   0.4452449 1.8226803 2.4213791 1.8250392 2.6225461 0.1045982 2.4088553 2.1240492 0.4242230 0.1286092 2.3579568 1.9244974 2.9291587 1.9986163 2.5693826 0.1287912 0.0000000 2.4239601 2.5136783 4.1068575 1.8699325 1.9995619 1.9542591 2.3138984 2.0241021 0.1204461 
n295_296   2.2049788 2.0699495 0.0667457 2.0798916 0.1537468 2.4397320 2.7269322 0.2903891 2.3577922 2.2957587 0.5605305 0.2544467 0.1538634 0.2697602 1.0654528 2.6152364 2.4239601 0.0000000 0.1454206 2.1723561 1.9269797 1.9318684 0.2504010 2.3874389 0.2652051 2.2515511 
n287_288   2.6105207 2.1376165 0.1453782 1.9618860 0.0817520 2.7806283 3.8741597 0.2968677 2.5287741 2.3131252 0.5457207 0.2607555 0.0704483 0.2811715 1.1321028 2.5651947 2.5136783 0.1454206 0.0000000 2.1807798 2.2230863 1.8864800 0.2716929 2.7505658 0.2817228 2.2691220 
n244_245   2.5654918 2.1286595 2.1256842 2.3785503 2.1018081 3.5209498 3.7519865 2.5394838 4.4092355 3.9669878 1.8875432 2.3615330 2.1110973 2.2433919 2.3125574 4.2910393 4.1068575 2.1723561 2.1807798 0.0000000 2.6475822 3.2963859 2.2805964 2.7882325 2.4339533 5.7122336 
n265_266   2.1964482 0.9354217 2.0905315 0.9878876 2.1525552 1.9084266 2.2911086 1.7858481 2.1183705 1.8659334 1.9514679 1.8365462 2.1198882 1.7495388 1.9860810 1.8812110 1.8699325 1.9269797 2.2230863 2.6475822 0.0000000 0.1408705 1.7338718 2.2798952 1.8590614 1.8385922 
n266_267   2.2916601 0.9741399 2.1887500 1.0149874 1.9915915 1.9972430 2.8331798 1.8776545 2.2911947 1.9042754 1.9438197 1.9172491 2.0254980 1.7584391 1.9113599 1.9649274 1.9995619 1.9318684 1.8864800 3.2963859 0.1408705 0.0000000 1.8125481 2.5964539 1.8691034 1.8088825 
n294_295   1.9021147 1.8625514 0.2554666 1.7434883 0.2765234 1.9678229 2.9091732 0.1130845 1.9969622 2.0873435 0.5610420 0.0448414 0.2661318 0.1050011 0.9911124 2.2097506 1.9542591 0.2504010 0.2716929 2.2805964 1.7338718 1.8125481 0.0000000 2.5214130 0.1132402 1.9715231 
n251_252   2.0714513 4.0480573 2.7137648 3.5134316 2.4486262 2.1873002 0.2930566 2.8016702 2.0718517 2.3198922 3.4027380 2.3122712 2.3823238 2.2162431 2.8570992 2.2345933 2.3138984 2.3874389 2.7505658 2.7882325 2.2798952 2.5964539 2.5214130 0.0000000 2.2935040 2.3896176 
n298_299   2.1349650 1.9251974 0.2500085 1.8568670 0.2918775 2.0226649 2.8511127 0.1457804 2.1848896 2.1730096 0.5443842 0.1132119 0.2812348 0.0306634 1.0301085 2.3110898 2.0241021 0.2652051 0.2817228 2.4339533 1.8590614 1.8691034 0.1132402 2.2935040 0.0000000 2.0473403 
n300_301   0.4774500 2.0081620 2.4665819 1.9204014 2.2955705 0.1327450 2.3172124 2.2790037 0.4543647 0.0203038 2.0898706 1.9135537 2.4546604 2.0210556 2.3697274 0.0520423 0.1204461 2.2515511 2.2691220 5.7122336 1.8385922 1.8088825 1.9715231 2.3896176 2.0473403 0.0000000 
