25
n289_290   0.0000000 0.0307686 0.0342633 0.2268433 0.2903401 0.0450349 0.0067025 0.2906928 0.4330686 0.0272812 0.2270967 0.0342565 0.4202237 0.2701260 0.0033443 0.1206419 0.2752462 0.0486147 0.0933198 0.2906928 0.2306251 0.0378165 0.4514245 0.2904956 0.2304566 
n294_295   0.0307686 0.0000000 0.0307563 0.2370707 0.2703322 0.0135096 0.0342283 0.2706566 0.4152758 0.0033408 0.2273148 0.0307503 0.4027340 0.2603436 0.0307388 0.1166975 0.2653938 0.0169258 0.0855847 0.2706566 0.2408861 0.0067053 0.4332239 0.2704739 0.2407081 
n295_296   0.0342633 0.0307563 0.0000000 0.2420404 0.2960185 0.0450170 0.0377351 0.2963787 0.4270338 0.0272703 0.2322067 0.0067077 0.4146512 0.2756136 0.0342301 0.1288669 0.2807841 0.0485954 0.0856773 0.2963787 0.2458694 0.0378013 0.4452557 0.2961769 0.2456869 
n266_267   0.2268433 0.2370707 0.2420404 0.0000000 0.2363091 0.2523958 0.2265262 0.2463130 0.3664590 0.2323122 0.0169284 0.2419956 0.4224926 0.2414317 0.2219263 0.2514189 0.2365316 0.2572437 0.2553079 0.2463130 0.1087662 0.2468160 0.3620897 0.2413805 0.1086946 
n299_300   0.2903401 0.2703322 0.2960185 0.2363091 0.0000000 0.2916721 0.2899326 0.0168934 0.4139589 0.2752528 0.2265903 0.2909753 0.4294613 0.0484131 0.2849197 0.2800211 0.0448197 0.2967728 0.3047966 0.0100815 0.2264465 0.2805285 0.4073563 0.0033440 0.2262812 
n298_299   0.0450349 0.0135096 0.0450170 0.2523958 0.2916721 0.0000000 0.0485586 0.2920271 0.4280717 0.0169229 0.2423877 0.0450080 0.4215938 0.2813480 0.0449905 0.1332023 0.2865722 0.0033422 0.1012602 0.2920271 0.2562560 0.0203753 0.4463452 0.2918281 0.2560639 
n290_291   0.0067025 0.0342283 0.0377351 0.2265262 0.2899326 0.0485586 0.0000000 0.2902834 0.4324566 0.0307278 0.2267789 0.0377277 0.4196303 0.2697473 0.0033408 0.1246604 0.2748602 0.0521515 0.0931926 0.2902834 0.2303036 0.0413030 0.4507869 0.2900867 0.2301355 
n274_275   0.2906928 0.2706566 0.2963787 0.2463130 0.0168934 0.2920271 0.2902834 0.0000000 0.4137563 0.2755838 0.2364362 0.2913287 0.4232766 0.0484645 0.2852636 0.2803585 0.0448679 0.2971349 0.3051677 0.0134690 0.2362866 0.2808680 0.4262139 0.0203429 0.2361126 
n251_252   0.4330686 0.4152758 0.4270338 0.3664590 0.4139589 0.4280717 0.4324566 0.4137563 0.0000000 0.4091991 0.3601096 0.4339549 0.3322669 0.4068324 0.4263503 0.4386210 0.4070763 0.4341963 0.4250880 0.4203553 0.3843459 0.4278305 0.0557068 0.4206845 0.3840289 
n293_294   0.0272812 0.0033408 0.0272703 0.2323122 0.2752528 0.0169229 0.0307278 0.2755838 0.4091991 0.0000000 0.2226246 0.0272649 0.3967648 0.2554428 0.0272548 0.1127371 0.2604570 0.0203542 0.0817987 0.2755838 0.2361170 0.0100790 0.4270021 0.2753975 0.2359432 
n265_266   0.2270967 0.2273148 0.2322067 0.0169284 0.2265903 0.2423877 0.2267789 0.2364362 0.3601096 0.2226246 0.0000000 0.2321636 0.4155387 0.2316290 0.2221729 0.2414561 0.2268035 0.2471671 0.2453172 0.2364362 0.1088737 0.2369151 0.3612074 0.2315779 0.1088019 
n296_297   0.0342565 0.0307503 0.0067077 0.2419956 0.2909753 0.0450080 0.0377277 0.2913287 0.4339549 0.0272649 0.2321636 0.0000000 0.4145805 0.2707043 0.0342233 0.1248735 0.2758397 0.0485857 0.0856605 0.2913287 0.2411521 0.0377938 0.4523677 0.2911306 0.2409737 
n244_245   0.4202237 0.4027340 0.4146512 0.4224926 0.4294613 0.4215938 0.4196303 0.4232766 0.3322669 0.3967648 0.4155387 0.4145805 0.0000000 0.4285855 0.4136359 0.4266517 0.4350462 0.4276631 0.4068475 0.4298200 0.4100159 0.4150593 0.3433282 0.4363893 0.4038774 
n278_279   0.2701260 0.2603436 0.2756136 0.2414317 0.0484131 0.2813480 0.2697473 0.0484645 0.4068324 0.2554428 0.2316290 0.2707043 0.4285855 0.0000000 0.2648710 0.2550061 0.0100853 0.2863772 0.2842238 0.0484645 0.2359751 0.2703926 0.3942211 0.0520588 0.2358016 
n287_288   0.0033443 0.0307388 0.0342301 0.2219263 0.2849197 0.0449905 0.0033408 0.2852636 0.4263503 0.0272548 0.2221729 0.0342233 0.4136359 0.2648710 0.0000000 0.1206973 0.2699481 0.0485666 0.0893975 0.2852636 0.2256943 0.0377785 0.4445287 0.2850705 0.2255301 
n200_201   0.1206419 0.1166975 0.1288669 0.2514189 0.2800211 0.1332023 0.1246604 0.2803585 0.4386210 0.1127371 0.2414561 0.1248735 0.4266517 0.2550061 0.1206973 0.0000000 0.2600111 0.1372641 0.1364671 0.2704760 0.2500011 0.1247493 0.4504927 0.2746852 0.2498154 
n277_278   0.2752462 0.2653938 0.2807841 0.2365316 0.0448197 0.2865722 0.2748602 0.0448679 0.4070763 0.2604570 0.2268035 0.2758397 0.4350462 0.0100853 0.2699481 0.2600111 0.0000000 0.2916386 0.2894383 0.0448679 0.2311243 0.2755194 0.3944551 0.0484420 0.2309550 
n297_298   0.0486147 0.0169258 0.0485954 0.2572437 0.2967728 0.0033422 0.0521515 0.2971349 0.4341963 0.0203542 0.2471671 0.0485857 0.4276631 0.2863772 0.0485666 0.1372641 0.2916386 0.0000000 0.1051441 0.2971349 0.2611144 0.0238261 0.4526163 0.2969321 0.2609180 
n236_237   0.0933198 0.0855847 0.0856773 0.2553079 0.3047966 0.1012602 0.0931926 0.3051677 0.4250880 0.0817987 0.2453172 0.0856605 0.4068475 0.2842238 0.0893975 0.1364671 0.2894383 0.1051441 0.0000000 0.3051677 0.2596991 0.0932659 0.4432053 0.3049603 0.2595047 
n280_281   0.2906928 0.2706566 0.2963787 0.2463130 0.0100815 0.2920271 0.2902834 0.0134690 0.4203553 0.2755838 0.2364362 0.2913287 0.4298200 0.0484645 0.2852636 0.2704760 0.0448679 0.2971349 0.3051677 0.0000000 0.2362866 0.2808680 0.4262139 0.0134886 0.2361126 
n285_286   0.2306251 0.2408861 0.2458694 0.1087662 0.2264465 0.2562560 0.2303036 0.2362866 0.3843459 0.2361170 0.1088737 0.2411521 0.4100159 0.2359751 0.2256943 0.2500011 0.2311243 0.2611144 0.2596991 0.2362866 0.0000000 0.2506550 0.3844843 0.2265609 0.0067004 
n275_276   0.0378165 0.0067053 0.0378013 0.2468160 0.2805285 0.0203753 0.0413030 0.2808680 0.4278305 0.0100790 0.2369151 0.0377938 0.4150593 0.2703926 0.0377785 0.1247493 0.2755194 0.0238261 0.0932659 0.2808680 0.2506550 0.0000000 0.4460888 0.2806777 0.2504684 
n255_256   0.4514245 0.4332239 0.4452557 0.3620897 0.4073563 0.4463452 0.4507869 0.4262139 0.0557068 0.4270021 0.3612074 0.4523677 0.3433282 0.3942211 0.4445287 0.4504927 0.3944551 0.4526163 0.4432053 0.4262139 0.3844843 0.4460888 0.0000000 0.4140123 0.3841669 
n292_293   0.2904956 0.2704739 0.2961769 0.2413805 0.0033440 0.2918281 0.2900867 0.0203429 0.4206845 0.2753975 0.2315779 0.2911306 0.4363893 0.0520588 0.2850705 0.2746852 0.0484420 0.2969321 0.3049603 0.0134886 0.2265609 0.2806777 0.4140123 0.0000000 0.2263954 
n286_287   0.2304566 0.2407081 0.2456869 0.1086946 0.2262812 0.2560639 0.2301355 0.2361126 0.3840289 0.2359432 0.1088019 0.2409737 0.4038774 0.2358016 0.2255301 0.2498154 0.2309550 0.2609180 0.2595047 0.2361126 0.0067004 0.2504684 0.3841669 0.2263954 0.0000000 
