26
n277_278   0.0000000 1.7341456 1.7137597 1.7736029 1.5539521 0.4125611 2.2769542 1.7688377 0.0894166 0.4065364 1.9544032 1.8736102 1.7618250 1.7489543 1.9213631 0.3948826 0.4009920 1.6736873 1.6734553 1.9905577 1.7725888 1.7411830 1.7547559 3.9683749 1.7558411 0.3943288 
n286_287   1.7341456 0.0000000 2.3868350 0.0520877 2.3412069 1.7778127 3.8655428 3.3999372 1.9369559 1.8306875 2.6949588 3.7489801 2.2573950 2.9777825 2.1863344 1.8554024 1.6858777 2.5275143 2.3643898 3.6740285 1.1238545 1.3249734 4.2937717 2.9607957 3.3951661 1.8262978 
n296_297   1.7137597 2.3868350 0.0000000 2.4177994 0.2030441 2.1361987 2.6053762 0.3783793 1.9115755 2.0340077 0.6052011 0.4039241 0.2164480 0.3560186 1.1321651 2.0365506 2.2063936 0.0628263 0.2167504 2.0809469 2.1058815 1.9171816 0.3924944 2.4577724 0.3676878 1.9499343 
n285_286   1.7736029 0.0520877 2.4177994 0.0000000 2.4049751 1.8787984 3.9307705 3.7418035 2.0259576 1.9720870 2.5711168 4.5380037 2.3277772 3.1129321 2.2943124 2.0000428 1.8452902 2.6924946 2.4290595 3.1978349 1.1381105 1.3465253 5.1706131 2.9144447 3.7371697 1.9729506 
n289_290   1.5539521 2.3412069 0.2030441 2.4049751 0.0000000 1.6735520 2.6994141 0.3335702 1.8256281 1.8873141 0.5901396 0.3680411 0.0594170 0.3232824 1.1395375 1.7375696 1.7826980 0.1845711 0.0630740 2.3474005 2.4545611 2.0490207 0.3518046 3.0059370 0.3290155 1.8141547 
n274_275   0.4125611 1.7778127 2.1361987 1.8787984 1.6735520 0.0000000 2.9906181 2.1760233 0.4011064 0.1328418 2.3068340 2.0716293 1.8265976 1.9804666 2.6347050 0.1207765 0.1497179 2.0443203 1.8019452 1.8706001 1.9910513 1.8770938 2.0161523 4.7570862 1.9896504 0.1206821 
n255_256   2.2769542 3.8655428 2.6053762 3.9307705 2.6994141 2.9906181 0.0000000 3.1242343 2.0835753 3.6654707 2.5629401 4.0435068 2.6029517 3.0438527 4.9748222 3.7367291 3.5728772 2.2614257 2.8594948 2.0431895 2.7852783 3.0454679 3.8454524 0.3314504 3.6348081 3.4893264 
n275_276   1.7688377 3.3999372 0.3783793 3.7418035 0.3335702 2.1760233 3.1242343 0.0000000 1.9936228 2.2726073 0.5806988 0.1669375 0.3443603 0.1289465 1.1778923 2.1741545 2.1180006 0.3321127 0.3393066 2.4954063 2.0496187 2.2344104 0.1376761 2.5790689 0.1414372 2.1662208 
n278_279   0.0894166 1.9369559 1.9115755 2.0259576 1.8256281 0.4011064 2.0835753 1.9936228 0.0000000 0.3940314 2.2303032 2.0731573 2.1571140 1.9593843 2.2256828 0.3884264 0.4006934 1.9156565 1.9908603 2.0771987 1.7606561 1.8682752 2.0191654 2.9415437 1.9683128 0.3820393 
n299_300   0.4065364 1.8306875 2.0340077 1.9720870 1.8873141 0.1328418 3.6654707 2.2726073 0.3940314 0.0000000 2.8028631 2.0666693 1.9425229 2.0505702 2.4767005 0.0307480 0.1208553 1.9563114 2.0000004 2.2743926 2.1923346 2.0375533 2.0491982 5.6653389 2.0692457 0.0168883 
n236_237   1.9544032 2.6949588 0.6052011 2.5711168 0.5901396 2.3068340 2.5629401 0.5806988 2.2303032 2.8028631 0.0000000 0.6132053 0.6072336 0.5985619 1.0330989 2.5262437 2.3622470 0.5651204 0.5755475 2.4664039 2.1762351 1.9940732 0.6145502 2.8613920 0.5913831 2.7099173 
n293_294   1.8736102 3.7489801 0.4039241 4.5380037 0.3680411 2.0716293 4.0435068 0.1669375 2.0731573 2.0666693 0.6132053 0.0000000 0.3673229 0.1585363 1.1005581 1.9424327 2.0704538 0.3786686 0.3854681 2.5322521 2.7254369 2.4851142 0.0486098 3.1939155 0.1630183 1.9792234 
n290_291   1.7618250 2.2573950 0.2164480 2.3277772 0.0594170 1.8265976 2.6029517 0.3443603 2.1571140 1.9425229 0.6072336 0.3673229 0.0000000 0.3339396 1.0468961 1.9017420 1.9577712 0.1887742 0.0667445 2.7909560 2.2193047 1.9627422 0.3511218 2.6928505 0.3452483 1.9458900 
n297_298   1.7489543 2.9777825 0.3560186 3.1129321 0.3232824 1.9804666 3.0438527 0.1289465 1.9593843 2.0505702 0.5985619 0.1585363 0.3339396 0.0000000 1.1019571 1.9636175 2.0371145 0.3219048 0.3178311 2.4330165 2.4035873 2.3865221 0.1419134 2.8413825 0.0378851 1.9637199 
n200_201   1.9213631 2.1863344 1.1321651 2.2943124 1.1395375 2.6347050 4.9748222 1.1778923 2.2256828 2.4767005 1.0330989 1.1005581 1.0468961 1.1019571 0.0000000 2.4890663 2.6554918 1.0827413 1.0322541 2.2363073 1.6391685 1.4952812 1.1675161 3.5001658 1.0881772 2.4773032 
n292_293   0.3948826 1.8554024 2.0365506 2.0000428 1.7375696 0.1207765 3.7367291 2.1741545 0.3884264 0.0307480 2.5262437 1.9424327 1.9017420 1.9636175 2.4890663 0.0000000 0.1089807 1.9584173 1.8753514 2.0671157 2.1903036 2.1322363 1.9611065 8.9999985 1.9805124 0.0203345 
n280_281   0.4009920 1.6858777 2.2063936 1.8452902 1.7826980 0.1497179 3.5728772 2.1180006 0.4006934 0.1208553 2.3622470 2.0704538 1.9577712 2.0371145 2.6554918 0.1089807 0.0000000 2.0961648 1.9282050 2.6483857 2.5049961 2.1660914 2.0088742 6.9333065 2.0468133 0.1049943 
n295_296   1.6736873 2.5275143 0.0628263 2.6924946 0.1845711 2.0443203 2.2614257 0.3321127 1.9156565 1.9563114 0.5651204 0.3786686 0.1887742 0.3219048 1.0827413 1.9584173 2.0961648 0.0000000 0.1846022 2.2707426 2.1655857 2.0030875 0.3676361 2.1955383 0.3329832 1.8782270 
n287_288   1.6734553 2.3643898 0.2167504 2.4290595 0.0630740 1.8019452 2.8594948 0.3393066 1.9908603 2.0000004 0.5755475 0.3854681 0.0667445 0.3178311 1.0322541 1.8753514 1.9282050 0.1846022 0.0000000 2.6531877 2.2136051 1.9547828 0.3577213 3.0566860 0.3230718 1.9183785 
n244_245   1.9905577 3.6740285 2.0809469 3.1978349 2.3474005 1.8706001 2.0431895 2.4954063 2.0771987 2.2743926 2.4664039 2.5322521 2.7909560 2.4330165 2.2363073 2.0671157 2.6483857 2.2707426 2.6531877 0.0000000 2.6807291 2.4457261 2.7179518 1.8039610 2.7464947 2.1714090 
n265_266   1.7725888 1.1238545 2.1058815 1.1381105 2.4545611 1.9910513 2.7852783 2.0496187 1.7606561 2.1923346 2.1762351 2.7254369 2.2193047 2.4035873 1.6391685 2.1903036 2.5049961 2.1655857 2.2136051 2.6807291 0.0000000 0.1888963 2.8281799 3.2641674 2.6672179 2.1957290 
n266_267   1.7411830 1.3249734 1.9171816 1.3465253 2.0490207 1.8770938 3.0454679 2.2344104 1.8682752 2.0375533 1.9940732 2.4851142 1.9627422 2.3865221 1.4952812 2.1322363 2.1660914 2.0030875 1.9547828 2.4457261 0.1888963 0.0000000 2.6378105 3.7708744 2.6438272 2.0403686 
n294_295   1.7547559 4.2937717 0.3924944 5.1706131 0.3518046 2.0161523 3.8454524 0.1376761 2.0191654 2.0491982 0.6145502 0.0486098 0.3511218 0.1419134 1.1675161 1.9611065 2.0088742 0.3676361 0.3577213 2.7179518 2.8281799 2.6378105 0.0000000 3.0916635 0.1462745 1.9629279 
n251_252   3.9683749 2.9607957 2.4577724 2.9144447 3.0059370 4.7570862 0.3314504 2.5790689 2.9415437 5.6653389 2.8613920 3.1939155 2.6928505 2.8413825 3.5001658 8.9999985 6.9333065 2.1955383 3.0566860 1.8039610 3.2641674 3.7708744 3.0916635 0.0000000 3.3035662 5.6335250 
n298_299   1.7558411 3.3951661 0.3676878 3.7371697 0.3290155 1.9896504 3.6348081 0.1414372 1.9683128 2.0692457 0.5913831 0.1630183 0.3452483 0.0378851 1.0881772 1.9805124 2.0468133 0.3329832 0.3230718 2.7464947 2.6672179 2.6438272 0.1462745 3.3035662 0.0000000 1.9805937 
n300_301   0.3943288 1.8262978 1.9499343 1.9729506 1.8141547 0.1206821 3.4893264 2.1662208 0.3820393 0.0168883 2.7099173 1.9792234 1.9458900 1.9637199 2.4773032 0.0203345 0.1049943 1.8782270 1.9183785 2.1714090 2.1957290 2.0403686 1.9629279 5.6335250 1.9805937 0.0000000 
