25
n277_278   0.0000000 2.2043532 2.4395367 2.1016434 2.3220250 0.4540707 2.6268247 1.9265622 0.1237452 0.4170574 2.4534269 2.0737999 2.2697766 2.1061294 1.8644316 0.4507600 0.4984705 2.6047169 2.4182863 3.4252188 2.0944384 1.9409263 1.9246409 4.2274379 2.0841943 
n286_287   2.2043532 0.0000000 1.7701427 0.0741026 2.0617151 2.3176612 2.3934388 1.9521615 2.1608972 2.1697779 1.9682339 2.1735246 2.0711257 1.9828833 2.6635016 2.2304903 2.2690719 1.7969704 2.1754734 3.9699481 0.9384960 0.9318737 2.0793607 2.2546445 2.0035598 
n296_297   2.4395367 1.7701427 0.0000000 1.6747737 0.1992522 2.4656495 2.5210594 0.3461006 2.1321197 2.3890369 0.6928534 0.3733299 0.1859019 0.3137890 1.0389652 2.3903414 2.4864516 0.0449304 0.1898446 9.0000000 1.8321376 1.9785125 0.3398266 2.9048273 0.3237387 
n285_286   2.1016434 0.0741026 1.6747737 0.0000000 2.0268408 2.2114238 2.4731120 1.7934679 2.0810212 2.1444869 1.8692476 2.0075819 1.9972282 1.8659817 2.3157834 2.2029271 2.2095677 1.6875051 2.1484696 3.6504104 0.9484941 0.9407998 1.9008982 2.1671990 1.8837578 
n289_290   2.3220250 2.0617151 0.1992522 2.0268408 0.0000000 2.2589231 2.2284930 0.3393786 2.1504927 2.0999620 0.6938428 0.3733568 0.0342937 0.3218824 1.0841368 2.1411728 2.3842496 0.2034176 0.0704455 9.0000000 2.0756866 2.2802224 0.3398606 2.6709964 0.3329645 
n274_275   0.4540707 2.3176612 2.4656495 2.2114238 2.2589231 0.0000000 3.1014143 1.8132517 0.4493827 0.1048924 1.8644739 1.9331524 2.1728411 1.7981334 1.8051471 0.1288511 0.1214024 2.5282139 2.3851040 4.6009520 1.6336588 1.9003489 1.8372085 3.5766133 1.7840259 
n255_256   2.6268247 2.3934388 2.5210594 2.4731120 2.2284930 3.1014143 0.0000000 2.6674795 2.6969200 3.0958606 2.9227108 2.9833809 2.4795339 2.5542515 3.0749484 2.8788767 3.6284545 2.5189069 2.6858715 2.4354077 2.8884600 3.3760765 2.9516190 0.3158305 2.7612019 
n275_276   1.9265622 1.9521615 0.3461006 1.7934679 0.3393786 1.8132517 2.6674795 0.0000000 1.5802307 1.5574838 0.6066322 0.1457846 0.3227386 0.1091526 0.9213518 1.5865679 1.6057459 0.3338880 0.3260906 3.7943847 1.9663811 1.9561408 0.1211445 3.8836493 0.1129835 
n278_279   0.1237452 2.1608972 2.1321197 2.0810212 2.1504927 0.4493827 2.6969200 1.5802307 0.0000000 0.4291770 2.1596702 1.7856001 2.0348062 1.6764562 2.1321486 0.4759728 0.4920700 2.2814971 2.1055738 4.4315612 1.8769671 1.7271981 1.7025518 4.4423663 1.7006813 
n299_300   0.4170574 2.1697779 2.3890369 2.1444869 2.0999620 0.1048924 3.0958606 1.5574838 0.4291770 0.0000000 2.1421761 1.7117618 2.0269342 1.6033485 1.9872619 0.0342316 0.0895884 2.4507456 2.1898336 4.0054786 1.5238912 1.7061144 1.6101703 3.9546824 1.5922781 
n236_237   2.4534269 1.9682339 0.6928534 1.8692476 0.6938428 1.8644739 2.9227108 0.6066322 2.1596702 2.1421761 0.0000000 0.6330058 0.6769981 0.5775558 0.8960093 2.1906039 2.0070461 0.6631350 0.6913581 2.6308112 2.2277305 2.6026323 0.6333351 4.2126291 0.5935752 
n293_294   2.0737999 2.1735246 0.3733299 2.0075819 0.3733568 1.9331524 2.9833809 0.1457846 1.7856001 1.7117618 0.6330058 0.0000000 0.3449151 0.1210708 1.0046626 1.8049197 1.8304096 0.3606154 0.3482639 4.4368318 2.6200541 2.7592927 0.0238609 3.8125039 0.1249560 
n290_291   2.2697766 2.0711257 0.1859019 1.9972282 0.0342937 2.1728411 2.4795339 0.3227386 2.0348062 2.0269342 0.6769981 0.3449151 0.0000000 0.2954438 0.9818720 2.0650866 2.2874302 0.1900119 0.0629631 9.0000000 2.0148941 2.2920593 0.3126678 2.8404375 0.3061007 
n297_298   2.1061294 1.9828833 0.3137890 1.8659817 0.3218824 1.7981334 2.5542515 0.1091526 1.6764562 1.6033485 0.5775558 0.1210708 0.2954438 0.0000000 0.9305923 1.6864398 1.6209747 0.3021887 0.2987906 4.1271399 2.0127656 2.0806693 0.1013340 3.9062073 0.0238331 
n200_201   1.8644316 2.6635016 1.0389652 2.3157834 1.0841368 1.8051471 3.0749484 0.9213518 2.1321486 1.9872619 0.8960093 1.0046626 0.9818720 0.9305923 0.0000000 1.9637202 1.8195535 1.0260422 1.0517533 2.7353272 2.2470199 2.5376945 0.9627426 2.9941413 0.9177576 
n292_293   0.4507600 2.2304903 2.3903414 2.2029271 2.1411728 0.1288511 2.8788767 1.5865679 0.4759728 0.0342316 2.1906039 1.8049197 2.0650866 1.6864398 1.9637202 0.0000000 0.1131182 2.4521664 2.2375359 3.5328161 1.4889341 1.7659142 1.7236201 3.5859155 1.6742151 
n280_281   0.4984705 2.2690719 2.4864516 2.2095677 2.3842496 0.1214024 3.6284545 1.6057459 0.4920700 0.0895884 2.0070461 1.8304096 2.2874302 1.6209747 1.8195535 0.1131182 0.0000000 2.6474235 2.4338652 3.3638247 1.6299652 1.7227938 1.7270085 3.6884178 1.6096155 
n295_296   2.6047169 1.7969704 0.0449304 1.6875051 0.2034176 2.5282139 2.5189069 0.3338880 2.2814971 2.4507456 0.6631350 0.3606154 0.1900119 0.3021887 1.0260422 2.4521664 2.6474235 0.0000000 0.1939615 9.0000000 1.7259768 1.8560853 0.3277632 3.0179515 0.3119712 
n287_288   2.4182863 2.1754734 0.1898446 2.1484696 0.0704455 2.3851040 2.6858715 0.3260906 2.1055738 2.1898336 0.6913581 0.3482639 0.0629631 0.2987906 1.0517533 2.2375359 2.4338652 0.1939615 0.0000000 9.0000000 2.0489459 2.1529482 0.3160240 3.1821635 0.3094476 
n244_245   3.4252188 3.9699481 9.0000000 3.6504104 9.0000000 4.6009520 2.4354077 3.7943847 4.4315612 4.0054786 2.6308112 4.4368318 9.0000000 4.1271399 2.7353272 3.5328161 3.3638247 9.0000000 9.0000000 0.0000000 2.6849311 2.5773302 5.4600128 3.0701958 4.4475804 
n265_266   2.0944384 0.9384960 1.8321376 0.9484941 2.0756866 1.6336588 2.8884600 1.9663811 1.8769671 1.5238912 2.2277305 2.6200541 2.0148941 2.0127656 2.2470199 1.4889341 1.6299652 1.7259768 2.0489459 2.6849311 0.0000000 0.1447933 2.5009244 2.7338334 2.2018538 
n266_267   1.9409263 0.9318737 1.9785125 0.9407998 2.2802224 1.9003489 3.3760765 1.9561408 1.7271981 1.7061144 2.6026323 2.7592927 2.2920593 2.0806693 2.5376945 1.7659142 1.7227938 1.8560853 2.1529482 2.5773302 0.1447933 0.0000000 2.6186669 3.1047314 2.1047202 
n294_295   1.9246409 2.0793607 0.3398266 1.9008982 0.3398606 1.8372085 2.9516190 0.1211445 1.7025518 1.6101703 0.6333351 0.0238609 0.3126678 0.1013340 0.9627426 1.7236201 1.7270085 0.3277632 0.3160240 5.4600128 2.5009244 2.6186669 0.0000000 3.8337933 0.1051295 
n251_252   4.2274379 2.2546445 2.9048273 2.1671990 2.6709964 3.5766133 0.3158305 3.8836493 4.4423663 3.9546824 4.2126291 3.8125039 2.8404375 3.9062073 2.9941413 3.5859155 3.6884178 3.0179515 3.1821635 3.0701958 2.7338334 3.1047314 3.8337933 0.0000000 4.3205349 
n298_299   2.0841943 2.0035598 0.3237387 1.8837578 0.3329645 1.7840259 2.7612019 0.1129835 1.7006813 1.5922781 0.5935752 0.1249560 0.3061007 0.0238331 0.9177576 1.6742151 1.6096155 0.3119712 0.3094476 4.4475804 2.2018538 2.1047202 0.1051295 4.3205349 0.0000000 
