23
n298_299   0.0000000 0.3417231 0.1556173 0.2899293 0.0446975 0.3202534 0.3362756 0.0066988 0.0067002 0.0100880 0.3249588 0.0517945 0.4522807 0.3407732 0.0482443 0.0965268 0.4352803 0.2847475 0.3417231 0.3052524 0.0589980 0.3998826 0.3354843 
n280_281   0.3417231 0.0000000 0.3315985 0.3094841 0.3361952 0.3105984 0.0033408 0.3466991 0.3417359 0.3529813 0.0661798 0.3465013 0.5049382 0.0202429 0.3414126 0.3433390 0.4670072 0.3193991 0.0066998 0.3005125 0.3573343 0.4165880 0.0734916 
n200_201   0.1556173 0.3315985 0.0000000 0.3003443 0.1598230 0.3062600 0.3262224 0.1596172 0.1638755 0.1683379 0.2948798 0.1680673 0.4599317 0.3205244 0.1639608 0.1522185 0.4364705 0.2903043 0.3315985 0.2914694 0.1765508 0.4362632 0.3099669 
n286_287   0.2899293 0.3094841 0.3003443 0.0000000 0.2898620 0.1470911 0.3042988 0.2945988 0.2997753 0.3003356 0.2986502 0.2995622 0.4841788 0.3086519 0.2947606 0.3164749 0.4536381 0.0134449 0.3094841 0.1350660 0.3097021 0.3989278 0.2986315 
n287_288   0.0446975 0.3361952 0.1598230 0.2898620 0.0000000 0.3048731 0.3307926 0.0517996 0.0518100 0.0554811 0.3145152 0.0067042 0.4400911 0.3352659 0.0033456 0.0927048 0.4236131 0.2846812 0.3361952 0.2901667 0.0134731 0.4171117 0.3299927 
n266_267   0.3202534 0.3105984 0.3062600 0.1470911 0.3048731 0.0000000 0.3053908 0.3250949 0.3305045 0.3311392 0.2901635 0.3147597 0.4370489 0.3097604 0.3098695 0.3378462 0.4081683 0.1552226 0.3105984 0.0203281 0.3251114 0.3899988 0.2950319 
n292_293   0.3362756 0.0033408 0.3262224 0.3042988 0.3307926 0.3053908 0.0000000 0.3412169 0.3362887 0.3474378 0.0625215 0.3410230 0.4980919 0.0168243 0.3359701 0.3378565 0.4605117 0.3141429 0.0033408 0.2953785 0.3517691 0.4105636 0.0697950 
n293_294   0.0066988 0.3466991 0.1596172 0.2945988 0.0517996 0.3250949 0.3412169 0.0000000 0.0066995 0.0168840 0.3298240 0.0589589 0.4579305 0.3457306 0.0553784 0.1002739 0.4408287 0.2893863 0.3466991 0.3100127 0.0662319 0.4051971 0.3404124 
n275_276   0.0067002 0.3417359 0.1638755 0.2997753 0.0518100 0.3305045 0.3362887 0.0066995 0.0000000 0.0168873 0.3249724 0.0589709 0.4644501 0.3407860 0.0553896 0.1003351 0.4472058 0.2945190 0.3417359 0.3153102 0.0662454 0.4112569 0.3354974 
n297_298   0.0100880 0.3529813 0.1683379 0.3003356 0.0554811 0.3311392 0.3474378 0.0168840 0.0168873 0.0000000 0.3359135 0.0626867 0.4474400 0.3519882 0.0590834 0.1082253 0.4305029 0.2950671 0.3529813 0.3159082 0.0700098 0.4064368 0.3466158 
n278_279   0.3249588 0.0661798 0.2948798 0.2986502 0.3145152 0.2901635 0.0625215 0.3298240 0.3249724 0.3359135 0.0000000 0.3245167 0.4719476 0.0660370 0.3195722 0.3213397 0.4480389 0.3035818 0.0661798 0.2850635 0.3350006 0.4044734 0.0236505 
n295_296   0.0517945 0.3465013 0.1680673 0.2995622 0.0067042 0.3147597 0.3410230 0.0589589 0.0589709 0.0626867 0.3245167 0.0000000 0.4457131 0.3455346 0.0100780 0.1002880 0.4291406 0.2943119 0.3465013 0.2998783 0.0134622 0.4171203 0.3401950 
n251_252   0.4522807 0.5049382 0.4599317 0.4841788 0.4400911 0.4370489 0.4980919 0.4579305 0.4644501 0.4474400 0.4719476 0.4457131 0.0000000 0.5033038 0.4460528 0.4608705 0.0409349 0.4774755 0.5049382 0.4483849 0.4580685 0.2978510 0.4715198 
n274_275   0.3407732 0.0202429 0.3205244 0.3086519 0.3352659 0.3097604 0.0168243 0.3457306 0.3407860 0.3519882 0.0660370 0.3455346 0.5033038 0.0000000 0.3404633 0.3423792 0.4655478 0.3185331 0.0202429 0.2997092 0.3563264 0.4272512 0.0733320 
n290_291   0.0482443 0.3414126 0.1639608 0.2947606 0.0033456 0.3098695 0.3359701 0.0553784 0.0553896 0.0590834 0.3195722 0.0100780 0.4460528 0.3404633 0.0000000 0.0965009 0.4294608 0.2895429 0.3414126 0.2950708 0.0168780 0.4168360 0.3351556 
n236_237   0.0965268 0.3433390 0.1522185 0.3164749 0.0927048 0.3378462 0.3378565 0.1002739 0.1003351 0.1082253 0.3213397 0.1002880 0.4608705 0.3423792 0.0965009 0.0000000 0.4316507 0.3110644 0.3433390 0.3224245 0.1041383 0.4263382 0.3320623 
n255_256   0.4352803 0.4670072 0.4364705 0.4536381 0.4236131 0.4081683 0.4605117 0.4408287 0.4472058 0.4305029 0.4480389 0.4291406 0.0409349 0.4655478 0.4294608 0.4316507 0.0000000 0.4597096 0.4670072 0.4191236 0.4355440 0.2786965 0.4476444 
n285_286   0.2847475 0.3193991 0.2903043 0.0134449 0.2846812 0.1552226 0.3141429 0.2893863 0.2945190 0.2950671 0.3035818 0.2943119 0.4774755 0.3185331 0.2895429 0.3110644 0.4597096 0.0000000 0.3193991 0.1430746 0.3043706 0.4045569 0.3035627 
n300_301   0.3417231 0.0066998 0.3315985 0.3094841 0.3361952 0.3105984 0.0033408 0.3466991 0.3417359 0.3529813 0.0661798 0.3465013 0.5049382 0.0202429 0.3414126 0.3433390 0.4670072 0.3193991 0.0000000 0.3005125 0.3573343 0.4165880 0.0734916 
n265_266   0.3052524 0.3005125 0.2914694 0.1350660 0.2901667 0.0203281 0.2953785 0.3100127 0.3153102 0.3159082 0.2850635 0.2998783 0.4483849 0.2997092 0.2950708 0.3224245 0.4191236 0.1430746 0.3005125 0.0000000 0.3100288 0.4123616 0.2898985 
n296_297   0.0589980 0.3573343 0.1765508 0.3097021 0.0134731 0.3251114 0.3517691 0.0662319 0.0662454 0.0700098 0.3350006 0.0134622 0.4580685 0.3563264 0.0168780 0.1041383 0.4355440 0.3043706 0.3573343 0.3100288 0.0000000 0.4345864 0.3509095 
n244_245   0.3998826 0.4165880 0.4362632 0.3989278 0.4171117 0.3899988 0.4105636 0.4051971 0.4112569 0.4064368 0.4044734 0.4171203 0.2978510 0.4272512 0.4168360 0.4263382 0.2786965 0.4045569 0.4165880 0.4123616 0.4345864 0.0000000 0.4041387 
n277_278   0.3354843 0.0734916 0.3099669 0.2986315 0.3299927 0.2950319 0.0697950 0.3404124 0.3354974 0.3466158 0.0236505 0.3401950 0.4715198 0.0733320 0.3351556 0.3320623 0.4476444 0.3035627 0.0734916 0.2898985 0.3509095 0.4041387 0.0000000 
