24
n298_299   0.0000000 0.2441770 0.1122831 0.2982246 0.0341821 0.2732409 0.2393944 0.0134332 0.0236931 0.0483921 0.0100536 0.2155770 0.0202900 0.3419880 0.2390952 0.0447960 0.0969335 0.3253127 0.2986423 0.2783064 0.0237391 0.2440935 0.3595774 0.2343909 
n280_281   0.2441770 0.0000000 0.2778921 0.2900676 0.2592858 0.2646347 0.0101074 0.2345215 0.2442593 0.2795103 0.2394280 0.0449072 0.2446057 0.3896284 0.0169166 0.2743005 0.3004709 0.3776320 0.3007710 0.2641067 0.2495260 0.0169349 0.3891642 0.0449222 
n200_201   0.1122831 0.2778921 0.0000000 0.3413358 0.1283406 0.3143861 0.2728845 0.1122482 0.1202323 0.1448015 0.1162698 0.2628287 0.1204134 0.3758072 0.2725364 0.1406014 0.1283884 0.3586546 0.3359135 0.3197671 0.1244584 0.2777938 0.4124136 0.2829896 
n286_287   0.2982246 0.2900676 0.3413358 0.0000000 0.3145190 0.1330920 0.2849462 0.3087710 0.3247718 0.3364113 0.3036675 0.2596718 0.2986805 0.4706317 0.2949160 0.3252513 0.3595631 0.4442232 0.0135107 0.1330665 0.3039984 0.2952924 0.4858824 0.2798458 
n287_288   0.0341821 0.2592858 0.1283406 0.3145190 0.0000000 0.2787135 0.2543903 0.0271910 0.0376866 0.0134521 0.0306869 0.2300024 0.0134533 0.3595929 0.2540686 0.0100589 0.1086546 0.3482119 0.3149646 0.2838272 0.0168645 0.2591956 0.3837771 0.2492609 
n266_267   0.2732409 0.2646347 0.3143861 0.1330920 0.2787135 0.0000000 0.2596955 0.2732809 0.2885094 0.2995056 0.2784836 0.2395600 0.2636391 0.3820729 0.2693311 0.2889199 0.3264848 0.3531283 0.1332608 0.0100992 0.2686948 0.2696704 0.4531487 0.2591008 
n292_293   0.2393944 0.0101074 0.2728845 0.2849462 0.2543903 0.2596955 0.0000000 0.2298053 0.2394744 0.2744684 0.2300318 0.0413447 0.2398124 0.3837364 0.0134991 0.2692979 0.2952721 0.3718398 0.2955673 0.2591787 0.2446976 0.0067248 0.3953774 0.0413585 
n293_294   0.0134332 0.2345215 0.1122482 0.3087710 0.0271910 0.2732809 0.2298053 0.0000000 0.0168289 0.0412408 0.0100503 0.2063254 0.0134511 0.3365306 0.2295200 0.0376876 0.0891585 0.3199811 0.3092064 0.2783482 0.0168615 0.2344422 0.3429122 0.2248766 
n275_276   0.0236931 0.2442593 0.1202323 0.3247718 0.0376866 0.2885094 0.2394744 0.0168289 0.0000000 0.0519710 0.0202582 0.2201333 0.0237250 0.3477593 0.2391750 0.0483542 0.1046359 0.3309371 0.3252343 0.2936913 0.0271918 0.2441758 0.3600661 0.2390718 
n289_290   0.0483921 0.2795103 0.1448015 0.3364113 0.0134521 0.2995056 0.2744684 0.0412408 0.0519710 0.0000000 0.0448214 0.2493391 0.0272023 0.3830637 0.2741163 0.0100636 0.1246551 0.3712857 0.3368960 0.3047822 0.0271978 0.2794109 0.4081503 0.2691759 
n297_298   0.0100536 0.2394280 0.1162698 0.3036675 0.0306869 0.2784836 0.2300318 0.0100503 0.0202582 0.0448214 0.0000000 0.2110179 0.0168666 0.3422555 0.2343841 0.0412456 0.0930935 0.3255633 0.3040946 0.2835918 0.0202974 0.2346735 0.3598636 0.2297083 
n278_279   0.2155770 0.0449072 0.2628287 0.2596718 0.2300024 0.2395600 0.0413447 0.2063254 0.2201333 0.2493391 0.2110179 0.0000000 0.2159426 0.3598850 0.0413201 0.2443676 0.2693513 0.3483992 0.2698886 0.2344855 0.2206502 0.0485005 0.3831567 0.0134808 
n295_296   0.0202900 0.2446057 0.1204134 0.2986805 0.0134533 0.2636391 0.2398124 0.0134511 0.0237250 0.0272023 0.0168666 0.2159426 0.0000000 0.3484216 0.2395121 0.0237297 0.1009240 0.3315564 0.2990995 0.2686397 0.0033375 0.2445220 0.3662254 0.2347976 
n251_252   0.3419880 0.3896284 0.3758072 0.4706317 0.3595929 0.3820729 0.3837364 0.3365306 0.3477593 0.3830637 0.3422555 0.3598850 0.3484216 0.0000000 0.3951179 0.3710795 0.3588542 0.0271830 0.4713701 0.3941883 0.3541631 0.3956476 0.2733165 0.3832536 
n274_275   0.2390952 0.0169166 0.2725364 0.2949160 0.2540686 0.2693311 0.0134991 0.2295200 0.2391750 0.2741163 0.2343841 0.0413201 0.2395121 0.3951179 0.0000000 0.2689538 0.2948878 0.3830383 0.3056885 0.2687928 0.2443901 0.0203564 0.3889026 0.0413339 
n290_291   0.0447960 0.2743005 0.1406014 0.3252513 0.0100589 0.2889199 0.2692979 0.0376876 0.0483542 0.0100636 0.0412456 0.2443676 0.0237297 0.3710795 0.2689538 0.0000000 0.1205790 0.3595089 0.3257153 0.2941116 0.0271973 0.2742035 0.4018254 0.2640490 
n236_237   0.0969335 0.3004709 0.1283884 0.3595631 0.1086546 0.3264848 0.2952721 0.0891585 0.1046359 0.1246551 0.0930935 0.2693513 0.1009240 0.3588542 0.2948878 0.1205790 0.0000000 0.3530888 0.3482541 0.3319803 0.1048558 0.3003614 0.3840248 0.2898065 
n255_256   0.3253127 0.3776320 0.3586546 0.4442232 0.3482119 0.3531283 0.3718398 0.3199811 0.3309371 0.3712857 0.3255633 0.3483992 0.3315564 0.0271830 0.3830383 0.3595089 0.3530888 0.0000000 0.4449084 0.3647308 0.3371539 0.3835487 0.2583906 0.3713694 
n285_286   0.2986423 0.3007710 0.3359135 0.0135107 0.3149646 0.1332608 0.2955673 0.3092064 0.3252343 0.3368960 0.3040946 0.2698886 0.2990995 0.4713701 0.3056885 0.3257153 0.3482541 0.4449084 0.0000000 0.1332352 0.3044264 0.3060811 0.4800796 0.2903878 
n265_266   0.2783064 0.2641067 0.3197671 0.1330665 0.2838272 0.0100992 0.2591787 0.2783482 0.2936913 0.3047822 0.2835918 0.2344855 0.2686397 0.3941883 0.2687928 0.2941116 0.3319803 0.3647308 0.1332352 0.0000000 0.2737341 0.2691309 0.4460051 0.2538585 
n296_297   0.0237391 0.2495260 0.1244584 0.3039984 0.0168645 0.2686948 0.2446976 0.0168615 0.0271918 0.0271978 0.0202974 0.2206502 0.0033375 0.3541631 0.2443901 0.0271973 0.1048558 0.3371539 0.3044264 0.2737341 0.0000000 0.2494401 0.3721294 0.2396435 
n299_300   0.2440935 0.0169349 0.2777938 0.2952924 0.2591956 0.2696704 0.0067248 0.2344422 0.2441758 0.2794109 0.2346735 0.0485005 0.2445220 0.3956476 0.0203564 0.2742035 0.3003614 0.3835487 0.3060811 0.2691309 0.2494401 0.0000000 0.4074835 0.0485167 
n244_245   0.3595774 0.3891642 0.4124136 0.4858824 0.3837771 0.4531487 0.3953774 0.3429122 0.3600661 0.4081503 0.3598636 0.3831567 0.3662254 0.2733165 0.3889026 0.4018254 0.3840248 0.2583906 0.4800796 0.4460051 0.3721294 0.4074835 0.0000000 0.4012932 
n277_278   0.2343909 0.0449222 0.2829896 0.2798458 0.2492609 0.2591008 0.0413585 0.2248766 0.2390718 0.2691759 0.2297083 0.0134808 0.2347976 0.3832536 0.0413339 0.2640490 0.2898065 0.3713694 0.2903878 0.2538585 0.2396435 0.0485167 0.4012932 0.0000000 
