21
n278_277   0.0000000 0.1293020 2.3957702 2.1931399 1.8657441 1.9408578 2.2049888 1.9502230 2.0617158 2.1836892 2.3535398 2.1216707 2.2021160 2.0043589 3.4067117 2.3504011 2.2888461 2.1801299 2.1681262 4.0086088 2.1459976 
n277_276   0.1293020 0.0000000 2.3761754 2.2701651 2.1576169 2.1904138 2.0468417 2.0992512 2.4222896 2.2521206 2.6602418 2.2364555 1.9645030 2.0795076 3.0197512 2.0218719 2.2715335 2.3023170 2.3874302 3.2082432 2.1276684 
n297_290   2.3957702 2.3761754 0.0000000 0.0938210 0.3035085 0.2831957 1.9421286 0.3263625 0.3098136 0.1056285 0.6106815 1.1249084 0.1176758 2.1366875 4.0352239 3.4965494 0.0238401 0.3267323 2.2190406 3.4714780 2.1604341 
n294_287   2.1931399 2.2701651 0.0938210 0.0000000 0.2819908 0.2728400 1.9936286 0.3312513 0.2880476 0.0273764 0.6384568 1.1150663 0.0899498 1.8873869 4.3884972 3.1073328 0.0784785 0.3315167 1.9673070 4.0937584 2.2246026 
n290_285   1.8657441 2.1576169 0.3035085 0.2819908 0.0000000 0.0413320 2.1826761 0.1541189 0.0377737 0.2713646 0.5951901 1.1381165 0.3142608 1.7504465 3.3658099 2.6699926 0.2820309 0.1672787 1.8201720 4.1320383 2.4585010 
n287_282   1.9408578 2.1904138 0.2831957 0.2728400 0.0413320 0.0000000 2.2085055 0.1543238 0.0378372 0.2623329 0.5783250 1.0966205 0.3047552 1.7470931 3.5120266 2.6764994 0.2728770 0.1675018 1.8855154 4.4333315 2.4884656 
n285_280   2.2049888 2.0468417 1.9421286 1.9936286 2.1826761 2.2085055 0.0000000 2.2569036 2.0664880 2.1886842 1.9759781 2.8568377 1.8552671 0.9983612 5.7185070 2.6934135 1.9043423 2.2428502 1.0799655 9.0000000 0.0813385 
n296_289   1.9502230 2.0992512 0.3263625 0.3312513 0.1541189 0.1543238 2.2569036 0.0000000 0.1500449 0.3200141 0.6645719 1.2317086 0.3600887 1.8726687 3.1764658 2.6171965 0.3146917 0.0307911 2.0176520 3.4032133 2.6401380 
n289_284   2.0617158 2.4222896 0.3098136 0.2880476 0.0377737 0.0378372 2.0664880 0.1500449 0.0000000 0.2772991 0.6125712 1.1249653 0.3206860 1.7873951 3.4655700 2.7657081 0.2880899 0.1631255 1.8967238 4.7179168 2.2658916 
n293_286   2.1836892 2.2521206 0.1056285 0.0273764 0.2713646 0.2623329 2.1886842 0.3200141 0.2772991 0.0000000 0.6478562 1.1470107 0.0977573 2.0181339 4.3131826 3.5384718 0.0900026 0.3315198 2.0584645 4.7614989 2.4757966 
n236_237   2.3535398 2.6602418 0.6106815 0.6384568 0.5951901 0.5783250 1.9759781 0.6645719 0.6125712 0.6478562 0.0000000 1.2614302 0.6470478 1.6430583 9.0000000 3.2851413 0.6204519 0.6741194 2.0245266 7.1946163 2.1774050 
n200_201   2.1216707 2.2364555 1.1249084 1.1150663 1.1381165 1.0966205 2.8568377 1.2317086 1.1249653 1.1470107 1.2614302 0.0000000 1.0925658 2.2399437 4.1243904 3.1040090 1.0954054 1.3079990 2.6732952 4.0345545 3.1606245 
n275_274   2.2021160 1.9645030 0.1176758 0.0899498 0.3142608 0.3047552 1.8552671 0.3600887 0.3206860 0.0977573 0.6470478 1.0925658 0.0000000 1.8463799 3.4290529 3.6163189 0.1056003 0.3664794 2.0537702 3.5054041 2.0480508 
n266_267   2.0043589 2.0795076 2.1366875 1.8873869 1.7504465 1.7470931 0.9983612 1.8726687 1.7873951 2.0181339 1.6430583 2.2399437 1.8463799 0.0000000 3.3793239 2.8721661 1.9572308 1.9445884 0.1855223 2.5821013 1.0415016 
n255_256   3.4067117 3.0197512 4.0352239 4.3884972 3.3658099 3.5120266 5.7185070 3.1764658 3.4655700 4.3131826 9.0000000 4.1243904 3.4290529 3.3793239 0.0000000 3.1877497 3.6183630 2.9977937 5.3284127 0.3572076 9.0000000 
n244_245   2.3504011 2.0218719 3.4965494 3.1073328 2.6699926 2.6764994 2.6934135 2.6171965 2.7657081 3.5384718 3.2851413 3.1040090 3.6163189 2.8721661 3.1877497 0.0000000 3.3703866 2.5331418 3.0692540 3.1155102 2.7948761 
n298_291   2.2888461 2.2715335 0.0238401 0.0784785 0.2820309 0.2728770 1.9043423 0.3146917 0.2880899 0.0900026 0.6204519 1.0954054 0.1056003 1.9572308 3.6183630 3.3703866 0.0000000 0.3150447 2.0210312 3.5661150 2.1136086 
n295_288   2.1801299 2.3023170 0.3267323 0.3315167 0.1672787 0.1675018 2.2428502 0.0307911 0.1631255 0.3315198 0.6741194 1.3079990 0.3664794 1.9445884 2.9977937 2.5331418 0.3150447 0.0000000 2.0973089 3.3528363 2.6178915 
n265_266   2.1681262 2.3874302 2.2190406 1.9673070 1.8201720 1.8855154 1.0799655 2.0176520 1.8967238 2.0584645 2.0245266 2.6732952 2.0537702 0.1855223 5.3284127 3.0692540 2.0210312 2.0973089 0.0000000 2.9886064 1.1221990 
n251_252   4.0086088 3.2082432 3.4714780 4.0937584 4.1320383 4.4333315 9.0000000 3.4032133 4.7179168 4.7614989 7.1946163 4.0345545 3.5054041 2.5821013 0.3572076 3.1155102 3.5661150 3.3528363 2.9886064 0.0000000 9.0000000 
n286_281   2.1459976 2.1276684 2.1604341 2.2246026 2.4585010 2.4884656 0.0813385 2.6401380 2.2658916 2.4757966 2.1774050 3.1606245 2.0480508 1.0415016 9.0000000 2.7948761 2.1136086 2.6178915 1.1221990 9.0000000 0.0000000 
