24
n289_290   0.0000000 0.0448316 0.0202764 0.2814397 0.3012387 0.0376295 0.0067162 0.2965441 0.3388798 0.0412851 0.2845737 0.0168694 0.3537163 0.3162841 0.0067215 0.1367897 0.3066983 0.0775077 0.2967380 0.3174493 0.0376278 0.3392224 0.3070129 0.3174501 
n294_295   0.0448316 0.0000000 0.0448315 0.2975946 0.3133173 0.0203249 0.0520484 0.3085327 0.3742635 0.0033463 0.2962614 0.0413139 0.3685270 0.3286744 0.0520903 0.1371864 0.3189231 0.0738861 0.3087376 0.3299080 0.0203241 0.3746340 0.3192330 0.3299089 
n295_296   0.0202764 0.0448315 0.0000000 0.2858504 0.3012464 0.0376294 0.0271973 0.2965514 0.3450635 0.0412851 0.2845804 0.0033461 0.3540403 0.3063939 0.0272189 0.1367907 0.2969115 0.0775078 0.2967454 0.3174581 0.0376278 0.3454113 0.3070210 0.3174589 
n266_267   0.2814397 0.2975946 0.2858504 0.0000000 0.2542008 0.2865574 0.2917062 0.2448331 0.3318833 0.2926047 0.0235230 0.2811833 0.3581858 0.2481625 0.2919567 0.2552122 0.2441433 0.2727610 0.2399215 0.1430965 0.2821195 0.3210462 0.2545982 0.1388322 
n299_300   0.3012387 0.3133173 0.3012464 0.2542008 0.0000000 0.3019953 0.3117974 0.0236986 0.3512359 0.3082184 0.2439407 0.2964890 0.3706249 0.0772946 0.3120666 0.2807063 0.0737805 0.2987801 0.0202432 0.3092885 0.2974813 0.3621186 0.0100525 0.3036874 
n298_299   0.0376295 0.0203249 0.0376294 0.2865574 0.3019953 0.0000000 0.0447423 0.2972882 0.3675564 0.0168985 0.2852819 0.0341514 0.3609560 0.3170822 0.0447780 0.1286364 0.3074897 0.0662970 0.2974831 0.3182534 0.0134426 0.3679213 0.3077868 0.3182542 
n290_291   0.0067162 0.0520484 0.0271973 0.2917062 0.3117974 0.0447423 0.0000000 0.3070384 0.3500635 0.0484626 0.2948409 0.0237584 0.3651188 0.3270692 0.0135226 0.1451539 0.3173506 0.0850904 0.3072412 0.3171745 0.0447403 0.3504148 0.3176776 0.3171753 
n274_275   0.2965441 0.3085327 0.2965514 0.2448331 0.0236986 0.2972882 0.3070384 0.0000000 0.3417552 0.3034629 0.2347214 0.2918175 0.3609848 0.0663732 0.3073033 0.2665432 0.0628810 0.2940692 0.0100673 0.2991981 0.2927935 0.3525299 0.0203240 0.2936818 
n251_252   0.3388798 0.3742635 0.3450635 0.3318833 0.3512359 0.3675564 0.3500635 0.3417552 0.0000000 0.3687103 0.3417140 0.3400228 0.3006528 0.3568165 0.3503708 0.3281916 0.3523724 0.3295582 0.3360872 0.3816262 0.3675206 0.0239139 0.3470199 0.3754224 
n293_294   0.0412851 0.0033463 0.0412851 0.2926047 0.3082184 0.0168985 0.0484626 0.3034629 0.3687103 0.0000000 0.2912960 0.0377809 0.3678877 0.3234730 0.0485016 0.1331289 0.3137810 0.0701958 0.3036635 0.3246799 0.0168978 0.3690768 0.3140855 0.3246807 
n265_266   0.2845737 0.2962614 0.2845804 0.0235230 0.2439407 0.2852819 0.2948409 0.2347214 0.3417140 0.2912960 0.0000000 0.2799346 0.3565544 0.2380397 0.2950932 0.2540796 0.2340641 0.2715495 0.2298942 0.1424880 0.2808641 0.3307401 0.2443193 0.1382431 
n296_297   0.0168694 0.0413139 0.0033461 0.2811833 0.2964890 0.0341514 0.0237584 0.2918175 0.3400228 0.0377809 0.2799346 0.0000000 0.3489593 0.3114511 0.0237772 0.1328419 0.3019132 0.0738547 0.2920077 0.3125930 0.0341499 0.3403671 0.3022226 0.3125938 
n244_245   0.3537163 0.3685270 0.3540403 0.3581858 0.3706249 0.3609560 0.3651188 0.3609848 0.3006528 0.3678877 0.3565544 0.3489593 0.0000000 0.3718312 0.3654404 0.3094539 0.3673360 0.3235907 0.3551858 0.4004300 0.3561325 0.2954360 0.3663616 0.3940253 
n278_279   0.3162841 0.3286744 0.3063939 0.2481625 0.0772946 0.3170822 0.3270692 0.0663732 0.3568165 0.3234730 0.2380397 0.3114511 0.3718312 0.0000000 0.3273529 0.2803753 0.0100423 0.3138734 0.0626580 0.3025546 0.3124977 0.3677790 0.0738166 0.2970321 
n287_288   0.0067215 0.0520903 0.0272189 0.2919567 0.3120666 0.0447780 0.0135226 0.3073033 0.3503708 0.0485016 0.2950932 0.0237772 0.3654404 0.3273529 0.0000000 0.1452743 0.3176255 0.0851594 0.3075065 0.3285762 0.0447760 0.3507224 0.3179529 0.3285771 
n200_201   0.1367897 0.1371864 0.1367907 0.2552122 0.2807063 0.1286364 0.1451539 0.2665432 0.3281916 0.1331289 0.2540796 0.1328419 0.3094539 0.2803753 0.1452743 0.0000000 0.2711031 0.1129054 0.2667151 0.2994700 0.1286291 0.3172687 0.2766909 0.2994707 
n277_278   0.3066983 0.3189231 0.2969115 0.2441433 0.0737805 0.3074897 0.3173506 0.0628810 0.3523724 0.3137810 0.2340641 0.3019132 0.3673360 0.0100423 0.3176255 0.2711031 0.0000000 0.3042730 0.0591778 0.2983358 0.3029449 0.3632916 0.0703013 0.2928381 
n236_237   0.0775077 0.0738861 0.0775078 0.2727610 0.2987801 0.0662970 0.0850904 0.2940692 0.3295582 0.0701958 0.2715495 0.0738547 0.3235907 0.3138734 0.0851594 0.1129054 0.3042730 0.0000000 0.2942623 0.3037034 0.0662939 0.3298945 0.3045681 0.3037042 
n280_281   0.2967380 0.3087376 0.2967454 0.2399215 0.0202432 0.2974831 0.3072412 0.0100673 0.3360872 0.3036635 0.2298942 0.2920077 0.3551858 0.0626580 0.3075065 0.2667151 0.0591778 0.2942623 0.0000000 0.2938737 0.2929849 0.3467772 0.0168785 0.2884051 
n285_286   0.3174493 0.3299080 0.3174581 0.1430965 0.3092885 0.3182534 0.3171745 0.2991981 0.3816262 0.3246799 0.1424880 0.3125930 0.4004300 0.3025546 0.3285762 0.2994700 0.2983358 0.3037034 0.2938737 0.0000000 0.3136474 0.3758142 0.3097851 0.0033316 
n275_276   0.0376278 0.0203241 0.0376278 0.2821195 0.2974813 0.0134426 0.0447403 0.2927935 0.3675206 0.0168978 0.2808641 0.0341499 0.3561325 0.3124977 0.0447760 0.1286291 0.3029449 0.0662939 0.2929849 0.3136474 0.0000000 0.3678853 0.3032375 0.3136482 
n255_256   0.3392224 0.3746340 0.3454113 0.3210462 0.3621186 0.3679213 0.3504148 0.3525299 0.0239139 0.3690768 0.3307401 0.3403671 0.2954360 0.3677790 0.3507224 0.3172687 0.3632916 0.3298945 0.3467772 0.3758142 0.3678853 0.0000000 0.3578679 0.3696678 
n292_293   0.3070129 0.3192330 0.3070210 0.2545982 0.0100525 0.3077868 0.3176776 0.0203240 0.3470199 0.3140855 0.2443193 0.3022226 0.3663616 0.0738166 0.3179529 0.2766909 0.0703013 0.3045681 0.0168785 0.3097851 0.3032375 0.3578679 0.0000000 0.3041733 
n286_287   0.3174501 0.3299089 0.3174589 0.1388322 0.3036874 0.3182542 0.3171753 0.2936818 0.3754224 0.3246807 0.1382431 0.3125938 0.3940253 0.2970321 0.3285771 0.2994707 0.2928381 0.3037042 0.2884051 0.0033316 0.3136482 0.3696678 0.3041733 0.0000000 
