25
n289_290   0.0000000 0.0516771 0.0236976 0.2552918 0.3079647 0.0375288 0.0066805 0.3080554 0.4518768 0.0516732 0.2646256 0.0202524 0.3077795 0.3961366 0.2831162 0.0066805 0.1941958 0.2830263 0.1073127 0.2972551 0.2697018 0.0552344 0.4831323 0.2975054 0.2649210 
n294_295   0.0516771 0.0000000 0.0410902 0.2696844 0.3028848 0.0134276 0.0516845 0.3029734 0.4464675 0.0066872 0.2848815 0.0375532 0.2973548 0.3955348 0.2834020 0.0516845 0.2030941 0.2833119 0.1034627 0.2922539 0.2843806 0.0236654 0.4775323 0.2924986 0.2795068 
n295_296   0.0236976 0.0410902 0.0000000 0.2508448 0.2979090 0.0271306 0.0237008 0.2979955 0.4341016 0.0410873 0.2702497 0.0033408 0.2977299 0.3961974 0.2785460 0.0237008 0.1900694 0.2784578 0.0959564 0.2873550 0.2651824 0.0446040 0.4646628 0.2875943 0.2604250 
n266_267   0.2552918 0.2696844 0.2508448 0.0000000 0.1826948 0.2504211 0.2603509 0.1869085 0.4004727 0.2696447 0.0414088 0.2459519 0.1825849 0.3648909 0.1702797 0.2649251 0.2619886 0.1790865 0.2460347 0.1781606 0.0972289 0.2744264 0.4355007 0.1738998 0.0934092 
n299_300   0.3079647 0.3028848 0.2979090 0.1826948 0.0000000 0.2828256 0.3128007 0.0341953 0.3631129 0.3028364 0.2003054 0.2927003 0.0100941 0.3563419 0.0666563 0.3128007 0.3093054 0.0777854 0.2921762 0.0237821 0.2092176 0.2977049 0.4023166 0.0134947 0.2047973 
n298_299   0.0375288 0.0134276 0.0271306 0.2504211 0.2828256 0.0000000 0.0375340 0.2829061 0.4275531 0.0134267 0.2697867 0.0236691 0.2774691 0.3787145 0.2638340 0.0375340 0.1897541 0.2637516 0.0882768 0.2725090 0.2647300 0.0168171 0.4578207 0.2727319 0.2599822 
n290_291   0.0066805 0.0516845 0.0237008 0.2603509 0.3128007 0.0375340 0.0000000 0.3128934 0.4520165 0.0516806 0.2697551 0.0202551 0.3126126 0.4078241 0.2930885 0.0066814 0.2029872 0.2929946 0.1073299 0.3020213 0.2697542 0.0552423 0.4832895 0.3022769 0.2649723 
n274_275   0.3080554 0.3029734 0.2979955 0.1869085 0.0341953 0.2829061 0.3128934 0.0000000 0.3916952 0.3029250 0.2003853 0.2927847 0.0377047 0.3667401 0.0555045 0.3128934 0.3093970 0.0664205 0.2922602 0.0306700 0.2135758 0.2977913 0.4324777 0.0271951 0.2091322 
n251_252   0.4518768 0.4464675 0.4341016 0.4004727 0.3631129 0.4275531 0.4520165 0.3916952 0.0000000 0.4521293 0.4070392 0.4340894 0.3746893 0.2897227 0.3989023 0.4520165 0.4474092 0.4049614 0.4118919 0.3861168 0.4064398 0.4335927 0.0412361 0.3582216 0.4006733 
n293_294   0.0516732 0.0066872 0.0410873 0.2696447 0.3028364 0.0134267 0.0516806 0.3029250 0.4521293 0.0000000 0.2895475 0.0375505 0.2973081 0.3954555 0.2833589 0.0516806 0.2030694 0.2832688 0.1034535 0.2922085 0.2843371 0.0236638 0.4834015 0.2924531 0.2794646 
n265_266   0.2646256 0.2848815 0.2702497 0.0414088 0.2003054 0.2697867 0.2697551 0.2003853 0.4070392 0.2895475 0.0000000 0.2652132 0.2001849 0.3892267 0.1831213 0.2743791 0.2917814 0.1920980 0.2653017 0.1956399 0.1169054 0.2944594 0.4424254 0.1912774 0.1129806 
n296_297   0.0202524 0.0375532 0.0033408 0.2459519 0.2927003 0.0236691 0.0202551 0.2927847 0.4340894 0.0375505 0.2652132 0.0000000 0.2925245 0.3961868 0.2734725 0.0202551 0.1856231 0.2733864 0.0921115 0.2822322 0.2601867 0.0410492 0.4646493 0.2824657 0.2554628 
n300_301   0.3077795 0.2973548 0.2977299 0.1825849 0.0100941 0.2774691 0.3126126 0.0377047 0.3746893 0.2973081 0.2001849 0.2925245 0.0000000 0.3561261 0.0703393 0.3126126 0.3091187 0.0815263 0.2920010 0.0272437 0.2090917 0.2922224 0.4145423 0.0169077 0.2046740 
n244_245   0.3961366 0.3955348 0.3961974 0.3648909 0.3563419 0.3787145 0.4078241 0.3667401 0.2897227 0.3954555 0.3892267 0.3961868 0.3561261 0.0000000 0.3517858 0.3962213 0.3903709 0.3574287 0.3736360 0.3613656 0.3528726 0.4010782 0.3149058 0.3400974 0.3475263 
n278_279   0.2831162 0.2834020 0.2785460 0.1702797 0.0666563 0.2638340 0.2930885 0.0555045 0.3989023 0.2833589 0.1831213 0.2734725 0.0703393 0.3517858 0.0000000 0.2930885 0.2791831 0.0272551 0.2679537 0.0629239 0.1918112 0.2784691 0.4401833 0.0592770 0.1874845 
n287_288   0.0066805 0.0516845 0.0237008 0.2649251 0.3128007 0.0375340 0.0066814 0.3128934 0.4520165 0.0516806 0.2743791 0.0202551 0.3126126 0.3962213 0.2930885 0.0000000 0.2029872 0.2929946 0.1073299 0.3020213 0.2697542 0.0552423 0.4832895 0.3022769 0.2649723 
n200_201   0.1941958 0.2030941 0.1900694 0.2619886 0.3093054 0.1897541 0.2029872 0.3093970 0.4474092 0.2030694 0.2917814 0.1856231 0.3091187 0.3903709 0.2791831 0.2029872 0.0000000 0.2841744 0.1852728 0.2886520 0.2761567 0.2070919 0.4660341 0.2987889 0.2713122 
n277_278   0.2830263 0.2833119 0.2784578 0.1790865 0.0777854 0.2637516 0.2929946 0.0664205 0.4049614 0.2832688 0.1920980 0.2733864 0.0815263 0.3574287 0.0272551 0.2929946 0.2841744 0.0000000 0.2728463 0.0739836 0.2009022 0.2834847 0.4465977 0.0702797 0.1965189 
n236_237   0.1073127 0.1034627 0.0959564 0.2460347 0.2921762 0.0882768 0.1073299 0.2922602 0.4118919 0.1034535 0.2653017 0.0921115 0.2920010 0.3736360 0.2679537 0.1073299 0.1852728 0.2728463 0.0000000 0.2721129 0.2598090 0.1033469 0.4416398 0.2819645 0.2550927 
n280_281   0.2972551 0.2922539 0.2873550 0.1781606 0.0237821 0.2725090 0.3020213 0.0306700 0.3861168 0.2922085 0.1956399 0.2822322 0.0272437 0.3613656 0.0629239 0.3020213 0.2886520 0.0739836 0.2721129 0.0000000 0.2044870 0.2871602 0.4266025 0.0168880 0.2000986 
n285_286   0.2697018 0.2843806 0.2651824 0.0972289 0.2092176 0.2647300 0.2697542 0.2135758 0.4064398 0.2843371 0.1169054 0.2601867 0.2090917 0.3528726 0.1918112 0.2697542 0.2761567 0.2009022 0.2598090 0.2044870 0.0000000 0.2892115 0.4353244 0.2000746 0.0033473 
n275_276   0.0552344 0.0236654 0.0446040 0.2744264 0.2977049 0.0168171 0.0552423 0.2977913 0.4335927 0.0236638 0.2944594 0.0410492 0.2922224 0.4010782 0.2784691 0.0552423 0.2070919 0.2834847 0.1033469 0.2871602 0.2892115 0.0000000 0.4641009 0.2873991 0.2843088 
n255_256   0.4831323 0.4775323 0.4646628 0.4355007 0.4023166 0.4578207 0.4832895 0.4324777 0.0412361 0.4834015 0.4424254 0.4646493 0.4145423 0.3149058 0.4401833 0.4832895 0.4660341 0.4465977 0.4416398 0.4266025 0.4353244 0.4641009 0.0000000 0.3972252 0.4293472 
n292_293   0.2975054 0.2924986 0.2875943 0.1738998 0.0134947 0.2727319 0.3022769 0.0271951 0.3582216 0.2924531 0.1912774 0.2824657 0.0169077 0.3400974 0.0592770 0.3022769 0.2987889 0.0702797 0.2819645 0.0168880 0.2000746 0.2873991 0.3972252 0.0000000 0.1957106 
n286_287   0.2649210 0.2795068 0.2604250 0.0934092 0.2047973 0.2599822 0.2649723 0.2091322 0.4006733 0.2794646 0.1129806 0.2554628 0.2046740 0.3475263 0.1874845 0.2649723 0.2713122 0.1965189 0.2550927 0.2000986 0.0033473 0.2843088 0.4293472 0.1957106 0.0000000 
