26
n277_278   0.0000000 1.7179634 2.7598507 1.7230402 2.5938629 0.4607399 4.1706800 3.8699228 0.0928755 0.5017065 3.0698664 2.9286331 2.9136238 3.5268252 3.0579439 0.5023738 0.5160713 2.6180295 2.4961005 2.9203686 2.0873287 1.9002414 3.3430987 3.4355750 3.4449241 0.5101649 
n286_287   1.7179634 0.0000000 1.8428486 0.0665910 1.6948826 2.1676696 3.9339581 1.7966669 1.8566129 1.9930562 1.9981748 1.7972191 1.6811104 1.5996576 2.9138806 1.9921136 2.1189015 1.7839914 1.8011486 2.9521136 0.9065988 0.9349817 1.6582334 4.3479972 1.6335252 2.0901421 
n296_297   2.7598507 1.8428486 0.0000000 1.8754409 0.1757354 2.4961708 2.2012209 0.3344155 2.8876421 2.4256214 0.6385501 0.3013066 0.1670578 0.2861607 0.9115610 2.2598610 2.3005992 0.0273122 0.1585165 1.8547403 2.7140622 2.3455789 0.2909491 2.0874601 0.3183060 2.3995227 
n285_286   1.7230402 0.0665910 1.8754409 0.0000000 1.7620564 2.0667565 4.0313078 1.7226566 1.7586010 1.9507940 2.3280627 1.7920580 1.7424528 1.5955342 2.8484828 1.9257735 2.0328412 1.8145590 1.8710887 2.7503883 0.8919926 0.9098108 1.6538710 3.7336027 1.6337677 1.9617667 
n289_290   2.5938629 1.6948826 0.1757354 1.7620564 0.0000000 2.7887123 2.2730485 0.3472091 2.9351608 2.8615401 0.6540815 0.3180992 0.0449894 0.2919485 0.9674224 2.7554042 2.5661097 0.1760539 0.0631349 2.1343560 2.5010480 2.1989118 0.3075319 2.2678167 0.3238551 2.8178640 
n274_275   0.4607399 2.1676696 2.4961708 2.0667565 2.7887123 0.0000000 3.6343362 2.7369644 0.4100019 0.0968709 2.0655044 2.3263978 2.8616529 2.4854788 2.2627213 0.0968185 0.1128127 2.4403850 2.6574337 3.6892417 1.8860086 1.7644358 2.3524434 3.9098545 2.7573424 0.1087172 
n255_256   4.1706800 3.9339581 2.2012209 4.0313078 2.2730485 3.6343362 0.0000000 1.9265098 4.1577325 3.2987788 2.1428497 2.1935999 2.3397080 2.5201340 2.2545578 3.3392945 3.8562737 2.3710870 2.0597686 2.9162641 9.0000000 8.9999985 2.1365171 0.3143541 3.0826472 3.1223105 
n275_276   3.8699228 1.7966669 0.3344155 1.7226566 0.3472091 2.7369644 1.9265098 0.0000000 3.0258492 2.5882075 0.7779849 0.1334712 0.3245781 0.1336069 1.0000548 2.5701728 2.7429274 0.3234135 0.3073645 2.3045073 2.2732646 2.4759699 0.1294403 2.5270327 0.1633359 2.7071588 
n278_279   0.0928755 1.8566129 2.8876421 1.7586010 2.9351608 0.4100019 4.1577325 3.0258492 0.0000000 0.4420274 3.2628422 2.8684528 3.1841437 3.1556454 3.3700478 0.4428222 0.4481149 2.7321947 2.6817870 2.4453886 1.9371247 1.8366997 3.0235279 3.3265585 3.4861692 0.4372239 
n299_300   0.5017065 1.9930562 2.4256214 1.9507940 2.8615401 0.0968709 3.2987788 2.5882075 0.4420274 0.0000000 1.8867820 2.2252436 3.0650110 2.3227446 2.4742025 0.0411414 0.0928467 2.4558389 2.8168900 3.7013821 1.7857846 1.7324961 2.3522638 3.2886907 2.4882929 0.0237101 
n236_237   3.0698664 1.9981748 0.6385501 2.3280627 0.6540815 2.0655044 2.1428497 0.7779849 3.2628422 1.8867820 0.0000000 0.7110432 0.6249096 0.6551292 1.0740228 1.8808243 2.2196223 0.6475492 0.6564220 2.3622191 2.3546976 2.3746332 0.7392283 2.6134132 0.7114272 1.8857940 
n293_294   2.9286331 1.7972191 0.3013066 1.7920580 0.3180992 2.3263978 2.1935999 0.1334712 2.8684528 2.2252436 0.7110432 0.0000000 0.2964834 0.0974470 0.9277626 2.1177774 2.1229780 0.2908414 0.2805371 2.2242819 2.4306535 2.2007308 0.0448824 2.8275689 0.1254788 2.3121342 
n290_291   2.9136238 1.6811104 0.1670578 1.7424528 0.0449894 2.8616529 2.3397080 0.3245781 3.1841437 3.0650110 0.6249096 0.2964834 0.0000000 0.2711194 0.9273604 2.9387718 2.6293479 0.1672974 0.0449872 1.9395371 2.6518324 2.2335398 0.2862396 2.3851197 0.3136517 3.0106731 
n297_298   3.5268252 1.5996576 0.2861607 1.5955342 0.2919485 2.4854788 2.5201340 0.1336069 3.1556454 2.3227446 0.6551292 0.0974470 0.2711194 0.0000000 0.9765005 2.2036360 2.2096152 0.2759101 0.2658072 2.3298919 2.3621802 2.1676557 0.0934842 3.1008094 0.0378355 2.4305039 
n200_201   3.0579439 2.9138806 0.9115610 2.8484828 0.9674224 2.2627213 2.2545578 1.0000548 3.3700478 2.4742025 1.0740228 0.9277626 0.9273604 0.9765005 0.0000000 2.5481080 2.5986379 0.8993122 0.9304877 1.9283644 2.2223087 2.0880970 0.9416969 2.3592392 1.0135469 2.5544484 
n292_293   0.5023738 1.9921136 2.2598610 1.9257735 2.7554042 0.0968185 3.3392945 2.5701728 0.4428222 0.0411414 1.8808243 2.1177774 2.9387718 2.2036360 2.5481080 0.0000000 0.0928270 2.3828458 2.7136819 4.1380426 1.8885810 1.7697810 2.2310545 3.3680956 2.4103027 0.0519237 
n280_281   0.5160713 2.1189015 2.3005992 2.0328412 2.5661097 0.1128127 3.8562737 2.7429274 0.4481149 0.0928467 2.2196223 2.1229780 2.6293479 2.2096152 2.5986379 0.0928270 0.0000000 2.3269935 2.5086756 4.2876351 1.8385537 1.7474924 2.2372172 3.4703043 2.4827752 0.1007016 
n295_296   2.6180295 1.7839914 0.0273122 1.8145590 0.1760539 2.4403850 2.3710870 0.3234135 2.7321947 2.4558389 0.6475492 0.2908414 0.1672974 0.2759101 0.8993122 2.3828458 2.3269935 0.0000000 0.1544404 1.8573548 2.7108467 2.2880439 0.2806408 2.1284410 0.3075523 2.4286557 
n287_288   2.4961005 1.8011486 0.1585165 1.8710887 0.0631349 2.6574337 2.0597686 0.3073645 2.6817870 2.8168900 0.6564220 0.2805371 0.0449872 0.2658072 0.9304877 2.7136819 2.5086756 0.1544404 0.0000000 2.0997559 2.5279816 2.1587135 0.2705293 2.1131341 0.3079688 2.7748300 
n244_245   2.9203686 2.9521136 1.8547403 2.7503883 2.1343560 3.6892417 2.9162641 2.3045073 2.4453886 3.7013821 2.3622191 2.2242819 1.9395371 2.3298919 1.9283644 4.1380426 4.2876351 1.8573548 2.0997559 0.0000000 2.3459795 2.5132616 2.5463091 2.2895332 2.3470386 3.9719027 
n265_266   2.0873287 0.9065988 2.7140622 0.8919926 2.5010480 1.8860086 9.0000000 2.2732646 1.9371247 1.7857846 2.3546976 2.4306535 2.6518324 2.3621802 2.2223087 1.8885810 1.8385537 2.7108467 2.5279816 2.3459795 0.0000000 0.1503403 2.6054127 7.1499983 2.2569093 2.0137712 
n266_267   1.9002414 0.9349817 2.3455789 0.9098108 2.1989118 1.7644358 8.9999985 2.4759699 1.8366997 1.7324961 2.3746332 2.2007308 2.2335398 2.1676557 2.0880970 1.7697810 1.7474924 2.2880439 2.1587135 2.5132616 0.1503403 0.0000000 2.4985950 7.9704587 2.1131511 1.9485345 
n294_295   3.3430987 1.6582334 0.2909491 1.6538710 0.3075319 2.3524434 2.1365171 0.1294403 3.0235279 2.3522638 0.7392283 0.0448824 0.2862396 0.0934842 0.9416969 2.2310545 2.2372172 0.2806408 0.2705293 2.5463091 2.6054127 2.4985950 0.0000000 2.8201737 0.1213148 2.4498305 
n251_252   3.4355750 4.3479972 2.0874601 3.7336027 2.2678167 3.9098545 0.3143541 2.5270327 3.3265585 3.2886907 2.6134132 2.8275689 2.3851197 3.1008094 2.3592392 3.3680956 3.4703043 2.1284410 2.1131341 2.2895332 7.1499983 7.9704587 2.8201737 0.0000000 3.5808874 2.9056931 
n298_299   3.4449241 1.6335252 0.3183060 1.6337677 0.3238551 2.7573424 3.0826472 0.1633359 3.4861692 2.4882929 0.7114272 0.1254788 0.3136517 0.0378355 1.0135469 2.4103027 2.4827752 0.3075523 0.3079688 2.3470386 2.2569093 2.1131511 0.1213148 3.5808874 0.0000000 2.6902733 
n300_301   0.5101649 2.0901421 2.3995227 1.9617667 2.8178640 0.1087172 3.1223105 2.7071588 0.4372239 0.0237101 1.8857940 2.3121342 3.0106731 2.4305039 2.5544484 0.0519237 0.1007016 2.4286557 2.7748300 3.9719027 2.0137712 1.9485345 2.4498305 2.9056931 2.6902733 0.0000000 
