26
n278_277   0.0000000 0.1474374 2.2518323 2.1320917 1.9746416 2.1703421 2.1986779 2.6003008 2.2948323 0.5830428 1.8578510 0.5912489 1.9359635 2.0417689 2.1302864 2.2296292 2.1458626 2.1320754 0.5832147 0.6026157 0.5750124 2.6321379 2.9701031 1.9581197 2.0741424 2.2506318 
n277_276   0.1474374 0.0000000 2.0579442 2.2321170 1.8119552 2.0880956 2.1460352 2.3032874 2.4061725 0.6067299 1.7607844 0.6076798 1.7750614 1.9806172 2.0640070 2.1568844 1.9969567 2.2937636 0.5821005 0.6553679 0.6086147 2.5050170 2.7185272 1.9016911 1.9575736 2.1796159 
n251_250   2.2518323 2.0579442 0.0000000 1.9799132 3.0523998 2.4070501 2.7887409 4.0044142 2.8742838 1.7546000 3.1048155 2.0297183 2.3222842 1.9485258 2.2149145 2.2903116 2.1975363 2.1135364 1.7928955 2.4177612 1.8607483 1.8870870 0.3344475 2.1119102 2.1821513 2.1012961 
n295_294   2.1320917 2.2321170 1.9799132 0.0000000 2.0208794 0.3411785 3.1263983 1.6580515 8.9999985 2.0511493 1.9725836 2.2556019 0.7107807 0.1380733 0.1638544 0.3246496 0.3477349 0.0523024 2.0569806 2.1223455 1.9197938 2.5970232 2.6657593 0.1634015 0.3357821 0.3484087 
n286_285   1.9746416 1.8119552 3.0523998 2.0208794 0.0000000 2.3555140 1.2337536 3.0939190 1.2759276 1.6430901 0.0854417 1.6945528 2.2423738 2.1975812 2.1784966 2.2745498 1.9131898 1.9400080 1.7688482 1.8703128 1.7209144 3.2380203 2.9150827 2.4094537 2.1245885 1.9601079 
n297_296   2.1703421 2.0880956 2.4070501 0.3411785 2.3555140 0.0000000 2.1267559 1.5177651 3.1117237 1.9814006 2.2749665 2.2465585 0.6828098 0.3253502 0.3367669 0.1137848 0.1340788 0.3405789 1.9895064 2.1372105 1.8954235 2.2435211 3.1251363 0.3308566 0.0524037 0.1302464 
n265_264   2.1986779 2.1460352 2.7887409 3.1263983 1.2337536 2.1267559 0.0000000 2.5747123 0.1448931 2.6078257 1.1674062 2.3368791 3.0455570 2.7039393 2.5063458 2.4939038 2.2749486 3.6293956 2.7649956 2.4885452 2.6974793 2.8440503 2.7940726 2.7632043 2.1587221 2.3675265 
n200_199   2.6003008 2.3032874 4.0044142 1.6580515 3.0939190 1.5177651 2.5747123 0.0000000 2.8002451 2.5102737 2.9882252 2.9814632 1.6248364 1.3933030 1.3676712 1.5370558 1.6280422 1.6978829 2.5291593 2.9294324 2.5018750 2.8594740 2.5638282 1.3976291 1.6233397 1.6633999 
n266_265   2.2948323 2.4061725 2.8742838 8.9999985 1.2759276 3.1117237 0.1448931 2.8002451 0.0000000 2.3973316 1.1550218 2.1918047 4.0158441 4.4998792 3.5461915 3.6534360 3.3443262 8.9999982 2.5291068 2.1854152 2.4892228 3.4439515 3.1083274 4.1516508 3.0407461 3.6064116 
n299_298   0.5830428 0.6067299 1.7546000 2.0511493 1.6430901 1.9814006 2.6078257 2.5102737 2.3973316 0.0000000 1.6030220 0.1052942 1.9574014 1.8729720 1.9360885 2.0465622 2.0857715 1.9846827 0.0168841 0.1376599 0.0272637 3.0403301 2.0250637 1.8448198 1.9010442 2.1375124 
n285_284   1.8578510 1.7607844 3.1048155 1.9725836 0.0854417 2.2749665 1.1674062 2.9882252 1.1550218 1.6030220 0.0000000 1.7377667 2.2298879 2.3175395 2.1866953 2.1366399 1.9676045 1.8980489 1.7237456 1.7417889 1.7331254 2.7256254 2.7293198 2.4232830 2.0536437 1.9813733 
n280_279   0.5912489 0.6076798 2.0297183 2.2556019 1.6945528 2.2465585 2.3368791 2.9814632 2.1918047 0.1052942 1.7377667 0.0000000 1.7392971 2.1839010 2.2682202 2.3438095 2.2243693 2.1672959 0.1091996 0.1588188 0.1171999 3.1846821 2.4513238 2.2493580 2.1525731 2.3969604 
n236_235   1.9359635 1.7750614 2.3222842 0.7107807 2.2423738 0.6828098 3.0455570 1.6248364 4.0158441 1.9574014 2.2298879 1.7392971 0.0000000 0.6825597 0.7331967 0.7016618 0.7128234 0.6798426 1.8854703 1.8775290 1.8498934 4.4304339 2.6685080 0.7006636 0.6918076 0.6935141 
n290_289   2.0417689 1.9806172 1.9485258 0.1380733 2.1975812 0.3253502 2.7039393 1.3933030 4.4998792 1.8729720 2.3175395 2.1839010 0.6825597 0.0000000 0.0343515 0.3090002 0.3307593 0.1418446 1.9124635 2.0206610 1.7643584 2.0613334 2.0869823 0.0342770 0.3092022 0.3311814 
n289_288   2.1302864 2.0640070 2.2149145 0.1638544 2.1784966 0.3367669 2.5063458 1.3676712 3.5461915 1.9360885 2.1866953 2.2682202 0.7331967 0.0343515 0.0000000 0.3148247 0.3367888 0.1591216 1.9779534 2.0376419 1.8211926 2.0440242 2.1883023 0.0486065 0.3203493 0.3372214 
n275_274   2.2296292 2.1568844 2.2903116 0.3246496 2.2745498 0.1137848 2.4939038 1.5370558 3.6534360 2.0465622 2.1366399 2.3438095 0.7016618 0.3090002 0.3148247 0.0000000 0.0939472 0.3070270 2.0553376 2.0185790 1.9187974 2.8689737 2.5670337 0.3143793 0.0899852 0.0902642 
n294_293   2.1458626 1.9969567 2.1975363 0.3477349 1.9131898 0.1340788 2.2749486 1.6280422 3.3443262 2.0857715 1.9676045 2.2243693 0.7128234 0.3307593 0.3367888 0.0939472 0.0000000 0.3354396 2.0949160 1.9636456 1.9876051 2.6026744 2.6050583 0.3308530 0.1097512 0.0204295 
n296_295   2.1320754 2.2937636 2.1135364 0.0523024 1.9400080 0.3405789 3.6293956 1.6978829 8.9999982 1.9846827 1.8980489 2.1672959 0.6798426 0.1418446 0.1591216 0.3070270 0.3354396 0.0000000 2.0287557 2.0483298 1.8608960 2.7814424 2.4658444 0.1586837 0.3237379 0.3360824 
n300_299   0.5832147 0.5821005 1.7928955 2.0569806 1.7688482 1.9895064 2.7649956 2.5291593 2.5291068 0.0168841 1.7237456 0.1091996 1.8854703 1.9124635 1.9779534 2.0553376 2.0949160 2.0287557 0.0000000 0.1333855 0.0272552 2.9486365 2.1682809 1.8832118 1.9084443 2.1472016 
n274_273   0.6026157 0.6553679 2.4177612 2.1223455 1.8703128 2.1372105 2.4885452 2.9294324 2.1854152 0.1376599 1.7417889 0.1588188 1.8775290 2.0206610 2.0376419 2.0185790 1.9636456 2.0483298 0.1333855 0.0000000 0.1504300 3.5482434 2.9481368 1.9880282 1.9051394 2.0956013 
n292_291   0.5750124 0.6086147 1.8607483 1.9197938 1.7209144 1.8954235 2.6974793 2.5018750 2.4892228 0.0272637 1.7331254 0.1171999 1.8498934 1.7643584 1.8211926 1.9187974 1.9876051 1.8608960 0.0272552 0.1504300 0.0000000 3.1022578 2.1207946 1.7391104 1.8195720 2.0343348 
n244_243   2.6321379 2.5050170 1.8870870 2.5970232 3.2380203 2.2435211 2.8440503 2.8594740 3.4439515 3.0403301 2.7256254 3.1846821 4.4304339 2.0613334 2.0440242 2.8689737 2.6026744 2.7814424 2.9486365 3.5482434 3.1022578 0.0000000 2.1603653 2.0673895 2.3070071 2.5373685 
n255_254   2.9701031 2.7185272 0.3344475 2.6657593 2.9150827 3.1251363 2.7940726 2.5638282 3.1083274 2.0250637 2.7293198 2.4513238 2.6685080 2.0869823 2.1883023 2.5670337 2.6050583 2.4658444 2.1682809 2.9481368 2.1207946 2.1603653 0.0000000 2.0465531 2.8811533 2.5316491 
n287_286   1.9581197 1.9016911 2.1119102 0.1634015 2.4094537 0.3308566 2.7632043 1.3976291 4.1516508 1.8448198 2.4232830 2.2493580 0.7006636 0.0342770 0.0486065 0.3143793 0.3308530 0.1586837 1.8832118 1.9880282 1.7391104 2.0673895 2.0465531 0.0000000 0.3145852 0.3312753 
n298_297   2.0741424 1.9575736 2.1821513 0.3357821 2.1245885 0.0524037 2.1587221 1.6233397 3.0407461 1.9010442 2.0536437 2.1525731 0.6918076 0.3092022 0.3203493 0.0899852 0.1097512 0.3237379 1.9084443 1.9051394 1.8195720 2.3070071 2.8811533 0.3145852 0.0000000 0.1060087 
n293_292   2.2506318 2.1796159 2.1012961 0.3484087 1.9601079 0.1302464 2.3675265 1.6633999 3.6064116 2.1375124 1.9813733 2.3969604 0.6935141 0.3311814 0.3372214 0.0902642 0.0204295 0.3360824 2.1472016 2.0956013 2.0343348 2.5373685 2.5316491 0.3312753 0.1060087 0.0000000 
