24
n289_290   0.0000000 0.0377028 0.0272788 0.3432177 0.3523611 0.0306807 0.0067083 0.3416019 0.3949237 0.3271241 0.0342536 0.3470772 0.3803050 0.3253565 0.0100918 0.1277702 0.3255397 0.0814899 0.3629511 0.3421335 0.0341291 0.4007933 0.3526701 0.3311264 
n294_295   0.0377028 0.0000000 0.0376912 0.3417683 0.3689626 0.0203040 0.0306804 0.3579649 0.3819448 0.3257578 0.0447489 0.3635671 0.3731560 0.3355028 0.0341912 0.1275509 0.3356930 0.0850844 0.3797858 0.3354438 0.0168733 0.3876915 0.3692933 0.3245730 
n295_296   0.0272788 0.0376912 0.0000000 0.3054873 0.3416917 0.0306711 0.0203492 0.3310769 0.3713005 0.2950073 0.0100821 0.3364753 0.3513219 0.3094561 0.0238110 0.1196867 0.3096280 0.0701276 0.3521411 0.3094004 0.0341185 0.3769712 0.3419874 0.2989149 
n266_267   0.3432177 0.3417683 0.3054873 0.0000000 0.3975582 0.3367891 0.3322234 0.3862151 0.4277697 0.0202908 0.3105994 0.3864779 0.3630285 0.3475271 0.3377921 0.3100045 0.3469507 0.3066596 0.3920778 0.1396861 0.3415522 0.4230356 0.3867693 0.1356960 
n299_300   0.3523611 0.3689626 0.3416917 0.3975582 0.0000000 0.3630002 0.3471631 0.0341385 0.4830851 0.3738314 0.3470474 0.0100697 0.4367722 0.0739388 0.3528383 0.3424905 0.0701838 0.3368295 0.0237267 0.4087067 0.3572852 0.5156817 0.0134626 0.4030662 
n298_299   0.0306807 0.0203040 0.0306711 0.3367891 0.3630002 0.0000000 0.0237343 0.3520976 0.3706256 0.3208729 0.0376577 0.3576494 0.3734868 0.3298424 0.0272054 0.1234608 0.3300284 0.0775488 0.3737301 0.3357317 0.0168490 0.3762821 0.3633228 0.3248488 
n290_291   0.0067083 0.0306804 0.0203492 0.3322234 0.3471631 0.0237343 0.0000000 0.3364717 0.3830846 0.3163777 0.0272546 0.3419108 0.3687764 0.3146826 0.0033462 0.1197498 0.3148582 0.0739800 0.3576871 0.3311814 0.0271560 0.3888536 0.3474657 0.3203487 
n274_275   0.3416019 0.3579649 0.3310769 0.3862151 0.0341385 0.3520976 0.3364717 0.0000000 0.4501251 0.3628575 0.3363597 0.0237170 0.3994039 0.0591411 0.3420618 0.3211077 0.0554803 0.3212984 0.0236834 0.3791137 0.3464700 0.4812902 0.0271795 0.3736855 
n251_252   0.3949237 0.3819448 0.3713005 0.4277697 0.4830851 0.3706256 0.3830846 0.4501251 0.0000000 0.4219191 0.3824712 0.4635607 0.2654843 0.4320812 0.3890863 0.3703310 0.4375744 0.3781157 0.4689963 0.4078299 0.3929176 0.0376622 0.4702113 0.4077178 
n265_266   0.3271241 0.3257578 0.2950073 0.0202908 0.3738314 0.3208729 0.3163777 0.3628575 0.4219191 0.0000000 0.3000441 0.3630975 0.3639004 0.3254155 0.3218191 0.3043342 0.3248819 0.2863753 0.3685179 0.1238928 0.3255585 0.4172076 0.3633658 0.1199756 
n296_297   0.0342536 0.0447489 0.0100821 0.3105994 0.3470474 0.0376577 0.0272546 0.3363597 0.3824712 0.3000441 0.0000000 0.3417969 0.3629365 0.3145784 0.0307528 0.1275789 0.3147538 0.0775077 0.3575678 0.3145233 0.0411291 0.3882296 0.3473498 0.3039638 
n300_301   0.3470772 0.3635671 0.3364753 0.3864779 0.0100697 0.3576494 0.3419108 0.0237170 0.4635607 0.3630975 0.3417969 0.0000000 0.4184488 0.0628778 0.3475460 0.3372596 0.0591892 0.3316384 0.0134571 0.3911699 0.3519754 0.4953262 0.0033408 0.3856520 
n244_245   0.3803050 0.3731560 0.3513219 0.3630285 0.4367722 0.3734868 0.3687764 0.3994039 0.2654843 0.3639004 0.3629365 0.4184488 0.0000000 0.3714710 0.3746197 0.3415704 0.3821267 0.3593570 0.4236081 0.3347548 0.3784089 0.2754808 0.4246750 0.3398499 
n278_279   0.3253565 0.3355028 0.3094561 0.3475271 0.0739388 0.3298424 0.3146826 0.0591411 0.4320812 0.3254155 0.3145784 0.0628778 0.3714710 0.0000000 0.3200872 0.3103092 0.0100822 0.3054327 0.0627868 0.3528502 0.3345529 0.4625078 0.0665614 0.3475859 
n287_288   0.0100918 0.0341912 0.0238110 0.3377921 0.3528383 0.0272054 0.0033462 0.3420618 0.3890863 0.3218191 0.0307528 0.3475460 0.3746197 0.3200872 0.0000000 0.1237816 0.3202666 0.0777453 0.3634453 0.3367287 0.0306413 0.3949068 0.3531482 0.3258064 
n200_201   0.1277702 0.1275509 0.1196867 0.3100045 0.3424905 0.1234608 0.1197498 0.3211077 0.3703310 0.3043342 0.1275789 0.3372596 0.3415704 0.3103092 0.1237816 0.0000000 0.3104821 0.1044605 0.3478376 0.3137714 0.1194600 0.3759816 0.3427878 0.3032433 
n277_278   0.3255397 0.3356930 0.3096280 0.3469507 0.0701838 0.3300284 0.3148582 0.0554803 0.4375744 0.3248819 0.3147538 0.0591892 0.3821267 0.0100822 0.3202666 0.3104821 0.0000000 0.3056023 0.0591032 0.3522638 0.3347419 0.4681992 0.0628499 0.3470093 
n236_237   0.0814899 0.0850844 0.0701276 0.3066596 0.3368295 0.0775488 0.0739800 0.3212984 0.3781157 0.2863753 0.0775077 0.3316384 0.3593570 0.3054327 0.0777453 0.1044605 0.3056023 0.0000000 0.3421321 0.2951788 0.0811725 0.3780607 0.3371195 0.2848710 
n280_281   0.3629511 0.3797858 0.3521411 0.3920778 0.0237267 0.3737301 0.3576871 0.0236834 0.4689963 0.3685179 0.3575678 0.0134571 0.4236081 0.0627868 0.3634453 0.3478376 0.0591032 0.3421321 0.0000000 0.3967917 0.3679295 0.5009519 0.0168670 0.3912363 
n285_286   0.3421335 0.3354438 0.3094004 0.1396861 0.4087067 0.3357317 0.3311814 0.3791137 0.4078299 0.1238928 0.3145233 0.3911699 0.3347548 0.3528502 0.3367287 0.3137714 0.3522638 0.2951788 0.3967917 0.0000000 0.3404786 0.4087269 0.3971202 0.0100544 
n275_276   0.0341291 0.0168733 0.0341185 0.3415522 0.3572852 0.0168490 0.0271560 0.3464700 0.3929176 0.3255585 0.0411291 0.3519754 0.3784089 0.3345529 0.0306413 0.1194600 0.3347419 0.0811725 0.3679295 0.3404786 0.0000000 0.3987465 0.3576002 0.3295405 
n255_256   0.4007933 0.3876915 0.3769712 0.4230356 0.5156817 0.3762821 0.3888536 0.4812902 0.0376622 0.4172076 0.3882296 0.4953262 0.2754808 0.4625078 0.3949068 0.3759816 0.4681992 0.3780607 0.5009519 0.4087269 0.3987465 0.0000000 0.4957358 0.4086142 
n292_293   0.3526701 0.3692933 0.3419874 0.3867693 0.0134626 0.3633228 0.3474657 0.0271795 0.4702113 0.3633658 0.3473498 0.0033408 0.4246750 0.0665614 0.3531482 0.3427878 0.0628499 0.3371195 0.0168670 0.3971202 0.3576002 0.4957358 0.0000000 0.3915589 
n286_287   0.3311264 0.3245730 0.2989149 0.1356960 0.4030662 0.3248488 0.3203487 0.3736855 0.4077178 0.1199756 0.3039638 0.3856520 0.3398499 0.3475859 0.3258064 0.3032433 0.3470093 0.2848710 0.3912363 0.0100544 0.3295405 0.4086142 0.3915589 0.0000000 
