26
n277_278   0.0000000 2.7363701 2.0263614 2.6706231 1.9860980 0.4574386 2.8610760 2.0490720 0.1386518 0.4904895 1.9541216 1.9796877 1.8424447 2.0861635 1.9801792 0.4987815 0.4645047 2.0903378 2.1298161 8.7694733 2.0502155 2.0366944 2.0419808 3.1858946 2.0396888 0.4756785 
n286_287   2.7363701 0.0000000 2.0511135 0.0819383 1.9527019 2.6349846 9.0000000 2.0593699 2.9057820 2.7968510 2.0813561 1.9490641 2.0401231 1.9744916 2.1961033 2.6526935 2.8151300 2.0125166 1.9451257 4.6600674 1.1565956 1.2207776 2.0774335 3.1351115 1.9399636 2.6982670 
n296_297   2.0263614 2.0511135 0.0000000 2.0885785 0.1584241 2.4411338 5.1891483 0.3181930 2.2908573 2.5094195 0.6963553 0.3509063 0.1369832 0.2865408 1.0193364 2.5304949 2.3430890 0.0271793 0.1289532 3.8349625 2.5126689 2.7273885 0.3067520 3.0937420 0.2807098 2.5213627 
n285_286   2.6706231 0.0819383 2.0885785 0.0000000 1.7957197 2.5391410 4.6723350 1.9072690 2.8529961 2.9474432 2.2381429 1.9921799 2.0304464 1.9474797 2.1769045 2.7641338 2.8057712 2.0982755 1.8692203 4.1247180 1.1467939 1.1902996 2.0476988 2.9266360 1.9136347 2.8369232 
n289_290   1.9860980 1.9527019 0.1584241 1.7957197 0.0000000 2.4985629 4.8708334 0.3358084 2.3548871 2.5432458 0.7705532 0.3628410 0.0558608 0.3139641 1.0144626 2.5744783 2.4205098 0.1670322 0.0782111 5.0413802 2.5459656 2.8689318 0.3352783 3.7898045 0.3024402 2.6345538 
n274_275   0.4574386 2.6349846 2.4411338 2.5391410 2.4985629 0.0000000 2.9827925 2.3115327 0.5187998 0.0933563 2.1477539 2.1062347 2.2832970 2.3875637 2.2241174 0.1092193 0.0858630 2.6387330 2.6767949 3.7214913 2.6673619 2.6381734 2.3183981 3.3981289 2.3613867 0.0895175 
n255_256   2.8610760 9.0000000 5.1891483 4.6723350 4.8708334 2.9827925 0.0000000 6.0388907 3.5075056 3.2020858 4.9993358 3.9204190 5.1484540 5.4141258 3.2607900 3.4138152 3.5996727 5.1085221 6.1388164 2.3615568 3.6668085 5.9017942 3.8029089 0.3244395 5.2454388 3.4976900 
n275_276   2.0490720 2.0593699 0.3181930 1.9072690 0.3358084 2.3115327 6.0388907 0.0000000 2.2006878 2.6734622 0.6626731 0.1712666 0.3078554 0.1295844 0.8638350 2.6879378 2.4158145 0.3188895 0.2924992 9.0000000 2.1092166 2.3672042 0.1585611 3.5433156 0.1373502 2.7793727 
n278_279   0.1386518 2.9057820 2.2908573 2.8529961 2.3548871 0.5187998 3.5075056 2.2006878 0.0000000 0.5410010 2.4949975 2.1070900 2.2939032 2.0780260 1.9891248 0.5499181 0.5276788 2.5275670 2.5632308 8.0984421 2.4415326 2.4795234 2.1847925 3.5780519 2.0312563 0.5250748 
n299_300   0.4904895 2.7968510 2.5094195 2.9474432 2.5432458 0.0933563 3.2020858 2.6734622 0.5410010 0.0000000 2.2744383 2.1643488 2.2956564 2.3113826 2.0792823 0.0273143 0.0557705 2.8625219 2.6865591 3.6006977 3.3378146 3.0816183 2.3868333 4.3920003 2.2875769 0.0100878 
n236_237   1.9541216 2.0813561 0.6963553 2.2381429 0.7705532 2.1477539 4.9993358 0.6626731 2.4949975 2.2744383 0.0000000 0.6261498 0.6898701 0.6397245 1.1298880 2.2242918 2.0349016 0.7074344 0.7119495 2.6343918 2.3141327 2.5316427 0.5870362 3.9072232 0.6536717 2.2757069 
n293_294   1.9796877 1.9490641 0.3509063 1.9921799 0.3628410 2.1062347 3.9204190 0.1712666 2.1070900 2.1643488 0.6261498 0.0000000 0.3448871 0.1584209 0.9401707 2.2242541 2.0050061 0.3459298 0.3459628 7.3070046 2.0654362 2.2046194 0.0484468 3.0248455 0.1619988 2.2278219 
n290_291   1.8424447 2.0401231 0.1369832 2.0304464 0.0558608 2.2832970 5.1484540 0.3078554 2.2939032 2.2956564 0.6898701 0.3448871 0.0000000 0.2918040 1.0217261 2.3200213 2.2666384 0.1452905 0.0485693 9.0000000 2.5636935 2.8394512 0.3236156 3.5260912 0.2859211 2.3666925 
n297_298   2.0861635 1.9744916 0.2865408 1.9474797 0.3139641 2.3875637 5.4141258 0.1295844 2.0780260 2.3113826 0.6397245 0.1584209 0.2918040 0.0000000 0.9288641 2.3217364 2.2306135 0.2871603 0.2717247 9.0000000 2.1395213 2.7305376 0.1459389 3.9079958 0.0272471 2.3209043 
n200_201   1.9801792 2.1961033 1.0193364 2.1769045 1.0144626 2.2241174 3.2607900 0.8638350 1.9891248 2.0792823 1.1298880 0.9401707 1.0217261 0.9288641 0.0000000 2.0639827 2.0889314 1.0328858 1.0242186 3.5263284 2.5303512 2.6730748 0.9070208 2.6066361 0.9377935 2.0422924 
n292_293   0.4987815 2.6526935 2.5304949 2.7641338 2.5744783 0.1092193 3.4138152 2.6879378 0.5499181 0.0273143 2.2242918 2.2242541 2.3200213 2.3217364 2.0639827 0.0000000 0.0668814 2.9064664 2.5562191 3.6831762 3.0850253 2.8905671 2.4509786 4.9224498 2.2976804 0.0238390 
n280_281   0.4645047 2.8151300 2.3430890 2.8057712 2.4205098 0.0858630 3.5996727 2.4158145 0.5276788 0.0557705 2.0349016 2.0050061 2.2666384 2.2306135 2.0889314 0.0668814 0.0000000 2.6428666 2.6464539 3.4560876 2.7591624 2.6811930 2.2017851 5.1049040 2.2086364 0.0521468 
n295_296   2.0903378 2.0125166 0.0271793 2.0982755 0.1670322 2.6387330 5.1085221 0.3188895 2.5275670 2.8625219 0.7074344 0.3459298 0.1452905 0.2871603 1.0328858 2.9064664 2.6428666 0.0000000 0.1290611 4.5414983 2.7492136 3.0263229 0.3123202 2.8798673 0.2813143 2.8794051 
n287_288   2.1298161 1.9451257 0.1289532 1.8692203 0.0782111 2.6767949 6.1388164 0.2924992 2.5632308 2.6865591 0.7119495 0.3459628 0.0485693 0.2717247 1.0242186 2.5562191 2.6464539 0.1290611 0.0000000 6.8606450 2.5738590 2.8642556 0.3190122 3.4841873 0.2660348 2.7912591 
n244_245   8.7694733 4.6600674 3.8349625 4.1247180 5.0413802 3.7214913 2.3615568 9.0000000 8.0984421 3.6006977 2.6343918 7.3070046 9.0000000 9.0000000 3.5263284 3.6831762 3.4560876 4.5414983 6.8606450 0.0000000 3.6524422 3.0490764 9.0000000 2.9887167 9.0000000 3.7674944 
n265_266   2.0502155 1.1565956 2.5126689 1.1467939 2.5459656 2.6673619 3.6668085 2.1092166 2.4415326 3.3378146 2.3141327 2.0654362 2.5636935 2.1395213 2.5303512 3.0850253 2.7591624 2.7492136 2.5738590 3.6524422 0.0000000 0.1677379 2.0814835 4.2857152 2.1391745 3.0767558 
n266_267   2.0366944 1.2207776 2.7273885 1.1902996 2.8689318 2.6381734 5.9017942 2.3672042 2.4795234 3.0816183 2.5316427 2.2046194 2.8394512 2.7305376 2.6730748 2.8905671 2.6811930 3.0263229 2.8642556 3.0490764 0.1677379 0.0000000 2.4118770 5.0891545 2.5066097 2.8724894 
n294_295   2.0419808 2.0774335 0.3067520 2.0476988 0.3352783 2.3183981 3.8029089 0.1585611 2.1847925 2.3868333 0.5870362 0.0484468 0.3236156 0.1459389 0.9070208 2.4509786 2.2017851 0.3123202 0.3190122 9.0000000 2.0814835 2.4118770 0.0000000 3.0296422 0.1494999 2.4666347 
n251_252   3.1858946 3.1351115 3.0937420 2.9266360 3.7898045 3.3981289 0.3244395 3.5433156 3.5780519 4.3920003 3.9072232 3.0248455 3.5260912 3.9079958 2.6066361 4.9224498 5.1049040 2.8798673 3.4841873 2.9887167 4.2857152 5.0891545 3.0296422 0.0000000 3.7336940 4.6159486 
n298_299   2.0396888 1.9399636 0.2807098 1.9136347 0.3024402 2.3613867 5.2454388 0.1373502 2.0312563 2.2875769 0.6536717 0.1619988 0.2859211 0.0272471 0.9377935 2.2976804 2.2086364 0.2813143 0.2660348 9.0000000 2.1391745 2.5066097 0.1494999 3.7336940 0.0000000 2.2968395 
n300_301   0.4756785 2.6982670 2.5213627 2.8369232 2.6345538 0.0895175 3.4976900 2.7793727 0.5250748 0.0100878 2.2757069 2.2278219 2.3666925 2.3209043 2.0422924 0.0238390 0.0521468 2.8794051 2.7912591 3.7674944 3.0767558 2.8724894 2.4666347 4.6159486 2.2968395 0.0000000 
