26
n266_299   0.0000000 2.1965216 2.6475332 2.1415663 2.1130253 2.1202522 4.0301190 3.4464878 2.1726166 0.8901710 0.8446317 1.9182483 9.0000000 3.1542836 3.0660417 1.7012443 3.3801653 2.7980121 2.1803932 0.1694237 2.1290811 2.0116399 3.2844672 2.7945684 1.9098017 1.7698208 
n287_320   2.1965216 0.0000000 0.3050222 1.0786752 2.5088517 2.3190197 0.2841418 0.2946022 2.2187371 2.2431124 2.0067885 2.2317714 2.5120005 0.3383305 2.3949907 2.5464793 3.1918508 0.1709557 0.0594301 2.0430304 0.0521653 0.6554934 0.3160718 0.1752595 2.4858228 2.4164837 
n275_308   2.6475332 0.3050222 0.0000000 0.9723050 2.1040364 2.0152893 0.1409670 0.1327669 1.8955348 2.5039977 2.2057991 1.7581897 2.1543619 0.1493097 2.2393566 2.2079904 2.4637660 0.3145948 0.3259401 2.5901407 0.3150741 0.5957634 0.1491155 0.3142844 2.0030327 2.0351302 
n200_225   2.1415663 1.0786752 0.9723050 0.0000000 2.4928749 2.4352266 1.0011172 0.9880651 2.2601252 2.2793297 2.2684412 2.2418165 3.0882779 1.0706225 3.6782114 2.2697536 2.0222755 0.9661706 1.1122366 1.9844732 1.0629706 0.9442005 1.0395386 0.9773340 2.5400720 2.1841960 
n300_333   2.1130253 2.5088517 2.1040364 2.4928749 0.0000000 0.0169007 1.7895970 1.7960504 0.0592669 2.4395720 2.4065023 0.1283495 3.7374537 2.3990352 3.7049592 0.4919497 2.9544552 2.2770887 2.2865017 2.0792842 2.3541170 2.2572688 2.3359589 2.3430062 0.1007717 0.5341385 
n299_332   2.1202522 2.3190197 2.0152893 2.4352266 0.0169007 0.0000000 1.7257393 1.7315323 0.0520396 2.4534509 2.4198906 0.1203780 4.1095817 2.2799068 6.0299662 0.4859319 2.7649805 2.2228806 2.1812199 2.0862296 2.2419125 2.2096651 2.2854714 2.2848596 0.0930948 0.5347093 
n294_327   4.0301190 0.2841418 0.1409670 1.0011172 1.7895970 1.7257393 0.0000000 0.0308124 1.6341249 2.9531543 2.5197768 1.7610539 2.2516199 0.1291006 2.4887309 1.9732759 2.3999389 0.2987752 0.2943256 3.1270007 0.2786646 0.5728012 0.1289343 0.3039434 1.7818334 1.9114829 
n293_326   3.4464878 0.2946022 0.1327669 0.9880651 1.7960504 1.7315323 0.0308124 0.0000000 1.6089222 3.1267961 2.6272159 1.6984263 2.4852113 0.1208962 2.8011820 1.9010171 2.4170762 0.2988412 0.3154554 2.8260672 0.2890433 0.5351872 0.1207413 0.3040118 1.7526063 1.8442088 
n292_325   2.1726166 2.2187371 1.8955348 2.2601252 0.0592669 0.0520396 1.6341249 1.6089222 0.0000000 2.7120175 2.5953849 0.1362801 3.3205537 2.1246803 5.1893734 0.4849386 3.2627670 2.0725462 2.0490107 2.1827987 2.0514211 1.9577387 2.0770872 2.1251208 0.1045503 0.5405941 
n285_318   0.8901710 2.2431124 2.5039977 2.2793297 2.4395720 2.4534509 2.9531543 3.1267961 2.7120175 0.0000000 0.0517925 2.1058696 8.9999980 3.5941851 2.5427216 2.2074685 2.7081843 2.3527188 2.1403428 0.8468426 2.5138495 2.0339874 3.5840205 2.2919076 2.3171270 2.1773981 
n286_319   0.8446317 2.0067885 2.2057991 2.2684412 2.4065023 2.4198906 2.5197768 2.6272159 2.5953849 0.0517925 0.0000000 2.0804085 9.0000000 3.1152440 3.0285126 2.0781283 2.8713516 2.0883470 1.8875537 0.8488777 2.2087632 1.7574640 2.9832542 1.9945195 2.3513226 1.9527899 
n274_307   1.9182483 2.2317714 1.7581897 2.2418165 0.1283495 0.1203780 1.7610539 1.6984263 0.1362801 2.1058696 2.0804085 0.0000000 3.9819115 2.1608180 5.3786182 0.4839730 2.8222295 2.0524652 2.0684731 1.8835629 2.0718426 2.0662733 2.1653771 2.1034520 0.1528782 0.5175953 
n251_284   9.0000000 2.5120005 2.1543619 3.0882779 3.7374537 4.1095817 2.2516199 2.4852113 3.3205537 8.9999980 9.0000000 3.9819115 0.0000000 1.9312535 0.3441230 8.9999984 3.2858938 3.0723311 2.4534188 9.0000000 2.6505961 2.8585602 2.0113674 3.2908581 8.9999985 8.9999987 
n298_331   3.1542836 0.3383305 0.1493097 1.0706225 2.3990352 2.2799068 0.1291006 0.1208962 2.1246803 3.5941851 3.1152440 2.1608180 1.9312535 0.0000000 2.4453530 2.2306028 2.5307442 0.3479860 0.3603732 2.9296262 0.3268671 0.5963156 0.0344054 0.3535394 2.2618977 2.0118465 
n255_288   3.0660417 2.3949907 2.2393566 3.6782114 3.7049592 6.0299662 2.4887309 2.8011820 5.1893734 2.5427216 3.0285126 5.3786182 0.3441230 2.4453530 0.0000000 5.4340625 3.8494732 2.8551523 2.4392883 3.2597520 2.6845279 8.9999984 2.6582169 2.9074451 9.0000000 8.9999983 
n277_310   1.7012443 2.5464793 2.2079904 2.2697536 0.4919497 0.4859319 1.9732759 1.9010171 0.4849386 2.2074685 2.0781283 0.4839730 8.9999984 2.2306028 5.4340625 0.0000000 2.7922329 2.3474795 2.5113972 1.8441137 2.4633567 2.4251073 2.3667915 2.3454313 0.5123001 0.1079503 
n244_275   3.3801653 3.1918508 2.4637660 2.0222755 2.9544552 2.7649805 2.3999389 2.4170762 3.2627670 2.7081843 2.8713516 2.8222295 3.2858938 2.5307442 3.8494732 2.7922329 0.0000000 2.7087061 2.6326394 6.2422937 2.8059144 2.4684571 2.6812065 2.8851114 2.8814279 3.0640470 
n296_329   2.7980121 0.1709557 0.3145948 0.9661706 2.2770887 2.2228806 0.2987752 0.2988412 2.0725462 2.3527188 2.0883470 2.0524652 3.0723311 0.3479860 2.8551523 2.3474795 2.7087061 0.0000000 0.1708848 2.2220563 0.1621272 0.6045928 0.3200720 0.0273395 2.3866263 2.0013409 
n290_323   2.1803932 0.0594301 0.3259401 1.1122366 2.2865017 2.1812199 0.2943256 0.3154554 2.0490107 2.1403428 1.8875537 2.0684731 2.4534188 0.3603732 2.4392883 2.5113972 2.6326394 0.1708848 0.0000000 1.9192334 0.0557982 0.6816217 0.3374159 0.1751866 2.3292655 2.3992663 
n265_298   0.1694237 2.0430304 2.5901407 1.9844732 2.0792842 2.0862296 3.1270007 2.8260672 2.1827987 0.8468426 0.8488777 1.8835629 9.0000000 2.9296262 3.2597520 1.8441137 6.2422937 2.2220563 1.9192334 0.0000000 2.0013313 1.9926098 2.9087466 2.2803899 1.9561378 1.9941261 
n289_322   2.1290811 0.0521653 0.3150741 1.0629706 2.3541170 2.2419125 0.2786646 0.2890433 2.0514211 2.5138495 2.2087632 2.0718426 2.6505961 0.3268671 2.6845279 2.4633567 2.8059144 0.1621272 0.0557982 2.0013313 0.0000000 0.6707157 0.3050066 0.1705942 2.2309715 2.3565088 
n236_265   2.0116399 0.6554934 0.5957634 0.9442005 2.2572688 2.2096651 0.5728012 0.5351872 1.9577387 2.0339874 1.7574640 2.0662733 2.8585602 0.5963156 8.9999984 2.4251073 2.4684571 0.6045928 0.6816217 1.9926098 0.6707157 0.0000000 0.5791327 0.6204938 2.4025583 2.2283809 
n297_330   3.2844672 0.3160718 0.1491155 1.0395386 2.3359589 2.2854714 0.1289343 0.1207413 2.0770872 3.5840205 2.9832542 2.1653771 2.0113674 0.0344054 2.6582169 2.3667915 2.6812065 0.3200720 0.3374159 2.9087466 0.3050066 0.5791327 0.0000000 0.3254018 2.2672881 2.1159824 
n295_328   2.7945684 0.1752595 0.3142844 0.9773340 2.3430062 2.2848596 0.3039434 0.3040118 2.1251208 2.2919076 1.9945195 2.1034520 3.2908581 0.3535394 2.9074451 2.3454313 2.8851114 0.0273395 0.1751866 2.2803899 0.1705942 0.6204938 0.3254018 0.0000000 2.5256540 2.0422137 
n280_313   1.9098017 2.4858228 2.0030327 2.5400720 0.1007717 0.0930948 1.7818334 1.7526063 0.1045503 2.3171270 2.3513226 0.1528782 8.9999985 2.2618977 9.0000000 0.5123001 2.8814279 2.3866263 2.3292655 1.9561378 2.2309715 2.4025583 2.2672881 2.5256540 0.0000000 0.5786308 
n278_311   1.7698208 2.4164837 2.0351302 2.1841960 0.5341385 0.5347093 1.9114829 1.8442088 0.5405941 2.1773981 1.9527899 0.5175953 8.9999987 2.0118465 8.9999983 0.1079503 3.0640470 2.0013409 2.3992663 1.9941261 2.3565088 2.2283809 2.1159824 2.0422137 0.5786308 0.0000000 
