23
n298_299   0.0000000 0.3230888 0.1533412 0.2897522 0.0272014 0.3100502 0.3175409 0.0067024 0.0168884 0.0272268 0.3349337 0.0377455 0.4385499 0.3281698 0.0237406 0.0705304 0.4249268 0.2949010 0.3231321 0.3415608 0.0307041 0.4492783 0.3177492 
n280_281   0.3230888 0.0000000 0.3387325 0.2913017 0.3337730 0.3178579 0.0100533 0.3230279 0.3285128 0.3340803 0.0703103 0.3400186 0.4108592 0.0168381 0.3283498 0.3511985 0.4099343 0.3017293 0.0134478 0.3336985 0.3394870 0.3815096 0.0665177 
n200_201   0.1533412 0.3387325 0.0000000 0.3342412 0.1617385 0.3515621 0.3330607 0.1533150 0.1660664 0.1618895 0.3335202 0.1748490 0.4419027 0.3439141 0.1575042 0.1753041 0.4410272 0.3453574 0.3387806 0.3630728 0.1661258 0.4567581 0.3332776 
n286_287   0.2897522 0.2913017 0.3342412 0.0000000 0.3152853 0.1281344 0.2759961 0.2944959 0.3054130 0.3155778 0.2868423 0.3205791 0.3710796 0.2860042 0.3099709 0.2960236 0.3762655 0.0134533 0.2812334 0.1484002 0.3208784 0.3866180 0.2760898 
n287_288   0.0272014 0.3337730 0.1617385 0.3152853 0.0000000 0.3263057 0.3281376 0.0271973 0.0376983 0.0067129 0.3458202 0.0169175 0.4375797 0.3389253 0.0033449 0.0741774 0.4239952 0.3206163 0.3338196 0.3585519 0.0100930 0.4503471 0.3283519 
n266_267   0.3100502 0.3178579 0.3515621 0.1281344 0.3263057 0.0000000 0.3019356 0.3155992 0.3268813 0.3209915 0.3138182 0.3373915 0.4440817 0.3123339 0.3209035 0.3283602 0.4439758 0.1363103 0.3073951 0.0307268 0.3319949 0.4170791 0.3130533 
n292_293   0.3175409 0.0100533 0.3330607 0.2759961 0.3281376 0.3019356 0.0000000 0.3174812 0.3229195 0.3284397 0.0592552 0.3343215 0.3988929 0.0066812 0.3227600 0.3454042 0.3980041 0.2861893 0.0033351 0.3279299 0.3338014 0.3754365 0.0555395 
n293_294   0.0067024 0.3230279 0.1533150 0.2944959 0.0271973 0.3155992 0.3174812 0.0000000 0.0100808 0.0272227 0.3348701 0.0377396 0.4325464 0.3281078 0.0237370 0.0705191 0.4190439 0.2996746 0.3230711 0.3473738 0.0306994 0.4491888 0.3176894 
n275_276   0.0168884 0.3285128 0.1660664 0.3054130 0.0376983 0.3268813 0.3229195 0.0100808 0.0000000 0.0377334 0.3404625 0.0484261 0.4518664 0.3336309 0.0341828 0.0743145 0.4379522 0.3106799 0.3285578 0.3591948 0.0412643 0.4688930 0.3231309 
n289_290   0.0272268 0.3340803 0.1618895 0.3155778 0.0067129 0.3209915 0.3284397 0.0272227 0.0377334 0.0000000 0.3461388 0.0169332 0.4379819 0.3392370 0.0033481 0.0742470 0.4243845 0.3209146 0.3341270 0.3530052 0.0101024 0.4371675 0.3286543 
n278_279   0.3349337 0.0703103 0.3335202 0.2868423 0.3458202 0.3138182 0.0592552 0.3348701 0.3404625 0.3461388 0.0000000 0.3631788 0.4445048 0.0665721 0.3402918 0.3523269 0.4434708 0.2972165 0.0629538 0.3403272 0.3516496 0.3935936 0.0237300 
n295_296   0.0377455 0.3400186 0.1748490 0.3205791 0.0169175 0.3373915 0.3343215 0.0377396 0.0484261 0.0169332 0.3631788 0.0000000 0.4305838 0.3452224 0.0134999 0.0855940 0.4105732 0.3259490 0.3400673 0.3701423 0.0067104 0.4637376 0.3452282 
n251_252   0.4385499 0.4108592 0.4419027 0.3710796 0.4375797 0.4440817 0.3988929 0.4325464 0.4518664 0.4379819 0.4445048 0.4305838 0.0000000 0.4108666 0.4312499 0.4133869 0.0484389 0.3775421 0.4052506 0.4563441 0.4376223 0.3381878 0.4307431 
n274_275   0.3281698 0.0168381 0.3439141 0.2860042 0.3389253 0.3123339 0.0066812 0.3281078 0.3336309 0.3392370 0.0665721 0.3452224 0.4108666 0.0000000 0.3334648 0.3564823 0.4099416 0.2963457 0.0100541 0.3387083 0.3446805 0.3870244 0.0628076 
n290_291   0.0237406 0.3283498 0.1575042 0.3099709 0.0033449 0.3209035 0.3227600 0.0237370 0.0341828 0.0033481 0.3402918 0.0134999 0.4312499 0.3334648 0.0000000 0.0704541 0.4177989 0.3152616 0.3283947 0.3529065 0.0067119 0.4439080 0.3229712 
n236_237   0.0705304 0.3511985 0.1753041 0.2960236 0.0741774 0.3283602 0.3454042 0.0705191 0.0743145 0.0742470 0.3523269 0.0855940 0.4133869 0.3564823 0.0704541 0.0000000 0.4065996 0.3066510 0.3512510 0.3444700 0.0779819 0.4307279 0.3456288 
n255_256   0.4249268 0.4099343 0.4410272 0.3762655 0.4239952 0.4439758 0.3980041 0.4190439 0.4379522 0.4243845 0.4434708 0.4105732 0.0484389 0.4099416 0.4177989 0.4065996 0.0000000 0.3827701 0.4043420 0.4562282 0.4173762 0.3010155 0.4297544 
n285_286   0.2949010 0.3017293 0.3453574 0.0134533 0.3206163 0.1363103 0.2861893 0.2996746 0.3106799 0.3209146 0.2972165 0.3259490 0.3775421 0.2963457 0.3152616 0.3066510 0.3827701 0.0000000 0.2915112 0.1568220 0.3262542 0.3932155 0.2862860 
n300_301   0.3231321 0.0134478 0.3387806 0.2812334 0.3338196 0.3073951 0.0033351 0.3230711 0.3285578 0.3341270 0.0629538 0.3400673 0.4052506 0.0100541 0.3283947 0.3512510 0.4043420 0.2915112 0.0000000 0.3336069 0.3395354 0.3815735 0.0592112 
n265_266   0.3415608 0.3336985 0.3630728 0.1484002 0.3585519 0.0307268 0.3279299 0.3473738 0.3591948 0.3530052 0.3403272 0.3701423 0.4563441 0.3387083 0.3529065 0.3444700 0.4562282 0.1568220 0.3336069 0.0000000 0.3645095 0.4351242 0.3286668 
n296_297   0.0307041 0.3394870 0.1661258 0.3208784 0.0100930 0.3319949 0.3338014 0.0306994 0.0412643 0.0101024 0.3516496 0.0067104 0.4376223 0.3446805 0.0067119 0.0779819 0.4173762 0.3262542 0.3395354 0.3645095 0.0000000 0.4571734 0.3340190 
n244_245   0.4492783 0.3815096 0.4567581 0.3866180 0.4503471 0.4170791 0.3754365 0.4491888 0.4688930 0.4371675 0.3935936 0.4637376 0.3381878 0.3870244 0.4439080 0.4307279 0.3010155 0.3932155 0.3815735 0.4351242 0.4571734 0.0000000 0.3871516 
n277_278   0.3177492 0.0665177 0.3332776 0.2760898 0.3283519 0.3130533 0.0555395 0.3176894 0.3231309 0.3286543 0.0237300 0.3452282 0.4307431 0.0628076 0.3229712 0.3456288 0.4297544 0.2862860 0.0592112 0.3286668 0.3340190 0.3871516 0.0000000 
