24
n298_299   0.0000000 0.2273057 0.1338037 0.2366045 0.0449705 0.2362676 0.2322519 0.0307559 0.0134580 0.0522233 0.0134714 0.2371869 0.0413727 0.3631637 0.2415741 0.0558706 0.1014122 0.4066302 0.2464373 0.0168781 0.2360802 0.0378060 0.3343959 0.2374131 
n280_281   0.2273057 0.0000000 0.2470472 0.2083343 0.2132371 0.2125768 0.0033408 0.2473105 0.2224524 0.2039605 0.2322001 0.0413544 0.2178410 0.3513642 0.0203044 0.2228548 0.2568519 0.3748022 0.2177538 0.2322063 0.2030618 0.2130653 0.3170596 0.0449915 
n200_201   0.1338037 0.2470472 0.0000000 0.2719643 0.1256562 0.2716981 0.2521600 0.1465307 0.1295566 0.1299162 0.1421643 0.2623237 0.1215157 0.3871605 0.2669824 0.1298255 0.1463373 0.4192178 0.2823604 0.1338266 0.2714804 0.1174288 0.3877451 0.2678596 
n286_287   0.2366045 0.2083343 0.2719643 0.0000000 0.2417920 0.0817244 0.2131264 0.2468290 0.2220396 0.2420481 0.2366433 0.2225402 0.2319207 0.3218594 0.2127445 0.2518345 0.2666461 0.3682985 0.0066843 0.2366494 0.0855160 0.2270416 0.3166783 0.2227715 
n287_288   0.0449705 0.2132371 0.1256562 0.2417920 0.0000000 0.2414455 0.2180707 0.0632347 0.0413569 0.0067100 0.0521933 0.2228967 0.0238072 0.3459715 0.2321499 0.0100932 0.0936605 0.3821392 0.2517138 0.0485590 0.2412536 0.0203435 0.3231523 0.2280513 
n266_267   0.2362676 0.2125768 0.2716981 0.0817244 0.2414455 0.0000000 0.2173942 0.2464733 0.2265220 0.2417009 0.2363062 0.2222042 0.2267509 0.3384131 0.2124272 0.2565022 0.2817102 0.3921919 0.0893851 0.2363124 0.0237402 0.2219182 0.3271626 0.2224348 
n292_293   0.2322519 0.0033408 0.2521600 0.2131264 0.2180707 0.2173942 0.0000000 0.2524310 0.2273578 0.2087210 0.2371880 0.0449502 0.2227100 0.3574536 0.0237656 0.2277692 0.2620454 0.3811173 0.2226219 0.2371942 0.2077996 0.2178948 0.3228209 0.0486150 
n293_294   0.0307559 0.2473105 0.1465307 0.2468290 0.0632347 0.2464733 0.2524310 0.0000000 0.0307331 0.0707229 0.0378078 0.2624470 0.0595182 0.3817128 0.2669748 0.0744851 0.1175023 0.4199688 0.2568343 0.0168983 0.2462771 0.0558376 0.3695829 0.2627024 
n275_276   0.0134580 0.2224524 0.1295566 0.2220396 0.0413569 0.2265220 0.2273578 0.0307331 0.0000000 0.0485590 0.0203005 0.2322534 0.0377835 0.3628214 0.2366138 0.0521816 0.0974047 0.3998715 0.2316467 0.0168656 0.2263429 0.0342416 0.3283776 0.2324740 
n289_290   0.0522233 0.2039605 0.1299162 0.2420481 0.0067100 0.2417009 0.2087210 0.0707229 0.0485590 0.0000000 0.0595367 0.2134760 0.0308021 0.3463700 0.2226058 0.0169259 0.1015518 0.3825915 0.2519826 0.0558549 0.2365937 0.0272940 0.3235184 0.2185437 
n297_298   0.0134714 0.2322001 0.1421643 0.2366433 0.0521933 0.2363062 0.2371880 0.0378078 0.0203005 0.0595367 0.0000000 0.2421637 0.0485498 0.3572266 0.2465786 0.0632282 0.1093407 0.4002990 0.2464785 0.0237628 0.2361188 0.0449392 0.3287037 0.2423966 
n278_279   0.2371869 0.0413544 0.2623237 0.2225402 0.2228967 0.2222042 0.0449502 0.2624470 0.2322534 0.2134760 0.2421637 0.0000000 0.2275703 0.3515844 0.0520985 0.2375537 0.2621166 0.3813558 0.2273417 0.2421698 0.2125321 0.2227167 0.3285433 0.0100921 
n295_296   0.0413727 0.2178410 0.1215157 0.2319207 0.0238072 0.2267509 0.2227100 0.0595182 0.0377835 0.0308021 0.0485498 0.2275703 0.0000000 0.3456044 0.2368830 0.0343238 0.0859320 0.3817269 0.2416864 0.0449395 0.2265714 0.0033418 0.3176175 0.2327671 
n251_252   0.3631637 0.3513642 0.3871605 0.3218594 0.3459715 0.3384131 0.3574536 0.3817128 0.3628214 0.3463700 0.3572266 0.3515844 0.3456044 0.0000000 0.3748889 0.3638717 0.4064227 0.0525971 0.3331304 0.3511501 0.3265966 0.3397423 0.2756615 0.3580948 
n274_275   0.2415741 0.0203044 0.2669824 0.2127445 0.2321499 0.2124272 0.0237656 0.2669748 0.2366138 0.2226058 0.2465786 0.0520985 0.2368830 0.3748889 0.0000000 0.2420639 0.2770821 0.3991541 0.2222207 0.2465846 0.2076548 0.2319624 0.3334739 0.0521462 
n290_291   0.0558706 0.2228548 0.1298255 0.2518345 0.0100932 0.2565022 0.2277692 0.0744851 0.0521816 0.0169259 0.0632282 0.2375537 0.0343238 0.3638717 0.2420639 0.0000000 0.1055107 0.4010782 0.2619164 0.0595231 0.2562964 0.0307952 0.3287461 0.2428515 
n236_237   0.1014122 0.2568519 0.1463373 0.2666461 0.0936605 0.2817102 0.2620454 0.1175023 0.0974047 0.1015518 0.1093407 0.2621166 0.0859320 0.4064227 0.2770821 0.1055107 0.0000000 0.4529422 0.2666218 0.1014291 0.2814841 0.0820796 0.3758539 0.2728018 
n255_256   0.4066302 0.3748022 0.4192178 0.3682985 0.3821392 0.3921919 0.3811173 0.4199688 0.3998715 0.3825915 0.4002990 0.3813558 0.3817269 0.0525971 0.3991541 0.4010782 0.4529422 0.0000000 0.3803911 0.3875905 0.3732795 0.3755315 0.3138987 0.3882041 
n285_286   0.2464373 0.2177538 0.2823604 0.0066843 0.2517138 0.0893851 0.2226219 0.2568343 0.2316467 0.2519826 0.2464785 0.2273417 0.2416864 0.3331304 0.2222207 0.2619164 0.2666218 0.3803911 0.0000000 0.2464845 0.0932229 0.2367311 0.3278710 0.2324180 
n294_295   0.0168781 0.2322063 0.1338266 0.2366494 0.0485590 0.2363124 0.2371942 0.0168983 0.0168656 0.0558549 0.0237628 0.2421698 0.0449395 0.3511501 0.2465846 0.0595231 0.1014291 0.3875905 0.2464845 0.0000000 0.2361249 0.0413519 0.3455868 0.2424027 
n265_266   0.2360802 0.2030618 0.2714804 0.0855160 0.2412536 0.0237402 0.2077996 0.2462771 0.2263429 0.2365937 0.2361188 0.2125321 0.2265714 0.3265966 0.2076548 0.2562964 0.2814841 0.3732795 0.0932229 0.2361249 0.0000000 0.2217428 0.3269150 0.2127509 
n296_297   0.0378060 0.2130653 0.1174288 0.2270416 0.0203435 0.2219182 0.2178948 0.0558376 0.0342416 0.0272940 0.0449392 0.2227167 0.0033418 0.3397423 0.2319624 0.0307952 0.0820796 0.3755315 0.2367311 0.0413519 0.2217428 0.0000000 0.3119973 0.2278668 
n244_245   0.3343959 0.3170596 0.3877451 0.3166783 0.3231523 0.3271626 0.3228209 0.3695829 0.3283776 0.3235184 0.3287037 0.3285433 0.3176175 0.2756615 0.3334739 0.3287461 0.3758539 0.3138987 0.3278710 0.3455868 0.3269150 0.3119973 0.0000000 0.3347985 
n277_278   0.2374131 0.0449915 0.2678596 0.2227715 0.2280513 0.2224348 0.0486150 0.2627024 0.2324740 0.2185437 0.2423966 0.0100921 0.2327671 0.3580948 0.0521462 0.2428515 0.2728018 0.3882041 0.2324180 0.2424027 0.2127509 0.2278668 0.3347985 0.0000000 
