25
n298_299   0.0000000 0.3015397 0.1322040 0.2763796 0.0237530 0.2973976 0.3065543 0.0272265 0.0237721 0.0237558 0.0033440 0.3010688 0.0237662 0.4014921 0.3116452 0.0272362 0.0928458 0.3969709 0.0272265 0.3064185 0.2769708 0.0237849 0.3120805 0.4523748 0.3169016 
n280_281   0.3015397 0.0000000 0.2860152 0.2411728 0.2966540 0.2509538 0.0134533 0.3014407 0.3018965 0.2967145 0.2964025 0.0555481 0.2970109 0.4260485 0.0271845 0.2866292 0.2973091 0.4143944 0.2910078 0.0168582 0.2319183 0.2966840 0.0237287 0.4261507 0.0627829 
n200_201   0.1322040 0.2860152 0.0000000 0.2615410 0.1201307 0.2873004 0.2857999 0.1361408 0.1241877 0.1280864 0.1281684 0.2909513 0.1321019 0.4145049 0.2858127 0.1242239 0.1364564 0.4215134 0.1361408 0.2856747 0.2671572 0.1322145 0.2959538 0.4380754 0.3118385 
n286_287   0.2763796 0.2411728 0.2615410 0.0000000 0.2665574 0.1611699 0.2457865 0.2660903 0.2715740 0.2666088 0.2714168 0.2362491 0.2715075 0.3787901 0.2502151 0.2620395 0.2769096 0.3681307 0.2561780 0.2456812 0.1486968 0.2614800 0.2553552 0.3836811 0.2457420 
n287_288   0.0237530 0.2966540 0.1201307 0.2665574 0.0000000 0.2872678 0.3016398 0.0237546 0.0168871 0.0067071 0.0203087 0.2961911 0.0203125 0.3844748 0.3067006 0.0100923 0.0890008 0.3800102 0.0237546 0.3015063 0.2671236 0.0203285 0.3071276 0.4516721 0.3119234 
n266_267   0.2973976 0.2509538 0.2873004 0.1611699 0.2872678 0.0000000 0.2607553 0.2815548 0.2924502 0.2873255 0.2922767 0.2606379 0.2923786 0.4097752 0.2753865 0.2826313 0.2777643 0.4043818 0.2765252 0.2606425 0.0341020 0.2820203 0.2705463 0.4388220 0.2604841 
n292_293   0.3065543 0.0134533 0.2857999 0.2457865 0.3016398 0.2607553 0.0000000 0.3064538 0.3069184 0.3017018 0.3013834 0.0591479 0.3020042 0.4197637 0.0271988 0.2915515 0.3023075 0.4202304 0.2959503 0.0033388 0.2414452 0.3016710 0.0100695 0.4198606 0.0701623 
n293_294   0.0272265 0.3014407 0.1361408 0.2660903 0.0237546 0.2815548 0.3064538 0.0000000 0.0237736 0.0237574 0.0237633 0.3009700 0.0237678 0.3892686 0.3115431 0.0272381 0.0889950 0.3847933 0.0067097 0.3063180 0.2666546 0.0237865 0.3119782 0.4397541 0.3167980 
n275_276   0.0237721 0.3018965 0.1241877 0.2715740 0.0168871 0.2924502 0.3069184 0.0237736 0.0000000 0.0203199 0.0203249 0.3014246 0.0203288 0.3902269 0.3120167 0.0237821 0.0890752 0.3857422 0.0237736 0.3067822 0.2721532 0.0203448 0.3124530 0.4521415 0.3172811 
n289_290   0.0237558 0.2967145 0.1280864 0.2666088 0.0067071 0.2873255 0.3017018 0.0237574 0.0203199 0.0000000 0.0203110 0.2962514 0.0203149 0.3845668 0.3067642 0.0100934 0.0890129 0.3801007 0.0237574 0.3015683 0.2671752 0.0203309 0.3071914 0.4517940 0.3119887 
n297_298   0.0033440 0.2964025 0.1281684 0.2714168 0.0203087 0.2922767 0.3013834 0.0237633 0.0203249 0.0203110 0.0000000 0.2959403 0.0203199 0.3955863 0.3064393 0.0237717 0.0890331 0.3910864 0.0237633 0.3012502 0.2719953 0.0203359 0.3068656 0.4518223 0.3116567 
n278_279   0.3010688 0.0555481 0.2909513 0.2362491 0.2961911 0.2606379 0.0591479 0.3009700 0.3014246 0.2962514 0.2959403 0.0000000 0.2965469 0.4370346 0.0738632 0.2861832 0.2968444 0.4252417 0.2905551 0.0591248 0.2413354 0.2962210 0.0664548 0.4321728 0.0272117 
n295_296   0.0237662 0.2970109 0.1321019 0.2715075 0.0203125 0.2923786 0.3020042 0.0237678 0.0203288 0.0203149 0.0203199 0.2965469 0.0000000 0.3903501 0.3070727 0.0237762 0.0890532 0.3858633 0.0237678 0.3018704 0.2720864 0.0134949 0.3075008 0.4395242 0.3123037 
n251_252   0.4014921 0.4260485 0.4145049 0.3787901 0.3844748 0.4097752 0.4197637 0.3892686 0.3902269 0.3845668 0.3955863 0.4370346 0.3903501 0.0000000 0.4379965 0.3792864 0.3966330 0.0449258 0.3832870 0.4195660 0.4086030 0.3837467 0.4256366 0.3662833 0.4433011 
n274_275   0.3116452 0.0271845 0.2858127 0.2502151 0.3067006 0.2753865 0.0271988 0.3115431 0.3120167 0.3067642 0.3064393 0.0738632 0.3070727 0.4379965 0.0000000 0.2965463 0.2970357 0.4261733 0.3009664 0.0306762 0.2556797 0.3067331 0.0376984 0.4381094 0.0851244 
n290_291   0.0272362 0.2866292 0.1242239 0.2620395 0.0100923 0.2826313 0.2915515 0.0272381 0.0237821 0.0100934 0.0237717 0.2861832 0.0237762 0.3792864 0.2965463 0.0000000 0.0853216 0.3862114 0.0272381 0.2914231 0.2625949 0.0237950 0.2969561 0.4460538 0.3016956 
n236_237   0.0928458 0.2973091 0.1364564 0.2769096 0.0890008 0.2777643 0.3023075 0.0889950 0.0890752 0.0890129 0.0890331 0.2968444 0.0890532 0.3966330 0.2970357 0.0853216 0.0000000 0.3974045 0.0889950 0.3021735 0.2777446 0.0891269 0.3022658 0.4279258 0.3126176 
n255_256   0.3969709 0.4143944 0.4215134 0.3681307 0.3800102 0.4043818 0.4202304 0.3847933 0.3857422 0.3801007 0.3910864 0.4252417 0.3858633 0.0449258 0.4261733 0.3862114 0.3974045 0.0000000 0.3788345 0.4200322 0.4032269 0.3792892 0.4261133 0.3781241 0.4248778 
n294_295   0.0272265 0.2910078 0.1361408 0.2561780 0.0237546 0.2765252 0.2959503 0.0067097 0.0237736 0.0237574 0.0237633 0.2905551 0.0237678 0.3832870 0.3009664 0.0272381 0.0889950 0.3788345 0.0000000 0.2958199 0.2567170 0.0237865 0.3013830 0.4270097 0.3061399 
n300_301   0.3064185 0.0168582 0.2856747 0.2456812 0.3015063 0.2606425 0.0033388 0.3063180 0.3067822 0.3015683 0.3012502 0.0591248 0.3018704 0.4195660 0.0306762 0.2914231 0.3021735 0.4200322 0.2958199 0.0000000 0.2413418 0.3015375 0.0066965 0.4196626 0.0701346 
n265_266   0.2769708 0.2319183 0.2671572 0.1486968 0.2671236 0.0341020 0.2414452 0.2666546 0.2721532 0.2671752 0.2719953 0.2413354 0.2720864 0.4086030 0.2556797 0.2625949 0.2777446 0.4032269 0.2567170 0.2413418 0.0000000 0.2572696 0.2509675 0.4393112 0.2411980 
n296_297   0.0237849 0.2966840 0.1322145 0.2614800 0.0203285 0.2820203 0.3016710 0.0237865 0.0203448 0.0203309 0.0203359 0.2962210 0.0134949 0.3837467 0.3067331 0.0237950 0.0891269 0.3792892 0.0237865 0.3015375 0.2572696 0.0000000 0.3071603 0.4329351 0.3119572 
n299_300   0.3120805 0.0237287 0.2959538 0.2553552 0.3071276 0.2705463 0.0100695 0.3119782 0.3124530 0.3071914 0.3068656 0.0664548 0.3075008 0.4256366 0.0376984 0.2969561 0.3022658 0.4261133 0.3013830 0.0066965 0.2509675 0.3071603 0.0000000 0.4321696 0.0738265 
n244_245   0.4523748 0.4261507 0.4380754 0.3836811 0.4516721 0.4388220 0.4198606 0.4397541 0.4521415 0.4517940 0.4518223 0.4321728 0.4395242 0.3662833 0.4381094 0.4460538 0.4279258 0.3781241 0.4270097 0.4196626 0.4393112 0.4329351 0.4321696 0.0000000 0.4513446 
n277_278   0.3169016 0.0627829 0.3118385 0.2457420 0.3119234 0.2604841 0.0701623 0.3167980 0.3172811 0.3119887 0.3116567 0.0272117 0.3123037 0.4433011 0.0851244 0.3016956 0.3126176 0.4248778 0.3061399 0.0701346 0.2411980 0.3119572 0.0738265 0.4513446 0.0000000 
