22
n298_299   0.0000000 0.3036266 0.1627624 0.2928023 0.0448890 0.2815207 0.2979367 0.0100604 0.0134428 0.0033335 0.2517873 0.0377764 0.3872172 0.2980680 0.0484647 0.0895719 0.4171351 0.3033925 0.0168692 0.2813769 0.0485210 0.4847075 
n280_281   0.3036266 0.0000000 0.3423090 0.2528006 0.3312732 0.2227318 0.0101085 0.3093411 0.3197905 0.3034847 0.0595422 0.3201551 0.4028876 0.0169557 0.3367736 0.3147160 0.4339418 0.2628031 0.3149695 0.2180594 0.3371232 0.4601147 
n200_201   0.1627624 0.3423090 0.0000000 0.3080763 0.1633521 0.2919976 0.3362529 0.1672477 0.1715031 0.1585147 0.2770218 0.1589544 0.3887367 0.3421055 0.1676422 0.1628780 0.3938913 0.3081105 0.1717014 0.2864637 0.1676406 0.4438541 
n286_287   0.2928023 0.2528006 0.3080763 0.0000000 0.3145605 0.1133715 0.2475567 0.2984121 0.3086955 0.2926663 0.2044570 0.3037181 0.3590743 0.2577873 0.3142864 0.2930508 0.3706126 0.0100968 0.3093694 0.1133180 0.3202524 0.4120467 
n287_288   0.0448890 0.3312732 0.1633521 0.3145605 0.0000000 0.2920540 0.3253204 0.0485216 0.0521057 0.0413315 0.2722165 0.0203320 0.3935834 0.3310775 0.0033408 0.0976031 0.4179788 0.3203725 0.0558054 0.2919041 0.0307718 0.5059280 
n266_267   0.2815207 0.2227318 0.2919976 0.1133715 0.2920540 0.0000000 0.2129575 0.2870156 0.2921847 0.2813909 0.1900062 0.2815897 0.3477430 0.2226048 0.2972348 0.2766522 0.3467727 0.1134245 0.2924339 0.0067029 0.2975308 0.3990282 
n292_293   0.2979367 0.0101085 0.3362529 0.2475567 0.3253204 0.2129575 0.0000000 0.3035935 0.3139509 0.2977980 0.0558228 0.3143071 0.3962143 0.0067167 0.3307694 0.3089196 0.4269503 0.2574723 0.3091667 0.2083575 0.3311105 0.4597936 
n293_294   0.0100604 0.3093411 0.1672477 0.2984121 0.0485216 0.2870156 0.3035935 0.0000000 0.0168639 0.0066907 0.2618514 0.0413636 0.3879751 0.3091608 0.0521202 0.0935182 0.4179662 0.3090996 0.0066882 0.2868685 0.0521808 0.4857197 
n275_276   0.0134428 0.3197905 0.1715031 0.3086955 0.0521057 0.2921847 0.3139509 0.0168639 0.0000000 0.0100577 0.2667393 0.0449116 0.3995843 0.3196030 0.0557219 0.0973500 0.4300391 0.3195358 0.0237539 0.2920347 0.0557868 0.4784485 
n297_298   0.0033335 0.3034847 0.1585147 0.2926663 0.0413315 0.2813909 0.2977980 0.0066907 0.0100577 0.0000000 0.2516718 0.0342563 0.3813341 0.3033086 0.0448890 0.0857596 0.4110110 0.3032508 0.0134625 0.2812473 0.0449410 0.4779693 
n278_279   0.2517873 0.0595422 0.2770218 0.2044570 0.2722165 0.1900062 0.0558228 0.2618514 0.2667393 0.2516718 0.0000000 0.2620252 0.3596107 0.0632250 0.2772652 0.2519220 0.3887461 0.2137461 0.2670674 0.1855587 0.2775368 0.4389773 
n295_296   0.0377764 0.3201551 0.1589544 0.3037181 0.0203320 0.2815897 0.3143071 0.0413636 0.0449116 0.0342563 0.2620252 0.0000000 0.3814735 0.3199672 0.0237791 0.0897760 0.4111637 0.3094299 0.0485616 0.2814459 0.0100913 0.4714400 
n251_252   0.3872172 0.4028876 0.3887367 0.3590743 0.3935834 0.3477430 0.3962143 0.3879751 0.3995843 0.3813341 0.3596107 0.3814735 0.0000000 0.4026387 0.3932289 0.4133257 0.0522314 0.3646518 0.3943092 0.3475602 0.4000091 0.2875040 
n274_275   0.2980680 0.0169557 0.3421055 0.2577873 0.3310775 0.2226048 0.0067167 0.3091608 0.3196030 0.3033086 0.0632250 0.3199672 0.4026387 0.0000000 0.3365740 0.3145320 0.4336692 0.2678641 0.3147852 0.2179354 0.3369231 0.4598212 
n290_291   0.0484647 0.3367736 0.1676422 0.3142864 0.0033408 0.2972348 0.3307694 0.0521202 0.0557219 0.0448890 0.2772652 0.0237791 0.3932289 0.3365740 0.0000000 0.1014931 0.4181855 0.3200924 0.0594460 0.2970820 0.0342761 0.5129301 
n236_237   0.0895719 0.3147160 0.1628780 0.2930508 0.0976031 0.2766522 0.3089196 0.0935182 0.0973500 0.0857596 0.2519220 0.0897760 0.4133257 0.3145320 0.1014931 0.0000000 0.4246039 0.3036483 0.1013851 0.2765112 0.1015289 0.4842421 
n255_256   0.4171351 0.4339418 0.3938913 0.3706126 0.4179788 0.3467727 0.4269503 0.4179662 0.4300391 0.4110110 0.3887461 0.4111637 0.0522314 0.4336692 0.4181855 0.4246039 0.0000000 0.3762764 0.4245826 0.3465909 0.4304995 0.3082780 
n285_286   0.3033925 0.2628031 0.3081105 0.0100968 0.3203725 0.1134245 0.2574723 0.3090996 0.3195358 0.3032508 0.2137461 0.3094299 0.3646518 0.2678641 0.3200924 0.3036483 0.3762764 0.0000000 0.3202373 0.1133709 0.3261216 0.4117021 
n294_295   0.0168692 0.3149695 0.1717014 0.3093694 0.0558054 0.2924339 0.3091667 0.0066882 0.0237539 0.0134625 0.2670674 0.0485616 0.3943092 0.3147852 0.0594460 0.1013851 0.4245826 0.3202373 0.0000000 0.2922837 0.0595154 0.5001821 
n265_266   0.2813769 0.2180594 0.2864637 0.1133180 0.2919041 0.0067029 0.2083575 0.2868685 0.2920347 0.2812473 0.1855587 0.2814459 0.3475602 0.2179354 0.2970820 0.2765112 0.3465909 0.1133709 0.2922837 0.0000000 0.2973777 0.3930358 
n296_297   0.0485210 0.3371232 0.1676406 0.3202524 0.0307718 0.2975308 0.3311105 0.0521808 0.0557868 0.0449410 0.2775368 0.0100913 0.4000091 0.3369231 0.0342761 0.1015289 0.4304995 0.3261216 0.0595154 0.2973777 0.0000000 0.4926088 
n244_245   0.4847075 0.4601147 0.4438541 0.4120467 0.5059280 0.3990282 0.4597936 0.4857197 0.4784485 0.4779693 0.4389773 0.4714400 0.2875040 0.4598212 0.5129301 0.4842421 0.3082780 0.4117021 0.5001821 0.3930358 0.4926088 0.0000000 
