23
n289_290   0.0000000 0.0450830 0.0135221 0.2680137 0.3675060 0.0450264 0.3495228 0.4788664 0.0486553 0.2772187 0.0169486 0.3671096 0.4357855 0.3572732 0.1454446 0.3632174 0.0817928 0.3445596 0.2884035 0.0523228 0.5134137 0.3551511 0.2934353 
n294_295   0.0450830 0.0000000 0.0379894 0.2843074 0.3918590 0.0067525 0.3731672 0.5214146 0.0033702 0.2884311 0.0380088 0.3914288 0.4559947 0.3700257 0.1585269 0.3760999 0.0857541 0.3741526 0.2897242 0.0067640 0.5581868 0.3790013 0.2947819 
n295_296   0.0135221 0.0379894 0.0000000 0.2630788 0.3677240 0.0379419 0.3497294 0.4794724 0.0415314 0.2722295 0.0033612 0.3673271 0.4297989 0.3465774 0.1373420 0.3524321 0.0706694 0.3506341 0.2786150 0.0451571 0.5140746 0.3553612 0.2835848 
n266_267   0.2680137 0.2843074 0.2630788 0.0000000 0.3321123 0.2888389 0.3099362 0.5237972 0.2892624 0.0134283 0.2680833 0.3317105 0.4587922 0.3276079 0.2728905 0.3222740 0.3036235 0.3265091 0.1200779 0.2947567 0.5314831 0.3311713 0.1240357 
n299_300   0.3675060 0.3918590 0.3677240 0.3321123 0.0000000 0.3912158 0.0305168 0.5546798 0.3975608 0.3209535 0.3619930 0.0033223 0.4764355 0.0627553 0.3847946 0.0738124 0.3786004 0.0201947 0.3228361 0.4040424 0.5847594 0.0133818 0.3280774 
n298_299   0.0450264 0.0067525 0.0379419 0.2888389 0.3912158 0.0000000 0.3725649 0.5131459 0.0101496 0.2929716 0.0379612 0.3907860 0.4490365 0.3694268 0.1583089 0.3754881 0.0856430 0.3735471 0.2840153 0.0135818 0.5494294 0.3783868 0.2890257 
n274_275   0.3495228 0.3731672 0.3497294 0.3099362 0.0305168 0.3725649 0.0000000 0.5308794 0.3787144 0.2991639 0.3441555 0.0270330 0.4552430 0.0553983 0.3662836 0.0663163 0.3603319 0.0235877 0.3011827 0.3849947 0.5598996 0.0235719 0.3062640 
n251_252   0.4788664 0.5214146 0.4794724 0.5237972 0.5546798 0.5131459 0.5308794 0.0000000 0.5215110 0.5295968 0.4863153 0.5539042 0.3610286 0.5127063 0.5052937 0.5065586 0.5125071 0.5324794 0.5190703 0.5211736 0.0375736 0.5381679 0.5196218 
n293_294   0.0486553 0.0033702 0.0415314 0.2892624 0.3975608 0.0101496 0.3787144 0.5215110 0.0000000 0.2934010 0.0415525 0.3971229 0.4496335 0.3755774 0.1627044 0.3817001 0.0895294 0.3797197 0.2947191 0.0101668 0.5582934 0.3845933 0.2998094 
n265_266   0.2772187 0.2884311 0.2722295 0.0134283 0.3209535 0.2929716 0.2991639 0.5295968 0.2934010 0.0000000 0.2772911 0.3205681 0.4577358 0.3165017 0.2821450 0.3325339 0.3081875 0.3154483 0.1198429 0.2989177 0.5373390 0.3200511 0.1237924 
n296_297   0.0169486 0.0380088 0.0033612 0.2680833 0.3619930 0.0379612 0.3441555 0.4863153 0.0415525 0.2772911 0.0000000 0.3616037 0.4361964 0.3410005 0.1414955 0.3468056 0.0706263 0.3450417 0.2787699 0.0451802 0.5212700 0.3497417 0.2837428 
n300_301   0.3671096 0.3914288 0.3673271 0.3317105 0.0033223 0.3907860 0.0270330 0.5539042 0.3971229 0.3205681 0.3616037 0.0000000 0.4758031 0.0626907 0.3843115 0.0737346 0.3781895 0.0167717 0.3224465 0.4035951 0.5839253 0.0100025 0.3276804 
n244_245   0.4357855 0.4559947 0.4297989 0.4587922 0.4764355 0.4490365 0.4552430 0.3610286 0.4496335 0.4577358 0.4361964 0.4758031 0.0000000 0.4388801 0.4288360 0.4522263 0.4475316 0.4565266 0.4387876 0.4626454 0.3670656 0.4617784 0.4449283 
n278_279   0.3572732 0.3700257 0.3465774 0.3276079 0.0627553 0.3694268 0.0553983 0.5127063 0.3755774 0.3165017 0.3410005 0.0626907 0.4388801 0.0000000 0.3572939 0.0236903 0.3571905 0.0518462 0.3132391 0.3698486 0.5411047 0.0589959 0.3184252 
n200_201   0.1454446 0.1585269 0.1373420 0.2728905 0.3847946 0.1583089 0.3662836 0.5052937 0.1627044 0.2821450 0.1414955 0.3843115 0.4288360 0.3572939 0.0000000 0.3522402 0.1373656 0.3672431 0.2835962 0.1671732 0.5411259 0.3666179 0.2885977 
n277_278   0.3632174 0.3760999 0.3524321 0.3222740 0.0738124 0.3754881 0.0663163 0.5065586 0.3817001 0.3325339 0.3468056 0.0737346 0.4522263 0.0236903 0.3522402 0.0000000 0.3521383 0.0627161 0.3187888 0.3759200 0.5347414 0.0699695 0.3240170 
n236_237   0.0817928 0.0857541 0.0706694 0.3036235 0.3786004 0.0856430 0.3603319 0.5125071 0.0895294 0.3081875 0.0706263 0.3781895 0.4475316 0.3571905 0.1373656 0.3521383 0.0000000 0.3612708 0.2987157 0.0934671 0.5335608 0.3660426 0.3038182 
n280_281   0.3445596 0.3741526 0.3506341 0.3265091 0.0201947 0.3735471 0.0235877 0.5324794 0.3797197 0.3154483 0.3450417 0.0167717 0.4565266 0.0518462 0.3672431 0.0627161 0.3612708 0.0000000 0.3121943 0.3860231 0.5616313 0.0133713 0.3173599 
n285_286   0.2884035 0.2897242 0.2786150 0.1200779 0.3228361 0.2840153 0.3011827 0.5190703 0.2947191 0.1198429 0.2787699 0.3224465 0.4387876 0.3132391 0.2835962 0.3187888 0.2987157 0.3121943 0.0000000 0.3002654 0.5267259 0.3168010 0.0100641 
n275_276   0.0523228 0.0067640 0.0451571 0.2947567 0.4040424 0.0135818 0.3849947 0.5211736 0.0101668 0.2989177 0.0451802 0.4035951 0.4626454 0.3698486 0.1671732 0.3759200 0.0934671 0.3860231 0.3002654 0.0000000 0.5579312 0.3909332 0.3053989 
n255_256   0.5134137 0.5581868 0.5140746 0.5314831 0.5847594 0.5494294 0.5598996 0.0375736 0.5582934 0.5373390 0.5212700 0.5839253 0.3670656 0.5411047 0.5411259 0.5347414 0.5335608 0.5616313 0.5267259 0.5579312 0.0000000 0.5674945 0.5272890 
n292_293   0.3551511 0.3790013 0.3553612 0.3311713 0.0133818 0.3783868 0.0235719 0.5381679 0.3845933 0.3200511 0.3497417 0.0100025 0.4617784 0.0589959 0.3666179 0.0699695 0.3660426 0.0133713 0.3168010 0.3909332 0.5674945 0.0000000 0.3219909 
n286_287   0.2934353 0.2947819 0.2835848 0.1240357 0.3280774 0.2890257 0.3062640 0.5196218 0.2998094 0.1237924 0.2837428 0.3276804 0.4449283 0.3184252 0.2885977 0.3240170 0.3038182 0.3173599 0.0100641 0.3053989 0.5272890 0.3219909 0.0000000 
