24
n298_299   0.0000000 0.3241677 0.1159534 0.3399496 0.0341999 0.3532106 0.3294269 0.0100798 0.0169070 0.0341946 0.3245614 0.0342126 0.4180630 0.3224681 0.0307091 0.0778829 0.4305347 0.3454065 0.3239947 0.3695881 0.0307086 0.3296118 0.4546258 0.3137817 
n280_281   0.3241677 0.0000000 0.2928706 0.2878269 0.3348649 0.3193586 0.0203213 0.3184749 0.3296976 0.3347998 0.0556735 0.3344457 0.4021127 0.0271957 0.3295526 0.3557070 0.4265819 0.2928911 0.0168896 0.3300301 0.3345920 0.0203315 0.4317033 0.0484413 
n200_201   0.1159534 0.2928706 0.0000000 0.2873505 0.1279826 0.3514508 0.2979083 0.1081233 0.1161439 0.1279611 0.2925738 0.1280330 0.4078236 0.2913575 0.1240071 0.1443573 0.4322755 0.2924060 0.2927150 0.3626234 0.1240038 0.2980737 0.4314618 0.2822897 
n286_287   0.3399496 0.2878269 0.2873505 0.0000000 0.3338656 0.1672205 0.2980005 0.3236957 0.3348770 0.3338016 0.2927541 0.3284688 0.4474213 0.2863620 0.3286293 0.3681680 0.4483260 0.0167637 0.2928698 0.1760722 0.3286105 0.2981639 0.4718518 0.2825919 
n287_288   0.0341999 0.3348649 0.1279826 0.3338656 0.0000000 0.3469659 0.3453269 0.0237433 0.0307248 0.0067045 0.3403720 0.0134787 0.4491804 0.3381625 0.0033453 0.0779141 0.4565426 0.3392678 0.3397752 0.3631811 0.0100824 0.3455217 0.4806323 0.3293576 
n266_267   0.3532106 0.3193586 0.3514508 0.1672205 0.3469659 0.0000000 0.3300213 0.3365729 0.3480286 0.3361699 0.3245081 0.3414418 0.4469307 0.3177057 0.3416108 0.3979088 0.4615454 0.1714565 0.3246407 0.0340033 0.3415904 0.3302047 0.5027325 0.3138563 
n292_293   0.3294269 0.0203213 0.2979083 0.2980005 0.3453269 0.3300213 0.0000000 0.3236884 0.3349988 0.3452594 0.0592844 0.3397740 0.3908180 0.0341728 0.3399433 0.3611853 0.4149159 0.3031399 0.0033451 0.3408598 0.3399229 0.0067110 0.4444246 0.0520156 
n293_294   0.0100798 0.3184749 0.1081233 0.3236957 0.0237433 0.3365729 0.3236884 0.0000000 0.0067082 0.0237397 0.3188604 0.0237521 0.4124489 0.3168111 0.0203052 0.0666837 0.4314893 0.3290251 0.3183052 0.3525731 0.0203048 0.3238696 0.4546007 0.3081770 
n275_276   0.0169070 0.3296976 0.1161439 0.3348770 0.0307248 0.3480286 0.3349988 0.0067082 0.0000000 0.0307200 0.3300990 0.0307361 0.4188264 0.3279638 0.0272483 0.0742022 0.4380577 0.3402984 0.3295214 0.3584131 0.0272478 0.3351873 0.4614401 0.3192305 
n289_290   0.0341946 0.3347998 0.1279611 0.3338016 0.0067045 0.3361699 0.3452594 0.0237397 0.0307200 0.0000000 0.3403056 0.0134766 0.4422219 0.3380969 0.0033448 0.0817299 0.4494960 0.3392025 0.3397090 0.3521491 0.0100809 0.3454542 0.4732822 0.3292938 
n278_279   0.3245614 0.0556735 0.2925738 0.2927541 0.3403720 0.3245081 0.0592844 0.3188604 0.3300990 0.3403056 0.0000000 0.3348530 0.3954651 0.0555387 0.3350194 0.3561433 0.4196704 0.2978524 0.0593086 0.3352554 0.3349996 0.0630046 0.4435827 0.0067033 
n295_296   0.0342126 0.3344457 0.1280330 0.3284688 0.0134787 0.3414418 0.3397740 0.0237521 0.0307361 0.0134766 0.3348530 0.0000000 0.4427744 0.3326853 0.0100863 0.0817747 0.4500604 0.3338288 0.3342671 0.3575317 0.0033475 0.3399653 0.4738866 0.3239264 
n251_252   0.4180630 0.4021127 0.4078236 0.4474213 0.4491804 0.4469307 0.3908180 0.4124489 0.4188264 0.4422219 0.3954651 0.4427744 0.0000000 0.3945891 0.4430109 0.4766888 0.0378267 0.4413761 0.3964536 0.4792810 0.4429736 0.4027033 0.3030223 0.3950171 
n274_275   0.3224681 0.0271957 0.2913575 0.2863620 0.3381625 0.3177057 0.0341728 0.3168111 0.3279638 0.3380969 0.0555387 0.3326853 0.3945891 0.0000000 0.3328497 0.3538181 0.4187314 0.2913967 0.0306729 0.3283127 0.3328302 0.0341900 0.4201205 0.0483248 
n290_291   0.0307091 0.3295526 0.1240071 0.3286293 0.0033453 0.3416108 0.3399433 0.0203052 0.0272483 0.0033448 0.3350194 0.0100863 0.4430109 0.3328497 0.0000000 0.0779987 0.4503026 0.3339924 0.3344329 0.3577105 0.0067066 0.3401347 0.4741480 0.3240862 
n236_237   0.0778829 0.3557070 0.1443573 0.3681680 0.0779141 0.3979088 0.3611853 0.0666837 0.0742022 0.0817299 0.3561433 0.0817747 0.4766888 0.3538181 0.0779987 0.0000000 0.4976313 0.3738534 0.3555166 0.4216473 0.0779970 0.3613899 0.5154050 0.3448993 
n255_256   0.4305347 0.4265819 0.4322755 0.4483260 0.4565426 0.4615454 0.4149159 0.4314893 0.4380577 0.4494960 0.4196704 0.4500604 0.0378267 0.4187314 0.4503026 0.4976313 0.0000000 0.4422648 0.4207364 0.4887553 0.4502637 0.4272161 0.3081625 0.4191873 
n285_286   0.3454065 0.2928911 0.2924060 0.0167637 0.3392678 0.1714565 0.3031399 0.3290251 0.3402984 0.3392025 0.2978524 0.3338288 0.4413761 0.2913967 0.3339924 0.3738534 0.4422648 0.0000000 0.2979707 0.1803717 0.3339730 0.3033064 0.4914282 0.2876149 
n300_301   0.3239947 0.0168896 0.2927150 0.2928698 0.3397752 0.3246407 0.0033451 0.3183052 0.3295214 0.3397090 0.0593086 0.3342671 0.3964536 0.0306729 0.3344329 0.3555166 0.4207364 0.2979707 0.0000000 0.3353938 0.3344132 0.0033467 0.4379910 0.0520368 
n265_266   0.3695881 0.3300301 0.3626234 0.1760722 0.3631811 0.0340033 0.3408598 0.3525731 0.3584131 0.3521491 0.3352554 0.3575317 0.4792810 0.3283127 0.3577105 0.4216473 0.4887553 0.1803717 0.3353938 0.0000000 0.3576878 0.3410500 0.5179500 0.3244367 
n296_297   0.0307086 0.3345920 0.1240038 0.3286105 0.0100824 0.3415904 0.3399229 0.0203048 0.0272478 0.0100809 0.3349996 0.0033475 0.4429736 0.3328302 0.0067066 0.0779970 0.4502637 0.3339730 0.3344132 0.3576878 0.0000000 0.3401143 0.4741035 0.3240678 
n299_300   0.3296118 0.0203315 0.2980737 0.2981639 0.3455217 0.3302047 0.0067110 0.3238696 0.3351873 0.3454542 0.0630046 0.3399653 0.4027033 0.0341900 0.3401347 0.3613899 0.4272161 0.3033064 0.0033467 0.3410500 0.3401143 0.0000000 0.4380090 0.0556877 
n244_245   0.4546258 0.4317033 0.4314618 0.4718518 0.4806323 0.5027325 0.4444246 0.4546007 0.4614401 0.4732822 0.4435827 0.4738866 0.3030223 0.4201205 0.4741480 0.5154050 0.3081625 0.4914282 0.4379910 0.5179500 0.4741035 0.4380090 0.0000000 0.4307828 
n277_278   0.3137817 0.0484413 0.2822897 0.2825919 0.3293576 0.3138563 0.0520156 0.3081770 0.3192305 0.3292938 0.0067033 0.3239264 0.3950171 0.0483248 0.3240862 0.3448993 0.4191873 0.2876149 0.0520368 0.3244367 0.3240678 0.0556877 0.4307828 0.0000000 
