27
n297_324   0.0000000 0.0409970 0.2875436 0.3896125 0.2976852 0.2874638 0.0271224 0.1635912 0.2978314 0.0409246 0.0479959 0.2793957 0.1074448 0.2925222 0.2745264 0.0271041 0.2976777 0.2988913 0.0066764 0.0340550 0.2977798 0.2930039 0.3658407 0.0444820 0.2936307 0.3889812 0.0479626 
n290_317   0.0409970 0.0000000 0.2875354 0.3613300 0.2976769 0.2874556 0.0270856 0.1511223 0.2830415 0.0066665 0.0201962 0.2746477 0.0921929 0.2778446 0.2698066 0.0270673 0.2976694 0.2744762 0.0410163 0.0340086 0.2977715 0.2929957 0.3544438 0.0167989 0.2693934 0.4048796 0.0133912 
n277_302   0.2875436 0.2875354 0.0000000 0.3707640 0.0482248 0.0168296 0.2876288 0.2819322 0.2666401 0.2869435 0.2917129 0.2162929 0.2879720 0.2518007 0.2118439 0.2825316 0.0482245 0.2210336 0.2876770 0.2927917 0.0482400 0.0482248 0.3641172 0.2869183 0.2253306 0.3474342 0.2967932 
n255_276   0.3896125 0.3613300 0.3707640 0.0000000 0.3600545 0.3597841 0.3734837 0.3717130 0.4071156 0.3551649 0.3669868 0.3844681 0.4058882 0.3952428 0.3899070 0.3729448 0.3495719 0.3843299 0.3897949 0.3793201 0.3601698 0.3600545 0.0378764 0.3617027 0.3840636 0.3028787 0.3659510 
n300_327   0.2976852 0.2976769 0.0482248 0.3600545 0.0000000 0.0375726 0.2929006 0.2872511 0.2621197 0.2970600 0.3018918 0.2163418 0.2934430 0.2473668 0.2118914 0.2926018 0.0134310 0.2213195 0.2978234 0.3030132 0.0134354 0.0066886 0.3535242 0.2970345 0.2256226 0.3806210 0.3070452 
n278_303   0.2874638 0.2874556 0.0168296 0.3597841 0.0375726 0.0000000 0.2875489 0.2818551 0.2615837 0.2868641 0.2916313 0.2159746 0.2878918 0.2468669 0.2115331 0.2824541 0.0375724 0.2253632 0.2875971 0.2927093 0.0375846 0.0375726 0.3532599 0.2868389 0.2296780 0.3637757 0.2967090 
n294_321   0.0271224 0.0270856 0.2876288 0.3734837 0.2929006 0.2875489 0.0000000 0.1471898 0.2881528 0.0270382 0.0339726 0.2698980 0.0922180 0.2829140 0.2650853 0.0134318 0.2977668 0.2891750 0.0271352 0.0202504 0.2978690 0.2882425 0.3502135 0.0305175 0.2839837 0.4006110 0.0339485 
n200_215   0.1635912 0.1511223 0.2819322 0.3717130 0.2872511 0.2818551 0.1471898 0.0000000 0.2980345 0.1508391 0.1591346 0.2595470 0.1677133 0.2927181 0.2548089 0.1430484 0.2872441 0.2797809 0.1636680 0.1553329 0.2873422 0.2872511 0.3599961 0.1550914 0.2796017 0.4114644 0.1590089 
n266_289   0.2978314 0.2830415 0.2666401 0.4071156 0.2621197 0.2615837 0.2881528 0.2980345 0.0000000 0.2824603 0.3025929 0.1321954 0.3190544 0.0204165 0.1282000 0.2830482 0.2714574 0.1126480 0.2979696 0.2933230 0.2715493 0.2714637 0.4054462 0.2977255 0.1125876 0.3940679 0.2874443 
n289_316   0.0409246 0.0066665 0.2869435 0.3551649 0.2970600 0.2868641 0.0270382 0.1508391 0.2824603 0.0000000 0.0133887 0.2740845 0.0920259 0.2772764 0.2692549 0.0270199 0.2970525 0.2739138 0.0409440 0.0339488 0.2971542 0.2923897 0.3483629 0.0100230 0.2688435 0.4045787 0.0066583 
n295_322   0.0479959 0.0201962 0.2917129 0.3669868 0.3018918 0.2916313 0.0339726 0.1591346 0.3025929 0.0133887 0.0000000 0.2787994 0.0996554 0.2918971 0.2739417 0.0339495 0.3018841 0.2885302 0.0480186 0.0409507 0.3019876 0.2971976 0.3600291 0.0033238 0.2833524 0.4044949 0.0201712 
n285_312   0.2793957 0.2746477 0.2162929 0.3844681 0.2163418 0.2159746 0.2698980 0.2595470 0.1321954 0.2740845 0.2787994 0.0000000 0.2952193 0.1239314 0.0033658 0.2649035 0.2251717 0.1127393 0.2795259 0.2749568 0.2252471 0.2251761 0.3776412 0.2740596 0.1126789 0.3484182 0.2838130 
n236_257   0.1074448 0.0921929 0.2879720 0.4058882 0.2934430 0.2878918 0.0922180 0.1677133 0.3190544 0.0920259 0.0996554 0.2952193 0.0000000 0.3192418 0.2902340 0.0884013 0.2981250 0.3209962 0.1074948 0.0997878 0.2982274 0.2934430 0.3868891 0.0958992 0.3155415 0.4410653 0.0995810 
n265_288   0.2925222 0.2778446 0.2518007 0.3952428 0.2473668 0.2468669 0.2829140 0.2927181 0.0204165 0.2772764 0.2918971 0.1239314 0.3192418 0.0000000 0.1199870 0.2778507 0.2565157 0.1084845 0.2926579 0.2880424 0.2566019 0.2565213 0.3936355 0.2871022 0.1084268 0.3818307 0.2822215 
n286_313   0.2745264 0.2698066 0.2118439 0.3899070 0.2118914 0.2115331 0.2650853 0.2548089 0.1282000 0.2692549 0.2739417 0.0033658 0.2902340 0.1199870 0.0000000 0.2601246 0.2206725 0.1088334 0.2746543 0.2701101 0.2207463 0.2206767 0.3830215 0.2692303 0.1087753 0.3484040 0.2789222 
n293_320   0.0271041 0.0270673 0.2825316 0.3729448 0.2926018 0.2824541 0.0134318 0.1430484 0.2830482 0.0270199 0.0339495 0.2649035 0.0884013 0.2778507 0.2601246 0.0000000 0.2925946 0.2792483 0.0271169 0.0202368 0.2926948 0.2879485 0.3497164 0.0304968 0.2741320 0.4000240 0.0339255 
n292_319   0.2976777 0.2976694 0.0482245 0.3495719 0.0134310 0.0375724 0.2977668 0.2872441 0.2714574 0.2970525 0.3018841 0.2251717 0.2981250 0.2565157 0.2206725 0.2925946 0.0000000 0.2302189 0.2978158 0.3030054 0.0134353 0.0134310 0.3535138 0.2970270 0.2345625 0.3806091 0.3070372 
n266_291   0.2988913 0.2744762 0.2210336 0.3843299 0.2213195 0.2253632 0.2891750 0.2797809 0.1126480 0.2739138 0.2885302 0.1127393 0.3209962 0.1084845 0.1088334 0.2792483 0.2302189 0.0000000 0.2990304 0.2943661 0.2302962 0.2302235 0.3827775 0.2837356 0.0135753 0.3606253 0.2788567 
n298_325   0.0066764 0.0410163 0.2876770 0.3897949 0.2978234 0.2875971 0.0271352 0.1636680 0.2979696 0.0409440 0.0480186 0.2795259 0.1074948 0.2926579 0.2746543 0.0271169 0.2978158 0.2990304 0.0000000 0.0340710 0.2979180 0.2931400 0.3660110 0.0445030 0.2937673 0.3948087 0.0479842 
n275_300   0.0340550 0.0340086 0.2927917 0.3793201 0.3030132 0.2927093 0.0202504 0.1553329 0.2933230 0.0339488 0.0409507 0.2749568 0.0997878 0.2880424 0.2701101 0.0202368 0.3030054 0.2943661 0.0340710 0.0000000 0.3031096 0.2983004 0.3558506 0.0374666 0.2891337 0.4066629 0.0409215 
n280_305   0.2977798 0.2977715 0.0482400 0.3601698 0.0134354 0.0375846 0.2978690 0.2873422 0.2715493 0.2971542 0.3019876 0.2252471 0.2982274 0.2566019 0.2207463 0.2926948 0.0134353 0.2302962 0.2979180 0.3031096 0.0000000 0.0134354 0.3536370 0.2971287 0.2346413 0.3745408 0.3071427 
n299_326   0.2930039 0.2929957 0.0482248 0.3600545 0.0066886 0.0375726 0.2882425 0.2872511 0.2714637 0.2923897 0.2971976 0.2251761 0.2934430 0.2565213 0.2206767 0.2879485 0.0134310 0.2302235 0.2931400 0.2983004 0.0134354 0.0000000 0.3535242 0.2923643 0.2345673 0.3806210 0.3023223 
n251_272   0.3658407 0.3544438 0.3641172 0.0378764 0.3535242 0.3532599 0.3502135 0.3599961 0.4054462 0.3483629 0.3600291 0.3776412 0.3868891 0.3936355 0.3830215 0.3497164 0.3535138 0.3827775 0.3660110 0.3558506 0.3536370 0.3535242 0.0000000 0.3548058 0.3768646 0.2920925 0.3590217 
n296_323   0.0444820 0.0167989 0.2869183 0.3617027 0.2970345 0.2868389 0.0305175 0.1550914 0.2977255 0.0100230 0.0033238 0.2740596 0.0958992 0.2871022 0.2692303 0.0304968 0.2970270 0.2837356 0.0445030 0.0374666 0.2971287 0.2923643 0.3548058 0.0000000 0.2785916 0.3989726 0.0167781 
n265_290   0.2936307 0.2693934 0.2253306 0.3840636 0.2256226 0.2296780 0.2839837 0.2796017 0.1125876 0.2688435 0.2833524 0.1126789 0.3155415 0.1084268 0.1087753 0.2741320 0.2345625 0.0135753 0.2937673 0.2891337 0.2346413 0.2345673 0.3768646 0.2785916 0.0000000 0.3603801 0.2737491 
n244_265   0.3889812 0.4048796 0.3474342 0.3028787 0.3806210 0.3637757 0.4006110 0.4114644 0.3940679 0.4045787 0.4044949 0.3484182 0.4410653 0.3818307 0.3484040 0.4000240 0.3806091 0.3606253 0.3948087 0.4066629 0.3745408 0.3806210 0.2920925 0.3989726 0.3603801 0.0000000 0.4160803 
n287_314   0.0479626 0.0133912 0.2967932 0.3659510 0.3070452 0.2967090 0.0339485 0.1590089 0.2874443 0.0066583 0.0201712 0.2838130 0.0995810 0.2822215 0.2789222 0.0339255 0.3070372 0.2788567 0.0479842 0.0409215 0.3071427 0.3023223 0.3590217 0.0167781 0.2737491 0.4160803 0.0000000 
