25
n289_290   0.0000000 0.0272712 0.0134829 0.3082934 0.3581350 0.0238294 0.0067028 0.3640306 0.4707800 0.0308211 0.2931429 0.0135019 0.4346839 0.3817856 0.0066965 0.1389341 0.3639317 0.0343646 0.0784092 0.3575989 0.3009977 0.0238160 0.5012753 0.3634027 0.3007609 
n294_295   0.0272712 0.0000000 0.0272565 0.3017978 0.3568066 0.0100691 0.0342871 0.3626783 0.4754560 0.0100781 0.2868121 0.0272950 0.4402633 0.3803612 0.0272661 0.1342606 0.3625803 0.0203252 0.0743571 0.3562740 0.2945366 0.0100635 0.4984351 0.3620544 0.2943074 
n295_296   0.0134829 0.0272565 0.0000000 0.3081544 0.3588331 0.0238165 0.0203394 0.3647432 0.4701639 0.0308043 0.2883794 0.0067007 0.4480902 0.3768120 0.0134803 0.1388619 0.3646440 0.0343459 0.0783672 0.3582950 0.3008599 0.0238031 0.5006178 0.3641130 0.3006232 
n266_267   0.3082934 0.3017978 0.3081544 0.0000000 0.2840564 0.3027596 0.3192700 0.2838185 0.4228885 0.2973060 0.0342831 0.3086546 0.4243056 0.3269785 0.3082388 0.2887738 0.3105743 0.3079314 0.2819578 0.2836501 0.1181370 0.3025260 0.4491192 0.2888346 0.1180650 
n299_300   0.3581350 0.3568066 0.3588331 0.2840564 0.0000000 0.3579895 0.3575439 0.0134908 0.4579161 0.3576481 0.2581466 0.3587969 0.4675219 0.0746414 0.3639853 0.3191248 0.0634452 0.3583563 0.3289309 0.0033450 0.2870332 0.3576931 0.4656750 0.0067070 0.2868106 
n298_299   0.0238294 0.0100691 0.0238165 0.3027596 0.3579895 0.0000000 0.0308156 0.3638844 0.4687931 0.0134860 0.2877207 0.0238501 0.4336511 0.3816376 0.0238249 0.1346549 0.3637856 0.0100784 0.0745676 0.3574537 0.2954792 0.0067001 0.4991403 0.3632567 0.2952485 
n290_291   0.0067028 0.0342871 0.0203394 0.3192700 0.3575439 0.0308156 0.0000000 0.3634275 0.4848716 0.0378894 0.3038891 0.0203681 0.4480105 0.3811462 0.0134680 0.1474169 0.3633291 0.0414789 0.0860646 0.3570095 0.3119400 0.0307979 0.5160440 0.3628016 0.3116907 
n274_275   0.3640306 0.3626783 0.3647432 0.2838185 0.0134908 0.3638844 0.3634275 0.0000000 0.4708027 0.3635354 0.2579345 0.3647070 0.4805127 0.0709322 0.3699298 0.3297628 0.0597918 0.3642578 0.3345742 0.0100923 0.2923562 0.3635811 0.4787144 0.0134908 0.2921277 
n251_252   0.4707800 0.4754560 0.4701639 0.4228885 0.4579161 0.4687931 0.4848716 0.4708027 0.0000000 0.4766185 0.3998804 0.4693795 0.3082953 0.4982800 0.4841611 0.4742148 0.4930106 0.4753054 0.4492426 0.4571880 0.4115600 0.4766797 0.0485379 0.4579161 0.4249271 
n293_294   0.0308211 0.0100781 0.0308043 0.2973060 0.3576481 0.0134860 0.0378894 0.3635354 0.4766185 0.0000000 0.2874655 0.0308483 0.4476493 0.3812655 0.0308152 0.1386790 0.3634368 0.0238202 0.0782678 0.3571132 0.2952137 0.0134784 0.5073622 0.3629089 0.2949834 
n265_266   0.2931429 0.2868121 0.2883794 0.0342831 0.2581466 0.2877207 0.3038891 0.2579345 0.3998804 0.2874655 0.0000000 0.2934817 0.4057709 0.2993870 0.2930905 0.2739528 0.2836385 0.2927955 0.2673295 0.2577827 0.1220067 0.2875019 0.4232141 0.2627708 0.1219320 
n296_297   0.0135019 0.0272950 0.0067007 0.3086546 0.3587969 0.0238501 0.0203681 0.3647070 0.4693795 0.0308483 0.2934817 0.0000000 0.4488670 0.3767758 0.0134993 0.1390722 0.3646078 0.0343951 0.0784821 0.3582588 0.2901380 0.0238366 0.4997663 0.3640769 0.2899131 
n244_245   0.4346839 0.4402633 0.4480902 0.4243056 0.4675219 0.4336511 0.4480105 0.4805127 0.3082953 0.4476493 0.4057709 0.4488670 0.0000000 0.4883339 0.4411613 0.4114122 0.4824896 0.4398510 0.4213658 0.4667780 0.4240839 0.4410964 0.3205039 0.4659200 0.4314950 
n278_279   0.3817856 0.3803612 0.3768120 0.3269785 0.0746414 0.3816376 0.3811462 0.0709322 0.4982800 0.3812655 0.2993870 0.3767758 0.4883339 0.0000000 0.3759927 0.3414880 0.0101132 0.3820315 0.3515588 0.0708910 0.3255615 0.3813135 0.4925324 0.0746414 0.3252950 
n287_288   0.0066965 0.0272661 0.0134803 0.3082388 0.3639853 0.0238249 0.0134680 0.3699298 0.4841611 0.0308152 0.2930905 0.0134993 0.4411613 0.3759927 0.0000000 0.1389080 0.3582792 0.0343581 0.0783943 0.3634388 0.3009438 0.0238115 0.5152662 0.3692905 0.3007070 
n200_201   0.1389341 0.1342606 0.1388619 0.2887738 0.3191248 0.1346549 0.1474169 0.3297628 0.4742148 0.1386790 0.2739528 0.1390722 0.4114122 0.3414880 0.1389080 0.0000000 0.3246192 0.1387593 0.1098273 0.3186564 0.3037452 0.1345678 0.4970403 0.3241503 0.3035037 
n277_278   0.3639317 0.3625803 0.3646440 0.3105743 0.0634452 0.3637856 0.3633291 0.0597918 0.4930106 0.3634368 0.2836385 0.3646078 0.4824896 0.0101132 0.3582792 0.3246192 0.0000000 0.3641588 0.3344872 0.0597574 0.3090494 0.3634825 0.4872831 0.0634452 0.3088021 
n297_298   0.0343646 0.0203252 0.0343459 0.3079314 0.3583563 0.0100784 0.0414789 0.3642578 0.4753054 0.0238202 0.2927955 0.0343951 0.4398510 0.3820315 0.0343581 0.1387593 0.3641588 0.0000000 0.0860738 0.3578194 0.3006402 0.0169050 0.5059379 0.3636291 0.3004038 
n236_237   0.0784092 0.0743571 0.0783672 0.2819578 0.3289309 0.0745676 0.0860646 0.3345742 0.4492426 0.0782678 0.2673295 0.0784821 0.4213658 0.3515588 0.0783943 0.1098273 0.3344872 0.0860738 0.0000000 0.3284469 0.2905064 0.0745227 0.4787111 0.3340043 0.2902809 
n280_281   0.3575989 0.3562740 0.3582950 0.2836501 0.0033450 0.3574537 0.3570095 0.0100923 0.4571880 0.3571132 0.2577827 0.3582588 0.4667780 0.0708910 0.3634388 0.3186564 0.0597574 0.3578194 0.3284469 0.0000000 0.2866189 0.3571581 0.4649303 0.0033450 0.2863970 
n285_286   0.3009977 0.2945366 0.3008599 0.1181370 0.2870332 0.2954792 0.3119400 0.2923562 0.4115600 0.2952137 0.1220067 0.2901380 0.4240839 0.3255615 0.3009438 0.3037452 0.3090494 0.3006402 0.2905064 0.2866189 0.0000000 0.2952512 0.4249038 0.2918649 0.0067796 
n275_276   0.0238160 0.0100635 0.0238031 0.3025260 0.3576931 0.0067001 0.0307979 0.3635811 0.4766797 0.0134784 0.2875019 0.0238366 0.4410964 0.3813135 0.0238115 0.1345678 0.3634825 0.0169050 0.0745227 0.3571581 0.2952512 0.0000000 0.5074285 0.3629545 0.2950209 
n255_256   0.5012753 0.4984351 0.5006178 0.4491192 0.4656750 0.4991403 0.5160440 0.4787144 0.0485379 0.5073622 0.4232141 0.4997663 0.3205039 0.4925324 0.5152662 0.4970403 0.4872831 0.5059379 0.4787111 0.4649303 0.4249038 0.5074285 0.0000000 0.4656750 0.4385472 
n292_293   0.3634027 0.3620544 0.3641130 0.2888346 0.0067070 0.3632567 0.3628016 0.0134908 0.4579161 0.3629089 0.2627708 0.3640769 0.4659200 0.0746414 0.3692905 0.3241503 0.0634452 0.3636291 0.3340043 0.0033450 0.2918649 0.3629545 0.4656750 0.0000000 0.2916373 
n286_287   0.3007609 0.2943074 0.3006232 0.1180650 0.2868106 0.2952485 0.3116907 0.2921277 0.4249271 0.2949834 0.1219320 0.2899131 0.4314950 0.3252950 0.3007070 0.3035037 0.3088021 0.3004038 0.2902809 0.2863970 0.0067796 0.2950209 0.4385472 0.2916373 0.0000000 
