24
n292_295   0.0000000 0.0100615 0.3032408 0.0168585 0.2865734 0.2749896 0.2615910 0.3030798 0.3952396 0.2917096 0.0811896 0.3010729 0.2978262 0.0134461 0.2961832 0.2868393 0.0850040 0.3726849 0.2560319 0.2865519 0.2748646 0.2914391 0.2981142 0.4084824 
n300_303   0.0100615 0.0000000 0.3189608 0.0202788 0.3018748 0.2797594 0.2763538 0.3187894 0.4015069 0.3071242 0.0925127 0.3060173 0.3134159 0.0168479 0.3010994 0.3021560 0.0963969 0.3787523 0.2706447 0.3018496 0.2796315 0.3068349 0.3137223 0.4201749 
n293_296   0.3032408 0.3189608 0.0000000 0.3298108 0.0520272 0.2976119 0.0815334 0.0203405 0.3806493 0.0556514 0.3244801 0.3238340 0.0169052 0.3242401 0.3294599 0.0520721 0.3249461 0.3699805 0.1322355 0.0520281 0.2924055 0.0556109 0.0033445 0.3986408 
n280_283   0.0168585 0.0202788 0.3298108 0.0000000 0.3074250 0.2903577 0.2865160 0.3296319 0.4014216 0.3127214 0.1002106 0.3170817 0.3241722 0.0237137 0.3120867 0.3077121 0.1041445 0.3898851 0.2806996 0.3073984 0.2902229 0.3124248 0.3244916 0.4392812 
n289_292   0.2865734 0.3018748 0.0520272 0.3074250 0.0000000 0.2968780 0.0701550 0.0520207 0.3631784 0.0033408 0.3182315 0.3289547 0.0484185 0.3070120 0.3238512 0.0067022 0.3186861 0.3693930 0.1198808 0.0066965 0.2916871 0.0100646 0.0484411 0.3980098 
n286_289   0.2749896 0.2797594 0.2976119 0.2903577 0.2968780 0.0000000 0.2712503 0.2926893 0.3396219 0.3020926 0.2955083 0.1323231 0.2977712 0.2848717 0.1283774 0.2971544 0.2956273 0.3396608 0.2707485 0.2968541 0.0066940 0.3018093 0.2925305 0.3732151 
n236_239   0.2615910 0.2763538 0.0815334 0.2865160 0.0701550 0.2712503 0.0000000 0.0815236 0.3403169 0.0738731 0.3023739 0.3020757 0.0740358 0.2813087 0.3022528 0.0702158 0.3028024 0.3410595 0.1002254 0.0701558 0.2662552 0.0738184 0.0777929 0.3515432 
n298_301   0.3030798 0.3187894 0.0203405 0.3296319 0.0520207 0.2926893 0.0815236 0.0000000 0.3808231 0.0556446 0.3299198 0.3290837 0.0169030 0.3240651 0.3239787 0.0520657 0.3303950 0.3817114 0.1322208 0.0520216 0.2875173 0.0520012 0.0169109 0.4051749 
n251_254   0.3952396 0.4015069 0.3806493 0.4014216 0.3631784 0.3396219 0.3403169 0.3808231 0.0000000 0.3689263 0.4323411 0.4037907 0.3693406 0.3948629 0.4106528 0.3635243 0.4388780 0.0447989 0.3454054 0.3631349 0.3396308 0.3685531 0.3749447 0.2872095 
n290_293   0.2917096 0.3071242 0.0556514 0.3127214 0.0033408 0.3020926 0.0738731 0.0556446 0.3689263 0.0000000 0.3236144 0.3344170 0.0520220 0.3122998 0.3292778 0.0100801 0.3240781 0.3751983 0.1198701 0.0100719 0.2968617 0.0134554 0.0520463 0.4040463 
n277_280   0.0811896 0.0925127 0.3244801 0.1002106 0.3182315 0.2955083 0.3023739 0.3299198 0.4323411 0.3236144 0.0000000 0.3280684 0.3301096 0.0886996 0.3286019 0.3185297 0.0100575 0.4018873 0.3016170 0.3182020 0.2953701 0.3180481 0.3247921 0.4265223 
n265_268   0.3010729 0.3060173 0.3238340 0.3170817 0.3289547 0.1323231 0.3020757 0.3290837 0.4037907 0.3344170 0.3280684 0.0000000 0.3291044 0.3113399 0.0307852 0.3292636 0.3336850 0.3802894 0.3120799 0.3238136 0.1322730 0.3289530 0.3292589 0.4224209 
n275_278   0.2978262 0.3134159 0.0169052 0.3241722 0.0484185 0.2977712 0.0740358 0.0169030 0.3693406 0.0520220 0.3301096 0.3291044 0.0000000 0.3186509 0.3239987 0.0484603 0.3305853 0.3701749 0.1281597 0.0484193 0.2925613 0.0519842 0.0134927 0.4052087 
n274_277   0.0134461 0.0168479 0.3242401 0.0237137 0.3070120 0.2848717 0.2813087 0.3240651 0.3948629 0.3122998 0.0886996 0.3113399 0.3186509 0.0000000 0.3063876 0.3072983 0.0925594 0.3723342 0.2703956 0.3069855 0.2847406 0.3120040 0.3189636 0.4140061 
n266_269   0.2961832 0.3010994 0.3294599 0.3120867 0.3238512 0.1283774 0.3022528 0.3239787 0.4106528 0.3292778 0.3286019 0.0307852 0.3239987 0.3063876 0.0000000 0.3241552 0.3342301 0.4045703 0.3068045 0.3187411 0.1283290 0.3238502 0.3241510 0.4289797 
n287_290   0.2868393 0.3021560 0.0520721 0.3077121 0.0067022 0.2971544 0.0702158 0.0520657 0.3635243 0.0100801 0.3185297 0.3292636 0.0484603 0.3072983 0.3241552 0.0000000 0.3189851 0.3697448 0.1199863 0.0067024 0.2919582 0.0100731 0.0484829 0.4044895 
n278_281   0.0850040 0.0963969 0.3249461 0.1041445 0.3186861 0.2956273 0.3028024 0.3303950 0.4388780 0.3240781 0.0100575 0.3336850 0.3305853 0.0925594 0.3342301 0.3189851 0.0000000 0.4081480 0.3020433 0.3186565 0.2954890 0.3185022 0.3252590 0.4206916 
n255_258   0.3726849 0.3787523 0.3699805 0.3898851 0.3693930 0.3396608 0.3410595 0.3817114 0.0447989 0.3751983 0.4018873 0.3802894 0.3701749 0.3723342 0.4045703 0.3697448 0.4081480 0.0000000 0.3461627 0.3693472 0.3344781 0.3748167 0.3757969 0.2925555 
n200_203   0.2560319 0.2706447 0.1322355 0.2806996 0.1198808 0.2707485 0.1002254 0.1322208 0.3454054 0.1198701 0.3016170 0.3120799 0.1281597 0.2703956 0.3068045 0.1199863 0.3020433 0.3461627 0.0000000 0.1198803 0.2657648 0.1237891 0.1282200 0.3737993 
n295_298   0.2865519 0.3018496 0.0520281 0.3073984 0.0066965 0.2968541 0.0701558 0.0520216 0.3631349 0.0100719 0.3182020 0.3238136 0.0484193 0.3069855 0.3187411 0.0067024 0.3186565 0.3693472 0.1198803 0.0000000 0.2916644 0.0033408 0.0484420 0.4040424 
n285_288   0.2748646 0.2796315 0.2924055 0.2902229 0.2916871 0.0066940 0.2662552 0.2875173 0.3396308 0.2968617 0.2953701 0.1322730 0.2925613 0.2847406 0.1283290 0.2919582 0.2954890 0.3344781 0.2657648 0.2916644 0.0000000 0.2965849 0.2873618 0.3674181 
n296_299   0.2914391 0.3068349 0.0556109 0.3124248 0.0100646 0.3018093 0.0738184 0.0520012 0.3685531 0.0134554 0.3180481 0.3289530 0.0519842 0.3120040 0.3238502 0.0100731 0.3185022 0.3748167 0.1237891 0.0033408 0.2965849 0.0000000 0.0520085 0.4097592 
n294_297   0.2981142 0.3137223 0.0033445 0.3244916 0.0484411 0.2925305 0.0777929 0.0169109 0.3749447 0.0520463 0.3247921 0.3292589 0.0134927 0.3189636 0.3241510 0.0484829 0.3252590 0.3757969 0.1282200 0.0484420 0.2873618 0.0520085 0.0000000 0.3927866 
n244_247   0.4084824 0.4201749 0.3986408 0.4392812 0.3980098 0.3732151 0.3515432 0.4051749 0.2872095 0.4040463 0.4265223 0.4224209 0.4052087 0.4140061 0.4289797 0.4044895 0.4206916 0.2925555 0.3737993 0.4040424 0.3674181 0.4097592 0.3927866 0.0000000 
