26
n277_278   0.0000000 1.8696967 2.5452237 1.5966496 2.3219044 0.5082353 4.0994797 2.1875864 0.1404689 0.5075793 1.8550770 2.4658084 2.5961029 2.7981602 1.7133310 0.5511199 0.5101782 2.5563976 2.4199134 9.0000000 2.1564552 2.4695309 2.4878427 9.0000000 2.9157262 0.5146148 
n286_287   1.8696967 0.0000000 2.5618067 0.0594773 2.7087196 1.6007346 2.5798536 2.2712204 2.0174229 1.3790278 2.0139333 2.7492164 2.7039849 2.2487399 2.5178652 1.4876789 1.4957892 2.2085247 2.6906122 3.2733509 0.9218631 0.9341451 2.5359877 3.1496612 2.1705696 1.4945965 
n296_297   2.5452237 2.5618067 0.0000000 2.5591043 0.1404855 2.3937187 3.5508837 0.3026064 1.9348294 2.4922704 0.6738290 0.3500892 0.1487107 0.3397811 1.2772521 2.7427029 2.4097954 0.0342192 0.1363989 8.5375106 2.3951382 3.2043334 0.3231139 2.9006313 0.3453294 2.4754320 
n285_286   1.5966496 0.0594773 2.5591043 0.0000000 2.6360614 1.4550501 2.3102900 2.4876106 1.7393330 1.3357908 1.9351893 2.7619930 2.7162671 2.4456503 2.8028314 1.4685608 1.4051859 2.1064442 2.6199667 3.8700526 0.8990981 0.9244249 2.5447507 2.8418030 2.3690317 1.4451994 
n289_290   2.3219044 2.7087196 0.1404855 2.6360614 0.0000000 2.2267646 2.3764736 0.3080723 1.9620961 2.1178081 0.7118615 0.3398296 0.0271827 0.3454621 1.3359935 2.7404606 2.2911542 0.1487743 0.0341811 5.6304495 2.6200290 4.1973582 0.3079133 2.4112977 0.3566968 2.2600040 
n274_275   0.5082353 1.6007346 2.3937187 1.4550501 2.2267646 0.0000000 2.4745732 2.1286343 0.5217311 0.1835186 2.0638510 2.0678049 2.4027358 2.2311383 2.5707856 0.1966536 0.1618829 2.3348025 2.3164866 3.6671065 1.8571480 1.9427930 2.2592928 3.1578322 2.2274370 0.1705069 
n255_256   4.0994797 2.5798536 3.5508837 2.3102900 2.3764736 2.4745732 0.0000000 2.5836849 4.0833782 2.1054522 3.2732788 1.9980162 2.6138624 2.5791389 2.7837771 2.3664641 2.1571319 4.1146500 2.3929168 1.6847775 2.4816096 2.1180858 2.2061944 0.3372552 2.4875156 2.3113152 
n275_276   2.1875864 2.2712204 0.3026064 2.4876106 0.3080723 2.1286343 2.5836849 0.0000000 1.9114104 2.0977363 0.6398059 0.1238428 0.3078521 0.1200939 1.0703158 2.2784645 2.0648852 0.3028267 0.3026679 9.0000000 2.3230101 3.0240465 0.1160097 2.7090622 0.1200824 2.1330214 
n278_279   0.1404689 2.0174229 1.9348294 1.7393330 1.9620961 0.5217311 4.0833782 1.9114104 0.0000000 0.5145006 1.5949645 1.9878945 2.0904179 2.1654104 1.6492170 0.5290704 0.5235455 1.9389633 2.0305518 9.0000000 2.3369515 3.1273940 2.0409849 9.0000000 2.1733362 0.5216046 
n299_300   0.5075793 1.3790278 2.4922704 1.3357908 2.1178081 0.1835186 2.1054522 2.0977363 0.5145006 0.0000000 1.9398558 2.3196474 2.2124987 2.3344777 1.8795472 0.0852725 0.1703540 2.4204408 2.2526354 4.0882311 1.7128910 1.7079776 2.3517319 2.6936231 2.4586109 0.0237576 
n236_237   1.8550770 2.0139333 0.6738290 1.9351893 0.7118615 2.0638510 3.2732788 0.6398059 1.5949645 1.9398558 0.0000000 0.6645036 0.6935029 0.7222286 1.1933449 2.1711592 2.0285841 0.6652149 0.7297704 4.0505396 1.8806868 2.1712959 0.6725847 3.2799138 0.7582668 1.8882119 
n293_294   2.4658084 2.7492164 0.3500892 2.7619930 0.3398296 2.0678049 1.9980162 0.1238428 1.9878945 2.3196474 0.6645036 0.0000000 0.3395754 0.1483368 1.1811774 2.4724024 2.1895422 0.3501518 0.3289220 2.8802084 2.5972317 3.8799046 0.0447013 2.1552121 0.1524138 2.2943755 
n290_291   2.5961029 2.7039849 0.1487107 2.7162671 0.0271827 2.4027358 2.6138624 0.3078521 2.0904179 2.2124987 0.6935029 0.3395754 0.0000000 0.3452013 1.2950367 2.8272768 2.4050022 0.1571038 0.0412008 5.6205291 2.6952425 4.5459439 0.3076934 2.6571609 0.3564232 2.3694269 
n297_298   2.7981602 2.2487399 0.3397811 2.4456503 0.3454621 2.2311383 2.5791389 0.1200939 2.1654104 2.3344777 0.7222286 0.1483368 0.3452013 0.0000000 1.1773222 2.5688077 2.1287896 0.3453516 0.3397342 3.3680923 2.4470380 2.9922415 0.1361311 2.6683726 0.0342071 2.3210301 
n200_201   1.7133310 2.5178652 1.2772521 2.8028314 1.3359935 2.5707856 2.7837771 1.0703158 1.6492170 1.8795472 1.1933449 1.1811774 1.2950367 1.1773222 0.0000000 2.1568060 1.9555614 1.3548274 1.3587844 3.8553041 2.9213965 3.3466247 1.1686343 3.9676027 1.2260498 1.9172401 
n292_293   0.5511199 1.4876789 2.7427029 1.4685608 2.7404606 0.1966536 2.3664641 2.2784645 0.5290704 0.0852725 2.1711592 2.4724024 2.8272768 2.5688077 2.1568060 0.0000000 0.1701729 2.7444186 2.8115430 3.0469677 1.9123631 1.8230240 2.6832931 3.9563576 2.6452000 0.0740201 
n280_281   0.5101782 1.4957892 2.4097954 1.4051859 2.2911542 0.1618829 2.1571319 2.0648852 0.5235455 0.1703540 2.0285841 2.1895422 2.4050022 2.1287896 1.9555614 0.1701729 0.0000000 2.3440095 2.4531310 4.0205850 1.7307121 1.8045444 2.2821122 2.8440134 2.1771018 0.1575947 
n295_296   2.5563976 2.2085247 0.0342192 2.1064442 0.1487743 2.3348025 4.1146500 0.3028267 1.9389633 2.4204408 0.6652149 0.3501518 0.1571038 0.3453516 1.3548274 2.7444186 2.3440095 0.0000000 0.1529366 9.0000000 2.1696890 2.8525698 0.3231743 2.8809407 0.3509435 2.4747570 
n287_288   2.4199134 2.6906122 0.1363989 2.6199667 0.0341811 2.3164866 2.3929168 0.3026679 2.0305518 2.2526354 0.7297704 0.3289220 0.0412008 0.3397342 1.3587844 2.8115430 2.4531310 0.1529366 0.0000000 5.3630414 2.9971625 4.6037984 0.3025122 2.4843679 0.3508681 2.4152583 
n244_245   9.0000000 3.2733509 8.5375106 3.8700526 5.6304495 3.6671065 1.6847775 9.0000000 9.0000000 4.0882311 4.0505396 2.8802084 5.6205291 3.3680923 3.8553041 3.0469677 4.0205850 9.0000000 5.3630414 0.0000000 8.9999987 4.4988239 2.9202920 1.5943236 3.2412621 3.7391051 
n265_266   2.1564552 0.9218631 2.3951382 0.8990981 2.6200290 1.8571480 2.4816096 2.3230101 2.3369515 1.7128910 1.8806868 2.5972317 2.6952425 2.4470380 2.9213965 1.9123631 1.7307121 2.1696890 2.9971625 8.9999987 0.0000000 0.1923146 2.8386502 2.7072668 2.2565549 1.8157759 
n266_267   2.4695309 0.9341451 3.2043334 0.9244249 4.1973582 1.9427930 2.1180858 3.0240465 3.1273940 1.7079776 2.1712959 3.8799046 4.5459439 2.9922415 3.3466247 1.8230240 1.8045444 2.8525698 4.6037984 4.4988239 0.1923146 0.0000000 4.4487403 3.3271177 2.6701406 1.8453410 
n294_295   2.4878427 2.5359877 0.3231139 2.5447507 0.3079133 2.2592928 2.2061944 0.1160097 2.0409849 2.3517319 0.6725847 0.0447013 0.3076934 0.1361311 1.1686343 2.6832931 2.2821122 0.3231743 0.3025122 2.9202920 2.8386502 4.4487403 0.0000000 2.4669189 0.1442995 2.4617215 
n251_252   9.0000000 3.1496612 2.9006313 2.8418030 2.4112977 3.1578322 0.3372552 2.7090622 9.0000000 2.6936231 3.2799138 2.1552121 2.6571609 2.6683726 3.9676027 3.9563576 2.8440134 2.8809407 2.4843679 1.5943236 2.7072668 3.3271177 2.4669189 0.0000000 2.7049165 3.2407780 
n298_299   2.9157262 2.1705696 0.3453294 2.3690317 0.3566968 2.2274370 2.4875156 0.1200824 2.1733362 2.4586109 0.7582668 0.1524138 0.3564232 0.0342071 1.2260498 2.6452000 2.1771018 0.3509435 0.3508681 3.2412621 2.2565549 2.6701406 0.1442995 2.7049165 0.0000000 2.4426525 
n300_301   0.5146148 1.4945965 2.4754320 1.4451994 2.2600040 0.1705069 2.3113152 2.1330214 0.5216046 0.0237576 1.8882119 2.2943755 2.3694269 2.3210301 1.9172401 0.0740201 0.1575947 2.4747570 2.4152583 3.7391051 1.8157759 1.8453410 2.4617215 3.2407780 2.4426525 0.0000000 
