22
n298_299   0.0000000 0.2690549 0.1733349 0.2707205 0.0411748 0.2593722 0.2789172 0.0202628 0.0134406 0.0168422 0.2743807 0.3426524 0.2744245 0.1119791 0.3649542 0.2706984 0.0168445 0.2842525 0.2450030 0.2792513 0.3301334 0.2993860 
n280_281   0.2690549 0.0000000 0.2794507 0.2563618 0.2643404 0.2594753 0.0272017 0.2742040 0.2643788 0.2841400 0.0483440 0.4045286 0.0272292 0.2648021 0.4288668 0.2563410 0.2693036 0.0342147 0.2646034 0.0307143 0.3632683 0.0627575 
n200_201   0.1733349 0.2794507 0.0000000 0.2470915 0.1693242 0.2407592 0.2794039 0.1691789 0.1607029 0.1949425 0.2847733 0.3531891 0.2749025 0.1481530 0.3758104 0.2470715 0.1649441 0.2847506 0.2360793 0.2797391 0.3040846 0.3000297 
n286_287   0.2707205 0.2563618 0.2470915 0.0000000 0.2561688 0.1650844 0.2611110 0.2759072 0.2660124 0.2807280 0.2470444 0.3430100 0.2566835 0.2518260 0.3711484 0.0067226 0.2709722 0.2612094 0.1695014 0.2563455 0.3265806 0.2663174 
n287_288   0.0411748 0.2643404 0.1693242 0.2561688 0.0000000 0.2596549 0.2741415 0.0412002 0.0341567 0.0590520 0.2794610 0.3270303 0.2696707 0.1082002 0.3488647 0.2561481 0.0376725 0.2794387 0.2404675 0.2744689 0.3358887 0.3046558 
n266_267   0.2593722 0.2594753 0.2407592 0.1650844 0.2596549 0.0000000 0.2500816 0.2691942 0.2594401 0.2789875 0.2455756 0.3210046 0.2551495 0.2643404 0.3321450 0.1650715 0.2643289 0.2501749 0.0271959 0.2454062 0.3036776 0.2647669 
n292_293   0.2789172 0.0272017 0.2794039 0.2611110 0.2741415 0.2500816 0.0000000 0.2841455 0.2741818 0.2942221 0.0483258 0.3926721 0.0272190 0.2746228 0.4166010 0.2610898 0.2791768 0.0134861 0.2646788 0.0100892 0.3740028 0.0627336 
n293_294   0.0202628 0.2742040 0.1691789 0.2759072 0.0412002 0.2691942 0.2841455 0.0000000 0.0066905 0.0375965 0.2795785 0.3541658 0.2796233 0.1080556 0.3768636 0.2758846 0.0100617 0.2895291 0.2592613 0.2844872 0.3355656 0.3047862 
n275_276   0.0134406 0.2643788 0.1607029 0.2660124 0.0341567 0.2594401 0.2741818 0.0066905 0.0000000 0.0306031 0.2696672 0.3431384 0.2697102 0.1002929 0.3654796 0.2659907 0.0033372 0.2794802 0.2496485 0.2745094 0.3248683 0.2945214 
n297_298   0.0168422 0.2841400 0.1949425 0.2807280 0.0590520 0.2789875 0.2942221 0.0375965 0.0306031 0.0000000 0.2896020 0.3594054 0.2896487 0.1159185 0.3822578 0.2807049 0.0340936 0.2996923 0.2642170 0.2945783 0.3465267 0.3151685 
n278_279   0.2743807 0.0483440 0.2847733 0.2470444 0.2794610 0.2455756 0.0483258 0.2795785 0.2696672 0.2896020 0.0000000 0.4049841 0.0412657 0.2799536 0.4293583 0.2470244 0.2746356 0.0555833 0.2505996 0.0519724 0.3747269 0.0168807 
n251_252   0.3426524 0.4045286 0.3531891 0.3430100 0.3270303 0.3210046 0.3926721 0.3541658 0.3431384 0.3594054 0.4049841 0.0000000 0.3869046 0.3591114 0.0341941 0.3431703 0.3486720 0.3873007 0.3370741 0.3815138 0.2441852 0.4351158 
n274_275   0.2744245 0.0272292 0.2749025 0.2566835 0.2696707 0.2551495 0.0272190 0.2796233 0.2697102 0.2896487 0.0412657 0.3869046 0.0000000 0.2701436 0.4106379 0.2566627 0.2746795 0.0342365 0.2602504 0.0307338 0.3574417 0.0591965 
n236_237   0.1119791 0.2648021 0.1481530 0.2518260 0.1082002 0.2643404 0.2746228 0.1080556 0.1002929 0.1159185 0.2799536 0.3591114 0.2701436 0.0000000 0.3878544 0.2518056 0.1041728 0.2799313 0.2544776 0.2749514 0.3301503 0.2900719 
n255_256   0.3649542 0.4288668 0.3758104 0.3711484 0.3488647 0.3321450 0.4166010 0.3768636 0.3654796 0.3822578 0.4293583 0.0341941 0.4106379 0.3878544 0.0000000 0.3655125 0.3711939 0.4110651 0.3484883 0.4050824 0.2683704 0.4605523 
n285_286   0.2706984 0.2563410 0.2470715 0.0067226 0.2561481 0.1650715 0.2610898 0.2758846 0.2659907 0.2807049 0.2470244 0.3431703 0.2566627 0.2518056 0.3655125 0.0000000 0.2709501 0.2611881 0.1694881 0.2563247 0.3265532 0.2662956 
n294_295   0.0168445 0.2693036 0.1649441 0.2709722 0.0376725 0.2643289 0.2791768 0.0100617 0.0033372 0.0340936 0.2746356 0.3486720 0.2746795 0.1041728 0.3711939 0.2709501 0.0000000 0.2845183 0.2544657 0.2795115 0.3302350 0.2996689 
n300_301   0.2842525 0.0342147 0.2847506 0.2612094 0.2794387 0.2501749 0.0134861 0.2895291 0.2794802 0.2996923 0.0555833 0.3873007 0.0342365 0.2799313 0.4110651 0.2611881 0.2845183 0.0000000 0.2647783 0.0033472 0.3801973 0.0701570 
n265_266   0.2450030 0.2646034 0.2360793 0.1695014 0.2404675 0.0271959 0.2646788 0.2592613 0.2496485 0.2642170 0.2505996 0.3370741 0.2602504 0.2544776 0.3484883 0.1694881 0.2544657 0.2647783 0.0000000 0.2599083 0.3147560 0.2697728 
n299_300   0.2792513 0.0307143 0.2797391 0.2563455 0.2744689 0.2454062 0.0100892 0.2844872 0.2745094 0.2945783 0.0519724 0.3815138 0.0307338 0.2749514 0.4050824 0.2563247 0.2795115 0.0033472 0.2599083 0.0000000 0.3744798 0.0664713 
n244_245   0.3301334 0.3632683 0.3040846 0.3265806 0.3358887 0.3036776 0.3740028 0.3355656 0.3248683 0.3465267 0.3747269 0.2441852 0.3574417 0.3301503 0.2683704 0.3265532 0.3302350 0.3801973 0.3147560 0.3744798 0.0000000 0.4035464 
n277_278   0.2993860 0.0627575 0.3000297 0.2663174 0.3046558 0.2647669 0.0627336 0.3047862 0.2945214 0.3151685 0.0168807 0.4351158 0.0591965 0.2900719 0.4605523 0.2662956 0.2996689 0.0701570 0.2697728 0.0664713 0.4035464 0.0000000 
