26
n277_278   0.0000000 2.2941510 1.7502475 2.2888669 1.7360390 0.4675959 2.6172228 1.8718352 0.1086424 0.4923198 1.8504968 1.9240259 1.8778479 1.9185180 2.3340724 0.4934712 0.4916048 1.7738013 1.8317528 2.3975110 2.3163232 1.9728742 1.8319466 4.0369138 1.8755583 0.4979492 
n286_287   2.2941510 0.0000000 2.2279849 0.0558846 2.0565178 2.4891018 2.8964319 1.9504747 2.0512396 2.3708655 1.7937048 2.0941215 2.0602933 2.0749205 2.4021691 2.3396264 2.2952034 2.2083914 2.2022098 2.5593962 0.9237644 0.8859054 2.2510137 2.6653577 2.3260029 2.2584093 
n296_297   1.7502475 2.2279849 0.0000000 2.4820954 0.1946945 2.0047134 1.7794041 0.3380044 1.5543356 1.9279914 0.6928110 0.2953126 0.1987988 0.3268648 1.0945568 2.0731719 2.2781035 0.0593596 0.2038697 2.1999116 2.7915923 2.3722491 0.2791787 2.1532789 0.3373725 1.9998683 
n285_286   2.2888669 0.0558846 2.4820954 0.0000000 2.2852045 2.4564043 3.6699364 2.2022249 2.0446430 2.2833827 1.9672734 2.3256558 2.1890390 2.2530515 2.3529249 2.2539288 2.1597817 2.4571902 2.5260331 2.5074974 0.9949684 0.9342051 2.5208808 3.2508892 2.5528090 2.1787285 
n289_290   1.7360390 2.0565178 0.1946945 2.2852045 0.0000000 1.8544493 1.7201264 0.3263482 1.6132649 1.8501235 0.7472880 0.3010654 0.0307562 0.2940638 1.0287886 1.9879912 2.0918515 0.1764010 0.0668604 2.0385305 2.9607202 2.3160561 0.2849869 2.1098838 0.3153247 1.8818886 
n274_275   0.4675959 2.4891018 2.0047134 2.4564043 1.8544493 0.0000000 2.7510277 1.9694465 0.4611913 0.1328346 2.2039891 2.1631324 1.8524019 1.9890312 1.6351133 0.1454765 0.1413226 1.8484856 1.7735953 2.5567630 2.3356019 2.1586117 2.0393226 8.9999985 1.9250062 0.1411423 
n255_256   2.6172228 2.8964319 1.7794041 3.6699364 1.7201264 2.7510277 0.0000000 1.9908871 2.5096140 4.1040149 1.9187503 1.9883737 1.7112109 2.0943224 2.3528993 3.7884192 3.6809185 1.8326109 1.6905521 2.6451704 2.1307969 2.2081397 2.0141246 0.3412381 2.1885455 4.1183425 
n275_276   1.8718352 1.9504747 0.3380044 2.2022249 0.3263482 1.9694465 1.9908871 0.0000000 1.6269467 1.8475501 0.6873868 0.1220177 0.3309905 0.1425267 1.0507845 2.0730596 2.3040122 0.2987128 0.3317929 2.3661879 2.8461243 2.3642475 0.1058182 2.0607221 0.1637584 1.9630523 
n278_279   0.1086424 2.0512396 1.5543356 2.0446430 1.6132649 0.4611913 2.5096140 1.6269467 0.0000000 0.4984408 1.7047921 1.7698688 1.7085377 1.6379877 1.9297462 0.4993362 0.5056248 1.5959096 1.6109166 2.1765451 2.6578064 2.3513398 1.6908515 3.3697441 1.6612210 0.5110218 
n299_300   0.4923198 2.3708655 1.9279914 2.2833827 1.8501235 0.1328346 4.1040149 1.8475501 0.4984408 0.0000000 2.4472637 1.9348280 1.9576799 1.9383306 1.7308798 0.0378049 0.1089537 1.8505143 1.7628873 2.7574990 2.6185413 2.3498795 1.8809661 9.0000000 1.8160630 0.0272717 
n236_237   1.8504968 1.7937048 0.6928110 1.9672734 0.7472880 2.2039891 1.9187503 0.6873868 1.7047921 2.4472637 0.0000000 0.6575927 0.7479838 0.6724011 1.1078328 2.5387728 3.1593591 0.6928152 0.7893570 2.7496129 2.2903836 2.2582177 0.6485899 1.8283569 0.6801283 2.4845815 
n293_294   1.9240259 2.0941215 0.2953126 2.3256558 0.3010654 2.1631324 1.9883737 0.1220177 1.7698688 1.9348280 0.6575927 0.0000000 0.3104176 0.1183622 1.0178112 2.0911377 2.3846874 0.2794605 0.3171473 2.1472016 2.9072766 2.2809091 0.0381596 2.4162827 0.1306340 2.0610615 
n290_291   1.8778479 2.0602933 0.1987988 2.1890390 0.0307562 1.8524019 1.7112109 0.3309905 1.7085377 1.9576799 0.7479838 0.3104176 0.0000000 0.3033060 1.0608771 2.1678391 2.2778272 0.1715692 0.0667764 1.9066424 2.9198384 2.4823516 0.2941726 2.0716068 0.3135451 2.0423368 
n297_298   1.9185180 2.0749205 0.3268648 2.2530515 0.2940638 1.9890312 2.0943224 0.1425267 1.6379877 1.9383306 0.6724011 0.1183622 0.3033060 0.0000000 1.0122781 2.0761547 2.3141496 0.3049060 0.3159088 2.6014877 3.7659945 2.6531544 0.0983439 2.2748136 0.0343186 2.0641049 
n200_201   2.3340724 2.4021691 1.0945568 2.3529249 1.0287886 1.6351133 2.3528993 1.0507845 1.9297462 1.7308798 1.1078328 1.0178112 1.0608771 1.0122781 0.0000000 1.8865952 1.8834683 1.0407489 1.1182300 2.6267587 2.1417076 2.2815337 1.0449515 2.8247603 1.0855336 1.7903468 
n292_293   0.4934712 2.3396264 2.0731719 2.2539288 1.9879912 0.1454765 3.7884192 2.0730596 0.4993362 0.0378049 2.5387728 2.0911377 2.1678391 2.0761547 1.8865952 0.0000000 0.1050070 2.0268973 1.8934970 3.1212796 2.6475952 2.2523289 2.0278280 9.0000000 2.0075377 0.0448937 
n280_281   0.4916048 2.2952034 2.2781035 2.1597817 2.0918515 0.1413226 3.6809185 2.3040122 0.5056248 0.1089537 3.1593591 2.3846874 2.2778272 2.3141496 1.8834683 0.1050070 0.0000000 2.0805564 2.0979469 3.1586433 2.8353661 2.5865525 2.2328349 9.0000000 2.2301196 0.1089166 
n295_296   1.7738013 2.2083914 0.0593596 2.4571902 0.1764010 1.8484856 1.8326109 0.2987128 1.5959096 1.8505143 0.6928152 0.2794605 0.1715692 0.3049060 1.0407489 2.0268973 2.0805564 0.0000000 0.1898640 2.1591080 2.6958438 2.3042444 0.2637129 2.1873732 0.3206144 1.9172196 
n287_288   1.8317528 2.2022098 0.2038697 2.5260331 0.0668604 1.7735953 1.6905521 0.3317929 1.6109166 1.7628873 0.7893570 0.3171473 0.0667764 0.3159088 1.1182300 1.8934970 2.0979469 0.1898640 0.0000000 1.8926726 3.1563515 2.3742794 0.2953896 2.0618259 0.3263697 1.8321017 
n244_245   2.3975110 2.5593962 2.1999116 2.5074974 2.0385305 2.5567630 2.6451704 2.3661879 2.1765451 2.7574990 2.7496129 2.1472016 1.9066424 2.6014877 2.6267587 3.1212796 3.1586433 2.1591080 1.8926726 0.0000000 2.5072941 2.9527679 2.2184243 2.6376829 2.5872815 2.7897556 
n265_266   2.3163232 0.9237644 2.7915923 0.9949684 2.9607202 2.3356019 2.1307969 2.8461243 2.6578064 2.6185413 2.2903836 2.9072766 2.9198384 3.7659945 2.1417076 2.6475952 2.8353661 2.6958438 3.1563515 2.5072941 0.0000000 0.1677629 3.3938034 2.1621300 4.1816827 2.8226280 
n266_267   1.9728742 0.8859054 2.3722491 0.9342051 2.3160561 2.1586117 2.2081397 2.3642475 2.3513398 2.3498795 2.2582177 2.2809091 2.4823516 2.6531544 2.2815337 2.2523289 2.5865525 2.3042444 2.3742794 2.9527679 0.1677629 0.0000000 2.5543323 2.8272262 2.8168884 2.4414054 
n294_295   1.8319466 2.2510137 0.2791787 2.5208808 0.2849869 2.0393226 2.0141246 0.1058182 1.6908515 1.8809661 0.6485899 0.0381596 0.2941726 0.0983439 1.0449515 2.0278280 2.2328349 0.2637129 0.2953896 2.2184243 3.3938034 2.5543323 0.0000000 2.3529107 0.1141641 1.9997760 
n251_252   4.0369138 2.6653577 2.1532789 3.2508892 2.1098838 8.9999985 0.3412381 2.0607221 3.3697441 9.0000000 1.8283569 2.4162827 2.0716068 2.2748136 2.8247603 9.0000000 9.0000000 2.1873732 2.0618259 2.6376829 2.1621300 2.8272262 2.3529107 0.0000000 2.4317272 9.0000000 
n298_299   1.8755583 2.3260029 0.3373725 2.5528090 0.3153247 1.9250062 2.1885455 0.1637584 1.6612210 1.8160630 0.6801283 0.1306340 0.3135451 0.0343186 1.0855336 2.0075377 2.2301196 0.3206144 0.3263697 2.5872815 4.1816827 2.8168884 0.1141641 2.4317272 0.0000000 1.9277820 
n300_301   0.4979492 2.2584093 1.9998683 2.1787285 1.8818886 0.1411423 4.1183425 1.9630523 0.5110218 0.0272717 2.4845815 2.0610615 2.0423368 2.0641049 1.7903468 0.0448937 0.1089166 1.9172196 1.8321017 2.7897556 2.8226280 2.4414054 1.9997760 9.0000000 1.9277820 0.0000000 
