26
n277_278   0.0000000 1.9869751 2.0061556 1.7366504 1.8135274 0.5454857 3.2516516 1.9624828 0.1447148 0.5162335 2.2775319 2.0563585 1.7835617 1.9606459 1.5010993 0.5311791 0.5592798 2.0046167 1.7571647 3.9272502 1.8303283 1.7351808 2.0072687 2.9057508 2.1101619 0.5447590 
n286_287   1.9869751 0.0000000 1.7082822 0.0813721 1.7377516 1.7053436 2.8767322 2.1857086 1.8557323 1.6960793 1.5945668 2.0617704 1.7307173 2.0118237 2.7364839 1.8713108 1.9487541 1.6949319 1.8667156 2.6997554 0.9690251 0.8722879 1.9766974 3.3929652 2.1607958 1.6747226 
n296_297   2.0061556 1.7082822 0.0000000 1.8511606 0.1574223 2.0168239 1.9126674 0.2974165 2.1807101 2.2449163 0.6099942 0.2770821 0.1448050 0.3244197 0.9140455 2.2910178 2.3097162 0.0272091 0.1617347 2.9690502 1.8858866 1.8353066 0.3028421 2.4448617 0.3465615 2.1595084 
n285_286   1.7366504 0.0813721 1.8511606 0.0000000 1.8867791 1.5927011 3.1094110 2.5706819 1.6362806 1.6910286 1.7108701 2.4787702 1.8793215 2.4209612 2.8471209 1.8646807 1.8655724 1.8796783 2.0978291 2.1924729 0.9673930 0.8706945 2.4596893 3.5008549 2.7173973 1.6698312 
n289_290   1.8135274 1.7377516 0.1574223 1.8867791 0.0000000 1.9710640 1.9328147 0.3070483 2.2398009 2.2227727 0.5913869 0.2958092 0.0237659 0.3286107 0.9032979 2.2619044 2.1543995 0.1614339 0.0555936 2.4185952 1.9003704 1.8360754 0.3169159 2.2700214 0.3453447 2.1408962 
n274_275   0.5454857 1.7053436 2.0168239 1.5927011 1.9710640 0.0000000 3.2236910 1.6347875 0.5542111 0.1521613 1.7843721 1.6574573 1.9734465 1.8705714 1.8512007 0.1649358 0.1738182 2.0217342 1.9293903 2.3049457 1.8249517 1.7488828 1.7297473 2.9548114 1.9342875 0.1606200 
n255_256   3.2516516 2.8767322 1.9126674 3.1094110 1.9328147 3.2236910 0.0000000 2.1895127 3.1662004 3.3826862 2.4039204 2.0180917 1.9739662 2.0134503 2.2077543 3.3419388 3.9412028 1.8345054 1.7252462 1.8919608 3.6296931 2.9123419 1.9671604 0.2969534 2.0024732 3.2242939 
n275_276   1.9624828 2.1857086 0.2974165 2.5706819 0.3070483 1.6347875 2.1895127 0.0000000 1.9083927 1.8461053 0.6405092 0.0892568 0.3014217 0.1206057 0.8654259 1.8415928 1.8739918 0.3021528 0.3024683 3.0729489 2.0523587 2.1003561 0.1166726 2.6341362 0.1287131 1.7889785 
n278_279   0.1447148 1.8557323 2.1807101 1.6362806 2.2398009 0.5542111 3.1662004 1.9083927 0.0000000 0.4840911 1.8283281 2.0407460 2.1340674 1.9377500 1.7148223 0.4911980 0.5396491 2.2760831 1.9696220 2.8590076 1.9341450 1.9149273 1.8243478 2.5856161 1.9970668 0.5114280 
n299_300   0.5162335 1.6960793 2.2449163 1.6910286 2.2227727 0.1521613 3.3826862 1.8461053 0.4840911 0.0000000 1.7979855 1.8624086 2.1658945 2.0606411 1.6379098 0.0271523 0.1082756 2.2475692 2.1119295 1.9426455 1.8576666 1.8320004 1.8075366 2.6553161 2.1841051 0.0202715 
n236_237   2.2775319 1.5945668 0.6099942 1.7108701 0.5913869 1.7843721 2.4039204 0.6405092 1.8283281 1.7979855 0.0000000 0.6221938 0.5836494 0.6946299 1.0106726 1.9483462 1.8330441 0.6112692 0.5847247 4.2952193 1.7317158 1.7522991 0.6564462 2.6714324 0.7041046 1.8380297 
n293_294   2.0563585 2.0617704 0.2770821 2.4787702 0.2958092 1.6574573 2.0180917 0.0892568 2.0407460 1.8624086 0.6221938 0.0000000 0.2805682 0.1285124 0.8162185 1.8578249 1.8566359 0.2768708 0.2912773 2.8251294 1.9321141 2.0336672 0.0520275 2.3513121 0.1367086 1.8046329 
n290_291   1.7835617 1.7307173 0.1448050 1.8793215 0.0237659 1.9734465 1.9739662 0.3014217 2.1340674 2.1658945 0.5836494 0.2805682 0.0000000 0.3229475 0.9008232 2.2031011 2.1579251 0.1488895 0.0519612 2.3466187 1.8842083 1.8262418 0.3012061 2.2288578 0.3395330 2.0882418 
n297_298   1.9606459 2.0118237 0.3244197 2.4209612 0.3286107 1.8705714 2.0134503 0.1206057 1.9377500 2.0606411 0.6946299 0.1285124 0.3229475 0.0000000 0.8637619 2.0547269 2.1230367 0.3241674 0.3184713 3.3319294 2.0914087 1.8948606 0.1533648 2.4787714 0.0377534 1.9899940 
n200_201   1.5010993 2.7364839 0.9140455 2.8471209 0.9032979 1.8512007 2.2077543 0.8654259 1.7148223 1.6379098 1.0106726 0.8162185 0.9008232 0.8637619 0.0000000 1.6293796 1.7120270 0.9483085 0.8791473 9.0000000 1.5176938 1.5974931 0.8292166 2.5090450 0.8722469 1.6055381 
n292_293   0.5311791 1.8713108 2.2910178 1.8646807 2.2619044 0.1649358 3.3419388 1.8415928 0.4911980 0.0271523 1.9483462 1.8578249 2.2031011 2.0547269 1.6293796 0.0000000 0.1162258 2.2930526 2.1473303 2.0595873 1.8985231 1.8806902 1.8032463 2.7116072 2.1772829 0.0341334 
n280_281   0.5592798 1.9487541 2.3097162 1.8655724 2.1543995 0.1738182 3.9412028 1.8739918 0.5396491 0.1082756 1.8330441 1.8566359 2.1579251 2.1230367 1.7120270 0.1162258 0.0000000 2.3114993 2.1532434 2.0092761 1.8229379 1.7473469 1.9141334 2.9832533 2.2647017 0.1162138 
n295_296   2.0046167 1.6949319 0.0272091 1.8796783 0.1614339 2.0217342 1.8345054 0.3021528 2.2760831 2.2475692 0.6112692 0.2768708 0.1488895 0.3241674 0.9483085 2.2930526 2.3114993 0.0000000 0.1657688 2.9782330 1.7635490 1.7186584 0.3026087 2.3139827 0.3462894 2.1631747 
n287_288   1.7571647 1.8667156 0.1617347 2.0978291 0.0555936 1.9293903 1.7252462 0.3024683 1.9696220 2.1119295 0.5847247 0.2912773 0.0519612 0.3184713 0.8791473 2.1473303 2.1532434 0.1657688 0.0000000 2.2425389 2.1033111 1.9869652 0.3122827 2.1322194 0.3349840 2.0720408 
n244_245   3.9272502 2.6997554 2.9690502 2.1924729 2.4185952 2.3049457 1.8919608 3.0729489 2.8590076 1.9426455 4.2952193 2.8251294 2.3466187 3.3319294 9.0000000 2.0595873 2.0092761 2.9782330 2.2425389 0.0000000 2.1390656 1.9289109 2.5455574 1.8715038 3.9890959 1.9955772 
n265_266   1.8303283 0.9690251 1.8858866 0.9673930 1.9003704 1.8249517 3.6296931 2.0523587 1.9341450 1.8576666 1.7317158 1.9321141 1.8842083 2.0914087 1.5176938 1.8985231 1.8229379 1.7635490 2.1033111 2.1390656 0.0000000 0.1407861 1.7910459 3.2624722 2.3408251 1.8214173 
n266_267   1.7351808 0.8722879 1.8353066 0.8706945 1.8360754 1.7488828 2.9123419 2.1003561 1.9149273 1.8320004 1.7522991 2.0336672 1.8262418 1.8948606 1.5974931 1.8806902 1.7473469 1.7186584 1.9869652 1.9289109 0.1407861 0.0000000 1.8769827 3.7532154 2.1357270 1.7967779 
n294_295   2.0072687 1.9766974 0.3028421 2.4596893 0.3169159 1.7297473 1.9671604 0.1166726 1.8243478 1.8075366 0.6564462 0.0520275 0.3012061 0.1533648 0.8292166 1.8032463 1.9141334 0.3026087 0.3122827 2.5455574 1.7910459 1.8769827 0.0000000 2.4793819 0.1618810 1.7526249 
n251_252   2.9057508 3.3929652 2.4448617 3.5008549 2.2700214 2.9548114 0.2969534 2.6341362 2.5856161 2.6553161 2.6714324 2.3513121 2.2288578 2.4787714 2.5090450 2.7116072 2.9832533 2.3139827 2.1322194 1.8715038 3.2624722 3.7532154 2.4793819 0.0000000 2.3903829 2.7314479 
n298_299   2.1101619 2.1607958 0.3465615 2.7173973 0.3453447 1.9342875 2.0024732 0.1287131 1.9970668 2.1841051 0.7041046 0.1367086 0.3395330 0.0377534 0.8722469 2.1772829 2.2647017 0.3462894 0.3349840 3.9890959 2.3408251 2.1357270 0.1618810 2.3903829 0.0000000 2.1051213 
n300_301   0.5447590 1.6747226 2.1595084 1.6698312 2.1408962 0.1606200 3.2242939 1.7889785 0.5114280 0.0202715 1.8380297 1.8046329 2.0882418 1.9899940 1.6055381 0.0341334 0.1162138 2.1631747 2.0720408 1.9955772 1.8214173 1.7967779 1.7526249 2.7314479 2.1051213 0.0000000 
