26
n277_278   0.0000000 2.3857686 2.6452016 2.4940883 2.4168925 0.5965576 3.4856956 2.5667389 0.0936376 0.6458552 2.7101727 2.2954954 2.1896152 2.5890898 2.3391872 0.6184576 0.5827919 2.3036663 2.3321948 4.1591221 2.4472596 2.1767135 2.2762152 3.8107673 2.7725004 0.6552767 
n286_287   2.3857686 0.0000000 2.8307778 0.0819567 3.2559181 2.5587608 4.9906939 3.5401700 2.4501481 2.4898178 2.8801891 2.9066850 3.2045303 3.5307038 2.3271073 2.7161811 2.1731702 2.6246665 3.0966077 2.8572692 1.0322749 0.9782664 2.6793932 4.0273910 3.4180843 2.7250005 
n296_297   2.6452016 2.8307778 0.0000000 2.3688401 0.1859499 1.9567066 3.4303849 0.2749951 2.4124945 2.0059896 0.6963489 0.3010157 0.1679156 0.3516829 1.1278070 2.0776330 2.0176872 0.0343588 0.1770427 3.1091842 2.0612064 2.2669877 0.2906198 2.7031077 0.3520866 2.0529677 
n285_286   2.4940883 0.0819567 2.3688401 0.0000000 2.8481609 2.7366454 3.6950630 2.7297708 2.5189095 2.7030828 2.4595495 2.3605579 2.8122410 2.9334730 2.4759956 2.8036884 2.3572002 2.2304548 2.7339863 2.8722882 0.9833322 0.9344045 2.2146434 3.5012191 3.0953287 2.9971421 
n289_290   2.4168925 3.2559181 0.1859499 2.8481609 0.0000000 2.2893980 5.7259344 0.3240386 2.2177568 2.3100395 0.7184881 0.3183831 0.0272339 0.3456767 1.1855321 2.4466442 2.2326027 0.1730000 0.0521970 2.9657758 1.9900639 2.0848943 0.3181373 3.3573300 0.3457047 2.3035895 
n274_275   0.5965576 2.5587608 1.9567066 2.7366454 2.2893980 0.0000000 4.2766142 2.8015998 0.5512341 0.1686014 2.0424227 2.5892440 2.1335074 2.7956395 1.9280617 0.1546830 0.1334454 2.1785581 2.0531572 4.9855699 1.6659792 1.4998079 2.6576087 3.4231333 2.8948752 0.1731319 
n255_256   3.4856956 4.9906939 3.4303849 3.6950630 5.7259344 4.2766142 0.0000000 3.2759896 3.6090964 9.0000000 4.2845281 2.8975540 5.4139660 2.9076557 3.3173069 9.0000000 5.7314723 3.9994305 6.4765008 2.0623601 2.1464877 2.7396240 3.1609748 0.2882173 2.9227768 8.0841922 
n275_276   2.5667389 3.5401700 0.2749951 2.7297708 0.3240386 2.8015998 3.2759896 0.0000000 2.3892066 2.4336888 0.6642745 0.0821631 0.3017628 0.1468703 1.0197632 2.7452181 2.7632747 0.2854828 0.3076756 3.5826640 2.4693931 2.5726888 0.0821119 3.3398029 0.1430540 2.3533746 
n278_279   0.0936376 2.4501481 2.4124945 2.5189095 2.2177568 0.5512341 3.6090964 2.3892066 0.0000000 0.5750426 2.4539507 2.2484983 2.0291852 2.3945124 2.2051273 0.5502809 0.5333254 2.1277807 2.1918703 3.5364490 2.2943352 2.1087813 2.2302553 4.5950896 2.6118057 0.5835361 
n299_300   0.6458552 2.4898178 2.0059896 2.7030828 2.3100395 0.1686014 9.0000000 2.4336888 0.5750426 0.0000000 1.6237201 2.1550321 2.1533567 2.6272000 1.8758128 0.0486297 0.0817291 2.1248406 2.2299509 8.9999986 1.9444357 1.7875266 2.0928114 4.8172156 2.5720080 0.0100939 
n236_237   2.7101727 2.8801891 0.6963489 2.4595495 0.7184881 2.0424227 4.2845281 0.6642745 2.4539507 1.6237201 0.0000000 0.6150096 0.6733619 0.6252982 0.9176917 1.7396630 1.7117251 0.7047182 0.7228470 5.5099314 2.4606755 2.8732821 0.6250464 3.5944940 0.6189046 1.6466484 
n293_294   2.2954954 2.9066850 0.3010157 2.3605579 0.3183831 2.5892440 2.8975540 0.0821631 2.2484983 2.1550321 0.6150096 0.0000000 0.2963034 0.1169896 1.0486868 2.3199681 2.2927403 0.3014555 0.3131119 3.0459104 2.3169041 2.4190092 0.0238476 3.3081777 0.1132990 2.0926410 
n290_291   2.1896152 3.2045303 0.1679156 2.8122410 0.0272339 2.1335074 5.4139660 0.3017628 2.0291852 2.1533567 0.6733619 0.2963034 0.0000000 0.3226964 1.0848953 2.2688212 2.0751706 0.1553019 0.0377802 2.8572237 1.8846374 2.0268133 0.2960768 3.0905671 0.3227217 2.1479587 
n297_298   2.5890898 3.5307038 0.3516829 2.9334730 0.3456767 2.7956395 2.9076557 0.1468703 2.3945124 2.6272000 0.6252982 0.1169896 0.3226964 0.0000000 1.0549768 2.7864502 2.6092289 0.3522126 0.3402035 3.6510320 2.4568856 2.5733988 0.1251679 3.0917025 0.0238128 2.5319121 
n200_201   2.3391872 2.3271073 1.1278070 2.4759956 1.1855321 1.9280617 3.3173069 1.0197632 2.2051273 1.8758128 0.9176917 1.0486868 1.0848953 1.0549768 0.0000000 2.0485865 1.8846405 1.1608848 1.1491147 3.0367474 2.1854398 2.1770336 1.0229871 2.9852588 1.0694719 1.9122074 
n292_293   0.6184576 2.7161811 2.0776330 2.8036884 2.4466442 0.1546830 9.0000000 2.7452181 0.5502809 0.0486297 1.7396630 2.3199681 2.2688212 2.7864502 2.0485865 0.0000000 0.0853736 2.2057748 2.3303564 8.0403069 1.9106408 1.7981489 2.3092518 6.3891847 2.6478509 0.0522902 
n280_281   0.5827919 2.1731702 2.0176872 2.3572002 2.2326027 0.1334454 5.7314723 2.7632747 0.5333254 0.0817291 1.7117251 2.2927403 2.0751706 2.6092289 1.8846405 0.0853736 0.0000000 2.1385693 2.2842037 5.9331922 1.9319163 1.7478964 2.3368453 3.9638509 2.5545732 0.0855980 
n295_296   2.3036663 2.6246665 0.0343588 2.2304548 0.1730000 2.1785581 3.9994305 0.2854828 2.1277807 2.1248406 0.7047182 0.3014555 0.1553019 0.3522126 1.1608848 2.2057748 2.1385693 0.0000000 0.1642498 3.2786702 1.9949199 2.1139802 0.2910421 3.1901289 0.3526176 2.1774982 
n287_288   2.3321948 3.0966077 0.1770427 2.7339863 0.0521970 2.0531572 6.4765008 0.3076756 2.1918703 2.2299509 0.7228470 0.3131119 0.0377802 0.3402035 1.1491147 2.3303564 2.2842037 0.1642498 0.0000000 2.9520587 1.9537097 2.0205747 0.3128706 3.4663823 0.3402309 2.2240564 
n244_245   4.1591221 2.8572692 3.1091842 2.8722882 2.9657758 4.9855699 2.0623601 3.5826640 3.5364490 8.9999986 5.5099314 3.0459104 2.8572237 3.6510320 3.0367474 8.0403069 5.9331922 3.2786702 2.9520587 0.0000000 3.3595081 2.2940066 3.2888990 2.7412534 3.5001392 5.1293377 
n265_266   2.4472596 1.0322749 2.0612064 0.9833322 1.9900639 1.6659792 2.1464877 2.4693931 2.2943352 1.9444357 2.4606755 2.3169041 1.8846374 2.4568856 2.1854398 1.9106408 1.9319163 1.9949199 1.9537097 3.3595081 0.0000000 0.1749566 2.2180853 2.7376807 2.3532037 1.9059191 
n266_267   2.1767135 0.9782664 2.2669877 0.9344045 2.0848943 1.4998079 2.7396240 2.5726888 2.1087813 1.7875266 2.8732821 2.4190092 2.0268133 2.5733988 2.1770336 1.7981489 1.7478964 2.1139802 2.0205747 2.2940066 0.1749566 0.0000000 2.3977585 3.0214184 2.4591682 1.7602880 
n294_295   2.2762152 2.6793932 0.2906198 2.2146434 0.3181373 2.6576087 3.1609748 0.0821119 2.2302553 2.0928114 0.6250464 0.0238476 0.2960768 0.1251679 1.0229871 2.3092518 2.3368453 0.2910421 0.3128706 3.2888990 2.2180853 2.3977585 0.0000000 3.6619556 0.1214480 2.0343459 
n251_252   3.8107673 4.0273910 2.7031077 3.5012191 3.3573300 3.4231333 0.2882173 3.3398029 4.5950896 4.8172156 3.5944940 3.3081777 3.0905671 3.0917025 2.9852588 6.3891847 3.9638509 3.1901289 3.4663823 2.7412534 2.7376807 3.0214184 3.6619556 0.0000000 3.1077560 4.1560935 
n298_299   2.7725004 3.4180843 0.3520866 3.0953287 0.3457047 2.8948752 2.9227768 0.1430540 2.6118057 2.5720080 0.6189046 0.1132990 0.3227217 0.0238128 1.0694719 2.6478509 2.5545732 0.3526176 0.3402309 3.5001392 2.3532037 2.4591682 0.1214480 3.1077560 0.0000000 2.4812130 
n300_301   0.6552767 2.7250005 2.0529677 2.9971421 2.3035895 0.1731319 8.0841922 2.3533746 0.5835361 0.0100939 1.6466484 2.0926410 2.1479587 2.5319121 1.9122074 0.0522902 0.0855980 2.1774982 2.2240564 5.1293377 1.9059191 1.7602880 2.0343459 4.1560935 2.4812130 0.0000000 
