25
n298_299   0.0000000 0.2326636 0.1771633 0.2784767 0.0660139 0.2788275 0.2466309 0.0168325 0.0202715 0.0588365 0.2319117 0.0589292 0.3619540 0.2371111 0.0624034 0.1393757 0.3701129 0.2735708 0.0134279 0.2324863 0.2642838 0.0624935 0.2372696 0.4220490 0.2412309 
n280_281   0.2326636 0.0000000 0.2558115 0.2206065 0.2449811 0.2357391 0.0168936 0.2372328 0.2372487 0.2407247 0.0411767 0.2411596 0.2983357 0.0100824 0.2451900 0.2548282 0.3300509 0.2160888 0.2324519 0.0067063 0.2303729 0.2456034 0.0100876 0.4123594 0.0482773 
n200_201   0.1771633 0.2558115 0.0000000 0.2688298 0.1893309 0.2641570 0.2701881 0.1813775 0.1859201 0.1809455 0.2453515 0.1812567 0.3299992 0.2506598 0.1850777 0.1812162 0.3431154 0.2683479 0.1770082 0.2556130 0.2542048 0.1853730 0.2605520 0.4409222 0.2548212 
n286_287   0.2784767 0.2206065 0.2688298 0.0000000 0.2864399 0.1351662 0.2253667 0.2832920 0.2886346 0.2820232 0.2022295 0.2772685 0.3180974 0.2157839 0.2866828 0.2813934 0.3356536 0.0168628 0.2782187 0.2204418 0.1231524 0.2818695 0.2250918 0.3882707 0.2020913 
n287_288   0.0660139 0.2449811 0.1893309 0.2864399 0.0000000 0.2773706 0.2590985 0.0696385 0.0697584 0.0066832 0.2347461 0.0270664 0.3656550 0.2399385 0.0100408 0.1428315 0.3845977 0.2815055 0.0659597 0.2447935 0.2765967 0.0304951 0.2496364 0.4444501 0.2395166 
n266_267   0.2788275 0.2357391 0.2641570 0.1351662 0.2773706 0.0000000 0.2405950 0.2783916 0.2890128 0.2729863 0.2256600 0.2734890 0.3201929 0.2307717 0.2776062 0.2823268 0.3269780 0.1231684 0.2833420 0.2266295 0.0203003 0.2733879 0.2313500 0.3536945 0.2348425 
n292_293   0.2466309 0.0168936 0.2701881 0.2253667 0.2590985 0.2405950 0.0000000 0.2512808 0.2512957 0.2547817 0.0518426 0.2552464 0.3138420 0.0203062 0.2593193 0.2691428 0.3360169 0.2208163 0.2464048 0.0100926 0.2351778 0.2597613 0.0134946 0.4241992 0.0590488 
n293_294   0.0168325 0.2372328 0.1813775 0.2832920 0.0696385 0.2783916 0.2512808 0.0000000 0.0168653 0.0624311 0.2364643 0.0625298 0.3673241 0.2417030 0.0660120 0.1433804 0.3755700 0.2783556 0.0033396 0.2370513 0.2638763 0.0661076 0.2418653 0.4335405 0.2458388 
n275_276   0.0202715 0.2372487 0.1859201 0.2886346 0.0697584 0.2890128 0.2512957 0.0168653 0.0000000 0.0625381 0.2364802 0.0626368 0.3680688 0.2327099 0.0661254 0.1435097 0.3817581 0.2836575 0.0134533 0.2370672 0.2790025 0.0662210 0.2418809 0.4340573 0.2458541 
n289_290   0.0588365 0.2407247 0.1809455 0.2820232 0.0066832 0.2729863 0.2547817 0.0624311 0.0625381 0.0000000 0.2305480 0.0202249 0.3551986 0.2357100 0.0033348 0.1349329 0.3738460 0.2771117 0.0587884 0.2405407 0.2722265 0.0236306 0.2453601 0.4329678 0.2352957 
n278_279   0.2319117 0.0411767 0.2453515 0.2022295 0.2347461 0.2256600 0.0518426 0.2364643 0.2364802 0.2305480 0.0000000 0.2309602 0.3028290 0.0376072 0.2349456 0.2399604 0.3245974 0.2063831 0.2317012 0.0411503 0.2204104 0.2353373 0.0447085 0.3887990 0.0134372 
n295_296   0.0589292 0.2411596 0.1812567 0.2772685 0.0270664 0.2734890 0.2552464 0.0625298 0.0626368 0.0202249 0.2309602 0.0000000 0.3558922 0.2361338 0.0236339 0.1351574 0.3745892 0.2723865 0.0588811 0.2409750 0.2727263 0.0168164 0.2458048 0.4338590 0.2357181 
n251_252   0.3619540 0.2983357 0.3299992 0.3180974 0.3656550 0.3201929 0.3138420 0.3673241 0.3680688 0.3551986 0.3028290 0.3558922 0.0000000 0.2976866 0.3602908 0.3592621 0.0482241 0.3070278 0.3616036 0.3029733 0.3139947 0.3609538 0.2979731 0.3577402 0.3032240 
n274_275   0.2371111 0.0100824 0.2506598 0.2157839 0.2399385 0.2307717 0.0203062 0.2417030 0.2327099 0.2357100 0.0376072 0.2361338 0.2976866 0.0000000 0.2401428 0.2497001 0.3293090 0.2113018 0.2368949 0.0100761 0.2254621 0.2405455 0.0134724 0.3998928 0.0446638 
n290_291   0.0624034 0.2451900 0.1850777 0.2866828 0.0100408 0.2776062 0.2593193 0.0660120 0.0661254 0.0033348 0.2349456 0.0236339 0.3602908 0.2401428 0.0000000 0.1388377 0.3790755 0.2817441 0.0623522 0.2450020 0.2768311 0.0270503 0.2498492 0.4385314 0.2397203 
n236_237   0.1393757 0.2548282 0.1812162 0.2813934 0.1428315 0.2823268 0.2691428 0.1433804 0.1435097 0.1349329 0.2399604 0.1351574 0.3592621 0.2497001 0.1388377 0.0000000 0.3673291 0.2808888 0.1392565 0.2546312 0.2628886 0.1390499 0.2595483 0.4140003 0.2493394 
n255_256   0.3701129 0.3300509 0.3431154 0.3356536 0.3845977 0.3269780 0.3360169 0.3755700 0.3817581 0.3738460 0.3245974 0.3745892 0.0482241 0.3293090 0.3790755 0.3673291 0.0000000 0.3242385 0.3697512 0.3247577 0.3107221 0.3744340 0.3302059 0.3701723 0.3250268 
n285_286   0.2735708 0.2160888 0.2683479 0.0168628 0.2815055 0.1231684 0.2208163 0.2783556 0.2836575 0.2771117 0.2063831 0.2723865 0.3070278 0.2113018 0.2817441 0.2808888 0.3242385 0.0000000 0.2733181 0.2159280 0.1113611 0.2769612 0.2205471 0.3819178 0.2062407 
n294_295   0.0134279 0.2324519 0.1770082 0.2782187 0.0659597 0.2833420 0.2464048 0.0033396 0.0134533 0.0587884 0.2317012 0.0588811 0.3616036 0.2368949 0.0623522 0.1392565 0.3697512 0.2733181 0.0000000 0.2322748 0.2687278 0.0624423 0.2370531 0.4272991 0.2410109 
n300_301   0.2324863 0.0067063 0.2556130 0.2204418 0.2447935 0.2266295 0.0100926 0.2370513 0.2370672 0.2405407 0.0411503 0.2409750 0.3029733 0.0100761 0.2450020 0.2546312 0.3247577 0.2159280 0.2322748 0.0000000 0.2213518 0.2454148 0.0033482 0.4119950 0.0482462 
n265_266   0.2642838 0.2303729 0.2542048 0.1231524 0.2765967 0.0203003 0.2351778 0.2638763 0.2790025 0.2722265 0.2204104 0.2727263 0.3139947 0.2254621 0.2768311 0.2628886 0.3107221 0.1113611 0.2687278 0.2213518 0.0000000 0.2726258 0.2260231 0.3482775 0.2295023 
n296_297   0.0624935 0.2456034 0.1853730 0.2818695 0.0304951 0.2733879 0.2597613 0.0661076 0.0662210 0.0236306 0.2353373 0.0168164 0.3609538 0.2405455 0.0270503 0.1390499 0.3744340 0.2769612 0.0624423 0.2454148 0.2726258 0.0000000 0.2502720 0.4279567 0.2401216 
n299_300   0.2372696 0.0100876 0.2605520 0.2250918 0.2496364 0.2313500 0.0134946 0.2418653 0.2418809 0.2453601 0.0447085 0.2458048 0.2979731 0.0134724 0.2498492 0.2595483 0.3302059 0.2205471 0.2370531 0.0033482 0.2260231 0.2502720 0.0000000 0.4181489 0.0518431 
n244_245   0.4220490 0.4123594 0.4409222 0.3882707 0.4444501 0.3536945 0.4241992 0.4335405 0.4340573 0.4329678 0.3887990 0.4338590 0.3577402 0.3998928 0.4385314 0.4140003 0.3701723 0.3819178 0.4272991 0.4119950 0.3482775 0.4279567 0.4181489 0.0000000 0.3943960 
n277_278   0.2412309 0.0482773 0.2548212 0.2020913 0.2395166 0.2348425 0.0590488 0.2458388 0.2458541 0.2352957 0.0134372 0.2357181 0.3032240 0.0446638 0.2397203 0.2493394 0.3250268 0.2062407 0.2410109 0.0482462 0.2295023 0.2401216 0.0518431 0.3943960 0.0000000 
