25
n294_299   0.0000000 0.0168350 0.3170525 0.2816826 0.3052353 0.2866040 0.0133833 0.3758855 0.3059267 0.2717391 0.3486074 0.0134068 0.1561975 0.0100160 0.2660888 0.2810233 0.0925812 0.0305307 0.0340164 0.2916744 0.3001886 0.0270775 0.3339523 0.0736457 0.0033292 
n296_301   0.0168350 0.0000000 0.3227160 0.3027234 0.3160061 0.3077951 0.0305529 0.3820277 0.3114845 0.2924703 0.3545043 0.0306067 0.1647676 0.0270988 0.2866028 0.3020046 0.1042340 0.0340533 0.0375621 0.3130256 0.3108806 0.0305788 0.3397410 0.0849415 0.0202649 
n266_271   0.3170525 0.3227160 0.0000000 0.2885780 0.1484385 0.2881890 0.3320539 0.3995555 0.0237771 0.2781299 0.4056495 0.3384287 0.3022652 0.3268136 0.2624780 0.2825711 0.3018549 0.3381255 0.3382888 0.2932910 0.1526166 0.3328041 0.3718458 0.2865266 0.3173553 
n274_279   0.2816826 0.3027234 0.2885780 0.0000000 0.2873474 0.0204826 0.2964144 0.3800112 0.2831507 0.0708312 0.3851420 0.2969532 0.2680175 0.2914095 0.0744019 0.0135770 0.2730192 0.3177704 0.3231628 0.0239574 0.2823909 0.3125850 0.3581344 0.2576288 0.2869342 
n286_291   0.3052353 0.3160061 0.1484385 0.2873474 0.0000000 0.2819056 0.3199641 0.4118499 0.1481267 0.2769818 0.3998574 0.3261864 0.2666704 0.3148259 0.2660421 0.2813737 0.3008774 0.3258983 0.3313244 0.2869462 0.0033362 0.3206830 0.3667688 0.2903756 0.3055240 
n299_304   0.2866040 0.3077951 0.2881890 0.0204826 0.2819056 0.0000000 0.3014291 0.3794685 0.2827705 0.0707479 0.3845924 0.3071007 0.2728665 0.2963913 0.0743144 0.0135608 0.2779018 0.3229378 0.3283691 0.0033683 0.2769907 0.3177166 0.3576292 0.2624022 0.2918935 
n298_303   0.0133833 0.0305529 0.3320539 0.2964144 0.3199641 0.3014291 0.0000000 0.3920118 0.3151394 0.2912559 0.3701874 0.0270333 0.1727606 0.0033200 0.2804894 0.2957152 0.1077965 0.0444692 0.0480237 0.3065992 0.3148259 0.0409549 0.3551934 0.0884514 0.0167809 
n244_249   0.3758855 0.3820277 0.3995555 0.3800112 0.4118499 0.3794685 0.3920118 0.0000000 0.3923045 0.3622724 0.3014806 0.3990524 0.3548056 0.3925369 0.3551221 0.3729546 0.3715842 0.4045785 0.4106578 0.3852442 0.4118576 0.3987610 0.2768868 0.3375461 0.3819122 
n265_270   0.3059267 0.3114845 0.0237771 0.2831507 0.1481267 0.2827705 0.3151394 0.3923045 0.0000000 0.2727935 0.3983270 0.3269370 0.2913656 0.3100294 0.2524904 0.2772074 0.2909725 0.3266475 0.3268042 0.2878305 0.1522956 0.3214174 0.3594313 0.2758964 0.3062166 
n278_283   0.2717391 0.2924703 0.2781299 0.0708312 0.2769818 0.0707479 0.2912559 0.3622724 0.2727935 0.0000000 0.3666662 0.2918155 0.2585402 0.2862862 0.0239019 0.0632899 0.2583144 0.3073198 0.3126321 0.0744854 0.2720982 0.3022077 0.3403321 0.2479926 0.2769124 
n255_260   0.3486074 0.3545043 0.4056495 0.3851420 0.3998574 0.3845924 0.3701874 0.3014806 0.3983270 0.3666662 0.0000000 0.3648000 0.3339726 0.3646751 0.3717516 0.3780368 0.3662246 0.3703304 0.3817266 0.3903973 0.3941152 0.3703005 0.0307433 0.3324397 0.3543982 
n275_280   0.0134068 0.0306067 0.3384287 0.2969532 0.3261864 0.3071007 0.0270333 0.3990524 0.3269370 0.2918155 0.3648000 0.0000000 0.1688662 0.0236027 0.2859643 0.3013264 0.1079903 0.0445478 0.0481087 0.3123175 0.3209938 0.0410272 0.3498908 0.0886085 0.0168104 
n200_203   0.1561975 0.1647676 0.3022652 0.2680175 0.2666704 0.2728665 0.1727606 0.3548056 0.2913656 0.2585402 0.3339726 0.1688662 0.0000000 0.1685639 0.2529942 0.2677207 0.1483370 0.1813757 0.1770805 0.2681643 0.2618594 0.1771178 0.3139394 0.1317089 0.1604896 
n297_302   0.0100160 0.0270988 0.3268136 0.2914095 0.3148259 0.2963913 0.0033200 0.3925369 0.3100294 0.2862862 0.3646751 0.0236027 0.1685639 0.0000000 0.2756005 0.2907240 0.1039522 0.0409573 0.0444939 0.3015263 0.3097224 0.0374590 0.3497706 0.0847137 0.0133959 
n277_282   0.2660888 0.2866028 0.2624780 0.0744019 0.2660421 0.0743144 0.2804894 0.3551221 0.2524904 0.0239019 0.3717516 0.2859643 0.2529942 0.2756005 0.0000000 0.0668312 0.2480096 0.3013101 0.3065662 0.0780635 0.2612444 0.2962501 0.3452754 0.2425637 0.2712074 
n280_285   0.2810233 0.3020046 0.2825711 0.0135770 0.2813737 0.0135608 0.2957152 0.3729546 0.2772074 0.0632899 0.3780368 0.3013264 0.2677207 0.2907240 0.0668312 0.0000000 0.2674309 0.3170101 0.3223869 0.0169950 0.2764698 0.3118394 0.3513321 0.2570334 0.2862600 
n236_241   0.0925812 0.1042340 0.3018549 0.2730192 0.3008774 0.2779018 0.1077965 0.3715842 0.2909725 0.2583144 0.3662246 0.1079903 0.1483370 0.1039522 0.2480096 0.2674309 0.0000000 0.1196085 0.1236064 0.2829300 0.2958509 0.1156936 0.3402951 0.0412327 0.0964652 
n287_292   0.0305307 0.0340533 0.3381255 0.3177704 0.3258983 0.3229378 0.0444692 0.4045785 0.3266475 0.3073198 0.3703304 0.0445478 0.1813757 0.0409573 0.3013101 0.3170101 0.1196085 0.0000000 0.0167671 0.3282704 0.3207115 0.0100111 0.3553354 0.0999101 0.0340299 
n290_295   0.0340164 0.0375621 0.3382888 0.3231628 0.3313244 0.3283691 0.0480237 0.4106578 0.3268042 0.3126321 0.3817266 0.0481087 0.1770805 0.0444939 0.3065662 0.3223869 0.1236064 0.0167671 0.0000000 0.3337432 0.3260981 0.0133841 0.3665388 0.1037846 0.0375363 
n300_305   0.2916744 0.3130256 0.2932910 0.0239574 0.2869462 0.0033683 0.3065992 0.3852442 0.2878305 0.0744854 0.3903973 0.3123175 0.2681643 0.3015263 0.0780635 0.0169950 0.2829300 0.3282704 0.3337432 0.0000000 0.2819980 0.3230112 0.3632434 0.2673136 0.2970044 
n285_290   0.3001886 0.3108806 0.1526166 0.2823909 0.0033362 0.2769907 0.3148259 0.4118576 0.1522956 0.2720982 0.3941152 0.3209938 0.2618594 0.3097224 0.2612444 0.2764698 0.2958509 0.3207115 0.3260981 0.2819980 0.0000000 0.3155326 0.3612598 0.2854242 0.3004717 
n289_294   0.0270775 0.0305788 0.3328041 0.3125850 0.3206830 0.3177166 0.0409549 0.3987610 0.3214174 0.3022077 0.3703005 0.0410272 0.1771178 0.0374590 0.2962501 0.3118394 0.1156936 0.0100111 0.0133841 0.3230112 0.3155326 0.0000000 0.3553086 0.0961067 0.0305578 
n251_256   0.3339523 0.3397410 0.3718458 0.3581344 0.3667688 0.3576292 0.3551934 0.2768868 0.3594313 0.3403321 0.0307433 0.3498908 0.3139394 0.3497706 0.3452754 0.3513321 0.3402951 0.3553354 0.3665388 0.3632434 0.3612598 0.3553086 0.0000000 0.3075922 0.3396395 
n236_239   0.0736457 0.0849415 0.2865266 0.2576288 0.2903756 0.2624022 0.0884514 0.3375461 0.2758964 0.2479926 0.3324397 0.0886085 0.1317089 0.0847137 0.2425637 0.2570334 0.0412327 0.0999101 0.1037846 0.2673136 0.2854242 0.0961067 0.3075922 0.0000000 0.0774063 
n293_298   0.0033292 0.0202649 0.3173553 0.2869342 0.3055240 0.2918935 0.0167809 0.3819122 0.3062166 0.2769124 0.3543982 0.0168104 0.1604896 0.0133959 0.2712074 0.2862600 0.0964652 0.0340299 0.0375363 0.2970044 0.3004717 0.0305578 0.3396395 0.0774063 0.0000000 
