24
n298_299   0.0000000 0.2610092 0.1576856 0.2671268 0.0412477 0.2098073 0.2558813 0.0100719 0.0100847 0.0342048 0.2857220 0.0306844 0.4804455 0.2608410 0.0412295 0.0777914 0.4671341 0.2668409 0.0066992 0.2605110 0.2142749 0.0306914 0.4152427 0.2808218 
n280_281   0.2610092 0.0000000 0.2813031 0.2815327 0.2757167 0.2613438 0.0066745 0.2605089 0.2660289 0.2708791 0.0553976 0.2656747 0.5108786 0.0066727 0.2755404 0.2519747 0.4956618 0.2812288 0.2607857 0.0100297 0.2470073 0.2657573 0.4050603 0.0554667 
n200_201   0.1576856 0.2813031 0.0000000 0.3033300 0.1789938 0.2726178 0.2760035 0.1617673 0.1619924 0.1747343 0.3067654 0.1702708 0.5299246 0.2811184 0.1788944 0.1454065 0.5228688 0.3029974 0.1575660 0.2807582 0.2674424 0.1703181 0.4339224 0.3017173 
n286_287   0.2671268 0.2815327 0.3033300 0.0000000 0.2870459 0.1661091 0.2812658 0.2666103 0.2722091 0.2821191 0.2973221 0.2768029 0.5218772 0.2864283 0.2868588 0.2574821 0.5139414 0.0033560 0.2668956 0.2860596 0.1703494 0.2768904 0.4469201 0.2922417 
n287_288   0.0412477 0.2757167 0.1789938 0.2870459 0.0000000 0.2280818 0.2704711 0.0447629 0.0448208 0.0168827 0.2905631 0.0237367 0.4805217 0.2755368 0.0202938 0.0890787 0.4606463 0.2867350 0.0412207 0.2751855 0.2326454 0.0237421 0.4213919 0.2856347 
n266_267   0.2098073 0.2613438 0.2726178 0.1661091 0.2280818 0.0000000 0.2562078 0.2094222 0.2144628 0.2281515 0.2812141 0.2186223 0.4936746 0.2611753 0.2278675 0.2056798 0.4792885 0.1617103 0.2096382 0.2608444 0.0341984 0.2094753 0.4338648 0.2713077 
n292_293   0.2558813 0.0066745 0.2760035 0.2812658 0.2704711 0.2562078 0.0000000 0.2553934 0.2608586 0.2656712 0.0553848 0.2605145 0.5103554 0.0066711 0.2702996 0.2469092 0.4951600 0.2809625 0.2556638 0.0033246 0.2419830 0.2605949 0.4046753 0.0518437 
n293_294   0.0100719 0.2605089 0.1617673 0.2666103 0.0447629 0.2094222 0.2553934 0.0000000 0.0134688 0.0412289 0.2851624 0.0341522 0.4793152 0.2603414 0.0447430 0.0814758 0.4660476 0.2663255 0.0033408 0.2600126 0.2138802 0.0341601 0.4143242 0.2802741 
n275_276   0.0100847 0.2660289 0.1619924 0.2722091 0.0448208 0.2144628 0.2608586 0.0134688 0.0000000 0.0412820 0.2909272 0.0341962 0.4873788 0.2658567 0.0448008 0.0815841 0.4739457 0.2719167 0.0100784 0.2655192 0.2189606 0.0342041 0.4156435 0.2859905 
n289_290   0.0342048 0.2708791 0.1747343 0.2821191 0.0168827 0.2281515 0.2656712 0.0412289 0.0412820 0.0000000 0.2959398 0.0203022 0.4870904 0.2707031 0.0100708 0.0891388 0.4670487 0.2818143 0.0377030 0.2703587 0.2327313 0.0203068 0.4213298 0.2807359 
n278_279   0.2857220 0.0553976 0.3067654 0.2973221 0.2905631 0.2812141 0.0553848 0.2851624 0.2909272 0.2959398 0.0000000 0.2905241 0.5400847 0.0553682 0.3007412 0.2764214 0.5242037 0.2969976 0.2854700 0.0589584 0.2664839 0.2906170 0.4425113 0.0202542 
n295_296   0.0306844 0.2656747 0.1702708 0.2768029 0.0237367 0.2186223 0.2605145 0.0341522 0.0341962 0.0203022 0.2905241 0.0000000 0.4864657 0.2655031 0.0237264 0.0852730 0.4664652 0.2765052 0.0306645 0.2651666 0.2278339 0.0066934 0.4208373 0.2754518 
n251_252   0.4804455 0.5108786 0.5299246 0.5218772 0.4805217 0.4936746 0.5103554 0.4793152 0.4873788 0.4870904 0.5400847 0.4864657 0.0000000 0.5175048 0.4732170 0.4547478 0.0558590 0.5212176 0.4799042 0.5167427 0.4866390 0.4866595 0.4207932 0.5188132 
n274_275   0.2608410 0.0066727 0.2811184 0.2864283 0.2755368 0.2611753 0.0066711 0.2603414 0.2658567 0.2707031 0.0553682 0.2655031 0.5175048 0.0000000 0.2753608 0.2518134 0.5021499 0.2861183 0.2606179 0.0100245 0.2468498 0.2655855 0.4047339 0.0554373 
n290_291   0.0412295 0.2755404 0.1788944 0.2868588 0.0202938 0.2278675 0.2702996 0.0447430 0.0448008 0.0100708 0.3007412 0.0237264 0.4732170 0.2753608 0.0000000 0.0928755 0.4535522 0.2865483 0.0412025 0.2750099 0.2324405 0.0237318 0.4269214 0.2854496 
n236_237   0.0777914 0.2519747 0.1454065 0.2574821 0.0890787 0.2056798 0.2469092 0.0814758 0.0815841 0.0891388 0.2764214 0.0852730 0.4547478 0.2518134 0.0928755 0.0000000 0.4479954 0.2572081 0.0777378 0.2514958 0.2145707 0.0852942 0.3911477 0.2715734 
n255_256   0.4671341 0.4956618 0.5228688 0.5139414 0.4606463 0.4792885 0.4951600 0.4660476 0.4739457 0.4670487 0.5242037 0.4664652 0.0558590 0.5021499 0.4535522 0.4479954 0.0000000 0.5132954 0.4666159 0.5014184 0.4723925 0.4666475 0.4079134 0.5034101 
n285_286   0.2668409 0.2812288 0.3029974 0.0033560 0.2867350 0.1617103 0.2809625 0.2663255 0.2719167 0.2818143 0.2969976 0.2765052 0.5212176 0.2861183 0.2865483 0.2572081 0.5132954 0.0000000 0.2666103 0.2857505 0.1659213 0.2765925 0.4463827 0.2919238 
n294_295   0.0066992 0.2607857 0.1575660 0.2668956 0.0412207 0.2096382 0.2556638 0.0033408 0.0100784 0.0377030 0.2854700 0.0306645 0.4799042 0.2606179 0.0412025 0.0777378 0.4666159 0.2666103 0.0000000 0.2602885 0.2141013 0.0306715 0.4148117 0.2805756 
n300_301   0.2605110 0.0100297 0.2807582 0.2860596 0.2751855 0.2608444 0.0033246 0.2600126 0.2655192 0.2703587 0.0589584 0.2651666 0.5167427 0.0100245 0.2750099 0.2514958 0.5014184 0.2857505 0.2602885 0.0000000 0.2465394 0.2652489 0.4102483 0.0554047 
n265_266   0.2142749 0.2470073 0.2674424 0.1703494 0.2326454 0.0341984 0.2419830 0.2138802 0.2189606 0.2327313 0.2664839 0.2278339 0.4866390 0.2468498 0.2324405 0.2145707 0.4723925 0.1659213 0.2141013 0.2465394 0.0000000 0.2185662 0.4400308 0.2567726 
n296_297   0.0306914 0.2657573 0.1703181 0.2768904 0.0237421 0.2094753 0.2605949 0.0341601 0.0342041 0.0203068 0.2906170 0.0066934 0.4866595 0.2655855 0.0237318 0.0852942 0.4666475 0.2765925 0.0306715 0.2652489 0.2185662 0.0000000 0.4151273 0.2755384 
n244_245   0.4152427 0.4050603 0.4339224 0.4469201 0.4213919 0.4338648 0.4046753 0.4143242 0.4156435 0.4213298 0.4425113 0.4208373 0.4207932 0.4047339 0.4269214 0.3911477 0.4079134 0.4463827 0.4148117 0.4102483 0.4400308 0.4151273 0.0000000 0.4301361 
n277_278   0.2808218 0.0554667 0.3017173 0.2922417 0.2856347 0.2713077 0.0518437 0.2802741 0.2859905 0.2807359 0.0202542 0.2754518 0.5188132 0.0554373 0.2854496 0.2715734 0.5034101 0.2919238 0.2805756 0.0554047 0.2567726 0.2755384 0.4301361 0.0000000 
