26
n298_299   0.0000000 0.2515065 0.1228802 0.2424153 0.0660916 0.2693588 0.2559706 0.0305927 0.0305940 0.0661042 0.0066894 0.2279457 0.0660813 0.3103887 0.2651159 0.0660837 0.1154972 0.3202245 0.2378204 0.0236709 0.2560025 0.2647465 0.0624372 0.2606527 0.3696527 0.2234487 
n280_281   0.2515065 0.0000000 0.2374107 0.2520544 0.2515512 0.2846038 0.0067039 0.2423148 0.2423477 0.2468608 0.2466884 0.0736185 0.2610304 0.3256230 0.0202715 0.2515248 0.2562841 0.3145595 0.2518763 0.2329975 0.0100749 0.2798912 0.2562469 0.0100774 0.3740750 0.0663297 
n200_201   0.1228802 0.2374107 0.0000000 0.2282988 0.1269443 0.2502223 0.2417987 0.1112825 0.1112906 0.1191474 0.1150500 0.2187595 0.1269250 0.2943443 0.2507771 0.1191111 0.1231726 0.2988746 0.2237957 0.1035190 0.2418286 0.2366485 0.1229513 0.2463899 0.3632850 0.2143203 
n286_287   0.2424153 0.2520544 0.2282988 0.0000000 0.2473093 0.1508166 0.2565288 0.2330368 0.2377606 0.2517369 0.2376586 0.2417925 0.2563242 0.3196454 0.2612476 0.2516637 0.2423695 0.3192803 0.0100673 0.2284714 0.2565608 0.1549034 0.2515722 0.2612216 0.3370368 0.2328199 
n287_288   0.0660916 0.2515512 0.1269443 0.2473093 0.0000000 0.2744441 0.2560166 0.0517671 0.0589309 0.0202599 0.0588456 0.2279834 0.0271388 0.2999325 0.2651650 0.0202535 0.1234042 0.3096286 0.2426798 0.0446270 0.2560484 0.2697982 0.0236858 0.2607002 0.3483772 0.2234851 
n266_267   0.2693588 0.2846038 0.2502223 0.1508166 0.2744441 0.0000000 0.2892419 0.2645100 0.2599493 0.2789955 0.2644312 0.2690338 0.2837281 0.3500482 0.2987647 0.2789156 0.2650978 0.3603498 0.1548270 0.2549418 0.2892785 0.0100515 0.2788131 0.2894278 0.3621326 0.2597712 
n292_293   0.2559706 0.0067039 0.2417987 0.2565288 0.2560166 0.2892419 0.0000000 0.2467320 0.2467659 0.2513011 0.2511256 0.0736367 0.2655465 0.3305000 0.0202760 0.2559898 0.2607736 0.3197747 0.2563475 0.2373660 0.0033427 0.2845059 0.2607373 0.0033435 0.3741835 0.0663461 
n293_294   0.0305927 0.2423148 0.1112825 0.2330368 0.0517671 0.2645100 0.2467320 0.0000000 0.0202731 0.0517770 0.0236826 0.2190491 0.0517590 0.3048395 0.2557758 0.0517608 0.1039680 0.3145929 0.2285017 0.0066947 0.2467625 0.2599267 0.0481817 0.2513583 0.3527337 0.2146029 
n275_276   0.0305940 0.2423477 0.1112906 0.2377606 0.0589309 0.2599493 0.2467659 0.0202731 0.0000000 0.0589421 0.0236836 0.2190761 0.0589217 0.3099570 0.2558123 0.0589238 0.1039753 0.3197771 0.2331943 0.0134459 0.2467965 0.2553907 0.0553095 0.2513935 0.3641110 0.2146289 
n289_290   0.0661042 0.2468608 0.1191474 0.2517369 0.0202599 0.2789955 0.2513011 0.0517770 0.0589421 0.0000000 0.0588568 0.2234505 0.0271440 0.3100390 0.2603947 0.0134481 0.1234276 0.3198626 0.2470842 0.0446356 0.2513323 0.2743264 0.0236903 0.2559548 0.3642134 0.2189794 
n297_298   0.0066894 0.2466884 0.1150500 0.2376586 0.0588456 0.2644312 0.2511256 0.0236826 0.0236836 0.0588568 0.0000000 0.2232986 0.0588364 0.3051368 0.2602107 0.0588385 0.1077180 0.3149021 0.2330950 0.0168290 0.2511568 0.2598503 0.0552296 0.2557751 0.3639207 0.2188313 
n278_279   0.2279457 0.0736185 0.2187595 0.2417925 0.2279834 0.2690338 0.0736367 0.2190491 0.2190761 0.2234505 0.2232986 0.0000000 0.2371427 0.2844058 0.0809619 0.2279589 0.2325204 0.2743837 0.2416224 0.2100435 0.0773021 0.2644267 0.2325218 0.0773227 0.3419255 0.0134571 
n295_296   0.0660813 0.2610304 0.1269250 0.2563242 0.0271388 0.2837281 0.2655465 0.0517590 0.0589217 0.0271440 0.0588364 0.2371427 0.0000000 0.3149813 0.2748060 0.0271355 0.1233853 0.3248627 0.2516447 0.0446200 0.2655797 0.2790323 0.0033388 0.2702909 0.3534199 0.2325891 
n251_252   0.3103887 0.3256230 0.2943443 0.3196454 0.2999325 0.3500482 0.3305000 0.3048395 0.3099570 0.3100390 0.3051368 0.2844058 0.3149813 0.0000000 0.3405441 0.3099513 0.3155370 0.0446761 0.3045489 0.2996855 0.3305428 0.3449436 0.3098352 0.3356753 0.2858090 0.2846447 
n274_275   0.2651159 0.0202715 0.2507771 0.2612476 0.2651650 0.2987647 0.0202760 0.2557758 0.2558123 0.2603947 0.2602107 0.0809619 0.2748060 0.3405441 0.0000000 0.2651374 0.2699748 0.3296755 0.2610628 0.2463017 0.0237010 0.2939769 0.2699402 0.0237070 0.3739015 0.0736115 
n290_291   0.0660837 0.2515248 0.1191111 0.2516637 0.0202535 0.2789156 0.2559898 0.0517608 0.0589238 0.0134481 0.0588385 0.2279589 0.0271355 0.3099513 0.2651374 0.0000000 0.1233898 0.3197715 0.2470122 0.0446216 0.2560217 0.2742474 0.0236829 0.2606731 0.3641127 0.2234611 
n236_237   0.1154972 0.2562841 0.1231726 0.2423695 0.1234042 0.2650978 0.2607736 0.1039680 0.1039753 0.1234276 0.1077180 0.2325204 0.1233853 0.3155370 0.2699748 0.1233898 0.0000000 0.3254369 0.2377761 0.0962570 0.2608061 0.2605042 0.1194191 0.2654862 0.3754521 0.2279963 
n255_256   0.3202245 0.3145595 0.2988746 0.3192803 0.3096286 0.3603498 0.3197747 0.3145929 0.3197771 0.3198626 0.3149021 0.2743837 0.3248627 0.0446761 0.3296755 0.3197715 0.3254369 0.0000000 0.3042048 0.3093726 0.3198168 0.3551821 0.3196517 0.3248713 0.2957260 0.2746116 
n285_286   0.2378204 0.2518763 0.2237957 0.0100673 0.2426798 0.1548270 0.2563475 0.2285017 0.2331943 0.2470842 0.2330950 0.2416224 0.2516447 0.3045489 0.2610628 0.2470122 0.2377761 0.3042048 0.0000000 0.2239636 0.2563795 0.1508198 0.2469226 0.2610369 0.3264453 0.2326566 
n294_295   0.0236709 0.2329975 0.1035190 0.2284714 0.0446270 0.2549418 0.2373660 0.0066947 0.0134459 0.0446356 0.0168290 0.2100435 0.0446200 0.2996855 0.2463017 0.0446216 0.0962570 0.3093726 0.2239636 0.0000000 0.2373953 0.2504156 0.0410807 0.2419334 0.3529987 0.2056514 
n300_301   0.2560025 0.0100749 0.2418286 0.2565608 0.2560484 0.2892785 0.0033427 0.2467625 0.2467965 0.2513323 0.2511568 0.0773021 0.2655797 0.3305428 0.0237010 0.2560217 0.2608061 0.3198168 0.2563795 0.2373953 0.0000000 0.2845418 0.2607698 0.0066997 0.3742331 0.0699808 
n265_266   0.2647465 0.2798912 0.2366485 0.1549034 0.2697982 0.0100515 0.2845059 0.2599267 0.2553907 0.2743264 0.2598503 0.2644267 0.2790323 0.3449436 0.2939769 0.2742474 0.2605042 0.3551821 0.1508198 0.2504156 0.2845418 0.0000000 0.2741476 0.2846881 0.3569350 0.2552139 
n296_297   0.0624372 0.2562469 0.1229513 0.2515722 0.0236858 0.2788131 0.2607373 0.0481817 0.0553095 0.0236903 0.0552296 0.2325218 0.0033388 0.3098352 0.2699402 0.0236829 0.1194191 0.3196517 0.2469226 0.0410807 0.2607698 0.2741476 0.0000000 0.2654508 0.3533647 0.2279964 
n299_300   0.2606527 0.0100774 0.2463899 0.2612216 0.2607002 0.2894278 0.0033435 0.2513583 0.2513935 0.2559548 0.2557751 0.0773227 0.2702909 0.3356753 0.0237070 0.2606731 0.2654862 0.3248713 0.2610369 0.2419334 0.0066997 0.2846881 0.2654508 0.0000000 0.3796772 0.0699993 
n244_245   0.3696527 0.3740750 0.3632850 0.3370368 0.3483772 0.3621326 0.3741835 0.3527337 0.3641110 0.3642134 0.3639207 0.3419255 0.3534199 0.2858090 0.3739015 0.3641127 0.3754521 0.2957260 0.3264453 0.3529987 0.3742331 0.3569350 0.3533647 0.3796772 0.0000000 0.3479676 
n277_278   0.2234487 0.0663297 0.2143203 0.2328199 0.2234851 0.2597712 0.0663461 0.2146029 0.2146289 0.2189794 0.2188313 0.0134571 0.2325891 0.2846447 0.0736115 0.2234611 0.2279963 0.2746116 0.2326566 0.2056514 0.0699808 0.2552139 0.2279964 0.0699993 0.3479676 0.0000000 
