26
n285_288   0.0000000 1.4317140 2.3953294 2.5883090 1.6579536 2.2929546 2.4281806 2.1971745 2.4293826 0.8195924 2.5654799 0.8805663 1.4704343 2.2956054 2.2086376 1.9569171 1.6086055 1.8651369 2.1335815 2.1493819 1.6402533 1.5868454 0.0449565 2.3099568 2.2017897 3.1265004 
n278_281   1.4317140 0.0000000 2.4350340 2.4527193 0.5382017 2.2458705 2.3400505 2.2073240 2.3116043 2.2515400 2.4250125 2.2649209 0.1339785 2.2466107 2.6931846 2.4329873 0.5244918 0.4791123 2.2482608 2.4854586 0.4932310 0.5030505 1.4393313 2.3645905 1.8522546 2.2248427 
n297_300   2.3953294 2.4350340 0.0000000 2.9070195 2.3115373 0.1292428 0.2988826 0.2926943 0.2979116 2.8679729 0.0485725 2.7740553 2.3894541 0.2508693 2.5826050 1.0868625 2.4629392 2.4231229 0.1409386 0.1415040 2.4511417 2.4249514 2.3326904 0.2815765 0.7214375 8.9999987 
n251_254   2.5883090 2.4527193 2.9070195 0.0000000 1.9085010 3.1587073 3.1308415 2.3403560 3.1213297 3.0755025 2.7651389 2.5131170 3.0045544 2.4894294 0.3583497 2.3931465 1.8471810 1.8560642 3.0383623 3.4318152 1.7974664 1.8832829 2.6281876 2.4236436 2.9713703 2.3444526 
n280_283   1.6579536 0.5382017 2.3115373 1.9085010 0.0000000 2.0718940 1.8990093 1.9350417 1.8517990 1.6772890 2.1151868 1.6853330 0.5560415 1.8578208 2.8608861 1.7513067 0.0820110 0.1012007 1.9163657 2.1967995 0.0974645 0.0896184 1.6135023 1.8967852 2.0900583 2.9307340 
n294_297   2.2929546 2.2458705 0.1292428 3.1587073 2.0718940 0.0000000 0.2925444 0.2661103 0.2766360 2.8397057 0.1213212 2.7853629 2.2141045 0.2260320 2.9783568 1.0291024 2.1599995 2.0945967 0.1166500 0.0483809 2.1965667 2.0825583 2.1323117 0.2608780 0.7066520 9.0000000 
n295_298   2.4281806 2.3400505 0.2988826 3.1308415 1.8990093 0.2925444 0.0000000 0.1379339 0.0307295 3.3330665 0.2880520 2.7769711 2.1803062 0.1051271 2.7280950 1.1194239 1.9493339 1.9274516 0.3017205 0.3034289 1.9131250 1.9148399 2.4537441 0.1250396 0.6653198 9.0000000 
n289_292   2.1971745 2.2073240 0.2926943 2.3403560 1.9350417 0.2661103 0.1379339 0.0000000 0.1254419 3.4402857 0.2930489 2.5436448 2.0356132 0.0413695 2.1235104 1.0295498 1.9126828 1.9955140 0.2746359 0.2871433 1.9378116 1.8792078 2.1581767 0.0631652 0.7227997 4.9984327 
n296_299   2.4293826 2.3116043 0.2979116 3.1213297 1.8517990 0.2766360 0.0307295 0.1254419 0.0000000 2.9967509 0.2978947 2.5523991 2.1566599 0.0933137 2.7089753 1.0916561 1.8656021 1.9118676 0.2909485 0.2872519 1.8318098 1.8336197 2.3613457 0.1130249 0.6939319 8.9999990 
n265_268   0.8195924 2.2515400 2.8679729 3.0755025 1.6772890 2.8397057 3.3330665 3.4402857 2.9967509 0.0000000 2.8805875 0.1297982 2.0979748 3.2461232 3.2809746 2.3707905 1.6508224 1.9092042 2.2603498 2.9577934 1.7246550 1.6275441 0.8413104 3.5067049 2.5475103 3.3794779 
n298_301   2.5654799 2.4250125 0.0485725 2.7651389 2.1151868 0.1213212 0.2880520 0.2930489 0.2978947 2.8805875 0.0000000 2.8578935 2.3176818 0.2511656 2.7710324 1.0304075 2.3618850 2.1730212 0.1371721 0.1334597 2.3510360 2.3263444 2.4126243 0.2819151 0.7049251 8.9999990 
n266_269   0.8805663 2.2649209 2.7740553 2.5131170 1.6853330 2.7853629 2.7769711 2.5436448 2.5523991 0.1297982 2.8578935 0.0000000 2.1132866 2.5964870 2.5641844 2.3083937 1.6904705 1.9125032 2.0535726 2.9422607 1.7676948 1.6661450 0.8821292 2.7510537 2.5648391 2.9911221 
n277_280   1.4704343 0.1339785 2.3894541 3.0045544 0.5560415 2.2141045 2.1803062 2.0356132 2.1566599 2.0979748 2.3176818 2.1132866 0.0000000 2.0314578 2.7943648 2.3448781 0.5052759 0.4743915 2.1112934 2.4811028 0.4888128 0.4843362 1.4798885 2.0138098 2.0985021 2.4476858 
n287_290   2.2956054 2.2466107 0.2508693 2.4894294 1.8578208 0.2260320 0.1051271 0.0413695 0.0933137 3.2461232 0.2511656 2.5964870 2.0314578 0.0000000 2.3410042 1.0160153 1.8716987 1.9185209 0.2490296 0.2359867 1.8958261 1.8394070 2.2538033 0.0413117 0.6815125 8.9999981 
n255_258   2.2086376 2.6931846 2.5826050 0.3583497 2.8608861 2.9783568 2.7280950 2.1235104 2.7089753 3.2809746 2.7710324 2.5641844 2.7943648 2.3410042 0.0000000 2.2537502 2.5659056 2.8650411 2.6005967 2.8450184 2.3661386 2.6520301 2.1593346 2.1801334 2.2855683 2.5291433 
n200_203   1.9569171 2.4329873 1.0868625 2.3931465 1.7513067 1.0291024 1.1194239 1.0295498 1.0916561 2.3707905 1.0304075 2.3083937 2.3448781 1.0160153 2.2537502 0.0000000 1.8735522 1.8555155 0.9913532 1.0576828 1.8793313 1.8645372 1.9487529 0.9945405 1.2031569 4.1337426 
n299_302   1.6086055 0.5244918 2.4629392 1.8471810 0.0820110 2.1599995 1.9493339 1.9126828 1.8656021 1.6508224 2.3618850 1.6904705 0.5052759 1.8716987 2.5659056 1.8735522 0.0000000 0.1051758 2.0314740 2.2147073 0.0308598 0.0135194 1.5658956 1.8949183 2.2341057 2.6321418 
n274_277   1.8651369 0.4791123 2.4231229 1.8560642 0.1012007 2.0945967 1.9274516 1.9955140 1.9118676 1.9092042 2.1730212 1.9125032 0.4743915 1.9185209 2.8650411 1.8555155 0.1051758 0.0000000 2.0648446 2.1795900 0.1170090 0.1090898 1.8142088 1.9016685 2.0078204 2.7788197 
n275_278   2.1335815 2.2482608 0.1409386 3.0383623 1.9163657 0.1166500 0.3017205 0.2746359 0.2909485 2.2603498 0.1371721 2.0535726 2.1112934 0.2490296 2.6005967 0.9913532 2.0314740 2.0648446 0.0000000 0.1370091 2.0234018 2.0036340 1.9933858 0.2900621 0.7042650 8.9999986 
n293_296   2.1493819 2.4854586 0.1415040 3.4318152 2.1967995 0.0483809 0.3034289 0.2871433 0.2872519 2.9577934 0.1334597 2.9422607 2.4811028 0.2359867 2.8450184 1.0576828 2.2147073 2.1795900 0.1370091 0.0000000 2.2050838 2.1824279 2.0075749 0.2713856 0.7655044 9.0000000 
n292_295   1.6402533 0.4932310 2.4511417 1.7974664 0.0974645 2.1965667 1.9131250 1.9378116 1.8318098 1.7246550 2.3510360 1.7676948 0.4888128 1.8958261 2.3661386 1.8793313 0.0308598 0.1170090 2.0234018 2.2050838 0.0000000 0.0343577 1.5961622 1.9197602 2.0473288 2.3539309 
n300_303   1.5868454 0.5030505 2.4249514 1.8832829 0.0896184 2.0825583 1.9148399 1.8792078 1.8336197 1.6275441 2.3263444 1.6661450 0.4843362 1.8394070 2.6520301 1.8645372 0.0135194 0.1090898 2.0036340 2.1824279 0.0343577 0.0000000 1.5449049 1.8617682 2.1750307 2.7274116 
n286_289   0.0449565 1.4393313 2.3326904 2.6281876 1.6135023 2.1323117 2.4537441 2.1581767 2.3613457 0.8413104 2.4126243 0.8821292 1.4798885 2.2538033 2.1593346 1.9487529 1.5658956 1.8142088 1.9933858 2.0075749 1.5961622 1.5449049 0.0000000 2.2675986 2.0818273 3.4914598 
n290_293   2.3099568 2.3645905 0.2815765 2.4236436 1.8967852 0.2608780 0.1250396 0.0631652 0.1130249 3.5067049 0.2819151 2.7510537 2.0138098 0.0413117 2.1801334 0.9945405 1.8949183 1.9016685 0.2900621 0.2713856 1.9197602 1.8617682 2.2675986 0.0000000 0.7299495 8.9999983 
n236_239   2.2017897 1.8522546 0.7214375 2.9713703 2.0900583 0.7066520 0.6653198 0.7227997 0.6939319 2.5475103 0.7049251 2.5648391 2.0985021 0.6815125 2.2855683 1.2031569 2.2341057 2.0078204 0.7042650 0.7655044 2.0473288 2.1750307 2.0818273 0.7299495 0.0000000 5.3282364 
n244_247   3.1265004 2.2248427 8.9999987 2.3444526 2.9307340 9.0000000 9.0000000 4.9984327 8.9999990 3.3794779 8.9999990 2.9911221 2.4476858 8.9999981 2.5291433 4.1337426 2.6321418 2.7788197 8.9999986 9.0000000 2.3539309 2.7274116 3.4914598 8.9999983 5.3282364 0.0000000 
