26
n289_290   0.0000000 0.0625685 0.0306625 0.3849435 0.3621751 0.0661652 0.0067020 0.3790644 0.4295158 0.0589019 0.3903417 0.0271183 0.3512833 0.4695454 0.3302929 0.0033408 0.1674647 0.3362568 0.0626120 0.0959075 0.3513277 0.3617033 0.0625351 0.4343892 0.3462423 0.3666117 
n294_295   0.0625685 0.0000000 0.0736807 0.3681686 0.3564057 0.0237380 0.0626595 0.3731350 0.4000300 0.0033408 0.3629761 0.0698075 0.3456096 0.4447137 0.3194800 0.0589875 0.1589719 0.3253297 0.0203252 0.0885059 0.3456528 0.3296417 0.0203007 0.4158872 0.3459229 0.3343631 
n295_296   0.0306625 0.0736807 0.0000000 0.3856956 0.3852649 0.0773322 0.0307063 0.4027485 0.4366304 0.0699434 0.3860131 0.0100875 0.3740168 0.4585153 0.3468076 0.0272090 0.1804748 0.3529448 0.0737320 0.1075930 0.3740648 0.3569940 0.0736411 0.4353606 0.3743625 0.3618811 
n266_267   0.3849435 0.3681686 0.3856956 0.0000000 0.3021997 0.3582784 0.3855966 0.3178145 0.4010720 0.3623785 0.0306763 0.3788534 0.3020045 0.4274425 0.2621823 0.3796495 0.3374069 0.2724223 0.3584122 0.3112855 0.2921110 0.1592381 0.3742629 0.4140064 0.2923329 0.1631535 
n299_300   0.3621751 0.3564057 0.3852649 0.3021997 0.0000000 0.3473723 0.3627824 0.0237458 0.3930757 0.3507256 0.2918138 0.3784369 0.0100773 0.4096393 0.0663852 0.3570363 0.3168849 0.0775068 0.3474996 0.3108850 0.0066988 0.3010373 0.3572860 0.3999309 0.0100709 0.3056297 
n298_299   0.0661652 0.0237380 0.0773322 0.3582784 0.3473723 0.0000000 0.0662617 0.3639483 0.3897038 0.0202836 0.3531363 0.0734326 0.3366669 0.4283331 0.3101372 0.0625712 0.1592129 0.3159089 0.0100840 0.0847149 0.3367091 0.3305532 0.0237257 0.4054030 0.3369709 0.3352898 
n290_291   0.0067020 0.0626595 0.0307063 0.3855966 0.3627824 0.0662617 0.0000000 0.3797056 0.4364147 0.0589875 0.3910053 0.0271572 0.3518696 0.4703730 0.3308390 0.0033455 0.1677206 0.3368153 0.0627030 0.0960493 0.3519140 0.3623102 0.0626261 0.4351463 0.3468192 0.3672269 
n274_275   0.3790644 0.3731350 0.4027485 0.3178145 0.0237458 0.3639483 0.3797056 0.0000000 0.3987092 0.3673100 0.3071847 0.3957087 0.0271858 0.4153937 0.0775014 0.3738109 0.3327993 0.0888113 0.3640856 0.3266231 0.0168762 0.3212700 0.3740675 0.4056313 0.0202978 0.3259709 
n251_252   0.4295158 0.4000300 0.4366304 0.4010720 0.3930757 0.3897038 0.4364147 0.3987092 0.0000000 0.3939251 0.4002348 0.4353005 0.3869380 0.2511731 0.3646547 0.4299727 0.3508014 0.3766429 0.3898585 0.3458054 0.3817178 0.3998920 0.3950755 0.0627550 0.3820242 0.3983880 
n293_294   0.0589019 0.0033408 0.0699434 0.3623785 0.3507256 0.0202836 0.0589875 0.3673100 0.3939251 0.0000000 0.3572249 0.0661019 0.3400178 0.4382412 0.3140970 0.0553392 0.1547279 0.3198909 0.0168851 0.0846852 0.3400603 0.3241784 0.0168648 0.4096596 0.3403237 0.3288673 
n265_266   0.3903417 0.3629761 0.3860131 0.0306763 0.2918138 0.3531363 0.3910053 0.3071847 0.4002348 0.3572249 0.0000000 0.3791630 0.2916255 0.4105351 0.2523935 0.3850138 0.3371888 0.2624691 0.3532671 0.3158845 0.2818730 0.1591432 0.3690270 0.4184210 0.2820856 0.1630559 
n296_297   0.0271183 0.0698075 0.0100875 0.3788534 0.3784369 0.0734326 0.0271572 0.3957087 0.4353005 0.0661019 0.3791630 0.0000000 0.3673165 0.4571048 0.3404108 0.0236883 0.1757169 0.3464697 0.0698562 0.1034523 0.3673633 0.3614309 0.0697700 0.4340382 0.3676537 0.3663338 
n300_301   0.3512833 0.3456096 0.3740168 0.3020045 0.0100773 0.3366669 0.3518696 0.0271858 0.3869380 0.3400178 0.2916255 0.3673165 0.0000000 0.4152358 0.0663432 0.3462130 0.3065787 0.0774575 0.3367881 0.3053144 0.0100654 0.3054450 0.3409656 0.3937183 0.0134510 0.3100536 
n244_245   0.4695454 0.4447137 0.4585153 0.4274425 0.4096393 0.4283331 0.4703730 0.4153937 0.2511731 0.4382412 0.4105351 0.4571048 0.4152358 0.0000000 0.3922562 0.4636517 0.3978120 0.4047493 0.4340918 0.4095933 0.3980510 0.3974132 0.4458820 0.2599377 0.3983734 0.4021158 
n278_279   0.3302929 0.3194800 0.3468076 0.2621823 0.0663852 0.3101372 0.3308390 0.0775014 0.3646547 0.3140970 0.2523935 0.3404108 0.0663432 0.3922562 0.0000000 0.3253516 0.2764594 0.0100813 0.3102441 0.2759802 0.0590868 0.2705319 0.3251220 0.3711826 0.0591256 0.2749539 
n287_288   0.0033408 0.0589875 0.0272090 0.3796495 0.3570363 0.0625712 0.0033455 0.3738109 0.4299727 0.0553392 0.3850138 0.0236883 0.3462130 0.4636517 0.3253516 0.0000000 0.1634107 0.3312701 0.0590285 0.0921844 0.3462566 0.3565710 0.0589561 0.4287284 0.3412006 0.3614510 
n200_201   0.1674647 0.1589719 0.1804748 0.3374069 0.3168849 0.1592129 0.1677206 0.3327993 0.3508014 0.1547279 0.3371888 0.1757169 0.3065787 0.3978120 0.2764594 0.1634107 0.0000000 0.2914631 0.1592574 0.1230798 0.3066164 0.3099122 0.1633451 0.3508843 0.3068510 0.3145365 
n277_278   0.3362568 0.3253297 0.3529448 0.2724223 0.0775068 0.3159089 0.3368153 0.0888113 0.3766429 0.3198909 0.2624691 0.3464697 0.0774575 0.4047493 0.0100813 0.3312701 0.2914631 0.0000000 0.3160189 0.2864153 0.0700880 0.2808671 0.3310330 0.3833194 0.0701347 0.2853507 
n297_298   0.0626120 0.0203252 0.0737320 0.3584122 0.3474996 0.0100840 0.0627030 0.3640856 0.3898585 0.0168851 0.3532671 0.0698562 0.3367881 0.4340918 0.3102441 0.0590285 0.1592574 0.3160189 0.0000000 0.0847369 0.3368303 0.3306709 0.0203147 0.4055679 0.3370924 0.3354100 
n236_237   0.0959075 0.0885059 0.1075930 0.3112855 0.3108850 0.0847149 0.0960493 0.3266231 0.3458054 0.0846852 0.3158845 0.1034523 0.3053144 0.4095933 0.2759802 0.0921844 0.1230798 0.2864153 0.0847369 0.0000000 0.3007236 0.3002906 0.0884578 0.3509639 0.3009523 0.3048681 
n280_281   0.3513277 0.3456528 0.3740648 0.2921110 0.0066988 0.3367091 0.3519140 0.0168762 0.3817178 0.3400603 0.2818730 0.3673633 0.0100654 0.3980510 0.0590868 0.3462566 0.3066164 0.0700880 0.3368303 0.3007236 0.0000000 0.2955469 0.3465015 0.3884440 0.0033408 0.3001052 
n285_286   0.3617033 0.3296417 0.3569940 0.1592381 0.3010373 0.3305532 0.3623102 0.3212700 0.3998920 0.3241784 0.1591432 0.3614309 0.3054450 0.3974132 0.2705319 0.3565710 0.3099122 0.2808671 0.3306709 0.3002906 0.2955469 0.0000000 0.3402931 0.4182368 0.2957710 0.0133795 
n275_276   0.0625351 0.0203007 0.0736411 0.3742629 0.3572860 0.0237257 0.0626261 0.3740675 0.3950755 0.0168648 0.3690270 0.0697700 0.3409656 0.4458820 0.3251220 0.0589561 0.1633451 0.3310330 0.0203147 0.0884578 0.3465015 0.3402931 0.0000000 0.4108660 0.3467722 0.3450763 
n255_256   0.4343892 0.4158872 0.4353606 0.4140064 0.3999309 0.4054030 0.4351463 0.4056313 0.0627550 0.4096596 0.4184210 0.4340382 0.3937183 0.2599377 0.3711826 0.4287284 0.3508843 0.3833194 0.4055679 0.3509639 0.3884440 0.4182368 0.4108660 0.0000000 0.3887579 0.4166482 
n292_293   0.3462423 0.3459229 0.3743625 0.2923329 0.0100709 0.3369709 0.3468192 0.0202978 0.3820242 0.3403237 0.2820856 0.3676537 0.0134510 0.3983734 0.0591256 0.3412006 0.3068510 0.0701347 0.3370924 0.3009523 0.0033408 0.2957710 0.3467722 0.3887579 0.0000000 0.3003332 
n286_287   0.3666117 0.3343631 0.3618811 0.1631535 0.3056297 0.3352898 0.3672269 0.3259709 0.3983880 0.3288673 0.1630559 0.3663338 0.3100536 0.4021158 0.2749539 0.3614510 0.3145365 0.2853507 0.3354100 0.3048681 0.3001052 0.0133795 0.3450763 0.4166482 0.3003332 0.0000000 
