24
n298_299   0.0000000 0.3103059 0.1934925 0.2702292 0.0552740 0.2476075 0.3004084 0.0306493 0.0272202 0.0033427 0.3002587 0.0481278 0.3209224 0.2999810 0.1230590 0.3359261 0.2704537 0.0306836 0.3151389 0.2428357 0.0445988 0.3098917 0.3481681 0.2952026 
n280_281   0.3103059 0.0000000 0.3005547 0.2195472 0.3096055 0.2201796 0.0202800 0.3054073 0.3011023 0.3053743 0.0589494 0.2994844 0.3060463 0.0271492 0.3152956 0.3157124 0.2152133 0.3007779 0.0306013 0.2155892 0.2946128 0.0271262 0.3324941 0.0481981 
n200_201   0.1934925 0.3005547 0.0000000 0.2563564 0.1675724 0.2294458 0.2956466 0.1763855 0.1767146 0.1892318 0.3208941 0.1592313 0.3164886 0.3054364 0.1762002 0.3314523 0.2565652 0.1766152 0.3103073 0.2339392 0.1551627 0.3050893 0.3545134 0.3056529 
n286_287   0.2702292 0.2195472 0.2563564 0.0000000 0.2553744 0.0996725 0.2151287 0.2561206 0.2520038 0.2655511 0.2284385 0.2459997 0.2286552 0.2148489 0.2465084 0.2466147 0.0066686 0.2517452 0.2283307 0.0958304 0.2414663 0.2237015 0.2858647 0.2149819 
n287_288   0.0552740 0.3096055 0.1675724 0.2553744 0.0000000 0.2378295 0.2997343 0.0446045 0.0376239 0.0517090 0.3045950 0.0134165 0.3099453 0.2993087 0.1034071 0.3247227 0.2555817 0.0446552 0.3044484 0.2331317 0.0100427 0.2992873 0.3313691 0.2995178 
n266_267   0.2476075 0.2201796 0.2294458 0.0996725 0.2378295 0.0000000 0.2113477 0.2338626 0.2298091 0.2430463 0.2290981 0.2286458 0.2386280 0.2110735 0.2381522 0.2474893 0.0997383 0.2295774 0.2245214 0.0033468 0.2241972 0.2199053 0.2771091 0.2155994 
n292_293   0.3004084 0.0202800 0.2956466 0.2151287 0.2997343 0.2113477 0.0000000 0.2955665 0.2912953 0.2955348 0.0517856 0.2897416 0.3062856 0.0202755 0.3004132 0.3159625 0.2108159 0.2909841 0.0100644 0.2068128 0.2849297 0.0066915 0.3222648 0.0411331 
n293_294   0.0306493 0.3054073 0.1763855 0.2561206 0.0446045 0.2338626 0.2955665 0.0000000 0.0134900 0.0271870 0.2954496 0.0375594 0.3161478 0.2951480 0.1113429 0.3310821 0.2563297 0.0067117 0.3102143 0.2291810 0.0340760 0.3050011 0.3378317 0.2904233 
n275_276   0.0272202 0.3011023 0.1767146 0.2520038 0.0376239 0.2298091 0.2912953 0.0134900 0.0000000 0.0237681 0.2911808 0.0341152 0.3117940 0.2908838 0.1115400 0.3266805 0.2522080 0.0135049 0.3058943 0.2251452 0.0306418 0.3007023 0.3333860 0.2861732 
n297_298   0.0033427 0.3053743 0.1892318 0.2655511 0.0517090 0.2430463 0.2955348 0.0271870 0.0237681 0.0000000 0.2953888 0.0445956 0.3159179 0.2951164 0.1230771 0.3308367 0.2657707 0.0272173 0.3101806 0.2383037 0.0410814 0.3049681 0.3429772 0.2903639 
n278_279   0.3002587 0.0589494 0.3208941 0.2284385 0.3045950 0.2290981 0.0517856 0.2954496 0.2911808 0.2953888 0.0000000 0.2895263 0.3112894 0.0517287 0.2902823 0.3210188 0.2240602 0.2908700 0.0625268 0.2244514 0.2897017 0.0588848 0.3118672 0.0168586 
n295_296   0.0481278 0.2994844 0.1592313 0.2459997 0.0134165 0.2286458 0.2897416 0.0375594 0.0341152 0.0445956 0.2895263 0.0000000 0.3049646 0.2893358 0.0957778 0.3196540 0.2461970 0.0376018 0.2944008 0.2240096 0.0033320 0.2893145 0.3262354 0.2895352 
n251_252   0.3209224 0.3060463 0.3164886 0.2286552 0.3099453 0.2386280 0.3062856 0.3161478 0.3117940 0.3159179 0.3112894 0.3049646 0.0000000 0.3009104 0.3261937 0.0411481 0.2288344 0.3114541 0.3211715 0.2339100 0.3000502 0.3158632 0.2442808 0.2962169 
n274_275   0.2999810 0.0271492 0.3054364 0.2148489 0.2993087 0.2110735 0.0202755 0.2951480 0.2908838 0.2951164 0.0517287 0.2893358 0.3009104 0.0000000 0.3049000 0.3105171 0.2105424 0.2905736 0.0305945 0.2065458 0.2845315 0.0271202 0.3217935 0.0410883 
n236_237   0.1230590 0.3152956 0.1762002 0.2465084 0.1034071 0.2381522 0.3004132 0.1113429 0.1115400 0.1230771 0.2902823 0.0957778 0.3261937 0.3049000 0.0000000 0.3413022 0.2513145 0.1114778 0.3151466 0.2334471 0.0920309 0.3098983 0.3481129 0.2852120 
n255_256   0.3359261 0.3157124 0.3314523 0.2466147 0.3247227 0.2474893 0.3159625 0.3310821 0.3266805 0.3308367 0.3210188 0.3196540 0.0411481 0.3105171 0.3413022 0.0000000 0.2468120 0.3263202 0.3310065 0.2427201 0.3146541 0.3256329 0.2486069 0.3057788 
n285_286   0.2704537 0.2152133 0.2565652 0.0066686 0.2555817 0.0997383 0.2108159 0.2563297 0.2522080 0.2657707 0.2240602 0.2461970 0.2288344 0.2105424 0.2513145 0.2468120 0.0000000 0.2519489 0.2239536 0.0958927 0.2416586 0.2193507 0.2861078 0.2106729 
n294_295   0.0306836 0.3007779 0.1766152 0.2517452 0.0446552 0.2295774 0.2909841 0.0067117 0.0135049 0.0272173 0.2908700 0.0376018 0.3114541 0.2905736 0.1114778 0.3263202 0.2519489 0.0000000 0.3055636 0.2249193 0.0341143 0.3003788 0.3330145 0.2858692 
n300_301   0.3151389 0.0306013 0.3103073 0.2283307 0.3044484 0.2245214 0.0100644 0.3102143 0.3058943 0.3101806 0.0625268 0.2944008 0.3211715 0.0305945 0.3151466 0.3310065 0.2239536 0.3055636 0.0000000 0.2199053 0.2895627 0.0033367 0.3374823 0.0517306 
n265_266   0.2428357 0.2155892 0.2339392 0.0958304 0.2331317 0.0033468 0.2068128 0.2291810 0.2251452 0.2383037 0.2244514 0.2240096 0.2339100 0.2065458 0.2334471 0.2427201 0.0958927 0.2249193 0.2199053 0.0000000 0.2195902 0.2153217 0.2721147 0.2110407 
n296_297   0.0445988 0.2946128 0.1551627 0.2414663 0.0100427 0.2241972 0.2849297 0.0340760 0.0306418 0.0410814 0.2897017 0.0033320 0.3000502 0.2845315 0.0920309 0.3146541 0.2416586 0.0341143 0.2895627 0.2195902 0.0000000 0.2845104 0.3211723 0.2847263 
n299_300   0.3098917 0.0271262 0.3050893 0.2237015 0.2992873 0.2199053 0.0066915 0.3050011 0.3007023 0.3049681 0.0588848 0.2893145 0.3158632 0.0271202 0.3098983 0.3256329 0.2193507 0.3003788 0.0033367 0.2153217 0.2845104 0.0000000 0.3320405 0.0481458 
n244_245   0.3481681 0.3324941 0.3545134 0.2858647 0.3313691 0.2771091 0.3222648 0.3378317 0.3333860 0.3429772 0.3118672 0.3262354 0.2442808 0.3217935 0.3481129 0.2486069 0.2861078 0.3330145 0.3374823 0.2721147 0.3211723 0.3320405 0.0000000 0.3017540 
n277_278   0.2952026 0.0481981 0.3056529 0.2149819 0.2995178 0.2155994 0.0411331 0.2904233 0.2861732 0.2903639 0.0168586 0.2895352 0.2962169 0.0410883 0.2852120 0.3057788 0.2106729 0.2858692 0.0517306 0.2110407 0.2847263 0.0481458 0.3017540 0.0000000 
