26
n278_273   0.0000000 2.4396986 3.4847346 2.7914253 0.1242425 2.4528244 2.6947481 2.4252582 3.7210919 0.4234091 2.2686670 2.1868525 2.0760275 2.2319730 2.2586264 0.4222258 1.4143723 0.4224698 0.4001076 2.1013876 1.6225675 2.6056374 0.4419628 2.1635259 2.0632492 2.8167523 
n295_290   2.4396986 0.0000000 0.2804720 0.2855526 2.3172932 0.1290003 0.2887611 0.0488053 0.2801702 2.2589044 0.1286611 2.7641432 1.0072859 0.1294448 2.9970076 2.2878535 2.0379964 2.1025087 2.5580154 2.5393576 1.9746144 0.2814699 2.2473341 3.4990010 2.5949920 0.6372681 
n298_293   3.4847346 0.2804720 0.0000000 0.1258547 2.7698240 0.2596209 0.1209220 0.2815130 0.0135027 2.1880843 0.2692394 2.6850010 1.0335484 0.2706147 3.8091234 2.4696491 1.8458797 2.1124492 2.7425716 2.3927321 2.2056518 0.1176261 2.1867238 2.9582549 2.4772880 0.7041940 
n294_289   2.7914253 0.2855526 0.1258547 0.0000000 2.3763158 0.2850373 0.1091972 0.2866165 0.1216670 1.9755103 0.2943414 2.8409367 1.0841513 0.2913558 3.7199532 2.2841862 2.0610293 2.0572309 2.2543213 2.5088644 2.2599418 0.0204388 2.0271406 2.9954077 2.8629735 0.6875215 
n277_272   0.1242425 2.3172932 2.7698240 2.3763158 0.0000000 2.2825896 2.2994207 2.3044753 2.8831377 0.4574111 2.2398778 2.2994775 1.8881241 2.1877958 2.2292073 0.4436845 1.6309320 0.4419705 0.4203282 2.3963730 1.8714576 2.2494476 0.4620654 2.4489830 2.0777890 2.4728281 
n290_285   2.4528244 0.1290003 0.2596209 0.2850373 2.2825896 0.0000000 0.2769923 0.1418344 0.2590125 2.1392041 0.0557810 2.4482008 1.1065977 0.0379669 2.7071601 2.2684528 1.9983380 2.0810758 2.5312741 2.3769394 2.0066724 0.2746330 2.2240668 3.5101669 2.2590381 0.6659708 
n275_270   2.6947481 0.2887611 0.1209220 0.1091972 2.2994207 0.2769923 0.0000000 0.2842239 0.1089865 2.2624281 0.2867652 3.4201791 1.0691090 0.2986226 4.5513905 2.4262737 1.6588187 2.2481362 2.6609417 2.7842428 2.0896414 0.1053279 2.3326241 3.6450888 2.7429648 0.6732529 
n296_291   2.4252582 0.0488053 0.2815130 0.2866165 2.3044753 0.1418344 0.2842239 0.0000000 0.2812088 2.1532733 0.1414564 2.7539381 1.0033067 0.1338137 2.6923008 2.2523389 2.0789561 2.0106106 2.4506947 2.5589523 1.9846041 0.2877041 2.1422450 3.4519936 2.4970714 0.6296335 
n297_292   3.7210919 0.2801702 0.0135027 0.1216670 2.8831377 0.2590125 0.1089865 0.2812088 0.0000000 2.2492823 0.2686053 2.7176114 1.0219403 0.2699743 3.7778460 2.5522570 1.7956451 2.1690720 2.8526675 2.4702446 2.1756979 0.1135008 2.2478231 3.1064468 2.5033384 0.6862583 
n292_287   0.4234091 2.2589044 2.1880843 1.9755103 0.4574111 2.1392041 2.2624281 2.1532733 2.2492823 0.0000000 1.9763501 2.1772602 1.8051352 2.1945964 1.9445013 0.1079236 1.6573789 0.0375141 0.0735972 2.9097150 1.9829978 2.0038987 0.0445514 2.4724960 1.9370395 1.8108258 
n287_282   2.2686670 0.1286611 0.2692394 0.2943414 2.2398778 0.0557810 0.2867652 0.1414564 0.2686053 1.9763501 0.0000000 2.2478485 1.0339477 0.0558712 2.8160026 1.9971911 1.8628899 1.9265737 2.2965974 2.1224329 1.7628397 0.2789550 2.0463970 3.1489242 2.1355775 0.6255501 
n285_280   2.1868525 2.7641432 2.6850010 2.8409367 2.2994775 2.4482008 3.4201791 2.7539381 2.7176114 2.1772602 2.2478485 0.0000000 2.5062501 2.1765051 3.8557382 2.2545570 1.1460730 2.3405936 2.3698433 2.3145759 1.1813325 2.6437962 2.2282236 2.2722095 0.0556709 2.4461066 
n200_195   2.0760275 1.0072859 1.0335484 1.0841513 1.8881241 1.1065977 1.0691090 1.0033067 1.0219403 1.8051352 1.0339477 2.5062501 0.0000000 1.0779427 2.2136977 1.8240155 2.4080551 1.7078181 1.8150396 3.1583066 2.1750072 1.0823090 1.7561748 3.2054714 2.4626536 0.9725044 
n289_284   2.2319730 0.1294448 0.2706147 0.2913558 2.1877958 0.0379669 0.2986226 0.1338137 0.2699743 2.1945964 0.0558712 2.1765051 1.0779427 0.0000000 2.4701566 2.2103144 1.7649187 2.1338493 2.4495136 2.2918411 1.7330819 0.2808203 2.2842873 3.6785181 2.0306366 0.6511750 
n244_239   2.2586264 2.9970076 3.8091234 3.7199532 2.2292073 2.7071601 4.5513905 2.6923008 3.7778460 1.9445013 2.8160026 3.8557382 2.2136977 2.4701566 0.0000000 1.9225995 2.7057748 1.7221423 1.8239138 2.3564929 3.0059124 4.0264060 1.7254857 2.1335419 3.5147332 9.0000000 
n274_269   0.4222258 2.2878535 2.4696491 2.2841862 0.4436845 2.2684528 2.4262737 2.2523389 2.5522570 0.1079236 1.9971911 2.2545570 1.8240155 2.2103144 1.9225995 0.0000000 1.7325137 0.1076792 0.1038253 2.8515230 2.0388383 2.3207060 0.1195999 2.2787182 2.1208067 1.9886620 
n265_260   1.4143723 2.0379964 1.8458797 2.0610293 1.6309320 1.9983380 1.6588187 2.0789561 1.7956451 1.6573789 1.8628899 1.1460730 2.4080551 1.7649187 2.7057748 1.7325137 0.0000000 1.7079317 1.6911619 2.0787050 0.1987264 2.0202513 1.6433195 2.2762818 1.0879602 2.1653402 
n299_294   0.4224698 2.1025087 2.1124492 2.0572309 0.4419705 2.0810758 2.2481362 2.0106106 2.1690720 0.0375141 1.9265737 2.3405936 1.7078181 2.1338493 1.7221423 0.1076792 1.7079317 0.0000000 0.0736190 2.8338544 1.8449842 2.0877935 0.0201792 2.2850561 2.1279543 1.8696738 
n280_275   0.4001076 2.5580154 2.7425716 2.2543213 0.4203282 2.5312741 2.6609417 2.4506947 2.8526675 0.0735972 2.2965974 2.3698433 1.8150396 2.4495136 1.8239138 0.1038253 1.6911619 0.0736190 0.0000000 2.7244813 1.8935692 2.2461146 0.0810426 2.0545046 2.1654999 2.0630752 
n255_250   2.1013876 2.5393576 2.3927321 2.5088644 2.3963730 2.3769394 2.7842428 2.5589523 2.4702446 2.9097150 2.1224329 2.3145759 3.1583066 2.2918411 2.3564929 2.8515230 2.0787050 2.8338544 2.7244813 0.0000000 2.2796399 2.4295431 2.8454930 0.2955722 2.2259128 2.5795562 
n266_261   1.6225675 1.9746144 2.2056518 2.2599418 1.8714576 2.0066724 2.0896414 1.9846041 2.1756979 1.9829978 1.7628397 1.1813325 2.1750072 1.7330819 3.0059124 2.0388383 0.1987264 1.8449842 1.8935692 2.2796399 0.0000000 2.2177486 1.8150979 2.5284507 1.1687114 2.0935136 
n293_288   2.6056374 0.2814699 0.1176261 0.0204388 2.2494476 0.2746330 0.1053279 0.2877041 0.1135008 2.0038987 0.2789550 2.6437962 1.0823090 0.2808203 4.0264060 2.3207060 2.0202513 2.0877935 2.2461146 2.4295431 2.2177486 0.0000000 2.0568056 2.6667945 2.6628967 0.6993610 
n300_295   0.4419628 2.2473341 2.1867238 2.0271406 0.4620654 2.2240668 2.3326241 2.1422450 2.2478231 0.0445514 2.0463970 2.2282236 1.7561748 2.2842873 1.7254857 0.1195999 1.6433195 0.0201792 0.0810426 2.8454930 1.8150979 2.0568056 0.0000000 2.2485594 2.0360984 1.9544529 
n251_246   2.1635259 3.4990010 2.9582549 2.9954077 2.4489830 3.5101669 3.6450888 3.4519936 3.1064468 2.4724960 3.1489242 2.2722095 3.2054714 3.6785181 2.1335419 2.2787182 2.2762818 2.2850561 2.0545046 0.2955722 2.5284507 2.6667945 2.2485594 0.0000000 2.3072586 2.7576750 
n286_281   2.0632492 2.5949920 2.4772880 2.8629735 2.0777890 2.2590381 2.7429648 2.4970714 2.5033384 1.9370395 2.1355775 0.0556709 2.4626536 2.0306366 3.5147332 2.1208067 1.0879602 2.1279543 2.1654999 2.2259128 1.1687114 2.6628967 2.0360984 2.3072586 0.0000000 2.4398614 
n236_231   2.8167523 0.6372681 0.7041940 0.6875215 2.4728281 0.6659708 0.6732529 0.6296335 0.6862583 1.8108258 0.6255501 2.4461066 0.9725044 0.6511750 9.0000000 1.9886620 2.1653402 1.8696738 2.0630752 2.5795562 2.0935136 0.6993610 1.9544529 2.7576750 2.4398614 0.0000000 
