23
n298_299   0.0000000 0.3256833 0.1323355 0.3309842 0.0412420 0.2776797 0.3480485 0.0202424 0.0167959 0.3034228 0.0306832 0.4197447 0.3421862 0.0519245 0.3650945 0.3364145 0.0236814 0.3534180 0.2622460 0.0341596 0.3478431 0.4496508 0.3089251 
n280_281   0.3256833 0.0000000 0.3265440 0.3205669 0.3434476 0.2733707 0.0169898 0.3371969 0.3361780 0.0668515 0.3262634 0.4285498 0.0101320 0.3198332 0.3970053 0.3148934 0.3427836 0.0204340 0.2625841 0.3369418 0.0135477 0.4646365 0.0706008 
n200_201   0.1323355 0.3265440 0.0000000 0.3417950 0.1411749 0.2778749 0.3546966 0.1325520 0.1362977 0.3096692 0.1409470 0.4309804 0.3378469 0.1283023 0.3815876 0.3415796 0.1366595 0.3543870 0.2671722 0.1449829 0.3487727 0.4310020 0.3152392 
n286_287   0.3309842 0.3205669 0.3417950 0.0000000 0.3543304 0.1970646 0.3483915 0.3371423 0.3361243 0.3251812 0.3374305 0.4149668 0.3369330 0.3093881 0.4077010 0.0100440 0.3427247 0.3428211 0.1833094 0.3426742 0.3425413 0.4840486 0.3308758 
n287_288   0.0412420 0.3434476 0.1411749 0.3543304 0.0000000 0.3043669 0.3664852 0.0484218 0.0447630 0.3205114 0.0307039 0.4517592 0.3604381 0.0666529 0.4070169 0.3599570 0.0520288 0.3720054 0.2933300 0.0341828 0.3662658 0.4768574 0.3261859 
n266_267   0.2776797 0.2733707 0.2778749 0.1970646 0.3043669 0.0000000 0.2992901 0.2935152 0.2926603 0.2778406 0.2937532 0.4340041 0.2886417 0.2624791 0.4082416 0.1924333 0.2987463 0.2990461 0.0236814 0.2986966 0.2938673 0.4768227 0.2831192 
n292_293   0.3480485 0.0169898 0.3546966 0.3483915 0.3664852 0.2992901 0.0000000 0.3599747 0.3588683 0.0706691 0.3486814 0.4552019 0.0135634 0.3419766 0.4283261 0.3424548 0.3657498 0.0101628 0.2880294 0.3596990 0.0033693 0.4719119 0.0744474 
n293_294   0.0202424 0.3371969 0.1325520 0.3371423 0.0484218 0.2935152 0.3599747 0.0000000 0.0236592 0.3145192 0.0377366 0.4257543 0.3539988 0.0592261 0.3706734 0.3426281 0.0033336 0.3654362 0.2776869 0.0412491 0.3597605 0.4632781 0.3201273 
n275_276   0.0167959 0.3361780 0.1362977 0.3361243 0.0447630 0.2926603 0.3588683 0.0236592 0.0000000 0.3135879 0.0341556 0.4436737 0.3529163 0.0554917 0.3873199 0.3308745 0.0271140 0.3643090 0.2768885 0.0376455 0.3586554 0.4682987 0.3191746 
n278_279   0.3034228 0.0668515 0.3096692 0.3251812 0.3205114 0.2778406 0.0706691 0.3145192 0.3135879 0.0000000 0.3039499 0.4272520 0.0631969 0.2923400 0.4015070 0.3194742 0.3199155 0.0743820 0.2622502 0.3142846 0.0669082 0.4772230 0.0101014 
n295_296   0.0306832 0.3262634 0.1409470 0.3374305 0.0307039 0.2937532 0.3486814 0.0377366 0.0341556 0.3039499 0.0000000 0.4130547 0.3428046 0.0556631 0.3706998 0.3429229 0.0412832 0.3540636 0.2779077 0.0066812 0.3484752 0.4703382 0.3094649 
n251_252   0.4197447 0.4285498 0.4309804 0.4149668 0.4517592 0.4340041 0.4552019 0.4257543 0.4436737 0.4272520 0.4130547 0.0000000 0.4417253 0.4249551 0.0413513 0.4146731 0.4320851 0.4547512 0.4138719 0.4250610 0.4482819 0.3435108 0.4339829 
n274_275   0.3421862 0.0101320 0.3378469 0.3369330 0.3604381 0.2886417 0.0135634 0.3539988 0.3529163 0.0631969 0.3428046 0.4417253 0.0000000 0.3361742 0.4153775 0.3311072 0.3597221 0.0169937 0.2775819 0.3537287 0.0101402 0.4717899 0.0669258 
n236_237   0.0519245 0.3198332 0.1283023 0.3093881 0.0666529 0.2624791 0.3419766 0.0592261 0.0554917 0.2923400 0.0556631 0.4249551 0.3361742 0.0000000 0.3759361 0.3092040 0.0628910 0.3472963 0.2474073 0.0592624 0.3417757 0.4623653 0.2977341 
n255_256   0.3650945 0.3970053 0.3815876 0.4077010 0.4070169 0.4082416 0.4283261 0.3706734 0.3873199 0.4015070 0.3706998 0.0413513 0.4153775 0.3759361 0.0000000 0.4074162 0.3765240 0.4279163 0.3888800 0.3820279 0.4216868 0.3153641 0.4079621 
n285_286   0.3364145 0.3148934 0.3415796 0.0100440 0.3599570 0.1924333 0.3424548 0.3426281 0.3308745 0.3194742 0.3429229 0.4146731 0.3311072 0.3092040 0.4074162 0.0000000 0.3482536 0.3369375 0.1787896 0.3482032 0.3366636 0.4907516 0.3251114 
n294_295   0.0236814 0.3427836 0.1366595 0.3427247 0.0520288 0.2987463 0.3657498 0.0033336 0.0271140 0.3199155 0.0412832 0.4320851 0.3597221 0.0628910 0.3765240 0.3482536 0.0000000 0.3712528 0.2827928 0.0448129 0.3655314 0.4699392 0.3255723 
n300_301   0.3534180 0.0204340 0.3543870 0.3428211 0.3720054 0.2990461 0.0101628 0.3654362 0.3643090 0.0743820 0.3540636 0.4547512 0.0169937 0.3472963 0.4279163 0.3369375 0.3712528 0.0000000 0.2877980 0.3651558 0.0067537 0.4853246 0.0781823 
n265_266   0.2622460 0.2625841 0.2671722 0.1833094 0.2933300 0.0236814 0.2880294 0.2776869 0.2768885 0.2622502 0.2779077 0.4138719 0.2775819 0.2474073 0.3888800 0.1787896 0.2827928 0.2877980 0.0000000 0.2827441 0.2827120 0.4622752 0.2673900 
n296_297   0.0341596 0.3369418 0.1449829 0.3426742 0.0341828 0.2986966 0.3596990 0.0412491 0.0376455 0.3142846 0.0066812 0.4250610 0.3537287 0.0592624 0.3820279 0.3482032 0.0448129 0.3651558 0.2827441 0.0000000 0.3594851 0.4765569 0.3198876 
n299_300   0.3478431 0.0135477 0.3487727 0.3425413 0.3662658 0.2938673 0.0033693 0.3597605 0.3586554 0.0669082 0.3484752 0.4482819 0.0101402 0.3417757 0.4216868 0.3366636 0.3655314 0.0067537 0.2827120 0.3594851 0.0000000 0.4786050 0.0706608 
n244_245   0.4496508 0.4646365 0.4310020 0.4840486 0.4768574 0.4768227 0.4719119 0.4632781 0.4682987 0.4772230 0.4703382 0.3435108 0.4717899 0.4623653 0.3153641 0.4907516 0.4699392 0.4853246 0.4622752 0.4765569 0.4786050 0.0000000 0.4844814 
n277_278   0.3089251 0.0706008 0.3152392 0.3308758 0.3261859 0.2831192 0.0744474 0.3201273 0.3191746 0.0101014 0.3094649 0.4339829 0.0669258 0.2977341 0.4079621 0.3251114 0.3255723 0.0781823 0.2673900 0.3198876 0.0706608 0.4844814 0.0000000 
