24
n289_290   0.0000000 0.0342268 0.0067211 0.2759065 0.2351393 0.0203259 0.0033519 0.2210961 0.3897661 0.0237773 0.2602466 0.0101077 0.3726134 0.2653976 0.1210099 0.2757287 0.0237650 0.0852692 0.2258421 0.2548377 0.0237718 0.4024286 0.2348903 0.2452211 
n294_295   0.0342268 0.0000000 0.0413391 0.3068088 0.2447562 0.0237976 0.0377924 0.2350201 0.4025715 0.0100952 0.2909006 0.0449052 0.3962465 0.2802686 0.1538073 0.2908311 0.0237730 0.1161909 0.2448522 0.2850804 0.0237798 0.4154997 0.2541236 0.2799596 
n295_296   0.0067211 0.0413391 0.0000000 0.2865477 0.2450706 0.0272738 0.0067244 0.2308132 0.3967630 0.0307663 0.2706116 0.0033529 0.3849317 0.2758493 0.1292609 0.2863589 0.0307503 0.0930076 0.2356344 0.2650967 0.0307592 0.4095827 0.2448079 0.2553306 
n266_267   0.2759065 0.3068088 0.2865477 0.0000000 0.2693961 0.2967421 0.2813817 0.2445766 0.4662027 0.2911431 0.0307535 0.2917538 0.4272199 0.3123789 0.2658450 0.3122956 0.2963505 0.3105560 0.2596434 0.1456780 0.2964668 0.4671605 0.2793237 0.1374482 
n299_300   0.2351393 0.2447562 0.2450706 0.2693961 0.0000000 0.2400519 0.2402321 0.0237040 0.4195100 0.2304707 0.2691553 0.2499443 0.3652241 0.0741275 0.2645271 0.0741096 0.2397508 0.2628712 0.0134230 0.2683056 0.2398389 0.4081697 0.0134086 0.2585477 
n298_299   0.0203259 0.0237976 0.0272738 0.2967421 0.2400519 0.0000000 0.0238017 0.2259043 0.4015502 0.0134968 0.2805660 0.0307645 0.3903831 0.2705638 0.1413854 0.2809830 0.0067127 0.1044762 0.2306870 0.2700774 0.0134938 0.4144351 0.2397962 0.2650629 
n290_291   0.0033519 0.0377924 0.0067244 0.2813817 0.2402321 0.0238017 0.0000000 0.2260729 0.3902165 0.0272754 0.2655730 0.0101128 0.3789943 0.2707703 0.1251928 0.2811986 0.0272613 0.0891753 0.2308595 0.2601073 0.0272691 0.4028980 0.2399760 0.2504097 
n274_275   0.2210961 0.2350201 0.2308132 0.2445766 0.0237040 0.2259043 0.2260729 0.0000000 0.4006388 0.2209378 0.2542125 0.2355874 0.3538164 0.0630403 0.2498806 0.0630252 0.2256240 0.2483282 0.0168546 0.2536326 0.2257057 0.3895745 0.0306232 0.2440677 
n251_252   0.3897661 0.4025715 0.3967630 0.4662027 0.4195100 0.4015502 0.3902165 0.4006388 0.0000000 0.3964171 0.4590596 0.4028586 0.3264556 0.4411477 0.4076476 0.4343259 0.4137808 0.4065087 0.4132660 0.4080526 0.4139648 0.0343487 0.4376011 0.4080957 
n293_294   0.0237773 0.0100952 0.0307663 0.2911431 0.2304707 0.0134968 0.0272754 0.2209378 0.3964171 0.0000000 0.2755893 0.0342760 0.3901552 0.2704121 0.1413093 0.2808248 0.0134829 0.1044208 0.2305595 0.2699261 0.0134868 0.4092214 0.2396635 0.2649147 
n265_266   0.2602466 0.2909006 0.2706116 0.0307535 0.2691553 0.2805660 0.2655730 0.2542125 0.4590596 0.2755893 0.0000000 0.2756884 0.4194832 0.3120898 0.2556024 0.3120067 0.2802012 0.2941140 0.2642142 0.1411694 0.2803091 0.4599988 0.2790723 0.1330094 
n296_297   0.0101077 0.0449052 0.0033529 0.2917538 0.2499443 0.0307645 0.0101128 0.2355874 0.4028586 0.0342760 0.2756884 0.0000000 0.3909210 0.2809661 0.1333542 0.2915590 0.0342580 0.0968624 0.2404436 0.2649229 0.0342679 0.4092927 0.2496748 0.2551639 
n244_245   0.3726134 0.3962465 0.3849317 0.4272199 0.3652241 0.3903831 0.3789943 0.3538164 0.3264556 0.3901552 0.4194832 0.3909210 0.0000000 0.3964576 0.3905829 0.3900935 0.3898297 0.3762701 0.3595811 0.4135939 0.3899986 0.3158699 0.3709640 0.4016427 
n278_279   0.2653976 0.2802686 0.2758493 0.3123789 0.0741275 0.2705638 0.2707703 0.0630403 0.4411477 0.2704121 0.3120898 0.2809661 0.3964576 0.0000000 0.2962596 0.0203175 0.2702148 0.2893695 0.0667425 0.2955408 0.2703178 0.4294390 0.0778802 0.2853579 
n200_201   0.1210099 0.1538073 0.1292609 0.2658450 0.2645271 0.1413854 0.1251928 0.2498806 0.4076476 0.1413093 0.2556024 0.1333542 0.3905829 0.2962596 0.0000000 0.2961812 0.1412222 0.1410333 0.2451724 0.2549100 0.1412687 0.4149502 0.2642373 0.2503092 
n277_278   0.2757287 0.2908311 0.2863589 0.3122956 0.0741096 0.2809830 0.2811986 0.0630252 0.4343259 0.2808248 0.3120067 0.2915590 0.3900935 0.0203175 0.2961812 0.0000000 0.2806162 0.3000459 0.0667264 0.2900886 0.2807254 0.4162074 0.0703078 0.2799898 
n297_298   0.0237650 0.0237730 0.0307503 0.2963505 0.2397508 0.0067127 0.0272613 0.2256240 0.4137808 0.0134829 0.2802012 0.0342580 0.3898297 0.2702148 0.1412222 0.2806162 0.0000000 0.1043598 0.2303996 0.2594176 0.0134799 0.4269033 0.2394957 0.2544898 
n236_237   0.0852692 0.1161909 0.0930076 0.3105560 0.2628712 0.1044762 0.0891753 0.2483282 0.4065087 0.1044208 0.2941140 0.0968624 0.3762701 0.2893695 0.1410333 0.3000459 0.1043598 0.0000000 0.2532512 0.2888901 0.1043927 0.4194705 0.2625851 0.2788374 
n280_281   0.2258421 0.2448522 0.2356344 0.2596434 0.0134230 0.2306870 0.2308595 0.0168546 0.4132660 0.2305595 0.2642142 0.2404436 0.3595811 0.0667425 0.2451724 0.0667264 0.2303996 0.2532512 0.0000000 0.2586011 0.2304834 0.4020148 0.0202309 0.2489681 
n285_286   0.2548377 0.2850804 0.2650967 0.1456780 0.2683056 0.2700774 0.2601073 0.2536326 0.4080526 0.2699261 0.1411694 0.2649229 0.4135939 0.2955408 0.2549100 0.2900886 0.2594176 0.2888901 0.2586011 0.0000000 0.2698322 0.3961278 0.2781833 0.0066965 
n275_276   0.0237718 0.0237798 0.0307592 0.2964668 0.2398389 0.0134938 0.0272691 0.2257057 0.4139648 0.0134868 0.2803091 0.0342679 0.3899986 0.2703178 0.1412687 0.2807254 0.0134799 0.1043927 0.2304834 0.2698322 0.0000000 0.4270961 0.2395836 0.2648231 
n255_256   0.4024286 0.4154997 0.4095827 0.4671605 0.4081697 0.4144351 0.4028980 0.3895745 0.0343487 0.4092214 0.4599988 0.4092927 0.3158699 0.4294390 0.4149502 0.4162074 0.4269033 0.4194705 0.4020148 0.3961278 0.4270961 0.0000000 0.4194959 0.3961695 
n292_293   0.2348903 0.2541236 0.2448079 0.2793237 0.0134086 0.2397962 0.2399760 0.0306232 0.4376011 0.2396635 0.2790723 0.2496748 0.3709640 0.0778802 0.2642373 0.0703078 0.2394957 0.2625851 0.0202309 0.2781833 0.2395836 0.4194959 0.0000000 0.2682963 
n286_287   0.2452211 0.2799596 0.2553306 0.1374482 0.2585477 0.2650629 0.2504097 0.2440677 0.4080957 0.2649147 0.1330094 0.2551639 0.4016427 0.2853579 0.2503092 0.2799898 0.2544898 0.2788374 0.2489681 0.0066965 0.2648231 0.3961695 0.2682963 0.0000000 
