26
n277_278   0.0000000 2.1039499 2.3342257 1.9874211 1.7724087 0.4003764 4.3459582 1.9369670 0.1039343 0.4415247 2.5543309 1.8353416 1.8677565 2.1756401 1.6945474 0.4544462 0.4421761 2.2420372 1.9885612 2.7899479 1.9019340 1.8223588 1.9003859 3.0556699 2.3625187 0.4674287 
n286_287   2.1039499 0.0000000 1.8020817 0.0812432 1.8283715 2.3009168 2.3403028 2.1410279 1.8180533 1.8413539 1.8588511 1.9317336 1.8082060 2.0560970 1.7459409 1.8332296 2.0477210 1.7955285 1.7070183 2.1475265 1.0423165 1.0428174 1.8899826 2.5255722 2.2162247 1.8047737 
n296_297   2.3342257 1.8020817 0.0000000 1.9528600 0.1340612 1.9444328 4.1592981 0.2865593 2.2579520 2.1898238 0.6024907 0.2277822 0.1344956 0.2418280 0.9610819 2.1931782 2.3843295 0.0310144 0.1256967 2.0936080 1.7171893 1.9040776 0.2275967 2.4873486 0.2716579 2.1304716 
n285_286   1.9874211 0.0812432 1.9528600 0.0000000 1.9636716 2.1199085 2.7090217 2.3769021 1.7661450 1.8174044 1.8601237 1.9240101 2.0094981 2.2052177 1.7521595 1.8830037 2.0531312 1.9449357 1.8155961 2.3434019 1.0278028 1.0508262 1.9236513 2.5850723 2.3179408 1.8527210 
n289_290   1.7724087 1.8283715 0.1340612 1.9636716 0.0000000 1.8250591 6.2533928 0.2815366 1.8636535 2.0298718 0.6221664 0.2472332 0.0489007 0.2372125 1.0651806 2.0324892 2.1341003 0.1382255 0.0524352 1.8283035 1.6551245 1.7646352 0.2519949 3.3994407 0.2671494 1.9889615 
n274_275   0.4003764 2.3009168 1.9444328 2.1199085 1.8250591 0.0000000 9.0000000 2.0802027 0.4314176 0.1517999 2.2752239 2.0515126 1.8611198 2.3490951 1.3859802 0.1643493 0.1645112 1.8713408 1.9345318 2.7456163 1.6317900 1.7337652 2.1402998 4.7269184 2.5101470 0.1773266 
n255_256   4.3459582 2.3403028 4.1592981 2.7090217 6.2533928 9.0000000 0.0000000 3.0500123 9.0000000 9.0000000 3.0675385 2.8859899 3.3948403 3.1485182 2.1653046 7.2598744 6.5052427 5.4232763 5.4597816 2.0384439 2.6133326 2.6933171 2.9472951 0.2876835 2.9485474 9.0000000 
n275_276   1.9369670 2.1410279 0.2865593 2.3769021 0.2815366 2.0802027 3.0500123 0.0000000 2.0100071 2.1449859 0.6710297 0.1463047 0.2874106 0.1633110 1.0391225 2.1401610 1.9799535 0.3079600 0.2971920 1.6866884 1.8829537 2.0653937 0.1463481 2.3026404 0.1765237 2.0412340 
n278_279   0.1039343 1.8180533 2.2579520 1.7661450 1.8636535 0.4314176 9.0000000 2.0100071 0.0000000 0.4611870 2.8644209 1.8630039 1.8839373 2.2833936 1.7022768 0.4744886 0.4618715 2.2084738 2.0549653 2.7057212 1.7953391 1.8510796 1.9307066 4.7356735 2.3505931 0.4878477 
n299_300   0.4415247 1.8413539 2.1898238 1.8174044 2.0298718 0.1517999 9.0000000 2.1449859 0.4611870 0.0000000 2.2440769 2.5587151 2.2179583 2.6154126 1.4152463 0.0269113 0.0920122 2.1964126 2.0698335 2.5382441 1.6323302 1.6596033 2.7082618 5.8787032 2.8274739 0.0200953 
n236_237   2.5543309 1.8588511 0.6024907 1.8601237 0.6221664 2.2752239 3.0675385 0.6710297 2.8644209 2.2440769 0.0000000 0.6913022 0.6491705 0.7428299 0.9091482 2.1815773 2.1584567 0.6108151 0.6351307 1.5861218 1.9316209 1.8605774 0.7086873 2.1642166 0.7514186 2.1450358 
n293_294   1.8353416 1.9317336 0.2277822 1.9240101 0.2472332 2.0515126 2.8859899 0.1463047 1.8630039 2.5587151 0.6913022 0.0000000 0.2283129 0.1259465 1.0921300 2.5595072 2.1581310 0.2473886 0.2621434 1.9322366 1.9011415 1.9993652 0.0204905 2.3491897 0.1467756 2.4791003 
n290_291   1.8677565 1.8082060 0.1344956 2.0094981 0.0489007 1.8611198 3.3948403 0.2874106 1.8839373 2.2179583 0.6491705 0.2283129 0.0000000 0.2475033 0.9869952 2.1275129 2.1419460 0.1386744 0.0525790 1.8545575 1.6256270 1.8794487 0.2377152 2.7912521 0.2779684 2.1261324 
n297_298   2.1756401 2.0560970 0.2418280 2.2052177 0.2372125 2.3490951 3.1485182 0.1633110 2.2833936 2.6154126 0.7428299 0.1259465 0.2475033 0.0000000 1.0845114 2.6079091 2.4328878 0.2569207 0.2667216 1.8655600 1.9250350 2.1101529 0.1259829 2.5769590 0.0345760 2.4562271 
n200_201   1.6945474 1.7459409 0.9610819 1.7521595 1.0651806 1.3859802 2.1653046 1.0391225 1.7022768 1.4152463 0.9091482 1.0921300 0.9869952 1.0845114 0.0000000 1.4446948 1.5209750 0.9869980 1.0193638 2.1223212 1.3249050 1.3666795 1.0906182 1.9017675 1.1310731 1.4338756 
n292_293   0.4544462 1.8332296 2.1931782 1.8830037 2.0324892 0.1643493 7.2598744 2.1401610 0.4744886 0.0269113 2.1815773 2.5595072 2.1275129 2.6079091 1.4446948 0.0000000 0.1112391 2.1998112 2.0726178 2.4295953 1.5676846 1.5998879 2.6200508 4.7732091 2.8182381 0.0373121 
n280_281   0.4421761 2.0477210 2.3843295 2.0531312 2.1341003 0.1645112 6.5052427 1.9799535 0.4618715 0.0920122 2.1584567 2.1581310 2.1419460 2.4328878 1.5209750 0.1112391 0.0000000 2.3931843 2.2495719 2.6047434 1.8062413 1.7246912 2.3203049 4.5495171 2.6093009 0.1152594 
n295_296   2.2420372 1.7955285 0.0310144 1.9449357 0.1382255 1.8713408 5.4232763 0.3079600 2.2084738 2.1964126 0.6108151 0.2473886 0.1386744 0.2569207 0.9869980 2.1998112 2.3931843 0.0000000 0.1298031 2.0226644 1.7463016 1.9798842 0.2422523 2.6014278 0.2874665 2.1364647 
n287_288   1.9885612 1.7070183 0.1256967 1.8155961 0.0524352 1.9345318 5.4597816 0.2971920 2.0549653 2.0698335 0.6351307 0.2621434 0.0525790 0.2667216 1.0193638 2.0726178 2.2495719 0.1298031 0.0000000 1.9630919 1.6973220 1.9130726 0.2619390 3.1220264 0.2980303 2.0272013 
n244_245   2.7899479 2.1475265 2.0936080 2.3434019 1.8283035 2.7456163 2.0384439 1.6866884 2.7057212 2.5382441 1.5861218 1.9322366 1.8545575 1.8655600 2.1223212 2.4295953 2.6047434 2.0226644 1.9630919 0.0000000 2.2984886 1.9310349 1.8925024 2.1997093 1.9253583 2.5277003 
n265_266   1.9019340 1.0423165 1.7171893 1.0278028 1.6551245 1.6317900 2.6133326 1.8829537 1.7953391 1.6323302 1.9316209 1.9011415 1.6256270 1.9250350 1.3249050 1.5676846 1.8062413 1.7463016 1.6973220 2.2984886 0.0000000 0.1480364 1.9736096 2.3288652 1.9284101 1.5989889 
n266_267   1.8223588 1.0428174 1.9040776 1.0508262 1.7646352 1.7337652 2.6933171 2.0653937 1.8510796 1.6596033 1.8605774 1.9993652 1.8794487 2.1101529 1.3666795 1.5998879 1.7246912 1.9798842 1.9130726 1.9310349 0.1480364 0.0000000 2.0377130 2.1471053 2.0711232 1.6043508 
n294_295   1.9003859 1.8899826 0.2275967 1.9236513 0.2519949 2.1402998 2.9472951 0.1463481 1.9307066 2.7082618 0.7086873 0.0204905 0.2377152 0.1259829 1.0906182 2.6200508 2.3203049 0.2422523 0.2619390 1.8925024 1.9736096 2.0377130 0.0000000 2.3298408 0.1468194 2.5350906 
n251_252   3.0556699 2.5255722 2.4873486 2.5850723 3.3994407 4.7269184 0.2876835 2.3026404 4.7356735 5.8787032 2.1642166 2.3491897 2.7912521 2.5769590 1.9017675 4.7732091 4.5495171 2.6014278 3.1220264 2.1997093 2.3288652 2.1471053 2.3298408 0.0000000 2.5017055 6.1465240 
n298_299   2.3625187 2.2162247 0.2716579 2.3179408 0.2671494 2.5101470 2.9485474 0.1765237 2.3505931 2.8274739 0.7514186 0.1467756 0.2779684 0.0345760 1.1310731 2.8182381 2.6093009 0.2874665 0.2980303 1.9253583 1.9284101 2.0711232 0.1468194 2.5017055 0.0000000 2.6349940 
n300_301   0.4674287 1.8047737 2.1304716 1.8527210 1.9889615 0.1773266 9.0000000 2.0412340 0.4878477 0.0200953 2.1450358 2.4791003 2.1261324 2.4562271 1.4338756 0.0373121 0.1152594 2.1364647 2.0272013 2.5277003 1.5989889 1.6043508 2.5350906 6.1465240 2.6349940 0.0000000 
