26
n277_278   0.0000000 1.8305403 2.4687783 1.7913080 2.6595095 0.5428203 8.9999990 2.4408783 0.1489274 0.4798729 1.9603043 2.5678967 2.6168815 2.4164002 2.3454977 0.4589874 0.5085363 2.4845220 2.3002520 3.2797830 1.6880629 1.5837120 2.4844076 3.0243858 2.4674398 0.4942503 
n286_287   1.8305403 0.0000000 2.8296365 0.0858864 3.0897100 1.7927491 3.2693258 1.9323478 1.9670930 1.5460876 2.0402044 2.2442897 2.7196728 2.3852347 1.9955885 1.5978351 1.6220612 2.4968021 2.7693816 2.4117252 1.0190143 1.0391669 2.1459075 2.4495266 2.2963248 1.5712486 
n296_297   2.4687783 2.8296365 0.0000000 2.8393236 0.1329662 2.3226178 2.5048125 0.3498556 2.1407076 2.0185020 0.6665659 0.3122951 0.1410269 0.2907026 0.9721547 2.0535345 2.0281570 0.0377302 0.1285929 3.0618992 2.5693663 2.1446759 0.3064995 2.6224835 0.2956981 2.0100107 
n285_286   1.7913080 0.0858864 2.8393236 0.0000000 3.1597278 1.8811147 4.3648444 2.1629997 1.9216705 1.6129296 2.2702306 2.5683530 2.8586079 2.6715863 2.0778009 1.6595683 1.6947808 2.5782806 2.7180857 2.2848568 1.0531339 1.0901561 2.3306871 2.7201167 2.5548282 1.6398559 
n289_290   2.6595095 3.0897100 0.1329662 3.1597278 0.0000000 2.3803370 2.6834585 0.3733330 2.2959182 2.1220218 0.6770742 0.3632813 0.0484316 0.3170615 1.0493304 2.0722821 2.0319604 0.1581813 0.0448881 2.8525199 2.3980839 2.0538346 0.3689432 2.5961439 0.3222315 2.1121211 
n274_275   0.5428203 1.7927491 2.3226178 1.8811147 2.3803370 0.0000000 2.7777416 2.3468199 0.5471363 0.1410413 2.8222645 2.3941893 2.4220290 2.2862424 2.2705500 0.1539796 0.1411146 2.5628172 2.2397526 5.4349161 1.7943885 1.6260736 2.4067415 2.8504137 2.3260926 0.1495467 
n255_256   8.9999990 3.2693258 2.5048125 4.3648444 2.6834585 2.7777416 0.0000000 2.6885054 4.8471223 4.7129017 3.1783046 2.7902214 2.8075042 2.4339830 3.4326107 4.1970800 3.4620770 2.4290719 2.8392127 2.4656785 4.0562129 3.3146618 2.6223599 0.3478490 2.4419052 4.0456962 
n275_276   2.4408783 1.9323478 0.3498556 2.1629997 0.3733330 2.3468199 2.6885054 0.0000000 1.9814928 2.0251486 0.6521806 0.1499304 0.3615075 0.1495961 1.2017981 1.9208382 2.0007787 0.3614379 0.3731147 2.4744455 1.9264754 1.8235208 0.1413689 2.8525962 0.1539232 2.0164784 
n278_279   0.1489274 1.9670930 2.1407076 1.9216705 2.2959182 0.5471363 4.8471223 1.9814928 0.0000000 0.4850808 1.9005909 2.1464197 2.2937048 2.1984872 2.6720965 0.4842610 0.5061850 2.1610328 2.0360449 2.2121781 1.6744221 1.6328359 2.1743097 2.5438391 2.1834987 0.4995396 
n299_300   0.4798729 1.5460876 2.0185020 1.6129296 2.1220218 0.1410413 4.7129017 2.0251486 0.4850808 0.0000000 2.3264676 2.0209367 2.1207716 2.0730247 2.4319500 0.0449562 0.0856227 2.1580565 2.0136731 3.6035992 1.5621244 1.5376914 2.0493004 3.7988239 2.0242388 0.0100786 
n236_237   1.9603043 2.0402044 0.6665659 2.2702306 0.6770742 2.8222645 3.1783046 0.6521806 1.9005909 2.3264676 0.0000000 0.7172676 0.6702658 0.6609129 1.1487796 2.2042688 2.3132860 0.6490512 0.6692827 2.8028726 2.1260277 2.0440534 0.7084965 2.5480838 0.6626021 2.3129269 
n293_294   2.5678967 2.2442897 0.3122951 2.5683530 0.3632813 2.3941893 2.7902214 0.1499304 2.1464197 2.0209367 0.7172676 0.0000000 0.3569997 0.1417749 1.1187763 2.0075398 2.0421913 0.3340844 0.3576306 2.8137410 1.9442642 1.8382939 0.0486822 3.4804426 0.1501234 1.9804006 
n290_291   2.6168815 2.7196728 0.1410269 2.8586079 0.0484316 2.4220290 2.8075042 0.3615075 2.2937048 2.1207716 0.6702658 0.3569997 0.0000000 0.3112648 1.0183228 2.0209653 2.1347974 0.1623542 0.0520330 3.3193877 2.4502463 2.1301610 0.3626035 2.7187006 0.3112643 2.1109284 
n297_298   2.4164002 2.3852347 0.2907026 2.6715863 0.3170615 2.2862424 2.4339830 0.1495961 2.1984872 2.0730247 0.6609129 0.1417749 0.3112648 0.0000000 1.1729591 2.0605939 2.0161234 0.3062362 0.3169140 2.8339488 1.9684778 1.7759987 0.1542821 2.9637563 0.0203380 2.0637957 
n200_201   2.3454977 1.9955885 0.9721547 2.0778009 1.0493304 2.2705500 3.4326107 1.2017981 2.6720965 2.4319500 1.1487796 1.1187763 1.0183228 1.1729591 0.0000000 2.2420689 2.1342366 1.0436923 0.9890907 3.7882435 2.0105441 1.9786271 1.2399681 2.3498664 1.1594950 2.4159668 
n292_293   0.4589874 1.5978351 2.0535345 1.6595683 2.0722821 0.1539796 4.1970800 1.9208382 0.4842610 0.0449562 2.2042688 2.0075398 2.0209653 2.0605939 2.2420689 0.0000000 0.0972627 2.1401210 2.0173090 5.4783593 1.5516197 1.5284138 1.9878234 3.2549352 2.0592855 0.0485726 
n280_281   0.5085363 1.6220612 2.0281570 1.6947808 2.0319604 0.1411146 3.4620770 2.0007787 0.5061850 0.0856227 2.3132860 2.0421913 2.1347974 2.0161234 2.1342366 0.0972627 0.0000000 2.2062009 2.0237267 4.4112911 1.6553932 1.4932025 2.0899098 3.6844375 2.0479313 0.0894934 
n295_296   2.4845220 2.4968021 0.0377302 2.5782806 0.1581813 2.5628172 2.4290719 0.3614379 2.1610328 2.1580565 0.6490512 0.3340844 0.1623542 0.3062362 1.0436923 2.1401210 2.2062009 0.0000000 0.1578635 3.2363146 2.3109164 2.1324881 0.3337701 2.6148319 0.3063335 2.1474268 
n287_288   2.3002520 2.7693816 0.1285929 2.7180857 0.0448881 2.2397526 2.8392127 0.3731147 2.0360449 2.0136731 0.6692827 0.3576306 0.0520330 0.3169140 0.9890907 2.0173090 2.0237267 0.1578635 0.0000000 2.8673108 2.3407823 2.0318565 0.3632461 2.6073246 0.3220783 1.9324074 
n244_245   3.2797830 2.4117252 3.0618992 2.2848568 2.8525199 5.4349161 2.4656785 2.4744455 2.2121781 3.6035992 2.8028726 2.8137410 3.3193877 2.8339488 3.7882435 5.4783593 4.4112911 3.2363146 2.8673108 0.0000000 3.1282072 4.8442424 2.6083556 2.4039383 3.4581815 3.5550220 
n265_266   1.6880629 1.0190143 2.5693663 1.0531339 2.3980839 1.7943885 4.0562129 1.9264754 1.6744221 1.5621244 2.1260277 1.9442642 2.4502463 1.9684778 2.0105441 1.5516197 1.6553932 2.3109164 2.3407823 3.1282072 0.0000000 0.1546683 2.0164742 3.6084714 1.9270289 1.6199317 
n266_267   1.5837120 1.0391669 2.1446759 1.0901561 2.0538346 1.6260736 3.3146618 1.8235208 1.6328359 1.5376914 2.0440534 1.8382939 2.1301610 1.7759987 1.9786271 1.5284138 1.4932025 2.1324881 2.0318565 4.8442424 0.1546683 0.0000000 1.9072826 2.7628746 1.7654288 1.5939393 
n294_295   2.4844076 2.1459075 0.3064995 2.3306871 0.3689432 2.4067415 2.6223599 0.1413689 2.1743097 2.0493004 0.7084965 0.0486822 0.3626035 0.1542821 1.2399681 1.9878234 2.0899098 0.3337701 0.3632461 2.6083556 2.0164742 1.9072826 0.0000000 2.9538215 0.1584675 2.0077796 
n251_252   3.0243858 2.4495266 2.6224835 2.7201167 2.5961439 2.8504137 0.3478490 2.8525962 2.5438391 3.7988239 2.5480838 3.4804426 2.7187006 2.9637563 2.3498664 3.2549352 3.6844375 2.6148319 2.6073246 2.4039383 3.6084714 2.7628746 2.9538215 0.0000000 2.9733880 3.4428840 
n298_299   2.4674398 2.2963248 0.2956981 2.5548282 0.3222315 2.3260926 2.4419052 0.1539232 2.1834987 2.0242388 0.6626021 0.1501234 0.3112643 0.0203380 1.1594950 2.0592855 2.0479313 0.3063335 0.3220783 3.4581815 1.9270289 1.7654288 0.1584675 2.9733880 0.0000000 2.0157469 
n300_301   0.4942503 1.5712486 2.0100107 1.6398559 2.1121211 0.1495467 4.0456962 2.0164784 0.4995396 0.0100786 2.3129269 1.9804006 2.1109284 2.0637957 2.4159668 0.0485726 0.0894934 2.1474268 1.9324074 3.5550220 1.6199317 1.5939393 2.0077796 3.4428840 2.0157469 0.0000000 
