26
n277_278   0.0000000 1.9774190 2.1879688 1.8908962 1.8578012 0.3993932 3.0477769 1.9768295 0.1369036 0.4111321 1.9420361 2.4735306 1.8584821 2.1886594 1.4603853 0.4225413 0.4294872 2.0092959 1.9032118 2.0958874 1.7318486 1.5138385 2.3458479 2.3089941 2.0386880 0.4051429 
n286_287   1.9774190 0.0000000 2.0101225 0.0631673 2.3256630 2.0742574 3.2747192 2.2972415 1.9313144 1.8663118 1.8919565 2.6856873 2.1374692 2.4510159 1.8729013 1.9201505 1.8744012 2.0635954 2.3825745 2.7801545 1.0803763 1.1136904 2.6087206 3.6305489 2.3743808 1.8300019 
n296_297   2.1879688 2.0101225 0.0000000 2.1144438 0.1203493 1.8158975 3.1082323 0.2439726 1.9967483 1.9765561 0.5237922 0.2336524 0.1324473 0.2622445 1.3739347 2.0463412 1.8835709 0.0342949 0.1325488 1.9251144 3.0156865 3.0353794 0.2287208 3.4105936 0.2291238 2.0181678 
n285_286   1.8908962 0.0631673 2.1144438 0.0000000 2.4749892 1.7861759 2.9285137 2.4356598 1.8519887 1.6305658 1.8575342 2.8159812 2.3071872 2.6182666 1.7908796 1.6682622 1.6367250 2.2362788 2.6193803 2.6704994 0.9926593 1.0521876 2.7282985 4.2723906 2.4657784 1.6026446 
n289_290   1.8578012 2.3256630 0.1203493 2.4749892 0.0000000 1.9335303 3.3404275 0.2341740 1.7439024 1.9793143 0.5371308 0.2197822 0.0413112 0.2525536 1.3207237 2.0496115 1.9325382 0.1164119 0.0593588 2.0551731 2.2925304 2.5055808 0.2194753 2.5765671 0.2198737 2.0212321 
n274_275   0.3993932 2.0742574 1.8158975 1.7861759 1.9335303 0.0000000 3.1127867 2.2429599 0.4115058 0.1164397 1.9316657 2.1729320 1.9351952 2.0450613 1.5049137 0.1323815 0.1364169 1.8644498 1.9876125 2.7396360 1.8363014 1.5763951 2.0872525 2.6529066 1.9589324 0.1125008 
n255_256   3.0477769 3.2747192 3.1082323 2.9285137 3.3404275 3.1127867 0.0000000 9.0000000 3.5773727 3.6103148 2.6181616 9.0000000 2.8251625 9.0000000 3.4907908 4.0411686 2.8939232 3.8729437 3.3096475 1.6540351 3.1530433 5.3045263 9.0000000 0.3290079 9.0000000 3.8069330 
n275_276   1.9768295 2.2972415 0.2439726 2.4356598 0.2341740 2.2429599 9.0000000 0.0000000 1.9324751 2.3611774 0.6123383 0.1007051 0.2482213 0.1363259 1.3899036 2.5250817 2.1354798 0.2391382 0.2386383 2.0519575 2.6290364 2.4899648 0.1084280 3.7946490 0.1124018 2.3591041 
n278_279   0.1369036 1.9313144 1.9967483 1.8519887 1.7439024 0.4115058 3.5773727 1.9324751 0.0000000 0.4370007 1.6662400 2.2849575 1.7183936 1.9968749 1.5001420 0.4487939 0.4497647 1.8835559 1.7838878 2.5891831 1.5363947 1.3969088 2.2323700 2.6358990 1.8725544 0.4307792 
n299_300   0.4111321 1.8663118 1.9765561 1.6305658 1.9793143 0.1164397 3.6103148 2.3611774 0.4370007 0.0000000 1.9564871 2.4405163 1.9881301 2.0486309 1.3091555 0.0448301 0.0928834 1.9498128 2.0842821 2.7361661 1.7386243 1.5013949 2.2614058 2.4886123 2.0112600 0.0033421 
n236_237   1.9420361 1.8919565 0.5237922 1.8575342 0.5371308 1.9316657 2.6181616 0.6123383 1.6662400 1.9564871 0.0000000 0.6056591 0.5517187 0.6144000 1.1348891 1.9832288 1.8031518 0.5536905 0.5598852 2.5070228 2.4953696 2.5066501 0.5889216 2.8966972 0.5833025 1.9970577 
n293_294   2.4735306 2.6856873 0.2336524 2.8159812 0.2197822 2.1729320 9.0000000 0.1007051 2.2849575 2.4405163 0.6056591 0.0000000 0.2335364 0.1200129 1.4594845 2.6059495 2.3715594 0.2337545 0.2289066 2.0903193 2.4113986 2.5579385 0.0341907 5.2931902 0.0966753 2.5080733 
n290_291   1.8584821 2.1374692 0.1324473 2.3071872 0.0413112 1.9351952 2.8251625 0.2482213 1.7183936 1.9881301 0.5517187 0.2335364 0.0000000 0.2624899 1.3813725 2.0526308 1.9062893 0.1324074 0.0740822 1.8296821 2.4240250 2.7344329 0.2332085 2.2569501 0.2245964 2.0305355 
n297_298   2.1886594 2.4510159 0.2622445 2.6182666 0.2525536 2.0450613 9.0000000 0.1363259 1.9968749 2.0486309 0.6144000 0.1200129 0.2624899 0.0000000 1.3133102 2.2182727 1.9479688 0.2623661 0.2481113 2.1896040 2.2687545 2.4607885 0.1200754 3.8036208 0.0447726 2.0936004 
n200_201   1.4603853 1.8729013 1.3739347 1.7908796 1.3207237 1.5049137 3.4907908 1.3899036 1.5001420 1.3091555 1.1348891 1.4594845 1.3813725 1.3133102 0.0000000 1.3904471 1.4041939 1.4258988 1.3392850 2.9415307 1.9411814 2.2965703 1.4879319 2.8704270 1.2342533 1.3286838 
n292_293   0.4225413 1.9201505 2.0463412 1.6682622 2.0496115 0.1323815 4.0411686 2.5250817 0.4487939 0.0448301 1.9832288 2.6059495 2.0526308 2.2182727 1.3904471 0.0000000 0.1044216 2.0675462 2.2173495 2.8177597 1.8124101 1.5813926 2.3996069 2.4797548 2.1742774 0.0412806 
n280_281   0.4294872 1.8744012 1.8835709 1.6367250 1.9325382 0.1364169 2.8939232 2.1354798 0.4497647 0.0928834 1.8031518 2.3715594 1.9062893 1.9479688 1.4041939 0.1044216 0.0000000 1.8590794 2.0303778 2.7342442 1.5621945 1.4516684 2.2505395 2.2918630 1.8400011 0.0890800 
n295_296   2.0092959 2.0635954 0.0342949 2.2362788 0.1164119 1.8644498 3.8729437 0.2391382 1.8835559 1.9498128 0.5536905 0.2337545 0.1324074 0.2623661 1.4258988 2.0675462 1.8590794 0.0000000 0.1285427 2.0511488 3.0644682 2.9722993 0.2288196 3.5831765 0.2292231 1.9904097 
n287_288   1.9032118 2.3825745 0.1325488 2.6193803 0.0593588 1.9876125 3.3096475 0.2386383 1.7838878 2.0842821 0.5598852 0.2289066 0.0740822 0.2481113 1.3392850 2.2173495 2.0303778 0.1285427 0.0000000 1.9510468 2.4138527 2.6588097 0.2334020 2.5607139 0.2247939 2.1313296 
n244_245   2.0958874 2.7801545 1.9251144 2.6704994 2.0551731 2.7396360 1.6540351 2.0519575 2.5891831 2.7361661 2.5070228 2.0903193 1.8296821 2.1896040 2.9415307 2.8177597 2.7342442 2.0511488 1.9510468 0.0000000 2.0307640 2.3245941 2.1876949 1.8368762 2.0419164 2.8245596 
n265_266   1.7318486 1.0803763 3.0156865 0.9926593 2.2925304 1.8363014 3.1530433 2.6290364 1.5363947 1.7386243 2.4953696 2.4113986 2.4240250 2.2687545 1.9411814 1.8124101 1.5621945 3.0644682 2.4138527 2.0307640 0.0000000 0.1784504 2.3467843 2.8606434 2.2637452 1.7073187 
n266_267   1.5138385 1.1136904 3.0353794 1.0521876 2.5055808 1.5763951 5.3045263 2.4899648 1.3969088 1.5013949 2.5066501 2.5579385 2.7344329 2.4607885 2.2965703 1.5813926 1.4516684 2.9722993 2.6588097 2.3245941 0.1784504 0.0000000 2.5452825 9.0000000 2.3923149 1.4773336 
n294_295   2.3458479 2.6087206 0.2287208 2.7282985 0.2194753 2.0872525 9.0000000 0.1084280 2.2323700 2.2614058 0.5889216 0.0341907 0.2332085 0.1200754 1.4879319 2.3996069 2.2505395 0.2288196 0.2334020 2.1876949 2.3467843 2.5452825 0.0000000 4.7340037 0.0966307 2.3176195 
n251_252   2.3089941 3.6305489 3.4105936 4.2723906 2.5765671 2.6529066 0.3290079 3.7946490 2.6358990 2.4886123 2.8966972 5.2931902 2.2569501 3.8036208 2.8704270 2.4797548 2.2918630 3.5831765 2.5607139 1.8368762 2.8606434 9.0000000 4.7340037 0.0000000 3.0973425 2.4862533 
n298_299   2.0386880 2.3743808 0.2291238 2.4657784 0.2198737 1.9589324 9.0000000 0.1124018 1.8725544 2.0112600 0.5833025 0.0966753 0.2245964 0.0447726 1.2342533 2.1742774 1.8400011 0.2292231 0.2247939 2.0419164 2.2637452 2.3923149 0.0966307 3.0973425 0.0000000 2.0545253 
n300_301   0.4051429 1.8300019 2.0181678 1.6026446 2.0212321 0.1125008 3.8069330 2.3591041 0.4307792 0.0033421 1.9970577 2.5080733 2.0305355 2.0936004 1.3286838 0.0412806 0.0890800 1.9904097 2.1313296 2.8245596 1.7073187 1.4773336 2.3176195 2.4862533 2.0545253 0.0000000 
