23
n289_290   0.0000000 0.0339922 0.0168316 0.2788951 0.3081717 0.0270987 0.0100519 0.3027973 0.3980090 0.0340284 0.2743315 0.0134289 0.3502058 0.2884624 0.0066778 0.1158436 0.3091589 0.0885428 0.3510284 0.0341005 0.3808205 0.3086400 0.3462120 
n294_295   0.0339922 0.0000000 0.0409719 0.3025901 0.3228467 0.0066780 0.0375088 0.3173642 0.4263932 0.0066762 0.2979084 0.0374535 0.3766263 0.3078082 0.0374386 0.1234655 0.3290378 0.0920388 0.3770514 0.0134436 0.4205120 0.3233420 0.3721080 
n295_296   0.0168316 0.0409719 0.0000000 0.2747164 0.3088166 0.0340229 0.0202528 0.3034281 0.4107686 0.0410158 0.2701665 0.0033344 0.3619762 0.2939325 0.0168177 0.1277849 0.3148188 0.0923145 0.3410345 0.0411031 0.3932461 0.3092870 0.3362628 
n266_267   0.2788951 0.3025901 0.2747164 0.0000000 0.2524709 0.2930937 0.2839007 0.2429520 0.4300717 0.3029893 0.0133969 0.2697682 0.4215753 0.2388174 0.2786308 0.2840668 0.2579838 0.2836843 0.1745137 0.2985374 0.4115660 0.2621485 0.1664432 
n299_300   0.3081717 0.3228467 0.3088166 0.2524709 0.0000000 0.3129848 0.3086066 0.0067663 0.4075066 0.3232856 0.2525825 0.3035562 0.4218742 0.0631072 0.3133397 0.3080976 0.0743024 0.3191269 0.3019451 0.3186789 0.3893567 0.0067665 0.2973138 
n298_299   0.0270987 0.0066780 0.0340229 0.2930937 0.3129848 0.0000000 0.0305812 0.3075762 0.4152388 0.0066849 0.2884593 0.0305363 0.3662126 0.2981153 0.0305242 0.1157455 0.3190764 0.0846382 0.3666238 0.0066988 0.4094374 0.3134618 0.3617294 
n290_291   0.0100519 0.0375088 0.0202528 0.2839007 0.3086066 0.0305812 0.0000000 0.3032231 0.4159411 0.0375489 0.2793090 0.0168316 0.3668413 0.2937357 0.0100436 0.1278449 0.3146028 0.0884927 0.3565976 0.0376285 0.3983181 0.3090763 0.3517485 
n274_275   0.3027973 0.3173642 0.3034281 0.2429520 0.0067663 0.3075762 0.3032231 0.0000000 0.4012663 0.3177932 0.2430588 0.2982124 0.4155369 0.0631072 0.3079230 0.3027230 0.0743024 0.3136535 0.2917201 0.3132166 0.3832898 0.0136063 0.2871442 
n251_252   0.3980090 0.4263932 0.4107686 0.4300717 0.4075066 0.4152388 0.4159411 0.4012663 0.0000000 0.4270222 0.4302814 0.4047118 0.3000537 0.4019119 0.4037876 0.4042496 0.3971632 0.4106086 0.4675729 0.4218997 0.0237098 0.4196614 0.4560521 
n293_294   0.0340284 0.0066762 0.0410158 0.3029893 0.3232856 0.0066849 0.0375489 0.3177932 0.4270222 0.0000000 0.2983002 0.0374936 0.3717770 0.3032975 0.0374787 0.1236074 0.3244232 0.0921414 0.3775827 0.0134577 0.4211293 0.3237823 0.3726290 
n265_266   0.2743315 0.2979084 0.2701665 0.0133969 0.2525825 0.2884593 0.2793090 0.2430588 0.4302814 0.2983002 0.0000000 0.2652473 0.4217789 0.2343863 0.2740726 0.2746753 0.2534423 0.2790940 0.1745869 0.2938662 0.4117639 0.2622651 0.1665128 
n296_297   0.0134289 0.0374535 0.0033344 0.2697682 0.3035562 0.0305363 0.0168316 0.2982124 0.4047118 0.0374936 0.2652473 0.0000000 0.3563654 0.2887782 0.0134178 0.1237530 0.3095007 0.0885029 0.3462431 0.0375732 0.3873393 0.3040165 0.3414450 
n244_245   0.3502058 0.3766263 0.3619762 0.4215753 0.4218742 0.3662126 0.3668413 0.4155369 0.3000537 0.3717770 0.4217789 0.3563654 0.0000000 0.4156961 0.3608382 0.3841861 0.4046055 0.3903876 0.4653307 0.3723359 0.2898575 0.4342067 0.4538784 
n278_279   0.2884624 0.3078082 0.2939325 0.2388174 0.0631072 0.2981153 0.2937357 0.0631072 0.4019119 0.3032975 0.2343863 0.2887782 0.4156961 0.0000000 0.2983928 0.2836258 0.0170259 0.2991816 0.2721360 0.3036818 0.3838905 0.0705154 0.2676581 
n287_288   0.0066778 0.0374386 0.0168177 0.2786308 0.3133397 0.0305242 0.0100436 0.3079230 0.4037876 0.0374787 0.2740726 0.0134178 0.3608382 0.2983928 0.0000000 0.1237024 0.3193797 0.0884674 0.3506806 0.0375583 0.3919734 0.3138178 0.3458687 
n200_201   0.1158436 0.1234655 0.1277849 0.2840668 0.3080976 0.1157455 0.1278449 0.3027230 0.4042496 0.1236074 0.2746753 0.1237530 0.3841861 0.2836258 0.1237024 0.0000000 0.3041928 0.1236025 0.3196252 0.1238882 0.3929982 0.3085659 0.3204252 
n277_278   0.3091589 0.3290378 0.3148188 0.2579838 0.0743024 0.3190764 0.3146028 0.0743024 0.3971632 0.3244232 0.2534423 0.3095007 0.4046055 0.0170259 0.3193797 0.3041928 0.0000000 0.3202412 0.2922618 0.3248403 0.3792258 0.0818450 0.2876760 
n236_237   0.0885428 0.0920388 0.0923145 0.2836843 0.3191269 0.0846382 0.0884927 0.3136535 0.4106086 0.0921414 0.2790940 0.0885029 0.3903876 0.2991816 0.0884674 0.1236025 0.3202412 0.0000000 0.3569670 0.0923444 0.3992542 0.3196170 0.3521113 
n285_286   0.3510284 0.3770514 0.3410345 0.1745137 0.3019451 0.3666238 0.3565976 0.2917201 0.4675729 0.3775827 0.1745869 0.3462431 0.4653307 0.2721360 0.3506806 0.3196252 0.2922618 0.3569670 0.0000000 0.3727566 0.4539764 0.3074189 0.0133324 
n275_276   0.0341005 0.0134436 0.0411031 0.2985374 0.3186789 0.0066988 0.0376285 0.3132166 0.4218997 0.0134577 0.2938662 0.0375732 0.3723359 0.3036818 0.0375583 0.1238882 0.3248403 0.0923444 0.3727566 0.0000000 0.4160390 0.3191674 0.3678234 
n255_256   0.3808205 0.4205120 0.3932461 0.4115660 0.3893567 0.4094374 0.3983181 0.3832898 0.0237098 0.4211293 0.4117639 0.3873393 0.2898575 0.3838905 0.3919734 0.3929982 0.3792258 0.3992542 0.4539764 0.4160390 0.0000000 0.4011862 0.4426628 
n292_293   0.3086400 0.3233420 0.3092870 0.2621485 0.0067665 0.3134618 0.3090763 0.0136063 0.4196614 0.3237823 0.2622651 0.3040165 0.4342067 0.0705154 0.3138178 0.3085659 0.0818450 0.3196170 0.3074189 0.3191674 0.4011862 0.0000000 0.2924959 
n286_287   0.3462120 0.3721080 0.3362628 0.1664432 0.2973138 0.3617294 0.3517485 0.2871442 0.4560521 0.3726290 0.1665128 0.3414450 0.4538784 0.2676581 0.3458687 0.3204252 0.2876760 0.3521113 0.0133324 0.3678234 0.4426628 0.2924959 0.0000000 
