23
n289_290   0.0000000 0.0203344 0.0134638 0.2848121 0.2445680 0.0306886 0.0066947 0.2542605 0.4045731 0.2749129 0.0168714 0.3637574 0.2301545 0.0033418 0.1247389 0.2346820 0.0666005 0.2447202 0.2844551 0.0203349 0.3983260 0.2444175 0.2847200 
n294_295   0.0203344 0.0000000 0.0342546 0.2793944 0.2303290 0.0237548 0.0272486 0.2398264 0.3983649 0.2695763 0.0377758 0.3640795 0.2162076 0.0238017 0.1248940 0.2206555 0.0741286 0.2304708 0.2798681 0.0134925 0.3864378 0.2301883 0.2801283 
n295_296   0.0134638 0.0342546 0.0000000 0.3057194 0.2642364 0.0448091 0.0202961 0.2742116 0.4293466 0.2955328 0.0033420 0.3814120 0.2494003 0.0168848 0.1411077 0.2540433 0.0815356 0.2644036 0.3053294 0.0342554 0.4228669 0.2640721 0.3056189 
n266_267   0.2848121 0.2793944 0.3057194 0.0000000 0.2388315 0.2945395 0.2846326 0.2484134 0.4547293 0.0169015 0.3109800 0.3581662 0.2389725 0.2901921 0.3158625 0.2483844 0.3158675 0.2389790 0.1496854 0.2797338 0.4486150 0.2386854 0.1498125 
n299_300   0.2445680 0.2303290 0.2642364 0.2388315 0.0000000 0.2444570 0.2542267 0.0134986 0.4284067 0.2295734 0.2691883 0.3752512 0.0413908 0.2448711 0.2797856 0.0485127 0.2592420 0.0067187 0.2158157 0.2305997 0.4103627 0.0067117 0.2205542 
n298_299   0.0306886 0.0237548 0.0448091 0.2945395 0.2444570 0.0000000 0.0376985 0.2541440 0.4043795 0.2845251 0.0483799 0.3869938 0.2300516 0.0342120 0.1287434 0.2345767 0.0777564 0.2446091 0.2950438 0.0168849 0.3923517 0.2443067 0.2953207 
n290_291   0.0066947 0.0272486 0.0202961 0.2846326 0.2542267 0.0376985 0.0000000 0.2640535 0.4166470 0.2747408 0.0237379 0.3635140 0.2396124 0.0100747 0.1246702 0.2441946 0.0740007 0.2543862 0.2842760 0.0272492 0.4102900 0.2540696 0.2845406 
n274_275   0.2542605 0.2398264 0.2742116 0.2484134 0.0134986 0.2541440 0.2640535 0.0000000 0.4342307 0.2390350 0.2792340 0.3807010 0.0485437 0.2545776 0.2899999 0.0557375 0.2691433 0.0135055 0.2296990 0.2401101 0.4160578 0.0134914 0.2204562 
n251_252   0.4045731 0.3983649 0.4293466 0.4547293 0.4284067 0.4043795 0.4166470 0.4342307 0.0000000 0.4356281 0.4355719 0.3504202 0.4408887 0.4110032 0.4219538 0.4339565 0.4094561 0.4221277 0.4609533 0.3988856 0.0341235 0.4221009 0.4614347 
n265_266   0.2749129 0.2695763 0.2955328 0.0169015 0.2295734 0.2845251 0.2747408 0.2390350 0.4356281 0.0000000 0.3007220 0.3416897 0.2297084 0.2802144 0.3055480 0.2390069 0.3055534 0.2297143 0.1372512 0.2699019 0.4296634 0.2294336 0.1373668 
n296_297   0.0168714 0.0377758 0.0033420 0.3109800 0.2691883 0.0483799 0.0237379 0.2792340 0.4355719 0.3007220 0.0000000 0.3872399 0.2542469 0.0203123 0.1452379 0.2589186 0.0853089 0.2693594 0.3105819 0.0377767 0.4290341 0.2690205 0.3108774 
n244_245   0.3637574 0.3640795 0.3814120 0.3581662 0.3752512 0.3869938 0.3635140 0.3807010 0.3504202 0.3416897 0.3872399 0.0000000 0.3811515 0.3637793 0.3585985 0.3748158 0.3985738 0.3694180 0.3632159 0.3703340 0.3339880 0.3750044 0.3635709 
n278_279   0.2301545 0.2162076 0.2494003 0.2389725 0.0413908 0.2300516 0.2396124 0.0485437 0.4408887 0.2297084 0.2542469 0.3811515 0.0000000 0.2304369 0.2645925 0.0169025 0.2445162 0.0414125 0.2204868 0.2164593 0.4225411 0.0413679 0.2206833 
n287_288   0.0033418 0.0238017 0.0168848 0.2901921 0.2448711 0.0342120 0.0100747 0.2545776 0.4110032 0.2802144 0.0203123 0.3637793 0.2304369 0.0000000 0.1247448 0.2349706 0.0703486 0.2450237 0.2898268 0.0238023 0.4046933 0.2447202 0.2900978 
n200_201   0.1247389 0.1248940 0.1411077 0.3158625 0.2797856 0.1287434 0.1246702 0.2899999 0.4219538 0.3055480 0.1452379 0.3585985 0.2645925 0.1247448 0.0000000 0.2644534 0.1368137 0.2746774 0.3164117 0.1169000 0.4094070 0.2796100 0.3167133 
n277_278   0.2346820 0.2206555 0.2540433 0.2483844 0.0485127 0.2345767 0.2441946 0.0557375 0.4339565 0.2390069 0.2589186 0.3748158 0.0169025 0.2349706 0.2644534 0.0000000 0.2491290 0.0485383 0.2344240 0.2209130 0.4283173 0.0484858 0.2346347 
n236_237   0.0666005 0.0741286 0.0815356 0.3158675 0.2592420 0.0777564 0.0740007 0.2691433 0.4094561 0.3055534 0.0853089 0.3985738 0.2445162 0.0703486 0.1368137 0.2491290 0.0000000 0.2542921 0.3005531 0.0667211 0.3973831 0.2590813 0.3008365 
n280_281   0.2447202 0.2304708 0.2644036 0.2389790 0.0067187 0.2446091 0.2543862 0.0135055 0.4221277 0.2297143 0.2693594 0.3694180 0.0414125 0.2450237 0.2746774 0.0485383 0.2542921 0.0000000 0.2204923 0.2307419 0.4042373 0.0067151 0.2206887 
n285_286   0.2844551 0.2798681 0.3053294 0.1496854 0.2158157 0.2950438 0.2842760 0.2296990 0.4609533 0.1372512 0.3105819 0.3632159 0.2204868 0.2898268 0.3164117 0.2344240 0.3005531 0.2204923 0.0000000 0.2802086 0.4420846 0.2202244 0.0067070 
n275_276   0.0203349 0.0134925 0.0342554 0.2797338 0.2305997 0.0168849 0.0272492 0.2401101 0.3988856 0.2699019 0.0377767 0.3703340 0.2164593 0.0238023 0.1169000 0.2209130 0.0667211 0.2307419 0.2802086 0.0000000 0.3869389 0.2304587 0.2804694 
n255_256   0.3983260 0.3864378 0.4228669 0.4486150 0.4103627 0.3923517 0.4102900 0.4160578 0.0341235 0.4296634 0.4290341 0.3339880 0.4225411 0.4046933 0.4094070 0.4283173 0.3973831 0.4042373 0.4420846 0.3869389 0.0000000 0.4042120 0.4425407 
n292_293   0.2444175 0.2301883 0.2640721 0.2386854 0.0067117 0.2443067 0.2540696 0.0134914 0.4221009 0.2294336 0.2690205 0.3750044 0.0413679 0.2447202 0.2796100 0.0484858 0.2590813 0.0067151 0.2202244 0.2304587 0.4042120 0.0000000 0.2204204 
n286_287   0.2847200 0.2801283 0.3056189 0.1498125 0.2205542 0.2953207 0.2845406 0.2204562 0.4614347 0.1373668 0.3108774 0.3635709 0.2206833 0.2900978 0.3167133 0.2346347 0.3008365 0.2206887 0.0067070 0.2804694 0.4425407 0.2204204 0.0000000 
