26
n289_290   0.0000000 0.0307944 0.0169087 0.2590128 0.2860339 0.0450467 0.0134860 0.2645907 0.4221114 0.0378635 0.2339718 0.0134966 0.2911366 0.3724805 0.2700352 0.0067023 0.1258540 0.2651277 0.0450173 0.0523051 0.2806205 0.2911247 0.0413872 0.4289598 0.2803950 0.2858921 
n294_295   0.0307944 0.0000000 0.0272601 0.2795674 0.3016000 0.0134976 0.0378843 0.2796491 0.4418133 0.0067058 0.2537301 0.0237982 0.3068122 0.3907908 0.2852322 0.0308027 0.1298102 0.2802255 0.0134891 0.0559470 0.2960589 0.3015117 0.0100775 0.4488692 0.2958187 0.2962028 
n295_296   0.0169087 0.0272601 0.0000000 0.2640492 0.2855286 0.0414084 0.0238243 0.2641292 0.4219409 0.0342783 0.2388187 0.0033408 0.2906210 0.3723313 0.2695624 0.0169132 0.1135777 0.2646644 0.0413816 0.0522895 0.2801263 0.2964232 0.0377802 0.4287863 0.2799015 0.2911504 
n266_267   0.2590128 0.2795674 0.2640492 0.0000000 0.2190627 0.2955470 0.2594172 0.2190388 0.4078009 0.2901878 0.0342870 0.2591223 0.2287394 0.3539782 0.2438630 0.2641215 0.2635348 0.2339385 0.2897835 0.3012585 0.2240795 0.1552013 0.2952322 0.4012053 0.2238884 0.1595062 
n299_300   0.2860339 0.3016000 0.2855286 0.2190627 0.0000000 0.3181634 0.2804414 0.0203567 0.4627221 0.3018793 0.2142190 0.2804402 0.0067100 0.4083513 0.0707966 0.2913728 0.3171959 0.0633216 0.3067451 0.3073787 0.0238394 0.2543972 0.3123770 0.4491780 0.0100952 0.2594541 
n298_299   0.0450467 0.0134976 0.0414084 0.2955470 0.3181634 0.0000000 0.0523238 0.2956299 0.4554852 0.0203654 0.2639141 0.0378694 0.3235025 0.4034670 0.2959476 0.0450588 0.1342059 0.2908644 0.0067090 0.0708510 0.3124759 0.3180724 0.0238053 0.4626894 0.3011795 0.3126312 
n290_291   0.0134860 0.0378843 0.0238243 0.2594172 0.2804414 0.0523238 0.0000000 0.2696408 0.4291045 0.0450436 0.2440171 0.0203745 0.2854994 0.3850664 0.2751321 0.0134897 0.1342200 0.2701910 0.0522895 0.0596780 0.2803581 0.3021732 0.0486053 0.4360302 0.2748593 0.2968508 
n274_275   0.2645907 0.2796491 0.2641292 0.2190388 0.0203567 0.2956299 0.2696408 0.0000000 0.4415867 0.2799054 0.2141958 0.2592018 0.0273023 0.4018817 0.0559405 0.2697491 0.2947700 0.0486497 0.2846322 0.2852172 0.0169299 0.2543682 0.2900621 0.4284606 0.0168982 0.2594244 
n251_252   0.4221114 0.4418133 0.4219409 0.4078009 0.4627221 0.4554852 0.4291045 0.4415867 0.0000000 0.4554332 0.3829406 0.4157540 0.4769435 0.3719504 0.4412505 0.4286273 0.4343297 0.4350233 0.4550139 0.4156960 0.4564073 0.4899049 0.4618124 0.0273090 0.4552091 0.4971386 
n293_294   0.0378635 0.0067058 0.0342783 0.2901878 0.3018793 0.0203654 0.0450436 0.2799054 0.4554332 0.0000000 0.2639297 0.0307794 0.3070969 0.4034422 0.2854946 0.0378737 0.1381509 0.2804829 0.0203526 0.0633295 0.2963325 0.3125131 0.0168942 0.4626332 0.2960919 0.3071176 
n265_266   0.2339718 0.2537301 0.2388187 0.0342870 0.2142190 0.2639141 0.2440171 0.2141958 0.3829406 0.2639297 0.0000000 0.2340688 0.2238163 0.3081218 0.2244407 0.2388848 0.2383547 0.2148111 0.2584594 0.2745390 0.2191908 0.1466375 0.2687906 0.3765932 0.2190047 0.1508837 
n296_297   0.0134966 0.0237982 0.0033408 0.2591223 0.2804402 0.0378694 0.0203745 0.2592018 0.4157540 0.0307794 0.2340688 0.0000000 0.2854980 0.3665503 0.2645910 0.0135002 0.1176110 0.2597245 0.0378450 0.0486884 0.2750783 0.2912514 0.0342662 0.4225388 0.2748583 0.2860160 
n300_301   0.2911366 0.3068122 0.2906210 0.2287394 0.0067100 0.3235025 0.2854994 0.0273023 0.4769435 0.3070969 0.2238163 0.2854980 0.0000000 0.4083926 0.0783672 0.2965145 0.3285174 0.0707966 0.3119922 0.3126367 0.0308338 0.2646699 0.3176681 0.4631148 0.0169234 0.2698099 
n244_245   0.3724805 0.3907908 0.3723313 0.3539782 0.4083513 0.4034670 0.3850664 0.4018817 0.3719504 0.4034422 0.3081218 0.3665503 0.4083926 0.0000000 0.3886124 0.3785496 0.3534890 0.3828262 0.4030725 0.3781636 0.4024042 0.4035322 0.3967585 0.3535595 0.4083972 0.4099119 
n278_279   0.2700352 0.2852322 0.2695624 0.2438630 0.0707966 0.2959476 0.2751321 0.0559405 0.4412505 0.2854946 0.2244407 0.2645910 0.0783672 0.3886124 0.0000000 0.2752428 0.2951730 0.0067126 0.2849319 0.2908577 0.0671121 0.2701045 0.2957448 0.4281298 0.0669813 0.2752927 
n287_288   0.0067023 0.0308027 0.0169132 0.2641215 0.2913728 0.0450588 0.0134897 0.2697491 0.4286273 0.0378737 0.2388848 0.0135002 0.2965145 0.3785496 0.2752428 0.0000000 0.1299814 0.2702997 0.0450295 0.0523192 0.2859140 0.2965033 0.0413983 0.4355422 0.2856835 0.2912292 
n200_201   0.1258540 0.1298102 0.1135777 0.2635348 0.3171959 0.1342059 0.1342200 0.2947700 0.4343297 0.1381509 0.2383547 0.1176110 0.3285174 0.3534890 0.2951730 0.1299814 0.0000000 0.2901052 0.1382729 0.1469029 0.3115560 0.2955724 0.1339370 0.4147921 0.3112743 0.2903158 
n277_278   0.2651277 0.2802255 0.2646644 0.2339385 0.0633216 0.2908644 0.2701910 0.0486497 0.4350233 0.2804829 0.2148111 0.2597245 0.0707966 0.3828262 0.0067126 0.2702997 0.2901052 0.0000000 0.2799310 0.2858089 0.0596765 0.2597347 0.2906664 0.4220125 0.0595607 0.2648383 
n297_298   0.0450173 0.0134891 0.0413816 0.2897835 0.3067451 0.0067090 0.0522895 0.2846322 0.4550139 0.0203526 0.2584594 0.0378450 0.3119922 0.4030725 0.2849319 0.0450295 0.1382729 0.2799310 0.0000000 0.0708036 0.3011634 0.3177911 0.0237903 0.4622068 0.2900781 0.3123563 
n236_237   0.0523051 0.0559470 0.0522895 0.3012585 0.3073787 0.0708510 0.0596780 0.2852172 0.4156960 0.0633295 0.2745390 0.0486884 0.3126367 0.3781636 0.2908577 0.0523192 0.1469029 0.2858089 0.0708036 0.0000000 0.3022305 0.3131011 0.0669849 0.4224785 0.3015388 0.3076949 
n280_281   0.2806205 0.2960589 0.2801263 0.2240795 0.0238394 0.3124759 0.2803581 0.0169299 0.4564073 0.2963325 0.2191908 0.2750783 0.0308338 0.4024042 0.0671121 0.2859140 0.3115560 0.0596765 0.3011634 0.3022305 0.0000000 0.2597471 0.3067445 0.4429735 0.0203544 0.2648506 
n285_286   0.2911247 0.3015117 0.2964232 0.1552013 0.2543972 0.3180724 0.3021732 0.2543682 0.4899049 0.3125131 0.1466375 0.2912514 0.2646699 0.4035322 0.2701045 0.2965033 0.2955724 0.2597347 0.3177911 0.3131011 0.2597471 0.0000000 0.3121671 0.4687922 0.2595196 0.0033363 
n275_276   0.0413872 0.0100775 0.0377802 0.2952322 0.3123770 0.0238053 0.0486053 0.2900621 0.4618124 0.0168942 0.2687906 0.0342662 0.3176681 0.3967585 0.2957448 0.0413983 0.1339370 0.2906664 0.0237903 0.0669849 0.3067445 0.3121671 0.0000000 0.4556411 0.3064939 0.3067781 
n255_256   0.4289598 0.4488692 0.4287863 0.4012053 0.4491780 0.4626894 0.4360302 0.4284606 0.0273090 0.4626332 0.3765932 0.4225388 0.4631148 0.3535595 0.4281298 0.4355422 0.4147921 0.4220125 0.4622068 0.4224785 0.4429735 0.4687922 0.4556411 0.0000000 0.4418202 0.4758057 
n292_293   0.2803950 0.2958187 0.2799015 0.2238884 0.0100952 0.3011795 0.2748593 0.0168982 0.4552091 0.2960919 0.2190047 0.2748583 0.0169234 0.4083972 0.0669813 0.2856835 0.3112743 0.0595607 0.2900781 0.3015388 0.0203544 0.2595196 0.3064939 0.4418202 0.0000000 0.2646179 
n286_287   0.2858921 0.2962028 0.2911504 0.1595062 0.2594541 0.3126312 0.2968508 0.2594244 0.4971386 0.3071176 0.1508837 0.2860160 0.2698099 0.4099119 0.2752927 0.2912292 0.2903158 0.2648383 0.3123563 0.3076949 0.2648506 0.0033363 0.3067781 0.4758057 0.2646179 0.0000000 
