24
n298_299   0.0000000 0.3307483 0.1581426 0.3392378 0.0520264 0.3343439 0.3469632 0.0342079 0.0271951 0.0033408 0.2937799 0.0667480 0.4800784 0.3361910 0.0817354 0.4562647 0.3498929 0.0341836 0.3363607 0.3178574 0.0742586 0.3419349 0.5141206 0.2934908 
n280_281   0.3307483 0.0000000 0.3600388 0.3071450 0.3203512 0.3280633 0.0134506 0.3304575 0.3248615 0.3254318 0.0594372 0.3258943 0.4344748 0.0168791 0.3142549 0.4056397 0.3064795 0.3302109 0.0066988 0.3011123 0.3311924 0.0100752 0.4912783 0.0631079 
n200_201   0.1581426 0.3600388 0.0000000 0.3155376 0.1541489 0.3205212 0.3769786 0.1540704 0.1455165 0.1581214 0.3267693 0.1417570 0.5180107 0.3657254 0.1334509 0.4855377 0.3259355 0.1539570 0.3659148 0.3095322 0.1502767 0.3717485 0.5315065 0.3267529 
n286_287   0.3392378 0.3071450 0.3155376 0.0000000 0.3028330 0.1530645 0.3227436 0.3287451 0.3231812 0.3338842 0.2766554 0.3082127 0.4348860 0.3123799 0.2923652 0.4247755 0.0134017 0.3285006 0.3125340 0.1485750 0.3133676 0.3178868 0.4590267 0.2817324 
n287_288   0.0520264 0.3203512 0.1541489 0.3028330 0.0000000 0.3138882 0.3363466 0.0449112 0.0377597 0.0484415 0.2939379 0.0273542 0.4688235 0.3257197 0.0743533 0.4452755 0.3130000 0.0448790 0.3258830 0.2978487 0.0344091 0.3313780 0.4813821 0.2936484 
n266_267   0.3343439 0.3280633 0.3205212 0.1530645 0.3138882 0.0000000 0.3441203 0.3241143 0.3235790 0.3343006 0.2863925 0.3193673 0.4148726 0.3334530 0.2874144 0.3987436 0.1613418 0.3238729 0.3336200 0.0340349 0.3251382 0.3391380 0.4507363 0.2865576 
n292_293   0.3469632 0.0134506 0.3769786 0.3227436 0.3363466 0.3441203 0.0000000 0.3466529 0.3409269 0.3415301 0.0703635 0.3420226 0.4531497 0.0306716 0.3300859 0.4236470 0.3220365 0.3463943 0.0066875 0.3165520 0.3474341 0.0100583 0.5115989 0.0740888 
n293_294   0.0342079 0.3304575 0.1540704 0.3287451 0.0449112 0.3241143 0.3466529 0.0000000 0.0203185 0.0307150 0.3037122 0.0594806 0.4748052 0.3358936 0.0743209 0.4574372 0.3392580 0.0066976 0.3360630 0.3078529 0.0632224 0.3416294 0.5073088 0.3034126 
n275_276   0.0271951 0.3248615 0.1455165 0.3231812 0.0377597 0.3235790 0.3409269 0.0203185 0.0000000 0.0237404 0.2983318 0.0521441 0.4666333 0.3302538 0.0668028 0.4567050 0.3336129 0.0203040 0.3304196 0.3073461 0.0594792 0.3359392 0.4865704 0.2980381 
n297_298   0.0033408 0.3254318 0.1581214 0.3338842 0.0484415 0.3343006 0.3415301 0.0307150 0.0237404 0.0000000 0.2988482 0.0630803 0.4735777 0.3308350 0.0779874 0.4499452 0.3444649 0.0306932 0.3310014 0.3178162 0.0705479 0.3365336 0.5072560 0.2985536 
n278_279   0.2937799 0.0594372 0.3267693 0.2766554 0.2939379 0.2863925 0.0703635 0.3037122 0.2983318 0.2988482 0.0000000 0.2992639 0.4049323 0.0704693 0.2881125 0.3886622 0.2864451 0.3034858 0.0668080 0.2610143 0.3043740 0.0705270 0.4663487 0.0100943 
n295_296   0.0667480 0.3258943 0.1417570 0.3082127 0.0273542 0.3193673 0.3420226 0.0594806 0.0521441 0.0630803 0.2992639 0.0000000 0.4757374 0.3313083 0.0819739 0.4519789 0.3184585 0.0594377 0.3314752 0.3031919 0.0067358 0.3370166 0.4816979 0.2989685 
n251_252   0.4800784 0.4344748 0.5180107 0.4348860 0.4688235 0.4148726 0.4531497 0.4748052 0.4666333 0.4735777 0.4049323 0.4757374 0.0000000 0.4473656 0.4545391 0.0448558 0.4345651 0.4678978 0.4409833 0.4143495 0.4757285 0.4403407 0.3819837 0.3990750 
n274_275   0.3361910 0.0168791 0.3657254 0.3123799 0.3257197 0.3334530 0.0306716 0.3358936 0.3302538 0.3308350 0.0704693 0.3313083 0.4473656 0.0000000 0.3302112 0.4180537 0.3117004 0.3356430 0.0237592 0.3062935 0.3366447 0.0272279 0.5117527 0.0742006 
n236_237   0.0817354 0.3142549 0.1334509 0.2923652 0.0743533 0.2874144 0.3300859 0.0743209 0.0668028 0.0779874 0.2881125 0.0819739 0.4545391 0.3302112 0.0000000 0.4314280 0.3023861 0.0742671 0.3197272 0.2720035 0.0896972 0.3251624 0.4336280 0.2880955 
n255_256   0.4562647 0.4056397 0.4855377 0.4247755 0.4452755 0.3987436 0.4236470 0.4574372 0.4567050 0.4499452 0.3886622 0.4519789 0.0448558 0.4180537 0.4314280 0.0000000 0.4368093 0.4634763 0.4119050 0.3982473 0.4519755 0.4181241 0.3900766 0.3829142 
n285_286   0.3498929 0.3064795 0.3259355 0.0134017 0.3130000 0.1613418 0.3220365 0.3392580 0.3336129 0.3444649 0.2864451 0.3184585 0.4345651 0.3117004 0.3023861 0.4368093 0.0000000 0.3390058 0.3118539 0.1567849 0.3236811 0.3171922 0.4716703 0.2915917 
n294_295   0.0341836 0.3302109 0.1539570 0.3285006 0.0448790 0.3238729 0.3463943 0.0066976 0.0203040 0.0306932 0.3034858 0.0594377 0.4678978 0.3356430 0.0742671 0.4634763 0.3390058 0.0000000 0.3358122 0.3076239 0.0631767 0.3413743 0.5069306 0.3031865 
n300_301   0.3363607 0.0066988 0.3659148 0.3125340 0.3258830 0.3336200 0.0066875 0.3360630 0.3304196 0.3310014 0.0668080 0.3314752 0.4409833 0.0237592 0.3197272 0.4119050 0.3118539 0.3358122 0.0000000 0.3064438 0.3368149 0.0033396 0.4983802 0.0705208 
n265_266   0.3178574 0.3011123 0.3095322 0.1485750 0.2978487 0.0340349 0.3165520 0.3078529 0.3073461 0.3178162 0.2610143 0.3031919 0.4143495 0.3062935 0.2720035 0.3982473 0.1567849 0.3076239 0.3064438 0.0000000 0.3033574 0.3117398 0.4569082 0.2611613 
n296_297   0.0742586 0.3311924 0.1502767 0.3133676 0.0344091 0.3251382 0.3474341 0.0632224 0.0594792 0.0705479 0.3043740 0.0067358 0.4757285 0.3366447 0.0896972 0.4519755 0.3236811 0.0631767 0.3368149 0.3033574 0.0000000 0.3423972 0.4882716 0.3040731 
n299_300   0.3419349 0.0100752 0.3717485 0.3178868 0.3313780 0.3391380 0.0100583 0.3416294 0.3359392 0.3365336 0.0705270 0.3370166 0.4403407 0.0272279 0.3251624 0.4181241 0.3171922 0.3413743 0.0033396 0.3117398 0.3423972 0.0000000 0.4976231 0.0742613 
n244_245   0.5141206 0.4912783 0.5315065 0.4590267 0.4813821 0.4507363 0.5115989 0.5073088 0.4865704 0.5072560 0.4663487 0.4816979 0.3819837 0.5117527 0.4336280 0.3900766 0.4716703 0.5069306 0.4983802 0.4569082 0.4882716 0.4976231 0.0000000 0.4602835 
n277_278   0.2934908 0.0631079 0.3267529 0.2817324 0.2936484 0.2865576 0.0740888 0.3034126 0.2980381 0.2985536 0.0100943 0.2989685 0.3990750 0.0742006 0.2880955 0.3829142 0.2915917 0.3031865 0.0705208 0.2611613 0.3040731 0.0742613 0.4602835 0.0000000 
