26
n277_278   0.0000000 1.5272447 1.8021896 1.4265030 1.7096637 0.4860309 2.8213375 1.6663326 0.1049741 0.4612936 1.6457770 1.6903679 1.5983658 1.7227585 1.9390852 0.4675676 0.4346953 1.6317130 1.7684020 2.9086131 1.8756467 1.8104485 1.6486492 2.4540306 1.6646163 0.4548547 
n286_287   1.5272447 0.0000000 1.9954861 0.0742040 1.7870527 1.4156088 1.6645008 2.0510369 1.4101697 1.5993957 1.4913832 1.9988093 1.7457214 1.7764815 2.0817774 1.5862949 1.4228903 1.9704508 1.9000161 1.8565355 0.8260543 0.8519111 1.9910781 1.8456545 1.8674097 1.5693632 
n296_297   1.8021896 1.9954861 0.0000000 2.1136259 0.1368719 2.2926435 5.3232159 0.3095008 1.6216907 2.1560707 0.6731046 0.3591883 0.1543352 0.3566849 1.2679028 2.3310379 2.1510038 0.0378518 0.1506498 4.2894998 2.3809237 1.8793327 0.3649210 5.2117063 0.3426458 2.1966780 
n285_286   1.4265030 0.0742040 2.1136259 0.0000000 1.9259437 1.3955770 1.6435714 2.1912716 1.3636726 1.5113693 1.5479243 2.1307318 1.9034440 1.8826095 2.0506874 1.4998204 1.3500450 2.0846004 2.0880262 1.9096314 0.8334052 0.8565362 2.0367799 1.8525361 1.9842888 1.4839586 
n289_290   1.7096637 1.7870527 0.1368719 1.9259437 0.0000000 1.9732587 4.5435509 0.2992597 1.5435836 2.1412257 0.7079136 0.3319460 0.0559082 0.3510324 1.3312189 2.2825519 2.0498349 0.1372995 0.0634228 3.7084372 2.3275459 1.8303602 0.3257317 3.2773142 0.3318619 2.1805568 
n274_275   0.4860309 1.4156088 2.2926435 1.3955770 1.9732587 0.0000000 2.1317930 2.1065333 0.4727461 0.1325529 1.8283595 2.1255317 1.7971982 2.0930007 2.3222833 0.1490456 0.1004152 2.1984987 2.0121904 2.4475135 1.6456536 1.6087316 2.0489363 2.4223930 1.9950387 0.1325438 
n255_256   2.8213375 1.6645008 5.3232159 1.6435714 4.5435509 2.1317930 0.0000000 4.2156621 2.5458157 2.3974616 4.2125939 3.2050104 4.3329917 3.1467431 5.5442632 2.1791711 2.1395863 4.2166343 4.0692517 2.2765178 2.2732392 2.0984904 3.1207190 0.2532997 3.7903602 2.3880423 
n275_276   1.6663326 2.0510369 0.3095008 2.1912716 0.2992597 2.1065333 4.2156621 0.0000000 1.4483670 2.1111719 0.6410313 0.1123939 0.2949119 0.1129650 1.2217179 2.1357371 1.9585105 0.2889431 0.2952223 4.2835851 2.2910407 1.9059793 0.1085267 3.9421956 0.1203675 2.1328931 
n278_279   0.1049741 1.4101697 1.6216907 1.3636726 1.5435836 0.4727461 2.5458157 1.4483670 0.0000000 0.4928557 1.6718369 1.5201754 1.4653024 1.5006079 1.9402750 0.4847745 0.4460938 1.4583273 1.5308236 2.8425192 1.6300495 1.5755902 1.5079206 2.1423621 1.4716128 0.4718272 
n299_300   0.4612936 1.5993957 2.1560707 1.5113693 2.1412257 0.1325529 2.3974616 2.1111719 0.4928557 0.0000000 1.8153485 2.1778348 1.9881589 2.1484222 2.3169811 0.0449451 0.0704195 2.0721163 2.1892281 2.8430576 1.9335406 1.9015789 2.0286904 2.6083027 2.1171417 0.0203511 
n236_237   1.6457770 1.4913832 0.6731046 1.5479243 0.7079136 1.8283595 4.2125939 0.6410313 1.6718369 1.8153485 0.0000000 0.6625928 0.7008734 0.6679170 1.3360933 1.9587984 1.8402176 0.6487590 0.6859040 2.9866308 1.5778541 1.6223382 0.6647805 4.7196144 0.6546238 1.8308537 
n293_294   1.6903679 1.9988093 0.3591883 2.1307318 0.3319460 2.1255317 3.2050104 0.1123939 1.5201754 2.1778348 0.6625928 0.0000000 0.3328222 0.1761670 1.3695139 2.1690105 1.9631096 0.3417330 0.3440449 2.7451541 2.2853063 1.8819121 0.0413403 3.4470141 0.1624669 2.2442772 
n290_291   1.5983658 1.7457214 0.1543352 1.9034440 0.0559082 1.7971982 4.3329917 0.2949119 1.4653024 1.9881589 0.7008734 0.3328222 0.0000000 0.3519728 1.4238274 2.1098906 1.9086193 0.1548246 0.0523522 3.0331716 2.3338693 1.8468065 0.3212759 3.3098138 0.3327384 2.0223913 
n297_298   1.7227585 1.7764815 0.3566849 1.8826095 0.3510324 2.0930007 3.1467431 0.1129650 1.5006079 2.1484222 0.6679170 0.1761670 0.3519728 0.0000000 1.3591971 2.1564648 2.0603229 0.3336885 0.3468135 3.7764855 2.0466950 1.7534199 0.1711277 3.0890988 0.0556786 2.1707066 
n200_201   1.9390852 2.0817774 1.2679028 2.0506874 1.3312189 2.3222833 5.5442632 1.2217179 1.9402750 2.3169811 1.3360933 1.3695139 1.4238274 1.3591971 0.0000000 2.2926931 2.3638823 1.1789830 1.4019182 3.3646984 1.8112231 2.1101605 1.3987237 4.8113477 1.3158840 2.4484934 
n292_293   0.4675676 1.5862949 2.3310379 1.4998204 2.2825519 0.1490456 2.1791711 2.1357371 0.4847745 0.0449451 1.9587984 2.1690105 2.1098906 2.1564648 2.2926931 0.0000000 0.0814752 2.1608961 2.2869066 2.7788145 2.0656779 1.9768017 2.0577808 2.3737530 2.1417075 0.0377740 
n280_281   0.4346953 1.4228903 2.1510038 1.3500450 2.0498349 0.1004152 2.1395863 1.9585105 0.4460938 0.0704195 1.8402176 1.9631096 1.9086193 2.0603229 2.3638823 0.0814752 0.0000000 2.0673226 2.1873664 2.7994934 1.8273078 1.7091098 1.8697893 2.5417313 2.0320662 0.0629406 
n295_296   1.6317130 1.9704508 0.0378518 2.0846004 0.1372995 2.1984987 4.2166343 0.2889431 1.4583273 2.0721163 0.6487590 0.3417330 0.1548246 0.3336885 1.1789830 2.1608961 2.0673226 0.0000000 0.1511280 3.6379212 2.2204182 1.8115128 0.3418069 4.0600122 0.3255888 2.1097636 
n287_288   1.7684020 1.9000161 0.1506498 2.0880262 0.0634228 2.0121904 4.0692517 0.2952223 1.5308236 2.1892281 0.6859040 0.3440449 0.0523522 0.3468135 1.4019182 2.2869066 2.1873664 0.1511280 0.0000000 3.5495418 2.4483933 1.8784546 0.3322968 3.2522436 0.3277239 2.2121296 
n244_245   2.9086131 1.8565355 4.2894998 1.9096314 3.7084372 2.4475135 2.2765178 4.2835851 2.8425192 2.8430576 2.9866308 2.7451541 3.0331716 3.7764855 3.3646984 2.7788145 2.7994934 3.6379212 3.5495418 0.0000000 4.1490470 8.9999987 2.9105603 2.0912664 3.7180800 2.8819038 
n265_266   1.8756467 0.8260543 2.3809237 0.8334052 2.3275459 1.6456536 2.2732392 2.2910407 1.6300495 1.9335406 1.5778541 2.2853063 2.3338693 2.0466950 1.8112231 2.0656779 1.8273078 2.2204182 2.4483933 4.1490470 0.0000000 0.1454631 2.2555298 2.6929089 1.9947379 1.9058523 
n266_267   1.8104485 0.8519111 1.8793327 0.8565362 1.8303602 1.6087316 2.0984904 1.9059793 1.5755902 1.9015789 1.6223382 1.8819121 1.8468065 1.7534199 2.1101605 1.9768017 1.7091098 1.8115128 1.8784546 8.9999987 0.1454631 0.0000000 1.8250218 2.5891504 1.6250855 1.8604276 
n294_295   1.6486492 1.9910781 0.3649210 2.0367799 0.3257317 2.0489363 3.1207190 0.1085267 1.5079206 2.0286904 0.6647805 0.0413403 0.3212759 0.1711277 1.3987237 2.0577808 1.8697893 0.3418069 0.3322968 2.9105603 2.2555298 1.8250218 0.0000000 3.2201139 0.1663909 2.1280803 
n251_252   2.4540306 1.8456545 5.2117063 1.8525361 3.2773142 2.4223930 0.2532997 3.9421956 2.1423621 2.6083027 4.7196144 3.4470141 3.3098138 3.0890988 4.8113477 2.3737530 2.5417313 4.0600122 3.2522436 2.0912664 2.6929089 2.5891504 3.2201139 0.0000000 3.4071740 2.5964268 
n298_299   1.6646163 1.8674097 0.3426458 1.9842888 0.3318619 1.9950387 3.7903602 0.1203675 1.4716128 2.1171417 0.6546238 0.1624669 0.3327384 0.0556786 1.3158840 2.1417075 2.0320662 0.3255888 0.3277239 3.7180800 1.9947379 1.6250855 0.1663909 3.4071740 0.0000000 2.1387876 
n300_301   0.4548547 1.5693632 2.1966780 1.4839586 2.1805568 0.1325438 2.3880423 2.1328931 0.4718272 0.0203511 1.8308537 2.2442772 2.0223913 2.1707066 2.4484934 0.0377740 0.0629406 2.1097636 2.2121296 2.8819038 1.9058523 1.8604276 2.1280803 2.5964268 2.1387876 0.0000000 
