25
n298_299   0.0000000 0.2460867 0.1820329 0.2747956 0.0628131 0.2649656 0.2458724 0.0271998 0.0376750 0.0737804 0.0033408 0.2508706 0.0627290 0.3823943 0.2556572 0.0591463 0.1161387 0.3928862 0.2701564 0.2506283 0.2745893 0.0554518 0.2603453 0.3662485 0.2460041 
n280_281   0.2460867 0.0000000 0.2752864 0.2459902 0.2414872 0.2223563 0.0135016 0.2273479 0.2415682 0.2459726 0.2414754 0.0413232 0.2410892 0.3430206 0.0203636 0.2366633 0.2561269 0.3478694 0.2460087 0.0100977 0.2315594 0.2316184 0.0169180 0.3171655 0.0342685 
n200_201   0.1820329 0.2752864 0.0000000 0.2843387 0.1690039 0.2693778 0.2653065 0.1649233 0.1691778 0.1773657 0.1778017 0.2802678 0.1688903 0.3425488 0.2755240 0.1646950 0.1649645 0.3473065 0.2845828 0.2701967 0.2741076 0.1644901 0.2801988 0.3829539 0.2704272 
n286_287   0.2747956 0.2459902 0.2843387 0.0000000 0.2746875 0.1734551 0.2364207 0.2551236 0.2601147 0.2795022 0.2749329 0.2503311 0.2742173 0.3314961 0.2508105 0.2696255 0.2749698 0.3258647 0.0100642 0.2411169 0.1776137 0.2642998 0.2507074 0.3598251 0.2409029 
n287_288   0.0628131 0.2414872 0.1690039 0.2746875 0.0000000 0.2502748 0.2412774 0.0483500 0.0591543 0.0168386 0.0591956 0.2462435 0.0271646 0.3592446 0.2509187 0.0033370 0.1042773 0.3810176 0.2700487 0.2460064 0.2597072 0.0202653 0.2556664 0.3601303 0.2414064 
n266_267   0.2649656 0.2223563 0.2693778 0.1734551 0.2502748 0.0000000 0.2131018 0.2408464 0.2505401 0.2549362 0.2602440 0.2360537 0.2595713 0.3420629 0.2362369 0.2453971 0.2603274 0.3257026 0.1733871 0.2176404 0.0590237 0.2498613 0.2268971 0.3709178 0.2268142 
n292_293   0.2458724 0.0135016 0.2653065 0.2364207 0.2412774 0.2131018 0.0000000 0.2271521 0.2413582 0.2457584 0.2412656 0.0413168 0.2408801 0.3320220 0.0203603 0.2364583 0.2559021 0.3368115 0.2364390 0.0033496 0.2313597 0.2314186 0.0101014 0.3171518 0.0342632 
n293_294   0.0271998 0.2273479 0.1649233 0.2551236 0.0483500 0.2408464 0.2271521 0.0000000 0.0237345 0.0591042 0.0237507 0.2320069 0.0482872 0.3709103 0.2366715 0.0447652 0.1005126 0.3812639 0.2505969 0.2317862 0.2501601 0.0411643 0.2412449 0.3549952 0.2272725 
n275_276   0.0376750 0.2415682 0.1691778 0.2601147 0.0591543 0.2505401 0.2413582 0.0237345 0.0000000 0.0700654 0.0341784 0.2463259 0.0590766 0.3766440 0.2510872 0.0555100 0.1043933 0.3870684 0.2555575 0.2460887 0.2599832 0.0518400 0.2557516 0.3495953 0.2414873 
n289_290   0.0737804 0.2459726 0.1773657 0.2795022 0.0168386 0.2549362 0.2457584 0.0591042 0.0700654 0.0000000 0.0701140 0.2507546 0.0375951 0.3646744 0.2554532 0.0134329 0.1119701 0.3806194 0.2748382 0.2505126 0.2548231 0.0305947 0.2602259 0.3652911 0.2458900 
n297_298   0.0033408 0.2414754 0.1778017 0.2749329 0.0591956 0.2602440 0.2412656 0.0237507 0.0341784 0.0701140 0.0000000 0.2462301 0.0591166 0.3768813 0.2509883 0.0555476 0.1122513 0.3873109 0.2702912 0.2459931 0.2698114 0.0518753 0.2556497 0.3608399 0.2413946 
n278_279   0.2508706 0.0413232 0.2802678 0.2503311 0.2462435 0.2360537 0.0413168 0.2320069 0.2463259 0.2507546 0.2462301 0.0000000 0.2458353 0.3428997 0.0484759 0.2413846 0.2609888 0.3533551 0.2503497 0.0377627 0.2454274 0.2362988 0.0448718 0.3169074 0.0067108 
n295_296   0.0627290 0.2410892 0.1688903 0.2742173 0.0271646 0.2595713 0.2408801 0.0482872 0.0590766 0.0375951 0.0591166 0.2458353 0.0000000 0.3642133 0.2505007 0.0237013 0.1003143 0.3744602 0.2695887 0.2455991 0.2691113 0.0066840 0.2552381 0.3429377 0.2410086 
n251_252   0.3823943 0.3430206 0.3425488 0.3314961 0.3592446 0.3420629 0.3320220 0.3709103 0.3766440 0.3646744 0.3768813 0.3428997 0.3642133 0.0000000 0.3429414 0.3648209 0.3885188 0.0376406 0.3368156 0.3373938 0.3526037 0.3585675 0.3484216 0.3011669 0.3373246 
n274_275   0.2556572 0.0203636 0.2755240 0.2508105 0.2509187 0.2362369 0.0203603 0.2366715 0.2510872 0.2554532 0.2509883 0.0484759 0.2505007 0.3429414 0.0000000 0.2460276 0.2657613 0.3477885 0.2508291 0.0169188 0.2504433 0.2409037 0.0238119 0.3171687 0.0413480 
n290_291   0.0591463 0.2366633 0.1646950 0.2696255 0.0033370 0.2453971 0.2364583 0.0447652 0.0555100 0.0134329 0.0555476 0.2413846 0.0237013 0.3648209 0.2460276 0.0000000 0.1003670 0.3750916 0.2650178 0.2411533 0.2547632 0.0168400 0.2507411 0.3543627 0.2365843 
n236_237   0.1161387 0.2561269 0.1649645 0.2749698 0.1042773 0.2603274 0.2559021 0.1005126 0.1043933 0.1119701 0.1122513 0.2609888 0.1003143 0.3885188 0.2657613 0.1003670 0.0000000 0.3990969 0.2801659 0.2607342 0.2747632 0.1002487 0.2706126 0.3609344 0.2560402 
n255_256   0.3928862 0.3478694 0.3473065 0.3258647 0.3810176 0.3257026 0.3368115 0.3812639 0.3870684 0.3806194 0.3873109 0.3533551 0.3744602 0.0376406 0.3477885 0.3750916 0.3990969 0.0000000 0.3311391 0.3422111 0.3360139 0.3687461 0.3532987 0.3064445 0.3477021 
n285_286   0.2701564 0.2460087 0.2845828 0.0100642 0.2700487 0.1733871 0.2364390 0.2505969 0.2555575 0.2748382 0.2702912 0.2503497 0.2695887 0.3368156 0.2508291 0.2650178 0.2801659 0.3311391 0.0000000 0.2411353 0.1775437 0.2597292 0.2507260 0.3653724 0.2409213 
n300_301   0.2506283 0.0100977 0.2701967 0.2411169 0.2460064 0.2176404 0.0033496 0.2317862 0.2460887 0.2505126 0.2459931 0.0377627 0.2455991 0.3373938 0.0169188 0.2411533 0.2607342 0.3422111 0.2411353 0.0000000 0.2360144 0.2360736 0.0067154 0.3117334 0.0307480 
n265_266   0.2745893 0.2315594 0.2741076 0.1776137 0.2597072 0.0590237 0.2313597 0.2501601 0.2599832 0.2548231 0.2698114 0.2454274 0.2691113 0.3526037 0.2504433 0.2547632 0.2747632 0.3360139 0.1775437 0.2360144 0.0000000 0.2592735 0.2455172 0.3762562 0.2360698 
n296_297   0.0554518 0.2316184 0.1644901 0.2642998 0.0202653 0.2498613 0.2314186 0.0411643 0.0518400 0.0305947 0.0518753 0.2362988 0.0066840 0.3585675 0.2409037 0.0168400 0.1002487 0.3687461 0.2597292 0.2360736 0.2592735 0.0000000 0.2455768 0.3482073 0.2315415 
n299_300   0.2603453 0.0169180 0.2801988 0.2507074 0.2556664 0.2268971 0.0101014 0.2412449 0.2557516 0.2602259 0.2556497 0.0448718 0.2552381 0.3484216 0.0238119 0.2507411 0.2706126 0.3532987 0.2507260 0.0067154 0.2455172 0.2455768 0.0000000 0.3223899 0.0377831 
n244_245   0.3662485 0.3171655 0.3829539 0.3598251 0.3601303 0.3709178 0.3171518 0.3549952 0.3495953 0.3652911 0.3608399 0.3169074 0.3429377 0.3011669 0.3171687 0.3543627 0.3609344 0.3064445 0.3653724 0.3117334 0.3762562 0.3482073 0.3223899 0.0000000 0.3115299 
n277_278   0.2460041 0.0342685 0.2704272 0.2409029 0.2414064 0.2268142 0.0342632 0.2272725 0.2414873 0.2458900 0.2413946 0.0067108 0.2410086 0.3373246 0.0413480 0.2365843 0.2560402 0.3477021 0.2409213 0.0307480 0.2360698 0.2315415 0.0377831 0.3115299 0.0000000 
