25
n298_299   0.0000000 0.3342628 0.1437010 0.2891673 0.0237572 0.3392495 0.3182028 0.0134656 0.0202847 0.0237363 0.0033463 0.2832351 0.0272514 0.4324098 0.3179179 0.0203060 0.0738427 0.4257188 0.2841108 0.0168811 0.3444687 0.0237835 0.3234687 0.4439346 0.2782807 
n280_281   0.3342628 0.0000000 0.3135929 0.2547525 0.3291256 0.2820980 0.0134407 0.3449628 0.3443935 0.3233042 0.3398384 0.0663964 0.3349441 0.4633174 0.0202689 0.3237262 0.2937057 0.4625678 0.2544475 0.3505791 0.2869303 0.3295572 0.0168435 0.4372790 0.0627425 
n200_201   0.1437010 0.3135929 0.0000000 0.2841012 0.1479982 0.3233500 0.2979822 0.1519137 0.1559107 0.1478597 0.1478895 0.2688280 0.1523300 0.4373310 0.3030012 0.1438397 0.1159387 0.4492399 0.2790819 0.1561381 0.3284600 0.1481739 0.3031040 0.4705602 0.2639678 
n286_287   0.2891673 0.2547525 0.2841012 0.0000000 0.2843064 0.0963872 0.2404640 0.2942467 0.3040705 0.2788690 0.2841604 0.2089906 0.2794263 0.4273999 0.2451197 0.2792250 0.2648718 0.4208670 0.0101134 0.2994815 0.1001830 0.2796205 0.2451995 0.4210039 0.2136410 
n287_288   0.0237572 0.3291256 0.1479982 0.2843064 0.0000000 0.3340847 0.3131748 0.0306946 0.0376795 0.0067015 0.0272333 0.2784225 0.0169005 0.4323858 0.3128952 0.0033444 0.0776626 0.4256951 0.2792826 0.0342061 0.3392705 0.0134859 0.3184057 0.4315664 0.2734993 
n266_267   0.3392495 0.2820980 0.3233500 0.0963872 0.3340847 0.0000000 0.2673364 0.3446732 0.3551255 0.3282239 0.3339044 0.2349324 0.3288948 0.4566483 0.2721382 0.3286530 0.3084525 0.4435083 0.0925591 0.3502818 0.0168772 0.3291302 0.2722281 0.4196398 0.2397415 
n292_293   0.3182028 0.0134407 0.2979822 0.2404640 0.3131748 0.2673364 0.0000000 0.3286624 0.3281217 0.3075027 0.3236445 0.0591002 0.3188434 0.4442858 0.0066852 0.3079001 0.2785035 0.4435665 0.2401792 0.3341438 0.2720741 0.3135814 0.0033333 0.4250618 0.0554839 
n293_294   0.0134656 0.3449628 0.1519137 0.2942467 0.0306946 0.3446732 0.3286624 0.0000000 0.0202971 0.0306674 0.0134755 0.2834361 0.0342319 0.4446816 0.3283663 0.0272068 0.0812944 0.4378698 0.2891532 0.0100922 0.3499303 0.0307287 0.3340054 0.4506230 0.2784777 
n275_276   0.0202847 0.3443935 0.1559107 0.3040705 0.0376795 0.3551255 0.3281217 0.0202971 0.0000000 0.0376461 0.0237370 0.2785010 0.0412588 0.4375458 0.3282618 0.0341564 0.0887752 0.4308133 0.2989096 0.0237494 0.3604524 0.0377215 0.3334554 0.4560246 0.2735758 
n289_290   0.0237363 0.3233042 0.1478597 0.2788690 0.0067015 0.3282239 0.3075027 0.0306674 0.0376461 0.0000000 0.0272093 0.2730487 0.0168856 0.4316896 0.3072294 0.0033408 0.0775921 0.4250130 0.2738900 0.0341758 0.3333633 0.0134741 0.3126856 0.4311007 0.2681685 
n297_298   0.0033463 0.3398384 0.1478895 0.2841604 0.0272333 0.3339044 0.3236445 0.0134755 0.0237370 0.0272093 0.0000000 0.2884110 0.0307511 0.4388604 0.3233537 0.0237619 0.0776059 0.4321023 0.2791399 0.0203182 0.3390864 0.0272635 0.3289534 0.4504822 0.2834181 
n278_279   0.2832351 0.0663964 0.2688280 0.2089906 0.2784225 0.2349324 0.0591002 0.2834361 0.2785010 0.2730487 0.2884110 0.0000000 0.2785843 0.4331426 0.0627258 0.2733953 0.2546482 0.4324399 0.2087480 0.2885794 0.2394828 0.2787774 0.0627436 0.3968530 0.0033492 
n295_296   0.0272514 0.3349441 0.1523300 0.2794263 0.0169005 0.3288948 0.3188434 0.0342319 0.0412588 0.0168856 0.0307511 0.2785843 0.0000000 0.4392199 0.3185575 0.0134826 0.0815096 0.4324532 0.2744358 0.0377671 0.3340465 0.0033456 0.3241225 0.4389062 0.2788263 
n251_252   0.4324098 0.4633174 0.4373310 0.4273999 0.4323858 0.4566483 0.4442858 0.4446816 0.4375458 0.4316896 0.4388604 0.4331426 0.4392199 0.0000000 0.4570651 0.4322923 0.4271537 0.0339524 0.4212504 0.4328757 0.4627680 0.4329632 0.4505846 0.4063303 0.4270211 
n274_275   0.3179179 0.0202689 0.3030012 0.2451197 0.3128952 0.2721382 0.0066852 0.3283663 0.3282618 0.3072294 0.3233537 0.0627258 0.3185575 0.4570651 0.0000000 0.3076262 0.2833994 0.4563253 0.2448284 0.3338418 0.2769052 0.3133011 0.0100530 0.4374817 0.0590916 
n290_291   0.0203060 0.3237262 0.1438397 0.2792250 0.0033444 0.3286530 0.3079001 0.0272068 0.0341564 0.0033408 0.0237619 0.2733953 0.0134826 0.4322923 0.3076262 0.0000000 0.0739122 0.4256035 0.2742386 0.0306980 0.3338003 0.0100863 0.3130910 0.4317016 0.2685080 
n236_237   0.0738427 0.2937057 0.1159387 0.2648718 0.0776626 0.3084525 0.2785035 0.0812944 0.0887752 0.0775921 0.0776059 0.2546482 0.0815096 0.4271537 0.2833994 0.0739122 0.0000000 0.4138540 0.2599809 0.0850935 0.3134716 0.0777516 0.2834943 0.4079785 0.2498785 
n255_256   0.4257188 0.4625678 0.4492399 0.4208670 0.4256951 0.4435083 0.4435665 0.4378698 0.4308133 0.4250130 0.4321023 0.4324399 0.4324532 0.0339524 0.4563253 0.4256035 0.4138540 0.0000000 0.4147763 0.4261755 0.4495183 0.4262608 0.4498552 0.4112853 0.4263283 
n285_286   0.2841108 0.2544475 0.2790819 0.0101134 0.2792826 0.0925591 0.2401792 0.2891532 0.2989096 0.2738900 0.2791399 0.2087480 0.2744358 0.4212504 0.2448284 0.2742386 0.2599809 0.4147763 0.0000000 0.2943482 0.0963353 0.2746259 0.2449081 0.4092489 0.2133921 
n294_295   0.0168811 0.3505791 0.1561381 0.2994815 0.0342061 0.3502818 0.3341438 0.0100922 0.0237494 0.0341758 0.0203182 0.2885794 0.0377671 0.4328757 0.3338418 0.0306980 0.0850935 0.4261755 0.2943482 0.0000000 0.3555801 0.0342441 0.3395301 0.4510005 0.2835833 
n265_266   0.3444687 0.2869303 0.3284600 0.1001830 0.3392705 0.0168772 0.2720741 0.3499303 0.3604524 0.3333633 0.3390864 0.2394828 0.3340465 0.4627680 0.2769052 0.3338003 0.3134716 0.4495183 0.0963353 0.3555801 0.0000000 0.3342863 0.2769971 0.4249289 0.2443233 
n296_297   0.0237835 0.3295572 0.1481739 0.2796205 0.0134859 0.3291302 0.3135814 0.0307287 0.0377215 0.0134741 0.0272635 0.2787774 0.0033456 0.4329632 0.3133011 0.0100863 0.0777516 0.4262608 0.2746259 0.0342441 0.3342863 0.0000000 0.3188204 0.4386199 0.2738470 
n299_300   0.3234687 0.0168435 0.3031040 0.2451995 0.3184057 0.2722281 0.0033333 0.3340054 0.3334554 0.3126856 0.3289534 0.0627436 0.3241225 0.4505846 0.0100530 0.3130910 0.2834943 0.4498552 0.2449081 0.3395301 0.2769971 0.3188204 0.0000000 0.4189486 0.0591083 
n244_245   0.4439346 0.4372790 0.4705602 0.4210039 0.4315664 0.4196398 0.4250618 0.4506230 0.4560246 0.4311007 0.4504822 0.3968530 0.4389062 0.4063303 0.4374817 0.4317016 0.4079785 0.4112853 0.4092489 0.4510005 0.4249289 0.4386199 0.4189486 0.0000000 0.3970212 
n277_278   0.2782807 0.0627425 0.2639678 0.2136410 0.2734993 0.2397415 0.0554839 0.2784777 0.2735758 0.2681685 0.2834181 0.0033492 0.2788263 0.4270211 0.0590916 0.2685080 0.2498785 0.4263283 0.2133921 0.2835833 0.2443233 0.2738470 0.0591083 0.3970212 0.0000000 
