25
n278_265   0.0000000 0.3923741 0.3714034 0.2527539 0.2570690 0.2761688 0.0519077 0.0591474 0.2765796 0.2384667 0.2158046 0.2336813 0.2858185 0.2481434 0.2715572 0.2476840 0.3760676 0.0168636 0.0590929 0.2718256 0.0628136 0.2385698 0.2564791 0.2339999 0.2527553 
n244_231   0.3923741 0.0000000 0.2789148 0.3682685 0.3732925 0.3914541 0.3815552 0.3989570 0.3962282 0.3679257 0.3625727 0.3252744 0.3963510 0.3685693 0.3959997 0.3622244 0.2733739 0.3970307 0.3974181 0.3906999 0.4100970 0.3731829 0.3670280 0.3627034 0.3682272 
n251_238   0.3714034 0.2789148 0.0000000 0.3639709 0.3745218 0.3858749 0.3714364 0.3777915 0.3924091 0.3518832 0.3412349 0.3263375 0.3846560 0.3642688 0.3916028 0.3579530 0.0341669 0.3817834 0.3763528 0.3919960 0.3886608 0.3574205 0.3848712 0.3364368 0.3639306 
n293_280   0.2527539 0.3682685 0.3639709 0.0000000 0.0168445 0.0305993 0.2432824 0.2528026 0.0306376 0.2195125 0.2196321 0.1348362 0.0410943 0.0168606 0.0271523 0.0066986 0.3681415 0.2568452 0.2481545 0.0271770 0.2576439 0.2327214 0.0847222 0.2239734 0.0134624 
n275_262   0.2570690 0.3732925 0.3745218 0.0168445 0.0000000 0.0340357 0.2475553 0.2571197 0.0340784 0.2148530 0.2149674 0.1386513 0.0445673 0.0202541 0.0305779 0.0168306 0.3787174 0.2611701 0.2568315 0.0306069 0.2619831 0.2322152 0.0883547 0.2192825 0.0168456 
n295_282   0.2761688 0.3914541 0.3858749 0.0305993 0.0340357 0.0000000 0.2664069 0.2762294 0.0202616 0.2418602 0.2419985 0.1468295 0.0100673 0.0340687 0.0168342 0.0305738 0.3901057 0.2803401 0.2759135 0.0168501 0.2812223 0.2554339 0.0998128 0.2464490 0.0306013 
n274_261   0.0519077 0.3815552 0.3714364 0.2432824 0.2475553 0.2664069 0.0000000 0.0134533 0.2668003 0.2337422 0.2159560 0.2290347 0.2714043 0.2387294 0.2618481 0.2382889 0.3761020 0.0482630 0.0134418 0.2621064 0.0168653 0.2387420 0.2469867 0.2293029 0.2432845 
n300_287   0.0591474 0.3989570 0.3777915 0.2528026 0.2571197 0.2762294 0.0134533 0.0000000 0.2766405 0.2431235 0.2251165 0.2383496 0.2813026 0.2481900 0.2716154 0.2477303 0.3824941 0.0554553 0.0202674 0.2718840 0.0100673 0.2482068 0.2565295 0.2386299 0.2528040 
n290_277   0.2765796 0.3962282 0.3924091 0.0306376 0.0340784 0.0202616 0.2668003 0.2766405 0.0000000 0.2422088 0.2423487 0.1470275 0.0306097 0.0341114 0.0100673 0.0306120 0.3966660 0.2807577 0.2763237 0.0033408 0.2816425 0.2558066 0.0924336 0.2468055 0.0306395 
n285_272   0.2384667 0.3679257 0.3518832 0.2195125 0.2148530 0.2418602 0.2337422 0.2431235 0.2422088 0.0000000 0.1114048 0.2146100 0.2510480 0.2191948 0.2374439 0.2147210 0.3455903 0.2381950 0.2428548 0.2376768 0.2478946 0.1348669 0.2323606 0.0100623 0.2148182 
n266_253   0.2158046 0.3625727 0.3412349 0.2196321 0.2149674 0.2419985 0.2159560 0.2251165 0.2423487 0.1114048 0.0000000 0.1974065 0.2510663 0.2240463 0.2375780 0.2148354 0.3350485 0.2155605 0.2248719 0.2378117 0.2297760 0.0271727 0.2142564 0.1075881 0.2196357 
n200_187   0.2336813 0.3252744 0.3263375 0.1348362 0.1386513 0.1468295 0.2290347 0.2383496 0.1470275 0.2146100 0.1974065 0.0000000 0.1591401 0.1387972 0.1428752 0.1306594 0.3104161 0.2376982 0.2380876 0.1430128 0.2430871 0.2148390 0.1385756 0.2102903 0.1348416 
n296_283   0.2858185 0.3963510 0.3846560 0.0410943 0.0445673 0.0100673 0.2714043 0.2813026 0.0306097 0.2510480 0.2510663 0.1591401 0.0000000 0.0446109 0.0271267 0.0410598 0.3888737 0.2900255 0.2809791 0.0271523 0.2863336 0.2646440 0.1113705 0.2556924 0.0410968 
n297_284   0.2481434 0.3685693 0.3642688 0.0168606 0.0202541 0.0340687 0.2387294 0.2481900 0.0341114 0.2191948 0.2240463 0.1387972 0.0446109 0.0000000 0.0306075 0.0168467 0.3684420 0.2522188 0.2479139 0.0306364 0.2530013 0.2372021 0.0884439 0.2236481 0.0033395 
n287_274   0.2715572 0.3959997 0.3916028 0.0271523 0.0305779 0.0168342 0.2618481 0.2716154 0.0100673 0.2374439 0.2375780 0.1428752 0.0271267 0.0306075 0.0000000 0.0271287 0.3958520 0.2757148 0.2713061 0.0066980 0.2765809 0.2509517 0.0923874 0.2420094 0.0271523 
n294_281   0.2476840 0.3622244 0.3579530 0.0066986 0.0168306 0.0305738 0.2382889 0.2477303 0.0306120 0.2147210 0.2148354 0.1306594 0.0410598 0.0168467 0.0271287 0.0000000 0.3621017 0.2517521 0.2431193 0.0271544 0.2525318 0.2278315 0.0808759 0.2191479 0.0134512 
n255_242   0.3760676 0.2733739 0.0341669 0.3681415 0.3787174 0.3901057 0.3761020 0.3824941 0.3966660 0.3455903 0.3350485 0.3104161 0.3888737 0.3684420 0.3958520 0.3621017 0.0000000 0.3864899 0.3810350 0.3962486 0.3934102 0.3406935 0.3782209 0.3302971 0.3681002 
n277_264   0.0168636 0.3970307 0.3817834 0.2568452 0.2611701 0.2803401 0.0482630 0.0554553 0.2807577 0.2381950 0.2155605 0.2376982 0.2900255 0.2522188 0.2757148 0.2517521 0.3864899 0.0000000 0.0554042 0.2759870 0.0590955 0.2293550 0.2605722 0.2337335 0.2568463 
n280_267   0.0590929 0.3974181 0.3763528 0.2481545 0.2568315 0.2759135 0.0134418 0.0202674 0.2763237 0.2428548 0.2248719 0.2380876 0.2809791 0.2479139 0.2713061 0.2431193 0.3810350 0.0554042 0.0000000 0.2715741 0.0203088 0.2479306 0.2562425 0.2383672 0.2525215 
n289_276   0.2718256 0.3906999 0.3919960 0.0271770 0.0306069 0.0168501 0.2621064 0.2718840 0.0033408 0.2376768 0.2378117 0.1430128 0.0271523 0.0306364 0.0066980 0.0271544 0.3962486 0.2759870 0.2715741 0.0000000 0.2768546 0.2511977 0.0886807 0.2422470 0.0271787 
n292_279   0.0628136 0.4100970 0.3886608 0.2576439 0.2619831 0.2812223 0.0168653 0.0100673 0.2816425 0.2478946 0.2297760 0.2430871 0.2863336 0.2530013 0.2765809 0.2525318 0.3934102 0.0590955 0.0203088 0.2768546 0.0000000 0.2530204 0.2613820 0.2433736 0.2576450 
n265_252   0.2385698 0.3731829 0.3574205 0.2327214 0.2322152 0.2554339 0.2387420 0.2482068 0.2558066 0.1348669 0.0271727 0.2148390 0.2646440 0.2372021 0.2509517 0.2278315 0.3406935 0.2293550 0.2479306 0.2511977 0.2530204 0.0000000 0.2272157 0.1309432 0.2327243 
n236_223   0.2564791 0.3670280 0.3848712 0.0847222 0.0883547 0.0998128 0.2469867 0.2565295 0.0924336 0.2323606 0.2142564 0.1385756 0.1113705 0.0884439 0.0923874 0.0808759 0.3782209 0.2605722 0.2562425 0.0886807 0.2613820 0.2272157 0.0000000 0.2279497 0.0847266 
n286_273   0.2339999 0.3627034 0.3364368 0.2239734 0.2192825 0.2464490 0.2293029 0.2386299 0.2468055 0.0100623 0.1075881 0.2102903 0.2556924 0.2236481 0.2420094 0.2191479 0.3302971 0.2337335 0.2383672 0.2422470 0.2433736 0.1309432 0.2279497 0.0000000 0.2192470 
n298_285   0.2527553 0.3682272 0.3639306 0.0134624 0.0168456 0.0306013 0.2432845 0.2528040 0.0306395 0.2148182 0.2196357 0.1348416 0.0410968 0.0033395 0.0271523 0.0134512 0.3681002 0.2568463 0.2525215 0.0271787 0.2576450 0.2327243 0.0847266 0.2192470 0.0000000 
