29
n294_303   0.0000000 0.3440285 1.4940025 0.0375933 0.3403239 0.1442480 0.3238366 0.3831241 0.3023058 2.1493222 1.4954775 2.4211892 2.3251535 1.9646081 2.2025712 0.6948284 0.3902135 0.8337883 0.1606948 2.2254700 0.1282112 2.5998601 0.3897751 2.5026464 0.3961590 3.1344076 2.2772162 1.9587697 2.3401210 
n295_304   0.3440285 0.0000000 1.4602980 0.3546411 0.1359417 0.3553451 0.1442608 0.1607320 0.1360009 2.4748869 1.4782825 2.6549590 2.5088634 1.7674139 2.6115100 0.7606450 0.0412426 0.9681391 0.3773765 2.6935461 0.3719875 2.6854401 0.1526246 2.9269125 0.1694444 4.1301055 3.0469514 1.7667842 3.0767373 
n285_290   1.4940025 1.4602980 0.0000000 1.4993336 1.5324356 1.5224917 1.5050616 1.4165275 1.4502748 2.1510040 0.0626254 1.7639186 2.2680677 0.9192649 1.8055483 1.3302793 1.3742530 1.4916310 1.4524500 1.7374810 1.5666675 2.1709813 1.3239928 2.1529383 1.5406286 3.1702800 2.5442192 0.8969849 1.9594836 
n293_302   0.0375933 0.3546411 1.4993336 0.0000000 0.3502314 0.1399377 0.3393117 0.3892235 0.3284324 2.0589437 1.4725834 2.5213751 2.2185270 1.9413868 2.2217388 0.6935729 0.4015067 0.8227355 0.1562648 2.2850399 0.1201256 2.4591973 0.4074926 2.3749424 0.4140570 3.0216962 2.2722449 1.9364563 2.4431409 
n287_292   0.3403239 0.1359417 1.5324356 0.3502314 0.0000000 0.3502734 0.0778604 0.1446626 0.0629916 2.9163889 1.5216637 3.2819225 2.8470933 1.8016138 2.8643736 0.7710298 0.1694079 0.9387263 0.3721732 2.9950104 0.3685368 3.1146239 0.1407883 3.3341569 0.1490074 3.3354727 3.3325579 1.9983691 4.9027468 
n297_306   0.1442480 0.3553451 1.5224917 0.1399377 0.3502734 0.0000000 0.3348946 0.3952721 0.3289044 2.3095781 1.5972921 2.3469932 2.5393769 1.9283205 2.1161458 0.6847056 0.4023158 0.8353676 0.0305656 2.1471816 0.1570468 2.9154565 0.3909784 2.7773766 0.3842770 4.3014062 2.5329818 1.8150017 2.5482832 
n289_296   0.3238366 0.1442608 1.5050616 0.3393117 0.0778604 0.3348946 0.0000000 0.1655433 0.0557303 2.7876306 1.5441258 3.2601142 2.8340086 1.7388829 2.7416046 0.7443521 0.1825384 0.9379647 0.3564172 2.7913586 0.3354552 3.0999989 0.1531579 3.3179677 0.1613962 2.8560451 3.1983904 1.7496622 4.1136006 
n290_299   0.3831241 0.1607320 1.4165275 0.3892235 0.1446626 0.3952721 0.1655433 0.0000000 0.1486437 2.4828445 1.4961925 3.2732411 2.6982472 2.0291562 3.1632876 0.7814634 0.1911836 0.9330679 0.4008492 3.2419656 0.4145349 2.7787041 0.0627744 2.8027399 0.0775922 2.8924731 2.9669814 1.9753599 3.2397451 
n290_297   0.3023058 0.1360009 1.4502748 0.3284324 0.0629916 0.3289044 0.0557303 0.1486437 0.0000000 2.8811748 1.4870080 3.1375749 3.0573524 1.7183919 2.7486365 0.7231686 0.1694911 0.8750646 0.3502189 2.9850222 0.3351340 3.4156760 0.1447564 3.7495742 0.1530152 3.1364589 3.2791438 1.8111265 4.8466817 
n280_283   2.1493222 2.4748869 2.1510040 2.0589437 2.9163889 2.3095781 2.7876306 2.4828445 2.8811748 0.0000000 2.1168334 3.3068707 0.0972598 1.7641042 0.5596349 3.8741530 3.2126034 2.4572806 2.4004297 0.5296157 2.5459720 0.1168341 2.5291545 0.0973953 2.5891171 9.0000000 0.1621089 1.7129710 3.5729784 
n286_291   1.4954775 1.4782825 0.0626254 1.4725834 1.5216637 1.5972921 1.5441258 1.4961925 1.4870080 2.1168334 0.0000000 1.7418375 2.2774944 0.9835537 1.9778834 1.3119895 1.3867741 1.4672692 1.5682423 1.8602662 1.5536369 2.1392329 1.3774580 2.1628515 1.6093584 4.0150159 2.5510227 0.9614627 1.9776617 
n255_256   2.4211892 2.6549590 1.7639186 2.5213751 3.2819225 2.3469932 3.2601142 3.2732411 3.1375749 3.3068707 1.7418375 0.0000000 3.3928837 2.2376217 1.9758175 2.7532767 2.4057381 2.1968285 2.3399774 2.1722684 2.9431469 3.5738113 3.7144384 3.7536297 3.4275308 2.4952506 2.9600165 2.1472352 0.2574985 
n292_301   2.3251535 2.5088634 2.2680677 2.2185270 2.8470933 2.5393769 2.8340086 2.6982472 3.0573524 0.0972598 2.2774944 3.3928837 0.0000000 2.1262494 0.5737931 4.7387921 2.9359229 2.3705614 2.6599111 0.5434135 2.8239213 0.0522213 2.7601204 0.0379680 2.7149653 9.0000000 0.1704571 2.1775679 5.6522752 
n266_267   1.9646081 1.7674139 0.9192649 1.9413868 1.8016138 1.9283205 1.7388829 2.0291562 1.7183919 1.7641042 0.9835537 2.2376217 2.1262494 0.0000000 2.2689720 2.2348689 1.9147966 2.1172775 2.0591195 2.0145528 2.0796629 1.9230696 2.2372173 1.9968485 1.9030448 4.2537943 1.8417769 0.2326531 2.4576748 
n277_280   2.2025712 2.6115100 1.8055483 2.2217388 2.8643736 2.1161458 2.7416046 3.1632876 2.7486365 0.5596349 1.9778834 1.9758175 0.5737931 2.2689720 0.0000000 2.7544495 2.8928458 1.9955591 2.1480870 0.1084179 2.3009783 0.6123943 2.8248503 0.5822358 2.6386132 3.3280559 0.5953244 1.8465640 3.2528331 
n236_237   0.6948284 0.7606450 1.3302793 0.6935729 0.7710298 0.6847056 0.7443521 0.7814634 0.7231686 3.8741530 1.3119895 2.7532767 4.7387921 2.2348689 2.7544495 0.0000000 0.7519244 0.9303562 0.6496269 2.2132533 0.6476744 8.9999980 0.8031313 8.9999985 0.7832454 6.2390112 8.9999990 2.0172066 2.6183653 
n296_305   0.3902135 0.0412426 1.3742530 0.4015067 0.1694079 0.4023158 0.1825384 0.1911836 0.1694911 3.2126034 1.3867741 2.4057381 2.9359229 1.9147966 2.8928458 0.7519244 0.0000000 1.0188974 0.4258262 3.1279242 0.4018783 3.1352812 0.1913837 3.6851997 0.2003430 5.2909644 4.3123623 1.8746911 2.9252434 
n200_201   0.8337883 0.9681391 1.4916310 0.8227355 0.9387263 0.8353676 0.9379647 0.9330679 0.8750646 2.4572806 1.4672692 2.1968285 2.3705614 2.1172775 1.9955591 0.9303562 1.0188974 0.0000000 0.8213432 1.9061081 0.7618595 2.5301289 0.9387005 2.5226564 1.0228268 9.0000000 2.2783608 1.7593806 2.4247358 
n298_307   0.1606948 0.3773765 1.4524500 0.1562648 0.3721732 0.0305656 0.3564172 0.4008492 0.3502189 2.4004297 1.5682423 2.3399774 2.6599111 2.0591195 2.1480870 0.6496269 0.4258262 0.8213432 0.0000000 2.2785837 0.1695336 2.8559663 0.3961093 2.7242865 0.3898924 5.4837783 2.6517754 1.8541289 2.5911317 
n278_281   2.2254700 2.6935461 1.7374810 2.2850399 2.9950104 2.1471816 2.7913586 3.2419656 2.9850222 0.5296157 1.8602662 2.1722684 0.5434135 2.0145528 0.1084179 2.2132533 3.1279242 1.9061081 2.2785837 0.0000000 2.6087920 0.5879747 3.2768464 0.5506506 3.0370590 2.8806968 0.5635436 1.8441181 4.2393175 
n275_278   0.1282112 0.3719875 1.5666675 0.1201256 0.3685368 0.1570468 0.3354552 0.4145349 0.3351340 2.5459720 1.5536369 2.9431469 2.8239213 2.0796629 2.3009783 0.6476744 0.4018783 0.7618595 0.1695336 2.6087920 0.0000000 3.0576959 0.4272367 3.1593570 0.4211508 4.4963311 2.9728663 2.0341072 3.3368453 
n300_309   2.5998601 2.6854401 2.1709813 2.4591973 3.1146239 2.9154565 3.0999989 2.7787041 3.4156760 0.1168341 2.1392329 3.5738113 0.0522213 1.9230696 0.6123943 8.9999980 3.1352812 2.5301289 2.8559663 0.5879747 3.0576959 0.0000000 2.9926004 0.0273654 2.9319001 9.0000000 0.1746534 2.2240387 8.9999986 
n289_298   0.3897751 0.1526246 1.3239928 0.4074926 0.1407883 0.3909784 0.1531579 0.0627744 0.1447564 2.5291545 1.3774580 3.7144384 2.7601204 2.2372173 2.8248503 0.8031313 0.1913837 0.9387005 0.3961093 3.2768464 0.4272367 2.9926004 0.0000000 3.1770054 0.0739315 2.7655522 3.1359003 2.2077932 3.0310856 
n299_308   2.5026464 2.9269125 2.1529383 2.3749424 3.3341569 2.7773766 3.3179677 2.8027399 3.7495742 0.0973953 2.1628515 3.7536297 0.0379680 1.9968485 0.5822358 8.9999985 3.6851997 2.5226564 2.7242865 0.5506506 3.1593570 0.0273654 3.1770054 0.0000000 2.9553845 9.0000000 0.1707168 2.1730414 6.6770932 
n287_294   0.3961590 0.1694444 1.5406286 0.4140570 0.1490074 0.3842770 0.1613962 0.0775922 0.1530152 2.5891171 1.6093584 3.4275308 2.7149653 1.9030448 2.6386132 0.7832454 0.2003430 1.0228268 0.3898924 3.0370590 0.4211508 2.9319001 0.0739315 2.9553845 0.0000000 3.1045924 3.2629122 1.9331509 3.4433438 
n244_245   3.1344076 4.1301055 3.1702800 3.0216962 3.3354727 4.3014062 2.8560451 2.8924731 3.1364589 9.0000000 4.0150159 2.4952506 9.0000000 4.2537943 3.3280559 6.2390112 5.2909644 9.0000000 5.4837783 2.8806968 4.4963311 9.0000000 2.7655522 9.0000000 3.1045924 0.0000000 9.0000000 9.0000000 2.4665510 
n274_277   2.2772162 3.0469514 2.5442192 2.2722449 3.3325579 2.5329818 3.1983904 2.9669814 3.2791438 0.1621089 2.5510227 2.9600165 0.1704571 1.8417769 0.5953244 8.9999990 4.3123623 2.2783608 2.6517754 0.5635436 2.9728663 0.1746534 3.1359003 0.1707168 3.2629122 9.0000000 0.0000000 1.8927134 4.0999596 
n265_266   1.9587697 1.7667842 0.8969849 1.9364563 1.9983691 1.8150017 1.7496622 1.9753599 1.8111265 1.7129710 0.9614627 2.1472352 2.1775679 0.2326531 1.8465640 2.0172066 1.8746911 1.7593806 1.8541289 1.8441181 2.0341072 2.2240387 2.2077932 2.1730414 1.9331509 9.0000000 1.8927134 0.0000000 2.4053742 
n251_252   2.3401210 3.0767373 1.9594836 2.4431409 4.9027468 2.5482832 4.1136006 3.2397451 4.8466817 3.5729784 1.9776617 0.2574985 5.6522752 2.4576748 3.2528331 2.6183653 2.9252434 2.4247358 2.5911317 4.2393175 3.3368453 8.9999986 3.0310856 6.6770932 3.4433438 2.4665510 4.0999596 2.4053742 0.0000000 
