21
n289_290   0.0000000 0.0271411 0.0033371 0.3183553 0.2579988 0.0236841 0.2629020 0.3267127 0.0305976 0.3030339 0.3487610 0.3177507 0.1349312 0.3118041 0.1116366 0.2626843 0.2717644 0.0271487 0.3377308 0.2579952 0.2621025 
n294_295   0.0271411 0.0000000 0.0236911 0.3238471 0.2629135 0.0100673 0.2678509 0.3376349 0.0033408 0.3084109 0.3544568 0.3230732 0.1390443 0.3170727 0.1116402 0.2676280 0.2867849 0.0066989 0.3488390 0.2629104 0.2769187 
n295_296   0.0033371 0.0236911 0.0000000 0.3185809 0.2581735 0.0202519 0.2630806 0.3269443 0.0271320 0.3032463 0.3543760 0.3179753 0.1350144 0.3120230 0.1077467 0.2628626 0.2719498 0.0236977 0.3379725 0.2581698 0.2622802 
n266_267   0.3183553 0.3238471 0.3185809 0.0000000 0.2726002 0.3235487 0.2924096 0.3606988 0.3289869 0.0169136 0.3447268 0.3335598 0.3436498 0.3328574 0.3889737 0.2823807 0.1314962 0.3183813 0.3555193 0.2676972 0.1315051 
n299_300   0.2579988 0.2629135 0.2581735 0.2726002 0.0000000 0.2580454 0.0202876 0.3374203 0.2676411 0.2630968 0.3332062 0.0554571 0.2624256 0.0517664 0.3127995 0.0134574 0.2387910 0.2580454 0.3486144 0.0066965 0.2295518 
n298_299   0.0236841 0.0100673 0.0202519 0.3235487 0.2580454 0.0000000 0.2629475 0.3322465 0.0134510 0.3081296 0.3490421 0.3177769 0.1349767 0.3118329 0.1077206 0.2627299 0.2865281 0.0100704 0.3433587 0.2580418 0.2766723 
n274_275   0.2629020 0.2678509 0.2630806 0.2924096 0.0202876 0.2629475 0.0000000 0.3426292 0.2726111 0.2826580 0.3383927 0.0590755 0.2673543 0.0553595 0.3077383 0.0134544 0.2576573 0.2581946 0.3539062 0.0271669 0.2481762 
n251_252   0.3267127 0.3376349 0.3269443 0.3606988 0.3374203 0.3322465 0.3426292 0.0000000 0.3428408 0.3551473 0.3168805 0.3810214 0.3371565 0.3799923 0.3987515 0.3319212 0.3479864 0.3270434 0.0202459 0.3318779 0.3372900 
n293_294   0.0305976 0.0033408 0.0271320 0.3289869 0.2676411 0.0134510 0.2726111 0.3428408 0.0000000 0.3134482 0.3597798 0.3281948 0.1430453 0.3221412 0.1155092 0.2723830 0.2916591 0.0100689 0.3436055 0.2676387 0.2817296 
n265_266   0.3030339 0.3084109 0.3032463 0.0169136 0.2630968 0.3081296 0.2826580 0.3551473 0.3134482 0.0000000 0.3450547 0.3232739 0.3280575 0.3226020 0.3779086 0.2727578 0.1276179 0.3030667 0.3500024 0.2582551 0.1235996 
n244_245   0.3487610 0.3544568 0.3543760 0.3447268 0.3332062 0.3490421 0.3383927 0.3168805 0.3597798 0.3450547 0.0000000 0.3827126 0.3589442 0.3708498 0.4056797 0.3331028 0.3535821 0.3487697 0.3277283 0.3225188 0.3536553 
n278_279   0.3177507 0.3230732 0.3179753 0.3335598 0.0554571 0.3177769 0.0590755 0.3810214 0.3281948 0.3232739 0.3827126 0.0000000 0.3224841 0.0306447 0.3774621 0.0518534 0.2918117 0.3126592 0.3929715 0.0626704 0.2818789 
n200_201   0.1349312 0.1390443 0.1350144 0.3436498 0.2624256 0.1349767 0.2673543 0.3371565 0.1430453 0.3280575 0.3589442 0.3224841 0.0000000 0.3164946 0.1891937 0.2671321 0.3112618 0.1390923 0.3483458 0.2624225 0.3060658 
n277_278   0.3118041 0.3170727 0.3120230 0.3328574 0.0517664 0.3118329 0.0553595 0.3799923 0.3221412 0.3226020 0.3708498 0.0306447 0.3164946 0.0000000 0.3655528 0.0481883 0.2861419 0.3067683 0.3918916 0.0589311 0.2763079 
n236_237   0.1116366 0.1116402 0.1077467 0.3889737 0.3127995 0.1077206 0.3077383 0.3987515 0.1155092 0.3779086 0.4056797 0.3774621 0.1891937 0.3655528 0.0000000 0.3178263 0.3599359 0.1116771 0.4049861 0.3128051 0.3490365 
n280_281   0.2626843 0.2676280 0.2628626 0.2823807 0.0134574 0.2627299 0.0134544 0.3319212 0.2723830 0.2727578 0.3331028 0.0518534 0.2671321 0.0481883 0.3178263 0.0000000 0.2481165 0.2579820 0.3430150 0.0202725 0.2387605 
n285_286   0.2717644 0.2867849 0.2719498 0.1314962 0.2387910 0.2865281 0.2576573 0.3479864 0.2916591 0.1276179 0.3535821 0.2918117 0.3112618 0.2861419 0.3599359 0.2481165 0.0000000 0.2816311 0.3589753 0.2341208 0.0066867 
n275_276   0.0271487 0.0066989 0.0236977 0.3183813 0.2580454 0.0100704 0.2581946 0.3270434 0.0100689 0.3030667 0.3487697 0.3126592 0.1390923 0.3067683 0.1116771 0.2579820 0.2816311 0.0000000 0.3380697 0.2580418 0.2718400 
n255_256   0.3377308 0.3488390 0.3379725 0.3555193 0.3486144 0.3433587 0.3539062 0.0202459 0.3436055 0.3500024 0.3277283 0.3929715 0.3483458 0.3918916 0.4049861 0.3430150 0.3589753 0.3380697 0.0000000 0.3429733 0.3481141 
n292_293   0.2579952 0.2629104 0.2581698 0.2676972 0.0066965 0.2580418 0.0271669 0.3318779 0.2676387 0.2582551 0.3225188 0.0626704 0.2624225 0.0589311 0.3128051 0.0202725 0.2341208 0.2580418 0.3429733 0.0000000 0.2249415 
n286_287   0.2621025 0.2769187 0.2622802 0.1315051 0.2295518 0.2766723 0.2481762 0.3372900 0.2817296 0.1235996 0.3536553 0.2818789 0.3060658 0.2763079 0.3490365 0.2387605 0.0066867 0.2718400 0.3481141 0.2249415 0.0000000 
