24
n289_290   0.0000000 0.0447022 0.0134605 0.2375355 0.2602975 0.0341397 0.0033433 0.2416141 0.3439935 0.0411682 0.2422327 0.2461757 0.2748188 0.2464280 0.1427142 0.2555844 0.0411683 0.0883901 0.2508588 0.2466530 0.0411682 0.3442398 0.2417885 0.2238592 
n294_295   0.0447022 0.0000000 0.0518110 0.2610292 0.2649676 0.0100730 0.0482598 0.2461727 0.3766650 0.0033430 0.2658868 0.2507601 0.2993158 0.2555838 0.1427074 0.2602258 0.0168684 0.0997867 0.2554713 0.2701129 0.0100727 0.3712866 0.2463508 0.2466160 
n295_296   0.0134605 0.0518110 0.0000000 0.2421866 0.2697251 0.0411492 0.0134679 0.2508102 0.3548962 0.0482442 0.2469157 0.2554254 0.2795334 0.2556888 0.1507863 0.2649525 0.0482444 0.0959115 0.2601668 0.2559239 0.0482442 0.3551518 0.2509922 0.2328555 
n266_267   0.2375355 0.2610292 0.2421866 0.0000000 0.2755559 0.2515703 0.2421680 0.2564392 0.3560480 0.2563154 0.0202653 0.2611020 0.2949362 0.2517067 0.2744282 0.2516451 0.2610514 0.2748935 0.2658940 0.1112620 0.2563154 0.3453077 0.2518043 0.0997246 
n299_300   0.2602975 0.2649676 0.2697251 0.2755559 0.0000000 0.2508076 0.2650691 0.0202792 0.3340468 0.2602411 0.2852995 0.0100748 0.2793730 0.0698262 0.2645145 0.0625132 0.2602548 0.2837142 0.0271638 0.2756547 0.2602411 0.3342844 0.0168612 0.2612490 
n298_299   0.0341397 0.0100730 0.0411492 0.2515703 0.2508076 0.0000000 0.0376453 0.2323654 0.3602537 0.0067004 0.2563628 0.2368709 0.2894436 0.2415980 0.1306803 0.2461565 0.0067004 0.0884173 0.2414933 0.2558389 0.0067004 0.3549901 0.2325324 0.2327814 
n290_291   0.0033433 0.0482598 0.0134679 0.2421680 0.2650691 0.0376453 0.0000000 0.2462647 0.3493324 0.0447086 0.2468968 0.2508544 0.2749900 0.2511122 0.1467765 0.2603249 0.0447087 0.0921639 0.2555680 0.2513422 0.0447086 0.3495832 0.2464428 0.2284047 
n274_275   0.2416141 0.2461727 0.2508102 0.2564392 0.0202792 0.2323654 0.2462647 0.0000000 0.3137694 0.2415636 0.2659337 0.0100673 0.2602034 0.0589376 0.2457539 0.0517334 0.2415750 0.2693369 0.0134555 0.2565313 0.2415636 0.3139919 0.0100673 0.2424910 
n251_252   0.3439935 0.3766650 0.3548962 0.3560480 0.3340468 0.3602537 0.3493324 0.3137694 0.0000000 0.3711863 0.3724620 0.3237271 0.2600780 0.3084753 0.3703945 0.3135954 0.3712205 0.3705669 0.3289199 0.3670033 0.3711863 0.0411102 0.3237377 0.3562904 
n293_294   0.0411682 0.0033430 0.0482442 0.2563154 0.2602411 0.0067004 0.0447086 0.2415636 0.3711863 0.0000000 0.2611409 0.2461238 0.2943608 0.2509153 0.1386893 0.2555295 0.0134645 0.0959862 0.2508054 0.2653483 0.0067002 0.3658464 0.2417380 0.2419977 
n265_266   0.2422327 0.2658868 0.2469157 0.0202653 0.2852995 0.2563628 0.2468968 0.2659337 0.3724620 0.2611409 0.0000000 0.2706542 0.3000657 0.2707459 0.2793654 0.2706781 0.2659096 0.2846096 0.2755088 0.1269309 0.2611409 0.3614780 0.2612412 0.1151461 
n300_301   0.2461757 0.2507601 0.2554254 0.2611020 0.0100748 0.2368709 0.2508544 0.0100673 0.3237271 0.2461238 0.2706542 0.0000000 0.2697591 0.0625432 0.2503332 0.0553039 0.2461357 0.2740586 0.0168546 0.2611957 0.2461238 0.3239565 0.0066965 0.2470706 
n244_245   0.2748188 0.2993158 0.2795334 0.2949362 0.2793730 0.2894436 0.2749900 0.2602034 0.2600780 0.2943608 0.3000657 0.2697591 0.0000000 0.2791367 0.2987277 0.2840598 0.2994225 0.3139237 0.2745948 0.3101518 0.2895607 0.2602584 0.2603819 0.2999026 
n278_279   0.2464280 0.2555838 0.2556888 0.2517067 0.0698262 0.2415980 0.2511122 0.0589376 0.3084753 0.2509153 0.2707459 0.0625432 0.2791367 0.0000000 0.2504170 0.0134533 0.2509278 0.2741512 0.0661883 0.2519718 0.2509153 0.3089270 0.0625448 0.2380114 
n200_201   0.1427142 0.1427074 0.1507863 0.2744282 0.2645145 0.1306803 0.1467765 0.2457539 0.3703945 0.1386893 0.2793654 0.2503332 0.2987277 0.2504170 0.0000000 0.2503560 0.1386922 0.1668456 0.2550357 0.2554960 0.1386893 0.3653071 0.2459303 0.2599928 
n277_278   0.2555844 0.2602258 0.2649525 0.2516451 0.0625132 0.2461565 0.2603249 0.0517334 0.3135954 0.2555295 0.2706781 0.0553039 0.2840598 0.0134533 0.2503560 0.0000000 0.2555426 0.2695487 0.0589110 0.2563685 0.2555295 0.3140559 0.0553053 0.2423397 
n297_298   0.0411683 0.0168684 0.0482444 0.2610514 0.2602548 0.0067004 0.0447087 0.2415750 0.3712205 0.0134645 0.2659096 0.2461357 0.2994225 0.2509278 0.1386922 0.2555426 0.0000000 0.0884293 0.2508179 0.2653627 0.0134645 0.3658792 0.2417494 0.2420092 
n236_237   0.0883901 0.0997867 0.0959115 0.2748935 0.2837142 0.0884173 0.0921639 0.2693369 0.3705669 0.0959862 0.2846096 0.2740586 0.3139237 0.2741512 0.1668456 0.2695487 0.0884293 0.0000000 0.2789155 0.2790372 0.0959862 0.3708352 0.2695333 0.2553137 
n280_281   0.2508588 0.2554713 0.2601668 0.2658940 0.0271638 0.2414933 0.2555680 0.0134555 0.3289199 0.2508054 0.2755088 0.0168546 0.2745948 0.0661883 0.2550357 0.0589110 0.2508179 0.2789155 0.0000000 0.2659894 0.2508054 0.3291536 0.0168546 0.2517723 
n285_286   0.2466530 0.2701129 0.2559239 0.1112620 0.2756547 0.2558389 0.2513422 0.2565313 0.3670033 0.2653483 0.1269309 0.2611957 0.3101518 0.2519718 0.2554960 0.2563685 0.2653627 0.2790372 0.2659894 0.0000000 0.2653483 0.3561011 0.2612038 0.0202715 
n275_276   0.0411682 0.0100727 0.0482442 0.2563154 0.2602411 0.0067004 0.0447086 0.2415636 0.3711863 0.0067002 0.2611409 0.2461238 0.2895607 0.2509153 0.1386893 0.2555295 0.0134645 0.0959862 0.2508054 0.2653483 0.0000000 0.3658464 0.2417380 0.2419977 
n255_256   0.3442398 0.3712866 0.3551518 0.3453077 0.3342844 0.3549901 0.3495832 0.3139919 0.0411102 0.3658464 0.3614780 0.3239565 0.2602584 0.3089270 0.3653071 0.3140559 0.3658792 0.3708352 0.3291536 0.3561011 0.3658464 0.0000000 0.3239671 0.3455439 
n292_293   0.2417885 0.2463508 0.2509922 0.2518043 0.0168612 0.2325324 0.2464428 0.0100673 0.3237377 0.2417380 0.2612412 0.0066965 0.2603819 0.0625448 0.2459303 0.0553053 0.2417494 0.2695333 0.0168546 0.2612038 0.2417380 0.3239671 0.0000000 0.2470781 
n286_287   0.2238592 0.2466160 0.2328555 0.0997246 0.2612490 0.2327814 0.2284047 0.2424910 0.3562904 0.2419977 0.1151461 0.2470706 0.2999026 0.2380114 0.2599928 0.2423397 0.2420092 0.2553137 0.2517723 0.0202715 0.2419977 0.3455439 0.2470781 0.0000000 
