26
n277_278   0.0000000 1.4642539 2.3601881 1.4525585 2.4263455 0.4329960 2.4303426 1.9608834 0.1239042 0.5040645 1.7294228 2.0010932 2.4047605 1.8467675 1.8767319 0.4376739 0.4706692 2.5014614 2.4076988 1.9178979 2.1054700 1.6710299 2.0606173 3.7500382 1.8373398 0.5043476 
n286_287   1.4642539 0.0000000 1.9386900 0.0741095 1.9823451 1.4973272 3.0809693 1.8403627 1.4937125 1.4938159 1.9058715 2.1069488 2.0699218 1.9932632 1.4754282 1.4790110 1.6403757 2.1120847 2.1800705 2.0773762 1.1195131 0.9378700 2.1405497 2.6810152 2.0234169 1.5620075 
n296_297   2.3601881 1.9386900 0.0000000 1.8922506 0.1572905 3.2037201 2.2382707 0.2686188 2.8079390 4.5661769 0.7090676 0.2481673 0.1281153 0.3004693 0.9331188 4.2324928 5.1198775 0.0412996 0.1407506 3.1311275 2.3547414 2.0900251 0.2932011 2.3006936 0.3056209 4.0884710 
n285_286   1.4525585 0.0741095 1.8922506 0.0000000 1.9367765 1.5122296 2.7658710 1.7898728 1.4600741 1.4633233 2.0439245 2.1463758 2.0637555 1.9955521 1.5321811 1.4760128 1.6017440 2.0589472 2.1751813 2.0045102 1.1477885 1.0006966 2.1794516 2.5789868 1.9476826 1.5586702 
n289_290   2.4263455 1.9823451 0.1572905 1.9367765 0.0000000 3.3479159 2.1747017 0.2885140 2.9222523 4.6341970 0.7253223 0.2629233 0.0628950 0.3160378 0.9896452 4.2596021 5.3598214 0.1529501 0.0741509 4.6771160 2.3082220 2.0104880 0.2937205 2.1587792 0.3267462 4.1652685 
n274_275   0.4329960 1.4973272 3.2037201 1.5122296 3.3479159 0.0000000 2.4403160 2.4082837 0.4191123 0.1370742 2.1503589 2.5227339 3.2377709 2.3841988 2.0759165 0.1007535 0.1166677 4.0387756 3.6353850 1.7192844 1.9500852 1.9488721 2.8157084 2.8157540 2.4119254 0.1410615 
n255_256   2.4303426 3.0809693 2.2382707 2.7658710 2.1747017 2.4403160 0.0000000 2.1650113 2.9177251 2.1781601 2.2519048 2.2570541 2.0449035 2.4531780 2.1374820 2.1824154 2.6094647 2.4336106 2.0518785 1.6716140 2.2941796 2.2847001 2.1112714 0.3138437 2.2427643 2.3351788 
n275_276   1.9608834 1.8403627 0.2686188 1.7898728 0.2885140 2.4082837 2.1650113 0.0000000 2.1876861 2.4212059 0.6493397 0.1051182 0.2574671 0.1251393 0.8656142 2.3387484 2.6370658 0.2637526 0.2681901 3.7688473 2.1547444 2.0247151 0.1293417 2.2812085 0.1373830 2.4161364 
n278_279   0.1239042 1.4937125 2.8079390 1.4600741 2.9222523 0.4191123 2.9177251 2.1876861 0.0000000 0.4830068 1.9665816 2.3048524 2.8880552 2.0441980 2.0856286 0.4296869 0.4496815 3.2011815 2.8902779 2.0618654 2.2473001 1.7887495 2.3876061 4.2189300 2.0337595 0.4688273 
n299_300   0.5040645 1.4938159 4.5661769 1.4633233 4.6341970 0.1370742 2.1781601 2.4212059 0.4830068 0.0000000 2.5176076 2.6170354 3.9062149 2.6307072 1.8478047 0.0412854 0.1164276 5.1312659 3.9769145 1.8165059 1.7883043 1.7542328 3.0945496 2.6947934 2.6629011 0.0447836 
n236_237   1.7294228 1.9058715 0.7090676 2.0439245 0.7253223 2.1503589 2.2519048 0.6493397 1.9665816 2.5176076 0.0000000 0.6443200 0.7035072 0.6321258 0.9739733 2.5246230 2.6379502 0.7168608 0.7351498 3.2525592 2.2741384 2.5548133 0.6520135 2.6518552 0.6400066 2.6780275 
n293_294   2.0010932 2.1069488 0.2481673 2.1463758 0.2629233 2.5227339 2.2570541 0.1051182 2.3048524 2.6170354 0.6443200 0.0000000 0.2427901 0.1501407 0.8409921 2.4473570 2.6883717 0.2528980 0.2676937 3.1656554 2.3351594 2.1732351 0.0631058 2.3698739 0.1628677 2.6219848 
n290_291   2.4047605 2.0699218 0.1281153 2.0637555 0.0628950 3.2377709 2.0449035 0.2574671 2.8880552 3.9062149 0.7035072 0.2427901 0.0000000 0.2884759 0.8979555 3.6616242 3.8977194 0.1200418 0.0520289 6.2202462 2.3084352 2.1523099 0.2823557 2.0557886 0.2883263 3.6108382 
n297_298   1.8467675 1.9932632 0.3004693 1.9955521 0.3160378 2.3841988 2.4531780 0.1251393 2.0441980 2.6307072 0.6321258 0.1501407 0.2884759 0.0000000 0.8916063 2.5214170 2.6950944 0.3107295 0.3000157 3.4737857 2.1235699 1.9201503 0.1720413 2.5592303 0.0274853 2.5650586 
n200_201   1.8767319 1.4754282 0.9331188 1.5321811 0.9896452 2.0759165 2.1374820 0.8656142 2.0856286 1.8478047 0.9739733 0.8409921 0.8979555 0.8916063 0.0000000 1.9384941 2.1698533 0.9226747 0.8901171 2.3738496 2.1021062 1.7325899 0.8967210 2.3678172 0.8787602 1.9208623 
n292_293   0.4376739 1.4790110 4.2324928 1.4760128 4.2596021 0.1007535 2.1824154 2.3387484 0.4296869 0.0412854 2.5246230 2.4473570 3.6616242 2.5214170 1.9384941 0.0000000 0.0852213 5.1640314 3.9303801 1.7179656 1.8356971 1.7381833 2.8134391 2.6304153 2.5517384 0.0483524 
n280_281   0.4706692 1.6403757 5.1198775 1.6017440 5.3598214 0.1166677 2.6094647 2.6370658 0.4496815 0.1164276 2.6379502 2.6883717 3.8977194 2.6950944 2.1698533 0.0852213 0.0000000 8.9999983 4.7608752 1.8366248 2.2223353 1.9045202 3.2733445 2.9345313 2.5501899 0.1242322 
n295_296   2.5014614 2.1120847 0.0412996 2.0589472 0.1529501 4.0387756 2.4336106 0.2637526 3.2011815 5.1312659 0.7168608 0.2528980 0.1200418 0.3107295 0.9226747 5.1640314 8.9999983 0.0000000 0.1365549 3.6234498 2.4594026 2.1226288 0.2982353 2.4341523 0.3159496 4.8517154 
n287_288   2.4076988 2.1800705 0.1407506 2.1751813 0.0741509 3.6353850 2.0518785 0.2681901 2.8902779 3.9769145 0.7351498 0.2676937 0.0520289 0.3000157 0.8901171 3.9303801 4.7608752 0.1365549 0.0000000 5.9587561 2.3194471 2.0682833 0.2935759 2.0536937 0.3104790 3.6681353 
n244_245   1.9178979 2.0773762 3.1311275 2.0045102 4.6771160 1.7192844 1.6716140 3.7688473 2.0618654 1.8165059 3.2525592 3.1656554 6.2202462 3.4737857 2.3738496 1.7179656 1.8366248 3.6234498 5.9587561 0.0000000 2.9443259 2.2310994 3.2371061 1.3981273 3.4162276 1.7457828 
n265_266   2.1054700 1.1195131 2.3547414 1.1477885 2.3082220 1.9500852 2.2941796 2.1547444 2.2473001 1.7883043 2.2741384 2.3351594 2.3084352 2.1235699 2.1021062 1.8356971 2.2223353 2.4594026 2.3194471 2.9443259 0.0000000 0.1369362 2.2852464 3.8063382 2.1273148 1.8611400 
n266_267   1.6710299 0.9378700 2.0900251 1.0006966 2.0104880 1.9488721 2.2847001 2.0247151 1.7887495 1.7542328 2.5548133 2.1732351 2.1523099 1.9201503 1.7325899 1.7381833 1.9045202 2.1226288 2.0682833 2.2310994 0.1369362 0.0000000 2.2649107 2.8080910 1.8394939 1.7926757 
n294_295   2.0606173 2.1405497 0.2932011 2.1794516 0.2937205 2.8157084 2.1112714 0.1293417 2.3876061 3.0945496 0.6520135 0.0631058 0.2823557 0.1720413 0.8967210 2.8134391 3.2733445 0.2982353 0.2935759 3.2371061 2.2852464 2.2649107 0.0000000 2.1964436 0.1851538 3.1009349 
n251_252   3.7500382 2.6810152 2.3006936 2.5789868 2.1587792 2.8157540 0.3138437 2.2812085 4.2189300 2.6947934 2.6518552 2.3698739 2.0557886 2.5592303 2.3678172 2.6304153 2.9345313 2.4341523 2.0536937 1.3981273 3.8063382 2.8080910 2.1964436 0.0000000 2.5222181 2.6512849 
n298_299   1.8373398 2.0234169 0.3056209 1.9476826 0.3267462 2.4119254 2.2427643 0.1373830 2.0337595 2.6629011 0.6400066 0.1628677 0.2883263 0.0274853 0.8787602 2.5517384 2.5501899 0.3159496 0.3104790 3.4162276 2.1273148 1.8394939 0.1851538 2.5222181 0.0000000 2.6910636 
n300_301   0.5043476 1.5620075 4.0884710 1.5586702 4.1652685 0.1410615 2.3351788 2.4161364 0.4688273 0.0447836 2.6780275 2.6219848 3.6108382 2.5650586 1.9208623 0.0483524 0.1242322 4.8517154 3.6681353 1.7457828 1.8611400 1.7926757 3.1009349 2.6512849 2.6910636 0.0000000 
