23
n298_299   0.0000000 0.3326885 0.1665845 0.2948472 0.0238075 0.3715367 0.3271675 0.0134641 0.0237754 0.0203395 0.0066946 0.3251669 0.0203291 0.4488698 0.3381926 0.1011083 0.4433429 0.3056427 0.0100739 0.3326792 0.3426951 0.3786260 0.3305716 
n280_281   0.3326885 0.0000000 0.3891829 0.2889396 0.3386497 0.3361450 0.0033439 0.3325249 0.3616033 0.3328339 0.3217636 0.0778869 0.3271538 0.4459795 0.0169144 0.3439361 0.4394414 0.2891234 0.3385899 0.0067051 0.3085329 0.4079603 0.0779467 
n200_201   0.1665845 0.3891829 0.0000000 0.3437636 0.1669728 0.4138957 0.3832091 0.1753705 0.1844145 0.1625516 0.1666151 0.3879745 0.1624575 0.4616400 0.3830721 0.1663864 0.4488782 0.3388307 0.1667553 0.3773346 0.3887206 0.4088218 0.3938792 
n286_287   0.2948472 0.2889396 0.3437636 0.0000000 0.2952395 0.1449365 0.2837672 0.2894611 0.3221180 0.2898060 0.2948861 0.2878649 0.2844912 0.4466198 0.2941069 0.3217328 0.4271901 0.0100739 0.3003970 0.2889228 0.1283232 0.3792213 0.2875185 
n287_288   0.0238075 0.3386497 0.1669728 0.2952395 0.0000000 0.3662860 0.3330763 0.0307925 0.0414367 0.0033443 0.0238128 0.3310270 0.0100890 0.4560777 0.3442043 0.1052495 0.4505009 0.3060524 0.0273031 0.3386417 0.3376317 0.3854657 0.3364826 
n266_267   0.3715367 0.3361450 0.4138957 0.1449365 0.3662860 0.0000000 0.3306249 0.3654925 0.4021505 0.3659433 0.3715713 0.3185895 0.3599816 0.4897802 0.3364684 0.3894312 0.4896120 0.1450237 0.3778022 0.3361365 0.0307078 0.4261980 0.3239273 
n292_293   0.3271675 0.0033439 0.3832091 0.2837672 0.3330763 0.3306249 0.0000000 0.3270078 0.3558413 0.3273100 0.3163284 0.0741248 0.3216773 0.4525991 0.0134936 0.3383238 0.4330324 0.2839474 0.3330173 0.0033432 0.3032343 0.4018240 0.0741815 
n293_294   0.0134641 0.3325249 0.1753705 0.2894611 0.0307925 0.3654925 0.3270078 0.0000000 0.0307498 0.0272798 0.0134672 0.3250095 0.0272658 0.4550176 0.3380251 0.1090324 0.4494573 0.3001618 0.0100771 0.3325156 0.3369122 0.3843088 0.3304103 
n275_276   0.0237754 0.3616033 0.1844145 0.3221180 0.0414367 0.4021505 0.3558413 0.0307498 0.0000000 0.0378562 0.0237807 0.3536077 0.0378364 0.4835210 0.3673388 0.1211466 0.4777669 0.3279194 0.0272662 0.3616008 0.3719770 0.4096744 0.3592418 
n289_290   0.0203395 0.3328339 0.1625516 0.2898060 0.0033443 0.3659433 0.3273100 0.0272798 0.0378562 0.0000000 0.0203441 0.3253076 0.0067042 0.4562325 0.3383407 0.1012551 0.4506536 0.3005225 0.0238115 0.3328246 0.3373220 0.3792071 0.3307150 
n297_298   0.0066946 0.3217636 0.1666151 0.2948861 0.0238128 0.3715713 0.3163284 0.0134672 0.0237807 0.0203441 0.0000000 0.3144124 0.0203337 0.4554269 0.3271849 0.0933531 0.4498608 0.3056814 0.0100762 0.3217520 0.3427322 0.3845454 0.3197353 
n278_279   0.3251669 0.0778869 0.3879745 0.2878649 0.3310270 0.3185895 0.0741248 0.3250095 0.3536077 0.3253076 0.3144124 0.0000000 0.3197200 0.5118331 0.0779591 0.3422307 0.5052507 0.2880474 0.3309686 0.0778735 0.2917611 0.4446460 0.0168675 
n295_296   0.0203291 0.3271538 0.1624575 0.2844912 0.0100890 0.3599816 0.3216773 0.0272658 0.0378364 0.0067042 0.0203337 0.3197200 0.0000000 0.4493510 0.3326150 0.1011995 0.4438178 0.2951148 0.0237994 0.3271434 0.3316175 0.3790178 0.3250823 
n251_252   0.4488698 0.4459795 0.4616400 0.4466198 0.4560777 0.4897802 0.4525991 0.4550176 0.4835210 0.4562325 0.4554269 0.5118331 0.4493510 0.0000000 0.4657009 0.4684471 0.0521031 0.4529082 0.4558888 0.4592182 0.4625733 0.2943559 0.5188283 
n274_275   0.3381926 0.0169144 0.3830721 0.2941069 0.3442043 0.3364684 0.0134936 0.3380251 0.3673388 0.3383407 0.3271849 0.0779591 0.3326150 0.4657009 0.0000000 0.3495280 0.4457914 0.2942944 0.3441438 0.0169111 0.3088278 0.4140521 0.0780190 
n236_237   0.1011083 0.3439361 0.1663864 0.3217328 0.1052495 0.3894312 0.3383238 0.1090324 0.1211466 0.1012551 0.0933531 0.3422307 0.1011995 0.4684471 0.3495280 0.0000000 0.4695670 0.3274252 0.1051165 0.3439293 0.3598355 0.3972694 0.3477748 
n255_256   0.4433429 0.4394414 0.4488782 0.4271901 0.4505009 0.4896120 0.4330324 0.4494573 0.4777669 0.4506536 0.4498608 0.5052507 0.4438178 0.0521031 0.4457914 0.4695670 0.0000000 0.4333177 0.4503145 0.4394660 0.4552874 0.2842681 0.5121897 
n285_286   0.3056427 0.2891234 0.3388307 0.0100739 0.3060524 0.1450237 0.2839474 0.3001618 0.3279194 0.3005225 0.3056814 0.2880474 0.2951148 0.4529082 0.2942944 0.3274252 0.4333177 0.0000000 0.3112940 0.2891066 0.1283998 0.3681920 0.2877006 
n294_295   0.0100739 0.3385899 0.1667553 0.3003970 0.0273031 0.3778022 0.3330173 0.0100771 0.0272662 0.0238115 0.0100762 0.3309686 0.0237994 0.4558888 0.3441438 0.1051165 0.4503145 0.3112940 0.0000000 0.3385819 0.3486760 0.3909258 0.3364234 
n300_301   0.3326792 0.0067051 0.3773346 0.2889228 0.3386417 0.3361365 0.0033432 0.3325156 0.3616008 0.3328246 0.3217520 0.0778735 0.3271434 0.4592182 0.0169111 0.3439293 0.4394660 0.2891066 0.3385819 0.0000000 0.3085191 0.4079724 0.0779333 
n265_266   0.3426951 0.3085329 0.3887206 0.1283232 0.3376317 0.0307078 0.3032343 0.3369122 0.3719770 0.3373220 0.3427322 0.2917611 0.3316175 0.4625733 0.3088278 0.3598355 0.4552874 0.1283998 0.3486760 0.3085191 0.0000000 0.3946160 0.2968924 
n244_245   0.3786260 0.4079603 0.4088218 0.3792213 0.3854657 0.4261980 0.4018240 0.3843088 0.4096744 0.3792071 0.3845454 0.4446460 0.3790178 0.2943559 0.4140521 0.3972694 0.2842681 0.3681920 0.3909258 0.4079724 0.3946160 0.0000000 0.4510394 
n277_278   0.3305716 0.0779467 0.3938792 0.2875185 0.3364826 0.3239273 0.0741815 0.3304103 0.3592418 0.3307150 0.3197353 0.0168675 0.3250823 0.5188283 0.0780190 0.3477748 0.5121897 0.2877006 0.3364234 0.0779333 0.2968924 0.4510394 0.0000000 
