25
n289_290   0.0000000 0.0521258 0.0202891 0.3475452 0.2583062 0.0485147 0.0066985 0.2629412 0.4183857 0.0521418 0.3473764 0.0202976 0.2685688 0.4108864 0.2985651 0.1704486 0.2829463 0.0520978 0.1048106 0.2583674 0.3473591 0.0485551 0.4202411 0.2633333 0.3586835 
n294_295   0.0521258 0.0000000 0.0520686 0.3368763 0.2587974 0.0238303 0.0449070 0.2634417 0.4138564 0.0067189 0.3423038 0.0520909 0.2690822 0.4057017 0.2991415 0.1708173 0.2834892 0.0272944 0.0970890 0.2538422 0.3479936 0.0238496 0.4277124 0.2638353 0.3593411 
n295_296   0.0202891 0.0520686 0.0000000 0.3584696 0.2631136 0.0484617 0.0134487 0.2677750 0.4243823 0.0520846 0.3528151 0.0033368 0.2734502 0.4290593 0.3036459 0.1746983 0.2879166 0.0520407 0.1046904 0.2631763 0.3474520 0.0485020 0.4262702 0.2681761 0.3587826 
n266_267   0.3475452 0.3368763 0.3584696 0.0000000 0.2385404 0.3201788 0.3474293 0.2243847 0.4310983 0.3369908 0.0203034 0.3586509 0.2484754 0.3946252 0.2480154 0.3410978 0.2429858 0.3254219 0.3302296 0.2293330 0.1701688 0.3206836 0.4134423 0.2434109 0.1876920 
n299_300   0.2583062 0.2587974 0.2631136 0.2385404 0.0000000 0.2489670 0.2534438 0.0237573 0.3599550 0.2588834 0.2430288 0.2632397 0.0067071 0.3946705 0.0556608 0.2579217 0.0520013 0.2537187 0.2383871 0.0134750 0.2578516 0.2344148 0.3555096 0.0033420 0.2677782 
n298_299   0.0485147 0.0238303 0.0484617 0.3201788 0.2489670 0.0000000 0.0413377 0.2535538 0.4138824 0.0238374 0.3254756 0.0484823 0.2590932 0.4183819 0.2786009 0.1664906 0.2634090 0.0033512 0.0855863 0.2490255 0.3368227 0.0203871 0.4277419 0.2539290 0.3479894 
n290_291   0.0066985 0.0449070 0.0134487 0.3474293 0.2534438 0.0413377 0.0000000 0.2580512 0.4122931 0.0449207 0.3418593 0.0134543 0.2636298 0.4169372 0.2934186 0.1661680 0.2779147 0.0448830 0.0969677 0.2535036 0.3418481 0.0413720 0.4141153 0.2584343 0.3530850 
n274_275   0.2629412 0.2634417 0.2677750 0.2243847 0.0237573 0.2535538 0.2580512 0.0000000 0.3711591 0.2635292 0.2287955 0.2679035 0.0307401 0.4001465 0.0484439 0.2429187 0.0448281 0.2583315 0.2381972 0.0168974 0.2433081 0.2389156 0.3610526 0.0272288 0.2530268 
n251_252   0.4183857 0.4138564 0.4243823 0.4310983 0.3599550 0.4138824 0.4122931 0.3711591 0.0000000 0.4140001 0.4442997 0.4246054 0.3719999 0.3029315 0.3824361 0.4185095 0.3762131 0.4135122 0.4127229 0.3657782 0.4451539 0.4145186 0.0555910 0.3658379 0.4518657 
n293_294   0.0521418 0.0067189 0.0520846 0.3369908 0.2588834 0.0238374 0.0449207 0.2635292 0.4140001 0.0000000 0.3315188 0.0521068 0.2691719 0.4058417 0.2992420 0.1708722 0.2835840 0.0273026 0.0971193 0.2539263 0.3481121 0.0238577 0.4278616 0.2639231 0.3594638 
n265_266   0.3473764 0.3423038 0.3528151 0.0203034 0.2430288 0.3254756 0.3418593 0.2287955 0.4442997 0.3315188 0.0000000 0.3529930 0.2530245 0.4130451 0.2525573 0.3465441 0.2474961 0.3307565 0.3355916 0.2337749 0.1744333 0.3259904 0.4263185 0.2479282 0.1920657 
n296_297   0.0202976 0.0520909 0.0033368 0.3586509 0.2632397 0.0484823 0.0134543 0.2679035 0.4246054 0.0521068 0.3529930 0.0000000 0.2735821 0.4292846 0.3037946 0.1747779 0.2880563 0.0520629 0.1047364 0.2633023 0.3476266 0.0485227 0.4264952 0.2683050 0.3589640 
n300_301   0.2685688 0.2690822 0.2734502 0.2484754 0.0067071 0.2590932 0.2636298 0.0307401 0.3719999 0.2691719 0.2530245 0.2735821 0.0000000 0.3947223 0.0593286 0.2681691 0.0593236 0.2639175 0.2483122 0.0203401 0.2680861 0.2443048 0.3675004 0.0100888 0.2781732 
n244_245   0.4108864 0.4057017 0.4290593 0.3946252 0.3946705 0.4183819 0.4169372 0.4001465 0.3029315 0.4058417 0.4130451 0.4292846 0.3947223 0.0000000 0.3991247 0.4299448 0.3991181 0.4243824 0.4171614 0.3884427 0.4439330 0.4190844 0.2883916 0.3887913 0.4569391 
n278_279   0.2985651 0.2991415 0.3036459 0.2480154 0.0556608 0.2786009 0.2934186 0.0484439 0.3824361 0.2992420 0.2525573 0.3037946 0.0593286 0.3991247 0.0000000 0.2927767 0.0168489 0.2835521 0.2676356 0.0484880 0.2778603 0.2732927 0.3659280 0.0593156 0.2880903 
n200_201   0.1704486 0.1708173 0.1746983 0.3410978 0.2579217 0.1664906 0.1661680 0.2429187 0.4185095 0.1708722 0.3465441 0.1747779 0.2681691 0.4299448 0.2927767 0.0000000 0.2827161 0.1707225 0.1368542 0.2531710 0.3249051 0.1666403 0.4324363 0.2629414 0.3358619 
n277_278   0.2829463 0.2834892 0.2879166 0.2429858 0.0520013 0.2634090 0.2779147 0.0448281 0.3762131 0.2835840 0.2474961 0.2880563 0.0593236 0.3991181 0.0168489 0.2827161 0.0000000 0.2682545 0.2527273 0.0448696 0.2725868 0.2582327 0.3598513 0.0556324 0.2827309 
n297_298   0.0520978 0.0272944 0.0520407 0.3254219 0.2537187 0.0033512 0.0448830 0.2583315 0.4135122 0.0273026 0.3307565 0.0520629 0.2639175 0.4243824 0.2835521 0.1707225 0.2682545 0.0000000 0.0893640 0.2537787 0.3312803 0.0238370 0.4338554 0.2587154 0.3423580 
n236_237   0.1048106 0.0970890 0.1046904 0.3302296 0.2383871 0.0855863 0.0969677 0.2381972 0.4127229 0.0971193 0.3355916 0.1047364 0.2483122 0.4171614 0.2676356 0.1368542 0.2527273 0.0893640 0.0000000 0.2337652 0.3251901 0.0932989 0.4202430 0.2432528 0.3361515 
n280_281   0.2583674 0.2538422 0.2631763 0.2293330 0.0134750 0.2490255 0.2535036 0.0168974 0.3657782 0.2539263 0.2337749 0.2633023 0.0203401 0.3884427 0.0484880 0.2531710 0.0448696 0.2537787 0.2337652 0.0000000 0.2484094 0.2344692 0.3613075 0.0168913 0.2582099 
n285_286   0.3473591 0.3479936 0.3474520 0.1701688 0.2578516 0.3368227 0.3418481 0.2433081 0.4451539 0.3481121 0.1744333 0.3476266 0.2680861 0.4439330 0.2778603 0.3249051 0.2725868 0.3312803 0.3251901 0.2484094 0.0000000 0.3315627 0.4396122 0.2628652 0.0134861 
n275_276   0.0485551 0.0238496 0.0485020 0.3206836 0.2344148 0.0203871 0.0413720 0.2389156 0.4145186 0.0238577 0.3259904 0.0485227 0.2443048 0.4190844 0.2732927 0.1666403 0.2582327 0.0238370 0.0932989 0.2344692 0.3315627 0.0000000 0.4284068 0.2392640 0.3426497 
n255_256   0.4202411 0.4277124 0.4262702 0.4134423 0.3555096 0.4277419 0.4141153 0.3610526 0.0555910 0.4278616 0.4263185 0.4264952 0.3675004 0.2883916 0.3659280 0.4324363 0.3598513 0.4338554 0.4202430 0.3613075 0.4396122 0.4284068 0.0000000 0.3613666 0.4462773 
n292_293   0.2633333 0.2638353 0.2681761 0.2434109 0.0033420 0.2539290 0.2584343 0.0272288 0.3658379 0.2639231 0.2479282 0.2683050 0.0100888 0.3887913 0.0593156 0.2629414 0.0556324 0.2587154 0.2432528 0.0168913 0.2628652 0.2392640 0.3613666 0.0000000 0.2728686 
n286_287   0.3586835 0.3593411 0.3587826 0.1876920 0.2677782 0.3479894 0.3530850 0.2530268 0.4518657 0.3594638 0.1920657 0.3589640 0.2781732 0.4569391 0.2880903 0.3358619 0.2827309 0.3423580 0.3361515 0.2582099 0.0134861 0.3426497 0.4462773 0.2728686 0.0000000 
