26
n277_278   0.0000000 2.0827941 3.0757506 1.9541405 2.5568745 0.5039175 3.4115448 2.5516590 0.1453871 0.5165074 2.1272374 2.3987903 2.4387006 2.4189564 2.0142669 0.5141427 0.4888851 2.9642836 2.4506421 3.2251643 2.2230289 2.2854478 2.4365321 3.2047029 2.3580320 0.4948093 
n286_287   2.0827941 0.0000000 2.5960078 0.0668381 2.1880141 1.7842563 2.6610214 2.5247018 2.3801099 2.0518973 2.0065322 2.1432898 2.7317889 2.2944014 2.1301649 2.1467363 2.0572685 2.6641827 2.4942125 3.5147883 1.3498554 1.1924465 2.2597354 3.4888496 2.2486278 2.0044783 
n296_297   3.0757506 2.5960078 0.0000000 2.4697746 0.0967739 2.6711842 9.0000000 0.2846814 2.9153865 2.7239639 0.6693912 0.3051005 0.1166428 0.3167260 1.0564612 2.9194081 2.5849044 0.0376419 0.1005321 2.9597446 2.7533036 2.2922352 0.2944814 9.0000000 0.3116716 2.8255213 
n285_286   1.9541405 0.0668381 2.4697746 0.0000000 2.1364978 1.7298392 2.4351957 2.4879290 2.1687190 2.0426574 1.9893798 2.1324823 2.5741678 2.2704660 2.0691446 2.0290488 1.9495639 2.5741810 2.2995700 4.3663041 1.2495931 1.0941949 2.2905007 3.0348106 2.2257828 1.9956441 
n289_290   2.5568745 2.1880141 0.0967739 2.1364978 0.0000000 2.4327906 9.0000000 0.2647883 2.3745348 2.4673626 0.6635747 0.2904623 0.0557846 0.2963674 1.0299071 2.5446077 2.3474258 0.0815593 0.0341544 3.0268734 2.6462749 2.3107351 0.2902684 9.0000000 0.2914368 2.5471946 
n274_275   0.5039175 1.7842563 2.6711842 1.7298392 2.4327906 0.0000000 3.4844286 2.2637862 0.5106368 0.1509404 1.9736487 2.5400715 2.5151289 2.3259888 2.1704911 0.1505920 0.1380583 2.4845267 2.4500465 3.4915572 1.7425593 1.6753160 2.4056249 3.3348362 2.2833652 0.1637306 
n255_256   3.4115448 2.6610214 9.0000000 2.4351957 9.0000000 3.4844286 0.0000000 9.0000000 3.3026732 2.9599501 4.9711405 9.0000000 9.0000000 9.0000000 8.9999985 2.6175656 3.6359314 9.0000000 9.0000000 2.1845998 2.6763140 2.4977360 9.0000000 0.2559128 9.0000000 2.9694140 
n275_276   2.5516590 2.5247018 0.2846814 2.4879290 0.2647883 2.2637862 9.0000000 0.0000000 2.5967017 2.6131298 0.6475358 0.1045687 0.3011480 0.1328594 1.1285806 2.7196147 2.4357161 0.2847192 0.2794587 2.9695719 3.2370992 2.6396987 0.0967590 5.8621613 0.1290598 2.7660530 
n278_279   0.1453871 2.3801099 2.9153865 2.1687190 2.3745348 0.5106368 3.3026732 2.5967017 0.0000000 0.5318067 2.2918538 2.6338784 2.3802008 2.3859013 2.2915671 0.5151486 0.4883042 2.8186665 2.3476476 2.7905443 2.4968219 2.8361368 2.6096555 2.8680552 2.2806697 0.5023390 
n299_300   0.5165074 2.0518973 2.7239639 2.0426574 2.4673626 0.1509404 2.9599501 2.6131298 0.5318067 0.0000000 1.9669702 2.9717425 2.4697482 3.3364395 2.1572752 0.0487743 0.0979013 2.5199275 2.5405275 3.8418726 1.9356877 1.8930798 2.8349985 2.9999055 3.1050659 0.0169930 
n236_237   2.1272374 2.0065322 0.6693912 1.9893798 0.6635747 1.9736487 4.9711405 0.6475358 2.2918538 1.9669702 0.0000000 0.6833635 0.7302749 0.6495549 1.2093292 2.0613053 2.0667762 0.7067542 0.6710413 2.6164041 3.3145072 3.5014724 0.6473532 3.0113090 0.6245545 1.9691193 
n293_294   2.3987903 2.1432898 0.3051005 2.1324823 0.2904623 2.5400715 9.0000000 0.1045687 2.6338784 2.9717425 0.6833635 0.0000000 0.3226672 0.1625356 1.1748500 2.9869081 2.5877738 0.3104505 0.3056691 3.2064954 2.9162572 2.5297618 0.0341276 4.3250572 0.1712579 3.0397507 
n290_291   2.4387006 2.7317889 0.1166428 2.5741678 0.0557846 2.5151289 9.0000000 0.3011480 2.3802008 2.4697482 0.7302749 0.3226672 0.0000000 0.3343389 1.1240751 2.5469866 2.3498479 0.1049168 0.0630635 2.6943338 3.5569084 2.7407168 0.3170505 9.0000000 0.3291497 2.5495535 
n297_298   2.4189564 2.2944014 0.3167260 2.2704660 0.2963674 2.3259888 9.0000000 0.1328594 2.3859013 3.3364395 0.6495549 0.1625356 0.3343389 0.0000000 1.1755633 3.5104688 2.6945879 0.3057504 0.3066344 2.8469518 2.6622153 2.2601090 0.1624164 5.3544624 0.0237040 3.3452017 
n200_201   2.0142669 2.1301649 1.0564612 2.0691446 1.0299071 2.1704911 8.9999985 1.1285806 2.2915671 2.1572752 1.2093292 1.1748500 1.1240751 1.1755633 0.0000000 2.1007829 2.2822889 1.0280146 1.0453108 3.6512552 1.8742271 1.9551993 1.1378780 8.9999989 1.1967609 2.2032855 
n292_293   0.5141427 2.1467363 2.9194081 2.0290488 2.5446077 0.1505920 2.6175656 2.7196147 0.5151486 0.0487743 2.0613053 2.9869081 2.5469866 3.5104688 2.1007829 0.0000000 0.1095175 2.7723560 2.6244164 3.5021589 1.9883183 1.7047553 2.8468256 2.9647896 3.4007164 0.0560069 
n280_281   0.4888851 2.0572685 2.5849044 1.9495639 2.3474258 0.1380583 3.6359314 2.4357161 0.4883042 0.0979013 2.0667762 2.5877738 2.3498479 2.6945879 2.2822889 0.1095175 0.0000000 2.3974931 2.4127083 3.8193613 1.8854801 1.7618933 2.4120462 3.8041996 2.6367938 0.1097084 
n295_296   2.9642836 2.6641827 0.0376419 2.5741810 0.0815593 2.4845267 9.0000000 0.2847192 2.8186665 2.5199275 0.7067542 0.3104505 0.1049168 0.3057504 1.0280146 2.7723560 2.3974931 0.0000000 0.0852500 2.8083582 2.8470234 2.3584218 0.2997473 9.0000000 0.2954125 2.6035555 
n287_288   2.4506421 2.4942125 0.1005321 2.2995700 0.0341544 2.4500465 9.0000000 0.2794587 2.3476476 2.5405275 0.6710413 0.3056691 0.0630635 0.3066344 1.0453108 2.6244164 2.4127083 0.0852500 0.0000000 2.9314988 2.6093038 2.2918307 0.3002069 9.0000000 0.3016400 2.6265309 
n244_245   3.2251643 3.5147883 2.9597446 4.3663041 3.0268734 3.4915572 2.1845998 2.9695719 2.7905443 3.8418726 2.6164041 3.2064954 2.6943338 2.8469518 3.6512552 3.5021589 3.8193613 2.8083582 2.9314988 0.0000000 9.0000000 9.0000000 3.0699987 2.5246000 2.7639619 3.7291982 
n265_266   2.2230289 1.3498554 2.7533036 1.2495931 2.6462749 1.7425593 2.6763140 3.2370992 2.4968219 1.9356877 3.3145072 2.9162572 3.5569084 2.6622153 1.8742271 1.9883183 1.8854801 2.8470234 2.6093038 9.0000000 0.0000000 0.1625603 3.1656969 2.6620217 2.5814566 2.0916150 
n266_267   2.2854478 1.1924465 2.2922352 1.0941949 2.3107351 1.6753160 2.4977360 2.6396987 2.8361368 1.8930798 3.5014724 2.5297618 2.7407168 2.2601090 1.9551993 1.7047553 1.7618933 2.3584218 2.2918307 9.0000000 0.1625603 0.0000000 2.7910769 2.3526988 2.3059125 1.9603269 
n294_295   2.4365321 2.2597354 0.2944814 2.2905007 0.2902684 2.4056249 9.0000000 0.0967590 2.6096555 2.8349985 0.6473532 0.0341276 0.3170505 0.1624164 1.1378780 2.8468256 2.4120462 0.2997473 0.3002069 3.0699987 3.1656969 2.7910769 0.0000000 5.9986041 0.1711316 2.8959878 
n251_252   3.2047029 3.4888496 9.0000000 3.0348106 9.0000000 3.3348362 0.2559128 5.8621613 2.8680552 2.9999055 3.0113090 4.3250572 9.0000000 5.3544624 8.9999989 2.9647896 3.8041996 9.0000000 9.0000000 2.5246000 2.6620217 2.3526988 5.9986041 0.0000000 5.0813463 3.0100032 
n298_299   2.3580320 2.2486278 0.3116716 2.2257828 0.2914368 2.2833652 9.0000000 0.1290598 2.2806697 3.1050659 0.6245545 0.1712579 0.3291497 0.0237040 1.1967609 3.4007164 2.6367938 0.2954125 0.3016400 2.7639619 2.5814566 2.3059125 0.1711316 5.0813463 0.0000000 3.2489923 
n300_301   0.4948093 2.0044783 2.8255213 1.9956441 2.5471946 0.1637306 2.9694140 2.7660530 0.5023390 0.0169930 1.9691193 3.0397507 2.5495535 3.3452017 2.2032855 0.0560069 0.1097084 2.6035555 2.6265309 3.7291982 2.0916150 1.9603269 2.8959878 3.0100032 3.2489923 0.0000000 
