22
n289_290   0.0000000 0.0482240 0.0237401 0.3347503 0.3474077 0.0517835 0.0134713 0.3370377 0.4185413 0.3146484 0.4200121 0.3684485 0.0100825 0.1471584 0.3313928 0.0810683 0.3477551 0.2896344 0.0518035 0.4365579 0.3371899 0.2845728 
n294_295   0.0482240 0.0000000 0.0341433 0.3136714 0.3522448 0.0100726 0.0482327 0.3418190 0.4181701 0.2941165 0.4194012 0.3785588 0.0446907 0.1469426 0.3410785 0.0735857 0.3525979 0.2700934 0.0100764 0.4361721 0.3419739 0.2651697 
n295_296   0.0237401 0.0341433 0.0000000 0.3244412 0.3420041 0.0376398 0.0237443 0.3317067 0.4072571 0.3045931 0.4086033 0.3736158 0.0203095 0.1430939 0.3363362 0.0700072 0.3423449 0.2751836 0.0376542 0.4250066 0.3318558 0.2702203 
n266_267   0.3347503 0.3136714 0.3244412 0.0000000 0.2930042 0.3240481 0.3399182 0.2831394 0.4503963 0.0236335 0.3543421 0.3022971 0.3347536 0.3082169 0.2779966 0.2934626 0.2881932 0.1306785 0.3188629 0.4446199 0.2882857 0.1266501 
n299_300   0.3474077 0.3522448 0.3420041 0.2930042 0.0000000 0.3575674 0.3526914 0.0202751 0.4242219 0.2883874 0.3954194 0.0808414 0.3422462 0.2707230 0.0553391 0.3054296 0.0168720 0.2747218 0.3521135 0.4067612 0.0100733 0.2603860 
n298_299   0.0517835 0.0100726 0.0376398 0.3240481 0.3575674 0.0000000 0.0517929 0.3470715 0.4182875 0.3042253 0.4252131 0.3840567 0.0482350 0.1509918 0.3463146 0.0772665 0.3579270 0.2748514 0.0134638 0.4362961 0.3472294 0.2698949 
n290_291   0.0134713 0.0482327 0.0237443 0.3399182 0.3526914 0.0517929 0.0000000 0.3422535 0.4191118 0.3196870 0.4201224 0.3738701 0.0100843 0.1512176 0.3365637 0.0810833 0.3530453 0.2896996 0.0518129 0.4371649 0.3424087 0.2846366 
n274_275   0.3370377 0.3418190 0.3317067 0.2831394 0.0202751 0.3470715 0.3422535 0.0000000 0.4300002 0.2785768 0.3840274 0.0734317 0.3370435 0.2613398 0.0481790 0.2956125 0.0237290 0.2650684 0.3416924 0.4124101 0.0168651 0.2509189 
n251_252   0.4185413 0.4181701 0.4072571 0.4503963 0.4242219 0.4182875 0.4191118 0.4300002 0.0000000 0.4333391 0.3351969 0.4521908 0.4187713 0.4064975 0.4169534 0.3836068 0.4305066 0.4115047 0.4062119 0.0481293 0.4247332 0.4170587 
n265_266   0.3146484 0.2941165 0.3045931 0.0236335 0.2883874 0.3042253 0.3196870 0.2785768 0.4333391 0.0000000 0.3653916 0.3074455 0.3146514 0.2888235 0.2734663 0.2744142 0.2836012 0.1268349 0.2991731 0.4276683 0.2836915 0.1228259 
n244_245   0.4200121 0.4194012 0.4086033 0.3543421 0.3954194 0.4252131 0.4201224 0.3840274 0.3351969 0.3653916 0.0000000 0.3943667 0.4143556 0.3734525 0.3673379 0.3844828 0.3956696 0.3453155 0.4073888 0.3200143 0.3789140 0.3557506 
n278_279   0.3684485 0.3785588 0.3736158 0.3022971 0.0808414 0.3840567 0.3738701 0.0734317 0.4521908 0.3074455 0.3943667 0.0000000 0.3684507 0.2847277 0.0236902 0.3302206 0.0846393 0.2935086 0.3784155 0.4346973 0.0771763 0.2788454 
n287_288   0.0100825 0.0446907 0.0203095 0.3347536 0.3422462 0.0482350 0.0100843 0.3370435 0.4187713 0.3146514 0.4143556 0.3684507 0.0000000 0.1471691 0.3313992 0.0773834 0.3477598 0.2848578 0.0482536 0.4368008 0.3371958 0.2798286 
n200_201   0.1471584 0.1469426 0.1430939 0.3082169 0.2707230 0.1509918 0.1512176 0.2613398 0.4064975 0.2888235 0.3734525 0.2847277 0.1471691 0.0000000 0.2608273 0.1150053 0.2612677 0.2698365 0.1510539 0.4124212 0.2614509 0.2649198 
n277_278   0.3313928 0.3410785 0.3363362 0.2779966 0.0553391 0.3463146 0.3365637 0.0481790 0.4169534 0.2734663 0.3673379 0.0236902 0.3313992 0.2608273 0.0000000 0.2950084 0.0589901 0.2600513 0.3409525 0.4001937 0.0517823 0.2460106 
n236_237   0.0810683 0.0735857 0.0700072 0.2934626 0.3054296 0.0772665 0.0810833 0.2956125 0.3836068 0.2744142 0.3844828 0.3302206 0.0773834 0.1150053 0.2950084 0.0000000 0.3005053 0.2509149 0.0772968 0.4007450 0.2957416 0.2461278 
n280_281   0.3477551 0.3525979 0.3423449 0.2881932 0.0168720 0.3579270 0.3530453 0.0237290 0.4305066 0.2836012 0.3956696 0.0846393 0.3477598 0.2612677 0.0589901 0.3005053 0.0000000 0.2700075 0.3524663 0.4128905 0.0134731 0.2557577 
n285_286   0.2896344 0.2700934 0.2751836 0.1306785 0.2747218 0.2748514 0.2896996 0.2650684 0.4115047 0.1268349 0.3453155 0.2935086 0.2848578 0.2698365 0.2600513 0.2509149 0.2700075 0.0000000 0.2699984 0.4003406 0.2700915 0.0168517 
n275_276   0.0518035 0.0100764 0.0376542 0.3188629 0.3521135 0.0134638 0.0518129 0.3416924 0.4062119 0.2991731 0.4073888 0.3784155 0.0482536 0.1510539 0.3409525 0.0772968 0.3524663 0.2699984 0.0000000 0.4239013 0.3418472 0.2650766 
n255_256   0.4365579 0.4361721 0.4250066 0.4446199 0.4067612 0.4362961 0.4371649 0.4124101 0.0481293 0.4276683 0.3200143 0.4346973 0.4368008 0.4124212 0.4001937 0.4007450 0.4128905 0.4003406 0.4239013 0.0000000 0.4072418 0.4003015 
n292_293   0.3371899 0.3419739 0.3318558 0.2882857 0.0100733 0.3472294 0.3424087 0.0168651 0.4247332 0.2836915 0.3789140 0.0771763 0.3371958 0.2614509 0.0517823 0.2957416 0.0134731 0.2700915 0.3418472 0.4072418 0.0000000 0.2558352 
n286_287   0.2845728 0.2651697 0.2702203 0.1266501 0.2603860 0.2698949 0.2846366 0.2509189 0.4170587 0.1228259 0.3557506 0.2788454 0.2798286 0.2649198 0.2460106 0.2461278 0.2557577 0.0168517 0.2650766 0.4003015 0.2558352 0.0000000 
