26
n277_278   0.0000000 1.6902849 2.2092152 1.8004287 2.3720172 0.5167725 2.2236943 2.0301521 0.1369051 0.4736999 1.8098692 2.0898794 2.4613779 1.8856658 2.0980960 0.4798292 0.4868751 2.3653480 2.3859708 2.9421027 1.7225930 1.8207473 1.9566457 2.2544256 1.8771191 0.4460159 
n286_287   1.6902849 0.0000000 1.8320652 0.0448880 1.8628683 1.7829426 2.7958524 1.6554280 1.6096504 1.6746620 1.4942528 1.6807502 1.8775737 1.6658964 1.6011531 1.6794565 1.8235446 1.8126933 1.9387185 2.0665707 0.8310197 0.9020957 1.6823360 3.1201290 1.7240478 1.6972308 
n296_297   2.2092152 1.8320652 0.0000000 1.9363286 0.1411915 2.1471795 2.2047686 0.3050601 2.0752066 2.0113763 0.6114480 0.3541624 0.1535583 0.3479347 1.0913648 1.9502879 2.0733837 0.0342230 0.1493295 2.6168337 1.6924102 1.6633004 0.3208932 2.0120494 0.3369410 1.9703822 
n285_286   1.8004287 0.0448880 1.9363286 0.0000000 1.9697180 1.8274719 2.5312204 1.6782879 1.6809111 1.7472200 1.4867860 1.7066033 1.8997781 1.6654512 1.6295661 1.7523097 1.7975979 1.9141633 2.0541511 1.9401944 0.8753569 0.8796357 1.6760290 2.6010633 1.7482306 1.7717067 
n289_290   2.3720172 1.8628683 0.1411915 1.9697180 0.0000000 2.1435871 2.1803903 0.3158730 2.2004421 2.3075343 0.5711825 0.3605468 0.0556282 0.3724408 1.0765144 2.2108246 2.2090230 0.1327698 0.0484037 2.8633586 1.6787456 1.5852570 0.3327019 2.1336900 0.3662702 2.0981350 
n274_275   0.5167725 1.7829426 2.1471795 1.8274719 2.1435871 0.0000000 1.7689326 1.7279965 0.4945066 0.1334436 1.5643474 1.7151330 2.4447180 1.9269978 1.6653846 0.1416877 0.1129769 2.1594351 2.3113865 2.2747338 2.5813349 2.2758328 1.6855070 1.8195083 1.7379049 0.1334214 
n255_256   2.2236943 2.7958524 2.2047686 2.5312204 2.1803903 1.7689326 0.0000000 2.3957904 1.9211687 1.8379005 2.3134264 2.3096085 2.3268959 2.0382579 2.4747342 1.7493414 1.7971692 2.1220259 2.1763030 1.6222667 2.6701930 2.5831308 2.3469561 0.2777111 2.1418439 1.8056392 
n275_276   2.0301521 1.6554280 0.3050601 1.6782879 0.3158730 1.7279965 2.3957904 0.0000000 2.0339727 1.8089170 0.5858231 0.1128607 0.3003515 0.1451763 1.1498764 1.8604997 1.8577966 0.2988835 0.3157162 3.2362746 1.9172946 1.8865380 0.1087842 2.1289146 0.1368497 1.7420284 
n278_279   0.1369051 1.6096504 2.0752066 1.6809111 2.2004421 0.4945066 1.9211687 2.0339727 0.0000000 0.4930081 1.9680791 1.9694452 2.2368587 1.8791928 1.8554638 0.4847341 0.5059083 2.0970561 2.1164887 3.2484974 1.7676558 1.7672477 1.8912367 2.0783969 1.9151485 0.4849007 
n299_300   0.4736999 1.6746620 2.0113763 1.7472200 2.3075343 0.1334436 1.8379005 1.8089170 0.4930081 0.0000000 1.6665348 1.8778535 2.4487370 1.6450704 1.6403111 0.0594034 0.1011180 2.0628037 2.3671596 2.5502332 2.2776769 2.0616923 1.8062726 1.8151454 1.6001257 0.0272429 
n236_237   1.8098692 1.4942528 0.6114480 1.4867860 0.5711825 1.5643474 2.3134264 0.5858231 1.9680791 1.6665348 0.0000000 0.6492425 0.5954202 0.6334021 0.9124499 1.6759615 1.6170409 0.5878467 0.5712175 2.7442898 1.7587284 1.5979675 0.6333508 1.9744564 0.5986721 1.5743380 
n293_294   2.0898794 1.6807502 0.3541624 1.7066033 0.3605468 1.7151330 2.3096085 0.1128607 1.9694452 1.8778535 0.6492425 0.0000000 0.3383976 0.1755801 1.4007403 1.9020751 1.7785669 0.3536922 0.3658219 3.4369684 1.7185189 1.7005220 0.0377303 1.9520684 0.1582054 1.8058730 
n290_291   2.4613779 1.8775737 0.1535583 1.8997781 0.0556282 2.4447180 2.3268959 0.3003515 2.2368587 2.4487370 0.5954202 0.3383976 0.0000000 0.3727034 1.1170123 2.3579605 2.3506922 0.1407692 0.0628478 3.3124993 1.7252270 1.6275259 0.3270155 2.1680118 0.3602846 2.2165002 
n297_298   1.8856658 1.6658964 0.3479347 1.6654512 0.3724408 1.9269978 2.0382579 0.1451763 1.8791928 1.6450704 0.6334021 0.1755801 0.3727034 0.0000000 1.0884923 1.8031702 1.8104535 0.3477931 0.3778036 3.8539031 1.7364131 1.6502886 0.1666484 2.0313123 0.0448671 1.7283685 
n200_201   2.0980960 1.6011531 1.0913648 1.6295661 1.0765144 1.6653846 2.4747342 1.1498764 1.8554638 1.6403111 0.9124499 1.4007403 1.1170123 1.0884923 0.0000000 1.5747797 1.8534305 1.1043459 1.0704203 2.8909938 1.9457706 1.7519677 1.3065212 2.4173938 1.0753325 1.6338594 
n292_293   0.4798292 1.6794565 1.9502879 1.7523097 2.2108246 0.1416877 1.7493414 1.8604997 0.4847341 0.0594034 1.6759615 1.9020751 2.3579605 1.8031702 1.5747797 0.0000000 0.1089512 1.9988893 2.2242444 2.3478608 2.3103477 2.0993146 1.8290910 1.7600821 1.7889487 0.0521198 
n280_281   0.4868751 1.8235446 2.0733837 1.7975979 2.2090230 0.1129769 1.7971692 1.8577966 0.5059083 0.1011180 1.6170409 1.7785669 2.3506922 1.8104535 1.8534305 0.1089512 0.0000000 2.1130399 2.3875180 2.7843865 2.6717624 2.3857860 1.7197519 1.7712606 1.7870699 0.0933512 
n295_296   2.3653480 1.8126933 0.0342230 1.9141633 0.1327698 2.1594351 2.1220259 0.2988835 2.0970561 2.0628037 0.5878467 0.3536922 0.1407692 0.3477931 1.1043459 1.9988893 2.1130399 0.0000000 0.1367044 3.0077762 1.6577591 1.6504848 0.3260052 2.0727952 0.3422607 1.9747119 
n287_288   2.3859708 1.9387185 0.1493295 2.0541511 0.0484037 2.3113865 2.1763030 0.3157162 2.1164887 2.3671596 0.5712175 0.3658219 0.0628478 0.3778036 1.0704203 2.2242444 2.3875180 0.1367044 0.0000000 3.0073678 1.5815342 1.5758509 0.3378017 2.1487316 0.3715869 2.1465125 
n244_245   2.9421027 2.0665707 2.6168337 1.9401944 2.8633586 2.2747338 1.6222667 3.2362746 3.2484974 2.5502332 2.7442898 3.4369684 3.3124993 3.8539031 2.8909938 2.3478608 2.7843865 3.0077762 3.0073678 0.0000000 2.7065208 2.8370539 3.4872203 1.6756504 4.4749142 2.8420340 
n265_266   1.7225930 0.8310197 1.6924102 0.8753569 1.6787456 2.5813349 2.6701930 1.9172946 1.7676558 2.2776769 1.7587284 1.7185189 1.7252270 1.7364131 1.9457706 2.3103477 2.6717624 1.6577591 1.5815342 2.7065208 0.0000000 0.1795694 1.7268579 2.3144746 1.7591854 2.2766503 
n266_267   1.8207473 0.9020957 1.6633004 0.8796357 1.5852570 2.2758328 2.5831308 1.8865380 1.7672477 2.0616923 1.5979675 1.7005220 1.6275259 1.6502886 1.7519677 2.0993146 2.3857860 1.6504848 1.5758509 2.8370539 0.1795694 0.0000000 1.7086944 2.3147834 1.7722221 2.0615283 
n294_295   1.9566457 1.6823360 0.3208932 1.6760290 0.3327019 1.6855070 2.3469561 0.1087842 1.8912367 1.8062726 0.6333508 0.0377303 0.3270155 0.1666484 1.3065212 1.8290910 1.7197519 0.3260052 0.3378017 3.4872203 1.7268579 1.7086944 0.0000000 1.9477449 0.1495291 1.7390994 
n251_252   2.2544256 3.1201290 2.0120494 2.6010633 2.1336900 1.8195083 0.2777111 2.1289146 2.0783969 1.8151454 1.9744564 1.9520684 2.1680118 2.0313123 2.4173938 1.7600821 1.7712606 2.0727952 2.1487316 1.6756504 2.3144746 2.3147834 1.9477449 0.0000000 2.0482454 1.7862487 
n298_299   1.8771191 1.7240478 0.3369410 1.7482306 0.3662702 1.7379049 2.1418439 0.1368497 1.9151485 1.6001257 0.5986721 0.1582054 0.3602846 0.0448671 1.0753325 1.7889487 1.7870699 0.3422607 0.3715869 4.4749142 1.7591854 1.7722221 0.1495291 2.0482454 0.0000000 1.6786454 
n300_301   0.4460159 1.6972308 1.9703822 1.7717067 2.0981350 0.1334214 1.8056392 1.7420284 0.4849007 0.0272429 1.5743380 1.8058730 2.2165002 1.7283685 1.6338594 0.0521198 0.0933512 1.9747119 2.1465125 2.8420340 2.2766503 2.0615283 1.7390994 1.7862487 1.6786454 0.0000000 
