25
n298_299   0.0000000 0.3424071 0.1273214 0.3071054 0.0492706 0.2936932 0.3361177 0.0171515 0.0241816 0.0455929 0.0067984 0.3549818 0.0455400 0.3527557 0.3655628 0.0491908 0.0990305 0.3766344 0.3020402 0.0241650 0.3369374 0.3318268 0.0419291 0.3277510 0.3388649 
n280_281   0.3424071 0.0000000 0.3309863 0.3218750 0.3410683 0.3149795 0.0133562 0.3305201 0.3423231 0.3352375 0.3475869 0.0776016 0.3463410 0.3721496 0.0270296 0.3347531 0.3479926 0.4017276 0.3271709 0.3420162 0.0100000 0.3426451 0.3408098 0.3950192 0.0776323 
n200_201   0.1273214 0.3309863 0.0000000 0.2797069 0.1355029 0.2769403 0.3248151 0.1188876 0.1273030 0.1312448 0.1312938 0.3258891 0.1352328 0.3686460 0.3537497 0.1352766 0.1397759 0.3930426 0.2795314 0.1272089 0.3256021 0.3033126 0.1311043 0.3442278 0.3103977 
n286_287   0.3071054 0.3218750 0.2797069 0.0000000 0.2904162 0.1518302 0.3216731 0.2854389 0.2963726 0.2850433 0.3120305 0.2960123 0.2901682 0.3716778 0.3438806 0.2899092 0.2912171 0.3952562 0.0098785 0.2961208 0.3166631 0.1774629 0.2850773 0.3700206 0.2916106 
n287_288   0.0492706 0.3410683 0.1355029 0.2904162 0.0000000 0.2822597 0.3348101 0.0311685 0.0383667 0.0033749 0.0491927 0.3421217 0.0240497 0.3454371 0.3641127 0.0067616 0.0988774 0.3631819 0.2854747 0.0383401 0.3356237 0.3196382 0.0205625 0.3267954 0.3263195 
n266_267   0.2936932 0.3149795 0.2769403 0.1518302 0.2822597 0.0000000 0.3251862 0.2723362 0.2831085 0.2769233 0.2985637 0.3052870 0.2820191 0.3471363 0.3476847 0.2817655 0.2780238 0.3700470 0.1559760 0.2729157 0.3201146 0.0375215 0.2769574 0.3628097 0.3008023 
n292_293   0.3361177 0.0133562 0.3248151 0.3216731 0.3348101 0.3251862 0.0000000 0.3243612 0.3360359 0.3290414 0.3412493 0.0736396 0.3400349 0.3773020 0.0201295 0.3285680 0.3416489 0.4011035 0.3269658 0.3297712 0.0033102 0.3532446 0.3345589 0.4003686 0.0736683 
n293_294   0.0171515 0.3305201 0.1188876 0.2854389 0.0311685 0.2723362 0.3243612 0.0000000 0.0068014 0.0276111 0.0171247 0.3315392 0.0275797 0.3294912 0.3532387 0.0311184 0.0793347 0.3525054 0.2805275 0.0067968 0.3251459 0.3091914 0.0240717 0.3160819 0.3159329 
n275_276   0.0241816 0.3423231 0.1273030 0.2963726 0.0383667 0.2831085 0.3360359 0.0068014 0.0000000 0.0347594 0.0241437 0.3433836 0.0347195 0.3412452 0.3654709 0.0383049 0.0871951 0.3647031 0.2913819 0.0136885 0.3368551 0.3206209 0.0311685 0.3276715 0.3275143 
n289_290   0.0455929 0.3352375 0.1312448 0.2850433 0.0033749 0.2769233 0.3290414 0.0276111 0.0347594 0.0000000 0.0455209 0.3362708 0.0205446 0.3395845 0.3580749 0.0033697 0.0948707 0.3571645 0.2801396 0.0347354 0.3298382 0.3139837 0.0170779 0.3210602 0.3205952 
n297_298   0.0067984 0.3475869 0.1312938 0.3120305 0.0491927 0.2985637 0.3412493 0.0171247 0.0241437 0.0455209 0.0000000 0.3602566 0.0454682 0.3466346 0.3709006 0.0491132 0.0988706 0.3761242 0.3069361 0.0241271 0.3420831 0.3258801 0.0418631 0.3328564 0.3440420 
n278_279   0.3549818 0.0776016 0.3258891 0.2960123 0.3421217 0.3052870 0.0736396 0.3315392 0.3433836 0.3362708 0.3602566 0.0000000 0.3474113 0.3790279 0.0887767 0.3357837 0.3376496 0.3969699 0.3011212 0.3370213 0.0700003 0.3436612 0.3418617 0.3893285 0.0202268 
n295_296   0.0455400 0.3463410 0.1352328 0.2901682 0.0240497 0.2820191 0.3400349 0.0275797 0.0347195 0.0205446 0.0454682 0.3474113 0.0000000 0.3449474 0.3695416 0.0240112 0.0947550 0.3684379 0.2852320 0.0346956 0.3408628 0.3193552 0.0033678 0.3264724 0.3315153 
n251_252   0.3527557 0.3721496 0.3686460 0.3716778 0.3454371 0.3471363 0.3773020 0.3294912 0.3412452 0.3395845 0.3466346 0.3790279 0.3449474 0.0000000 0.3949285 0.3390941 0.3575482 0.0406635 0.3662815 0.3409404 0.3719175 0.3533955 0.3451746 0.1909212 0.3627678 
n274_275   0.3655628 0.0270296 0.3537497 0.3438806 0.3641127 0.3476847 0.0201295 0.3532387 0.3654709 0.3580749 0.3709006 0.0887767 0.3695416 0.3949285 0.0000000 0.3575515 0.3713266 0.4193507 0.3493454 0.3588800 0.0167455 0.3767233 0.3638281 0.4187506 0.0888123 
n290_291   0.0491908 0.3347531 0.1352766 0.2899092 0.0067616 0.2817655 0.3285680 0.0311184 0.0383049 0.0033697 0.0491132 0.3357837 0.0240112 0.3390941 0.3575515 0.0000000 0.0987143 0.3566437 0.2849770 0.0382784 0.3293626 0.3190699 0.0205297 0.3262108 0.3201334 
n236_237   0.0990305 0.3479926 0.1397759 0.2912171 0.0988774 0.2780238 0.3416489 0.0793347 0.0871951 0.0948707 0.0988706 0.3376496 0.0947550 0.3575482 0.3713266 0.0987143 0.0000000 0.3815422 0.2910325 0.0871325 0.3424842 0.3152388 0.0908646 0.3391348 0.3274089 
n255_256   0.3766344 0.4017276 0.3930426 0.3952562 0.3631819 0.3700470 0.4011035 0.3525054 0.3647031 0.3571645 0.3761242 0.3969699 0.3684379 0.0406635 0.4193507 0.3566437 0.3815422 0.0000000 0.3896899 0.3584881 0.3955471 0.3823935 0.3686848 0.2092103 0.3803200 
n285_286   0.3020402 0.3271709 0.2795314 0.0098785 0.2854747 0.1559760 0.3269658 0.2805275 0.2913819 0.2801396 0.3069361 0.3011212 0.2852320 0.3662815 0.3493454 0.2849770 0.2910325 0.3896899 0.0000000 0.2911354 0.3219222 0.1817695 0.2801736 0.3645947 0.2966984 
n294_295   0.0241650 0.3420162 0.1272089 0.2961208 0.0383401 0.2729157 0.3297712 0.0067968 0.0136885 0.0347354 0.0241271 0.3370213 0.0346956 0.3409404 0.3588800 0.0382784 0.0871325 0.3584881 0.2911354 0.0000000 0.3305712 0.3098617 0.0311470 0.3273810 0.3213073 
n300_301   0.3369374 0.0100000 0.3256021 0.3166631 0.3356237 0.3201146 0.0033102 0.3251459 0.3368551 0.3298382 0.3420831 0.0700003 0.3408628 0.3719175 0.0167455 0.3293626 0.3424842 0.3955471 0.3219222 0.3305712 0.0000000 0.3479803 0.3353712 0.3947707 0.0700274 
n265_266   0.3318268 0.3426451 0.3033126 0.1774629 0.3196382 0.0375215 0.3532446 0.3091914 0.3206209 0.3139837 0.3258801 0.3436612 0.3193552 0.3533955 0.3767233 0.3190699 0.3152388 0.3823935 0.1817695 0.3098617 0.3479803 0.0000000 0.3140177 0.3810106 0.3389986 
n296_297   0.0419291 0.3408098 0.1311043 0.2850773 0.0205625 0.2769574 0.3345589 0.0240717 0.0311685 0.0170779 0.0418631 0.3418617 0.0033678 0.3451746 0.3638281 0.0205297 0.0908646 0.3686848 0.2801736 0.0311470 0.3353712 0.3140177 0.0000000 0.3265513 0.3260761 
n244_245   0.3277510 0.3950192 0.3442278 0.3700206 0.3267954 0.3628097 0.4003686 0.3160819 0.3276715 0.3210602 0.3328564 0.3893285 0.3264724 0.1909212 0.4187506 0.3262108 0.3391348 0.2092103 0.3645947 0.3273810 0.3947707 0.3810106 0.3265513 0.0000000 0.3904775 
n277_278   0.3388649 0.0776323 0.3103977 0.2916106 0.3263195 0.3008023 0.0736683 0.3159329 0.3275143 0.3205952 0.3440420 0.0202268 0.3315153 0.3627678 0.0888123 0.3201334 0.3274089 0.3803200 0.2966984 0.3213073 0.0700274 0.3389986 0.3260761 0.3904775 0.0000000 
