30
n293_342   0.0000000 1.5728133 2.2035059 2.1605626 1.4988945 2.0217122 1.4542012 1.5561551 1.6305951 2.3212592 0.4627923 0.2743998 0.2893309 0.1242867 1.8207264 0.2739820 0.1286815 1.9515111 1.7125428 2.5825021 1.9419161 0.8875761 2.3439795 0.2740448 0.2847802 0.1406160 0.0305924 1.6109524 2.3959878 1.8380496 
n265_310   1.5728133 0.0000000 2.1465490 2.0152651 0.1935216 2.1678197 1.0200524 0.9976444 2.8093130 2.1791270 1.6765651 2.2964881 2.0320956 1.8605752 3.6156631 2.0500323 1.8328805 1.9626462 1.8379612 2.0605915 2.1729073 1.8214284 2.2963593 2.0424705 2.1048934 1.9834994 1.6594322 2.0131527 2.1305877 1.8453964 
n280_327   2.2035059 2.1465490 0.0000000 0.0935010 2.9390543 2.0180498 1.4954906 1.5728821 2.1259326 0.1091541 2.2202958 2.3932998 2.3281196 2.4156549 2.1677954 2.3301204 2.3172510 0.3775217 2.3609389 0.1050143 1.9775815 1.6233538 2.4223229 2.0999531 2.2250198 2.4760718 2.2179375 2.2248521 0.1051623 0.4261409 
n292_341   2.1605626 2.0152651 0.0935010 0.0000000 2.3689517 1.9544425 1.5515770 1.6340440 1.8950228 0.0415591 2.1702612 2.2979895 2.4662253 2.3330025 2.0643637 2.3463797 2.2799412 0.3794266 2.5483573 0.1211684 1.8342469 1.7081448 2.1250088 2.1140703 2.1993034 2.2565249 2.1739614 2.3855100 0.0379768 0.4216840 
n266_311   1.4988945 0.1935216 2.9390543 2.3689517 0.0000000 1.8036747 1.0868911 1.0632446 3.2152779 2.7621800 1.6380684 2.2050201 2.1812959 1.6895709 4.5103624 2.2027976 1.7458904 2.1278326 1.8059273 2.5373067 1.7711302 1.7823677 2.0563180 2.0811967 2.0151029 1.7901594 1.6333285 1.7923584 2.6835639 1.8797450 
n266_313   2.0217122 2.1678197 2.0180498 1.9544425 1.8036747 0.0000000 1.8410196 2.0015023 3.5268288 2.0048251 2.2003473 2.3429195 2.1843606 2.5052098 3.4472595 2.2144210 2.0549445 2.0670368 1.3120429 2.2336054 0.1793598 1.9737324 4.3992229 2.3526486 2.3251074 2.4473497 2.0680861 1.4617735 1.9985432 2.0001137 
n285_332   1.4542012 1.0200524 1.4954906 1.5515770 1.0868911 1.8410196 0.0000000 0.0483220 2.6318710 1.5947595 1.3022387 1.5920201 1.5577940 1.7422250 2.9674425 1.6783483 1.5649031 1.6422770 1.8835410 1.6921233 1.5214981 1.8295108 2.3093375 1.6182786 1.4900689 1.8022940 1.4822111 1.9498866 1.5974850 1.7276588 
n286_333   1.5561551 0.9976444 1.5728821 1.6340440 1.0632446 2.0015023 0.0483220 0.0000000 2.6012378 1.6808633 1.3704235 1.7052397 1.6191941 1.9277844 3.1165422 1.8145537 1.6812755 1.7346088 2.1416386 1.7581253 1.6863940 1.9661593 2.2212736 1.7096667 1.5686280 1.9124983 1.5881658 2.2263742 1.6841485 1.8292279 
n255_298   1.6305951 2.8093130 2.1259326 1.8950228 3.2152779 3.5268288 2.6318710 2.6012378 0.0000000 2.1570531 2.1407424 2.3135730 1.9869437 1.7087759 0.3157970 1.8999007 1.6576983 2.5247609 3.1648767 2.1775939 2.8892618 1.9807470 2.1334929 2.1289183 2.1807811 1.6232709 1.6093971 3.4199920 2.1110229 2.7036150 
n299_348   2.3212592 2.1791270 0.1091541 0.0415591 2.7621800 2.0048251 1.5947595 1.6808633 2.1570531 0.0000000 2.2140589 2.2966623 2.3246837 2.5348187 2.1416301 2.2814138 2.3294917 0.3915228 2.5540938 0.1375028 1.9179235 1.7612741 2.2384990 2.0631787 2.1983082 2.4392581 2.4013715 2.3904847 0.0101235 0.4477486 
n236_275   0.4627923 1.6765651 2.2202958 2.1702612 1.6380684 2.2003473 1.3022387 1.3704235 2.1407424 2.2140589 0.0000000 0.5532281 0.5449063 0.5186670 2.2370455 0.5516777 0.4843401 2.0239929 1.7967288 2.5485591 2.2920343 0.9622535 2.6575749 0.5592612 0.5685299 0.5188273 0.4765068 1.8079656 2.2246088 2.4605576 
n296_345   0.2743998 2.2964881 2.3932998 2.2979895 2.2050201 2.3429195 1.5920201 1.7052397 2.3135730 2.2966623 0.5532281 0.0000000 0.1412416 0.2740626 2.4657291 0.1371940 0.3118168 1.9985309 2.3470423 2.3581257 2.5029276 0.9532353 2.7080494 0.1330927 0.0485235 0.3002585 0.2690059 2.3303880 2.4256283 2.0433227 
n287_336   0.2893309 2.0320956 2.3281196 2.4662253 2.1812959 2.1843606 1.5577940 1.6191941 1.9869437 2.3246837 0.5449063 0.1412416 0.0000000 0.2893401 2.2429705 0.0594223 0.3169356 1.9706159 2.0148688 2.4089286 2.5337360 0.9881273 3.1404849 0.0594008 0.1540306 0.3161569 0.2640565 2.0991044 2.3867060 2.0979120 
n297_346   0.1242867 1.8605752 2.4156549 2.3330025 1.6895709 2.5052098 1.7422250 1.9277844 1.7087759 2.5348187 0.5186670 0.2740626 0.2893401 0.0000000 2.0510306 0.2740451 0.1579261 1.9254912 1.7186952 2.7076820 2.2938034 0.8545593 2.4488810 0.2740570 0.2844245 0.0341694 0.1201257 1.6850867 2.6319996 1.9606728 
n251_294   1.8207264 3.6156631 2.1677954 2.0643637 4.5103624 3.4472595 2.9674425 3.1165422 0.3157970 2.1416301 2.2370455 2.4657291 2.2429705 2.0510306 0.0000000 2.1143385 1.8476183 2.5964929 4.5244004 2.3876989 3.6035165 2.8632792 2.1796803 2.2994741 2.4077551 1.8481043 1.8503551 3.9469803 2.0972369 3.0502934 
n290_339   0.2739820 2.0500323 2.3301204 2.3463797 2.2027976 2.2144210 1.6783483 1.8145537 1.8999007 2.2814138 0.5516777 0.1371940 0.0594223 0.2740451 2.1143385 0.0000000 0.2956763 1.9377050 1.9298515 2.2943910 2.3138901 0.9135425 2.9015701 0.0485401 0.1540609 0.3002427 0.2492556 2.0396822 2.4133011 2.1079169 
n275_322   0.1286815 1.8328805 2.3172510 2.2799412 1.7458904 2.0549445 1.5649031 1.6812755 1.6576983 2.3294917 0.4843401 0.3118168 0.3169356 0.1579261 1.8476183 0.2956763 0.0000000 1.9910170 1.6022304 2.8366227 2.0285206 0.9008062 2.7332242 0.3060062 0.3232026 0.1751740 0.1244781 1.6137767 2.4043251 1.8823305 
n278_325   1.9515111 1.9626462 0.3775217 0.3794266 2.1278326 2.0670368 1.6422770 1.7346088 2.5247609 0.3915228 2.0239929 1.9985309 1.9706159 1.9254912 2.5964929 1.9377050 1.9910170 0.0000000 2.2249666 0.4332194 2.0548804 1.8710538 2.1602531 1.8124601 1.9562154 1.8510187 1.9234404 2.0555890 0.3976927 0.1122462 
n286_335   1.7125428 1.8379612 2.3609389 2.5483573 1.8059273 1.3120429 1.8835410 2.1416386 3.1648767 2.5540938 1.7967288 2.3470423 2.0148688 1.7186952 4.5244004 1.9298515 1.6022304 2.2249666 0.0000000 3.1321772 1.1714383 1.7626513 3.3351869 1.8834530 2.3544195 1.6943608 1.7111212 0.0967625 2.6318456 2.1999441 
n274_321   2.5825021 2.0605915 0.1050143 0.1211684 2.5373067 2.2336054 1.6921233 1.7581253 2.1775939 0.1375028 2.5485591 2.3581257 2.4089286 2.7076820 2.3876989 2.2943910 2.8366227 0.4332194 3.1321772 0.0000000 2.1632652 1.8310724 2.4843220 2.1255550 2.1598047 2.8933474 2.6085573 2.8621424 0.1333255 0.4663388 
n265_312   1.9419161 2.1729073 1.9775815 1.8342469 1.7711302 0.1793598 1.5214981 1.6863940 2.8892618 1.9179235 2.2920343 2.5029276 2.5337360 2.2938034 3.6035165 2.3138901 2.0285206 2.0548804 1.1714383 2.1632652 0.0000000 2.0655913 4.4183115 2.2902065 2.3052372 2.2333288 1.9852229 1.2761156 1.9112260 2.0678473 
n200_233   0.8875761 1.8214284 1.6233538 1.7081448 1.7823677 1.9737324 1.8295108 1.9661593 1.9807470 1.7612741 0.9622535 0.9532353 0.9881273 0.8545593 2.8632792 0.9135425 0.9008062 1.8710538 1.7626513 1.8310724 2.0655913 0.0000000 2.8188503 0.9382260 0.9794035 0.8676604 0.8987067 2.0088292 1.7291315 2.0159195 
n244_283   2.3439795 2.2963593 2.4223229 2.1250088 2.0563180 4.3992229 2.3093375 2.2212736 2.1334929 2.2384990 2.6575749 2.7080494 3.1404849 2.4488810 2.1796803 2.9015701 2.7332242 2.1602531 3.3351869 2.4843220 4.4183115 2.8188503 0.0000000 2.9942935 2.8340939 2.1036840 2.5048260 2.9302046 2.2304055 2.3298359 
n289_338   0.2740448 2.0424705 2.0999531 2.1140703 2.0811967 2.3526486 1.6182786 1.7096667 2.1289183 2.0631787 0.5592612 0.1330927 0.0594008 0.2740570 2.2994741 0.0485401 0.3060062 1.8124601 1.8834530 2.1255550 2.2902065 0.9382260 2.9942935 0.0000000 0.1498502 0.3002523 0.2543683 1.9555431 2.1655334 1.9589633 
n295_344   0.2847802 2.1048934 2.2250198 2.1993034 2.0151029 2.3251074 1.4900689 1.5686280 2.1807811 2.1983082 0.5685299 0.0485235 0.1540306 0.2844245 2.4077551 0.1540609 0.3232026 1.9562154 2.3544195 2.1598047 2.3052372 0.9794035 2.8340939 0.1498502 0.0000000 0.3110503 0.2792912 2.2899394 2.3146202 1.9249347 
n298_347   0.1406160 1.9834994 2.4760718 2.2565249 1.7901594 2.4473497 1.8022940 1.9124983 1.6232709 2.4392581 0.5188273 0.3002585 0.3161569 0.0341694 1.8481043 0.3002427 0.1751740 1.8510187 1.6943608 2.8933474 2.2333288 0.8676604 2.1036840 0.3002523 0.3110503 0.0000000 0.1363323 1.6868778 2.5251243 1.9707571 
n294_343   0.0305924 1.6594322 2.2179375 2.1739614 1.6333285 2.0680861 1.4822111 1.5881658 1.6093971 2.4013715 0.4765068 0.2690059 0.2640565 0.1201257 1.8503551 0.2492556 0.1244781 1.9234404 1.7111212 2.6085573 1.9852229 0.8987067 2.5048260 0.2543683 0.2792912 0.1363323 0.0000000 1.6638912 2.4156650 1.8127135 
n285_334   1.6109524 2.0131527 2.2248521 2.3855100 1.7923584 1.4617735 1.9498866 2.2263742 3.4199920 2.3904847 1.8079656 2.3303880 2.0991044 1.6850867 3.9469803 2.0396822 1.6137767 2.0555890 0.0967625 2.8621424 1.2761156 2.0088292 2.9302046 1.9555431 2.2899394 1.6868778 1.6638912 0.0000000 2.4558735 2.0384282 
n300_349   2.3959878 2.1305877 0.1051623 0.0379768 2.6835639 1.9985432 1.5974850 1.6841485 2.1110229 0.0101235 2.2246088 2.4256283 2.3867060 2.6319996 2.0972369 2.4133011 2.4043251 0.3976927 2.6318456 0.1333255 1.9112260 1.7291315 2.2304055 2.1655334 2.3146202 2.5251243 2.4156650 2.4558735 0.0000000 0.4544601 
n277_324   1.8380496 1.8453964 0.4261409 0.4216840 1.8797450 2.0001137 1.7276588 1.8292279 2.7036150 0.4477486 2.4605576 2.0433227 2.0979120 1.9606728 3.0502934 2.1079169 1.8823305 0.1122462 2.1999441 0.4663388 2.0678473 2.0159195 2.3298359 1.9589633 1.9249347 1.9707571 1.8127135 2.0384282 0.4544601 0.0000000 
