25
n289_290   0.0000000 0.0553667 0.0340149 0.2880398 0.2813778 0.0516729 0.0100371 0.2813778 0.3325042 0.0552937 0.2836492 0.0374973 0.3441104 0.2811485 0.0066813 0.1510509 0.2756118 0.0481096 0.0769988 0.2812411 0.2395744 0.0481289 0.3205404 0.2764542 0.2450245 
n294_295   0.0553667 0.0000000 0.0481893 0.3180312 0.2956103 0.0236359 0.0589919 0.2956103 0.3601716 0.0134070 0.3135196 0.0517447 0.3846173 0.2953593 0.0554308 0.1595307 0.2797059 0.0202111 0.0921321 0.2954636 0.2676661 0.0202194 0.3476210 0.2906050 0.2733935 
n295_296   0.0340149 0.0481893 0.0000000 0.2820083 0.2755314 0.0445470 0.0375191 0.2755314 0.3473700 0.0481258 0.2776580 0.0167786 0.3452547 0.2753115 0.0340545 0.1346905 0.2698439 0.0410201 0.0623009 0.2753992 0.2435430 0.0410367 0.3351393 0.2706603 0.2490179 
n266_267   0.2880398 0.3180312 0.2820083 0.0000000 0.2950767 0.3181376 0.2830937 0.2950767 0.4409788 0.3127323 0.0237479 0.2873607 0.4272070 0.2900075 0.2883890 0.3058422 0.2891054 0.3129884 0.2980531 0.2949286 0.1195274 0.3130675 0.4498431 0.2900131 0.1196113 
n299_300   0.2813778 0.2956103 0.2755314 0.2950767 0.0000000 0.2899317 0.2819335 0.0067312 0.3809902 0.2904333 0.2851284 0.2808777 0.3788075 0.0562295 0.2817214 0.2997719 0.0524842 0.2849443 0.2572045 0.0067292 0.2642862 0.2850236 0.3890906 0.0033580 0.2644887 
n298_299   0.0516729 0.0236359 0.0445470 0.3181376 0.2899317 0.0000000 0.0552716 0.2899317 0.3480774 0.0236046 0.3136239 0.0480789 0.3785869 0.2896902 0.0517329 0.1634750 0.2840975 0.0033225 0.0843449 0.2897895 0.2677485 0.0167755 0.3358058 0.2849718 0.2734787 
n290_291   0.0100371 0.0589919 0.0375191 0.2830937 0.2819335 0.0552716 0.0000000 0.2819335 0.3489634 0.0589141 0.2787240 0.0410188 0.3561051 0.2817030 0.0100487 0.1552065 0.2761538 0.0516894 0.0807285 0.2817962 0.2349488 0.0517101 0.3366562 0.2769996 0.2403526 
n274_275   0.2813778 0.2956103 0.2755314 0.2950767 0.0067312 0.2899317 0.2819335 0.0000000 0.3809902 0.2904333 0.2851284 0.2808777 0.3788075 0.0562295 0.2817214 0.2997719 0.0524842 0.2849443 0.2572045 0.0067292 0.2642862 0.2850236 0.3890906 0.0033580 0.2644887 
n251_252   0.3325042 0.3601716 0.3473700 0.4409788 0.3809902 0.3480774 0.3489634 0.3809902 0.0000000 0.3545635 0.4292817 0.3367093 0.2974203 0.3709012 0.3439424 0.3844610 0.3645038 0.3427398 0.3530783 0.3755731 0.3401643 0.3538435 0.0555248 0.3753992 0.3456245 
n293_294   0.0552937 0.0134070 0.0481258 0.3127323 0.2904333 0.0236046 0.0589141 0.2904333 0.3545635 0.0000000 0.3082443 0.0516769 0.3842476 0.2901906 0.0553579 0.1593165 0.2746571 0.0201844 0.0920101 0.2902904 0.2627294 0.0201927 0.3421305 0.2854633 0.2684048 
n265_266   0.2836492 0.3135196 0.2776580 0.0237479 0.2851284 0.3136239 0.2787240 0.2851284 0.4292817 0.3082443 0.0000000 0.2829821 0.4268237 0.2801275 0.2839933 0.3014045 0.2792614 0.3084967 0.2936208 0.2849876 0.1039708 0.3085759 0.4447705 0.2801278 0.1040432 
n296_297   0.0374973 0.0517447 0.0167786 0.2873607 0.2808777 0.0480789 0.0410188 0.2808777 0.3367093 0.0516769 0.2829821 0.0000000 0.3442309 0.2806496 0.0375409 0.1386667 0.2751261 0.0445355 0.0659100 0.2807416 0.2341265 0.0445535 0.3246906 0.2759652 0.2395058 
n244_245   0.3441104 0.3846173 0.3452547 0.4272070 0.3788075 0.3785869 0.3561051 0.3788075 0.2974203 0.3842476 0.4268237 0.3442309 0.0000000 0.3853476 0.3510198 0.4056130 0.3787579 0.3729932 0.3507411 0.3785904 0.3624738 0.3779969 0.3103087 0.3731890 0.3627581 
n278_279   0.2811485 0.2953593 0.2753115 0.2900075 0.0562295 0.2896902 0.2817030 0.0562295 0.3709012 0.2901906 0.2801275 0.2806496 0.3853476 0.0000000 0.2814914 0.2995149 0.0240250 0.2847105 0.2722178 0.0526102 0.2640802 0.2847897 0.3789754 0.0525891 0.2642823 
n287_288   0.0066813 0.0554308 0.0340545 0.2883890 0.2817214 0.0517329 0.0100487 0.2817214 0.3439424 0.0553579 0.2839933 0.0375409 0.3510198 0.2814914 0.0000000 0.1470256 0.2759470 0.0481655 0.0770886 0.2815844 0.2398615 0.0481848 0.3262359 0.2767914 0.2453192 
n200_201   0.1510509 0.1595307 0.1346905 0.3058422 0.2997719 0.1634750 0.1552065 0.2997719 0.3844610 0.1593165 0.3014045 0.1386667 0.4056130 0.2995149 0.1470256 0.0000000 0.2938375 0.1593191 0.1427653 0.2996225 0.2699083 0.1593759 0.3712271 0.2947522 0.2756128 
n277_278   0.2756118 0.2797059 0.2698439 0.2891054 0.0524842 0.2840975 0.2761538 0.0524842 0.3645038 0.2746571 0.2792614 0.2751261 0.3787579 0.0240250 0.2759470 0.2938375 0.0000000 0.2791633 0.2667471 0.0488883 0.2586572 0.2792420 0.3725382 0.0488687 0.2588544 
n297_298   0.0481096 0.0202111 0.0410201 0.3129884 0.2849443 0.0033225 0.0516894 0.2849443 0.3427398 0.0201844 0.3084967 0.0445355 0.3729932 0.2847105 0.0481655 0.1593191 0.2791633 0.0000000 0.0806253 0.2848056 0.2629400 0.0133887 0.3305757 0.2800170 0.2686209 
n236_237   0.0769988 0.0921321 0.0623009 0.2980531 0.2572045 0.0843449 0.0807285 0.2572045 0.3530783 0.0920101 0.2936208 0.0659100 0.3507411 0.2722178 0.0770886 0.1427653 0.2667471 0.0806253 0.0000000 0.2570845 0.2535574 0.0844698 0.3508058 0.2524328 0.2591456 
n280_281   0.2812411 0.2954636 0.2753992 0.2949286 0.0067292 0.2897895 0.2817962 0.0067292 0.3755731 0.2902904 0.2849876 0.2807416 0.3785904 0.0526102 0.2815844 0.2996225 0.0488883 0.2848056 0.2570845 0.0000000 0.2641605 0.2848849 0.3836548 0.0033570 0.2643628 
n285_286   0.2395744 0.2676661 0.2435430 0.1195274 0.2642862 0.2677485 0.2349488 0.2642862 0.3401643 0.2627294 0.1039708 0.2341265 0.3624738 0.2640802 0.2398615 0.2699083 0.2586572 0.2629400 0.2535574 0.2641605 0.0000000 0.2630172 0.3543694 0.2594369 0.0067212 
n275_276   0.0481289 0.0202194 0.0410367 0.3130675 0.2850236 0.0167755 0.0517101 0.2850236 0.3538435 0.0201927 0.3085759 0.0445535 0.3779969 0.2847897 0.0481848 0.1593759 0.2792420 0.0133887 0.0844698 0.2848849 0.2630172 0.0000000 0.3365361 0.2800960 0.2686988 
n255_256   0.3205404 0.3476210 0.3351393 0.4498431 0.3890906 0.3358058 0.3366562 0.3890906 0.0555248 0.3421305 0.4447705 0.3246906 0.3103087 0.3789754 0.3262359 0.3712271 0.3725382 0.3305757 0.3508058 0.3836548 0.3543694 0.3365361 0.0000000 0.3834776 0.3599093 
n292_293   0.2764542 0.2906050 0.2706603 0.2900131 0.0033580 0.2849718 0.2769996 0.0033580 0.3753992 0.2854633 0.2801278 0.2759652 0.3731890 0.0525891 0.2767914 0.2947522 0.0488687 0.2800170 0.2524328 0.0033570 0.2594369 0.2800960 0.3834776 0.0000000 0.2596353 
n286_287   0.2450245 0.2733935 0.2490179 0.1196113 0.2644887 0.2734787 0.2403526 0.2644887 0.3456245 0.2684048 0.1040432 0.2395058 0.3627581 0.2642823 0.2453192 0.2756128 0.2588544 0.2686209 0.2591456 0.2643628 0.0067212 0.2686988 0.3599093 0.2596353 0.0000000 
