24
n298_299   0.0000000 0.2964587 0.1501863 0.2983965 0.0486916 0.3211245 0.2911248 0.0169219 0.0203552 0.0596437 0.0033472 0.3248140 0.0559275 0.4878777 0.2962631 0.0633229 0.0938265 0.4657250 0.3094211 0.3098768 0.0486400 0.2860226 0.4974947 0.3079988 
n280_281   0.2964587 0.0000000 0.2806220 0.2764212 0.2763837 0.2927328 0.0066872 0.2809853 0.2860553 0.2920209 0.2912339 0.0744899 0.2812992 0.3655797 0.0100542 0.2814215 0.2814498 0.3362740 0.2870405 0.2767387 0.2760361 0.0100576 0.4468157 0.0632352 
n200_201   0.1501863 0.2806220 0.0000000 0.2767748 0.1504611 0.2826216 0.2705300 0.1377009 0.1418174 0.1633369 0.1459847 0.3031138 0.1544864 0.4604258 0.2755186 0.1588318 0.1376715 0.4519995 0.2874126 0.2724778 0.1459585 0.2655756 0.4757518 0.2814003 
n286_287   0.2983965 0.2764212 0.2767748 0.0000000 0.2833811 0.1012800 0.2765947 0.2828078 0.2829168 0.2833188 0.2931326 0.3036013 0.2936496 0.4085810 0.2714743 0.2784009 0.2884514 0.3715534 0.0066900 0.0935443 0.2830211 0.2715853 0.4277124 0.2821044 
n287_288   0.0486916 0.2763837 0.1504611 0.2833811 0.0000000 0.2999543 0.2712002 0.0379592 0.0415127 0.0101162 0.0450909 0.3090241 0.0204122 0.4622608 0.2762030 0.0135225 0.0785848 0.4280355 0.2941708 0.2890519 0.0135291 0.2662318 0.4617846 0.2875635 
n266_267   0.3211245 0.2927328 0.2826216 0.1012800 0.2999543 0.0000000 0.2824208 0.3049765 0.3102617 0.3105451 0.3156692 0.3152090 0.2995192 0.4209302 0.2772460 0.2998128 0.2890299 0.3775293 0.1092587 0.0203005 0.2887814 0.2773600 0.4481709 0.2879939 
n292_293   0.2911248 0.0066872 0.2705300 0.2765947 0.2712002 0.2824208 0.0000000 0.2757733 0.2808045 0.2867119 0.2859417 0.0670378 0.2760801 0.3596320 0.0033350 0.2762000 0.2762270 0.3305877 0.2872222 0.2666718 0.2708605 0.0033362 0.4339647 0.0559149 
n293_294   0.0169219 0.2809853 0.1377009 0.2828078 0.0379592 0.3049765 0.2757733 0.0000000 0.0101011 0.0487301 0.0135023 0.3086463 0.0450837 0.4820232 0.2808014 0.0523502 0.0823161 0.4531526 0.2935710 0.2939989 0.0379193 0.2707789 0.4905108 0.2922345 
n275_276   0.0203552 0.2860553 0.1418174 0.2829168 0.0415127 0.3102617 0.2808045 0.0101011 0.0000000 0.0487475 0.0169183 0.3139372 0.0486730 0.4813612 0.2858677 0.0523688 0.0861200 0.4525429 0.2936846 0.2991983 0.0414689 0.2757766 0.4973683 0.2973972 
n289_290   0.0596437 0.2920209 0.1633369 0.2833188 0.0101162 0.3105451 0.2867119 0.0487301 0.0487475 0.0000000 0.0559809 0.3254919 0.0308796 0.4625464 0.2918284 0.0169579 0.0901126 0.4215045 0.2941056 0.2994696 0.0238758 0.2816314 0.4688876 0.3034995 
n297_298   0.0033472 0.2912339 0.1459847 0.2931326 0.0450909 0.3156692 0.2859417 0.0135023 0.0169183 0.0559809 0.0000000 0.3193518 0.0522885 0.4809673 0.2910424 0.0596398 0.0899592 0.4590385 0.3040677 0.3045139 0.0450432 0.2808768 0.4904715 0.3026746 
n278_279   0.3248140 0.0744899 0.3031138 0.3036013 0.3090241 0.3152090 0.0670378 0.3086463 0.3139372 0.3254919 0.3193518 0.0000000 0.3141758 0.4221498 0.0707445 0.3198195 0.3201889 0.3961786 0.3147101 0.2986176 0.3086247 0.0707696 0.4679235 0.0308210 
n295_296   0.0559275 0.2812992 0.1544864 0.2936496 0.0204122 0.2995192 0.2760801 0.0450837 0.0486730 0.0308796 0.0522885 0.3141758 0.0000000 0.4830895 0.2811149 0.0344002 0.0861768 0.4540832 0.3046071 0.2886367 0.0067203 0.2710801 0.4900326 0.2925645 
n251_252   0.4878777 0.3655797 0.4604258 0.4085810 0.4622608 0.4209302 0.3596320 0.4820232 0.4813612 0.4625464 0.4809673 0.4221498 0.4830895 0.0000000 0.3653280 0.4624140 0.4626025 0.0484899 0.4025390 0.4089204 0.4690159 0.3595925 0.4115136 0.4151547 
n274_275   0.2962631 0.0100542 0.2755186 0.2714743 0.2762030 0.2772460 0.0033350 0.2808014 0.2858677 0.2918284 0.2910424 0.0707445 0.2811149 0.3653280 0.0000000 0.2812371 0.2812653 0.3360465 0.2820160 0.2616224 0.2758558 0.0066878 0.4402972 0.0595575 
n290_291   0.0633229 0.2814215 0.1588318 0.2784009 0.0135225 0.2998128 0.2762000 0.0523502 0.0523688 0.0169579 0.0596398 0.3198195 0.0344002 0.4624140 0.2812371 0.0000000 0.0861500 0.4281751 0.2891124 0.2944401 0.0273573 0.2711976 0.4756911 0.2980186 
n236_237   0.0938265 0.2814498 0.1376715 0.2884514 0.0785848 0.2890299 0.2762270 0.0823161 0.0861200 0.0901126 0.0899592 0.3201889 0.0861768 0.4626025 0.2812653 0.0861500 0.0000000 0.4283390 0.2993242 0.2783165 0.0784994 0.2712236 0.4767293 0.2983558 
n255_256   0.4657250 0.3362740 0.4519995 0.3715534 0.4280355 0.3775293 0.3305877 0.4531526 0.4525429 0.4215045 0.4590385 0.3961786 0.4540832 0.0484899 0.3360465 0.4281751 0.4283390 0.0000000 0.3658221 0.3715495 0.4406134 0.3251696 0.3977426 0.3836043 
n285_286   0.3094211 0.2870405 0.2874126 0.0066900 0.2941708 0.1092587 0.2872222 0.2935710 0.2936846 0.2941056 0.3040677 0.3147101 0.3046071 0.4025390 0.2820160 0.2891124 0.2993242 0.3658221 0.0000000 0.1014255 0.2937938 0.2821322 0.4411814 0.2928331 
n265_266   0.3098768 0.2767387 0.2724778 0.0935443 0.2890519 0.0203005 0.2666718 0.2939989 0.2991983 0.2994696 0.3045139 0.2986176 0.2886367 0.4089204 0.2616224 0.2944401 0.2783165 0.3715495 0.1014255 0.0000000 0.2780811 0.2617288 0.4284493 0.2720968 
n296_297   0.0486400 0.2760361 0.1459585 0.2830211 0.0135291 0.2887814 0.2708605 0.0379193 0.0414689 0.0238758 0.0450432 0.3086247 0.0067203 0.4690159 0.2758558 0.0273573 0.0784994 0.4406134 0.2937938 0.2780811 0.0000000 0.2658985 0.4758252 0.2871980 
n299_300   0.2860226 0.0100576 0.2655756 0.2715853 0.2662318 0.2773600 0.0033362 0.2707789 0.2757766 0.2816314 0.2808768 0.0707696 0.2710801 0.3595925 0.0066878 0.2711976 0.2712236 0.3251696 0.2821322 0.2617288 0.2658985 0.0000000 0.4404986 0.0595785 
n244_245   0.4974947 0.4468157 0.4757518 0.4277124 0.4617846 0.4481709 0.4339647 0.4905108 0.4973683 0.4688876 0.4904715 0.4679235 0.4900326 0.4115136 0.4402972 0.4756911 0.4767293 0.3977426 0.4411814 0.4284493 0.4758252 0.4404986 0.0000000 0.4471465 
n277_278   0.3079988 0.0632352 0.2814003 0.2821044 0.2875635 0.2879939 0.0559149 0.2922345 0.2973972 0.3034995 0.3026746 0.0308210 0.2925645 0.4151547 0.0595575 0.2980186 0.2983558 0.3836043 0.2928331 0.2720968 0.2871980 0.0595785 0.4471465 0.0000000 
