23
n296_273   0.0000000 0.4102756 0.3447298 0.0378639 0.3138904 0.0134726 0.3361615 0.3303076 0.0413794 0.3139733 0.3088606 0.0449368 0.1084720 0.1578433 0.3246333 0.3193821 0.4322952 0.0168837 0.0100843 0.3924618 0.3203639 0.0449375 0.3630442 
n255_232   0.4102756 0.0000000 0.3667189 0.4234673 0.3574215 0.4214104 0.3507744 0.3611187 0.4107636 0.3570886 0.3746023 0.4112869 0.4460653 0.4046145 0.3504683 0.3577551 0.3131782 0.4208316 0.4156281 0.0377289 0.3344620 0.4168180 0.3850358 
n277_254   0.3447298 0.3667189 0.0000000 0.3565732 0.0814265 0.3498112 0.2954102 0.2951128 0.3562957 0.0852278 0.0853196 0.3567059 0.3837703 0.3395408 0.2848370 0.0814886 0.4417573 0.3394290 0.3445493 0.3608787 0.2756667 0.3618766 0.0237652 
n293_270   0.0378639 0.4234673 0.3565732 0.0000000 0.3252032 0.0449035 0.3364899 0.3363656 0.0100929 0.3252899 0.3200909 0.0134885 0.1206235 0.1624628 0.3306290 0.3307979 0.4458312 0.0484858 0.0413633 0.4052987 0.3206667 0.0134889 0.3752759 
n299_276   0.3138904 0.3574215 0.0814265 0.3252032 0.0000000 0.3188036 0.2724984 0.2618860 0.3249543 0.0033479 0.0100945 0.3253090 0.3458120 0.3142849 0.2572777 0.0033487 0.4056034 0.3087849 0.3137303 0.3402409 0.2532348 0.3303093 0.0853807 
n289_266   0.0134726 0.4214104 0.3498112 0.0449035 0.3188036 0.0000000 0.3463675 0.3404299 0.0484441 0.3188879 0.3137477 0.0520316 0.1161387 0.1660234 0.3346789 0.3243292 0.4438084 0.0100818 0.0033455 0.4033678 0.3303868 0.0520323 0.3682543 
n265_242   0.3361615 0.3507744 0.2954102 0.3364899 0.2724984 0.3463675 0.0000000 0.1445196 0.3362288 0.2722596 0.2779619 0.3366055 0.3585327 0.3423649 0.1280131 0.2776616 0.4369336 0.3359692 0.3410978 0.3506625 0.0306731 0.3416862 0.3060236 
n286_263   0.3303076 0.3611187 0.2951128 0.3363656 0.2618860 0.3404299 0.1445196 0.0000000 0.3361058 0.2616587 0.2672405 0.3364819 0.3579874 0.3305871 0.0168229 0.2669562 0.4165842 0.3301200 0.3352058 0.3495945 0.1243226 0.3415591 0.3107299 
n298_275   0.0413794 0.4107636 0.3562957 0.0100929 0.3249543 0.0484441 0.3362288 0.3361058 0.0000000 0.3250409 0.3198465 0.0168897 0.1245227 0.1665859 0.3303747 0.3305438 0.4387776 0.0520423 0.0448900 0.3929139 0.3204210 0.0033467 0.3749795 
n292_269   0.3139733 0.3570886 0.0852278 0.3252899 0.0033479 0.3188879 0.2722596 0.2616587 0.3250409 0.0000000 0.0134975 0.3253957 0.3459051 0.3143680 0.2570550 0.0067162 0.4057176 0.3088662 0.3138131 0.3399280 0.2530156 0.3303976 0.0892131 
n274_251   0.3088606 0.3746023 0.0853196 0.3200909 0.0100945 0.3137477 0.2779619 0.2672405 0.3198465 0.0134975 0.0000000 0.3143223 0.3405821 0.3092426 0.2625950 0.0135007 0.3932503 0.3037855 0.3087037 0.3455183 0.2585298 0.3251665 0.0893097 
n275_252   0.0449368 0.4112869 0.3567059 0.0134885 0.3253090 0.0520316 0.3366055 0.3364819 0.0168897 0.3253957 0.3143223 0.0000000 0.1285351 0.1708674 0.3307394 0.3309083 0.4263069 0.0556487 0.0484611 0.3933993 0.3207692 0.0203157 0.3754273 
n236_217   0.1084720 0.4460653 0.3837703 0.1206235 0.3458120 0.1161387 0.3585327 0.3579874 0.1245227 0.3459051 0.3405821 0.1285351 0.0000000 0.1834246 0.3464400 0.3515583 0.4881326 0.1201117 0.1122569 0.4146842 0.3311960 0.1285328 0.4088914 
n200_185   0.1578433 0.4046145 0.3395408 0.1624628 0.3142849 0.1660234 0.3423649 0.3305871 0.1665859 0.3143680 0.3092426 0.1708674 0.1834246 0.0000000 0.3255352 0.3197909 0.4320718 0.1703158 0.1618628 0.3868635 0.3263979 0.1708609 0.3404804 
n285_262   0.3246333 0.3504683 0.2848370 0.3306290 0.2572777 0.3346789 0.1280131 0.0168229 0.3303747 0.2570550 0.2625950 0.3307394 0.3464400 0.3255352 0.0000000 0.2623170 0.4050626 0.3244502 0.3294968 0.3504690 0.1083006 0.3357800 0.2952702 
n280_257   0.3193821 0.3577551 0.0814886 0.3307979 0.0033487 0.3243292 0.2776616 0.2669562 0.3305438 0.0067162 0.0135007 0.3309083 0.3515583 0.3197909 0.2623170 0.0000000 0.4119003 0.3142378 0.3192183 0.3405544 0.2582568 0.3359430 0.0854461 
n244_223   0.4322952 0.3131782 0.4417573 0.4458312 0.4056034 0.4438084 0.4369336 0.4165842 0.4387776 0.4057176 0.3932503 0.4263069 0.4881326 0.4320718 0.4050626 0.4119003 0.0000000 0.4431841 0.4378194 0.2974453 0.3942470 0.4451157 0.4361013 
n287_264   0.0168837 0.4208316 0.3394290 0.0484858 0.3087849 0.0100818 0.3359692 0.3301200 0.0520423 0.3088662 0.3037855 0.0556487 0.1201117 0.1703158 0.3244502 0.3142378 0.4431841 0.0000000 0.0067078 0.4028209 0.3201835 0.0556493 0.3575972 
n290_267   0.0100843 0.4156281 0.3445493 0.0413633 0.3137303 0.0033455 0.3410978 0.3352058 0.0448900 0.3138131 0.3087037 0.0484611 0.1122569 0.1618628 0.3294968 0.3192183 0.4378194 0.0067078 0.0000000 0.3977119 0.3252181 0.0484618 0.3628504 
n251_228   0.3924618 0.0377289 0.3608787 0.4052987 0.3402409 0.4033678 0.3506625 0.3495945 0.3929139 0.3399280 0.3455183 0.3933993 0.4146842 0.3868635 0.3504690 0.3405544 0.2974453 0.4028209 0.3977119 0.0000000 0.3292957 0.3988214 0.3790353 
n266_243   0.3203639 0.3344620 0.2756667 0.3206667 0.2532348 0.3303868 0.0306731 0.1243226 0.3204210 0.2530156 0.2585298 0.3207692 0.3311960 0.3263979 0.1083006 0.2582568 0.3942470 0.3201835 0.3252181 0.3292957 0.0000000 0.3257629 0.2859848 
n297_274   0.0449375 0.4168180 0.3618766 0.0134889 0.3303093 0.0520323 0.3416862 0.3415591 0.0033467 0.3303976 0.3251665 0.0203157 0.1285328 0.1708609 0.3357800 0.3359430 0.4451157 0.0556493 0.0484618 0.3988214 0.3257629 0.0000000 0.3807281 
n278_255   0.3630442 0.3850358 0.0237652 0.3752759 0.0853807 0.3682543 0.3060236 0.3107299 0.3749795 0.0892131 0.0893097 0.3754273 0.4088914 0.3404804 0.2952702 0.0854461 0.4361013 0.3575972 0.3628504 0.3790353 0.2859848 0.3807281 0.0000000 
