26
n298_299   0.0000000 0.2602494 0.1508477 0.2655932 0.0410907 0.2902919 0.2837674 0.0168479 0.0236937 0.0517157 0.0033387 0.2948772 0.0516795 0.3737928 0.2649322 0.0588949 0.0770955 0.3526729 0.2656207 0.0168454 0.2790294 0.2804399 0.0481343 0.2789801 0.3393923 0.2947070 
n280_281   0.2602494 0.0000000 0.3135148 0.2333003 0.2510618 0.2804166 0.0168487 0.2509607 0.2603071 0.2604059 0.2556000 0.0736940 0.2648760 0.4426363 0.0100784 0.2747016 0.2600824 0.4255158 0.2333213 0.2462156 0.0168569 0.2706975 0.2602207 0.0134508 0.3936835 0.0736630 
n200_201   0.1508477 0.3135148 0.0000000 0.2750662 0.1388508 0.3051370 0.3386728 0.1428507 0.1509532 0.1509602 0.1468113 0.3403121 0.1467863 0.4182938 0.3085546 0.1591792 0.1266464 0.3902700 0.2750945 0.1428271 0.3388707 0.2950909 0.1468182 0.3335404 0.3925105 0.3348119 
n286_287   0.2655932 0.2333003 0.2750662 0.0000000 0.2562500 0.1232224 0.2560904 0.2609133 0.2704037 0.2704284 0.2609022 0.2476096 0.2654313 0.4137996 0.2380386 0.2801030 0.2510626 0.3858376 0.0066996 0.2560901 0.2562339 0.1153616 0.2607630 0.2514556 0.3558323 0.2522844 
n287_288   0.0410907 0.2510618 0.1388508 0.2562500 0.0000000 0.2853308 0.2695558 0.0306279 0.0376058 0.0100704 0.0375859 0.2901383 0.0168546 0.3849231 0.2556936 0.0168617 0.0661610 0.3525363 0.2562749 0.0306231 0.2696334 0.2755457 0.0134569 0.2695849 0.3340891 0.2899719 
n266_267   0.2902919 0.2804166 0.3051370 0.1232224 0.2853308 0.0000000 0.2995904 0.2901598 0.3000627 0.3000941 0.2951628 0.2956555 0.2948632 0.4622643 0.2854944 0.2952046 0.2750336 0.4322307 0.1232298 0.2901069 0.3048343 0.0066983 0.2900057 0.2997195 0.4232800 0.2954842 
n292_293   0.2837674 0.0168487 0.3386728 0.2560904 0.2695558 0.2995904 0.0000000 0.2742041 0.2838310 0.2791202 0.2789801 0.0922465 0.2836809 0.4725494 0.0271505 0.2937626 0.2835725 0.4487595 0.2561151 0.2693071 0.0066976 0.2896316 0.2789166 0.0033408 0.4158472 0.0922066 
n293_294   0.0168479 0.2509607 0.1428507 0.2609133 0.0306279 0.2901598 0.2742041 0.0000000 0.0134573 0.0411144 0.0134503 0.2801039 0.0410859 0.3684161 0.2555901 0.0481966 0.0697991 0.3474290 0.2609390 0.0066977 0.2695229 0.2852634 0.0375850 0.2694745 0.3342701 0.2799448 
n275_276   0.0236937 0.2603071 0.1509532 0.2704037 0.0376058 0.3000627 0.2838310 0.0134573 0.0000000 0.0481893 0.0202663 0.2998841 0.0481557 0.3685190 0.2649911 0.0553393 0.0771457 0.3475279 0.2704312 0.0134552 0.2790920 0.2900846 0.0446237 0.2790416 0.3446897 0.2997098 
n289_290   0.0517157 0.2604059 0.1509602 0.2704284 0.0100704 0.3000941 0.2791202 0.0411144 0.0481893 0.0000000 0.0481634 0.3000047 0.0271476 0.3959972 0.2650923 0.0134559 0.0771475 0.3631627 0.2704560 0.0411080 0.2792010 0.2901137 0.0237063 0.2791505 0.3393890 0.2998303 
n297_298   0.0033387 0.2556000 0.1468113 0.2609022 0.0375859 0.2951628 0.2789801 0.0134503 0.0202663 0.0481634 0.0000000 0.2900018 0.0481298 0.3683839 0.2602559 0.0553094 0.0734273 0.3474019 0.2609279 0.0134482 0.2742703 0.2852486 0.0445998 0.2742208 0.3342460 0.2898356 
n278_279   0.2948772 0.0736940 0.3403121 0.2476096 0.2901383 0.2956555 0.0922465 0.2801039 0.2998841 0.3000047 0.2900018 0.0000000 0.3046910 0.4312034 0.0700305 0.3151220 0.2846350 0.4318399 0.2476330 0.2849893 0.0922931 0.2907165 0.2997768 0.0884962 0.4113824 0.0203474 
n295_296   0.0516795 0.2648760 0.1467863 0.2654313 0.0168546 0.2948632 0.2836809 0.0410859 0.0481557 0.0271476 0.0481298 0.3046910 0.0000000 0.4072082 0.2695846 0.0340945 0.0697203 0.3739172 0.2654577 0.0410795 0.2837629 0.2849612 0.0100611 0.2837117 0.3441510 0.3045122 
n251_252   0.3737928 0.4426363 0.4182938 0.4137996 0.3849231 0.4622643 0.4725494 0.3684161 0.3685190 0.3959972 0.3683839 0.4312034 0.4072082 0.0000000 0.4428692 0.4074690 0.3570910 0.0340382 0.4138662 0.3626823 0.4728527 0.4498346 0.4015842 0.4664102 0.3136169 0.4309025 
n274_275   0.2649322 0.0100784 0.3085546 0.2380386 0.2556936 0.2854944 0.0271505 0.2555901 0.2649911 0.2650923 0.2602559 0.0700305 0.2695846 0.4428692 0.0000000 0.2794739 0.2647597 0.4317794 0.2380604 0.2508151 0.0271637 0.2757028 0.2649024 0.0237065 0.4108444 0.0700012 
n290_291   0.0588949 0.2747016 0.1591792 0.2801030 0.0168617 0.2952046 0.2937626 0.0481966 0.0553393 0.0134559 0.0553094 0.3151220 0.0340945 0.4074690 0.2794739 0.0000000 0.0845796 0.3741502 0.2801325 0.0481890 0.2938485 0.2852870 0.0306227 0.2937948 0.3499644 0.3149349 
n236_237   0.0770955 0.2600824 0.1266464 0.2510626 0.0661610 0.2750336 0.2835725 0.0697991 0.0771457 0.0771475 0.0734273 0.2846350 0.0697203 0.3570910 0.2647597 0.0845796 0.0000000 0.3364339 0.2510865 0.0697881 0.2788414 0.2654057 0.0734306 0.2787912 0.3284635 0.2844736 
n255_256   0.3526729 0.4255158 0.3902700 0.3858376 0.3525363 0.4322307 0.4487595 0.3474290 0.3475279 0.3631627 0.3474019 0.4318399 0.3739172 0.0340382 0.4317794 0.3741502 0.3364339 0.0000000 0.3858946 0.3418590 0.4551129 0.4202808 0.3685275 0.4488134 0.2938556 0.4315378 
n285_286   0.2656207 0.2333213 0.2750945 0.0066996 0.2562749 0.1232298 0.2561151 0.2609390 0.2704312 0.2704560 0.2609279 0.2476330 0.2654577 0.4138662 0.2380604 0.2801325 0.2510865 0.3858946 0.0000000 0.2561148 0.2562587 0.1153683 0.2607886 0.2514795 0.3558800 0.2523086 
n294_295   0.0168454 0.2462156 0.1428271 0.2560901 0.0306231 0.2901069 0.2693071 0.0066977 0.0134552 0.0411080 0.0134482 0.2849893 0.0410795 0.3626823 0.2508151 0.0481890 0.0697881 0.3418590 0.2561148 0.0000000 0.2646556 0.2802634 0.0375792 0.2646093 0.3289370 0.2848263 
n300_301   0.2790294 0.0168569 0.3388707 0.2562339 0.2696334 0.3048343 0.0066976 0.2695229 0.2790920 0.2792010 0.2742703 0.0922931 0.2837629 0.4728527 0.0271637 0.2938485 0.2788414 0.4551129 0.2562587 0.2646556 0.0000000 0.2947981 0.2789970 0.0033419 0.4218747 0.0922531 
n265_266   0.2804399 0.2706975 0.2950909 0.1153616 0.2755457 0.0066983 0.2896316 0.2852634 0.2900846 0.2901137 0.2852486 0.2907165 0.2849612 0.4498346 0.2757028 0.2852870 0.2654057 0.4202808 0.1153683 0.2802634 0.2947981 0.0000000 0.2801670 0.2897554 0.4115414 0.2905493 
n296_297   0.0481343 0.2602207 0.1468182 0.2607630 0.0134569 0.2900057 0.2789166 0.0375850 0.0446237 0.0237063 0.0445998 0.2997768 0.0100611 0.4015842 0.2649024 0.0306227 0.0734306 0.3685275 0.2607886 0.0375792 0.2789970 0.2801670 0.0000000 0.2789468 0.3390030 0.2996018 
n299_300   0.2789801 0.0134508 0.3335404 0.2514556 0.2695849 0.2997195 0.0033408 0.2694745 0.2790416 0.2791505 0.2742208 0.0884962 0.2837117 0.4664102 0.0237065 0.2937948 0.2787912 0.4488134 0.2514795 0.2646093 0.0033419 0.2897554 0.2789468 0.0000000 0.4158958 0.0884580 
n244_245   0.3393923 0.3936835 0.3925105 0.3558323 0.3340891 0.4232800 0.4158472 0.3342701 0.3446897 0.3393890 0.3342460 0.4113824 0.3441510 0.3136169 0.4108444 0.3499644 0.3284635 0.2938556 0.3558800 0.3289370 0.4218747 0.4115414 0.3390030 0.4158958 0.0000000 0.3994923 
n277_278   0.2947070 0.0736630 0.3348119 0.2522844 0.2899719 0.2954842 0.0922066 0.2799448 0.2997098 0.2998303 0.2898356 0.0203474 0.3045122 0.4309025 0.0700012 0.3149349 0.2844736 0.4315378 0.2523086 0.2848263 0.0922531 0.2905493 0.2996018 0.0884580 0.3994923 0.0000000 
