26
n277_278   0.0000000 2.0102848 2.2453967 1.8721267 2.4686350 0.4716733 2.5033493 1.9978570 0.1207699 0.4694328 2.5135332 2.0782891 2.1738352 1.9120625 1.8709422 0.5024983 0.4428064 2.2815389 2.4800697 1.9230251 1.6610472 1.5366311 2.0637408 2.1002101 1.8833224 0.4967914 
n286_287   2.0102848 0.0000000 3.4562807 0.0667940 2.8406990 2.1671857 2.4589370 2.7702511 2.0263640 2.1186631 2.7121962 2.5657664 2.7383582 2.8050533 2.6521355 2.3857470 2.3250677 3.1918923 2.4820503 3.3898886 1.0647874 1.0766016 2.6155796 3.7500882 2.8175458 2.2140425 
n296_297   2.2453967 3.4562807 0.0000000 2.8815573 0.1663770 2.2243127 2.1591581 0.3922459 2.4021772 2.1182040 0.6080799 0.4360463 0.1707929 0.3504112 1.0016867 1.9840378 1.9949197 0.0377179 0.1704910 2.7971586 1.6916780 2.1077877 0.3920775 2.4059372 0.3675193 2.0729783 
n285_286   1.8721267 0.0667940 2.8815573 0.0000000 2.6457539 1.8366852 2.3554521 2.4680838 2.0632118 1.8387929 2.9634201 2.4456396 2.5600825 2.4931235 2.3893975 2.0358634 1.8858435 2.7150265 2.3382798 5.4804659 0.9939274 1.0425000 2.4889961 3.4729103 2.4362315 1.9103245 
n289_290   2.4686350 2.8406990 0.1663770 2.6457539 0.0000000 2.8403880 1.9972545 0.3557539 2.4741478 2.8256432 0.5835007 0.3912294 0.0485145 0.3385754 1.0467834 2.5607500 2.3934056 0.1622431 0.0593160 2.7900423 1.4540327 1.7185142 0.3560062 2.1711766 0.3327092 2.7378165 
n274_275   0.4716733 2.1671857 2.2243127 1.8366852 2.8403880 0.0000000 2.1276567 2.2238782 0.4842945 0.0931986 2.8613434 2.4699905 2.5003428 2.3951776 1.8626916 0.1126748 0.1011500 2.3230117 2.7289490 1.8801232 1.6584806 1.4468229 2.6686255 2.5702644 2.2680908 0.1087739 
n255_256   2.5033493 2.4589370 2.1591581 2.3554521 1.9972545 2.1276567 0.0000000 1.8577177 2.4087868 2.2179992 1.8052180 1.7997265 2.0603697 1.6868670 1.9996676 2.0724227 2.3327534 1.9651582 2.1214932 2.0721672 2.2224357 2.4651325 1.8129528 0.2893109 1.7895927 2.3261002 
n275_276   1.9978570 2.7702511 0.3922459 2.4680838 0.3557539 2.2238782 1.8577177 0.0000000 2.1288650 2.1264564 0.6474740 0.1536113 0.3432800 0.1248421 1.0662632 2.0253385 1.9752282 0.3919480 0.3660640 5.2327114 1.7030206 2.0359473 0.1492710 2.0363560 0.1127818 2.0804051 
n278_279   0.1207699 2.0263640 2.4021772 2.0632118 2.4741478 0.4842945 2.4087868 2.1288650 0.0000000 0.4750403 2.5382713 2.3266561 2.1872510 2.1341925 2.1152018 0.5018850 0.4686886 2.5191818 2.4531279 1.9834316 1.8143225 1.5795874 2.3106027 2.3399951 2.0984298 0.5026104 
n299_300   0.4694328 2.1186631 2.1182040 1.8387929 2.8256432 0.0931986 2.2179992 2.1264564 0.4750403 0.0000000 2.4447615 2.3222155 2.5646591 2.3820448 1.8629743 0.0413081 0.0779444 2.1665816 2.7824408 1.9951773 1.8087489 1.5146899 2.6177990 2.5743866 2.2623194 0.0134706 
n236_237   2.5135332 2.7121962 0.6080799 2.9634201 0.5835007 2.8613434 1.8052180 0.6474740 2.5382713 2.4447615 0.0000000 0.6884363 0.6016467 0.6544343 1.1113082 2.2088522 2.3386818 0.5921108 0.6179392 2.5297615 1.9217399 2.1826901 0.6277183 1.7485582 0.6371893 2.5083719 
n293_294   2.0782891 2.5657664 0.4360463 2.4456396 0.3912294 2.4699905 1.7997265 0.1536113 2.3266561 2.3222155 0.6884363 0.0000000 0.3608698 0.1625849 1.0346339 2.2019787 2.2392802 0.4233559 0.4080720 3.3988653 1.6998746 1.8346595 0.0631485 1.9427269 0.1497909 2.2150579 
n290_291   2.1738352 2.7383582 0.1707929 2.5600825 0.0485145 2.5003428 2.0603697 0.3432800 2.1872510 2.5646591 0.6016467 0.3608698 0.0000000 0.3110491 1.0299580 2.4119827 2.2763073 0.1666337 0.0592330 2.7482982 1.5102630 1.8202434 0.3383882 2.1226683 0.3107471 2.4951328 
n297_298   1.9120625 2.8050533 0.3504112 2.4931235 0.3385754 2.3951776 1.6868670 0.1248421 2.1341925 2.3820448 0.6544343 0.1625849 0.3110491 0.0000000 0.9951257 2.3694025 2.1442146 0.3556727 0.3437503 2.9476899 1.6733940 1.8785379 0.1453059 1.8692636 0.0377458 2.2710512 
n200_201   1.8709422 2.6521355 1.0016867 2.3893975 1.0467834 1.8626916 1.9996676 1.0662632 2.1152018 1.8629743 1.1113082 1.0346339 1.0299580 0.9951257 0.0000000 1.8183652 1.7815660 1.0011740 1.0593886 2.1339791 1.8517974 2.0632315 1.0197119 2.2670903 1.0073990 1.9026215 
n292_293   0.5024983 2.3857470 1.9840378 2.0358634 2.5607500 0.1126748 2.0724227 2.0253385 0.5018850 0.0413081 2.2088522 2.2019787 2.4119827 2.3694025 1.8183652 0.0000000 0.0892155 2.0613034 2.6165189 1.9083654 1.8115055 1.5638842 2.4598842 2.3606331 2.1032570 0.0556730 
n280_281   0.4428064 2.3250677 1.9949197 1.8858435 2.3934056 0.1011500 2.3327534 1.9752282 0.4686886 0.0779444 2.3386818 2.2392802 2.2763073 2.1442146 1.7815660 0.0892155 0.0000000 2.0250945 2.3796105 1.7577030 1.6390726 1.4076912 2.3282074 2.7241905 2.0041404 0.0931589 
n295_296   2.2815389 3.1918923 0.0377179 2.7150265 0.1622431 2.3230117 1.9651582 0.3919480 2.5191818 2.1665816 0.5921108 0.4233559 0.1666337 0.3556727 1.0011740 2.0613034 2.0250945 0.0000000 0.1663398 2.6684619 1.6290721 2.0635777 0.3801433 2.2086681 0.3672430 2.1192718 
n287_288   2.4800697 2.4820503 0.1704910 2.3382798 0.0593160 2.7289490 2.1214932 0.3660640 2.4531279 2.7824408 0.6179392 0.4080720 0.0592330 0.3437503 1.0593886 2.6165189 2.3796105 0.1663398 0.0000000 3.1467213 1.4712660 1.7667843 0.3664228 2.1839295 0.3434114 2.6984180 
n244_245   1.9230251 3.3898886 2.7971586 5.4804659 2.7900423 1.8801232 2.0721672 5.2327114 1.9834316 1.9951773 2.5297615 3.3988653 2.7482982 2.9476899 2.1339791 1.9083654 1.7577030 2.6684619 3.1467213 0.0000000 4.1065731 4.0575394 3.4549034 1.7935655 3.0322616 2.0440559 
n265_266   1.6610472 1.0647874 1.6916780 0.9939274 1.4540327 1.6584806 2.2224357 1.7030206 1.8143225 1.8087489 1.9217399 1.6998746 1.5102630 1.6733940 1.8517974 1.8115055 1.6390726 1.6290721 1.4712660 4.1065731 0.0000000 0.1888439 1.6697538 2.1266861 1.6428756 1.8056664 
n266_267   1.5366311 1.0766016 2.1077877 1.0425000 1.7185142 1.4468229 2.4651325 2.0359473 1.5795874 1.5146899 2.1826901 1.8346595 1.8202434 1.8785379 2.0632315 1.5638842 1.4076912 2.0635777 1.7667843 4.0575394 0.1888439 0.0000000 1.8715515 2.4316805 1.7095369 1.5385617 
n294_295   2.0637408 2.6155796 0.3920775 2.4889961 0.3560062 2.6686255 1.8129528 0.1492710 2.3106027 2.6177990 0.6277183 0.0631485 0.3383882 0.1453059 1.0197119 2.4598842 2.3282074 0.3801433 0.3664228 3.4549034 1.6697538 1.8715515 0.0000000 2.0397023 0.1328666 2.5452192 
n251_252   2.1002101 3.7500882 2.4059372 3.4729103 2.1711766 2.5702644 0.2893109 2.0363560 2.3399951 2.5743866 1.7485582 1.9427269 2.1226683 1.8692636 2.2670903 2.3606331 2.7241905 2.2086681 2.1839295 1.7935655 2.1266861 2.4316805 2.0397023 0.0000000 1.8711591 2.6396754 
n298_299   1.8833224 2.8175458 0.3675193 2.4362315 0.3327092 2.2680908 1.7895927 0.1127818 2.0984298 2.2623194 0.6371893 0.1497909 0.3107471 0.0377458 1.0073990 2.1032570 2.0041404 0.3672430 0.3434114 3.0322616 1.6428756 1.7095369 0.1328666 1.8711591 0.0000000 2.2098127 
n300_301   0.4967914 2.2140425 2.0729783 1.9103245 2.7378165 0.1087739 2.3261002 2.0804051 0.5026104 0.0134706 2.5083719 2.2150579 2.4951328 2.2710512 1.9026215 0.0556730 0.0931589 2.1192718 2.6984180 2.0440559 1.8056664 1.5385617 2.5452192 2.6396754 2.2098127 0.0000000 
