23
n289_290   0.0000000 0.0520646 0.0033424 0.2566220 0.3344196 0.0485078 0.3179361 0.4270080 0.0520875 0.2569551 0.3287159 0.4005776 0.3127968 0.0033408 0.2075710 0.3185004 0.0413546 0.0854738 0.3233879 0.3291364 0.0413453 0.4136436 0.3345417 
n294_295   0.0520646 0.0000000 0.0557229 0.2614197 0.3749664 0.0485080 0.3574832 0.4317443 0.0168813 0.2617597 0.3689011 0.4256235 0.3635230 0.0556830 0.2164994 0.3633172 0.0413549 0.1127564 0.3632621 0.3344135 0.0342577 0.4247088 0.3398557 
n295_296   0.0033424 0.0557229 0.0000000 0.2617858 0.3402346 0.0521475 0.3236049 0.4337385 0.0557474 0.2621268 0.3344781 0.4070289 0.3184234 0.0067016 0.2123279 0.3241812 0.0449504 0.0893464 0.3291046 0.3349072 0.0449402 0.4202325 0.3403593 
n266_267   0.2566220 0.2614197 0.2617858 0.0000000 0.2658847 0.2568941 0.2557190 0.3585596 0.2569047 0.0238772 0.2653972 0.3808800 0.2663258 0.2615805 0.2767844 0.2819482 0.2521647 0.2461824 0.2659087 0.1213035 0.2565626 0.3588335 0.1172226 
n299_300   0.3344196 0.3749664 0.3402346 0.2658847 0.0000000 0.3754968 0.0203344 0.4316603 0.3755863 0.2554531 0.0033361 0.4500293 0.0782029 0.3399616 0.3936220 0.0781622 0.3695517 0.3688469 0.0134637 0.2969325 0.3809636 0.4591209 0.2915406 
n298_299   0.0485078 0.0485080 0.0521475 0.2568941 0.3754968 0.0000000 0.3636634 0.4406730 0.0449310 0.2572278 0.3694210 0.4330358 0.3581851 0.0521102 0.2218132 0.3643244 0.0066944 0.1089093 0.3694990 0.3298649 0.0342951 0.4464709 0.3352837 
n274_275   0.3179361 0.3574832 0.3236049 0.2557190 0.0203344 0.3636634 0.0000000 0.4191201 0.3580678 0.2409271 0.0168932 0.4242634 0.0632171 0.3233466 0.3813018 0.0631843 0.3521878 0.3455586 0.0134849 0.2910772 0.3633274 0.4460746 0.2857413 
n251_252   0.4270080 0.4317443 0.4337385 0.3585596 0.4316603 0.4406730 0.4191201 0.0000000 0.4252181 0.3412952 0.4250492 0.2799255 0.4131092 0.4333794 0.3886747 0.4192143 0.4470948 0.4312169 0.4385353 0.3873746 0.4527925 0.0557741 0.3811885 
n293_294   0.0520875 0.0168813 0.0557474 0.2569047 0.3755863 0.0449310 0.3580678 0.4252181 0.0000000 0.2572384 0.3695084 0.4328313 0.3580286 0.0557075 0.2124078 0.3641644 0.0378151 0.1049796 0.3638583 0.3238072 0.0307565 0.4182553 0.3291732 
n265_266   0.2569551 0.2617597 0.2621268 0.0238772 0.2554531 0.2572278 0.2409271 0.3412952 0.2572384 0.0000000 0.2504041 0.3693902 0.2512721 0.2619210 0.2774517 0.2665290 0.2524916 0.2464993 0.2508828 0.1173061 0.2568955 0.3536638 0.1132507 
n300_301   0.3287159 0.3689011 0.3344781 0.2653972 0.0033361 0.3694210 0.0168932 0.4250492 0.3695084 0.2504041 0.0000000 0.4432534 0.0744027 0.3342103 0.3873783 0.0743640 0.3635297 0.3628389 0.0100673 0.2963787 0.3748429 0.4522289 0.2909986 
n244_245   0.4005776 0.4256235 0.4070289 0.3808800 0.4500293 0.4330358 0.4242634 0.2799255 0.4328313 0.3693902 0.4432534 0.0000000 0.4367137 0.4066951 0.4446952 0.4369868 0.4265591 0.4172669 0.4439822 0.4231108 0.4330145 0.2800108 0.4166063 
n278_279   0.3127968 0.3635230 0.3184234 0.2663258 0.0782029 0.3581851 0.0632171 0.4131092 0.3580286 0.2512721 0.0744027 0.4367137 0.0000000 0.3181695 0.3826549 0.0203870 0.3467941 0.3402233 0.0706918 0.2917495 0.3578551 0.4398248 0.2863996 
n287_288   0.0033408 0.0556830 0.0067016 0.2615805 0.3399616 0.0521102 0.3233466 0.4333794 0.0557075 0.2619210 0.3342103 0.4066951 0.3181695 0.0000000 0.2029820 0.3239221 0.0449184 0.0892815 0.3288414 0.3346388 0.0449083 0.4198861 0.3400861 
n200_201   0.2075710 0.2164994 0.2123279 0.2767844 0.3936220 0.2218132 0.3813018 0.3886747 0.2124078 0.2774517 0.3873783 0.4446952 0.3826549 0.2029820 0.0000000 0.3824370 0.2170846 0.1933216 0.3936594 0.3298583 0.2262785 0.3766120 0.3352774 
n277_278   0.3185004 0.3633172 0.3241812 0.2819482 0.0781622 0.3643244 0.0631843 0.4192143 0.3641644 0.2665290 0.0743640 0.4369868 0.0203870 0.3239221 0.3824370 0.0000000 0.3528245 0.3461801 0.0706550 0.3079913 0.3639872 0.4461714 0.3025020 
n297_298   0.0413546 0.0413549 0.0449504 0.2521647 0.3695517 0.0066944 0.3521878 0.4470948 0.0378151 0.2524916 0.3635297 0.4265591 0.3467941 0.0449184 0.2170846 0.3528245 0.0000000 0.1010628 0.3579277 0.3242994 0.0272903 0.4398628 0.3296753 
n236_237   0.0854738 0.1127564 0.0893464 0.2461824 0.3688469 0.1089093 0.3455586 0.4312169 0.1049796 0.2464993 0.3628389 0.4172669 0.3402233 0.0892815 0.1933216 0.3461801 0.1010628 0.0000000 0.3572493 0.2957809 0.1010401 0.4189048 0.3009234 
n280_281   0.3233879 0.3632621 0.3291046 0.2659087 0.0134637 0.3694990 0.0134849 0.4385353 0.3638583 0.2508828 0.0100673 0.4439822 0.0706918 0.3288414 0.3936594 0.0706550 0.3579277 0.3572493 0.0000000 0.3018330 0.3691563 0.4662979 0.2964056 
n285_286   0.3291364 0.3344135 0.3349072 0.1213035 0.2969325 0.3298649 0.2910772 0.3873746 0.3238072 0.1173061 0.2963787 0.4231108 0.2917495 0.3346388 0.3298583 0.3079913 0.3242994 0.2957809 0.3018330 0.0000000 0.3292749 0.3940559 0.0033371 
n275_276   0.0413453 0.0342577 0.0449402 0.2565626 0.3809636 0.0342951 0.3633274 0.4527925 0.0307565 0.2568955 0.3748429 0.4330145 0.3578551 0.0449083 0.2262785 0.3639872 0.0272903 0.1010401 0.3691563 0.3292749 0.0000000 0.4455050 0.3346828 
n255_256   0.4136436 0.4247088 0.4202325 0.3588335 0.4591209 0.4464709 0.4460746 0.0557741 0.4182553 0.3536638 0.4522289 0.2800108 0.4398248 0.4198861 0.3766120 0.4461714 0.4398628 0.4189048 0.4662979 0.3940559 0.4455050 0.0000000 0.3878017 
n286_287   0.3345417 0.3398557 0.3403593 0.1172226 0.2915406 0.3352837 0.2857413 0.3811885 0.3291732 0.1132507 0.2909986 0.4166063 0.2863996 0.3400861 0.3352774 0.3025020 0.3296753 0.3009234 0.2964056 0.0033371 0.3346828 0.3878017 0.0000000 
