26
n277_278   0.0000000 2.4305207 2.4289066 2.5065429 1.9246502 0.5396752 3.1790577 1.9708379 0.1341263 0.4948447 3.1424021 2.1165553 2.1056059 2.2576061 1.9005325 0.4519458 0.5077256 2.5690515 2.0008479 2.6547230 1.9530903 2.3270954 2.1580107 4.5081400 2.2521092 0.4523983 
n286_287   2.4305207 0.0000000 2.0089511 0.1003116 1.8074780 2.2962776 3.6858257 1.8847176 2.6617828 2.7773220 2.1153211 1.9143960 1.8733932 2.2792957 1.6927335 2.8816773 2.9126193 2.2512844 1.8423724 9.0000000 1.2339831 1.1060702 2.1337632 4.5203496 2.2497550 2.7579630 
n296_297   2.4289066 2.0089511 0.0000000 1.9218541 0.1132174 2.2241650 2.9613961 0.3317986 2.2217810 2.2000766 0.5193823 0.3365994 0.1132807 0.3100994 0.9219820 2.0036618 2.1593932 0.0449886 0.1170894 4.1783009 1.7855949 1.8728152 0.3427163 3.0480935 0.2996862 2.0120304 
n285_286   2.5065429 0.1003116 1.9218541 0.0000000 1.8014945 2.0805973 2.7566985 1.9466708 2.7028487 2.8144953 2.0555395 1.9369607 1.9358153 2.4213471 1.8030009 2.6690297 2.6937365 2.1437285 1.8689641 6.1821916 1.2260821 1.1324888 2.1614491 3.1364715 2.3273234 2.5635604 
n289_290   1.9246502 1.8074780 0.1132174 1.8014945 0.0000000 2.2879990 4.1540018 0.3732489 1.8897023 2.2061092 0.5748627 0.3726608 0.0415368 0.3622993 1.0499939 2.0073044 2.2038133 0.1295007 0.0450415 3.0838206 1.9709570 2.0902936 0.3852467 3.5850766 0.3512463 1.9748263 
n274_275   0.5396752 2.2962776 2.2241650 2.0805973 2.2879990 0.0000000 2.7970538 2.1908939 0.5120679 0.1499466 2.1799963 2.2364271 2.1937568 1.9472224 1.9463478 0.1166718 0.1453697 2.2851155 2.3461911 2.0956913 1.5984022 1.8435194 2.3527709 3.3560210 1.9432157 0.1248571 
n255_256   3.1790577 3.6858257 2.9613961 2.7566985 4.1540018 2.7970538 0.0000000 2.5718554 2.5889525 2.9076554 4.2790049 2.6640771 4.0230155 3.0117934 3.8981647 3.1504654 2.9855143 3.0326038 3.8038158 2.5561983 4.2018619 2.8739360 2.3802686 0.3450643 3.1055672 2.9267106 
n275_276   1.9708379 1.8847176 0.3317986 1.9466708 0.3732489 2.1908939 2.5718554 0.0000000 2.0758709 2.0156756 0.5647259 0.1384181 0.3619325 0.1601493 1.0360421 1.8101538 1.9570371 0.3490464 0.3725020 2.4914107 1.9956710 2.1076739 0.1554541 2.9992023 0.1515721 1.8536625 
n278_279   0.1341263 2.6617828 2.2217810 2.7028487 1.8897023 0.5120679 2.5889525 2.0758709 0.0000000 0.4963461 2.5710157 2.1613778 2.0210877 2.1601148 2.2388429 0.4669415 0.5092693 2.3363142 1.9603795 2.9208991 1.7999935 2.2173586 2.2593062 3.1602728 2.1985245 0.4602673 
n299_300   0.4948447 2.7773220 2.2000766 2.8144953 2.2061092 0.1499466 2.9076554 2.0156756 0.4963461 0.0000000 2.1089932 2.1696800 2.3895372 2.0000080 1.9507999 0.0520269 0.0971494 2.3135163 2.2598139 2.7163420 1.5401994 1.8215585 2.3338248 3.3756004 1.9153217 0.0307035 
n236_237   3.1424021 2.1153211 0.5193823 2.0555395 0.5748627 2.1799963 4.2790049 0.5647259 2.5710157 2.1089932 0.0000000 0.5897211 0.5518922 0.6176160 0.9143585 2.0005994 1.9660802 0.5572288 0.5510467 3.1394511 1.8016214 2.0014120 0.6238874 3.3289089 0.6000056 2.0180187 
n293_294   2.1165553 1.9143960 0.3365994 1.9369607 0.3726608 2.2364271 2.6640771 0.1384181 2.1613778 2.1696800 0.5897211 0.0000000 0.3849866 0.1510494 1.1614379 1.9264112 2.0950445 0.3597865 0.3663146 2.3201033 2.0546419 2.1325661 0.0379968 3.4131221 0.1385133 1.9825018 
n290_291   2.1056059 1.8733932 0.1132807 1.9358153 0.0415368 2.1937568 4.0230155 0.3619325 2.0210877 2.3895372 0.5518922 0.3849866 0.0000000 0.3566544 0.9957733 2.1162785 2.3378841 0.1295741 0.0486774 2.7643054 1.8975319 2.0937012 0.3978232 3.5099804 0.3456799 2.1194140 
n297_298   2.2576061 2.2792957 0.3100994 2.4213471 0.3622993 1.9472224 3.0117934 0.1601493 2.1601148 2.0000080 0.6176160 0.1510494 0.3566544 0.0000000 1.0326589 1.7634242 1.8852406 0.3327453 0.3555560 2.4384295 1.9559919 2.1326571 0.1639922 3.2508918 0.0239588 1.8011315 
n200_201   1.9005325 1.6927335 0.9219820 1.8030009 1.0499939 1.9463478 3.8981647 1.0360421 2.2388429 1.9507999 0.9143585 1.1614379 0.9957733 1.0326589 0.0000000 1.8321910 2.1811964 1.0020771 1.0165359 3.4777618 2.1965255 2.2529622 1.1579364 2.6076320 1.0478000 1.8777580 
n292_293   0.4519458 2.8816773 2.0036618 2.6690297 2.0073044 0.1166718 3.1504654 1.8101538 0.4669415 0.0520269 2.0005994 1.9264112 2.1162785 1.7634242 1.8321910 0.0000000 0.0555542 2.0967768 2.0975243 2.2525297 1.5555834 1.9302974 2.0541932 3.7416804 1.7601738 0.0271627 
n280_281   0.5077256 2.9126193 2.1593932 2.6937365 2.2038133 0.1453697 2.9855143 1.9570371 0.5092693 0.0971494 1.9660802 2.0950445 2.3378841 1.8852406 2.1811964 0.0555542 0.0000000 2.3107585 2.3149710 2.1929503 1.6111100 2.0114774 2.2462620 3.4829863 1.8814926 0.0703688 
n295_296   2.5690515 2.2512844 0.0449886 2.1437285 0.1295007 2.2851155 3.0326038 0.3490464 2.3363142 2.3135163 0.5572288 0.3597865 0.1295741 0.3327453 1.0020771 2.0967768 2.3107585 0.0000000 0.1293283 3.9668747 1.9304246 1.9859873 0.3602136 3.0990600 0.3219847 2.1057854 
n287_288   2.0008479 1.8423724 0.1170894 1.8689641 0.0450415 2.3461911 3.8038158 0.3725020 1.9603795 2.2598139 0.5510467 0.3663146 0.0486774 0.3555560 1.0165359 2.0975243 2.3149710 0.1293283 0.0000000 2.7936086 1.8231983 1.9181230 0.3667519 3.6373208 0.3447562 2.0619788 
n244_245   2.6547230 9.0000000 4.1783009 6.1821916 3.0838206 2.0956913 2.5561983 2.4914107 2.9208991 2.7163420 3.1394511 2.3201033 2.7643054 2.4384295 3.4777618 2.2525297 2.1929503 3.9668747 2.7936086 0.0000000 3.6461750 3.2796880 2.3322295 2.8216132 2.6461047 2.3283861 
n265_266   1.9530903 1.2339831 1.7855949 1.2260821 1.9709570 1.5984022 4.2018619 1.9956710 1.7999935 1.5401994 1.8016214 2.0546419 1.8975319 1.9559919 2.1965255 1.5555834 1.6111100 1.9304246 1.8231983 3.6461750 0.0000000 0.1798948 2.1039073 3.9384527 1.9942853 1.5334168 
n266_267   2.3270954 1.1060702 1.8728152 1.1324888 2.0902936 1.8435194 2.8739360 2.1076739 2.2173586 1.8215585 2.0014120 2.1325661 2.0937012 2.1326571 2.2529622 1.9302974 2.0114774 1.9859873 1.9181230 3.2796880 0.1798948 0.0000000 2.2364906 2.5405190 2.0507356 1.8967871 
n294_295   2.1580107 2.1337632 0.3427163 2.1614491 0.3852467 2.3527709 2.3802686 0.1554541 2.2593062 2.3338248 0.6238874 0.0379968 0.3978232 0.1639922 1.1579364 2.0541932 2.2462620 0.3602136 0.3667519 2.3322295 2.1039073 2.2364906 0.0000000 3.3076594 0.1512122 2.1179390 
n251_252   4.5081400 4.5203496 3.0480935 3.1364715 3.5850766 3.3560210 0.3450643 2.9992023 3.1602728 3.3756004 3.3289089 3.4131221 3.5099804 3.2508918 2.6076320 3.7416804 3.4829863 3.0990600 3.6373208 2.8216132 3.9384527 2.5405190 3.3076594 0.0000000 3.3767036 3.6842467 
n298_299   2.2521092 2.2497550 0.2996862 2.3273234 0.3512463 1.9432157 3.1055672 0.1515721 2.1985245 1.9153217 0.6000056 0.1385133 0.3456799 0.0239588 1.0478000 1.7601738 1.8814926 0.3219847 0.3447562 2.6461047 1.9942853 2.0507356 0.1512122 3.3767036 0.0000000 1.7977450 
n300_301   0.4523983 2.7579630 2.0120304 2.5635604 1.9748263 0.1248571 2.9267106 1.8536625 0.4602673 0.0307035 2.0180187 1.9825018 2.1194140 1.8011315 1.8777580 0.0271627 0.0703688 2.1057854 2.0619788 2.3283861 1.5334168 1.8967871 2.1179390 3.6842467 1.7977450 0.0000000 
