27
n274_281   0.0000000 0.2950809 0.0202398 0.0236734 0.2949416 0.3704252 0.0918787 0.2849703 0.2654234 0.2653469 0.2518112 0.2660256 0.0236782 0.2846786 0.3993771 0.2900497 0.2564208 0.2948750 0.2708581 0.3593567 0.2651852 0.2801197 0.0807614 0.2702784 0.2698714 0.2943074 0.2950074 
n294_303   0.2950809 0.0000000 0.2999089 0.3050082 0.0203359 0.3941313 0.2844672 0.0134902 0.0341703 0.0376724 0.2761906 0.2812921 0.3003435 0.1476040 0.3898799 0.0033495 0.2760684 0.2957088 0.2862396 0.4048575 0.0376523 0.2857544 0.2703007 0.0376851 0.0411631 0.1038183 0.0203391 
n292_301   0.0202398 0.2999089 0.0000000 0.0033339 0.2997667 0.3757928 0.0956130 0.2897335 0.2700697 0.2699916 0.2563351 0.2611341 0.0168251 0.2945281 0.4051508 0.2948465 0.2609681 0.2947052 0.2659320 0.3646448 0.2698257 0.2799602 0.0844481 0.2749539 0.2745373 0.3092545 0.2998340 
n299_308   0.0236734 0.3050082 0.0033339 0.0000000 0.3048629 0.3814201 0.0994283 0.2947583 0.2749539 0.2748742 0.2611375 0.2659713 0.0202415 0.2995837 0.4110321 0.2999089 0.2658001 0.2997670 0.2708026 0.3701831 0.2747041 0.2849191 0.0882073 0.2798726 0.2794462 0.3144082 0.3049318 
n298_307   0.2949416 0.0203359 0.2997667 0.3048629 0.0000000 0.3772090 0.2843347 0.0134853 0.0341576 0.0376583 0.2760623 0.2811606 0.3002010 0.1475431 0.3785552 0.0169033 0.2759402 0.3005583 0.2861052 0.3877151 0.0376382 0.2807084 0.2701767 0.0376710 0.0411477 0.1037763 0.0067102 
n251_258   0.3704252 0.3941313 0.3757928 0.3814201 0.3772090 0.0000000 0.3586342 0.3825568 0.3660132 0.3714441 0.3555100 0.3608664 0.3815064 0.3827312 0.2929655 0.3883843 0.3716525 0.3715513 0.3663510 0.0693262 0.3657834 0.3498364 0.3326701 0.3715805 0.3657173 0.4046518 0.3883719 
n277_284   0.0918787 0.2844672 0.0956130 0.0994283 0.2843347 0.3586342 0.0000000 0.2745296 0.2600606 0.2599856 0.2373285 0.2466071 0.0994493 0.2939524 0.3758705 0.2795211 0.2418437 0.2557160 0.2513019 0.3477667 0.2598295 0.2509812 0.0236215 0.2648695 0.2644738 0.2885691 0.2843970 
n275_282   0.2849703 0.0134902 0.2897335 0.2947583 0.0134853 0.3825568 0.2745296 0.0000000 0.0271892 0.0306564 0.2663191 0.2713400 0.2901505 0.1393706 0.3783364 0.0100920 0.2662025 0.2954663 0.2762161 0.3931278 0.0306402 0.2757571 0.2605492 0.0306668 0.0341169 0.0960984 0.0134874 
n290_299   0.2654234 0.0341703 0.2700697 0.2749539 0.0341576 0.3660132 0.2600606 0.0271892 0.0000000 0.0033431 0.2474084 0.2522853 0.2704512 0.1233897 0.3672700 0.0306737 0.2473020 0.2758174 0.2570344 0.3763736 0.0100737 0.2566226 0.2463391 0.0033443 0.0134595 0.0922614 0.0341630 
n287_296   0.2653469 0.0376724 0.2699916 0.2748742 0.0376583 0.3714441 0.2599856 0.0306564 0.0033431 0.0000000 0.2520677 0.2569795 0.2703717 0.1273392 0.3618576 0.0341587 0.2519588 0.2806561 0.2617595 0.3818724 0.0134611 0.2613363 0.2462688 0.0067031 0.0168615 0.0960417 0.0376643 
n286_295   0.2518112 0.2761906 0.2563351 0.2611375 0.2760623 0.3555100 0.2373285 0.2663191 0.2474084 0.2520677 0.0000000 0.0700945 0.2708895 0.2617648 0.3668220 0.2712763 0.0100869 0.1473906 0.0737883 0.3340802 0.2518990 0.1312280 0.2193569 0.2521588 0.2565229 0.2660773 0.2761225 
n285_292   0.2660256 0.2812921 0.2611341 0.2659713 0.2811606 0.3608664 0.2466071 0.2713400 0.2522853 0.2569795 0.0700945 0.0000000 0.2710661 0.2762638 0.3513704 0.2763381 0.0737583 0.1557244 0.0033512 0.3497631 0.2568065 0.1393643 0.2330790 0.2475467 0.2614638 0.2856922 0.2812224 
n280_287   0.0236782 0.3003435 0.0168251 0.0202415 0.3002010 0.3815064 0.0994493 0.2901505 0.2704512 0.2703717 0.2708895 0.2710661 0.0000000 0.2946836 0.3997860 0.2952719 0.2756138 0.3000417 0.2759364 0.3702669 0.2702059 0.2851772 0.0882257 0.2753441 0.2749258 0.3094178 0.3002684 
n200_201   0.2846786 0.1476040 0.2945281 0.2995837 0.1475431 0.3827312 0.2939524 0.1393706 0.1233897 0.1273392 0.2617648 0.2762638 0.2946836 0.0000000 0.3669619 0.1434927 0.2664413 0.2956000 0.2762651 0.3989577 0.1272642 0.2710583 0.2796303 0.1273837 0.1312093 0.1513599 0.1475703 
n244_247   0.3993771 0.3898799 0.4051508 0.4110321 0.3785552 0.2929655 0.3758705 0.3783364 0.3672700 0.3618576 0.3668220 0.3513704 0.3997860 0.3669619 0.0000000 0.3841474 0.3777497 0.3890543 0.3568019 0.2878048 0.3671775 0.3723408 0.3656710 0.3728661 0.3725208 0.3886735 0.3897766 
n293_302   0.2900497 0.0033495 0.2948465 0.2999089 0.0169033 0.3883843 0.2795211 0.0100920 0.0306737 0.0341587 0.2712763 0.2763381 0.2952719 0.1434927 0.3841474 0.0000000 0.2711568 0.2906621 0.2812507 0.3990345 0.0341406 0.2807785 0.2654455 0.0341703 0.0376347 0.0999585 0.0169060 
n285_294   0.2564208 0.2760684 0.2609681 0.2658001 0.2759402 0.3716525 0.2418437 0.2662025 0.2473020 0.2519588 0.0100869 0.0737583 0.2756138 0.2664413 0.3777497 0.2711568 0.0000000 0.1514310 0.0774699 0.3497551 0.2517903 0.1351848 0.2237722 0.2520498 0.2564117 0.2659609 0.2760003 
n266_273   0.2948750 0.2957088 0.2947052 0.2997670 0.3005583 0.3715513 0.2557160 0.2954663 0.2758174 0.2806561 0.1473906 0.1557244 0.3000417 0.2956000 0.3890543 0.2906621 0.1514310 0.0000000 0.1598832 0.3709944 0.2804627 0.0271883 0.2513019 0.2807582 0.2852566 0.3000374 0.3006260 
n286_293   0.2708581 0.2862396 0.2659320 0.2708026 0.2861052 0.3663510 0.2513019 0.2762161 0.2570344 0.2617595 0.0737883 0.0033512 0.2759364 0.2762651 0.3568019 0.2812507 0.0774699 0.1598832 0.0000000 0.3551581 0.2615823 0.1434288 0.2376918 0.2522635 0.2662690 0.2906605 0.2861684 
n255_262   0.3593567 0.4048575 0.3646448 0.3701831 0.3877151 0.0693262 0.3477667 0.3931278 0.3763736 0.3818724 0.3340802 0.3497631 0.3702669 0.3989577 0.2878048 0.3990345 0.3497551 0.3709944 0.3551581 0.0000000 0.3761366 0.3493260 0.3221766 0.3820135 0.3760682 0.4154887 0.3990218 
n296_305   0.2651852 0.0376523 0.2698257 0.2747041 0.0376382 0.3657834 0.2598295 0.0306402 0.0100737 0.0134611 0.2518990 0.2568065 0.2702059 0.1272642 0.3671775 0.0341406 0.2517903 0.2804627 0.2615823 0.3761366 0.0000000 0.2611598 0.2461231 0.0134656 0.0033408 0.0959872 0.0376442 
n265_272   0.2801197 0.2857544 0.2799602 0.2849191 0.2807084 0.3498364 0.2509812 0.2757571 0.2566226 0.2613363 0.1312280 0.1393643 0.2851772 0.2710583 0.3723408 0.2807785 0.1351848 0.0271883 0.1434288 0.3493260 0.2611598 0.0000000 0.2465915 0.2614308 0.2658352 0.2898578 0.2807700 
n278_285   0.0807614 0.2703007 0.0844481 0.0882073 0.2701767 0.3326701 0.0236215 0.2605492 0.2463391 0.2462688 0.2193569 0.2330790 0.0882257 0.2796303 0.3656710 0.2654455 0.2237722 0.2513019 0.2376918 0.3221766 0.2461231 0.2465915 0.0000000 0.2510618 0.2506919 0.2743688 0.2702347 
n289_298   0.2702784 0.0376851 0.2749539 0.2798726 0.0376710 0.3715805 0.2648695 0.0306668 0.0033443 0.0067031 0.2521588 0.2475467 0.2753441 0.1273837 0.3728661 0.0341703 0.2520498 0.2807582 0.2522635 0.3820135 0.0134656 0.2614308 0.2510618 0.0000000 0.0168671 0.0960748 0.0376771 
n295_304   0.2698714 0.0411631 0.2745373 0.2794462 0.0411477 0.3657173 0.2644738 0.0341169 0.0134595 0.0168615 0.2565229 0.2614638 0.2749258 0.1312093 0.3725208 0.0376347 0.2564117 0.2852566 0.2662690 0.3760682 0.0033408 0.2658352 0.2506919 0.0168671 0.0000000 0.0997685 0.0411543 
n236_239   0.2943074 0.1038183 0.3092545 0.3144082 0.1037763 0.4046518 0.2885691 0.0960984 0.0922614 0.0960417 0.2660773 0.2856922 0.3094178 0.1513599 0.3886735 0.0999585 0.2659609 0.3000374 0.2906605 0.4154887 0.0959872 0.2898578 0.2743688 0.0960748 0.0997685 0.0000000 0.1037943 
n297_306   0.2950074 0.0203391 0.2998340 0.3049318 0.0067102 0.3883719 0.2843970 0.0134874 0.0341630 0.0376643 0.2761225 0.2812224 0.3002684 0.1475703 0.3897766 0.0169060 0.2760003 0.3006260 0.2861684 0.3990218 0.0376442 0.2807700 0.2702347 0.0376771 0.0411543 0.1037943 0.0000000 
