24
n298_299   0.0000000 0.3079393 0.1851097 0.3391335 0.0340892 0.3286672 0.3184739 0.0066997 0.0168646 0.0033454 0.2886861 0.0411777 0.3836336 0.3239761 0.0888421 0.3601712 0.3381089 0.0100792 0.3190482 0.3291395 0.0447138 0.3134218 0.3501006 0.2879678 
n280_281   0.3079393 0.0000000 0.3035417 0.3079862 0.3080641 0.2957255 0.0100247 0.3130206 0.3284822 0.3086296 0.0736052 0.3029849 0.3603635 0.0100455 0.3085050 0.3385627 0.3070717 0.3184439 0.0100409 0.2922488 0.3025326 0.0066695 0.3440381 0.0772323 
n200_201   0.1851097 0.3035417 0.0000000 0.3216179 0.1685244 0.3279814 0.3140311 0.1851599 0.1981321 0.1895776 0.3079055 0.1771180 0.4198013 0.3085929 0.1770239 0.3892789 0.3206596 0.1896149 0.3145974 0.3284517 0.1813760 0.3089984 0.3500988 0.2979131 
n286_287   0.3391335 0.3079862 0.3216179 0.0000000 0.3392765 0.1394546 0.3185260 0.3388137 0.3500938 0.3447919 0.2872501 0.3454895 0.4172428 0.3187935 0.3237545 0.4049617 0.0134845 0.3390659 0.3191006 0.1439782 0.3508320 0.3134714 0.3647989 0.2873917 
n287_288   0.0340892 0.3080641 0.1685244 0.3392765 0.0000000 0.3231718 0.3186049 0.0340995 0.0446435 0.0376152 0.2834494 0.0134935 0.4057466 0.3241104 0.0775365 0.3815893 0.3382509 0.0376234 0.3191796 0.3236329 0.0169054 0.3135499 0.3437610 0.2834682 
n266_267   0.3286672 0.2957255 0.3279814 0.1394546 0.3231718 0.0000000 0.3060124 0.3283594 0.3394583 0.3342333 0.2763337 0.3292096 0.4160960 0.3113736 0.3180109 0.4038709 0.1432315 0.3286038 0.3065577 0.0341809 0.3287120 0.3010731 0.3446587 0.2815707 
n292_293   0.3184739 0.0100247 0.3140311 0.3185260 0.3186049 0.3060124 0.0000000 0.3236301 0.3393211 0.3191927 0.0846913 0.3134506 0.3661203 0.0202174 0.3190583 0.3495476 0.3175739 0.3291431 0.0066809 0.3025299 0.3129800 0.0033283 0.3551039 0.0883615 
n293_294   0.0066997 0.3130206 0.1851599 0.3388137 0.0340995 0.3283594 0.3236301 0.0000000 0.0168697 0.0100801 0.2936509 0.0411901 0.3892509 0.3291760 0.0852306 0.3656062 0.3377909 0.0100823 0.3242149 0.3288308 0.0447273 0.3185447 0.3554773 0.2929180 
n275_276   0.0168646 0.3284822 0.1981321 0.3500938 0.0446435 0.3394583 0.3393211 0.0168697 0.0000000 0.0202995 0.3087552 0.0518557 0.4063544 0.3450017 0.1002812 0.3821511 0.3490288 0.0203040 0.3399381 0.3399526 0.0554439 0.3341338 0.3609725 0.3079775 
n297_298   0.0033454 0.3086296 0.1895776 0.3447919 0.0376152 0.3342333 0.3191927 0.0100801 0.0202995 0.0000000 0.2939481 0.0447495 0.3845333 0.3247105 0.0927018 0.3610023 0.3437460 0.0134799 0.3197694 0.3347171 0.0483054 0.3141273 0.3558556 0.2932136 
n278_279   0.2886861 0.0736052 0.3079055 0.2872501 0.2834494 0.2763337 0.0846913 0.2936509 0.3087552 0.2939481 0.0000000 0.2785277 0.3889981 0.0848759 0.2937090 0.3603305 0.2966151 0.2889180 0.0848299 0.2728619 0.2781161 0.0809811 0.3335980 0.0168280 
n295_296   0.0411777 0.3029849 0.1771180 0.3454895 0.0134935 0.3292096 0.3134506 0.0411901 0.0518557 0.0447495 0.2785277 0.0000000 0.4184240 0.3189124 0.0814466 0.3937920 0.3444394 0.0447592 0.3140149 0.3296836 0.0033431 0.3084290 0.3552966 0.2785463 
n251_252   0.3836336 0.3603635 0.4198013 0.4172428 0.4057466 0.4160960 0.3661203 0.3892509 0.4063544 0.3845333 0.3889981 0.4184240 0.0000000 0.3776607 0.4187103 0.0555723 0.4159259 0.3953221 0.3667934 0.4127629 0.4189158 0.3607545 0.3296457 0.3942105 
n274_275   0.3239761 0.0100455 0.3085929 0.3187935 0.3241104 0.3113736 0.0202174 0.3291760 0.3450017 0.3247105 0.0848759 0.3189124 0.3776607 0.0000000 0.3245707 0.3553148 0.3178394 0.3347411 0.0202500 0.3078855 0.3184318 0.0168130 0.3609190 0.0885549 
n236_237   0.0888421 0.3085050 0.1770239 0.3237545 0.0775365 0.3180109 0.3190583 0.0852306 0.1002812 0.0927018 0.2937090 0.0814466 0.4187103 0.3245707 0.0000000 0.3890861 0.3227844 0.0927216 0.3196344 0.3184619 0.0851960 0.3139976 0.3613513 0.2983968 
n255_256   0.3601712 0.3385627 0.3892789 0.4049617 0.3815893 0.4038709 0.3495476 0.3656062 0.3821511 0.3610023 0.3603305 0.3937920 0.0555723 0.3553148 0.3890861 0.0000000 0.4036928 0.3714578 0.3501855 0.4005404 0.3942458 0.3442956 0.3122083 0.3653713 
n285_286   0.3381089 0.3070717 0.3206596 0.0134845 0.3382509 0.1432315 0.3175739 0.3377909 0.3490288 0.3437460 0.2966151 0.3444394 0.4159259 0.3178394 0.3227844 0.4036928 0.0000000 0.3380418 0.3181453 0.1477818 0.3497626 0.3125369 0.3636837 0.2967622 
n294_295   0.0100792 0.3184439 0.1896149 0.3390659 0.0376234 0.3286038 0.3291431 0.0100823 0.0203040 0.0134799 0.2889180 0.0447592 0.3953221 0.3347411 0.0927216 0.3714578 0.3380418 0.0000000 0.3297398 0.3290758 0.0483159 0.3240175 0.3612567 0.2935501 
n300_301   0.3190482 0.0100409 0.3145974 0.3191006 0.3191796 0.3065577 0.0066809 0.3242149 0.3399381 0.3197694 0.0848299 0.3140149 0.3667934 0.0202500 0.3196344 0.3501855 0.3181453 0.3297398 0.0000000 0.3030706 0.3135427 0.0033337 0.3557533 0.0885064 
n265_266   0.3291395 0.2922488 0.3284517 0.1439782 0.3236329 0.0341809 0.3025299 0.3288308 0.3399526 0.3347171 0.2728619 0.3296836 0.4127629 0.3078855 0.3184619 0.4005404 0.1477818 0.3290758 0.3030706 0.0000000 0.3291845 0.2975914 0.3607242 0.2780933 
n296_297   0.0447138 0.3025326 0.1813760 0.3508320 0.0169054 0.3287120 0.3129800 0.0447273 0.0554439 0.0483054 0.2781161 0.0033431 0.4189158 0.3184318 0.0851960 0.3942458 0.3497626 0.0483159 0.3135427 0.3291845 0.0000000 0.3079670 0.3606958 0.2781346 
n299_300   0.3134218 0.0066695 0.3089984 0.3134714 0.3135499 0.3010731 0.0033283 0.3185447 0.3341338 0.3141273 0.0809811 0.3084290 0.3607545 0.0168130 0.3139976 0.3442956 0.3125369 0.3240175 0.0033337 0.2975914 0.3079670 0.0000000 0.3498160 0.0846369 
n244_245   0.3501006 0.3440381 0.3500988 0.3647989 0.3437610 0.3446587 0.3551039 0.3554773 0.3609725 0.3558556 0.3335980 0.3552966 0.3296457 0.3609190 0.3613513 0.3122083 0.3636837 0.3612567 0.3557533 0.3607242 0.3606958 0.3498160 0.0000000 0.3336184 
n277_278   0.2879678 0.0772323 0.2979131 0.2873917 0.2834682 0.2815707 0.0883615 0.2929180 0.3079775 0.2932136 0.0168280 0.2785463 0.3942105 0.0885549 0.2983968 0.3653713 0.2967622 0.2935501 0.0885064 0.2780933 0.2781346 0.0846369 0.3336184 0.0000000 
