22
n298_299   0.0000000 0.4488174 0.1858514 0.3662306 0.0376271 0.3774805 0.4367220 0.0134576 0.0168407 0.0482405 0.4125938 0.0376215 0.4663652 0.4372355 0.1040242 0.4342570 0.3659102 0.0134438 0.3884269 0.0411230 0.4095740 0.4004416 
n280_281   0.4488174 0.0000000 0.4249491 0.2827865 0.4484810 0.3285287 0.0203043 0.4619424 0.4420093 0.4612659 0.0887538 0.4484178 0.4351973 0.0237498 0.3949629 0.4108568 0.2877350 0.4546111 0.3440151 0.4483322 0.4166773 0.0738147 
n200_201   0.1858514 0.4249491 0.0000000 0.3445688 0.1812996 0.3552961 0.4132117 0.1903858 0.1988639 0.1942820 0.3900063 0.1726477 0.4519545 0.4019901 0.1687401 0.4154325 0.3442742 0.1901679 0.3659312 0.1726975 0.3810060 0.3898414 
n286_287   0.3662306 0.2827865 0.3445688 0.0000000 0.3546954 0.1317186 0.2730515 0.3778523 0.3662558 0.3600800 0.2831307 0.3438289 0.4159152 0.2684267 0.3392346 0.3865929 0.0067151 0.3714386 0.1396153 0.3490881 0.3540611 0.2730076 
n287_288   0.0376271 0.4484810 0.1812996 0.3546954 0.0000000 0.3660534 0.4363995 0.0376631 0.0411346 0.0100572 0.4122987 0.0134479 0.4473924 0.4369122 0.0924396 0.4161321 0.3543892 0.0376241 0.3768329 0.0168421 0.3862115 0.4001598 
n266_267   0.3774805 0.3285287 0.3552961 0.1317186 0.3660534 0.0000000 0.3181985 0.3892921 0.3775104 0.3715185 0.3032561 0.3493545 0.4219684 0.3185510 0.3390379 0.3927247 0.1316299 0.3827620 0.0341923 0.3546513 0.3654300 0.2979903 
n292_293   0.4367220 0.0203043 0.4132117 0.2730515 0.4363995 0.3181985 0.0000000 0.4496271 0.4300290 0.4489825 0.0849991 0.4363388 0.4293252 0.0168837 0.3836820 0.4051671 0.2779362 0.4424303 0.3284059 0.4362566 0.4051125 0.0701330 
n293_294   0.0134576 0.4619424 0.1903858 0.3778523 0.0376631 0.3892921 0.4496271 0.0000000 0.0168564 0.0482872 0.4250487 0.0447150 0.4736562 0.4501596 0.1041320 0.4411769 0.3775173 0.0066935 0.4004188 0.0482511 0.4101583 0.4126686 
n275_276   0.0168407 0.4420093 0.1988639 0.3662558 0.0411346 0.3775104 0.4300290 0.0168564 0.0000000 0.0517972 0.4061368 0.0482110 0.4476193 0.4305326 0.1001608 0.4163239 0.3659352 0.0134438 0.3884617 0.0517585 0.3981448 0.3941043 
n289_290   0.0482405 0.4612659 0.1942820 0.3600800 0.0100572 0.3715185 0.4489825 0.0482872 0.0517972 0.0000000 0.4244662 0.0237021 0.4595261 0.4495131 0.1039089 0.4277603 0.3597675 0.0482369 0.3823688 0.0271408 0.3973766 0.4121163 
n278_279   0.4125938 0.0887538 0.3900063 0.2831307 0.4122987 0.3032561 0.0849991 0.4250487 0.4061368 0.4244662 0.0000000 0.4067176 0.4117507 0.0887890 0.3727372 0.3881498 0.2880871 0.4181266 0.3129642 0.4121671 0.3995423 0.0237948 
n295_296   0.0376215 0.4484178 0.1726477 0.3438289 0.0134479 0.3493545 0.4363388 0.0447150 0.0482110 0.0237021 0.4067176 0.0000000 0.4532564 0.4368513 0.1000380 0.4217558 0.3435354 0.0446685 0.3598966 0.0100516 0.3916154 0.4001061 
n251_252   0.4663652 0.4351973 0.4519545 0.4159152 0.4473924 0.4219684 0.4293252 0.4736562 0.4476193 0.4595261 0.4117507 0.4532564 0.0000000 0.4355088 0.4231866 0.0481254 0.4210871 0.4662016 0.4394171 0.4592456 0.2563209 0.4061503 
n274_275   0.4372355 0.0237498 0.4019901 0.2684267 0.4369122 0.3185510 0.0168837 0.4501596 0.4305326 0.4495131 0.0887890 0.4368513 0.4355088 0.0000000 0.3841217 0.4111420 0.2732835 0.4429517 0.3335934 0.4367689 0.4110850 0.0738430 
n236_237   0.1040242 0.3949629 0.1687401 0.3392346 0.0924396 0.3390379 0.3836820 0.1041320 0.1001608 0.1039089 0.3727372 0.1000380 0.4231866 0.3841217 0.0000000 0.3819183 0.3389460 0.1002039 0.3606536 0.1038328 0.3701899 0.3612397 
n255_256   0.4342570 0.4108568 0.4154325 0.3865929 0.4161321 0.3927247 0.4051671 0.4411769 0.4163239 0.4277603 0.3881498 0.4217558 0.0481254 0.4111420 0.3819183 0.0000000 0.3862490 0.4341036 0.4095200 0.4274934 0.2377666 0.3827156 
n285_286   0.3659102 0.2877350 0.3442742 0.0067151 0.3543892 0.1316299 0.2779362 0.3775173 0.3659352 0.3597675 0.2880871 0.3435354 0.4210871 0.2732835 0.3389460 0.3862490 0.0000000 0.3711120 0.1395205 0.3487886 0.3537561 0.2778919 
n294_295   0.0134438 0.4546111 0.1901679 0.3714386 0.0376241 0.3827620 0.4424303 0.0066935 0.0134438 0.0482369 0.4181266 0.0446685 0.4662016 0.4429517 0.1002039 0.4341036 0.3711120 0.0000000 0.3937779 0.0482008 0.4094284 0.4058852 
n265_266   0.3884269 0.3440151 0.3659312 0.1396153 0.3768329 0.0341923 0.3284059 0.4004188 0.3884617 0.3823688 0.3129642 0.3598966 0.4394171 0.3335934 0.3606536 0.4095200 0.1395205 0.3937779 0.0000000 0.3652632 0.3816648 0.3076326 
n296_297   0.0411230 0.4483322 0.1726975 0.3490881 0.0168421 0.3546513 0.4362566 0.0482511 0.0517585 0.0271408 0.4121671 0.0100516 0.4592456 0.4367689 0.1038328 0.4274934 0.3487886 0.0482008 0.3652632 0.0000000 0.3971232 0.4000337 
n244_245   0.4095740 0.4166773 0.3810060 0.3540611 0.3862115 0.3654300 0.4051125 0.4101583 0.3981448 0.3973766 0.3995423 0.3916154 0.2563209 0.4110850 0.3701899 0.2377666 0.3537561 0.4094284 0.3816648 0.3971232 0.0000000 0.3990455 
n277_278   0.4004416 0.0738147 0.3898414 0.2730076 0.4001598 0.2979903 0.0701330 0.4126686 0.3941043 0.4121163 0.0237948 0.4001061 0.4061503 0.0738430 0.3612397 0.3827156 0.2778919 0.4058852 0.3076326 0.4000337 0.3990455 0.0000000 
