22
n287_196   0.0000000 0.2616796 0.0447321 0.0376247 0.2369233 0.0066903 0.0033391 0.2460845 0.0517715 0.1311110 0.2284670 0.0918977 0.0411286 0.2618026 0.2434133 0.2666151 0.2329856 0.0271465 0.2291759 0.2190096 0.0447033 0.2323764 
n292_201   0.2616796 0.0000000 0.2384387 0.2289707 0.2508894 0.2613915 0.2568064 0.2556660 0.2425796 0.2764491 0.0519164 0.2847387 0.2245632 0.0067196 0.0203227 0.0101042 0.0591805 0.2713293 0.0307457 0.1977341 0.2382782 0.2104906 
n275_184   0.0447321 0.2384387 0.0000000 0.0066985 0.2099229 0.0446897 0.0411739 0.2187580 0.0202715 0.1154056 0.2062593 0.0733903 0.0100673 0.2385484 0.2206778 0.2432124 0.2153399 0.0447426 0.2068914 0.1969064 0.0134663 0.2142650 
n297_206   0.0376247 0.2289707 0.0066985 0.0000000 0.2008864 0.0375892 0.0341079 0.2096061 0.0134356 0.1075036 0.1972450 0.0659951 0.0033365 0.2290751 0.2114341 0.2336739 0.2061967 0.0376336 0.1978447 0.1880357 0.0066942 0.2051749 
n286_195   0.2369233 0.2508894 0.2099229 0.2008864 0.0000000 0.2366685 0.2322401 0.0066573 0.2139318 0.2604080 0.2051532 0.2502598 0.1966510 0.2510057 0.2329381 0.2557278 0.2141783 0.2413916 0.2189724 0.1263344 0.2097839 0.1381760 
n289_198   0.0066903 0.2613915 0.0446897 0.0375892 0.2366685 0.0000000 0.0033360 0.2458183 0.0517221 0.1309799 0.2282227 0.0918077 0.0410896 0.2615142 0.2431484 0.2663203 0.2327355 0.0271210 0.2289294 0.2187762 0.0446610 0.2321273 
n290_199   0.0033391 0.2568064 0.0411739 0.0341079 0.2322401 0.0033360 0.0000000 0.2413401 0.0481817 0.1270751 0.2238310 0.0881009 0.0375946 0.2569265 0.2386572 0.2617049 0.2283201 0.0236870 0.2245228 0.2144424 0.0411474 0.2277234 
n285_194   0.2460845 0.2556660 0.2187580 0.2096061 0.0066573 0.2458183 0.2413401 0.0000000 0.2228003 0.2698681 0.2096203 0.2595702 0.2053256 0.2557850 0.2376023 0.2605398 0.2187061 0.2506034 0.2235383 0.1342257 0.2186129 0.1461898 
n294_203   0.0517715 0.2425796 0.0202715 0.0134356 0.2139318 0.0517221 0.0481817 0.2228003 0.0000000 0.1230308 0.2102664 0.0806337 0.0168276 0.2426916 0.2247562 0.2473747 0.2193838 0.0517836 0.2109104 0.2008676 0.0066864 0.2182892 
n200_129   0.1311110 0.2764491 0.1154056 0.1075036 0.2604080 0.1309799 0.1270751 0.2698681 0.1230308 0.0000000 0.2522030 0.1508909 0.1037085 0.2765809 0.2624704 0.2814972 0.2619209 0.1311425 0.2575371 0.2280560 0.1153295 0.2600473 
n278_187   0.2284670 0.0519164 0.2062593 0.1972450 0.2051532 0.2282227 0.2238310 0.2096203 0.2102664 0.2522030 0.0000000 0.2510286 0.1930158 0.0519366 0.0377785 0.0555414 0.0067217 0.2376648 0.0342423 0.1593519 0.2061225 0.1756315 
n236_153   0.0918977 0.2847387 0.0733903 0.0659951 0.2502598 0.0918077 0.0881009 0.2595702 0.0806337 0.1508909 0.2510286 0.0000000 0.0696136 0.2751390 0.2660035 0.2898275 0.2606933 0.0919192 0.2513415 0.2361535 0.0733427 0.2543770 
n298_207   0.0411286 0.2245632 0.0100673 0.0033365 0.1966510 0.0410896 0.0375946 0.2053256 0.0168276 0.1037085 0.1930158 0.0696136 0.0000000 0.2246652 0.2071129 0.2292385 0.2019181 0.0411382 0.1936017 0.1838640 0.0100610 0.2009185 
n300_209   0.2618026 0.0067196 0.2385484 0.2290751 0.2510057 0.2615142 0.2569265 0.2557850 0.2426916 0.2765809 0.0519366 0.2751390 0.2246652 0.0000000 0.0203303 0.0101079 0.0592037 0.2714580 0.0307574 0.1978218 0.2383878 0.2149055 
n280_189   0.2434133 0.0203227 0.2206778 0.2114341 0.2329381 0.2431484 0.2386572 0.2376023 0.2247562 0.2624704 0.0377785 0.2660035 0.2071129 0.0203303 0.0000000 0.0237778 0.0449042 0.2528405 0.0169524 0.1808609 0.2205298 0.1976167 
n299_208   0.2666151 0.0101042 0.2432124 0.2336739 0.2557278 0.2663203 0.2617049 0.2605398 0.2473747 0.2814972 0.0555414 0.2898275 0.2292385 0.0101079 0.0237778 0.0000000 0.0628488 0.2763358 0.0342610 0.2022266 0.2430484 0.2194046 
n277_186   0.2329856 0.0591805 0.2153399 0.2061967 0.2141783 0.2327355 0.2283201 0.2187061 0.2193838 0.2619209 0.0067217 0.2606933 0.2019181 0.0592037 0.0449042 0.0628488 0.0000000 0.2422392 0.0413259 0.1678372 0.2151961 0.1801638 
n296_205   0.0271465 0.2713293 0.0447426 0.0376336 0.2413916 0.0271210 0.0236870 0.2506034 0.0517836 0.1311425 0.2376648 0.0919192 0.0411382 0.2714580 0.2528405 0.2763358 0.2422392 0.0000000 0.2384058 0.2233824 0.0447138 0.2368197 
n274_183   0.2291759 0.0307457 0.2068914 0.1978447 0.2189724 0.2289294 0.2245228 0.2235383 0.2109104 0.2575371 0.0342423 0.2513415 0.1936017 0.0307574 0.0169524 0.0342610 0.0413259 0.2384058 0.0000000 0.1723002 0.2067533 0.1888751 
n265_174   0.2190096 0.1977341 0.1969064 0.1880357 0.1263344 0.2187762 0.2144424 0.1342257 0.2008676 0.2280560 0.1593519 0.2361535 0.1838640 0.1978218 0.1808609 0.2022266 0.1678372 0.2233824 0.1723002 0.0000000 0.1967756 0.0236881 
n293_202   0.0447033 0.2382782 0.0134663 0.0066942 0.2097839 0.0446610 0.0411474 0.2186129 0.0066864 0.1153295 0.2061225 0.0733427 0.0100610 0.2383878 0.2205298 0.2430484 0.2151961 0.0447138 0.2067533 0.1967756 0.0000000 0.2141233 
n266_175   0.2323764 0.2104906 0.2142650 0.2051749 0.1381760 0.2321273 0.2277234 0.1461898 0.2182892 0.2600473 0.1756315 0.2543770 0.2009185 0.2149055 0.1976167 0.2194046 0.1801638 0.2368197 0.1888751 0.0236881 0.2141233 0.0000000 
