30
n280_321   0.0000000 2.1919848 1.5610451 2.3719368 2.0533477 2.4880469 1.9744846 0.1376907 2.0044013 1.7261333 2.2374022 1.6204981 0.4371234 2.0230674 0.0858001 2.7098655 2.0317632 1.9144595 1.9652111 1.7392972 0.4425252 1.8001890 1.7691438 1.6282755 1.9651855 2.5136838 2.3556466 0.0857881 4.5262731 0.0896345 
n287_330   2.1919848 0.0000000 2.1765756 0.0628255 1.3487338 0.0482969 0.3334716 2.1433292 2.0802314 3.3606246 0.1750271 2.0989185 2.6661764 2.7215508 2.0477961 3.1744599 0.3336530 0.3731425 0.3506003 1.9447864 2.5555082 0.5839262 3.0234414 2.2365029 0.3567583 3.7306638 0.1836561 1.9614757 9.0000000 1.9200401 
n265_306   1.5610451 2.1765756 0.0000000 2.3489510 1.8114226 2.2422357 2.6147484 1.5930697 1.3310377 1.3250356 2.1099382 0.8466938 1.8130639 1.3457994 1.7056812 1.9289590 2.5164780 2.5115251 2.7110008 0.9277321 1.7531837 1.8173823 1.3656671 0.1762441 2.3006833 2.4159554 2.1195515 1.5766408 2.5678450 1.6109357 
n289_332   2.3719368 0.0628255 2.3489510 0.0000000 1.3926427 0.0590903 0.3612969 2.2059553 2.1398110 4.1337636 0.2064983 1.9996271 2.8127921 2.9285585 2.2644642 2.7358107 0.3451531 0.3737371 0.3791455 1.8564446 2.7019213 0.6163106 3.2609993 2.2916810 0.3685073 3.2209599 0.2064269 2.1581250 4.7799743 2.1074268 
n200_227   2.0533477 1.3487338 1.8114226 1.3926427 0.0000000 1.4146989 1.0939052 2.1179077 2.3372175 2.4376286 1.3710731 2.0708583 1.9519618 2.1987669 1.8455141 2.8195052 1.0623916 1.0586686 1.0341374 1.9869190 2.1542850 1.1685172 2.4718406 1.8643673 1.0631062 2.2552985 1.3905037 1.9552845 2.8743706 2.0363657 
n290_333   2.4880469 0.0482969 2.2422357 0.0590903 1.4146989 0.0000000 0.3439433 2.2514620 2.0299698 4.1656891 0.1927995 1.9743246 2.7401524 2.7188343 2.3687145 2.8653241 0.3335097 0.3729838 0.3613236 1.7638929 2.6288004 0.6167578 3.5972514 2.3061121 0.3509142 3.1464387 0.2016560 2.2515310 9.0000000 2.1960045 
n297_340   1.9744846 0.3334716 2.6147484 0.3612969 1.0939052 0.3439433 0.0000000 1.8168951 1.9335063 2.9319491 0.3331225 1.9013720 2.0645442 2.3080006 1.8534891 3.3011248 0.1091636 0.1332317 0.0203507 1.6766442 2.0675706 0.5631517 2.8718132 2.4734070 0.1419542 3.3631660 0.3438306 1.8549946 4.3189374 1.8178405 
n274_315   0.1376907 2.1433292 1.5930697 2.2059553 2.1179077 2.2514620 1.8168951 0.0000000 2.1076456 1.6819989 2.1481174 1.5822933 0.4436350 2.1670921 0.1460707 2.6476887 1.7480525 1.6109553 1.8175315 1.6965807 0.4425666 1.8262879 1.7839859 1.7591993 1.8531117 2.9485932 2.2102554 0.1416252 5.6109525 0.1458212 
n265_304   2.0044013 2.0802314 1.3310377 2.1398110 2.3372175 2.0299698 1.9335063 2.1076456 0.0000000 0.8359875 1.9980034 1.0565178 2.4864962 0.1900563 1.9140004 2.0624164 2.1706784 2.0343947 1.8182468 1.1103599 2.0109259 1.8693737 0.8567850 1.4051581 1.8575400 2.1049949 2.0057937 1.9338980 2.1592516 1.9849488 
n285_326   1.7261333 3.3606246 1.3250356 4.1337636 2.4376286 4.1656891 2.9319491 1.6819989 0.8359875 0.0000000 2.7549640 1.2633860 1.4238045 0.9236151 1.6685741 2.6470202 2.5315997 2.5944175 2.8501725 1.2255405 1.3540936 2.1295762 0.0631965 1.6026414 2.5009740 3.9844640 2.4357652 1.6061394 3.3599645 1.6666069 
n296_339   2.2374022 0.1750271 2.1099382 0.2064983 1.3710731 0.1927995 0.3331225 2.1481174 1.9980034 2.7549640 0.0000000 2.2558591 2.4171971 2.5807542 2.1861206 3.9213678 0.3339404 0.3676505 0.3675175 2.0232186 2.1251295 0.6071539 2.6081629 2.3440496 0.3341188 3.7283783 0.0447826 2.0879296 9.0000000 2.1348163 
n285_328   1.6204981 2.0989185 0.8466938 1.9996271 2.0708583 1.9743246 1.9013720 1.5822933 1.0565178 1.2633860 2.2558591 0.0000000 1.6644469 1.0889731 1.5794589 2.0990678 2.0970312 2.0510232 1.9132882 0.0890548 1.5758762 1.9546008 1.2974375 0.9344171 1.9134670 2.1108382 2.1646895 1.5729087 2.6935492 1.6024511 
n278_319   0.4371234 2.6661764 1.8130639 2.8127921 1.9519618 2.7401524 2.0645442 0.4436350 2.4864962 1.4238045 2.4171971 1.6644469 0.0000000 2.5322301 0.4564257 3.0148074 2.3078968 2.5157207 1.9892109 1.7355362 0.1130206 1.7707959 1.5234961 2.0522931 2.0239266 2.8938314 2.4245136 0.4693750 4.4250146 0.4836026 
n266_305   2.0230674 2.7215508 1.3457994 2.9285585 2.1987669 2.7188343 2.3080006 2.1670921 0.1900563 0.9236151 2.5807542 1.0889731 2.5322301 0.0000000 1.9308354 2.1009856 2.4197348 2.3555937 2.1423011 1.1429800 2.0463279 1.8102082 0.9210199 1.3737813 2.2006127 2.0600885 2.5909313 2.0389121 1.9036830 2.0449244 
n292_335   0.0858001 2.0477961 1.7056812 2.2644642 1.8455141 2.3687145 1.8534891 0.1460707 1.9140004 1.6685741 2.1861206 1.5794589 0.4564257 1.9308354 0.0000000 2.8813781 1.9472983 1.8710225 1.8456066 1.7232155 0.4616401 1.8772874 1.7744771 1.7405448 1.8035905 2.6163984 2.2411763 0.0485076 3.6462760 0.0521240 
n251_288   2.7098655 3.1744599 1.9289590 2.7358107 2.8195052 2.8653241 3.3011248 2.6476887 2.0624164 2.6470202 3.9213678 2.0990678 3.0148074 2.1009856 2.8813781 0.0000000 3.8478936 3.6668686 3.2028979 1.8841150 2.9816630 2.9688928 2.7240381 1.9216323 3.5857408 0.2334129 3.8761277 2.8486709 2.1593386 2.9367536 
n293_336   2.0317632 0.3336530 2.5164780 0.3451531 1.0623916 0.3335097 0.1091636 1.7480525 2.1706784 2.5315997 0.3339404 2.0970312 2.3078968 2.4197348 1.9472983 3.8478936 0.0000000 0.0342963 0.1252449 1.8216131 2.0261712 0.5484305 2.5576618 2.7344612 0.1174650 4.1726999 0.3392174 1.9080966 4.5639213 1.8626001 
n294_337   1.9144595 0.3731425 2.5115251 0.3737371 1.0586686 0.3729838 0.1332317 1.6109553 2.0343947 2.5944175 0.3676505 2.0510232 2.5157207 2.3555937 1.8710225 3.6668686 0.0342963 0.0000000 0.1457697 1.8166623 2.1745992 0.5561916 2.4263907 2.7268959 0.1377648 4.5345113 0.3731698 1.8348017 3.8293942 1.7982548 
n298_341   1.9652111 0.3506003 2.7110008 0.3791455 1.0341374 0.3613236 0.0203507 1.8175315 1.8182468 2.8501725 0.3675175 1.9132882 1.9892109 2.1423011 1.8456066 3.2028979 0.1252449 0.1457697 0.0000000 1.6856046 2.0326343 0.5718174 2.7934437 2.6347207 0.1589109 3.1272177 0.3667853 1.8471083 3.8717594 1.8103505 
n286_329   1.7392972 1.9447864 0.9277321 1.8564446 1.9869190 1.7638929 1.6766442 1.6965807 1.1103599 1.2255405 2.0232186 0.0890548 1.7355362 1.1429800 1.7232155 1.8841150 1.8216131 1.8166623 1.6856046 0.0000000 1.7018367 1.9331811 1.2218404 0.9973398 1.7175285 1.9689850 1.9493520 1.6574694 2.3880834 1.6898818 
n277_318   0.4425252 2.5555082 1.7531837 2.7019213 2.1542850 2.6288004 2.0675706 0.4425666 2.0109259 1.3540936 2.1251295 1.5758762 0.1130206 2.0463279 0.4616401 2.9816630 2.0261712 2.1745992 2.0326343 1.7018367 0.0000000 1.8332963 1.4454043 1.9427224 1.7760574 2.7400481 2.1298289 0.4606681 4.3160201 0.4746663 
n236_269   1.8001890 0.5839262 1.8173823 0.6163106 1.1685172 0.6167578 0.5631517 1.8262879 1.8693737 2.1295762 0.6071539 1.9546008 1.7707959 1.8102082 1.8772874 2.9688928 0.5484305 0.5561916 0.5718174 1.9331811 1.8332963 0.0000000 2.0855626 2.1577278 0.5890759 2.5613097 0.6487334 1.8348295 3.7291994 1.9101522 
n286_327   1.7691438 3.0234414 1.3656671 3.2609993 2.4718406 3.5972514 2.8718132 1.7839859 0.8567850 0.0631965 2.6081629 1.2974375 1.5234961 0.9210199 1.7744771 2.7240381 2.5576618 2.4263907 2.7934437 1.2218404 1.4454043 2.0855626 0.0000000 1.5719840 2.3412525 3.8618902 2.4358193 1.7044635 3.7125563 1.7721587 
n266_307   1.6282755 2.2365029 0.1762441 2.2916810 1.8643673 2.3061121 2.4734070 1.7591993 1.4051581 1.6026414 2.3440496 0.9344171 2.0522931 1.3737813 1.7405448 1.9216323 2.7344612 2.7268959 2.6347207 0.9973398 1.9427224 2.1577278 1.5719840 0.0000000 2.5467653 2.1827683 2.4755346 1.6147432 2.5189028 1.6770010 
n275_316   1.9651855 0.3567583 2.3006833 0.3685073 1.0631062 0.3509142 0.1419542 1.8531117 1.8575400 2.5009740 0.3341188 1.9134670 2.0239266 2.2006127 1.8035905 3.5857408 0.1174650 0.1377648 0.1589109 1.7175285 1.7760574 0.5890759 2.3412525 2.5467653 0.0000000 3.2185777 0.3393991 1.9240000 5.6102275 1.8837475 
n255_292   2.5136838 3.7306638 2.4159554 3.2209599 2.2552985 3.1464387 3.3631660 2.9485932 2.1049949 3.9844640 3.7283783 2.1108382 2.8938314 2.0600885 2.6163984 0.2334129 4.1726999 4.5345113 3.1272177 1.9689850 2.7400481 2.5613097 3.8618902 2.1827683 3.2185777 0.0000000 4.1512975 2.5854508 2.0917425 2.7559727 
n295_338   2.3556466 0.1836561 2.1195515 0.2064269 1.3905037 0.2016560 0.3438306 2.2102554 2.0057937 2.4357652 0.0447826 2.1646895 2.4245136 2.5909313 2.2411763 3.8761277 0.3392174 0.3731698 0.3667853 1.9493520 2.1298289 0.6487334 2.4358193 2.4755346 0.3393991 4.1512975 0.0000000 2.2333035 9.0000000 2.2874486 
n299_342   0.0857881 1.9614757 1.5766408 2.1581250 1.9552845 2.2515310 1.8549946 0.1416252 1.9338980 1.6061394 2.0879296 1.5729087 0.4693750 2.0389121 0.0485076 2.8486709 1.9080966 1.8348017 1.8471083 1.6574694 0.4606681 1.8348295 1.7044635 1.6147432 1.9240000 2.5854508 2.2333035 0.0000000 4.8116556 0.0100815 
n244_277   4.5262731 9.0000000 2.5678450 4.7799743 2.8743706 9.0000000 4.3189374 5.6109525 2.1592516 3.3599645 9.0000000 2.6935492 4.4250146 1.9036830 3.6462760 2.1593386 4.5639213 3.8293942 3.8717594 2.3880834 4.3160201 3.7291994 3.7125563 2.5189028 5.6102275 2.0917425 9.0000000 4.8116556 0.0000000 4.6939253 
n300_343   0.0896345 1.9200401 1.6109357 2.1074268 2.0363657 2.1960045 1.8178405 0.1458212 1.9849488 1.6666069 2.1348163 1.6024511 0.4836026 2.0449244 0.0521240 2.9367536 1.8626001 1.7982548 1.8103505 1.6898818 0.4746663 1.9101522 1.7721587 1.6770010 1.8837475 2.7559727 2.2874486 0.0100815 4.6939253 0.0000000 
