26
n277_278   0.0000000 1.2822518 2.0794762 1.4838274 1.9660904 0.4496650 2.6558951 2.4476848 0.0853350 0.4997701 1.8591827 2.0786832 1.9271329 2.0154524 5.3779142 0.5214132 0.5273506 1.9520168 1.9240873 2.8895341 1.3789276 1.5785748 2.1419395 8.0223065 2.0408950 0.4798662 
n286_287   1.2822518 0.0000000 1.7178751 0.0813512 1.8689593 1.4122019 2.0244146 1.6769320 1.3253601 1.5878820 1.5852600 1.6880221 1.6400908 1.6839702 1.8179300 1.5951862 1.5407915 1.5910517 1.7544279 3.1693017 0.7666599 0.8385284 1.7123117 2.5895404 1.6737909 1.5734915 
n296_297   2.0794762 1.7178751 0.0000000 1.6164201 0.2008228 1.9681481 2.6401510 0.3543186 2.1078957 1.9213489 0.6904628 0.3495857 0.1828453 0.3499945 1.1945210 1.8568986 2.0488876 0.0704193 0.1921124 2.4957426 2.5366215 2.0059449 0.3554212 2.6315375 0.3609920 1.9166608 
n285_286   1.4838274 0.0813512 1.6164201 0.0000000 1.7125410 1.4386921 2.1274603 1.6216972 1.5386333 1.5343317 1.5570886 1.5822438 1.5425714 1.6015772 1.7456599 1.6158546 1.5024564 1.5242902 1.7375940 3.2373545 0.7827743 0.8139319 1.6375102 2.5849819 1.5926556 1.5440880 
n289_290   1.9660904 1.8689593 0.2008228 1.7125410 0.0000000 1.9822088 2.3965084 0.4056990 2.0444313 2.0580793 0.8257570 0.3949455 0.0483832 0.3782254 1.3406765 1.9596842 1.8510398 0.1832276 0.0741648 2.6417950 2.9640870 2.4164452 0.3896855 2.1998856 0.3769214 2.1370415 
n274_275   0.4496650 1.4122019 1.9681481 1.4386921 1.9822088 0.0000000 2.5073422 2.3303417 0.4812296 0.1247079 2.0614629 2.1205827 1.9737565 2.3770769 2.5723841 0.1410450 0.1284901 1.9273655 2.2958938 3.1442152 1.4902805 1.6310479 2.1868896 3.5505730 2.2715718 0.1366185 
n255_256   2.6558951 2.0244146 2.6401510 2.1274603 2.3965084 2.5073422 0.0000000 2.6433556 2.6180479 2.2135313 2.4639656 2.7175873 2.7689003 2.4787529 2.2949944 2.3140331 2.5932391 2.5535833 2.4588269 2.9461162 1.7804875 1.9351150 2.8743926 0.3236158 2.5532932 2.2234562 
n275_276   2.4476848 1.6769320 0.3543186 1.6216972 0.4056990 2.3303417 2.6433556 0.0000000 2.4641207 2.4237724 0.6495233 0.1007944 0.3814353 0.1285056 1.2736956 2.4491478 2.4704433 0.3276108 0.3947692 2.8476102 3.0865188 2.5357843 0.1086033 1.8552098 0.1202470 2.3617518 
n278_279   0.0853350 1.3253601 2.1078957 1.5386333 2.0444313 0.4812296 2.6180479 2.4641207 0.0000000 0.5132032 1.8791957 2.1506028 2.0018571 2.0688965 3.6609144 0.5062318 0.5322366 2.0164924 2.0434003 2.4704796 1.5152702 1.8221996 2.2196338 3.8778144 2.1107436 0.4929520 
n299_300   0.4997701 1.5878820 1.9213489 1.5343317 2.0580793 0.1247079 2.2135313 2.4237724 0.5132032 0.0000000 1.8696878 2.0610546 2.0061341 2.2277191 3.0476627 0.0555967 0.1123534 2.0048209 2.2501561 3.2258252 1.7093810 1.7017798 2.0841221 2.6699003 2.1359136 0.0237131 
n236_237   1.8591827 1.5852600 0.6904628 1.5570886 0.8257570 2.0614629 2.4639656 0.6495233 1.8791957 1.8696878 0.0000000 0.6692623 0.7538719 0.6852193 1.0711736 2.1304966 2.0087873 0.6789751 0.8076863 2.7023023 2.0643958 2.0772155 0.6430305 2.5215832 0.6589622 1.7582066 
n293_294   2.0786832 1.6880221 0.3495857 1.5822438 0.3949455 2.1205827 2.7175873 0.1007944 2.1506028 2.0610546 0.6692623 0.0000000 0.3821951 0.1407335 1.2456901 2.0808948 2.0725328 0.3396145 0.3955642 2.6769748 2.9107680 2.4748504 0.0272286 2.0452424 0.1323078 2.0977346 
n290_291   1.9271329 1.6400908 0.1828453 1.5425714 0.0483832 1.9737565 2.7689003 0.3814353 2.0018571 2.0061341 0.7538719 0.3821951 0.0000000 0.3434594 1.2454922 1.9338358 1.8437286 0.1657062 0.0520982 2.6738388 2.9336665 2.2761832 0.3770249 2.2467293 0.3590912 2.0808411 
n297_298   2.0154524 1.6839702 0.3499945 1.6015772 0.3782254 2.3770769 2.4787529 0.1285056 2.0688965 2.2277191 0.6852193 0.1407335 0.3434594 0.0000000 1.2721322 2.2323095 2.3499567 0.3177362 0.3676278 2.8244438 2.8816035 2.2895392 0.1408326 1.8640417 0.0272336 2.1767188 
n200_201   5.3779142 1.8179300 1.1945210 1.7456599 1.3406765 2.5723841 2.2949944 1.2736956 3.6609144 3.0476627 1.0711736 1.2456901 1.2454922 1.2721322 0.0000000 2.6959658 3.1910875 1.3076555 1.1892543 2.0839903 2.2556915 2.1445553 1.2488805 2.8855048 1.3091888 3.2446793 
n292_293   0.5214132 1.5951862 1.8568986 1.6158546 1.9596842 0.1410450 2.3140331 2.4491478 0.5062318 0.0555967 2.1304966 2.0808948 1.9338358 2.2323095 2.6959658 0.0000000 0.1124460 1.9335436 2.1546423 2.7697430 1.7040660 1.7308554 2.1043980 2.8284531 2.1569292 0.0591692 
n280_281   0.5273506 1.5407915 2.0488876 1.5024564 1.8510398 0.1284901 2.5932391 2.4704433 0.5322366 0.1123534 2.0087873 2.0725328 1.8437286 2.3499567 3.1910875 0.1124460 0.0000000 2.0345794 2.1054312 2.7073255 1.6025514 1.6614878 2.1835118 3.6482967 2.2985069 0.1161854 
n295_296   1.9520168 1.5910517 0.0704193 1.5242902 0.1832276 1.9273655 2.5535833 0.3276108 2.0164924 2.0048209 0.6789751 0.3396145 0.1657062 0.3177362 1.3076555 1.9335436 2.0345794 0.0000000 0.1747117 2.3498093 2.2789508 1.9326846 0.3453778 2.1946471 0.3282615 1.9995512 
n287_288   1.9240873 1.7544279 0.1921124 1.7375940 0.0741648 2.2958938 2.4588269 0.3947692 2.0434003 2.2501561 0.8076863 0.3955642 0.0520982 0.3676278 1.1892543 2.1546423 2.1054312 0.1747117 0.0000000 2.3140932 2.6914078 2.1472966 0.3839470 2.3012867 0.3719362 2.3465841 
n244_245   2.8895341 3.1693017 2.4957426 3.2373545 2.6417950 3.1442152 2.9461162 2.8476102 2.4704796 3.2258252 2.7023023 2.6769748 2.6738388 2.8244438 2.0839903 2.7697430 2.7073255 2.3498093 2.3140932 0.0000000 3.2915377 2.6118661 2.4823166 3.0525149 2.4329316 2.7516770 
n265_266   1.3789276 0.7666599 2.5366215 0.7827743 2.9640870 1.4902805 1.7804875 3.0865188 1.5152702 1.7093810 2.0643958 2.9107680 2.9336665 2.8816035 2.2556915 1.7040660 1.6025514 2.2789508 2.6914078 3.2915377 0.0000000 0.1917241 2.7699476 2.0994064 2.7975620 1.6520971 
n266_267   1.5785748 0.8385284 2.0059449 0.8139319 2.4164452 1.6310479 1.9351150 2.5357843 1.8221996 1.7017798 2.0772155 2.4748504 2.2761832 2.2895392 2.1445553 1.7308554 1.6614878 1.9326846 2.1472966 2.6118661 0.1917241 0.0000000 2.7174437 2.3978359 2.1732846 1.7516323 
n294_295   2.1419395 1.7123117 0.3554212 1.6375102 0.3896855 2.1868896 2.8743926 0.1086033 2.2196338 2.0841221 0.6430305 0.0272286 0.3770249 0.1408326 1.2488805 2.1043980 2.1835118 0.3453778 0.3839470 2.4823166 2.7699476 2.7174437 0.0000000 2.2233212 0.1324006 2.1218997 
n251_252   8.0223065 2.5895404 2.6315375 2.5849819 2.1998856 3.5505730 0.3236158 1.8552098 3.8778144 2.6699003 2.5215832 2.0452424 2.2467293 1.8640417 2.8855048 2.8284531 3.6482967 2.1946471 2.3012867 3.0525149 2.0994064 2.3978359 2.2233212 0.0000000 1.8555491 2.7219886 
n298_299   2.0408950 1.6737909 0.3609920 1.5926556 0.3769214 2.2715718 2.5532932 0.1202470 2.1107436 2.1359136 0.6589622 0.1323078 0.3590912 0.0272336 1.3091888 2.1569292 2.2985069 0.3282615 0.3719362 2.4329316 2.7975620 2.1732846 0.1324006 1.8555491 0.0000000 2.0893283 
n300_301   0.4798662 1.5734915 1.9166608 1.5440880 2.1370415 0.1366185 2.2234562 2.3617518 0.4929520 0.0237131 1.7582066 2.0977346 2.0808411 2.1767188 3.2446793 0.0591692 0.1161854 1.9995512 2.3465841 2.7516770 1.6520971 1.7516323 2.1218997 2.7219886 2.0893283 0.0000000 
