21
n298_299   0.0000000 0.3196485 0.1481424 0.3142893 0.0271888 0.2575965 0.3036763 0.0169167 0.0033480 0.3104715 0.0341338 0.4397361 0.3143318 0.0376225 0.1008554 0.4124606 0.0100933 0.2625945 0.0306691 0.4523955 0.2947473 
n280_281   0.3196485 0.0000000 0.2869414 0.3467575 0.3239581 0.2858735 0.0134720 0.3199831 0.3190221 0.0969379 0.3183491 0.4127227 0.0341718 0.3240317 0.3264526 0.4188792 0.3251545 0.2863481 0.3242994 0.4347954 0.0854294 
n200_201   0.1481424 0.2869414 0.0000000 0.3192026 0.1518694 0.2808831 0.2865118 0.1607835 0.1440485 0.3030689 0.1601993 0.4245598 0.2968587 0.1559372 0.1573955 0.4168846 0.1523098 0.2860403 0.1604049 0.4239642 0.2875816 
n286_287   0.3142893 0.3467575 0.3192026 0.0000000 0.3243649 0.1624025 0.3409343 0.3087942 0.3136753 0.3190289 0.3338757 0.4072225 0.3579449 0.3295084 0.3303455 0.4076464 0.3136753 0.1622890 0.3343480 0.4192216 0.3141083 
n287_288   0.0271888 0.3239581 0.1518694 0.3243649 0.0000000 0.2616767 0.3079257 0.0376994 0.0237346 0.3102590 0.0271705 0.4577843 0.3186221 0.0100730 0.1007773 0.4370207 0.0306691 0.2666933 0.0237349 0.4720224 0.2945484 
n266_267   0.2575965 0.2858735 0.2808831 0.1624025 0.2616767 0.0000000 0.2707553 0.2672362 0.2571029 0.2770656 0.2662536 0.3714318 0.2860139 0.2664070 0.2631799 0.3708023 0.2668714 0.0066996 0.2666168 0.3537912 0.2621560 
n292_293   0.3036763 0.0134720 0.2865118 0.3409343 0.3079257 0.2707553 0.0000000 0.3039872 0.3030847 0.0893201 0.3024554 0.4004848 0.0272140 0.3079983 0.3102794 0.4065351 0.3090490 0.2712005 0.3082494 0.4170606 0.0779335 
n293_294   0.0169167 0.3199831 0.1607835 0.3087942 0.0376994 0.2672362 0.3039872 0.0000000 0.0135020 0.3107946 0.0447499 0.4520867 0.3146585 0.0482903 0.1126822 0.4314658 0.0067179 0.2723054 0.0412377 0.4598542 0.2950466 
n275_276   0.0033480 0.3190221 0.1440485 0.3136753 0.0237346 0.2571029 0.3030847 0.0135020 0.0000000 0.3098629 0.0306480 0.4388316 0.3137169 0.0341214 0.0970048 0.4186274 0.0067134 0.2620903 0.0271974 0.4530781 0.2941724 
n278_279   0.3104715 0.0969379 0.3030689 0.3190289 0.3102590 0.2770656 0.0893201 0.3107946 0.3098629 0.0000000 0.3196762 0.4265619 0.0969793 0.3153389 0.3125441 0.4263810 0.3159225 0.2775247 0.3201275 0.4375735 0.0169004 
n295_296   0.0341338 0.3183491 0.1601993 0.3338757 0.0271705 0.2662536 0.3024554 0.0447499 0.0306480 0.3196762 0.0000000 0.4636513 0.3130584 0.0341216 0.1122859 0.4427254 0.0376481 0.2713002 0.0067087 0.4908746 0.3038031 
n251_252   0.4397361 0.4127227 0.4245598 0.4072225 0.4577843 0.3714318 0.4004848 0.4520867 0.4388316 0.4265619 0.4636513 0.0000000 0.4072535 0.4639313 0.4396858 0.0375116 0.4447639 0.3773767 0.4643615 0.3830409 0.4142726 
n274_275   0.3143318 0.0341718 0.2968587 0.3579449 0.3186221 0.2860139 0.0272140 0.3146585 0.3137169 0.0969793 0.3130584 0.4072535 0.0000000 0.3186955 0.3107656 0.4133685 0.3197943 0.2864889 0.3189577 0.4359747 0.0854655 
n290_291   0.0376225 0.3240317 0.1559372 0.3295084 0.0100730 0.2664070 0.3079983 0.0482903 0.0341214 0.3153389 0.0341216 0.4639313 0.3186955 0.0000000 0.1046064 0.4309574 0.0411535 0.2714567 0.0271607 0.4716075 0.2995263 
n236_237   0.1008554 0.3264526 0.1573955 0.3303455 0.1007773 0.2631799 0.3102794 0.1126822 0.0970048 0.3125441 0.1122859 0.4396858 0.3107656 0.1046064 0.0000000 0.4250454 0.1047607 0.2682294 0.1124273 0.4500212 0.2967069 
n255_256   0.4124606 0.4188792 0.4168846 0.4076464 0.4370207 0.3708023 0.4065351 0.4314658 0.4186274 0.4263810 0.4427254 0.0375116 0.4133685 0.4309574 0.4250454 0.0000000 0.4243893 0.3767339 0.4433940 0.3650859 0.4140996 
n294_295   0.0100933 0.3251545 0.1523098 0.3136753 0.0306691 0.2668714 0.3090490 0.0067179 0.0067134 0.3159225 0.0376481 0.4447639 0.3197943 0.0411535 0.1047607 0.4243893 0.0000000 0.2719325 0.0341682 0.4591489 0.3000708 
n265_266   0.2625945 0.2863481 0.2860403 0.1622890 0.2666933 0.0066996 0.2712005 0.2723054 0.2620903 0.2775247 0.2713002 0.3773767 0.2864889 0.2714567 0.2682294 0.3767339 0.2719325 0.0000000 0.2716714 0.3595913 0.2625865 
n296_297   0.0306691 0.3242994 0.1604049 0.3343480 0.0237349 0.2666168 0.3082494 0.0412377 0.0271974 0.3201275 0.0067087 0.4643615 0.3189577 0.0271607 0.1124273 0.4433940 0.0341682 0.2716714 0.0000000 0.4916404 0.3042285 
n244_245   0.4523955 0.4347954 0.4239642 0.4192216 0.4720224 0.3537912 0.4170606 0.4598542 0.4530781 0.4375735 0.4908746 0.3830409 0.4359747 0.4716075 0.4500212 0.3650859 0.4591489 0.3595913 0.4916404 0.0000000 0.4254196 
n277_278   0.2947473 0.0854294 0.2875816 0.3141083 0.2945484 0.2621560 0.0779335 0.2950466 0.2941724 0.0169004 0.3038031 0.4142726 0.0854655 0.2995263 0.2967069 0.4140996 0.3000708 0.2625865 0.3042285 0.4254196 0.0000000 
