23
n298_299   0.0000000 0.2514105 0.1426576 0.2951179 0.0411091 0.3006259 0.2328372 0.0168638 0.0237140 0.0446156 0.0033436 0.2379006 0.0482761 0.3845874 0.2333599 0.0809036 0.4068904 0.2905089 0.2419844 0.2808127 0.2375376 0.4091535 0.2470346 
n280_281   0.2514105 0.0000000 0.2651637 0.2820727 0.2373564 0.2773179 0.0168331 0.2422776 0.2514910 0.2417991 0.2562507 0.0813079 0.2423130 0.4083033 0.0202819 0.2621262 0.4261174 0.2775096 0.0270942 0.2627995 0.0236655 0.3931644 0.0887475 
n200_201   0.1426576 0.2651637 0.0000000 0.3241097 0.1184867 0.3186634 0.2462689 0.1305881 0.1385299 0.1223195 0.1467860 0.2420408 0.1265488 0.3680199 0.2468228 0.1428896 0.3842556 0.3193621 0.2599989 0.2984805 0.2554642 0.3583851 0.2369244 
n286_287   0.2951179 0.2820727 0.3241097 0.0000000 0.2797394 0.1685349 0.2866914 0.2846925 0.2899261 0.2749898 0.3002749 0.2983173 0.2900681 0.4100693 0.2725470 0.3045128 0.4159594 0.0168813 0.2965712 0.1518672 0.2964452 0.4534285 0.3026301 
n287_288   0.0411091 0.2373564 0.1184867 0.2797394 0.0000000 0.2798968 0.2191390 0.0306004 0.0375686 0.0033334 0.0446648 0.2289604 0.0066975 0.3624225 0.2196279 0.0660625 0.3840865 0.2752178 0.2281155 0.2606710 0.2237455 0.3799471 0.2330489 
n266_267   0.3006259 0.2773179 0.3186634 0.1685349 0.2798968 0.0000000 0.2774508 0.2901001 0.2999122 0.2845788 0.3058316 0.2671916 0.2902345 0.3854897 0.2634425 0.3148334 0.4086876 0.1645179 0.2872269 0.0134411 0.2871050 0.4153288 0.2766317 
n292_293   0.2328372 0.0168331 0.2462689 0.2866914 0.2191390 0.2774508 0.0000000 0.2239187 0.2329118 0.2234825 0.2375472 0.0775825 0.2239515 0.4025790 0.0168629 0.2525692 0.4202581 0.2821083 0.0100521 0.2629253 0.0066898 0.3989415 0.0849874 
n293_294   0.0168638 0.2422776 0.1305881 0.2846925 0.0306004 0.2901001 0.2239187 0.0000000 0.0134510 0.0340613 0.0202943 0.2338293 0.0376444 0.3739296 0.2244203 0.0734749 0.3959457 0.2801448 0.2329628 0.2705902 0.2285629 0.3917720 0.2379425 
n275_276   0.0237140 0.2514910 0.1385299 0.2899261 0.0375686 0.2999122 0.2329118 0.0134510 0.0000000 0.0410578 0.0271795 0.2429658 0.0446903 0.3788335 0.2334349 0.0808506 0.4009589 0.2853475 0.2420619 0.2801549 0.2376136 0.3910738 0.2471140 
n289_290   0.0446156 0.2417991 0.1223195 0.2749898 0.0033334 0.2845788 0.2234825 0.0340613 0.0410578 0.0000000 0.0481882 0.2333689 0.0100637 0.3676078 0.2239808 0.0696691 0.3786566 0.2704914 0.2325062 0.2652434 0.2281155 0.3852567 0.2374730 
n297_298   0.0033436 0.2562507 0.1467860 0.3002749 0.0446648 0.3058316 0.2375472 0.0202943 0.0271795 0.0481882 0.0000000 0.2426530 0.0518764 0.3787454 0.2380820 0.0846771 0.4008670 0.2956368 0.2467564 0.2858730 0.2422827 0.4152313 0.2518485 
n278_279   0.2379006 0.0813079 0.2420408 0.2983173 0.2289604 0.2671916 0.0775825 0.2338293 0.2429658 0.2333689 0.2426530 0.0000000 0.2338636 0.3972404 0.0666185 0.2629899 0.4260378 0.2882112 0.0850850 0.2528880 0.0813844 0.4039485 0.0203642 
n295_296   0.0482761 0.2423130 0.1265488 0.2900681 0.0066975 0.2902345 0.2239515 0.0376444 0.0446903 0.0100637 0.0518764 0.2338636 0.0000000 0.3741044 0.2244534 0.0735068 0.3961319 0.2854866 0.2329968 0.2707157 0.2285964 0.3919565 0.2379773 
n251_252   0.3845874 0.4083033 0.3680199 0.4100693 0.3624225 0.3854897 0.4025790 0.3739296 0.3788335 0.3676078 0.3787454 0.3972404 0.3741044 0.0000000 0.3862930 0.4031477 0.0554617 0.4099218 0.4077561 0.3633311 0.4023015 0.2714603 0.4143806 
n274_275   0.2333599 0.0202819 0.2468228 0.2725470 0.2196279 0.2634425 0.0168629 0.2244203 0.2334349 0.2239808 0.2380820 0.0666185 0.2244534 0.3862930 0.0000000 0.2531425 0.4036082 0.2680304 0.0271425 0.2491666 0.0237076 0.3991439 0.0739328 
n236_237   0.0809036 0.2621262 0.1428896 0.3045128 0.0660625 0.3148334 0.2525692 0.0734749 0.0808506 0.0696691 0.0846771 0.2629899 0.0735068 0.4031477 0.2531425 0.0000000 0.4194411 0.2998615 0.2619986 0.2946917 0.2574244 0.4107712 0.2672360 
n255_256   0.4068904 0.4261174 0.3842556 0.4159594 0.3840865 0.4086876 0.4202581 0.3959457 0.4009589 0.3786566 0.4008670 0.4260378 0.3961319 0.0554617 0.4036082 0.4194411 0.0000000 0.4158097 0.4255393 0.3858367 0.4199633 0.2761319 0.4438341 
n285_286   0.2905089 0.2775096 0.3193621 0.0168813 0.2752178 0.1645179 0.2821083 0.2801448 0.2853475 0.2704914 0.2956368 0.2882112 0.2854866 0.4099218 0.2680304 0.2998615 0.4158097 0.0000000 0.2919373 0.1479244 0.2918133 0.4532638 0.2924818 
n300_301   0.2419844 0.0270942 0.2599989 0.2965712 0.2281155 0.2872269 0.0100521 0.2329628 0.2420619 0.2325062 0.2467564 0.0850850 0.2329968 0.4077561 0.0271425 0.2619986 0.4255393 0.2919373 0.0000000 0.2725129 0.0033367 0.3878890 0.0925625 
n265_266   0.2808127 0.2627995 0.2984805 0.1518672 0.2606710 0.0134411 0.2629253 0.2705902 0.2801549 0.2652434 0.2858730 0.2528880 0.2707157 0.3633311 0.2491666 0.2946917 0.3858367 0.1479244 0.2725129 0.0000000 0.2723978 0.3974641 0.2621535 
n299_300   0.2375376 0.0236655 0.2554642 0.2964452 0.2237455 0.2871050 0.0066898 0.2285629 0.2376136 0.2281155 0.2422827 0.0813844 0.2285964 0.4023015 0.0237076 0.2574244 0.4199633 0.2918133 0.0033367 0.2723978 0.0000000 0.3934228 0.0888311 
n244_245   0.4091535 0.3931644 0.3583851 0.4534285 0.3799471 0.4153288 0.3989415 0.3917720 0.3910738 0.3852567 0.4152313 0.4039485 0.3919565 0.2714603 0.3991439 0.4107712 0.2761319 0.4532638 0.3878890 0.3974641 0.3934228 0.0000000 0.4023854 
n277_278   0.2470346 0.0887475 0.2369244 0.3026301 0.2330489 0.2766317 0.0849874 0.2379425 0.2471140 0.2374730 0.2518485 0.0203642 0.2379773 0.4143806 0.0739328 0.2672360 0.4438341 0.2924818 0.0925625 0.2621535 0.0888311 0.4023854 0.0000000 
