26
n277_278   0.0000000 1.6817740 1.4215611 1.7737737 1.4576620 0.4158436 1.8802647 1.4936558 0.1203121 0.3927771 1.6373866 1.6431826 1.5094148 1.4396243 1.9779589 0.4046558 0.4132267 1.5451967 1.4594324 1.8903747 1.4637780 1.7579834 1.5890062 2.4929197 1.4595707 0.4108580 
n286_287   1.6817740 0.0000000 1.9315788 0.0630151 2.0140810 1.6569482 2.4588969 2.1724556 1.5859113 1.6203518 2.3379337 2.0884762 2.0664381 2.3327284 1.8504389 1.6412065 1.6824043 1.8889329 2.1662570 2.0439774 1.1140867 1.0068733 2.0903169 2.7060885 2.1116559 1.6501878 
n296_297   1.4215611 1.9315788 0.0000000 1.9611446 0.0894540 1.3099959 2.1227417 0.2778676 1.4807348 1.3499612 0.6370853 0.3469922 0.1125350 0.2892389 0.9828909 1.3500646 1.4391309 0.0378161 0.1247962 2.5748545 1.6004973 1.7585880 0.3412860 2.0189571 0.3145654 1.3916558 
n285_286   1.7737737 0.0630151 1.9611446 0.0000000 1.9941533 1.6965758 2.6484728 2.2521564 1.7283159 1.6966447 2.5061148 2.5527375 2.0775500 2.4909344 1.9008590 1.7190916 1.8114034 2.0098813 2.1949391 2.1697867 1.1595861 1.0624367 2.3958525 2.4597616 2.1842639 1.7290541 
n289_290   1.4576620 2.0140810 0.0894540 1.9941533 0.0000000 1.3662963 2.3625019 0.2294017 1.4737882 1.5328271 0.6444701 0.2936778 0.0342264 0.2637607 1.0547468 1.5331547 1.5849646 0.0820237 0.0413729 2.4398155 1.6215741 1.7430462 0.2883966 2.2382943 0.2830912 1.5847321 
n274_275   0.4158436 1.6569482 1.3099959 1.6965758 1.3662963 0.0000000 2.5742274 1.4084054 0.4473448 0.1243278 1.5271404 1.4636406 1.4401784 1.4464450 2.2717431 0.1323791 0.1449067 1.4635945 1.4340993 2.4884235 1.7379927 1.8849192 1.4189106 3.7792426 1.4668875 0.1243992 
n255_256   1.8802647 2.4588969 2.1227417 2.6484728 2.3625019 2.5742274 0.0000000 2.1529503 2.0582969 2.6804332 2.2442847 2.1874528 2.4317738 2.2227904 2.1165229 2.5610774 2.5408838 2.3080530 2.2684101 1.7376685 1.9810976 2.8076206 2.0814244 0.3982775 2.3872117 2.6246480 
n275_276   1.4936558 2.1724556 0.2778676 2.2521564 0.2294017 1.4084054 2.1529503 0.0000000 1.5386656 1.5108296 0.6748938 0.1008068 0.2578119 0.0893344 1.0520541 1.4627633 1.5355169 0.2583243 0.2585461 2.9177911 1.7108639 1.6495693 0.0930667 2.1012167 0.1125056 1.5618982 
n278_279   0.1203121 1.5859113 1.4807348 1.7283159 1.4737882 0.4473448 2.0582969 1.5386656 0.0000000 0.4044898 1.5043691 1.5789188 1.5678275 1.5512457 1.8300422 0.4232350 0.4501951 1.5612311 1.4707113 2.0334931 1.6006522 1.8447443 1.4787773 2.4865277 1.5524983 0.4228706 
n299_300   0.3927771 1.6203518 1.3499612 1.6966447 1.5328271 0.1243278 2.6804332 1.5108296 0.4044898 0.0000000 1.6691336 1.5768064 1.5912000 1.5334761 2.2633023 0.0203015 0.0928079 1.5664020 1.5620848 2.1370196 1.9090149 2.1468721 1.5257581 3.1891133 1.5309130 0.0134563 
n236_237   1.6373866 2.3379337 0.6370853 2.5061148 0.6444701 1.5271404 2.2442847 0.6748938 1.5043691 1.6691336 0.0000000 0.7211929 0.6544408 0.6550477 0.9499100 1.7301201 1.6340678 0.6464553 0.6700855 2.5955586 1.8520173 1.8156479 0.7130789 2.2350183 0.6894445 1.6936974 
n293_294   1.6431826 2.0884762 0.3469922 2.5527375 0.2936778 1.4636406 2.1874528 0.1008068 1.5789188 1.5768064 0.7211929 0.0000000 0.3141131 0.1287466 1.0795114 1.5248813 1.5989920 0.3255195 0.3203811 2.7918014 1.7355702 1.8243703 0.0307122 2.2904594 0.1489381 1.6322689 
n290_291   1.5094148 2.0664381 0.1125350 2.0775500 0.0342264 1.4401784 2.4317738 0.2578119 1.5678275 1.5912000 0.6544408 0.3141131 0.0000000 0.2936382 1.0523865 1.5916181 1.6196198 0.1049153 0.0629477 2.5234683 1.6314044 1.8168275 0.3035078 2.1473509 0.3033857 1.6468980 
n297_298   1.4396243 2.3327284 0.2892389 2.4909344 0.2637607 1.4464450 2.2227904 0.0893344 1.5512457 1.5334761 0.6550477 0.1287466 0.2936382 0.0000000 1.0947058 1.4839721 1.5077562 0.2791437 0.2996302 2.5531868 1.7994206 1.8041673 0.1246466 2.3059749 0.0377411 1.5861808 
n200_201   1.9779589 1.8504389 0.9828909 1.9008590 1.0547468 2.2717431 2.1165229 1.0520541 1.8300422 2.2633023 0.9499100 1.0795114 1.0523865 1.0947058 0.0000000 2.3633819 2.0204343 0.9984250 1.0512209 3.0229624 2.1921325 2.1277831 1.0352738 2.2300788 1.0765916 2.4559427 
n292_293   0.4046558 1.6412065 1.3500646 1.7190916 1.5331547 0.1323791 2.5610774 1.4627633 0.4232350 0.0203015 1.7301201 1.5248813 1.5916181 1.4839721 2.3633819 0.0000000 0.0966557 1.5667817 1.5624574 2.0763930 1.8714227 2.1457377 1.4766022 3.4637559 1.5055868 0.0272029 
n280_281   0.4132267 1.6824043 1.4391309 1.8114034 1.5849646 0.1449067 2.5408838 1.5355169 0.4501951 0.0928079 1.6340678 1.5989920 1.6196198 1.5077562 2.0204343 0.0966557 0.0000000 1.6484372 1.6162072 2.0872013 1.7898002 1.7899675 1.4929021 3.5586422 1.5005379 0.1004870 
n295_296   1.5451967 1.8889329 0.0378161 2.0098813 0.0820237 1.4635945 2.3080530 0.2583243 1.5612311 1.5664020 0.6464553 0.3255195 0.1049153 0.2791437 0.9984250 1.5667817 1.6484372 0.0000000 0.1170467 2.6719158 1.8319003 1.8953079 0.3199824 2.1468398 0.3041333 1.6206259 
n287_288   1.4594324 2.1662570 0.1247962 2.1949391 0.0413729 1.4340993 2.2684101 0.2585461 1.4707113 1.5620848 0.6700855 0.3203811 0.0629477 0.2996302 1.0512209 1.5624574 1.6162072 0.1170467 0.0000000 2.4910298 1.5158266 1.6184603 0.3202763 2.0982050 0.3199366 1.6159850 
n244_245   1.8903747 2.0439774 2.5748545 2.1697867 2.4398155 2.4884235 1.7376685 2.9177911 2.0334931 2.1370196 2.5955586 2.7918014 2.5234683 2.5531868 3.0229624 2.0763930 2.0872013 2.6719158 2.4910298 0.0000000 2.4828267 2.2489465 2.7273621 1.7819696 2.5424217 2.1346642 
n265_266   1.4637780 1.1140867 1.6004973 1.1595861 1.6215741 1.7379927 1.9810976 1.7108639 1.6006522 1.9090149 1.8520173 1.7355702 1.6314044 1.7994206 2.1921325 1.8714227 1.7898002 1.8319003 1.5158266 2.4828267 0.0000000 0.1871215 1.7031077 2.4588737 1.8684369 1.9928449 
n266_267   1.7579834 1.0068733 1.7585880 1.0624367 1.7430462 1.8849192 2.8076206 1.6495693 1.8447443 2.1468721 1.8156479 1.8243703 1.8168275 1.8041673 2.1277831 2.1457377 1.7899675 1.8953079 1.6184603 2.2489465 0.1871215 0.0000000 1.8189359 3.1703263 1.7650886 2.1482232 
n294_295   1.5890062 2.0903169 0.3412860 2.3958525 0.2883966 1.4189106 2.0814244 0.0930667 1.4787773 1.5257581 0.7130789 0.0307122 0.3035078 0.1246466 1.0352738 1.4766022 1.4929021 0.3199824 0.3202763 2.7273621 1.7031077 1.8189359 0.0000000 2.3997721 0.1447163 1.5780731 
n251_252   2.4929197 2.7060885 2.0189571 2.4597616 2.2382943 3.7792426 0.3982775 2.1012167 2.4865277 3.1891133 2.2350183 2.2904594 2.1473509 2.3059749 2.2300788 3.4637559 3.5586422 2.1468398 2.0982050 1.7819696 2.4588737 3.1703263 2.3997721 0.0000000 2.3790982 3.2214716 
n298_299   1.4595707 2.1116559 0.3145654 2.1842639 0.2830912 1.4668875 2.3872117 0.1125056 1.5524983 1.5309130 0.6894445 0.1489381 0.3033857 0.0377411 1.0765916 1.5055868 1.5005379 0.3041333 0.3199366 2.5424217 1.8684369 1.7650886 0.1447163 2.3790982 0.0000000 1.6106402 
n300_301   0.4108580 1.6501878 1.3916558 1.7290541 1.5847321 0.1243992 2.6246480 1.5618982 0.4228706 0.0134563 1.6936974 1.6322689 1.6468980 1.5861808 2.4559427 0.0272029 0.1004870 1.6206259 1.6159850 2.1346642 1.9928449 2.1482232 1.5780731 3.2214716 1.6106402 0.0000000 
