24
n289_290   0.0000000 0.0305465 0.0133930 0.3129280 0.3158348 0.0236902 0.0066626 0.3262734 0.3866485 0.0236702 0.3387565 0.4747488 0.3525668 0.0100129 0.1774328 0.3873907 0.0202435 0.1036691 0.3105815 0.3081495 0.0236651 0.4404594 0.3209355 0.3135058 
n294_295   0.0305465 0.0000000 0.0236534 0.3237970 0.3164979 0.0202140 0.0305249 0.3269656 0.3756075 0.0066737 0.3500391 0.4818680 0.3533345 0.0339835 0.1908302 0.3769413 0.0167935 0.1195818 0.3112298 0.3189341 0.0134054 0.4286329 0.3216125 0.3243864 
n295_296   0.0133930 0.0236534 0.0000000 0.3182746 0.3109914 0.0236859 0.0133835 0.3213714 0.3754129 0.0168331 0.3442939 0.4679097 0.3475164 0.0167615 0.1689866 0.3821079 0.0202398 0.0999555 0.3057695 0.3134569 0.0168295 0.4283755 0.3160647 0.3188580 
n266_267   0.3129280 0.3237970 0.3182746 0.0000000 0.2602403 0.3190875 0.3073358 0.2604171 0.3486773 0.3240861 0.0412672 0.4508058 0.2998702 0.3176907 0.3374344 0.3257746 0.3136431 0.2937915 0.2553920 0.1160793 0.3240513 0.3868789 0.2555468 0.1200853 
n299_300   0.3158348 0.3164979 0.3109914 0.2602403 0.0000000 0.3219879 0.3155861 0.0135160 0.3249242 0.3167836 0.2849405 0.4430738 0.0892287 0.3152265 0.3235192 0.1007896 0.3164777 0.3064177 0.0033541 0.2413677 0.3060619 0.3976674 0.0033514 0.2462302 
n298_299   0.0236902 0.0202140 0.0236859 0.3190875 0.3219879 0.0000000 0.0236735 0.3325353 0.3815626 0.0134267 0.3451934 0.4759973 0.3590049 0.0271084 0.1911055 0.3943466 0.0033309 0.1197502 0.3166775 0.3142536 0.0134238 0.4350442 0.3271400 0.3196730 
n290_291   0.0066626 0.0305249 0.0133835 0.3073358 0.3155861 0.0236735 0.0000000 0.3260157 0.3863368 0.0236534 0.3384901 0.4675691 0.3415434 0.0100058 0.1728810 0.3757960 0.0202292 0.1035942 0.3103375 0.3025217 0.0236483 0.4400975 0.3206824 0.3078249 
n274_275   0.3262734 0.3269656 0.3213714 0.2604171 0.0135160 0.3325353 0.3260157 0.0000000 0.3251404 0.3272595 0.2851320 0.4499555 0.0892923 0.3256423 0.3182483 0.1085677 0.3269411 0.3167444 0.0101114 0.2415329 0.3163823 0.3979199 0.0101169 0.2463985 
n251_252   0.3866485 0.3756075 0.3754129 0.3486773 0.3249242 0.3815626 0.3863368 0.3251404 0.0000000 0.3759375 0.3539798 0.2785501 0.3744654 0.3918913 0.3914260 0.3973692 0.3755586 0.3771027 0.3195573 0.3383248 0.3759099 0.0629048 0.3197601 0.3439833 
n293_294   0.0236702 0.0066737 0.0168331 0.3240861 0.3167836 0.0134267 0.0236534 0.3272595 0.3759375 0.0000000 0.3503479 0.4822609 0.3536481 0.0270854 0.1823498 0.3886088 0.0100394 0.1118632 0.3115113 0.3192192 0.0066784 0.4289984 0.3219022 0.3246760 
n265_266   0.3387565 0.3500391 0.3442939 0.0412672 0.2849405 0.3451934 0.3384901 0.2851320 0.3539798 0.3503479 0.0000000 0.4953188 0.3260363 0.3436630 0.3761173 0.3529137 0.3395415 0.3243371 0.2799197 0.1359710 0.3503162 0.3753315 0.2800916 0.1359552 
n244_245   0.4747488 0.4818680 0.4679097 0.4508058 0.4430738 0.4759973 0.4675691 0.4499555 0.2785501 0.4822609 0.4953188 0.0000000 0.4885645 0.4678952 0.4888118 0.5018441 0.4758992 0.4650893 0.4433323 0.4222782 0.4822682 0.3341829 0.4370809 0.4223622 
n278_279   0.3525668 0.3533345 0.3475164 0.2998702 0.0892287 0.3590049 0.3415434 0.0892923 0.3744654 0.3536481 0.3260363 0.4885645 0.0000000 0.3411496 0.3505960 0.0378556 0.3531994 0.3488974 0.0854245 0.2799709 0.3536166 0.4351095 0.0854723 0.2851255 
n287_288   0.0100129 0.0339835 0.0167615 0.3176907 0.3152265 0.0271084 0.0100058 0.3256423 0.3918913 0.0270854 0.3436630 0.4678952 0.3411496 0.0000000 0.1815058 0.3753535 0.0236467 0.1073988 0.3099848 0.3128823 0.0270795 0.4460640 0.3203162 0.3182730 
n200_201   0.1774328 0.1908302 0.1689866 0.3374344 0.3235192 0.1911055 0.1728810 0.3182483 0.3914260 0.1823498 0.3761173 0.4888118 0.3505960 0.1815058 0.0000000 0.3854599 0.1866002 0.1443204 0.3181805 0.3268654 0.1823176 0.4272826 0.3183816 0.3324171 
n277_278   0.3873907 0.3769413 0.3821079 0.3257746 0.1007896 0.3943466 0.3757960 0.1085677 0.3973692 0.3886088 0.3529137 0.5018441 0.0378556 0.3753535 0.3854599 0.0000000 0.3882122 0.3776398 0.0969198 0.3104763 0.3885838 0.4466169 0.1046394 0.3158786 
n297_298   0.0202435 0.0167935 0.0202398 0.3136431 0.3164777 0.0033309 0.0202292 0.3269411 0.3755586 0.0100394 0.3395415 0.4758992 0.3531994 0.0236467 0.1866002 0.3882122 0.0000000 0.1157285 0.3112117 0.3088513 0.0100372 0.4285478 0.3215902 0.3142227 
n236_237   0.1036691 0.1195818 0.0999555 0.2937915 0.3064177 0.1197502 0.1035942 0.3167444 0.3771027 0.1118632 0.3243371 0.4650893 0.3488974 0.1073988 0.1443204 0.3776398 0.1157285 0.0000000 0.3012241 0.2995412 0.1118410 0.4369646 0.3114662 0.3048471 
n280_281   0.3105815 0.3112298 0.3057695 0.2553920 0.0033541 0.3166775 0.3103375 0.0101114 0.3195573 0.3115113 0.2799197 0.4433323 0.0854245 0.3099848 0.3181805 0.0969198 0.3112117 0.3012241 0.0000000 0.2366483 0.3008720 0.3917286 0.0067228 0.2414753 
n285_286   0.3081495 0.3189341 0.3134569 0.1160793 0.2413677 0.3142536 0.3025217 0.2415329 0.3383248 0.3192192 0.1359710 0.4222782 0.2799709 0.3128823 0.3268654 0.3104763 0.3088513 0.2995412 0.2366483 0.0000000 0.3191840 0.3880675 0.2367903 0.0101143 
n275_276   0.0236651 0.0134054 0.0168295 0.3240513 0.3060619 0.0134238 0.0236483 0.3163823 0.3759099 0.0066784 0.3503162 0.4822682 0.3536166 0.0270795 0.1823176 0.3885838 0.0100372 0.1118410 0.3008720 0.3191840 0.0000000 0.4289845 0.3111074 0.3246413 
n255_256   0.4404594 0.4286329 0.4283755 0.3868789 0.3976674 0.4350442 0.4400975 0.3979199 0.0629048 0.4289984 0.3753315 0.3341829 0.4351095 0.4460640 0.4272826 0.4466169 0.4285478 0.4369646 0.3917286 0.3880675 0.4289845 0.0000000 0.3919882 0.3941676 
n292_293   0.3209355 0.3216125 0.3160647 0.2555468 0.0033514 0.3271400 0.3206824 0.0101169 0.3197601 0.3219022 0.2800916 0.4370809 0.0854723 0.3203162 0.3183816 0.1046394 0.3215902 0.3114662 0.0067228 0.2367903 0.3111074 0.3919882 0.0000000 0.2416206 
n286_287   0.3135058 0.3243864 0.3188580 0.1200853 0.2462302 0.3196730 0.3078249 0.2463985 0.3439833 0.3246760 0.1359552 0.4223622 0.2851255 0.3182730 0.3324171 0.3158786 0.3142227 0.3048471 0.2414753 0.0101143 0.3246413 0.3941676 0.2416206 0.0000000 
