26
n298_299   0.0000000 0.3711301 0.1648932 0.3063507 0.0344609 0.2932347 0.3836418 0.0135628 0.0101533 0.0415899 0.0033643 0.3656823 0.0488199 0.3570551 0.3776102 0.0380365 0.0782422 0.3512140 0.3063507 0.0135853 0.3840668 0.2877472 0.0415621 0.4014973 0.3717790 0.3718676 
n280_281   0.3711301 0.0000000 0.4145246 0.3191924 0.3888706 0.2999749 0.0133577 0.3833612 0.3777664 0.4012038 0.3772036 0.0625896 0.4009540 0.4439003 0.0066436 0.3952564 0.3413833 0.4378300 0.3243694 0.3840996 0.0133591 0.2891670 0.3946321 0.0201263 0.4275063 0.0699692 
n200_201   0.1648932 0.4145246 0.0000000 0.3515565 0.1602184 0.3256631 0.4278262 0.1562415 0.1605914 0.1647366 0.1693263 0.4025474 0.1604706 0.3982408 0.4092337 0.1646735 0.1425591 0.3802878 0.3515565 0.1650745 0.4218858 0.3257686 0.1559307 0.4402671 0.3709026 0.4084436 
n286_287   0.3063507 0.3191924 0.3515565 0.0000000 0.3338092 0.1417986 0.3306392 0.3068611 0.3123473 0.3335412 0.3118887 0.3081056 0.3238822 0.3912760 0.3195641 0.3397122 0.2942160 0.3855273 0.0067217 0.3181004 0.3254317 0.1375307 0.3230219 0.3414782 0.4017905 0.3249435 
n287_288   0.0344609 0.3888706 0.1602184 0.3338092 0.0000000 0.3200100 0.4017263 0.0344409 0.0309378 0.0101406 0.0380229 0.3832983 0.0238907 0.3564613 0.3955323 0.0033604 0.0896105 0.3563885 0.3338092 0.0344962 0.4021750 0.3142891 0.0169517 0.4200407 0.3652071 0.3895894 
n266_267   0.2932347 0.2999749 0.3256631 0.1417986 0.3200100 0.0000000 0.3110041 0.3041067 0.3095362 0.3197555 0.2986321 0.2846009 0.3261038 0.3647060 0.3003193 0.3257563 0.2867079 0.3649717 0.1417986 0.3152280 0.3059659 0.0305985 0.3201016 0.3214755 0.3396207 0.2846540 
n292_293   0.3836418 0.0133577 0.4278262 0.3306392 0.4017263 0.3110041 0.0000000 0.3961175 0.3904217 0.4143092 0.3898372 0.0700112 0.4140450 0.4444037 0.0133712 0.4082446 0.3645175 0.4450203 0.3359013 0.3968865 0.0066496 0.2999983 0.4075938 0.0133562 0.4341519 0.0774886 
n293_294   0.0135628 0.3833612 0.1562415 0.3068611 0.0344409 0.3041067 0.3961175 0.0000000 0.0033667 0.0452019 0.0170053 0.3778243 0.0416164 0.3631040 0.3899704 0.0380144 0.0781960 0.3572086 0.3068611 0.0067563 0.3965590 0.2985219 0.0344471 0.4142998 0.3724174 0.3841293 
n275_276   0.0101533 0.3777664 0.1605914 0.3123473 0.0309378 0.3095362 0.3904217 0.0033667 0.0000000 0.0416441 0.0135790 0.3722655 0.0452183 0.3635787 0.3843222 0.0344924 0.0744908 0.3576743 0.3123473 0.0033720 0.3908560 0.3039035 0.0380033 0.4084701 0.3784260 0.3785211 
n289_290   0.0415899 0.4012038 0.1647366 0.3335412 0.0101406 0.3197555 0.4143092 0.0452019 0.0416441 0.0000000 0.0451947 0.3955408 0.0344523 0.3682763 0.4079970 0.0135655 0.1013828 0.3681990 0.3335412 0.0452749 0.4147748 0.3140397 0.0273780 0.4329576 0.3708235 0.4019518 
n297_298   0.0033643 0.3772036 0.1693263 0.3118887 0.0380229 0.2986321 0.3898372 0.0170053 0.0135790 0.0451947 0.0000000 0.3717113 0.0524696 0.3630362 0.3837480 0.0416218 0.0820611 0.3571417 0.3118887 0.0170324 0.3902704 0.2930963 0.0451643 0.4078558 0.3659332 0.3779563 
n278_279   0.3656823 0.0625896 0.4025474 0.3081056 0.3832983 0.2846009 0.0700112 0.3778243 0.3722655 0.3955408 0.3717113 0.0000000 0.3952968 0.4246345 0.0626537 0.3896356 0.3413950 0.4186510 0.3132031 0.3785505 0.0700180 0.2740399 0.3890219 0.0773807 0.4282415 0.0235730 
n295_296   0.0488199 0.4009540 0.1604706 0.3238822 0.0238907 0.3261038 0.4140450 0.0416164 0.0452183 0.0344523 0.0524696 0.3952968 0.0000000 0.3803526 0.4077397 0.0273958 0.0974304 0.3683576 0.3238822 0.0488703 0.4145099 0.3203214 0.0067385 0.4326726 0.3657470 0.4017656 
n251_252   0.3570551 0.4439003 0.3982408 0.3912760 0.3564613 0.3647060 0.4444037 0.3631040 0.3635787 0.3682763 0.3630362 0.4246345 0.3803526 0.0000000 0.4444380 0.3625699 0.3557840 0.0378845 0.3855906 0.3698107 0.4515978 0.3579955 0.3737793 0.4576429 0.2977179 0.4441283 
n274_275   0.3776102 0.0066436 0.4092337 0.3195641 0.3955323 0.3003193 0.0133712 0.3899704 0.3843222 0.4079970 0.3837480 0.0626537 0.4077397 0.4444380 0.0000000 0.4019879 0.3528813 0.4383596 0.3247475 0.3907248 0.0133726 0.2894973 0.4013498 0.0201457 0.4344585 0.0700409 
n290_291   0.0380365 0.3952564 0.1646735 0.3397122 0.0033604 0.3257563 0.4082446 0.0380144 0.0344924 0.0135655 0.0416218 0.3896356 0.0273958 0.3625699 0.4019879 0.0000000 0.0935317 0.3624947 0.3397122 0.0380756 0.4087022 0.3199812 0.0204099 0.4267365 0.3713646 0.3959904 
n236_237   0.0782422 0.3413833 0.1425591 0.2942160 0.0896105 0.2867079 0.3645175 0.0781960 0.0744908 0.1013828 0.0820611 0.3413950 0.0974304 0.3557840 0.3528813 0.0935317 0.0000000 0.3445370 0.2942160 0.0783240 0.3590726 0.2812933 0.0934178 0.3696088 0.3713023 0.3473389 
n255_256   0.3512140 0.4378300 0.3802878 0.3855273 0.3563885 0.3649717 0.4450203 0.3572086 0.3576743 0.3681990 0.3571417 0.4186510 0.3683576 0.0378845 0.4383596 0.3624947 0.3445370 0.0000000 0.3798822 0.3638487 0.4454538 0.3582557 0.3619095 0.4643703 0.2920776 0.4379813 
n285_286   0.3063507 0.3243694 0.3515565 0.0067217 0.3338092 0.1417986 0.3359013 0.3068611 0.3123473 0.3335412 0.3118887 0.3132031 0.3238822 0.3855906 0.3247475 0.3397122 0.2942160 0.3798822 0.0000000 0.3181004 0.3306609 0.1375307 0.3230219 0.3468128 0.4017905 0.3301634 
n294_295   0.0135853 0.3840996 0.1650745 0.3181004 0.0344962 0.3152280 0.3968865 0.0067563 0.0033720 0.0452749 0.0170324 0.3785505 0.0488703 0.3698107 0.3907248 0.0380756 0.0783240 0.3638487 0.3181004 0.0000000 0.3973296 0.3095417 0.0416048 0.4151112 0.3847690 0.3848706 
n300_301   0.3840668 0.0133591 0.4218858 0.3254317 0.4021750 0.3059659 0.0066496 0.3965590 0.3908560 0.4147748 0.3902704 0.0700180 0.4145099 0.4515978 0.0133726 0.4087022 0.3590726 0.4454538 0.3306609 0.3973296 0.0000000 0.2950380 0.4080500 0.0133575 0.4345701 0.0774961 
n265_266   0.2877472 0.2891670 0.3257686 0.1375307 0.3142891 0.0305985 0.2999983 0.2985219 0.3039035 0.3140397 0.2930963 0.2740399 0.3203214 0.3579955 0.2894973 0.3199812 0.2812933 0.3582557 0.1375307 0.3095417 0.2950380 0.0000000 0.3143788 0.3102994 0.3509900 0.2847432 
n296_297   0.0415621 0.3946321 0.1559307 0.3230219 0.0169517 0.3201016 0.4075938 0.0344471 0.0380033 0.0273780 0.0451643 0.3890219 0.0067385 0.3737793 0.4013498 0.0204099 0.0934178 0.3619095 0.3230219 0.0416048 0.4080500 0.3143788 0.0000000 0.4260487 0.3593546 0.3954275 
n299_300   0.4014973 0.0201263 0.4402671 0.3414782 0.4200407 0.3214755 0.0133562 0.4142998 0.4084701 0.4329576 0.4078558 0.0773807 0.4326726 0.4576429 0.0201457 0.4267365 0.3696088 0.4643703 0.3468128 0.4151112 0.0133575 0.3102994 0.4260487 0.0000000 0.4530986 0.0849414 
n244_245   0.3717790 0.4275063 0.3709026 0.4017905 0.3652071 0.3396207 0.4341519 0.3724174 0.3784260 0.3708235 0.3659332 0.4282415 0.3657470 0.2977179 0.4344585 0.3713646 0.3713023 0.2920776 0.4017905 0.3847690 0.4345701 0.3509900 0.3593546 0.4530986 0.0000000 0.4413484 
n277_278   0.3718676 0.0699692 0.4084436 0.3249435 0.3895894 0.2846540 0.0774886 0.3841293 0.3785211 0.4019518 0.3779563 0.0235730 0.4017656 0.4441283 0.0700409 0.3959904 0.3473389 0.4379813 0.3301634 0.3848706 0.0774961 0.2847432 0.3954275 0.0849414 0.4413484 0.0000000 
