24
n294_277   0.0000000 0.2639391 2.2266182 0.3100549 2.3910187 0.2589931 0.1288488 1.0729009 0.3104773 2.4681399 2.8784446 1.7876494 0.0816949 2.4360544 3.0138303 2.3474392 0.5006411 0.1247407 0.0412897 2.4729583 2.3926014 0.2539043 2.0284838 2.1162831 
n289_272   0.2639391 0.0000000 2.1036429 0.1539124 2.4403299 0.0521101 0.2890265 1.1148208 0.1623652 2.1820808 3.3821284 2.4689234 0.2587377 2.0697956 2.4895312 2.2059799 0.4942516 0.2937252 0.2785206 2.0246387 2.0964357 0.0377741 1.8628555 1.8579500 
n299_282   2.2266182 2.1036429 0.0000000 2.3261286 0.1203150 2.1188311 2.1214842 4.7656768 2.4147205 0.0376949 2.1290849 3.4117573 2.3632458 2.4932072 2.0226404 0.0202928 1.8790611 2.2296341 2.1445098 2.3540767 0.1324244 2.0490955 0.5477205 0.5554597 
n296_279   0.3100549 0.1539124 2.3261286 0.0000000 2.6318954 0.1540660 0.3102632 1.1200988 0.0343254 2.3481616 2.7795312 1.8558369 0.3048828 2.1865105 2.2587227 2.4040067 0.4937973 0.3044761 0.3203996 2.0916620 2.3334034 0.1413385 2.1208410 1.9381152 
n280_263   2.3910187 2.4403299 0.1203150 2.6318954 0.0000000 2.3939363 2.5427345 5.0769881 2.7566169 0.1243642 1.9813931 2.8031284 2.6504853 2.4591139 1.9960978 0.1283911 2.0509721 2.7136921 2.3656322 2.3981018 0.1531232 2.3055972 0.5481748 0.5622036 
n287_270   0.2589931 0.0521101 2.1188311 0.1540660 2.3939363 0.0000000 0.2790048 1.1001248 0.1625289 2.2563578 2.9265283 2.3078132 0.2538435 2.0106453 2.4687479 2.2215805 0.4864781 0.2836511 0.2686491 1.9683487 2.1116266 0.0413783 1.8963220 1.8550297 
n298_281   0.1288488 0.2890265 2.1214842 0.3102632 2.5427345 0.2790048 0.0000000 1.1660859 0.3161388 2.3966726 2.5845250 1.7647472 0.1285625 2.4964540 2.5152406 2.2838521 0.5277337 0.0307576 0.1327195 2.4183421 2.3182639 0.2737546 1.7523259 1.8598942 
n200_199   1.0729009 1.1148208 4.7656768 1.1200988 5.0769881 1.1001248 1.1660859 0.0000000 1.0761861 3.8990435 2.1050396 2.5780903 1.1486357 2.0234174 2.3292746 4.5834123 1.0048317 1.1966709 1.1064680 2.0926501 9.0000000 1.1167645 2.5131222 2.3226929 
n295_278   0.3104773 0.1623652 2.4147205 0.0343254 2.7566169 0.1625289 0.3161388 1.0761861 0.0000000 2.4398054 2.8485377 1.8436550 0.3211938 2.0820959 2.3027813 2.5013097 0.5009604 0.3104051 0.3208419 1.9964937 2.4233627 0.1454859 2.1864051 2.0371439 
n292_275   2.4681399 2.1820808 0.0376949 2.3481616 0.1243642 2.2563578 2.3966726 3.8990435 2.4398054 0.0000000 2.2106875 3.4292194 2.6395615 2.5644926 2.0933718 0.0447955 1.9541012 2.5426762 2.3623239 2.3476431 0.1489523 2.1780008 0.5636052 0.5787161 
n265_248   2.8784446 3.3821284 2.1290849 2.7795312 1.9813931 2.9265283 2.5845250 2.1050396 2.8485377 2.2106875 0.0000000 2.5179868 2.5984892 1.0343339 0.1412484 2.0770209 2.4494771 2.7171370 2.8885936 1.0309099 2.4498680 3.0566152 1.6626411 1.6743523 
n244_233   1.7876494 2.4689234 3.4117573 1.8558369 2.8031284 2.3078132 1.7647472 2.5780903 1.8436550 3.4292194 2.5179868 0.0000000 1.7791303 2.6692662 2.5399842 3.2734448 2.0808856 1.7872027 1.9761001 2.2910507 2.8741020 2.3502822 2.1220006 2.3506454 
n275_258   0.0816949 0.2587377 2.3632458 0.3048828 2.6504853 0.2538435 0.1285625 1.1486357 0.3211938 2.6395615 2.5984892 1.7791303 0.0000000 2.3570915 2.7004417 2.5013068 0.5355599 0.1244645 0.1045832 2.3925510 2.6410581 0.2487995 2.1619252 2.1774685 
n285_268   2.4360544 2.0697956 2.4932072 2.1865105 2.4591139 2.0106453 2.4964540 2.0234174 2.0820959 2.5644926 1.0343339 2.6692662 2.3570915 0.0000000 0.9844291 2.5557963 2.6700884 2.8217977 2.4151624 0.0778726 2.8802511 2.1136766 1.7530476 1.7723051 
n266_249   3.0138303 2.4895312 2.0226404 2.2587227 1.9960978 2.4687479 2.5152406 2.3292746 2.3027813 2.0933718 0.1412484 2.5399842 2.7004417 0.9844291 0.0000000 2.0228580 2.6460107 2.6430305 2.9450204 0.9792043 2.1210363 2.3392560 1.6710379 1.5910633 
n300_283   2.3474392 2.2059799 0.0202928 2.4040067 0.1283911 2.2215805 2.2838521 4.5834123 2.5013097 0.0447955 2.0770209 3.2734448 2.5013068 2.5557963 2.0228580 0.0000000 1.9591237 2.4135700 2.2537524 2.3486063 0.1490287 2.1483252 0.5710862 0.5863426 
n236_227   0.5006411 0.4942516 1.8790611 0.4937973 2.0509721 0.4864781 0.5277337 1.0048317 0.5009604 1.9541012 2.4494771 2.0808856 0.5355599 2.6700884 2.6460107 1.9591237 0.0000000 0.5205635 0.5354481 2.8677152 1.9190002 0.4936670 1.9008724 1.9076518 
n297_280   0.1247407 0.2937252 2.2296341 0.3044761 2.7136921 0.2836511 0.0307576 1.1966709 0.3104051 2.5426762 2.7171370 1.7872027 0.1244645 2.8217977 2.6430305 2.4135700 0.5205635 0.0000000 0.1366655 2.7153093 2.5335908 0.2836524 1.8625733 1.9791827 
n293_276   0.0412897 0.2785206 2.1445098 0.3203996 2.3656322 0.2686491 0.1327195 1.1064680 0.3208419 2.3623239 2.8885936 1.9761001 0.1045832 2.4151624 2.9450204 2.2537524 0.5354481 0.1366655 0.0000000 2.3901187 2.3625916 0.2634873 1.9700438 2.1065762 
n286_269   2.4729583 2.0246387 2.3540767 2.0916620 2.3981018 1.9683487 2.4183421 2.0926501 1.9964937 2.3476431 1.0309099 2.2910507 2.3925510 0.0778726 0.9792043 2.3486063 2.8677152 2.7153093 2.3901187 0.0000000 2.7023535 1.9753944 1.7392396 1.7597981 
n274_257   2.3926014 2.0964357 0.1324244 2.3334034 0.1531232 2.1116266 2.3182639 9.0000000 2.4233627 0.1489523 2.4498680 2.8741020 2.6410581 2.8802511 2.1210363 0.1490287 1.9190002 2.5335908 2.3625916 2.7023535 0.0000000 2.0421961 0.5327815 0.5619587 
n290_273   0.2539043 0.0377741 2.0490955 0.1413385 2.3055972 0.0413783 0.2737546 1.1167645 0.1454859 2.1780008 3.0566152 2.3502822 0.2487995 2.1136766 2.3392560 2.1483252 0.4936670 0.2836524 0.2634873 1.9753944 2.0421961 0.0000000 1.9011384 1.8596643 
n278_261   2.0284838 1.8628555 0.5477205 2.1208410 0.5481748 1.8963220 1.7523259 2.5131222 2.1864051 0.5636052 1.6626411 2.1220006 2.1619252 1.7530476 1.6710379 0.5710862 1.9008724 1.8625733 1.9700438 1.7392396 0.5327815 1.9011384 0.0000000 0.1044768 
n277_260   2.1162831 1.8579500 0.5554597 1.9381152 0.5622036 1.8550297 1.8598942 2.3226929 2.0371439 0.5787161 1.6743523 2.3506454 2.1774685 1.7723051 1.5910633 0.5863426 1.9076518 1.9791827 2.1065762 1.7597981 0.5619587 1.8596643 0.1044768 0.0000000 
