25
n289_290   0.0000000 0.0411301 0.0100618 0.3687933 0.3034262 0.0590025 0.0033381 0.3141044 0.2999012 0.0446691 0.3415392 0.0066933 0.3245509 0.3410731 0.0100647 0.1394345 0.3356464 0.0553924 0.0926429 0.2932957 0.2844365 0.0376097 0.3150067 0.3084960 0.2895358 
n294_295   0.0411301 0.0000000 0.0517746 0.3857759 0.3138447 0.0237125 0.0446491 0.3246952 0.3105111 0.0100648 0.3574183 0.0482124 0.3407256 0.3465760 0.0482656 0.1436045 0.3411049 0.0202758 0.1002663 0.3035619 0.3100297 0.0033389 0.3258472 0.3189910 0.3153227 
n295_296   0.0100618 0.0517746 0.0000000 0.3799817 0.3136359 0.0699142 0.0134423 0.3244755 0.3100997 0.0553660 0.3523234 0.0033380 0.3350706 0.3460076 0.0202660 0.1516343 0.3405491 0.0662498 0.1041084 0.3033631 0.2944069 0.0482026 0.3254088 0.3187771 0.2995790 
n266_267   0.3687933 0.3857759 0.3799817 0.0000000 0.3144521 0.3904486 0.3631481 0.3254561 0.3858966 0.3799654 0.0306192 0.3743810 0.4024578 0.3513351 0.3688259 0.4157110 0.3513351 0.3847470 0.3927631 0.3144521 0.1561706 0.3801001 0.4085971 0.3196072 0.1562067 
n299_300   0.3034262 0.3138447 0.3136359 0.3144521 0.0000000 0.3291974 0.2982823 0.0272290 0.2939801 0.3085991 0.2988176 0.3085308 0.3462360 0.0926903 0.3140010 0.3410506 0.0888773 0.3239482 0.3358926 0.0067033 0.2701315 0.3086997 0.3304190 0.0033433 0.2751376 
n298_299   0.0590025 0.0237125 0.0699142 0.3904486 0.3291974 0.0000000 0.0626044 0.3402891 0.3203344 0.0271666 0.3624338 0.0662631 0.3623984 0.3568333 0.0663364 0.1728100 0.3512905 0.0033347 0.1197696 0.3187021 0.3198356 0.0202758 0.3358516 0.3344504 0.3251963 
n290_291   0.0033381 0.0446491 0.0134423 0.3631481 0.2982823 0.0626044 0.0000000 0.3088778 0.2947636 0.0482044 0.3361008 0.0100598 0.3192480 0.3356428 0.0134462 0.1353678 0.3302576 0.0589775 0.0964167 0.2882250 0.2794157 0.0411127 0.3097643 0.3033154 0.2844777 
n274_275   0.3141044 0.3246952 0.3244755 0.3254561 0.0272290 0.3402891 0.3088778 0.0000000 0.3200946 0.3193635 0.3094349 0.3192889 0.3744072 0.1004644 0.3248547 0.3465165 0.0966044 0.3349553 0.3580965 0.0203242 0.2803415 0.3194690 0.3579567 0.0307012 0.2854266 
n251_252   0.2999012 0.3105111 0.3100997 0.3858966 0.2939801 0.3203344 0.2947636 0.3200946 0.0000000 0.3156998 0.3691201 0.3050004 0.2644584 0.3412723 0.3104617 0.3267190 0.3408224 0.3203783 0.3312649 0.2890086 0.2948077 0.3053676 0.0376836 0.2989947 0.2999874 
n293_294   0.0446691 0.0100648 0.0553660 0.3799654 0.3085991 0.0271666 0.0482044 0.3193635 0.3156998 0.0000000 0.3518355 0.0517864 0.3515748 0.3410754 0.0518435 0.1559941 0.3356471 0.0237131 0.1041247 0.2983925 0.3047996 0.0066939 0.3311405 0.3137071 0.3100522 
n265_266   0.3415392 0.3574183 0.3523234 0.0306192 0.2988176 0.3624338 0.3361008 0.3094349 0.3691201 0.3518355 0.0000000 0.3469279 0.3740308 0.3299611 0.3415671 0.3861421 0.3299611 0.3569394 0.3640693 0.2887403 0.1438627 0.3519562 0.3913312 0.3038608 0.1438954 
n296_297   0.0066933 0.0482124 0.0033380 0.3743810 0.3085308 0.0662631 0.0100598 0.3192889 0.3050004 0.0517864 0.3469279 0.0000000 0.3298089 0.3464540 0.0168512 0.1475528 0.3409872 0.0626168 0.1002725 0.2983298 0.2894226 0.0446576 0.3202067 0.3136359 0.2945580 
n244_245   0.3245509 0.3407256 0.3350706 0.4024578 0.3462360 0.3623984 0.3192480 0.3744072 0.2644584 0.3515748 0.3740308 0.3298089 0.0000000 0.4092254 0.3354634 0.3412260 0.3916561 0.3569017 0.3465836 0.3408947 0.3466682 0.3407658 0.2690435 0.3516281 0.3522405 
n278_279   0.3410731 0.3465760 0.3460076 0.3513351 0.0926903 0.3568333 0.3356428 0.1004644 0.3412723 0.3410754 0.3299611 0.3464540 0.4092254 0.0000000 0.3467483 0.3752100 0.0100826 0.3513802 0.3924578 0.0851197 0.2998041 0.3411910 0.3694981 0.0964892 0.3050198 
n287_288   0.0100647 0.0482656 0.0202660 0.3688259 0.3140010 0.0663364 0.0134462 0.3248547 0.3104617 0.0518435 0.3415671 0.0168512 0.3354634 0.3467483 0.0000000 0.1477204 0.3412757 0.0626860 0.0965850 0.3037151 0.2898489 0.0447068 0.3257899 0.3191487 0.2949933 
n200_201   0.1394345 0.1436045 0.1516343 0.4157110 0.3410506 0.1728100 0.1353678 0.3465165 0.3267190 0.1559941 0.3861421 0.1475528 0.3412260 0.3752100 0.1477204 0.0000000 0.3639913 0.1685743 0.1947602 0.3303545 0.3313910 0.1477379 0.3481277 0.3464045 0.3368541 
n277_278   0.3356464 0.3411049 0.3405491 0.3513351 0.0888773 0.3512905 0.3302576 0.0966044 0.3408224 0.3356471 0.3299611 0.3409872 0.3916561 0.0100826 0.3412757 0.3639913 0.0000000 0.3458786 0.3866144 0.0813480 0.2998041 0.3357601 0.3579387 0.0926559 0.3050198 
n297_298   0.0553924 0.0202758 0.0662498 0.3847470 0.3239482 0.0033347 0.0589775 0.3349553 0.3203783 0.0237131 0.3569394 0.0626168 0.3569017 0.3513802 0.0626860 0.1685743 0.3458786 0.0000000 0.1158285 0.3135275 0.3146430 0.0168558 0.3358980 0.3291637 0.3199647 
n236_237   0.0926429 0.1002663 0.1041084 0.3927631 0.3358926 0.1197696 0.0964167 0.3580965 0.3312649 0.1041247 0.3640693 0.1002725 0.3465836 0.3924578 0.0965850 0.1947602 0.3866144 0.1158285 0.0000000 0.3358926 0.3108290 0.0964312 0.3470241 0.3412110 0.3161400 
n280_281   0.2932957 0.3035619 0.3033631 0.3144521 0.0067033 0.3187021 0.2882250 0.0203242 0.2890086 0.2983925 0.2887403 0.2983298 0.3408947 0.0851197 0.3037151 0.3303545 0.0813480 0.3135275 0.3358926 0.0000000 0.2604118 0.2984887 0.3251915 0.0100769 0.2653480 
n285_286   0.2844365 0.3100297 0.2944069 0.1561706 0.2701315 0.3198356 0.2794157 0.2803415 0.2948077 0.3047996 0.1438627 0.2894226 0.3466682 0.2998041 0.2898489 0.3313910 0.2998041 0.3146430 0.3108290 0.2604118 0.0000000 0.3048988 0.3153222 0.2749959 0.0067196 
n275_276   0.0376097 0.0033389 0.0482026 0.3801001 0.3086997 0.0202758 0.0411127 0.3194690 0.3053676 0.0066939 0.3519562 0.0446576 0.3407658 0.3411910 0.0447068 0.1477379 0.3357601 0.0168558 0.0964312 0.2984887 0.3048988 0.0000000 0.3206012 0.3138100 0.3101537 
n255_256   0.3150067 0.3258472 0.3254088 0.4085971 0.3304190 0.3358516 0.3097643 0.3579567 0.0376836 0.3311405 0.3913312 0.3202067 0.2690435 0.3694981 0.3257899 0.3481277 0.3579387 0.3358980 0.3470241 0.3251915 0.3153222 0.3206012 0.0000000 0.3356949 0.3206552 
n292_293   0.3084960 0.3189910 0.3187771 0.3196072 0.0033433 0.3344504 0.3033154 0.0307012 0.2989947 0.3137071 0.3038608 0.3136359 0.3516281 0.0964892 0.3191487 0.3464045 0.0926559 0.3291637 0.3412110 0.0100769 0.2749959 0.3138100 0.3356949 0.0000000 0.2800369 
n286_287   0.2895358 0.3153227 0.2995790 0.1562067 0.2751376 0.3251963 0.2844777 0.2854266 0.2999874 0.3100522 0.1438954 0.2945580 0.3522405 0.3050198 0.2949933 0.3368541 0.3050198 0.3199647 0.3161400 0.2653480 0.0067196 0.3101537 0.3206552 0.2800369 0.0000000 
