23
n287_286   0.0000000 0.0594997 0.1629415 0.3157399 0.0486465 0.3105955 0.3412125 0.3199553 0.0135629 0.0033592 0.2650873 0.4336460 0.3357303 0.0741118 0.2960397 0.0135662 0.0523942 0.2650251 0.3957737 0.2959104 0.0559764 0.4071966 0.3256177 
n294_293   0.0594997 0.0000000 0.1621671 0.3086401 0.0203718 0.3035688 0.3337604 0.3128159 0.0594583 0.0631253 0.2593077 0.4014059 0.3283623 0.0887187 0.2846590 0.0594728 0.0204019 0.2592469 0.3765371 0.2845378 0.0203783 0.3876329 0.3183899 
n200_201   0.1629415 0.1621671 0.0000000 0.2790021 0.1540165 0.2741118 0.2980893 0.2780626 0.1628232 0.1671144 0.2639576 0.3911334 0.2929411 0.1494933 0.2645380 0.1628621 0.1542521 0.2638959 0.3556450 0.2644295 0.1583351 0.3728604 0.2833648 
n277_276   0.3157399 0.3086401 0.2790021 0.0000000 0.3042587 0.0033408 0.0554841 0.0483470 0.3154953 0.3208512 0.2580866 0.4091598 0.0483149 0.2872204 0.2286514 0.3155685 0.2991358 0.2580263 0.3433085 0.2336102 0.3096942 0.3597046 0.0519777 
n298_297   0.0486465 0.0203718 0.1540165 0.3042587 0.0000000 0.2992052 0.3238138 0.3031091 0.0486128 0.0522238 0.2602992 0.3909599 0.3184813 0.0813264 0.2751535 0.0486246 0.0067339 0.2602381 0.3660478 0.2750382 0.0204445 0.3770117 0.3086115 
n278_277   0.3105955 0.3035688 0.2741118 0.0033408 0.2992052 0.0000000 0.0519055 0.0447990 0.3103554 0.3156733 0.2533475 0.4033649 0.0447693 0.2823005 0.2241078 0.3104275 0.2941165 0.2532883 0.3439379 0.2290320 0.3046013 0.3603697 0.0484097 
n274_273   0.3412125 0.3337604 0.2980893 0.0554841 0.3238138 0.0519055 0.0000000 0.0134391 0.3409461 0.3464811 0.2819257 0.3841753 0.0202436 0.3121310 0.2616412 0.3410245 0.3185717 0.2818603 0.3644212 0.2718121 0.3293409 0.3755185 0.0168546 
n299_298   0.3199553 0.3128159 0.2780626 0.0483470 0.3031091 0.0447990 0.0134391 0.0000000 0.3197078 0.3250791 0.2623828 0.3738137 0.0134427 0.2969232 0.2426533 0.3197817 0.2980117 0.2623217 0.3483164 0.2525403 0.3084733 0.3591790 0.0033408 
n296_295   0.0135629 0.0594583 0.1628232 0.3154953 0.0486128 0.3103554 0.3409461 0.3197078 0.0000000 0.0169866 0.2648862 0.4332936 0.3354689 0.0740601 0.2958115 0.0067422 0.0523578 0.2648241 0.3954579 0.2956825 0.0559375 0.4068701 0.3253650 
n289_288   0.0033592 0.0631253 0.1671144 0.3208512 0.0522238 0.3156733 0.3464811 0.3250791 0.0169866 0.0000000 0.2644784 0.4270435 0.3409594 0.0777989 0.2953454 0.0169908 0.0559978 0.2644164 0.3895214 0.2952169 0.0595931 0.4008443 0.3307841 
n285_284   0.2650873 0.2593077 0.2639576 0.2580866 0.2602992 0.2533475 0.2819257 0.2623828 0.2648862 0.2644784 0.0000000 0.3774953 0.2715804 0.2735104 0.1206652 0.2649483 0.2607063 0.0033488 0.3437486 0.1246346 0.2553732 0.3708548 0.2675443 
n244_243   0.4336460 0.4014059 0.3911334 0.4091598 0.3909599 0.4033649 0.3841753 0.3738137 0.4332936 0.4270435 0.3774953 0.0000000 0.3838429 0.4297521 0.3670767 0.4333914 0.3857408 0.3774097 0.3079579 0.3785134 0.4031986 0.3233593 0.3799361 
n280_279   0.3357303 0.3283623 0.2929411 0.0483149 0.3184813 0.0447693 0.0202436 0.0134427 0.3354689 0.3409594 0.2715804 0.3838429 0.0000000 0.3121342 0.2516212 0.3355461 0.3132785 0.2715173 0.3479303 0.2616261 0.3239642 0.3587839 0.0168586 
n236_235   0.0741118 0.0887187 0.1494933 0.2872204 0.0813264 0.2823005 0.3121310 0.2969232 0.0740601 0.0777989 0.2735104 0.4297521 0.3121342 0.0000000 0.2885736 0.0740780 0.0814484 0.2734466 0.3476574 0.2884502 0.0890437 0.3695113 0.3023621 
n265_264   0.2960397 0.2846590 0.2645380 0.2286514 0.2751535 0.2241078 0.2616412 0.2426533 0.2958115 0.2953454 0.1206652 0.3670767 0.2516212 0.2885736 0.0000000 0.2958806 0.2755849 0.1206363 0.3592441 0.0134327 0.2858505 0.3754115 0.2476519 
n295_294   0.0135662 0.0594728 0.1628621 0.3155685 0.0486246 0.3104275 0.3410245 0.3197817 0.0067422 0.0169908 0.2649483 0.4333914 0.3355461 0.0740780 0.2958806 0.0000000 0.0523705 0.2648862 0.3955477 0.2957515 0.0559511 0.4069623 0.3254402 
n297_296   0.0523942 0.0204019 0.1542521 0.2991358 0.0067339 0.2941165 0.3185717 0.2980117 0.0523578 0.0559978 0.2607063 0.3857408 0.3132785 0.0814484 0.2755849 0.0523705 0.0000000 0.2606450 0.3547849 0.2754692 0.0204752 0.3655823 0.3034717 
n286_285   0.2650251 0.2592469 0.2638959 0.2580263 0.2602381 0.2532883 0.2818603 0.2623217 0.2648241 0.2644164 0.0033488 0.3774097 0.2715173 0.2734466 0.1206363 0.2648862 0.2606450 0.0000000 0.3436700 0.1246048 0.2553132 0.3707705 0.2674821 
n255_254   0.3957737 0.3765371 0.3556450 0.3433085 0.3660478 0.3439379 0.3644212 0.3483164 0.3954579 0.3895214 0.3437486 0.3079579 0.3479303 0.3476574 0.3592441 0.3955477 0.3547849 0.3436700 0.0000000 0.3536021 0.3781894 0.0477326 0.3541857 
n266_265   0.2959104 0.2845378 0.2644295 0.2336102 0.2750382 0.2290320 0.2718121 0.2525403 0.2956825 0.2952169 0.1246346 0.3785134 0.2616261 0.2884502 0.0134327 0.2957515 0.2754692 0.1246048 0.3536021 0.0000000 0.2857280 0.3809663 0.2576220 
n275_274   0.0559764 0.0203783 0.1583351 0.3096942 0.0204445 0.3046013 0.3293409 0.3084733 0.0559375 0.0595931 0.2553732 0.4031986 0.3239642 0.0890437 0.2858505 0.0559511 0.0204752 0.2553132 0.3781894 0.2857280 0.0000000 0.3893452 0.3140232 
n251_250   0.4071966 0.3876329 0.3728604 0.3597046 0.3770117 0.3603697 0.3755185 0.3591790 0.4068701 0.4008443 0.3708548 0.3233593 0.3587839 0.3695113 0.3754115 0.4069623 0.3655823 0.3707705 0.0477326 0.3809663 0.3893452 0.0000000 0.3651446 
n292_291   0.3256177 0.3183899 0.2833648 0.0519777 0.3086115 0.0484097 0.0168546 0.0033408 0.3253650 0.3307841 0.2675443 0.3799361 0.0168586 0.3023621 0.2476519 0.3254402 0.3034717 0.2674821 0.3541857 0.2576220 0.3140232 0.3651446 0.0000000 
