26
n298_299   0.0000000 0.3188287 0.1197235 0.2499846 0.0271497 0.2651353 0.3136610 0.0237724 0.0202869 0.0306122 0.0033429 0.2777228 0.0340993 0.3429962 0.3027404 0.0237050 0.0702575 0.3644039 0.2589606 0.0272307 0.3137624 0.2656615 0.0411314 0.3191258 0.3885492 0.2828290 
n280_281   0.3188287 0.0000000 0.3175001 0.2539152 0.3127229 0.2684485 0.0237468 0.3348455 0.3236213 0.3178043 0.3242294 0.0736406 0.3027518 0.3429434 0.0203029 0.3076789 0.3458808 0.3650194 0.2536150 0.3401301 0.0203081 0.2596370 0.3130995 0.0203334 0.3986128 0.0626132 
n200_201   0.1197235 0.3175001 0.0000000 0.2440938 0.1154545 0.2641695 0.3175873 0.1317588 0.1274764 0.1232669 0.1237448 0.2766026 0.1272453 0.3210746 0.3014963 0.1154508 0.1316532 0.3363030 0.2578672 0.1357692 0.3124594 0.2599439 0.1352895 0.3177947 0.3643150 0.2816831 
n286_287   0.2499846 0.2539152 0.2440938 0.0000000 0.2537194 0.1315612 0.2539736 0.2552191 0.2498610 0.2584223 0.2548778 0.2207544 0.2539711 0.2867002 0.2441958 0.2490536 0.2594378 0.3176215 0.0169017 0.2599778 0.2492615 0.1278313 0.2587782 0.2541389 0.3432629 0.2254362 
n287_288   0.0271497 0.3127229 0.1154545 0.2537194 0.0000000 0.2689087 0.3076081 0.0376282 0.0340554 0.0100457 0.0306317 0.2720452 0.0134274 0.3468890 0.2968115 0.0033342 0.0774141 0.3683401 0.2627052 0.0411442 0.3077072 0.2694418 0.0202431 0.3130122 0.3925528 0.2770970 
n266_267   0.2651353 0.2684485 0.2641695 0.1315612 0.2689087 0.0000000 0.2680439 0.2751742 0.2744436 0.2737203 0.2701520 0.2296097 0.2691788 0.3066722 0.2631687 0.2641348 0.2748108 0.3283686 0.1475272 0.2800726 0.2683939 0.0238309 0.2741029 0.2734107 0.3441487 0.2299203 
n292_293   0.3136610 0.0237468 0.3175873 0.2539736 0.3076081 0.2680439 0.0000000 0.3295645 0.3184262 0.3126562 0.3190224 0.0663710 0.2977013 0.3641783 0.0168933 0.3025975 0.3405175 0.3869143 0.2536732 0.3348126 0.0100934 0.2546981 0.3079772 0.0134964 0.4091701 0.0554450 
n293_294   0.0237724 0.3348455 0.1317588 0.2552191 0.0376282 0.2751742 0.3295645 0.0000000 0.0168891 0.0411424 0.0272468 0.2928135 0.0446846 0.3594860 0.3183706 0.0341330 0.0814727 0.3813885 0.2642648 0.0033461 0.3296713 0.2806066 0.0446902 0.3351621 0.3939489 0.2980386 
n275_276   0.0202869 0.3236213 0.1274764 0.2498610 0.0340554 0.2744436 0.3184262 0.0168891 0.0000000 0.0375457 0.0237360 0.2822887 0.0410629 0.3478995 0.3074375 0.0305836 0.0775684 0.3694269 0.2588320 0.0203130 0.3185291 0.2749904 0.0481568 0.3239239 0.3993054 0.2874244 
n289_290   0.0306122 0.3178043 0.1232669 0.2584223 0.0100457 0.2737203 0.3126562 0.0411424 0.0375457 0.0000000 0.0341121 0.2768538 0.0168214 0.3364972 0.3017788 0.0066831 0.0811255 0.3576602 0.2674558 0.0446748 0.3127570 0.2742643 0.0236697 0.3180995 0.3981804 0.2819407 
n297_298   0.0033429 0.3242294 0.1237448 0.2548778 0.0306317 0.2701520 0.3190224 0.0272468 0.0237360 0.0341121 0.0000000 0.2828029 0.0376183 0.3485616 0.3080075 0.0271694 0.0739942 0.3701407 0.2639095 0.0307232 0.3191256 0.2706899 0.0446896 0.3245331 0.3945102 0.2879502 
n278_279   0.2777228 0.0736406 0.2766026 0.2207544 0.2720452 0.2296097 0.0663710 0.2928135 0.2822887 0.2768538 0.2828029 0.0000000 0.2626003 0.3412623 0.0663427 0.2672743 0.3031792 0.3579518 0.2252014 0.2977999 0.0627275 0.2255414 0.2723628 0.0664120 0.3958947 0.0236740 
n295_296   0.0340993 0.3027518 0.1272453 0.2539711 0.0134274 0.2691788 0.2977013 0.0446846 0.0410629 0.0168214 0.0376183 0.2626003 0.0000000 0.3472515 0.2870605 0.0100493 0.0848780 0.3687301 0.2629669 0.0482345 0.2977971 0.2697129 0.0066874 0.3030297 0.3983924 0.2675844 
n251_252   0.3429962 0.3429434 0.3210746 0.2867002 0.3468890 0.3066722 0.3641783 0.3594860 0.3478995 0.3364972 0.3485616 0.3412623 0.3472515 0.0000000 0.3475403 0.3416413 0.3540678 0.0516652 0.2959675 0.3649224 0.3533014 0.3022946 0.3582039 0.3538518 0.2705810 0.3468346 
n274_275   0.3027404 0.0203029 0.3014963 0.2441958 0.2968115 0.2631687 0.0168933 0.3183706 0.3074375 0.3017788 0.3080075 0.0663427 0.2870605 0.3475403 0.0000000 0.2918817 0.3291259 0.3697220 0.2439089 0.3235302 0.0134842 0.2544187 0.2971642 0.0169036 0.3970606 0.0554214 
n290_291   0.0237050 0.3076789 0.1154508 0.2490536 0.0033342 0.2641348 0.3025975 0.0341330 0.0305836 0.0066831 0.0271694 0.2672743 0.0100493 0.3416413 0.2918817 0.0000000 0.0737266 0.3629428 0.2579919 0.0376331 0.3026949 0.2646570 0.0168334 0.3079623 0.3869579 0.2722910 
n236_237   0.0702575 0.3458808 0.1316532 0.2594378 0.0774141 0.2748108 0.3405175 0.0814727 0.0775684 0.0811255 0.0739942 0.3031792 0.0848780 0.3540678 0.3291259 0.0737266 0.0000000 0.3762094 0.2685117 0.0852231 0.3406281 0.2753592 0.0924572 0.3462112 0.3884331 0.3084901 
n255_256   0.3644039 0.3650194 0.3363030 0.3176215 0.3683401 0.3283686 0.3869143 0.3813885 0.3694269 0.3576602 0.3701407 0.3579518 0.3687301 0.0516652 0.3697220 0.3629428 0.3762094 0.0000000 0.3272436 0.3869851 0.3756868 0.3289547 0.3800120 0.3762820 0.2807623 0.3689740 
n285_286   0.2589606 0.2536150 0.2578672 0.0169017 0.2627052 0.1475272 0.2536732 0.2642648 0.2588320 0.2674558 0.2639095 0.2252014 0.2629669 0.2959675 0.2439089 0.2579919 0.2685117 0.3272436 0.0000000 0.2690732 0.2489674 0.1437500 0.2678261 0.2538381 0.3584898 0.2299129 
n294_295   0.0272307 0.3401301 0.1357692 0.2599778 0.0411442 0.2800726 0.3348126 0.0033461 0.0203130 0.0446748 0.0307232 0.2977999 0.0482345 0.3649224 0.3235302 0.0376331 0.0852231 0.3869851 0.2690732 0.0000000 0.3349212 0.2855477 0.0482405 0.3404531 0.3996556 0.2930559 
n300_301   0.3137624 0.0203081 0.3124594 0.2492615 0.3077072 0.2683939 0.0100934 0.3296713 0.3185291 0.3127570 0.3191256 0.0627275 0.2977971 0.3533014 0.0134842 0.3026949 0.3406281 0.3756868 0.2489674 0.3349212 0.0000000 0.2595835 0.3080765 0.0033516 0.4097522 0.0518570 
n265_266   0.2656615 0.2596370 0.2599439 0.1278313 0.2694418 0.0238309 0.2546981 0.2806066 0.2749904 0.2742643 0.2706899 0.2255414 0.2697129 0.3022946 0.2544187 0.2646570 0.2753592 0.3289547 0.1437500 0.2855477 0.2595835 0.0000000 0.2746485 0.2645489 0.3556367 0.2258460 
n296_297   0.0411314 0.3130995 0.1352895 0.2587782 0.0202431 0.2741029 0.3079772 0.0446902 0.0481568 0.0236697 0.0446896 0.2723628 0.0066874 0.3582039 0.2971642 0.0168334 0.0924572 0.3800120 0.2678261 0.0482405 0.3080765 0.2746485 0.0000000 0.3133895 0.4101891 0.2774219 
n299_300   0.3191258 0.0203334 0.3177947 0.2541389 0.3130122 0.2734107 0.0134964 0.3351621 0.3239239 0.3180995 0.3245331 0.0664120 0.3030297 0.3538518 0.0169036 0.3079623 0.3462112 0.3762820 0.2538381 0.3404531 0.0033516 0.2645489 0.3133895 0.0000000 0.4104173 0.0554792 
n244_245   0.3885492 0.3986128 0.3643150 0.3432629 0.3925528 0.3441487 0.4091701 0.3939489 0.3993054 0.3981804 0.3945102 0.3958947 0.3983924 0.2705810 0.3970606 0.3869579 0.3884331 0.2807623 0.3584898 0.3996556 0.4097522 0.3556367 0.4101891 0.4104173 0.0000000 0.3961921 
n277_278   0.2828290 0.0626132 0.2816831 0.2254362 0.2770970 0.2299203 0.0554450 0.2980386 0.2874244 0.2819407 0.2879502 0.0236740 0.2675844 0.3468346 0.0554214 0.2722910 0.3084901 0.3689740 0.2299129 0.2930559 0.0518570 0.2258460 0.2774219 0.0554792 0.3961921 0.0000000 
