23
n289_290   0.0000000 0.0412024 0.0169382 0.2507010 0.2892361 0.0446892 0.0033550 0.2895114 0.3467165 0.0412381 0.2558305 0.0203982 0.3945342 0.2856697 0.1157765 0.2850740 0.0813105 0.3048859 0.2579155 0.0447432 0.3513931 0.2842384 0.2675935 
n294_295   0.0412024 0.0000000 0.0412144 0.2362392 0.2837817 0.0168483 0.0447481 0.2840514 0.3198145 0.0067062 0.2412448 0.0448113 0.3825602 0.2802254 0.0886901 0.2796424 0.0591207 0.2992932 0.2481211 0.0168683 0.3297424 0.2788262 0.2576700 
n295_296   0.0169382 0.0412144 0.0000000 0.2650480 0.3043493 0.0481794 0.0203756 0.3046392 0.3584155 0.0412501 0.2702966 0.0033587 0.4059323 0.3007660 0.1155303 0.3001371 0.0849441 0.3203356 0.2725173 0.0482378 0.3631458 0.2992494 0.2823818 
n266_267   0.2507010 0.2362392 0.2650480 0.0000000 0.2683815 0.2358782 0.2554756 0.2686354 0.3394314 0.2321771 0.0237163 0.2702573 0.3975280 0.2659416 0.2645410 0.2701722 0.2599805 0.2689305 0.1324261 0.2409093 0.3547927 0.2635420 0.1367045 
n299_300   0.2892361 0.2837817 0.3043493 0.2683815 0.0000000 0.2826709 0.2942682 0.0270672 0.3527068 0.2840374 0.2736391 0.3098862 0.3930140 0.0518078 0.2982657 0.0589745 0.2991804 0.0236621 0.2510095 0.2887752 0.3572700 0.0033241 0.2605420 
n298_299   0.0446892 0.0168483 0.0481794 0.2358782 0.2826709 0.0000000 0.0482481 0.2829386 0.3290378 0.0168629 0.2408750 0.0518095 0.3809572 0.2741748 0.0883783 0.2736068 0.0626757 0.2981110 0.2471595 0.0202652 0.3390397 0.2777377 0.2566668 
n290_291   0.0033550 0.0447481 0.0203756 0.2554756 0.2942682 0.0482481 0.0000000 0.2945484 0.3522163 0.0447868 0.2606450 0.0238565 0.4004309 0.2906959 0.1197193 0.2900891 0.0850684 0.3100313 0.2627752 0.0483065 0.3569157 0.2892361 0.2725160 
n274_275   0.2895114 0.2840514 0.3046392 0.2686354 0.0270672 0.2829386 0.2945484 0.0000000 0.3474452 0.2843074 0.2738984 0.3101819 0.4044967 0.0590750 0.2985492 0.0663190 0.2994654 0.0375514 0.2610615 0.2890498 0.3519887 0.0236255 0.2707352 
n251_252   0.3467165 0.3198145 0.3584155 0.3394314 0.3527068 0.3290378 0.3522163 0.3474452 0.0000000 0.3201068 0.3499389 0.3645053 0.2933096 0.3621997 0.3543236 0.3565161 0.3569449 0.3576484 0.3571703 0.3357822 0.0306674 0.3472542 0.3575597 
n293_294   0.0412381 0.0067062 0.0412501 0.2321771 0.2840374 0.0168629 0.0447868 0.2843074 0.3201068 0.0000000 0.2371597 0.0448512 0.3829120 0.2804787 0.0887680 0.2798948 0.0591731 0.2995633 0.2483460 0.0168829 0.3300432 0.2790773 0.2579036 
n265_266   0.2558305 0.2412448 0.2702966 0.0237163 0.2736391 0.2408750 0.2606450 0.2738984 0.3499389 0.2371597 0.0000000 0.2755557 0.3980176 0.2763469 0.2602936 0.2806278 0.2651852 0.2742001 0.1245187 0.2459540 0.3654820 0.2687583 0.1325442 
n296_297   0.0203982 0.0448113 0.0033587 0.2702573 0.3098862 0.0518095 0.0238565 0.3101819 0.3645053 0.0448512 0.2755557 0.0000000 0.4124958 0.3062925 0.1196031 0.3056507 0.0888183 0.3260155 0.2778288 0.0518724 0.3692667 0.3047427 0.2877730 
n244_245   0.3945342 0.3825602 0.4059323 0.3975280 0.3930140 0.3809572 0.4004309 0.4044967 0.2933096 0.3829120 0.3980176 0.4124958 0.0000000 0.4150914 0.4038147 0.4154379 0.3868233 0.3983330 0.3937411 0.3884151 0.2994684 0.3872459 0.3991711 
n278_279   0.2856697 0.2802254 0.3007660 0.2659416 0.0518078 0.2741748 0.2906959 0.0590750 0.3621997 0.2804787 0.2763469 0.3062925 0.4150914 0.0000000 0.3062061 0.0202339 0.3014520 0.0627401 0.2633888 0.2852120 0.3727367 0.0482316 0.2731625 
n200_201   0.1157765 0.0886901 0.1155303 0.2645410 0.2982657 0.0883783 0.1197193 0.2985492 0.3543236 0.0887680 0.2602936 0.1196031 0.4038147 0.3062061 0.0000000 0.3055641 0.1080359 0.3140856 0.2713429 0.0924723 0.3699319 0.2932170 0.2811641 
n277_278   0.2850740 0.2796424 0.3001371 0.2701722 0.0589745 0.2736068 0.2900891 0.0663190 0.3565161 0.2798948 0.2806278 0.3056507 0.4154379 0.0202339 0.3055641 0.0000000 0.3008201 0.0700230 0.2631853 0.2846178 0.3669852 0.0553639 0.2729524 
n236_237   0.0813105 0.0591207 0.0849441 0.2599805 0.2991804 0.0626757 0.0850684 0.2994654 0.3569449 0.0591731 0.2651852 0.0888183 0.3868233 0.3014520 0.1080359 0.3008201 0.0000000 0.3150557 0.2628731 0.0627522 0.3624783 0.2941144 0.2726218 
n280_281   0.3048859 0.2992932 0.3203356 0.2689305 0.0236621 0.2981110 0.3100313 0.0375514 0.3576484 0.2995633 0.2742001 0.3260155 0.3983330 0.0627401 0.3140856 0.0700230 0.3150557 0.0000000 0.2758785 0.3044033 0.3622234 0.0202321 0.2857482 
n285_286   0.2579155 0.2481211 0.2725173 0.1324261 0.2510095 0.2471595 0.2627752 0.2610615 0.3571703 0.2483460 0.1245187 0.2778288 0.3937411 0.2633888 0.2713429 0.2631853 0.2628731 0.2758785 0.0000000 0.2529098 0.3619404 0.2462552 0.0067234 
n275_276   0.0447432 0.0168683 0.0482378 0.2409093 0.2887752 0.0202652 0.0483065 0.2890498 0.3357822 0.0168829 0.2459540 0.0518724 0.3884151 0.2852120 0.0924723 0.2846178 0.0627522 0.3044033 0.2529098 0.0000000 0.3458965 0.2837844 0.2625220 
n255_256   0.3513931 0.3297424 0.3631458 0.3547927 0.3572700 0.3390397 0.3569157 0.3519887 0.0306674 0.3300432 0.3654820 0.3692667 0.2994684 0.3727367 0.3699319 0.3669852 0.3624783 0.3622234 0.3619404 0.3458965 0.0000000 0.3517961 0.3623350 
n292_293   0.2842384 0.2788262 0.2992494 0.2635420 0.0033241 0.2777377 0.2892361 0.0236255 0.3472542 0.2790773 0.2687583 0.3047427 0.3872459 0.0482316 0.2932170 0.0553639 0.2941144 0.0202321 0.2462552 0.2837844 0.3517961 0.0000000 0.2557270 
n286_287   0.2675935 0.2576700 0.2823818 0.1367045 0.2605420 0.2566668 0.2725160 0.2707352 0.3575597 0.2579036 0.1325442 0.2877730 0.3991711 0.2731625 0.2811641 0.2729524 0.2726218 0.2857482 0.0067234 0.2625220 0.3623350 0.2557270 0.0000000 
