25
n298_299   0.0000000 0.3327269 0.1182363 0.3280118 0.0238462 0.2880880 0.3209238 0.0169216 0.0100968 0.0238731 0.0033475 0.3331694 0.0273545 0.3744015 0.3154477 0.0203852 0.0487441 0.3803108 0.3107449 0.0135053 0.3265754 0.2826729 0.0238652 0.3367876 0.3385783 
n280_281   0.3327269 0.0000000 0.3264808 0.3262733 0.3264090 0.3087528 0.0134994 0.3382359 0.3384430 0.3382054 0.3324147 0.0785624 0.3148925 0.3782390 0.0100976 0.3208158 0.3494932 0.4029744 0.3091204 0.3382156 0.0169229 0.3031695 0.3093417 0.4233553 0.0862557 
n200_201   0.1182363 0.3264808 0.0000000 0.3440046 0.1139988 0.2933291 0.3148088 0.1305515 0.1223152 0.1222488 0.1181399 0.3269136 0.1222499 0.3853480 0.3093868 0.1099917 0.1303639 0.3722396 0.3325909 0.1264760 0.3204020 0.2933921 0.1181600 0.3658440 0.3322685 
n286_287   0.3280118 0.3262733 0.3440046 0.0000000 0.3104253 0.1652340 0.3259491 0.3331382 0.3337049 0.3219604 0.3277040 0.3152352 0.3100800 0.4247417 0.3204390 0.3049490 0.3393136 0.4515119 0.0101052 0.3275931 0.3316380 0.1606638 0.3045563 0.4668785 0.3205125 
n287_288   0.0238462 0.3264090 0.1139988 0.3104253 0.0000000 0.2822435 0.3147400 0.0343576 0.0273307 0.0135030 0.0203684 0.3268417 0.0238348 0.3616511 0.3093192 0.0033451 0.0450698 0.3674444 0.2936504 0.0308470 0.3203318 0.2768863 0.0203706 0.3482130 0.3321953 
n266_267   0.2880880 0.3087528 0.2933291 0.1652340 0.2822435 0.0000000 0.3197283 0.2984887 0.2934356 0.2932399 0.2878248 0.2931029 0.2716292 0.3680332 0.3030883 0.2770096 0.2985541 0.3733211 0.1606721 0.2877416 0.3253575 0.0273879 0.2664285 0.4185086 0.2982155 
n292_293   0.3209238 0.0134994 0.3148088 0.3259491 0.3147400 0.3197283 0.0000000 0.3263384 0.3265347 0.3263088 0.3206251 0.0785159 0.3034418 0.3844560 0.0100923 0.3092492 0.3373893 0.4155149 0.3088211 0.3263190 0.0033427 0.3140496 0.2979911 0.4164034 0.0862041 
n293_294   0.0169216 0.3382359 0.1305515 0.3331382 0.0343576 0.2984887 0.3263384 0.0000000 0.0134937 0.0343953 0.0203730 0.3270422 0.0379346 0.3863844 0.3208244 0.0308384 0.0560606 0.3928481 0.3157597 0.0067039 0.3262074 0.2878207 0.0343841 0.3484872 0.3323986 
n275_276   0.0100968 0.3384430 0.1223152 0.3337049 0.0273307 0.2934356 0.3265347 0.0134937 0.0000000 0.0273606 0.0135066 0.3388938 0.0308611 0.3804726 0.3210161 0.0238495 0.0523776 0.3864325 0.3162883 0.0100965 0.3264036 0.2828364 0.0273516 0.3425100 0.3443451 
n289_290   0.0238731 0.3382054 0.1222488 0.3219604 0.0135030 0.2932399 0.3263088 0.0343953 0.0273606 0.0000000 0.0203903 0.3386556 0.0308502 0.3741051 0.3207953 0.0101007 0.0450927 0.3800068 0.3048710 0.0308809 0.3320014 0.2877841 0.0273420 0.3430725 0.3441017 
n297_298   0.0033475 0.3324147 0.1181399 0.3277040 0.0203684 0.2878248 0.3206251 0.0203730 0.0135066 0.0203903 0.0000000 0.3328564 0.0238501 0.3680072 0.3151549 0.0169287 0.0450994 0.3738584 0.3104565 0.0169371 0.3262704 0.2824156 0.0203836 0.3364723 0.3382594 
n278_279   0.3331694 0.0785624 0.3269136 0.3152352 0.3268417 0.2931029 0.0785159 0.3270422 0.3388938 0.3386556 0.3328564 0.0000000 0.3153082 0.3796503 0.0671866 0.3212403 0.3443554 0.4049818 0.2983696 0.3386659 0.0823400 0.2876496 0.3097493 0.4246533 0.0135006 
n295_296   0.0273545 0.3148925 0.1222499 0.3100800 0.0238348 0.2716292 0.3034418 0.0379346 0.0308611 0.0308502 0.0238501 0.3153082 0.0000000 0.3555508 0.2981103 0.0203755 0.0487204 0.3612913 0.2933291 0.0344021 0.3089368 0.2663640 0.0033456 0.3193621 0.3150023 
n251_252   0.3744015 0.3782390 0.3853480 0.4247417 0.3616511 0.3680332 0.3844560 0.3863844 0.3804726 0.3741051 0.3680072 0.3796503 0.3555508 0.0000000 0.3719354 0.3557617 0.3800957 0.0667734 0.4047953 0.3867938 0.3906363 0.3618863 0.3496579 0.2969854 0.3858499 
n274_275   0.3154477 0.0100976 0.3093868 0.3204390 0.3093192 0.3030883 0.0100923 0.3208244 0.3210161 0.3207953 0.3151549 0.0671866 0.2981103 0.3719354 0.0000000 0.3038701 0.3317922 0.3964267 0.3034491 0.3208054 0.0134950 0.2975579 0.2927005 0.4101754 0.0747295 
n290_291   0.0203852 0.3208158 0.1099917 0.3049490 0.0033451 0.2770096 0.3092492 0.0308384 0.0238495 0.0101007 0.0169287 0.3212403 0.0203755 0.3557617 0.3038701 0.0000000 0.0414890 0.3615062 0.2883155 0.0273459 0.3147957 0.2716967 0.0169305 0.3424583 0.3265525 
n236_237   0.0487441 0.3494932 0.1303639 0.3393136 0.0450698 0.2985541 0.3373893 0.0560606 0.0523776 0.0450927 0.0450994 0.3443554 0.0487204 0.3800957 0.3317922 0.0414890 0.0000000 0.3796831 0.3217500 0.0560562 0.3431730 0.2930520 0.0451050 0.3543923 0.3498455 
n255_256   0.3803108 0.4029744 0.3722396 0.4515119 0.3674444 0.3733211 0.4155149 0.3928481 0.3864325 0.3800068 0.3738584 0.4049818 0.3612913 0.0667734 0.3964267 0.3615062 0.3796831 0.0000000 0.4307560 0.3928088 0.4219731 0.3733860 0.3553502 0.2803990 0.4114286 
n285_286   0.3107449 0.3091204 0.3325909 0.0101052 0.2936504 0.1606721 0.3088211 0.3157597 0.3162883 0.3048710 0.3104565 0.2983696 0.2933291 0.4047953 0.3034491 0.2883155 0.3217500 0.4307560 0.0000000 0.3103582 0.3143602 0.1561443 0.2879479 0.4455985 0.3035175 
n294_295   0.0135053 0.3382156 0.1264760 0.3275931 0.0308470 0.2877416 0.3263190 0.0067039 0.0100965 0.0308809 0.0169371 0.3386659 0.0344021 0.3867938 0.3208054 0.0273459 0.0560562 0.3928088 0.3103582 0.0000000 0.3261880 0.2772428 0.0308707 0.3484535 0.3441120 
n300_301   0.3265754 0.0169229 0.3204020 0.3316380 0.3203318 0.3253575 0.0033427 0.3262074 0.3264036 0.3320014 0.3262704 0.0823400 0.3089368 0.3906363 0.0134950 0.3147957 0.3431730 0.4219731 0.3143602 0.3261880 0.0000000 0.3142614 0.3034418 0.4228766 0.0900777 
n265_266   0.2826729 0.3031695 0.2933921 0.1606638 0.2768863 0.0273879 0.3140496 0.2878207 0.2828364 0.2877841 0.2824156 0.2876496 0.2663640 0.3618863 0.2975579 0.2716967 0.2930520 0.3733860 0.1561443 0.2772428 0.3142614 0.0000000 0.2612067 0.4180173 0.2873185 
n296_297   0.0238652 0.3093417 0.1181600 0.3045563 0.0203706 0.2664285 0.2979911 0.0343841 0.0273516 0.0273420 0.0203836 0.3097493 0.0033456 0.3496579 0.2927005 0.0169305 0.0451050 0.3553502 0.2879479 0.0308707 0.3034418 0.2612067 0.0000000 0.3250882 0.3094491 
n244_245   0.3367876 0.4233553 0.3658440 0.4668785 0.3482130 0.4185086 0.4164034 0.3484872 0.3425100 0.3430725 0.3364723 0.4246533 0.3193621 0.2969854 0.4101754 0.3424583 0.3543923 0.2803990 0.4455985 0.3484535 0.4228766 0.4180173 0.3250882 0.0000000 0.4242352 
n277_278   0.3385783 0.0862557 0.3322685 0.3205125 0.3321953 0.2982155 0.0862041 0.3323986 0.3443451 0.3441017 0.3382594 0.0135006 0.3150023 0.3858499 0.0747295 0.3265525 0.3498455 0.4114286 0.3035175 0.3441120 0.0900777 0.2873185 0.3094491 0.4242352 0.0000000 
