26
n277_278   0.0000000 1.9286345 1.9324354 2.2528754 1.9289998 0.4677573 5.3825081 2.6069527 0.1254951 0.4745270 2.4812479 2.3912202 2.1380132 2.5304024 2.8814547 0.4947630 0.4521699 2.0200768 1.9604699 8.7899227 1.6471673 1.9065671 2.2651398 4.5318759 2.3622135 0.4740528 
n286_287   1.9286345 0.0000000 2.3880332 0.0711382 3.0419573 2.1247773 2.3740868 2.4022049 2.0279253 1.8048345 2.2741588 2.3299138 2.6436732 2.2599211 3.2670868 1.8025195 1.7922787 2.5991798 3.1655807 4.1003741 1.0071805 1.0532948 2.2829188 4.7319579 2.2718499 1.8432122 
n296_297   1.9324354 2.3880332 0.0000000 2.4451155 0.1675572 2.0880650 4.9704742 0.2870761 2.0712983 1.9382897 0.6804424 0.2878003 0.1628848 0.3254389 1.0321963 2.0678253 1.9010966 0.0556736 0.1720687 3.4339074 2.5172019 2.2063034 0.2827135 3.0087499 0.3088752 2.0672824 
n285_286   2.2528754 0.0711382 2.4451155 0.0000000 3.2588590 2.8213613 2.4077819 2.4387309 2.3331091 2.2880978 2.2224631 2.4306106 2.6604539 2.4348871 2.4562503 2.3347689 2.2681808 2.8492848 3.4078184 3.3466885 1.0866594 1.1295638 2.3144022 4.7724257 2.4495162 2.4027646 
n289_290   1.9289998 3.0419573 0.1675572 3.2588590 0.0000000 2.0521871 3.9258391 0.3543280 1.9506551 2.0378383 0.7324464 0.3548117 0.0448337 0.3607639 1.0068471 2.1273870 1.9061725 0.1547949 0.0629888 2.9745023 2.4094620 2.3563554 0.3378767 2.7170211 0.3432730 2.1268195 
n274_275   0.4677573 2.1247773 2.0880650 2.8213613 2.0521871 0.0000000 4.0765813 2.2108658 0.4591766 0.1389559 2.0269538 2.1111327 2.1202638 2.2114891 2.3354728 0.1471923 0.1552085 1.8811353 1.9929788 5.3267789 1.6088685 1.7540042 2.0696684 3.2818794 2.1640232 0.1346764 
n255_256   5.3825081 2.3740868 4.9704742 2.4077819 3.9258391 4.0765813 0.0000000 4.0043679 3.6157721 3.8222356 2.6242617 3.3743878 3.8299414 4.4451893 2.7651572 3.4306524 3.6199074 4.3698695 4.1603204 2.2320413 6.1113568 4.2602278 3.5914922 0.3532468 4.1942474 3.9692286 
n275_276   2.6069527 2.4022049 0.2870761 2.4387309 0.3543280 2.2108658 4.0043679 0.0000000 2.1863624 2.1857781 0.7422832 0.1340674 0.3483942 0.2141940 1.2054762 2.3504220 2.1393977 0.2613918 0.3542154 2.5550184 2.1529206 2.1671443 0.1218087 2.6537224 0.1907453 2.2850921 
n278_279   0.1254951 2.0279253 2.0712983 2.3331091 1.9506551 0.4591766 3.6157721 2.1863624 0.0000000 0.4804675 2.5631854 2.1295285 2.1189046 2.2337693 2.7795624 0.4937924 0.4639743 2.0043636 1.9009218 6.4589284 1.5754311 1.8479542 1.9878377 4.3877323 2.1332135 0.4799866 
n299_300   0.4745270 1.8048345 1.9382897 2.2880978 2.0378383 0.1389559 3.8222356 2.1857781 0.4804675 0.0000000 2.3198874 2.2134629 2.0227489 2.0234758 2.3007150 0.0415141 0.0782906 1.8601694 2.0675083 9.0000000 1.5813921 1.7822997 1.9921360 3.2645395 1.9834024 0.0169509 
n236_237   2.4812479 2.2741588 0.6804424 2.2224631 0.7324464 2.0269538 2.6242617 0.7422832 2.5631854 2.3198874 0.0000000 0.7097628 0.7205602 0.7129741 1.1542611 2.1569460 2.0981357 0.6533608 0.7320416 3.5773066 2.4548209 2.3220750 0.7213894 2.7834667 0.7539782 2.3151275 
n293_294   2.3912202 2.3299138 0.2878003 2.4306106 0.3548117 2.1111327 3.3743878 0.1340674 2.1295285 2.2134629 0.7097628 0.0000000 0.3609439 0.1869353 1.1711374 2.2785626 1.9989272 0.2721623 0.3552599 2.4297674 2.4122450 2.3881501 0.0378744 2.5915535 0.1734403 2.2170704 
n290_291   2.1380132 2.6436732 0.1628848 2.6604539 0.0448337 2.1202638 3.8299414 0.3483942 2.1189046 2.0227489 0.7205602 0.3609439 0.0000000 0.3478260 1.0311580 2.1561181 1.9677998 0.1502310 0.0556047 2.8619086 2.2030862 2.1696356 0.3438498 2.4981138 0.3430369 2.1555391 
n297_298   2.5304024 2.2599211 0.3254389 2.4348871 0.3607639 2.2114891 4.4451893 0.2141940 2.2337693 2.0234758 0.7129741 0.1869353 0.3478260 0.0000000 1.1480366 2.0380267 2.0765268 0.3039817 0.3716253 3.0609235 2.5185881 2.4000451 0.1824349 3.0403472 0.0379727 2.0680248 
n200_201   2.8814547 3.2670868 1.0321963 2.4562503 1.0068471 2.3354728 2.7651572 1.2054762 2.7795624 2.3007150 1.1542611 1.1711374 1.0311580 1.1480366 0.0000000 2.4218078 2.6220372 1.0172101 1.0599932 4.2569764 2.9912357 2.9010926 1.1713493 3.0325375 1.2389446 2.4290073 
n292_293   0.4947630 1.8025195 2.0678253 2.3347689 2.1273870 0.1471923 3.4306524 2.3504220 0.4937924 0.0415141 2.1569460 2.2785626 2.1561181 2.0380267 2.4218078 0.0000000 0.0782186 1.9438186 2.1493622 5.2862506 1.6392923 1.8518845 2.1263804 3.2258582 1.9973566 0.0308673 
n280_281   0.4521699 1.7922787 1.9010966 2.2681808 1.9061725 0.1552085 3.6199074 2.1393977 0.4639743 0.0782906 2.0981357 1.9989272 1.9677998 2.0765268 2.6220372 0.0782186 0.0000000 1.7554598 1.9624063 4.1863809 1.5270066 1.7774324 1.8810711 2.9475314 2.0812403 0.0670077 
n295_296   2.0200768 2.5991798 0.0556736 2.8492848 0.1547949 1.8811353 4.3698695 0.2613918 2.0043636 1.8601694 0.6533608 0.2721623 0.1502310 0.3039817 1.0172101 1.9438186 1.7554598 0.0000000 0.1549781 3.0701699 2.2252723 2.1016430 0.2571589 2.8022910 0.2879241 1.9433184 
n287_288   1.9604699 3.1655807 0.1720687 3.4078184 0.0629888 1.9929788 4.1603204 0.3542154 1.9009218 2.0675083 0.7320416 0.3552599 0.0556047 0.3716253 1.0599932 2.1493622 1.9624063 0.1549781 0.0000000 3.0623999 2.3734254 2.2691828 0.3382992 2.7885108 0.3667097 2.1487872 
n244_245   8.7899227 4.1003741 3.4339074 3.3466885 2.9745023 5.3267789 2.2320413 2.5550184 6.4589284 9.0000000 3.5773066 2.4297674 2.8619086 3.0609235 4.2569764 5.2862506 4.1863809 3.0701699 3.0623999 0.0000000 3.9249685 5.4992450 2.4361680 1.8615120 2.9314368 6.8541938 
n265_266   1.6471673 1.0071805 2.5172019 1.0866594 2.4094620 1.6088685 6.1113568 2.1529206 1.5754311 1.5813921 2.4548209 2.4122450 2.2030862 2.5185881 2.9912357 1.6392923 1.5270066 2.2252723 2.3734254 3.9249685 0.0000000 0.1671828 2.4284762 4.0709959 2.6077515 1.6116197 
n266_267   1.9065671 1.0532948 2.2063034 1.1295638 2.3563554 1.7540042 4.2602278 2.1671443 1.8479542 1.7822997 2.3220750 2.3881501 2.1696356 2.4000451 2.9010926 1.8518845 1.7774324 2.1016430 2.2691828 5.4992450 0.1671828 0.0000000 2.3503739 3.4383692 2.3661011 1.8177419 
n294_295   2.2651398 2.2829188 0.2827135 2.3144022 0.3378767 2.0696684 3.5914922 0.1218087 1.9878377 1.9921360 0.7213894 0.0378744 0.3438498 0.1824349 1.1713493 2.1263804 1.8810711 0.2571589 0.3382992 2.4361680 2.4284762 2.3503739 0.0000000 2.4904319 0.1690330 2.0330229 
n251_252   4.5318759 4.7319579 3.0087499 4.7724257 2.7170211 3.2818794 0.3532468 2.6537224 4.3877323 3.2645395 2.7834667 2.5915535 2.4981138 3.0403472 3.0325375 3.2258582 2.9475314 2.8022910 2.7885108 1.8615120 4.0709959 3.4383692 2.4904319 0.0000000 2.7603863 3.2565627 
n298_299   2.3622135 2.2718499 0.3088752 2.4495162 0.3432730 2.1640232 4.1942474 0.1907453 2.1332135 1.9834024 0.7539782 0.1734403 0.3430369 0.0379727 1.2389446 1.9973566 2.0812403 0.2879241 0.3667097 2.9314368 2.6077515 2.3661011 0.1690330 2.7603863 0.0000000 2.0263546 
n300_301   0.4740528 1.8432122 2.0672824 2.4027646 2.1268195 0.1346764 3.9692286 2.2850921 0.4799866 0.0169509 2.3151275 2.2170704 2.1555391 2.0680248 2.4290073 0.0308673 0.0670077 1.9433184 2.1487872 6.8541938 1.6116197 1.8177419 2.0330229 3.2565627 2.0263546 0.0000000 
