26
n278_277   0.0000000 0.1095662 1.5586340 2.5577984 2.6954126 2.3583122 2.3653658 2.3376645 0.4330201 2.0986671 0.4460494 1.7922532 2.2498012 2.3199967 2.2232925 2.1474143 2.9623615 2.0427041 0.4399200 0.4212609 0.4269310 2.6071474 2.2147365 1.6497063 2.5093296 2.3187952 
n277_276   0.1095662 0.0000000 1.6888054 2.6971891 2.5400564 2.2234063 2.3418530 2.2657208 0.4677021 2.2115655 0.4600634 1.8471793 2.2481113 2.3773679 2.3109524 2.0731942 2.6969819 2.1043160 0.4749872 0.4282940 0.4613214 2.3487528 2.1557153 1.7203006 3.0260179 2.3172307 
n265_264   1.5586340 1.6888054 0.0000000 3.1337337 2.1927529 1.0187666 1.9359939 2.0972023 1.4938387 4.2789584 1.7426862 2.8604134 2.3826927 2.5380213 1.8923963 1.0496353 2.2602113 1.8620613 1.4393021 1.5552834 1.6219703 3.5814465 2.0540216 0.1898155 2.8795223 2.3462631 
n251_250   2.5577984 2.6971891 3.1337337 0.0000000 4.8447458 6.5942010 3.0910943 2.8668135 2.4010686 2.9592938 2.6789045 6.7531160 5.9164833 4.3578146 3.2519863 4.6167366 4.7188591 3.4498160 2.3311288 2.6656028 2.6204000 2.6453160 2.9249621 2.5523294 0.3517211 5.2943712 
n295_294   2.6954126 2.5400564 2.1927529 4.8447458 0.0000000 3.0047714 0.3529946 0.3298921 2.0904235 1.2709148 2.1464767 0.7172013 0.1547794 0.1593515 0.3774467 2.7038898 0.0343431 0.3901247 2.1377820 2.1687994 2.2953097 3.0118354 0.3084074 2.6426637 3.7247771 0.1721888 
n286_285   2.3583122 2.2234063 1.0187666 6.5942010 3.0047714 0.0000000 2.3628750 2.2620834 1.9789266 1.9347134 1.9791513 3.2245676 3.3514257 3.7863157 2.4056146 0.0893411 3.0448622 2.6353683 2.0644641 1.9432250 2.0591975 3.2553923 2.4919807 1.1353850 4.0049844 3.9948329 
n275_274   2.3653658 2.3418530 1.9359939 3.0910943 0.3529946 2.3628750 0.0000000 0.1132149 1.8673844 1.3613068 1.7695984 0.6625067 0.3541006 0.3785209 0.1550360 2.0951567 0.3767684 0.1463245 1.9013404 1.7991146 1.8992098 2.8547742 0.1131361 2.0814222 2.7595925 0.3723733 
n297_296   2.3376645 2.2657208 2.0972023 2.8668135 0.3298921 2.2620834 0.1132149 0.0000000 1.9846449 1.2587929 1.7494474 0.6196609 0.3420795 0.3718817 0.1255928 2.0580436 0.3589794 0.1093625 1.9876731 1.8469993 1.9186736 2.8331636 0.0238233 2.3614294 2.7822450 0.3481792 
n299_298   0.4330201 0.4677021 1.4938387 2.4010686 2.0904235 1.9789266 1.8673844 1.9846449 0.0000000 2.0808510 0.0856755 2.0335541 2.2744220 2.4043778 1.8631575 2.0217617 2.3553035 1.8249278 0.0134919 0.0856952 0.0237682 1.9626928 1.9366967 1.6991083 2.6317085 2.3654608 
n200_199   2.0986671 2.2115655 4.2789584 2.9592938 1.2709148 1.9347134 1.3613068 1.2587929 2.0808510 0.0000000 1.8769346 1.5245909 1.2501131 1.2664186 1.3069081 1.8454000 1.3343780 1.2586255 2.0896074 1.8870487 2.0946964 2.6859867 1.2412011 4.2620016 3.2863217 1.2690645 
n280_279   0.4460494 0.4600634 1.7426862 2.6789045 2.1464767 1.9791513 1.7695984 1.7494474 0.0856755 1.8769346 0.0000000 1.9524436 1.9878430 2.0855602 1.7080463 1.9480949 2.3156585 1.6422718 0.0935399 0.0933931 0.0742568 2.4181562 1.7432594 1.8705843 3.5822761 2.0116785 
n236_235   1.7922532 1.8471793 2.8604134 6.7531160 0.7172013 3.2245676 0.6625067 0.6196609 2.0335541 1.5245909 1.9524436 0.0000000 0.6040637 0.6297375 0.6714033 2.6807828 0.7603092 0.6447242 2.0318580 1.8501385 1.9900935 2.8041486 0.5855076 2.7927628 4.4434096 0.5872002 
n290_289   2.2498012 2.2481113 2.3826927 5.9164833 0.1547794 3.3514257 0.3541006 0.3420795 2.2744220 1.2501131 1.9878430 0.6040637 0.0000000 0.0343509 0.3609626 3.1369297 0.1724235 0.3492091 2.2785357 2.2326182 2.4470292 2.6149641 0.3087030 2.7703668 3.9091662 0.0485961 
n289_288   2.3199967 2.3773679 2.5380213 4.3578146 0.1593515 3.7863157 0.3785209 0.3718817 2.4043778 1.2664186 2.0855602 0.6297375 0.0343509 0.0000000 0.3855748 3.2494009 0.1771567 0.3735756 2.4090841 2.4867926 2.6003517 2.6987573 0.3369899 2.9792115 4.1246172 0.0559011 
n294_293   2.2232925 2.3109524 1.8923963 3.2519863 0.3774467 2.4056146 0.1550360 0.1255928 1.8631575 1.3069081 1.7080463 0.6714033 0.3609626 0.3855748 0.0000000 2.1234847 0.4153591 0.0486839 1.8658067 1.7668584 1.8334983 2.7185200 0.1297167 1.9618853 2.7752965 0.3672719 
n285_284   2.1474143 2.0731942 1.0496353 4.6167366 2.7038898 0.0893411 2.0951567 2.0580436 2.0217617 1.8454000 1.9480949 2.6807828 3.1369297 3.2494009 2.1234847 0.0000000 2.6607225 2.3584997 2.1109489 1.9027851 2.1055411 3.0321653 2.2453726 1.1233033 3.2861243 3.1628759 
n296_295   2.9623615 2.6969819 2.2602113 4.7188591 0.0343431 3.0448622 0.3767684 0.3589794 2.3553035 1.3343780 2.3156585 0.7603092 0.1724235 0.1771567 0.4153591 2.6607225 0.0000000 0.4221689 2.4159357 2.3904740 2.6235935 3.0298035 0.3423084 2.5185509 3.8692507 0.1856899 
n293_292   2.0427041 2.1043160 1.8620613 3.4498160 0.3901247 2.6353683 0.1463245 0.1093625 1.8249278 1.2586255 1.6422718 0.6447242 0.3492091 0.3735756 0.0486839 2.3584997 0.4221689 0.0000000 1.8274662 1.7320076 1.7962928 2.7985974 0.1133775 1.9332037 2.8147679 0.3614222 
n300_299   0.4399200 0.4749872 1.4393021 2.3311288 2.1377820 2.0644641 1.9013404 1.9876731 0.0134919 2.0896074 0.0935399 2.0318580 2.2785357 2.4090841 1.8658067 2.1109489 2.4159357 1.8274662 0.0000000 0.0935619 0.0307820 2.0107938 1.9395675 1.6314004 2.5468830 2.3699988 
n274_273   0.4212609 0.4282940 1.5552834 2.6656028 2.1687994 1.9432250 1.7991146 1.8469993 0.0856952 1.8870487 0.0933931 1.8501385 2.2326182 2.4867926 1.7668584 1.9027851 2.3904740 1.7320076 0.0935619 0.0000000 0.0742732 2.1902311 1.8400526 1.7743193 2.9476028 2.2661123 
n292_291   0.4269310 0.4613214 1.6219703 2.6204000 2.2953097 2.0591975 1.8992098 1.9186736 0.0237682 2.0946964 0.0742568 1.9900935 2.4470292 2.6003517 1.8334983 2.1055411 2.6235935 1.7962928 0.0307820 0.0742732 0.0000000 2.0122958 1.8735767 1.8609496 2.9909895 2.5549558 
n244_243   2.6071474 2.3487528 3.5814465 2.6453160 3.0118354 3.2553923 2.8547742 2.8331636 1.9626928 2.6859867 2.4181562 2.8041486 2.6149641 2.6987573 2.7185200 3.0321653 3.0298035 2.7985974 2.0107938 2.1902311 2.0122958 0.0000000 2.9953099 3.2940201 2.6136262 2.9184283 
n298_297   2.2147365 2.1557153 2.0540216 2.9249621 0.3084074 2.4919807 0.1131361 0.0238233 1.9366967 1.2412011 1.7432594 0.5855076 0.3087030 0.3369899 0.1297167 2.2453726 0.3423084 0.1133775 1.9395675 1.8400526 1.8735767 2.9953099 0.0000000 2.3068163 2.6833250 0.3201152 
n266_265   1.6497063 1.7203006 0.1898155 2.5523294 2.6426637 1.1353850 2.0814222 2.3614294 1.6991083 4.2620016 1.8705843 2.7927628 2.7703668 2.9792115 1.9618853 1.1233033 2.5185509 1.9332037 1.6314004 1.7743193 1.8609496 3.2940201 2.3068163 0.0000000 2.4667540 2.6518701 
n255_254   2.5093296 3.0260179 2.8795223 0.3517211 3.7247771 4.0049844 2.7595925 2.7822450 2.6317085 3.2863217 3.5822761 4.4434096 3.9091662 4.1246172 2.7752965 3.2861243 3.8692507 2.8147679 2.5468830 2.9476028 2.9909895 2.6136262 2.6833250 2.4667540 0.0000000 3.9911967 
n287_286   2.3187952 2.3172307 2.3462631 5.2943712 0.1721888 3.9948329 0.3723733 0.3481792 2.3654608 1.2690645 2.0116785 0.5872002 0.0485961 0.0559011 0.3672719 3.1628759 0.1856899 0.3614222 2.3699988 2.2661123 2.5549558 2.9184283 0.3201152 2.6518701 3.9911967 0.0000000 
