26
n277_278   0.0000000 2.0022289 2.4046207 1.8869876 2.4609873 0.4931459 2.7958371 2.1762645 0.1110468 0.5076493 1.7563109 1.9992652 2.6123738 2.1158970 2.4113965 0.5080999 0.5004341 2.4233935 2.4812710 3.1694154 2.3120495 2.2785782 2.0425687 2.5682203 2.1599803 0.5151478 
n286_287   2.0022289 0.0000000 2.3554289 0.0626909 1.9134052 1.9906628 1.9515286 1.9503235 2.0808193 1.7907873 2.4030960 1.9061381 2.0887893 2.0160404 1.9145479 1.7921874 1.9610200 2.1145891 2.0414455 2.7272034 0.9690053 1.0038195 1.8033053 1.7766044 2.1790057 1.7948268 
n296_297   2.4046207 2.3554289 0.0000000 2.4417527 0.1178817 2.3532988 2.7598030 0.3851246 2.5063376 2.2811767 0.7323031 0.3749146 0.1258870 0.3522219 1.1017586 2.2724430 2.0549485 0.0418707 0.1299971 3.1665422 3.5469239 2.9740147 0.3816811 2.5973720 0.3413411 2.3432757 
n285_286   1.8869876 0.0626909 2.4417527 0.0000000 1.9272019 1.8684603 1.9366742 2.0436817 1.9063887 1.6536310 2.0209361 1.9966606 2.1051511 2.0204302 1.8324484 1.6891395 1.8393650 2.3527368 2.0571346 2.5841230 0.8965022 0.9520911 1.9297150 2.1049758 2.1831112 1.6569796 
n289_290   2.4609873 1.9134052 0.1178817 1.9272019 0.0000000 2.3245901 2.4903283 0.3906092 2.6325459 2.1073318 0.7704182 0.3754538 0.0345714 0.3694225 1.0407275 2.2524768 2.1207588 0.1181022 0.0453108 2.6657766 3.0565523 2.9449484 0.3766186 2.5673566 0.3636144 2.1598566 
n274_275   0.4931459 1.9906628 2.3532988 1.8684603 2.3245901 0.0000000 2.7117732 2.3326067 0.4648638 0.1150281 2.0638211 2.2886431 2.1685819 2.0646560 2.4685292 0.1228469 0.1153494 2.2301067 2.3043171 2.1165759 1.8482122 2.0124879 2.3691448 2.8903417 2.0077919 0.1190499 
n255_256   2.7958371 1.9515286 2.7598030 1.9366742 2.4903283 2.7117732 0.0000000 4.4095132 2.7196478 2.3292883 2.2676402 3.3036909 2.2664766 3.5471387 2.9198608 2.3257273 2.5498419 2.6705031 2.2621029 2.2666491 1.8673987 1.9370739 3.6207272 0.3787759 3.3145870 2.2703093 
n275_276   2.1762645 1.9503235 0.3851246 2.0436817 0.3906092 2.3326067 4.4095132 0.0000000 2.4855876 2.5985778 0.7307518 0.1380562 0.3905024 0.1639150 0.9347412 2.6934875 2.5675251 0.3863327 0.3964726 2.9933654 3.9629745 2.8625413 0.1679463 3.2981011 0.1595935 2.5227428 
n278_279   0.1110468 2.0808193 2.5063376 1.9063887 2.6325459 0.4648638 2.7196478 2.4855876 0.0000000 0.4785514 1.6945719 2.4592752 2.8856786 2.4591030 2.6150099 0.4789707 0.4716475 2.4551237 2.9117119 2.9211109 2.0164473 1.9712326 2.5243083 2.6887824 2.5248670 0.4789903 
n299_300   0.5076493 1.7907873 2.2811767 1.6536310 2.1073318 0.1150281 2.3292883 2.5985778 0.4785514 0.0000000 2.4776319 2.6318757 2.1320782 2.1591278 3.0267702 0.0269583 0.0660085 2.1763259 2.2113210 2.2203594 1.9594208 2.0021822 2.9694281 2.6675851 2.1518662 0.0033127 
n236_237   1.7563109 2.4030960 0.7323031 2.0209361 0.7704182 2.0638211 2.2676402 0.7307518 1.6945719 2.4776319 0.0000000 0.7792853 0.7924365 0.7437421 1.0242184 2.3778197 2.3675262 0.7541964 0.7996823 2.3083110 2.1547086 2.3008904 0.7915379 2.7870539 0.7433058 2.4870150 
n293_294   1.9992652 1.9061381 0.3749146 1.9966606 0.3754538 2.2886431 3.3036909 0.1380562 2.4592752 2.6318757 0.7792853 0.0000000 0.3753491 0.1862405 0.9756019 2.6525516 2.4437290 0.3703864 0.3750262 3.1519534 5.2226133 3.0728947 0.0417466 2.5291838 0.1686382 2.5533121 
n290_291   2.6123738 2.0887893 0.1258870 2.1051511 0.0345714 2.1685819 2.2664766 0.3905024 2.8856786 2.1320782 0.7924365 0.3753491 0.0000000 0.3693986 1.0182306 2.2790280 2.0624713 0.1261225 0.0381616 2.9418083 3.0967783 2.8719094 0.3765135 2.5776395 0.3635893 2.1852720 
n297_298   2.1158970 2.0160404 0.3522219 2.0204302 0.3694225 2.0646560 3.5471387 0.1639150 2.4591030 2.1591278 0.7437421 0.1862405 0.3693986 0.0000000 0.9650815 2.2647791 2.1396543 0.3591122 0.3812634 3.5422792 3.0001236 3.5088848 0.1951072 3.3839038 0.0275324 2.1094400 
n200_201   2.4113965 1.9145479 1.1017586 1.8324484 1.0407275 2.4685292 2.9198608 0.9347412 2.6150099 3.0267702 1.0242184 0.9756019 1.0182306 0.9650815 0.0000000 2.5844685 3.2842043 1.1208922 1.0153195 3.4592311 2.6568615 2.2129164 1.0172131 3.7134032 0.9638718 3.1550441 
n292_293   0.5080999 1.7921874 2.2724430 1.6891395 2.2524768 0.1228469 2.3257273 2.6934875 0.4789707 0.0269583 2.3778197 2.6525516 2.2790280 2.2647791 2.5844685 0.0000000 0.0734089 2.1687761 2.3730018 2.2769146 1.9587315 1.9179572 3.1091001 2.5104595 2.2006256 0.0304278 
n280_281   0.5004341 1.9610200 2.0549485 1.8393650 2.1207588 0.1153494 2.5498419 2.5675251 0.4716475 0.0660085 2.3675262 2.4437290 2.0624713 2.1396543 3.2842043 0.0734089 0.0000000 2.0157449 2.1429756 2.4282093 2.0570276 2.0597458 2.7974859 2.8853118 2.1324775 0.0697213 
n295_296   2.4233935 2.1145891 0.0418707 2.3527368 0.1181022 2.2301067 2.6705031 0.3863327 2.4551237 2.1763259 0.7541964 0.3703864 0.1261225 0.3591122 1.1208922 2.1687761 2.0157449 0.0000000 0.1302404 2.8976571 3.5751138 3.0940769 0.3830436 2.5434414 0.3537916 2.2322615 
n287_288   2.4812710 2.0414455 0.1299971 2.0571346 0.0453108 2.3043171 2.2621029 0.3964726 2.9117119 2.2113210 0.7996823 0.3750262 0.0381616 0.3812634 1.0153195 2.3730018 2.1429756 0.1302404 0.0000000 3.1460142 3.5626110 3.1786456 0.3761886 2.4830703 0.3753574 2.2695773 
n244_245   3.1694154 2.7272034 3.1665422 2.5841230 2.6657766 2.1165759 2.2666491 2.9933654 2.9211109 2.2203594 2.3083110 3.1519534 2.9418083 3.5422792 3.4592311 2.2769146 2.4282093 2.8976571 3.1460142 0.0000000 3.0523261 2.2738995 2.9824692 2.2830437 3.8061485 2.2273847 
n265_266   2.3120495 0.9690053 3.5469239 0.8965022 3.0565523 1.8482122 1.8673987 3.9629745 2.0164473 1.9594208 2.1547086 5.2226133 3.0967783 3.0001236 2.6568615 1.9587315 2.0570276 3.5751138 3.5626110 3.0523261 0.0000000 0.1662943 4.0073728 2.7900901 3.4259804 1.9645849 
n266_267   2.2785782 1.0038195 2.9740147 0.9520911 2.9449484 2.0124879 1.9370739 2.8625413 1.9712326 2.0021822 2.3008904 3.0728947 2.8719094 3.5088848 2.2129164 1.9179572 2.0597458 3.0940769 3.1786456 2.2738995 0.1662943 0.0000000 2.6818847 2.7299507 3.2257240 2.0075655 
n294_295   2.0425687 1.8033053 0.3816811 1.9297150 0.3766186 2.3691448 3.6207272 0.1679463 2.5243083 2.9694281 0.7915379 0.0417466 0.3765135 0.1951072 1.0172131 3.1091001 2.7974859 0.3830436 0.3761886 2.9824692 4.0073728 2.6818847 0.0000000 2.7073168 0.1862993 2.8621637 
n251_252   2.5682203 1.7766044 2.5973720 2.1049758 2.5673566 2.8903417 0.3787759 3.2981011 2.6887824 2.6675851 2.7870539 2.5291838 2.5776395 3.3839038 3.7134032 2.5104595 2.8853118 2.5434414 2.4830703 2.2830437 2.7900901 2.7299507 2.7073168 0.0000000 3.6306619 2.5891378 
n298_299   2.1599803 2.1790057 0.3413411 2.1831112 0.3636144 2.0077919 3.3145870 0.1595935 2.5248670 2.1518662 0.7433058 0.1686382 0.3635893 0.0275324 0.9638718 2.2006256 2.1324775 0.3537916 0.3753574 3.8061485 3.4259804 3.2257240 0.1862993 3.6306619 0.0000000 2.1023455 
n300_301   0.5151478 1.7948268 2.3432757 1.6569796 2.1598566 0.1190499 2.2703093 2.5227428 0.4789903 0.0033127 2.4870150 2.5533121 2.1852720 2.1094400 3.1550441 0.0304278 0.0697213 2.2322615 2.2695773 2.2273847 1.9645849 2.0075655 2.8621637 2.5891378 2.1023455 0.0000000 
