25
n298_299   0.0000000 0.3232289 0.1614578 0.3119821 0.0341620 0.3179496 0.3126475 0.0202768 0.0134533 0.0412303 0.0066965 0.3016362 0.0483536 0.4378475 0.2916687 0.0591647 0.0889892 0.4255880 0.3171037 0.0271633 0.3073874 0.3018125 0.0555515 0.3535592 0.3117121 
n280_281   0.3232289 0.0000000 0.3077640 0.2675436 0.3017075 0.2979406 0.0307833 0.3441610 0.3282261 0.3018102 0.3337671 0.0742300 0.3067917 0.3608504 0.0238144 0.3172849 0.3232867 0.3667907 0.2723836 0.3604247 0.0272924 0.2875471 0.3172630 0.3388139 0.0816598 
n200_201   0.1614578 0.3077640 0.0000000 0.3290818 0.1445091 0.3401984 0.2973908 0.1782760 0.1697099 0.1529094 0.1698818 0.2915918 0.1569790 0.4126751 0.2768360 0.1740902 0.1957660 0.4067718 0.3343382 0.1869225 0.2922371 0.3182331 0.1654283 0.3605181 0.2964405 
n286_287   0.3119821 0.2675436 0.3290818 0.0000000 0.2919247 0.2006854 0.2528730 0.3326300 0.3220745 0.3024467 0.3223528 0.2384050 0.3023768 0.3905781 0.2335662 0.3182229 0.3507492 0.3848289 0.0033339 0.3433762 0.2480319 0.1829649 0.3018239 0.3331557 0.2380256 
n287_288   0.0341620 0.3017075 0.1445091 0.2919247 0.0000000 0.2922176 0.2914457 0.0482513 0.0411545 0.0067014 0.0411854 0.2760163 0.0134705 0.4019716 0.2711134 0.0237462 0.0738721 0.3840915 0.2969202 0.0554132 0.2863480 0.2766603 0.0203081 0.3318676 0.2857465 
n266_267   0.3179496 0.2979406 0.3401984 0.2006854 0.2922176 0.0000000 0.2930396 0.3387991 0.3281382 0.3027518 0.3284231 0.2726845 0.2972516 0.4335572 0.2725739 0.3238297 0.3343608 0.4274571 0.2050950 0.3496567 0.2879082 0.0271782 0.3022257 0.3658841 0.2824193 
n292_293   0.3126475 0.0307833 0.2973908 0.2528730 0.2914457 0.2930396 0.0000000 0.3332928 0.3175804 0.2915437 0.3230378 0.0704336 0.3018679 0.3551333 0.0135045 0.3068008 0.3127021 0.3610232 0.2576194 0.3493228 0.0033510 0.2724658 0.3122769 0.3384205 0.0778185 
n293_294   0.0202768 0.3441610 0.1782760 0.3326300 0.0482513 0.3387991 0.3332928 0.0000000 0.0202702 0.0554661 0.0271595 0.3169044 0.0627301 0.4558586 0.3117302 0.0737542 0.1042039 0.4496085 0.3378864 0.0134353 0.3278861 0.3221936 0.0700714 0.3752882 0.3271775 
n275_276   0.0134533 0.3282261 0.1697099 0.3220745 0.0411545 0.3281382 0.3175804 0.0202702 0.0000000 0.0482918 0.0202715 0.3015458 0.0554811 0.4436138 0.2964709 0.0663912 0.0927131 0.4312668 0.3272601 0.0271544 0.3122876 0.3117782 0.0627465 0.3641656 0.3116194 
n289_290   0.0412303 0.3018102 0.1529094 0.3024467 0.0067014 0.3027518 0.2915437 0.0554661 0.0482918 0.0000000 0.0483282 0.2862606 0.0203196 0.4077629 0.2712023 0.0168709 0.0813945 0.3897437 0.3075166 0.0627064 0.2864436 0.2869427 0.0272312 0.3429624 0.2961317 
n297_298   0.0066965 0.3337671 0.1698818 0.3223528 0.0411854 0.3284231 0.3230378 0.0271595 0.0202715 0.0483282 0.0000000 0.3012167 0.0555230 0.4371663 0.3017589 0.0664427 0.0965856 0.4249324 0.3275436 0.0341108 0.3177024 0.3120465 0.0627950 0.3478219 0.3112755 
n278_279   0.3016362 0.0742300 0.2915918 0.2384050 0.2760163 0.2726845 0.0704336 0.3169044 0.3015458 0.2862606 0.3012167 0.0000000 0.2861953 0.3496801 0.0557088 0.3013939 0.3017241 0.3442594 0.2430582 0.3325629 0.0667312 0.2527147 0.2963667 0.2959493 0.0135041 
n295_296   0.0483536 0.3067917 0.1569790 0.3023768 0.0134705 0.2972516 0.3018679 0.0627301 0.0554811 0.0203196 0.0555230 0.2861953 0.0000000 0.4142806 0.2812229 0.0377227 0.0889560 0.3960790 0.3074453 0.0700459 0.2966917 0.2868770 0.0134765 0.3376217 0.2960638 
n251_252   0.4378475 0.3608504 0.4126751 0.3905781 0.4019716 0.4335572 0.3551333 0.4558586 0.4436138 0.4077629 0.4371663 0.3496801 0.4142806 0.0000000 0.3496872 0.4322520 0.4207639 0.0168721 0.3962789 0.4686059 0.3495576 0.4141985 0.4206988 0.3211598 0.3435654 
n274_275   0.2916687 0.0238144 0.2768360 0.2335662 0.2711134 0.2725739 0.0135045 0.3117302 0.2964709 0.2712023 0.3017589 0.0557088 0.2812229 0.3496872 0.0000000 0.2860191 0.2917175 0.3442648 0.2381875 0.3272848 0.0101027 0.2526118 0.2913270 0.3167186 0.0629436 
n290_291   0.0591647 0.3172849 0.1740902 0.3182229 0.0237462 0.3238297 0.3068008 0.0737542 0.0663912 0.0168709 0.0664427 0.3013939 0.0377227 0.4322520 0.2860191 0.0000000 0.1004315 0.4135980 0.3234026 0.0737458 0.3015902 0.3075243 0.0448135 0.3595954 0.3114649 
n236_237   0.0889892 0.3232867 0.1957660 0.3507492 0.0738721 0.3343608 0.3127021 0.1042039 0.0927131 0.0813945 0.0965856 0.3017241 0.0889560 0.4207639 0.2917175 0.1004315 0.0000000 0.4087508 0.3561578 0.1119710 0.3074406 0.3178195 0.0889246 0.3645374 0.3118043 
n255_256   0.4255880 0.3667907 0.4067718 0.3848289 0.3840915 0.4274571 0.3610232 0.4496085 0.4312668 0.3897437 0.4249324 0.3442594 0.3960790 0.0168721 0.3442648 0.4135980 0.4087508 0.0000000 0.3904873 0.4622485 0.3553977 0.4082653 0.4023248 0.3159614 0.3381966 
n285_286   0.3171037 0.2723836 0.3343382 0.0033339 0.2969202 0.2050950 0.2576194 0.3378864 0.3272601 0.3075166 0.3275436 0.2430582 0.3074453 0.3962789 0.2381875 0.3234026 0.3561578 0.3904873 0.0000000 0.3487079 0.2527470 0.1872688 0.3068810 0.3384212 0.2426707 
n294_295   0.0271633 0.3604247 0.1869225 0.3433762 0.0554132 0.3496567 0.3493228 0.0134353 0.0271544 0.0627064 0.0341108 0.3325629 0.0700459 0.4686059 0.3272848 0.0737458 0.1119710 0.4622485 0.3487079 0.0000000 0.3437964 0.3327911 0.0774653 0.3752399 0.3430457 
n300_301   0.3073874 0.0272924 0.2922371 0.2480319 0.2863480 0.2879082 0.0033510 0.3278861 0.3122876 0.2864436 0.3177024 0.0667312 0.2966917 0.3495576 0.0101027 0.3015902 0.3074406 0.3553977 0.2527470 0.3437964 0.0000000 0.2674878 0.3070241 0.3329788 0.0740791 
n265_266   0.3018125 0.2875471 0.3182331 0.1829649 0.2766603 0.0271782 0.2724658 0.3221936 0.3117782 0.2869427 0.3120465 0.2527147 0.2868770 0.4141985 0.2526118 0.3075243 0.3178195 0.4082653 0.1872688 0.3327911 0.2674878 0.0000000 0.2917819 0.3437066 0.2621820 
n296_297   0.0555515 0.3172630 0.1654283 0.3018239 0.0203081 0.3022257 0.3122769 0.0700714 0.0627465 0.0272312 0.0627950 0.2963667 0.0134765 0.4206988 0.2913270 0.0448135 0.0889246 0.4023248 0.3068810 0.0774653 0.3070241 0.2917819 0.0000000 0.3428362 0.3063697 
n244_245   0.3535592 0.3388139 0.3605181 0.3331557 0.3318676 0.3658841 0.3384205 0.3752882 0.3641656 0.3429624 0.3478219 0.2959493 0.3376217 0.3211598 0.3167186 0.3595954 0.3645374 0.3159614 0.3384212 0.3752399 0.3329788 0.3437066 0.3428362 0.0000000 0.2903517 
n277_278   0.3117121 0.0816598 0.2964405 0.2380256 0.2857465 0.2824193 0.0778185 0.3271775 0.3116194 0.2961317 0.3112755 0.0135041 0.2960638 0.3435654 0.0629436 0.3114649 0.3118043 0.3381966 0.2426707 0.3430457 0.0740791 0.2621820 0.3063697 0.2903517 0.0000000 
