32
n297_336   0.0000000 0.1654155 0.3263900 0.0376865 0.1363315 0.1655182 0.0341842 0.3316039 0.1739372 0.0306881 0.0134800 0.3485019 0.1653622 0.3067862 0.2964312 0.0306918 0.3430730 0.1361792 0.1654172 0.0341736 0.3476604 0.1612678 0.2461382 0.3475832 0.1613378 0.1656325 0.3819196 0.3994069 0.3815605 0.2508434 0.3478866 0.0376959 
n296_333   0.1654155 0.0000000 0.3259112 0.1443680 0.1912647 0.0377013 0.1403111 0.3311173 0.0168803 0.1782748 0.1739713 0.3312976 0.0033453 0.2856320 0.2758797 0.1655603 0.3260055 0.0776090 0.0412475 0.1825493 0.3471496 0.0067060 0.2273502 0.3470727 0.0341975 0.0377252 0.3707208 0.3594659 0.3764912 0.2319370 0.3526043 0.1444074 
n274_301   0.3263900 0.3259112 0.0000000 0.3004815 0.3543797 0.3212873 0.3004672 0.0168417 0.3314289 0.3270146 0.3320046 0.0627961 0.3312737 0.2890939 0.2745498 0.3218210 0.0555143 0.2892290 0.3267356 0.3270304 0.0305890 0.3207970 0.2408232 0.0305855 0.3213143 0.3267446 0.3809417 0.3977553 0.3867792 0.2454850 0.0340718 0.3055993 
n287_318   0.0376865 0.1443680 0.3004815 0.0000000 0.1161265 0.1404045 0.0033429 0.3055198 0.1526313 0.0342065 0.0376873 0.3217773 0.1443222 0.2912075 0.2810823 0.0342107 0.3165424 0.1199750 0.1445657 0.0377111 0.3210099 0.1403374 0.2319196 0.3209423 0.1363660 0.1405000 0.3483979 0.3647543 0.3480782 0.2365329 0.3262789 0.0067018 
n236_253   0.1363315 0.1912647 0.3543797 0.1161265 0.0000000 0.1827952 0.1122227 0.3598055 0.2001013 0.1363857 0.1363361 0.3545637 0.1957012 0.3331005 0.3120322 0.1323705 0.3544531 0.1609644 0.1872366 0.1363917 0.3654622 0.1869743 0.2708679 0.3653777 0.1785139 0.1829227 0.4177206 0.3872926 0.4238916 0.2757426 0.3600678 0.1161576 
n297_338   0.1655182 0.0377013 0.3212873 0.1404045 0.1827952 0.0000000 0.1363660 0.3317125 0.0447807 0.1697787 0.1655245 0.3318934 0.0412378 0.2906898 0.2708400 0.1572049 0.3265907 0.0739576 0.0100784 0.1740061 0.3477771 0.0342040 0.2178908 0.3476998 0.0033429 0.0067044 0.3702812 0.3710559 0.3760411 0.2224136 0.3479569 0.1404428 
n296_335   0.0341842 0.1403111 0.3004672 0.0033429 0.1122227 0.1363660 0.0000000 0.3055052 0.1485292 0.0307175 0.0341849 0.3217618 0.1402667 0.2862518 0.2761941 0.0307213 0.3165271 0.1160541 0.1405030 0.0342065 0.3209944 0.1363008 0.2273555 0.3209269 0.1323483 0.1364585 0.3538644 0.3703417 0.3535384 0.2319416 0.3262632 0.0033437 
n280_309   0.3316039 0.3311173 0.0168417 0.3055198 0.3598055 0.3317125 0.3055052 0.0000000 0.3366755 0.3322403 0.3372613 0.0664376 0.3365175 0.2990991 0.2843679 0.3270117 0.0591187 0.2941778 0.3319569 0.3322564 0.0271291 0.3259695 0.2405637 0.0271260 0.3264961 0.3319657 0.3751802 0.3981623 0.3809693 0.2452198 0.0305954 0.3106719 
n289_324   0.1739372 0.0168803 0.3314289 0.1526313 0.2001013 0.0447807 0.1485292 0.3366755 0.0000000 0.1869531 0.1825976 0.3368601 0.0203089 0.2903603 0.2805564 0.1740896 0.3315253 0.0851105 0.0483657 0.1912776 0.3528383 0.0100755 0.2317554 0.3527591 0.0412432 0.0448093 0.3815898 0.3762843 0.3874431 0.2363653 0.3583375 0.1526732 
n294_329   0.0306881 0.1782748 0.3270146 0.0342065 0.1363857 0.1697787 0.0307175 0.3322403 0.1869531 0.0000000 0.0306887 0.3491789 0.1782168 0.3172746 0.3067649 0.0203139 0.3437372 0.1443487 0.1696748 0.0033419 0.3483343 0.1740561 0.2557644 0.3426326 0.1655742 0.1698962 0.3873254 0.3994920 0.3869600 0.2605322 0.3485614 0.0342150 
n298_337   0.0134800 0.1739713 0.3320046 0.0376873 0.1363361 0.1655245 0.0341849 0.3372613 0.1825976 0.0306887 0.0000000 0.3543141 0.1739149 0.3118846 0.3014578 0.0306924 0.3488380 0.1361838 0.1654235 0.0341743 0.3534557 0.1697762 0.2508206 0.3533761 0.1613438 0.1656388 0.3875437 0.3992831 0.3871780 0.2555545 0.3536866 0.0376967 
n277_306   0.3485019 0.3312976 0.0627961 0.3217773 0.3545637 0.3318934 0.3217618 0.0664376 0.3368601 0.3491789 0.3543141 0.0000000 0.3367020 0.2938652 0.2792406 0.3438221 0.0066902 0.2943305 0.3321382 0.3491960 0.0811981 0.3261459 0.2550400 0.0811877 0.3266731 0.3321469 0.3864662 0.3805646 0.3986588 0.2597922 0.0849500 0.3270545 
n295_332   0.1653622 0.0033453 0.3312737 0.1443222 0.1957012 0.0412378 0.1402667 0.3365175 0.0203089 0.1782168 0.1739149 0.3367020 0.0000000 0.2907114 0.2808926 0.1655069 0.3313701 0.0813617 0.0448038 0.1824898 0.3526716 0.0100848 0.2320200 0.3525925 0.0377167 0.0412640 0.3764410 0.3650951 0.3822586 0.2366363 0.3581677 0.1443616 
n266_289   0.3067862 0.2856320 0.2890939 0.2912075 0.3331005 0.2906898 0.2862518 0.2990991 0.2903603 0.3172746 0.3118846 0.2938652 0.2907114 0.0000000 0.0168645 0.3018979 0.2888565 0.2503695 0.2908966 0.3120634 0.3087965 0.2755265 0.1401588 0.3194213 0.2857442 0.2909064 0.3479720 0.3536674 0.3595022 0.1442234 0.3141147 0.2912965 
n265_288   0.2964312 0.2758797 0.2745498 0.2810823 0.3120322 0.2708400 0.2761941 0.2843679 0.2805564 0.3067649 0.3014578 0.2792406 0.2808926 0.0168645 0.0000000 0.2916069 0.2743267 0.2316396 0.2710292 0.3016298 0.2938971 0.2659081 0.1240664 0.3043054 0.2660221 0.2710393 0.3265550 0.3320772 0.3377255 0.1280435 0.2991059 0.2811676 
n275_302   0.0306918 0.1655603 0.3218210 0.0342107 0.1323705 0.1572049 0.0307213 0.3270117 0.1740896 0.0203139 0.0306924 0.3438221 0.1655069 0.3018979 0.2916069 0.0000000 0.3384192 0.1322214 0.1571093 0.0237516 0.3429925 0.1614089 0.2416519 0.3429169 0.1530684 0.1573129 0.3879240 0.4055659 0.3875575 0.2463322 0.3432154 0.0342192 
n278_307   0.3430730 0.3260055 0.0555143 0.3165424 0.3544531 0.3265907 0.3165271 0.0591187 0.3315253 0.3437372 0.3488380 0.0066902 0.3313701 0.2888565 0.2743267 0.3384192 0.0000000 0.2893093 0.3268304 0.3437540 0.0737252 0.3208893 0.2502841 0.0737159 0.3214069 0.3268394 0.3924617 0.3865085 0.4047669 0.2550060 0.0774360 0.3217817 
n236_255   0.1361792 0.0776090 0.2892290 0.1199750 0.1609644 0.0739576 0.1160541 0.2941778 0.0851105 0.1443487 0.1361838 0.2943305 0.0813617 0.2503695 0.2316396 0.1322214 0.2893093 0.0000000 0.0777126 0.1484260 0.3093816 0.0739223 0.1996643 0.3093182 0.0702719 0.0740059 0.3417193 0.3309749 0.3472388 0.2040723 0.3145525 0.1200071 
n275_304   0.1654172 0.0412475 0.3267356 0.1445657 0.1872366 0.0100784 0.1405030 0.3319569 0.0483657 0.1696748 0.1654235 0.3321382 0.0448038 0.2908966 0.2710292 0.1571093 0.3268304 0.0777126 0.0000000 0.1738993 0.3480371 0.0377326 0.2180358 0.3479597 0.0067044 0.0100847 0.3700238 0.3824901 0.3757786 0.2225621 0.3482173 0.1446053 
n293_328   0.0341736 0.1825493 0.3270304 0.0377111 0.1363917 0.1740061 0.0342065 0.3322564 0.1912776 0.0033419 0.0341743 0.3491960 0.1824898 0.3120634 0.3016298 0.0237516 0.3437540 0.1484260 0.1738993 0.0000000 0.3483513 0.1783080 0.2509927 0.3426493 0.1697787 0.1741268 0.3929790 0.3995120 0.3926068 0.2557301 0.3485784 0.0377206 
n292_327   0.3476604 0.3471496 0.0305890 0.3210099 0.3654622 0.3477771 0.3209944 0.0271291 0.3528383 0.3483343 0.3534557 0.0811981 0.3526716 0.3087965 0.2938971 0.3429925 0.0737252 0.3093816 0.3480371 0.3483513 0.0000000 0.3418929 0.2595871 0.0134427 0.3424490 0.3480452 0.3920661 0.4091347 0.3979928 0.2643647 0.0168460 0.3262725 
n290_325   0.1612678 0.0067060 0.3207970 0.1403374 0.1869743 0.0342040 0.1363008 0.3259695 0.0100755 0.1740561 0.1697762 0.3261459 0.0100848 0.2755265 0.2659081 0.1614089 0.3208893 0.0739223 0.0377326 0.1783080 0.3418929 0.0000000 0.2180683 0.3418179 0.0307152 0.0342256 0.3648389 0.3596426 0.3705581 0.2225958 0.3473103 0.1403757 
n285_316   0.2461382 0.2273502 0.2408232 0.2319196 0.2708679 0.2178908 0.2273555 0.2405637 0.2317554 0.2557644 0.2508206 0.2550400 0.2320200 0.1401588 0.1240664 0.2416519 0.2502841 0.1996643 0.2180358 0.2509927 0.2595871 0.2180683 0.0000000 0.2595391 0.2134150 0.2180457 0.2998183 0.3057450 0.2998644 0.0033396 0.2546607 0.2319872 
n300_341   0.3475832 0.3470727 0.0305855 0.3209423 0.3653777 0.3476998 0.3209269 0.0271260 0.3527591 0.3426326 0.3533761 0.0811877 0.3525925 0.3194213 0.3043054 0.3429169 0.0737159 0.3093182 0.3479597 0.3426493 0.0134427 0.3418179 0.2595391 0.0000000 0.3423737 0.3479678 0.3919709 0.4152141 0.3978950 0.2643154 0.0100562 0.3262031 
n294_331   0.1613378 0.0341975 0.3213143 0.1363660 0.1785139 0.0033429 0.1323483 0.3264961 0.0412432 0.1655742 0.1613438 0.3266731 0.0377167 0.2857442 0.2660221 0.1530684 0.3214069 0.0702719 0.0067044 0.1697787 0.3424490 0.0307152 0.2134150 0.3423737 0.0000000 0.0033450 0.3647911 0.3710375 0.3705079 0.2179116 0.3426255 0.1364031 
n293_330   0.1656325 0.0377252 0.3267446 0.1405000 0.1829227 0.0067044 0.1364585 0.3319657 0.0448093 0.1698962 0.1656388 0.3321469 0.0412640 0.2909064 0.2710393 0.1573129 0.3268394 0.0740059 0.0100847 0.1741268 0.3480452 0.0342256 0.2180457 0.3479678 0.0033450 0.0000000 0.3650443 0.3712964 0.3707660 0.2225721 0.3482253 0.1405383 
n255_276   0.3819196 0.3707208 0.3809417 0.3483979 0.4177206 0.3702812 0.3538644 0.3751802 0.3815898 0.3873254 0.3875437 0.3864662 0.3764410 0.3479720 0.3265550 0.3879240 0.3924617 0.3417193 0.3700238 0.3929790 0.3920661 0.3648389 0.2998183 0.3919709 0.3647911 0.3650443 0.0000000 0.2321026 0.0342414 0.2999111 0.3978587 0.3593927 
n244_265   0.3994069 0.3594659 0.3977553 0.3647543 0.3872926 0.3710559 0.3703417 0.3981623 0.3762843 0.3994920 0.3992831 0.3805646 0.3650951 0.3536674 0.3320772 0.4055659 0.3865085 0.3309749 0.3824901 0.3995120 0.4091347 0.3596426 0.3057450 0.4152141 0.3710375 0.3712964 0.2321026 0.0000000 0.2276092 0.3108463 0.4275708 0.3759928 
n251_272   0.3815605 0.3764912 0.3867792 0.3480782 0.4238916 0.3760411 0.3535384 0.3809693 0.3874431 0.3869600 0.3871780 0.3986588 0.3822586 0.3595022 0.3377255 0.3875575 0.4047669 0.3472388 0.3757786 0.3926068 0.3979928 0.3705581 0.2998644 0.3978950 0.3705079 0.3707660 0.0342414 0.2276092 0.0000000 0.2948794 0.4038332 0.3590603 
n286_317   0.2508434 0.2319370 0.2454850 0.2365329 0.2757426 0.2224136 0.2319416 0.2452198 0.2363653 0.2605322 0.2555545 0.2597922 0.2366363 0.1442234 0.1280435 0.2463322 0.2550060 0.2040723 0.2225621 0.2557301 0.2643647 0.2225958 0.0033396 0.2643154 0.2179116 0.2225721 0.2999111 0.3108463 0.2948794 0.0000000 0.2594047 0.2366020 
n299_340   0.3478866 0.3526043 0.0340718 0.3262789 0.3600678 0.3479569 0.3262632 0.0305954 0.3583375 0.3485614 0.3536866 0.0849500 0.3581677 0.3141147 0.2991059 0.3432154 0.0774360 0.3145525 0.3482173 0.3485784 0.0168460 0.3473103 0.2546607 0.0100562 0.3426255 0.3482253 0.3978587 0.4275708 0.4038332 0.2594047 0.0000000 0.3315794 
n295_334   0.0376959 0.1444074 0.3055993 0.0067018 0.1161576 0.1404428 0.0033437 0.3106719 0.1526732 0.0342150 0.0376967 0.3270545 0.1443616 0.2912965 0.2811676 0.0342192 0.3217817 0.1200071 0.1446053 0.0377206 0.3262725 0.1403757 0.2319872 0.3262031 0.1364031 0.1405383 0.3593927 0.3759928 0.3590603 0.2366020 0.3315794 0.0000000 
