25
n287_270   0.0000000 0.3553182 0.0412629 0.2723226 0.2619101 0.3101613 0.0520661 0.0100727 0.3048917 0.0237510 0.3228419 0.0272096 0.1421856 0.3282800 0.0484335 0.3285484 0.3341783 0.3341817 0.0895482 0.0033379 0.3378550 0.3547691 0.3230608 0.0307072 0.3287121 
n244_229   0.3553182 0.0000000 0.3671335 0.3848149 0.3781757 0.4167573 0.3791698 0.3615088 0.4106381 0.3668712 0.4499591 0.3726327 0.4044262 0.4708259 0.3787661 0.4647032 0.4650084 0.4862798 0.3546568 0.3496894 0.3336258 0.3332556 0.4719246 0.3554989 0.4649537 
n297_280   0.0412629 0.3671335 0.0000000 0.2878704 0.2772060 0.3323634 0.0377579 0.0448649 0.3269265 0.0448841 0.3397983 0.0484566 0.1590929 0.3453704 0.0342133 0.3512510 0.3570704 0.3570756 0.1050839 0.0377316 0.3499408 0.3614085 0.3455832 0.0168752 0.3514283 
n266_249   0.2723226 0.3848149 0.2878704 0.0000000 0.0066976 0.1589174 0.3041150 0.2777280 0.1546970 0.2670833 0.2981194 0.2720703 0.2884642 0.3092927 0.3038082 0.3089949 0.3144516 0.3040686 0.2714629 0.2673298 0.3159550 0.3268472 0.3146497 0.2829701 0.3091460 
n265_248   0.2619101 0.3781757 0.2772060 0.0066976 0.0000000 0.1502496 0.2931720 0.2672208 0.1460851 0.2567599 0.2872978 0.2616702 0.2777769 0.2982724 0.2928786 0.2979862 0.3033507 0.2931313 0.2610871 0.2569943 0.3100193 0.3208037 0.3035403 0.2723766 0.2981309 
n286_269   0.3101613 0.4167573 0.3323634 0.1589174 0.1502496 0.0000000 0.3442457 0.3159190 0.0033443 0.3102853 0.3200999 0.3156039 0.3443667 0.3429269 0.3438877 0.3431591 0.3433673 0.3553378 0.3202244 0.3048827 0.3496609 0.3551648 0.3491609 0.3271590 0.3433593 
n294_277   0.0520661 0.3791698 0.0377579 0.3041150 0.2931720 0.3442457 0.0000000 0.0557419 0.3387111 0.0557659 0.3692065 0.0594003 0.1680002 0.3750173 0.0100645 0.3753521 0.3813843 0.3813917 0.1171365 0.0484742 0.3442834 0.3618516 0.3694820 0.0272479 0.3755445 
n289_272   0.0100727 0.3615088 0.0448649 0.2777280 0.2672208 0.3159190 0.0557419 0.0000000 0.3106032 0.0272409 0.3342395 0.0307204 0.1465192 0.3397683 0.0520835 0.3400523 0.3457800 0.3457843 0.0934880 0.0066993 0.3494997 0.3609497 0.3344717 0.0342417 0.3402229 
n285_268   0.3048917 0.4106381 0.3269265 0.1546970 0.1460851 0.0033443 0.3387111 0.3106032 0.0000000 0.3050136 0.3147724 0.3102946 0.3388320 0.3374210 0.3383601 0.3376480 0.3378523 0.3497246 0.3148888 0.2996503 0.3440911 0.3495534 0.3436009 0.3217567 0.3378444 
n295_278   0.0237510 0.3668712 0.0448841 0.2670833 0.2567599 0.3102853 0.0557659 0.0272409 0.3050136 0.0000000 0.3396879 0.0033392 0.1381071 0.3452573 0.0521058 0.3455488 0.3513204 0.3513252 0.0935288 0.0203091 0.3496635 0.3611192 0.3399265 0.0342562 0.3457226 
n277_260   0.3228419 0.4499591 0.3397983 0.2981194 0.2872978 0.3200999 0.3692065 0.3342395 0.3147724 0.3396879 0.0000000 0.3452529 0.3517370 0.0135229 0.3807740 0.0709152 0.0822703 0.0861770 0.3749206 0.3228568 0.4105504 0.4231935 0.0784880 0.3574085 0.0746844 
n296_279   0.0272096 0.3726327 0.0484566 0.2720703 0.2616702 0.3156039 0.0594003 0.0307204 0.3102946 0.0033392 0.3452529 0.0000000 0.1380906 0.3508644 0.0485114 0.3511636 0.3569808 0.3569860 0.0973828 0.0237510 0.3552901 0.3668383 0.3454980 0.0377741 0.3513408 
n200_191   0.1421856 0.4044262 0.1590929 0.2884642 0.2777769 0.3443667 0.1680002 0.1465192 0.3388320 0.1381071 0.3517370 0.1380906 0.0000000 0.3458413 0.1635301 0.3517419 0.3575683 0.3575736 0.1549241 0.1380594 0.3740594 0.3859520 0.3578319 0.1464119 0.3519196 
n278_261   0.3282800 0.4708259 0.3453704 0.3092927 0.2982724 0.3429269 0.3750173 0.3397683 0.3374210 0.3452573 0.0135229 0.3508644 0.3458413 0.0000000 0.3866760 0.0785625 0.0900693 0.0940351 0.3688124 0.3282952 0.4239361 0.4368483 0.0862385 0.3631241 0.0823825 
n293_276   0.0484335 0.3787661 0.0342133 0.3038082 0.2928786 0.3438877 0.0100645 0.0520835 0.3383601 0.0521058 0.3807740 0.0485114 0.1635301 0.3866760 0.0000000 0.3870285 0.3931593 0.3931679 0.1130692 0.0448627 0.3439253 0.3614704 0.3810645 0.0237649 0.3872280 
n280_263   0.3285484 0.4647032 0.3512510 0.3089949 0.2979862 0.3431591 0.3753521 0.3400523 0.3376480 0.3455488 0.0709152 0.3511636 0.3517419 0.0785625 0.3870285 0.0000000 0.0134876 0.0135026 0.3691380 0.3285636 0.4240241 0.4369410 0.0067116 0.3634413 0.0033461 
n274_257   0.3341783 0.4650084 0.3570704 0.3144516 0.3033507 0.3433673 0.3813843 0.3457800 0.3378523 0.3513204 0.0822703 0.3569808 0.3575683 0.0900693 0.3931593 0.0134876 0.0000000 0.0272931 0.3751178 0.3341938 0.4304767 0.4435171 0.0203477 0.3693707 0.0169066 
n300_283   0.3341817 0.4862798 0.3570756 0.3040686 0.2931313 0.3553378 0.3813917 0.3457843 0.3497246 0.3513252 0.0861770 0.3569860 0.3575736 0.0940351 0.3931679 0.0135026 0.0272931 0.0000000 0.3692951 0.3341972 0.4174599 0.4302474 0.0135086 0.3693771 0.0101018 
n236_223   0.0895482 0.3546568 0.1050839 0.2714629 0.2610871 0.3202244 0.1171365 0.0934880 0.3148888 0.0935288 0.3749206 0.0973828 0.1549241 0.3688124 0.1130692 0.3691380 0.3751178 0.3692951 0.0000000 0.0857418 0.3490410 0.3604742 0.3633177 0.0934227 0.3693265 
n290_273   0.0033379 0.3496894 0.0377316 0.2673298 0.2569943 0.3048827 0.0484742 0.0066993 0.2996503 0.0203091 0.3228568 0.0237510 0.1380594 0.3282952 0.0448627 0.3285636 0.3341938 0.3341972 0.0857418 0.0000000 0.3378989 0.3491490 0.3230758 0.0272292 0.3287274 
n255_238   0.3378550 0.3336258 0.3499408 0.3159550 0.3100193 0.3496609 0.3442834 0.3494997 0.3440911 0.3496635 0.4105504 0.3552901 0.3740594 0.4239361 0.3439253 0.4240241 0.4304767 0.4174599 0.3490410 0.3378989 0.0000000 0.0308251 0.4308075 0.3441438 0.4242470 
n251_234   0.3547691 0.3332556 0.3614085 0.3268472 0.3208037 0.3551648 0.3618516 0.3609497 0.3495534 0.3611192 0.4231935 0.3668383 0.3859520 0.4368483 0.3614704 0.4369410 0.4435171 0.4302474 0.3604742 0.3491490 0.0308251 0.0000000 0.4438608 0.3555116 0.4371725 
n292_275   0.3230608 0.4719246 0.3455832 0.3146497 0.3035403 0.3491609 0.3694820 0.3344717 0.3436009 0.3399265 0.0784880 0.3454980 0.3578319 0.0862385 0.3810645 0.0067116 0.0203477 0.0135086 0.3633177 0.3230758 0.4308075 0.4438608 0.0000000 0.3576689 0.0033476 
n275_258   0.0307072 0.3554989 0.0168752 0.2829701 0.2723766 0.3271590 0.0272479 0.0342417 0.3217567 0.0342562 0.3574085 0.0377741 0.1464119 0.3631241 0.0237649 0.3634413 0.3693707 0.3693771 0.0934227 0.0272292 0.3441438 0.3555116 0.3576689 0.0000000 0.3636263 
n299_282   0.3287121 0.4649537 0.3514283 0.3091460 0.2981309 0.3433593 0.3755445 0.3402229 0.3378444 0.3457226 0.0746844 0.3513408 0.3519196 0.0823825 0.3872280 0.0033461 0.0169066 0.0101018 0.3693265 0.3287274 0.4242470 0.4371725 0.0033476 0.3636263 0.0000000 
