25
n287_270   0.0000000 0.4340345 0.0664663 0.2565133 0.2663239 0.2806920 0.0663351 0.0101011 0.2852189 0.0306722 0.3007893 0.0203297 0.1391285 0.3010942 0.0591242 0.2706409 0.2756560 0.2757242 0.0736371 0.3576100 0.3518366 0.2756173 0.0700916 0.2708317 0.0627644 
n244_229   0.4340345 0.0000000 0.4453428 0.4130940 0.4313813 0.4241326 0.4494036 0.4277746 0.4482394 0.4263558 0.4766714 0.4208455 0.4253941 0.4766111 0.4378653 0.4384966 0.4322692 0.4386256 0.4033652 0.3693119 0.3626455 0.4448393 0.4446846 0.4388434 0.4388375 
n297_280   0.0664663 0.4453428 0.0000000 0.2660871 0.2760367 0.2956063 0.0271687 0.0627793 0.3002112 0.0627080 0.3257481 0.0591410 0.1431490 0.3260822 0.0203018 0.2945832 0.3050936 0.2998443 0.0847155 0.3793460 0.3682654 0.2997278 0.0306759 0.2947945 0.0100895 
n266_249   0.2565133 0.4130940 0.2660871 0.0000000 0.0202608 0.1427769 0.2654975 0.2516644 0.1467398 0.2558666 0.2464791 0.2513872 0.2653681 0.2464507 0.2563279 0.2321196 0.2416666 0.2368993 0.2238197 0.3288614 0.3287642 0.2368080 0.2755584 0.2322784 0.2613933 
n265_248   0.2663239 0.4313813 0.2760367 0.0202608 0.0000000 0.1508013 0.2754206 0.2614022 0.1548009 0.2656481 0.2606065 0.2611130 0.2753082 0.2605764 0.2661296 0.2415501 0.2512423 0.2464030 0.2331621 0.3344380 0.3343388 0.2463081 0.2856406 0.2417172 0.2712774 
n286_269   0.2806920 0.4241326 0.2956063 0.1427769 0.1508013 0.0000000 0.2852352 0.2756685 0.0168282 0.2753250 0.2797730 0.2707354 0.2842560 0.2797405 0.2804848 0.2511040 0.2559680 0.2560317 0.2468786 0.3730515 0.3729405 0.2559331 0.2953603 0.2512784 0.2903868 
n294_277   0.0663351 0.4494036 0.0271687 0.2654975 0.2754206 0.2852352 0.0000000 0.0626568 0.2897802 0.0626182 0.3145582 0.0590259 0.1509449 0.3148788 0.0067007 0.2793573 0.2896145 0.2844923 0.0883213 0.3677737 0.3568744 0.2843822 0.0237146 0.2795549 0.0236991 
n289_272   0.0101011 0.4277746 0.0627793 0.2516644 0.2614022 0.2756685 0.0626568 0.0000000 0.2801680 0.0271858 0.3002918 0.0168932 0.1350341 0.3005957 0.0554818 0.2702018 0.2803365 0.2752756 0.0699205 0.3574504 0.3516800 0.2751681 0.0663870 0.2703924 0.0591017 
n285_268   0.2852189 0.4482394 0.3002112 0.1467398 0.1548009 0.0168282 0.2897802 0.2801680 0.0000000 0.2798175 0.2843796 0.2752086 0.2887824 0.2893622 0.2850077 0.2603687 0.2652975 0.2653633 0.2512307 0.3779547 0.3778426 0.2652609 0.2999612 0.2605507 0.2949615 
n295_278   0.0306722 0.4263558 0.0627080 0.2558666 0.2656481 0.2753250 0.0626182 0.0271858 0.2798175 0.0000000 0.3146350 0.0100783 0.1348741 0.3149560 0.0626360 0.2744758 0.2846587 0.2795737 0.0734701 0.3563539 0.3506070 0.2794656 0.0736366 0.2746694 0.0662878 
n277_260   0.3007893 0.4766714 0.3257481 0.2464791 0.2606065 0.2797730 0.3145582 0.3002918 0.2843796 0.3146350 0.0000000 0.2999523 0.2895310 0.0100506 0.3099906 0.0516685 0.0589164 0.0552944 0.2614108 0.4117926 0.4116708 0.0552733 0.3203712 0.0517008 0.3202963 
n296_279   0.0203297 0.4208455 0.0591410 0.2513872 0.2611130 0.2707354 0.0590259 0.0168932 0.2752086 0.0100783 0.2999523 0.0000000 0.1310272 0.3002556 0.0518832 0.2699025 0.2800234 0.2749689 0.0698503 0.3512859 0.3455769 0.2748627 0.0627327 0.2700922 0.0554845 
n200_191   0.1391285 0.4253941 0.1431490 0.2653681 0.2753082 0.2842560 0.1509449 0.1350341 0.2887824 0.1348741 0.2895310 0.1310272 0.0000000 0.2898220 0.1429741 0.2649676 0.2699271 0.2699938 0.1189705 0.3674705 0.3616252 0.2698896 0.1552643 0.2651534 0.1470581 
n278_261   0.3010942 0.4766111 0.3260822 0.2464507 0.2605764 0.2797405 0.3148788 0.3005957 0.2893622 0.3149560 0.0100506 0.3002556 0.2898220 0.0000000 0.3103056 0.0552594 0.0625490 0.0589068 0.2616702 0.4117423 0.4116205 0.0588844 0.3206987 0.0552940 0.3206237 
n293_276   0.0591242 0.4378653 0.0203018 0.2563279 0.2661296 0.2804848 0.0067007 0.0554818 0.2850077 0.0626360 0.3099906 0.0518832 0.1429741 0.3103056 0.0000000 0.2795263 0.2897921 0.2846649 0.0809361 0.3623835 0.3515610 0.2845549 0.0168772 0.2797239 0.0168662 
n280_263   0.2706409 0.4384966 0.2945832 0.2321196 0.2415501 0.2511040 0.2793573 0.2702018 0.2603687 0.2744758 0.0516685 0.2699025 0.2649676 0.0552594 0.2795263 0.0000000 0.0168510 0.0100568 0.2239559 0.3936514 0.3935348 0.0100529 0.2894515 0.0066875 0.2893869 
n274_257   0.2756560 0.4322692 0.3050936 0.2416666 0.2512423 0.2559680 0.2896145 0.2803365 0.2652975 0.2846587 0.0589164 0.2800234 0.2699271 0.0625490 0.2897921 0.0168510 0.0000000 0.0202858 0.2334169 0.4057867 0.4056664 0.0202780 0.2998761 0.0168614 0.2998080 
n300_283   0.2757242 0.4386256 0.2998443 0.2368993 0.2464030 0.2560317 0.2844923 0.2752756 0.2653633 0.2795737 0.0552944 0.2749689 0.2699938 0.0589068 0.2846649 0.0100568 0.0202858 0.0000000 0.2286932 0.3997163 0.3995976 0.0066875 0.2946687 0.0033365 0.2946025 
n236_223   0.0736371 0.4033652 0.0847155 0.2238197 0.2331621 0.2468786 0.0883213 0.0699205 0.2512307 0.0734701 0.2614108 0.0698503 0.1189705 0.2616702 0.0809361 0.2239559 0.2334169 0.2286932 0.0000000 0.3206082 0.3199368 0.2286052 0.0922094 0.2241101 0.0809205 
n255_238   0.3576100 0.3693119 0.3793460 0.3288614 0.3344380 0.3730515 0.3677737 0.3574504 0.3779547 0.3563539 0.4117926 0.3512859 0.3674705 0.4117423 0.3623835 0.3936514 0.4057867 0.3997163 0.3206082 0.0000000 0.0340921 0.3995578 0.3846492 0.3939504 0.3734544 
n251_234   0.3518366 0.3626455 0.3682654 0.3287642 0.3343388 0.3729405 0.3568744 0.3516800 0.3778426 0.3506070 0.4116708 0.3455769 0.3616252 0.4116205 0.3515610 0.3935348 0.4056664 0.3995976 0.3199368 0.0340921 0.0000000 0.3994390 0.3734950 0.3938333 0.3624679 
n292_275   0.2756173 0.4448393 0.2997278 0.2368080 0.2463081 0.2559331 0.2843822 0.2751681 0.2652609 0.2794656 0.0552733 0.2748627 0.2698896 0.0588844 0.2845549 0.0100529 0.0202780 0.0066875 0.2286052 0.3995578 0.3994390 0.0000000 0.2945547 0.0033353 0.2944885 
n275_258   0.0700916 0.4446846 0.0306759 0.2755584 0.2856406 0.2953603 0.0237146 0.0663870 0.2999612 0.0736366 0.3203712 0.0627327 0.1552643 0.3206987 0.0168772 0.2894515 0.2998761 0.2946687 0.0922094 0.3846492 0.3734950 0.2945547 0.0000000 0.2896572 0.0271827 
n299_282   0.2708317 0.4388434 0.2947945 0.2322784 0.2417172 0.2512784 0.2795549 0.2703924 0.2605507 0.2746694 0.0517008 0.2700922 0.2651534 0.0552940 0.2797239 0.0066875 0.0168614 0.0033365 0.2241101 0.3939504 0.3938333 0.0033353 0.2896572 0.0000000 0.2895925 
n298_281   0.0627644 0.4388375 0.0100895 0.2613933 0.2712774 0.2903868 0.0236991 0.0591017 0.2949615 0.0662878 0.3202963 0.0554845 0.1470581 0.3206237 0.0168662 0.2893869 0.2998080 0.2946025 0.0809205 0.3734544 0.3624679 0.2944885 0.0271827 0.2895925 0.0000000 
