24
n289_290   0.0000000 0.0628145 0.0168516 0.2971795 0.3586814 0.0591426 0.0033393 0.3474168 0.3649797 0.0591831 0.3348597 0.0100608 0.3531695 0.4415912 0.3758950 0.0100673 0.1621020 0.3878792 0.1404090 0.3640869 0.3188323 0.0519207 0.3773176 0.3244350 
n294_295   0.0628145 0.0000000 0.0591732 0.2867051 0.3414140 0.0237094 0.0665105 0.3146320 0.3700594 0.0033366 0.3128686 0.0519394 0.3360360 0.4225066 0.3410835 0.0629122 0.1535165 0.3524478 0.1240186 0.3520821 0.2872939 0.0168530 0.3769051 0.2926232 
n295_296   0.0168516 0.0591732 0.0000000 0.3026034 0.3586293 0.0555221 0.0202819 0.3473680 0.3760410 0.0555600 0.3294262 0.0066912 0.3531190 0.4353149 0.3701065 0.0237333 0.1665066 0.3819866 0.1363275 0.3640332 0.3135226 0.0483373 0.3885808 0.3190783 
n266_267   0.2971795 0.2867051 0.3026034 0.0000000 0.2922039 0.2714038 0.3025048 0.2721252 0.3753324 0.2817367 0.0307278 0.2923222 0.2871916 0.4175591 0.2922966 0.3078810 0.2876655 0.3028464 0.2718312 0.2971248 0.1245103 0.2716037 0.3821402 0.1366672 
n299_300   0.3586814 0.3414140 0.3586293 0.2922039 0.0000000 0.3410387 0.3645465 0.0203260 0.4182381 0.3360345 0.3032082 0.3474672 0.0033458 0.4368817 0.0854662 0.3643264 0.3415681 0.0931642 0.3514382 0.0237773 0.2976153 0.3302176 0.4062241 0.3030342 
n298_299   0.0591426 0.0237094 0.0555221 0.2714038 0.3410387 0.0000000 0.0628166 0.3247071 0.3757727 0.0202760 0.2969656 0.0483304 0.3356675 0.4279693 0.3466741 0.0592352 0.1492676 0.3581345 0.1199798 0.3516934 0.2821034 0.0134431 0.3826871 0.2873882 
n290_291   0.0033393 0.0665105 0.0202819 0.3025048 0.3645465 0.0628166 0.0000000 0.3531856 0.3709050 0.0628588 0.3405008 0.0134533 0.3589886 0.4481970 0.3819127 0.0134627 0.1664483 0.3816801 0.1445908 0.3699969 0.3243415 0.0555523 0.3833626 0.3299943 
n274_275   0.3474168 0.3146320 0.3473680 0.2721252 0.0203260 0.3247071 0.3531856 0.0000000 0.3942509 0.3094416 0.2876889 0.3363766 0.0168997 0.4122187 0.0704731 0.3584203 0.3199829 0.0779951 0.3353802 0.0237571 0.2872988 0.3141267 0.3826113 0.2926305 
n251_252   0.3649797 0.3700594 0.3760410 0.3753324 0.4182381 0.3757727 0.3709050 0.3942509 0.0000000 0.3644638 0.3871368 0.3646069 0.4122599 0.3519789 0.4240553 0.3762610 0.4006324 0.4499456 0.3866926 0.4241010 0.3754639 0.3588043 0.0307355 0.3879673 
n293_294   0.0591831 0.0033366 0.0555600 0.2817367 0.3360345 0.0202760 0.0628588 0.3094416 0.3644638 0.0000000 0.3077152 0.0483625 0.3306944 0.4165151 0.3357103 0.0592750 0.1493724 0.3469871 0.1200625 0.3466284 0.2823136 0.0134519 0.3712439 0.2876030 
n265_266   0.3348597 0.3128686 0.3294262 0.0307278 0.3032082 0.2969656 0.3405008 0.2876889 0.3871368 0.3077152 0.0000000 0.3187454 0.2981110 0.4051291 0.2923817 0.3461974 0.3190565 0.3029339 0.2974425 0.2980344 0.1450363 0.2971884 0.3940863 0.1575756 
n296_297   0.0100608 0.0519394 0.0066912 0.2923222 0.3474672 0.0483304 0.0134533 0.3363766 0.3646069 0.0483625 0.3187454 0.0000000 0.3420387 0.4288337 0.3587628 0.0168675 0.1580028 0.3704501 0.1282285 0.3527915 0.3030736 0.0412191 0.3769267 0.3085407 
n300_301   0.3531695 0.3360360 0.3531190 0.2871916 0.0033458 0.3356675 0.3589886 0.0168997 0.4122599 0.3306944 0.2981110 0.3420387 0.0000000 0.4307528 0.0817031 0.3587724 0.3361836 0.0893579 0.3459981 0.0203338 0.2976129 0.3249233 0.4003384 0.3030317 
n244_245   0.4415912 0.4225066 0.4353149 0.4175591 0.4368817 0.4279693 0.4481970 0.4122187 0.3519789 0.4165151 0.4051291 0.4288337 0.4307528 0.0000000 0.4500767 0.4548711 0.4171339 0.4567103 0.4090098 0.4428937 0.4418760 0.4040772 0.3470282 0.4488186 
n278_279   0.3758950 0.3410835 0.3701065 0.2922966 0.0854662 0.3466741 0.3819127 0.0704731 0.4240553 0.3357103 0.2923817 0.3587628 0.0817031 0.4500767 0.0000000 0.3879913 0.3252018 0.0135151 0.3412486 0.0892077 0.3028887 0.3357665 0.4119520 0.3083542 
n287_288   0.0100673 0.0629122 0.0237333 0.3078810 0.3643264 0.0592352 0.0134627 0.3584203 0.3762610 0.0592750 0.3461974 0.0168675 0.3587724 0.4548711 0.3879913 0.0000000 0.1708306 0.4001968 0.1364469 0.3753401 0.3299042 0.0520016 0.3888122 0.3356079 
n200_201   0.1621020 0.1535165 0.1665066 0.2876655 0.3415681 0.1492676 0.1664483 0.3199829 0.4006324 0.1493724 0.3190565 0.1580028 0.3361836 0.4171339 0.3252018 0.1708306 0.0000000 0.3363217 0.1534274 0.3360270 0.2929431 0.1410072 0.3954527 0.2983292 
n277_278   0.3878792 0.3524478 0.3819866 0.3028464 0.0931642 0.3581345 0.3816801 0.0779951 0.4499456 0.3469871 0.3029339 0.3704501 0.0893579 0.4567103 0.0135151 0.4001968 0.3363217 0.0000000 0.3526208 0.0969457 0.3136119 0.3470482 0.4305209 0.3191723 
n236_237   0.1404090 0.1240186 0.1363275 0.2718312 0.3514382 0.1199798 0.1445908 0.3353802 0.3866926 0.1200625 0.2974425 0.1282285 0.3459981 0.4090098 0.3412486 0.1364469 0.1534274 0.3526208 0.0000000 0.3627673 0.2920015 0.1082097 0.3937322 0.2922131 
n280_281   0.3640869 0.3520821 0.3640332 0.2971248 0.0237773 0.3516934 0.3699969 0.0237571 0.4241010 0.3466284 0.2980344 0.3527915 0.0203338 0.4428937 0.0892077 0.3753401 0.3360270 0.0969457 0.3627673 0.0000000 0.3128430 0.3407216 0.4119958 0.3183867 
n285_286   0.3188323 0.2872939 0.3135226 0.1245103 0.2976153 0.2821034 0.3243415 0.2872988 0.3754639 0.2823136 0.1450363 0.3030736 0.2976129 0.4418760 0.3028887 0.3299042 0.2929431 0.3136119 0.2920015 0.3128430 0.0000000 0.2672407 0.3878795 0.0168972 
n275_276   0.0519207 0.0168530 0.0483373 0.2716037 0.3302176 0.0134431 0.0555523 0.3141267 0.3588043 0.0134519 0.2971884 0.0412191 0.3249233 0.4040772 0.3357665 0.0520016 0.1410072 0.3470482 0.1082097 0.3407216 0.2672407 0.0000000 0.3655177 0.2724063 
n255_256   0.3773176 0.3769051 0.3885808 0.3821402 0.4062241 0.3826871 0.3833626 0.3826113 0.0307355 0.3712439 0.3940863 0.3769267 0.4003384 0.3470282 0.4119520 0.3888122 0.3954527 0.4305209 0.3937322 0.4119958 0.3878795 0.3655177 0.0000000 0.4006464 
n286_287   0.3244350 0.2926232 0.3190783 0.1366672 0.3030342 0.2873882 0.3299943 0.2926305 0.3879673 0.2876030 0.1575756 0.3085407 0.3030317 0.4488186 0.3083542 0.3356079 0.2983292 0.3191723 0.2922131 0.3183867 0.0168972 0.2724063 0.4006464 0.0000000 
