26
n277_278   0.0000000 1.4113864 1.8006175 1.5096799 1.7496327 0.4665855 2.6829351 2.0153678 0.1049236 0.4395104 1.6918694 1.8443985 1.7194948 2.1161242 2.0858962 0.4263446 0.3946937 1.7084639 1.7856419 2.0410628 1.8156487 1.7148502 1.7064628 2.5298961 2.1471812 0.4075051 
n286_287   1.4113864 0.0000000 2.0133767 0.0743412 1.6831234 1.5411886 4.5990947 2.0954961 1.4041497 1.5692311 1.6560780 2.3869803 1.7136092 2.3311207 1.8308477 1.5117184 1.3596789 2.0102192 1.7082488 4.1607108 0.9560200 1.0278305 2.4646685 3.0704976 2.3219069 1.5655591 
n296_297   1.8006175 2.0133767 0.0000000 2.0129943 0.1717751 2.1004615 2.4601064 0.3084345 1.8533942 2.2689137 0.6571392 0.3357652 0.1719065 0.3131907 1.1196792 2.3669040 2.4167571 0.0414043 0.1631484 9.0000000 1.9365009 2.0136431 0.3128907 3.2500031 0.3071685 2.3154221 
n285_286   1.5096799 0.0743412 2.0129943 0.0000000 1.7503832 1.4647807 3.3117656 2.2435293 1.4096587 1.4674195 1.6665129 2.3957959 1.7514793 2.3996354 1.8683921 1.4159860 1.3190543 2.0141641 1.7458682 4.2682175 1.0527597 1.1341197 2.3421356 2.6465425 2.3899302 1.4643971 
n289_290   1.7496327 1.6831234 0.1717751 1.7503832 0.0000000 1.9138303 2.3620537 0.2869337 1.7653094 2.1090453 0.6243865 0.2666422 0.0413738 0.2561347 1.0151196 2.1464237 2.1276557 0.1585712 0.0342722 3.4045010 1.7777068 2.0302341 0.2461627 3.0099638 0.2460805 2.0540993 
n274_275   0.4665855 1.5411886 2.1004615 1.4647807 1.9138303 0.0000000 2.8553645 1.8635877 0.4809656 0.1680189 1.7490842 1.6618552 1.9996149 1.8273896 1.7316346 0.1637957 0.1592794 2.0704002 1.9926310 2.7956035 2.1049156 1.9654665 1.6558196 3.3681651 1.8264453 0.1508269 
n255_256   2.6829351 4.5990947 2.4601064 3.3117656 2.3620537 2.8553645 0.0000000 2.6284531 2.5376960 2.7851035 3.3262382 2.9934711 2.6585839 3.1906528 4.3699691 2.6324751 2.9610321 2.5856519 2.5646425 4.3838924 3.3242817 9.0000000 2.5402744 0.2687418 3.1454345 2.7029410 
n275_276   2.0153678 2.0954961 0.3084345 2.2435293 0.2869337 1.8635877 2.6284531 0.0000000 2.0175015 1.9522284 0.7058310 0.1292269 0.2763634 0.1291908 1.2102318 2.1109683 2.3127262 0.3085003 0.2764956 8.9999988 1.9974490 2.5186682 0.1250130 4.2752171 0.1249275 1.9879157 
n278_279   0.1049236 1.4041497 1.8533942 1.4096587 1.7653094 0.4809656 2.5376960 2.0175015 0.0000000 0.4600027 1.6354200 1.8917956 1.7959869 2.1196039 2.0718944 0.4333223 0.4199799 1.7532121 1.8345905 2.0867407 1.7188179 1.5950547 1.7476381 2.4939256 2.0647735 0.4270274 
n299_300   0.4395104 1.5692311 2.2689137 1.4674195 2.1090453 0.1680189 2.7851035 1.9522284 0.4600027 0.0000000 2.0316270 1.7365061 2.2749778 1.9641536 1.9212100 0.0633265 0.1015969 2.1860204 2.2096456 2.5910085 1.9428766 1.8148180 1.7331186 3.1192722 1.9173716 0.0169521 
n236_237   1.6918694 1.6560780 0.6571392 1.6665129 0.6243865 1.7490842 3.3262382 0.7058310 1.6354200 2.0316270 0.0000000 0.6976296 0.6004476 0.6699797 1.1042298 1.9337231 1.9023804 0.6505031 0.6237779 2.5866421 1.8925029 2.1761117 0.6320992 3.6047081 0.6600824 1.9073410 
n293_294   1.8443985 2.3869803 0.3357652 2.3957959 0.2666422 1.6618552 2.9934711 0.1292269 1.8917956 1.7365061 0.6976296 0.0000000 0.2515739 0.1252628 1.0888295 1.9042798 2.0670452 0.3357098 0.2614931 3.5310467 1.9096339 2.3665997 0.0485855 3.4378435 0.1169682 1.8372002 
n290_291   1.7194948 1.7136092 0.1719065 1.7514793 0.0413738 1.9996149 2.6585839 0.2763634 1.7959869 2.2749778 0.6004476 0.2515739 0.0000000 0.2415938 1.0313325 2.2577309 2.1942765 0.1586915 0.0342976 4.2815026 1.8801660 2.1760823 0.2413331 3.2072852 0.2461251 2.2096436 
n297_298   2.1161242 2.3311207 0.3131907 2.3996354 0.2561347 1.8273896 3.1906528 0.1291908 2.1196039 1.9641536 0.6699797 0.1252628 0.2415938 0.0000000 1.1061518 2.1757379 2.3395405 0.3078428 0.2512127 3.9536302 2.0706903 2.5613700 0.1333186 4.6577531 0.0203354 2.0462757 
n200_201   2.0858962 1.8308477 1.1196792 1.8683921 1.0151196 1.7316346 4.3699691 1.2102318 2.0718944 1.9212100 1.1042298 1.0888295 1.0313325 1.1061518 0.0000000 1.9980138 1.8789442 1.1558565 1.0136371 3.6256048 1.5087907 1.5921760 1.0584866 9.0000000 1.1175274 1.8844123 
n292_293   0.4263446 1.5117184 2.3669040 1.4159860 2.1464237 0.1637957 2.6324751 2.1109683 0.4333223 0.0633265 1.9337231 1.9042798 2.2577309 2.1757379 1.9980138 0.0000000 0.1016014 2.3740599 2.1940781 2.5487699 2.1565931 1.8822822 1.8247857 3.2577723 2.1190840 0.0450947 
n280_281   0.3946937 1.3596789 2.4167571 1.3190543 2.1276557 0.1592794 2.9610321 2.3127262 0.4199799 0.1015969 1.9023804 2.0670452 2.1942765 2.3395405 1.8789442 0.1016014 0.0000000 2.4569300 2.0816847 2.4337887 2.0202137 1.8870280 2.0175381 3.5336603 2.2719162 0.0822301 
n295_296   1.7084639 2.0102192 0.0414043 2.0141641 0.1585712 2.0704002 2.5856519 0.3085003 1.7532121 2.1860204 0.6505031 0.3357098 0.1586915 0.3078428 1.1558565 2.3740599 2.4569300 0.0000000 0.1501206 9.0000000 2.0646635 2.2002928 0.3185361 3.2059560 0.3127585 2.2297736 
n287_288   1.7856419 1.7082488 0.1631484 1.7458682 0.0342722 1.9926310 2.5646425 0.2764956 1.8345905 2.2096456 0.6237779 0.2614931 0.0342976 0.2512127 1.0136371 2.1940781 2.0816847 0.1501206 0.0000000 4.2863016 1.9061413 2.2107542 0.2510846 3.1647511 0.2557961 2.1486717 
n244_245   2.0410628 4.1607108 9.0000000 4.2682175 3.4045010 2.7956035 4.3838924 8.9999988 2.0867407 2.5910085 2.5866421 3.5310467 4.2815026 3.9536302 3.6256048 2.5487699 2.4337887 9.0000000 4.2863016 0.0000000 9.0000000 8.6643768 4.0893619 3.5676448 3.7383307 2.4538739 
n265_266   1.8156487 0.9560200 1.9365009 1.0527597 1.7777068 2.1049156 3.3242817 1.9974490 1.7188179 1.9428766 1.8925029 1.9096339 1.8801660 2.0706903 1.5087907 2.1565931 2.0202137 2.0646635 1.9061413 9.0000000 0.0000000 0.1806769 1.9173648 2.9347707 1.9821786 1.9404954 
n266_267   1.7148502 1.0278305 2.0136431 1.1341197 2.0302341 1.9654665 9.0000000 2.5186682 1.5950547 1.8148180 2.1761117 2.3665997 2.1760823 2.5613700 1.5921760 1.8822822 1.8870280 2.2002928 2.2107542 8.6643768 0.1806769 0.0000000 2.3183495 2.9659647 2.4065869 1.8883278 
n294_295   1.7064628 2.4646685 0.3128907 2.3421356 0.2461627 1.6558196 2.5402744 0.1250130 1.7476381 1.7331186 0.6320992 0.0485855 0.2413331 0.1333186 1.0584866 1.8247857 2.0175381 0.3185361 0.2510846 4.0893619 1.9173648 2.3183495 0.0000000 2.9351946 0.1249153 1.7625494 
n251_252   2.5298961 3.0704976 3.2500031 2.6465425 3.0099638 3.3681651 0.2687418 4.2752171 2.4939256 3.1192722 3.6047081 3.4378435 3.2072852 4.6577531 9.0000000 3.2577723 3.5336603 3.2059560 3.1647511 3.5676448 2.9347707 2.9659647 2.9351946 0.0000000 3.7891518 3.3736990 
n298_299   2.1471812 2.3219069 0.3071685 2.3899302 0.2460805 1.8264453 3.1454345 0.1249275 2.0647735 1.9173716 0.6600824 0.1169682 0.2461251 0.0203354 1.1175274 2.1190840 2.2719162 0.3127585 0.2557961 3.7383307 1.9821786 2.4065869 0.1249153 3.7891518 0.0000000 2.0386691 
n300_301   0.4075051 1.5655591 2.3154221 1.4643971 2.0540993 0.1508269 2.7029410 1.9879157 0.4270274 0.0169521 1.9073410 1.8372002 2.2096436 2.0462757 1.8844123 0.0450947 0.0822301 2.2297736 2.1486717 2.4538739 1.9404954 1.8883278 1.7625494 3.3736990 2.0386691 0.0000000 
