24
n298_299   0.0000000 0.3054562 0.1762945 0.3052604 0.0664344 0.2763799 0.3152712 0.0169383 0.0203668 0.0737690 0.3055270 0.0448270 0.4544108 0.3052682 0.0663965 0.0887464 0.4239862 0.3001869 0.3051477 0.2813096 0.0412755 0.3001580 0.3981344 0.2953510 
n280_281   0.3054562 0.0000000 0.3096277 0.2653899 0.3103375 0.2468850 0.0236199 0.3212212 0.3262069 0.3204335 0.0410232 0.2953745 0.4006511 0.0134129 0.3100922 0.3005645 0.3942087 0.2653899 0.0134038 0.2517545 0.2903777 0.0167936 0.3586195 0.0340118 
n200_201   0.1762945 0.3096277 0.0000000 0.3048227 0.1762015 0.2854188 0.3246656 0.1723453 0.1764993 0.1846596 0.3199147 0.1513243 0.4911667 0.3094369 0.1676771 0.1596632 0.4592531 0.3048227 0.3093151 0.2806693 0.1472208 0.3144285 0.3976988 0.3095600 
n286_287   0.3052604 0.2653899 0.3048227 0.0000000 0.3205362 0.1552847 0.2795882 0.3056205 0.3105086 0.3307729 0.2701987 0.3002896 0.4648150 0.2700575 0.3202792 0.2905625 0.4400376 0.0066874 0.2649714 0.1553638 0.2952589 0.2697772 0.3796426 0.2652388 
n287_288   0.0664344 0.3103375 0.1762015 0.3205362 0.0000000 0.2859850 0.3254212 0.0556179 0.0665048 0.0203047 0.3257493 0.0272303 0.4535626 0.3102525 0.0134705 0.1000820 0.4232210 0.3153525 0.3151623 0.2909788 0.0237682 0.3101070 0.3925343 0.3152898 
n266_267   0.2763799 0.2468850 0.2854188 0.1552847 0.2859850 0.0000000 0.2513619 0.2766972 0.2814254 0.2957789 0.2469414 0.2666193 0.4295211 0.2468136 0.2857664 0.2763666 0.4119122 0.1552847 0.2465943 0.0203184 0.2618076 0.2512832 0.3696108 0.2421438 
n292_293   0.3152712 0.0236199 0.3246656 0.2795882 0.3254212 0.2513619 0.0000000 0.3312458 0.3362875 0.3357122 0.0516002 0.3050647 0.4175861 0.0236149 0.3251587 0.3154690 0.4109666 0.2795882 0.0235986 0.2562615 0.3000065 0.0270331 0.3803218 0.0444898 
n293_294   0.0169383 0.3212212 0.1723453 0.3056205 0.0556179 0.2766972 0.3312458 0.0000000 0.0101215 0.0701832 0.3264286 0.0413377 0.4677071 0.3210181 0.0628379 0.0851064 0.4366815 0.3005391 0.3208906 0.2816343 0.0377984 0.3157885 0.3932450 0.3159402 
n275_276   0.0203668 0.3262069 0.1764993 0.3105086 0.0665048 0.2814254 0.3362875 0.0101215 0.0000000 0.0738476 0.3314462 0.0448745 0.4736494 0.3259992 0.0664676 0.0888422 0.4423996 0.3053958 0.3258695 0.2863919 0.0413190 0.3207370 0.3987071 0.3208915 
n289_290   0.0737690 0.3204335 0.1846596 0.3307729 0.0203047 0.2957789 0.3357122 0.0701832 0.0738476 0.0000000 0.3360538 0.0341894 0.4475155 0.3254452 0.0202942 0.1077479 0.4174159 0.3255164 0.3253160 0.3008392 0.0306947 0.3201940 0.3927103 0.3254480 
n278_279   0.3055270 0.0410232 0.3199147 0.2701987 0.3257493 0.2469414 0.0516002 0.3264286 0.3314462 0.3360538 0.0000000 0.3053666 0.4118521 0.0410145 0.3254862 0.3106320 0.3940669 0.2701987 0.0409855 0.2518122 0.3003020 0.0445075 0.3806594 0.0066832 
n295_296   0.0448270 0.2953745 0.1513243 0.3002896 0.0272303 0.2666193 0.3050647 0.0413377 0.0448745 0.0341894 0.3053666 0.0000000 0.4480776 0.2951956 0.0272160 0.0738135 0.4179250 0.2952500 0.2950795 0.2714807 0.0033508 0.2901569 0.3702550 0.2951979 
n251_252   0.4544108 0.4006511 0.4911667 0.4648150 0.4535626 0.4295211 0.4175861 0.4677071 0.4736494 0.4475155 0.4118521 0.4480776 0.0000000 0.4119825 0.4471302 0.4549125 0.0373702 0.4587306 0.4115416 0.4298128 0.4419474 0.4115275 0.3261155 0.4060213 
n274_275   0.3052682 0.0134129 0.3094369 0.2700575 0.3102525 0.2468136 0.0236149 0.3210181 0.3259992 0.3254452 0.0410145 0.2951956 0.4119825 0.0000000 0.3150364 0.3003808 0.4054221 0.2700575 0.0134010 0.2516821 0.2902032 0.0167901 0.3694018 0.0340046 
n290_291   0.0663965 0.3100922 0.1676771 0.3202792 0.0134705 0.2857664 0.3251587 0.0628379 0.0664676 0.0202942 0.3254862 0.0272160 0.4471302 0.3150364 0.0000000 0.1000234 0.4170705 0.3151015 0.3149118 0.2907547 0.0237558 0.3098622 0.3866007 0.3150390 
n236_237   0.0887464 0.3005645 0.1596632 0.2905625 0.1000820 0.2763666 0.3154690 0.0851064 0.0888422 0.1077479 0.3106320 0.0738135 0.4549125 0.3003808 0.1000234 0.0000000 0.4301759 0.2905625 0.2952006 0.2911489 0.0737957 0.3002280 0.3873875 0.3003832 
n255_256   0.4239862 0.3942087 0.4592531 0.4400376 0.4232210 0.4119122 0.4109666 0.4366815 0.4423996 0.4174159 0.3940669 0.4179250 0.0373702 0.4054221 0.4170705 0.4301759 0.0000000 0.4341495 0.4049916 0.4121864 0.4120442 0.4049778 0.3105764 0.3996193 
n285_286   0.3001869 0.2653899 0.3048227 0.0066874 0.3153525 0.1552847 0.2795882 0.3005391 0.3053958 0.3255164 0.2701987 0.2952500 0.4587306 0.2700575 0.3151015 0.2905625 0.4341495 0.0000000 0.2649714 0.1553638 0.2902551 0.2649628 0.3853207 0.2652388 
n300_301   0.3051477 0.0134038 0.3093151 0.2649714 0.3151623 0.2465943 0.0235986 0.3208906 0.3258695 0.3253160 0.0409855 0.2950795 0.4115416 0.0134010 0.3149118 0.2952006 0.4049916 0.2649714 0.0000000 0.2514556 0.2900893 0.0033240 0.3690220 0.0339807 
n265_266   0.2813096 0.2517545 0.2806693 0.1553638 0.2909788 0.0203184 0.2562615 0.2816343 0.2863919 0.3008392 0.2518122 0.2714807 0.4298128 0.2516821 0.2907547 0.2911489 0.4121864 0.1553638 0.2514556 0.0000000 0.2666361 0.2561806 0.3695525 0.2469772 
n296_297   0.0412755 0.2903777 0.1472208 0.2952589 0.0237682 0.2618076 0.3000065 0.0377984 0.0413190 0.0306947 0.3003020 0.0033508 0.4419474 0.2902032 0.0237558 0.0737957 0.4120442 0.2902551 0.2900893 0.2666361 0.0000000 0.2851997 0.3646999 0.2902054 
n299_300   0.3001580 0.0167936 0.3144285 0.2697772 0.3101070 0.2512832 0.0270331 0.3157885 0.3207370 0.3201940 0.0445075 0.2901569 0.4115275 0.0167901 0.3098622 0.3002280 0.4049778 0.2649628 0.0033240 0.2561806 0.2851997 0.0000000 0.3746089 0.0374677 
n244_245   0.3981344 0.3586195 0.3976988 0.3796426 0.3925343 0.3696108 0.3803218 0.3932450 0.3987071 0.3927103 0.3806594 0.3702550 0.3261155 0.3694018 0.3866007 0.3873875 0.3105764 0.3853207 0.3690220 0.3695525 0.3646999 0.3746089 0.0000000 0.3693422 
n277_278   0.2953510 0.0340118 0.3095600 0.2652388 0.3152898 0.2421438 0.0444898 0.3159402 0.3208915 0.3254480 0.0066832 0.2951979 0.4060213 0.0340046 0.3150390 0.3003832 0.3996193 0.2652388 0.0339807 0.2469772 0.2902054 0.0374677 0.3693422 0.0000000 
