23
n298_299   0.0000000 0.3199128 0.1390300 0.3141641 0.0483122 0.2800167 0.3149606 0.0168167 0.0236194 0.0591565 0.2939533 0.0447650 0.4484086 0.3254500 0.0483285 0.0845644 0.4442553 0.3193180 0.0168119 0.2852904 0.0447387 0.3803962 0.2891997 
n280_281   0.3199128 0.0000000 0.2663559 0.2939705 0.2951991 0.2656327 0.0033461 0.3352204 0.3290913 0.3207704 0.0811315 0.3101556 0.4370759 0.0169122 0.3052201 0.2940191 0.4635316 0.2989809 0.3350861 0.2707922 0.2999604 0.4307362 0.0700687 
n200_201   0.1390300 0.2663559 0.0000000 0.2519971 0.1434254 0.2338105 0.2617159 0.1510996 0.1466894 0.1600919 0.2421699 0.1435201 0.4094953 0.2619609 0.1476055 0.1074333 0.4225476 0.2567397 0.1510501 0.2387299 0.1434314 0.3547316 0.2377011 
n286_287   0.3141641 0.2939705 0.2519971 0.0000000 0.2948324 0.1031881 0.2891855 0.3293290 0.3232736 0.3102557 0.2600455 0.2895156 0.4146289 0.2894551 0.2949420 0.2743415 0.4454822 0.0100353 0.3291974 0.1032653 0.2897635 0.4496073 0.2554864 
n287_288   0.0483122 0.2951991 0.1434254 0.2948324 0.0000000 0.2614431 0.2903919 0.0590495 0.0662217 0.0168993 0.2700943 0.0168795 0.4316285 0.3005413 0.0067081 0.0959881 0.4328203 0.2998591 0.0590321 0.2665765 0.0168696 0.3809095 0.2654713 
n266_267   0.2800167 0.2656327 0.2338105 0.1031881 0.2614431 0.0000000 0.2610022 0.2945386 0.2888325 0.2761801 0.2280875 0.2563793 0.4129576 0.2612461 0.2615391 0.2508983 0.4322136 0.1070291 0.2944255 0.0066848 0.2565935 0.4031583 0.2236957 
n292_293   0.3149606 0.0033461 0.2617159 0.2891855 0.2903919 0.2610022 0.0000000 0.3301755 0.3240974 0.3158030 0.0774434 0.3052576 0.4313362 0.0135038 0.3003516 0.2892347 0.4575819 0.2941649 0.3300425 0.2661267 0.2951260 0.4250569 0.0664303 
n293_294   0.0168167 0.3352204 0.1510996 0.3293290 0.0590495 0.2945386 0.3301755 0.0000000 0.0270624 0.0700586 0.3087104 0.0554552 0.4551008 0.3356752 0.0590695 0.0957846 0.4563748 0.3345907 0.0066874 0.2999305 0.0554225 0.3862220 0.3038725 
n275_276   0.0236194 0.3290913 0.1466894 0.3232736 0.0662217 0.2888325 0.3240974 0.0270624 0.0000000 0.0773311 0.3028741 0.0625992 0.4526765 0.3295345 0.0662442 0.0993362 0.4597229 0.3284775 0.0270547 0.2941637 0.0625621 0.3898151 0.2980823 
n289_290   0.0591565 0.3207704 0.1600919 0.3102557 0.0168993 0.2761801 0.3158030 0.0700586 0.0773311 0.0000000 0.2947287 0.0272266 0.4440422 0.3263258 0.0100855 0.1075903 0.4452787 0.3153963 0.0700377 0.2814377 0.0272107 0.3983838 0.2899608 
n278_279   0.2939533 0.0811315 0.2421699 0.2600455 0.2700943 0.2280875 0.0774434 0.3087104 0.3028741 0.2947287 0.0000000 0.2845190 0.4198353 0.0775162 0.2797566 0.2734592 0.4390039 0.2648228 0.3085906 0.2329446 0.2746960 0.4542635 0.0168825 
n295_296   0.0447650 0.3101556 0.1435201 0.2895156 0.0168795 0.2563793 0.3052576 0.0554552 0.0625992 0.0272266 0.2845190 0.0000000 0.4376533 0.3156192 0.0168851 0.0922240 0.4388668 0.2945006 0.0554389 0.2614674 0.0067044 0.3865288 0.2798139 
n251_252   0.4484086 0.4370759 0.4094953 0.4146289 0.4316285 0.4129576 0.4313362 0.4551008 0.4526765 0.4440422 0.4198353 0.4376533 0.0000000 0.4255717 0.4256290 0.4010268 0.0554302 0.4205854 0.4428201 0.4194147 0.4255156 0.3716797 0.4200391 
n274_275   0.3254500 0.0169122 0.2619609 0.2894551 0.3005413 0.2612461 0.0135038 0.3356752 0.3295345 0.3263258 0.0775162 0.3156192 0.4255717 0.0000000 0.3106440 0.2993343 0.4452315 0.2944389 0.3355400 0.2663757 0.3053393 0.4438290 0.0664919 
n290_291   0.0483285 0.3052201 0.1476055 0.2949420 0.0067081 0.2615391 0.3003516 0.0590695 0.0662442 0.0100855 0.2797566 0.0168851 0.4256290 0.3106440 0.0000000 0.0960211 0.4267996 0.2999708 0.0590521 0.2666747 0.0168753 0.3810570 0.2750781 
n236_237   0.0845644 0.2940191 0.1074333 0.2743415 0.0959881 0.2508983 0.2892347 0.0957846 0.0993362 0.1075903 0.2734592 0.0922240 0.4010268 0.2993343 0.0960211 0.0000000 0.4076794 0.2792127 0.0957550 0.2559275 0.0921687 0.3521828 0.2688378 
n255_256   0.4442553 0.4635316 0.4225476 0.4454822 0.4328203 0.4322136 0.4575819 0.4563748 0.4597229 0.4452787 0.4390039 0.4388668 0.0554302 0.4452315 0.4267996 0.4076794 0.0000000 0.4394686 0.4440494 0.4388788 0.4266860 0.3727858 0.4332882 
n285_286   0.3193180 0.2989809 0.2567397 0.0100353 0.2998591 0.1070291 0.2941649 0.3345907 0.3284775 0.3153963 0.2648228 0.2945006 0.4205854 0.2944389 0.2999708 0.2792127 0.4394686 0.0000000 0.3344563 0.1071094 0.2947539 0.4558443 0.2602360 
n294_295   0.0168119 0.3350861 0.1510501 0.3291974 0.0590321 0.2944255 0.3300425 0.0066874 0.0270547 0.0700377 0.3085906 0.0554389 0.4428201 0.3355400 0.0590521 0.0957550 0.4440494 0.3344563 0.0000000 0.2998142 0.0554062 0.3860577 0.3037543 
n265_266   0.2852904 0.2707922 0.2387299 0.1032653 0.2665765 0.0066848 0.2661267 0.2999305 0.2941637 0.2814377 0.2329446 0.2614674 0.4194147 0.2663757 0.2666747 0.2559275 0.4388788 0.1071094 0.2998142 0.0000000 0.2616869 0.4095367 0.2285214 
n296_297   0.0447387 0.2999604 0.1434314 0.2897635 0.0168696 0.2565935 0.2951260 0.0554225 0.0625621 0.0272107 0.2746960 0.0067044 0.4255156 0.3053393 0.0168753 0.0921687 0.4266860 0.2947539 0.0554062 0.2616869 0.0000000 0.3751927 0.2700488 
n244_245   0.3803962 0.4307362 0.3547316 0.4496073 0.3809095 0.4031583 0.4250569 0.3862220 0.3898151 0.3983838 0.4542635 0.3865288 0.3716797 0.4438290 0.3810570 0.3521828 0.3727858 0.4558443 0.3860577 0.4095367 0.3751927 0.0000000 0.4484797 
n277_278   0.2891997 0.0700687 0.2377011 0.2554864 0.2654713 0.2236957 0.0664303 0.3038725 0.2980823 0.2899608 0.0168825 0.2798139 0.4200391 0.0664919 0.2750781 0.2688378 0.4332882 0.2602360 0.3037543 0.2285214 0.2700488 0.4484797 0.0000000 
