24
n298_299   0.0000000 0.3523119 0.1733235 0.2942555 0.0376843 0.3260989 0.3467973 0.0202731 0.0341029 0.0306566 0.0067005 0.3364133 0.0376729 0.3433864 0.3633472 0.1197658 0.3485331 0.3045388 0.3466540 0.3104052 0.0341464 0.3413797 0.3834892 0.3423399 
n280_281   0.3523119 0.0000000 0.3457223 0.3150071 0.3312895 0.3417737 0.0271866 0.3418834 0.3528248 0.3367196 0.3472931 0.0775342 0.3477354 0.3960387 0.0342001 0.3429099 0.4020840 0.3098610 0.0271779 0.3255166 0.3420990 0.0237304 0.3945152 0.0813746 
n200_201   0.1733235 0.3457223 0.0000000 0.2791733 0.1525504 0.3203874 0.3508201 0.1566320 0.1734177 0.1525532 0.1649020 0.3353616 0.1609878 0.3527359 0.3514647 0.1817981 0.3582172 0.2892348 0.3506752 0.3097764 0.1567138 0.3453918 0.3949108 0.3412611 
n286_287   0.2942555 0.3150071 0.2791733 0.0000000 0.2696339 0.1437375 0.3043057 0.2793700 0.2896264 0.2647269 0.2843360 0.2889977 0.2846724 0.3412401 0.3254797 0.2945107 0.3465953 0.0066883 0.2993303 0.1314977 0.2795353 0.2992016 0.3507669 0.2944761 
n287_288   0.0376843 0.3312895 0.1525504 0.2696339 0.0000000 0.3057877 0.3363188 0.0237693 0.0377017 0.0067109 0.0306910 0.3158032 0.0203436 0.3380515 0.3369328 0.0966556 0.3273080 0.2795736 0.3361809 0.2904955 0.0169034 0.3309738 0.3671102 0.3215461 
n266_267   0.3260989 0.3417737 0.3203874 0.1437375 0.3057877 0.0000000 0.3359613 0.3105389 0.3262996 0.3006102 0.3157291 0.3144848 0.3161172 0.3746328 0.3522956 0.3263617 0.3802339 0.1436579 0.3307715 0.0341043 0.3107288 0.3306270 0.4072008 0.3201929 
n292_293   0.3467973 0.0271866 0.3508201 0.3043057 0.3363188 0.3359613 0.0000000 0.3469776 0.3579895 0.3417841 0.3418112 0.0700504 0.3528720 0.3894230 0.0271987 0.3587379 0.3899964 0.2992383 0.0066965 0.3198510 0.3471974 0.0033408 0.4058272 0.0738383 
n293_294   0.0202731 0.3418834 0.1566320 0.2793700 0.0237693 0.3105389 0.3469776 0.0000000 0.0134629 0.0168824 0.0134546 0.3261848 0.0237622 0.3435802 0.3476159 0.1042317 0.3324684 0.2894441 0.3468341 0.2951645 0.0203079 0.3415559 0.3668024 0.3320218 
n275_276   0.0341029 0.3528248 0.1734177 0.2896264 0.0377017 0.3262996 0.3579895 0.0134629 0.0000000 0.0306706 0.0271578 0.3368963 0.0376904 0.3489882 0.3586535 0.1198269 0.3377919 0.2998550 0.3578401 0.3105927 0.0341622 0.3524848 0.3727211 0.3428347 
n289_290   0.0306566 0.3367196 0.1525532 0.2647269 0.0067109 0.3006102 0.3417841 0.0168824 0.0306706 0.0000000 0.0237354 0.3211187 0.0134862 0.3326245 0.3424107 0.0927552 0.3216900 0.2745961 0.3416432 0.2854277 0.0100853 0.3363977 0.3615031 0.3269119 
n297_298   0.0067005 0.3472931 0.1649020 0.2843360 0.0306910 0.3157291 0.3418112 0.0134546 0.0271578 0.0237354 0.0000000 0.3314848 0.0306818 0.3435287 0.3582621 0.1119405 0.3378259 0.2944797 0.3416704 0.3002486 0.0271923 0.3364254 0.3723657 0.3373705 
n278_279   0.3364133 0.0775342 0.3353616 0.2889977 0.3158032 0.3144848 0.0700504 0.3261848 0.3368963 0.3211187 0.3314848 0.0000000 0.3318996 0.3791529 0.0775703 0.3481693 0.3797095 0.2840368 0.0700273 0.2889964 0.3263874 0.0663782 0.4066977 0.0100755 
n295_296   0.0376729 0.3477354 0.1609878 0.2846724 0.0203436 0.3161172 0.3528720 0.0237622 0.0376904 0.0134862 0.0306818 0.3318996 0.0000000 0.3494698 0.3535247 0.1004726 0.3382528 0.2948324 0.3527253 0.3006112 0.0033465 0.3474010 0.3675888 0.3377961 
n251_252   0.3433864 0.3960387 0.3527359 0.3412401 0.3380515 0.3746328 0.3894230 0.3435802 0.3489882 0.3326245 0.3435287 0.3791529 0.3494698 0.0000000 0.3959220 0.3589013 0.0306757 0.3410281 0.3892572 0.3691552 0.3437981 0.3837052 0.3029262 0.3677125 
n274_275   0.3633472 0.0342001 0.3514647 0.3254797 0.3369328 0.3522956 0.0271987 0.3476159 0.3586535 0.3424107 0.3582621 0.0775703 0.3535247 0.3959220 0.0000000 0.3540778 0.3965075 0.3202599 0.0271900 0.3358116 0.3478365 0.0237409 0.4240355 0.0814126 
n236_237   0.1197658 0.3429099 0.1817981 0.2945107 0.0966556 0.3263617 0.3587379 0.1042317 0.1198269 0.0927552 0.1119405 0.3481693 0.1004726 0.3589013 0.3540778 0.0000000 0.3529315 0.3048049 0.3585879 0.3052288 0.0965767 0.3532195 0.3900225 0.3542205 
n255_256   0.3485331 0.4020840 0.3582172 0.3465953 0.3273080 0.3802339 0.3899964 0.3324684 0.3377919 0.3216900 0.3378259 0.3797095 0.3382528 0.0306757 0.3965075 0.3529315 0.0000000 0.3463793 0.3898301 0.3747182 0.3326767 0.3842686 0.3128656 0.3742960 
n285_286   0.3045388 0.3098610 0.2892348 0.0066883 0.2795736 0.1436579 0.2992383 0.2894441 0.2998550 0.2745961 0.2944797 0.2840368 0.2948324 0.3410281 0.3202599 0.3048049 0.3463793 0.0000000 0.2942954 0.1314253 0.2896172 0.2941692 0.3447973 0.2894720 
n300_301   0.3466540 0.0271779 0.3506752 0.2993303 0.3361809 0.3307715 0.0066965 0.3468341 0.3578401 0.3416432 0.3416704 0.0700273 0.3527253 0.3892572 0.0271900 0.3585879 0.3898301 0.2942954 0.0000000 0.3147721 0.3470537 0.0033408 0.4111669 0.0738137 
n265_266   0.3104052 0.3255166 0.3097764 0.1314977 0.2904955 0.0341043 0.3198510 0.2951645 0.3105927 0.2854277 0.3002486 0.2889964 0.3006112 0.3691552 0.3358116 0.3052288 0.3747182 0.1314253 0.3147721 0.0000000 0.2953424 0.3146357 0.3723996 0.2944760 
n296_297   0.0341464 0.3420990 0.1567138 0.2795353 0.0169034 0.3107288 0.3471974 0.0203079 0.0341622 0.0100853 0.0271923 0.3263874 0.0033465 0.3437981 0.3478365 0.0965767 0.3326767 0.2896172 0.3470537 0.2953424 0.0000000 0.3417711 0.3618159 0.3322295 
n299_300   0.3413797 0.0237304 0.3453918 0.2992016 0.3309738 0.3306270 0.0033408 0.3415559 0.3524848 0.3363977 0.3364254 0.0663782 0.3474010 0.3837052 0.0237409 0.3532195 0.3842686 0.2941692 0.0033408 0.3146357 0.3417711 0.0000000 0.4054700 0.0701417 
n244_245   0.3834892 0.3945152 0.3949108 0.3507669 0.3671102 0.4072008 0.4058272 0.3668024 0.3727211 0.3615031 0.3723657 0.4066977 0.3675888 0.3029262 0.4240355 0.3900225 0.3128656 0.3447973 0.4111669 0.3723996 0.3618159 0.4054700 0.0000000 0.4132817 
n277_278   0.3423399 0.0813746 0.3412611 0.2944761 0.3215461 0.3201929 0.0738383 0.3320218 0.3428347 0.3269119 0.3373705 0.0100755 0.3377961 0.3677125 0.0814126 0.3542205 0.3742960 0.2894720 0.0738137 0.2944760 0.3322295 0.0701417 0.4132817 0.0000000 
