24
n298_299   0.0000000 0.2995888 0.1545936 0.3095810 0.0306920 0.2991667 0.3107523 0.0033367 0.0066965 0.0272073 0.0066931 0.3057663 0.0413149 0.4167451 0.3049609 0.0781707 0.4218546 0.2987452 0.0066906 0.2773171 0.0377511 0.3161741 0.3972077 0.3219262 
n280_281   0.2995888 0.0000000 0.2834858 0.3035975 0.2883995 0.3215759 0.0135138 0.2942985 0.3049389 0.2832256 0.3047015 0.0710001 0.2949010 0.4004886 0.0135084 0.2986997 0.4009300 0.2928960 0.2995234 0.2997582 0.2993000 0.0169387 0.4133162 0.0823067 
n200_201   0.1545936 0.2834858 0.0000000 0.3150550 0.1627925 0.3049687 0.2889119 0.1588373 0.1632823 0.1585124 0.1546406 0.3268512 0.1764737 0.4028181 0.2887217 0.1716213 0.4078353 0.3041378 0.1631079 0.2834376 0.1716295 0.2941573 0.3901956 0.3434619 
n286_287   0.3095810 0.3035975 0.3150550 0.0000000 0.3145450 0.1816932 0.3147756 0.3149507 0.3148074 0.3091815 0.3091556 0.2833599 0.3373865 0.4087156 0.3089748 0.3259936 0.4272821 0.0134748 0.3151232 0.1596507 0.3257674 0.3202002 0.4535200 0.2989226 
n287_288   0.0306920 0.2883995 0.1627925 0.3145450 0.0000000 0.2935492 0.2993455 0.0341892 0.0377408 0.0033380 0.0377226 0.2944337 0.0342554 0.4099457 0.2833066 0.0780264 0.4150141 0.3036433 0.0377077 0.2719107 0.0272200 0.3046708 0.3962115 0.3103009 
n266_267   0.2991667 0.3215759 0.3049687 0.1816932 0.2935492 0.0000000 0.3326537 0.3044627 0.3101758 0.2883327 0.2988269 0.3163268 0.3101098 0.3797555 0.3381894 0.3322211 0.3855944 0.1772711 0.3046291 0.0273344 0.3038489 0.3382382 0.4437826 0.3327052 
n292_293   0.3107523 0.0135138 0.2889119 0.3147756 0.2993455 0.3326537 0.0000000 0.3053705 0.3161996 0.2940843 0.3159511 0.0786239 0.3060004 0.4262962 0.0203881 0.3098171 0.4267895 0.3038839 0.3106840 0.3104777 0.3104511 0.0033483 0.4267830 0.0900719 
n293_294   0.0033367 0.2942985 0.1588373 0.3149507 0.0341892 0.3044627 0.3053705 0.0000000 0.0100692 0.0306860 0.0100645 0.3004143 0.0448737 0.4230533 0.2996292 0.0819463 0.4281968 0.3040297 0.0033361 0.2824316 0.0412892 0.3107523 0.4033320 0.3164527 
n275_276   0.0066965 0.3049389 0.1632823 0.3148074 0.0377408 0.3101758 0.3161996 0.0100692 0.0000000 0.0342154 0.0134655 0.3111814 0.0484986 0.4173542 0.3103549 0.0858296 0.4224743 0.3038917 0.0134604 0.2879261 0.0448904 0.3216641 0.4031449 0.3274712 
n289_290   0.0272073 0.2832256 0.1585124 0.3091815 0.0033380 0.2883327 0.2940843 0.0306860 0.0342154 0.0000000 0.0341990 0.2892012 0.0307453 0.4037919 0.2781673 0.0742660 0.4088299 0.2983620 0.0341855 0.2668660 0.0237527 0.2993713 0.3901869 0.3049524 
n297_298   0.0066931 0.3047015 0.1546406 0.3091556 0.0377226 0.2988269 0.3159511 0.0100645 0.0134655 0.0341990 0.0000000 0.3109374 0.0484748 0.4161364 0.3101123 0.0857855 0.4212380 0.2983370 0.0134533 0.2770066 0.0448685 0.3214104 0.3967315 0.3272114 
n278_279   0.3057663 0.0710001 0.3268512 0.2833599 0.2944337 0.3163268 0.0786239 0.3004143 0.3111814 0.2892012 0.3109374 0.0000000 0.3059707 0.4259724 0.0785878 0.3273851 0.4264649 0.2729424 0.3056991 0.2892483 0.3054700 0.0824405 0.4392583 0.0238554 
n295_296   0.0413149 0.2949010 0.1764737 0.3373865 0.0342554 0.3101098 0.3060004 0.0448737 0.0484986 0.0307453 0.0484748 0.3059707 0.0000000 0.4368578 0.3002447 0.0859744 0.4420824 0.3260967 0.0484550 0.2878060 0.0203572 0.3113951 0.4155373 0.3221437 
n251_252   0.4167451 0.4004886 0.4028181 0.4087156 0.4099457 0.3797555 0.4262962 0.4230533 0.4173542 0.4037919 0.4161364 0.4259724 0.4368578 0.0000000 0.4192556 0.4276563 0.0343790 0.4026198 0.4232973 0.3792418 0.4164107 0.4327045 0.3006352 0.4123244 
n274_275   0.3049609 0.0135084 0.2887217 0.3089748 0.2833066 0.3381894 0.0203881 0.2996292 0.3103549 0.2781673 0.3101123 0.0785878 0.3002447 0.4192556 0.0000000 0.3040502 0.4197339 0.2981873 0.3048941 0.3158412 0.3046663 0.0238520 0.4197291 0.0900297 
n236_237   0.0781707 0.2986997 0.1716213 0.3259936 0.0780264 0.3322211 0.3098171 0.0819463 0.0858296 0.0742660 0.0857855 0.3273851 0.0859744 0.4276563 0.3040502 0.0000000 0.4398203 0.3148964 0.0857478 0.3037166 0.0782484 0.3101758 0.4156978 0.3440415 
n255_256   0.4218546 0.4009300 0.4078353 0.4272821 0.4150141 0.3855944 0.4267895 0.4281968 0.4224743 0.4088299 0.4212380 0.4264649 0.4420824 0.0343790 0.4197339 0.4398203 0.0000000 0.4210354 0.4284439 0.3841441 0.4215158 0.4332109 0.3057995 0.4194188 
n285_286   0.2987452 0.2928960 0.3041378 0.0134748 0.3036433 0.1772711 0.3038839 0.3040297 0.3038917 0.2983620 0.2983370 0.2729424 0.3260967 0.4026198 0.2981873 0.3148964 0.4210354 0.0000000 0.3041955 0.1553728 0.3146763 0.3092252 0.4470529 0.2882689 
n294_295   0.0066906 0.2995234 0.1631079 0.3151232 0.0377077 0.3046291 0.3106840 0.0033361 0.0134604 0.0341855 0.0134533 0.3056991 0.0484550 0.4232973 0.3048941 0.0857478 0.4284439 0.3041955 0.0000000 0.2825840 0.0448503 0.3161043 0.4094182 0.3218548 
n265_266   0.2773171 0.2997582 0.2834376 0.1596507 0.2719107 0.0273344 0.3104777 0.2824316 0.2879261 0.2668660 0.2770066 0.2892483 0.2878060 0.3792418 0.3158412 0.3037166 0.3841441 0.1553728 0.2825840 0.0000000 0.2818745 0.3158876 0.4100752 0.3049810 
n296_297   0.0377511 0.2993000 0.1716295 0.3257674 0.0272200 0.3038489 0.3104511 0.0412892 0.0448904 0.0237527 0.0448685 0.3054700 0.0203572 0.4164107 0.3046663 0.0782484 0.4215158 0.3146763 0.0448503 0.2818745 0.0000000 0.3158671 0.3968086 0.3216124 
n299_300   0.3161741 0.0169387 0.2941573 0.3202002 0.3046708 0.3382382 0.0033483 0.3107523 0.3216641 0.2993713 0.3214104 0.0824405 0.3113951 0.4327045 0.0238520 0.3101758 0.4332109 0.3092252 0.3161043 0.3158876 0.3158671 0.0000000 0.4332027 0.0939546 
n244_245   0.3972077 0.4133162 0.3901956 0.4535200 0.3962115 0.4437826 0.4267830 0.4033320 0.4031449 0.3901869 0.3967315 0.4392583 0.4155373 0.3006352 0.4197291 0.4156978 0.3057995 0.4470529 0.4094182 0.4100752 0.3968086 0.4332027 0.0000000 0.4320377 
n277_278   0.3219262 0.0823067 0.3434619 0.2989226 0.3103009 0.3327052 0.0900719 0.3164527 0.3274712 0.3049524 0.3272114 0.0238554 0.3221437 0.4123244 0.0900297 0.3440415 0.4194188 0.2882689 0.3218548 0.3049810 0.3216124 0.0939546 0.4320377 0.0000000 
