25
n298_299   0.0000000 0.3884753 0.1835483 0.3396818 0.0341674 0.3522739 0.3768568 0.0168701 0.0066977 0.0376831 0.0033392 0.3647400 0.0376657 0.4091889 0.3946299 0.0483643 0.1123649 0.4044961 0.3344101 0.3830592 0.3409057 0.0447544 0.3828738 0.4575348 0.3477092 
n280_281   0.3884753 0.0000000 0.3155332 0.2915764 0.3703717 0.2728048 0.0135063 0.3824703 0.3770297 0.3761915 0.3884376 0.0818860 0.3759301 0.4180109 0.0273439 0.3880952 0.3709251 0.4125044 0.2866354 0.0169387 0.2626471 0.3877086 0.0169321 0.4715001 0.0706072 
n200_201   0.1835483 0.3155332 0.0000000 0.2723609 0.1493307 0.2636712 0.3100883 0.1968507 0.1835779 0.1535272 0.1835344 0.3149524 0.1534454 0.3583676 0.3156774 0.1663485 0.1451993 0.3532468 0.2675321 0.3156851 0.2439257 0.1619251 0.3155377 0.3833852 0.2990859 
n286_287   0.3396818 0.2915764 0.2723609 0.0000000 0.3127408 0.1607868 0.2915819 0.3452784 0.3397300 0.3180650 0.3396509 0.3012054 0.3178600 0.4263278 0.2920351 0.3344268 0.3290983 0.4152356 0.0033291 0.2969809 0.1439849 0.3286338 0.2968445 0.4353453 0.2857671 
n287_288   0.0341674 0.3703717 0.1493307 0.3127408 0.0000000 0.3249705 0.3590496 0.0447694 0.0341731 0.0033366 0.0376754 0.3472598 0.0033351 0.3794868 0.3763626 0.0134545 0.0815384 0.3804445 0.3076540 0.3650803 0.3140423 0.0100572 0.3649054 0.4379518 0.3306596 
n266_267   0.3522739 0.2728048 0.2636712 0.1607868 0.3249705 0.0000000 0.2625933 0.3639458 0.3472177 0.3304112 0.3578420 0.2772083 0.3301943 0.4289393 0.2831651 0.3357060 0.3202874 0.4177640 0.1566547 0.2677694 0.0168559 0.3412049 0.2676479 0.4573125 0.2622317 
n292_293   0.3768568 0.0135063 0.3100883 0.2915819 0.3590496 0.2625933 0.0000000 0.3709495 0.3655867 0.3647765 0.3768207 0.0743712 0.3645265 0.4059206 0.0238537 0.3645275 0.3595834 0.4004933 0.2866406 0.0033512 0.2525979 0.3761171 0.0033499 0.4584627 0.0632157 
n293_294   0.0168701 0.3824703 0.1968507 0.3452784 0.0447694 0.3639458 0.3709495 0.0000000 0.0168729 0.0483417 0.0202922 0.3589406 0.0483191 0.4210613 0.3885709 0.0592021 0.1203726 0.4163208 0.3399667 0.3770952 0.3523722 0.0555236 0.3769133 0.4505654 0.3420519 
n275_276   0.0066977 0.3770297 0.1835779 0.3397300 0.0341731 0.3472177 0.3655867 0.0168729 0.0000000 0.0376894 0.0100701 0.3536643 0.0376720 0.3974800 0.3830871 0.0483723 0.1123836 0.3928346 0.3344577 0.3716868 0.3359196 0.0447618 0.3715079 0.4449611 0.3368889 
n289_290   0.0376831 0.3761915 0.1535272 0.3180650 0.0033366 0.3304112 0.3647765 0.0483417 0.0376894 0.0000000 0.0412090 0.3528843 0.0066871 0.3853590 0.3822337 0.0168614 0.0853209 0.3863342 0.3129414 0.3708611 0.3193937 0.0134439 0.3706829 0.4443766 0.3361490 
n297_298   0.0033392 0.3884376 0.1835344 0.3396509 0.0376754 0.3578420 0.3768207 0.0202922 0.0100701 0.0412090 0.0000000 0.3643990 0.0411899 0.4091484 0.3945913 0.0519469 0.1162996 0.4044561 0.3343797 0.3830222 0.3408745 0.0483155 0.3828368 0.4574866 0.3473874 
n278_279   0.3647400 0.0818860 0.3149524 0.3012054 0.3472598 0.2772083 0.0743712 0.3589406 0.3536643 0.3528843 0.3643990 0.0000000 0.3526460 0.4296041 0.0857334 0.3643817 0.3477727 0.4240264 0.2962083 0.0781882 0.2770450 0.3640290 0.0781561 0.4986295 0.0100952 
n295_296   0.0376657 0.3759301 0.1534454 0.3178600 0.0033351 0.3301943 0.3645265 0.0483191 0.0376720 0.0066871 0.0411899 0.3526460 0.0000000 0.3737096 0.3819662 0.0168546 0.0852790 0.3860632 0.3127408 0.3706048 0.3191869 0.0066880 0.3704269 0.4440408 0.3359267 
n251_252   0.4091889 0.4180109 0.3583676 0.4263278 0.3794868 0.4289393 0.4059206 0.4210613 0.3974800 0.3853590 0.4091484 0.4296041 0.3737096 0.0000000 0.4118653 0.4034360 0.3858524 0.0306699 0.4204224 0.4123973 0.4103280 0.3854064 0.4121948 0.2991666 0.4109788 
n274_275   0.3946299 0.0273439 0.3156774 0.2920351 0.3763626 0.2831651 0.0238537 0.3885709 0.3830871 0.3822337 0.3945913 0.0857334 0.3819662 0.4118653 0.0000000 0.3942443 0.3769266 0.4064011 0.2870857 0.0273540 0.2728424 0.3938486 0.0273431 0.4648494 0.0743841 
n290_291   0.0483643 0.3880952 0.1663485 0.3344268 0.0134545 0.3357060 0.3645275 0.0592021 0.0483723 0.0168614 0.0519469 0.3643817 0.0168546 0.4034360 0.3942443 0.0000000 0.0968413 0.4044689 0.3291878 0.3706068 0.3246061 0.0237198 0.3704289 0.4641865 0.3473667 
n236_237   0.1123649 0.3709251 0.1451993 0.3290983 0.0815384 0.3202874 0.3595834 0.1203726 0.1123836 0.0853209 0.1162996 0.3477727 0.0852790 0.3858524 0.3769266 0.0968413 0.0000000 0.3868298 0.3238961 0.3597764 0.3094178 0.0929134 0.3654496 0.4310330 0.3311437 
n255_256   0.4044961 0.4125044 0.3532468 0.4152356 0.3804445 0.4177640 0.4004933 0.4163208 0.3928346 0.3863342 0.4044561 0.4240264 0.3860632 0.0306699 0.4064011 0.4044689 0.3868298 0.0000000 0.4094042 0.4069235 0.3994064 0.3979830 0.4067241 0.2839897 0.4055274 
n285_286   0.3344101 0.2866354 0.2675321 0.0033291 0.3076540 0.1566547 0.2866406 0.3399667 0.3344577 0.3129414 0.3343797 0.2962083 0.3127408 0.4204224 0.2870857 0.3291878 0.3238961 0.4094042 0.0000000 0.2920005 0.1399490 0.3234400 0.2918667 0.4293475 0.2808730 
n300_301   0.3830592 0.0169387 0.3156851 0.2969809 0.3650803 0.2677694 0.0033512 0.3770952 0.3716868 0.3708611 0.3830222 0.0781882 0.3706048 0.4123973 0.0273540 0.3706068 0.3597764 0.4069235 0.2920005 0.0000000 0.2576894 0.3823045 0.0067217 0.4654878 0.0669609 
n265_266   0.3409057 0.2626471 0.2439257 0.1439849 0.3140423 0.0168559 0.2525979 0.3523722 0.3359196 0.3193937 0.3408745 0.2770450 0.3191869 0.4103280 0.2728424 0.3246061 0.3094178 0.3994064 0.1399490 0.2576894 0.0000000 0.3300162 0.2575732 0.4312004 0.2620790 
n296_297   0.0447544 0.3877086 0.1619251 0.3286338 0.0100572 0.3412049 0.3761171 0.0555236 0.0447618 0.0134439 0.0483155 0.3640290 0.0066880 0.3854064 0.3938486 0.0237198 0.0929134 0.3979830 0.3234400 0.3823045 0.3300162 0.0000000 0.3821198 0.4503411 0.3470371 
n299_300   0.3828738 0.0169321 0.3155377 0.2968445 0.3649054 0.2676479 0.0033499 0.3769133 0.3715079 0.3706829 0.3828368 0.0781561 0.3704269 0.4121948 0.0273431 0.3704289 0.3654496 0.4067241 0.2918667 0.0067217 0.2575732 0.3821198 0.0000000 0.4652524 0.0669336 
n244_245   0.4575348 0.4715001 0.3833852 0.4353453 0.4379518 0.4573125 0.4584627 0.4505654 0.4449611 0.4443766 0.4574866 0.4986295 0.4440408 0.2991666 0.4648494 0.4641865 0.4310330 0.2839897 0.4293475 0.4654878 0.4312004 0.4503411 0.4652524 0.0000000 0.4780576 
n277_278   0.3477092 0.0706072 0.2990859 0.2857671 0.3306596 0.2622317 0.0632157 0.3420519 0.3368889 0.3361490 0.3473874 0.0100952 0.3359267 0.4109788 0.0743841 0.3473667 0.3311437 0.4055274 0.2808730 0.0669609 0.2620790 0.3470371 0.0669336 0.4780576 0.0000000 
