26
n298_299   0.0000000 0.3165390 0.1648656 0.3406789 0.0560908 0.3438583 0.3103609 0.0273173 0.0238031 0.0635684 0.0033376 0.3147399 0.0561886 0.4452065 0.3165911 0.0634991 0.1131883 0.4390553 0.3281165 0.0273421 0.3103225 0.3439180 0.0524936 0.3049682 0.4304702 0.3259919 
n280_281   0.3165390 0.0000000 0.3563726 0.3639654 0.3288293 0.3322848 0.0134913 0.3110877 0.3164749 0.3351837 0.3111292 0.0632521 0.3352103 0.4680310 0.0067106 0.3405102 0.3424883 0.4483177 0.3387978 0.3112660 0.0134889 0.3265187 0.3292443 0.0100937 0.5042868 0.0744554 
n200_201   0.1648656 0.3563726 0.0000000 0.3641298 0.1653208 0.3561363 0.3619015 0.1694124 0.1560396 0.1653859 0.1605777 0.3374707 0.1656351 0.4397067 0.3445620 0.1742499 0.1510163 0.4076544 0.3447571 0.1695782 0.3618623 0.3501468 0.1611473 0.3560974 0.3865229 0.3491168 
n286_287   0.3406789 0.3639654 0.3641298 0.0000000 0.3474383 0.1525368 0.3699014 0.3353570 0.3351435 0.3540129 0.3350601 0.3509311 0.3544096 0.5065020 0.3519839 0.3471393 0.3806307 0.4641860 0.0204405 0.3413701 0.3698622 0.1482089 0.3482417 0.3640099 0.4400972 0.3628570 
n287_288   0.0560908 0.3288293 0.1653208 0.3474383 0.0000000 0.3455761 0.3341716 0.0561586 0.0524241 0.0067266 0.0524578 0.3215697 0.0204460 0.4545521 0.3174628 0.0067196 0.1095650 0.4346633 0.3406080 0.0562106 0.3341325 0.3396708 0.0169805 0.3285773 0.4606083 0.3329665 
n266_267   0.3438583 0.3322848 0.3561363 0.1525368 0.3455761 0.0000000 0.3437197 0.3507528 0.3328658 0.3520604 0.3382438 0.3255965 0.3461659 0.4883390 0.3266846 0.3513406 0.3538542 0.4472248 0.1393304 0.3568852 0.3436806 0.0169406 0.3401047 0.3380711 0.4514892 0.3314521 
n292_293   0.3103609 0.0134913 0.3619015 0.3699014 0.3341716 0.3437197 0.0000000 0.3049658 0.3102989 0.3405785 0.3050064 0.0706823 0.3465524 0.4820289 0.0134928 0.3459393 0.3478919 0.4619475 0.3445037 0.3051400 0.0066965 0.3378531 0.3404838 0.0033408 0.5036892 0.0820195 
n293_294   0.0273173 0.3110877 0.1694124 0.3353570 0.0561586 0.3507528 0.3049658 0.0000000 0.0238312 0.0636456 0.0238463 0.3209499 0.0562566 0.4395121 0.3111386 0.0635761 0.1133273 0.4333981 0.3228956 0.0067106 0.3049277 0.3508140 0.0525570 0.2996140 0.4384670 0.3323232 
n275_276   0.0238031 0.3164749 0.1560396 0.3351435 0.0524241 0.3328658 0.3102989 0.0238312 0.0000000 0.0598514 0.0203556 0.3150695 0.0488779 0.4459774 0.3165269 0.0597863 0.1012522 0.4399960 0.3226914 0.0238526 0.3102605 0.3329235 0.0452300 0.3049080 0.4381800 0.3263344 
n289_290   0.0635684 0.3351837 0.1653859 0.3540129 0.0067266 0.3520604 0.3405785 0.0636456 0.0598514 0.0000000 0.0598899 0.3278251 0.0274552 0.4623590 0.3236947 0.0135328 0.1136515 0.4422345 0.3470943 0.0637048 0.3405392 0.3460900 0.0239424 0.3349258 0.4466993 0.3393440 
n297_298   0.0033376 0.3111292 0.1605777 0.3350601 0.0524578 0.3382438 0.3050064 0.0238463 0.0203556 0.0598899 0.0000000 0.3093652 0.0525491 0.4387097 0.3111801 0.0598247 0.1092504 0.4326082 0.3226109 0.0238688 0.3049682 0.3383024 0.0488759 0.2996538 0.4241152 0.3205288 
n278_279   0.3147399 0.0632521 0.3374707 0.3509311 0.3215697 0.3255965 0.0706823 0.3209499 0.3150695 0.3278251 0.3093652 0.0000000 0.3336663 0.4736818 0.0558920 0.3330819 0.3240820 0.4470174 0.3263349 0.3211339 0.0706701 0.3142045 0.3277335 0.0669712 0.4937386 0.0168376 
n295_296   0.0561886 0.3352103 0.1656351 0.3544096 0.0204460 0.3461659 0.3465524 0.0562566 0.0488779 0.0274552 0.0525491 0.3336663 0.0000000 0.4696979 0.3295168 0.0274259 0.1097635 0.4493584 0.3356925 0.0563089 0.3465131 0.3402482 0.0033579 0.3408492 0.4690634 0.3452912 
n251_252   0.4452065 0.4680310 0.4397067 0.5065020 0.4545521 0.4883390 0.4820289 0.4395121 0.4459774 0.4623590 0.4387097 0.4736818 0.4696979 0.0000000 0.4540847 0.4686710 0.4582620 0.0450874 0.4901151 0.4393713 0.4819966 0.4662565 0.4623737 0.4751389 0.2974600 0.4879616 
n274_275   0.3165911 0.0067106 0.3445620 0.3519839 0.3174628 0.3266846 0.0134928 0.3111386 0.3165269 0.3236947 0.3111801 0.0558920 0.3295168 0.4540847 0.0000000 0.3289392 0.3309680 0.4347418 0.3272938 0.3113169 0.0134904 0.3152464 0.3236036 0.0100948 0.4895800 0.0669612 
n290_291   0.0634991 0.3405102 0.1742499 0.3471393 0.0067196 0.3513406 0.3459393 0.0635761 0.0597863 0.0135328 0.0598247 0.3330819 0.0274259 0.4686710 0.3289392 0.0000000 0.1176516 0.4483859 0.3403166 0.0636353 0.3459000 0.3515318 0.0239169 0.3402480 0.4748487 0.3446823 
n236_237   0.1131883 0.3424883 0.1510163 0.3806307 0.1095650 0.3538542 0.3478919 0.1133273 0.1012522 0.1136515 0.1092504 0.3240820 0.1097635 0.4582620 0.3309680 0.1176516 0.0000000 0.4324033 0.3672626 0.1134346 0.3361919 0.3479108 0.1057137 0.3422263 0.4498415 0.3354471 
n255_256   0.4390553 0.4483177 0.4076544 0.4641860 0.4346633 0.4472248 0.4619475 0.4333981 0.4399960 0.4422345 0.4326082 0.4470174 0.4493584 0.0450874 0.4347418 0.4483859 0.4324033 0.0000000 0.4488146 0.4332597 0.4619130 0.4264103 0.4422454 0.4552356 0.2767082 0.4607787 
n285_286   0.3281165 0.3387978 0.3447571 0.0204405 0.3406080 0.1393304 0.3445037 0.3228956 0.3226914 0.3470943 0.3226109 0.3263349 0.3356925 0.4901151 0.3272938 0.3403166 0.3672626 0.4488146 0.0000000 0.3287797 0.3444645 0.1351038 0.3413907 0.3388395 0.4394314 0.3377915 
n294_295   0.0273421 0.3112660 0.1695782 0.3413701 0.0562106 0.3568852 0.3051400 0.0067106 0.0238526 0.0637048 0.0238688 0.3211339 0.0563089 0.4393713 0.3113169 0.0636353 0.1134346 0.4332597 0.3287797 0.0000000 0.3051018 0.3569477 0.0526057 0.2997848 0.4454746 0.3325146 
n300_301   0.3103225 0.0134889 0.3618623 0.3698622 0.3341325 0.3436806 0.0066965 0.3049277 0.3102605 0.3405392 0.3049682 0.0706701 0.3465131 0.4819966 0.0134904 0.3459000 0.3361919 0.4619130 0.3444645 0.3051018 0.0000000 0.3378141 0.3404445 0.0033408 0.5036597 0.0820055 
n265_266   0.3439180 0.3265187 0.3501468 0.1482089 0.3396708 0.0169406 0.3378531 0.3508140 0.3329235 0.3460900 0.3383024 0.3142045 0.3402482 0.4662565 0.3152464 0.3515318 0.3479108 0.4264103 0.1351038 0.3569477 0.3378141 0.0000000 0.3342441 0.3322531 0.4374437 0.3199532 
n296_297   0.0524936 0.3292443 0.1611473 0.3482417 0.0169805 0.3401047 0.3404838 0.0525570 0.0452300 0.0239424 0.0488759 0.3277335 0.0033579 0.4623737 0.3236036 0.0239169 0.1057137 0.4422454 0.3413907 0.0526057 0.3404445 0.3342441 0.0000000 0.3348323 0.4617464 0.3392497 
n299_300   0.3049682 0.0100937 0.3560974 0.3640099 0.3285773 0.3380711 0.0033408 0.2996140 0.3049080 0.3349258 0.2996538 0.0669712 0.3408492 0.4751389 0.0100948 0.3402480 0.3422263 0.4552356 0.3388395 0.2997848 0.0033408 0.3322531 0.3348323 0.0000000 0.4965856 0.0782438 
n244_245   0.4304702 0.5042868 0.3865229 0.4400972 0.4606083 0.4514892 0.5036892 0.4384670 0.4381800 0.4466993 0.4241152 0.4937386 0.4690634 0.2974600 0.4895800 0.4748487 0.4498415 0.2767082 0.4394314 0.4454746 0.5036597 0.4374437 0.4617464 0.4965856 0.0000000 0.5084248 
n277_278   0.3259919 0.0744554 0.3491168 0.3628570 0.3329665 0.3314521 0.0820195 0.3323232 0.3263344 0.3393440 0.3205288 0.0168376 0.3452912 0.4879616 0.0669612 0.3446823 0.3354471 0.4607787 0.3377915 0.3325146 0.0820055 0.3199532 0.3392497 0.0782438 0.5084248 0.0000000 
