26
n298_299   0.0000000 0.3019475 0.1495094 0.2818154 0.0379268 0.2981632 0.3174596 0.0204311 0.0238471 0.0308524 0.0033617 0.3014438 0.0204226 0.3498105 0.3221809 0.0308470 0.0817628 0.3281799 0.2878339 0.0239065 0.3127911 0.3085466 0.0239014 0.3232874 0.2844196 0.2921255 
n280_281   0.3019475 0.0000000 0.3664683 0.2980583 0.3229361 0.3094290 0.0203381 0.3175591 0.3218737 0.3070798 0.3072709 0.0594444 0.2963752 0.3904420 0.0168766 0.3015860 0.3181196 0.3730295 0.2939630 0.3285050 0.0134969 0.3252397 0.3017977 0.0203369 0.3557544 0.0596807 
n200_201   0.1495094 0.3664683 0.0000000 0.3069574 0.1578242 0.3566001 0.3773077 0.1620056 0.1617389 0.1493146 0.1537325 0.3839366 0.1451603 0.4512181 0.3823317 0.1492861 0.1707634 0.4264392 0.3132538 0.1663370 0.3723444 0.3509577 0.1494139 0.3836900 0.3253366 0.3740715 
n286_287   0.2818154 0.2980583 0.3069574 0.0000000 0.2867543 0.1470204 0.3079245 0.3128771 0.3014699 0.2764360 0.2869331 0.2979201 0.2764730 0.3915308 0.3023669 0.2763789 0.3237084 0.3728708 0.0166831 0.3182986 0.3033447 0.1510093 0.2816785 0.3136128 0.3299389 0.3095889 
n287_288   0.0379268 0.3229361 0.1578242 0.2867543 0.0000000 0.3136618 0.3388886 0.0522170 0.0557280 0.0135055 0.0414913 0.3336910 0.0169306 0.3843857 0.3437190 0.0135032 0.1008221 0.3617115 0.2928269 0.0558677 0.3341141 0.3242804 0.0203802 0.3449144 0.2996717 0.3240254 
n266_267   0.2981632 0.3094290 0.3566001 0.1470204 0.3136618 0.0000000 0.3194612 0.3195185 0.3127715 0.3028939 0.3034154 0.3149665 0.2926682 0.3626436 0.3137925 0.3079586 0.3356858 0.3454948 0.1432080 0.3250085 0.3148153 0.0200493 0.2980167 0.3252666 0.3083617 0.3270115 
n292_293   0.3174596 0.0203381 0.3773077 0.3079245 0.3388886 0.3194612 0.0000000 0.3333946 0.3377612 0.3226960 0.3228957 0.0667781 0.3117577 0.3785218 0.0237425 0.3170798 0.3339831 0.3613937 0.3038038 0.3445788 0.0067082 0.3354776 0.3173012 0.0134767 0.3493357 0.0744528 
n293_294   0.0204311 0.3175591 0.1620056 0.3128771 0.0522170 0.3195185 0.3333946 0.0000000 0.0238529 0.0449899 0.0239023 0.3177185 0.0343583 0.3843918 0.3381958 0.0449819 0.0969568 0.3617222 0.3192473 0.0101310 0.3286485 0.3302377 0.0379148 0.3393679 0.3048187 0.3082184 
n275_276   0.0238471 0.3218737 0.1617389 0.3014699 0.0557280 0.3127715 0.3377612 0.0238529 0.0000000 0.0484761 0.0273303 0.3220356 0.0378134 0.3892366 0.3425731 0.0484674 0.1006076 0.3604855 0.3076947 0.0273420 0.3330050 0.3233485 0.0413828 0.3437605 0.3038169 0.3125131 
n289_290   0.0308524 0.3070798 0.1493146 0.2764360 0.0135055 0.3028939 0.3226960 0.0449899 0.0484761 0.0000000 0.0343762 0.3176030 0.0101014 0.3667176 0.3274430 0.0067139 0.0930426 0.3445932 0.2774342 0.0485968 0.3180027 0.3133379 0.0135104 0.3285708 0.2890899 0.3081097 
n297_298   0.0033617 0.3072709 0.1537325 0.2869331 0.0414913 0.3034154 0.3228957 0.0239023 0.0273303 0.0343762 0.0000000 0.3067572 0.0238922 0.3554987 0.3276451 0.0343701 0.0855688 0.3337006 0.2930088 0.0273976 0.3182001 0.3138788 0.0273917 0.3287740 0.2895875 0.2872636 
n278_279   0.3014438 0.0594444 0.3839366 0.2979201 0.3336910 0.3149665 0.0667781 0.3177185 0.3220356 0.3176030 0.3067572 0.0000000 0.3067374 0.4022381 0.0629824 0.3120249 0.3389815 0.3845385 0.2938256 0.3286718 0.0594607 0.3309193 0.3122433 0.0667728 0.3735290 0.0273283 
n295_296   0.0204226 0.2963752 0.1451603 0.2764730 0.0169306 0.2926682 0.3117577 0.0343583 0.0378134 0.0101014 0.0238922 0.3067374 0.0000000 0.3554708 0.3164461 0.0100997 0.0816816 0.3336763 0.2824274 0.0379069 0.3071213 0.3029604 0.0033542 0.3175283 0.2790228 0.2973645 
n251_252   0.3498105 0.3904420 0.4512181 0.3915308 0.3843857 0.3626436 0.3785218 0.3843918 0.3892366 0.3667176 0.3554987 0.4022381 0.3554708 0.0000000 0.4013746 0.3665030 0.3903795 0.0594936 0.3860294 0.3851212 0.3849508 0.3854746 0.3613908 0.3965066 0.2747587 0.4224272 
n274_275   0.3221809 0.0168766 0.3823317 0.3023669 0.3437190 0.3137925 0.0237425 0.3381958 0.3425731 0.3274430 0.3276451 0.0629824 0.3164461 0.4013746 0.0000000 0.3217961 0.3331177 0.3837306 0.2982668 0.3494392 0.0168814 0.3296682 0.3220202 0.0237411 0.3604691 0.0705892 
n290_291   0.0308470 0.3015860 0.1492861 0.2763789 0.0135032 0.3079586 0.3170798 0.0449819 0.0484674 0.0067139 0.0343701 0.3120249 0.0100997 0.3665030 0.3217961 0.0000000 0.0930255 0.3443940 0.2823304 0.0485881 0.3124164 0.3184749 0.0135081 0.3229002 0.2889289 0.3025949 
n236_237   0.0817628 0.3181196 0.1707634 0.3237084 0.1008221 0.3356858 0.3339831 0.0969568 0.1006076 0.0930426 0.0855688 0.3389815 0.0816816 0.3903795 0.3331177 0.0930255 0.0000000 0.3675268 0.3302051 0.0971165 0.3292294 0.3466555 0.0855176 0.3399679 0.2998233 0.3292674 
n255_256   0.3281799 0.3730295 0.4264392 0.3728708 0.3617115 0.3454948 0.3613937 0.3617222 0.3604855 0.3445932 0.3337006 0.3845385 0.3336763 0.0594936 0.3837306 0.3443940 0.3675268 0.0000000 0.3736654 0.3624016 0.3676544 0.3677605 0.3394107 0.3789446 0.2802530 0.4041853 
n285_286   0.2878339 0.2939630 0.3132538 0.0166831 0.2928269 0.1432080 0.3038038 0.3192473 0.3076947 0.2774342 0.2930088 0.2938256 0.2824274 0.3860294 0.2982668 0.2823304 0.3302051 0.3736654 0.0000000 0.3247325 0.2992319 0.1471835 0.2876933 0.3094699 0.3248559 0.3054455 
n294_295   0.0239065 0.3285050 0.1663370 0.3182986 0.0558677 0.3250085 0.3445788 0.0101310 0.0273420 0.0485968 0.0273976 0.3286718 0.0379069 0.3851212 0.3494392 0.0485881 0.0971165 0.3624016 0.3247325 0.0000000 0.3397750 0.3358155 0.0414855 0.3506587 0.3053734 0.3190521 
n300_301   0.3127911 0.0134969 0.3723444 0.3033447 0.3341141 0.3148153 0.0067082 0.3286485 0.3330050 0.3180027 0.3182001 0.0594607 0.3071213 0.3849508 0.0168814 0.3124164 0.3292294 0.3676544 0.2992319 0.3397750 0.0000000 0.3307516 0.3126352 0.0067079 0.3445132 0.0670335 
n265_266   0.3085466 0.3252397 0.3509577 0.1510093 0.3242804 0.0200493 0.3354776 0.3302377 0.3233485 0.3133379 0.3138788 0.3309193 0.3029604 0.3854746 0.3296682 0.3184749 0.3466555 0.3677605 0.1471835 0.3358155 0.3307516 0.0000000 0.3083943 0.3414317 0.3295313 0.3378918 
n296_297   0.0239014 0.3017977 0.1494139 0.2816785 0.0203802 0.2980167 0.3173012 0.0379148 0.0413828 0.0135104 0.0273917 0.3122433 0.0033542 0.3613908 0.3220202 0.0135081 0.0855176 0.3394107 0.2876933 0.0414855 0.3126352 0.3083943 0.0000000 0.3231256 0.2842804 0.3028077 
n299_300   0.3232874 0.0203369 0.3836900 0.3136128 0.3449144 0.3252666 0.0134767 0.3393679 0.3437605 0.3285708 0.3287740 0.0667728 0.3175283 0.3965066 0.0237411 0.3229002 0.3399679 0.3789446 0.3094699 0.3506587 0.0067079 0.3414317 0.3231256 0.0000000 0.3554539 0.0744465 
n244_245   0.2844196 0.3557544 0.3253366 0.3299389 0.2996717 0.3083617 0.3493357 0.3048187 0.3038169 0.2890899 0.2895875 0.3735290 0.2790228 0.2747587 0.3604691 0.2889289 0.2998233 0.2802530 0.3248559 0.3053734 0.3445132 0.3295313 0.2842804 0.3554539 0.0000000 0.3868605 
n277_278   0.2921255 0.0596807 0.3740715 0.3095889 0.3240254 0.3270115 0.0744528 0.3082184 0.3125131 0.3081097 0.2872636 0.0273283 0.2973645 0.4224272 0.0705892 0.3025949 0.3292674 0.4041853 0.3054455 0.3190521 0.0670335 0.3378918 0.3028077 0.0744465 0.3868605 0.0000000 
