26
n200_201   0.0000000 0.3755752 0.2722651 0.1356412 0.2911016 0.2434136 0.2487077 0.1560131 0.2960101 0.1517770 0.1475700 0.2342516 0.2488569 0.1315304 0.1599889 0.1475560 0.1435727 0.2535923 0.3616210 0.2391836 0.1476593 0.3818871 0.1434860 0.1394281 0.2537314 0.2489114 
n255_254   0.3755752 0.0000000 0.4166038 0.3615113 0.4221412 0.3653045 0.3769358 0.4009325 0.4334340 0.3948563 0.3778055 0.3494053 0.3771729 0.3614648 0.3949459 0.3720784 0.3843639 0.3771253 0.2576170 0.3713005 0.3950822 0.0517216 0.3833693 0.3777274 0.3773543 0.3939395 
n266_265   0.2722651 0.4166038 0.0000000 0.2931746 0.1508201 0.2686003 0.2833080 0.2979000 0.1548817 0.3027130 0.2928119 0.2734637 0.2834148 0.2879678 0.3080516 0.2733380 0.3079305 0.2936600 0.3728469 0.2734895 0.3028766 0.4004137 0.2926406 0.2924174 0.2885531 0.0305784 
n293_292   0.1356412 0.3615113 0.2931746 0.0000000 0.3080859 0.2494024 0.2449367 0.0484219 0.3183381 0.0448235 0.0448186 0.2353390 0.2450838 0.0101143 0.0484217 0.0849591 0.0378165 0.2498088 0.3587921 0.2354358 0.0448442 0.3677162 0.0272769 0.0238102 0.2499458 0.2691176 
n285_284   0.2911016 0.4221412 0.1508201 0.3080859 0.0000000 0.2670089 0.2818583 0.3128917 0.0099989 0.3128086 0.3077033 0.2718399 0.2871632 0.3027672 0.3232515 0.2973492 0.3338017 0.2921487 0.3666567 0.2820168 0.3179666 0.4058462 0.3075208 0.3072848 0.2923136 0.1347605 
n278_277   0.2434136 0.3653045 0.2686003 0.2494024 0.2670089 0.0000000 0.0775179 0.2632854 0.2762910 0.2678932 0.2584904 0.0134640 0.0775620 0.2445196 0.2730184 0.2445299 0.2635009 0.0812974 0.3344156 0.0738013 0.2680349 0.3552373 0.2489579 0.2487716 0.0813378 0.2446273 
n274_273   0.2487077 0.3769358 0.2833080 0.2449367 0.2818583 0.0775179 0.0000000 0.2494064 0.2913207 0.2539413 0.2539245 0.0701586 0.0134701 0.2400821 0.2683698 0.2446575 0.2589630 0.0168782 0.3247352 0.0100724 0.2540747 0.3667180 0.2445008 0.2443180 0.0168863 0.2542007 
n287_286   0.1560131 0.4009325 0.2979000 0.0484219 0.3128917 0.2632854 0.2494064 0.0000000 0.3232016 0.0101027 0.0306928 0.2489738 0.2495563 0.0377403 0.0342106 0.1038139 0.0591851 0.2543060 0.3586889 0.2398533 0.0101073 0.3959279 0.0448015 0.0447707 0.2544459 0.2737191 
n286_285   0.2960101 0.4334340 0.1548817 0.3183381 0.0099989 0.2762910 0.2913207 0.3232016 0.0000000 0.3231160 0.3179418 0.2811780 0.2966980 0.3129398 0.3337102 0.3074402 0.3444123 0.3017429 0.3772138 0.2914849 0.3283467 0.4169313 0.3177514 0.3175064 0.3019142 0.1387394 
n289_288   0.1517770 0.3948563 0.3027130 0.0448235 0.3128086 0.2678932 0.2539413 0.0101027 0.3231160 0.0000000 0.0271999 0.2535002 0.2540942 0.0342048 0.0306960 0.0999077 0.0555291 0.2588706 0.3639173 0.2443321 0.0067182 0.4013874 0.0447420 0.0411999 0.2590134 0.2783964 
n296_295   0.1475700 0.3778055 0.2928119 0.0448186 0.3077033 0.2584904 0.2539245 0.0306928 0.3179418 0.0271999 0.0000000 0.2442697 0.2540773 0.0342010 0.0100874 0.0998974 0.0555231 0.2588539 0.3639108 0.2443151 0.0272123 0.3841669 0.0447371 0.0411954 0.2589966 0.2687865 
n277_276   0.2342516 0.3494053 0.2734637 0.2353390 0.2718399 0.0134640 0.0701586 0.2489738 0.2811780 0.2535002 0.2442697 0.0000000 0.0701984 0.2305570 0.2585129 0.2305652 0.2491748 0.0738977 0.3241258 0.0664781 0.2536332 0.3446815 0.2349225 0.2347478 0.0739343 0.2493321 
n300_299   0.2488569 0.3771729 0.2834148 0.2450838 0.2871632 0.0775620 0.0134701 0.2495563 0.2966980 0.2540942 0.2540773 0.0701984 0.0000000 0.2402260 0.2685322 0.2448044 0.2591193 0.0100802 0.3249362 0.0100780 0.2542277 0.3669482 0.2446475 0.2444645 0.0033408 0.2593009 
n294_293   0.1315304 0.3614648 0.2879678 0.0101143 0.3027672 0.2445196 0.2400821 0.0377403 0.3129398 0.0342048 0.0342010 0.2305570 0.2402260 0.0000000 0.0377401 0.0737206 0.0272840 0.2449170 0.3530315 0.2306519 0.0342204 0.3676686 0.0169145 0.0134996 0.2450508 0.2640832 
n295_294   0.1599889 0.3949459 0.3080516 0.0484217 0.3232515 0.2730184 0.2683698 0.0342106 0.3337102 0.0306960 0.0100874 0.2585129 0.2685322 0.0377401 0.0000000 0.1038148 0.0591850 0.2734045 0.3756622 0.2585601 0.0307100 0.4014800 0.0483324 0.0447705 0.2735570 0.2835511 
n236_235   0.1475560 0.3720784 0.2733380 0.0849591 0.2973492 0.2445299 0.2446575 0.1038139 0.3074402 0.0999077 0.0998974 0.2305652 0.2448044 0.0737206 0.1038148 0.0000000 0.1000520 0.2495239 0.3584756 0.2351678 0.0999551 0.3782014 0.0885541 0.0847952 0.2496607 0.2639976 
n275_274   0.1435727 0.3843639 0.3079305 0.0378165 0.3338017 0.2635009 0.2589630 0.0591851 0.3444123 0.0555291 0.0555231 0.2491748 0.2591193 0.0272840 0.0591850 0.1000520 0.0000000 0.2639326 0.3748543 0.2492771 0.0519269 0.3908006 0.0377467 0.0342323 0.2640788 0.2834412 
n292_291   0.2535923 0.3771253 0.2936600 0.2498088 0.2921487 0.0812974 0.0168782 0.2543060 0.3017429 0.2588706 0.2588539 0.0738977 0.0100802 0.2449170 0.2734045 0.2495239 0.2639326 0.0000000 0.3196278 0.0134696 0.2590070 0.3669029 0.2493629 0.2491760 0.0134790 0.2641184 
n244_243   0.3616210 0.2576170 0.3728469 0.3587921 0.3666567 0.3344156 0.3247352 0.3586889 0.3772138 0.3639173 0.3639108 0.3241258 0.3249362 0.3530315 0.3756622 0.3584756 0.3748543 0.3196278 0.0000000 0.3140846 0.3641226 0.2345365 0.3636813 0.3633931 0.3250884 0.3461919 
n280_279   0.2391836 0.3713005 0.2734895 0.2354358 0.2820168 0.0738013 0.0100724 0.2398533 0.2914849 0.2443321 0.2443151 0.0664781 0.0100780 0.2306519 0.2585601 0.2351678 0.2492771 0.0134696 0.3140846 0.0000000 0.2444596 0.3611524 0.2350191 0.2348442 0.0134761 0.2495063 
n290_289   0.1476593 0.3950822 0.3028766 0.0448442 0.3179666 0.2680349 0.2540747 0.0101073 0.3283467 0.0067182 0.0272123 0.2536332 0.2542277 0.0342204 0.0307100 0.0999551 0.0519269 0.2590070 0.3641226 0.2444596 0.0000000 0.4016182 0.0447627 0.0412189 0.2591499 0.2785449 
n251_250   0.3818871 0.0517216 0.4004137 0.3677162 0.4058462 0.3552373 0.3667180 0.3959279 0.4169313 0.4013874 0.3841669 0.3446815 0.3669482 0.3676686 0.4014800 0.3782014 0.3908006 0.3669029 0.2345365 0.3611524 0.4016182 0.0000000 0.3843935 0.3840867 0.3671240 0.3781728 
n297_296   0.1434860 0.3833693 0.2926406 0.0272769 0.3075208 0.2489579 0.2445008 0.0448015 0.3177514 0.0447420 0.0447371 0.2349225 0.2446475 0.0169145 0.0483324 0.0885541 0.0377467 0.2493629 0.3636813 0.2350191 0.0447627 0.3843935 0.0000000 0.0033455 0.2494995 0.2686325 
n298_297   0.1394281 0.3777274 0.2924174 0.0238102 0.3072848 0.2487716 0.2443180 0.0447707 0.3175064 0.0411999 0.0411954 0.2347478 0.2444645 0.0134996 0.0447705 0.0847952 0.0342323 0.2491760 0.3633931 0.2348442 0.0412189 0.3840867 0.0033455 0.0000000 0.2493124 0.2684294 
n299_298   0.2537314 0.3773543 0.2885531 0.2499458 0.2923136 0.0813378 0.0168863 0.2544459 0.3019142 0.2590134 0.2589966 0.0739343 0.0033408 0.2450508 0.2735570 0.2496607 0.2640788 0.0134790 0.3250884 0.0134761 0.2591499 0.3671240 0.2494995 0.2493124 0.0000000 0.2642648 
n265_264   0.2489114 0.3939395 0.0305784 0.2691176 0.1347605 0.2446273 0.2542007 0.2737191 0.1387394 0.2783964 0.2687865 0.2493321 0.2593009 0.2640832 0.2835511 0.2639976 0.2834412 0.2641184 0.3461919 0.2495063 0.2785449 0.3781728 0.2686325 0.2684294 0.2642648 0.0000000 
