23
n298_299   0.0000000 0.3147017 0.1227873 0.2853023 0.0375130 0.2695003 0.3351464 0.0270267 0.0305365 0.3412916 0.0410128 0.4556788 0.3300622 0.0847492 0.4426964 0.2900918 0.0269966 0.3300342 0.2790046 0.0410533 0.3251329 0.4011879 0.3301899 
n280_281   0.3147017 0.0000000 0.2990187 0.2483070 0.3159596 0.2332356 0.0169355 0.3202259 0.3261813 0.0744786 0.3209844 0.4299433 0.0135183 0.3268944 0.4237175 0.2529063 0.3198194 0.0135227 0.2471013 0.3319048 0.0135384 0.3880340 0.0706751 
n200_201   0.1227873 0.2990187 0.0000000 0.2905606 0.1271860 0.2848249 0.3244729 0.1307720 0.1350405 0.3147240 0.1311417 0.4627440 0.3140482 0.1476063 0.4620163 0.2953849 0.1306214 0.3194315 0.2945341 0.1312767 0.3198671 0.4315747 0.3091833 
n286_287   0.2853023 0.2483070 0.2905606 0.0000000 0.2864219 0.1290927 0.2624271 0.2850458 0.2962815 0.2728701 0.2908586 0.3868988 0.2623993 0.3024253 0.3870326 0.0033576 0.2846896 0.2575661 0.1412956 0.2911875 0.2628247 0.3532446 0.2676240 
n287_288   0.0375130 0.3159596 0.1271860 0.2864219 0.0000000 0.2755289 0.3421059 0.0481301 0.0517950 0.3426745 0.0167939 0.4510580 0.3313909 0.1002091 0.4512035 0.2912324 0.0480764 0.3369307 0.2851381 0.0168104 0.3319725 0.4088312 0.3315192 
n266_267   0.2695003 0.2332356 0.2848249 0.1290927 0.2755289 0.0000000 0.2470357 0.2794425 0.2848215 0.2377296 0.2902717 0.3996350 0.2470085 0.2956547 0.3936735 0.1250262 0.2790948 0.2422911 0.0135147 0.2905992 0.2474059 0.3816407 0.2327831 
n292_293   0.3351464 0.0169355 0.3244729 0.2624271 0.3421059 0.2470357 0.0000000 0.3464689 0.3526824 0.0894430 0.3472983 0.4410779 0.0238148 0.3534543 0.4347651 0.2671031 0.3460236 0.0169409 0.2566111 0.3586344 0.0169606 0.3982608 0.0855504 
n293_294   0.0270267 0.3202259 0.1307720 0.2850458 0.0481301 0.2794425 0.3464689 0.0000000 0.0375203 0.3470439 0.0516825 0.4700629 0.3357126 0.0885233 0.4567829 0.2898304 0.0066457 0.3412754 0.2890736 0.0517338 0.3363017 0.4194995 0.3358412 
n275_276   0.0305365 0.3261813 0.1350405 0.2962815 0.0517950 0.2848215 0.3526824 0.0375203 0.0000000 0.3532692 0.0482137 0.4833062 0.3418179 0.0963198 0.4697701 0.3011495 0.0374786 0.3474390 0.2945320 0.0554263 0.3424203 0.4264886 0.3419475 
n278_279   0.3412916 0.0744786 0.3147240 0.2728701 0.3426745 0.2377296 0.0894430 0.3470439 0.3532692 0.0000000 0.3478757 0.4484427 0.0856599 0.3593526 0.4420546 0.2776153 0.3465973 0.0856869 0.2567154 0.3592320 0.0819867 0.4115607 0.0101740 
n295_296   0.0410128 0.3209844 0.1311417 0.2908586 0.0167939 0.2902717 0.3472983 0.0516825 0.0482137 0.3478757 0.0000000 0.4498888 0.3365126 0.1040349 0.4569144 0.2956885 0.0516248 0.3420910 0.3000619 0.0066682 0.3371043 0.4206055 0.3366415 
n251_252   0.4556788 0.4299433 0.4627440 0.3868988 0.4510580 0.3996350 0.4410779 0.4700629 0.4833062 0.4484427 0.4498888 0.0000000 0.4482717 0.5052627 0.0487700 0.3810128 0.4694118 0.4234677 0.3997962 0.4440778 0.4427252 0.3587958 0.4415754 
n274_275   0.3300622 0.0135183 0.3140482 0.2623993 0.3313909 0.2470085 0.0238148 0.3357126 0.3418179 0.0856599 0.3365126 0.4482717 0.0000000 0.3481065 0.4418838 0.2670752 0.3352835 0.0203737 0.2565835 0.3476741 0.0203975 0.4049096 0.0817906 
n236_237   0.0847492 0.3268944 0.1476063 0.3024253 0.1002091 0.2956547 0.3534543 0.0885233 0.0963198 0.3593526 0.1040349 0.5052627 0.3481065 0.0000000 0.4980073 0.3073416 0.0884233 0.3481995 0.3055194 0.1041409 0.3431702 0.4208326 0.3474209 
n255_256   0.4426964 0.4237175 0.4620163 0.3870326 0.4512035 0.3936735 0.4347651 0.4567829 0.4697701 0.4420546 0.4569144 0.0487700 0.4418838 0.4980073 0.0000000 0.3811453 0.4561555 0.4173020 0.3938312 0.4510482 0.4363819 0.3529081 0.4352548 
n285_286   0.2900918 0.2529063 0.2953849 0.0033576 0.2912324 0.1250262 0.2671031 0.2898304 0.3011495 0.2776153 0.2956885 0.3810128 0.2670752 0.3073416 0.3811453 0.0000000 0.2894675 0.2622139 0.1371573 0.2960235 0.2675085 0.3476799 0.2723340 
n294_295   0.0269966 0.3198194 0.1306214 0.2846896 0.0480764 0.2790948 0.3460236 0.0066457 0.0374786 0.3465973 0.0516248 0.4694118 0.3352835 0.0884233 0.4561555 0.2894675 0.0000000 0.3408378 0.2887126 0.0516760 0.3358712 0.4189399 0.3354119 
n300_301   0.3300342 0.0135227 0.3194315 0.2575661 0.3369307 0.2422911 0.0169409 0.3412754 0.3474390 0.0856869 0.3420910 0.4234677 0.0203737 0.3481995 0.4173020 0.2622139 0.3408378 0.0000000 0.2518031 0.3533469 0.0135427 0.3875644 0.0818164 
n265_266   0.2790046 0.2471013 0.2945341 0.1412956 0.2851381 0.0135147 0.2566111 0.2890736 0.2945320 0.2567154 0.3000619 0.3997962 0.2565835 0.3055194 0.3938312 0.1371573 0.2887126 0.2518031 0.0000000 0.3004020 0.2569975 0.3870949 0.2516212 
n296_297   0.0410533 0.3319048 0.1312767 0.2911875 0.0168104 0.2905992 0.3586344 0.0517338 0.0554263 0.3592320 0.0066682 0.4440778 0.3476741 0.1041409 0.4510482 0.2960235 0.0516760 0.3533469 0.3004020 0.0000000 0.3482888 0.4208374 0.3478043 
n299_300   0.3251329 0.0135384 0.3198671 0.2628247 0.3319725 0.2474059 0.0169606 0.3363017 0.3424203 0.0819867 0.3371043 0.4427252 0.0203975 0.3431702 0.4363819 0.2675085 0.3358712 0.0135427 0.2569975 0.3482888 0.0000000 0.3996956 0.0781361 
n244_245   0.4011879 0.3880340 0.4315747 0.3532446 0.4088312 0.3816407 0.3982608 0.4194995 0.4264886 0.4115607 0.4206055 0.3587958 0.4049096 0.4208326 0.3529081 0.3476799 0.4189399 0.3875644 0.3870949 0.4208374 0.3996956 0.0000000 0.4051193 
n277_278   0.3301899 0.0706751 0.3091833 0.2676240 0.3315192 0.2327831 0.0855504 0.3358412 0.3419475 0.0101740 0.3366415 0.4415754 0.0817906 0.3474209 0.4352548 0.2723340 0.3354119 0.0818164 0.2516212 0.3478043 0.0781361 0.4051193 0.0000000 
