25
n289_290   0.0000000 0.0483663 0.0202616 0.2460633 0.2864131 0.0411640 0.0168449 0.3019725 0.4141970 0.0412172 0.2273586 0.3069067 0.3835605 0.2661361 0.0168592 0.1360378 0.2611264 0.0447281 0.0813420 0.2915291 0.2760034 0.0447261 0.4202154 0.2915560 0.2709489 
n294_295   0.0483663 0.0000000 0.0412225 0.2419798 0.3184905 0.0203003 0.0518968 0.3348335 0.4273804 0.0067000 0.2233400 0.3399907 0.3776445 0.2918699 0.0519424 0.1529062 0.2866541 0.0237533 0.0890395 0.3238582 0.2721723 0.0203071 0.4396080 0.3238892 0.2671300 
n295_296   0.0202616 0.0412225 0.0000000 0.2319197 0.2862159 0.0341111 0.0236719 0.3017633 0.3842301 0.0341551 0.2089760 0.3066938 0.3549037 0.2513605 0.0236922 0.1278802 0.2511857 0.0376340 0.0701281 0.2913281 0.2610526 0.0376323 0.3900063 0.2913549 0.2561111 
n266_267   0.2460633 0.2419798 0.2319197 0.0000000 0.2722228 0.2415204 0.2458577 0.2875064 0.3703634 0.2418890 0.0272795 0.2923645 0.3352690 0.2332519 0.2458350 0.2601723 0.2284703 0.2463820 0.2417867 0.2772504 0.1287006 0.2463679 0.3940593 0.2772756 0.1246332 
n299_300   0.2864131 0.3184905 0.2862159 0.2722228 0.0000000 0.3072277 0.2909842 0.0237972 0.4422717 0.3077250 0.2628930 0.0134757 0.4036043 0.0967602 0.3014596 0.3073633 0.0928883 0.3126085 0.2822314 0.0067092 0.3021461 0.3076099 0.4687776 0.0033449 0.2968763 
n298_299   0.0411640 0.0203003 0.0341111 0.2415204 0.3072277 0.0000000 0.0446588 0.3232745 0.4145786 0.0134576 0.2229217 0.3283467 0.3778260 0.2810836 0.0446978 0.1443036 0.2759606 0.0033408 0.0889478 0.3125003 0.2716421 0.0168489 0.4265858 0.3125298 0.2666117 
n290_291   0.0168449 0.0518968 0.0236719 0.2458577 0.2909842 0.0446588 0.0000000 0.3066237 0.4135268 0.0447167 0.2316754 0.3115796 0.3829657 0.2607098 0.0202596 0.1399361 0.2557493 0.0482387 0.0850060 0.2961259 0.2805648 0.0482365 0.4195314 0.2961533 0.2754838 
n274_275   0.3019725 0.3348335 0.3017633 0.2875064 0.0237972 0.3232745 0.3066237 0.0000000 0.4626682 0.3238051 0.2779944 0.0307428 0.4157405 0.1084415 0.3173520 0.3127251 0.1044980 0.3287864 0.2977282 0.0238071 0.3237875 0.3236803 0.4899898 0.0203461 0.3183392 
n251_252   0.4141970 0.4273804 0.3842301 0.3703634 0.4422717 0.4145786 0.4135268 0.4626682 0.0000000 0.4148089 0.3704363 0.4679874 0.3255746 0.4112412 0.3902926 0.4395003 0.4047126 0.4148749 0.3960700 0.4421747 0.3918213 0.4269445 0.0630542 0.4487369 0.3800165 
n293_294   0.0412172 0.0067000 0.0341551 0.2418890 0.3077250 0.0134576 0.0447167 0.3238051 0.4148089 0.0000000 0.2232568 0.3288876 0.3777845 0.2815279 0.0447558 0.1445071 0.2763947 0.0168711 0.0814217 0.3130084 0.2720685 0.0134621 0.4268235 0.3130379 0.2670283 
n265_266   0.2273586 0.2233400 0.2089760 0.0272795 0.2628930 0.2229217 0.2316754 0.2779944 0.3704363 0.2232568 0.0000000 0.2828019 0.3405480 0.2195008 0.2271519 0.2411165 0.2196420 0.2276515 0.2231661 0.2678621 0.1207176 0.2276387 0.3941435 0.2678863 0.1166971 
n300_301   0.3069067 0.3399907 0.3066938 0.2923645 0.0134757 0.3283467 0.3115796 0.0307428 0.4679874 0.3288876 0.2828019 0.0000000 0.4214612 0.1044670 0.3223799 0.3177317 0.1005502 0.3338958 0.3026459 0.0134814 0.3231341 0.3287598 0.4887858 0.0100816 0.3176999 
n244_245   0.3835605 0.3776445 0.3549037 0.3352690 0.4036043 0.3778260 0.3829657 0.4157405 0.3255746 0.3777845 0.3405480 0.4214612 0.0000000 0.3855751 0.3716535 0.3602484 0.3912563 0.3780888 0.3720053 0.4034134 0.3908153 0.3892834 0.3532784 0.4034556 0.3852755 
n278_279   0.2661361 0.2918699 0.2513605 0.2332519 0.0967602 0.2810836 0.2607098 0.1084415 0.4112412 0.2815279 0.2195008 0.1044670 0.3855751 0.0000000 0.2707083 0.2756822 0.0100655 0.2862529 0.2518859 0.0968004 0.2766272 0.2862358 0.4429941 0.0929194 0.2715542 
n287_288   0.0168592 0.0519424 0.0236922 0.2458350 0.3014596 0.0446978 0.0202596 0.3173520 0.3902926 0.0447558 0.2271519 0.3223799 0.3716535 0.2707083 0.0000000 0.1319729 0.2656695 0.0482810 0.0812786 0.3066825 0.2757383 0.0482788 0.4080512 0.3067112 0.2706902 
n200_201   0.1360378 0.1529062 0.1278802 0.2601723 0.3073633 0.1443036 0.1399361 0.3127251 0.4395003 0.1445071 0.2411165 0.3177317 0.3602484 0.2756822 0.1319729 0.0000000 0.2756324 0.1484983 0.1446782 0.3021093 0.2902192 0.1484907 0.4524273 0.3021375 0.2850700 
n277_278   0.2611264 0.2866541 0.2511857 0.2284703 0.0928883 0.2759606 0.2557493 0.1044980 0.4047126 0.2763947 0.2196420 0.1005502 0.3912563 0.0100655 0.2656695 0.2756324 0.0000000 0.2810886 0.2469778 0.0929269 0.2715281 0.2810720 0.4361402 0.0890705 0.2664953 
n297_298   0.0447281 0.0237533 0.0376340 0.2463820 0.3126085 0.0033408 0.0482387 0.3287864 0.4148749 0.0168711 0.2276515 0.3338958 0.3780888 0.2862529 0.0482810 0.1484983 0.2810886 0.0000000 0.0927976 0.3179232 0.2716176 0.0202778 0.4268930 0.3179534 0.2665878 
n236_237   0.0813420 0.0890395 0.0701281 0.2417867 0.2822314 0.0889478 0.0850060 0.2977282 0.3960700 0.0814217 0.2231661 0.3026459 0.3720053 0.2518859 0.0812786 0.1446782 0.2469778 0.0927976 0.0000000 0.2873276 0.2765250 0.0889798 0.4019392 0.2873540 0.2714600 
n280_281   0.2915291 0.3238582 0.2913281 0.2772504 0.0067092 0.3125003 0.2961259 0.0238071 0.4421747 0.3130084 0.2678621 0.0134814 0.4034134 0.0968004 0.3066825 0.3021093 0.0929269 0.3179232 0.2873276 0.0000000 0.3073857 0.3128901 0.4686675 0.0033463 0.3020748 
n285_286   0.2760034 0.2721723 0.2610526 0.1287006 0.3021461 0.2716421 0.2805648 0.3237875 0.3918213 0.2720685 0.1207176 0.3231341 0.3908153 0.2766272 0.2757383 0.2902192 0.2715281 0.2716176 0.2765250 0.3073857 0.0000000 0.2767276 0.4167266 0.3074145 0.0100904 
n275_276   0.0447261 0.0203071 0.0376323 0.2463679 0.3076099 0.0168489 0.0482365 0.3236803 0.4269445 0.0134621 0.2276387 0.3287598 0.3892834 0.2862358 0.0482788 0.1484907 0.2810720 0.0202778 0.0889798 0.3128901 0.2767276 0.0000000 0.4391545 0.3129197 0.2716581 
n255_256   0.4202154 0.4396080 0.3900063 0.3940593 0.4687776 0.4265858 0.4195314 0.4899898 0.0630542 0.4268235 0.3941435 0.4887858 0.3532784 0.4429941 0.4080512 0.4524273 0.4361402 0.4268930 0.4019392 0.4686675 0.4167266 0.4391545 0.0000000 0.4754875 0.4044862 
n292_293   0.2915560 0.3238892 0.2913549 0.2772756 0.0033449 0.3125298 0.2961533 0.0203461 0.4487369 0.3130379 0.2678863 0.0100816 0.4034556 0.0929194 0.3067112 0.3021375 0.0890705 0.3179534 0.2873540 0.0033463 0.3074145 0.3129197 0.4754875 0.0000000 0.3021030 
n286_287   0.2709489 0.2671300 0.2561111 0.1246332 0.2968763 0.2666117 0.2754838 0.3183392 0.3800165 0.2670283 0.1166971 0.3176999 0.3852755 0.2715542 0.2706902 0.2850700 0.2664953 0.2665878 0.2714600 0.3020748 0.0100904 0.2716581 0.4044862 0.3021030 0.0000000 
