25
n298_299   0.0000000 0.2920708 0.1449078 0.3563402 0.0557107 0.3523340 0.2869227 0.0237900 0.0168888 0.0557119 0.0067010 0.3075471 0.0593222 0.3742475 0.2866201 0.0520845 0.0929379 0.3802295 0.3672130 0.2971162 0.3690667 0.0557001 0.2919347 0.4388841 0.2971694 
n280_281   0.2920708 0.0000000 0.2983527 0.2969865 0.3033329 0.2731139 0.0100728 0.3185562 0.3131818 0.2978988 0.2972898 0.0519853 0.2827577 0.3345387 0.0202988 0.2980970 0.3035284 0.3395243 0.3072945 0.0168719 0.2830272 0.2826602 0.0134616 0.3553383 0.0484047 
n200_201   0.1449078 0.2983527 0.0000000 0.3520516 0.1324241 0.3480678 0.3138074 0.1616768 0.1530578 0.1324266 0.1447976 0.3245244 0.1163565 0.3520775 0.3087345 0.1283596 0.1701575 0.3463619 0.3628835 0.3244146 0.3650038 0.1163249 0.3190161 0.4142643 0.3138738 
n286_287   0.3563402 0.2969865 0.3520516 0.0000000 0.3458263 0.1408388 0.3020528 0.3737588 0.3735078 0.3400326 0.3620685 0.2867585 0.3346646 0.3809792 0.2921245 0.3402648 0.3856118 0.3929761 0.0100708 0.3124617 0.1490587 0.3238873 0.3071670 0.3676954 0.2817662 
n287_288   0.0557107 0.3033329 0.1324241 0.3458263 0.0000000 0.3418430 0.2980899 0.0666759 0.0592737 0.0066965 0.0556723 0.3190951 0.0203084 0.3576436 0.2977711 0.0033391 0.1006365 0.3573787 0.3565610 0.3084688 0.3583542 0.0134717 0.3031903 0.4264996 0.3085234 
n266_267   0.3523340 0.2731139 0.3480678 0.1408388 0.3418430 0.0000000 0.2780357 0.3697042 0.3634327 0.3360652 0.3580481 0.2729831 0.3307097 0.3703400 0.2782720 0.3362949 0.3645528 0.3878934 0.1533122 0.2881407 0.0237836 0.3199586 0.2830062 0.3916110 0.2680669 
n292_293   0.2869227 0.0100728 0.3138074 0.3020528 0.2980899 0.2780357 0.0000000 0.3132040 0.3078718 0.2926994 0.2921026 0.0555781 0.2978765 0.3398810 0.0237340 0.2928935 0.2982804 0.3448991 0.3124332 0.0134609 0.2880142 0.2876377 0.0100689 0.3720029 0.0519805 
n293_294   0.0237900 0.3185562 0.1616768 0.3737588 0.0666759 0.3697042 0.3132040 0.0000000 0.0203206 0.0666773 0.0237742 0.3233846 0.0703409 0.4042379 0.3128638 0.0629899 0.1045117 0.4039255 0.3848981 0.3237955 0.3868596 0.0666629 0.3184050 0.4579943 0.3127710 
n275_276   0.0168888 0.3131818 0.1530578 0.3735078 0.0592737 0.3634327 0.3078718 0.0203206 0.0000000 0.0592750 0.0168776 0.3181711 0.0628982 0.3981343 0.3075395 0.0556324 0.0966523 0.3978285 0.3846368 0.3183809 0.3804193 0.0592623 0.3130338 0.4514191 0.3184365 
n289_290   0.0557119 0.2978988 0.1324266 0.3400326 0.0066965 0.3360652 0.2926994 0.0666773 0.0592750 0.0000000 0.0556736 0.3135296 0.0203089 0.3517375 0.2923883 0.0033392 0.1006386 0.3514785 0.3506779 0.3029931 0.3524356 0.0134720 0.2977593 0.4199758 0.3030471 
n297_298   0.0067010 0.2972898 0.1447976 0.3620685 0.0556723 0.3580481 0.2921026 0.0237742 0.0168776 0.0556736 0.0000000 0.3128838 0.0592812 0.3801335 0.2917927 0.0520488 0.0928713 0.3861682 0.3730255 0.3023723 0.3749140 0.0556617 0.2971508 0.4453183 0.3024261 
n278_279   0.3075471 0.0519853 0.3245244 0.2867585 0.3190951 0.2729831 0.0555781 0.3233846 0.3181711 0.3135296 0.3128838 0.0000000 0.3083505 0.3677072 0.0592332 0.3137403 0.3193061 0.3789843 0.3021807 0.0628543 0.2828906 0.2979595 0.0591963 0.3724066 0.0100823 
n295_296   0.0593222 0.2827577 0.1163565 0.3346646 0.0203084 0.3307097 0.2978765 0.0703409 0.0628982 0.0203089 0.0592812 0.3083505 0.0000000 0.3521035 0.2873610 0.0168789 0.1045298 0.3518440 0.3452365 0.3082469 0.3469619 0.0066989 0.3029727 0.4084753 0.2979419 
n251_252   0.3742475 0.3345387 0.3520775 0.3809792 0.3576436 0.3703400 0.3398810 0.4042379 0.3981343 0.3517375 0.3801335 0.3677072 0.3521035 0.0000000 0.3456697 0.3519799 0.3747023 0.0853383 0.3867326 0.3338481 0.3763099 0.3410390 0.3395194 0.2876877 0.3621154 
n274_275   0.2866201 0.0202988 0.3087345 0.2921245 0.2977711 0.2782720 0.0237340 0.3128638 0.3075395 0.2923883 0.2917927 0.0592332 0.2873610 0.3456697 0.0000000 0.2925820 0.3032449 0.3507260 0.3023687 0.0306700 0.2780137 0.2772808 0.0271887 0.3723124 0.0556157 
n290_291   0.0520845 0.2980970 0.1283596 0.3402648 0.0033391 0.3362949 0.2928935 0.0629899 0.0556324 0.0033392 0.0520488 0.3137403 0.0168789 0.3519799 0.2925820 0.0000000 0.0967612 0.3517205 0.3509189 0.3031953 0.3526788 0.0100772 0.2979573 0.4202772 0.3032493 
n236_237   0.0929379 0.3035284 0.1701575 0.3856118 0.1006365 0.3645528 0.2982804 0.1045117 0.0966523 0.1006386 0.0928713 0.3193061 0.1045298 0.3747023 0.3032449 0.0967612 0.0000000 0.3695907 0.3969270 0.3086692 0.3816000 0.0967886 0.3033856 0.4271038 0.3087238 
n255_256   0.3802295 0.3395243 0.3463619 0.3929761 0.3573787 0.3878934 0.3448991 0.4039255 0.3978285 0.3514785 0.3861682 0.3789843 0.3518440 0.0853383 0.3507260 0.3517205 0.3695907 0.0000000 0.4048308 0.3388212 0.3940190 0.3407900 0.3445309 0.2872625 0.3733049 
n285_286   0.3672130 0.3072945 0.3628835 0.0100708 0.3565610 0.1533122 0.3124332 0.3848981 0.3846368 0.3506779 0.3730255 0.3021807 0.3452365 0.3867326 0.3023687 0.3509189 0.3969270 0.4048308 0.0000000 0.3229942 0.1616779 0.3343085 0.3176195 0.3792232 0.2970790 
n300_301   0.2971162 0.0168719 0.3244146 0.3124617 0.3084688 0.2881407 0.0134609 0.3237955 0.3183809 0.3029931 0.3023723 0.0628543 0.3082469 0.3338481 0.0306700 0.3031953 0.3086692 0.3388212 0.3229942 0.0000000 0.2932400 0.2978598 0.0033408 0.3773934 0.0592199 
n265_266   0.3690667 0.2830272 0.3650038 0.1490587 0.3583542 0.0237836 0.2880142 0.3868596 0.3804193 0.3524356 0.3749140 0.2828906 0.3469619 0.3763099 0.2780137 0.3526788 0.3816000 0.3940190 0.1616779 0.2932400 0.0000000 0.3359708 0.2880691 0.3912474 0.2779090 
n296_297   0.0557001 0.2826602 0.1163249 0.3238873 0.0134717 0.3199586 0.2876377 0.0666629 0.0592623 0.0134720 0.0556617 0.2979595 0.0066989 0.3410390 0.2772808 0.0100772 0.0967886 0.3407900 0.3343085 0.2978598 0.3359708 0.0000000 0.2926636 0.4083070 0.2877023 
n299_300   0.2919347 0.0134616 0.3190161 0.3071670 0.3031903 0.2830062 0.0100689 0.3184050 0.3130338 0.2977593 0.2971508 0.0591963 0.3029727 0.3395194 0.0271887 0.2979573 0.3033856 0.3445309 0.3176195 0.0033408 0.2880691 0.2926636 0.0000000 0.3715966 0.0555811 
n244_245   0.4388841 0.3553383 0.4142643 0.3676954 0.4264996 0.3916110 0.3720029 0.4579943 0.4514191 0.4199758 0.4453183 0.3724066 0.4084753 0.2876877 0.3723124 0.4202772 0.4271038 0.2872625 0.3792232 0.3773934 0.3912474 0.4083070 0.3715966 0.0000000 0.3667848 
n277_278   0.2971694 0.0484047 0.3138738 0.2817662 0.3085234 0.2680669 0.0519805 0.3127710 0.3184365 0.3030471 0.3024261 0.0100823 0.2979419 0.3621154 0.0556157 0.3032493 0.3087238 0.3733049 0.2970790 0.0592199 0.2779090 0.2877023 0.0555811 0.3667848 0.0000000 
