24
n298_299   0.0000000 0.3154660 0.1356900 0.2804716 0.0237503 0.3110676 0.3257131 0.0237648 0.0168812 0.0306862 0.2906667 0.0272014 0.3807019 0.3154660 0.0272032 0.0848669 0.3643156 0.2950736 0.0168835 0.3155197 0.3060024 0.3208126 0.3011014 0.3051004 
n280_281   0.3154660 0.0000000 0.3416988 0.2745523 0.3001876 0.2946892 0.0134362 0.3157379 0.3102769 0.3103633 0.0482149 0.3001646 0.4186304 0.0066874 0.3051394 0.2997524 0.4182326 0.2747215 0.3052911 0.0134331 0.2999131 0.0134358 0.3563801 0.0589337 
n200_201   0.1356900 0.3416988 0.0000000 0.2957566 0.1236691 0.3265960 0.3523154 0.1398055 0.1275984 0.1316669 0.3370991 0.1276144 0.3583892 0.3416988 0.1276202 0.1517252 0.3424859 0.3106799 0.1316389 0.3417554 0.3214204 0.3472533 0.2819034 0.3633848 
n286_287   0.2804716 0.2745523 0.2957566 0.0000000 0.2659091 0.1189169 0.2649433 0.2855546 0.2755250 0.2756057 0.2511003 0.2706414 0.4064534 0.2649729 0.2610921 0.2704442 0.3834606 0.0100498 0.2755521 0.2650199 0.1073082 0.2699271 0.3255365 0.2842832 
n287_288   0.0237503 0.3001876 0.1236691 0.2659091 0.0000000 0.3006133 0.3102252 0.0272195 0.0203016 0.0134784 0.2857490 0.0100814 0.3695016 0.3001876 0.0100822 0.0736855 0.3533568 0.2802270 0.0203044 0.3002394 0.2956255 0.3054164 0.2859441 0.3102944 
n266_267   0.3110676 0.2946892 0.3265960 0.1189169 0.3006133 0.0000000 0.2847980 0.3212780 0.3107154 0.3108019 0.2705538 0.3055739 0.4119515 0.2848318 0.2955519 0.3000886 0.3835852 0.1306800 0.3107432 0.2848825 0.0518018 0.2899396 0.3410394 0.3046694 
n292_293   0.3257131 0.0134362 0.3523154 0.2649433 0.3102252 0.2847980 0.0000000 0.3259977 0.3204535 0.3205412 0.0482126 0.3152446 0.4126587 0.0066871 0.3152407 0.3148132 0.4122712 0.2651058 0.3154008 0.0134326 0.2899472 0.0134352 0.3563274 0.0589307 
n293_294   0.0237648 0.3157379 0.1398055 0.2855546 0.0272195 0.3212780 0.3259977 0.0000000 0.0203139 0.0341925 0.2909093 0.0306879 0.3861728 0.3157379 0.0306900 0.0886714 0.3696741 0.3002666 0.0203167 0.3157917 0.3059678 0.3210913 0.3111486 0.3156395 
n275_276   0.0168812 0.3102769 0.1275984 0.2755250 0.0203016 0.3107154 0.3204535 0.0203139 0.0000000 0.0272014 0.2856428 0.0237358 0.3806523 0.3102769 0.0237374 0.0810954 0.3642647 0.2900306 0.0134700 0.3103300 0.3056562 0.3155838 0.3007307 0.3101814 
n289_290   0.0306862 0.3103633 0.1316669 0.2756057 0.0134784 0.3108019 0.3205412 0.0341925 0.0272014 0.0000000 0.2957375 0.0168838 0.3807456 0.3103633 0.0168849 0.0811235 0.3643572 0.2901138 0.0272052 0.3104164 0.3057419 0.3156710 0.3008158 0.3206142 
n278_279   0.2906667 0.0482149 0.3370991 0.2511003 0.2857490 0.2705538 0.0482126 0.2909093 0.2856428 0.2957375 0.0000000 0.2906170 0.4078351 0.0411287 0.2906161 0.2902166 0.4074546 0.2557450 0.2856702 0.0482016 0.2805257 0.0482113 0.3354077 0.0236763 
n295_296   0.0272014 0.3001646 0.1276144 0.2706414 0.0100814 0.3055739 0.3152446 0.0306879 0.0237358 0.0168838 0.2906170 0.0000000 0.3637680 0.3051420 0.0134712 0.0700212 0.3477524 0.2850473 0.0237391 0.3051945 0.3005526 0.3104074 0.2906258 0.3153156 
n251_252   0.3807019 0.4186304 0.3583892 0.4064534 0.3695016 0.4119515 0.4126587 0.3861728 0.3806523 0.3807456 0.4078351 0.3637680 0.0000000 0.4069908 0.3749376 0.3850863 0.0481898 0.4237085 0.3806789 0.4127934 0.4240513 0.4129007 0.2994842 0.4191911 
n274_275   0.3154660 0.0066874 0.3416988 0.2649729 0.3001876 0.2848318 0.0066871 0.3157379 0.3102769 0.3103633 0.0411287 0.3051420 0.4069908 0.0000000 0.3051394 0.3047234 0.4066125 0.2651353 0.3052911 0.0066856 0.2899823 0.0066869 0.3456932 0.0517483 
n290_291   0.0272032 0.3051394 0.1276202 0.2610921 0.0100822 0.2955519 0.3152407 0.0306900 0.0237374 0.0168849 0.2906161 0.0134712 0.3749376 0.3051394 0.0000000 0.0773746 0.3586833 0.2753154 0.0237407 0.3051919 0.2905999 0.3104042 0.2956581 0.3153117 
n236_237   0.0848669 0.2997524 0.1517252 0.2704442 0.0736855 0.3000886 0.3148132 0.0886714 0.0810954 0.0811235 0.2902166 0.0700212 0.3850863 0.3047234 0.0773746 0.0000000 0.3852604 0.2848422 0.0811061 0.3047758 0.3001397 0.3099819 0.3104173 0.3148839 
n255_256   0.3643156 0.4182326 0.3424859 0.3834606 0.3533568 0.3835852 0.4122712 0.3696741 0.3642647 0.3643572 0.4074546 0.3477524 0.0481898 0.4066125 0.3586833 0.3852604 0.0000000 0.4001816 0.3642920 0.4124055 0.3952110 0.4125126 0.2750328 0.4246243 
n285_286   0.2950736 0.2747215 0.3106799 0.0100498 0.2802270 0.1306800 0.2651058 0.3002666 0.2900306 0.2901138 0.2557450 0.2850473 0.4237085 0.2651353 0.2753154 0.2848422 0.4001816 0.0000000 0.2900581 0.2651824 0.1188944 0.2700929 0.3410396 0.2891299 
n294_295   0.0168835 0.3052911 0.1316389 0.2755521 0.0203044 0.3107432 0.3154008 0.0203167 0.0134700 0.0272052 0.2856702 0.0237391 0.3806789 0.3052911 0.0237407 0.0811061 0.3642920 0.2900581 0.0000000 0.3053436 0.3056839 0.3105603 0.3007585 0.3102092 
n300_301   0.3155197 0.0134331 0.3417554 0.2650199 0.3002394 0.2848825 0.0134326 0.3157917 0.3103300 0.3104164 0.0482016 0.3051945 0.4127934 0.0066856 0.3051919 0.3047758 0.4124055 0.2651824 0.3053436 0.0000000 0.2900328 0.0033387 0.3354014 0.0589172 
n265_266   0.3060024 0.2999131 0.3214204 0.1073082 0.2956255 0.0518018 0.2899472 0.3059678 0.3056562 0.3057419 0.2805257 0.3005526 0.4240513 0.2899823 0.2905999 0.3001397 0.3952110 0.1188944 0.3056839 0.2900328 0.0000000 0.2951301 0.3414666 0.3151341 
n299_300   0.3208126 0.0134358 0.3472533 0.2699271 0.3054164 0.2899396 0.0134352 0.3210913 0.3155838 0.3156710 0.0482113 0.3104074 0.4129007 0.0066869 0.3104042 0.3099819 0.4125126 0.2700929 0.3105603 0.0033387 0.2951301 0.0000000 0.3408327 0.0589292 
n244_245   0.3011014 0.3563801 0.2819034 0.3255365 0.2859441 0.3410394 0.3563274 0.3111486 0.3007307 0.3008158 0.3354077 0.2906258 0.2994842 0.3456932 0.2956581 0.3104173 0.2750328 0.3410396 0.3007585 0.3354014 0.3414666 0.3408327 0.0000000 0.3566724 
n277_278   0.3051004 0.0589337 0.3633848 0.2842832 0.3102944 0.3046694 0.0589307 0.3156395 0.3101814 0.3206142 0.0236763 0.3153156 0.4191911 0.0517483 0.3153117 0.3148839 0.4246243 0.2891299 0.3102092 0.0589172 0.3151341 0.0589292 0.3566724 0.0000000 
