24
n286_259   0.0000000 1.8726414 1.6416540 2.1196964 0.0560059 1.7996797 2.0562267 2.1865166 2.0456201 1.6716221 2.1188533 1.8538810 2.2635678 1.8893774 1.9906812 2.7928383 1.2187347 1.7835166 2.0124871 2.1521558 1.9683670 1.7828070 2.7404878 1.0341812 
n289_262   1.8726414 0.0000000 0.2451766 2.2236720 1.8787009 0.2840268 2.0188681 2.0920162 1.1427326 0.2539679 2.1317994 0.2548788 2.1665274 0.2491689 0.0483603 5.5216149 1.8989589 0.1205238 2.4227683 2.1366240 0.0556175 0.1245080 0.5536458 1.8623433 
n297_270   1.6416540 0.2451766 0.0000000 2.4206264 1.7090623 0.1706038 2.2183918 2.4387565 0.9990397 0.1450498 2.5355826 0.0342503 2.3523596 0.1206742 0.2448518 2.6349040 1.8932234 0.2306206 2.3568872 2.3633014 0.2704669 0.2212258 0.5595945 1.7852268 
n300_273   2.1196964 2.2236720 2.4206264 0.0000000 2.2624984 2.6169966 0.5318793 0.0932209 2.0904722 2.2324299 0.1333049 2.5213347 0.0134680 2.2946214 2.4468598 2.4614279 1.8579726 2.4920771 0.4989016 0.0272368 2.5227303 2.4399319 2.4576854 1.6023732 
n285_258   0.0560059 1.8787009 1.7090623 2.2624984 0.0000000 1.9362823 2.0326812 2.2224901 2.2194322 1.7683895 2.1441476 1.9401704 2.3024129 1.9339758 1.9515366 2.6286907 1.2533357 1.7567566 1.9582787 2.1856430 1.9672340 1.7560323 2.4919201 1.1262327 
n294_267   1.7996797 0.2840268 0.1706038 2.6169966 1.9362823 0.0000000 2.4610039 2.5331961 1.1988305 0.0413163 2.6293476 0.1752350 2.5363554 0.1288032 0.2839638 2.4027112 1.9773545 0.2946346 2.8198236 2.5654128 0.3113102 0.2950545 0.6176889 1.8355749 
n277_250   2.0562267 2.0188681 2.2183918 0.5318793 2.0326812 2.4610039 0.0000000 0.4557936 2.5693431 2.1690801 0.4908905 2.2348313 0.5169965 2.1015141 2.0568883 2.7805959 1.8983513 1.9183047 0.1253540 0.5093814 2.2447614 1.8925889 2.3710281 1.6025792 
n280_253   2.1865166 2.0920162 2.4387565 0.0932209 2.2224901 2.5331961 0.4557936 0.0000000 2.1739377 2.2263463 0.1172295 2.3715559 0.0855056 2.1776241 2.2477094 2.4672495 2.0463259 2.5132724 0.4768974 0.0854595 2.3645732 2.4610861 2.3739869 1.6226267 
n200_187   2.0456201 1.1427326 0.9990397 2.0904722 2.2194322 1.1988305 2.5693431 2.1739377 0.0000000 1.1592658 2.5216784 1.0570632 2.2333996 1.1835307 1.1601329 2.6766294 1.9829898 1.1486409 2.6435345 2.1667405 1.0782101 1.1476806 1.1022666 1.9942905 
n293_266   1.6716221 0.2539679 0.1450498 2.2324299 1.7683895 0.0413163 2.1690801 2.2263463 1.1592658 0.0000000 2.1918399 0.1494670 2.1750430 0.1047794 0.2539136 2.5417715 1.9363271 0.2640975 2.4358898 2.1932957 0.2848913 0.2592211 0.5852824 1.8693725 
n274_247   2.1188533 2.1317994 2.5355826 0.1333049 2.1441476 2.6293476 0.4908905 0.1172295 2.5216784 2.1918399 0.0000000 2.4616014 0.1250664 2.2250596 2.2337928 2.5717128 1.8605852 2.4174269 0.5064837 0.1290673 2.4926065 2.3229969 2.6277337 1.7448183 
n298_271   1.8538810 0.2548788 0.0342503 2.5213347 1.9401704 0.1752350 2.2348313 2.3715559 1.0570632 0.1494670 2.4616014 0.0000000 2.4472053 0.1249013 0.2545385 2.5779760 2.0152171 0.2401139 2.6013187 2.3558506 0.2805499 0.2305921 0.5448337 1.8931991 
n299_272   2.2635678 2.1665274 2.3523596 0.0134680 2.3024129 2.5363554 0.5169965 0.0855056 2.2333996 2.1750430 0.1250664 2.4472053 0.0000000 2.2335664 2.3772696 2.5100827 1.9385312 2.4202002 0.5050267 0.0271991 2.5082607 2.3707805 2.5068467 1.6626750 
n275_248   1.8893774 0.2491689 0.1206742 2.2946214 1.9339758 0.1288032 2.1015141 2.1776241 1.1835307 0.1047794 2.2250596 0.1249013 2.2335664 0.0000000 0.2491159 2.2558792 1.9553330 0.2544730 2.3497955 2.1557171 0.2798870 0.2447596 0.5804172 1.7997882 
n287_260   1.9906812 0.0483603 0.2448518 2.4468598 1.9515366 0.2839638 2.0568883 2.2477094 1.1601329 0.2539136 2.2337928 0.2545385 2.3772696 0.2491159 0.0000000 6.6196172 1.8843078 0.1124376 2.4649735 2.3430544 0.0519916 0.1124867 0.5394912 1.8484983 
n244_221   2.7928383 5.5216149 2.6349040 2.4614279 2.6286907 2.4027112 2.7805959 2.4672495 2.6766294 2.5417715 2.5717128 2.5779760 2.5100827 2.2558792 6.6196172 0.0000000 8.9999990 5.6028009 2.9618388 2.3862993 4.7358239 4.3186064 3.4046995 2.9027974 
n265_238   1.2187347 1.8989589 1.8932234 1.8579726 1.2533357 1.9773545 1.8983513 2.0463259 1.9829898 1.9363271 1.8605852 2.0152171 1.9385312 1.9553330 1.8843078 8.9999990 0.0000000 1.7213292 2.1365616 1.8618847 1.9024931 1.8151363 2.3228604 0.1548737 
n296_269   1.7835166 0.1205238 0.2306206 2.4920771 1.7567566 0.2946346 1.9183047 2.5132724 1.1486409 0.2640975 2.4174269 0.2401139 2.4202002 0.2544730 0.1124376 5.6028009 1.7213292 0.0000000 2.3262570 2.3217644 0.1367979 0.0236656 0.5255359 1.7675140 
n278_251   2.0124871 2.4227683 2.3568872 0.4989016 1.9582787 2.8198236 0.1253540 0.4768974 2.6435345 2.4358898 0.5064837 2.6013187 0.5050267 2.3497955 2.4649735 2.9618388 2.1365616 2.3262570 0.0000000 0.4975200 2.8222088 2.2919141 2.7505549 1.7810710 
n292_265   2.1521558 2.1366240 2.3633014 0.0272368 2.1856430 2.5654128 0.5093814 0.0854595 2.1667405 2.1932957 0.1290673 2.3558506 0.0271991 2.1557171 2.3430544 2.3862993 1.8618847 2.3217644 0.4975200 0.0000000 2.4711388 2.2756058 2.3911926 1.5825999 
n290_263   1.9683670 0.0556175 0.2704669 2.5227303 1.9672340 0.3113102 2.2447614 2.3645732 1.0782101 0.2848913 2.4926065 0.2805499 2.5082607 0.2798870 0.0519916 4.7358239 1.9024931 0.1367979 2.8222088 2.4711388 0.0000000 0.1368600 0.5766477 1.8308400 
n295_268   1.7828070 0.1245080 0.2212258 2.4399319 1.7560323 0.2950545 1.8925889 2.4610861 1.1476806 0.2592211 2.3229969 0.2305921 2.3707805 0.2447596 0.1124867 4.3186064 1.8151363 0.0236656 2.2919141 2.2756058 0.1368600 0.0000000 0.5187694 1.8666473 
n236_215   2.7404878 0.5536458 0.5595945 2.4576854 2.4919201 0.6176889 2.3710281 2.3739869 1.1022666 0.5852824 2.6277337 0.5448337 2.5068467 0.5804172 0.5394912 3.4046995 2.3228604 0.5255359 2.7505549 2.3911926 0.5766477 0.5187694 0.0000000 2.3585494 
n266_239   1.0341812 1.8623433 1.7852268 1.6023732 1.1262327 1.8355749 1.6025792 1.6226267 1.9942905 1.8693725 1.7448183 1.8931991 1.6626750 1.7997882 1.8484983 2.9027974 0.1548737 1.7675140 1.7810710 1.5825999 1.8308400 1.8666473 2.3585494 0.0000000 
