24
n289_290   0.0000000 0.0412825 0.0101088 0.3557030 0.4096759 0.0342063 0.4039327 0.5064309 0.0342217 0.3610087 0.0135063 0.4038813 0.4916184 0.4161611 0.0135063 0.1559850 0.4171125 0.0412700 0.0847441 0.4147462 0.3710991 0.0307338 0.4818506 0.3596687 
n294_295   0.0412825 0.0000000 0.0306998 0.3605999 0.4214744 0.0203174 0.4156393 0.4983825 0.0067178 0.3552914 0.0341831 0.4155866 0.4912063 0.4158198 0.0341831 0.1641660 0.4224136 0.0272347 0.0921918 0.4266105 0.3594630 0.0169032 0.4682996 0.3592941 
n295_296   0.0101088 0.0306998 0.0000000 0.3494693 0.3918071 0.0237431 0.3862040 0.4918223 0.0237538 0.3442388 0.0033487 0.3861547 0.4715705 0.3981138 0.0033487 0.1434720 0.3990147 0.0306905 0.0734975 0.3967765 0.3596682 0.0203174 0.4677216 0.3484292 
n266_267   0.3557030 0.3605999 0.3494693 0.0000000 0.3818850 0.3656666 0.3763414 0.4799560 0.3552410 0.0237810 0.3547613 0.3762932 0.4491367 0.4000900 0.3492161 0.3429758 0.4000152 0.3770284 0.3326359 0.3868143 0.1395600 0.3605000 0.4622806 0.1315158 
n299_300   0.4096759 0.4214744 0.3918071 0.3818850 0.0000000 0.4035107 0.0167841 0.4898215 0.4095054 0.3763602 0.3919273 0.0033222 0.4901592 0.0551283 0.3915185 0.3740040 0.0551574 0.4154548 0.3575379 0.0099983 0.4031152 0.4093258 0.4918099 0.3802175 
n298_299   0.0342063 0.0203174 0.0237431 0.3656666 0.4035107 0.0000000 0.3978171 0.4907542 0.0134755 0.3603281 0.0271920 0.3977665 0.4911028 0.4152532 0.0271920 0.1556942 0.4218348 0.0067085 0.0845911 0.4085451 0.3760645 0.0067072 0.4609919 0.3643391 
n274_275   0.4039327 0.4156393 0.3862040 0.3763414 0.0167841 0.3978171 0.0000000 0.4834287 0.4037646 0.3708567 0.3863221 0.0133961 0.4849026 0.0587920 0.3859203 0.3685422 0.0588231 0.4096674 0.3521952 0.0201590 0.3974297 0.4035882 0.4853837 0.3747039 
n251_252   0.5064309 0.4983825 0.4918223 0.4799560 0.4898215 0.4907542 0.4834287 0.0000000 0.4850533 0.4732384 0.4982041 0.4833708 0.3547973 0.5251707 0.4982041 0.4643205 0.5181040 0.5042684 0.4574776 0.4953534 0.5037434 0.4976551 0.0341150 0.4903254 
n293_294   0.0342217 0.0067178 0.0237538 0.3552410 0.4095054 0.0134755 0.4037646 0.4850533 0.0000000 0.3499677 0.0272042 0.4037133 0.4780208 0.4039389 0.0272042 0.1557725 0.4104126 0.0203205 0.0846312 0.4145739 0.3655197 0.0100900 0.4554661 0.3539587 
n265_266   0.3610087 0.3552914 0.3442388 0.0237810 0.3763602 0.3603281 0.3708567 0.4732384 0.3499677 0.0000000 0.3494964 0.3708092 0.4308324 0.3944189 0.3439900 0.3378019 0.3943457 0.3716089 0.3275279 0.3812608 0.1354072 0.3551932 0.4557141 0.1274140 
n296_297   0.0135063 0.0341831 0.0033487 0.3547613 0.3919273 0.0271920 0.3863221 0.4982041 0.0272042 0.3494964 0.0000000 0.3862728 0.4777751 0.3982364 0.0067112 0.1475058 0.3991379 0.0341728 0.0771684 0.3968983 0.3650236 0.0237533 0.4739178 0.3537022 
n300_301   0.4038813 0.4155866 0.3861547 0.3762932 0.0033222 0.3977665 0.0133961 0.4833708 0.4037133 0.3708092 0.3862728 0.0000000 0.4837033 0.0515580 0.3858711 0.3684953 0.0515852 0.4096154 0.3521504 0.0066503 0.3973791 0.4035369 0.4853256 0.3746561 
n244_245   0.4916184 0.4912063 0.4715705 0.4491367 0.4901592 0.4911028 0.4849026 0.3547973 0.4780208 0.4308324 0.4777751 0.4837033 0.0000000 0.5251552 0.4777751 0.4446970 0.5318074 0.5046255 0.4508076 0.4890386 0.4653894 0.4911862 0.3340396 0.4466067 
n278_279   0.4161611 0.4158198 0.3981138 0.4000900 0.0551283 0.4152532 0.0587920 0.5251707 0.4039389 0.3944189 0.3982364 0.0515580 0.5251552 0.0000000 0.3978193 0.3797371 0.0201958 0.4273950 0.3575905 0.0586317 0.4223405 0.4097812 0.5267582 0.3987833 
n287_288   0.0135063 0.0341831 0.0033487 0.3492161 0.3915185 0.0271920 0.3859203 0.4982041 0.0272042 0.3439900 0.0067112 0.3858711 0.4777751 0.3978193 0.0000000 0.1475058 0.3987190 0.0341728 0.0771684 0.3964839 0.3594068 0.0237533 0.4739178 0.3481774 
n200_201   0.1559850 0.1641660 0.1434720 0.3429758 0.3740040 0.1556942 0.3685422 0.4643205 0.1557725 0.3378019 0.1475058 0.3684953 0.4446970 0.3797371 0.1475058 0.0000000 0.3748950 0.1641107 0.1035208 0.3788705 0.3592230 0.1516897 0.4477180 0.3480024 
n277_278   0.4171125 0.4224136 0.3990147 0.4000152 0.0551574 0.4218348 0.0588231 0.5181040 0.4104126 0.3943457 0.3991379 0.0515852 0.5318074 0.0201958 0.3987190 0.3748950 0.0000000 0.4341016 0.3580139 0.0586624 0.4338831 0.4163129 0.5196630 0.4099779 
n297_298   0.0412700 0.0272347 0.0306905 0.3770284 0.4154548 0.0067085 0.4096674 0.5042684 0.0203205 0.3716089 0.0341728 0.4096154 0.5046255 0.4273950 0.0341728 0.1641107 0.4341016 0.0000000 0.0921627 0.4205566 0.3875762 0.0134850 0.4739991 0.3756490 
n236_237   0.0847441 0.0921918 0.0734975 0.3326359 0.3575379 0.0845911 0.3521952 0.4574776 0.0846312 0.3275279 0.0771684 0.3521504 0.4508076 0.3575905 0.0771684 0.1035208 0.3580139 0.0921627 0.0000000 0.3623188 0.3428752 0.0809216 0.4348223 0.3319151 
n280_281   0.4147462 0.4266105 0.3967765 0.3868143 0.0099983 0.4085451 0.0201590 0.4953534 0.4145739 0.3812608 0.3968983 0.0066503 0.4890386 0.0586317 0.3964839 0.3788705 0.0586624 0.4205566 0.3623188 0.0000000 0.4081429 0.4143917 0.4973681 0.3851222 
n285_286   0.3710991 0.3594630 0.3596682 0.1395600 0.4031152 0.3760645 0.3974297 0.5037434 0.3655197 0.1354072 0.3650236 0.3973791 0.4653894 0.4223405 0.3594068 0.3592230 0.4338831 0.3875762 0.3428752 0.4081429 0.0000000 0.3708400 0.4856012 0.0202789 
n275_276   0.0307338 0.0169032 0.0203174 0.3605000 0.4093258 0.0067072 0.4035882 0.4976551 0.0100900 0.3551932 0.0237533 0.4035369 0.4911862 0.4097812 0.0237533 0.1516897 0.4163129 0.0134850 0.0809216 0.4143917 0.3708400 0.0000000 0.4676277 0.3591949 
n255_256   0.4818506 0.4682996 0.4677216 0.4622806 0.4918099 0.4609919 0.4853837 0.0341150 0.4554661 0.4557141 0.4739178 0.4853256 0.3340396 0.5267582 0.4739178 0.4477180 0.5196630 0.4739991 0.4348223 0.4973681 0.4856012 0.4676277 0.0000000 0.4724871 
n286_287   0.3596687 0.3592941 0.3484292 0.1315158 0.3802175 0.3643391 0.3747039 0.4903254 0.3539587 0.1274140 0.3537022 0.3746561 0.4466067 0.3987833 0.3481774 0.3480024 0.4099779 0.3756490 0.3319151 0.3851222 0.0202789 0.3591949 0.4724871 0.0000000 
