24
n289_290   0.0000000 0.0559275 0.0203456 0.3269708 0.2887963 0.0485951 0.0100801 0.2887897 0.3630063 0.0596687 0.3272732 0.0238008 0.2940621 0.3262663 0.2685103 0.0134685 0.1470504 0.2735741 0.0782989 0.2837165 0.3105179 0.0558485 0.3355954 0.3050799 
n294_295   0.0559275 0.0000000 0.0414171 0.3335057 0.3108967 0.0203760 0.0450407 0.3108862 0.3933291 0.0101197 0.3338160 0.0449933 0.3163450 0.3391212 0.2899374 0.0486125 0.1774802 0.2951677 0.0860148 0.3056492 0.3229103 0.0273150 0.3648107 0.3173560 
n295_296   0.0203456 0.0414171 0.0000000 0.3099070 0.2727192 0.0342760 0.0100868 0.2727153 0.3560835 0.0450512 0.3101901 0.0033439 0.2778539 0.3206186 0.2529170 0.0134776 0.1509716 0.2578610 0.0632353 0.2677599 0.2938789 0.0413589 0.3289757 0.2885790 
n266_267   0.3269708 0.3335057 0.3099070 0.0000000 0.2284191 0.3385120 0.3157416 0.2284207 0.4082318 0.3513463 0.0307101 0.3153366 0.2332325 0.3737830 0.2282825 0.3209695 0.3045091 0.2281695 0.2950233 0.2237544 0.1375147 0.3331241 0.3783849 0.1333622 
n299_300   0.2887963 0.3108967 0.2727192 0.2284191 0.0000000 0.2996733 0.2782013 0.0134847 0.3783889 0.3108866 0.2332206 0.2778539 0.0033437 0.3270917 0.0559911 0.2831677 0.2888962 0.0559688 0.2944858 0.0033437 0.2382431 0.2945663 0.3505417 0.2379888 
n298_299   0.0485951 0.0203760 0.0342760 0.3385120 0.2996733 0.0000000 0.0378483 0.2996648 0.3814546 0.0238675 0.3388275 0.0378087 0.3050274 0.3326358 0.2790617 0.0413794 0.1642008 0.2842061 0.0708202 0.2945124 0.3217734 0.0203478 0.3533497 0.3162425 
n290_291   0.0100801 0.0450407 0.0100868 0.3157416 0.2782013 0.0378483 0.0000000 0.2781964 0.3511261 0.0487038 0.3160314 0.0134851 0.2833829 0.3150657 0.2582257 0.0033389 0.1554140 0.2632127 0.0670107 0.2731988 0.2995616 0.0449773 0.3241478 0.2942123 
n274_275   0.2887897 0.3108862 0.2727153 0.2284207 0.0134847 0.2996648 0.2781964 0.0000000 0.3783626 0.3108760 0.2332217 0.2778492 0.0169013 0.3270779 0.0560559 0.2831621 0.2888896 0.0560335 0.2944783 0.0100912 0.2382436 0.2945587 0.3505225 0.2379893 
n251_252   0.3630063 0.3933291 0.3560835 0.4082318 0.3783889 0.3814546 0.3511261 0.3783626 0.0000000 0.3939735 0.4151193 0.3619054 0.3787274 0.2860786 0.3797772 0.3566232 0.4040512 0.3795487 0.3998719 0.3726347 0.4091416 0.3934316 0.0483964 0.4028811 
n293_294   0.0596687 0.0101197 0.0450512 0.3513463 0.3108866 0.0238675 0.0487038 0.3108760 0.3939735 0.0000000 0.3516774 0.0486523 0.3163349 0.3453378 0.2899273 0.0522985 0.1821854 0.2951576 0.0899806 0.3056390 0.3288573 0.0308539 0.3654044 0.3286010 
n265_266   0.3272732 0.3338160 0.3101901 0.0307101 0.2332206 0.3388275 0.3160314 0.2332217 0.4151193 0.3516774 0.0000000 0.3156257 0.2380674 0.3793943 0.2330794 0.3212649 0.3213931 0.2329624 0.2952912 0.2285246 0.1251535 0.3334337 0.3858424 0.1210815 
n296_297   0.0238008 0.0449933 0.0033439 0.3153366 0.2778539 0.0378087 0.0134851 0.2778492 0.3619054 0.0486523 0.3156257 0.0000000 0.2830278 0.3208976 0.2579075 0.0168922 0.1552362 0.2628872 0.0669390 0.2728588 0.2991817 0.0449300 0.3291502 0.2938406 
n300_301   0.2940621 0.3163450 0.2778539 0.2332325 0.0033437 0.3050274 0.2833829 0.0169013 0.3787274 0.3163349 0.2380674 0.2830278 0.0000000 0.3326702 0.0596593 0.2883840 0.2838125 0.0596355 0.2998023 0.0067051 0.2431287 0.2998832 0.3508522 0.2428685 
n244_245   0.3262663 0.3391212 0.3206186 0.3737830 0.3270917 0.3326358 0.3150657 0.3270779 0.2860786 0.3453378 0.3793943 0.3208976 0.3326702 0.0000000 0.3163412 0.3202810 0.3921549 0.3161656 0.3507293 0.3217247 0.3567112 0.3383251 0.2606595 0.3454413 
n278_279   0.2685103 0.2899374 0.2529170 0.2282825 0.0559911 0.2790617 0.2582257 0.0560559 0.3797772 0.2899273 0.2330794 0.2579075 0.0596593 0.3163412 0.0000000 0.2630647 0.2787942 0.0067061 0.2787365 0.0523686 0.2333723 0.2740913 0.3518113 0.2331239 
n287_288   0.0134685 0.0486125 0.0134776 0.3209695 0.2831677 0.0413794 0.0033389 0.2831621 0.3566232 0.0522985 0.3212649 0.0168922 0.2883840 0.3202810 0.2630647 0.0000000 0.1596056 0.2680832 0.0706975 0.2781335 0.3046773 0.0485440 0.3294694 0.2992915 
n200_201   0.1470504 0.1774802 0.1509716 0.3045091 0.2888962 0.1642008 0.1554140 0.2888896 0.4040512 0.1821854 0.3213931 0.1552362 0.2838125 0.3921549 0.2787942 0.1596056 0.0000000 0.2786468 0.1644305 0.2838125 0.3214330 0.1772183 0.3629739 0.3159078 
n277_278   0.2735741 0.2951677 0.2578610 0.2281695 0.0559688 0.2842061 0.2632127 0.0560335 0.3795487 0.2951576 0.2329624 0.2628872 0.0596355 0.3161656 0.0067061 0.2680832 0.2786468 0.0000000 0.2838739 0.0523478 0.2332560 0.2792020 0.3516063 0.2330068 
n236_237   0.0782989 0.0860148 0.0632353 0.2950233 0.2944858 0.0708202 0.0670107 0.2944783 0.3998719 0.0899806 0.2952912 0.0669390 0.2998023 0.3507293 0.2787365 0.0706975 0.1644305 0.2838739 0.0000000 0.2893595 0.2792427 0.0858919 0.3653435 0.2684817 
n280_281   0.2837165 0.3056492 0.2677599 0.2237544 0.0033437 0.2945124 0.2731988 0.0100912 0.3726347 0.3056390 0.2285246 0.2728588 0.0067051 0.3217247 0.0523686 0.2781335 0.2838125 0.0523478 0.2893595 0.0000000 0.2335114 0.2894394 0.3449872 0.2332627 
n285_286   0.3105179 0.3229103 0.2938789 0.1375147 0.2382431 0.3217734 0.2995616 0.2382436 0.4091416 0.3288573 0.1251535 0.2991817 0.2431287 0.3567112 0.2333723 0.3046773 0.3214330 0.2332560 0.2792427 0.2335114 0.0000000 0.3165062 0.3743646 0.0100734 
n275_276   0.0558485 0.0273150 0.0413589 0.3331241 0.2945663 0.0203478 0.0449773 0.2945587 0.3934316 0.0308539 0.3334337 0.0449300 0.2998832 0.3383251 0.2740913 0.0485440 0.1772183 0.2792020 0.0858919 0.2894394 0.3165062 0.0000000 0.3648990 0.3110146 
n255_256   0.3355954 0.3648107 0.3289757 0.3783849 0.3505417 0.3533497 0.3241478 0.3505225 0.0483964 0.3654044 0.3858424 0.3291502 0.3508522 0.2606595 0.3518113 0.3294694 0.3629739 0.3516063 0.3653435 0.3449872 0.3743646 0.3648990 0.0000000 0.3683834 
n286_287   0.3050799 0.3173560 0.2885790 0.1333622 0.2379888 0.3162425 0.2942123 0.2379893 0.4028811 0.3286010 0.1210815 0.2938406 0.2428685 0.3454413 0.2331239 0.2992915 0.3159078 0.2330068 0.2684817 0.2332627 0.0100734 0.3110146 0.3683834 0.0000000 
