25
n298_299   0.0000000 0.3029582 0.1542763 0.3404809 0.0519634 0.3247841 0.3239392 0.0169090 0.0237967 0.0556125 0.3031012 0.0483211 0.4287134 0.2981032 0.0591615 0.1167361 0.4211425 0.3196591 0.0169150 0.3126097 0.3193834 0.0447315 0.3074859 0.4452659 0.2977503 
n280_281   0.3029582 0.0000000 0.3363837 0.2773114 0.3124708 0.2772206 0.0272861 0.3238584 0.3247320 0.3129771 0.0414372 0.3074342 0.3593674 0.0101160 0.3079812 0.3245859 0.3315165 0.2581244 0.3240027 0.0203239 0.2568890 0.3020587 0.0168996 0.3004461 0.0449835 
n200_201   0.1542763 0.3363837 0.0000000 0.3355798 0.1803431 0.3146117 0.3584582 0.1717061 0.1804617 0.1806113 0.3256407 0.1715909 0.4430214 0.3313094 0.1761105 0.1763084 0.4343474 0.3201627 0.1717748 0.3412231 0.2990243 0.1671876 0.3410879 0.4222203 0.3305472 
n286_287   0.3404809 0.2773114 0.3355798 0.0000000 0.3516858 0.2008505 0.3076603 0.3463968 0.3581772 0.3575915 0.2926505 0.3516577 0.4399986 0.2823902 0.3467518 0.3598914 0.4267787 0.0202859 0.3465540 0.2966157 0.1786860 0.3459076 0.2916034 0.4048327 0.3081994 
n287_288   0.0519634 0.3124708 0.1803431 0.3516858 0.0000000 0.3520014 0.3336808 0.0628766 0.0666592 0.0100481 0.3126189 0.0237389 0.4212519 0.3075715 0.0134130 0.1166456 0.4081450 0.3305596 0.0628995 0.3166940 0.3463923 0.0202868 0.3115567 0.4511717 0.3072076 
n266_267   0.3247841 0.2772206 0.3146117 0.2008505 0.3520014 0.0000000 0.3023721 0.3411558 0.3363272 0.3525902 0.2876920 0.3409420 0.4355574 0.2822967 0.3467600 0.3260368 0.4084242 0.1835363 0.3413101 0.2965149 0.0272625 0.3352762 0.2915053 0.3835836 0.3080920 
n292_293   0.3239392 0.0272861 0.3584582 0.3076603 0.3336808 0.3023721 0.0000000 0.3454551 0.3409212 0.3342292 0.0558113 0.3285089 0.3704861 0.0238352 0.3290928 0.3410002 0.3481188 0.2877154 0.3456115 0.0203445 0.2812879 0.3229637 0.0169166 0.3375740 0.0594249 
n293_294   0.0169090 0.3238584 0.1717061 0.3463968 0.0628766 0.3411558 0.3454551 0.0000000 0.0272103 0.0665923 0.3240135 0.0591637 0.4420699 0.3188806 0.0701854 0.1288188 0.4343225 0.3359181 0.0067057 0.3337519 0.3356282 0.0555094 0.3284825 0.4521126 0.3185016 
n275_276   0.0237967 0.3247320 0.1804617 0.3581772 0.0666592 0.3363272 0.3409212 0.0272103 0.0000000 0.0704041 0.3248879 0.0629164 0.4433633 0.3197392 0.0740178 0.1369918 0.4411025 0.3368332 0.0272200 0.3346552 0.3308293 0.0592350 0.3293692 0.4657393 0.3193584 
n289_290   0.0556125 0.3129771 0.1806113 0.3575915 0.0100481 0.3525902 0.3342292 0.0665923 0.0704041 0.0000000 0.3131257 0.0203237 0.4284439 0.3080686 0.0100481 0.1286617 0.4151770 0.3362883 0.0666167 0.3172074 0.3469684 0.0168859 0.3120601 0.4519661 0.3077036 
n278_279   0.3031012 0.0414372 0.3256407 0.2926505 0.3126189 0.2876920 0.0558113 0.3240135 0.3248879 0.3131257 0.0000000 0.3075794 0.3883236 0.0379194 0.3081270 0.3140393 0.3646806 0.2730697 0.3241579 0.0484884 0.2670235 0.3022008 0.0449230 0.3378807 0.0168969 
n295_296   0.0483211 0.3074342 0.1715909 0.3516577 0.0237389 0.3409420 0.3285089 0.0591637 0.0629164 0.0203237 0.3075794 0.0000000 0.4218668 0.3025615 0.0237389 0.1204138 0.4143897 0.3305276 0.0591852 0.3171201 0.3354175 0.0033371 0.3119744 0.4387105 0.3022036 
n251_252   0.4287134 0.3593674 0.4430214 0.4399986 0.4212519 0.4355574 0.3704861 0.4420699 0.4433633 0.4284439 0.3883236 0.4218668 0.0000000 0.3651032 0.4219342 0.4239436 0.0377354 0.4102879 0.4478716 0.3587151 0.4162663 0.4154974 0.3532330 0.3655858 0.3880813 
n274_275   0.2981032 0.0101160 0.3313094 0.2823902 0.3075715 0.2822967 0.0238352 0.3188806 0.3197392 0.3080686 0.0379194 0.3025615 0.3651032 0.0000000 0.3031005 0.3195950 0.3370276 0.2630728 0.3190223 0.0169085 0.2618090 0.2972203 0.0134973 0.3164156 0.0414522 
n290_291   0.0591615 0.3079812 0.1761105 0.3467518 0.0134130 0.3467600 0.3290928 0.0701854 0.0740178 0.0100481 0.3081270 0.0237389 0.4219342 0.3031005 0.0000000 0.1285681 0.4088021 0.3257351 0.0702111 0.3121950 0.3411885 0.0202868 0.3070804 0.4460274 0.3027416 
n236_237   0.1167361 0.3245859 0.1763084 0.3598914 0.1166456 0.3260368 0.3410002 0.1288188 0.1369918 0.1286617 0.3140393 0.1204138 0.4239436 0.3195950 0.1285681 0.0000000 0.4103760 0.3384310 0.1288684 0.3293505 0.3257308 0.1163766 0.3241006 0.4464013 0.3188665 
n255_256   0.4211425 0.3315165 0.4343474 0.4267787 0.4081450 0.4084242 0.3481188 0.4343225 0.4411025 0.4151770 0.3646806 0.4143897 0.0377354 0.3370276 0.4088021 0.4103760 0.0000000 0.3976126 0.4400545 0.3309219 0.3966143 0.4081028 0.3256438 0.3475501 0.3644528 
n285_286   0.3196591 0.2581244 0.3201627 0.0202859 0.3305596 0.1835363 0.2877154 0.3359181 0.3368332 0.3362883 0.2730697 0.3305276 0.4102879 0.2630728 0.3257351 0.3384310 0.3976126 0.0000000 0.3360695 0.2769905 0.1618779 0.3249435 0.2721017 0.3823714 0.2882205 
n294_295   0.0169150 0.3240027 0.1717748 0.3465540 0.0628995 0.3413101 0.3456115 0.0067057 0.0272200 0.0666167 0.3241579 0.0591852 0.4478716 0.3190223 0.0702111 0.1288684 0.4400545 0.3360695 0.0000000 0.3339015 0.3357794 0.0555294 0.3286291 0.4646307 0.3186430 
n300_301   0.3126097 0.0203239 0.3412231 0.2966157 0.3166940 0.2965149 0.0203445 0.3337519 0.3346552 0.3172074 0.0484884 0.3171201 0.3587151 0.0169085 0.3121950 0.3293505 0.3309219 0.2769905 0.3339015 0.0000000 0.2756501 0.3116772 0.0033460 0.3251954 0.0520604 
n265_266   0.3193834 0.2568890 0.2990243 0.1786860 0.3463923 0.0272625 0.2812879 0.3356282 0.3308293 0.3469684 0.2670235 0.3354175 0.4162663 0.2618090 0.3411885 0.3257308 0.3966143 0.1618779 0.3357794 0.2756501 0.0000000 0.3297983 0.2707893 0.3599218 0.2868106 
n296_297   0.0447315 0.3020587 0.1671876 0.3459076 0.0202868 0.3352762 0.3229637 0.0555094 0.0592350 0.0168859 0.3022008 0.0033371 0.4154974 0.2972203 0.0202868 0.1163766 0.4081028 0.3249435 0.0555294 0.3116772 0.3297983 0.0000000 0.3065716 0.4322617 0.2968693 
n299_300   0.3074859 0.0168996 0.3410879 0.2916034 0.3115567 0.2915053 0.0169166 0.3284825 0.3293692 0.3120601 0.0449230 0.3119744 0.3532330 0.0134973 0.3070804 0.3241006 0.3256438 0.2721017 0.3286291 0.0033460 0.2707893 0.3065716 0.0000000 0.3259393 0.0484793 
n244_245   0.4452659 0.3004461 0.4222203 0.4048327 0.4511717 0.3835836 0.3375740 0.4521126 0.4657393 0.4519661 0.3378807 0.4387105 0.3655858 0.3164156 0.4460274 0.4464013 0.3475501 0.3823714 0.4646307 0.3251954 0.3599218 0.4322617 0.3259393 0.0000000 0.3428164 
n277_278   0.2977503 0.0449835 0.3305472 0.3081994 0.3072076 0.3080920 0.0594249 0.3185016 0.3193584 0.3077036 0.0168969 0.3022036 0.3880813 0.0414522 0.3027416 0.3188665 0.3644528 0.2882205 0.3186430 0.0520604 0.2868106 0.2968693 0.0484793 0.3428164 0.0000000 
