23
n298_299   0.0000000 0.4059213 0.2185060 0.3595262 0.0664573 0.3251072 0.4119259 0.0272062 0.0237357 0.0628921 0.0066925 0.3832972 0.0519548 0.4545034 0.0628921 0.0925500 0.4484401 0.3425421 0.0237593 0.3253385 0.0519267 0.4623114 0.3951794 
n280_281   0.4059213 0.0000000 0.4125657 0.3108219 0.4011667 0.3002179 0.0067049 0.3939470 0.3879489 0.4073090 0.4061690 0.0702155 0.3778830 0.4129566 0.4073090 0.3539886 0.4146498 0.3101073 0.3884388 0.3004253 0.3776540 0.4896982 0.0739584 
n200_201   0.2185060 0.4125657 0.0000000 0.3677218 0.2144402 0.3434721 0.4186372 0.2005493 0.2047276 0.2099365 0.2186320 0.3958241 0.2053987 0.5034657 0.2146595 0.1954887 0.4842353 0.3611526 0.2049573 0.3382601 0.2052805 0.5411664 0.3901216 
n286_287   0.3595262 0.3108219 0.3677218 0.0000000 0.3609835 0.1736109 0.3160670 0.3484401 0.3764264 0.3553168 0.3653260 0.2805951 0.3556200 0.4073737 0.3553168 0.3544941 0.3842219 0.0134466 0.3538107 0.1650861 0.3612971 0.3935878 0.2908231 
n287_288   0.0664573 0.4011667 0.2144402 0.3609835 0.0000000 0.3162710 0.4071465 0.0591304 0.0554842 0.0134816 0.0664937 0.3963925 0.0272682 0.4378283 0.0134816 0.0814579 0.4318719 0.3439065 0.0555402 0.3114357 0.0272535 0.4576680 0.4025819 
n266_267   0.3251072 0.3002179 0.3434721 0.1736109 0.3162710 0.0000000 0.3053821 0.3310354 0.3255673 0.3166066 0.3203781 0.2757160 0.3114956 0.3894408 0.3166066 0.3054271 0.3841059 0.1606857 0.3259608 0.0202401 0.3113108 0.3711618 0.2858954 
n292_293   0.4119259 0.0067049 0.4186372 0.3160670 0.4071465 0.3053821 0.0000000 0.3998495 0.3938007 0.4133421 0.4121777 0.0776514 0.3836697 0.4129608 0.4133421 0.3595672 0.4146542 0.3153370 0.3942999 0.3055946 0.3834368 0.4897088 0.0814387 
n293_294   0.0272062 0.3939470 0.2005493 0.3484401 0.0591304 0.3310354 0.3998495 0.0000000 0.0168640 0.0591874 0.0272208 0.3836567 0.0447811 0.4491786 0.0591874 0.0849432 0.4431473 0.3427653 0.0033387 0.3312731 0.0447570 0.4628079 0.3897151 
n275_276   0.0237357 0.3879489 0.2047276 0.3764264 0.0554842 0.3255673 0.3938007 0.0168640 0.0000000 0.0555364 0.0237484 0.3777311 0.0412133 0.4361837 0.0555364 0.0811511 0.4299109 0.3590248 0.0134654 0.3257994 0.0411911 0.4507828 0.3837355 
n289_290   0.0628921 0.4073090 0.2099365 0.3553168 0.0134816 0.3166066 0.4133421 0.0591874 0.0555364 0.0000000 0.0665572 0.3968285 0.0272935 0.4383143 0.0067104 0.0890592 0.4323505 0.3383831 0.0555938 0.3168304 0.0272789 0.4581803 0.4030249 
n297_298   0.0066925 0.4061690 0.2186320 0.3653260 0.0664937 0.3203781 0.4121777 0.0272208 0.0237484 0.0665572 0.0000000 0.3835298 0.0519840 0.4547840 0.0665572 0.0850020 0.4487166 0.3481951 0.0237720 0.3206049 0.0519548 0.4625983 0.3954202 
n278_279   0.3832972 0.0702155 0.3958241 0.2805951 0.3963925 0.2757160 0.0776514 0.3836567 0.3777311 0.3968285 0.3835298 0.0000000 0.3734291 0.3956700 0.3968285 0.3603461 0.4027241 0.2799654 0.3782060 0.2759007 0.3732026 0.4767416 0.0202981 
n295_296   0.0519548 0.3778830 0.2053987 0.3556200 0.0272682 0.3114956 0.3836697 0.0447811 0.0412133 0.0272935 0.0519840 0.3734291 0.0000000 0.4067883 0.0272935 0.0739901 0.3948400 0.3386659 0.0412547 0.3117144 0.0067095 0.4259629 0.3794131 
n251_252   0.4545034 0.4129566 0.5034657 0.4073737 0.4378283 0.3894408 0.4129608 0.4491786 0.4361837 0.4383143 0.4547840 0.3956700 0.4067883 0.0000000 0.4258449 0.4304706 0.0448119 0.3836115 0.4490133 0.3897447 0.4008875 0.3437566 0.4132796 
n290_291   0.0628921 0.4073090 0.2146595 0.3553168 0.0134816 0.3166066 0.4133421 0.0591874 0.0555364 0.0067104 0.0665572 0.3968285 0.0272935 0.4258449 0.0000000 0.0890592 0.4199777 0.3383831 0.0555938 0.3168304 0.0272789 0.4581803 0.4030249 
n236_237   0.0925500 0.3539886 0.1954887 0.3544941 0.0814579 0.3054271 0.3595672 0.0849432 0.0811511 0.0890592 0.0850020 0.3603461 0.0739901 0.4304706 0.0890592 0.0000000 0.4245815 0.3376067 0.0812359 0.3056395 0.0739494 0.4500052 0.3661942 
n255_256   0.4484401 0.4146498 0.4842353 0.3842219 0.4318719 0.3841059 0.4146542 0.4431473 0.4299109 0.4323505 0.4487166 0.4027241 0.3948400 0.0448119 0.4199777 0.4245815 0.0000000 0.3611884 0.4429845 0.3844039 0.3952160 0.3225042 0.4149750 
n285_286   0.3425421 0.3101073 0.3611526 0.0134466 0.3439065 0.1606857 0.3153370 0.3427653 0.3590248 0.3383831 0.3481951 0.2799654 0.3386659 0.3836115 0.3383831 0.3376067 0.3611884 0.0000000 0.3480928 0.1523242 0.3442013 0.3812742 0.2901646 
n294_295   0.0237593 0.3884388 0.2049573 0.3538107 0.0555402 0.3259608 0.3942999 0.0033387 0.0134654 0.0555938 0.0237720 0.3782060 0.0412547 0.4490133 0.0555938 0.0812359 0.4429845 0.3480928 0.0000000 0.3261935 0.0412324 0.4567972 0.3842201 
n265_266   0.3253385 0.3004253 0.3382601 0.1650861 0.3114357 0.0202401 0.3055946 0.3312731 0.3257994 0.3168304 0.3206049 0.2759007 0.3117144 0.3897447 0.3168304 0.3056395 0.3844039 0.1523242 0.3261935 0.0000000 0.3115294 0.3826755 0.2860896 
n296_297   0.0519267 0.3776540 0.2052805 0.3612971 0.0272535 0.3113108 0.3834368 0.0447570 0.0411911 0.0272789 0.0519548 0.3732026 0.0067095 0.4008875 0.0272789 0.0739494 0.3952160 0.3442013 0.0412324 0.3115294 0.0000000 0.4322366 0.3791825 
n244_245   0.4623114 0.4896982 0.5411664 0.3935878 0.4576680 0.3711618 0.4897088 0.4628079 0.4507828 0.4581803 0.4625983 0.4767416 0.4259629 0.3437566 0.4581803 0.4500052 0.3225042 0.3812742 0.4567972 0.3826755 0.4322366 0.0000000 0.4840011 
n277_278   0.3951794 0.0739584 0.3901216 0.2908231 0.4025819 0.2858954 0.0814387 0.3897151 0.3837355 0.4030249 0.3954202 0.0202981 0.3794131 0.4132796 0.4030249 0.3661942 0.4149750 0.2901646 0.3842201 0.2860896 0.3791825 0.4840011 0.0000000 
