25
n298_299   0.0000000 0.2927794 0.1689239 0.3004409 0.0447314 0.2969214 0.2977610 0.0168823 0.0203109 0.0447137 0.0033432 0.2977763 0.0482791 0.4002284 0.3026714 0.0411707 0.0925570 0.4488878 0.3110497 0.2980813 0.2967509 0.0447428 0.2981520 0.4188329 0.2726543 
n280_281   0.2927794 0.0000000 0.2731021 0.2708161 0.2873989 0.2672992 0.0272244 0.2825203 0.2927380 0.2822685 0.2878145 0.0849162 0.2923072 0.4491321 0.0306886 0.2822995 0.2534405 0.5006674 0.2809624 0.0307157 0.2623388 0.2874934 0.0307224 0.4193376 0.0773793 
n200_201   0.1689239 0.2731021 0.0000000 0.2808929 0.1645052 0.2772363 0.2539035 0.1646526 0.1689021 0.1602223 0.1647208 0.2540423 0.1686755 0.3899612 0.2683308 0.1602385 0.1277493 0.4374309 0.2912057 0.2686150 0.2770253 0.1645533 0.2686780 0.4135221 0.2349947 
n286_287   0.3004409 0.2708161 0.2808929 0.0000000 0.3102402 0.1841120 0.2614329 0.2951234 0.3054643 0.3049679 0.3004884 0.2426221 0.3101536 0.4097866 0.2660916 0.3050017 0.2662638 0.4522242 0.0201509 0.2663711 0.1713416 0.3052595 0.2664331 0.3763009 0.2469538 
n287_288   0.0447314 0.2873989 0.1645052 0.3102402 0.0000000 0.2964776 0.2923386 0.0411766 0.0447257 0.0066913 0.0411929 0.2923530 0.0168578 0.3944325 0.2920855 0.0033376 0.0886657 0.4486227 0.3209957 0.2975296 0.2963076 0.0202794 0.2976000 0.4182515 0.2674472 
n266_267   0.2969214 0.2672992 0.2772363 0.1841120 0.2964776 0.0000000 0.2532072 0.2916105 0.3019415 0.2912907 0.2969683 0.2437401 0.3014342 0.4347528 0.2578357 0.2913228 0.2578410 0.4535032 0.1929979 0.2581060 0.0375638 0.3016186 0.2581662 0.3940089 0.2341610 
n292_293   0.2977610 0.0272244 0.2539035 0.2614329 0.2923386 0.2532072 0.0000000 0.2874288 0.2977186 0.2871716 0.2927631 0.0700612 0.2972788 0.4242472 0.0168902 0.2872032 0.2347676 0.4739756 0.2714440 0.0100959 0.2483447 0.2924351 0.0100981 0.4016101 0.0626885 
n293_294   0.0168823 0.2825203 0.1646526 0.2951234 0.0411766 0.2916105 0.2874288 0.0000000 0.0100829 0.0411603 0.0134749 0.2874426 0.0447065 0.3887433 0.2922700 0.0376361 0.0887393 0.4366160 0.3056397 0.2877359 0.2914441 0.0411871 0.2878038 0.4124365 0.2626991 
n275_276   0.0203109 0.2927380 0.1689021 0.3054643 0.0447257 0.3019415 0.2977186 0.0100829 0.0000000 0.0447080 0.0168868 0.2977339 0.0482730 0.3830609 0.3026281 0.0411654 0.0925452 0.4305475 0.3110818 0.2980388 0.3017672 0.0447371 0.2981095 0.4127855 0.2726166 
n289_290   0.0447137 0.2822685 0.1602223 0.3049679 0.0066913 0.2912907 0.2871716 0.0411603 0.0447080 0.0000000 0.0411766 0.2871852 0.0168512 0.3884371 0.2920073 0.0033363 0.0886300 0.4421388 0.3156338 0.2923209 0.2911248 0.0202715 0.2923900 0.4120443 0.2624693 
n297_298   0.0033432 0.2878145 0.1647208 0.3004884 0.0411929 0.2969683 0.2927631 0.0134749 0.0168868 0.0411766 0.0000000 0.2927776 0.0447242 0.4002986 0.2976422 0.0376510 0.0887751 0.4489706 0.3110994 0.2930771 0.2967978 0.0412034 0.2931465 0.4189078 0.2678273 
n278_279   0.2977763 0.0849162 0.2540423 0.2426221 0.2923530 0.2437401 0.0700612 0.2874426 0.2977339 0.2871852 0.2927776 0.0000000 0.2972940 0.4360295 0.0737192 0.2872168 0.2489297 0.4865659 0.2523548 0.0737875 0.2389457 0.2924496 0.0738039 0.3957713 0.0306514 
n295_296   0.0482791 0.2923072 0.1686755 0.3101536 0.0168578 0.3014342 0.2972788 0.0447065 0.0482730 0.0168512 0.0447242 0.2972940 0.0000000 0.3941502 0.3021795 0.0134482 0.0886402 0.4547147 0.3209058 0.3025064 0.3012605 0.0033395 0.3025782 0.4241013 0.2722219 
n251_252   0.4002284 0.4491321 0.3899612 0.4097866 0.3944325 0.4347528 0.4242472 0.3887433 0.3830609 0.3884371 0.4002986 0.4360295 0.3941502 0.0000000 0.4425160 0.3884830 0.3231618 0.0591096 0.4162870 0.4310568 0.4106159 0.3942629 0.4431561 0.2982475 0.4302153 
n274_275   0.3026714 0.0306886 0.2683308 0.2660916 0.2920855 0.2578357 0.0168902 0.2922700 0.3026281 0.2920073 0.2976422 0.0737192 0.3021795 0.4425160 0.0000000 0.2920395 0.2441732 0.4935407 0.2761690 0.0203260 0.2529419 0.2973077 0.0203304 0.4133081 0.0663092 
n290_291   0.0411707 0.2822995 0.1602385 0.3050017 0.0033376 0.2913228 0.2872032 0.0376361 0.0411654 0.0033363 0.0376510 0.2872168 0.0134482 0.3884830 0.2920395 0.0000000 0.0848598 0.4421930 0.3156690 0.2923532 0.2911568 0.0168516 0.2924222 0.4120938 0.2624977 
n236_237   0.0925570 0.2534405 0.1277493 0.2662638 0.0886657 0.2578410 0.2347676 0.0887393 0.0925452 0.0886300 0.0887751 0.2489297 0.0886402 0.3231618 0.2441732 0.0848598 0.0000000 0.3780193 0.2763495 0.2490558 0.2576989 0.0849197 0.2491138 0.3725134 0.2254601 
n255_256   0.4488878 0.5006674 0.4374309 0.4522242 0.4486227 0.4535032 0.4739756 0.4366160 0.4305475 0.4421388 0.4489706 0.4865659 0.4547147 0.0591096 0.4935407 0.4421930 0.3780193 0.0000000 0.4591665 0.4686424 0.4410863 0.4548494 0.4813750 0.3189780 0.4803647 
n285_286   0.3110497 0.2809624 0.2912057 0.0201509 0.3209957 0.1929979 0.2714440 0.3056397 0.3110818 0.3156338 0.3110994 0.2523548 0.3209058 0.4162870 0.2761690 0.3156690 0.2763495 0.4591665 0.0000000 0.2764615 0.1758335 0.3159385 0.2765262 0.3824978 0.2567397 
n300_301   0.2980813 0.0307157 0.2686150 0.2663711 0.2975296 0.2581060 0.0100959 0.2877359 0.2980388 0.2923209 0.2930771 0.0737875 0.3025064 0.4310568 0.0203260 0.2923532 0.2490558 0.4686424 0.2764615 0.0000000 0.2532060 0.2976284 0.0067211 0.4021774 0.0663693 
n265_266   0.2967509 0.2623388 0.2770253 0.1713416 0.2963076 0.0375638 0.2483447 0.2914441 0.3017672 0.2911248 0.2967978 0.2389457 0.3012605 0.4106159 0.2529419 0.2911568 0.2576989 0.4410863 0.1758335 0.2532060 0.0000000 0.3014447 0.2532650 0.3765455 0.2294386 
n296_297   0.0447428 0.2874934 0.1645533 0.3052595 0.0202794 0.3016186 0.2924351 0.0411871 0.0447371 0.0202715 0.0412034 0.2924496 0.0033395 0.3942629 0.2973077 0.0168516 0.0849197 0.4548494 0.3159385 0.2976284 0.3014447 0.0000000 0.2976989 0.4184048 0.2675335 
n299_300   0.2981520 0.0307224 0.2686780 0.2664331 0.2976000 0.2581662 0.0100981 0.2878038 0.2981095 0.2923900 0.2931465 0.0738039 0.3025782 0.4431561 0.0203304 0.2924222 0.2491138 0.4813750 0.2765262 0.0067211 0.2532650 0.2976989 0.0000000 0.3966911 0.0663839 
n244_245   0.4188329 0.4193376 0.4135221 0.3763009 0.4182515 0.3940089 0.4016101 0.4124365 0.4127855 0.4120443 0.4189078 0.3957713 0.4241013 0.2982475 0.4133081 0.4120938 0.3725134 0.3189780 0.3824978 0.4021774 0.3765455 0.4184048 0.3966911 0.0000000 0.3954700 
n277_278   0.2726543 0.0773793 0.2349947 0.2469538 0.2674472 0.2341610 0.0626885 0.2626991 0.2726166 0.2624693 0.2678273 0.0306514 0.2722219 0.4302153 0.0663092 0.2624977 0.2254601 0.4803647 0.2567397 0.0663693 0.2294386 0.2675335 0.0663839 0.3954700 0.0000000 
