25
n289_290   0.0000000 0.0376463 0.0272280 0.2699715 0.2999224 0.0376619 0.0033408 0.2996644 0.4553621 0.0411470 0.2890683 0.0203239 0.2948249 0.4424078 0.3342965 0.0066976 0.1314567 0.3290702 0.0412042 0.1151695 0.2997875 0.2954421 0.0341597 0.4248970 0.2912012 
n294_295   0.0376463 0.0000000 0.0376625 0.2554527 0.2938257 0.0066922 0.0341545 0.2935745 0.4300517 0.0033382 0.2741718 0.0306668 0.2887870 0.4417287 0.3231192 0.0376650 0.1077328 0.3179846 0.0100673 0.0882462 0.2936940 0.2952737 0.0033387 0.4006364 0.2910353 
n295_296   0.0272280 0.0376625 0.0000000 0.2510117 0.2894236 0.0376781 0.0237766 0.2891757 0.4254788 0.0411647 0.2696367 0.0067027 0.2844089 0.4190903 0.3185942 0.0272414 0.1275492 0.3134844 0.0412219 0.1152215 0.2892945 0.2860589 0.0341743 0.3961846 0.2818486 
n266_267   0.2699715 0.2554527 0.2510117 0.0000000 0.2562657 0.2555833 0.2653080 0.2560470 0.4599363 0.2600376 0.0237250 0.2510896 0.2514708 0.3886191 0.2606449 0.2701222 0.2473867 0.2559156 0.2604509 0.2848226 0.2657221 0.1354925 0.2509273 0.4408400 0.1356411 
n299_300   0.2999224 0.2938257 0.2894236 0.2562657 0.0000000 0.2939818 0.3047394 0.0134598 0.4609665 0.2986425 0.2705948 0.2895155 0.0033442 0.3962896 0.0660960 0.3098240 0.2755472 0.0624681 0.2991295 0.3243719 0.0134736 0.2873173 0.2890850 0.4536050 0.2876423 
n298_299   0.0376619 0.0066922 0.0376781 0.2555833 0.2939818 0.0000000 0.0341686 0.2937293 0.4303143 0.0100566 0.2743137 0.0306794 0.2889398 0.4302193 0.3232952 0.0376806 0.1077807 0.3181570 0.0033423 0.0882846 0.2938501 0.2954311 0.0033408 0.4008737 0.2911900 
n290_291   0.0033408 0.0341545 0.0237766 0.2653080 0.3047394 0.0341686 0.0000000 0.3044766 0.4494488 0.0376412 0.2842959 0.0169028 0.2996096 0.4366215 0.3345286 0.0033423 0.1275173 0.3292983 0.0376935 0.1113240 0.3046010 0.2906120 0.0306815 0.4192092 0.2863883 
n274_275   0.2996644 0.2935745 0.2891757 0.2560470 0.0134598 0.2937293 0.3044766 0.0000000 0.4660961 0.2983874 0.2703626 0.2892676 0.0100673 0.3851155 0.0733328 0.3095564 0.2753114 0.0696729 0.2988726 0.3240919 0.0202828 0.2870694 0.2888370 0.4532064 0.2873939 
n251_252   0.4553621 0.4300517 0.4254788 0.4599363 0.4609665 0.4303143 0.4494488 0.4660961 0.0000000 0.4358357 0.4660607 0.4311570 0.4545970 0.3840056 0.4973043 0.4556457 0.4194090 0.4977280 0.4366201 0.4791940 0.4733988 0.4805647 0.4244345 0.0586065 0.4937872 
n293_294   0.0411470 0.0033382 0.0411647 0.2600376 0.2986425 0.0100566 0.0376412 0.2983874 0.4358357 0.0000000 0.2788647 0.0341386 0.2935724 0.4475742 0.3281124 0.0411675 0.1115567 0.3229433 0.0134464 0.0919627 0.2985095 0.3001182 0.0066895 0.4061944 0.2958618 
n265_266   0.2890683 0.2741718 0.2696367 0.0237250 0.2705948 0.2743137 0.2842959 0.2703626 0.4660607 0.2788647 0.0000000 0.2697214 0.2657029 0.3891326 0.2750487 0.2892315 0.2659875 0.2702237 0.2793123 0.2991559 0.2802356 0.1476862 0.2695457 0.4468085 0.1478486 
n296_297   0.0203239 0.0306668 0.0067027 0.2510896 0.2895155 0.0306794 0.0169028 0.2892676 0.4311570 0.0341386 0.2697214 0.0000000 0.2844990 0.4246951 0.3186974 0.0203339 0.1275860 0.3135855 0.0341859 0.1074591 0.2893864 0.2861501 0.0272086 0.4016552 0.2819384 
n300_301   0.2948249 0.2887870 0.2844089 0.2514708 0.0033442 0.2889398 0.2996096 0.0100673 0.4545970 0.2935724 0.2657029 0.2844990 0.0000000 0.3904623 0.0624420 0.3046586 0.2706191 0.0588332 0.2940485 0.3191116 0.0100783 0.2822788 0.2840768 0.4473091 0.2825977 
n244_245   0.4424078 0.4417287 0.4190903 0.3886191 0.3962896 0.4302193 0.4366215 0.3851155 0.3840056 0.4475742 0.3891326 0.4246951 0.3904623 0.0000000 0.4296751 0.4426797 0.4301392 0.4300537 0.4364964 0.4602640 0.4076957 0.4376551 0.4360584 0.3562413 0.4370531 
n278_279   0.3342965 0.3231192 0.3185942 0.2606449 0.0660960 0.3232952 0.3345286 0.0733328 0.4973043 0.3281124 0.2750487 0.3186974 0.0624420 0.4296751 0.0000000 0.3398109 0.2993141 0.0100436 0.3286562 0.3496060 0.0734094 0.2966145 0.3182168 0.4838615 0.2969500 
n287_288   0.0066976 0.0376650 0.0272414 0.2701222 0.3098240 0.0376806 0.0033423 0.3095564 0.4556457 0.0411675 0.2892315 0.0203339 0.3046586 0.4426797 0.3398109 0.0000000 0.1315255 0.3345419 0.0412247 0.1152290 0.3096839 0.2956100 0.0341766 0.4251567 0.2913666 
n200_201   0.1314567 0.1077328 0.1275492 0.2473867 0.2755472 0.1077807 0.1275173 0.2753114 0.4194090 0.1115567 0.2659875 0.1275860 0.2706191 0.4301392 0.2993141 0.1315255 0.0000000 0.2943284 0.1117191 0.1390620 0.2802210 0.2912741 0.1039305 0.3903858 0.2870411 
n277_278   0.3290702 0.3179846 0.3134844 0.2559156 0.0624681 0.3181570 0.3292983 0.0696729 0.4977280 0.3229433 0.2702237 0.3135855 0.0588332 0.4300537 0.0100436 0.3345419 0.2943284 0.0000000 0.3234765 0.3442741 0.0697456 0.2916162 0.3131141 0.4899521 0.2919458 
n297_298   0.0412042 0.0100673 0.0412219 0.2604509 0.2991295 0.0033423 0.0376935 0.2988726 0.4366201 0.0134464 0.2793123 0.0341859 0.2940485 0.4364964 0.3286562 0.0412247 0.1117191 0.3234765 0.0000000 0.0920946 0.2989953 0.3006092 0.0066986 0.4069103 0.2963452 
n236_237   0.1151695 0.0882462 0.1152215 0.2848226 0.3243719 0.0882846 0.1113240 0.3240919 0.4791940 0.0919627 0.2991559 0.1074591 0.3191116 0.4602640 0.3496060 0.1152290 0.1390620 0.3442741 0.0920946 0.0000000 0.3242242 0.3313989 0.0845486 0.4477935 0.3263851 
n280_281   0.2997875 0.2936940 0.2892945 0.2657221 0.0134736 0.2938501 0.3046010 0.0202828 0.4733988 0.2985095 0.2802356 0.2893864 0.0100783 0.4076957 0.0734094 0.3096839 0.2802210 0.0697456 0.2989953 0.3242242 0.0000000 0.2972378 0.2889559 0.4658962 0.2975745 
n285_286   0.2954421 0.2952737 0.2860589 0.1354925 0.2873173 0.2954311 0.2906120 0.2870694 0.4805647 0.3001182 0.1476862 0.2861501 0.2822788 0.4376551 0.2966145 0.2956100 0.2912741 0.2916162 0.3006092 0.3313989 0.2972378 0.0000000 0.2905066 0.4612140 0.0134851 
n275_276   0.0341597 0.0033387 0.0341743 0.2509273 0.2890850 0.0033408 0.0306815 0.2888370 0.4244345 0.0066895 0.2695457 0.0272086 0.2840768 0.4360584 0.3182168 0.0341766 0.1039305 0.3131141 0.0066986 0.0845486 0.2889559 0.2905066 0.0000000 0.3952201 0.2862842 
n255_256   0.4248970 0.4006364 0.3961846 0.4408400 0.4536050 0.4008737 0.4192092 0.4532064 0.0586065 0.4061944 0.4468085 0.4016552 0.4473091 0.3562413 0.4838615 0.4251567 0.3903858 0.4899521 0.4069103 0.4477935 0.4658962 0.4612140 0.3952201 0.0000000 0.4740781 
n286_287   0.2912012 0.2910353 0.2818486 0.1356411 0.2876423 0.2911900 0.2863883 0.2873939 0.4937872 0.2958618 0.1478486 0.2819384 0.2825977 0.4370531 0.2969500 0.2913666 0.2870411 0.2919458 0.2963452 0.3263851 0.2975745 0.0134851 0.2862842 0.4740781 0.0000000 
