23
n286_283   0.0000000 0.3203885 0.3236775 0.3180493 0.0100344 0.3262604 0.3199833 0.3151049 0.1246516 0.3291558 0.3377313 0.3207416 0.3148222 0.3968400 0.3237070 0.1288504 0.3177985 0.3209922 0.3086215 0.3585684 0.3530701 0.3203783 0.3149898 
n293_290   0.3203885 0.0000000 0.3041305 0.3094016 0.3154658 0.0100883 0.0484453 0.0594277 0.3168259 0.3094755 0.0669510 0.0238072 0.1622979 0.4292020 0.3041595 0.3166403 0.3091582 0.0237679 0.0892129 0.3496813 0.3433712 0.0557724 0.0272916 
n292_289   0.3236775 0.3041305 0.0000000 0.0591728 0.3081652 0.3098405 0.3037774 0.3094920 0.2886245 0.0033328 0.3210405 0.3047548 0.3153430 0.4041718 0.0066908 0.2884608 0.0519520 0.3099557 0.3002775 0.3860795 0.3926037 0.3041483 0.3101831 
n277_274   0.3180493 0.3094016 0.0591728 0.0000000 0.3026611 0.3151636 0.3152552 0.3210948 0.2933090 0.0628325 0.3328905 0.2995157 0.2992956 0.4276858 0.0591801 0.2931420 0.0100653 0.3152813 0.2949956 0.3970386 0.4036702 0.3156437 0.3049036 
n285_282   0.0100344 0.3154658 0.3081652 0.3026611 0.0000000 0.3212966 0.3150681 0.3102130 0.1287016 0.3135238 0.3326933 0.3158124 0.3051289 0.3914682 0.3081942 0.1329302 0.3024254 0.3160586 0.3037809 0.3587713 0.3532693 0.3154562 0.3100987 
n294_291   0.3262604 0.0100883 0.3098405 0.3151636 0.3212966 0.0000000 0.0521066 0.0631701 0.3171807 0.3152375 0.0707536 0.0273108 0.1667954 0.4230425 0.3098697 0.3169946 0.3149141 0.0272658 0.0931559 0.3441120 0.3378566 0.0594896 0.0308205 
n296_293   0.3199833 0.0484453 0.3037774 0.3152552 0.3150681 0.0521066 0.0000000 0.0238176 0.2951747 0.3091132 0.0308609 0.0485829 0.1664550 0.4289535 0.3038062 0.2900625 0.3150057 0.0485009 0.0891370 0.3489515 0.3426592 0.0203593 0.0522171 
n289_286   0.3151049 0.0594277 0.3094920 0.3210948 0.3102130 0.0631701 0.0238176 0.0000000 0.2954178 0.3148800 0.0204120 0.0595983 0.1712337 0.4307905 0.3095211 0.2903001 0.3208380 0.0594967 0.0970575 0.3503624 0.3331982 0.0033532 0.0633054 
n265_262   0.1246516 0.3168259 0.2886245 0.2933090 0.1287016 0.3171807 0.2951747 0.2954178 0.0000000 0.2938456 0.3174468 0.3120183 0.3323673 0.3866567 0.2886527 0.0067106 0.2930818 0.3122626 0.3000193 0.3546087 0.3492556 0.3005685 0.3175354 
n299_296   0.3291558 0.3094755 0.0033328 0.0628325 0.3135238 0.3152375 0.3091132 0.3148800 0.2938456 0.0000000 0.3265326 0.3101140 0.3207851 0.3982833 0.0100631 0.2936781 0.0555734 0.3153553 0.3056117 0.3920908 0.3986809 0.3094920 0.3155877 
n287_284   0.3377313 0.0669510 0.3210405 0.3328905 0.3326933 0.0707536 0.0308609 0.0204120 0.3174468 0.3265326 0.0000000 0.0671448 0.1761531 0.4508243 0.3210702 0.3121581 0.3326220 0.0670296 0.1051108 0.3738028 0.3560351 0.0169637 0.0709062 
n297_294   0.3207416 0.0238072 0.3047548 0.2995157 0.3158124 0.0273108 0.0485829 0.0595983 0.3120183 0.3101140 0.0671448 0.0000000 0.1494226 0.4100938 0.3047838 0.3118361 0.2992818 0.0203511 0.0894747 0.3497554 0.3434426 0.0559320 0.0033477 
n200_197   0.3148222 0.1622979 0.3153430 0.2992956 0.3051289 0.1667954 0.1664550 0.1712337 0.3323673 0.3207851 0.1761531 0.1494226 0.0000000 0.4092756 0.3153725 0.3321702 0.2990621 0.1495972 0.1581467 0.3806763 0.3740941 0.1668820 0.1536916 
n244_241   0.3968400 0.4292020 0.4041718 0.4276858 0.3914682 0.4230425 0.4289535 0.4307905 0.3866567 0.3982833 0.4508243 0.4100938 0.4092756 0.0000000 0.4042022 0.3931269 0.4273129 0.4106552 0.4284591 0.3431758 0.3481163 0.4243999 0.4164065 
n274_271   0.3237070 0.3041595 0.0066908 0.0591801 0.3081942 0.3098697 0.3038062 0.3095211 0.2886527 0.0100631 0.3210702 0.3047838 0.3153725 0.4042022 0.0000000 0.2884889 0.0519583 0.3099849 0.3003063 0.3802089 0.3866713 0.3041773 0.3102124 
n266_263   0.1288504 0.3166403 0.2884608 0.2931420 0.1329302 0.3169946 0.2900625 0.2903001 0.0067106 0.2936781 0.3121581 0.3118361 0.3321702 0.3931269 0.2884889 0.0000000 0.2929151 0.3120801 0.2998467 0.3607863 0.3550313 0.2954140 0.3173489 
n278_275   0.3177985 0.3091582 0.0519520 0.0100653 0.3024254 0.3149141 0.3150057 0.3208380 0.2930818 0.0555734 0.3326220 0.2992818 0.2990621 0.4273129 0.0519583 0.2929151 0.0000000 0.3150316 0.2947657 0.4080761 0.4148130 0.3153936 0.3046643 
n275_272   0.3209922 0.0237679 0.3099557 0.3152813 0.3160586 0.0272658 0.0485009 0.0594967 0.3122626 0.3153553 0.0670296 0.0203511 0.1495972 0.4106552 0.3099849 0.3120801 0.3150316 0.0000000 0.0893195 0.3491008 0.3428045 0.0558369 0.0238155 
n236_233   0.3086215 0.0892129 0.3002775 0.2949956 0.3037809 0.0931559 0.0891370 0.0970575 0.3000193 0.3056117 0.1051108 0.0894747 0.1581467 0.4284591 0.3003063 0.2998467 0.2947657 0.0893195 0.0000000 0.3897810 0.3771475 0.0931837 0.0933594 
n255_252   0.3585684 0.3496813 0.3860795 0.3970386 0.3587713 0.3441120 0.3489515 0.3503624 0.3546087 0.3920908 0.3738028 0.3497554 0.3806763 0.3431758 0.3802089 0.3607863 0.4080761 0.3491008 0.3897810 0.0000000 0.0342646 0.3446516 0.3555782 
n251_248   0.3530701 0.3433712 0.3926037 0.4036702 0.3532693 0.3378566 0.3426592 0.3331982 0.3492556 0.3986809 0.3560351 0.3434426 0.3740941 0.3481163 0.3866713 0.3550313 0.4148130 0.3428045 0.3771475 0.0342646 0.0000000 0.3276347 0.3492041 
n290_287   0.3203783 0.0557724 0.3041483 0.3156437 0.3154562 0.0594896 0.0203593 0.0033532 0.3005685 0.3094920 0.0169637 0.0559320 0.1668820 0.4243999 0.3041773 0.2954140 0.3153936 0.0558369 0.0931837 0.3446516 0.3276347 0.0000000 0.0596166 
n298_295   0.3149898 0.0272916 0.3101831 0.3049036 0.3100987 0.0308205 0.0522171 0.0633054 0.3175354 0.3155877 0.0709062 0.0033477 0.1536916 0.4164065 0.3102124 0.3173489 0.3046643 0.0238155 0.0933594 0.3555782 0.3492041 0.0596166 0.0000000 
