26
n277_278   0.0000000 2.3984319 2.4951431 2.6257639 3.8495469 0.4856536 5.6768804 2.9486687 0.1247324 0.4605435 4.0135334 2.8030537 4.3176241 2.7671757 4.0395065 0.4405764 0.4806718 2.4618721 3.6431775 9.0000000 1.9418246 2.2068372 2.8527772 5.1937511 3.0712922 0.4348472 
n286_287   2.3984319 0.0000000 1.7828476 0.0557121 2.3447436 2.2073162 3.0122355 1.9541601 2.2822033 2.1660251 1.9250175 1.8286689 2.1890285 1.9320327 2.8880383 1.9713429 2.2914146 1.8836887 2.3303133 3.4343511 1.0154527 1.0722430 2.0130223 2.6999671 1.8316892 2.0977409 
n296_297   2.4951431 1.7828476 0.0000000 1.8884364 0.2118880 1.8769320 2.3729870 0.3430792 2.4917585 2.3172811 0.7502673 0.3320841 0.1887445 0.3260401 1.3119864 2.1861729 2.2366489 0.0342594 0.1933338 2.5932508 1.9210528 1.8630531 0.3373935 2.4311558 0.3262803 2.1452879 
n285_286   2.6257639 0.0557121 1.8884364 0.0000000 2.4459591 2.2571046 2.8655468 1.9565218 2.2945598 2.2829626 1.8426785 1.9137015 2.2514680 2.0144009 3.3002713 2.0604535 2.3452091 1.9250038 2.5677806 3.4750767 0.9740801 0.9733481 2.1177935 2.2715268 1.9056474 2.2053543 
n289_290   3.8495469 2.3447436 0.2118880 2.4459591 0.0000000 2.1862464 2.5031477 0.3609988 3.7611216 2.5610297 0.8005711 0.3608696 0.0743552 0.3556166 1.2695009 2.6541253 2.3131715 0.2256783 0.0594992 3.6183374 2.4302883 2.2177615 0.3492826 2.7499003 0.3612502 2.3548029 
n274_275   0.4856536 2.2073162 1.8769320 2.2571046 2.1862464 0.0000000 2.6890896 2.1436822 0.5010445 0.1488732 2.2585360 2.1011237 2.3098102 1.6778751 2.3022027 0.1242777 0.1487568 1.8399363 2.1346279 9.0000000 1.8007862 1.9875060 2.1237904 2.7513157 1.7778440 0.1364587 
n255_256   5.6768804 3.0122355 2.3729870 2.8655468 2.5031477 2.6890896 0.0000000 2.3981727 2.6829921 3.3224038 1.9685777 2.3382646 2.4826428 2.0659533 3.0160685 2.6687606 2.6369457 2.3227237 2.1717249 2.6784118 1.9044053 1.9054702 2.1912701 0.3043176 2.0697859 3.0305837 
n275_276   2.9486687 1.9541601 0.3430792 1.9565218 0.3609988 2.1436822 2.3981727 0.0000000 2.6695280 2.2543278 0.7167690 0.0970961 0.3317513 0.1290619 1.4428190 2.2980005 2.4116181 0.3315563 0.3544360 2.3849746 2.2612123 1.8083799 0.0969764 2.4874602 0.1208879 2.1470693 
n278_279   0.1247324 2.2822033 2.4917585 2.2945598 3.7611216 0.5010445 2.6829921 2.6695280 0.0000000 0.5311200 3.0993677 2.7652703 3.9727501 2.9431117 5.8040227 0.5016603 0.5383082 2.4090110 3.5328701 6.4573173 1.8754042 2.1471178 2.8143697 3.0417164 3.5411306 0.5027608 
n299_300   0.4605435 2.1660251 2.3172811 2.2829626 2.5610297 0.1488732 3.3224038 2.2543278 0.5311200 0.0000000 2.4301162 2.1527939 2.9266783 1.8021335 2.4800450 0.0483388 0.1004456 2.2981295 2.3509596 9.0000000 2.0328839 2.2030704 2.1195984 3.1008556 1.9179573 0.0271935 
n236_237   4.0135334 1.9250175 0.7502673 1.8426785 0.8005711 2.2585360 1.9685777 0.7167690 3.0993677 2.4301162 0.0000000 0.6796998 0.8518859 0.7346757 1.2277540 2.3339410 2.4260294 0.7020978 0.7790782 1.9063461 1.8831837 1.7229660 0.6596778 3.0262418 0.7142791 2.2897673 
n293_294   2.8030537 1.8286689 0.3320841 1.9137015 0.3608696 2.1011237 2.3382646 0.0970961 2.7652703 2.1527939 0.6796998 0.0000000 0.3379721 0.1371125 1.2578502 2.1384361 2.1842784 0.3209954 0.3434015 2.3601678 2.0995503 1.7765907 0.0557470 2.6480737 0.1288430 2.0083751 
n290_291   4.3176241 2.1890285 0.1887445 2.2514680 0.0743552 2.3098102 2.4826428 0.3317513 3.9727501 2.9266783 0.8518859 0.3379721 0.0000000 0.3376236 1.2674810 2.9439737 2.6371433 0.1974576 0.0856086 3.6162796 2.6495733 2.2591327 0.3378770 3.2288955 0.3378750 2.7453805 
n297_298   2.7671757 1.9320327 0.3260401 2.0144009 0.3556166 1.6778751 2.0659533 0.1290619 2.9431117 1.8021335 0.7346757 0.1371125 0.3376236 0.0000000 1.4121166 1.7932627 1.7607640 0.3201502 0.3490814 2.8496506 2.2726650 1.9355790 0.1537189 2.1251821 0.0272495 1.7346976 
n200_201   4.0395065 2.8880383 1.3119864 3.3002713 1.2695009 2.3022027 3.0160685 1.4428190 5.8040227 2.4800450 1.2277540 1.2578502 1.2674810 1.4121166 0.0000000 2.4740824 2.1896112 1.3138417 1.1916073 3.1917755 2.3135350 2.4530883 1.2969425 2.9299091 1.3504930 2.4832751 
n292_293   0.4405764 1.9713429 2.1861729 2.0604535 2.6541253 0.1242777 2.6687606 2.2980005 0.5016603 0.0483388 2.3339410 2.1384361 2.9439737 1.7932627 2.4740824 0.0000000 0.0813859 2.2271812 2.3311880 9.0000000 1.9043814 2.1052151 2.1140372 2.6048474 1.9025844 0.0376750 
n280_281   0.4806718 2.2914146 2.2366489 2.3452091 2.3131715 0.1487568 2.6369457 2.4116181 0.5383082 0.1004456 2.4260294 2.1842784 2.6371433 1.7607640 2.1896112 0.0813859 0.0000000 2.2797381 2.0654677 9.0000000 1.9954562 2.2718232 2.3197447 2.5831541 1.9020618 0.0927219 
n295_296   2.4618721 1.8836887 0.0342594 1.9250038 0.2256783 1.8399363 2.3227237 0.3315563 2.4090110 2.2981295 0.7020978 0.3209954 0.1974576 0.3201502 1.3138417 2.2271812 2.2797381 0.0000000 0.2067434 2.7846645 2.0109369 1.8586095 0.3262263 2.4443834 0.3203846 2.1299346 
n287_288   3.6431775 2.3303133 0.1933338 2.5677806 0.0594992 2.1346279 2.1717249 0.3544360 3.5328701 2.3509596 0.7790782 0.3434015 0.0856086 0.3490814 1.1916073 2.3311880 2.0654677 0.2067434 0.0000000 3.5374595 2.3177586 2.1155285 0.3428258 2.2961631 0.3491273 2.2190358 
n244_245   9.0000000 3.4343511 2.5932508 3.4750767 3.6183374 9.0000000 2.6784118 2.3849746 6.4573173 9.0000000 1.9063461 2.3601678 3.6162796 2.8496506 3.1917755 9.0000000 9.0000000 2.7846645 3.5374595 0.0000000 3.2047517 3.1751425 2.3726209 2.2108375 2.5917918 9.0000000 
n265_266   1.9418246 1.0154527 1.9210528 0.9740801 2.4302883 1.8007862 1.9044053 2.2612123 1.8754042 2.0328839 1.8831837 2.0995503 2.6495733 2.2726650 2.3135350 1.9043814 1.9954562 2.0109369 2.3177586 3.2047517 0.0000000 0.2062116 2.3114943 2.2132718 2.2185859 2.0634116 
n266_267   2.2068372 1.0722430 1.8630531 0.9733481 2.2177615 1.9875060 1.9054702 1.8083799 2.1471178 2.2030704 1.7229660 1.7765907 2.2591327 1.9355790 2.4530883 2.1052151 2.2718232 1.8586095 2.1155285 3.1751425 0.2062116 0.0000000 1.8719610 2.0134125 1.9374367 2.3038650 
n294_295   2.8527772 2.0130223 0.3373935 2.1177935 0.3492826 2.1237904 2.1912701 0.0969764 2.8143697 2.1195984 0.6596778 0.0557470 0.3378770 0.1537189 1.2969425 2.1140372 2.3197447 0.3262263 0.3428258 2.3726209 2.3114943 1.8719610 0.0000000 2.6780043 0.1494705 1.9436322 
n251_252   5.1937511 2.6999671 2.4311558 2.2715268 2.7499003 2.7513157 0.3043176 2.4874602 3.0417164 3.1008556 3.0262418 2.6480737 3.2288955 2.1251821 2.9299091 2.6048474 2.5831541 2.4443834 2.2961631 2.2108375 2.2132718 2.0134125 2.6780043 0.0000000 2.0333693 2.9506892 
n298_299   3.0712922 1.8316892 0.3262803 1.9056474 0.3612502 1.7778440 2.0697859 0.1208879 3.5411306 1.9179573 0.7142791 0.1288430 0.3378750 0.0272495 1.3504930 1.9025844 1.9020618 0.3203846 0.3491273 2.5917918 2.2185859 1.9374367 0.1494705 2.0333693 0.0000000 1.8041398 
n300_301   0.4348472 2.0977409 2.1452879 2.2053543 2.3548029 0.1364587 3.0305837 2.1470693 0.5027608 0.0271935 2.2897673 2.0083751 2.7453805 1.7346976 2.4832751 0.0376750 0.0927219 2.1299346 2.2190358 9.0000000 2.0634116 2.3038650 1.9436322 2.9506892 1.8041398 0.0000000 
