25
n298_299   0.0000000 0.2577996 0.1320861 0.2667212 0.0448343 0.2345939 0.2532002 0.0169400 0.0203793 0.0519920 0.0033546 0.2864892 0.0484243 0.3527033 0.2583587 0.1040037 0.3638808 0.2716367 0.0135142 0.2582446 0.2347194 0.0556055 0.2534056 0.3798754 0.2817194 
n280_281   0.2577996 0.0000000 0.2477245 0.2332320 0.2382613 0.2240576 0.0167963 0.2622349 0.2771947 0.2475629 0.2529631 0.0732011 0.2473442 0.3667521 0.0202288 0.2479596 0.3886485 0.2379084 0.2623152 0.0202213 0.2196717 0.2522350 0.0168069 0.3504041 0.0659415 
n200_201   0.1320861 0.2477245 0.0000000 0.2520429 0.1235445 0.2252241 0.2341421 0.1442841 0.1484182 0.1315196 0.1280294 0.2807905 0.1315426 0.3732532 0.2482572 0.1601624 0.3847299 0.2568500 0.1401366 0.2481485 0.2253436 0.1395736 0.2433884 0.3688045 0.2712489 
n286_287   0.2667212 0.2332320 0.2520429 0.0000000 0.2515768 0.1266389 0.2287933 0.2762645 0.2766107 0.2610244 0.2618338 0.2558900 0.2657292 0.3661153 0.2292658 0.2562202 0.3993201 0.0033436 0.2712752 0.2291667 0.1187670 0.2753009 0.2245414 0.3723331 0.2608153 
n287_288   0.0448343 0.2382613 0.1235445 0.2515768 0.0000000 0.2158084 0.2337875 0.0483677 0.0519582 0.0067058 0.0412715 0.2661327 0.0168655 0.3356757 0.2387703 0.0997849 0.3465586 0.2563727 0.0447836 0.2386664 0.2202592 0.0237199 0.2339730 0.3622342 0.2614982 
n266_267   0.2345939 0.2240576 0.2252241 0.1266389 0.2158084 0.0000000 0.2196708 0.2437629 0.2487908 0.2248393 0.2299120 0.2513850 0.2293355 0.3353540 0.2199241 0.2336497 0.3618739 0.1227733 0.2389887 0.2244345 0.0203189 0.2384809 0.2198423 0.3512734 0.2468200 
n292_293   0.2532002 0.0167963 0.2341421 0.2287933 0.2337875 0.2196708 0.0000000 0.2576140 0.2724779 0.2430361 0.2483937 0.0732613 0.2428210 0.3615017 0.0168274 0.2479515 0.3832505 0.2334417 0.2576927 0.0100368 0.2153076 0.2476808 0.0066739 0.3452660 0.0659969 
n293_294   0.0169400 0.2622349 0.1442841 0.2762645 0.0483677 0.2437629 0.2576140 0.0000000 0.0238162 0.0555551 0.0135157 0.2910662 0.0519743 0.3633931 0.2628047 0.1118534 0.3747382 0.2812458 0.0033508 0.2626884 0.2438941 0.0591857 0.2578237 0.3855498 0.2862731 
n275_276   0.0203793 0.2771947 0.1484182 0.2766107 0.0519582 0.2487908 0.2724779 0.0238162 0.0000000 0.0591841 0.0169371 0.3066499 0.0555851 0.3747532 0.2731984 0.1196402 0.3862883 0.2815992 0.0203565 0.2776794 0.2489254 0.0628334 0.2727033 0.3973621 0.3017534 
n289_290   0.0519920 0.2475629 0.1315196 0.2610244 0.0067058 0.2248393 0.2430361 0.0555551 0.0591841 0.0000000 0.0483903 0.2757806 0.0237264 0.3462493 0.2480948 0.1074757 0.3572944 0.2658848 0.0519319 0.2479863 0.2293431 0.0306462 0.2432307 0.3731857 0.2710891 
n297_298   0.0033546 0.2529631 0.1280294 0.2618338 0.0412715 0.2299120 0.2483937 0.0135157 0.0169371 0.0483903 0.0000000 0.2814578 0.0448400 0.3471903 0.2535099 0.1001235 0.3582768 0.2667135 0.0101086 0.2533983 0.2300345 0.0519849 0.2485942 0.3741500 0.2767203 
n278_279   0.2864892 0.0732011 0.2807905 0.2558900 0.2661327 0.2513850 0.0732613 0.2910662 0.3066499 0.2757806 0.2814578 0.0000000 0.2755390 0.3874343 0.0696558 0.2711400 0.4104332 0.2607098 0.2911572 0.0733668 0.2468496 0.2806318 0.0696792 0.3705066 0.0201388 
n295_296   0.0484243 0.2473442 0.1315426 0.2657292 0.0168655 0.2293355 0.2428210 0.0519743 0.0555851 0.0237264 0.0448400 0.2755390 0.0000000 0.3410010 0.2478753 0.0998971 0.3519685 0.2706222 0.0483682 0.2477669 0.2338656 0.0066993 0.2430154 0.3677571 0.2708512 
n251_252   0.3527033 0.3667521 0.3732532 0.3661153 0.3356757 0.3353540 0.3615017 0.3633931 0.3747532 0.3462493 0.3471903 0.3874343 0.3410010 0.0000000 0.3675966 0.3461680 0.0444585 0.3609580 0.3577493 0.3674257 0.3300265 0.3515851 0.3618252 0.2603322 0.3708689 
n274_275   0.2583587 0.0202288 0.2482572 0.2292658 0.2387703 0.2199241 0.0168274 0.2628047 0.2731984 0.2480948 0.2535099 0.0696558 0.2478753 0.3675966 0.0000000 0.2530565 0.3895549 0.2339257 0.2628853 0.0202588 0.2155551 0.2527786 0.0168380 0.3512025 0.0624193 
n236_237   0.1040037 0.2479596 0.1601624 0.2562202 0.0997849 0.2336497 0.2479515 0.1118534 0.1196402 0.1074757 0.1001235 0.2711400 0.0998971 0.3461680 0.2530565 0.0000000 0.3518892 0.2610479 0.1079121 0.2529453 0.2248025 0.1075702 0.2481513 0.3569744 0.2664727 
n255_256   0.3638808 0.3886485 0.3847299 0.3993201 0.3465586 0.3618739 0.3832505 0.3747382 0.3862883 0.3572944 0.3582768 0.4104332 0.3519685 0.0444585 0.3895549 0.3518892 0.0000000 0.3939499 0.3689992 0.3893720 0.3563477 0.3627156 0.3835994 0.2892738 0.3933416 
n285_286   0.2716367 0.2379084 0.2568500 0.0033436 0.2563727 0.1227733 0.2334417 0.2812458 0.2815992 0.2658848 0.2667135 0.2607098 0.2706222 0.3609580 0.2339257 0.2610479 0.3939499 0.0000000 0.2762191 0.2338243 0.1149386 0.2802601 0.2291667 0.3671274 0.2656731 
n294_295   0.0135142 0.2623152 0.1401366 0.2712752 0.0447836 0.2389887 0.2576927 0.0033508 0.0203565 0.0519319 0.0101086 0.2911572 0.0483682 0.3577493 0.2628853 0.1079121 0.3689992 0.2762191 0.0000000 0.2627690 0.2391169 0.0555409 0.2579025 0.3850890 0.2863623 
n300_301   0.2582446 0.0202213 0.2481485 0.2291667 0.2386664 0.2244345 0.0100368 0.2626884 0.2776794 0.2479863 0.2533983 0.0733668 0.2477669 0.3674257 0.0202588 0.2529453 0.3893720 0.2338243 0.2627690 0.0000000 0.2200403 0.2526677 0.0033344 0.3510397 0.0697093 
n265_266   0.2347194 0.2196717 0.2253436 0.1187670 0.2202592 0.0203189 0.2153076 0.2438941 0.2489254 0.2293431 0.2300345 0.2468496 0.2338656 0.3300265 0.2155551 0.2248025 0.3563477 0.1149386 0.2391169 0.2200403 0.0000000 0.2430650 0.2154751 0.3350338 0.2423098 
n296_297   0.0556055 0.2522350 0.1395736 0.2753009 0.0237199 0.2384809 0.2476808 0.0591857 0.0628334 0.0306462 0.0519849 0.2806318 0.0066993 0.3515851 0.2527786 0.1075702 0.3627156 0.2802601 0.0555409 0.2526677 0.2430650 0.0000000 0.2478801 0.3787214 0.2759107 
n299_300   0.2534056 0.0168069 0.2433884 0.2245414 0.2339730 0.2198423 0.0066739 0.2578237 0.2727033 0.2432307 0.2485942 0.0696792 0.2430154 0.3618252 0.0168380 0.2481513 0.3835994 0.2291667 0.2579025 0.0033344 0.2154751 0.2478801 0.0000000 0.3455695 0.0660408 
n244_245   0.3798754 0.3504041 0.3688045 0.3723331 0.3622342 0.3512734 0.3452660 0.3855498 0.3973621 0.3731857 0.3741500 0.3705066 0.3677571 0.2603322 0.3512025 0.3569744 0.2892738 0.3671274 0.3850890 0.3510397 0.3350338 0.3787214 0.3455695 0.0000000 0.3594836 
n277_278   0.2817194 0.0659415 0.2712489 0.2608153 0.2614982 0.2468200 0.0659969 0.2862731 0.3017534 0.2710891 0.2767203 0.0201388 0.2708512 0.3708689 0.0624193 0.2664727 0.3933416 0.2656731 0.2863623 0.0697093 0.2423098 0.2759107 0.0660408 0.3594836 0.0000000 
