23
n289_290   0.0000000 0.0307597 0.0169076 0.3682435 0.2678148 0.0272564 0.0168765 0.2629794 0.3948149 0.0342626 0.3672125 0.3975799 0.2432676 0.0134676 0.1839779 0.2432676 0.0272752 0.1045214 0.2627802 0.3228854 0.0272374 0.3885074 0.2726594 
n294_295   0.0307597 0.0000000 0.0272696 0.3397544 0.2586192 0.0100856 0.0413124 0.2538341 0.3842740 0.0033427 0.3388154 0.3678918 0.2437493 0.0377721 0.1622138 0.2437493 0.0100926 0.0852532 0.2536435 0.3013957 0.0100786 0.3780489 0.2634133 
n295_296   0.0169076 0.0272696 0.0000000 0.3509440 0.2682798 0.0237864 0.0272460 0.2634336 0.4018458 0.0307545 0.3499691 0.3917041 0.2436782 0.0237803 0.1795998 0.2436782 0.0238028 0.1006328 0.2632337 0.3066629 0.0237698 0.3954605 0.2731352 
n266_267   0.3682435 0.3397544 0.3509440 0.0000000 0.3008758 0.3340788 0.3854449 0.2901468 0.4725364 0.3452417 0.0238035 0.4286778 0.2895385 0.3628250 0.3404902 0.2849230 0.3283010 0.3679729 0.2955519 0.1942868 0.3337661 0.4724567 0.3059752 
n299_300   0.2678148 0.2586192 0.2682798 0.3008758 0.0000000 0.2483584 0.2826574 0.0100730 0.3763211 0.2538756 0.3000584 0.3832415 0.0483725 0.2529881 0.2839915 0.0483725 0.2485368 0.2692223 0.0033408 0.3214643 0.2533837 0.3528826 0.0033386 
n298_299   0.0272564 0.0100856 0.0237864 0.3340788 0.2483584 0.0000000 0.0377492 0.2436464 0.3663542 0.0134802 0.3331578 0.3503525 0.2388479 0.0342302 0.1578809 0.2388479 0.0067077 0.0814322 0.2434659 0.2960270 0.0066984 0.3602959 0.2530794 
n290_291   0.0168765 0.0413124 0.0272460 0.3854449 0.2826574 0.0377492 0.0000000 0.2777269 0.4125839 0.0448679 0.3843583 0.4154996 0.2575974 0.0237363 0.1971831 0.2575974 0.0377753 0.1162484 0.2775131 0.3390390 0.0377226 0.4061163 0.2875971 
n274_275   0.2629794 0.2538341 0.2634336 0.2901468 0.0100730 0.2436464 0.2777269 0.0000000 0.3640532 0.2491192 0.2842325 0.3653919 0.0376678 0.2482497 0.2735639 0.0376678 0.2438214 0.2643584 0.0066965 0.3051257 0.2486371 0.3410469 0.0134593 
n251_252   0.3948149 0.3842740 0.4018458 0.4725364 0.3763211 0.3663542 0.4125839 0.3640532 0.0000000 0.3900945 0.4519485 0.2875394 0.3636042 0.3831140 0.3482433 0.3748325 0.3720680 0.4192641 0.3758450 0.4079196 0.3665363 0.0378923 0.3819412 
n293_294   0.0342626 0.0033427 0.0307545 0.3452417 0.2538756 0.0134802 0.0448679 0.2491192 0.3900945 0.0000000 0.3442854 0.3735961 0.2391048 0.0413104 0.1664656 0.2391048 0.0134895 0.0890402 0.2489331 0.3065986 0.0134709 0.3838181 0.2586410 
n265_266   0.3672125 0.3388154 0.3499691 0.0238035 0.3000584 0.3331578 0.3843583 0.2842325 0.4519485 0.3442854 0.0000000 0.4279896 0.2883895 0.3618109 0.3448196 0.2837928 0.3273988 0.3669430 0.2947512 0.1893005 0.3328468 0.4518693 0.3051424 
n244_245   0.3975799 0.3678918 0.3917041 0.4286778 0.3832415 0.3503525 0.4154996 0.3653919 0.2875394 0.3735961 0.4279896 0.0000000 0.3701949 0.3975982 0.3173704 0.3701949 0.3559500 0.3814442 0.3772394 0.3847904 0.3505220 0.2727406 0.3889275 
n278_279   0.2432676 0.2437493 0.2436782 0.2895385 0.0483725 0.2388479 0.2575974 0.0376678 0.3636042 0.2391048 0.2883895 0.3701949 0.0000000 0.2289633 0.2723985 0.0066901 0.2339042 0.2684546 0.0447878 0.3038975 0.2386443 0.3406375 0.0519436 
n287_288   0.0134676 0.0377721 0.0237803 0.3628250 0.2529881 0.0342302 0.0237363 0.2482497 0.3831140 0.0413104 0.3618109 0.3975982 0.2289633 0.0000000 0.1797388 0.2289633 0.0342539 0.1007883 0.2480649 0.3177769 0.0342062 0.3769113 0.2577355 
n200_201   0.1839779 0.1622138 0.1795998 0.3404902 0.2839915 0.1578809 0.1971831 0.2735639 0.3482433 0.1664656 0.3448196 0.3173704 0.2723985 0.1797388 0.0000000 0.2723985 0.1535392 0.1713261 0.2788158 0.2905269 0.1577557 0.3314690 0.2889607 
n277_278   0.2432676 0.2437493 0.2436782 0.2849230 0.0483725 0.2388479 0.2575974 0.0376678 0.3748325 0.2391048 0.2837928 0.3701949 0.0066901 0.2289633 0.2723985 0.0000000 0.2339042 0.2684546 0.0447878 0.3093525 0.2386443 0.3515071 0.0519436 
n297_298   0.0272752 0.0100926 0.0238028 0.3283010 0.2485368 0.0067077 0.0377753 0.2438214 0.3720680 0.0134895 0.3273988 0.3559500 0.2339042 0.0342539 0.1535392 0.2339042 0.0000000 0.0776218 0.2436406 0.2905829 0.0067031 0.3659584 0.2532613 
n236_237   0.1045214 0.0852532 0.1006328 0.3679729 0.2692223 0.0814322 0.1162484 0.2643584 0.4192641 0.0890402 0.3669430 0.3814442 0.2684546 0.1007883 0.1713261 0.2684546 0.0776218 0.0000000 0.2641571 0.3178188 0.0813722 0.4127281 0.2740955 
n280_281   0.2627802 0.2536435 0.2632337 0.2955519 0.0033408 0.2434659 0.2775131 0.0066965 0.3758450 0.2489331 0.2947512 0.3772394 0.0447878 0.2480649 0.2788158 0.0447878 0.2436406 0.2641571 0.0000000 0.3159821 0.2484517 0.3524410 0.0066965 
n285_286   0.3228854 0.3013957 0.3066629 0.1942868 0.3214643 0.2960270 0.3390390 0.3051257 0.4079196 0.3065986 0.1893005 0.3847904 0.3038975 0.3177769 0.2905269 0.3093525 0.2905829 0.3178188 0.3159821 0.0000000 0.2957595 0.4012471 0.3267006 
n275_276   0.0272374 0.0100786 0.0237698 0.3337661 0.2533837 0.0066984 0.0377226 0.2486371 0.3665363 0.0134709 0.3328468 0.3505220 0.2386443 0.0342062 0.1577557 0.2386443 0.0067031 0.0813722 0.2484517 0.2957595 0.0000000 0.3604730 0.2581392 
n255_256   0.3885074 0.3780489 0.3954605 0.4724567 0.3528826 0.3602959 0.4061163 0.3410469 0.0378923 0.3838181 0.4518693 0.2727406 0.3406375 0.3769113 0.3314690 0.3515071 0.3659584 0.4127281 0.3524410 0.4012471 0.3604730 0.0000000 0.3583238 
n292_293   0.2726594 0.2634133 0.2731352 0.3059752 0.0033386 0.2530794 0.2875971 0.0134593 0.3819412 0.2586410 0.3051424 0.3889275 0.0519436 0.2577355 0.2889607 0.0519436 0.2532613 0.2740955 0.0066965 0.3267006 0.2581392 0.3583238 0.0000000 
