26
n277_278   0.0000000 1.9707294 1.8587036 2.1406121 1.9094889 0.3339937 2.6585798 2.0975309 0.0850868 0.3448125 1.8021581 2.0495894 2.0569624 2.1959519 2.1430773 0.3569212 0.3300564 1.8763058 1.8429966 3.2676030 1.7814894 1.5501470 2.0302445 2.0776983 2.1954146 0.3442861 
n286_287   1.9707294 0.0000000 1.9010726 0.0780535 1.9208657 2.1252442 9.0000000 2.0201679 2.1107234 2.3072820 2.6694314 2.2807936 2.0606197 1.9205037 2.0390433 2.0802580 1.9650160 1.9715345 1.8972619 5.3446370 0.9687558 1.0035340 2.0592213 5.9478251 1.9320889 2.4557541 
n296_297   1.8587036 1.9010726 0.0000000 2.0571285 0.1856603 1.8852530 2.4028414 0.3221121 1.7658735 1.9077075 0.5613527 0.3213758 0.1944127 0.3071056 1.0981122 1.7548739 1.7290588 0.0204753 0.1508416 6.4315544 2.4547518 3.0103879 0.3224090 2.2855283 0.3072318 1.8235112 
n285_286   2.1406121 0.0780535 2.0571285 0.0000000 2.1146981 2.0784970 8.9999981 2.1426303 2.2568547 2.2394763 2.5892540 2.3526230 2.2818545 2.0796084 2.1928645 1.9572655 1.9517546 2.1076295 2.0856672 4.2157960 0.8975976 0.9308392 2.1805167 4.9646820 2.0934848 2.3789080 
n289_290   1.9094889 1.9208657 0.1856603 2.1146981 0.0000000 2.0109279 2.8932807 0.3559247 1.8210671 1.8623859 0.5704861 0.3600045 0.0633823 0.3130554 1.0746659 1.8517322 1.8969345 0.1905149 0.0415379 6.8819796 2.5479885 3.0079481 0.3661428 2.6130803 0.3078269 1.8503571 
n274_275   0.3339937 2.1252442 1.8852530 2.0784970 2.0109279 0.0000000 2.5325136 1.9308637 0.3343421 0.1320159 1.8834867 1.9543384 2.2988397 2.0296071 2.1569369 0.1240336 0.1005580 1.9434758 1.9382395 3.7769848 1.6109825 1.6003123 1.8922925 1.9793547 2.0337986 0.1320859 
n255_256   2.6585798 9.0000000 2.4028414 8.9999981 2.8932807 2.5325136 0.0000000 2.2137708 2.5407299 3.0373713 3.0189606 2.3246095 2.5084750 2.2816637 5.6160713 2.7653178 2.5142510 2.3301659 2.5497118 2.4422982 3.4059486 3.5489640 2.3329485 0.3101944 2.3571863 2.9647924 
n275_276   2.0975309 2.0201679 0.3221121 2.1426303 0.3559247 1.9308637 2.2137708 0.0000000 2.0169471 1.9025128 0.5545397 0.1283545 0.3793415 0.1495040 0.9592199 1.8308402 1.7705191 0.3282793 0.3274878 3.3463092 2.2561531 2.4775056 0.1404269 1.8708467 0.1453852 2.0150686 
n278_279   0.0850868 2.1107234 1.7658735 2.2568547 1.8210671 0.3343421 2.5407299 2.0169471 0.0000000 0.3619983 1.8473286 2.1719642 2.0102573 2.0169918 1.9701152 0.3687370 0.3402826 1.7815330 1.8172611 3.2726610 1.8112361 1.5300918 2.0676198 2.0916757 2.1038213 0.3610795 
n299_300   0.3448125 2.3072820 1.9077075 2.2394763 1.8623859 0.1320159 3.0373713 1.9025128 0.3619983 0.0000000 1.8342846 1.8547124 2.0142847 2.0863209 2.1135205 0.0627528 0.0890839 1.9676292 1.7992757 4.1653624 1.5915435 1.5717865 1.8683990 2.1361864 2.0909341 0.0236568 
n236_237   1.8021581 2.6694314 0.5613527 2.5892540 0.5704861 1.8834867 3.0189606 0.5545397 1.8473286 1.8342846 0.0000000 0.5997820 0.6053295 0.5360182 0.9751905 1.7851114 1.7606719 0.5702669 0.5930682 3.8532419 2.2720006 2.4173263 0.6141377 2.7282588 0.5288599 1.9544331 
n293_294   2.0495894 2.2807936 0.3213758 2.3526230 0.3600045 1.9543384 2.3246095 0.1283545 2.1719642 1.8547124 0.5997820 0.0000000 0.3768309 0.1412285 0.9932117 1.8219892 1.8293309 0.3275266 0.3379219 3.9175539 2.4094420 2.6467731 0.0343000 2.1084895 0.1455542 1.8395375 
n290_291   2.0569624 2.0606197 0.1944127 2.2818545 0.0633823 2.2988397 2.5084750 0.3793415 2.0102573 2.0142847 0.6053295 0.3768309 0.0000000 0.3300170 1.0954089 2.0013176 2.0529430 0.2036924 0.0560597 9.0000000 2.6920771 3.1217515 0.3831211 2.2858682 0.3357824 1.9992022 
n297_298   2.1959519 1.9205037 0.3071056 2.0796084 0.3130554 2.0296071 2.2816637 0.1495040 2.0169918 2.0863209 0.5360182 0.1412285 0.3300170 0.0000000 0.9558575 1.9321270 1.8801673 0.3191238 0.3028593 3.8700354 2.2821695 2.4863590 0.1245731 2.0685300 0.0204321 2.1744205 
n200_201   2.1430773 2.0390433 1.0981122 2.1928645 1.0746659 2.1569369 5.6160713 0.9592199 1.9701152 2.1135205 0.9751905 0.9932117 1.0954089 0.9558575 0.0000000 2.1553109 1.9214762 1.0641702 1.0792401 9.0000000 2.4506355 3.0313164 0.9518847 2.8567943 0.9952778 2.3156246 
n292_293   0.3569212 2.0802580 1.7548739 1.9572655 1.8517322 0.1240336 2.7653178 1.8308402 0.3687370 0.0627528 1.7851114 1.8219892 2.0013176 1.9321270 2.1553109 0.0000000 0.0815487 1.8049561 1.7894133 3.7917667 1.5166907 1.5543389 1.7668975 1.9805891 2.0031625 0.0664536 
n280_281   0.3300564 1.9650160 1.7290588 1.9517546 1.8969345 0.1005580 2.5142510 1.7705191 0.3402826 0.0890839 1.7606719 1.8293309 2.0529430 1.8801673 1.9214762 0.0815487 0.0000000 1.7772833 1.8323904 3.8134297 1.6443753 1.6096652 1.7742081 1.9682638 1.8947668 0.0929538 
n295_296   1.8763058 1.9715345 0.0204753 2.1076295 0.1905149 1.9434758 2.3301659 0.3282793 1.7815330 1.9676292 0.5702669 0.3275266 0.2036924 0.3191238 1.0641702 1.8049561 1.7772833 0.0000000 0.1682836 9.0000000 2.3631544 2.8659384 0.3285834 2.2937099 0.3192550 1.8775659 
n287_288   1.8429966 1.8972619 0.1508416 2.0856672 0.0415379 1.9382395 2.5497118 0.3274878 1.8172611 1.7992757 0.5930682 0.3379219 0.0560597 0.3028593 1.0792401 1.7894133 1.8323904 0.1682836 0.0000000 4.9853105 2.6131475 3.1090000 0.3438646 2.3954668 0.2976982 1.7882933 
n244_245   3.2676030 5.3446370 6.4315544 4.2157960 6.8819796 3.7769848 2.4422982 3.3463092 3.2726610 4.1653624 3.8532419 3.9175539 9.0000000 3.8700354 9.0000000 3.7917667 3.8134297 9.0000000 4.9853105 0.0000000 3.9966674 2.8845418 3.7967853 4.1947023 4.5482214 4.0823018 
n265_266   1.7814894 0.9687558 2.4547518 0.8975976 2.5479885 1.6109825 3.4059486 2.2561531 1.8112361 1.5915435 2.2720006 2.4094420 2.6920771 2.2821695 2.4506355 1.5166907 1.6443753 2.3631544 2.6131475 3.9966674 0.0000000 0.1838290 2.3639703 4.4074857 2.1829594 1.5793901 
n266_267   1.5501470 1.0035340 3.0103879 0.9308392 3.0079481 1.6003123 3.5489640 2.4775056 1.5300918 1.5717865 2.4173263 2.6467731 3.1217515 2.4863590 3.0313164 1.5543389 1.6096652 2.8659384 3.1090000 2.8845418 0.1838290 0.0000000 2.7484567 5.0665641 2.3637728 1.5768646 
n294_295   2.0302445 2.0592213 0.3224090 2.1805167 0.3661428 1.8922925 2.3329485 0.1404269 2.0676198 1.8683990 0.6141377 0.0343000 0.3831211 0.1245731 0.9518847 1.7668975 1.7742081 0.3285834 0.3438646 3.7967853 2.3639703 2.7484567 0.0000000 2.0547156 0.1371478 1.8998263 
n251_252   2.0776983 5.9478251 2.2855283 4.9646820 2.6130803 1.9793547 0.3101944 1.8708467 2.0916757 2.1361864 2.7282588 2.1084895 2.2858682 2.0685300 2.8567943 1.9805891 1.9682638 2.2937099 2.3954668 4.1947023 4.4074857 5.0665641 2.0547156 0.0000000 2.2040995 2.1345661 
n298_299   2.1954146 1.9320889 0.3072318 2.0934848 0.3078269 2.0337986 2.3571863 0.1453852 2.1038213 2.0909341 0.5288599 0.1455542 0.3357824 0.0204321 0.9952778 2.0031625 1.8947668 0.3192550 0.2976982 4.5482214 2.1829594 2.3637728 0.1371478 2.2040995 0.0000000 2.1796299 
n300_301   0.3442861 2.4557541 1.8235112 2.3789080 1.8503571 0.1320859 2.9647924 2.0150686 0.3610795 0.0236568 1.9544331 1.8395375 1.9992022 2.1744205 2.3156246 0.0664536 0.0929538 1.8775659 1.7882933 4.0823018 1.5793901 1.5768646 1.8998263 2.1345661 2.1796299 0.0000000 
