26
n289_290   0.0000000 0.0518128 0.0306352 0.2969198 0.2582983 0.0483181 0.0033372 0.2536077 0.3405377 0.0518867 0.2970290 0.0306477 0.2582944 0.4231514 0.2123795 0.0100582 0.1605301 0.2168235 0.0519142 0.1354181 0.2532686 0.2290040 0.0519165 0.3573954 0.2583336 0.2290230 
n294_295   0.0518128 0.0000000 0.0411464 0.2675390 0.2352112 0.0100646 0.0482104 0.2306568 0.3255104 0.0066965 0.2676362 0.0411631 0.2352077 0.4131651 0.1905942 0.0553674 0.1482092 0.1949175 0.0134555 0.1115372 0.2303522 0.2112900 0.0134561 0.3526775 0.2352442 0.2113077 
n295_296   0.0306352 0.0411464 0.0000000 0.2873221 0.2536161 0.0376866 0.0271495 0.2489533 0.3465534 0.0412047 0.2874275 0.0066892 0.2536123 0.4068575 0.2079633 0.0340992 0.1647527 0.2123826 0.0412263 0.1234397 0.2486213 0.2202095 0.0412282 0.3635817 0.2536509 0.2202278 
n266_267   0.2969198 0.2675390 0.2873221 0.0000000 0.2937735 0.2679021 0.3020092 0.2839940 0.4082834 0.2679860 0.0066878 0.2923000 0.2937688 0.4505762 0.2594660 0.3073009 0.2823234 0.2595051 0.2728604 0.3332659 0.2884426 0.1273078 0.2776765 0.4145517 0.2884275 0.1352145 
n299_300   0.2582983 0.2352112 0.2536161 0.2937735 0.0000000 0.2401100 0.2580120 0.0272230 0.3578580 0.2355961 0.2938820 0.2537219 0.0033442 0.4323114 0.0628290 0.2675969 0.2733007 0.0664699 0.2403749 0.2981371 0.0203086 0.2536504 0.2448926 0.3684956 0.0100862 0.2633672 
n298_299   0.0483181 0.0100646 0.0376866 0.2679021 0.2401100 0.0000000 0.0447296 0.2355215 0.3364334 0.0100786 0.2679996 0.0377018 0.2401064 0.4254446 0.1951669 0.0518633 0.1525327 0.1995206 0.0033440 0.1117037 0.2352093 0.2115638 0.0100842 0.3639905 0.2401436 0.2115815 
n290_291   0.0033372 0.0482104 0.0271495 0.3020092 0.2580120 0.0447296 0.0000000 0.2533274 0.3459706 0.0482790 0.3021205 0.0271605 0.2580081 0.4292111 0.2121507 0.0066857 0.1647511 0.2165893 0.0483045 0.1313186 0.2529890 0.2336223 0.0483067 0.3629623 0.2580472 0.2336416 
n274_275   0.2536077 0.2306568 0.2489533 0.2839940 0.0272230 0.2355215 0.2533274 0.0000000 0.3523082 0.2310330 0.2840985 0.2490571 0.0237686 0.4454576 0.0556007 0.2582559 0.2685069 0.0592086 0.2357806 0.2931811 0.0203075 0.2489875 0.2402731 0.3628688 0.0237730 0.2586409 
n251_252   0.3405377 0.3255104 0.3465534 0.4082834 0.3578580 0.3364334 0.3459706 0.3523082 0.0000000 0.3313162 0.4199670 0.3467012 0.3578517 0.3616843 0.3203208 0.3462105 0.3459604 0.3254713 0.3419356 0.3850312 0.3518001 0.3827707 0.3419451 0.0376639 0.3579014 0.3827972 
n293_294   0.0518867 0.0066965 0.0412047 0.2679860 0.2355961 0.0100786 0.0482790 0.2310330 0.3313162 0.0000000 0.2680835 0.0412214 0.2355926 0.4197372 0.1908966 0.0554466 0.1484593 0.1952277 0.0134742 0.1117037 0.2307275 0.2116283 0.0134748 0.3586890 0.2356292 0.2116461 
n265_266   0.2970290 0.2676362 0.2874275 0.0066878 0.2938820 0.2679996 0.3021205 0.2840985 0.4199670 0.2680835 0.0000000 0.2924074 0.2938772 0.4629410 0.2595603 0.3074145 0.2824267 0.2595995 0.2729599 0.3283270 0.2885487 0.1273509 0.2777780 0.4263409 0.2885336 0.1352604 
n296_297   0.0306477 0.0411631 0.0066892 0.2923000 0.2537219 0.0377018 0.0271605 0.2490571 0.3467012 0.0412214 0.2924074 0.0000000 0.2537180 0.4185136 0.2080495 0.0341131 0.1648207 0.2124707 0.0412430 0.1234903 0.2487248 0.2247397 0.0412449 0.3637375 0.2537567 0.2247584 
n300_301   0.2582944 0.2352077 0.2536123 0.2937688 0.0033442 0.2401064 0.2580081 0.0237686 0.3578517 0.2355926 0.2938772 0.2537180 0.0000000 0.4322393 0.0592047 0.2675928 0.2732964 0.0628290 0.2403713 0.2981322 0.0168876 0.2536465 0.2448889 0.3684889 0.0067099 0.2633632 
n244_245   0.4231514 0.4131651 0.4068575 0.4505762 0.4323114 0.4254446 0.4292111 0.4454576 0.3616843 0.4197372 0.4629410 0.4185136 0.4322393 0.0000000 0.4097397 0.4289836 0.4625846 0.4155451 0.4252276 0.4482389 0.4506201 0.4234932 0.4316763 0.3736084 0.4448197 0.4235200 
n278_279   0.2123795 0.1905942 0.2079633 0.2594660 0.0628290 0.1951669 0.2121507 0.0556007 0.3203208 0.1908966 0.2595603 0.2080495 0.0592047 0.4097397 0.0000000 0.2211602 0.2358225 0.0033478 0.1996469 0.2543348 0.0555344 0.2123487 0.1996534 0.3414255 0.0592153 0.2123665 
n287_288   0.0100582 0.0553674 0.0340992 0.3073009 0.2675969 0.0518633 0.0066857 0.2582559 0.3462105 0.0554466 0.3074145 0.0341131 0.2675928 0.4289836 0.2211602 0.0000000 0.1732047 0.2256521 0.0554761 0.1313977 0.2624988 0.2428605 0.0554786 0.3632168 0.2676330 0.2428804 
n200_201   0.1605301 0.1482092 0.1647527 0.2823234 0.2733007 0.1525327 0.1647511 0.2685069 0.3459604 0.1484593 0.2824267 0.1648207 0.2732964 0.4625846 0.2358225 0.1732047 0.0000000 0.2404178 0.1567437 0.1905947 0.2681440 0.2387415 0.1567493 0.3457688 0.2685491 0.2387612 
n277_278   0.2168235 0.1949175 0.2123826 0.2595051 0.0664699 0.1995206 0.2165893 0.0592086 0.3254713 0.1952277 0.2595995 0.2124707 0.0628290 0.4155451 0.0033478 0.2256521 0.2404178 0.0000000 0.2040280 0.2590398 0.0591379 0.2167917 0.2040345 0.3467202 0.0628402 0.2168099 
n297_298   0.0519142 0.0134555 0.0412263 0.2728604 0.2403749 0.0033440 0.0483045 0.2357806 0.3419356 0.0134742 0.2729599 0.0412430 0.2403713 0.4252276 0.1996469 0.0554761 0.1567437 0.2040280 0.0000000 0.1156524 0.2354677 0.2161264 0.0134817 0.3697154 0.2404084 0.2161445 
n236_237   0.1354181 0.1115372 0.1234397 0.3332659 0.2981371 0.1117037 0.1313186 0.2931811 0.3850312 0.1117037 0.3283270 0.1234903 0.2981322 0.4482389 0.2543348 0.1313977 0.1905947 0.2590398 0.1156524 0.0000000 0.2927789 0.2766363 0.1156569 0.4144633 0.2981759 0.2766584 
n280_281   0.2532686 0.2303522 0.2486213 0.2884426 0.0203086 0.2352093 0.2529890 0.0203075 0.3518001 0.2307275 0.2885487 0.2487248 0.0168876 0.4506201 0.0555344 0.2624988 0.2681440 0.0591379 0.2354677 0.2927789 0.0000000 0.2486553 0.2399536 0.3623421 0.0168907 0.2582937 
n285_286   0.2290040 0.2112900 0.2202095 0.1273078 0.2536504 0.2115638 0.2336223 0.2489875 0.3827707 0.2116283 0.1273509 0.2247397 0.2536465 0.4234932 0.2123487 0.2428605 0.2387415 0.2167917 0.2161264 0.2766363 0.2486553 0.0000000 0.2205851 0.3888290 0.2536852 0.0134160 
n275_276   0.0519165 0.0134561 0.0412282 0.2776765 0.2448926 0.0100842 0.0483067 0.2402731 0.3419451 0.0134748 0.2777780 0.0412449 0.2448889 0.4316763 0.1996534 0.0554786 0.1567493 0.2040345 0.0134817 0.1156569 0.2399536 0.2205851 0.0000000 0.3697256 0.2449266 0.2206035 
n255_256   0.3573954 0.3526775 0.3635817 0.4145517 0.3684956 0.3639905 0.3629623 0.3628688 0.0376639 0.3586890 0.4263409 0.3637375 0.3684889 0.3736084 0.3414255 0.3632168 0.3457688 0.3467202 0.3697154 0.4144633 0.3623421 0.3888290 0.3697256 0.0000000 0.3685396 0.3888556 
n292_293   0.2583336 0.2352442 0.2536509 0.2884275 0.0100862 0.2401436 0.2580472 0.0237730 0.3579014 0.2356292 0.2885336 0.2537567 0.0067099 0.4448197 0.0592153 0.2676330 0.2685491 0.0628402 0.2404084 0.2981759 0.0168907 0.2536852 0.2449266 0.3685396 0.0000000 0.2634030 
n286_287   0.2290230 0.2113077 0.2202278 0.1352145 0.2633672 0.2115815 0.2336416 0.2586409 0.3827972 0.2116461 0.1352604 0.2247584 0.2633632 0.4235200 0.2123665 0.2428804 0.2387612 0.2168099 0.2161445 0.2766584 0.2582937 0.0134160 0.2206035 0.3888556 0.2634030 0.0000000 
