26
n277_278   0.0000000 1.9119126 1.8872370 1.7694968 2.1037218 0.3624868 3.1572939 1.5487105 0.1167280 0.3170568 1.8504891 1.5384082 1.9664311 1.5918469 1.8576676 0.3435470 0.3436040 2.0431468 2.0406988 2.1710217 1.9518478 2.2815619 1.6525213 3.3335089 1.7147599 0.3331546 
n286_287   1.9119126 0.0000000 3.7185294 0.0778206 4.1352902 2.5123319 5.6199306 3.1883214 1.7919396 2.3595675 3.1650621 3.2930300 3.4854653 3.3793750 2.0027947 2.5888751 2.4017094 4.0153473 3.5028086 2.7847749 1.0837935 1.0271265 2.9850335 2.5845350 3.7587544 2.1739736 
n296_297   1.8872370 3.7185294 0.0000000 3.4258841 0.1793458 2.3735245 2.9033899 0.3806669 2.0096073 2.2092081 0.6616076 0.3620596 0.1656614 0.4100947 1.2213197 2.3353438 2.2707040 0.0412601 0.1701868 2.1116717 2.5691389 2.7156126 0.3844614 2.7314125 0.4033015 2.1609439 
n285_286   1.7694968 0.0778206 3.4258841 0.0000000 4.1591524 2.3813111 3.3603278 3.0675717 1.6373354 2.2562666 3.0565840 2.8807878 3.5293076 2.9728734 2.2494233 2.2559010 2.0878175 3.8267218 3.5461799 2.5155739 1.0301193 0.9512443 2.9679717 2.5015723 3.3252616 2.0354846 
n289_290   2.1037218 4.1352902 0.1793458 4.1591524 0.0000000 2.6361622 2.5240674 0.3478775 1.9865709 2.4645172 0.6410961 0.3468369 0.0520709 0.3935868 1.1886364 2.7287180 2.2373782 0.1788984 0.0630538 1.9135047 2.9530232 2.7599022 0.3463276 2.2741119 0.3927239 2.3402382 
n274_275   0.3624868 2.5123319 2.3735245 2.3813111 2.6361622 0.0000000 3.9880567 2.1856528 0.3683893 0.1289237 2.1788676 2.3734682 2.3698100 2.0093703 1.9824659 0.1538226 0.1292258 2.6307876 2.5314088 3.5538067 1.8957960 2.2086110 2.4365592 4.6897522 2.1482351 0.1333090 
n255_256   3.1572939 5.6199306 2.9033899 3.3603278 2.5240674 3.9880567 0.0000000 3.0357911 2.4037386 3.9465864 3.3622165 2.7064909 2.4355276 2.7837528 4.1747183 3.7438889 3.5547772 2.8433966 2.3149599 2.1048569 2.3403067 2.4564300 2.9917715 0.2875858 2.8476772 3.4518794 
n275_276   1.5487105 3.1883214 0.3806669 3.0675717 0.3478775 2.1856528 3.0357911 0.0000000 1.7253496 2.0351321 0.6310056 0.0927303 0.3355348 0.1370038 1.1501998 2.2646601 2.0490607 0.3855976 0.3469935 2.2951518 3.0541546 2.9202394 0.0887627 3.8344963 0.1287225 2.0928317 
n278_279   0.1167280 1.7919396 2.0096073 1.6373354 1.9865709 0.3683893 2.4037386 1.7253496 0.0000000 0.3380898 1.8499014 1.7065454 1.9402352 1.8977622 1.8858730 0.3602087 0.3548147 2.1030810 2.0135275 2.0936521 1.7947080 2.1203842 1.8829212 2.3848268 2.0164184 0.3442224 
n299_300   0.3170568 2.3595675 2.2092081 2.2562666 2.4645172 0.1289237 3.9465864 2.0351321 0.3380898 0.0000000 2.0150964 2.1062442 2.3680301 1.9262619 1.6837425 0.0449874 0.0743416 2.4282852 2.4598941 3.3539582 1.8997668 2.0623530 2.1476393 3.8568120 2.1424166 0.0203815 
n236_237   1.8504891 3.1650621 0.6616076 3.0565840 0.6410961 2.1788676 3.3622165 0.6310056 1.8499014 2.0150964 0.0000000 0.6195332 0.6158773 0.6466783 1.0812608 2.1702907 1.8977719 0.6783647 0.6261643 2.3047378 4.5338183 4.1815249 0.6360389 3.0326223 0.6539904 2.0141989 
n293_294   1.5384082 3.2930300 0.3620596 2.8807878 0.3468369 2.3734682 2.7064909 0.0927303 1.7065454 2.1062442 0.6195332 0.0000000 0.3345433 0.1243206 1.2153415 2.1609923 1.9683533 0.3724498 0.3459588 2.3137987 2.7086225 2.3986803 0.0376580 3.1266938 0.1201392 2.1455212 
n290_291   1.9664311 3.4854653 0.1656614 3.5293076 0.0520709 2.3698100 2.4355276 0.3355348 1.9402352 2.3680301 0.6158773 0.3345433 0.0000000 0.3803260 1.1909014 2.4564205 2.2522093 0.1694267 0.0376774 1.8129697 2.4666848 2.5522905 0.3454390 2.1295806 0.3795039 2.2530144 
n297_298   1.5918469 3.3793750 0.4100947 2.9728734 0.3935868 2.0093703 2.7837528 0.1370038 1.8977622 1.9262619 0.6466783 0.1243206 0.3803260 0.0000000 1.0797107 2.0124345 1.8460487 0.4034731 0.3927621 2.5461154 2.9354652 3.3233376 0.1281364 3.2357960 0.0340926 1.9301179 
n200_201   1.8576676 2.0027947 1.2213197 2.2494233 1.1886364 1.9824659 4.1747183 1.1501998 1.8858730 1.6837425 1.0812608 1.2153415 1.1909014 1.0797107 0.0000000 1.7291950 1.7693991 1.2745960 1.1950237 2.3079200 2.1246184 2.2247578 1.1162340 4.5685624 1.1400236 1.6870109 
n292_293   0.3435470 2.5888751 2.3353438 2.2559010 2.7287180 0.1538226 3.7438889 2.2646601 0.3602087 0.0449874 2.1702907 2.1609923 2.4564205 2.0124345 1.7291950 0.0000000 0.0932774 2.5930654 2.5561740 2.8795730 2.0214320 2.2444738 2.3991189 4.8652744 2.3469643 0.0594802 
n280_281   0.3436040 2.4017094 2.2707040 2.0878175 2.2373782 0.1292258 3.5547772 2.0490607 0.3548147 0.0743416 1.8977719 1.9683533 2.2522093 1.8460487 1.7693991 0.0932774 0.0000000 2.3762999 2.4454607 3.7826803 1.9693400 2.0876484 2.1057119 4.6998073 2.0462171 0.0895136 
n295_296   2.0431468 4.0153473 0.0412601 3.8267218 0.1788984 2.6307876 2.8433966 0.3855976 2.1030810 2.4282852 0.6783647 0.3724498 0.1694267 0.4034731 1.2745960 2.5930654 2.3762999 0.0000000 0.1652714 2.1731553 2.9896610 3.2471916 0.3951299 2.5943215 0.4083347 2.3571441 
n287_288   2.0406988 3.5028086 0.1701868 3.5461799 0.0630538 2.5314088 2.3149599 0.3469935 2.0135275 2.4598941 0.6261643 0.3459588 0.0376774 0.3927621 1.1950237 2.5561740 2.4454607 0.1652714 0.0000000 1.8800675 2.6113665 2.6345568 0.3574346 2.1676380 0.3919026 2.3365164 
n244_245   2.1710217 2.7847749 2.1116717 2.5155739 1.9135047 3.5538067 2.1048569 2.2951518 2.0936521 3.3539582 2.3047378 2.3137987 1.8129697 2.5461154 2.3079200 2.8795730 3.7826803 2.1731553 1.8800675 0.0000000 2.3798522 2.3093941 2.3316391 1.9686863 2.2278455 3.0592627 
n265_266   1.9518478 1.0837935 2.5691389 1.0301193 2.9530232 1.8957960 2.3403067 3.0541546 1.7947080 1.8997668 4.5338183 2.7086225 2.4666848 2.9354652 2.1246184 2.0214320 1.9693400 2.9896610 2.6113665 2.3798522 0.0000000 0.2139836 3.0561729 2.9876279 3.0278249 1.8464386 
n266_267   2.2815619 1.0271265 2.7156126 0.9512443 2.7599022 2.2086110 2.4564300 2.9202394 2.1203842 2.0623530 4.1815249 2.3986803 2.5522905 3.3233376 2.2247578 2.2444738 2.0876484 3.2471916 2.6345568 2.3093941 0.2139836 0.0000000 2.6709715 3.3856872 3.0543165 1.9979523 
n294_295   1.6525213 2.9850335 0.3844614 2.9679717 0.3463276 2.4365592 2.9917715 0.0887627 1.8829212 2.1476393 0.6360389 0.0376580 0.3454390 0.1281364 1.1162340 2.3991189 2.1057119 0.3951299 0.3574346 2.3316391 3.0561729 2.6709715 0.0000000 3.0936149 0.1200081 2.0895669 
n251_252   3.3335089 2.5845350 2.7314125 2.5015723 2.2741119 4.6897522 0.2875858 3.8344963 2.3848268 3.8568120 3.0326223 3.1266938 2.1295806 3.2357960 4.5685624 4.8652744 4.6998073 2.5943215 2.1676380 1.9686863 2.9876279 3.3856872 3.0936149 0.0000000 3.2158312 3.7074936 
n298_299   1.7147599 3.7587544 0.4033015 3.3252616 0.3927239 2.1482351 2.8476772 0.1287225 2.0164184 2.1424166 0.6539904 0.1201392 0.3795039 0.0340926 1.1400236 2.3469643 2.0462171 0.4083347 0.3919026 2.2278455 3.0278249 3.0543165 0.1200081 3.2158312 0.0000000 2.1476087 
n300_301   0.3331546 2.1739736 2.1609439 2.0354846 2.3402382 0.1333090 3.4518794 2.0928317 0.3442224 0.0203815 2.0141989 2.1455212 2.2530144 1.9301179 1.6870109 0.0594802 0.0895136 2.3571441 2.3365164 3.0592627 1.8464386 1.9979523 2.0895669 3.7074936 2.1476087 0.0000000 
