26
n277_278   0.0000000 2.0296403 1.9444586 2.0796985 1.8082613 0.4446616 3.4632169 1.8186645 0.1290359 0.4507641 2.0940133 1.6827504 1.6915898 1.5346039 1.7503461 0.4254174 0.4437684 1.8835497 1.9801071 2.0893808 2.3447449 2.5895302 1.5973822 3.7586834 1.6521690 0.4505212 
n286_287   2.0296403 0.0000000 1.9144496 0.0667111 1.7073681 1.7752365 3.4937492 2.0652130 2.0113630 1.6237672 2.0807273 1.7878786 1.8048435 2.2259194 2.2087923 1.7134185 1.5774147 1.8623729 1.9878069 2.5724411 1.0529665 1.1683745 1.9833874 6.3241842 2.0751889 1.6846710 
n296_297   1.9444586 1.9144496 0.0000000 1.8426918 0.1870921 2.0899027 2.2441573 0.3434782 1.9918909 2.3405880 0.7019595 0.3541954 0.1655659 0.3207021 1.1959498 2.5448235 2.4437758 0.0446192 0.1699301 2.4367530 2.6838447 2.5001211 0.3320716 2.7368987 0.2986056 2.3943708 
n285_286   2.0796985 0.0667111 1.8426918 0.0000000 1.7030169 1.6633719 3.8388509 1.9470766 1.7866129 1.5910431 2.0762274 1.7867972 1.7997424 2.1759697 2.1757593 1.6537081 1.4988384 1.8284700 1.9416522 2.9040925 1.0640000 1.1610386 1.9490295 6.7836650 2.0396722 1.6496665 
n289_290   1.8082613 1.7073681 0.1870921 1.7030169 0.0000000 2.0359754 3.6016760 0.3314200 1.7662098 2.5440593 0.6263239 0.3423286 0.0518899 0.3095650 1.0480513 2.7945926 2.7194234 0.1783494 0.0554837 3.0516282 2.3523479 2.3760219 0.3256340 3.5980672 0.2832616 2.5546700 
n274_275   0.4446616 1.7752365 2.0899027 1.6633719 2.0359754 0.0000000 2.6208721 2.5597399 0.4618653 0.1331048 2.9859017 2.0287198 1.9297590 2.3056155 1.8869564 0.1290081 0.1414785 1.9703706 2.1442364 1.6810201 2.2051909 2.2565377 2.0215485 2.7862346 2.1558836 0.1291403 
n255_256   3.4632169 3.4937492 2.2441573 3.8388509 3.6016760 2.6208721 0.0000000 2.9570430 3.7402483 2.5332205 3.9180906 3.0822120 3.1087459 3.2304226 2.6456546 2.7759372 2.7721910 2.1475798 3.3020812 2.0227088 8.9999982 8.9999988 3.7395881 0.3063264 2.7577181 2.5829695 
n275_276   1.8186645 2.0652130 0.3434782 1.9470766 0.3314200 2.5597399 2.9570430 0.0000000 2.1696392 3.0577039 0.7405070 0.1498042 0.3156101 0.1709391 1.1512459 3.2986665 3.1915077 0.3324122 0.3268718 2.9297208 2.4885181 2.5319361 0.1332652 3.6724672 0.1579930 3.1586322 
n278_279   0.1290359 2.0113630 1.9918909 1.7866129 1.7662098 0.4618653 3.7402483 2.1696392 0.0000000 0.4694528 1.9971640 1.7873908 1.6543784 1.7397988 1.7559361 0.4501679 0.4836775 1.9281124 1.8636203 2.5247524 2.1160365 2.3222462 1.7549304 3.6676772 1.8184874 0.4760888 
n299_300   0.4507641 1.6237672 2.3405880 1.5910431 2.5440593 0.1331048 2.5332205 3.0577039 0.4694528 0.0000000 3.0875340 2.0720189 2.2047660 2.7003029 1.8996339 0.0307719 0.0974107 2.2412298 2.2734955 1.9991209 2.4870064 2.6046695 2.1103436 2.6313293 2.3955589 0.0169227 
n236_237   2.0940133 2.0807273 0.7019595 2.0762274 0.6263239 2.9859017 3.9180906 0.7405070 1.9971640 3.0875340 0.0000000 0.7685547 0.5858173 0.7220354 1.3590212 3.8706974 3.0681194 0.7028694 0.6195497 3.5060441 2.1232254 1.9164216 0.7700868 3.4298296 0.6840666 3.1911013 
n293_294   1.6827504 1.7878786 0.3541954 1.7867972 0.3423286 2.0287198 3.0822120 0.1498042 1.7873908 2.0720189 0.7685547 0.0000000 0.3321235 0.1665319 1.2171312 2.2898196 2.2721795 0.3432426 0.3380025 2.6682696 2.9837242 2.6736191 0.0484801 4.1033976 0.1536776 2.2076984 
n290_291   1.6915898 1.8048435 0.1655659 1.7997424 0.0518899 1.9297590 3.1087459 0.3156101 1.6543784 2.2047660 0.5858173 0.3321235 0.0000000 0.2787907 0.9939199 2.3825475 2.3833939 0.1570856 0.0554991 3.0174071 2.4242041 2.3647764 0.3050198 3.4641332 0.2586063 2.2524327 
n297_298   1.5346039 2.2259194 0.3207021 2.1759697 0.3095650 2.3056155 3.2304226 0.1709391 1.7397988 2.7003029 0.7220354 0.1665319 0.2787907 0.0000000 1.1462692 3.0008369 2.6345789 0.3044265 0.2993943 2.9136838 2.4040377 2.1691389 0.1579986 4.8764378 0.0520971 2.9523496 
n200_201   1.7503461 2.2087923 1.1959498 2.1757593 1.0480513 1.8869564 2.6456546 1.1512459 1.7559361 1.8996339 1.3590212 1.2171312 0.9939199 1.1462692 0.0000000 1.8900098 1.9667888 1.1612830 1.0557196 2.5781949 2.5545404 2.5887723 1.2008006 2.7353757 1.1481235 2.0140881 
n292_293   0.4254174 1.7134185 2.5448235 1.6537081 2.7945926 0.1290081 2.7759372 3.2986665 0.4501679 0.0307719 3.8706974 2.2898196 2.3825475 3.0008369 1.8900098 0.0000000 0.1012888 2.4254941 2.4665386 1.8041671 2.4658663 2.5799416 2.3377660 2.7500197 2.6132671 0.0342882 
n280_281   0.4437684 1.5774147 2.4437758 1.4988384 2.7194234 0.1414785 2.7721910 3.1915077 0.4836775 0.0974107 3.0681194 2.2721795 2.3833939 2.6345789 1.9667888 0.1012888 0.0000000 2.3324083 2.3797327 1.8804150 1.9990699 2.0365521 2.2223093 2.5250647 2.4022234 0.0975272 
n295_296   1.8835497 1.8623729 0.0446192 1.8284700 0.1783494 1.9703706 2.1475798 0.3324122 1.9281124 2.2412298 0.7028694 0.3432426 0.1570856 0.3044265 1.1612830 2.4254941 2.3324083 0.0000000 0.1613943 2.1645399 2.4655480 2.3548449 0.3374618 2.5694480 0.2830700 2.2904102 
n287_288   1.9801071 1.9878069 0.1699301 1.9416522 0.0554837 2.1442364 3.3020812 0.3268718 1.8636203 2.2734955 0.6195497 0.3380025 0.0554991 0.2993943 1.0557196 2.4665386 2.3797327 0.1613943 0.0000000 3.3275412 2.3408018 2.2745193 0.3154237 3.0358917 0.2681500 2.3247139 
n244_245   2.0893808 2.5724411 2.4367530 2.9040925 3.0516282 1.6810201 2.0227088 2.9297208 2.5247524 1.9991209 3.5060441 2.6682696 3.0174071 2.9136838 2.5781949 1.8041671 1.8804150 2.1645399 3.3275412 0.0000000 2.7651134 3.7482273 3.0549729 2.2064834 2.8945581 1.9962266 
n265_266   2.3447449 1.0529665 2.6838447 1.0640000 2.3523479 2.2051909 8.9999982 2.4885181 2.1160365 2.4870064 2.1232254 2.9837242 2.4242041 2.4040377 2.5545404 2.4658663 1.9990699 2.4655480 2.3408018 2.7651134 0.0000000 0.1678919 2.9817880 8.9999988 2.4328620 2.5505971 
n266_267   2.5895302 1.1683745 2.5001211 1.1610386 2.3760219 2.2565377 8.9999988 2.5319361 2.3222462 2.6046695 1.9164216 2.6736191 2.3647764 2.1691389 2.5887723 2.5799416 2.0365521 2.3548449 2.2745193 3.7482273 0.1678919 0.0000000 2.8558753 9.0000000 2.3698650 2.4553480 
n294_295   1.5973822 1.9833874 0.3320716 1.9490295 0.3256340 2.0215485 3.7395881 0.1332652 1.7549304 2.1103436 0.7700868 0.0484801 0.3050198 0.1579986 1.2008006 2.3377660 2.2223093 0.3374618 0.3154237 3.0549729 2.9817880 2.8558753 0.0000000 4.6539369 0.1412136 2.2514602 
n251_252   3.7586834 6.3241842 2.7368987 6.7836650 3.5980672 2.7862346 0.3063264 3.6724672 3.6676772 2.6313293 3.4298296 4.1033976 3.4641332 4.8764378 2.7353757 2.7500197 2.5250647 2.5694480 3.0358917 2.2064834 8.9999988 9.0000000 4.6539369 0.0000000 3.6675335 2.7020272 
n298_299   1.6521690 2.0751889 0.2986056 2.0396722 0.2832616 2.1558836 2.7577181 0.1579930 1.8184874 2.3955589 0.6840666 0.1536776 0.2586063 0.0520971 1.1481235 2.6132671 2.4022234 0.2830700 0.2681500 2.8945581 2.4328620 2.3698650 0.1412136 3.6675335 0.0000000 2.6771380 
n300_301   0.4505212 1.6846710 2.3943708 1.6496665 2.5546700 0.1291403 2.5829695 3.1586322 0.4760888 0.0169227 3.1911013 2.2076984 2.2524327 2.9523496 2.0140881 0.0342882 0.0975272 2.2904102 2.3247139 1.9962266 2.5505971 2.4553480 2.2514602 2.7020272 2.6771380 0.0000000 
