25
n289_290   0.0000000 0.0306636 0.0342019 0.3155292 0.3105764 0.0376726 0.0067069 0.3103240 0.3968174 0.0341533 0.3104076 0.0272304 0.3405706 0.3158426 0.0100871 0.1608551 0.2948218 0.0341652 0.1042501 0.3050823 0.3374073 0.0446985 0.3849339 0.3210109 0.3321511 
n294_295   0.0306636 0.0000000 0.0377094 0.2949627 0.2952076 0.0134698 0.0306786 0.2949695 0.3743719 0.0033438 0.2899797 0.0307046 0.3298320 0.3003591 0.0272108 0.1484702 0.2797942 0.0100787 0.0927279 0.2898400 0.3107753 0.0134620 0.3628510 0.3054228 0.3057035 
n295_296   0.0342019 0.0377094 0.0000000 0.3055896 0.3107678 0.0519295 0.0272196 0.3105152 0.4032190 0.0412381 0.3005299 0.0134847 0.3571810 0.3160385 0.0307297 0.1695935 0.2950002 0.0483485 0.1043011 0.3052691 0.3321355 0.0518984 0.3912142 0.3212111 0.3269140 
n266_267   0.3155292 0.2949627 0.3055896 0.0000000 0.2895977 0.3104969 0.3157086 0.2846694 0.3698381 0.3000312 0.0100795 0.3058729 0.3647799 0.2900037 0.3106245 0.3636032 0.2794602 0.3053423 0.3004037 0.2796191 0.1650870 0.3152268 0.3641577 0.2997151 0.1609227 
n299_300   0.3105764 0.2952076 0.3107678 0.2895977 0.0000000 0.3053158 0.3107526 0.0100686 0.3528274 0.3002819 0.2846554 0.3110562 0.3476158 0.0775379 0.3056969 0.3207741 0.0627151 0.3001970 0.2903662 0.0066947 0.3437140 0.3154955 0.3366208 0.0066981 0.3384042 
n298_299   0.0376726 0.0134698 0.0519295 0.3104969 0.3053158 0.0000000 0.0376911 0.3055629 0.3862548 0.0168773 0.3054070 0.0447853 0.3409473 0.3110468 0.0341897 0.1651525 0.2901473 0.0033445 0.1081193 0.3003510 0.3165668 0.0271820 0.3745266 0.3156729 0.3114491 
n290_291   0.0067069 0.0306786 0.0272196 0.3157086 0.3107526 0.0376911 0.0000000 0.3105000 0.3970524 0.0341700 0.3105837 0.0203177 0.3407662 0.3160224 0.0100920 0.1609395 0.2949876 0.0341819 0.1043033 0.3052548 0.3376017 0.0447205 0.3851602 0.3211940 0.3323419 
n274_275   0.3103240 0.2949695 0.3105152 0.2846694 0.0100686 0.3055629 0.3105000 0.0000000 0.3474652 0.3000392 0.2797584 0.3108031 0.3366625 0.0738407 0.3054490 0.3150663 0.0590953 0.3004393 0.2901325 0.0033408 0.3383949 0.3152387 0.3313720 0.0168619 0.3331211 
n251_252   0.3968174 0.3743719 0.4032190 0.3698381 0.3528274 0.3862548 0.3970524 0.3474652 0.0000000 0.3747731 0.3643316 0.3974546 0.3097664 0.3531838 0.3914145 0.3986811 0.3310429 0.3805406 0.3574983 0.3419459 0.4119004 0.3744126 0.0306415 0.3587299 0.4060955 
n293_294   0.0341533 0.0033438 0.0412381 0.3000312 0.3002819 0.0168773 0.0341700 0.3000392 0.3747731 0.0000000 0.2950145 0.0341990 0.3351313 0.3006704 0.0306861 0.1526042 0.2800810 0.0134701 0.0965449 0.2948731 0.3159609 0.0168674 0.3632373 0.3105686 0.3108545 
n265_266   0.3104076 0.2899797 0.3005299 0.0100795 0.2846554 0.3054070 0.3105837 0.2797584 0.3643316 0.2950145 0.0000000 0.3008085 0.3651275 0.2850526 0.3055326 0.3581448 0.2745866 0.3002875 0.2953810 0.2747422 0.1525965 0.3101106 0.3586940 0.2947055 0.1484996 
n296_297   0.0272304 0.0307046 0.0134847 0.3058729 0.3110562 0.0447853 0.0203177 0.3108031 0.3974546 0.0341990 0.3008085 0.0000000 0.3462593 0.3163319 0.0237867 0.1654438 0.2952734 0.0412396 0.1043953 0.3055520 0.3324442 0.0447586 0.3855480 0.3215093 0.3272179 
n244_245   0.3405706 0.3298320 0.3571810 0.3647799 0.3476158 0.3409473 0.3407662 0.3366625 0.3097664 0.3351313 0.3651275 0.3462593 0.0000000 0.3264855 0.3355287 0.3633952 0.3366056 0.3355858 0.3306514 0.3368048 0.3775448 0.3399214 0.3041307 0.3585883 0.3773015 
n278_279   0.3158426 0.3003591 0.3160385 0.2900037 0.0775379 0.3110468 0.3160224 0.0738407 0.3531838 0.3006704 0.2850526 0.3163319 0.3264855 0.0000000 0.3109303 0.3312320 0.0272052 0.3058798 0.2954841 0.0701261 0.3442239 0.3207952 0.3369559 0.0850281 0.3389038 
n287_288   0.0100871 0.0272108 0.0307297 0.3106245 0.3056969 0.0341897 0.0100920 0.3054490 0.3914145 0.0306861 0.3055326 0.0237867 0.3355287 0.3109303 0.0000000 0.1611269 0.2900402 0.0306967 0.1004687 0.3002394 0.3323611 0.0411896 0.3796128 0.3160690 0.3271360 
n200_201   0.1608551 0.1484702 0.1695935 0.3636032 0.3207741 0.1651525 0.1609395 0.3150663 0.3986811 0.1526042 0.3581448 0.1654438 0.3633952 0.3312320 0.1611269 0.0000000 0.3097668 0.1609456 0.1572818 0.3151975 0.3823107 0.1566587 0.3867266 0.3313514 0.3767262 
n277_278   0.2948218 0.2797942 0.2950002 0.2794602 0.0627151 0.2901473 0.2949876 0.0590953 0.3310429 0.2800810 0.2745866 0.2952734 0.3366056 0.0272052 0.2900402 0.3097668 0.0000000 0.2851336 0.2750530 0.0554649 0.3327264 0.2996413 0.3153134 0.0700405 0.3274953 
n297_298   0.0341652 0.0100787 0.0483485 0.3053423 0.3001970 0.0033445 0.0341819 0.3004393 0.3805406 0.0134701 0.3002875 0.0412396 0.3355858 0.3058798 0.0306967 0.1609456 0.2851336 0.0000000 0.1042411 0.2952651 0.3163865 0.0237276 0.3689079 0.3104805 0.3112721 
n236_237   0.1042501 0.0927279 0.1043011 0.3004037 0.2903662 0.1081193 0.1043033 0.2901325 0.3574983 0.0965449 0.2953810 0.1043953 0.3306514 0.2954841 0.1004687 0.1572818 0.2750530 0.1042411 0.0000000 0.2850359 0.3171608 0.1080508 0.3578951 0.3005172 0.3120334 
n280_281   0.3050823 0.2898400 0.3052691 0.2796191 0.0066947 0.3003510 0.3052548 0.0033408 0.3419459 0.2948731 0.2747422 0.3055520 0.3368048 0.0701261 0.3002394 0.3151975 0.0554649 0.2952651 0.2850359 0.0000000 0.3329235 0.3099643 0.3259752 0.0134533 0.3276886 
n285_286   0.3374073 0.3107753 0.3321355 0.1650870 0.3437140 0.3165668 0.3376017 0.3383949 0.4119004 0.3159609 0.1525965 0.3324442 0.3775448 0.3442239 0.3323611 0.3823107 0.3327264 0.3163865 0.3171608 0.3329235 0.0000000 0.3315041 0.4052562 0.3490974 0.0100590 
n275_276   0.0446985 0.0134620 0.0518984 0.3152268 0.3154955 0.0271820 0.0447205 0.3152387 0.3744126 0.0168674 0.3101106 0.0447586 0.3399214 0.3207952 0.0411896 0.1566587 0.2996413 0.0237276 0.1080508 0.3099643 0.3315041 0.0000000 0.3628900 0.3259937 0.3262950 
n255_256   0.3849339 0.3628510 0.3912142 0.3641577 0.3366208 0.3745266 0.3851602 0.3313720 0.0306415 0.3632373 0.3586940 0.3855480 0.3041307 0.3369559 0.3796128 0.3867266 0.3153134 0.3689079 0.3578951 0.3259752 0.4052562 0.3628900 0.0000000 0.3423814 0.3995091 
n292_293   0.3210109 0.3054228 0.3212111 0.2997151 0.0066981 0.3156729 0.3211940 0.0168619 0.3587299 0.3105686 0.2947055 0.3215093 0.3585883 0.0850281 0.3160690 0.3313514 0.0700405 0.3104805 0.3005172 0.0134533 0.3490974 0.3259937 0.3423814 0.0000000 0.3437506 
n286_287   0.3321511 0.3057035 0.3269140 0.1609227 0.3384042 0.3114491 0.3323419 0.3331211 0.4060955 0.3108545 0.1484996 0.3272179 0.3773015 0.3389038 0.3271360 0.3767262 0.3274953 0.3112721 0.3120334 0.3276886 0.0100590 0.3262950 0.3995091 0.3437506 0.0000000 
