24
n275_268   0.0000000 0.2624238 0.2485250 0.0066965 0.0237086 0.2524331 0.0237063 0.0271483 0.2395366 0.3823001 0.0271807 0.0340521 0.2532658 0.0066918 0.0202773 0.2349525 0.2440397 0.0922926 0.2392939 0.4143141 0.0168596 0.1395094 0.2482347 0.4318482 
n285_278   0.2624238 0.0000000 0.2726375 0.2624571 0.2675315 0.0100259 0.2673570 0.2673257 0.2684186 0.4163514 0.2627399 0.2764737 0.2631708 0.2621947 0.2817834 0.2735028 0.2730954 0.3008292 0.2681414 0.3966807 0.2769105 0.2430018 0.2627665 0.3958263 
n280_273   0.2485250 0.2726375 0.0000000 0.2485551 0.2629273 0.2628349 0.2581218 0.2628044 0.0134842 0.4045201 0.2679775 0.2720115 0.0591510 0.2483086 0.2528791 0.0169077 0.0168866 0.2718950 0.0134724 0.3917187 0.2530188 0.2773387 0.0590979 0.3909115 
n294_287   0.0066965 0.2624571 0.2485551 0.0000000 0.0237095 0.2524641 0.0237072 0.0271494 0.2395648 0.3823704 0.0271818 0.0375366 0.2532970 0.0066921 0.0202781 0.2349797 0.2440688 0.0922983 0.2393220 0.4143974 0.0168602 0.1395203 0.2482648 0.4319390 
n295_288   0.0237086 0.2675315 0.2629273 0.0237095 0.0000000 0.2574531 0.0202630 0.0236883 0.2537723 0.3880427 0.0033391 0.0375337 0.2677675 0.0236894 0.0376076 0.2490976 0.2583579 0.1037901 0.2535129 0.4203510 0.0341098 0.1518361 0.2626178 0.4380332 
n286_279   0.2524331 0.0100259 0.2628349 0.2524641 0.2574531 0.0000000 0.2572866 0.2572567 0.2536762 0.4097971 0.2527336 0.2662811 0.2532139 0.2522136 0.2714979 0.2586445 0.2582636 0.2854897 0.2534168 0.4027745 0.2666996 0.2288674 0.2481799 0.4019013 
n289_282   0.0237063 0.2673570 0.2581218 0.0237072 0.0202630 0.2572866 0.0000000 0.0033313 0.2490221 0.3996803 0.0237142 0.0167915 0.2629290 0.0236871 0.0376038 0.2443775 0.2535804 0.0999471 0.2487683 0.4325731 0.0341064 0.1518175 0.2578188 0.4505472 
n287_280   0.0271483 0.2673257 0.2628044 0.0271494 0.0236883 0.2572567 0.0033313 0.0000000 0.2536547 0.4053258 0.0271574 0.0201905 0.2676417 0.0271263 0.0411078 0.2489827 0.2582377 0.1037495 0.2533955 0.4384908 0.0375948 0.1558933 0.2624952 0.4566004 
n299_292   0.2395366 0.2684186 0.0134842 0.2395648 0.2537723 0.2536762 0.2490221 0.2536547 0.0000000 0.3997492 0.2587590 0.2627704 0.0556207 0.2393284 0.2438527 0.0033528 0.0033487 0.2626583 0.0067132 0.3986006 0.2439868 0.2633502 0.0519564 0.3977716 
n244_241   0.3823001 0.4163514 0.4045201 0.3823704 0.3880427 0.4097971 0.3996803 0.4053258 0.3997492 0.0000000 0.3941318 0.4163002 0.3949772 0.3819573 0.3936879 0.3940747 0.3941400 0.4043665 0.3993070 0.3622760 0.3880104 0.3879804 0.4054267 0.3623551 
n296_289   0.0271807 0.2627399 0.2679775 0.0271818 0.0033391 0.2527336 0.0237142 0.0271574 0.2587590 0.3941318 0.0000000 0.0410762 0.2728555 0.0271587 0.0411573 0.2540498 0.2633761 0.1077363 0.2584935 0.4267607 0.0376400 0.1477377 0.2676611 0.4381911 
n290_283   0.0340521 0.2764737 0.2720115 0.0375366 0.0375337 0.2662811 0.0167915 0.0201905 0.2627704 0.4163002 0.0410762 0.0000000 0.2769045 0.0375044 0.0516732 0.2580479 0.2673985 0.1151757 0.2625008 0.4433497 0.0481155 0.1681051 0.2716905 0.4615325 
n277_270   0.2532658 0.2631708 0.0591510 0.2532970 0.2677675 0.2532139 0.2629290 0.2676417 0.0556207 0.3949772 0.2728555 0.2769045 0.0000000 0.2530450 0.2674322 0.0592886 0.0592121 0.2767855 0.0555705 0.3801406 0.2675814 0.2678579 0.0168901 0.3852313 
n293_286   0.0066918 0.2621947 0.2483086 0.0066921 0.0236894 0.2522136 0.0236871 0.0271263 0.2393284 0.3819573 0.0271587 0.0375044 0.2530450 0.0000000 0.0202610 0.2347484 0.2438274 0.0922164 0.2390860 0.4139391 0.0168459 0.1393917 0.2480188 0.4314568 
n298_291   0.0202773 0.2817834 0.2528791 0.0202781 0.0376076 0.2714979 0.0376038 0.0411078 0.2438527 0.3936879 0.0411573 0.0516732 0.2674322 0.0202610 0.0000000 0.2392474 0.2483746 0.1075782 0.2436053 0.4260717 0.0033367 0.1558592 0.2622911 0.4438724 
n300_293   0.2349525 0.2735028 0.0169077 0.2349797 0.2490976 0.2586445 0.2443775 0.2489827 0.0033528 0.3940747 0.2540498 0.2580479 0.0592886 0.2347484 0.2392474 0.0000000 0.0067180 0.2579381 0.0101010 0.3928921 0.2393786 0.2586158 0.0556001 0.3920799 
n292_285   0.2440397 0.2730954 0.0168866 0.2440688 0.2583579 0.2582636 0.2535804 0.2582377 0.0033487 0.3941400 0.2633761 0.2673985 0.0592121 0.2438274 0.2483746 0.0067180 0.0000000 0.2672842 0.0100884 0.3929576 0.2485114 0.2679898 0.0555278 0.3921450 
n236_233   0.0922926 0.3008292 0.2718950 0.0922983 0.1037901 0.2854897 0.0999471 0.1037495 0.2626583 0.4043665 0.1077363 0.1151757 0.2767855 0.0922164 0.1075782 0.2579381 0.2672842 0.0000000 0.2623889 0.4316116 0.1037323 0.1597536 0.2715743 0.4428183 
n274_267   0.2392939 0.2681414 0.0134724 0.2393220 0.2535129 0.2534168 0.2487683 0.2533955 0.0067132 0.3993070 0.2584935 0.2625008 0.0555705 0.2390860 0.2436053 0.0101010 0.0100884 0.2623889 0.0000000 0.3981567 0.2437391 0.2677484 0.0519100 0.3973295 
n255_252   0.4143141 0.3966807 0.3917187 0.4143974 0.4203510 0.4027745 0.4325731 0.4384908 0.3986006 0.3622760 0.4267607 0.4433497 0.3801406 0.4139391 0.4260717 0.3928921 0.3929576 0.4316116 0.3981567 0.0000000 0.4322599 0.4032564 0.3856292 0.0416908 
n297_290   0.0168596 0.2769105 0.2530188 0.0168602 0.0341098 0.2666996 0.0341064 0.0375948 0.2439868 0.3880104 0.0376400 0.0481155 0.2675814 0.0168459 0.0033367 0.2393786 0.2485114 0.1037323 0.2437391 0.4322599 0.0000000 0.1517457 0.2624367 0.4502108 
n200_199   0.1395094 0.2430018 0.2773387 0.1395203 0.1518361 0.2288674 0.1518175 0.1558933 0.2633502 0.3879804 0.1477377 0.1681051 0.2678579 0.1393917 0.1558592 0.2586158 0.2679898 0.1597536 0.2677484 0.4032564 0.1517457 0.0000000 0.2627068 0.3968138 
n278_271   0.2482347 0.2627665 0.0590979 0.2482648 0.2626178 0.2481799 0.2578188 0.2624952 0.0519564 0.4054267 0.2676611 0.2716905 0.0168901 0.2480188 0.2622911 0.0556001 0.0555278 0.2715743 0.0519100 0.3856292 0.2624367 0.2627068 0.0000000 0.3907486 
n251_248   0.4318482 0.3958263 0.3909115 0.4319390 0.4380332 0.4019013 0.4505472 0.4566004 0.3977716 0.3623551 0.4381911 0.4615325 0.3852313 0.4314568 0.4438724 0.3920799 0.3921450 0.4428183 0.3973295 0.0416908 0.4502108 0.3968138 0.3907486 0.0000000 
