23
n298_299   0.0000000 0.2889495 0.1739639 0.3177698 0.0451578 0.3051755 0.2739415 0.0169501 0.0101115 0.2580455 0.0523319 0.3273235 0.2839920 0.0561174 0.0942637 0.3446165 0.0169458 0.2787103 0.3226550 0.0450798 0.2837043 0.4413605 0.2577363 
n280_281   0.2889495 0.0000000 0.3165655 0.2287114 0.2778800 0.2695543 0.0168557 0.2831091 0.2833580 0.0593844 0.2878451 0.3423265 0.0168300 0.2939479 0.2737496 0.3543826 0.2938953 0.0066804 0.2744644 0.2773131 0.0100415 0.3865959 0.0705988 
n200_201   0.1739639 0.3165655 0.0000000 0.3395171 0.1690791 0.3332275 0.3003251 0.1826523 0.1736601 0.2837422 0.1733709 0.3455130 0.3169887 0.1782904 0.1610392 0.3633538 0.1825990 0.3058969 0.3625212 0.1687583 0.3110920 0.4064425 0.2942894 
n286_287   0.3177698 0.2287114 0.3395171 0.0000000 0.3274406 0.1332953 0.2144573 0.3286352 0.3173850 0.2193254 0.3381404 0.3500358 0.2285396 0.3448476 0.2846109 0.3624639 0.3285241 0.2193068 0.1293479 0.3267477 0.2239115 0.3795751 0.2289072 
n287_288   0.0451578 0.2778800 0.1690791 0.3274406 0.0000000 0.3206246 0.2631217 0.0487353 0.0415231 0.2572186 0.0203738 0.3267754 0.2730022 0.0101215 0.0901008 0.3440354 0.0487227 0.2678172 0.3321284 0.0135035 0.2727284 0.4198442 0.2569114 
n266_267   0.3051755 0.2695543 0.3332275 0.1332953 0.3206246 0.0000000 0.2548783 0.3103311 0.2994315 0.2587523 0.3311908 0.3676610 0.2593027 0.3265286 0.2836669 0.3860543 0.3102287 0.2595521 0.0378469 0.3199514 0.2644361 0.4194574 0.2590284 
n292_293   0.2739415 0.0168557 0.3003251 0.2144573 0.2631217 0.2548783 0.0000000 0.2731958 0.2684780 0.0557655 0.2729017 0.3262294 0.0202851 0.2788471 0.2590342 0.3380035 0.2787989 0.0100644 0.2699506 0.2625893 0.0134474 0.3631093 0.0669159 
n293_294   0.0169501 0.2831091 0.1826523 0.3286352 0.0487353 0.3103311 0.2731958 0.0000000 0.0135094 0.2478176 0.0559409 0.3380597 0.2781973 0.0597540 0.0981126 0.3556184 0.0067211 0.2729705 0.3279471 0.0486510 0.2779171 0.4540125 0.2475235 
n275_276   0.0101115 0.2833580 0.1736601 0.3173850 0.0415231 0.2994315 0.2684780 0.0135094 0.0000000 0.2527346 0.0486533 0.3159955 0.2784414 0.0524044 0.0902691 0.3329843 0.0135061 0.2732091 0.3167317 0.0414517 0.2781607 0.4278540 0.2524335 
n278_279   0.2580455 0.0593844 0.2837422 0.2193254 0.2572186 0.2587523 0.0557655 0.2478176 0.2527346 0.0000000 0.2668924 0.2978260 0.0630682 0.2727551 0.2482221 0.3090468 0.2580273 0.0521307 0.2689379 0.2567017 0.0557296 0.3561996 0.0134641 
n295_296   0.0523319 0.2878451 0.1733709 0.3381404 0.0203738 0.3311908 0.2729017 0.0559409 0.0486533 0.2668924 0.0000000 0.3374482 0.2829087 0.0308489 0.0939424 0.3549696 0.0559264 0.2776506 0.3428694 0.0067150 0.2826231 0.4458243 0.2665714 
n251_252   0.3273235 0.3423265 0.3455130 0.3500358 0.3267754 0.3676610 0.3262294 0.3380597 0.3159955 0.2978260 0.3374482 0.0000000 0.3370886 0.3215497 0.3345229 0.0342666 0.3319801 0.3313148 0.3675021 0.3260854 0.3366696 0.2928021 0.3085500 
n274_275   0.2839920 0.0168300 0.3169887 0.2285396 0.2730022 0.2593027 0.0202851 0.2781973 0.2784414 0.0630682 0.2829087 0.3370886 0.0000000 0.2889611 0.2735422 0.3490579 0.2889099 0.0100491 0.2744457 0.2724466 0.0134269 0.3871468 0.0743567 
n290_291   0.0561174 0.2939479 0.1782904 0.3448476 0.0101215 0.3265286 0.2788471 0.0597540 0.0524044 0.2727551 0.0308489 0.3215497 0.2889611 0.0000000 0.1019418 0.3501801 0.0597384 0.2836427 0.3381472 0.0238509 0.2886674 0.4207817 0.2724247 
n236_237   0.0942637 0.2737496 0.1610392 0.2846109 0.0901008 0.2836669 0.2590342 0.0981126 0.0902691 0.2482221 0.0939424 0.3345229 0.2735422 0.1019418 0.0000000 0.3520707 0.0980861 0.2637183 0.2999053 0.0861653 0.2686153 0.4159567 0.2582210 
n255_256   0.3446165 0.3543826 0.3633538 0.3624639 0.3440354 0.3860543 0.3380035 0.3556184 0.3329843 0.3090468 0.3549696 0.0342666 0.3490579 0.3501801 0.3520707 0.0000000 0.3493607 0.3431718 0.3794394 0.3433000 0.3486199 0.2985822 0.3199633 
n294_295   0.0169458 0.2938953 0.1825990 0.3285241 0.0487227 0.3102287 0.2787989 0.0067211 0.0135061 0.2580273 0.0559264 0.3319801 0.2889099 0.0597384 0.0980861 0.3493607 0.0000000 0.2835931 0.3278366 0.0486384 0.2886163 0.4476781 0.2577182 
n300_301   0.2787103 0.0066804 0.3058969 0.2193068 0.2678172 0.2595521 0.0100644 0.2729705 0.2732091 0.0521307 0.2776506 0.3313148 0.0100491 0.2836427 0.2637183 0.3431718 0.2835931 0.0000000 0.2747120 0.2672742 0.0033311 0.3748152 0.0632103 
n265_266   0.3226550 0.2744644 0.3625212 0.1293479 0.3321284 0.0378469 0.2699506 0.3279471 0.3167317 0.2689379 0.3428694 0.3675021 0.2744457 0.3381472 0.2999053 0.3794394 0.3278366 0.2747120 0.0000000 0.3314252 0.2796961 0.4255212 0.2692266 
n296_297   0.0450798 0.2773131 0.1687583 0.3267477 0.0135035 0.3199514 0.2625893 0.0486510 0.0414517 0.2567017 0.0067150 0.3260854 0.2724466 0.0238509 0.0861653 0.3433000 0.0486384 0.2672742 0.3314252 0.0000000 0.2721739 0.4324089 0.2563948 
n299_300   0.2837043 0.0100415 0.3110920 0.2239115 0.2727284 0.2644361 0.0134474 0.2779171 0.2781607 0.0557296 0.2826231 0.3366696 0.0134269 0.2886674 0.2686153 0.3486199 0.2886163 0.0033311 0.2796961 0.2721739 0.0000000 0.3805311 0.0668724 
n244_245   0.4413605 0.3865959 0.4064425 0.3795751 0.4198442 0.4194574 0.3631093 0.4540125 0.4278540 0.3561996 0.4458243 0.2928021 0.3871468 0.4207817 0.4159567 0.2985822 0.4476781 0.3748152 0.4255212 0.4324089 0.3805311 0.0000000 0.3679587 
n277_278   0.2577363 0.0705988 0.2942894 0.2289072 0.2569114 0.2590284 0.0669159 0.2475235 0.2524335 0.0134641 0.2665714 0.3085500 0.0743567 0.2724247 0.2582210 0.3199633 0.2577182 0.0632103 0.2692266 0.2563948 0.0668724 0.3679587 0.0000000 
