23
n298_299   0.0000000 0.2971922 0.1492897 0.3043585 0.0377294 0.3274447 0.2871064 0.0202595 0.0168546 0.0307238 0.3012679 0.0412596 0.4036222 0.2871305 0.1004467 0.4024433 0.2992211 0.0202363 0.2819066 0.3320847 0.0377532 0.4080507 0.2901880 
n280_281   0.2971922 0.0000000 0.2785701 0.2723668 0.2724286 0.3040894 0.0134578 0.2921887 0.2767381 0.2672967 0.0814085 0.2672246 0.3537789 0.0134579 0.2763387 0.3530333 0.2674716 0.2916396 0.0100635 0.3090951 0.2625490 0.3814017 0.0737424 
n200_201   0.1492897 0.2785701 0.0000000 0.2808602 0.1372381 0.3293035 0.2737932 0.1493264 0.1411942 0.1291297 0.2936149 0.1413324 0.3877844 0.2738149 0.1290151 0.3986760 0.2758556 0.1450034 0.2686682 0.3398166 0.1373312 0.3698006 0.2877959 
n286_287   0.3043585 0.2723668 0.2808602 0.0000000 0.2741611 0.1459708 0.2674971 0.3045279 0.2944651 0.2741611 0.3139333 0.2943465 0.3849274 0.2675175 0.2836678 0.3727227 0.0033408 0.3041114 0.2624403 0.1500554 0.2894837 0.3548597 0.3025024 
n287_288   0.0377294 0.2724286 0.1372381 0.2741611 0.0000000 0.2962068 0.2626681 0.0341934 0.0272417 0.0067005 0.2972277 0.0237674 0.3986786 0.2626877 0.0814116 0.3850211 0.2692279 0.0306623 0.2576456 0.3007086 0.0203362 0.3906589 0.2861871 
n266_267   0.3274447 0.3040894 0.3293035 0.1459708 0.2962068 0.0000000 0.2989902 0.3170292 0.3172271 0.2962068 0.3426862 0.3170945 0.4282287 0.2990168 0.3112306 0.4035747 0.1418488 0.3216341 0.2936842 0.0101555 0.3120769 0.4092482 0.3254962 
n292_293   0.2871064 0.0134578 0.2737932 0.2674971 0.2626681 0.2989902 0.0000000 0.2821708 0.2669384 0.2576103 0.0739658 0.2575411 0.3428046 0.0066987 0.2665584 0.3420881 0.2626345 0.2816434 0.0033395 0.3039633 0.2529205 0.3700344 0.0663968 
n293_294   0.0202595 0.2921887 0.1493264 0.3045279 0.0341934 0.3170292 0.2821708 0.0000000 0.0134436 0.0272262 0.3016844 0.0377039 0.4040859 0.2821939 0.0965388 0.4023967 0.2993878 0.0100420 0.2770078 0.3216236 0.0342149 0.4082711 0.2905866 
n275_276   0.0168546 0.2767381 0.1411942 0.2944651 0.0272417 0.3172271 0.2669384 0.0134436 0.0000000 0.0203359 0.2860532 0.0307207 0.3987240 0.2669587 0.0889932 0.3970620 0.2893912 0.0100468 0.2618939 0.3218253 0.0272587 0.3967141 0.2752388 
n289_290   0.0307238 0.2672967 0.1291297 0.2741611 0.0067005 0.2962068 0.2576103 0.0272262 0.0203359 0.0000000 0.2871434 0.0168978 0.3869352 0.2576291 0.0739637 0.3735302 0.2692279 0.0237369 0.2526280 0.3007086 0.0134947 0.3790931 0.2762767 
n278_279   0.3012679 0.0814085 0.2936149 0.3139333 0.2972277 0.3426862 0.0739658 0.3016844 0.2860532 0.2871434 0.0000000 0.2870655 0.4079451 0.0739673 0.3016675 0.3943049 0.3087405 0.3011157 0.0702221 0.3479598 0.2769000 0.4368840 0.0270518 
n295_296   0.0412596 0.2672246 0.1413324 0.2943465 0.0237674 0.3170945 0.2575411 0.0377039 0.0307207 0.0168978 0.2870655 0.0000000 0.3923457 0.2575598 0.0851681 0.3788369 0.2892755 0.0341514 0.2525602 0.3216900 0.0100857 0.3908691 0.2762022 
n251_252   0.4036222 0.3537789 0.3877844 0.3849274 0.3986786 0.4282287 0.3428046 0.4040859 0.3987240 0.3869352 0.4079451 0.3923457 0.0000000 0.3428415 0.3970136 0.0485724 0.3791472 0.4034965 0.3371269 0.4341498 0.3988752 0.3740729 0.4002231 
n274_275   0.2871305 0.0134579 0.2738149 0.2675175 0.2626877 0.2990168 0.0066987 0.2821939 0.2669587 0.2576291 0.0739673 0.2575598 0.3428415 0.0000000 0.2665786 0.3421248 0.2626541 0.2816663 0.0033395 0.3039909 0.2529385 0.3700788 0.0663980 
n236_237   0.1004467 0.2763387 0.1290151 0.2836678 0.0814116 0.3112306 0.2665584 0.0965388 0.0889932 0.0739637 0.3016675 0.0851681 0.3970136 0.2665786 0.0000000 0.3893088 0.2786777 0.0926060 0.2615239 0.3157921 0.0814646 0.3498497 0.2905727 
n255_256   0.4024433 0.3530333 0.3986760 0.3727227 0.3850211 0.4035747 0.3420881 0.4023967 0.3970620 0.3735302 0.3943049 0.3788369 0.0485724 0.3421248 0.3893088 0.0000000 0.3670442 0.4018121 0.3364246 0.4093148 0.3852086 0.3740515 0.3867965 
n285_286   0.2992211 0.2674716 0.2758556 0.0033408 0.2692279 0.1418488 0.2626345 0.2993878 0.2893912 0.2692279 0.3087405 0.2892755 0.3791472 0.2626541 0.2786777 0.3670442 0.0000000 0.2989795 0.2576134 0.1459124 0.2844428 0.3493325 0.2974045 
n294_295   0.0202363 0.2916396 0.1450034 0.3041114 0.0306623 0.3216341 0.2816434 0.0100420 0.0100468 0.0237369 0.3011157 0.0341514 0.4034965 0.2816663 0.0926060 0.4018121 0.2989795 0.0000000 0.2764916 0.3262422 0.0306816 0.4076768 0.2900434 
n300_301   0.2819066 0.0100635 0.2686682 0.2624403 0.2576456 0.2936842 0.0033395 0.2770078 0.2618939 0.2526280 0.0702221 0.2525602 0.3371269 0.0033395 0.2615239 0.3364246 0.2576134 0.2764916 0.0000000 0.2986220 0.2479699 0.3641450 0.0627067 
n265_266   0.3320847 0.3090951 0.3398166 0.1500554 0.3007086 0.0101555 0.3039633 0.3216236 0.3218253 0.3007086 0.3479598 0.3216900 0.4341498 0.3039909 0.3157921 0.4093148 0.1459124 0.3262422 0.2986220 0.0000000 0.3166529 0.4150193 0.3306441 
n296_297   0.0377532 0.2625490 0.1373312 0.2894837 0.0203362 0.3120769 0.2529205 0.0342149 0.0272587 0.0134947 0.2769000 0.0100857 0.3988752 0.2529385 0.0814646 0.3852086 0.2844428 0.0306816 0.2479699 0.3166529 0.0000000 0.3853580 0.2714868 
n244_245   0.4080507 0.3814017 0.3698006 0.3548597 0.3906589 0.4092482 0.3700344 0.4082711 0.3967141 0.3790931 0.4368840 0.3908691 0.3740729 0.3700788 0.3498497 0.3740515 0.3493325 0.4076768 0.3641450 0.4150193 0.3853580 0.0000000 0.4110643 
n277_278   0.2901880 0.0737424 0.2877959 0.3025024 0.2861871 0.3254962 0.0663968 0.2905866 0.2752388 0.2762767 0.0270518 0.2762022 0.4002231 0.0663980 0.2905727 0.3867965 0.2974045 0.2900434 0.0627067 0.3306441 0.2714868 0.4110643 0.0000000 
