26
n277_278   0.0000000 1.7699324 2.4637363 1.7851797 2.8200318 0.5269503 8.9999990 2.0768704 0.1327355 0.5744111 1.7782379 1.8591132 2.6160776 1.7542181 1.6189148 0.5783965 0.5245936 2.2642824 2.3797931 3.2270037 1.7075112 2.0123672 1.7698877 4.0594928 1.7696255 0.5636310 
n286_287   1.7699324 0.0000000 1.6183267 0.0669697 1.5603864 1.4496873 4.1887054 1.4949409 1.5735388 1.5128415 1.6687081 1.4480233 1.5317187 1.5663980 2.1318715 1.4682835 1.3540970 1.4834869 1.6075958 2.8122028 1.1053670 1.1086723 1.4210081 2.4029969 1.5627748 1.4008515 
n296_297   2.4637363 1.6183267 0.0000000 1.6959963 0.1129929 1.7049013 2.3852085 0.2666471 2.0448111 1.8769361 0.5923941 0.2706121 0.1211472 0.2503421 1.0612403 1.6133695 1.6512793 0.0522509 0.1168390 4.1747189 1.9246132 2.0789389 0.2762049 2.0303638 0.2597996 1.6692299 
n285_286   1.7851797 0.0669697 1.6959963 0.0000000 1.6336518 1.4521880 4.0608573 1.5178071 1.5974695 1.5442492 1.7303191 1.5315173 1.6026841 1.6632548 2.1866982 1.5210118 1.4044356 1.5496960 1.6844971 2.7228021 1.0057321 0.9943000 1.5015246 2.5618135 1.6590973 1.4568686 
n289_290   2.8200318 1.5603864 0.1129929 1.6336518 0.0000000 1.7313090 2.3110537 0.2867555 2.1843437 1.8397537 0.5971722 0.3013554 0.0450493 0.2752135 0.9615859 1.6291213 1.8253410 0.1163923 0.0558346 3.6242385 2.0129732 2.2389605 0.3020777 2.0375285 0.2751203 1.6630888 
n274_275   0.5269503 1.4496873 1.7049013 1.4521880 1.7313090 0.0000000 4.1062508 1.4719602 0.5487857 0.1330228 1.5288128 1.3790179 1.6630085 1.3917073 1.6466858 0.1405192 0.1243898 1.5788505 1.7644710 3.1344625 1.8997184 2.0635215 1.3591497 3.3643998 1.3721261 0.1205908 
n255_256   8.9999990 4.1887054 2.3852085 4.0608573 2.3110537 4.1062508 0.0000000 2.2166451 3.8399879 5.3302585 5.9604069 2.0815264 2.1925328 2.0748599 4.2158289 3.8610341 3.8788548 2.5624873 2.2974102 1.8775012 3.2504098 3.7125122 2.1569873 0.2959323 2.1371669 4.1541734 
n275_276   2.0768704 1.4949409 0.2666471 1.5178071 0.2867555 1.4719602 2.2166451 0.0000000 1.6932901 1.5107550 0.6302989 0.0890672 0.2974724 0.1045660 1.1086657 1.4120672 1.4101900 0.2502423 0.2713232 8.2449729 1.7983965 1.9884593 0.0816595 1.8048552 0.1084149 1.4860178 
n278_279   0.1327355 1.5735388 2.0448111 1.5974695 2.1843437 0.5487857 3.8399879 1.6932901 0.0000000 0.5641602 1.5876024 1.6043940 2.0981402 1.5059647 1.3682683 0.5848957 0.5239709 1.9123335 2.0112049 2.7758443 1.6591350 1.8303338 1.5358601 3.1991708 1.5153709 0.5614621 
n299_300   0.5744111 1.5128415 1.8769361 1.5442492 1.8397537 0.1330228 5.3302585 1.5107550 0.5641602 0.0000000 1.6261526 1.5180694 1.7902481 1.4787748 1.8008336 0.0555272 0.1089415 1.7470004 1.7919559 8.9999990 2.0983510 2.3072500 1.4666242 4.0903098 1.4575667 0.0307345 
n236_237   1.7782379 1.6687081 0.5923941 1.7303191 0.5971722 1.5288128 5.9604069 0.6302989 1.5876024 1.6261526 0.0000000 0.6306804 0.6054174 0.5681417 1.0718246 1.5665859 1.5350200 0.6021312 0.6279450 4.1874339 2.2146461 2.5570079 0.6156881 3.2488313 0.5751927 1.5942905 
n293_294   1.8591132 1.4480233 0.2706121 1.5315173 0.3013554 1.3790179 2.0815264 0.0890672 1.6043940 1.5180694 0.6306804 0.0000000 0.3066503 0.0890021 1.0803197 1.3915318 1.3523020 0.2641516 0.2904998 6.0637645 1.7511546 1.9254607 0.0272437 2.0889498 0.0965290 1.4639254 
n290_291   2.6160776 1.5317187 0.1211472 1.6026841 0.0450493 1.6630085 2.1925328 0.2974724 2.0981402 1.7902481 0.6054174 0.3066503 0.0000000 0.2803073 0.9847767 1.6430134 1.7497357 0.1245553 0.0668835 4.1293822 2.1763348 2.5102867 0.3073865 2.0593361 0.2802141 1.6227909 
n297_298   1.7542181 1.5663980 0.2503421 1.6632548 0.2752135 1.3917073 2.0748599 0.1045660 1.5059647 1.4787748 0.5681417 0.0890021 0.2803073 0.0000000 1.0605832 1.3391723 1.3735024 0.2394552 0.2700098 8.0386069 1.7493956 2.0910248 0.0891993 1.9461874 0.0202338 1.4271617 
n200_201   1.6189148 2.1318715 1.0612403 2.1866982 0.9615859 1.6466858 4.2158289 1.1086657 1.3682683 1.8008336 1.0718246 1.0803197 0.9847767 1.0605832 0.0000000 1.7444542 1.8175043 1.0345186 0.9623734 4.1743239 1.9007670 2.0521761 1.0672235 3.4323326 1.0456935 1.6673871 
n292_293   0.5783965 1.4682835 1.6133695 1.5210118 1.6291213 0.1405192 3.8610341 1.4120672 0.5848957 0.0555272 1.5665859 1.3915318 1.6430134 1.3391723 1.7444542 0.0000000 0.1162827 1.4842048 1.6035864 8.9999986 1.9592617 2.1761507 1.3474633 2.8802033 1.3205619 0.0446549 
n280_281   0.5245936 1.3540970 1.6512793 1.4044356 1.8253410 0.1243898 3.8788548 1.4101900 0.5239709 0.1089415 1.5350200 1.3523020 1.7497357 1.3735024 1.8175043 0.1162827 0.0000000 1.5922229 1.7923170 4.4184131 1.8084562 1.8654864 1.2985446 3.3566610 1.3125110 0.0969881 
n295_296   2.2642824 1.4834869 0.0522509 1.5496960 0.1163923 1.5788505 2.5624873 0.2502423 1.9123335 1.7470004 0.6021312 0.2641516 0.1245553 0.2394552 1.0345186 1.4842048 1.5922229 0.0000000 0.1161270 4.6777305 1.9630525 2.0884159 0.2647759 2.1384892 0.2487361 1.5336050 
n287_288   2.3797931 1.6075958 0.1168390 1.6844971 0.0558346 1.7644710 2.2974102 0.2713232 2.0112049 1.7919559 0.6279450 0.2904998 0.0668835 0.2700098 0.9623734 1.6035864 1.7923170 0.1161270 0.0000000 4.1942515 2.1715580 2.4044555 0.2911935 1.9400665 0.2699167 1.6593911 
n244_245   3.2270037 2.8122028 4.1747189 2.7228021 3.6242385 3.1344625 1.8775012 8.2449729 2.7758443 8.9999990 4.1874339 6.0637645 4.1293822 8.0386069 4.1743239 8.9999986 4.4184131 4.6777305 4.1942515 0.0000000 4.1141846 4.5931416 8.8648212 1.8785929 9.0000000 8.9999983 
n265_266   1.7075112 1.1053670 1.9246132 1.0057321 2.0129732 1.8997184 3.2504098 1.7983965 1.6591350 2.0983510 2.2146461 1.7511546 2.1763348 1.7493956 1.9007670 1.9592617 1.8084562 1.9630525 2.1715580 4.1141846 0.0000000 0.1941390 1.7504702 3.1855829 1.6931261 1.9337391 
n266_267   2.0123672 1.1086723 2.0789389 0.9943000 2.2389605 2.0635215 3.7125122 1.9884593 1.8303338 2.3072500 2.5570079 1.9254607 2.5102867 2.0910248 2.0521761 2.1761507 1.8654864 2.0884159 2.4044555 4.5931416 0.1941390 0.0000000 1.8686654 3.5572913 2.0119339 2.1149161 
n294_295   1.7698877 1.4210081 0.2762049 1.5015246 0.3020777 1.3591497 2.1569873 0.0816595 1.5358601 1.4666242 0.6156881 0.0272437 0.3073865 0.0891993 1.0672235 1.3474633 1.2985446 0.2647759 0.2911935 8.8648212 1.7504702 1.8686654 0.0000000 2.1230137 0.0967432 1.4156945 
n251_252   4.0594928 2.4029969 2.0303638 2.5618135 2.0375285 3.3643998 0.2959323 1.8048552 3.1991708 4.0903098 3.2488313 2.0889498 2.0593361 1.9461874 3.4323326 2.8802033 3.3566610 2.1384892 1.9400665 1.8785929 3.1855829 3.5572913 2.1230137 0.0000000 1.9983490 3.4049359 
n298_299   1.7696255 1.5627748 0.2597996 1.6590973 0.2751203 1.3721261 2.1371669 0.1084149 1.5153709 1.4575667 0.5751927 0.0965290 0.2802141 0.0202338 1.0456935 1.3205619 1.3125110 0.2487361 0.2699167 9.0000000 1.6931261 2.0119339 0.0967432 1.9983490 0.0000000 1.4069227 
n300_301   0.5636310 1.4008515 1.6692299 1.4568686 1.6630888 0.1205908 4.1541734 1.4860178 0.5614621 0.0307345 1.5942905 1.4639254 1.6227909 1.4271617 1.6673871 0.0446549 0.0969881 1.5336050 1.6593911 8.9999983 1.9337391 2.1149161 1.4156945 3.4049359 1.4069227 0.0000000 
