22
n289_290   0.0000000 0.0595041 0.0134565 0.2935961 0.3076891 0.0450620 0.3022627 0.4647631 0.0594314 0.3046800 0.0168823 0.3729977 0.3170827 0.1592451 0.3234468 0.0414575 0.1135436 0.3078934 0.3394977 0.0521374 0.4534843 0.3398769 
n294_295   0.0595041 0.0000000 0.0594117 0.3219097 0.3365474 0.0343452 0.3308822 0.4854929 0.0066779 0.3335303 0.0631498 0.4039943 0.3462705 0.1858741 0.3463362 0.0308094 0.1425386 0.3367806 0.3760348 0.0272204 0.4667824 0.3764581 
n295_296   0.0134565 0.0594117 0.0000000 0.2829318 0.3015211 0.0449924 0.2961531 0.4567063 0.0593391 0.2938220 0.0100633 0.3660555 0.3108314 0.1546119 0.3171137 0.0413937 0.1093104 0.3017191 0.3280152 0.0520568 0.4455551 0.3283808 
n266_267   0.2935961 0.3219097 0.2829318 0.0000000 0.3016661 0.2899919 0.2962954 0.4694185 0.3160611 0.0168461 0.2939702 0.4172259 0.3107183 0.2721885 0.3111048 0.2952210 0.2944977 0.3018643 0.1380004 0.3101859 0.4457531 0.1381513 
n299_300   0.3076891 0.3365474 0.3015211 0.3016661 0.0000000 0.3091442 0.0033683 0.5056930 0.3411429 0.3126668 0.3129747 0.4336300 0.0674735 0.2431013 0.0713970 0.3088834 0.2856374 0.0067582 0.3244949 0.3250251 0.4946500 0.3248579 
n298_299   0.0450620 0.0343452 0.0449924 0.2899919 0.3091442 0.0000000 0.3036909 0.4390632 0.0343036 0.3010542 0.0486381 0.3797998 0.3182408 0.1597210 0.3246304 0.0033454 0.1219525 0.3093505 0.3464914 0.0237956 0.4281087 0.3468797 
n274_275   0.3022627 0.3308822 0.2961531 0.2962954 0.0033683 0.3036909 0.0000000 0.4984935 0.3354523 0.3072075 0.3075087 0.4270757 0.0637317 0.2381984 0.0676239 0.3034355 0.2803915 0.0033697 0.3189327 0.3194542 0.4875326 0.3192893 
n251_252   0.4647631 0.4854929 0.4567063 0.4694185 0.5056930 0.4390632 0.4984935 0.0000000 0.4848157 0.4837260 0.4713248 0.4081542 0.5005886 0.4167077 0.5092684 0.4455394 0.4795902 0.5061361 0.5125260 0.4566132 0.0375604 0.5046401 
n293_294   0.0594314 0.0066779 0.0593391 0.3160611 0.3411429 0.0343036 0.3354523 0.4848157 0.0000000 0.3275673 0.0630725 0.3967226 0.3508968 0.1856350 0.3509633 0.0307713 0.1382099 0.3413803 0.3808051 0.0271877 0.4661316 0.3812334 
n265_266   0.3046800 0.3335303 0.2938220 0.0168461 0.3126668 0.3010542 0.3072075 0.4837260 0.3275673 0.0000000 0.3050713 0.4240753 0.3218301 0.2828834 0.3222335 0.3063730 0.3163471 0.3128757 0.1422662 0.3215765 0.4596165 0.1424218 
n296_297   0.0168823 0.0631498 0.0100633 0.2939702 0.3129747 0.0486381 0.3075087 0.4713248 0.0630725 0.3050713 0.0000000 0.3666699 0.3224216 0.1634725 0.3288433 0.0450133 0.1175000 0.3131840 0.3399447 0.0557403 0.4599636 0.3403248 
n244_245   0.3729977 0.4039943 0.3660555 0.4172259 0.4336300 0.3797998 0.4270757 0.4081542 0.3967226 0.4240753 0.3666699 0.0000000 0.4408450 0.3242276 0.4414448 0.3798894 0.3897913 0.4269692 0.4899183 0.3785608 0.3907064 0.4904917 
n278_279   0.3170827 0.3462705 0.3108314 0.3107183 0.0674735 0.3182408 0.0637317 0.5005886 0.3508968 0.3218301 0.3224216 0.4408450 0.0000000 0.2564817 0.0135551 0.3183105 0.3060828 0.0675042 0.3511234 0.3337896 0.4836021 0.3515165 
n200_201   0.1592451 0.1858741 0.1546119 0.2721885 0.2431013 0.1597210 0.2381984 0.4167077 0.1856350 0.2828834 0.1634725 0.3242276 0.2564817 0.0000000 0.2621471 0.1640199 0.1549190 0.2432471 0.3167855 0.1722078 0.3999298 0.3171381 
n277_278   0.3234468 0.3463362 0.3171137 0.3111048 0.0713970 0.3246304 0.0676239 0.5092684 0.3509633 0.3222335 0.3288433 0.4414448 0.0135551 0.2621471 0.0000000 0.3247021 0.3123211 0.0714298 0.3578792 0.3338528 0.4920892 0.3582811 
n297_298   0.0414575 0.0308094 0.0413937 0.2952210 0.3088834 0.0033454 0.3034355 0.4455394 0.0307713 0.3063730 0.0450133 0.3798894 0.3183105 0.1640199 0.3247021 0.0000000 0.1178279 0.3090893 0.3521753 0.0237991 0.4345055 0.3525702 
n236_237   0.1135436 0.1425386 0.1093104 0.2944977 0.2856374 0.1219525 0.2803915 0.4795902 0.1382099 0.3163471 0.1175000 0.3897913 0.3060828 0.1549190 0.3123211 0.1178279 0.0000000 0.2858208 0.3454582 0.1297351 0.4681054 0.3458445 
n280_281   0.3078934 0.3367806 0.3017191 0.3018643 0.0067582 0.3093505 0.0033697 0.5061361 0.3413803 0.3128757 0.3131840 0.4269692 0.0675042 0.2432471 0.0714298 0.3090893 0.2858208 0.0000000 0.3247157 0.3252466 0.4950786 0.3250792 
n285_286   0.3394977 0.3760348 0.3280152 0.1380004 0.3244949 0.3464914 0.3189327 0.5125260 0.3808051 0.1422662 0.3399447 0.4899183 0.3511234 0.3167855 0.3578792 0.3521753 0.3454582 0.3247157 0.0000000 0.3625474 0.5004451 0.0067410 
n275_276   0.0521374 0.0272204 0.0520568 0.3101859 0.3250251 0.0237956 0.3194542 0.4566132 0.0271877 0.3215765 0.0557403 0.3785608 0.3337896 0.1722078 0.3338528 0.0237991 0.1297351 0.3252466 0.3625474 0.0000000 0.4385966 0.3629536 
n255_256   0.4534843 0.4667824 0.4455551 0.4457531 0.4946500 0.4281087 0.4875326 0.0375604 0.4661316 0.4596165 0.4599636 0.3907064 0.4836021 0.3999298 0.4920892 0.4345055 0.4681054 0.4950786 0.5004451 0.4385966 0.0000000 0.4926852 
n286_287   0.3398769 0.3764581 0.3283808 0.1381513 0.3248579 0.3468797 0.3192893 0.5046401 0.3812334 0.1424218 0.3403248 0.4904917 0.3515165 0.3171381 0.3582811 0.3525702 0.3458445 0.3250792 0.0067410 0.3629536 0.4926852 0.0000000 
