24
n289_290   0.0000000 0.0482737 0.0067049 0.2463231 0.3036941 0.0518494 0.0033408 0.2979027 0.4165640 0.0483404 0.2411358 0.0100795 0.3720940 0.2689982 0.1193847 0.2690062 0.0518495 0.0700192 0.3140479 0.2400961 0.0376505 0.4056431 0.3085898 0.2351238 
n294_295   0.0482737 0.0000000 0.0483404 0.2948621 0.3513252 0.0306960 0.0447230 0.3450707 0.4657558 0.0067119 0.2892466 0.0519127 0.4239132 0.3299448 0.1683350 0.3299581 0.0306961 0.1156393 0.3623931 0.2836245 0.0168900 0.4600439 0.3565246 0.2782953 
n295_296   0.0067049 0.0483404 0.0000000 0.2467102 0.3041848 0.0519212 0.0033451 0.2983817 0.4235593 0.0484081 0.2415130 0.0033435 0.3727174 0.2694247 0.1195575 0.2694327 0.0519213 0.0701184 0.3145584 0.2453031 0.0377023 0.4125307 0.3090895 0.2402810 
n266_267   0.2463231 0.2948621 0.2467102 0.0000000 0.2803944 0.2791945 0.2416528 0.2747915 0.4327822 0.2899691 0.0308839 0.2468898 0.3812017 0.2462065 0.2566070 0.2462129 0.2745143 0.2566193 0.2904689 0.1614800 0.2798994 0.4142513 0.2851739 0.1657599 
n299_300   0.3036941 0.3513252 0.3041848 0.2803944 0.0000000 0.3611389 0.2986771 0.0271791 0.4010076 0.3519086 0.2652521 0.3092445 0.3806912 0.0627109 0.3093264 0.0627114 0.3559818 0.3096594 0.0202889 0.2547250 0.3512487 0.4015712 0.0100497 0.2596044 
n298_299   0.0518494 0.0306960 0.0519212 0.2791945 0.3611389 0.0000000 0.0482815 0.3548017 0.4913802 0.0307380 0.2737319 0.0555110 0.4300169 0.3238027 0.1637200 0.3238154 0.0067040 0.1154951 0.3723317 0.2878537 0.0203160 0.4794603 0.3663903 0.2824993 
n290_291   0.0033408 0.0447230 0.0033451 0.2416528 0.2986771 0.0482815 0.0000000 0.2929321 0.4169091 0.0447846 0.2365052 0.0067049 0.3666116 0.2642044 0.1154796 0.2642120 0.0482816 0.0663621 0.3089602 0.2402810 0.0341503 0.4059782 0.3035428 0.2353043 
n274_275   0.2979027 0.3450707 0.2983817 0.2747915 0.0271791 0.3548017 0.2929321 0.0000000 0.4177639 0.3456410 0.2698815 0.3033944 0.3981414 0.0553222 0.3141286 0.0553226 0.3496919 0.2936523 0.0271523 0.2543962 0.3449957 0.4183569 0.0236819 0.2592695 
n251_252   0.4165640 0.4657558 0.4235593 0.4327822 0.4010076 0.4913802 0.4169091 0.4177639 0.0000000 0.4659498 0.4196380 0.4295337 0.2805780 0.4126596 0.4485946 0.4126843 0.4852799 0.4255559 0.4180692 0.3880079 0.4721946 0.0555011 0.4121163 0.3817078 
n293_294   0.0483404 0.0067119 0.0484081 0.2899691 0.3519086 0.0307380 0.0447846 0.3456410 0.4659498 0.0000000 0.2843967 0.0519856 0.4246437 0.3304864 0.1685858 0.3304998 0.0307381 0.1158065 0.3629988 0.2840777 0.0169130 0.4473834 0.3571181 0.2787381 
n265_266   0.2411358 0.2892466 0.2415130 0.0308839 0.2652521 0.2737319 0.2365052 0.2698815 0.4196380 0.2843967 0.0000000 0.2416881 0.3798679 0.2414799 0.2465213 0.2414860 0.2690903 0.2513287 0.2751048 0.1527423 0.2744191 0.4014560 0.2699368 0.1569590 
n296_297   0.0100795 0.0519127 0.0033435 0.2468898 0.3092445 0.0555110 0.0067049 0.3033944 0.4295337 0.0519856 0.2416881 0.0000000 0.3782506 0.2742576 0.1234887 0.2742660 0.0555111 0.0737985 0.3196900 0.2499791 0.0412235 0.4184281 0.3141797 0.2449203 
n244_245   0.3720940 0.4239132 0.3727174 0.3812017 0.3806912 0.4300169 0.3666116 0.3981414 0.2805780 0.4246437 0.3798679 0.3782506 0.0000000 0.3922960 0.4204062 0.3923173 0.4244055 0.3746193 0.4036154 0.3628163 0.4124381 0.2712576 0.3914509 0.3634026 
n278_279   0.2689982 0.3299448 0.2694247 0.2462065 0.0627109 0.3238027 0.2642044 0.0553222 0.4126596 0.3304864 0.2414799 0.2742576 0.3922960 0.0000000 0.2792848 0.0066720 0.3188729 0.2700357 0.0626490 0.2133013 0.3143097 0.4066893 0.0589706 0.2179050 
n200_201   0.1193847 0.1683350 0.1195575 0.2566070 0.3093264 0.1637200 0.1154796 0.3141286 0.4485946 0.1685858 0.2465213 0.1234887 0.4204062 0.2792848 0.0000000 0.2792935 0.1637211 0.1198110 0.3250576 0.2408532 0.1558067 0.4244123 0.3142647 0.2358620 
n277_278   0.2690062 0.3299581 0.2694327 0.2462129 0.0627114 0.3238154 0.2642120 0.0553226 0.4126843 0.3304998 0.2414860 0.2742660 0.3923173 0.0066720 0.2792935 0.0000000 0.3188851 0.2746215 0.0626495 0.2221717 0.3143215 0.4067131 0.0589711 0.2268311 
n297_298   0.0518495 0.0306961 0.0519213 0.2745143 0.3559818 0.0067040 0.0482816 0.3496919 0.4852799 0.0307381 0.2690903 0.0555111 0.4244055 0.3188729 0.1637211 0.3188851 0.0000000 0.1154955 0.3671019 0.2831402 0.0203161 0.4734386 0.3612026 0.2778218 
n236_237   0.0700192 0.1156393 0.0701184 0.2566193 0.3096594 0.1154951 0.0663621 0.2936523 0.4255559 0.1158065 0.2513287 0.0737985 0.3746193 0.2700357 0.1198110 0.2746215 0.1154955 0.0000000 0.3201235 0.2414614 0.1039717 0.4191599 0.3146031 0.2364549 
n280_281   0.3140479 0.3623931 0.3145584 0.2904689 0.0202889 0.3723317 0.3089602 0.0271523 0.4180692 0.3629988 0.2751048 0.3196900 0.4036154 0.0626490 0.3250576 0.0626495 0.3671019 0.3201235 0.0000000 0.2644039 0.3623143 0.4186628 0.0168369 0.2693526 
n285_286   0.2400961 0.2836245 0.2453031 0.1614800 0.2547250 0.2878537 0.2402810 0.2543962 0.3880079 0.2840777 0.1527423 0.2499791 0.3628163 0.2133013 0.2408532 0.2221717 0.2831402 0.2414614 0.2644039 0.0000000 0.2787407 0.3828606 0.2593344 0.0100822 
n275_276   0.0376505 0.0168900 0.0377023 0.2798994 0.3512487 0.0203160 0.0341503 0.3449957 0.4721946 0.0169130 0.2744191 0.0412235 0.4124381 0.3143097 0.1558067 0.3143215 0.0203161 0.1039717 0.3623143 0.2787407 0.0000000 0.4605362 0.3564471 0.2734506 
n255_256   0.4056431 0.4600439 0.4125307 0.4142513 0.4015712 0.4794603 0.4059782 0.4183569 0.0555011 0.4473834 0.4014560 0.4184281 0.2712576 0.4066893 0.4244123 0.4067131 0.4734386 0.4191599 0.4186628 0.3828606 0.4605362 0.0000000 0.4126992 0.3766020 
n292_293   0.3085898 0.3565246 0.3090895 0.2851739 0.0100497 0.3663903 0.3035428 0.0236819 0.4121163 0.3571181 0.2699368 0.3141797 0.3914509 0.0589706 0.3142647 0.0589711 0.3612026 0.3146031 0.0168369 0.2593344 0.3564471 0.4126992 0.0000000 0.2642434 
n286_287   0.2351238 0.2782953 0.2402810 0.1657599 0.2596044 0.2824993 0.2353043 0.2592695 0.3817078 0.2787381 0.1569590 0.2449203 0.3634026 0.2179050 0.2358620 0.2268311 0.2778218 0.2364549 0.2693526 0.0100822 0.2734506 0.3766020 0.2642434 0.0000000 
