25
n289_290   0.0000000 0.0697546 0.0305419 0.2481872 0.2656889 0.0516872 0.0066865 0.2657059 0.3889279 0.0624894 0.2525047 0.0305307 0.2609211 0.4124728 0.2612150 0.0168144 0.1681550 0.2566027 0.0481597 0.1153830 0.2561180 0.2334975 0.0553357 0.4063889 0.2334263 
n294_295   0.0697546 0.0000000 0.0733385 0.2616604 0.2750113 0.0305694 0.0625109 0.2701371 0.3660911 0.0066900 0.2661793 0.0733112 0.2701874 0.3998314 0.2704938 0.0733882 0.1636227 0.2752307 0.0271280 0.1152321 0.2653265 0.2560952 0.0340885 0.3829894 0.2514007 
n295_296   0.0305419 0.0733385 0.0000000 0.2664875 0.2797545 0.0552034 0.0236580 0.2748501 0.3717018 0.0660468 0.2663796 0.0066744 0.2749016 0.4173733 0.2702239 0.0339997 0.1763182 0.2655663 0.0516654 0.1191573 0.2700102 0.2423106 0.0588700 0.3887357 0.2422360 
n266_267   0.2481872 0.2616604 0.2664875 0.0000000 0.2526352 0.2429692 0.2435898 0.2383245 0.3861821 0.2570887 0.0169261 0.2614481 0.2479336 0.4317318 0.2434980 0.2524606 0.2667916 0.2436944 0.2385339 0.2438908 0.2432009 0.0999630 0.2387390 0.4032680 0.0961499 
n299_300   0.2656889 0.2750113 0.2797545 0.2526352 0.0000000 0.2512676 0.2658422 0.0168975 0.3800929 0.2748888 0.2525346 0.2747775 0.0033446 0.4422192 0.0663518 0.2699285 0.2901620 0.0699992 0.2559699 0.2610242 0.0067047 0.2424493 0.2609923 0.4085713 0.2288623 
n298_299   0.0516872 0.0305694 0.0552034 0.2429692 0.2512676 0.0000000 0.0446082 0.2465500 0.3501723 0.0236710 0.2473914 0.0551830 0.2465948 0.3831337 0.2560400 0.0552403 0.1472102 0.2514639 0.0033358 0.0959985 0.2418915 0.2375848 0.0168469 0.3724363 0.2330051 
n290_291   0.0066865 0.0625109 0.0236580 0.2435898 0.2658422 0.0446082 0.0000000 0.2610231 0.3834421 0.0553107 0.2478875 0.0236493 0.2610714 0.4068058 0.2613656 0.0100481 0.1640157 0.2567505 0.0411077 0.1076834 0.2562659 0.2289988 0.0482151 0.4007746 0.2289293 
n274_275   0.2657059 0.2701371 0.2748501 0.2383245 0.0168975 0.2465500 0.2610231 0.0000000 0.3633348 0.2700172 0.2382315 0.2699081 0.0134859 0.4361008 0.0700750 0.2650920 0.2851795 0.0737429 0.2512217 0.2608469 0.0100887 0.2283798 0.2562069 0.3911634 0.2238580 
n251_252   0.3889279 0.3660911 0.3717018 0.3861821 0.3800929 0.3501723 0.3834421 0.3633348 0.0000000 0.3717124 0.3914172 0.3658486 0.3745289 0.3152376 0.3808413 0.3998893 0.3908559 0.3863171 0.3451555 0.3790322 0.3688916 0.3624937 0.3562630 0.0375933 0.3628167 
n293_294   0.0624894 0.0066900 0.0660468 0.2570887 0.2748888 0.0236710 0.0553107 0.2700172 0.3717124 0.0000000 0.2615858 0.0660222 0.2700675 0.3944352 0.2703724 0.0660912 0.1595703 0.2657129 0.0202563 0.1075056 0.2652091 0.2515662 0.0271495 0.3887460 0.2468979 
n265_266   0.2525047 0.2661793 0.2663796 0.0169261 0.2525346 0.2473914 0.2478875 0.2382315 0.3914172 0.2615858 0.0000000 0.2613431 0.2478355 0.4378265 0.2434022 0.2567918 0.2713413 0.2435984 0.2429362 0.2483321 0.2431053 0.0999301 0.2431452 0.4086076 0.0961184 
n296_297   0.0305307 0.0733112 0.0066744 0.2614481 0.2747775 0.0551830 0.0236493 0.2699081 0.3658486 0.0660222 0.2613431 0.0000000 0.2699585 0.4111113 0.2653116 0.0339871 0.1762513 0.2606847 0.0516462 0.1191127 0.2651023 0.2374601 0.0588482 0.3827321 0.2373876 
n300_301   0.2609211 0.2701874 0.2749016 0.2479336 0.0033446 0.2465948 0.2610714 0.0134859 0.3745289 0.2700675 0.2478355 0.2699585 0.0000000 0.4361985 0.0627025 0.2651413 0.2852337 0.0663324 0.2512676 0.2608960 0.0033445 0.2378239 0.2562540 0.4027966 0.2332390 
n244_245   0.4124728 0.3998314 0.4173733 0.4317318 0.4422192 0.3831337 0.4068058 0.4361008 0.3152376 0.3944352 0.4378265 0.4111113 0.4361985 0.0000000 0.4614931 0.4180856 0.4133026 0.4619046 0.3779069 0.3904477 0.4300766 0.3959847 0.4008038 0.3159627 0.3963409 
n278_279   0.2612150 0.2704938 0.2702239 0.2434980 0.0663518 0.2560400 0.2613656 0.0700750 0.3808413 0.2703724 0.2434022 0.2653116 0.0627025 0.4614931 0.0000000 0.2654398 0.2659433 0.0067157 0.2515488 0.2611898 0.0590602 0.2245228 0.2565418 0.4093914 0.2200133 
n287_288   0.0168144 0.0733882 0.0339997 0.2524606 0.2699285 0.0552403 0.0100481 0.2650920 0.3998893 0.0660912 0.2567918 0.0339871 0.2651413 0.4180856 0.2654398 0.0000000 0.1764492 0.2608100 0.0516997 0.1192409 0.2603182 0.2376952 0.0589093 0.4176052 0.2376215 
n200_201   0.1681550 0.1636227 0.1763182 0.2667916 0.2901620 0.1472102 0.1640157 0.2851795 0.3908559 0.1595703 0.2713413 0.1762513 0.2852337 0.4133026 0.2659433 0.1764492 0.0000000 0.2661591 0.1432553 0.1598232 0.2802637 0.2469275 0.1514969 0.4084187 0.2422889 
n277_278   0.2566027 0.2752307 0.2655663 0.2436944 0.0699992 0.2514639 0.2567505 0.0737429 0.3863171 0.2657129 0.2435984 0.2606847 0.0663324 0.4619046 0.0067157 0.2608100 0.2661591 0.0000000 0.2469960 0.2565781 0.0626721 0.2247021 0.2519562 0.4150677 0.2201887 
n297_298   0.0481597 0.0271280 0.0516654 0.2385339 0.2559699 0.0033358 0.0411077 0.2512217 0.3451555 0.0202563 0.2429362 0.0516462 0.2512676 0.3779069 0.2515488 0.0516997 0.1432553 0.2469960 0.0000000 0.0922769 0.2465334 0.2331896 0.0134557 0.3672771 0.2286340 
n236_237   0.1153830 0.1152321 0.1191573 0.2438908 0.2610242 0.0959985 0.1076834 0.2608469 0.3790322 0.1075056 0.2483321 0.1191127 0.2608960 0.3904477 0.2611898 0.1192409 0.1598232 0.2565781 0.0922769 0.0000000 0.2560935 0.2428255 0.0999353 0.3911060 0.2337113 
n280_281   0.2561180 0.2653265 0.2700102 0.2432009 0.0067047 0.2418915 0.2562659 0.0100887 0.3688916 0.2652091 0.2431053 0.2651023 0.0033445 0.4300766 0.0590602 0.2603182 0.2802637 0.0626721 0.2465334 0.2560935 0.0000000 0.2331702 0.2514815 0.3969365 0.2286152 
n285_286   0.2334975 0.2560952 0.2423106 0.0999630 0.2424493 0.2375848 0.2289988 0.2283798 0.3624937 0.2515662 0.0999301 0.2374601 0.2378239 0.3959847 0.2245228 0.2376952 0.2469275 0.2247021 0.2331896 0.2428255 0.2331702 0.0000000 0.2333892 0.3846061 0.0100485 
n275_276   0.0553357 0.0340885 0.0588700 0.2387390 0.2609923 0.0168469 0.0482151 0.2562069 0.3562630 0.0271495 0.2431452 0.0588482 0.2562540 0.4008038 0.2565418 0.0589093 0.1514969 0.2519562 0.0134557 0.0999353 0.2514815 0.2333892 0.0000000 0.3729639 0.2288294 
n255_256   0.4063889 0.3829894 0.3887357 0.4032680 0.4085713 0.3724363 0.4007746 0.3911634 0.0375933 0.3887460 0.4086076 0.3827321 0.4027966 0.3159627 0.4093914 0.4176052 0.4084187 0.4150677 0.3672771 0.3911060 0.3969365 0.3846061 0.3729639 0.0000000 0.3849507 
n286_287   0.2334263 0.2514007 0.2422360 0.0961499 0.2288623 0.2330051 0.2289293 0.2238580 0.3628167 0.2468979 0.0961184 0.2373876 0.2332390 0.3963409 0.2200133 0.2376215 0.2422889 0.2201887 0.2286340 0.2337113 0.2286152 0.0100485 0.2288294 0.3849507 0.0000000 
