23
n277_278   0.0000000 2.0162569 2.1785057 2.0652309 1.8418382 2.1750589 1.9619400 0.4128053 2.8960833 1.9531163 0.1205012 0.4120688 2.3391107 0.4524834 0.4377716 2.4023917 0.4188458 2.0888932 2.4180790 2.1892366 2.4723008 3.0632980 1.9108181 
n295_290   2.0162569 0.0000000 0.3849028 0.0450281 2.2299410 0.3790141 2.2818481 2.2856408 2.4059682 0.3617358 1.9985532 2.3483610 0.7583810 2.3746958 2.6751128 3.0784873 2.3690519 0.3932851 1.8441356 1.0316354 6.2623790 2.7471450 0.3868575 
n298_293   2.1785057 0.3849028 0.0000000 0.3725571 1.7933307 0.0238583 1.7351643 2.5395518 2.0819061 0.0860455 2.0490205 2.6250111 0.5963897 3.1019162 2.8554924 3.7349070 2.6534145 0.1255198 1.8068130 1.0301357 3.8862563 2.1545274 0.1172708 
n296_291   2.0652309 0.0450281 0.3725571 0.0000000 2.3976425 0.3667756 2.3957562 2.4794442 2.3413981 0.3386184 1.9596377 2.5557178 0.7374402 2.5885735 2.9633653 3.5094258 2.5817685 0.3750690 1.9271743 1.0050840 8.9999987 2.5895676 0.3628080 
n285_284   1.8418382 2.2299410 1.7933307 2.3976425 0.0000000 1.8641649 0.0520098 1.4941225 3.2432890 1.7570753 1.7392833 1.4684977 2.2718139 1.6313444 1.5552853 0.9016662 1.4468954 1.5893644 2.3476172 2.1127663 0.9942642 2.8366350 1.6707995 
n297_292   2.1750589 0.3790141 0.0238583 0.3667756 1.8641649 0.0000000 1.8301711 2.6059653 2.1831456 0.0975943 2.0605492 2.6965519 0.6123006 3.0933653 3.0608956 3.8737916 2.7270085 0.1253807 1.8077449 1.0057738 3.8662603 2.1986402 0.1171418 
n286_285   1.9619400 2.2818481 1.7351643 2.3957562 0.0520098 1.8301711 0.0000000 1.5237346 3.1536151 1.7012000 1.8799976 1.4971999 2.4890423 1.6472865 1.6400394 0.8548431 1.4748641 1.5395757 2.1879611 2.1345161 0.9693501 3.0014012 1.6165352 
n292_287   0.4128053 2.2856408 2.5395518 2.4794442 1.4941225 2.6059653 1.5237346 0.0000000 3.0008941 2.0937867 0.4255229 0.0168912 2.4131531 0.1418181 0.0893488 1.6044233 0.0272347 2.3745487 3.0083553 2.1980229 1.8063213 3.0577025 2.2564331 
n255_256   2.8960833 2.4059682 2.0819061 2.3413981 3.2432890 2.1831456 3.1536151 3.0008941 0.0000000 2.1308413 2.3449883 3.3795414 2.4846405 3.8882018 3.1487629 4.1374481 3.3817074 2.4295079 1.8063751 1.8742768 4.4640653 0.3069540 2.2947456 
n275_276   1.9531163 0.3617358 0.0860455 0.3386184 1.7570753 0.0975943 1.7012000 2.0937867 2.1308413 0.0000000 1.8877329 2.1480036 0.5488042 2.2448684 2.2905755 2.9354775 2.1647001 0.0822553 1.8100772 0.8877277 2.9878387 2.4633510 0.0783130 
n278_279   0.1205012 1.9985532 2.0490205 1.9596377 1.7392833 2.0605492 1.8799976 0.4255229 2.3449883 1.8877329 0.0000000 0.4247592 2.1908290 0.4997015 0.4574924 2.0292544 0.4377927 2.0129819 1.9907838 2.1706271 2.1664167 2.5821459 1.8473661 
n299_294   0.4120688 2.3483610 2.6250111 2.5557178 1.4684977 2.6965519 1.4971999 0.0168912 3.3795414 2.1480036 0.4247592 0.0000000 2.3583507 0.1293760 0.0854626 1.5530951 0.0100788 2.4376163 3.1372603 2.1457375 1.8047567 3.2873737 2.3124307 
n236_237   2.3391107 0.7583810 0.5963897 0.7374402 2.2718139 0.6123006 2.4890423 2.4131531 2.4846405 0.5488042 2.1908290 2.3583507 0.0000000 2.4573545 2.9282691 4.6616578 2.4281416 0.6370721 2.2966765 1.0695036 3.5778058 2.9280610 0.6113717 
n274_275   0.4524834 2.3746958 3.1019162 2.5885735 1.6313444 3.0933653 1.6472865 0.1418181 3.8882018 2.2448684 0.4997015 0.1293760 2.4573545 0.0000000 0.1759679 1.6498288 0.1376304 2.4392660 3.1316303 1.8177315 1.9090196 3.8487526 2.3042409 
n280_281   0.4377716 2.6751128 2.8554924 2.9633653 1.5552853 3.0608956 1.6400394 0.0893488 3.1487629 2.2905755 0.4574924 0.0854626 2.9282691 0.1759679 0.0000000 1.7874585 0.0892806 2.6443186 3.6230779 2.2040153 1.9536782 2.9876433 2.4839515 
n266_267   2.4023917 3.0784873 3.7349070 3.5094258 0.9016662 3.8737916 0.8548431 1.6044233 4.1374481 2.9354775 2.0292544 1.5530951 4.6616578 1.6498288 1.7874585 0.0000000 1.5506305 2.7344578 2.0463551 2.0723068 0.1657231 3.7964581 2.4965187 
n300_295   0.4188458 2.3690519 2.6534145 2.5817685 1.4468954 2.7270085 1.4748641 0.0272347 3.3817074 2.1647001 0.4377927 0.0100788 2.4281416 0.1376304 0.0892806 1.5506305 0.0000000 2.3917364 3.2669666 2.1569607 1.7372804 3.1958144 2.2714710 
n294_289   2.0888932 0.3932851 0.1255198 0.3750690 1.5893644 0.1253807 1.5395757 2.3745487 2.4295079 0.0822553 2.0129819 2.4376163 0.6370721 2.4392660 2.6443186 2.7344578 2.3917364 0.0000000 1.9613524 0.9150557 2.7508659 2.7705167 0.0204234 
n244_245   2.4180790 1.8441356 1.8068130 1.9271743 2.3476172 1.8077449 2.1879611 3.0083553 1.8063751 1.8100772 1.9907838 3.1372603 2.2966765 3.1316303 3.6230779 2.0463551 3.2669666 1.9613524 0.0000000 2.4721898 1.6459003 1.6275546 1.9535991 
n200_201   2.1892366 1.0316354 1.0301357 1.0050840 2.1127663 1.0057738 2.1345161 2.1980229 1.8742768 0.8877277 2.1706271 2.1457375 1.0695036 1.8177315 2.2040153 2.0723068 2.1569607 0.9150557 2.4721898 0.0000000 2.2917772 1.9874597 0.8664586 
n265_266   2.4723008 6.2623790 3.8862563 8.9999987 0.9942642 3.8662603 0.9693501 1.8063213 4.4640653 2.9878387 2.1664167 1.8047567 3.5778058 1.9090196 1.9536782 0.1657231 1.7372804 2.7508659 1.6459003 2.2917772 0.0000000 2.9443978 2.7666290 
n251_252   3.0632980 2.7471450 2.1545274 2.5895676 2.8366350 2.1986402 3.0014012 3.0577025 0.3069540 2.4633510 2.5821459 3.2873737 2.9280610 3.8487526 2.9876433 3.7964581 3.1958144 2.7705167 1.6275546 1.9874597 2.9443978 0.0000000 2.7687997 
n293_288   1.9108181 0.3868575 0.1172708 0.3628080 1.6707995 0.1171418 1.6165352 2.2564331 2.2947456 0.0783130 1.8473661 2.3124307 0.6113717 2.3042409 2.4839515 2.4965187 2.2714710 0.0204234 1.9535991 0.8664586 2.7666290 2.7687997 0.0000000 
