26
n277_278   0.0000000 2.6869266 2.6265602 2.3782797 2.6654536 0.4540832 8.1211765 3.0321671 0.1258840 0.4602340 2.3343744 3.2474433 2.4089183 2.4766876 2.9261565 0.4254253 0.4197782 2.7527028 2.5313213 9.0000000 2.2533644 2.1134151 3.1960519 9.0000000 2.5225221 0.4527859 
n286_287   2.6869266 0.0000000 3.8679761 0.0634700 3.6092435 2.4982361 3.6695104 3.9652560 2.5361734 2.4985506 2.7985054 3.3247217 3.7132755 2.8448401 2.9977780 2.4342818 2.2639823 4.2620271 4.2740086 4.7099263 1.1410522 1.1675731 3.2382719 3.9772175 2.8730950 2.6545662 
n296_297   2.6265602 3.8679761 0.0000000 3.3732344 0.1776578 2.2845703 3.7643619 0.3165854 2.6041324 2.3226082 0.6652417 0.3326469 0.1775929 0.3064809 1.2295892 2.3761039 2.2584326 0.0630997 0.1778809 3.9056457 4.2435962 4.7070468 0.3330347 4.9257940 0.3006766 2.2658119 
n285_286   2.3782797 0.0634700 3.3732344 0.0000000 3.3656881 2.3544540 3.7625005 3.1100429 2.5205492 2.3630606 2.5821206 2.8497244 3.1855900 2.6086925 3.1226842 2.4024017 2.1218822 4.0509104 3.5940450 3.8896937 1.1871415 1.1938464 2.8704430 3.7778528 2.4951340 2.4303769 
n289_290   2.6654536 3.6092435 0.1776578 3.3656881 0.0000000 2.4262721 3.9043190 0.3083878 2.5681625 2.6922973 0.7202664 0.3202540 0.0307081 0.2885132 1.2276053 2.5336505 2.5550820 0.1726145 0.0595018 3.8370909 3.0071143 2.8724079 0.3259848 4.1074063 0.2829068 2.6176317 
n274_275   0.4540832 2.4982361 2.2845703 2.3544540 2.4262721 0.0000000 5.0260337 2.2368614 0.4540822 0.1467818 2.1080883 2.2622018 2.3497188 2.1930014 2.0519403 0.1300235 0.1302287 2.3600338 2.2895618 5.4346587 1.8762144 1.7390531 2.3999826 9.0000000 2.2321013 0.1594558 
n255_256   8.1211765 3.6695104 3.7643619 3.7625005 3.9043190 5.0260337 0.0000000 3.6888504 8.9999989 5.7819876 8.9999980 3.2201760 4.1838959 2.8525070 3.2883325 4.6334717 4.5673902 4.8978066 4.0601595 3.1401052 3.1084787 2.9510301 3.0693004 0.3133420 2.8450175 4.6948690 
n275_276   3.0321671 3.9652560 0.3165854 3.1100429 0.3083878 2.2368614 3.6888504 0.0000000 3.0960872 2.9141619 0.6585217 0.1256249 0.3246809 0.1216653 1.0966774 2.5459242 2.6184333 0.3211076 0.3203242 3.9244983 4.1673096 3.7749991 0.1175321 6.2724570 0.1215277 2.9292449 
n278_279   0.1258840 2.5361734 2.6041324 2.5205492 2.5681625 0.4540822 8.9999989 3.0960872 0.0000000 0.4900684 2.2540490 3.3481772 2.3215907 2.5694185 2.5249715 0.4405960 0.4478556 2.5316915 2.7048151 9.0000000 2.0985582 1.9768225 3.2044514 9.0000000 2.9017762 0.4822630 
n299_300   0.4602340 2.4985506 2.3226082 2.3630606 2.6922973 0.1467818 5.7819876 2.9141619 0.4900684 0.0000000 2.1945282 2.7053554 2.4148797 2.6046434 2.4958329 0.0522694 0.1095652 2.4210975 2.5575429 3.8716031 1.8005375 1.6294822 2.8987629 9.0000000 2.5399871 0.0343210 
n236_237   2.3343744 2.7985054 0.6652417 2.5821206 0.7202664 2.1080883 8.9999980 0.6585217 2.2540490 2.1945282 0.0000000 0.6753532 0.7102135 0.6464491 1.1437494 2.2137800 2.1757582 0.7010432 0.7414351 4.4205425 2.0718751 2.4248078 0.6569445 4.0104336 0.6555851 2.4177262 
n293_294   3.2474433 3.3247217 0.3326469 2.8497244 0.3202540 2.2622018 3.2201760 0.1256249 3.3481772 2.7053554 0.6753532 0.0000000 0.3424640 0.1463869 1.1307901 2.7066468 2.8107076 0.3378894 0.3317142 3.5339114 3.4794076 3.6138370 0.0521191 5.3523481 0.1462179 2.7169342 
n290_291   2.4089183 3.7132755 0.1775929 3.1855900 0.0307081 2.3497188 4.1838959 0.3246809 2.3215907 2.4148797 0.7102135 0.3424640 0.0000000 0.2937725 1.2805327 2.3382924 2.3521110 0.1725516 0.0632646 4.1305415 2.9281649 3.0653528 0.3370872 4.2199257 0.2881157 2.4070190 
n297_298   2.4766876 2.8448401 0.3064809 2.6086925 0.2885132 2.1930014 2.8525070 0.1216653 2.5694185 2.6046434 0.6464491 0.1463869 0.2937725 0.0000000 1.0503508 2.4193492 2.5522053 0.3223570 0.2841774 4.0729631 3.0305231 3.1177223 0.1466775 3.8924262 0.0203773 2.6146662 
n200_201   2.9261565 2.9977780 1.2295892 3.1226842 1.2276053 2.0519403 3.2883325 1.0966774 2.5249715 2.4958329 1.1437494 1.1307901 1.2805327 1.0503508 0.0000000 2.5353895 2.4392540 1.2412468 1.3046949 3.2751681 1.8202137 1.8650711 1.1284747 3.4362160 1.0211083 2.5417620 
n292_293   0.4254253 2.4342818 2.3761039 2.4024017 2.5336505 0.1300235 4.6334717 2.5459242 0.4405960 0.0522694 2.2137800 2.7066468 2.3382924 2.4193492 2.5353895 0.0000000 0.0858515 2.2640651 2.4140190 4.9380711 1.7696018 1.5719839 2.8065840 9.0000000 2.4650689 0.0595524 
n280_281   0.4197782 2.2639823 2.2584326 2.1218822 2.5550820 0.1302287 4.5673902 2.6184333 0.4478556 0.1095652 2.1757582 2.8107076 2.3521110 2.5522053 2.4392540 0.0858515 0.0000000 2.2925625 2.4299224 4.5074387 1.9054356 1.7654711 2.8375610 9.0000000 2.6032231 0.1215242 
n295_296   2.7527028 4.2620271 0.0630997 4.0509104 0.1726145 2.3600338 4.8978066 0.3211076 2.5316915 2.4210975 0.7010432 0.3378894 0.1725516 0.3223570 1.2412468 2.2640651 2.2925625 0.0000000 0.1682432 4.4513284 3.6260152 3.9443045 0.3382831 5.5253125 0.3164057 2.3599005 
n287_288   2.5313213 4.2740086 0.1778809 3.5940450 0.0595018 2.2895618 4.0601595 0.3203242 2.7048151 2.5575429 0.7414351 0.3317142 0.0632646 0.2841774 1.3046949 2.4140190 2.4299224 0.1682432 0.0000000 4.6725849 3.1478829 3.1310419 0.3264127 4.0264670 0.2785988 2.4896707 
n244_245   9.0000000 4.7099263 3.9056457 3.8896937 3.8370909 5.4346587 3.1401052 3.9244983 9.0000000 3.8716031 4.4205425 3.5339114 4.1305415 4.0729631 3.2751681 4.9380711 4.5074387 4.4513284 4.6725849 0.0000000 5.2711251 5.7919553 3.7496194 3.0624918 4.1375580 4.4700141 
n265_266   2.2533644 1.1410522 4.2435962 1.1871415 3.0071143 1.8762144 3.1084787 4.1673096 2.0985582 1.8005375 2.0718751 3.4794076 2.9281649 3.0305231 1.8202137 1.7696018 1.9054356 3.6260152 3.1478829 5.2711251 0.0000000 0.1216410 3.4196402 3.5890815 2.8427945 1.7099429 
n266_267   2.1134151 1.1675731 4.7070468 1.1938464 2.8724079 1.7390531 2.9510301 3.7749991 1.9768225 1.6294822 2.4248078 3.6138370 3.0653528 3.1177223 1.8650711 1.5719839 1.7654711 3.9443045 3.1310419 5.7919553 0.1216410 0.0000000 3.2872739 3.2779947 2.9215199 1.5756650 
n294_295   3.1960519 3.2382719 0.3330347 2.8704430 0.3259848 2.3999826 3.0693004 0.1175321 3.2044514 2.8987629 0.6569445 0.0521191 0.3370872 0.1466775 1.1284747 2.8065840 2.8375610 0.3382831 0.3264127 3.7496194 3.4196402 3.2872739 0.0000000 4.4916878 0.1465078 2.9135338 
n251_252   9.0000000 3.9772175 4.9257940 3.7778528 4.1074063 9.0000000 0.3133420 6.2724570 9.0000000 9.0000000 4.0104336 5.3523481 4.2199257 3.8924262 3.4362160 9.0000000 9.0000000 5.5253125 4.0264670 3.0624918 3.5890815 3.2779947 4.4916878 0.0000000 3.8698101 9.0000000 
n298_299   2.5225221 2.8730950 0.3006766 2.4951340 0.2829068 2.2321013 2.8450175 0.1215277 2.9017762 2.5399871 0.6555851 0.1462179 0.2881157 0.0203773 1.0211083 2.4650689 2.6032231 0.3164057 0.2785988 4.1375580 2.8427945 2.9215199 0.1465078 3.8698101 0.0000000 2.5491229 
n300_301   0.4527859 2.6545662 2.2658119 2.4303769 2.6176317 0.1594558 4.6948690 2.9292449 0.4822630 0.0343210 2.4177262 2.7169342 2.4070190 2.6146662 2.5417620 0.0595524 0.1215242 2.3599005 2.4896707 4.4700141 1.7099429 1.5756650 2.9135338 9.0000000 2.5491229 0.0000000 
