23
n289_290   0.0000000 0.0203028 0.0237352 0.3060376 0.2912930 0.0237302 0.0100750 0.3012087 0.4385312 0.3163818 0.0271947 0.3809965 0.2910589 0.0066992 0.1432024 0.2814194 0.0237302 0.0884407 0.3215983 0.0237348 0.3972570 0.2963410 0.3318198 
n294_295   0.0203028 0.0000000 0.0237382 0.2761475 0.2766472 0.0100798 0.0306752 0.2863733 0.4207658 0.2860626 0.0271982 0.3701104 0.2764246 0.0202996 0.1351914 0.2669625 0.0100798 0.0809901 0.3013394 0.0100817 0.3804319 0.2815943 0.3112947 
n295_296   0.0237352 0.0237382 0.0000000 0.3110491 0.2962115 0.0271796 0.0341544 0.3061910 0.4445018 0.3214644 0.0033424 0.3923040 0.2959736 0.0237314 0.1472418 0.2862745 0.0271796 0.0921946 0.3213984 0.0271848 0.4029097 0.3012934 0.3316122 
n266_267   0.3060376 0.2761475 0.3110491 0.0000000 0.2568543 0.2909700 0.3059347 0.2663095 0.3854701 0.0168428 0.3162331 0.3639554 0.2566478 0.3059746 0.2670904 0.2474397 0.2909700 0.2861558 0.1155164 0.2910518 0.3634262 0.2616579 0.1193797 
n299_300   0.2912930 0.2766472 0.2962115 0.2568543 0.0000000 0.2813635 0.3063989 0.0100767 0.3748746 0.2665014 0.3012934 0.3592695 0.0518337 0.2912337 0.2343356 0.0447373 0.2813635 0.2864960 0.2766267 0.2814416 0.3476914 0.0033435 0.2912395 
n298_299   0.0237302 0.0100798 0.0271796 0.2909700 0.2813635 0.0000000 0.0341472 0.2911463 0.4202359 0.3010962 0.0306549 0.3643637 0.2811373 0.0237265 0.1391402 0.2716223 0.0134642 0.0846793 0.3062030 0.0134667 0.3857981 0.2863409 0.3162173 
n290_291   0.0100750 0.0306752 0.0341544 0.3059347 0.3063989 0.0341472 0.0000000 0.3165188 0.4505622 0.3162747 0.0376661 0.3921459 0.3061529 0.0168677 0.1513091 0.2963223 0.0341472 0.0959701 0.3266380 0.0341539 0.4086407 0.3115553 0.3369242 
n274_275   0.3012087 0.2863733 0.3061910 0.2663095 0.0100767 0.2911463 0.3165188 0.0000000 0.3859570 0.2760835 0.3113429 0.3701387 0.0553854 0.3011469 0.2435347 0.0482617 0.2911463 0.2963532 0.2863111 0.2912282 0.3583808 0.0134692 0.3011101 
n251_252   0.4385312 0.4207658 0.4445018 0.3854701 0.3748746 0.4202359 0.4505622 0.3859570 0.0000000 0.3856728 0.4507399 0.2964680 0.3803601 0.4384322 0.3638549 0.3751232 0.4145418 0.4209519 0.3977567 0.4208128 0.0411245 0.3751264 0.4090010 
n265_266   0.3163818 0.2860626 0.3214644 0.0168428 0.2665014 0.3010962 0.3162747 0.2760835 0.3856728 0.0000000 0.3267265 0.3751757 0.2662872 0.3163161 0.2768992 0.2569603 0.3010962 0.2962185 0.1115740 0.3011822 0.3636142 0.2713724 0.1154168 
n296_297   0.0271947 0.0271982 0.0033424 0.3162331 0.3012934 0.0306549 0.0376661 0.3113429 0.4507399 0.3267265 0.0000000 0.3981132 0.3010515 0.0271904 0.1513606 0.2912868 0.0306549 0.0960019 0.3266589 0.0306608 0.4087983 0.3064124 0.3369460 
n244_245   0.3809965 0.3701104 0.3923040 0.3639554 0.3592695 0.3643637 0.3921459 0.3701387 0.2964680 0.3751757 0.3981132 0.0000000 0.3589821 0.3866386 0.3492112 0.3592763 0.3699166 0.3479386 0.3984221 0.3698941 0.2715557 0.3595090 0.4039800 
n278_279   0.2910589 0.2764246 0.2959736 0.2566478 0.0518337 0.2811373 0.3061529 0.0553854 0.3803601 0.2662872 0.3010515 0.3589821 0.0000000 0.2909997 0.2341466 0.0134593 0.2811373 0.2862656 0.2714522 0.2762701 0.3529790 0.0554340 0.2859518 
n287_288   0.0066992 0.0202996 0.0237314 0.3059746 0.2912337 0.0237265 0.0168677 0.3011469 0.4384322 0.3163161 0.0271904 0.3866386 0.2909997 0.0000000 0.1431769 0.2813625 0.0237265 0.0884259 0.3215313 0.0237311 0.3971697 0.2962804 0.3317501 
n200_201   0.1432024 0.1351914 0.1472418 0.2670904 0.2343356 0.1391402 0.1513091 0.2435347 0.3638549 0.2768992 0.1513606 0.3492112 0.2341466 0.1431769 0.0000000 0.2251774 0.1350500 0.1312260 0.2867968 0.1391716 0.3316115 0.2390027 0.2965756 
n277_278   0.2814194 0.2669625 0.2862745 0.2474397 0.0447373 0.2716223 0.2963223 0.0482617 0.3751232 0.2569603 0.2912868 0.3592763 0.0134593 0.2813625 0.2251774 0.0000000 0.2716223 0.2766809 0.2620536 0.2716966 0.3479139 0.0483038 0.2763792 
n297_298   0.0237302 0.0100798 0.0271796 0.2909700 0.2813635 0.0134642 0.0341472 0.2911463 0.4145418 0.3010962 0.0306549 0.3699166 0.2811373 0.0237265 0.1350500 0.2716223 0.0000000 0.0846793 0.3062030 0.0134667 0.3745629 0.2863409 0.3162173 
n236_237   0.0884407 0.0809901 0.0921946 0.2861558 0.2864960 0.0846793 0.0959701 0.2963532 0.4209519 0.2962185 0.0960019 0.3479386 0.2862656 0.0884259 0.1312260 0.2766809 0.0846793 0.0000000 0.3167364 0.0846970 0.3861767 0.2915128 0.3166588 
n285_286   0.3215983 0.3013394 0.3213984 0.1155164 0.2766267 0.3062030 0.3266380 0.2863111 0.3977567 0.1115740 0.3266589 0.3984221 0.2714522 0.3215313 0.2867968 0.2620536 0.3062030 0.3167364 0.0000000 0.3062912 0.3864560 0.2815736 0.0100770 
n275_276   0.0237348 0.0100817 0.0271848 0.2910518 0.2814416 0.0134667 0.0341539 0.2912282 0.4208128 0.3011822 0.0306608 0.3698941 0.2762701 0.0237311 0.1391716 0.2716966 0.0134667 0.0846970 0.3062912 0.0000000 0.3804725 0.2864209 0.3163097 
n255_256   0.3972570 0.3804319 0.4029097 0.3634262 0.3476914 0.3857981 0.4086407 0.3583808 0.0411245 0.3636142 0.4087983 0.2715557 0.3529790 0.3971697 0.3316115 0.3479139 0.3745629 0.3861767 0.3864560 0.3804725 0.0000000 0.3479214 0.3975371 
n292_293   0.2963410 0.2815943 0.3012934 0.2616579 0.0033435 0.2863409 0.3115553 0.0134692 0.3751264 0.2713724 0.3064124 0.3595090 0.0554340 0.2962804 0.2390027 0.0483038 0.2863409 0.2915128 0.2815736 0.2864209 0.3479214 0.0000000 0.2962868 
n286_287   0.3318198 0.3112947 0.3316122 0.1193797 0.2912395 0.3162173 0.3369242 0.3011101 0.4090010 0.1154168 0.3369460 0.4039800 0.2859518 0.3317501 0.2965756 0.2763792 0.3162173 0.3166588 0.0100770 0.3163097 0.3975371 0.2962868 0.0000000 
