26
n277_278   0.0000000 1.7944746 2.5342526 1.7946132 2.2464141 0.4985082 3.1871003 2.9566603 0.1166576 0.4989536 1.9594574 2.4920809 2.5082951 2.9443440 2.8074797 0.5130170 0.5288919 2.4827380 2.5038454 2.2714726 1.9372521 1.7422013 2.7329721 2.4051041 2.6454946 0.5354111 
n286_287   1.7944746 0.0000000 2.4929128 0.0888401 3.0168862 1.9846979 3.3462012 2.6497734 2.1199100 1.8832731 1.8926578 2.5620511 3.1441246 2.6471183 2.6027217 2.0371334 1.9657699 2.4831013 3.2579247 3.3546795 0.8897504 0.7889111 2.5148583 3.3604016 2.4905935 2.0376135 
n296_297   2.5342526 2.4929128 0.0000000 2.5228572 0.1766143 2.2966122 2.7188737 0.3223257 2.8655958 2.5928290 0.8460274 0.3284436 0.1378343 0.3068663 1.1057537 2.4266837 2.4290673 0.0308171 0.1295740 2.0596369 2.6289570 2.9176994 0.3225590 2.8057511 0.3121504 2.2980096 
n285_286   1.7946132 0.0888401 2.5228572 0.0000000 2.8620436 1.8666249 5.2730220 2.4088012 1.9887656 1.9148281 2.1171258 2.3311511 2.9473734 2.4043807 3.2863289 2.0734571 1.8776776 2.4543918 3.0408431 3.0117848 0.9377599 0.8412067 2.3490111 5.3423397 2.2779605 1.9865077 
n289_290   2.2464141 3.0168862 0.1766143 2.8620436 0.0000000 2.1342968 2.5273127 0.3615208 2.4809896 2.3389749 0.9473512 0.3983432 0.0486686 0.3455852 1.3566336 2.2012559 2.4205376 0.1852234 0.0522451 2.0851077 2.4339381 2.6143498 0.3801340 2.3874470 0.3456216 2.1943661 
n274_275   0.4985082 1.9846979 2.2966122 1.8666249 2.1342968 0.0000000 3.2122032 1.9751309 0.4318154 0.1122300 2.0799774 1.9279202 2.1962791 2.0842335 2.5269753 0.1003791 0.1284120 2.2056844 2.1915623 2.4385714 1.8630062 1.7766426 1.9359546 2.1810723 2.1320532 0.1323362 
n255_256   3.1871003 3.3462012 2.7188737 5.2730220 2.5273127 3.2122032 0.0000000 3.0464761 3.5090705 2.9537224 2.1242303 3.1089752 2.2665135 3.7088305 3.6204803 3.2365375 3.2773481 2.7931729 2.3710364 2.0366911 3.9398190 3.5056881 2.9081902 0.3072307 3.9490147 3.1511826 
n275_276   2.9566603 2.6497734 0.3223257 2.4088012 0.3615208 1.9751309 3.0464761 0.0000000 2.9560013 2.1050204 0.8979829 0.0893302 0.3268977 0.1048759 1.1799981 2.0954757 2.2384446 0.3272668 0.3054322 2.5221647 2.1229890 2.2205810 0.0893593 2.9296005 0.1048708 2.0012332 
n278_279   0.1166576 2.1199100 2.8655958 1.9887656 2.4809896 0.4318154 3.5090705 2.9560013 0.0000000 0.4319178 2.5093462 2.7046033 2.8206163 3.0330078 2.8971748 0.4443866 0.4589783 2.8794942 2.6429495 2.2115486 1.9830015 1.8107284 2.9181458 2.3891782 2.7129226 0.4646230 
n299_300   0.4989536 1.8832731 2.5928290 1.9148281 2.3389749 0.1122300 2.9537224 2.1050204 0.4319178 0.0000000 2.1157165 2.1342376 2.4186977 2.3453960 2.4477654 0.0411442 0.1084444 2.4755758 2.4125374 2.1805340 1.7081121 1.7789894 2.0970856 2.0265683 2.2694142 0.0447558 
n236_237   1.9594574 1.8926578 0.8460274 2.1171258 0.9473512 2.0799774 2.1242303 0.8979829 2.5093462 2.1157165 0.0000000 0.9218388 0.9442695 0.9266109 0.9496386 2.0351019 2.4139113 0.8683638 0.9299255 4.7466823 2.2400392 1.9200398 0.8629207 3.1601014 0.9392708 2.1176183 
n293_294   2.4920809 2.5620511 0.3284436 2.3311511 0.3983432 1.9279202 3.1089752 0.0893302 2.7046033 2.1342376 0.9218388 0.0000000 0.3617290 0.1208124 1.1791071 2.1727171 2.2780237 0.3281043 0.3446014 2.3938762 1.9296172 2.0819919 0.0557167 3.6281903 0.1049175 1.9800833 
n290_291   2.5082951 3.1441246 0.1378343 2.9473734 0.0486686 2.1962791 2.2665135 0.3268977 2.8206163 2.4186977 0.9442695 0.3617290 0.0000000 0.3173628 1.3646040 2.2688942 2.5063762 0.1459839 0.0169221 2.2481419 2.6137816 2.9153587 0.3444676 2.2200466 0.3226973 2.2082617 
n297_298   2.9443440 2.6471183 0.3068663 2.4043807 0.3455852 2.0842335 3.7088305 0.1048759 3.0330078 2.3453960 0.9266109 0.1208124 0.3173628 0.0000000 1.1792824 2.3332983 2.5199453 0.3065528 0.3064461 2.5171425 2.0871769 2.1563435 0.1087455 3.0081876 0.0342213 2.2123495 
n200_201   2.8074797 2.6027217 1.1057537 3.2863289 1.3566336 2.5269753 3.6204803 1.1799981 2.8971748 2.4477654 0.9496386 1.1791071 1.3646040 1.1792824 0.0000000 2.4944958 3.1649388 1.1197719 1.3601806 4.2720616 2.2789891 2.8293581 1.1627426 5.6925210 1.1961287 2.6380395 
n292_293   0.5130170 2.0371334 2.4266837 2.0734571 2.2012559 0.1003791 3.2365375 2.0954757 0.4443866 0.0411442 2.0351019 2.1727171 2.2688942 2.3332983 2.4944958 0.0000000 0.0928390 2.2208995 2.2637220 2.2840035 1.7686974 1.8152472 2.1343631 2.2271245 2.2582199 0.0591146 
n280_281   0.5288919 1.9657699 2.4290673 1.8776776 2.4205376 0.1284120 3.2773481 2.2384446 0.4589783 0.1084444 2.4139113 2.2780237 2.5063762 2.5199453 3.1649388 0.0928390 0.0000000 2.3265931 2.4997098 2.2442822 1.9058196 1.8828887 2.2771641 2.0871886 2.5079272 0.1203448 
n295_296   2.4827380 2.4831013 0.0308171 2.4543918 0.1852234 2.2056844 2.7931729 0.3272668 2.8794942 2.4755758 0.8683638 0.3281043 0.1459839 0.3065528 1.1197719 2.2208995 2.3265931 0.0000000 0.1417296 2.1537615 2.6347993 2.7126858 0.3166761 2.8122969 0.3118307 2.2069667 
n287_288   2.5038454 3.2579247 0.1295740 3.0408431 0.0522451 2.1915623 2.3710364 0.3054322 2.6429495 2.4125374 0.9299255 0.3446014 0.0169221 0.3064461 1.3601806 2.2637220 2.4997098 0.1417296 0.0000000 2.3457057 2.6064428 2.7958900 0.3277559 2.2203383 0.3064886 2.2034623 
n244_245   2.2714726 3.3546795 2.0596369 3.0117848 2.0851077 2.4385714 2.0366911 2.5221647 2.2115486 2.1805340 4.7466823 2.3938762 2.2481419 2.5171425 4.2720616 2.2840035 2.2442822 2.1537615 2.3457057 0.0000000 3.3253973 3.3653009 2.3566454 1.8682862 2.3484644 2.2940378 
n265_266   1.9372521 0.8897504 2.6289570 0.9377599 2.4339381 1.8630062 3.9398190 2.1229890 1.9830015 1.7081121 2.2400392 1.9296172 2.6137816 2.0871769 2.2789891 1.7686974 1.9058196 2.6347993 2.6064428 3.3253973 0.0000000 0.2102918 2.0232247 4.3072070 1.8980560 1.8775753 
n266_267   1.7422013 0.7889111 2.9176994 0.8412067 2.6143498 1.7766426 3.5056881 2.2205810 1.8107284 1.7789894 1.9200398 2.0819919 2.9153587 2.1563435 2.8293581 1.8152472 1.8828887 2.7126858 2.7958900 3.3653009 0.2102918 0.0000000 2.2353009 2.8412156 2.0092278 1.8936610 
n294_295   2.7329721 2.5148583 0.3225590 2.3490111 0.3801340 1.9359546 2.9081902 0.0893593 2.9181458 2.0970856 0.8629207 0.0557167 0.3444676 0.1087455 1.1627426 2.1343631 2.2771641 0.3166761 0.3277559 2.3566454 2.0232247 2.2353009 0.0000000 3.3305529 0.1087400 1.9931913 
n251_252   2.4051041 3.3604016 2.8057511 5.3423397 2.3874470 2.1810723 0.3072307 2.9296005 2.3891782 2.0265683 3.1601014 3.6281903 2.2200466 3.0081876 5.6925210 2.2271245 2.0871886 2.8122969 2.2203383 1.8682862 4.3072070 2.8412156 3.3305529 0.0000000 3.3591511 2.1701363 
n298_299   2.6454946 2.4905935 0.3121504 2.2779605 0.3456216 2.1320532 3.9490147 0.1048708 2.7129226 2.2694142 0.9392708 0.1049175 0.3226973 0.0342213 1.1961287 2.2582199 2.5079272 0.3118307 0.3064886 2.3484644 1.8980560 2.0092278 0.1087400 3.3591511 0.0000000 2.1466787 
n300_301   0.5354111 2.0376135 2.2980096 1.9865077 2.1943661 0.1323362 3.1511826 2.0012332 0.4646230 0.0447558 2.1176183 1.9800833 2.2082617 2.2123495 2.6380395 0.0591146 0.1203448 2.2069667 2.2034623 2.2940378 1.8775753 1.8936610 1.9931913 2.1701363 2.1466787 0.0000000 
