24
n298_299   0.0000000 0.3127453 0.1690163 0.3389757 0.0519512 0.3883339 0.3233918 0.0272153 0.0306657 0.0555309 0.0067042 0.3168459 0.0519598 0.3785020 0.3340468 0.0591989 0.0887999 0.3676111 0.3445033 0.3179982 0.3555489 0.0483534 0.4233184 0.3277640 
n280_281   0.3127453 0.0000000 0.2924210 0.2340586 0.2878229 0.2667819 0.0066872 0.2926537 0.2972329 0.2926822 0.3075946 0.0551948 0.2778829 0.3172348 0.0202612 0.2929507 0.2877707 0.3173764 0.2387914 0.0033343 0.2481442 0.2728345 0.4101503 0.0624487 
n200_201   0.1690163 0.2924210 0.0000000 0.3551246 0.1441165 0.3828921 0.3027580 0.1481563 0.1521463 0.1481578 0.1690283 0.2963545 0.1441418 0.4133695 0.3079077 0.1482796 0.1690936 0.4255062 0.3607820 0.2975242 0.3611913 0.1399897 0.4293238 0.3121471 
n286_287   0.3389757 0.2340586 0.3551246 0.0000000 0.3235731 0.1469763 0.2435287 0.3181692 0.3281919 0.3286631 0.3336289 0.2711962 0.3236362 0.4061467 0.2482183 0.3238686 0.3183348 0.4063431 0.0066775 0.2387421 0.1350909 0.3182377 0.4911135 0.2763562 
n287_288   0.0519512 0.2878229 0.1441165 0.3235731 0.0000000 0.3719127 0.2981029 0.0377345 0.0412312 0.0033497 0.0519548 0.2868495 0.0135057 0.3734145 0.3083968 0.0067206 0.0665275 0.3625833 0.3289849 0.2928986 0.3397834 0.0101007 0.4003005 0.2972991 
n266_267   0.3883339 0.2667819 0.3828921 0.1469763 0.3719127 0.0000000 0.2767076 0.3772888 0.3880898 0.3773292 0.3826129 0.2956760 0.3719874 0.4171556 0.2916441 0.3722631 0.3663567 0.4293097 0.1552089 0.2716858 0.0236837 0.3662004 0.4774582 0.3010346 
n292_293   0.3233918 0.0066872 0.3027580 0.2435287 0.2981029 0.2767076 0.0000000 0.3030010 0.3076365 0.3030309 0.3181610 0.0624463 0.2880140 0.3279308 0.0271628 0.3033113 0.2980469 0.3280787 0.2483309 0.0033370 0.2578166 0.2828866 0.4223612 0.0697841 
n293_294   0.0272153 0.2926537 0.1481563 0.3181692 0.0377345 0.3772888 0.3030010 0.0000000 0.0168783 0.0412498 0.0272172 0.2916614 0.0377407 0.3732473 0.3133612 0.0448336 0.0775860 0.3624225 0.3235362 0.2977619 0.3449506 0.0342104 0.4117929 0.3021816 
n275_276   0.0306657 0.2972329 0.1521463 0.3281919 0.0412312 0.3880898 0.3076365 0.0168783 0.0000000 0.0447596 0.0306678 0.2962233 0.0412380 0.3840264 0.3180520 0.0483610 0.0775011 0.3730608 0.3336316 0.3023682 0.3553308 0.0376918 0.4172595 0.3068029 
n289_290   0.0555309 0.2926822 0.1481578 0.3286631 0.0033497 0.3773292 0.3030309 0.0412498 0.0447596 0.0000000 0.0555347 0.2916896 0.0169160 0.3788580 0.3133925 0.0101009 0.0701785 0.3679543 0.3341127 0.2977911 0.3449864 0.0134945 0.4059185 0.3022113 
n297_298   0.0067042 0.3075946 0.1690283 0.3336289 0.0519548 0.3826129 0.3181610 0.0272172 0.0306678 0.0555347 0.0000000 0.3116791 0.0519634 0.3671566 0.3287371 0.0592030 0.0926225 0.3564280 0.3391133 0.3128088 0.3500729 0.0483567 0.4112888 0.3225125 
n278_279   0.3168459 0.0551948 0.2963545 0.2711962 0.2868495 0.2956760 0.0624463 0.2916614 0.2962233 0.2916896 0.3116791 0.0000000 0.2769491 0.3375345 0.0771290 0.2919563 0.2867978 0.3376877 0.2761824 0.0588027 0.2763618 0.2719210 0.4325960 0.0236016 
n295_296   0.0519598 0.2778829 0.1441418 0.3236362 0.0135057 0.3719874 0.2880140 0.0377407 0.0412380 0.0169160 0.0519634 0.2769491 0.0000000 0.3734898 0.2981611 0.0203641 0.0665387 0.3626560 0.3290493 0.2828866 0.3398504 0.0033506 0.4001512 0.2872430 
n251_252   0.3785020 0.3172348 0.4133695 0.4061467 0.3734145 0.4171556 0.3279308 0.3732473 0.3840264 0.3788580 0.3671566 0.3375345 0.3734898 0.0000000 0.3280497 0.3792301 0.4135606 0.0203431 0.4122349 0.3225115 0.3887146 0.3676729 0.2920735 0.3379452 
n274_275   0.3340468 0.0202612 0.3079077 0.2482183 0.3083968 0.2916441 0.0271628 0.3133612 0.3180520 0.3133925 0.3287371 0.0771290 0.2981611 0.3280497 0.0000000 0.3136849 0.3083370 0.3281977 0.2530535 0.0236996 0.2723789 0.2929557 0.4283862 0.0846328 
n290_291   0.0591989 0.2929507 0.1482796 0.3238686 0.0067206 0.3722631 0.3033113 0.0448336 0.0483610 0.0101009 0.0592030 0.2919563 0.0203641 0.3792301 0.3136849 0.0000000 0.0702659 0.3683130 0.3292865 0.2980654 0.3400973 0.0169218 0.4006847 0.3024902 
n236_237   0.0887999 0.2877707 0.1690936 0.3183348 0.0665275 0.3663567 0.2980469 0.0775860 0.0775011 0.0701785 0.0926225 0.2867978 0.0665387 0.4135606 0.3083370 0.0702659 0.0000000 0.4021561 0.3237049 0.2928446 0.3344594 0.0628482 0.4541701 0.2972436 
n255_256   0.3676111 0.3173764 0.4255062 0.4063431 0.3625833 0.4293097 0.3280787 0.3624225 0.3730608 0.3679543 0.3564280 0.3376877 0.3626560 0.0203431 0.3281977 0.3683130 0.4021561 0.0000000 0.4124353 0.3226561 0.4004089 0.3569257 0.2871963 0.3380987 
n285_286   0.3445033 0.2387914 0.3607820 0.0066775 0.3289849 0.1552089 0.2483309 0.3235362 0.3336316 0.3341127 0.3391133 0.2761824 0.3290493 0.4122349 0.2530535 0.3292865 0.3237049 0.4124353 0.0000000 0.2435085 0.1432008 0.3236061 0.4979660 0.2813846 
n300_301   0.3179982 0.0033343 0.2975242 0.2387421 0.2928986 0.2716858 0.0033370 0.2977619 0.3023682 0.2977911 0.3128088 0.0588027 0.2828866 0.3225115 0.0236996 0.2980654 0.2928446 0.3226561 0.2435085 0.0000000 0.2529256 0.2777999 0.4161586 0.0660974 
n265_266   0.3555489 0.2481442 0.3611913 0.1350909 0.3397834 0.0236837 0.2578166 0.3449506 0.3553308 0.3449864 0.3500729 0.2763618 0.3398504 0.3887146 0.2723789 0.3400973 0.3344594 0.4004089 0.1432008 0.2529256 0.0000000 0.3343182 0.4721494 0.2815688 
n296_297   0.0483534 0.2728345 0.1399897 0.3182377 0.0101007 0.3662004 0.2828866 0.0342104 0.0376918 0.0134945 0.0483567 0.2719210 0.0033506 0.3676729 0.2929557 0.0169218 0.0628482 0.3569257 0.3236061 0.2777999 0.3343182 0.0000000 0.3999932 0.2821324 
n244_245   0.4233184 0.4101503 0.4293238 0.4911135 0.4003005 0.4774582 0.4223612 0.4117929 0.4172595 0.4059185 0.4112888 0.4325960 0.4001512 0.2920735 0.4283862 0.4006847 0.4541701 0.2871963 0.4979660 0.4161586 0.4721494 0.3999932 0.0000000 0.4333417 
n277_278   0.3277640 0.0624487 0.3121471 0.2763562 0.2972991 0.3010346 0.0697841 0.3021816 0.3068029 0.3022113 0.3225125 0.0236016 0.2872430 0.3379452 0.0846328 0.3024902 0.2972436 0.3380987 0.2813846 0.0660974 0.2815688 0.2821324 0.4333417 0.0000000 
