26
n298_299   0.0000000 0.3064029 0.2397916 0.3142264 0.0447285 0.2958230 0.3048422 0.0134920 0.0307639 0.0482541 0.0067211 0.3629439 0.0481957 0.4661360 0.3103909 0.0482777 0.1495457 0.4504424 0.3094110 0.0169016 0.3000880 0.3068995 0.0518261 0.3055694 0.4125931 0.3615574 
n280_281   0.3064029 0.0000000 0.2958631 0.2586541 0.3213477 0.2358504 0.0167891 0.3119000 0.3263099 0.3262520 0.3061155 0.0622879 0.3156770 0.3387212 0.0100225 0.3264812 0.2979746 0.3316244 0.2541710 0.3169794 0.0134106 0.2408505 0.3056177 0.0168262 0.3083534 0.0586493 
n200_201   0.2397916 0.2958631 0.0000000 0.3534903 0.2587372 0.3182313 0.2899859 0.2498896 0.2687206 0.2589280 0.2395839 0.3524154 0.2535922 0.4077709 0.2998140 0.2634752 0.2406817 0.4204767 0.3484792 0.2545820 0.2853187 0.3302742 0.2533901 0.2906735 0.3895457 0.3469048 
n286_287   0.3142264 0.2586541 0.3534903 0.0000000 0.3194179 0.1301460 0.2573777 0.3245658 0.3450908 0.3242886 0.3139302 0.2921673 0.3144817 0.3808308 0.2533421 0.3245147 0.3249518 0.3709702 0.0033318 0.3296984 0.2529377 0.1343479 0.3188175 0.2528800 0.3682383 0.2871307 
n287_288   0.0447285 0.3213477 0.2587372 0.3194179 0.0000000 0.3107256 0.3197009 0.0447792 0.0555374 0.0033579 0.0446978 0.3741580 0.0237711 0.4897620 0.3253748 0.0033594 0.1536956 0.4688522 0.3145718 0.0483326 0.3148664 0.3220545 0.0272642 0.3204676 0.4347734 0.3790801 
n266_267   0.2958230 0.2358504 0.3182313 0.1301460 0.3107256 0.0000000 0.2395337 0.3059564 0.3260987 0.3155669 0.2955494 0.3024778 0.3006007 0.3869746 0.2355510 0.3157856 0.3059340 0.3725759 0.1262888 0.3109880 0.2351787 0.0168346 0.3003531 0.2351256 0.3605401 0.2973621 
n292_293   0.3048422 0.0167891 0.2899859 0.2573777 0.3197009 0.2395337 0.0000000 0.3103060 0.3246356 0.3245780 0.3045571 0.0730060 0.3140666 0.3316559 0.0201295 0.3248042 0.2964577 0.3246032 0.2529182 0.3153557 0.0033232 0.2445483 0.3040653 0.0066712 0.3122999 0.0693173 
n293_294   0.0134920 0.3119000 0.2498896 0.3245658 0.0447792 0.3059564 0.3103060 0.0000000 0.0307993 0.0483090 0.0203419 0.3689132 0.0482506 0.4730214 0.3159076 0.0483326 0.1457443 0.4572057 0.3196893 0.0033516 0.3055158 0.3172110 0.0482314 0.3110483 0.4189835 0.3674991 
n275_276   0.0307639 0.3263099 0.2687206 0.3450908 0.0555374 0.3260987 0.3246356 0.0307993 0.0000000 0.0591138 0.0307431 0.3736148 0.0590416 0.4842815 0.3303485 0.0591430 0.1623252 0.4750632 0.3401005 0.0342974 0.3197754 0.3376932 0.0627437 0.3254145 0.4421589 0.3721820 
n289_290   0.0482541 0.3262520 0.2589280 0.3242886 0.0033579 0.3155669 0.3245780 0.0483090 0.0591138 0.0000000 0.0482207 0.3793797 0.0272137 0.4957082 0.3302909 0.0067302 0.1577584 0.4746885 0.3194179 0.0518768 0.3197166 0.3269728 0.0307252 0.3253567 0.4403504 0.3843275 
n297_298   0.0067211 0.3061155 0.2395839 0.3139302 0.0446978 0.2955494 0.3045571 0.0203419 0.0307431 0.0482207 0.0000000 0.3625785 0.0481624 0.4656010 0.3100989 0.0482443 0.1494284 0.4499343 0.3091215 0.0237842 0.2998096 0.3066110 0.0517902 0.3052836 0.4121517 0.3611954 
n278_279   0.3629439 0.0622879 0.3524154 0.2921673 0.3741580 0.3024778 0.0730060 0.3689132 0.3736148 0.3793797 0.3625785 0.0000000 0.3625154 0.3805865 0.0656985 0.3796645 0.3660869 0.3733988 0.2875022 0.3743866 0.0694137 0.3080345 0.3518359 0.0731677 0.3598239 0.0168223 
n295_296   0.0481957 0.3156770 0.2535922 0.3144817 0.0237711 0.3006007 0.3140666 0.0482506 0.0590416 0.0272137 0.0481624 0.3625154 0.0000000 0.4761477 0.3196804 0.0272267 0.1575424 0.4603580 0.3096635 0.0518139 0.3092718 0.3117503 0.0101093 0.3148163 0.4280376 0.3728736 
n251_252   0.4661360 0.3387212 0.4077709 0.3808308 0.4897620 0.3869746 0.3316559 0.4730214 0.4842815 0.4957082 0.4656010 0.3805865 0.4761477 0.0000000 0.3326539 0.4961342 0.4428785 0.0409304 0.3862342 0.4739119 0.3267906 0.3932887 0.4639011 0.3324473 0.2903275 0.3864849 
n274_275   0.3103909 0.0100225 0.2998140 0.2533421 0.3253748 0.2355510 0.0201295 0.3159076 0.3303485 0.3302909 0.3100989 0.0656985 0.3196804 0.3326539 0.0000000 0.3305236 0.3019511 0.3255834 0.2488954 0.3210019 0.0167487 0.2405434 0.3095931 0.0201741 0.3178728 0.0620520 
n290_291   0.0482777 0.3264812 0.2634752 0.3245147 0.0033594 0.3157856 0.3248042 0.0483326 0.0591430 0.0067302 0.0482443 0.3796645 0.0272267 0.4961342 0.3305236 0.0000000 0.1578488 0.4750887 0.3196391 0.0519023 0.3199395 0.3272032 0.0307399 0.3255845 0.4407053 0.3846175 
n236_237   0.1495457 0.2979746 0.2406817 0.3249518 0.1536956 0.3059340 0.2964577 0.1457443 0.1623252 0.1577584 0.1494284 0.3660869 0.1575424 0.4428785 0.3019511 0.1578488 0.0000000 0.4275435 0.3200743 0.1498625 0.2917364 0.3161751 0.1574246 0.2971649 0.3794528 0.3649004 
n255_256   0.4504424 0.3316244 0.4204767 0.3709702 0.4688522 0.3725759 0.3246032 0.4572057 0.4750632 0.4746885 0.4499343 0.3733988 0.4603580 0.0409304 0.3255834 0.4750887 0.4275435 0.0000000 0.3718719 0.4580656 0.3197448 0.3787815 0.4483029 0.3253815 0.2861989 0.3792738 
n285_286   0.3094110 0.2541710 0.3484792 0.0033318 0.3145718 0.1262888 0.2529182 0.3196893 0.3401005 0.3194179 0.3091215 0.2875022 0.3096635 0.3862342 0.2488954 0.3196391 0.3200743 0.3718719 0.0000000 0.3247920 0.2484991 0.1304650 0.3139839 0.2484425 0.3691279 0.2824942 
n294_295   0.0169016 0.3169794 0.2545820 0.3296984 0.0483326 0.3109880 0.3153557 0.0033516 0.0342974 0.0518768 0.0237842 0.3743866 0.0518139 0.4739119 0.3210019 0.0519023 0.1498625 0.4580656 0.3247920 0.0000000 0.3105360 0.3223305 0.0517932 0.3161115 0.4248119 0.3729475 
n300_301   0.3000880 0.0134106 0.2853187 0.2529377 0.3148664 0.2351787 0.0033232 0.3055158 0.3197754 0.3197166 0.2998096 0.0694137 0.3092718 0.3267906 0.0167487 0.3199395 0.2917364 0.3197448 0.2484991 0.3105360 0.0000000 0.2401614 0.2993265 0.0033306 0.3075374 0.0657422 
n265_266   0.3068995 0.2408505 0.3302742 0.1343479 0.3220545 0.0168346 0.2445483 0.3172110 0.3376932 0.3269728 0.3066110 0.3080345 0.3117503 0.3932887 0.2405434 0.3272032 0.3161751 0.3787815 0.1304650 0.3223305 0.2401614 0.0000000 0.3114908 0.2401069 0.3594813 0.3028738 
n296_297   0.0518261 0.3056177 0.2533901 0.3188175 0.0272642 0.3003531 0.3040653 0.0482314 0.0627437 0.0307252 0.0517902 0.3518359 0.0101093 0.4639011 0.3095931 0.0307399 0.1574246 0.4483029 0.3139839 0.0517932 0.2993265 0.3114908 0.0000000 0.3047886 0.4211224 0.3620627 
n299_300   0.3055694 0.0168262 0.2906735 0.2528800 0.3204676 0.2351256 0.0066712 0.3110483 0.3254145 0.3253567 0.3052836 0.0731677 0.3148163 0.3324473 0.0201741 0.3255845 0.2971649 0.3253815 0.2484425 0.3161115 0.0033306 0.2401069 0.3047886 0.0000000 0.3130414 0.0694706 
n244_245   0.4125931 0.3083534 0.3895457 0.3682383 0.4347734 0.3605401 0.3122999 0.4189835 0.4421589 0.4403504 0.4121517 0.3598239 0.4280376 0.2903275 0.3178728 0.4407053 0.3794528 0.2861989 0.3691279 0.4248119 0.3075374 0.3594813 0.4211224 0.3130414 0.0000000 0.3603077 
n277_278   0.3615574 0.0586493 0.3469048 0.2871307 0.3790801 0.2973621 0.0693173 0.3674991 0.3721820 0.3843275 0.3611954 0.0168223 0.3728736 0.3864849 0.0620520 0.3846175 0.3649004 0.3792738 0.2824942 0.3729475 0.0657422 0.3028738 0.3620627 0.0694706 0.3603077 0.0000000 
