49
n266_391   0.0000000 2.1074353 1.7685723 2.2736547 0.9903086 2.5140816 2.6811470 2.0993214 3.5538400 1.9911747 2.9136776 2.4566230 2.5692708 2.0722075 2.4481028 3.9986815 2.5297912 2.6430387 2.6288831 0.1242583 3.2735974 2.3016576 2.1985439 2.4085584 3.1893638 1.0300756 2.7708443 2.4379007 2.0380858 2.5460965 3.1183310 1.6824296 2.4524944 2.6949549 2.1463221 2.1545288 2.0143326 3.6451392 1.9913236 2.1912330 2.0412659 2.1495035 2.3073776 1.8905368 2.5257730 2.4516422 2.6274512 3.4744009 2.8708508 
n280_419   2.1074353 0.0000000 4.0528220 7.7990150 2.4924444 3.1413419 2.0620572 2.7654480 1.4064972 3.3095514 3.6175713 9.0000000 2.1217949 3.3593977 2.1218525 2.9401055 2.0655508 1.9854714 9.0000000 2.4522302 1.3320703 0.1129069 0.1006662 1.9970492 2.7454407 2.2634072 2.4199099 9.0000000 4.3352110 9.0000000 0.3805241 4.2124652 2.0045133 9.0000000 0.1084535 4.1319240 3.3263695 2.1944494 5.6508593 0.1124950 3.3479688 2.4034892 3.5154888 6.5138718 1.9246160 2.1026567 3.0710553 0.3920094 2.1559908 
n278_415   1.7685723 4.0528220 0.0000000 2.7139565 2.0380729 1.9710602 2.1538451 3.4685341 2.5271666 0.4337382 2.0534285 2.3002807 2.1648471 0.4542573 1.9632731 6.4759486 2.3045022 2.0923527 2.1554974 1.9560120 2.9710553 9.0000000 8.9999986 1.9090315 3.2125343 1.8883625 2.1639961 2.3393337 0.4401333 3.3833782 3.2091203 1.9841730 2.3385499 2.1486597 5.5860924 2.1749712 0.1210507 2.4475244 1.9865661 4.5560152 0.4469711 2.1106071 2.2851725 0.4482874 1.9032270 2.3695693 1.7999505 3.4837973 2.1487403 
n295_450   2.2736547 7.7990150 2.7139565 0.0000000 2.3793326 0.3833390 2.5349663 2.5918369 3.1731723 2.1640107 0.4069309 0.0484607 3.5046292 2.0707351 2.6718273 4.2331760 2.4270868 2.9272304 0.1492614 1.7549632 2.8576170 3.7405576 4.3772119 2.7617316 5.3970870 2.3326414 4.3719069 0.1576940 2.0533364 3.8930873 6.5707752 0.6962951 3.7839182 0.1537427 4.1272775 0.3837265 2.4740254 4.3173959 0.3658288 3.8696906 2.2761095 2.2791361 0.3778689 2.6111840 2.6950696 2.4965155 1.0259669 5.1466068 2.6055274 
n286_431   0.9903086 2.4924444 2.0380729 2.3793326 0.0000000 2.3097495 3.2410954 3.2650448 1.9623393 2.1781327 2.3914732 2.3606801 3.0205908 2.0127943 2.8320705 8.9999987 3.6618133 2.9105556 2.1621747 1.0577760 2.2634648 2.5584245 2.3831724 3.4366370 2.4083574 0.0742674 4.0901297 2.4790249 2.0858844 2.9645747 2.8862556 2.5560599 3.0543985 2.3229577 2.2831711 2.1797692 1.9481583 2.7463587 2.3438433 2.2271688 2.2293392 2.1499418 2.2306808 2.3388693 4.1992524 3.3135747 2.7104497 2.4034824 3.7022170 
n293_446   2.5140816 3.1413419 1.9710602 0.3833390 2.3097495 0.0000000 1.9954754 2.6137649 2.3530299 2.0038068 0.0342107 0.3953389 2.6253104 1.8922207 2.5109318 2.8321720 2.2957420 2.4789223 0.3363905 2.0876384 2.2690320 2.8550614 2.5931543 2.2594869 3.2196925 2.3318396 3.7107536 0.3542049 1.7656300 3.1770878 3.2114991 0.5988874 2.6335399 0.3479090 2.7398735 0.1454566 1.8656130 2.5753148 0.1087119 2.7553468 2.0078120 2.1981038 0.1370851 2.3763501 2.2150155 2.1918535 1.0475968 3.2946874 2.1768603 
n294_445   2.6811470 2.0620572 2.1538451 2.5349663 3.2410954 1.9954754 0.0000000 2.0907145 2.0283624 2.1683208 2.0025191 2.4692187 0.3971886 2.1183641 0.1167379 3.6566857 0.1164822 0.3861330 2.4689015 3.2231498 1.9750231 2.0974193 2.3287824 0.3791221 2.5697162 2.7947933 0.6167654 2.2623942 2.0266095 4.8567741 2.4362520 2.5226286 0.3793304 2.3331872 2.4424838 1.9875307 2.3333485 2.8567827 2.0094453 2.6136889 2.2299951 0.7957492 1.9026918 2.2739227 0.3910673 0.1125674 2.4363563 2.7392341 0.0519700 
n244_353   2.0993214 2.7654480 3.4685341 2.5918369 3.2650448 2.6137649 2.0907145 0.0000000 2.1890822 3.3811911 2.4039825 2.5659719 2.2297995 3.2381373 2.0357440 2.4809464 1.9038885 2.3687252 2.4279334 2.0121631 2.1819429 3.0809255 3.1255876 2.1336353 2.1649256 3.6167199 2.5436480 2.4194975 2.9790261 2.2411203 2.5641422 2.9933419 2.3693026 2.2346387 2.9730106 2.7726109 2.9547352 2.7683937 2.7849065 3.4187807 3.2316995 2.0859676 2.6332712 2.7948547 2.0330233 1.9006847 2.4265891 2.7984022 2.2485767 
n286_429   3.5538400 1.4064972 2.5271666 3.1731723 1.9623393 2.3530299 2.0283624 2.1890822 0.0000000 2.6718519 2.3192351 3.7553260 2.4537684 2.5985262 2.2391170 3.9794274 1.8479184 2.5491419 4.1606197 3.6209161 0.0737556 1.6423545 1.4991813 2.1384958 1.1307008 1.9300408 2.1550838 3.5759579 2.6181921 3.5382362 1.7133876 4.6604314 2.3735193 3.6131567 1.4710106 2.9904941 2.6396709 1.0936716 3.0663536 1.5006999 2.7738330 2.3967422 2.6372964 2.6550003 2.0940286 1.8489329 4.0477859 1.6064063 1.9417372 
n300_457   1.9911747 3.3095514 0.4337382 2.1640107 2.1781327 2.0038068 2.1683208 3.3811911 2.6718519 0.0000000 2.1434600 2.1625696 2.0146602 0.1054489 2.3308563 3.4786389 2.5269428 2.0823871 2.1148373 2.2366153 2.7566298 3.9616391 4.2470189 2.2332517 2.5708680 2.0694362 1.9566335 2.0827074 0.0633009 3.0644933 3.1764436 1.4861200 2.1638500 2.1119929 3.8355165 2.2831136 0.4488055 2.0993739 1.9665490 3.1377456 0.0067453 2.1522663 2.2632300 0.1849086 2.0277984 2.5108468 2.2122432 3.9002458 2.0713964 
n294_447   2.9136776 3.6175713 2.0534285 0.4069309 2.3914732 0.0342107 2.0025191 2.4039825 2.3192351 2.1434600 0.0000000 0.4068371 2.6374309 1.9809524 2.4624355 2.7330433 2.2554658 2.4891981 0.3527436 2.1771137 2.2455887 3.6813175 2.8539869 2.2674271 3.0789275 2.4276415 3.2394270 0.3710108 1.8788868 3.0035327 3.1408604 0.6563322 2.6457795 0.3588223 3.0406738 0.1665447 2.0237958 2.6362883 0.1286344 2.9519688 2.1482673 2.1844876 0.1578997 2.6004383 2.2225587 2.1550495 1.0173879 3.4954792 2.1857672 
n296_451   2.4566230 9.0000000 2.3002807 0.0484607 2.3606801 0.3953389 2.4692187 2.5659719 3.7553260 2.1625696 0.4068371 0.0000000 3.3385375 2.0269201 2.5688696 4.5223165 2.4417687 2.9433718 0.1535004 1.8626865 3.4230074 4.6431967 6.2061749 2.7758748 6.9041740 2.3150886 3.5979719 0.1664311 2.0521611 4.7668421 6.0495497 0.7161344 3.8135893 0.1537995 5.5222617 0.3722242 2.3626437 4.5757253 0.3778536 4.9105748 2.2743533 2.1702506 0.3839478 2.6046390 2.7085368 2.5122459 1.0427712 9.0000000 2.5353429 
n287_432   2.5692708 2.1217949 2.1648471 3.5046292 3.0205908 2.6253104 0.3971886 2.2297995 2.4537684 2.0146602 2.6374309 3.3385375 0.0000000 1.7980725 0.4085874 3.4892886 0.4150733 0.0558794 3.3075979 2.8830075 2.4972633 2.2470357 2.1851827 0.1409545 2.8978120 3.1620828 0.8215188 2.9801365 1.9216662 3.2534463 2.2538367 2.2768908 0.0449829 2.7724690 2.2350206 2.7522765 2.3278475 3.0772869 2.7996410 2.4900580 2.0676190 0.9894552 2.7665379 1.8421248 0.1451679 0.4026571 2.9555532 2.9343592 0.4098564 
n280_417   2.0722075 3.3593977 0.4542573 2.0707351 2.0127943 1.8922207 2.1183641 3.2381373 2.5985262 0.1054489 1.9809524 2.0269201 1.7980725 0.0000000 2.1966374 2.9901596 2.4437143 1.8462438 2.1053946 2.3391324 2.5313442 3.8826857 3.9295083 1.9594341 2.3239714 1.9280051 2.1161059 1.9933342 0.1053828 2.6247130 3.5057522 1.4589595 1.9507300 2.1062307 3.7718042 1.7601929 0.4692592 1.9528701 1.8194000 2.9991410 0.1054745 2.1156339 1.7882866 0.1631706 1.8021637 2.4292293 2.1051081 4.5289739 2.2060980 
n275_408   2.4481028 2.1218525 1.9632731 2.6718273 2.8320705 2.5109318 0.1167379 2.0357440 2.2391170 2.3308563 2.4624355 2.5688696 0.4085874 2.1966374 0.0000000 2.7940715 0.1167083 0.4093724 2.7183797 3.1887226 2.1753183 1.9618536 2.3999649 0.3775137 2.3430923 2.7297616 0.5599831 2.4517056 2.1661800 3.2421601 2.3265573 2.5683712 0.4022073 2.7082272 2.3959496 2.4144954 2.1657155 2.6441853 2.4617560 2.7059882 2.4038139 0.7737337 2.3569555 2.3876119 0.3895321 0.1208484 2.7371381 2.4631084 0.1207602 
n251_364   3.9986815 2.9401055 6.4759486 4.2331760 8.9999987 2.8321720 3.6566857 2.4809464 3.9794274 3.4786389 2.7330433 4.5223165 3.4892886 2.9901596 2.7940715 0.0000000 3.6060752 6.1468191 4.6427086 8.9999988 3.9637482 2.7768945 2.8209149 4.2128811 3.2701389 9.0000000 3.3807547 6.5943308 3.1969693 0.3216914 2.8605521 2.7616137 4.0492369 4.7661180 2.7336770 5.4792964 3.4366244 3.0202569 2.6346875 3.1447433 3.4995958 4.1511534 4.1365818 4.4636616 3.7392471 3.4271364 8.9999988 4.3431216 4.0926451 
n297_452   2.5297912 2.0655508 2.3045022 2.4270868 3.6618133 2.2957420 0.1164822 1.9038885 1.8479184 2.5269428 2.2554658 2.4417687 0.4150733 2.4437143 0.1167083 3.6060752 0.0000000 0.4097678 2.4278130 2.8753369 1.8821811 1.8905033 2.3469708 0.3717137 2.4405630 3.5920761 0.5766770 2.2880669 2.3296530 4.3983624 2.1083967 2.4177241 0.4086292 2.3079497 2.3967310 2.5555771 2.6607163 2.7624452 2.3803134 2.5595137 2.6166384 0.7459088 2.3503103 2.3888808 0.3831224 0.0237144 2.6723609 2.2138473 0.1244994 
n290_437   2.6430387 1.9854714 2.0923527 2.9272304 2.9105556 2.4789223 0.3861330 2.3687252 2.5491419 2.0823871 2.4891981 2.9433718 0.0558794 1.8462438 0.4093724 6.1468191 0.4097678 0.0000000 3.0246929 2.8833818 2.5281751 1.9972173 1.9491784 0.1450958 2.8509841 3.1537605 0.8127741 2.8515333 1.9832403 3.9349989 1.9999288 2.3545207 0.0486199 2.5895583 2.1184642 2.6532580 2.1361824 3.1321782 2.6937102 2.0890885 2.1390247 0.9603738 2.6658593 1.9375371 0.1534922 0.3915349 2.8633056 2.2995843 0.4046358 
n287_434   2.6288831 9.0000000 2.1554974 0.1492614 2.1621747 0.3363905 2.4689015 2.4279334 4.1606197 2.1148373 0.3527436 0.1535004 3.3075979 2.1053946 2.7183797 4.6427086 2.4278130 3.0246929 0.0000000 2.0079528 3.7144703 9.0000000 9.0000000 2.6784345 3.9665141 2.1671818 3.5565290 0.0665568 1.9717598 4.8137126 8.1424976 0.6230255 3.9901536 0.0556364 9.0000000 0.3536678 2.2104504 3.2912621 0.3151562 9.0000000 2.2219655 2.2453318 0.3260420 2.8247273 2.6165180 2.4286276 1.0261768 7.4858416 2.5352457 
n265_390   0.1242583 2.4522302 1.9560120 1.7549632 1.0577760 2.0876384 3.2231498 2.0121631 3.6209161 2.2366153 2.1771137 1.8626865 2.8830075 2.3391324 3.1887226 8.9999988 2.8753369 2.8833818 2.0079528 0.0000000 3.1819381 2.5309432 2.4432866 2.6711211 3.7722810 1.0591150 2.8730719 2.0274015 2.4163678 2.6761412 3.4075470 1.6077421 2.8091004 2.1037765 2.3988641 1.8332967 2.2232663 9.0000000 1.8206886 2.5122257 2.3004131 2.3417258 1.9014957 2.1203157 2.7291690 2.8478108 2.3345744 4.9336334 3.5627602 
n285_428   3.2735974 1.3320703 2.9710553 2.8576170 2.2634648 2.2690320 1.9750231 2.1819429 0.0737556 2.7566298 2.2455887 3.4230074 2.4972633 2.5313442 2.1753183 3.9637482 1.8821811 2.5281751 3.7144703 3.1819381 0.0000000 1.5499248 1.4430390 2.2287695 1.0419147 2.0769105 2.0873937 3.1712113 2.7004127 3.4715354 1.6470487 4.4240984 2.4138657 3.5251920 1.3944289 2.5439633 3.1322068 1.0216984 2.6632495 1.3794320 2.8675691 2.5107721 2.2415414 2.7027733 2.1802098 1.8832262 3.6780748 1.5453213 1.8930084 
n274_407   2.3016576 0.1129069 9.0000000 3.7405576 2.5584245 2.8550614 2.0974193 3.0809255 1.6423545 3.9616391 3.6813175 4.6431967 2.2470357 3.8826857 1.9618536 2.7768945 1.8905033 1.9972173 9.0000000 2.5309432 1.5499248 0.0000000 0.1287883 1.9768069 2.9622727 2.5179580 2.2663818 7.3799355 9.0000000 9.0000000 0.4301569 4.0085470 2.0671072 9.0000000 0.1492455 3.9823940 4.1383273 2.3400670 4.1843047 0.1411801 4.2186946 2.5248903 3.5876736 9.0000000 1.9057192 1.9218640 3.1987283 0.4177369 2.0924890 
n299_458   2.1985439 0.1006662 8.9999986 4.3772119 2.3831724 2.5931543 2.3287824 3.1255876 1.4991813 4.2470189 2.8539869 6.2061749 2.1851827 3.9295083 2.3999649 2.8209149 2.3469708 1.9491784 9.0000000 2.4432866 1.4430390 0.1287883 0.0000000 2.0833005 2.5907131 2.3767695 2.4060608 9.0000000 6.3838492 9.0000000 0.4099710 4.7569693 2.0583560 9.0000000 0.0341223 3.1030953 3.5810874 2.1072275 3.9250873 0.0412207 4.2557042 2.2864331 3.3410688 9.0000000 2.0048425 2.3335399 2.6985218 0.4161192 2.5211661 
n296_449   2.4085584 1.9970492 1.9090315 2.7617316 3.4366370 2.2594869 0.3791221 2.1336353 2.1384958 2.2332517 2.2674271 2.7758748 0.1409545 1.9594341 0.3775137 4.2128811 0.3717137 0.1450958 2.6784345 2.6711211 2.2287695 1.9768069 2.0833005 0.0000000 2.5408669 3.1899126 0.7463824 2.6159559 2.0758945 3.4855451 2.1073295 2.2613744 0.1451219 2.6142948 2.2161218 2.2356778 2.0785175 2.6626291 2.4464196 2.3518739 2.2998752 0.8709683 2.2431615 2.0544476 0.0306789 0.3714468 2.9565610 2.3223766 0.3851441 
n266_389   3.1893638 2.7454407 3.2125343 5.3970870 2.4083574 3.2196925 2.5697162 2.1649256 1.1307008 2.5708680 3.0789275 6.9041740 2.8978120 2.3239714 2.3430923 3.2701389 2.4405630 2.8509841 3.9665141 3.7722810 1.0419147 2.9622727 2.5907131 2.5408669 0.0000000 2.7979858 2.1920200 3.8659029 2.3094917 3.0470476 2.0059412 4.2223423 3.0411540 4.1467640 2.4618762 3.5138223 4.1899349 0.1488353 3.1246758 2.7874815 2.4943183 2.1083420 3.3577455 2.6424977 2.4832825 2.5714596 4.0514730 1.9040988 2.6613630 
n285_430   1.0300756 2.2634072 1.8883625 2.3326414 0.0742674 2.3318396 2.7947933 3.6167199 1.9300408 2.0694362 2.4276415 2.3150886 3.1620828 1.9280051 2.7297616 9.0000000 3.5920761 3.1537605 2.1671818 1.0591150 2.0769105 2.5179580 2.3767695 3.1899126 2.7979858 0.0000000 5.6168708 2.5583774 2.1387196 3.8019265 3.0062173 2.6689652 3.0559625 2.3905815 2.2686095 2.0049969 2.0016171 3.1873393 2.2437925 2.2121994 2.1244563 2.3361483 2.0475727 2.2221107 3.9811573 3.1498589 2.2744657 2.6042097 3.0901511 
n236_341   2.7708443 2.4199099 2.1639961 4.3719069 4.0901297 3.7107536 0.6167654 2.5436480 2.1550838 1.9566335 3.2394270 3.5979719 0.8215188 2.1161059 0.5599831 3.3807547 0.5766770 0.8127741 3.5565290 2.8730719 2.0873937 2.2663818 2.4060608 0.7463824 2.1920200 5.6168708 0.0000000 2.9799133 2.0138079 4.3536891 2.3007133 2.3611181 0.7797975 3.0281368 2.4710094 3.1041335 2.3712355 2.5038486 4.5203827 2.5670608 1.9977397 0.8961815 3.3805605 2.2083460 0.7647870 0.6086996 4.2011457 2.7235589 0.5852730 
n289_438   2.4379007 9.0000000 2.3393337 0.1576940 2.4790249 0.3542049 2.2623942 2.4194975 3.5759579 2.0827074 0.3710108 0.1664311 2.9801365 1.9933342 2.4517056 6.5943308 2.2880669 2.8515333 0.0665568 2.0274015 3.1712113 7.3799355 9.0000000 2.6159559 3.8659029 2.5583774 2.9799133 0.0000000 1.9797408 4.5588620 7.1475183 0.6425252 3.2751065 0.0520037 9.0000000 0.3660530 2.3411884 2.9722485 0.3376373 9.0000000 2.1866156 2.4307093 0.3378870 2.6196343 2.5572027 2.2887255 0.9824523 4.9772024 2.3163018 
n292_441   2.0380858 4.3352110 0.4401333 2.0533364 2.0858844 1.7656300 2.0266095 2.9790261 2.6181921 0.0633009 1.8788868 2.0521611 1.9216662 0.1053828 2.1661800 3.1969693 2.3296530 1.9832403 1.9717598 2.4163678 2.7004127 9.0000000 6.3838492 2.0758945 2.3094917 2.1387196 2.0138079 1.9797408 0.0000000 3.1876639 3.6631162 1.5280200 2.0555267 2.0063444 4.2383760 2.2066082 0.4478103 1.9593582 1.7812036 3.7595718 0.0633154 2.1006568 2.0955433 0.1803576 1.8992483 2.3171039 2.0674199 4.1669426 2.0222368 
n255_370   2.5460965 9.0000000 3.3833782 3.8930873 2.9645747 3.1770878 4.8567741 2.2411203 3.5382362 3.0644933 3.0035327 4.7668421 3.2534463 2.6247130 3.2421601 0.3216914 4.3983624 3.9349989 4.8137126 2.6761412 3.4715354 9.0000000 9.0000000 3.4855451 3.0470476 3.8019265 4.3536891 4.5588620 3.1876639 0.0000000 9.0000000 2.8338100 3.1333181 4.2457074 9.0000000 4.0819935 2.9991449 3.0933942 2.5256057 9.0000000 3.0782400 4.2525637 4.0432313 2.7740160 3.1821030 4.3310892 3.5987111 9.0000000 4.7588094 
n278_413   3.1183310 0.3805241 3.2091203 6.5707752 2.8862556 3.2114991 2.4362520 2.5641422 1.7133876 3.1764436 3.1408604 6.0495497 2.2538367 3.5057522 2.3265573 2.8605521 2.1083967 1.9999288 8.1424976 3.4075470 1.6470487 0.4301569 0.4099710 2.1073295 2.0059412 3.0062173 2.3007133 7.1475183 3.6631162 9.0000000 0.0000000 4.0592111 2.2383982 5.6246006 0.4288913 7.0356233 3.3935961 1.9686738 5.5183823 0.4420244 3.1795102 2.5923971 5.4030170 3.6194779 2.0716065 2.0985406 2.9154705 0.1496745 2.2630998 
n236_343   1.6824296 4.2124652 1.9841730 0.6962951 2.5560599 0.5988874 2.5226286 2.9933419 4.6604314 1.4861200 0.6563322 0.7161344 2.2768908 1.4589595 2.5683712 2.7616137 2.4177241 2.3545207 0.6230255 1.6077421 4.4240984 4.0085470 4.7569693 2.2613744 4.2223423 2.6689652 2.3611181 0.6425252 1.5280200 2.8338100 4.0592111 0.0000000 2.2749190 0.6158802 7.2077123 0.5933700 1.8760335 2.7400409 0.6238864 5.4287351 1.5103335 2.7011489 0.5693163 1.6712771 2.1562950 2.4803909 0.9859185 9.0000000 2.5170828 
n289_436   2.4524944 2.0045133 2.3385499 3.7839182 3.0543985 2.6335399 0.3793304 2.3693026 2.3735193 2.1638500 2.6457795 3.8135893 0.0449829 1.9507300 0.4022073 4.0492369 0.4086292 0.0486199 3.9901536 2.8091004 2.4138657 2.0671072 2.0583560 0.1451219 3.0411540 3.0559625 0.7797975 3.2751065 2.0555267 3.1333181 2.2383982 2.2749190 0.0000000 3.1487330 2.1019033 2.5843586 2.4042502 3.4225860 2.7313695 2.3200118 2.2261261 0.9885589 2.5959224 2.0269735 0.1535198 0.3904597 2.9785611 2.5434801 0.3970873 
n290_439   2.6949549 9.0000000 2.1486597 0.1537427 2.3229577 0.3479090 2.3331872 2.2346387 3.6131567 2.1119929 0.3588223 0.1537995 2.7724690 2.1062307 2.7082272 4.7661180 2.3079497 2.5895583 0.0556364 2.1037765 3.5251920 9.0000000 9.0000000 2.6142948 4.1467640 2.3905815 3.0281368 0.0520037 2.0063444 4.2457074 5.6246006 0.6158802 3.1487330 0.0000000 9.0000000 0.3595023 2.3725351 2.9674101 0.3260443 9.0000000 2.2187251 2.4384487 0.3316389 2.7312303 2.5557357 2.3086299 0.9700570 5.2632813 2.3911473 
n300_459   2.1463221 0.1084535 5.5860924 4.1272775 2.2831711 2.7398735 2.4424838 2.9730106 1.4710106 3.8355165 3.0406738 5.5222617 2.2350206 3.7718042 2.3959496 2.7336770 2.3967310 2.1184642 9.0000000 2.3988641 1.3944289 0.1492455 0.0341223 2.2161218 2.4618762 2.2686095 2.4710094 9.0000000 4.2383760 9.0000000 0.4288913 7.2077123 2.1019033 9.0000000 0.0000000 3.5063918 3.1679023 2.1535311 4.9768144 0.0555209 3.8414805 2.3337435 3.4939780 8.9999985 2.1275371 2.4472923 2.4910181 0.4281862 2.6583272 
n298_455   2.1545288 4.1319240 2.1749712 0.3837265 2.1797692 0.1454566 1.9875307 2.7726109 2.9904941 2.2831136 0.1665447 0.3722242 2.7522765 1.7601929 2.4144954 5.4792964 2.5555771 2.6532580 0.3536678 1.8332967 2.5439633 3.9823940 3.1030953 2.2356778 3.5138223 2.0049969 3.1041335 0.3660530 2.2066082 4.0819935 7.0356233 0.5933700 2.5843586 0.3595023 3.5063918 0.0000000 2.1015618 2.9397044 0.1453652 3.3711685 2.2888716 1.9318064 0.0377248 2.1757049 2.1923295 2.4240670 1.0042558 9.0000000 2.1669603 
n277_414   2.0143326 3.3263695 0.1210507 2.4740254 1.9481583 1.8656130 2.3333485 2.9547352 2.6396709 0.4488055 2.0237958 2.3626437 2.3278475 0.4692592 2.1657155 3.4366244 2.6607163 2.1361824 2.2104504 2.2232663 3.1322068 4.1383273 3.5810874 2.0785175 4.1899349 2.0016171 2.3712355 2.3411884 0.4478103 2.9991449 3.3935961 1.8760335 2.4042502 2.3725351 3.1679023 2.1015618 0.0000000 2.8437764 2.1515809 2.9869993 0.4489782 2.2468966 2.2525540 0.4836895 2.0712306 2.7530237 1.6986689 3.7100905 2.3876295 
n265_388   3.6451392 2.1944494 2.4475244 4.3173959 2.7463587 2.5753148 2.8567827 2.7683937 1.0936716 2.0993739 2.6362883 4.5757253 3.0772869 1.9528701 2.6441853 3.0202569 2.7624452 3.1321782 3.2912621 9.0000000 1.0216984 2.3400670 2.1072275 2.6626291 0.1488353 3.1873393 2.5038486 2.9722485 1.9593582 3.0933942 1.9686738 2.7400409 3.4225860 2.9674101 2.1535311 2.9397044 2.8437764 0.0000000 2.4402213 2.2235011 2.0510109 2.3018358 2.9027729 2.3664364 2.6798785 2.9412214 2.6374616 1.6803449 2.8519023 
n275_410   1.9913236 5.6508593 1.9865661 0.3658288 2.3438433 0.1087119 2.0094453 2.7849065 3.0663536 1.9665490 0.1286344 0.3778536 2.7996410 1.8194000 2.4617560 2.6346875 2.3803134 2.6937102 0.3151562 1.8206886 2.6632495 4.1843047 3.9250873 2.4464196 3.1246758 2.2437925 4.5203827 0.3376373 1.7812036 2.5256057 5.5183823 0.6238864 2.7313695 0.3260443 4.9768144 0.1453652 2.1515809 2.4402213 0.0000000 4.5133056 1.9703689 1.9851299 0.1329444 2.2184176 2.4587934 2.2672311 1.0221262 9.0000000 2.1945464 
n292_443   2.1912330 0.1124950 4.5560152 3.8696906 2.2271688 2.7553468 2.6136889 3.4187807 1.5006999 3.1377456 2.9519688 4.9105748 2.4900580 2.9991410 2.7059882 3.1447433 2.5595137 2.0890885 9.0000000 2.5122257 1.3794320 0.1411801 0.0412207 2.3518739 2.7874815 2.2121994 2.5670608 9.0000000 3.7595718 9.0000000 0.4420244 5.4287351 2.3200118 9.0000000 0.0555209 3.3711685 2.9869993 2.2235011 4.5133056 0.0000000 3.1406840 2.3426116 3.3604909 4.4326926 2.2511127 2.6184211 2.7243761 0.4287602 2.8735804 
n299_456   2.0412659 3.3479688 0.4469711 2.2761095 2.2293392 2.0078120 2.2299951 3.2316995 2.7738330 0.0067453 2.1482673 2.2743533 2.0676190 0.1054745 2.4038139 3.4995958 2.6166384 2.1390247 2.2219655 2.3004131 2.8675691 4.2186946 4.2557042 2.2998752 2.4943183 2.1244563 1.9977397 2.1866156 0.0633154 3.0782400 3.1795102 1.5103335 2.2261261 2.2187251 3.8414805 2.2888716 0.4489782 2.0510109 1.9703689 3.1406840 0.0000000 2.1571829 2.2688234 0.1849585 2.0810976 2.5986236 2.2174916 3.6664786 2.1270096 
n200_285   2.1495035 2.4034892 2.1106071 2.2791361 2.1499418 2.1981038 0.7957492 2.0859676 2.3967422 2.1522663 2.1844876 2.1702506 0.9894552 2.1156339 0.7737337 4.1511534 0.7459088 0.9603738 2.2453318 2.3417258 2.5107721 2.5248903 2.2864331 0.8709683 2.1083420 2.3361483 0.8961815 2.4307093 2.1006568 4.2525637 2.5923971 2.7011489 0.9885589 2.4384487 2.3337435 1.9318064 2.2468966 2.3018358 1.9851299 2.3426116 2.1571829 0.0000000 2.0630897 2.1141768 0.9426892 0.7655612 3.9167194 2.9907342 0.8289915 
n297_454   2.3073776 3.5154888 2.2851725 0.3778689 2.2306808 0.1370851 1.9026918 2.6332712 2.6372964 2.2632300 0.1578997 0.3839478 2.7665379 1.7882866 2.3569555 4.1365818 2.3503103 2.6658593 0.3260420 1.9014957 2.2415414 3.5876736 3.3410688 2.2431615 3.3577455 2.0475727 3.3805605 0.3378870 2.0955433 4.0432313 5.4030170 0.5693163 2.5959224 0.3316389 3.4939780 0.0377248 2.2525540 2.9027729 0.1329444 3.3604909 2.2688234 2.0630897 0.0000000 2.2727470 2.1994250 2.2410652 0.9902929 9.0000000 2.0659619 
n274_405   1.8905368 6.5138718 0.4482874 2.6111840 2.3388693 2.3763501 2.2739227 2.7948547 2.6550003 0.1849086 2.6004383 2.6046390 1.8421248 0.1631706 2.3876119 4.4636616 2.3888808 1.9375371 2.8247273 2.1203157 2.7027733 9.0000000 9.0000000 2.0544476 2.6424977 2.2221107 2.2083460 2.6196343 0.1803576 2.7740160 3.6194779 1.6712771 2.0269735 2.7312303 8.9999985 2.1757049 0.4836895 2.3664364 2.2184176 4.4326926 0.1849585 2.1141768 2.2727470 0.0000000 1.9207878 2.3762840 2.2289351 5.3242253 2.1951954 
n295_448   2.5257730 1.9246160 1.9032270 2.6950696 4.1992524 2.2150155 0.3910673 2.0330233 2.0940286 2.0277984 2.2225587 2.7085368 0.1451679 1.8021637 0.3895321 3.7392471 0.3831224 0.1534922 2.6165180 2.7291690 2.1802098 1.9057192 2.0048425 0.0306789 2.4832825 3.9811573 0.7647870 2.5572027 1.8992483 3.1821030 2.0716065 2.1562950 0.1535198 2.5557357 2.1275371 2.1923295 2.0712306 2.6798785 2.4587934 2.2511127 2.0810976 0.9426892 2.1994250 1.9207878 0.0000000 0.3889742 3.3277690 2.3893317 0.3971494 
n298_453   2.4516422 2.1026567 2.3695693 2.4965155 3.3135747 2.1918535 0.1125674 1.9006847 1.8489329 2.5108468 2.1550495 2.5122459 0.4026571 2.4292293 0.1208484 3.4271364 0.0237144 0.3915349 2.4286276 2.8478108 1.8832262 1.9218640 2.3335399 0.3714468 2.5714596 3.1498589 0.6086996 2.2887255 2.3171039 4.3310892 2.0985406 2.4803909 0.3904597 2.3086299 2.4472923 2.4240670 2.7530237 2.9412214 2.2672311 2.6184211 2.5986236 0.7655612 2.2410652 2.3762840 0.3889742 0.0000000 2.7524153 2.2566157 0.1245233 
n200_287   2.6274512 3.0710553 1.7999505 1.0259669 2.7104497 1.0475968 2.4363563 2.4265891 4.0477859 2.2122432 1.0173879 1.0427712 2.9555532 2.1051081 2.7371381 8.9999988 2.6723609 2.8633056 1.0261768 2.3345744 3.6780748 3.1987283 2.6985218 2.9565610 4.0514730 2.2744657 4.2011457 0.9824523 2.0674199 3.5987111 2.9154705 0.9859185 2.9785611 0.9700570 2.4910181 1.0042558 1.6986689 2.6374616 1.0221262 2.7243761 2.2174916 3.9167194 0.9902929 2.2289351 3.3277690 2.7524153 0.0000000 3.4862884 2.4286002 
n277_412   3.4744009 0.3920094 3.4837973 5.1466068 2.4034824 3.2946874 2.7392341 2.7984022 1.6064063 3.9002458 3.4954792 9.0000000 2.9343592 4.5289739 2.4631084 4.3431216 2.2138473 2.2995843 7.4858416 4.9336334 1.5453213 0.4177369 0.4161192 2.3223766 1.9040988 2.6042097 2.7235589 4.9772024 4.1669426 9.0000000 0.1496745 9.0000000 2.5434801 5.2632813 0.4281862 9.0000000 3.7100905 1.6803449 9.0000000 0.4287602 3.6664786 2.9907342 9.0000000 5.3242253 2.3893317 2.2566157 3.4862884 0.0000000 2.6765729 
n293_444   2.8708508 2.1559908 2.1487403 2.6055274 3.7022170 2.1768603 0.0519700 2.2485767 1.9417372 2.0713964 2.1857672 2.5353429 0.4098564 2.2060980 0.1207602 4.0926451 0.1244994 0.4046358 2.5352457 3.5627602 1.8930084 2.0924890 2.5211661 0.3851441 2.6613630 3.0901511 0.5852730 2.3163018 2.0222368 4.7588094 2.2630998 2.5170828 0.3970873 2.3911473 2.6583272 2.1669603 2.3876295 2.8519023 2.1945464 2.8735804 2.1270096 0.8289915 2.0659619 2.1951954 0.3971494 0.1245233 2.4286002 2.6765729 0.0000000 
