27
n292_295   0.0000000 0.0100782 0.2640364 0.2295986 0.2655636 0.2490755 0.2338797 0.0134704 0.2692185 0.2452722 0.2640580 0.0704945 0.0033436 0.3553251 0.2542657 0.2498879 0.2735854 0.3477299 0.0272517 0.2741201 0.2792034 0.2390729 0.2485728 0.4230232 0.0670356 0.2743861 0.0237930 
n300_303   0.0100782 0.0000000 0.2592335 0.2250227 0.2607280 0.2443721 0.2292843 0.0168861 0.2643791 0.2405772 0.2592548 0.0742450 0.0067062 0.3499180 0.2495240 0.2357174 0.2687264 0.3423965 0.0307472 0.2692499 0.2742994 0.2344384 0.2438793 0.4052198 0.0633644 0.2695105 0.0272706 
n293_296   0.2640364 0.2592335 0.0000000 0.1010491 0.0379219 0.2589174 0.2487629 0.2590220 0.0067170 0.0238317 0.0033481 0.2587530 0.2593001 0.3110395 0.0892252 0.0272851 0.0100816 0.3044224 0.2589505 0.0484146 0.0592646 0.2487605 0.2690913 0.3280499 0.2497283 0.0101054 0.2591070 
n200_201   0.2295986 0.2250227 0.1010491 0.0000000 0.0976381 0.2247026 0.2105133 0.2248414 0.1010999 0.0820702 0.0971552 0.2196988 0.2250792 0.3100377 0.1009476 0.0858039 0.1047877 0.2930994 0.2247758 0.1088573 0.1128217 0.2150930 0.2296156 0.3392995 0.2159597 0.1050568 0.2249108 
n289_292   0.2655636 0.2607280 0.0379219 0.0976381 0.0000000 0.2554123 0.2452676 0.2555150 0.0379407 0.0135763 0.0343806 0.2602421 0.2607954 0.3180056 0.0820081 0.0170005 0.0414165 0.3112747 0.2604421 0.0379175 0.0486462 0.2452653 0.2655777 0.3243909 0.2511588 0.0379909 0.2606003 
n286_289   0.2490755 0.2443721 0.2589174 0.2247026 0.2554123 0.0000000 0.1081307 0.2441737 0.2540746 0.2354504 0.2539769 0.2341861 0.2444342 0.3542764 0.2636361 0.2400043 0.2633709 0.3467093 0.2441047 0.2487464 0.2486160 0.0134132 0.1164239 0.3909167 0.2209739 0.2591172 0.2442519 
n266_267   0.2338797 0.2292843 0.2487629 0.2105133 0.2452676 0.1081307 0.0000000 0.2338800 0.2392977 0.2256356 0.2439016 0.2148591 0.2293419 0.3546490 0.2486513 0.2301274 0.2531618 0.3470733 0.2338128 0.2387635 0.2341955 0.1002076 0.0168244 0.3856213 0.2019818 0.2442223 0.2339533 
n280_281   0.0134704 0.0168861 0.2590220 0.2248414 0.2555150 0.2441737 0.2338800 0.0000000 0.2641629 0.2403815 0.2590432 0.0630923 0.0100837 0.3497629 0.2491627 0.2449677 0.2685068 0.3422453 0.0203304 0.2690295 0.2740745 0.2342489 0.2485741 0.4045354 0.0596463 0.2692897 0.0169052 
n298_301   0.2692185 0.2643791 0.0067170 0.1010999 0.0379407 0.2540746 0.2392977 0.2641629 0.0000000 0.0238433 0.0033497 0.2638875 0.2644473 0.3167763 0.0892698 0.0272984 0.0100865 0.3100815 0.2640906 0.0484385 0.0592940 0.2439926 0.2593360 0.3289093 0.2548028 0.0033533 0.2642504 
n290_293   0.2452722 0.2405772 0.0238317 0.0820702 0.0135763 0.2354504 0.2256356 0.2403815 0.0238433 0.0000000 0.0203727 0.2401342 0.2406384 0.2960178 0.0705876 0.0033587 0.0272669 0.2895720 0.2403129 0.0238291 0.0343109 0.2256339 0.2452880 0.3128484 0.2312818 0.0273332 0.2404582 
n275_276   0.2640580 0.2592548 0.0033481 0.0971552 0.0343806 0.2539769 0.2439016 0.2590432 0.0033497 0.0203727 0.0000000 0.2587741 0.2593214 0.3112165 0.0854092 0.0238106 0.0067034 0.3045944 0.2589717 0.0448322 0.0556235 0.2438993 0.2640722 0.3282366 0.2497488 0.0067193 0.2591282 
n278_279   0.0704945 0.0742450 0.2587530 0.2196988 0.2602421 0.2341861 0.2148591 0.0630923 0.2638875 0.2401342 0.2587741 0.0000000 0.0668338 0.3377933 0.2537390 0.2447151 0.2682266 0.3304572 0.0630434 0.2687481 0.2737870 0.2342528 0.2291072 0.3976501 0.0307517 0.2690078 0.0594040 
n299_302   0.0033436 0.0067062 0.2593001 0.2250792 0.2607954 0.2444342 0.2293419 0.0100837 0.2644473 0.2406384 0.2593214 0.0668338 0.0000000 0.3499765 0.2495878 0.2452298 0.2687958 0.3424535 0.0237993 0.2693195 0.2743706 0.2344975 0.2439412 0.4172163 0.0633788 0.2695803 0.0203548 
n251_252   0.3553251 0.3499180 0.3110395 0.3100377 0.3180056 0.3542764 0.3546490 0.3497629 0.3167763 0.2960178 0.3112165 0.3377933 0.3499765 0.0000000 0.3378322 0.2958761 0.3213689 0.0446302 0.3496809 0.3213797 0.3268258 0.3425129 0.3786520 0.2816943 0.3280596 0.3223447 0.3498944 
n236_237   0.2542657 0.2495240 0.0892252 0.1009476 0.0820081 0.2636361 0.2486513 0.2491627 0.0892698 0.0705876 0.0854092 0.2537390 0.2495878 0.3378322 0.0000000 0.0742581 0.0929076 0.3308804 0.2590002 0.0968819 0.0930977 0.2584641 0.2689707 0.3387050 0.2447685 0.0931434 0.2591568 
n287_290   0.2498879 0.2357174 0.0272851 0.0858039 0.0170005 0.2400043 0.2301274 0.2449677 0.0272984 0.0033587 0.0238106 0.2447151 0.2452298 0.2958761 0.0742581 0.0000000 0.0307304 0.2894342 0.2448983 0.0272821 0.0378104 0.2301256 0.2499034 0.3074927 0.2358218 0.0308051 0.2450464 
n294_297   0.2735854 0.2687264 0.0100816 0.1047877 0.0414165 0.2633709 0.2531618 0.2685068 0.0100865 0.0272669 0.0067034 0.2682266 0.2687958 0.3213689 0.0929076 0.0307304 0.0000000 0.3146292 0.2684340 0.0519317 0.0628241 0.2531592 0.2735986 0.3385139 0.2591124 0.0134886 0.2685962 
n255_256   0.3477299 0.3423965 0.3044224 0.2930994 0.3112747 0.3467093 0.3470733 0.3422453 0.3100815 0.2895720 0.3045944 0.3304572 0.3424535 0.0446302 0.3308804 0.2894342 0.3146292 0.0000000 0.3421642 0.3201846 0.3256070 0.3351220 0.3707130 0.2705205 0.3208408 0.3155768 0.3423723 
n274_283   0.0272517 0.0307472 0.2589505 0.2247758 0.2604421 0.2441047 0.2338128 0.0203304 0.2640906 0.2403129 0.2589717 0.0630434 0.0237993 0.3496809 0.2590002 0.2448983 0.2684340 0.3421642 0.0000000 0.2689565 0.2740008 0.2341816 0.2485044 0.4106286 0.0595999 0.2692166 0.0100850 
n296_299   0.2741201 0.2692499 0.0484146 0.1088573 0.0379175 0.2487464 0.2387635 0.2690295 0.0484385 0.0238291 0.0448322 0.2687481 0.2693195 0.3213797 0.0968819 0.0272821 0.0519317 0.3201846 0.2689565 0.0000000 0.0100731 0.2387614 0.2587499 0.3269569 0.2596138 0.0520598 0.2691193 
n295_298   0.2792034 0.2742994 0.0592646 0.1128217 0.0486462 0.2486160 0.2341955 0.2740745 0.0592940 0.0343109 0.0556235 0.2737870 0.2743706 0.3268258 0.0930977 0.0378104 0.0628241 0.3256070 0.2740008 0.0100731 0.0000000 0.2386364 0.2540517 0.3323836 0.2645977 0.0629796 0.2741667 
n285_288   0.2390729 0.2344384 0.2487605 0.2150930 0.2452653 0.0134132 0.1002076 0.2342489 0.2439926 0.2256339 0.2438993 0.2342528 0.2344975 0.3425129 0.2584641 0.2301256 0.2531592 0.3351220 0.2341816 0.2387614 0.2386364 0.0000000 0.1121998 0.3785788 0.2210381 0.2489513 0.2343225 
n265_266   0.2485728 0.2438793 0.2690913 0.2296156 0.2655777 0.1164239 0.0168244 0.2485741 0.2593360 0.2452880 0.2640722 0.2291072 0.2439412 0.3786520 0.2689707 0.2499034 0.2735986 0.3707130 0.2485044 0.2587499 0.2540517 0.1121998 0.0000000 0.3928435 0.2159907 0.2644254 0.2486542 
n244_245   0.4230232 0.4052198 0.3280499 0.3392995 0.3243909 0.3909167 0.3856213 0.4045354 0.3289093 0.3128484 0.3282366 0.3976501 0.4172163 0.2816943 0.3387050 0.3074927 0.3385139 0.2705205 0.4106286 0.3269569 0.3323836 0.3785788 0.3928435 0.0000000 0.3753219 0.3345301 0.4053803 
n277_278   0.0670356 0.0633644 0.2497283 0.2159597 0.2511588 0.2209739 0.2019818 0.0596463 0.2548028 0.2312818 0.2497488 0.0307517 0.0633788 0.3280596 0.2447685 0.2358218 0.2591124 0.3208408 0.0595999 0.2596138 0.2645977 0.2210381 0.2159907 0.3753219 0.0000000 0.2598638 0.0559653 
n297_300   0.2743861 0.2695105 0.0101054 0.1050568 0.0379909 0.2591172 0.2442223 0.2692897 0.0033533 0.0273332 0.0067193 0.2690078 0.2695803 0.3223447 0.0931434 0.0308051 0.0134886 0.3155768 0.2692166 0.0520598 0.0629796 0.2489513 0.2644254 0.3345301 0.2598638 0.0000000 0.2693797 
n274_282   0.0237930 0.0272706 0.2591070 0.2249108 0.2606003 0.2442519 0.2339533 0.0169052 0.2642504 0.2404582 0.2591282 0.0594040 0.0203548 0.3498944 0.2591568 0.2450464 0.2685962 0.3423723 0.0100850 0.2691193 0.2741667 0.2343225 0.2486542 0.4053803 0.0559653 0.2693797 0.0000000 
