26
n289_290   0.0000000 0.0591240 0.0134284 0.2938004 0.2991531 0.0447234 0.0033307 0.2995122 0.3778539 0.0482574 0.2998403 0.0168269 0.3092259 0.4064741 0.3039696 0.0100561 0.1451242 0.3090953 0.0447016 0.0967804 0.3046520 0.2836138 0.0411243 0.3784546 0.3044978 0.2783851 
n294_295   0.0591240 0.0000000 0.0591082 0.2942347 0.3054017 0.0271763 0.0554943 0.3057718 0.4144039 0.0100434 0.3002869 0.0627487 0.3155877 0.4322529 0.3099454 0.0555413 0.1538503 0.3151239 0.0271630 0.1008360 0.3109712 0.2840294 0.0236892 0.4151043 0.3108125 0.2787909 
n295_296   0.0134284 0.0591082 0.0000000 0.2886739 0.2990194 0.0447118 0.0100453 0.2993781 0.3776555 0.0482448 0.2946560 0.0033310 0.3090850 0.3939972 0.3038325 0.0100536 0.1493348 0.3089545 0.0446899 0.0967520 0.3045142 0.2736293 0.0411137 0.3782554 0.3043601 0.2684802 
n266_267   0.2938004 0.2942347 0.2886739 0.0000000 0.2857360 0.2740103 0.2886182 0.2860781 0.4051850 0.2786122 0.0414466 0.2938146 0.3007910 0.4036371 0.2851708 0.2889159 0.2600803 0.2901884 0.2788715 0.2589284 0.2966218 0.1255831 0.2735694 0.4238010 0.2910038 0.1255088 
n299_300   0.2991531 0.3054017 0.2990194 0.2857360 0.0000000 0.3003839 0.2939246 0.0033476 0.3988793 0.2894807 0.2915843 0.3042414 0.0100748 0.3792651 0.0342674 0.2888552 0.2805918 0.0377778 0.3054346 0.3111780 0.0100989 0.2760406 0.2998884 0.4054310 0.0033468 0.2708763 
n298_299   0.0447234 0.0271763 0.0447118 0.2740103 0.3003839 0.0000000 0.0411725 0.3007470 0.3842668 0.0168389 0.2798420 0.0482747 0.3105093 0.4137488 0.3049083 0.0412070 0.1413668 0.3100541 0.0134396 0.0816706 0.3059140 0.2640873 0.0100469 0.3848849 0.3057584 0.2590072 
n290_291   0.0033307 0.0554943 0.0100453 0.2886182 0.2939246 0.0411725 0.0000000 0.2942762 0.3719716 0.0446898 0.2945989 0.0134267 0.3039258 0.4003499 0.2987098 0.0066868 0.1409754 0.3037971 0.0411524 0.0929293 0.2993781 0.2785080 0.0375968 0.3725571 0.2992271 0.2733220 
n274_275   0.2995122 0.3057718 0.2993781 0.2860781 0.0033476 0.3007470 0.2942762 0.0000000 0.3929626 0.2898269 0.2919353 0.3046076 0.0134757 0.3797465 0.0307687 0.2891997 0.2809275 0.0342630 0.3058049 0.3115558 0.0067174 0.2763696 0.3002492 0.3994527 0.0067147 0.2711990 
n251_252   0.3778539 0.4144039 0.3776555 0.4051850 0.3988793 0.3842668 0.3719716 0.3929626 0.0000000 0.3957734 0.3990147 0.3835268 0.4164419 0.3172824 0.4045731 0.3723841 0.4101062 0.4105183 0.3899232 0.3802134 0.3929963 0.4240417 0.3722705 0.0379512 0.4051111 0.4174645 
n293_294   0.0482574 0.0100434 0.0482448 0.2786122 0.2894807 0.0168389 0.0446898 0.2898269 0.3957734 0.0000000 0.2844869 0.0518241 0.2994479 0.4257254 0.2939511 0.0447274 0.1411915 0.2990127 0.0168306 0.0891926 0.2949101 0.2686366 0.0134206 0.3964218 0.2947614 0.2635264 
n265_266   0.2998403 0.3002869 0.2946560 0.0414466 0.2915843 0.2798420 0.2945989 0.2919353 0.3990147 0.2844869 0.0000000 0.2998548 0.3067907 0.4103991 0.2960871 0.2949049 0.2605593 0.3011901 0.2847537 0.2696897 0.3025942 0.1174970 0.2793884 0.4241372 0.2969092 0.1174287 
n296_297   0.0168269 0.0627487 0.0033310 0.2938146 0.3042414 0.0482747 0.0134267 0.3046076 0.3835268 0.0518241 0.2998548 0.0000000 0.3143779 0.3999997 0.3090855 0.0134377 0.1535161 0.3142455 0.0482511 0.1006111 0.3097814 0.2786608 0.0446535 0.3841420 0.3096240 0.2734704 
n300_301   0.3092259 0.3155877 0.3090850 0.3007910 0.0100748 0.3105093 0.3039258 0.0134757 0.4164419 0.2994479 0.3067907 0.3143779 0.0000000 0.3848084 0.0448426 0.2987914 0.2904679 0.0484015 0.3156234 0.3267360 0.0203278 0.2858915 0.3099932 0.4231698 0.0134725 0.2806542 
n244_245   0.4064741 0.4322529 0.3939972 0.4036371 0.3792651 0.4137488 0.4003499 0.3797465 0.3172824 0.4257254 0.4103991 0.3999997 0.3848084 0.0000000 0.4090762 0.4008039 0.3900360 0.4150482 0.4131304 0.3961389 0.3797785 0.4102147 0.4012354 0.3230037 0.3853116 0.3852330 
n278_279   0.3039696 0.3099454 0.3038325 0.2851708 0.0342674 0.3049083 0.2987098 0.0307687 0.4045731 0.2939511 0.2960871 0.3090855 0.0448426 0.4090762 0.0000000 0.2936121 0.2850487 0.0100820 0.3099795 0.3157526 0.0378246 0.2804719 0.3044044 0.4111808 0.0378089 0.2752839 
n287_288   0.0100561 0.0555413 0.0100536 0.2889159 0.2888552 0.0412070 0.0066868 0.2891997 0.3723841 0.0447274 0.2949049 0.0134377 0.2987914 0.4008039 0.2936121 0.0000000 0.1453395 0.2986645 0.0411869 0.0930109 0.2942670 0.2787929 0.0376283 0.3729711 0.2941191 0.2736003 
n200_201   0.1451242 0.1538503 0.1493348 0.2600803 0.2805918 0.1413668 0.1409754 0.2809275 0.4101062 0.1411915 0.2605593 0.1535161 0.2904679 0.3900360 0.2850487 0.1453395 0.0000000 0.2900612 0.1454258 0.1290675 0.2809819 0.2556608 0.1411628 0.4108013 0.2858182 0.2408646 
n277_278   0.3090953 0.3151239 0.3089545 0.2901884 0.0377778 0.3100541 0.3037971 0.0342630 0.4105183 0.2990127 0.3011901 0.3142455 0.0484015 0.4150482 0.0100820 0.2986645 0.2900612 0.0000000 0.3151594 0.3209789 0.0413552 0.2854629 0.3095396 0.4171884 0.0413380 0.2802362 
n297_298   0.0447016 0.0271630 0.0446899 0.2788715 0.3054346 0.0134396 0.0411524 0.3058049 0.3899232 0.0168306 0.2847537 0.0482511 0.3156234 0.4131304 0.3099795 0.0411869 0.1454258 0.3151594 0.0000000 0.0854059 0.3110057 0.2636785 0.0100420 0.3905560 0.3108469 0.2586078 
n236_237   0.0967804 0.1008360 0.0967520 0.2589284 0.3111780 0.0816706 0.0929293 0.3115558 0.3802134 0.0891926 0.2696897 0.1006111 0.3267360 0.3961389 0.3157526 0.0930109 0.1290675 0.3209789 0.0854059 0.0000000 0.3168028 0.2548011 0.0815584 0.3860411 0.3166403 0.2497849 
n280_281   0.3046520 0.3109712 0.3045142 0.2966218 0.0100989 0.3059140 0.2993781 0.0067174 0.3929963 0.2949101 0.3025942 0.3097814 0.0203278 0.3797785 0.0378246 0.2942670 0.2809819 0.0413552 0.3110057 0.3168028 0.0000000 0.2867788 0.3054056 0.3994873 0.0135049 0.2815222 
n285_286   0.2836138 0.2840294 0.2736293 0.1255831 0.2760406 0.2640873 0.2785080 0.2763696 0.4240417 0.2686366 0.1174970 0.2786608 0.2858915 0.4102147 0.2804719 0.2787929 0.2556608 0.2854629 0.2636785 0.2548011 0.2867788 0.0000000 0.2636659 0.4438998 0.2812415 0.0169714 
n275_276   0.0411243 0.0236892 0.0411137 0.2735694 0.2998884 0.0100469 0.0375968 0.3002492 0.3722705 0.0134206 0.2793884 0.0446535 0.3099932 0.4012354 0.3044044 0.0376283 0.1411628 0.3095396 0.0100420 0.0815584 0.3054056 0.2636659 0.0000000 0.3728572 0.3052505 0.2585959 
n255_256   0.3784546 0.4151043 0.3782554 0.4238010 0.4054310 0.3848849 0.3725571 0.3994527 0.0379512 0.3964218 0.4241372 0.3841420 0.4231698 0.3230037 0.4111808 0.3729711 0.4108013 0.4171884 0.3905560 0.3860411 0.3994873 0.4438998 0.3728572 0.0000000 0.4117297 0.4371054 
n292_293   0.3044978 0.3108125 0.3043601 0.2910038 0.0033468 0.3057584 0.2992271 0.0067147 0.4051111 0.2947614 0.2969092 0.3096240 0.0134725 0.3853116 0.0378089 0.2941191 0.2858182 0.0413380 0.3108469 0.3166403 0.0135049 0.2812415 0.3052505 0.4117297 0.0000000 0.2760356 
n286_287   0.2783851 0.2787909 0.2684802 0.1255088 0.2708763 0.2590072 0.2733220 0.2711990 0.4174645 0.2635264 0.1174287 0.2734704 0.2806542 0.3852330 0.2752839 0.2736003 0.2408646 0.2802362 0.2586078 0.2497849 0.2815222 0.0169714 0.2585959 0.4371054 0.2760356 0.0000000 
