23
n200_201   0.0000000 0.3972632 0.3374203 0.1366649 0.3266128 0.3563451 0.3509196 0.3623612 0.1247794 0.1247812 0.1168041 0.3674856 0.3617800 0.1166711 0.1286776 0.1328130 0.3509655 0.3454560 0.1448380 0.1207601 0.3737324 0.3317976 0.3319372 
n251_252   0.3972632 0.0000000 0.4131963 0.3781151 0.4136252 0.4274755 0.4214244 0.4335154 0.3736297 0.3736233 0.3734582 0.4521314 0.4327642 0.3668022 0.3671781 0.3619767 0.4209995 0.4148340 0.3901812 0.3678849 0.2621619 0.4194722 0.4244718 
n266_265   0.3374203 0.4131963 0.0000000 0.3155145 0.1319742 0.3219844 0.3061039 0.3167624 0.3210970 0.3210941 0.3106671 0.3324713 0.3162813 0.3051865 0.3156684 0.3159338 0.3062073 0.3009863 0.3421385 0.3158010 0.3820004 0.1319757 0.0271617 
n293_292   0.1366649 0.3781151 0.3155145 0.0000000 0.3054781 0.3599996 0.3432065 0.3654635 0.0377169 0.0377177 0.0307092 0.3766911 0.3427131 0.0202901 0.0067008 0.0168774 0.3540794 0.3485764 0.0967452 0.0341991 0.3830050 0.3053593 0.3106036 
n285_284   0.3266128 0.4136252 0.1319742 0.3054781 0.0000000 0.3496066 0.3330782 0.3441839 0.3110106 0.3110083 0.3007128 0.3660884 0.3436445 0.3053607 0.3056254 0.3161178 0.3279480 0.3277632 0.3428968 0.3057835 0.3718573 0.0134238 0.1400939 
n278_277   0.3563451 0.4274755 0.3219844 0.3599996 0.3496066 0.0000000 0.0519470 0.0519458 0.3442885 0.3502137 0.3500620 0.0168493 0.0518880 0.3436507 0.3602233 0.3491156 0.0483308 0.0447517 0.3603485 0.3446711 0.3901556 0.3332317 0.3549782 
n274_273   0.3509196 0.4214244 0.3061039 0.3432065 0.3330782 0.0519470 0.0000000 0.0237706 0.3221849 0.3331645 0.3225219 0.0627996 0.0237449 0.3220045 0.3327790 0.3220856 0.0203127 0.0134769 0.3379065 0.3277599 0.3788379 0.3119177 0.3383303 
n299_298   0.3623612 0.4335154 0.3167624 0.3654635 0.3441839 0.0519458 0.0237706 0.0000000 0.3442626 0.3556197 0.3446298 0.0627983 0.0134601 0.3436136 0.3547296 0.3437017 0.0100754 0.0100721 0.3604775 0.3500352 0.3907496 0.3279241 0.3495188 
n287_286   0.1247794 0.3736297 0.3210970 0.0377169 0.3110106 0.3442885 0.3221849 0.3442626 0.0000000 0.0067145 0.0067122 0.3717161 0.3221456 0.0237788 0.0307320 0.0342523 0.3331941 0.3278355 0.0817139 0.0033487 0.3785831 0.3160909 0.3161479 
n289_288   0.1247812 0.3736233 0.3210941 0.0377177 0.3110083 0.3502137 0.3331645 0.3556197 0.0067145 0.0000000 0.0067124 0.3778902 0.3331228 0.0237794 0.0307327 0.0342531 0.3443617 0.3389158 0.0778766 0.0033488 0.3785763 0.3160883 0.3161453 
n296_295   0.1168041 0.3734582 0.3106671 0.0307092 0.3007128 0.3500620 0.3225219 0.3446298 0.0067122 0.0067124 0.0000000 0.3665732 0.3224824 0.0169036 0.0237873 0.0272689 0.3335460 0.3281802 0.0779449 0.0033477 0.3672324 0.3057240 0.3057799 
n277_276   0.3674856 0.4521314 0.3324713 0.3766911 0.3660884 0.0168493 0.0627996 0.0627983 0.3717161 0.3778902 0.3665732 0.0000000 0.0627265 0.3599832 0.3769293 0.3655700 0.0591206 0.0554840 0.3770574 0.3721359 0.4018139 0.3493512 0.3659511 
n300_299   0.3617800 0.4327642 0.3162813 0.3427131 0.3436445 0.0518880 0.0237449 0.0134601 0.3221456 0.3331228 0.3224824 0.0627265 0.0000000 0.3215493 0.3323042 0.3216302 0.0100647 0.0100614 0.3378638 0.3277194 0.3901037 0.3274193 0.3489680 
n298_297   0.1166711 0.3668022 0.3051865 0.0202901 0.3053607 0.3436507 0.3220045 0.3436136 0.0237788 0.0237794 0.0169036 0.3599832 0.3215493 0.0000000 0.0134722 0.0168913 0.3325716 0.3272255 0.0815931 0.0203297 0.3666194 0.3052420 0.3003358 
n294_293   0.1286776 0.3671781 0.3156684 0.0067008 0.3056254 0.3602233 0.3327790 0.3547296 0.0307320 0.0307327 0.0237873 0.3769293 0.3323042 0.0134722 0.0000000 0.0100857 0.3435075 0.3380786 0.0891831 0.0272470 0.3720213 0.3055065 0.3107542 
n275_274   0.1328130 0.3619767 0.3159338 0.0168774 0.3161178 0.3491156 0.3220856 0.3437017 0.0342523 0.0342531 0.0272689 0.3655700 0.3216302 0.0168913 0.0100857 0.0000000 0.3326561 0.3273082 0.0930575 0.0307473 0.3723521 0.3159942 0.3110146 
n292_291   0.3509655 0.4209995 0.3062073 0.3540794 0.3279480 0.0483308 0.0203127 0.0100754 0.3331941 0.3443617 0.3335460 0.0591206 0.0100647 0.3325716 0.3435075 0.3326561 0.0000000 0.0066946 0.3492403 0.3388674 0.3789775 0.3120481 0.3384490 
n280_279   0.3454560 0.4148340 0.3009863 0.3485764 0.3277632 0.0447517 0.0134769 0.0100721 0.3278355 0.3389158 0.3281802 0.0554840 0.0100614 0.3272255 0.3380786 0.3273082 0.0066946 0.0000000 0.3436895 0.3334631 0.3731690 0.3118748 0.3329791 
n236_237   0.1448380 0.3901812 0.3421385 0.0967452 0.3428968 0.3603485 0.3379065 0.3604775 0.0817139 0.0778766 0.0779449 0.3770574 0.3378638 0.0815931 0.0891831 0.0930575 0.3492403 0.3436895 0.0000000 0.0816849 0.3948648 0.3481960 0.3477990 
n290_289   0.1207601 0.3678849 0.3158010 0.0341991 0.3057835 0.3446711 0.3277599 0.3500352 0.0033487 0.0033488 0.0033477 0.3721359 0.3277194 0.0203297 0.0272470 0.0307473 0.3388674 0.3334631 0.0816849 0.0000000 0.3728083 0.3108278 0.3108842 
n244_245   0.3737324 0.2621619 0.3820004 0.3830050 0.3718573 0.3901556 0.3788379 0.3907496 0.3785831 0.3785763 0.3672324 0.4018139 0.3901037 0.3666194 0.3720213 0.3723521 0.3789775 0.3731690 0.3948648 0.3728083 0.0000000 0.3773786 0.3760471 
n286_285   0.3317976 0.4194722 0.1319757 0.3053593 0.0134238 0.3332317 0.3119177 0.3279241 0.3160909 0.3160883 0.3057240 0.3493512 0.3274193 0.3052420 0.3055065 0.3159942 0.3120481 0.3118748 0.3481960 0.3108278 0.3773786 0.0000000 0.1400957 
n265_264   0.3319372 0.4244718 0.0271617 0.3106036 0.1400939 0.3549782 0.3383303 0.3495188 0.3161479 0.3161453 0.3057799 0.3659511 0.3489680 0.3003358 0.3107542 0.3110146 0.3384490 0.3329791 0.3477990 0.3108842 0.3760471 0.1400957 0.0000000 
