26
n277_278   0.0000000 1.5172518 1.9311834 1.7644021 1.9956623 0.4532732 3.0226006 1.7641990 0.1221297 0.4045345 2.0082786 1.9020213 1.8334494 2.0491957 1.9381166 0.4699820 0.4184274 1.9864216 1.8497884 8.9999988 1.5798922 1.4913503 1.8390221 3.5054278 2.0678055 0.4439165 
n286_287   1.5172518 0.0000000 1.8332883 0.0740201 2.0846093 1.4678049 3.2689590 1.8282822 1.5433961 1.4467967 1.6265107 1.7942606 2.1783359 1.8658106 2.3201550 1.4936301 1.5558609 1.8595619 2.2113239 2.9783586 0.7806557 0.8793330 1.9023294 2.4715704 1.8162875 1.4518101 
n296_297   1.9311834 1.8332883 0.0000000 2.2356937 0.1893920 1.6707199 2.9717544 0.3716272 2.2513818 1.8172207 0.5909423 0.3776187 0.2027789 0.4002122 1.1370663 1.8205520 1.7809325 0.0378229 0.1804200 8.9999988 1.6067519 1.7885188 0.3606123 2.3469887 0.3943468 1.8567169 
n285_286   1.7644021 0.0740201 2.2356937 0.0000000 2.4060306 1.5526518 3.0311471 1.9807035 1.7177090 1.5156741 1.7377717 1.9666109 2.5288705 2.0445389 2.4974727 1.6042749 1.6560862 2.2671737 2.5701047 2.6581647 0.7994623 0.8575196 2.0963051 2.3737206 1.9831978 1.5209760 
n289_290   1.9956623 2.0846093 0.1893920 2.4060306 0.0000000 1.9710056 3.1493676 0.3510377 2.4443957 2.0028430 0.5705541 0.3510009 0.0489276 0.3387854 0.9971861 1.9231677 1.9662252 0.1856427 0.0526467 9.0000000 2.0964078 2.1477832 0.3637550 2.5107318 0.3442069 2.1362346 
n274_275   0.4532732 1.4678049 1.6707199 1.5526518 1.9710056 0.0000000 2.8411148 1.7132595 0.4337527 0.1164743 1.8808391 1.9573814 1.8483361 1.9220546 2.0631101 0.1578102 0.1245786 1.7289674 1.9383140 4.3815312 1.7751821 1.7576028 1.9859459 2.7010634 1.8338960 0.1247833 
n255_256   3.0226006 3.2689590 2.9717544 3.0311471 3.1493676 2.8411148 0.0000000 3.3629644 3.4858788 3.0332707 2.8197816 4.0053599 2.9278580 3.8219608 3.5367891 3.0315437 2.7194992 3.4708323 2.8064415 1.9778495 2.3716280 2.3361067 3.6990900 0.2811167 3.1837989 2.7997125 
n275_276   1.7641990 1.8282822 0.3716272 1.9807035 0.3510377 1.7132595 3.3629644 0.0000000 2.0121357 1.6704795 0.6647129 0.1297656 0.3564348 0.1808773 1.1685687 1.6287588 1.5604656 0.3604551 0.3507072 9.0000000 1.5545124 1.5212546 0.1427340 2.6961790 0.1811162 1.7344805 
n278_279   0.1221297 1.5433961 2.2513818 1.7177090 2.4443957 0.4337527 3.4858788 2.0121357 0.0000000 0.4152405 2.1516322 2.1241023 2.2033775 2.2705736 2.4496748 0.4671212 0.4362826 2.3307997 2.2246955 8.9999989 1.6148152 1.5183245 2.1270054 3.3657370 2.1144869 0.4489825 
n299_300   0.4045345 1.4467967 1.8172207 1.5156741 2.0028430 0.1164743 3.0332707 1.6704795 0.4152405 0.0000000 2.0383058 1.9742414 1.8775422 1.9705115 1.9618583 0.0483889 0.0814792 1.8660244 1.9301878 4.8612323 1.8048994 1.7586251 2.0423299 2.9951713 1.9927178 0.0203096 
n236_237   2.0082786 1.6265107 0.5909423 1.7377717 0.5705541 1.8808391 2.8197816 0.6647129 2.1516322 2.0383058 0.0000000 0.6788235 0.5533254 0.7074367 1.3228145 2.0578772 2.0317407 0.5841290 0.5468435 3.7897356 1.6985930 1.6719384 0.7295289 2.4222742 0.7025114 2.0821886 
n293_294   1.9020213 1.7942606 0.3776187 1.9666109 0.3510009 1.9573814 4.0053599 0.1297656 2.1241023 1.9742414 0.6788235 0.0000000 0.3509009 0.1416893 1.1487930 2.0211358 1.9222164 0.3788217 0.3452140 8.9999990 1.8213840 1.7382306 0.0525422 2.4236972 0.1418697 2.0911234 
n290_291   1.8334494 2.1783359 0.2027789 2.5288705 0.0489276 1.8483361 2.9278580 0.3564348 2.2033775 1.8775422 0.5533254 0.3509009 0.0000000 0.3496894 0.9564406 1.8783232 1.8440016 0.1989984 0.0488775 9.0000000 2.1168980 2.0546833 0.3575140 2.3180353 0.3551810 1.9955936 
n297_298   2.0491957 1.8658106 0.4002122 2.0445389 0.3387854 1.9220546 3.8219608 0.1808773 2.2705736 1.9705115 0.7074367 0.1416893 0.3496894 0.0000000 1.1202631 1.8384043 1.9499816 0.3837548 0.3384729 9.0000000 1.8761800 1.9146697 0.1547064 2.2890828 0.0238482 2.0736802 
n200_201   1.9381166 2.3201550 1.1370663 2.4974727 0.9971861 2.0631101 3.5367891 1.1685687 2.4496748 1.9618583 1.3228145 1.1487930 0.9564406 1.1202631 0.0000000 1.9463769 2.0737871 1.1242311 0.9096418 8.9999980 2.1946299 2.4332946 1.0962618 3.3339685 1.1533553 2.0067153 
n292_293   0.4699820 1.4936301 1.8205520 1.6042749 1.9231677 0.1578102 3.0315437 1.6287588 0.4671212 0.0483889 2.0578772 2.0211358 1.8783232 1.8384043 1.9463769 0.0000000 0.1205380 1.8688578 1.8407285 4.2377278 1.7888950 1.7378077 2.0906988 2.8772066 1.8590756 0.0630399 
n280_281   0.4184274 1.5558609 1.7809325 1.6560862 1.9662252 0.1245786 2.7194992 1.5604656 0.4362826 0.0814792 2.0317407 1.9222164 1.8440016 1.9499816 2.0737871 0.1205380 0.0000000 1.8321110 1.8650083 4.7786875 1.7195336 1.6896751 1.9576236 2.6816620 1.9267201 0.0969972 
n295_296   1.9864216 1.8595619 0.0378229 2.2671737 0.1856427 1.7289674 3.4708323 0.3604551 2.3307997 1.8660244 0.5841290 0.3788217 0.1989984 0.3837548 1.1242311 1.8688578 1.8321110 0.0000000 0.1766944 8.9999990 1.6725918 1.8984132 0.3617586 2.4725184 0.3780053 1.9076579 
n287_288   1.8497884 2.2113239 0.1804200 2.5701047 0.0526467 1.9383140 2.8064415 0.3507072 2.2246955 1.9301878 0.5468435 0.3452140 0.0488775 0.3384729 0.9096418 1.8407285 1.8650083 0.1766944 0.0000000 9.0000000 1.8634889 1.8855463 0.3578473 2.2570481 0.3438870 2.0524848 
n244_245   8.9999988 2.9783586 8.9999988 2.6581647 9.0000000 4.3815312 1.9778495 9.0000000 8.9999989 4.8612323 3.7897356 8.9999990 9.0000000 9.0000000 8.9999980 4.2377278 4.7786875 8.9999990 9.0000000 0.0000000 3.3039886 2.5006251 4.3837644 1.9201171 9.0000000 6.5840557 
n265_266   1.5798922 0.7806557 1.6067519 0.7994623 2.0964078 1.7751821 2.3716280 1.5545124 1.6148152 1.8048994 1.6985930 1.8213840 2.1168980 1.8761800 2.1946299 1.7888950 1.7195336 1.6725918 1.8634889 3.3039886 0.0000000 0.1638313 1.7952017 2.6086834 1.8111435 1.7740994 
n266_267   1.4913503 0.8793330 1.7885188 0.8575196 2.1477832 1.7576028 2.3361067 1.5212546 1.5183245 1.7586251 1.6719384 1.7382306 2.0546833 1.9146697 2.4332946 1.7378077 1.6896751 1.8984132 1.8855463 2.5006251 0.1638313 0.0000000 1.6910232 2.2680142 1.8141712 1.7296587 
n294_295   1.8390221 1.9023294 0.3606123 2.0963051 0.3637550 1.9859459 3.6990900 0.1427340 2.1270054 2.0423299 0.7295289 0.0525422 0.3575140 0.1547064 1.0962618 2.0906988 1.9576236 0.3617586 0.3578473 4.3837644 1.7952017 1.6910232 0.0000000 2.4511053 0.1549056 2.1523258 
n251_252   3.5054278 2.4715704 2.3469887 2.3737206 2.5107318 2.7010634 0.2811167 2.6961790 3.3657370 2.9951713 2.4222742 2.4236972 2.3180353 2.2890828 3.3339685 2.8772066 2.6816620 2.4725184 2.2570481 1.9201171 2.6086834 2.2680142 2.4511053 0.0000000 2.1291155 3.0061861 
n298_299   2.0678055 1.8162875 0.3943468 1.9831978 0.3442069 1.8338960 3.1837989 0.1811162 2.1144869 1.9927178 0.7025114 0.1418697 0.3551810 0.0238482 1.1533553 1.8590756 1.9267201 0.3780053 0.3438870 9.0000000 1.8111435 1.8141712 0.1549056 2.1291155 0.0000000 2.0969026 
n300_301   0.4439165 1.4518101 1.8567169 1.5209760 2.1362346 0.1247833 2.7997125 1.7344805 0.4489825 0.0203096 2.0821886 2.0911234 1.9955936 2.0736802 2.0067153 0.0630399 0.0969972 1.9076579 2.0524848 6.5840557 1.7740994 1.7296587 2.1523258 3.0061861 2.0969026 0.0000000 
