22
n274_277   0.0000000 0.3099976 0.0134640 0.4350194 0.3078212 0.2886404 0.0100749 0.3053471 0.2983402 0.3042220 0.0448271 0.3037557 0.2946059 0.3040060 0.3937932 0.3258034 0.2934338 0.2988152 0.2993777 0.4205325 0.3093242 0.0628150 
n294_297   0.3099976 0.0000000 0.3101873 0.4238637 0.3448708 0.0483583 0.3051271 0.3460213 0.3294239 0.0100842 0.3055738 0.0555444 0.0100910 0.1476972 0.3959673 0.3634640 0.0519162 0.0519521 0.0134783 0.4160043 0.1198467 0.3255762 
n280_283   0.0134640 0.3101873 0.0000000 0.4353012 0.3080083 0.2786194 0.0100802 0.3107579 0.2985209 0.3044069 0.0448518 0.2935141 0.2947854 0.3041909 0.3827372 0.3313805 0.2833478 0.2886423 0.2995592 0.4208023 0.3095127 0.0628489 
n255_258   0.4350194 0.4238637 0.4353012 0.0000000 0.3295170 0.4166413 0.4293121 0.3966261 0.3290984 0.4169437 0.4231145 0.4284317 0.4173089 0.4187083 0.3294549 0.4218847 0.4108294 0.4226412 0.4228506 0.0478412 0.4173998 0.4529713 
n285_288   0.3078212 0.3448708 0.3080083 0.3295170 0.0000000 0.3133349 0.3029911 0.1678210 0.0100400 0.3387792 0.2939931 0.3288866 0.3342746 0.3185515 0.3885376 0.1851777 0.3082736 0.3237883 0.3392725 0.3180495 0.3231136 0.3044833 
n296_299   0.2886404 0.0483583 0.2786194 0.4166413 0.3133349 0.0000000 0.2839169 0.3344209 0.2985222 0.0447014 0.2843288 0.0202883 0.0447321 0.1235802 0.3837340 0.3410302 0.0033455 0.0168692 0.0482611 0.4088999 0.1039771 0.3045809 
n292_295   0.0100749 0.3051271 0.0100802 0.4293121 0.3029911 0.2839169 0.0000000 0.3056880 0.2935619 0.2993954 0.0413025 0.2989393 0.2898348 0.2991863 0.3883866 0.3261674 0.2886837 0.2940278 0.2945790 0.4149565 0.3044650 0.0592136 
n265_268   0.3053471 0.3460213 0.3107579 0.3966261 0.1678210 0.3344209 0.3056880 0.0000000 0.1554785 0.3399032 0.2867471 0.3504475 0.3353834 0.3461856 0.4187763 0.0413283 0.3292083 0.3451999 0.3403989 0.3777795 0.3558246 0.3110369 
n286_289   0.2983402 0.3294239 0.2985209 0.3290984 0.0100400 0.2985222 0.2935619 0.1554785 0.0000000 0.3234801 0.2795198 0.3137668 0.3190406 0.3036361 0.3721829 0.1725321 0.2935584 0.3087649 0.3239463 0.3128698 0.3081241 0.2897928 
n275_278   0.3042220 0.0100842 0.3044069 0.4169437 0.3387792 0.0447014 0.2993954 0.3399032 0.3234801 0.0000000 0.2998324 0.0518367 0.0066978 0.1433011 0.3893331 0.3571561 0.0482358 0.0482693 0.0100642 0.4091908 0.1156581 0.3251487 
n277_280   0.0448271 0.3055738 0.0448518 0.4231145 0.2939931 0.2843288 0.0413025 0.2867471 0.2795198 0.2998324 0.0000000 0.2993745 0.2902565 0.2899549 0.3771163 0.3067657 0.2891022 0.2944551 0.2950088 0.4036719 0.2997628 0.0237716 
n287_290   0.3037557 0.0555444 0.2935141 0.4284317 0.3288866 0.0202883 0.2989393 0.3504475 0.3137668 0.0518367 0.2993745 0.0000000 0.0518724 0.1392372 0.3950443 0.3474040 0.0237154 0.0033436 0.0554326 0.4205310 0.1117406 0.3200777 
n297_300   0.2946059 0.0100910 0.2947854 0.4173089 0.3342746 0.0447321 0.2898348 0.3353834 0.3190406 0.0066978 0.2902565 0.0518724 0.0000000 0.1392854 0.3838532 0.3525481 0.0482690 0.0483024 0.0033428 0.4095460 0.1157416 0.3152682 
n200_201   0.3040060 0.1476972 0.3041909 0.4187083 0.3185515 0.1235802 0.2991863 0.3461856 0.3036361 0.1433011 0.2899549 0.1392372 0.1392854 0.0000000 0.3788277 0.3529476 0.1274944 0.1352307 0.1432440 0.3993690 0.1597913 0.3149256 
n244_247   0.3937932 0.3959673 0.3827372 0.3294549 0.3885376 0.3837340 0.3883866 0.4187763 0.3721829 0.3893331 0.3771163 0.3950443 0.3838532 0.3788277 0.0000000 0.4438276 0.3781556 0.3894792 0.3783664 0.2984143 0.3832202 0.3879566 
n266_269   0.3258034 0.3634640 0.3313805 0.4218847 0.1851777 0.3410302 0.3261674 0.0413283 0.1725321 0.3571561 0.3067657 0.3474040 0.3525481 0.3529476 0.4438276 0.0000000 0.3357570 0.3421532 0.3576846 0.4132916 0.3676509 0.3316821 
n295_298   0.2934338 0.0519162 0.2833478 0.4108294 0.3082736 0.0033455 0.2886837 0.3292083 0.2935584 0.0482358 0.2891022 0.0237154 0.0482690 0.1274944 0.3781556 0.3357570 0.0000000 0.0202819 0.0518117 0.4031648 0.1077933 0.3094872 
n290_293   0.2988152 0.0519521 0.2886423 0.4226412 0.3237883 0.0168692 0.2940278 0.3451999 0.3087649 0.0482693 0.2944551 0.0033436 0.0483024 0.1352307 0.3894792 0.3421532 0.0202819 0.0000000 0.0518477 0.4148160 0.1078699 0.3150187 
n298_301   0.2993777 0.0134783 0.2995592 0.4228506 0.3392725 0.0482611 0.2945790 0.3403989 0.3239463 0.0100642 0.2950088 0.0554326 0.0033428 0.1432440 0.3783664 0.3576846 0.0518117 0.0518477 0.0000000 0.4150173 0.1195970 0.3201684 
n251_254   0.4205325 0.4160043 0.4208023 0.0478412 0.3180495 0.4088999 0.4149565 0.3777795 0.3128698 0.4091908 0.4036719 0.4205310 0.4095460 0.3993690 0.2984143 0.4132916 0.4031648 0.4148160 0.4150173 0.0000000 0.4096351 0.4326469 
n236_239   0.3093242 0.1198467 0.3095127 0.4173998 0.3231136 0.1039771 0.3044650 0.3558246 0.3081241 0.1156581 0.2997628 0.1117406 0.1157416 0.1597913 0.3832202 0.3676509 0.1077933 0.1078699 0.1195970 0.4096351 0.0000000 0.3202242 
n278_281   0.0628150 0.3255762 0.0628489 0.4529713 0.3044833 0.3045809 0.0592136 0.3110369 0.2897928 0.3251487 0.0237716 0.3200777 0.3152682 0.3149256 0.3879566 0.3316821 0.3094872 0.3150187 0.3201684 0.4326469 0.3202242 0.0000000 
