26
n277_278   0.0000000 1.7368356 2.7107525 1.8549230 2.3652466 0.4934252 2.1266727 2.1553058 0.1129591 0.5708272 2.6864777 2.1302103 2.3589501 2.3048267 2.7631251 0.5526458 0.5696708 2.8557942 2.6071178 2.5042374 1.9238484 1.7041302 2.0528780 2.1315566 2.2135865 0.5560035 
n286_287   1.7368356 0.0000000 2.6297201 0.0778642 2.0406732 1.5474912 2.6018794 3.3023129 1.6058431 1.7180566 3.3861733 2.5610861 2.1750466 2.6635862 2.2694014 1.8535518 1.7441374 2.5664475 2.3820894 4.4445534 1.0181004 0.9777785 2.3325353 3.2931671 3.0308711 1.8560154 
n296_297   2.7107525 2.6297201 0.0000000 2.5942872 0.1503429 2.1923726 2.3940834 0.3404193 2.1824544 2.2022490 0.6767527 0.3394370 0.1462226 0.3396278 1.0985594 2.1560577 2.3218234 0.0413727 0.1589993 3.0821142 2.1506542 2.5860503 0.3285346 2.8629269 0.3748641 2.1114148 
n285_286   1.8549230 0.0778642 2.5942872 0.0000000 2.1592588 1.5794787 3.0214522 3.2755621 1.7358697 1.6849836 3.9899405 2.7110597 2.3102495 2.4316659 2.4252410 1.8900044 1.7766249 2.5279271 2.5635003 9.0000000 1.0285052 0.9361921 2.4350143 3.7766851 2.8873213 1.8178043 
n289_290   2.3652466 2.0406732 0.1503429 2.1592588 0.0000000 1.7533166 2.1816329 0.3400450 1.9890801 1.7323655 0.6282623 0.3013645 0.0169136 0.3281146 1.1107746 1.6657148 1.6436606 0.1586035 0.0521412 3.1145595 2.6046921 2.4201972 0.3117583 2.3534616 0.3453082 1.7697376 
n274_275   0.4934252 1.5474912 2.1923726 1.5794787 1.7533166 0.0000000 2.6766649 1.9565639 0.5073554 0.1539913 2.4721071 1.7753440 1.7490518 1.9915837 1.9536109 0.1409891 0.1453276 2.0145386 1.9553595 2.0643822 2.2005540 2.1834601 1.8147826 2.4625156 2.0871250 0.1540620 
n255_256   2.1266727 2.6018794 2.3940834 3.0214522 2.1816329 2.6766649 0.0000000 2.3227178 1.9854950 2.6525758 3.0450467 2.1825053 2.0443196 2.0211152 2.9354390 2.4417294 2.6149357 2.4627144 2.0884580 2.4556328 3.9726759 2.8011056 2.0338100 0.3158555 2.2672568 2.5834812 
n275_276   2.1553058 3.3023129 0.3404193 3.2755621 0.3400450 1.9565639 2.3227178 0.0000000 2.0334606 1.8598330 0.7145888 0.1170934 0.3180733 0.1091334 1.3860462 2.0207604 1.7923800 0.3571607 0.3465846 2.9126245 2.1578258 2.1341328 0.1051248 2.3680632 0.1171405 1.7912739 
n278_279   0.1129591 1.6058431 2.1824544 1.7358697 1.9890801 0.5073554 1.9854950 2.0334606 0.0000000 0.5558006 2.6835275 1.8650167 1.9849313 2.1203142 2.5475769 0.5018931 0.5175986 2.3368905 2.1093883 2.3472681 1.8101125 1.5865752 1.9428981 2.2602886 2.1296465 0.5550000 
n299_300   0.5708272 1.7180566 2.2022490 1.6849836 1.7323655 0.1539913 2.6525758 1.8598330 0.5558006 0.0000000 2.6773989 1.8697792 1.7584541 2.0107241 2.1496156 0.0630855 0.0970813 2.1200054 1.8986431 2.5402833 2.1508662 1.8386217 1.7586507 2.3581264 2.1134446 0.0271790 
n236_237   2.6864777 3.3861733 0.6767527 3.9899405 0.6282623 2.4721071 3.0450467 0.7145888 2.6835275 2.6773989 0.0000000 0.7237904 0.6367668 0.7130848 1.1152794 3.0385160 2.6413057 0.6757044 0.6361991 2.5131214 3.7932388 3.3301134 0.7132965 2.4616079 0.7057718 2.7936684 
n293_294   2.1302103 2.5610861 0.3394370 2.7110597 0.3013645 1.7753440 2.1825053 0.1170934 1.8650167 1.8697792 0.7237904 0.0000000 0.2856468 0.1250124 1.3822851 1.9781192 1.7058247 0.3561201 0.3127204 3.9166382 2.6078989 2.3876465 0.0594716 2.3264983 0.1332127 1.8710006 
n290_291   2.3589501 2.1750466 0.1462226 2.3102495 0.0169136 1.7490518 2.0443196 0.3180733 1.9849313 1.7584541 0.6367668 0.2856468 0.0000000 0.3065555 1.0812396 1.6900242 1.6674984 0.1544418 0.0485594 3.2434757 2.4027315 2.4102531 0.2906952 2.2895605 0.3394168 1.7340298 
n297_298   2.3048267 2.6635862 0.3396278 2.4316659 0.3281146 1.9915837 2.0211152 0.1091334 2.1203142 2.0107241 0.7130848 0.1250124 0.3065555 0.0000000 1.4387606 2.1337774 1.9634894 0.3278503 0.3344008 3.8804716 2.0847876 2.1700820 0.1168973 2.1532678 0.0485169 1.9800095 
n200_201   2.7631251 2.2694014 1.0985594 2.4252410 1.1107746 1.9536109 2.9354390 1.3860462 2.5475769 2.1496156 1.1152794 1.3822851 1.0812396 1.4387606 0.0000000 2.0962280 2.1706398 1.0682082 1.1401133 3.8822455 2.2638119 2.6851284 1.4214359 2.6392200 1.4674336 2.0576866 
n292_293   0.5526458 1.8535518 2.1560577 1.8900044 1.6657148 0.1409891 2.4417294 2.0207604 0.5018931 0.0630855 3.0385160 1.9781192 1.6900242 2.1337774 2.0962280 0.0000000 0.0852901 1.9837816 1.7207721 2.3348961 2.2356556 1.9096277 1.9402305 2.2819091 2.3715953 0.0816757 
n280_281   0.5696708 1.7441374 2.3218234 1.7766249 1.6436606 0.1453276 2.6149357 1.7923800 0.5175986 0.0970813 2.6413057 1.7058247 1.6674984 1.9634894 2.1706398 0.0852901 0.0000000 2.1162447 1.7882190 2.2990455 2.2973047 1.9940993 1.7657607 2.2156849 2.0730389 0.1087735 
n295_296   2.8557942 2.5664475 0.0413727 2.5279271 0.1586035 2.0145386 2.4627144 0.3571607 2.3368905 2.1200054 0.6757044 0.3561201 0.1544418 0.3278503 1.0682082 1.9837816 2.1162447 0.0000000 0.1630293 3.0886281 2.1284707 2.3800731 0.3449666 2.7662475 0.3685856 2.0356253 
n287_288   2.6071178 2.3820894 0.1589993 2.5635003 0.0521412 1.9553595 2.0884580 0.3465846 2.1093883 1.8986431 0.6361991 0.3127204 0.0485594 0.3344008 1.1401133 1.7207721 1.7882190 0.1630293 0.0000000 2.7762943 2.4919127 2.5650110 0.3179727 2.1833217 0.3573794 1.8304411 
n244_245   2.5042374 4.4445534 3.0821142 9.0000000 3.1145595 2.0643822 2.4556328 2.9126245 2.3472681 2.5402833 2.5131214 3.9166382 3.2434757 3.8804716 3.8822455 2.3348961 2.2990455 3.0886281 2.7762943 0.0000000 2.5191407 3.1261177 3.7612538 2.6327752 3.9905628 2.4065086 
n265_266   1.9238484 1.0181004 2.1506542 1.0285052 2.6046921 2.2005540 3.9726759 2.1578258 1.8101125 2.1508662 3.7932388 2.6078989 2.4027315 2.0847876 2.2638119 2.2356556 2.2973047 2.1284707 2.4919127 2.5191407 0.0000000 0.2352179 2.4600398 9.0000000 2.3842202 2.1550684 
n266_267   1.7041302 0.9777785 2.5860503 0.9361921 2.4201972 2.1834601 2.8011056 2.1341328 1.5865752 1.8386217 3.3301134 2.3876465 2.4102531 2.1700820 2.6851284 1.9096277 1.9940993 2.3800731 2.5650110 3.1261177 0.2352179 0.0000000 2.3750221 4.6826428 2.3630509 1.9883746 
n294_295   2.0528780 2.3325353 0.3285346 2.4350143 0.3117583 1.8147826 2.0338100 0.1051248 1.9428981 1.7586507 0.7132965 0.0594716 0.2906952 0.1168973 1.4214359 1.9402305 1.7657607 0.3449666 0.3179727 3.7612538 2.4600398 2.3750221 0.0000000 2.1251621 0.1289972 1.7343981 
n251_252   2.1315566 3.2931671 2.8629269 3.7766851 2.3534616 2.4625156 0.3158555 2.3680632 2.2602886 2.3581264 2.4616079 2.3264983 2.2895605 2.1532678 2.6392200 2.2819091 2.2156849 2.7662475 2.1833217 2.6327752 9.0000000 4.6826428 2.1251621 0.0000000 2.2656942 2.2425143 
n298_299   2.2135865 3.0308711 0.3748641 2.8873213 0.3453082 2.0871250 2.2672568 0.1171405 2.1296465 2.1134446 0.7057718 0.1332127 0.3394168 0.0485169 1.4674336 2.3715953 2.0730389 0.3685856 0.3573794 3.9905628 2.3842202 2.3630509 0.1289972 2.2656942 0.0000000 2.1241176 
n300_301   0.5560035 1.8560154 2.1114148 1.8178043 1.7697376 0.1540620 2.5834812 1.7912739 0.5550000 0.0271790 2.7936684 1.8710006 1.7340298 1.9800095 2.0576866 0.0816757 0.1087735 2.0356253 1.8304411 2.4065086 2.1550684 1.9883746 1.7343981 2.2425143 2.1241176 0.0000000 
