23
n298_299   0.0000000 0.2840117 0.1464621 0.3554638 0.0483041 0.3399190 0.2846401 0.0067133 0.0100870 0.0556330 0.0067144 0.3285791 0.0557723 0.4599847 0.2949070 0.0520745 0.0932757 0.4580351 0.3495974 0.3285546 0.2899507 0.4529210 0.3286243 
n280_281   0.2840117 0.0000000 0.2981363 0.2978539 0.2987233 0.3109061 0.0066939 0.2786267 0.2780129 0.3039636 0.2795640 0.0448982 0.3263110 0.4279758 0.0203403 0.2991093 0.2938212 0.4395181 0.2924657 0.3000675 0.0100694 0.4343199 0.0448927 
n200_201   0.1464621 0.2981363 0.0000000 0.3788626 0.1678009 0.3454381 0.2932370 0.1505822 0.1546551 0.1769409 0.1506094 0.3308307 0.1814220 0.4407404 0.3035918 0.1727816 0.1463643 0.4326004 0.3728050 0.3339838 0.2985973 0.4501543 0.3363415 
n286_287   0.3554638 0.2978539 0.3788626 0.0000000 0.3838885 0.2116054 0.3080274 0.3609871 0.3601758 0.3897891 0.3622487 0.3411725 0.4029659 0.4661877 0.3189748 0.3844057 0.3738326 0.4652217 0.0169732 0.2067627 0.3134977 0.4991199 0.3459900 
n287_288   0.0483041 0.2987233 0.1678009 0.3838885 0.0000000 0.3685130 0.2993848 0.0483216 0.0447542 0.0100673 0.0483296 0.3383289 0.0272632 0.4730345 0.3098413 0.0067011 0.1165597 0.4710187 0.3777990 0.3566397 0.3048009 0.4791699 0.3383795 
n266_267   0.3399190 0.3109061 0.3454381 0.2116054 0.3685130 0.0000000 0.3211879 0.3452869 0.3445196 0.3742618 0.3514947 0.3437891 0.3937385 0.4535791 0.3268811 0.3690034 0.3515289 0.4586248 0.2068912 0.0237220 0.3267303 0.4113254 0.3438425 
n292_293   0.2846401 0.0066939 0.2932370 0.3080274 0.2993848 0.3211879 0.0000000 0.2792422 0.2786260 0.3046372 0.2801831 0.0448982 0.3270391 0.4160260 0.0203403 0.2997723 0.2944724 0.4274116 0.3025677 0.3101914 0.0033425 0.4224123 0.0448927 
n293_294   0.0067133 0.2786267 0.1505822 0.3609871 0.0483216 0.3452869 0.2792422 0.0000000 0.0033429 0.0556535 0.0067167 0.3227970 0.0557929 0.4529088 0.2894256 0.0520937 0.0933125 0.4509962 0.3550787 0.3338349 0.2845069 0.4464822 0.3228391 
n275_276   0.0100870 0.2780129 0.1546551 0.3601758 0.0447542 0.3445196 0.2786260 0.0033429 0.0000000 0.0555359 0.0100920 0.3220771 0.0593859 0.4529096 0.2887859 0.0519843 0.0970827 0.4509971 0.3542815 0.3330958 0.2838782 0.4454586 0.3221187 
n289_290   0.0556330 0.3039636 0.1769409 0.3897891 0.0100673 0.3742618 0.3046372 0.0556535 0.0555359 0.0000000 0.0556629 0.3438754 0.0343397 0.4719359 0.3151675 0.0100774 0.1248640 0.4699283 0.3836532 0.3622896 0.3100943 0.4781540 0.3439293 
n297_298   0.0067144 0.2795640 0.1506094 0.3622487 0.0483296 0.3514947 0.2801831 0.0067167 0.0100920 0.0556629 0.0000000 0.3239072 0.0558023 0.4545746 0.2904047 0.0521024 0.0933285 0.4526495 0.3563166 0.3399201 0.2854680 0.4533201 0.3239499 
n278_279   0.3285791 0.0448982 0.3308307 0.3411725 0.3383289 0.3437891 0.0448982 0.3227970 0.3220771 0.3438754 0.3239072 0.0000000 0.3676823 0.4687749 0.0521627 0.3387754 0.3330025 0.4809387 0.3354519 0.3323987 0.0484961 0.4689435 0.0203100 
n295_296   0.0557723 0.3263110 0.1814220 0.4029659 0.0272632 0.3937385 0.3270391 0.0557929 0.0593859 0.0343397 0.0558023 0.3676823 0.0000000 0.4932547 0.3379227 0.0308587 0.1251885 0.4911346 0.3967096 0.3813768 0.3326908 0.5004929 0.3677518 
n251_252   0.4599847 0.4279758 0.4407404 0.4661877 0.4730345 0.4535791 0.4160260 0.4529088 0.4529096 0.4719359 0.4545746 0.4687749 0.4932547 0.0000000 0.4352043 0.4743574 0.4845161 0.0409386 0.4590552 0.4400140 0.4224929 0.3565154 0.4426048 
n274_275   0.2949070 0.0203403 0.3035918 0.3189748 0.3098413 0.3268811 0.0203403 0.2894256 0.2887859 0.3151675 0.2904047 0.0521627 0.3379227 0.4352043 0.0000000 0.3102442 0.3048791 0.4468654 0.3134292 0.3157847 0.0237991 0.4348057 0.0521566 
n290_291   0.0520745 0.2991093 0.1727816 0.3844057 0.0067011 0.3690034 0.2997723 0.0520937 0.0519843 0.0100774 0.0521024 0.3387754 0.0308587 0.4743574 0.3102442 0.0000000 0.1209852 0.4723316 0.3783068 0.3571112 0.3051966 0.4798407 0.3388263 
n236_237   0.0932757 0.2938212 0.1463643 0.3738326 0.1165597 0.3515289 0.2944724 0.0933125 0.0970827 0.1248640 0.0933285 0.3330025 0.1251885 0.4845161 0.3048791 0.1209852 0.0000000 0.4824449 0.3678046 0.3461358 0.2951138 0.4987983 0.3330501 
n255_256   0.4580351 0.4395181 0.4326004 0.4652217 0.4710187 0.4586248 0.4274116 0.4509962 0.4509971 0.4699283 0.4526495 0.4809387 0.4911346 0.0409386 0.4468654 0.4723316 0.4824449 0.0000000 0.4581063 0.4449847 0.4339757 0.3669723 0.4543813 
n285_286   0.3495974 0.2924657 0.3728050 0.0169732 0.3777990 0.2068912 0.3025677 0.3550787 0.3542815 0.3836532 0.3563166 0.3354519 0.3967096 0.4590552 0.3134292 0.3783068 0.3678046 0.4581063 0.0000000 0.2020888 0.3079940 0.4944388 0.3402375 
n265_266   0.3285546 0.3000675 0.3339838 0.2067627 0.3566397 0.0237220 0.3101914 0.3338349 0.3330958 0.3622896 0.3399201 0.3323987 0.3813768 0.4400140 0.3157847 0.3571112 0.3461358 0.4449847 0.2020888 0.0000000 0.3156370 0.4108382 0.3324454 
n299_300   0.2899507 0.0100694 0.2985973 0.3134977 0.3048009 0.3267303 0.0033425 0.2845069 0.2838782 0.3100943 0.2854680 0.0484961 0.3326908 0.4224929 0.0237991 0.3051966 0.2951138 0.4339757 0.3079940 0.3156370 0.0000000 0.4288636 0.0484903 
n244_245   0.4529210 0.4343199 0.4501543 0.4991199 0.4791699 0.4113254 0.4224123 0.4464822 0.4454586 0.4781540 0.4533201 0.4689435 0.5004929 0.3565154 0.4348057 0.4798407 0.4987983 0.3669723 0.4944388 0.4108382 0.4288636 0.0000000 0.4574481 
n277_278   0.3286243 0.0448927 0.3363415 0.3459900 0.3383795 0.3438425 0.0448927 0.3228391 0.3221187 0.3439293 0.3239499 0.0203100 0.3677518 0.4426048 0.0521566 0.3388263 0.3330501 0.4543813 0.3402375 0.3324454 0.0484903 0.4574481 0.0000000 
