23
n289_290   0.0000000 0.0306801 0.0100756 0.2854945 0.2901210 0.0342413 0.0033421 0.3058407 0.4164139 0.0341658 0.2903465 0.2846176 0.5055971 0.3052970 0.1743736 0.2996966 0.0306957 0.0702016 0.2898268 0.2942482 0.0341837 0.4046048 0.3003535 
n294_295   0.0306801 0.0000000 0.0203015 0.2839022 0.2890131 0.0169023 0.0341762 0.3046598 0.4213199 0.0033408 0.2887244 0.2835355 0.4888225 0.3041209 0.1696695 0.2985474 0.0134692 0.0663687 0.2887211 0.2926048 0.0168741 0.4094614 0.2986667 
n295_296   0.0100756 0.0203015 0.0000000 0.2797555 0.2848482 0.0237901 0.0134677 0.3004397 0.4159551 0.0237378 0.2845648 0.2793931 0.4973230 0.2999072 0.1615713 0.2943574 0.0203117 0.0592065 0.2845603 0.2884420 0.0237502 0.4041594 0.2944734 
n266_267   0.2854945 0.2839022 0.2797555 0.0000000 0.2083145 0.2896077 0.2906501 0.2180401 0.3375348 0.2888544 0.0135100 0.2034744 0.4161581 0.1994834 0.2559485 0.1899588 0.2840996 0.2706461 0.2081110 0.1212190 0.2736188 0.3268086 0.1256067 
n299_300   0.2901210 0.2890131 0.2848482 0.2083145 0.0000000 0.2947690 0.2953052 0.0168729 0.3557356 0.2939996 0.2080201 0.0033353 0.4366302 0.0592723 0.2708004 0.0555814 0.2892153 0.2749182 0.0066896 0.1980959 0.2885859 0.3389773 0.2070368 
n298_299   0.0342413 0.0169023 0.0237901 0.2896077 0.2947690 0.0000000 0.0377623 0.3105696 0.4212319 0.0203279 0.2944714 0.2892334 0.4886854 0.3042712 0.1743088 0.2986947 0.0100973 0.0701843 0.2944699 0.2983755 0.0203385 0.4093804 0.3045097 
n290_291   0.0033421 0.0341762 0.0134677 0.2906501 0.2953052 0.0377623 0.0000000 0.3111463 0.4226046 0.0376789 0.2955341 0.2897557 0.5127428 0.3105927 0.1787098 0.3049438 0.0341937 0.0739103 0.2950049 0.2994520 0.0376986 0.3986488 0.3056169 
n274_275   0.3058407 0.3046598 0.3004397 0.2180401 0.0168729 0.3105696 0.3111463 0.0000000 0.3680167 0.3097506 0.2177300 0.0134476 0.4647268 0.0667377 0.2861455 0.0629915 0.3048772 0.2903125 0.0168578 0.2076201 0.3042045 0.3509527 0.2166973 
n251_252   0.4164139 0.4213199 0.4159551 0.3375348 0.3557356 0.4212319 0.4226046 0.3680167 0.0000000 0.4272051 0.3314040 0.3496287 0.2618009 0.3507334 0.3685369 0.3446852 0.4272766 0.4093274 0.3553606 0.3465390 0.4275156 0.0237708 0.3532187 
n293_294   0.0341658 0.0033408 0.0237378 0.2888544 0.2939996 0.0203279 0.0376789 0.3097506 0.4272051 0.0000000 0.2937037 0.2884818 0.4953185 0.3092027 0.1738897 0.3035870 0.0168738 0.0700251 0.2937020 0.2975975 0.0202939 0.4152666 0.3037108 
n265_266   0.2903465 0.2887244 0.2845648 0.0135100 0.2080201 0.2944714 0.2955341 0.2177300 0.3314040 0.2937037 0.0000000 0.2031878 0.4091920 0.1992023 0.2555783 0.1896928 0.2889261 0.2754187 0.2078172 0.1132013 0.2783779 0.3207753 0.1175174 
n300_301   0.2846176 0.2835355 0.2793931 0.2034744 0.0033353 0.2892334 0.2897557 0.0134476 0.3496287 0.2884818 0.2031878 0.0000000 0.4433697 0.0555684 0.2654429 0.0519049 0.2837324 0.2695400 0.0033323 0.1933561 0.2831184 0.3330214 0.2022290 
n244_245   0.5055971 0.4888225 0.4973230 0.4161581 0.4366302 0.4886854 0.5127428 0.4647268 0.2618009 0.4953185 0.4091920 0.4433697 0.0000000 0.4321309 0.4478706 0.4321304 0.4817629 0.5013372 0.4499466 0.4074473 0.4957154 0.2721206 0.4089918 
n278_279   0.3052970 0.3041209 0.2999072 0.1994834 0.0592723 0.3042712 0.3105927 0.0667377 0.3507334 0.3092027 0.1992023 0.0555684 0.4321309 0.0000000 0.2810657 0.0100772 0.3043375 0.2897975 0.0592183 0.1851883 0.3036670 0.3397654 0.1939907 
n200_201   0.1743736 0.1696695 0.1615713 0.2559485 0.2708004 0.1743088 0.1787098 0.2861455 0.3685369 0.1738897 0.2555783 0.2654429 0.4478706 0.2810657 0.0000000 0.2756485 0.1697716 0.1487101 0.2705276 0.2696093 0.1694413 0.3682055 0.2800037 
n277_278   0.2996966 0.2985474 0.2943574 0.1899588 0.0555814 0.2986947 0.3049438 0.0629915 0.3446852 0.3035870 0.1896928 0.0519049 0.4321304 0.0100772 0.2756485 0.0000000 0.2987583 0.2843277 0.0555301 0.1805689 0.2981040 0.3338147 0.1893057 
n297_298   0.0306957 0.0134692 0.0203117 0.2840996 0.2892153 0.0100973 0.0341937 0.3048772 0.4272766 0.0168738 0.2889261 0.2837324 0.4817629 0.3043375 0.1697716 0.2987583 0.0000000 0.0664038 0.2889229 0.2928097 0.0168826 0.4153295 0.2938713 
n236_237   0.0702016 0.0663687 0.0592065 0.2706461 0.2749182 0.0701843 0.0739103 0.2903125 0.4093274 0.0700251 0.2754187 0.2695400 0.5013372 0.2897975 0.1487101 0.2843277 0.0664038 0.0000000 0.2746414 0.2683954 0.0700622 0.3976353 0.2690743 
n280_281   0.2898268 0.2887211 0.2845603 0.2081110 0.0066896 0.2944699 0.2950049 0.0168578 0.3553606 0.2937020 0.2078172 0.0033323 0.4499466 0.0592183 0.2705276 0.0555301 0.2889229 0.2746414 0.0000000 0.1979040 0.2882948 0.3386232 0.2068356 
n285_286   0.2942482 0.2926048 0.2884420 0.1212190 0.1980959 0.2983755 0.2994520 0.2076201 0.3465390 0.2975975 0.1132013 0.1933561 0.4074473 0.1851883 0.2696093 0.1805689 0.2928097 0.2683954 0.1979040 0.0000000 0.2921727 0.3357324 0.0100708 
n275_276   0.0341837 0.0168741 0.0237502 0.2736188 0.2885859 0.0203385 0.0376986 0.3042045 0.4275156 0.0202939 0.2783779 0.2831184 0.4957154 0.3036670 0.1694413 0.2981040 0.0168826 0.0700622 0.2882948 0.2921727 0.0000000 0.4155646 0.2982228 
n255_256   0.4046048 0.4094614 0.4041594 0.3268086 0.3389773 0.4093804 0.3986488 0.3509527 0.0237708 0.4152666 0.3207753 0.3330214 0.2721206 0.3397654 0.3682055 0.3338147 0.4153295 0.3976353 0.3386232 0.3357324 0.4155646 0.0000000 0.3422935 
n286_287   0.3003535 0.2986667 0.2944734 0.1256067 0.2070368 0.3045097 0.3056169 0.2166973 0.3532187 0.3037108 0.1175174 0.2022290 0.4089918 0.1939907 0.2800037 0.1893057 0.2938713 0.2690743 0.2068356 0.0100708 0.2982228 0.3422935 0.0000000 
