23
n289_290   0.0000000 0.0306991 0.0168795 0.2746346 0.3147853 0.0447785 0.0067054 0.3044840 0.4669249 0.0341893 0.2749807 0.3199406 0.3697640 0.3198600 0.1736313 0.3043009 0.0447767 0.0738805 0.3146721 0.2644037 0.0341986 0.4596074 0.2549581 
n294_295   0.0306991 0.0000000 0.0272155 0.2746198 0.3199495 0.0272141 0.0377063 0.3147326 0.4798602 0.0033455 0.2749659 0.3251404 0.3641406 0.3146073 0.1778868 0.3093890 0.0272129 0.0813111 0.3198340 0.2692212 0.0100865 0.4660363 0.2597162 
n295_296   0.0168795 0.0272155 0.0000000 0.2648046 0.3044011 0.0412224 0.0237459 0.2992966 0.4667011 0.0306882 0.2651366 0.3094842 0.3640999 0.3094075 0.1608826 0.2940708 0.0412207 0.0701662 0.3042926 0.2547229 0.0306965 0.4531350 0.2453982 
n266_267   0.2746346 0.2746198 0.2648046 0.0000000 0.2894474 0.2843005 0.2845583 0.2894163 0.4673134 0.2795209 0.0134844 0.2944326 0.3867139 0.2793342 0.2849436 0.2794994 0.2943215 0.2995981 0.2944168 0.1277219 0.2697641 0.4471221 0.1237956 
n299_300   0.3147853 0.3199495 0.3044011 0.2894474 0.0000000 0.3250360 0.3252757 0.0134533 0.5067452 0.3251617 0.2898152 0.0033362 0.4099772 0.0963318 0.3101872 0.0849486 0.3249265 0.3250563 0.0134511 0.2640495 0.3147935 0.5057950 0.2497417 
n298_299   0.0447785 0.0272141 0.0412224 0.2843005 0.3250360 0.0000000 0.0519266 0.3197835 0.4864488 0.0306866 0.2797274 0.3302609 0.3584320 0.3196563 0.1952769 0.3144027 0.0134700 0.0964468 0.3249182 0.2790313 0.0306950 0.4724926 0.2694021 
n290_291   0.0067054 0.0377063 0.0237459 0.2845583 0.3252757 0.0519266 0.0000000 0.3148239 0.4799372 0.0412304 0.2849190 0.3305048 0.3811170 0.3304201 0.1822371 0.3146335 0.0519245 0.0813369 0.3251577 0.2741756 0.0412416 0.4724741 0.2646067 
n274_275   0.3044840 0.3147326 0.2992966 0.2894163 0.0134533 0.3197835 0.3148239 0.0000000 0.4998239 0.3199068 0.2897840 0.0168559 0.3981591 0.0963273 0.3050312 0.0849448 0.3196765 0.3198034 0.0202825 0.2640240 0.3096131 0.5056756 0.2497189 
n251_252   0.4669249 0.4798602 0.4667011 0.4673134 0.5067452 0.4864488 0.4799372 0.4998239 0.0000000 0.4863755 0.4679682 0.5134379 0.3698982 0.4859011 0.4876470 0.4731543 0.4861769 0.4989251 0.5065014 0.4101289 0.4606534 0.0591455 0.3986623 
n293_294   0.0341893 0.0033455 0.0306882 0.2795209 0.3251617 0.0306866 0.0412304 0.3199068 0.4863755 0.0000000 0.2798741 0.3303890 0.3696921 0.3197796 0.1821745 0.3145236 0.0306853 0.0850556 0.3250438 0.2740804 0.0134792 0.4724235 0.2645150 
n265_266   0.2749807 0.2749659 0.2651366 0.0134844 0.2898152 0.2797274 0.2849190 0.2897840 0.4679682 0.2798741 0.0000000 0.2948077 0.3872320 0.2796870 0.2903101 0.2798526 0.2896961 0.2999809 0.2947918 0.1278696 0.2701033 0.4477404 0.1239384 
n300_301   0.3199406 0.3251404 0.3094842 0.2944326 0.0033362 0.3302609 0.3305048 0.0168559 0.5134379 0.3303890 0.2948077 0.0000000 0.4158473 0.1001496 0.3153203 0.0887068 0.3301489 0.3302816 0.0168522 0.2591874 0.3199495 0.5124748 0.2449756 
n244_245   0.3697640 0.3641406 0.3640999 0.3867139 0.4099772 0.3584320 0.3811170 0.3981591 0.3698982 0.3696921 0.3872320 0.4158473 0.0000000 0.3860258 0.3990211 0.3862379 0.3752382 0.4096315 0.4220484 0.3465501 0.3586586 0.3692893 0.3305245 
n278_279   0.3198600 0.3146073 0.3094075 0.2793342 0.0963318 0.3196563 0.3304201 0.0963273 0.4859011 0.3197796 0.2796870 0.1001496 0.3860258 0.0000000 0.3204195 0.0100686 0.3092273 0.3248747 0.1040383 0.2641405 0.3094899 0.4788023 0.2498274 
n200_201   0.1736313 0.1778868 0.1608826 0.2849436 0.3101872 0.1952769 0.1822371 0.3050312 0.4876470 0.1821745 0.2903101 0.3153203 0.3990211 0.3204195 0.0000000 0.3048219 0.1952709 0.2042269 0.3153025 0.2896101 0.1736277 0.4736930 0.2747556 
n277_278   0.3043009 0.3093890 0.2940708 0.2794994 0.0849486 0.3144027 0.3146335 0.0849448 0.4731543 0.3145236 0.2798526 0.0887068 0.3862379 0.0100686 0.3048219 0.0000000 0.3040506 0.3144222 0.0925291 0.2594353 0.3043078 0.4726680 0.2452074 
n297_298   0.0447767 0.0272129 0.0412207 0.2943215 0.3249265 0.0134700 0.0519245 0.3196765 0.4861769 0.0306853 0.2896961 0.3301489 0.3752382 0.3092273 0.1952709 0.3040506 0.0000000 0.0964431 0.3248088 0.2838467 0.0306937 0.4722327 0.2741608 
n236_237   0.0738805 0.0813111 0.0701662 0.2995981 0.3250563 0.0964468 0.0813369 0.3198034 0.4989251 0.0850556 0.2999809 0.3302816 0.4096315 0.3248747 0.2042269 0.3144222 0.0964431 0.0000000 0.3249385 0.2889994 0.0775929 0.4653738 0.2792428 
n280_281   0.3146721 0.3198340 0.3042926 0.2944168 0.0134511 0.3249182 0.3251577 0.0202825 0.5065014 0.3250438 0.2947918 0.0168522 0.4220484 0.1040383 0.3153025 0.0925291 0.3248088 0.3249385 0.0000000 0.2688437 0.3146804 0.5055523 0.2544454 
n285_286   0.2644037 0.2692212 0.2547229 0.1277219 0.2640495 0.2790313 0.2741756 0.2640240 0.4101289 0.2740804 0.1278696 0.2591874 0.3465501 0.2641405 0.2896101 0.2594353 0.2838467 0.2889994 0.2688437 0.0000000 0.2692531 0.4031593 0.0100428 
n275_276   0.0341986 0.0100865 0.0306965 0.2697641 0.3147935 0.0306950 0.0412416 0.3096131 0.4606534 0.0134792 0.2701033 0.3199495 0.3586586 0.3094899 0.1736277 0.3043078 0.0306937 0.0775929 0.3146804 0.2692531 0.0000000 0.4534180 0.2597469 
n255_256   0.4596074 0.4660363 0.4531350 0.4471221 0.5057950 0.4724926 0.4724741 0.5056756 0.0591455 0.4724235 0.4477404 0.5124748 0.3692893 0.4788023 0.4736930 0.4726680 0.4722327 0.4653738 0.5055523 0.4031593 0.4534180 0.0000000 0.3918164 
n286_287   0.2549581 0.2597162 0.2453982 0.1237956 0.2497417 0.2694021 0.2646067 0.2497189 0.3986623 0.2645150 0.1239384 0.2449756 0.3305245 0.2498274 0.2747556 0.2452074 0.2741608 0.2792428 0.2544454 0.0100428 0.2597469 0.3918164 0.0000000 
