26
n278_273   0.0000000 1.7634778 1.7438695 1.7172361 9.0000000 2.0149190 0.1482537 1.8177193 1.7865003 2.7212903 1.6495438 0.4971631 1.8781145 1.4688346 1.8637771 1.7763491 0.5318097 1.6108495 0.4900433 0.4968850 1.6359524 3.5933271 1.6079791 0.5109924 1.4700591 1.7231644 
n295_290   1.7634778 0.0000000 0.3262371 0.3090522 3.4510913 4.3485952 1.9128771 0.1618462 0.3091788 1.0310756 0.3097213 2.0497527 0.1575908 1.8982409 0.0449680 0.1704102 2.1151375 2.0475723 2.1460727 2.1213014 0.5701257 2.6105832 2.8645666 2.1433818 1.9177322 0.3300821 
n298_293   1.7438695 0.3262371 0.0000000 0.1406951 3.1477227 3.3604373 1.7560649 0.2728757 0.1532471 0.9721595 0.0308140 2.0257048 0.2834252 1.8362702 0.3204038 0.2628607 2.1959214 2.0936621 2.1334699 2.3079487 0.5768977 2.2690315 2.2246627 2.1879199 1.9184025 0.1701419 
n294_289   1.7172361 0.3090522 0.1406951 0.0000000 3.3040871 3.0333337 1.7239918 0.2822121 0.1163654 0.9316388 0.1283121 2.0260324 0.2822007 2.0950949 0.3134256 0.2870375 2.1383419 2.3855724 2.1228373 2.2659367 0.6172741 2.3057062 2.2788154 2.1764824 2.1991741 0.0484307 
n251_246   9.0000000 3.4510913 3.1477227 3.3040871 0.0000000 2.3543112 5.3868437 3.1743031 2.9546835 2.8471783 2.9422410 4.3540620 3.0243963 2.5514819 2.7570409 3.3554402 3.6190564 3.0256290 4.3078276 3.4744005 3.7006485 0.2865512 2.7133970 3.5075825 2.4503275 4.2954225 
n244_239   2.0149190 4.3485952 3.3604373 3.0333337 2.3543112 0.0000000 1.9069409 5.3445974 2.3681801 2.1571912 2.8370208 2.3367321 4.5950087 2.0524184 3.5341371 3.9816801 2.4486747 2.5533921 2.3419387 2.3853708 2.0650765 2.4826276 3.9055221 2.3319047 1.8281825 2.9104479 
n277_272   0.1482537 1.9128771 1.7560649 1.7239918 5.3868437 1.9069409 0.0000000 1.9432812 1.8023161 3.4030167 1.7239541 0.4642523 1.9782027 1.4578763 1.9457765 1.8906442 0.4705378 1.5359626 0.4264616 0.4645378 1.7643033 2.8113534 1.5392186 0.4456220 1.4882662 1.6886663 
n290_285   1.8177193 0.1618462 0.2728757 0.2822121 3.1743031 5.3445974 1.9432812 0.0000000 0.2973767 1.0257892 0.2627691 2.0361338 0.0413374 1.8362463 0.1533701 0.0413533 2.2794021 2.1700103 2.1693722 2.2300756 0.4625570 2.2570086 2.7212900 2.1665160 1.9653260 0.3128677 
n275_270   1.7865003 0.3091788 0.1532471 0.1163654 2.9546835 2.3681801 1.8023161 0.2973767 0.0000000 0.8772700 0.1406147 1.7400175 0.3028437 1.9856419 0.3189947 0.2919543 1.9649792 2.1429379 1.8092310 2.0254001 0.5759237 1.9827691 2.2296989 1.8467247 2.0369240 0.1446596 
n200_199   2.7212903 1.0310756 0.9721595 0.9316388 2.8471783 2.1571912 3.4030167 1.0257892 0.8772700 0.0000000 0.9470714 2.1930052 0.9723062 2.3194642 1.0325056 1.0894750 2.3143902 2.2733894 2.3428492 2.3049436 0.8967681 2.1262844 3.0542011 2.4797578 2.1776651 0.9328692 
n297_292   1.6495438 0.3097213 0.0308140 0.1283121 2.9422410 2.8370208 1.7239541 0.2627691 0.1406147 0.9470714 0.0000000 1.8708845 0.2679563 1.7302321 0.3040459 0.2478877 2.0039098 2.0452326 1.9610153 2.0935489 0.5537390 2.1658007 2.2797676 2.0060848 1.8832241 0.1571837 
n292_287   0.4971631 2.0497527 2.0257048 2.0260324 4.3540620 2.3367321 0.4642523 2.0361338 1.7400175 2.1930052 1.8708845 0.0000000 2.0031170 1.3789565 2.1408414 1.9284764 0.1521297 1.9817635 0.0340637 0.1157623 1.5762374 3.1992672 1.8666662 0.0411143 1.3385161 2.1254537 
n287_282   1.8781145 0.1575908 0.2834252 0.2822007 3.0243963 4.5950087 1.9782027 0.0413374 0.3028437 0.9723062 0.2679563 2.0031170 0.0000000 1.7717263 0.1491680 0.0484902 2.1861491 2.0699471 2.1296765 2.1869368 0.4827103 2.2438620 2.4849215 2.1269903 1.8917532 0.3231988 
n285_280   1.4688346 1.8982409 1.8362702 2.0950949 2.5514819 2.0524184 1.4578763 1.8362463 1.9856419 2.3194642 1.7302321 1.3789565 1.7717263 0.0000000 2.0747666 1.9469514 1.4684936 0.9843967 1.4046158 1.6268121 1.7577520 2.3849120 0.9241469 1.4279808 0.0630692 1.9760786 
n296_291   1.8637771 0.0449680 0.3204038 0.3134256 2.7570409 3.5341371 1.9457765 0.1533701 0.3189947 1.0325056 0.3040459 2.1408414 0.1491680 2.0747666 0.0000000 0.1618271 2.1589438 2.0352665 2.2471107 2.2099768 0.5477680 2.4118042 2.9789809 2.2440953 2.0448589 0.3291235 
n289_284   1.7763491 0.1704102 0.2628607 0.2870375 3.3554402 3.9816801 1.8906442 0.0413533 0.2919543 1.0894750 0.2478877 1.9284764 0.0484902 1.9469514 0.1618271 0.0000000 2.1414481 1.8753311 2.0457103 2.1421536 0.4689145 2.4112140 2.2648776 2.0432628 2.0923363 0.3178820 
n274_269   0.5318097 2.1151375 2.1959214 2.1383419 3.6190564 2.4486747 0.4705378 2.2794021 1.9649792 2.3143902 2.0039098 0.1521297 2.1861491 1.4684936 2.1589438 2.1414481 0.0000000 2.0477798 0.1235992 0.1524571 1.7857553 2.6812428 1.9666963 0.1357589 1.4474017 2.1447748 
n265_260   1.6108495 2.0475723 2.0936621 2.3855724 3.0256290 2.5533921 1.5359626 2.1700103 2.1429379 2.2733894 2.0452326 1.9817635 2.0699471 0.9843967 2.0352665 1.8753311 2.0477798 0.0000000 1.8590798 2.0245621 2.7402270 3.1269997 0.1934316 1.8881395 1.0901683 2.4353455 
n299_294   0.4900433 2.1460727 2.1334699 2.1228373 4.3078276 2.3419387 0.4264616 2.1693722 1.8092310 2.3428492 1.9610153 0.0340637 2.1296765 1.4046158 2.2471107 2.0457103 0.1235992 1.8590798 0.0000000 0.0962910 1.6713383 3.1938391 1.8246665 0.0100454 1.3849219 2.2341217 
n280_275   0.4968850 2.1213014 2.3079487 2.2659367 3.4744005 2.3853708 0.4645378 2.2300756 2.0254001 2.3049436 2.0935489 0.1157623 2.1869368 1.6268121 2.2099768 2.1421536 0.1524571 2.0245621 0.0962910 0.0000000 1.6431175 2.7650357 2.0844694 0.1079578 1.5451668 2.3831873 
n236_233   1.6359524 0.5701257 0.5768977 0.6172741 3.7006485 2.0650765 1.7643033 0.4625570 0.5759237 0.8967681 0.5537390 1.5762374 0.4827103 1.7577520 0.5477680 0.4689145 1.7857553 2.7402270 1.6713383 1.6431175 0.0000000 2.4121423 2.8312783 1.7032058 1.8463721 0.6094536 
n255_250   3.5933271 2.6105832 2.2690315 2.3057062 0.2865512 2.4826276 2.8113534 2.2570086 1.9827691 2.1262844 2.1658007 3.1992672 2.2438620 2.3849120 2.4118042 2.4112140 2.6812428 3.1269997 3.1938391 2.7650357 2.4121423 0.0000000 2.9206784 2.8212348 2.2774601 2.6404263 
n266_261   1.6079791 2.8645666 2.2246627 2.2788154 2.7133970 3.9055221 1.5392186 2.7212900 2.2296989 3.0542011 2.2797676 1.8666662 2.4849215 0.9241469 2.9789809 2.2648776 1.9666963 0.1934316 1.8246665 2.0844694 2.8312783 2.9206784 0.0000000 1.8627212 1.0204955 2.3065425 
n300_295   0.5109924 2.1433818 2.1879199 2.1764824 3.5075825 2.3319047 0.4456220 2.1665160 1.8467247 2.4797578 2.0060848 0.0411143 2.1269903 1.4279808 2.2440953 2.0432628 0.1357589 1.8881395 0.0100454 0.1079578 1.7032058 2.8212348 1.8627212 0.0000000 1.4078036 2.2949118 
n286_281   1.4700591 1.9177322 1.9184025 2.1991741 2.4503275 1.8281825 1.4882662 1.9653260 2.0369240 2.1776651 1.8832241 1.3385161 1.8917532 0.0630692 2.0448589 2.0923363 1.4474017 1.0901683 1.3849219 1.5451668 1.8463721 2.2774601 1.0204955 1.4078036 0.0000000 2.0693498 
n293_288   1.7231644 0.3300821 0.1701419 0.0484307 4.2954225 2.9104479 1.6886663 0.3128677 0.1446596 0.9328692 0.1571837 2.1254537 0.3231988 1.9760786 0.3291235 0.3178820 2.1447748 2.4353455 2.2341217 2.3831873 0.6094536 2.6404263 2.3065425 2.2949118 2.0693498 0.0000000 
