25
n289_290   0.0000000 0.0483973 0.0033471 0.2490121 0.2681857 0.0341681 0.0033495 0.2537566 0.4970956 0.0412487 0.2538130 0.0067094 0.2781324 0.3637501 0.2640617 0.0033495 0.2882655 0.0376734 0.0556794 0.2634248 0.2307699 0.0412198 0.4970800 0.2634078 0.2307168 
n294_295   0.0483973 0.0000000 0.0448376 0.2686672 0.2928908 0.0272586 0.0520163 0.2829753 0.4972597 0.0134870 0.2736080 0.0484029 0.3031972 0.3807255 0.2886805 0.0520163 0.3137086 0.0307377 0.0854096 0.2930523 0.2692007 0.0377496 0.5101668 0.2879515 0.2691359 
n295_296   0.0033471 0.0448376 0.0000000 0.2443551 0.2730160 0.0306822 0.0067139 0.2584922 0.4905796 0.0377256 0.2491258 0.0033474 0.2830312 0.3582931 0.2592995 0.0067139 0.2833511 0.0341713 0.0520789 0.2682244 0.2353666 0.0376992 0.4905656 0.2682074 0.2353122 
n266_267   0.2490121 0.2686672 0.2443551 0.0000000 0.2578319 0.2537590 0.2441784 0.2485427 0.4618359 0.2634353 0.0341796 0.2490289 0.2676152 0.3852192 0.2348116 0.2539219 0.2580171 0.2584918 0.2436890 0.2531447 0.1275468 0.2777657 0.4690859 0.2531279 0.1355820 
n299_300   0.2681857 0.2928908 0.2730160 0.2578319 0.0000000 0.2926545 0.2632159 0.0202395 0.4617645 0.3028845 0.2529579 0.2778723 0.0066915 0.3561839 0.0588493 0.2732374 0.0770426 0.2976388 0.2768616 0.0100519 0.2112182 0.3127379 0.4489746 0.0033356 0.2111710 
n298_299   0.0341681 0.0272586 0.0306822 0.2537590 0.2926545 0.0000000 0.0376996 0.2777409 0.4900574 0.0203308 0.2585916 0.0341713 0.3029520 0.3801577 0.2786196 0.0376996 0.3033004 0.0033465 0.0739747 0.2877366 0.2540439 0.0237464 0.5028398 0.2877195 0.2539839 
n290_291   0.0033495 0.0520163 0.0067139 0.2441784 0.2632159 0.0376996 0.0000000 0.2488902 0.4901838 0.0448235 0.2489452 0.0100940 0.2730879 0.3580205 0.2591104 0.0067188 0.2831427 0.0412241 0.0593445 0.2584885 0.2260562 0.0447919 0.4901699 0.2584715 0.2260045 
n274_275   0.2537566 0.2829753 0.2584922 0.2485427 0.0202395 0.2777409 0.2488902 0.0000000 0.4432850 0.2928360 0.2437316 0.2632540 0.0271320 0.3349440 0.0517025 0.2587004 0.0697313 0.2826258 0.2623016 0.0168307 0.1981889 0.2974196 0.4308150 0.0168291 0.1981452 
n251_252   0.4970956 0.4972597 0.4905796 0.4618359 0.4617645 0.4900574 0.4901838 0.4432850 0.0000000 0.4897599 0.4681953 0.4970924 0.4615181 0.3435932 0.4745890 0.5041842 0.4935680 0.4905892 0.4960066 0.4555716 0.4434464 0.5026453 0.0660536 0.4555671 0.4433163 
n293_294   0.0412487 0.0134870 0.0377256 0.2634353 0.3028845 0.0203308 0.0448235 0.2928360 0.4897599 0.0000000 0.2683349 0.0412526 0.3133376 0.3804582 0.2937728 0.0448235 0.3189806 0.0237743 0.0815299 0.3030515 0.2639558 0.0307132 0.5025294 0.2978797 0.2638927 
n265_266   0.2538130 0.2736080 0.2491258 0.0341796 0.2529579 0.2585916 0.2489452 0.2437316 0.4681953 0.2683349 0.0000000 0.2538299 0.2626681 0.3848704 0.2300922 0.2587582 0.2531390 0.2633554 0.2435287 0.2483034 0.1154624 0.2827590 0.4689419 0.2482867 0.1233481 
n296_297   0.0067094 0.0484029 0.0033474 0.2490289 0.2778723 0.0341713 0.0100940 0.2632540 0.4970924 0.0412526 0.2538299 0.0000000 0.2879559 0.3637647 0.2640787 0.0100940 0.2882826 0.0376770 0.0556847 0.2730501 0.2399897 0.0412237 0.4970768 0.2730331 0.2399340 
n300_301   0.2781324 0.3031972 0.2830312 0.2676152 0.0066915 0.3029520 0.2730879 0.0271320 0.4615181 0.3133376 0.2626681 0.2879559 0.0000000 0.3616197 0.0661431 0.2832620 0.0845286 0.3080081 0.2869041 0.0168429 0.2203491 0.3233286 0.4487375 0.0100598 0.2202992 
n244_245   0.3637501 0.3807255 0.3582931 0.3852192 0.3561839 0.3801577 0.3580205 0.3349440 0.3435932 0.3804582 0.3848704 0.3637647 0.3616197 0.0000000 0.3462387 0.3639071 0.3569374 0.3805459 0.3742710 0.3508166 0.3507506 0.3911033 0.3223536 0.3508013 0.3506580 
n278_279   0.2640617 0.2886805 0.2592995 0.2348116 0.0588493 0.2786196 0.2591104 0.0517025 0.4745890 0.2937728 0.2300922 0.2640787 0.0661431 0.3462387 0.0000000 0.2690938 0.0168176 0.2835229 0.2631206 0.0552650 0.2027112 0.2983730 0.4615670 0.0552598 0.2026663 
n287_288   0.0033495 0.0520163 0.0067139 0.2539219 0.2732374 0.0376996 0.0067188 0.2587004 0.5041842 0.0448235 0.2587582 0.0100940 0.2832620 0.3639071 0.2690938 0.0000000 0.2934768 0.0412241 0.0593445 0.2684415 0.2355544 0.0447919 0.5041668 0.2684244 0.2354999 
n277_278   0.2882655 0.3137086 0.2833511 0.2580171 0.0770426 0.3033004 0.2831427 0.0697313 0.4935680 0.3189806 0.2531390 0.2882826 0.0845286 0.3569374 0.0168176 0.2934768 0.0000000 0.3083639 0.2872285 0.0733744 0.2248910 0.3237073 0.4802061 0.0733676 0.2248399 
n297_298   0.0376734 0.0307377 0.0341713 0.2584918 0.2976388 0.0033465 0.0412241 0.2826258 0.4905892 0.0237743 0.2633554 0.0376770 0.3080081 0.3805459 0.2835229 0.0412241 0.3083639 0.0000000 0.0776884 0.2926886 0.2587833 0.0272020 0.5033889 0.2926715 0.2587218 
n236_237   0.0556794 0.0854096 0.0520789 0.2436890 0.2768616 0.0739747 0.0593445 0.2623016 0.4960066 0.0815299 0.2435287 0.0556847 0.2869041 0.3742710 0.2631206 0.0593445 0.2872285 0.0776884 0.0000000 0.2720586 0.2297692 0.0851825 0.4958646 0.2720416 0.2297166 
n280_281   0.2634248 0.2930523 0.2682244 0.2531447 0.0100519 0.2877366 0.2584885 0.0168307 0.4555716 0.3030515 0.2483034 0.2730501 0.0168429 0.3508166 0.0552650 0.2684415 0.0733744 0.2926886 0.2720586 0.0000000 0.2068224 0.3076884 0.4310702 0.0066867 0.2067764 
n285_286   0.2307699 0.2692007 0.2353666 0.1275468 0.2112182 0.2540439 0.2260562 0.1981889 0.4434464 0.2639558 0.1154624 0.2399897 0.2203491 0.3507506 0.2027112 0.2355544 0.2248910 0.2587833 0.2297692 0.2068224 0.0000000 0.2588140 0.4375483 0.2068069 0.0066915 
n275_276   0.0412198 0.0377496 0.0376992 0.2777657 0.3127379 0.0237464 0.0447919 0.2974196 0.5026453 0.0307132 0.2827590 0.0412237 0.3233286 0.3911033 0.2983730 0.0447919 0.3237073 0.0272020 0.0851825 0.3076884 0.2588140 0.0000000 0.5156193 0.3076716 0.2587525 
n255_256   0.4970800 0.5101668 0.4905656 0.4690859 0.4489746 0.5028398 0.4901699 0.4308150 0.0660536 0.5025294 0.4689419 0.4970768 0.4487375 0.3223536 0.4615670 0.5041668 0.4802061 0.5033889 0.4958646 0.4310702 0.4375483 0.5156193 0.0000000 0.4428857 0.4374208 
n292_293   0.2634078 0.2879515 0.2682074 0.2531279 0.0033356 0.2877195 0.2584715 0.0168291 0.4555671 0.2978797 0.2482867 0.2730331 0.0100598 0.3508013 0.0552598 0.2684244 0.0733676 0.2926715 0.2720416 0.0066867 0.2068069 0.3076716 0.4428857 0.0000000 0.2067609 
n286_287   0.2307168 0.2691359 0.2353122 0.1355820 0.2111710 0.2539839 0.2260045 0.1981452 0.4433163 0.2638927 0.1233481 0.2399340 0.2202992 0.3506580 0.2026663 0.2354999 0.2248399 0.2587218 0.2297166 0.2067764 0.0066915 0.2587525 0.4374208 0.2067609 0.0000000 
